Serial_number:
2196025
Project ID:
SAGE-KFR-E2S
Location:
11
LEVEL
UNIT: m
Offset: 0.000000 m
TEMPERATURE
UNIT: °C
Date,Time,ms,LEVEL,TEMPERATURE
7/13/2024,10:00:00 am,0,8.2437,21.735
7/13/2024,10:00:10 am,0,8.2426,21.736
7/13/2024,10:00:20 am,0,8.2431,21.742
7/13/2024,10:00:30 am,0,8.2432,21.750
7/13/2024,10:00:40 am,0,8.2429,21.751
7/13/2024,10:00:50 am,0,8.2428,21.756
7/13/2024,10:01:00 am,0,8.2418,21.763
7/13/2024,10:01:10 am,0,8.2439,21.765
7/13/2024,10:01:20 am,0,8.2406,21.769
7/13/2024,10:01:30 am,0,8.2404,21.775
7/13/2024,10:01:40 am,0,8.2406,21.782
7/13/2024,10:01:50 am,0,8.2405,21.787
7/13/2024,10:02:00 am,0,8.2406,21.795
7/13/2024,10:02:10 am,0,8.2404,21.801
7/13/2024,10:02:20 am,0,8.2404,21.804
7/13/2024,10:02:30 am,0,8.2402,21.810
7/13/2024,10:02:40 am,0,8.2404,21.819
7/13/2024,10:02:50 am,0,8.2403,21.826
7/13/2024,10:03:00 am,0,8.2402,21.835
7/13/2024,10:03:10 am,0,8.2399,21.841
7/13/2024,10:03:20 am,0,8.2399,21.849
7/13/2024,10:03:30 am,0,8.2395,21.855
7/13/2024,10:03:40 am,0,8.2396,21.863
7/13/2024,10:03:50 am,0,8.2393,21.873
7/13/2024,10:04:00 am,0,8.2387,21.880
7/13/2024,10:04:10 am,0,8.2390,21.887
7/13/2024,10:04:20 am,0,8.2381,21.896
7/13/2024,10:04:30 am,0,8.2365,21.906
7/13/2024,10:04:40 am,0,8.2373,21.913
7/13/2024,10:04:50 am,0,8.2367,21.922
7/13/2024,10:05:00 am,0,8.2366,21.930
7/13/2024,10:05:10 am,0,8.2352,21.941
7/13/2024,10:05:20 am,0,8.2351,21.951
7/13/2024,10:05:30 am,0,8.2367,21.956
7/13/2024,10:05:40 am,0,8.2366,21.967
7/13/2024,10:05:50 am,0,8.2365,21.979
7/13/2024,10:06:00 am,0,8.2364,21.987
7/13/2024,10:06:10 am,0,8.2363,21.996
7/13/2024,10:06:20 am,0,8.2363,22.006
7/13/2024,10:06:30 am,0,8.2361,22.017
7/13/2024,10:06:40 am,0,8.2361,22.027
7/13/2024,10:06:50 am,0,8.2362,22.038
7/13/2024,10:07:00 am,0,8.2363,22.047
7/13/2024,10:07:10 am,0,8.2362,22.058
7/13/2024,10:07:20 am,0,8.2361,22.068
7/13/2024,10:07:30 am,0,8.2360,22.076
7/13/2024,10:07:40 am,0,8.2360,22.086
7/13/2024,10:07:50 am,0,8.2359,22.095
7/13/2024,10:08:00 am,0,8.2362,22.106
7/13/2024,10:08:10 am,0,8.2361,22.112
7/13/2024,10:08:20 am,0,8.2363,22.125
7/13/2024,10:08:30 am,0,8.2361,22.133
7/13/2024,10:08:40 am,0,8.2361,22.143
7/13/2024,10:08:50 am,0,8.2351,22.151
7/13/2024,10:09:00 am,0,8.2362,22.160
7/13/2024,10:09:10 am,0,8.2349,22.168
7/13/2024,10:09:20 am,0,8.2357,22.175
7/13/2024,10:09:30 am,0,8.2360,22.184
7/13/2024,10:09:40 am,0,8.2355,22.191
7/13/2024,10:09:50 am,0,8.2370,22.198
7/13/2024,10:10:00 am,0,8.2377,22.206
7/13/2024,10:10:10 am,0,8.2374,22.213
7/13/2024,10:10:20 am,0,8.2379,22.219
7/13/2024,10:10:30 am,0,8.2376,22.224
7/13/2024,10:10:40 am,0,8.2386,22.232
7/13/2024,10:10:50 am,0,8.2400,22.239
7/13/2024,10:11:00 am,0,8.2391,22.247
7/13/2024,10:11:10 am,0,8.2401,22.251
7/13/2024,10:11:20 am,0,8.2390,22.257
7/13/2024,10:11:30 am,0,8.2393,22.266
7/13/2024,10:11:40 am,0,8.2393,22.273
7/13/2024,10:11:50 am,0,8.2389,22.279
7/13/2024,10:12:00 am,0,8.2395,22.287
7/13/2024,10:12:10 am,0,8.2403,22.293
7/13/2024,10:12:20 am,0,8.2395,22.302
7/13/2024,10:12:30 am,0,8.2394,22.309
7/13/2024,10:12:40 am,0,8.2397,22.316
7/13/2024,10:12:50 am,0,8.2395,22.324
7/13/2024,10:13:00 am,0,8.2399,22.331
7/13/2024,10:13:10 am,0,8.2400,22.335
7/13/2024,10:13:20 am,0,8.2403,22.343
7/13/2024,10:13:30 am,0,8.2401,22.347
7/13/2024,10:13:40 am,0,8.2402,22.354
7/13/2024,10:13:50 am,0,8.2407,22.359
7/13/2024,10:14:00 am,0,8.2409,22.367
7/13/2024,10:14:10 am,0,8.2409,22.376
7/13/2024,10:14:20 am,0,8.2404,22.389
7/13/2024,10:14:30 am,0,8.2406,22.401
7/13/2024,10:14:40 am,0,8.2403,22.416
7/13/2024,10:14:50 am,0,8.2402,22.431
7/13/2024,10:15:00 am,0,8.2401,22.448
7/13/2024,10:15:10 am,0,8.2403,22.461
7/13/2024,10:15:20 am,0,8.2401,22.480
7/13/2024,10:15:30 am,0,8.2403,22.493
7/13/2024,10:15:40 am,0,8.2401,22.506
7/13/2024,10:15:50 am,0,8.2401,22.521
7/13/2024,10:16:00 am,0,8.2402,22.533
7/13/2024,10:16:10 am,0,8.2403,22.549
7/13/2024,10:16:20 am,0,8.2402,22.559
7/13/2024,10:16:30 am,0,8.2404,22.571
7/13/2024,10:16:40 am,0,8.2405,22.584
7/13/2024,10:16:50 am,0,8.2404,22.595
7/13/2024,10:17:00 am,0,8.2404,22.606
7/13/2024,10:17:10 am,0,8.2405,22.617
7/13/2024,10:17:20 am,0,8.2406,22.626
7/13/2024,10:17:30 am,0,8.2405,22.639
7/13/2024,10:17:40 am,0,8.2406,22.648
7/13/2024,10:17:50 am,0,8.2406,22.658
7/13/2024,10:18:00 am,0,8.2405,22.669
7/13/2024,10:18:10 am,0,8.2406,22.679
7/13/2024,10:18:20 am,0,8.2410,22.687
7/13/2024,10:18:30 am,0,8.2411,22.701
7/13/2024,10:18:40 am,0,8.2411,22.716
7/13/2024,10:18:50 am,0,8.2409,22.731
7/13/2024,10:19:00 am,0,8.2394,22.747
7/13/2024,10:19:10 am,0,8.2402,22.764
7/13/2024,10:19:20 am,0,8.2407,22.781
7/13/2024,10:19:30 am,0,8.2413,22.795
7/13/2024,10:19:40 am,0,8.2412,22.812
7/13/2024,10:19:50 am,0,8.2413,22.829
7/13/2024,10:20:00 am,0,8.2413,22.842
7/13/2024,10:20:10 am,0,8.2414,22.857
7/13/2024,10:20:20 am,0,8.2415,22.872
7/13/2024,10:20:30 am,0,8.2416,22.885
7/13/2024,10:20:40 am,0,8.2416,22.898
7/13/2024,10:20:50 am,0,8.2406,22.908
7/13/2024,10:21:00 am,0,8.2407,22.923
7/13/2024,10:21:10 am,0,8.2408,22.936
7/13/2024,10:21:20 am,0,8.2407,22.949
7/13/2024,10:21:30 am,0,8.2422,22.961
7/13/2024,10:21:40 am,0,8.2413,22.989
7/13/2024,10:21:50 am,0,8.2411,23.026
7/13/2024,10:22:00 am,0,8.2406,23.061
7/13/2024,10:22:10 am,0,8.2406,23.117
7/13/2024,10:22:20 am,0,8.2408,23.162
7/13/2024,10:22:30 am,0,8.2407,23.205
7/13/2024,10:22:40 am,0,8.2406,23.247
7/13/2024,10:22:50 am,0,8.2404,23.291
7/13/2024,10:23:00 am,0,8.2404,23.335
7/13/2024,10:23:10 am,0,8.2414,23.400
7/13/2024,10:23:20 am,0,8.2427,23.523
7/13/2024,10:23:30 am,0,8.2426,23.731
7/13/2024,10:23:40 am,0,8.2418,23.869
7/13/2024,10:23:50 am,0,8.2410,23.995
7/13/2024,10:24:00 am,0,8.2403,24.127
7/13/2024,10:24:10 am,0,8.2399,24.261
7/13/2024,10:24:20 am,0,8.2392,24.401
7/13/2024,10:24:30 am,0,8.2391,24.548
7/13/2024,10:24:40 am,0,8.2385,24.698
7/13/2024,10:24:50 am,0,8.2379,24.853
7/13/2024,10:25:00 am,0,8.2374,25.009
7/13/2024,10:25:10 am,0,8.2369,25.161
7/13/2024,10:25:20 am,0,8.2361,25.314
7/13/2024,10:25:30 am,0,8.2358,25.466
7/13/2024,10:25:40 am,0,8.2351,25.612
7/13/2024,10:25:50 am,0,8.2347,25.755
7/13/2024,10:26:00 am,0,8.2348,25.884
7/13/2024,10:26:10 am,0,8.2346,26.010
7/13/2024,10:26:20 am,0,8.2344,26.134
7/13/2024,10:26:30 am,0,8.2343,26.258
7/13/2024,10:26:40 am,0,8.2345,26.379
7/13/2024,10:26:50 am,0,8.2341,26.500
7/13/2024,10:27:00 am,0,8.2351,26.614
7/13/2024,10:27:10 am,0,8.2347,26.723
7/13/2024,10:27:20 am,0,8.2345,26.831
7/13/2024,10:27:30 am,0,8.2344,26.926
7/13/2024,10:27:40 am,0,8.2341,27.019
7/13/2024,10:27:50 am,0,8.2343,27.102
7/13/2024,10:28:00 am,0,8.2339,27.180
7/13/2024,10:28:10 am,0,8.2333,27.251
7/13/2024,10:28:20 am,0,8.2335,27.315
7/13/2024,10:28:30 am,0,8.2330,27.370
7/13/2024,10:28:40 am,0,8.2319,27.416
7/13/2024,10:28:50 am,0,8.2316,27.452
7/13/2024,10:29:00 am,0,8.2321,27.483
7/13/2024,10:29:10 am,0,8.2322,27.511
7/13/2024,10:29:20 am,0,8.2324,27.537
7/13/2024,10:29:30 am,0,8.2315,27.558
7/13/2024,10:29:40 am,0,8.2316,27.579
7/13/2024,10:29:50 am,0,8.2314,27.594
7/13/2024,10:30:00 am,0,8.2312,27.610
7/13/2024,10:30:10 am,0,8.2307,27.625
7/13/2024,10:30:20 am,0,8.2305,27.637
7/13/2024,10:30:30 am,0,8.2297,27.648
7/13/2024,10:30:40 am,0,8.2304,27.658
7/13/2024,10:30:50 am,0,8.2299,27.669
7/13/2024,10:31:00 am,0,8.2308,27.678
7/13/2024,10:31:10 am,0,8.2321,27.685
7/13/2024,10:31:20 am,0,8.2321,27.693
7/13/2024,10:31:30 am,0,8.2317,27.701
7/13/2024,10:31:40 am,0,8.2325,27.715
7/13/2024,10:31:50 am,0,8.2325,27.748
7/13/2024,10:32:00 am,0,8.2324,27.787
7/13/2024,10:32:10 am,0,8.2318,27.823
7/13/2024,10:32:20 am,0,8.2322,27.856
7/13/2024,10:32:30 am,0,8.2320,27.886
7/13/2024,10:32:40 am,0,8.2319,27.916
7/13/2024,10:32:50 am,0,8.2318,27.945
7/13/2024,10:33:00 am,0,8.2317,27.976
7/13/2024,10:33:10 am,0,8.2318,28.007
7/13/2024,10:33:20 am,0,8.2319,28.036
7/13/2024,10:33:30 am,0,8.2319,28.066
7/13/2024,10:33:40 am,0,8.2319,28.094
7/13/2024,10:33:50 am,0,8.2319,28.121
7/13/2024,10:34:00 am,0,8.2320,28.149
7/13/2024,10:34:10 am,0,8.2319,28.174
7/13/2024,10:34:20 am,0,8.2321,28.197
7/13/2024,10:34:30 am,0,8.2320,28.225
7/13/2024,10:34:40 am,0,8.2319,28.250
7/13/2024,10:34:50 am,0,8.2322,28.275
7/13/2024,10:35:00 am,0,8.2324,28.300
7/13/2024,10:35:10 am,0,8.2323,28.330
7/13/2024,10:35:20 am,0,8.2322,28.354
7/13/2024,10:35:30 am,0,8.2321,28.381
7/13/2024,10:35:40 am,0,8.2321,28.405
7/13/2024,10:35:50 am,0,8.2323,28.433
7/13/2024,10:36:00 am,0,8.2324,28.456
7/13/2024,10:36:10 am,0,8.2324,28.483
7/13/2024,10:36:20 am,0,8.2327,28.512
7/13/2024,10:36:30 am,0,8.2329,28.542
7/13/2024,10:36:40 am,0,8.2323,28.569
7/13/2024,10:36:50 am,0,8.2323,28.598
7/13/2024,10:37:00 am,0,8.2322,28.629
7/13/2024,10:37:10 am,0,8.2321,28.664
7/13/2024,10:37:20 am,0,8.2319,28.695
7/13/2024,10:37:30 am,0,8.2312,28.728
7/13/2024,10:37:40 am,0,8.2322,28.754
7/13/2024,10:37:50 am,0,8.2323,28.778
7/13/2024,10:38:00 am,0,8.2335,28.799
7/13/2024,10:38:10 am,0,8.2355,28.822
7/13/2024,10:38:20 am,0,8.2325,28.848
7/13/2024,10:38:30 am,0,8.2318,28.877
7/13/2024,10:38:40 am,0,8.2336,28.905
7/13/2024,10:38:50 am,0,8.2349,28.931
7/13/2024,10:39:00 am,0,8.2339,28.956
7/13/2024,10:39:10 am,0,8.2343,28.982
7/13/2024,10:39:20 am,0,8.2395,29.003
7/13/2024,10:39:30 am,0,8.2347,29.028
7/13/2024,10:39:40 am,0,8.2363,29.050
7/13/2024,10:39:50 am,0,8.2376,29.068
7/13/2024,10:40:00 am,0,8.2439,29.090
7/13/2024,10:40:10 am,0,8.2379,29.108
7/13/2024,10:40:20 am,0,8.2379,29.127
7/13/2024,10:40:30 am,0,8.2378,29.143
7/13/2024,10:40:40 am,0,8.2383,29.163
7/13/2024,10:40:50 am,0,8.2383,29.181
7/13/2024,10:41:00 am,0,8.2388,29.197
7/13/2024,10:41:10 am,0,8.2390,29.209
7/13/2024,10:41:20 am,0,8.2406,29.227
7/13/2024,10:41:30 am,0,8.2416,29.242
7/13/2024,10:41:40 am,0,8.2408,29.260
7/13/2024,10:41:50 am,0,8.2406,29.274
7/13/2024,10:42:00 am,0,8.2402,29.290
7/13/2024,10:42:10 am,0,8.2404,29.302
7/13/2024,10:42:20 am,0,8.2408,29.314
7/13/2024,10:42:30 am,0,8.2410,29.327
7/13/2024,10:42:40 am,0,8.2417,29.340
7/13/2024,10:42:50 am,0,8.2409,29.353
7/13/2024,10:43:00 am,0,8.2413,29.364
7/13/2024,10:43:10 am,0,8.2413,29.374
7/13/2024,10:43:20 am,0,8.2405,29.384
7/13/2024,10:43:30 am,0,8.2414,29.395
7/13/2024,10:43:40 am,0,8.2406,29.402
7/13/2024,10:43:50 am,0,8.2408,29.413
7/13/2024,10:44:00 am,0,8.2413,29.423
7/13/2024,10:44:10 am,0,8.2414,29.432
7/13/2024,10:44:20 am,0,8.2415,29.444
7/13/2024,10:44:30 am,0,8.2421,29.452
7/13/2024,10:44:40 am,0,8.2406,29.462
7/13/2024,10:44:50 am,0,8.2404,29.470
7/13/2024,10:45:00 am,0,8.2403,29.479
7/13/2024,10:45:10 am,0,8.2397,29.485
7/13/2024,10:45:20 am,0,8.2407,29.491
7/13/2024,10:45:30 am,0,8.2433,29.774
7/13/2024,10:45:40 am,0,8.2428,29.879
7/13/2024,10:45:50 am,0,8.2397,29.917
7/13/2024,10:46:00 am,0,8.2394,29.973
7/13/2024,10:46:10 am,0,8.2387,30.032
7/13/2024,10:46:20 am,0,8.2390,30.080
7/13/2024,10:46:30 am,0,8.2390,30.127
7/13/2024,10:46:40 am,0,8.2392,30.164
7/13/2024,10:46:50 am,0,8.2391,30.198
7/13/2024,10:47:00 am,0,8.2393,30.228
7/13/2024,10:47:10 am,0,8.2395,30.252
7/13/2024,10:47:20 am,0,8.2397,30.276
7/13/2024,10:47:30 am,0,8.2397,30.295
7/13/2024,10:47:40 am,0,8.2400,30.314
7/13/2024,10:47:50 am,0,8.2405,30.329
7/13/2024,10:48:00 am,0,8.2406,30.355
7/13/2024,10:48:10 am,0,8.2400,30.426
7/13/2024,10:48:20 am,0,8.2408,30.520
7/13/2024,10:48:30 am,0,8.2414,30.590
7/13/2024,10:48:40 am,0,8.2408,30.613
7/13/2024,10:48:50 am,0,9.1078,27.674
7/13/2024,10:49:00 am,0,9.1261,25.469
7/13/2024,10:49:10 am,0,9.1369,23.819
7/13/2024,10:49:20 am,0,9.1478,22.382
7/13/2024,10:49:30 am,0,9.1609,21.084
7/13/2024,10:49:40 am,0,9.1680,19.913
7/13/2024,10:49:50 am,0,9.1721,18.876
7/13/2024,10:50:00 am,0,9.1740,17.964
7/13/2024,10:50:10 am,0,9.1742,17.166
7/13/2024,10:50:20 am,0,9.1748,16.467
7/13/2024,10:50:30 am,0,9.1686,15.853
7/13/2024,10:50:40 am,0,9.1637,15.313
7/13/2024,10:50:50 am,0,9.1608,14.838
7/13/2024,10:51:00 am,0,9.1587,14.422
7/13/2024,10:51:10 am,0,9.1569,14.051
7/13/2024,10:51:20 am,0,9.1560,13.724
7/13/2024,10:51:30 am,0,9.1548,13.429
7/13/2024,10:51:40 am,0,9.1539,13.164
7/13/2024,10:51:50 am,0,9.1530,12.931
7/13/2024,10:52:00 am,0,9.1522,12.718
7/13/2024,10:52:10 am,0,9.1516,12.527
7/13/2024,10:52:20 am,0,9.1512,12.349
7/13/2024,10:52:30 am,0,9.1510,12.193
7/13/2024,10:52:40 am,0,9.1502,12.049
7/13/2024,10:52:50 am,0,9.1500,11.917
7/13/2024,10:53:00 am,0,9.1497,11.795
7/13/2024,10:53:10 am,0,9.1483,11.682
7/13/2024,10:53:20 am,0,9.1472,11.581
7/13/2024,10:53:30 am,0,9.1459,11.485
7/13/2024,10:53:40 am,0,9.1452,11.399
7/13/2024,10:53:50 am,0,9.1444,11.317
7/13/2024,10:54:00 am,0,9.1435,11.240
7/13/2024,10:54:10 am,0,9.1433,11.171
7/13/2024,10:54:20 am,0,9.1427,11.106
7/13/2024,10:54:30 am,0,9.1423,11.043
7/13/2024,10:54:40 am,0,9.1416,10.986
7/13/2024,10:54:50 am,0,9.1411,10.929
7/13/2024,10:55:00 am,0,9.1406,10.879
7/13/2024,10:55:10 am,0,9.1403,10.830
7/13/2024,10:55:20 am,0,9.1397,10.786
7/13/2024,10:55:30 am,0,9.1395,10.741
7/13/2024,10:55:40 am,0,9.1392,10.701
7/13/2024,10:55:50 am,0,9.1388,10.661
7/13/2024,10:56:00 am,0,9.1386,10.625
7/13/2024,10:56:10 am,0,9.1383,10.587
7/13/2024,10:56:20 am,0,9.1380,10.554
7/13/2024,10:56:30 am,0,9.1376,10.520
7/13/2024,10:56:40 am,0,9.1375,10.492
7/13/2024,10:56:50 am,0,9.1372,10.462
7/13/2024,10:57:00 am,0,9.1371,10.433
7/13/2024,10:57:10 am,0,9.1366,10.406
7/13/2024,10:57:20 am,0,9.1366,10.380
7/13/2024,10:57:30 am,0,9.1363,10.357
7/13/2024,10:57:40 am,0,9.1360,10.334
7/13/2024,10:57:50 am,0,9.1364,10.311
7/13/2024,10:58:00 am,0,9.1362,10.289
7/13/2024,10:58:10 am,0,9.1358,10.267
7/13/2024,10:58:20 am,0,9.1357,10.248
7/13/2024,10:58:30 am,0,9.1354,10.230
7/13/2024,10:58:40 am,0,9.1351,10.209
7/13/2024,10:58:50 am,0,9.1350,10.190
7/13/2024,10:59:00 am,0,9.1350,10.172
7/13/2024,10:59:10 am,0,9.1345,10.158
7/13/2024,10:59:20 am,0,9.1344,10.141
7/13/2024,10:59:30 am,0,9.1342,10.124
7/13/2024,10:59:40 am,0,9.1339,10.107
7/13/2024,10:59:50 am,0,9.1339,10.094
7/13/2024,11:00:00 am,0,9.1336,10.079
7/13/2024,11:00:10 am,0,9.1335,10.066
7/13/2024,11:00:20 am,0,9.1332,10.052
7/13/2024,11:00:30 am,0,9.1330,10.040
7/13/2024,11:00:40 am,0,9.1329,10.027
7/13/2024,11:00:50 am,0,9.1324,10.014
7/13/2024,11:01:00 am,0,9.1323,10.002
7/13/2024,11:01:10 am,0,9.1323,9.990
7/13/2024,11:01:20 am,0,9.1321,9.980
7/13/2024,11:01:30 am,0,9.1319,9.969
7/13/2024,11:01:40 am,0,9.1318,9.960
7/13/2024,11:01:50 am,0,9.1316,9.949
7/13/2024,11:02:00 am,0,9.1313,9.939
7/13/2024,11:02:10 am,0,9.1315,9.930
7/13/2024,11:02:20 am,0,9.1313,9.920
7/13/2024,11:02:30 am,0,9.1312,9.909
7/13/2024,11:02:40 am,0,9.1311,9.902
7/13/2024,11:02:50 am,0,9.1311,9.894
7/13/2024,11:03:00 am,0,9.1310,9.887
7/13/2024,11:03:10 am,0,9.1307,9.876
7/13/2024,11:03:20 am,0,9.1307,9.868
7/13/2024,11:03:30 am,0,9.1307,9.862
7/13/2024,11:03:40 am,0,9.1307,9.852
7/13/2024,11:03:50 am,0,9.1305,9.847
7/13/2024,11:04:00 am,0,9.1305,9.840
7/13/2024,11:04:10 am,0,9.1306,9.833
7/13/2024,11:04:20 am,0,9.1302,9.826
7/13/2024,11:04:30 am,0,9.1303,9.818
7/13/2024,11:04:40 am,0,9.1300,9.811
7/13/2024,11:04:50 am,0,9.1299,9.808
7/13/2024,11:05:00 am,0,9.1298,9.799
7/13/2024,11:05:10 am,0,9.1297,9.793
7/13/2024,11:05:20 am,0,9.1293,9.789
7/13/2024,11:05:30 am,0,9.1296,9.783
7/13/2024,11:05:40 am,0,9.1296,9.778
7/13/2024,11:05:50 am,0,9.1295,9.772
7/13/2024,11:06:00 am,0,9.1294,9.767
7/13/2024,11:06:10 am,0,9.1293,9.759
7/13/2024,11:06:20 am,0,9.1295,9.757
7/13/2024,11:06:30 am,0,9.1291,9.750
7/13/2024,11:06:40 am,0,9.1290,9.745
7/13/2024,11:06:50 am,0,9.1291,9.741
7/13/2024,11:07:00 am,0,9.1292,9.736
7/13/2024,11:07:10 am,0,9.1290,9.731
7/13/2024,11:07:20 am,0,9.1288,9.727
7/13/2024,11:07:30 am,0,9.1290,9.724
7/13/2024,11:07:40 am,0,9.1288,9.718
7/13/2024,11:07:50 am,0,9.1288,9.712
7/13/2024,11:08:00 am,0,9.1288,9.711
7/13/2024,11:08:10 am,0,9.1287,9.707
7/13/2024,11:08:20 am,0,9.1287,9.701
7/13/2024,11:08:30 am,0,9.1287,9.699
7/13/2024,11:08:40 am,0,9.1286,9.694
7/13/2024,11:08:50 am,0,9.1285,9.691
7/13/2024,11:09:00 am,0,9.1284,9.687
7/13/2024,11:09:10 am,0,9.1283,9.682
7/13/2024,11:09:20 am,0,9.1284,9.678
7/13/2024,11:09:30 am,0,9.1284,9.675
7/13/2024,11:09:40 am,0,9.1285,9.672
7/13/2024,11:09:50 am,0,9.1285,9.669
7/13/2024,11:10:00 am,0,9.1284,9.664
7/13/2024,11:10:10 am,0,9.1282,9.662
7/13/2024,11:10:20 am,0,9.1282,9.659
7/13/2024,11:10:30 am,0,9.1279,9.654
7/13/2024,11:10:40 am,0,9.1279,9.653
7/13/2024,11:10:50 am,0,9.1277,9.648
7/13/2024,11:11:00 am,0,9.1277,9.648
7/13/2024,11:11:10 am,0,9.1276,9.643
7/13/2024,11:11:20 am,0,9.1276,9.640
7/13/2024,11:11:30 am,0,9.1275,9.637
7/13/2024,11:11:40 am,0,9.1278,9.634
7/13/2024,11:11:50 am,0,9.1277,9.631
7/13/2024,11:12:00 am,0,9.1275,9.628
7/13/2024,11:12:10 am,0,9.1275,9.628
7/13/2024,11:12:20 am,0,9.1274,9.625
7/13/2024,11:12:30 am,0,9.1275,9.620
7/13/2024,11:12:40 am,0,9.1273,9.619
7/13/2024,11:12:50 am,0,9.1274,9.615
7/13/2024,11:13:00 am,0,9.1276,9.614
7/13/2024,11:13:10 am,0,9.1278,9.609
7/13/2024,11:13:20 am,0,9.1277,9.608
7/13/2024,11:13:30 am,0,9.1271,9.607
7/13/2024,11:13:40 am,0,9.1274,9.604
7/13/2024,11:13:50 am,0,9.1274,9.602
7/13/2024,11:14:00 am,0,9.1273,9.599
7/13/2024,11:14:10 am,0,9.1271,9.597
7/13/2024,11:14:20 am,0,9.1273,9.593
7/13/2024,11:14:30 am,0,9.1271,9.591
7/13/2024,11:14:40 am,0,9.1271,9.588
7/13/2024,11:14:50 am,0,9.1270,9.588
7/13/2024,11:15:00 am,0,9.1270,9.586
7/13/2024,11:15:10 am,0,9.1270,9.583
7/13/2024,11:15:20 am,0,9.1270,9.581
7/13/2024,11:15:30 am,0,9.1269,9.578
7/13/2024,11:15:40 am,0,9.1267,9.576
7/13/2024,11:15:50 am,0,9.1267,9.574
7/13/2024,11:16:00 am,0,9.1268,9.573
7/13/2024,11:16:10 am,0,9.1267,9.570
7/13/2024,11:16:20 am,0,9.1267,9.569
7/13/2024,11:16:30 am,0,9.1270,9.567
7/13/2024,11:16:40 am,0,9.1271,9.564
7/13/2024,11:16:50 am,0,9.1270,9.563
7/13/2024,11:17:00 am,0,9.1271,9.561
7/13/2024,11:17:10 am,0,9.1272,9.559
7/13/2024,11:17:20 am,0,9.1273,9.557
7/13/2024,11:17:30 am,0,9.1272,9.556
7/13/2024,11:17:40 am,0,9.1274,9.553
7/13/2024,11:17:50 am,0,9.1273,9.552
7/13/2024,11:18:00 am,0,9.1273,9.550
7/13/2024,11:18:10 am,0,9.1272,9.548
7/13/2024,11:18:20 am,0,9.1272,9.546
7/13/2024,11:18:30 am,0,9.1271,9.545
7/13/2024,11:18:40 am,0,9.1272,9.545
7/13/2024,11:18:50 am,0,9.1271,9.541
7/13/2024,11:19:00 am,0,9.1270,9.538
7/13/2024,11:19:10 am,0,9.1268,9.540
7/13/2024,11:19:20 am,0,9.1271,9.537
7/13/2024,11:19:30 am,0,9.1272,9.536
7/13/2024,11:19:40 am,0,9.1274,9.532
7/13/2024,11:19:50 am,0,9.1274,9.531
7/13/2024,11:20:00 am,0,9.1273,9.530
7/13/2024,11:20:10 am,0,9.1273,9.528
7/13/2024,11:20:20 am,0,9.1271,9.527
7/13/2024,11:20:30 am,0,9.1272,9.527
7/13/2024,11:20:40 am,0,9.1272,9.524
7/13/2024,11:20:50 am,0,9.1273,9.522
7/13/2024,11:21:00 am,0,9.1271,9.522
7/13/2024,11:21:10 am,0,9.1270,9.519
7/13/2024,11:21:20 am,0,9.1273,9.518
7/13/2024,11:21:30 am,0,9.1274,9.517
7/13/2024,11:21:40 am,0,9.1272,9.517
7/13/2024,11:21:50 am,0,9.1272,9.514
7/13/2024,11:22:00 am,0,9.1271,9.512
7/13/2024,11:22:10 am,0,9.1270,9.512
7/13/2024,11:22:20 am,0,9.1271,9.510
7/13/2024,11:22:30 am,0,9.1269,9.507
7/13/2024,11:22:40 am,0,9.1270,9.506
7/13/2024,11:22:50 am,0,9.1268,9.507
7/13/2024,11:23:00 am,0,9.1270,9.505
7/13/2024,11:23:10 am,0,9.1270,9.503
7/13/2024,11:23:20 am,0,9.1269,9.503
7/13/2024,11:23:30 am,0,9.1268,9.500
7/13/2024,11:23:40 am,0,9.1270,9.500
7/13/2024,11:23:50 am,0,9.1272,9.498
7/13/2024,11:24:00 am,0,9.1271,9.497
7/13/2024,11:24:10 am,0,9.1270,9.496
7/13/2024,11:24:20 am,0,9.1270,9.495
7/13/2024,11:24:30 am,0,9.1271,9.492
7/13/2024,11:24:40 am,0,9.1268,9.490
7/13/2024,11:24:50 am,0,9.1269,9.490
7/13/2024,11:25:00 am,0,9.1266,9.490
7/13/2024,11:25:10 am,0,9.1269,9.487
7/13/2024,11:25:20 am,0,9.1271,9.486
7/13/2024,11:25:30 am,0,9.1268,9.485
7/13/2024,11:25:40 am,0,9.1269,9.484
7/13/2024,11:25:50 am,0,9.1269,9.483
7/13/2024,11:26:00 am,0,9.1270,9.481
7/13/2024,11:26:10 am,0,9.1268,9.480
7/13/2024,11:26:20 am,0,9.1268,9.478
7/13/2024,11:26:30 am,0,9.1267,9.480
7/13/2024,11:26:40 am,0,9.1266,9.476
7/13/2024,11:26:50 am,0,9.1268,9.476
7/13/2024,11:27:00 am,0,9.1268,9.475
7/13/2024,11:27:10 am,0,9.1268,9.473
7/13/2024,11:27:20 am,0,9.1268,9.474
7/13/2024,11:27:30 am,0,9.1268,9.473
7/13/2024,11:27:40 am,0,9.1269,9.472
7/13/2024,11:27:50 am,0,9.1267,9.469
7/13/2024,11:28:00 am,0,9.1266,9.467
7/13/2024,11:28:10 am,0,9.1268,9.465
7/13/2024,11:28:20 am,0,9.1266,9.465
7/13/2024,11:28:30 am,0,9.1264,9.464
7/13/2024,11:28:40 am,0,9.1263,9.463
7/13/2024,11:28:50 am,0,9.1264,9.465
7/13/2024,11:29:00 am,0,9.1265,9.462
7/13/2024,11:29:10 am,0,9.1263,9.463
7/13/2024,11:29:20 am,0,9.1264,9.458
7/13/2024,11:29:30 am,0,9.1263,9.458
7/13/2024,11:29:40 am,0,9.1262,9.458
7/13/2024,11:29:50 am,0,9.1264,9.456
7/13/2024,11:30:00 am,0,9.1263,9.454
7/13/2024,11:30:10 am,0,9.1265,9.456
7/13/2024,11:30:20 am,0,9.1263,9.455
7/13/2024,11:30:30 am,0,9.1266,9.454
7/13/2024,11:30:40 am,0,9.1264,9.450
7/13/2024,11:30:50 am,0,9.1264,9.450
7/13/2024,11:31:00 am,0,9.1263,9.450
7/13/2024,11:31:10 am,0,9.1263,9.451
7/13/2024,11:31:20 am,0,9.1263,9.447
7/13/2024,11:31:30 am,0,9.1265,9.446
7/13/2024,11:31:40 am,0,9.1263,9.444
7/13/2024,11:31:50 am,0,9.1264,9.445
7/13/2024,11:32:00 am,0,9.1263,9.441
7/13/2024,11:32:10 am,0,9.1263,9.442
7/13/2024,11:32:20 am,0,9.1262,9.440
7/13/2024,11:32:30 am,0,9.1263,9.440
7/13/2024,11:32:40 am,0,9.1263,9.439
7/13/2024,11:32:50 am,0,9.1262,9.438
7/13/2024,11:33:00 am,0,9.1263,9.438
7/13/2024,11:33:10 am,0,9.1261,9.437
7/13/2024,11:33:20 am,0,9.1264,9.436
7/13/2024,11:33:30 am,0,9.1264,9.435
7/13/2024,11:33:40 am,0,9.1264,9.434
7/13/2024,11:33:50 am,0,9.1263,9.433
7/13/2024,11:34:00 am,0,9.1261,9.432
7/13/2024,11:34:10 am,0,9.1261,9.431
7/13/2024,11:34:20 am,0,9.1262,9.431
7/13/2024,11:34:30 am,0,9.1263,9.431
7/13/2024,11:34:40 am,0,9.1261,9.430
7/13/2024,11:34:50 am,0,9.1263,9.428
7/13/2024,11:35:00 am,0,9.1262,9.427
7/13/2024,11:35:10 am,0,9.1263,9.426
7/13/2024,11:35:20 am,0,9.1261,9.425
7/13/2024,11:35:30 am,0,9.1261,9.424
7/13/2024,11:35:40 am,0,9.1262,9.424
7/13/2024,11:35:50 am,0,9.1263,9.424
7/13/2024,11:36:00 am,0,9.1265,9.422
7/13/2024,11:36:10 am,0,9.1263,9.422
7/13/2024,11:36:20 am,0,9.1266,9.420
7/13/2024,11:36:30 am,0,9.1266,9.421
7/13/2024,11:36:40 am,0,9.1265,9.419
7/13/2024,11:36:50 am,0,9.1267,9.418
7/13/2024,11:37:00 am,0,9.1266,9.416
7/13/2024,11:37:10 am,0,9.1267,9.415
7/13/2024,11:37:20 am,0,9.1267,9.415
7/13/2024,11:37:30 am,0,9.1267,9.416
7/13/2024,11:37:40 am,0,9.1266,9.414
7/13/2024,11:37:50 am,0,9.1268,9.413
7/13/2024,11:38:00 am,0,9.1268,9.412
7/13/2024,11:38:10 am,0,9.1269,9.410
7/13/2024,11:38:20 am,0,9.1271,9.411
7/13/2024,11:38:30 am,0,9.1274,9.410
7/13/2024,11:38:40 am,0,9.1273,9.409
7/13/2024,11:38:50 am,0,9.1275,9.408
7/13/2024,11:39:00 am,0,9.1273,9.407
7/13/2024,11:39:10 am,0,9.1276,9.407
7/13/2024,11:39:20 am,0,9.1277,9.405
7/13/2024,11:39:30 am,0,9.1276,9.402
7/13/2024,11:39:40 am,0,9.1278,9.404
7/13/2024,11:39:50 am,0,9.1277,9.402
7/13/2024,11:40:00 am,0,9.1278,9.402
7/13/2024,11:40:10 am,0,9.1275,9.403
7/13/2024,11:40:20 am,0,9.1278,9.402
7/13/2024,11:40:30 am,0,9.1278,9.401
7/13/2024,11:40:40 am,0,9.1280,9.400
7/13/2024,11:40:50 am,0,9.1280,9.400
7/13/2024,11:41:00 am,0,9.1281,9.398
7/13/2024,11:41:10 am,0,9.1516,9.398
7/13/2024,11:41:20 am,0,9.1581,9.399
7/13/2024,11:41:30 am,0,9.1576,9.416
7/13/2024,11:41:40 am,0,9.1584,9.454
7/13/2024,11:41:50 am,0,9.1555,9.505
7/13/2024,11:42:00 am,0,9.1547,9.569
7/13/2024,11:42:10 am,0,9.1534,9.636
7/13/2024,11:42:20 am,0,9.1521,9.705
7/13/2024,11:42:30 am,0,9.1514,9.767
7/13/2024,11:42:40 am,0,9.1507,9.822
7/13/2024,11:42:50 am,0,9.1509,9.873
7/13/2024,11:43:00 am,0,9.1514,9.916
7/13/2024,11:43:10 am,0,9.1514,9.954
7/13/2024,11:43:20 am,0,9.1515,9.986
7/13/2024,11:43:30 am,0,9.1516,10.012
7/13/2024,11:43:40 am,0,9.1519,10.034
7/13/2024,11:43:50 am,0,9.1518,10.052
7/13/2024,11:44:00 am,0,9.1518,10.067
7/13/2024,11:44:10 am,0,9.1517,10.076
7/13/2024,11:44:20 am,0,9.1517,10.087
7/13/2024,11:44:30 am,0,9.1517,10.092
7/13/2024,11:44:40 am,0,9.1517,10.097
7/13/2024,11:44:50 am,0,9.1516,10.101
7/13/2024,11:45:00 am,0,9.1516,10.103
7/13/2024,11:45:10 am,0,9.1515,10.104
7/13/2024,11:45:20 am,0,9.1513,10.105
7/13/2024,11:45:30 am,0,9.1514,10.103
7/13/2024,11:45:40 am,0,9.1510,10.101
7/13/2024,11:45:50 am,0,9.1510,10.101
7/13/2024,11:46:00 am,0,9.1507,10.096
7/13/2024,11:46:10 am,0,9.1507,10.094
7/13/2024,11:46:20 am,0,9.1506,10.090
7/13/2024,11:46:30 am,0,9.1504,10.087
7/13/2024,11:46:40 am,0,9.1505,10.082
7/13/2024,11:46:50 am,0,9.1502,10.078
7/13/2024,11:47:00 am,0,9.1501,10.073
7/13/2024,11:47:10 am,0,9.1501,10.069
7/13/2024,11:47:20 am,0,9.1500,10.067
7/13/2024,11:47:30 am,0,9.1497,10.063
7/13/2024,11:47:40 am,0,9.1496,10.060
7/13/2024,11:47:50 am,0,9.1496,10.055
7/13/2024,11:48:00 am,0,9.1493,10.048
7/13/2024,11:48:10 am,0,9.1491,10.046
7/13/2024,11:48:20 am,0,9.1489,10.040
7/13/2024,11:48:30 am,0,9.1488,10.037
7/13/2024,11:48:40 am,0,9.1487,10.032
7/13/2024,11:48:50 am,0,9.1487,10.029
7/13/2024,11:49:00 am,0,9.1486,10.025
7/13/2024,11:49:10 am,0,9.1483,10.021
7/13/2024,11:49:20 am,0,9.1484,10.016
7/13/2024,11:49:30 am,0,9.1481,10.011
7/13/2024,11:49:40 am,0,9.1480,10.009
7/13/2024,11:49:50 am,0,9.1479,10.006
7/13/2024,11:50:00 am,0,9.1480,10.000
7/13/2024,11:50:10 am,0,9.1479,9.997
7/13/2024,11:50:20 am,0,9.1476,9.993
7/13/2024,11:50:30 am,0,9.1473,9.990
7/13/2024,11:50:40 am,0,9.1474,9.986
7/13/2024,11:50:50 am,0,9.1472,9.983
7/13/2024,11:51:00 am,0,9.1471,9.978
7/13/2024,11:51:10 am,0,9.1470,9.977
7/13/2024,11:51:20 am,0,9.1469,9.972
7/13/2024,11:51:30 am,0,9.1468,9.970
7/13/2024,11:51:40 am,0,9.1467,9.966
7/13/2024,11:51:50 am,0,9.1466,9.961
7/13/2024,11:52:00 am,0,9.1463,9.957
7/13/2024,11:52:10 am,0,9.1462,9.956
7/13/2024,11:52:20 am,0,9.1464,9.955
7/13/2024,11:52:30 am,0,9.1461,9.949
7/13/2024,11:52:40 am,0,9.1462,9.947
7/13/2024,11:52:50 am,0,9.1457,9.943
7/13/2024,11:53:00 am,0,9.1458,9.941
7/13/2024,11:53:10 am,0,9.1456,9.937
7/13/2024,11:53:20 am,0,9.1454,9.935
7/13/2024,11:53:30 am,0,9.1454,9.934
7/13/2024,11:53:40 am,0,9.1451,9.928
7/13/2024,11:53:50 am,0,9.1452,9.926
7/13/2024,11:54:00 am,0,9.1451,9.924
7/13/2024,11:54:10 am,0,9.1450,9.920
7/13/2024,11:54:20 am,0,9.1449,9.919
7/13/2024,11:54:30 am,0,9.1446,9.914
7/13/2024,11:54:40 am,0,9.1445,9.911
7/13/2024,11:54:50 am,0,9.1444,9.910
7/13/2024,11:55:00 am,0,9.1444,9.907
7/13/2024,11:55:10 am,0,9.1443,9.906
7/13/2024,11:55:20 am,0,9.1443,9.903
7/13/2024,11:55:30 am,0,9.1440,9.898
7/13/2024,11:55:40 am,0,9.1440,9.895
7/13/2024,11:55:50 am,0,9.1438,9.892
7/13/2024,11:56:00 am,0,9.1437,9.892
7/13/2024,11:56:10 am,0,9.1436,9.889
7/13/2024,11:56:20 am,0,9.1435,9.886
7/13/2024,11:56:30 am,0,9.1435,9.883
7/13/2024,11:56:40 am,0,9.1435,9.883
7/13/2024,11:56:50 am,0,9.1433,9.879
7/13/2024,11:57:00 am,0,9.1433,9.876
7/13/2024,11:57:10 am,0,9.1430,9.874
7/13/2024,11:57:20 am,0,9.1431,9.873
7/13/2024,11:57:30 am,0,9.1429,9.871
7/13/2024,11:57:40 am,0,9.1428,9.867
7/13/2024,11:57:50 am,0,9.1427,9.865
7/13/2024,11:58:00 am,0,9.1426,9.863
7/13/2024,11:58:10 am,0,9.1424,9.860
7/13/2024,11:58:20 am,0,9.1424,9.861
7/13/2024,11:58:30 am,0,9.1422,9.856
7/13/2024,11:58:40 am,0,9.1422,9.855
7/13/2024,11:58:50 am,0,9.1421,9.852
7/13/2024,11:59:00 am,0,9.1421,9.850
7/13/2024,11:59:10 am,0,9.1419,9.847
7/13/2024,11:59:20 am,0,9.1419,9.847
7/13/2024,11:59:30 am,0,9.1419,9.845
7/13/2024,11:59:40 am,0,9.1417,9.843
7/13/2024,11:59:50 am,0,9.1416,9.839
7/13/2024,12:00:00 pm,0,9.1416,9.838
7/13/2024,12:00:10 pm,0,9.1415,9.835
7/13/2024,12:00:20 pm,0,9.1413,9.834
7/13/2024,12:00:30 pm,0,9.1413,9.833
7/13/2024,12:00:40 pm,0,9.1412,9.830
7/13/2024,12:00:50 pm,0,9.1409,9.826
7/13/2024,12:01:00 pm,0,9.1411,9.827
7/13/2024,12:01:10 pm,0,9.1410,9.824
7/13/2024,12:01:20 pm,0,9.1409,9.822
7/13/2024,12:01:30 pm,0,9.1408,9.821
7/13/2024,12:01:40 pm,0,9.1408,9.818
7/13/2024,12:01:50 pm,0,9.1405,9.815
7/13/2024,12:02:00 pm,0,9.1406,9.815
7/13/2024,12:02:10 pm,0,9.1404,9.813
7/13/2024,12:02:20 pm,0,9.1404,9.811
7/13/2024,12:02:30 pm,0,9.1404,9.809
7/13/2024,12:02:40 pm,0,9.1402,9.809
7/13/2024,12:02:50 pm,0,9.1401,9.806
7/13/2024,12:03:00 pm,0,9.1401,9.803
7/13/2024,12:03:10 pm,0,9.1400,9.801
7/13/2024,12:03:20 pm,0,9.1398,9.801
7/13/2024,12:03:30 pm,0,9.1398,9.797
7/13/2024,12:03:40 pm,0,9.1397,9.797
7/13/2024,12:03:50 pm,0,9.1398,9.795
7/13/2024,12:04:00 pm,0,9.1395,9.792
7/13/2024,12:04:10 pm,0,9.1395,9.793
7/13/2024,12:04:20 pm,0,9.1394,9.790
7/13/2024,12:04:30 pm,0,9.1394,9.788
7/13/2024,12:04:40 pm,0,9.1393,9.786
7/13/2024,12:04:50 pm,0,9.1392,9.786
7/13/2024,12:05:00 pm,0,9.1393,9.783
7/13/2024,12:05:10 pm,0,9.1393,9.782
7/13/2024,12:05:20 pm,0,9.1392,9.779
7/13/2024,12:05:30 pm,0,9.1390,9.778
7/13/2024,12:05:40 pm,0,9.1389,9.778
7/13/2024,12:05:50 pm,0,9.1390,9.778
7/13/2024,12:06:00 pm,0,9.1390,9.774
7/13/2024,12:06:10 pm,0,9.1389,9.771
7/13/2024,12:06:20 pm,0,9.1387,9.771
7/13/2024,12:06:30 pm,0,9.1389,9.769
7/13/2024,12:06:40 pm,0,9.1388,9.769
7/13/2024,12:06:50 pm,0,9.1386,9.766
7/13/2024,12:07:00 pm,0,9.1386,9.764
7/13/2024,12:07:10 pm,0,9.1386,9.763
7/13/2024,12:07:20 pm,0,9.1386,9.761
7/13/2024,12:07:30 pm,0,9.1385,9.761
7/13/2024,12:07:40 pm,0,9.1385,9.758
7/13/2024,12:07:50 pm,0,9.1386,9.756
7/13/2024,12:08:00 pm,0,9.1386,9.756
7/13/2024,12:08:10 pm,0,9.1383,9.754
7/13/2024,12:08:20 pm,0,9.1383,9.752
7/13/2024,12:08:30 pm,0,9.1381,9.751
7/13/2024,12:08:40 pm,0,9.1382,9.749
7/13/2024,12:08:50 pm,0,9.1383,9.748
7/13/2024,12:09:00 pm,0,9.1383,9.746
7/13/2024,12:09:10 pm,0,9.1383,9.746
7/13/2024,12:09:20 pm,0,9.1379,9.742
7/13/2024,12:09:30 pm,0,9.1380,9.742
7/13/2024,12:09:40 pm,0,9.1381,9.740
7/13/2024,12:09:50 pm,0,9.1379,9.741
7/13/2024,12:10:00 pm,0,9.1379,9.737
7/13/2024,12:10:10 pm,0,9.1380,9.736
7/13/2024,12:10:20 pm,0,9.1380,9.737
7/13/2024,12:10:30 pm,0,9.1379,9.734
7/13/2024,12:10:40 pm,0,9.1378,9.733
7/13/2024,12:10:50 pm,0,9.1379,9.730
7/13/2024,12:11:00 pm,0,9.1377,9.728
7/13/2024,12:11:10 pm,0,9.1378,9.728
7/13/2024,12:11:20 pm,0,9.1376,9.727
7/13/2024,12:11:30 pm,0,9.1377,9.725
7/13/2024,12:11:40 pm,0,9.1375,9.723
7/13/2024,12:11:50 pm,0,9.1375,9.722
7/13/2024,12:12:00 pm,0,9.1376,9.720
7/13/2024,12:12:10 pm,0,9.1376,9.718
7/13/2024,12:12:20 pm,0,9.1375,9.717
7/13/2024,12:12:30 pm,0,9.1375,9.716
7/13/2024,12:12:40 pm,0,9.1376,9.714
7/13/2024,12:12:50 pm,0,9.1374,9.716
7/13/2024,12:13:00 pm,0,9.1374,9.713
7/13/2024,12:13:10 pm,0,9.1373,9.710
7/13/2024,12:13:20 pm,0,9.1373,9.711
7/13/2024,12:13:30 pm,0,9.1372,9.708
7/13/2024,12:13:40 pm,0,9.1371,9.707
7/13/2024,12:13:50 pm,0,9.1371,9.706
7/13/2024,12:14:00 pm,0,9.1372,9.705
7/13/2024,12:14:10 pm,0,9.1372,9.702
7/13/2024,12:14:20 pm,0,9.1371,9.703
7/13/2024,12:14:30 pm,0,9.1370,9.699
7/13/2024,12:14:40 pm,0,9.1371,9.699
7/13/2024,12:14:50 pm,0,9.1370,9.698
7/13/2024,12:15:00 pm,0,9.1367,9.696
7/13/2024,12:15:10 pm,0,9.1370,9.695
7/13/2024,12:15:20 pm,0,9.1368,9.696
7/13/2024,12:15:30 pm,0,9.1368,9.695
7/13/2024,12:15:40 pm,0,9.1366,9.691
7/13/2024,12:15:50 pm,0,9.1366,9.691
7/13/2024,12:16:00 pm,0,9.1365,9.690
7/13/2024,12:16:10 pm,0,9.1365,9.689
7/13/2024,12:16:20 pm,0,9.1363,9.687
7/13/2024,12:16:30 pm,0,9.1364,9.686
7/13/2024,12:16:40 pm,0,9.1364,9.684
7/13/2024,12:16:50 pm,0,9.1365,9.683
7/13/2024,12:17:00 pm,0,9.1364,9.682
7/13/2024,12:17:10 pm,0,9.1366,9.681
7/13/2024,12:17:20 pm,0,9.1364,9.680
7/13/2024,12:17:30 pm,0,9.1361,9.679
7/13/2024,12:17:40 pm,0,9.1362,9.678
7/13/2024,12:17:50 pm,0,9.1363,9.676
7/13/2024,12:18:00 pm,0,9.1363,9.675
7/13/2024,12:18:10 pm,0,9.1362,9.673
7/13/2024,12:18:20 pm,0,9.1360,9.670
7/13/2024,12:18:30 pm,0,9.1362,9.670
7/13/2024,12:18:40 pm,0,9.1362,9.670
7/13/2024,12:18:50 pm,0,9.1362,9.670
7/13/2024,12:19:00 pm,0,9.1360,9.667
7/13/2024,12:19:10 pm,0,9.1362,9.668
7/13/2024,12:19:20 pm,0,9.1359,9.665
7/13/2024,12:19:30 pm,0,9.1358,9.664
7/13/2024,12:19:40 pm,0,9.1358,9.663
7/13/2024,12:19:50 pm,0,9.1358,9.662
7/13/2024,12:20:00 pm,0,9.1360,9.660
7/13/2024,12:20:10 pm,0,9.1359,9.659
7/13/2024,12:20:20 pm,0,9.1359,9.659
7/13/2024,12:20:30 pm,0,9.1359,9.657
7/13/2024,12:20:40 pm,0,9.1358,9.656
7/13/2024,12:20:50 pm,0,9.1357,9.656
7/13/2024,12:21:00 pm,0,9.1357,9.655
7/13/2024,12:21:10 pm,0,9.1357,9.652
7/13/2024,12:21:20 pm,0,9.1356,9.651
7/13/2024,12:21:30 pm,0,9.1356,9.650
7/13/2024,12:21:40 pm,0,9.1355,9.649
7/13/2024,12:21:50 pm,0,9.1355,9.649
7/13/2024,12:22:00 pm,0,9.1355,9.648
7/13/2024,12:22:10 pm,0,9.1356,9.646
7/13/2024,12:22:20 pm,0,9.1356,9.645
7/13/2024,12:22:30 pm,0,9.1354,9.641
7/13/2024,12:22:40 pm,0,9.1355,9.644
7/13/2024,12:22:50 pm,0,9.1356,9.641
7/13/2024,12:23:00 pm,0,9.1355,9.641
7/13/2024,12:23:10 pm,0,9.1356,9.639
7/13/2024,12:23:20 pm,0,9.1355,9.638
7/13/2024,12:23:30 pm,0,9.1356,9.636
7/13/2024,12:23:40 pm,0,9.1355,9.637
7/13/2024,12:23:50 pm,0,9.1355,9.636
7/13/2024,12:24:00 pm,0,9.1354,9.634
7/13/2024,12:24:10 pm,0,9.1352,9.633
7/13/2024,12:24:20 pm,0,9.1353,9.632
7/13/2024,12:24:30 pm,0,9.1353,9.631
7/13/2024,12:24:40 pm,0,9.1356,9.630
7/13/2024,12:24:50 pm,0,9.1356,9.630
7/13/2024,12:25:00 pm,0,9.1354,9.629
7/13/2024,12:25:10 pm,0,9.1356,9.627
7/13/2024,12:25:20 pm,0,9.1356,9.625
7/13/2024,12:25:30 pm,0,9.1355,9.624
7/13/2024,12:25:40 pm,0,9.1355,9.624
7/13/2024,12:25:50 pm,0,9.1356,9.623
7/13/2024,12:26:00 pm,0,9.1355,9.621
7/13/2024,12:26:10 pm,0,9.1354,9.620
7/13/2024,12:26:20 pm,0,9.1355,9.620
7/13/2024,12:26:30 pm,0,9.1353,9.619
7/13/2024,12:26:40 pm,0,9.1354,9.621
7/13/2024,12:26:50 pm,0,9.1354,9.616
7/13/2024,12:27:00 pm,0,9.1353,9.615
7/13/2024,12:27:10 pm,0,9.1353,9.614
7/13/2024,12:27:20 pm,0,9.1352,9.615
7/13/2024,12:27:30 pm,0,9.1352,9.612
7/13/2024,12:27:40 pm,0,9.1354,9.613
7/13/2024,12:27:50 pm,0,9.1351,9.610
7/13/2024,12:28:00 pm,0,9.1351,9.608
7/13/2024,12:28:10 pm,0,9.1351,9.608
7/13/2024,12:28:20 pm,0,9.1352,9.607
7/13/2024,12:28:30 pm,0,9.1353,9.605
7/13/2024,12:28:40 pm,0,9.1351,9.605
7/13/2024,12:28:50 pm,0,9.1352,9.603
7/13/2024,12:29:00 pm,0,9.1352,9.604
7/13/2024,12:29:10 pm,0,9.1351,9.603
7/13/2024,12:29:20 pm,0,9.1353,9.601
7/13/2024,12:29:30 pm,0,9.1351,9.601
7/13/2024,12:29:40 pm,0,9.1352,9.598
7/13/2024,12:29:50 pm,0,9.1350,9.600
7/13/2024,12:30:00 pm,0,9.1352,9.600
7/13/2024,12:30:10 pm,0,9.1350,9.597
7/13/2024,12:30:20 pm,0,9.1351,9.595
7/13/2024,12:30:30 pm,0,9.1349,9.596
7/13/2024,12:30:40 pm,0,9.1351,9.596
7/13/2024,12:30:50 pm,0,9.1350,9.593
7/13/2024,12:31:00 pm,0,9.1351,9.592
7/13/2024,12:31:10 pm,0,9.1349,9.592
7/13/2024,12:31:20 pm,0,9.1350,9.590
7/13/2024,12:31:30 pm,0,9.1349,9.590
7/13/2024,12:31:40 pm,0,9.1349,9.590
7/13/2024,12:31:50 pm,0,9.1349,9.586
7/13/2024,12:32:00 pm,0,9.1349,9.586
7/13/2024,12:32:10 pm,0,9.1348,9.587
7/13/2024,12:32:20 pm,0,9.1348,9.585
7/13/2024,12:32:30 pm,0,9.1348,9.583
7/13/2024,12:32:40 pm,0,9.1348,9.584
7/13/2024,12:32:50 pm,0,9.1346,9.582
7/13/2024,12:33:00 pm,0,9.1348,9.582
7/13/2024,12:33:10 pm,0,9.1348,9.581
7/13/2024,12:33:20 pm,0,9.1350,9.580
7/13/2024,12:33:30 pm,0,9.1347,9.579
7/13/2024,12:33:40 pm,0,9.1347,9.579
7/13/2024,12:33:50 pm,0,9.1347,9.578
7/13/2024,12:34:00 pm,0,9.1346,9.576
7/13/2024,12:34:10 pm,0,9.1346,9.577
7/13/2024,12:34:20 pm,0,9.1346,9.574
7/13/2024,12:34:30 pm,0,9.1346,9.574
7/13/2024,12:34:40 pm,0,9.1346,9.573
7/13/2024,12:34:50 pm,0,9.1346,9.571
7/13/2024,12:35:00 pm,0,9.1346,9.571
7/13/2024,12:35:10 pm,0,9.1346,9.570
7/13/2024,12:35:20 pm,0,9.1346,9.569
7/13/2024,12:35:30 pm,0,9.1347,9.568
7/13/2024,12:35:40 pm,0,9.1345,9.567
7/13/2024,12:35:50 pm,0,9.1344,9.567
7/13/2024,12:36:00 pm,0,9.1346,9.566
7/13/2024,12:36:10 pm,0,9.1344,9.563
7/13/2024,12:36:20 pm,0,9.1346,9.565
7/13/2024,12:36:30 pm,0,9.1345,9.565
7/13/2024,12:36:40 pm,0,9.1347,9.562
7/13/2024,12:36:50 pm,0,9.1346,9.561
7/13/2024,12:37:00 pm,0,9.1344,9.561
7/13/2024,12:37:10 pm,0,9.1345,9.560
7/13/2024,12:37:20 pm,0,9.1344,9.560
7/13/2024,12:37:30 pm,0,9.1344,9.558
7/13/2024,12:37:40 pm,0,9.1344,9.558
7/13/2024,12:37:50 pm,0,9.1344,9.558
7/13/2024,12:38:00 pm,0,9.1343,9.557
7/13/2024,12:38:10 pm,0,9.1345,9.555
7/13/2024,12:38:20 pm,0,9.1343,9.555
7/13/2024,12:38:30 pm,0,9.1343,9.552
7/13/2024,12:38:40 pm,0,9.1343,9.555
7/13/2024,12:38:50 pm,0,9.1342,9.550
7/13/2024,12:39:00 pm,0,9.1344,9.551
7/13/2024,12:39:10 pm,0,9.1342,9.550
7/13/2024,12:39:20 pm,0,9.1342,9.547
7/13/2024,12:39:30 pm,0,9.1343,9.548
7/13/2024,12:39:40 pm,0,9.1343,9.548
7/13/2024,12:39:50 pm,0,9.1342,9.548
7/13/2024,12:40:00 pm,0,9.1343,9.546
7/13/2024,12:40:10 pm,0,9.1343,9.545
7/13/2024,12:40:20 pm,0,9.1342,9.543
7/13/2024,12:40:30 pm,0,9.1343,9.544
7/13/2024,12:40:40 pm,0,9.1341,9.543
7/13/2024,12:40:50 pm,0,9.1341,9.544
7/13/2024,12:41:00 pm,0,9.1342,9.542
7/13/2024,12:41:10 pm,0,9.1344,9.540
7/13/2024,12:41:20 pm,0,9.1343,9.541
7/13/2024,12:41:30 pm,0,9.1343,9.540
7/13/2024,12:41:40 pm,0,9.1341,9.538
7/13/2024,12:41:50 pm,0,9.1340,9.538
7/13/2024,12:42:00 pm,0,9.1341,9.536
7/13/2024,12:42:10 pm,0,9.1339,9.535
7/13/2024,12:42:20 pm,0,9.1340,9.534
7/13/2024,12:42:30 pm,0,9.1337,9.534
7/13/2024,12:42:40 pm,0,9.1337,9.533
7/13/2024,12:42:50 pm,0,9.1339,9.533
7/13/2024,12:43:00 pm,0,9.1337,9.532
7/13/2024,12:43:10 pm,0,9.1339,9.533
7/13/2024,12:43:20 pm,0,9.1337,9.531
7/13/2024,12:43:30 pm,0,9.1338,9.530
7/13/2024,12:43:40 pm,0,9.1339,9.529
7/13/2024,12:43:50 pm,0,9.1339,9.529
7/13/2024,12:44:00 pm,0,9.1338,9.529
7/13/2024,12:44:10 pm,0,9.1340,9.529
7/13/2024,12:44:20 pm,0,9.1339,9.527
7/13/2024,12:44:30 pm,0,9.1338,9.526
7/13/2024,12:44:40 pm,0,9.1339,9.525
7/13/2024,12:44:50 pm,0,9.1338,9.525
7/13/2024,12:45:00 pm,0,9.1340,9.524
7/13/2024,12:45:10 pm,0,9.1338,9.525
7/13/2024,12:45:20 pm,0,9.1338,9.524
7/13/2024,12:45:30 pm,0,9.1338,9.521
7/13/2024,12:45:40 pm,0,9.1338,9.524
7/13/2024,12:45:50 pm,0,9.1338,9.520
7/13/2024,12:46:00 pm,0,9.1340,9.522
7/13/2024,12:46:10 pm,0,9.1337,9.519
7/13/2024,12:46:20 pm,0,9.1338,9.519
7/13/2024,12:46:30 pm,0,9.1337,9.518
7/13/2024,12:46:40 pm,0,9.1338,9.516
7/13/2024,12:46:50 pm,0,9.1337,9.516
7/13/2024,12:47:00 pm,0,9.1337,9.517
7/13/2024,12:47:10 pm,0,9.1336,9.514
7/13/2024,12:47:20 pm,0,9.1339,9.514
7/13/2024,12:47:30 pm,0,9.1339,9.515
7/13/2024,12:47:40 pm,0,9.1337,9.514
7/13/2024,12:47:50 pm,0,9.1337,9.513
7/13/2024,12:48:00 pm,0,9.1337,9.511
7/13/2024,12:48:10 pm,0,9.1336,9.511
7/13/2024,12:48:20 pm,0,9.1335,9.511
7/13/2024,12:48:30 pm,0,9.1336,9.509
7/13/2024,12:48:40 pm,0,9.1335,9.509
7/13/2024,12:48:50 pm,0,9.1334,9.509
7/13/2024,12:49:00 pm,0,9.1335,9.508
7/13/2024,12:49:10 pm,0,9.1334,9.506
7/13/2024,12:49:20 pm,0,9.1336,9.507
7/13/2024,12:49:30 pm,0,9.1336,9.505
7/13/2024,12:49:40 pm,0,9.1336,9.505
7/13/2024,12:49:50 pm,0,9.1336,9.504
7/13/2024,12:50:00 pm,0,9.1335,9.505
7/13/2024,12:50:10 pm,0,9.1336,9.504
7/13/2024,12:50:20 pm,0,9.1334,9.502
7/13/2024,12:50:30 pm,0,9.1335,9.502
7/13/2024,12:50:40 pm,0,9.1336,9.501
7/13/2024,12:50:50 pm,0,9.1335,9.499
7/13/2024,12:51:00 pm,0,9.1335,9.500
7/13/2024,12:51:10 pm,0,9.1335,9.499
7/13/2024,12:51:20 pm,0,9.1334,9.498
7/13/2024,12:51:30 pm,0,9.1335,9.499
7/13/2024,12:51:40 pm,0,9.1335,9.496
7/13/2024,12:51:50 pm,0,9.1335,9.497
7/13/2024,12:52:00 pm,0,9.1333,9.496
7/13/2024,12:52:10 pm,0,9.1335,9.496
7/13/2024,12:52:20 pm,0,9.1336,9.496
7/13/2024,12:52:30 pm,0,9.1335,9.494
7/13/2024,12:52:40 pm,0,9.1333,9.492
7/13/2024,12:52:50 pm,0,9.1334,9.492
7/13/2024,12:53:00 pm,0,9.1333,9.492
7/13/2024,12:53:10 pm,0,9.1333,9.492
7/13/2024,12:53:20 pm,0,9.1335,9.491
7/13/2024,12:53:30 pm,0,9.1333,9.490
7/13/2024,12:53:40 pm,0,9.1333,9.492
7/13/2024,12:53:50 pm,0,9.1334,9.490
7/13/2024,12:54:00 pm,0,9.1335,9.489
7/13/2024,12:54:10 pm,0,9.1333,9.487
7/13/2024,12:54:20 pm,0,9.1335,9.489
7/13/2024,12:54:30 pm,0,9.1335,9.487
7/13/2024,12:54:40 pm,0,9.1335,9.486
7/13/2024,12:54:50 pm,0,9.1336,9.486
7/13/2024,12:55:00 pm,0,9.1334,9.484
7/13/2024,12:55:10 pm,0,9.1335,9.484
7/13/2024,12:55:20 pm,0,9.1333,9.484
7/13/2024,12:55:30 pm,0,9.1332,9.484
7/13/2024,12:55:40 pm,0,9.1332,9.482
7/13/2024,12:55:50 pm,0,9.1332,9.483
7/13/2024,12:56:00 pm,0,9.1333,9.483
7/13/2024,12:56:10 pm,0,9.1333,9.480
7/13/2024,12:56:20 pm,0,9.1333,9.483
7/13/2024,12:56:30 pm,0,9.1332,9.479
7/13/2024,12:56:40 pm,0,9.1330,9.480
7/13/2024,12:56:50 pm,0,9.1332,9.478
7/13/2024,12:57:00 pm,0,9.1331,9.478
7/13/2024,12:57:10 pm,0,9.1331,9.478
7/13/2024,12:57:20 pm,0,9.1331,9.478
7/13/2024,12:57:30 pm,0,9.1332,9.478
7/13/2024,12:57:40 pm,0,9.1331,9.477
7/13/2024,12:57:50 pm,0,9.1330,9.476
7/13/2024,12:58:00 pm,0,9.1330,9.474
7/13/2024,12:58:10 pm,0,9.1330,9.473
7/13/2024,12:58:20 pm,0,9.1330,9.474
7/13/2024,12:58:30 pm,0,9.1330,9.474
7/13/2024,12:58:40 pm,0,9.1331,9.472
7/13/2024,12:58:50 pm,0,9.1331,9.473
7/13/2024,12:59:00 pm,0,9.1329,9.472
7/13/2024,12:59:10 pm,0,9.1329,9.470
7/13/2024,12:59:20 pm,0,9.1330,9.472
7/13/2024,12:59:30 pm,0,9.1330,9.469
7/13/2024,12:59:40 pm,0,9.1329,9.471
7/13/2024,12:59:50 pm,0,9.1328,9.469
7/13/2024,01:00:00 pm,0,9.1331,9.468
7/13/2024,01:00:10 pm,0,9.1326,9.467
7/13/2024,01:00:20 pm,0,9.1327,9.467
7/13/2024,01:00:30 pm,0,9.1327,9.466
7/13/2024,01:00:40 pm,0,9.1327,9.466
7/13/2024,01:00:50 pm,0,9.1327,9.465
7/13/2024,01:01:00 pm,0,9.1326,9.464
7/13/2024,01:01:10 pm,0,9.1325,9.465
7/13/2024,01:01:20 pm,0,9.1325,9.465
7/13/2024,01:01:30 pm,0,9.1324,9.465
7/13/2024,01:01:40 pm,0,9.1324,9.462
7/13/2024,01:01:50 pm,0,9.1325,9.462
7/13/2024,01:02:00 pm,0,9.1325,9.462
7/13/2024,01:02:10 pm,0,9.1325,9.462
7/13/2024,01:02:20 pm,0,9.1326,9.461
7/13/2024,01:02:30 pm,0,9.1323,9.460
7/13/2024,01:02:40 pm,0,9.1323,9.460
7/13/2024,01:02:50 pm,0,9.1324,9.458
7/13/2024,01:03:00 pm,0,9.1323,9.460
7/13/2024,01:03:10 pm,0,9.1322,9.457
7/13/2024,01:03:20 pm,0,9.1320,9.458
7/13/2024,01:03:30 pm,0,9.1323,9.458
7/13/2024,01:03:40 pm,0,9.1324,9.457
7/13/2024,01:03:50 pm,0,9.1321,9.457
7/13/2024,01:04:00 pm,0,9.1323,9.457
7/13/2024,01:04:10 pm,0,9.1324,9.457
7/13/2024,01:04:20 pm,0,9.1321,9.455
7/13/2024,01:04:30 pm,0,9.1320,9.455
7/13/2024,01:04:40 pm,0,9.1321,9.454
7/13/2024,01:04:50 pm,0,9.1320,9.455
7/13/2024,01:05:00 pm,0,9.1321,9.451
7/13/2024,01:05:10 pm,0,9.1322,9.454
7/13/2024,01:05:20 pm,0,9.1322,9.453
7/13/2024,01:05:30 pm,0,9.1321,9.451
7/13/2024,01:05:40 pm,0,9.1321,9.452
7/13/2024,01:05:50 pm,0,9.1321,9.450
7/13/2024,01:06:00 pm,0,9.1321,9.450
7/13/2024,01:06:10 pm,0,9.1319,9.451
7/13/2024,01:06:20 pm,0,9.1319,9.450
7/13/2024,01:06:30 pm,0,9.1319,9.450
7/13/2024,01:06:40 pm,0,9.1319,9.447
7/13/2024,01:06:50 pm,0,9.1319,9.449
7/13/2024,01:07:00 pm,0,9.1319,9.447
7/13/2024,01:07:10 pm,0,9.1319,9.447
7/13/2024,01:07:20 pm,0,9.1318,9.445
7/13/2024,01:07:30 pm,0,9.1319,9.446
7/13/2024,01:07:40 pm,0,9.1318,9.444
7/13/2024,01:07:50 pm,0,9.1317,9.445
7/13/2024,01:08:00 pm,0,9.1317,9.446
7/13/2024,01:08:10 pm,0,9.1316,9.445
7/13/2024,01:08:20 pm,0,9.1316,9.442
7/13/2024,01:08:30 pm,0,9.1316,9.442
7/13/2024,01:08:40 pm,0,9.1316,9.444
7/13/2024,01:08:50 pm,0,9.1316,9.443
7/13/2024,01:09:00 pm,0,9.1316,9.444
7/13/2024,01:09:10 pm,0,9.1318,9.442
7/13/2024,01:09:20 pm,0,9.1317,9.440
7/13/2024,01:09:30 pm,0,9.1316,9.440
7/13/2024,01:09:40 pm,0,9.1314,9.439
7/13/2024,01:09:50 pm,0,9.1315,9.440
7/13/2024,01:10:00 pm,0,9.1317,9.440
7/13/2024,01:10:10 pm,0,9.1315,9.440
7/13/2024,01:10:20 pm,0,9.1316,9.441
7/13/2024,01:10:30 pm,0,9.1316,9.437
7/13/2024,01:10:40 pm,0,9.1316,9.437
7/13/2024,01:10:50 pm,0,9.1315,9.436
7/13/2024,01:11:00 pm,0,9.1314,9.434
7/13/2024,01:11:10 pm,0,9.1317,9.436
7/13/2024,01:11:20 pm,0,9.1314,9.435
7/13/2024,01:11:30 pm,0,9.1314,9.436
7/13/2024,01:11:40 pm,0,9.1316,9.436
7/13/2024,01:11:50 pm,0,9.1316,9.434
7/13/2024,01:12:00 pm,0,9.1316,9.436
7/13/2024,01:12:10 pm,0,9.1316,9.436
7/13/2024,01:12:20 pm,0,9.1315,9.435
7/13/2024,01:12:30 pm,0,9.1316,9.431
7/13/2024,01:12:40 pm,0,9.1315,9.434
7/13/2024,01:12:50 pm,0,9.1316,9.433
7/13/2024,01:13:00 pm,0,9.1315,9.432
7/13/2024,01:13:10 pm,0,9.1315,9.431
7/13/2024,01:13:20 pm,0,9.1315,9.430
7/13/2024,01:13:30 pm,0,9.1313,9.428
7/13/2024,01:13:40 pm,0,9.1314,9.431
7/13/2024,01:13:50 pm,0,9.1315,9.429
7/13/2024,01:14:00 pm,0,9.1313,9.429
7/13/2024,01:14:10 pm,0,9.1315,9.428
7/13/2024,01:14:20 pm,0,9.1314,9.428
7/13/2024,01:14:30 pm,0,9.1313,9.428
7/13/2024,01:14:40 pm,0,9.1313,9.429
7/13/2024,01:14:50 pm,0,9.1313,9.430
7/13/2024,01:15:00 pm,0,9.1313,9.428
7/13/2024,01:15:10 pm,0,9.1312,9.425
7/13/2024,01:15:20 pm,0,9.1313,9.426
7/13/2024,01:15:30 pm,0,9.1312,9.426
7/13/2024,01:15:40 pm,0,9.1311,9.425
7/13/2024,01:15:50 pm,0,9.1309,9.424
7/13/2024,01:16:00 pm,0,9.1310,9.423
7/13/2024,01:16:10 pm,0,9.1311,9.425
7/13/2024,01:16:20 pm,0,9.1309,9.423
7/13/2024,01:16:30 pm,0,9.1310,9.422
7/13/2024,01:16:40 pm,0,9.1309,9.422
7/13/2024,01:16:50 pm,0,9.1312,9.420
7/13/2024,01:17:00 pm,0,9.1309,9.422
7/13/2024,01:17:10 pm,0,9.1310,9.421
7/13/2024,01:17:20 pm,0,9.1309,9.420
7/13/2024,01:17:30 pm,0,9.1308,9.420
7/13/2024,01:17:40 pm,0,9.1310,9.420
7/13/2024,01:17:50 pm,0,9.1310,9.419
7/13/2024,01:18:00 pm,0,9.1310,9.419
7/13/2024,01:18:10 pm,0,9.1308,9.421
7/13/2024,01:18:20 pm,0,9.1310,9.419
7/13/2024,01:18:30 pm,0,9.1309,9.420
7/13/2024,01:18:40 pm,0,9.1307,9.417
7/13/2024,01:18:50 pm,0,9.1308,9.416
7/13/2024,01:19:00 pm,0,9.1307,9.417
7/13/2024,01:19:10 pm,0,9.1310,9.417
7/13/2024,01:19:20 pm,0,9.1307,9.417
7/13/2024,01:19:30 pm,0,9.1308,9.417
7/13/2024,01:19:40 pm,0,9.1307,9.416
7/13/2024,01:19:50 pm,0,9.1307,9.416
7/13/2024,01:20:00 pm,0,9.1308,9.415
7/13/2024,01:20:10 pm,0,9.1308,9.414
7/13/2024,01:20:20 pm,0,9.1308,9.413
7/13/2024,01:20:30 pm,0,9.1307,9.413
7/13/2024,01:20:40 pm,0,9.1308,9.414
7/13/2024,01:20:50 pm,0,9.1306,9.411
7/13/2024,01:21:00 pm,0,9.1308,9.413
7/13/2024,01:21:10 pm,0,9.1307,9.411
7/13/2024,01:21:20 pm,0,9.1306,9.410
7/13/2024,01:21:30 pm,0,9.1308,9.412
7/13/2024,01:21:40 pm,0,9.1306,9.410
7/13/2024,01:21:50 pm,0,9.1307,9.411
7/13/2024,01:22:00 pm,0,9.1307,9.411
7/13/2024,01:22:10 pm,0,9.1307,9.410
7/13/2024,01:22:20 pm,0,9.1307,9.409
7/13/2024,01:22:30 pm,0,9.1306,9.408
7/13/2024,01:22:40 pm,0,9.1306,9.408
7/13/2024,01:22:50 pm,0,9.1306,9.409
7/13/2024,01:23:00 pm,0,9.1307,9.408
7/13/2024,01:23:10 pm,0,9.1305,9.407
7/13/2024,01:23:20 pm,0,9.1304,9.408
7/13/2024,01:23:30 pm,0,9.1304,9.407
7/13/2024,01:23:40 pm,0,9.1307,9.406
7/13/2024,01:23:50 pm,0,9.1306,9.405
7/13/2024,01:24:00 pm,0,9.1305,9.405
7/13/2024,01:24:10 pm,0,9.1305,9.408
7/13/2024,01:24:20 pm,0,9.1307,9.407
7/13/2024,01:24:30 pm,0,9.1306,9.406
7/13/2024,01:24:40 pm,0,9.1304,9.402
7/13/2024,01:24:50 pm,0,9.1306,9.405
7/13/2024,01:25:00 pm,0,9.1304,9.405
7/13/2024,01:25:10 pm,0,9.1304,9.403
7/13/2024,01:25:20 pm,0,9.1303,9.402
7/13/2024,01:25:30 pm,0,9.1304,9.405
7/13/2024,01:25:40 pm,0,9.1306,9.402
7/13/2024,01:25:50 pm,0,9.1304,9.401
7/13/2024,01:26:00 pm,0,9.1304,9.402
7/13/2024,01:26:10 pm,0,9.1304,9.402
7/13/2024,01:26:20 pm,0,9.1304,9.401
7/13/2024,01:26:30 pm,0,9.1304,9.400
7/13/2024,01:26:40 pm,0,9.1302,9.401
7/13/2024,01:26:50 pm,0,9.1301,9.401
7/13/2024,01:27:00 pm,0,9.1300,9.399
7/13/2024,01:27:10 pm,0,9.1301,9.400
7/13/2024,01:27:20 pm,0,9.1301,9.400
7/13/2024,01:27:30 pm,0,9.1300,9.400
7/13/2024,01:27:40 pm,0,9.1302,9.400
7/13/2024,01:27:50 pm,0,9.1298,9.400
7/13/2024,01:28:00 pm,0,9.1300,9.398
7/13/2024,01:28:10 pm,0,9.1299,9.396
7/13/2024,01:28:20 pm,0,9.1300,9.398
7/13/2024,01:28:30 pm,0,9.1301,9.399
7/13/2024,01:28:40 pm,0,9.1301,9.398
7/13/2024,01:28:50 pm,0,9.1299,9.396
7/13/2024,01:29:00 pm,0,9.1298,9.397
7/13/2024,01:29:10 pm,0,9.1300,9.395
7/13/2024,01:29:20 pm,0,9.1298,9.396
7/13/2024,01:29:30 pm,0,9.1300,9.394
7/13/2024,01:29:40 pm,0,9.1299,9.395
7/13/2024,01:29:50 pm,0,9.1301,9.395
7/13/2024,01:30:00 pm,0,9.1301,9.396
7/13/2024,01:30:10 pm,0,9.1303,9.395
7/13/2024,01:30:20 pm,0,9.1303,9.394
7/13/2024,01:30:30 pm,0,9.1300,9.394
7/13/2024,01:30:40 pm,0,9.1300,9.394
7/13/2024,01:30:50 pm,0,9.1302,9.393
7/13/2024,01:31:00 pm,0,9.1300,9.393
7/13/2024,01:31:10 pm,0,9.1300,9.393
7/13/2024,01:31:20 pm,0,9.1301,9.392
7/13/2024,01:31:30 pm,0,9.1301,9.392
7/13/2024,01:31:40 pm,0,9.1300,9.391
7/13/2024,01:31:50 pm,0,9.1299,9.390
7/13/2024,01:32:00 pm,0,9.1300,9.390
7/13/2024,01:32:10 pm,0,9.1303,9.391
7/13/2024,01:32:20 pm,0,9.1300,9.390
7/13/2024,01:32:30 pm,0,9.1299,9.389
7/13/2024,01:32:40 pm,0,9.1300,9.389
7/13/2024,01:32:50 pm,0,9.1301,9.388
7/13/2024,01:33:00 pm,0,9.1299,9.387
7/13/2024,01:33:10 pm,0,9.1299,9.389
7/13/2024,01:33:20 pm,0,9.1300,9.389
7/13/2024,01:33:30 pm,0,9.1299,9.388
7/13/2024,01:33:40 pm,0,9.1301,9.388
7/13/2024,01:33:50 pm,0,9.1299,9.386
7/13/2024,01:34:00 pm,0,9.1298,9.388
7/13/2024,01:34:10 pm,0,9.1299,9.386
7/13/2024,01:34:20 pm,0,9.1301,9.388
7/13/2024,01:34:30 pm,0,9.1299,9.387
7/13/2024,01:34:40 pm,0,9.1300,9.387
7/13/2024,01:34:50 pm,0,9.1301,9.386
7/13/2024,01:35:00 pm,0,9.1298,9.386
7/13/2024,01:35:10 pm,0,9.1300,9.383
7/13/2024,01:35:20 pm,0,9.1297,9.384
7/13/2024,01:35:30 pm,0,9.1300,9.382
7/13/2024,01:35:40 pm,0,9.1300,9.383
7/13/2024,01:35:50 pm,0,9.1300,9.386
7/13/2024,01:36:00 pm,0,9.1299,9.383
7/13/2024,01:36:10 pm,0,9.1299,9.383
7/13/2024,01:36:20 pm,0,9.1300,9.382
7/13/2024,01:36:30 pm,0,9.1301,9.384
7/13/2024,01:36:40 pm,0,9.1302,9.383
7/13/2024,01:36:50 pm,0,9.1301,9.384
7/13/2024,01:37:00 pm,0,9.1300,9.382
7/13/2024,01:37:10 pm,0,9.1299,9.379
7/13/2024,01:37:20 pm,0,9.1301,9.383
7/13/2024,01:37:30 pm,0,9.1301,9.382
7/13/2024,01:37:40 pm,0,9.1301,9.381
7/13/2024,01:37:50 pm,0,9.1301,9.380
7/13/2024,01:38:00 pm,0,9.1301,9.379
7/13/2024,01:38:10 pm,0,9.1300,9.380
7/13/2024,01:38:20 pm,0,9.1299,9.378
7/13/2024,01:38:30 pm,0,9.1302,9.378
7/13/2024,01:38:40 pm,0,9.1300,9.379
7/13/2024,01:38:50 pm,0,9.1301,9.377
7/13/2024,01:39:00 pm,0,9.1300,9.378
7/13/2024,01:39:10 pm,0,9.1301,9.378
7/13/2024,01:39:20 pm,0,9.1299,9.378
7/13/2024,01:39:30 pm,0,9.1301,9.378
7/13/2024,01:39:40 pm,0,9.1301,9.377
7/13/2024,01:39:50 pm,0,9.1303,9.377
7/13/2024,01:40:00 pm,0,9.1301,9.378
7/13/2024,01:40:10 pm,0,9.1300,9.376
7/13/2024,01:40:20 pm,0,9.1301,9.378
7/13/2024,01:40:30 pm,0,9.1300,9.377
7/13/2024,01:40:40 pm,0,9.1301,9.377
7/13/2024,01:40:50 pm,0,9.1302,9.375
7/13/2024,01:41:00 pm,0,9.1300,9.375
7/13/2024,01:41:10 pm,0,9.1302,9.375
7/13/2024,01:41:20 pm,0,9.1302,9.375
7/13/2024,01:41:30 pm,0,9.1302,9.374
7/13/2024,01:41:40 pm,0,9.1300,9.374
7/13/2024,01:41:50 pm,0,9.1301,9.374
7/13/2024,01:42:00 pm,0,9.1301,9.374
7/13/2024,01:42:10 pm,0,9.1300,9.373
7/13/2024,01:42:20 pm,0,9.1301,9.372
7/13/2024,01:42:30 pm,0,9.1301,9.374
7/13/2024,01:42:40 pm,0,9.1301,9.373
7/13/2024,01:42:50 pm,0,9.1303,9.373
7/13/2024,01:43:00 pm,0,9.1304,9.371
7/13/2024,01:43:10 pm,0,9.1302,9.371
7/13/2024,01:43:20 pm,0,9.1301,9.373
7/13/2024,01:43:30 pm,0,9.1302,9.371
7/13/2024,01:43:40 pm,0,9.1301,9.370
7/13/2024,01:43:50 pm,0,9.1302,9.373
7/13/2024,01:44:00 pm,0,9.1300,9.371
7/13/2024,01:44:10 pm,0,9.1301,9.370
7/13/2024,01:44:20 pm,0,9.1301,9.370
7/13/2024,01:44:30 pm,0,9.1301,9.369
7/13/2024,01:44:40 pm,0,9.1301,9.369
7/13/2024,01:44:50 pm,0,9.1302,9.367
7/13/2024,01:45:00 pm,0,9.1301,9.372
7/13/2024,01:45:10 pm,0,9.1301,9.370
7/13/2024,01:45:20 pm,0,9.1300,9.367
7/13/2024,01:45:30 pm,0,9.1300,9.369
7/13/2024,01:45:40 pm,0,9.1301,9.370
7/13/2024,01:45:50 pm,0,9.1299,9.368
7/13/2024,01:46:00 pm,0,9.1299,9.368
7/13/2024,01:46:10 pm,0,9.1298,9.367
7/13/2024,01:46:20 pm,0,9.1300,9.367
7/13/2024,01:46:30 pm,0,9.1298,9.365
7/13/2024,01:46:40 pm,0,9.1298,9.366
7/13/2024,01:46:50 pm,0,9.1298,9.367
7/13/2024,01:47:00 pm,0,9.1297,9.367
7/13/2024,01:47:10 pm,0,9.1299,9.365
7/13/2024,01:47:20 pm,0,9.1297,9.366
7/13/2024,01:47:30 pm,0,9.1298,9.366
7/13/2024,01:47:40 pm,0,9.1298,9.365
7/13/2024,01:47:50 pm,0,9.1297,9.365
7/13/2024,01:48:00 pm,0,9.1298,9.365
7/13/2024,01:48:10 pm,0,9.1299,9.365
7/13/2024,01:48:20 pm,0,9.1297,9.364
7/13/2024,01:48:30 pm,0,9.1298,9.364
7/13/2024,01:48:40 pm,0,9.1299,9.364
7/13/2024,01:48:50 pm,0,9.1298,9.365
7/13/2024,01:49:00 pm,0,9.1298,9.363
7/13/2024,01:49:10 pm,0,9.1298,9.361
7/13/2024,01:49:20 pm,0,9.1298,9.363
7/13/2024,01:49:30 pm,0,9.1297,9.362
7/13/2024,01:49:40 pm,0,9.1296,9.361
7/13/2024,01:49:50 pm,0,9.1298,9.362
7/13/2024,01:50:00 pm,0,9.1297,9.363
7/13/2024,01:50:10 pm,0,9.1297,9.361
7/13/2024,01:50:20 pm,0,9.1297,9.361
7/13/2024,01:50:30 pm,0,9.1298,9.360
7/13/2024,01:50:40 pm,0,9.1297,9.359
7/13/2024,01:50:50 pm,0,9.1298,9.361
7/13/2024,01:51:00 pm,0,9.1297,9.359
7/13/2024,01:51:10 pm,0,9.1298,9.362
7/13/2024,01:51:20 pm,0,9.1297,9.360
7/13/2024,01:51:30 pm,0,9.1297,9.360
7/13/2024,01:51:40 pm,0,9.1297,9.360
7/13/2024,01:51:50 pm,0,9.1296,9.358
7/13/2024,01:52:00 pm,0,9.1296,9.359
7/13/2024,01:52:10 pm,0,9.1298,9.360
7/13/2024,01:52:20 pm,0,9.1298,9.359
7/13/2024,01:52:30 pm,0,9.1298,9.361
7/13/2024,01:52:40 pm,0,9.1297,9.358
7/13/2024,01:52:50 pm,0,9.1296,9.359
7/13/2024,01:53:00 pm,0,9.1295,9.360
7/13/2024,01:53:10 pm,0,9.1297,9.358
7/13/2024,01:53:20 pm,0,9.1298,9.356
7/13/2024,01:53:30 pm,0,9.1297,9.356
7/13/2024,01:53:40 pm,0,9.1296,9.357
7/13/2024,01:53:50 pm,0,9.1297,9.356
7/13/2024,01:54:00 pm,0,9.1296,9.358
7/13/2024,01:54:10 pm,0,9.1295,9.357
7/13/2024,01:54:20 pm,0,9.1296,9.357
7/13/2024,01:54:30 pm,0,9.1296,9.355
7/13/2024,01:54:40 pm,0,9.1296,9.354
7/13/2024,01:54:50 pm,0,9.1295,9.356
7/13/2024,01:55:00 pm,0,9.1294,9.354
7/13/2024,01:55:10 pm,0,9.1294,9.353
7/13/2024,01:55:20 pm,0,9.1293,9.353
7/13/2024,01:55:30 pm,0,9.1293,9.354
7/13/2024,01:55:40 pm,0,9.1292,9.355
7/13/2024,01:55:50 pm,0,9.1294,9.355
7/13/2024,01:56:00 pm,0,9.1295,9.354
7/13/2024,01:56:10 pm,0,9.1294,9.355
7/13/2024,01:56:20 pm,0,9.1292,9.354
7/13/2024,01:56:30 pm,0,9.1291,9.354
7/13/2024,01:56:40 pm,0,9.1293,9.355
7/13/2024,01:56:50 pm,0,9.1290,9.352
7/13/2024,01:57:00 pm,0,9.1292,9.351
7/13/2024,01:57:10 pm,0,9.1292,9.354
7/13/2024,01:57:20 pm,0,9.1293,9.352
7/13/2024,01:57:30 pm,0,9.1291,9.351
7/13/2024,01:57:40 pm,0,9.1291,9.353
7/13/2024,01:57:50 pm,0,9.1292,9.353
7/13/2024,01:58:00 pm,0,9.1291,9.350
7/13/2024,01:58:10 pm,0,9.1291,9.352
7/13/2024,01:58:20 pm,0,9.1290,9.352
7/13/2024,01:58:30 pm,0,9.1290,9.352
7/13/2024,01:58:40 pm,0,9.1290,9.350
7/13/2024,01:58:50 pm,0,9.1290,9.349
7/13/2024,01:59:00 pm,0,9.1290,9.349
7/13/2024,01:59:10 pm,0,9.1289,9.350
7/13/2024,01:59:20 pm,0,9.1290,9.349
7/13/2024,01:59:30 pm,0,9.1290,9.350
7/13/2024,01:59:40 pm,0,9.1291,9.349
7/13/2024,01:59:50 pm,0,9.1290,9.350
7/13/2024,02:00:00 pm,0,9.1290,9.350
7/13/2024,02:00:10 pm,0,9.1290,9.348
7/13/2024,02:00:20 pm,0,9.1290,9.348
7/13/2024,02:00:30 pm,0,9.1291,9.349
7/13/2024,02:00:40 pm,0,9.1291,9.349
7/13/2024,02:00:50 pm,0,9.1292,9.348
7/13/2024,02:01:00 pm,0,9.1289,9.348
7/13/2024,02:01:10 pm,0,9.1289,9.349
7/13/2024,02:01:20 pm,0,9.1291,9.347
7/13/2024,02:01:30 pm,0,9.1291,9.348
7/13/2024,02:01:40 pm,0,9.1291,9.346
7/13/2024,02:01:50 pm,0,9.1291,9.348
7/13/2024,02:02:00 pm,0,9.1290,9.345
7/13/2024,02:02:10 pm,0,9.1289,9.346
7/13/2024,02:02:20 pm,0,9.1292,9.346
7/13/2024,02:02:30 pm,0,9.1291,9.346
7/13/2024,02:02:40 pm,0,9.1290,9.346
7/13/2024,02:02:50 pm,0,9.1291,9.344
7/13/2024,02:03:00 pm,0,9.1292,9.347
7/13/2024,02:03:10 pm,0,9.1292,9.345
7/13/2024,02:03:20 pm,0,9.1291,9.345
7/13/2024,02:03:30 pm,0,9.1291,9.346
7/13/2024,02:03:40 pm,0,9.1291,9.343
7/13/2024,02:03:50 pm,0,9.1291,9.345
7/13/2024,02:04:00 pm,0,9.1288,9.344
7/13/2024,02:04:10 pm,0,9.1290,9.344
7/13/2024,02:04:20 pm,0,9.1290,9.343
7/13/2024,02:04:30 pm,0,9.1289,9.344
7/13/2024,02:04:40 pm,0,9.1290,9.343
7/13/2024,02:04:50 pm,0,9.1289,9.343
7/13/2024,02:05:00 pm,0,9.1290,9.342
7/13/2024,02:05:10 pm,0,9.1288,9.342
7/13/2024,02:05:20 pm,0,9.1290,9.342
7/13/2024,02:05:30 pm,0,9.1288,9.341
7/13/2024,02:05:40 pm,0,9.1290,9.343
7/13/2024,02:05:50 pm,0,9.1292,9.342
7/13/2024,02:06:00 pm,0,9.1291,9.343
7/13/2024,02:06:10 pm,0,9.1291,9.341
7/13/2024,02:06:20 pm,0,9.1290,9.342
7/13/2024,02:06:30 pm,0,9.1288,9.340
7/13/2024,02:06:40 pm,0,9.1288,9.340
7/13/2024,02:06:50 pm,0,9.1289,9.341
7/13/2024,02:07:00 pm,0,9.1290,9.341
7/13/2024,02:07:10 pm,0,9.1289,9.340
7/13/2024,02:07:20 pm,0,9.1289,9.342
7/13/2024,02:07:30 pm,0,9.1289,9.340
7/13/2024,02:07:40 pm,0,9.1290,9.341
7/13/2024,02:07:50 pm,0,9.1289,9.341
7/13/2024,02:08:00 pm,0,9.1288,9.340
7/13/2024,02:08:10 pm,0,9.1290,9.341
7/13/2024,02:08:20 pm,0,9.1291,9.342
7/13/2024,02:08:30 pm,0,9.1290,9.341
7/13/2024,02:08:40 pm,0,9.1289,9.339
7/13/2024,02:08:50 pm,0,9.1290,9.340
7/13/2024,02:09:00 pm,0,9.1288,9.337
7/13/2024,02:09:10 pm,0,9.1287,9.340
7/13/2024,02:09:20 pm,0,9.1288,9.339
7/13/2024,02:09:30 pm,0,9.1286,9.339
7/13/2024,02:09:40 pm,0,9.1288,9.337
7/13/2024,02:09:50 pm,0,9.1286,9.338
7/13/2024,02:10:00 pm,0,9.1287,9.337
7/13/2024,02:10:10 pm,0,9.1288,9.337
7/13/2024,02:10:20 pm,0,9.1286,9.336
7/13/2024,02:10:30 pm,0,9.1286,9.337
7/13/2024,02:10:40 pm,0,9.1287,9.337
7/13/2024,02:10:50 pm,0,9.1286,9.337
7/13/2024,02:11:00 pm,0,9.1286,9.337
7/13/2024,02:11:10 pm,0,9.1285,9.336
7/13/2024,02:11:20 pm,0,9.1288,9.336
7/13/2024,02:11:30 pm,0,9.1288,9.337
7/13/2024,02:11:40 pm,0,9.1287,9.338
7/13/2024,02:11:50 pm,0,9.1287,9.337
7/13/2024,02:12:00 pm,0,9.1286,9.336
7/13/2024,02:12:10 pm,0,9.1283,9.335
7/13/2024,02:12:20 pm,0,9.1285,9.334
7/13/2024,02:12:30 pm,0,9.1287,9.336
7/13/2024,02:12:40 pm,0,9.1287,9.334
7/13/2024,02:12:50 pm,0,9.1286,9.334
7/13/2024,02:13:00 pm,0,9.1285,9.334
7/13/2024,02:13:10 pm,0,9.1288,9.336
7/13/2024,02:13:20 pm,0,9.1285,9.335
7/13/2024,02:13:30 pm,0,9.1285,9.336
7/13/2024,02:13:40 pm,0,9.1284,9.333
7/13/2024,02:13:50 pm,0,9.1287,9.333
7/13/2024,02:14:00 pm,0,9.1286,9.334
7/13/2024,02:14:10 pm,0,9.1285,9.332
7/13/2024,02:14:20 pm,0,9.1286,9.335
7/13/2024,02:14:30 pm,0,9.1285,9.334
7/13/2024,02:14:40 pm,0,9.1286,9.334
7/13/2024,02:14:50 pm,0,9.1284,9.333
7/13/2024,02:15:00 pm,0,9.1284,9.331
7/13/2024,02:15:10 pm,0,9.1284,9.334
7/13/2024,02:15:20 pm,0,9.1285,9.332
7/13/2024,02:15:30 pm,0,9.1286,9.333
7/13/2024,02:15:40 pm,0,9.1283,9.333
7/13/2024,02:15:50 pm,0,9.1283,9.331
7/13/2024,02:16:00 pm,0,9.1284,9.332
7/13/2024,02:16:10 pm,0,9.1283,9.330
7/13/2024,02:16:20 pm,0,9.1284,9.331
7/13/2024,02:16:30 pm,0,9.1285,9.334
7/13/2024,02:16:40 pm,0,9.1283,9.332
7/13/2024,02:16:50 pm,0,9.1282,9.331
7/13/2024,02:17:00 pm,0,9.1283,9.331
7/13/2024,02:17:10 pm,0,9.1284,9.330
7/13/2024,02:17:20 pm,0,9.1282,9.331
7/13/2024,02:17:30 pm,0,9.1283,9.331
7/13/2024,02:17:40 pm,0,9.1283,9.330
7/13/2024,02:17:50 pm,0,9.1282,9.329
7/13/2024,02:18:00 pm,0,9.1282,9.330
7/13/2024,02:18:10 pm,0,9.1283,9.329
7/13/2024,02:18:20 pm,0,9.1282,9.330
7/13/2024,02:18:30 pm,0,9.1283,9.331
7/13/2024,02:18:40 pm,0,9.1282,9.330
7/13/2024,02:18:50 pm,0,9.1281,9.327
7/13/2024,02:19:00 pm,0,9.1282,9.327
7/13/2024,02:19:10 pm,0,9.1281,9.327
7/13/2024,02:19:20 pm,0,9.1282,9.327
7/13/2024,02:19:30 pm,0,9.1282,9.328
7/13/2024,02:19:40 pm,0,9.1282,9.327
7/13/2024,02:19:50 pm,0,9.1281,9.328
7/13/2024,02:20:00 pm,0,9.1282,9.330
7/13/2024,02:20:10 pm,0,9.1282,9.328
7/13/2024,02:20:20 pm,0,9.1282,9.329
7/13/2024,02:20:30 pm,0,9.1281,9.327
7/13/2024,02:20:40 pm,0,9.1282,9.326
7/13/2024,02:20:50 pm,0,9.1281,9.328
7/13/2024,02:21:00 pm,0,9.1281,9.326
7/13/2024,02:21:10 pm,0,9.1279,9.326
7/13/2024,02:21:20 pm,0,9.1280,9.328
7/13/2024,02:21:30 pm,0,9.1279,9.327
7/13/2024,02:21:40 pm,0,9.1280,9.328
7/13/2024,02:21:50 pm,0,9.1282,9.325
7/13/2024,02:22:00 pm,0,9.1280,9.326
7/13/2024,02:22:10 pm,0,9.1282,9.328
7/13/2024,02:22:20 pm,0,9.1281,9.325
7/13/2024,02:22:30 pm,0,9.1283,9.326
7/13/2024,02:22:40 pm,0,9.1281,9.326
7/13/2024,02:22:50 pm,0,9.1280,9.327
7/13/2024,02:23:00 pm,0,9.1281,9.325
7/13/2024,02:23:10 pm,0,9.1281,9.324
7/13/2024,02:23:20 pm,0,9.1280,9.326
7/13/2024,02:23:30 pm,0,9.1280,9.323
7/13/2024,02:23:40 pm,0,9.1281,9.326
7/13/2024,02:23:50 pm,0,9.1281,9.325
7/13/2024,02:24:00 pm,0,9.1282,9.326
7/13/2024,02:24:10 pm,0,9.1278,9.325
7/13/2024,02:24:20 pm,0,9.1281,9.326
7/13/2024,02:24:30 pm,0,9.1281,9.324
7/13/2024,02:24:40 pm,0,9.1279,9.324
7/13/2024,02:24:50 pm,0,9.1281,9.325
7/13/2024,02:25:00 pm,0,9.1282,9.324
7/13/2024,02:25:10 pm,0,9.1280,9.325
7/13/2024,02:25:20 pm,0,9.1282,9.325
7/13/2024,02:25:30 pm,0,9.1282,9.323
7/13/2024,02:25:40 pm,0,9.1280,9.324
7/13/2024,02:25:50 pm,0,9.1282,9.322
7/13/2024,02:26:00 pm,0,9.1280,9.323
7/13/2024,02:26:10 pm,0,9.1283,9.324
7/13/2024,02:26:20 pm,0,9.1281,9.324
7/13/2024,02:26:30 pm,0,9.1281,9.323
7/13/2024,02:26:40 pm,0,9.1283,9.324
7/13/2024,02:26:50 pm,0,9.1279,9.321
7/13/2024,02:27:00 pm,0,9.1279,9.323
7/13/2024,02:27:10 pm,0,9.1279,9.323
7/13/2024,02:27:20 pm,0,9.1280,9.323
7/13/2024,02:27:30 pm,0,9.1281,9.323
7/13/2024,02:27:40 pm,0,9.1282,9.321
7/13/2024,02:27:50 pm,0,9.1281,9.321
7/13/2024,02:28:00 pm,0,9.1280,9.322
7/13/2024,02:28:10 pm,0,9.1281,9.322
7/13/2024,02:28:20 pm,0,9.1281,9.321
7/13/2024,02:28:30 pm,0,9.1280,9.320
7/13/2024,02:28:40 pm,0,9.1282,9.319
7/13/2024,02:28:50 pm,0,9.1279,9.320
7/13/2024,02:29:00 pm,0,9.1281,9.321
7/13/2024,02:29:10 pm,0,9.1281,9.320
7/13/2024,02:29:20 pm,0,9.1281,9.320
7/13/2024,02:29:30 pm,0,9.1279,9.320
7/13/2024,02:29:40 pm,0,9.1280,9.319
7/13/2024,02:29:50 pm,0,9.1281,9.319
7/13/2024,02:30:00 pm,0,9.1282,9.319
7/13/2024,02:30:10 pm,0,9.1279,9.319
7/13/2024,02:30:20 pm,0,9.1281,9.322
7/13/2024,02:30:30 pm,0,9.1280,9.318
7/13/2024,02:30:40 pm,0,9.1280,9.320
7/13/2024,02:30:50 pm,0,9.1278,9.321
7/13/2024,02:31:00 pm,0,9.1281,9.319
7/13/2024,02:31:10 pm,0,9.1281,9.319
7/13/2024,02:31:20 pm,0,9.1279,9.319
7/13/2024,02:31:30 pm,0,9.1280,9.319
7/13/2024,02:31:40 pm,0,9.1281,9.320
7/13/2024,02:31:50 pm,0,9.1279,9.319
7/13/2024,02:32:00 pm,0,9.1279,9.319
7/13/2024,02:32:10 pm,0,9.1280,9.319
7/13/2024,02:32:20 pm,0,9.1279,9.317
7/13/2024,02:32:30 pm,0,9.1281,9.318
7/13/2024,02:32:40 pm,0,9.1278,9.317
7/13/2024,02:32:50 pm,0,9.1280,9.318
7/13/2024,02:33:00 pm,0,9.1280,9.316
7/13/2024,02:33:10 pm,0,9.1280,9.317
7/13/2024,02:33:20 pm,0,9.1279,9.317
7/13/2024,02:33:30 pm,0,9.1279,9.316
7/13/2024,02:33:40 pm,0,9.1281,9.318
7/13/2024,02:33:50 pm,0,9.1281,9.316
7/13/2024,02:34:00 pm,0,9.1281,9.316
7/13/2024,02:34:10 pm,0,9.1280,9.316
7/13/2024,02:34:20 pm,0,9.1278,9.317
7/13/2024,02:34:30 pm,0,9.1279,9.315
7/13/2024,02:34:40 pm,0,9.1279,9.317
7/13/2024,02:34:50 pm,0,9.1280,9.317
7/13/2024,02:35:00 pm,0,9.1278,9.317
7/13/2024,02:35:10 pm,0,9.1279,9.316
7/13/2024,02:35:20 pm,0,9.1280,9.315
7/13/2024,02:35:30 pm,0,9.1278,9.316
7/13/2024,02:35:40 pm,0,9.1279,9.316
7/13/2024,02:35:50 pm,0,9.1278,9.316
7/13/2024,02:36:00 pm,0,9.1279,9.314
7/13/2024,02:36:10 pm,0,9.1279,9.315
7/13/2024,02:36:20 pm,0,9.1280,9.315
7/13/2024,02:36:30 pm,0,9.1281,9.315
7/13/2024,02:36:40 pm,0,9.1280,9.315
7/13/2024,02:36:50 pm,0,9.1279,9.315
7/13/2024,02:37:00 pm,0,9.1279,9.314
7/13/2024,02:37:10 pm,0,9.1280,9.312
7/13/2024,02:37:20 pm,0,9.1279,9.317
7/13/2024,02:37:30 pm,0,9.1279,9.314
7/13/2024,02:37:40 pm,0,9.1279,9.314
7/13/2024,02:37:50 pm,0,9.1281,9.314
7/13/2024,02:38:00 pm,0,9.1279,9.315
7/13/2024,02:38:10 pm,0,9.1279,9.313
7/13/2024,02:38:20 pm,0,9.1280,9.314
7/13/2024,02:38:30 pm,0,9.1279,9.313
7/13/2024,02:38:40 pm,0,9.1282,9.314
7/13/2024,02:38:50 pm,0,9.1280,9.313
7/13/2024,02:39:00 pm,0,9.1281,9.312
7/13/2024,02:39:10 pm,0,9.1280,9.312
7/13/2024,02:39:20 pm,0,9.1278,9.313
7/13/2024,02:39:30 pm,0,9.1280,9.313
7/13/2024,02:39:40 pm,0,9.1280,9.313
7/13/2024,02:39:50 pm,0,9.1280,9.312
7/13/2024,02:40:00 pm,0,9.1280,9.314
7/13/2024,02:40:10 pm,0,9.1279,9.311
7/13/2024,02:40:20 pm,0,9.1279,9.311
7/13/2024,02:40:30 pm,0,9.1281,9.313
7/13/2024,02:40:40 pm,0,9.1279,9.311
7/13/2024,02:40:50 pm,0,9.1282,9.313
7/13/2024,02:41:00 pm,0,9.1281,9.313
7/13/2024,02:41:10 pm,0,9.1281,9.311
7/13/2024,02:41:20 pm,0,9.1281,9.311
7/13/2024,02:41:30 pm,0,9.1280,9.313
7/13/2024,02:41:40 pm,0,9.1281,9.310
7/13/2024,02:41:50 pm,0,9.1278,9.311
7/13/2024,02:42:00 pm,0,9.1279,9.310
7/13/2024,02:42:10 pm,0,9.1280,9.312
7/13/2024,02:42:20 pm,0,9.1281,9.310
7/13/2024,02:42:30 pm,0,9.1281,9.310
7/13/2024,02:42:40 pm,0,9.1280,9.309
7/13/2024,02:42:50 pm,0,9.1280,9.311
7/13/2024,02:43:00 pm,0,9.1279,9.309
7/13/2024,02:43:10 pm,0,9.1281,9.311
7/13/2024,02:43:20 pm,0,9.1280,9.310
7/13/2024,02:43:30 pm,0,9.1278,9.310
7/13/2024,02:43:40 pm,0,9.1280,9.309
7/13/2024,02:43:50 pm,0,9.1279,9.311
7/13/2024,02:44:00 pm,0,9.1279,9.309
7/13/2024,02:44:10 pm,0,9.1281,9.308
7/13/2024,02:44:20 pm,0,9.1281,9.310
7/13/2024,02:44:30 pm,0,9.1280,9.309
7/13/2024,02:44:40 pm,0,9.1279,9.309
7/13/2024,02:44:50 pm,0,9.1278,9.308
7/13/2024,02:45:00 pm,0,9.1280,9.307
7/13/2024,02:45:10 pm,0,9.1281,9.309
7/13/2024,02:45:20 pm,0,9.1281,9.308
7/13/2024,02:45:30 pm,0,9.1283,9.308
7/13/2024,02:45:40 pm,0,9.1280,9.308
7/13/2024,02:45:50 pm,0,9.1280,9.308
7/13/2024,02:46:00 pm,0,9.1279,9.308
7/13/2024,02:46:10 pm,0,9.1281,9.308
7/13/2024,02:46:20 pm,0,9.1280,9.308
7/13/2024,02:46:30 pm,0,9.1281,9.307
7/13/2024,02:46:40 pm,0,9.1280,9.307
7/13/2024,02:46:50 pm,0,9.1281,9.308
7/13/2024,02:47:00 pm,0,9.1281,9.307
7/13/2024,02:47:10 pm,0,9.1283,9.309
7/13/2024,02:47:20 pm,0,9.1281,9.307
7/13/2024,02:47:30 pm,0,9.1282,9.307
7/13/2024,02:47:40 pm,0,9.1281,9.307
7/13/2024,02:47:50 pm,0,9.1281,9.307
7/13/2024,02:48:00 pm,0,9.1281,9.307
7/13/2024,02:48:10 pm,0,9.1281,9.306
7/13/2024,02:48:20 pm,0,9.1277,9.306
7/13/2024,02:48:30 pm,0,9.1281,9.306
7/13/2024,02:48:40 pm,0,9.1281,9.307
7/13/2024,02:48:50 pm,0,9.1281,9.307
7/13/2024,02:49:00 pm,0,9.1280,9.307
7/13/2024,02:49:10 pm,0,9.1279,9.307
7/13/2024,02:49:20 pm,0,9.1281,9.304
7/13/2024,02:49:30 pm,0,9.1281,9.305
7/13/2024,02:49:40 pm,0,9.1280,9.306
7/13/2024,02:49:50 pm,0,9.1281,9.307
7/13/2024,02:50:00 pm,0,9.1282,9.307
7/13/2024,02:50:10 pm,0,9.1282,9.305
7/13/2024,02:50:20 pm,0,9.1282,9.305
7/13/2024,02:50:30 pm,0,9.1283,9.305
7/13/2024,02:50:40 pm,0,9.1278,9.305
7/13/2024,02:50:50 pm,0,9.1281,9.305
7/13/2024,02:51:00 pm,0,9.1282,9.304
7/13/2024,02:51:10 pm,0,9.1280,9.306
7/13/2024,02:51:20 pm,0,9.1282,9.306
7/13/2024,02:51:30 pm,0,9.1281,9.306
7/13/2024,02:51:40 pm,0,9.1279,9.305
7/13/2024,02:51:50 pm,0,9.1280,9.304
7/13/2024,02:52:00 pm,0,9.1280,9.305
7/13/2024,02:52:10 pm,0,9.1280,9.303
7/13/2024,02:52:20 pm,0,9.1281,9.306
7/13/2024,02:52:30 pm,0,9.1280,9.304
7/13/2024,02:52:40 pm,0,9.1281,9.305
7/13/2024,02:52:50 pm,0,9.1279,9.305
7/13/2024,02:53:00 pm,0,9.1278,9.304
7/13/2024,02:53:10 pm,0,9.1280,9.304
7/13/2024,02:53:20 pm,0,9.1279,9.303
7/13/2024,02:53:30 pm,0,9.1281,9.305
7/13/2024,02:53:40 pm,0,9.1279,9.305
7/13/2024,02:53:50 pm,0,9.1281,9.302
7/13/2024,02:54:00 pm,0,9.1279,9.303
7/13/2024,02:54:10 pm,0,9.1280,9.304
7/13/2024,02:54:20 pm,0,9.1281,9.303
7/13/2024,02:54:30 pm,0,9.1278,9.304
7/13/2024,02:54:40 pm,0,9.1279,9.302
7/13/2024,02:54:50 pm,0,9.1280,9.303
7/13/2024,02:55:00 pm,0,9.1282,9.302
7/13/2024,02:55:10 pm,0,9.1280,9.303
7/13/2024,02:55:20 pm,0,9.1280,9.302
7/13/2024,02:55:30 pm,0,9.1279,9.301
7/13/2024,02:55:40 pm,0,9.1279,9.303
7/13/2024,02:55:50 pm,0,9.1279,9.304
7/13/2024,02:56:00 pm,0,9.1279,9.302
7/13/2024,02:56:10 pm,0,9.1281,9.302
7/13/2024,02:56:20 pm,0,9.1281,9.303
7/13/2024,02:56:30 pm,0,9.1281,9.300
7/13/2024,02:56:40 pm,0,9.1282,9.301
7/13/2024,02:56:50 pm,0,9.1282,9.301
7/13/2024,02:57:00 pm,0,9.1283,9.301
7/13/2024,02:57:10 pm,0,9.1283,9.302
7/13/2024,02:57:20 pm,0,9.1283,9.302
7/13/2024,02:57:30 pm,0,9.1284,9.303
7/13/2024,02:57:40 pm,0,9.1283,9.301
7/13/2024,02:57:50 pm,0,9.1285,9.300
7/13/2024,02:58:00 pm,0,9.1283,9.302
7/13/2024,02:58:10 pm,0,9.1283,9.301
7/13/2024,02:58:20 pm,0,9.1285,9.300
7/13/2024,02:58:30 pm,0,9.1283,9.299
7/13/2024,02:58:40 pm,0,9.1285,9.302
7/13/2024,02:58:50 pm,0,9.1285,9.301
7/13/2024,02:59:00 pm,0,9.1284,9.300
7/13/2024,02:59:10 pm,0,9.1286,9.301
7/13/2024,02:59:20 pm,0,9.1283,9.301
7/13/2024,02:59:30 pm,0,9.1285,9.301
7/13/2024,02:59:40 pm,0,9.1285,9.300
7/13/2024,02:59:50 pm,0,9.1284,9.301
7/13/2024,03:00:00 pm,0,9.1285,9.301
7/13/2024,03:00:10 pm,0,9.1285,9.301
7/13/2024,03:00:20 pm,0,9.1284,9.299
7/13/2024,03:00:30 pm,0,9.1285,9.301
7/13/2024,03:00:40 pm,0,9.1283,9.298
7/13/2024,03:00:50 pm,0,9.1283,9.297
7/13/2024,03:01:00 pm,0,9.1285,9.298
7/13/2024,03:01:10 pm,0,9.1284,9.297
7/13/2024,03:01:20 pm,0,9.1286,9.298
7/13/2024,03:01:30 pm,0,9.1286,9.298
7/13/2024,03:01:40 pm,0,9.1281,9.299
7/13/2024,03:01:50 pm,0,9.1285,9.300
7/13/2024,03:02:00 pm,0,9.1284,9.298
7/13/2024,03:02:10 pm,0,9.1286,9.299
7/13/2024,03:02:20 pm,0,9.1286,9.298
7/13/2024,03:02:30 pm,0,9.1284,9.299
7/13/2024,03:02:40 pm,0,9.1285,9.299
7/13/2024,03:02:50 pm,0,9.1285,9.298
7/13/2024,03:03:00 pm,0,9.1288,9.298
7/13/2024,03:03:10 pm,0,9.1283,9.297
7/13/2024,03:03:20 pm,0,9.1285,9.298
7/13/2024,03:03:30 pm,0,9.1285,9.299
7/13/2024,03:03:40 pm,0,9.1288,9.298
7/13/2024,03:03:50 pm,0,9.1286,9.298
7/13/2024,03:04:00 pm,0,9.1287,9.297
7/13/2024,03:04:10 pm,0,9.1286,9.298
7/13/2024,03:04:20 pm,0,9.1287,9.298
7/13/2024,03:04:30 pm,0,9.1286,9.296
7/13/2024,03:04:40 pm,0,9.1284,9.296
7/13/2024,03:04:50 pm,0,9.1286,9.298
7/13/2024,03:05:00 pm,0,9.1287,9.297
7/13/2024,03:05:10 pm,0,9.1287,9.297
7/13/2024,03:05:20 pm,0,9.1287,9.296
7/13/2024,03:05:30 pm,0,9.1286,9.297
7/13/2024,03:05:40 pm,0,9.1290,9.296
7/13/2024,03:05:50 pm,0,9.1288,9.299
7/13/2024,03:06:00 pm,0,9.1287,9.296
7/13/2024,03:06:10 pm,0,9.1288,9.298
7/13/2024,03:06:20 pm,0,9.1288,9.298
7/13/2024,03:06:30 pm,0,9.1288,9.296
7/13/2024,03:06:40 pm,0,9.1287,9.296
7/13/2024,03:06:50 pm,0,9.1288,9.295
7/13/2024,03:07:00 pm,0,9.1287,9.294
7/13/2024,03:07:10 pm,0,9.1289,9.298
7/13/2024,03:07:20 pm,0,9.1290,9.297
7/13/2024,03:07:30 pm,0,9.1288,9.296
7/13/2024,03:07:40 pm,0,9.1289,9.296
7/13/2024,03:07:50 pm,0,9.1287,9.296
7/13/2024,03:08:00 pm,0,9.1289,9.294
7/13/2024,03:08:10 pm,0,9.1290,9.296
7/13/2024,03:08:20 pm,0,9.1287,9.296
7/13/2024,03:08:30 pm,0,9.1288,9.295
7/13/2024,03:08:40 pm,0,9.1288,9.296
7/13/2024,03:08:50 pm,0,9.1289,9.296
7/13/2024,03:09:00 pm,0,9.1290,9.296
7/13/2024,03:09:10 pm,0,9.1290,9.293
7/13/2024,03:09:20 pm,0,9.1286,9.296
7/13/2024,03:09:30 pm,0,9.1287,9.295
7/13/2024,03:09:40 pm,0,9.1287,9.293
7/13/2024,03:09:50 pm,0,9.1288,9.296
7/13/2024,03:10:00 pm,0,9.1288,9.295
7/13/2024,03:10:10 pm,0,9.1289,9.293
7/13/2024,03:10:20 pm,0,9.1288,9.297
7/13/2024,03:10:30 pm,0,9.1289,9.295
7/13/2024,03:10:40 pm,0,9.1289,9.295
7/13/2024,03:10:50 pm,0,9.1287,9.295
7/13/2024,03:11:00 pm,0,9.1287,9.293
7/13/2024,03:11:10 pm,0,9.1288,9.295
7/13/2024,03:11:20 pm,0,9.1288,9.295
7/13/2024,03:11:30 pm,0,9.1288,9.293
7/13/2024,03:11:40 pm,0,9.1288,9.294
7/13/2024,03:11:50 pm,0,9.1287,9.294
7/13/2024,03:12:00 pm,0,9.1287,9.295
7/13/2024,03:12:10 pm,0,9.1286,9.295
7/13/2024,03:12:20 pm,0,9.1286,9.294
7/13/2024,03:12:30 pm,0,9.1285,9.294
7/13/2024,03:12:40 pm,0,9.1286,9.294
7/13/2024,03:12:50 pm,0,9.1287,9.293
7/13/2024,03:13:00 pm,0,9.1285,9.292
7/13/2024,03:13:10 pm,0,9.1286,9.295
7/13/2024,03:13:20 pm,0,9.1287,9.294
7/13/2024,03:13:30 pm,0,9.1287,9.292
7/13/2024,03:13:40 pm,0,9.1286,9.293
7/13/2024,03:13:50 pm,0,9.1285,9.292
7/13/2024,03:14:00 pm,0,9.1286,9.293
7/13/2024,03:14:10 pm,0,9.1286,9.293
7/13/2024,03:14:20 pm,0,9.1288,9.295
7/13/2024,03:14:30 pm,0,9.1285,9.293
7/13/2024,03:14:40 pm,0,9.1287,9.294
7/13/2024,03:14:50 pm,0,9.1284,9.293
7/13/2024,03:15:00 pm,0,9.1283,9.291
7/13/2024,03:15:10 pm,0,9.1286,9.292
7/13/2024,03:15:20 pm,0,9.1285,9.292
7/13/2024,03:15:30 pm,0,9.1284,9.293
7/13/2024,03:15:40 pm,0,9.1284,9.293
7/13/2024,03:15:50 pm,0,9.1284,9.292
7/13/2024,03:16:00 pm,0,9.1282,9.289
7/13/2024,03:16:10 pm,0,9.1283,9.292
7/13/2024,03:16:20 pm,0,9.1285,9.292
7/13/2024,03:16:30 pm,0,9.1284,9.291
7/13/2024,03:16:40 pm,0,9.1282,9.292
7/13/2024,03:16:50 pm,0,9.1282,9.291
7/13/2024,03:17:00 pm,0,9.1281,9.292
7/13/2024,03:17:10 pm,0,9.1282,9.290
7/13/2024,03:17:20 pm,0,9.1284,9.292
7/13/2024,03:17:30 pm,0,9.1281,9.291
7/13/2024,03:17:40 pm,0,9.1283,9.292
7/13/2024,03:17:50 pm,0,9.1282,9.291
7/13/2024,03:18:00 pm,0,9.1283,9.290
7/13/2024,03:18:10 pm,0,9.1281,9.290
7/13/2024,03:18:20 pm,0,9.1278,9.291
7/13/2024,03:18:30 pm,0,9.1283,9.289
7/13/2024,03:18:40 pm,0,9.1282,9.291
7/13/2024,03:18:50 pm,0,9.1282,9.291
7/13/2024,03:19:00 pm,0,9.1281,9.292
7/13/2024,03:19:10 pm,0,9.1282,9.292
7/13/2024,03:19:20 pm,0,9.1285,9.291
7/13/2024,03:19:30 pm,0,9.1238,9.290
7/13/2024,03:19:40 pm,0,9.1135,9.299
7/13/2024,03:19:50 pm,0,9.1128,9.306
7/13/2024,03:20:00 pm,0,9.1126,9.315
7/13/2024,03:20:10 pm,0,9.1128,9.323
7/13/2024,03:20:20 pm,0,9.1129,9.327
7/13/2024,03:20:30 pm,0,9.1132,9.334
7/13/2024,03:20:40 pm,0,9.1132,9.341
7/13/2024,03:20:50 pm,0,9.1134,9.349
7/13/2024,03:21:00 pm,0,9.1137,9.354
7/13/2024,03:21:10 pm,0,9.1137,9.361
7/13/2024,03:21:20 pm,0,9.1137,9.366
7/13/2024,03:21:30 pm,0,9.1138,9.370
7/13/2024,03:21:40 pm,0,9.1141,9.376
7/13/2024,03:21:50 pm,0,9.1140,9.377
7/13/2024,03:22:00 pm,0,9.1144,9.383
7/13/2024,03:22:10 pm,0,9.1143,9.386
7/13/2024,03:22:20 pm,0,9.1144,9.388
7/13/2024,03:22:30 pm,0,9.1145,9.392
7/13/2024,03:22:40 pm,0,9.1148,9.394
7/13/2024,03:22:50 pm,0,9.1150,9.395
7/13/2024,03:23:00 pm,0,9.1153,9.397
7/13/2024,03:23:10 pm,0,9.1152,9.398
7/13/2024,03:23:20 pm,0,9.1154,9.399
7/13/2024,03:23:30 pm,0,9.1156,9.400
7/13/2024,03:23:40 pm,0,9.1156,9.401
7/13/2024,03:23:50 pm,0,9.1159,9.402
7/13/2024,03:24:00 pm,0,9.1158,9.403
7/13/2024,03:24:10 pm,0,9.1158,9.403
7/13/2024,03:24:20 pm,0,9.1161,9.405
7/13/2024,03:24:30 pm,0,9.1159,9.403
7/13/2024,03:24:40 pm,0,9.1161,9.402
7/13/2024,03:24:50 pm,0,9.1162,9.403
7/13/2024,03:25:00 pm,0,9.1164,9.404
7/13/2024,03:25:10 pm,0,9.1165,9.403
7/13/2024,03:25:20 pm,0,9.1168,9.402
7/13/2024,03:25:30 pm,0,9.1166,9.403
7/13/2024,03:25:40 pm,0,9.1165,9.400
7/13/2024,03:25:50 pm,0,9.1165,9.400
7/13/2024,03:26:00 pm,0,9.1167,9.400
7/13/2024,03:26:10 pm,0,9.1169,9.401
7/13/2024,03:26:20 pm,0,9.1170,9.401
7/13/2024,03:26:30 pm,0,9.1167,9.399
7/13/2024,03:26:40 pm,0,9.1171,9.399
7/13/2024,03:26:50 pm,0,9.1170,9.399
7/13/2024,03:27:00 pm,0,9.1173,9.397
7/13/2024,03:27:10 pm,0,9.1171,9.400
7/13/2024,03:27:20 pm,0,9.1172,9.397
7/13/2024,03:27:30 pm,0,9.1172,9.396
7/13/2024,03:27:40 pm,0,9.1174,9.399
7/13/2024,03:27:50 pm,0,9.1172,9.397
7/13/2024,03:28:00 pm,0,9.1175,9.397
7/13/2024,03:28:10 pm,0,9.1174,9.396
7/13/2024,03:28:20 pm,0,9.1175,9.396
7/13/2024,03:28:30 pm,0,9.1176,9.393
7/13/2024,03:28:40 pm,0,9.1178,9.395
7/13/2024,03:28:50 pm,0,9.1177,9.394
7/13/2024,03:29:00 pm,0,9.1178,9.393
7/13/2024,03:29:10 pm,0,9.1176,9.393
7/13/2024,03:29:20 pm,0,9.1178,9.391
7/13/2024,03:29:30 pm,0,9.1177,9.393
7/13/2024,03:29:40 pm,0,9.1179,9.392
7/13/2024,03:29:50 pm,0,9.1178,9.392
7/13/2024,03:30:00 pm,0,9.1179,9.390
7/13/2024,03:30:10 pm,0,9.1179,9.391
7/13/2024,03:30:20 pm,0,9.1178,9.389
7/13/2024,03:30:30 pm,0,9.1179,9.389
7/13/2024,03:30:40 pm,0,9.1178,9.388
7/13/2024,03:30:50 pm,0,9.1179,9.388
7/13/2024,03:31:00 pm,0,9.1180,9.389
7/13/2024,03:31:10 pm,0,9.1180,9.389
7/13/2024,03:31:20 pm,0,9.1180,9.387
7/13/2024,03:31:30 pm,0,9.1183,9.389
7/13/2024,03:31:40 pm,0,9.1182,9.387
7/13/2024,03:31:50 pm,0,9.1182,9.385
7/13/2024,03:32:00 pm,0,9.1183,9.386
7/13/2024,03:32:10 pm,0,9.1182,9.386
7/13/2024,03:32:20 pm,0,9.1183,9.384
7/13/2024,03:32:30 pm,0,9.1183,9.382
7/13/2024,03:32:40 pm,0,9.1181,9.382
7/13/2024,03:32:50 pm,0,9.1184,9.385
7/13/2024,03:33:00 pm,0,9.1184,9.383
7/13/2024,03:33:10 pm,0,9.1182,9.384
7/13/2024,03:33:20 pm,0,9.1185,9.382
7/13/2024,03:33:30 pm,0,9.1184,9.382
7/13/2024,03:33:40 pm,0,9.1185,9.381
7/13/2024,03:33:50 pm,0,9.1185,9.379
7/13/2024,03:34:00 pm,0,9.1184,9.379
7/13/2024,03:34:10 pm,0,9.1185,9.378
7/13/2024,03:34:20 pm,0,9.1184,9.379
7/13/2024,03:34:30 pm,0,9.1183,9.376
7/13/2024,03:34:40 pm,0,9.1186,9.376
7/13/2024,03:34:50 pm,0,9.1186,9.375
7/13/2024,03:35:00 pm,0,9.1185,9.376
7/13/2024,03:35:10 pm,0,9.1186,9.375
7/13/2024,03:35:20 pm,0,9.1185,9.375
7/13/2024,03:35:30 pm,0,9.1185,9.374
7/13/2024,03:35:40 pm,0,9.1185,9.375
7/13/2024,03:35:50 pm,0,9.1185,9.373
7/13/2024,03:36:00 pm,0,9.1186,9.372
7/13/2024,03:36:10 pm,0,9.1187,9.372
7/13/2024,03:36:20 pm,0,9.1188,9.372
7/13/2024,03:36:30 pm,0,9.1188,9.371
7/13/2024,03:36:40 pm,0,9.1189,9.372
7/13/2024,03:36:50 pm,0,9.1193,9.371
7/13/2024,03:37:00 pm,0,9.1189,9.369
7/13/2024,03:37:10 pm,0,9.1190,9.371
7/13/2024,03:37:20 pm,0,9.1189,9.370
7/13/2024,03:37:30 pm,0,9.1189,9.369
7/13/2024,03:37:40 pm,0,9.1190,9.369
7/13/2024,03:37:50 pm,0,9.1189,9.367
7/13/2024,03:38:00 pm,0,9.1189,9.366
7/13/2024,03:38:10 pm,0,9.1190,9.367
7/13/2024,03:38:20 pm,0,9.1192,9.365
7/13/2024,03:38:30 pm,0,9.1193,9.366
7/13/2024,03:38:40 pm,0,9.1192,9.364
7/13/2024,03:38:50 pm,0,9.1192,9.364
7/13/2024,03:39:00 pm,0,9.1191,9.363
7/13/2024,03:39:10 pm,0,9.1192,9.364
7/13/2024,03:39:20 pm,0,9.1192,9.364
7/13/2024,03:39:30 pm,0,9.1193,9.362
7/13/2024,03:39:40 pm,0,9.1194,9.359
7/13/2024,03:39:50 pm,0,9.1194,9.361
7/13/2024,03:40:00 pm,0,9.1193,9.360
7/13/2024,03:40:10 pm,0,9.1195,9.361
7/13/2024,03:40:20 pm,0,9.1194,9.359
7/13/2024,03:40:30 pm,0,9.1194,9.359
7/13/2024,03:40:40 pm,0,9.1196,9.357
7/13/2024,03:40:50 pm,0,9.1195,9.358
7/13/2024,03:41:00 pm,0,9.1197,9.358
7/13/2024,03:41:10 pm,0,9.1196,9.357
7/13/2024,03:41:20 pm,0,9.1196,9.355
7/13/2024,03:41:30 pm,0,9.1194,9.355
7/13/2024,03:41:40 pm,0,9.1196,9.353
7/13/2024,03:41:50 pm,0,9.1195,9.355
7/13/2024,03:42:00 pm,0,9.1197,9.355
7/13/2024,03:42:10 pm,0,9.1198,9.354
7/13/2024,03:42:20 pm,0,9.1197,9.354
7/13/2024,03:42:30 pm,0,9.1198,9.353
7/13/2024,03:42:40 pm,0,9.1198,9.352
7/13/2024,03:42:50 pm,0,9.1199,9.353
7/13/2024,03:43:00 pm,0,9.1199,9.352
7/13/2024,03:43:10 pm,0,9.1201,9.352
7/13/2024,03:43:20 pm,0,9.1198,9.349
7/13/2024,03:43:30 pm,0,9.1199,9.349
7/13/2024,03:43:40 pm,0,9.1199,9.350
7/13/2024,03:43:50 pm,0,9.1200,9.352
7/13/2024,03:44:00 pm,0,9.1200,9.347
7/13/2024,03:44:10 pm,0,9.1199,9.347
7/13/2024,03:44:20 pm,0,9.1197,9.349
7/13/2024,03:44:30 pm,0,9.1198,9.347
7/13/2024,03:44:40 pm,0,9.1197,9.347
7/13/2024,03:44:50 pm,0,9.1199,9.346
7/13/2024,03:45:00 pm,0,9.1201,9.346
7/13/2024,03:45:10 pm,0,9.1199,9.344
7/13/2024,03:45:20 pm,0,9.1200,9.345
7/13/2024,03:45:30 pm,0,9.1199,9.343
7/13/2024,03:45:40 pm,0,9.1199,9.342
7/13/2024,03:45:50 pm,0,9.1199,9.341
7/13/2024,03:46:00 pm,0,9.1201,9.341
7/13/2024,03:46:10 pm,0,9.1201,9.341
7/13/2024,03:46:20 pm,0,9.1199,9.342
7/13/2024,03:46:30 pm,0,9.1200,9.341
7/13/2024,03:46:40 pm,0,9.1200,9.340
7/13/2024,03:46:50 pm,0,9.1201,9.339
7/13/2024,03:47:00 pm,0,9.1201,9.339
7/13/2024,03:47:10 pm,0,9.1201,9.340
7/13/2024,03:47:20 pm,0,9.1202,9.339
7/13/2024,03:47:30 pm,0,9.1203,9.337
7/13/2024,03:47:40 pm,0,9.1202,9.338
7/13/2024,03:47:50 pm,0,9.1203,9.336
7/13/2024,03:48:00 pm,0,9.1203,9.336
7/13/2024,03:48:10 pm,0,9.1205,9.336
7/13/2024,03:48:20 pm,0,9.1204,9.335
7/13/2024,03:48:30 pm,0,9.1201,9.336
7/13/2024,03:48:40 pm,0,9.1204,9.333
7/13/2024,03:48:50 pm,0,9.1204,9.334
7/13/2024,03:49:00 pm,0,9.1205,9.335
7/13/2024,03:49:10 pm,0,9.1203,9.333
7/13/2024,03:49:20 pm,0,9.1206,9.332
7/13/2024,03:49:30 pm,0,9.1204,9.333
7/13/2024,03:49:40 pm,0,9.1204,9.330
7/13/2024,03:49:50 pm,0,9.1206,9.330
7/13/2024,03:50:00 pm,0,9.1207,9.329
7/13/2024,03:50:10 pm,0,9.1208,9.330
7/13/2024,03:50:20 pm,0,9.1206,9.329
7/13/2024,03:50:30 pm,0,9.1206,9.328
7/13/2024,03:50:40 pm,0,9.1208,9.329
7/13/2024,03:50:50 pm,0,9.1207,9.327
7/13/2024,03:51:00 pm,0,9.1208,9.327
7/13/2024,03:51:10 pm,0,9.1208,9.326
7/13/2024,03:51:20 pm,0,9.1208,9.327
7/13/2024,03:51:30 pm,0,9.1208,9.327
7/13/2024,03:51:40 pm,0,9.1207,9.325
7/13/2024,03:51:50 pm,0,9.1208,9.325
7/13/2024,03:52:00 pm,0,9.1211,9.326
7/13/2024,03:52:10 pm,0,9.1210,9.326
7/13/2024,03:52:20 pm,0,9.1211,9.324
7/13/2024,03:52:30 pm,0,9.1209,9.324
7/13/2024,03:52:40 pm,0,9.1210,9.324
7/13/2024,03:52:50 pm,0,9.1211,9.322
7/13/2024,03:53:00 pm,0,9.1211,9.322
7/13/2024,03:53:10 pm,0,9.1210,9.322
7/13/2024,03:53:20 pm,0,9.1211,9.321
7/13/2024,03:53:30 pm,0,9.1212,9.321
7/13/2024,03:53:40 pm,0,9.1212,9.321
7/13/2024,03:53:50 pm,0,9.1209,9.318
7/13/2024,03:54:00 pm,0,9.1211,9.320
7/13/2024,03:54:10 pm,0,9.1211,9.319
7/13/2024,03:54:20 pm,0,9.1209,9.320
7/13/2024,03:54:30 pm,0,9.1210,9.321
7/13/2024,03:54:40 pm,0,9.1212,9.318
7/13/2024,03:54:50 pm,0,9.1211,9.318
7/13/2024,03:55:00 pm,0,9.1211,9.317
7/13/2024,03:55:10 pm,0,9.1211,9.316
7/13/2024,03:55:20 pm,0,9.1212,9.317
7/13/2024,03:55:30 pm,0,9.1210,9.316
7/13/2024,03:55:40 pm,0,9.1211,9.316
7/13/2024,03:55:50 pm,0,9.1210,9.315
7/13/2024,03:56:00 pm,0,9.1213,9.314
7/13/2024,03:56:10 pm,0,9.1212,9.313
7/13/2024,03:56:20 pm,0,9.1212,9.314
7/13/2024,03:56:30 pm,0,9.1211,9.314
7/13/2024,03:56:40 pm,0,9.1210,9.313
7/13/2024,03:56:50 pm,0,9.1210,9.313
7/13/2024,03:57:00 pm,0,9.1209,9.313
7/13/2024,03:57:10 pm,0,9.1210,9.314
7/13/2024,03:57:20 pm,0,9.1211,9.311
7/13/2024,03:57:30 pm,0,9.1211,9.312
7/13/2024,03:57:40 pm,0,9.1210,9.311
7/13/2024,03:57:50 pm,0,9.1211,9.311
7/13/2024,03:58:00 pm,0,9.1211,9.308
7/13/2024,03:58:10 pm,0,9.1211,9.309
7/13/2024,03:58:20 pm,0,9.1212,9.308
7/13/2024,03:58:30 pm,0,9.1212,9.308
7/13/2024,03:58:40 pm,0,9.1212,9.309
7/13/2024,03:58:50 pm,0,9.1210,9.307
7/13/2024,03:59:00 pm,0,9.1209,9.308
7/13/2024,03:59:10 pm,0,9.1210,9.308
7/13/2024,03:59:20 pm,0,9.1210,9.307
7/13/2024,03:59:30 pm,0,9.1209,9.307
7/13/2024,03:59:40 pm,0,9.1211,9.306
7/13/2024,03:59:50 pm,0,9.1210,9.305
7/13/2024,04:00:00 pm,0,9.1210,9.304
7/13/2024,04:00:10 pm,0,9.1211,9.304
7/13/2024,04:00:20 pm,0,9.1208,9.304
7/13/2024,04:00:30 pm,0,9.1209,9.304
7/13/2024,04:00:40 pm,0,9.1209,9.302
7/13/2024,04:00:50 pm,0,9.1210,9.304
7/13/2024,04:01:00 pm,0,9.1210,9.304
7/13/2024,04:01:10 pm,0,9.1208,9.304
7/13/2024,04:01:20 pm,0,9.1207,9.302
7/13/2024,04:01:30 pm,0,9.1210,9.303
7/13/2024,04:01:40 pm,0,9.1209,9.301
7/13/2024,04:01:50 pm,0,9.1208,9.300
7/13/2024,04:02:00 pm,0,9.1210,9.301
7/13/2024,04:02:10 pm,0,9.1209,9.300
7/13/2024,04:02:20 pm,0,9.1209,9.301
7/13/2024,04:02:30 pm,0,9.1208,9.301
7/13/2024,04:02:40 pm,0,9.1207,9.300
7/13/2024,04:02:50 pm,0,9.1208,9.298
7/13/2024,04:03:00 pm,0,9.1207,9.298
7/13/2024,04:03:10 pm,0,9.1208,9.299
7/13/2024,04:03:20 pm,0,9.1206,9.297
7/13/2024,04:03:30 pm,0,9.1207,9.297
7/13/2024,04:03:40 pm,0,9.1207,9.298
7/13/2024,04:03:50 pm,0,9.1207,9.296
7/13/2024,04:04:00 pm,0,9.1209,9.297
7/13/2024,04:04:10 pm,0,9.1208,9.296
7/13/2024,04:04:20 pm,0,9.1209,9.297
7/13/2024,04:04:30 pm,0,9.1209,9.296
7/13/2024,04:04:40 pm,0,9.1207,9.294
7/13/2024,04:04:50 pm,0,9.1206,9.295
7/13/2024,04:05:00 pm,0,9.1207,9.294
7/13/2024,04:05:10 pm,0,9.1209,9.296
7/13/2024,04:05:20 pm,0,9.1207,9.294
7/13/2024,04:05:30 pm,0,9.1206,9.293
7/13/2024,04:05:40 pm,0,9.1208,9.293
7/13/2024,04:05:50 pm,0,9.1206,9.292
7/13/2024,04:06:00 pm,0,9.1205,9.293
7/13/2024,04:06:10 pm,0,9.1206,9.293
7/13/2024,04:06:20 pm,0,9.1205,9.291
7/13/2024,04:06:30 pm,0,9.1204,9.290
7/13/2024,04:06:40 pm,0,9.1205,9.292
7/13/2024,04:06:50 pm,0,9.1208,9.291
7/13/2024,04:07:00 pm,0,9.1206,9.290
7/13/2024,04:07:10 pm,0,9.1206,9.290
7/13/2024,04:07:20 pm,0,9.1208,9.290
7/13/2024,04:07:30 pm,0,9.1205,9.290
7/13/2024,04:07:40 pm,0,9.1206,9.290
7/13/2024,04:07:50 pm,0,9.1206,9.286
7/13/2024,04:08:00 pm,0,9.1206,9.290
7/13/2024,04:08:10 pm,0,9.1204,9.290
7/13/2024,04:08:20 pm,0,9.1207,9.286
7/13/2024,04:08:30 pm,0,9.1206,9.288
7/13/2024,04:08:40 pm,0,9.1205,9.288
7/13/2024,04:08:50 pm,0,9.1205,9.285
7/13/2024,04:09:00 pm,0,9.1206,9.286
7/13/2024,04:09:10 pm,0,9.1205,9.287
7/13/2024,04:09:20 pm,0,9.1206,9.285
7/13/2024,04:09:30 pm,0,9.1205,9.285
7/13/2024,04:09:40 pm,0,9.1205,9.286
7/13/2024,04:09:50 pm,0,9.1205,9.285
7/13/2024,04:10:00 pm,0,9.1208,9.283
7/13/2024,04:10:10 pm,0,9.1207,9.285
7/13/2024,04:10:20 pm,0,9.1207,9.283
7/13/2024,04:10:30 pm,0,9.1206,9.283
7/13/2024,04:10:40 pm,0,9.1205,9.282
7/13/2024,04:10:50 pm,0,9.1204,9.284
7/13/2024,04:11:00 pm,0,9.1207,9.283
7/13/2024,04:11:10 pm,0,9.1207,9.284
7/13/2024,04:11:20 pm,0,9.1208,9.282
7/13/2024,04:11:30 pm,0,9.1206,9.282
7/13/2024,04:11:40 pm,0,9.1207,9.280
7/13/2024,04:11:50 pm,0,9.1208,9.280
7/13/2024,04:12:00 pm,0,9.1208,9.284
7/13/2024,04:12:10 pm,0,9.1207,9.279
7/13/2024,04:12:20 pm,0,9.1207,9.280
7/13/2024,04:12:30 pm,0,9.1206,9.280
7/13/2024,04:12:40 pm,0,9.1205,9.281
7/13/2024,04:12:50 pm,0,9.1206,9.279
7/13/2024,04:13:00 pm,0,9.1208,9.279
7/13/2024,04:13:10 pm,0,9.1207,9.278
7/13/2024,04:13:20 pm,0,9.1207,9.277
7/13/2024,04:13:30 pm,0,9.1206,9.279
7/13/2024,04:13:40 pm,0,9.1210,9.279
7/13/2024,04:13:50 pm,0,9.1209,9.278
7/13/2024,04:14:00 pm,0,9.1208,9.277
7/13/2024,04:14:10 pm,0,9.1208,9.278
7/13/2024,04:14:20 pm,0,9.1207,9.278
7/13/2024,04:14:30 pm,0,9.1207,9.276
7/13/2024,04:14:40 pm,0,9.1208,9.278
7/13/2024,04:14:50 pm,0,9.1209,9.277
7/13/2024,04:15:00 pm,0,9.1206,9.275
7/13/2024,04:15:10 pm,0,9.1206,9.274
7/13/2024,04:15:20 pm,0,9.1206,9.276
7/13/2024,04:15:30 pm,0,9.1205,9.277
7/13/2024,04:15:40 pm,0,9.1208,9.274
7/13/2024,04:15:50 pm,0,9.1206,9.275
7/13/2024,04:16:00 pm,0,9.1206,9.276
7/13/2024,04:16:10 pm,0,9.1207,9.274
7/13/2024,04:16:20 pm,0,9.1207,9.274
7/13/2024,04:16:30 pm,0,9.1206,9.274
7/13/2024,04:16:40 pm,0,9.1206,9.274
7/13/2024,04:16:50 pm,0,9.1205,9.273
7/13/2024,04:17:00 pm,0,9.1207,9.273
7/13/2024,04:17:10 pm,0,9.1206,9.273
7/13/2024,04:17:20 pm,0,9.1207,9.273
7/13/2024,04:17:30 pm,0,9.1209,9.272
7/13/2024,04:17:40 pm,0,9.1206,9.272
7/13/2024,04:17:50 pm,0,9.1208,9.270
7/13/2024,04:18:00 pm,0,9.1208,9.272
7/13/2024,04:18:10 pm,0,9.1207,9.272
7/13/2024,04:18:20 pm,0,9.1206,9.270
7/13/2024,04:18:30 pm,0,9.1207,9.271
7/13/2024,04:18:40 pm,0,9.1206,9.270
7/13/2024,04:18:50 pm,0,9.1206,9.271
7/13/2024,04:19:00 pm,0,9.1208,9.269
7/13/2024,04:19:10 pm,0,9.1209,9.271
7/13/2024,04:19:20 pm,0,9.1207,9.269
7/13/2024,04:19:30 pm,0,9.1206,9.270
7/13/2024,04:19:40 pm,0,9.1207,9.269
7/13/2024,04:19:50 pm,0,9.1207,9.268
7/13/2024,04:20:00 pm,0,9.1207,9.268
7/13/2024,04:20:10 pm,0,9.1207,9.269
7/13/2024,04:20:20 pm,0,9.1208,9.268
7/13/2024,04:20:30 pm,0,9.1206,9.266
7/13/2024,04:20:40 pm,0,9.1205,9.269
7/13/2024,04:20:50 pm,0,9.1207,9.267
7/13/2024,04:21:00 pm,0,9.1206,9.267
7/13/2024,04:21:10 pm,0,9.1207,9.266
7/13/2024,04:21:20 pm,0,9.1206,9.268
7/13/2024,04:21:30 pm,0,9.1207,9.267
7/13/2024,04:21:40 pm,0,9.1207,9.264
7/13/2024,04:21:50 pm,0,9.1209,9.266
7/13/2024,04:22:00 pm,0,9.1207,9.264
7/13/2024,04:22:10 pm,0,9.1206,9.264
7/13/2024,04:22:20 pm,0,9.1208,9.267
7/13/2024,04:22:30 pm,0,9.1207,9.264
7/13/2024,04:22:40 pm,0,9.1206,9.264
7/13/2024,04:22:50 pm,0,9.1207,9.266
7/13/2024,04:23:00 pm,0,9.1207,9.263
7/13/2024,04:23:10 pm,0,9.1209,9.265
7/13/2024,04:23:20 pm,0,9.1209,9.263
7/13/2024,04:23:30 pm,0,9.1209,9.262
7/13/2024,04:23:40 pm,0,9.1208,9.263
7/13/2024,04:23:50 pm,0,9.1208,9.262
7/13/2024,04:24:00 pm,0,9.1208,9.261
7/13/2024,04:24:10 pm,0,9.1209,9.263
7/13/2024,04:24:20 pm,0,9.1212,9.263
7/13/2024,04:24:30 pm,0,9.1210,9.261
7/13/2024,04:24:40 pm,0,9.1211,9.261
7/13/2024,04:24:50 pm,0,9.1210,9.263
7/13/2024,04:25:00 pm,0,9.1209,9.262
7/13/2024,04:25:10 pm,0,9.1210,9.263
7/13/2024,04:25:20 pm,0,9.1210,9.260
7/13/2024,04:25:30 pm,0,9.1211,9.260
7/13/2024,04:25:40 pm,0,9.1211,9.260
7/13/2024,04:25:50 pm,0,9.1209,9.262
7/13/2024,04:26:00 pm,0,9.1210,9.259
7/13/2024,04:26:10 pm,0,9.1211,9.260
7/13/2024,04:26:20 pm,0,9.1210,9.258
7/13/2024,04:26:30 pm,0,9.1211,9.260
7/13/2024,04:26:40 pm,0,9.1212,9.258
7/13/2024,04:26:50 pm,0,9.1211,9.261
7/13/2024,04:27:00 pm,0,9.1211,9.260
7/13/2024,04:27:10 pm,0,9.1210,9.257
7/13/2024,04:27:20 pm,0,9.1211,9.257
7/13/2024,04:27:30 pm,0,9.1212,9.259
7/13/2024,04:27:40 pm,0,9.1213,9.257
7/13/2024,04:27:50 pm,0,9.1212,9.257
7/13/2024,04:28:00 pm,0,9.1213,9.258
7/13/2024,04:28:10 pm,0,9.1213,9.257
7/13/2024,04:28:20 pm,0,9.1212,9.256
7/13/2024,04:28:30 pm,0,9.1215,9.257
7/13/2024,04:28:40 pm,0,9.1214,9.256
7/13/2024,04:28:50 pm,0,9.1216,9.258
7/13/2024,04:29:00 pm,0,9.1214,9.258
7/13/2024,04:29:10 pm,0,9.1216,9.254
7/13/2024,04:29:20 pm,0,9.1215,9.255
7/13/2024,04:29:30 pm,0,9.1216,9.254
7/13/2024,04:29:40 pm,0,9.1215,9.256
7/13/2024,04:29:50 pm,0,9.1213,9.255
7/13/2024,04:30:00 pm,0,9.1215,9.256
7/13/2024,04:30:10 pm,0,9.1217,9.255
7/13/2024,04:30:20 pm,0,9.1214,9.253
7/13/2024,04:30:30 pm,0,9.1216,9.256
7/13/2024,04:30:40 pm,0,9.1215,9.253
7/13/2024,04:30:50 pm,0,9.1216,9.254
7/13/2024,04:31:00 pm,0,9.1215,9.252
7/13/2024,04:31:10 pm,0,9.1216,9.253
7/13/2024,04:31:20 pm,0,9.1217,9.253
7/13/2024,04:31:30 pm,0,9.1218,9.252
7/13/2024,04:31:40 pm,0,9.1217,9.254
7/13/2024,04:31:50 pm,0,9.1218,9.252
7/13/2024,04:32:00 pm,0,9.1216,9.252
7/13/2024,04:32:10 pm,0,9.1216,9.251
7/13/2024,04:32:20 pm,0,9.1219,9.250
7/13/2024,04:32:30 pm,0,9.1217,9.251
7/13/2024,04:32:40 pm,0,9.1219,9.251
7/13/2024,04:32:50 pm,0,9.1219,9.250
7/13/2024,04:33:00 pm,0,9.1217,9.250
7/13/2024,04:33:10 pm,0,9.1219,9.251
7/13/2024,04:33:20 pm,0,9.1217,9.249
7/13/2024,04:33:30 pm,0,9.1218,9.249
7/13/2024,04:33:40 pm,0,9.1217,9.250
7/13/2024,04:33:50 pm,0,9.1217,9.251
7/13/2024,04:34:00 pm,0,9.1217,9.250
7/13/2024,04:34:10 pm,0,9.1216,9.249
7/13/2024,04:34:20 pm,0,9.1217,9.249
7/13/2024,04:34:30 pm,0,9.1214,9.250
7/13/2024,04:34:40 pm,0,9.1215,9.248
7/13/2024,04:34:50 pm,0,9.1216,9.249
7/13/2024,04:35:00 pm,0,9.1217,9.247
7/13/2024,04:35:10 pm,0,9.1215,9.247
7/13/2024,04:35:20 pm,0,9.1215,9.248
7/13/2024,04:35:30 pm,0,9.1217,9.247
7/13/2024,04:35:40 pm,0,9.1218,9.247
7/13/2024,04:35:50 pm,0,9.1216,9.247
7/13/2024,04:36:00 pm,0,9.1216,9.248
7/13/2024,04:36:10 pm,0,9.1216,9.247
7/13/2024,04:36:20 pm,0,9.1218,9.248
7/13/2024,04:36:30 pm,0,9.1217,9.247
7/13/2024,04:36:40 pm,0,9.1216,9.247
7/13/2024,04:36:50 pm,0,9.1214,9.246
7/13/2024,04:37:00 pm,0,9.1215,9.246
7/13/2024,04:37:10 pm,0,9.1216,9.247
7/13/2024,04:37:20 pm,0,9.1216,9.246
7/13/2024,04:37:30 pm,0,9.1215,9.245
7/13/2024,04:37:40 pm,0,9.1218,9.246
7/13/2024,04:37:50 pm,0,9.1216,9.246
7/13/2024,04:38:00 pm,0,9.1216,9.246
7/13/2024,04:38:10 pm,0,9.1216,9.244
7/13/2024,04:38:20 pm,0,9.1218,9.245
7/13/2024,04:38:30 pm,0,9.1216,9.245
7/13/2024,04:38:40 pm,0,9.1216,9.244
7/13/2024,04:38:50 pm,0,9.1216,9.244
7/13/2024,04:39:00 pm,0,9.1216,9.242
7/13/2024,04:39:10 pm,0,9.1218,9.243
7/13/2024,04:39:20 pm,0,9.1216,9.245
7/13/2024,04:39:30 pm,0,9.1216,9.243
7/13/2024,04:39:40 pm,0,9.1219,9.245
7/13/2024,04:39:50 pm,0,9.1217,9.243
7/13/2024,04:40:00 pm,0,9.1217,9.242
7/13/2024,04:40:10 pm,0,9.1216,9.242
7/13/2024,04:40:20 pm,0,9.1216,9.242
7/13/2024,04:40:30 pm,0,9.1216,9.241
7/13/2024,04:40:40 pm,0,9.1219,9.243
7/13/2024,04:40:50 pm,0,9.1218,9.242
7/13/2024,04:41:00 pm,0,9.1219,9.241
7/13/2024,04:41:10 pm,0,9.1217,9.241
7/13/2024,04:41:20 pm,0,9.1218,9.243
7/13/2024,04:41:30 pm,0,9.1219,9.241
7/13/2024,04:41:40 pm,0,9.1218,9.242
7/13/2024,04:41:50 pm,0,9.1218,9.244
7/13/2024,04:42:00 pm,0,9.1219,9.242
7/13/2024,04:42:10 pm,0,9.1220,9.240
7/13/2024,04:42:20 pm,0,9.1218,9.240
7/13/2024,04:42:30 pm,0,9.1218,9.240
7/13/2024,04:42:40 pm,0,9.1218,9.242
7/13/2024,04:42:50 pm,0,9.1219,9.241
7/13/2024,04:43:00 pm,0,9.1218,9.239
7/13/2024,04:43:10 pm,0,9.1219,9.241
7/13/2024,04:43:20 pm,0,9.1219,9.239
7/13/2024,04:43:30 pm,0,9.1219,9.239
7/13/2024,04:43:40 pm,0,9.1216,9.239
7/13/2024,04:43:50 pm,0,9.1218,9.240
7/13/2024,04:44:00 pm,0,9.1218,9.240
7/13/2024,04:44:10 pm,0,9.1216,9.240
7/13/2024,04:44:20 pm,0,9.1218,9.239
7/13/2024,04:44:30 pm,0,9.1217,9.239
7/13/2024,04:44:40 pm,0,9.1219,9.239
7/13/2024,04:44:50 pm,0,9.1219,9.238
7/13/2024,04:45:00 pm,0,9.1219,9.240
7/13/2024,04:45:10 pm,0,9.1221,9.238
7/13/2024,04:45:20 pm,0,9.1219,9.238
7/13/2024,04:45:30 pm,0,9.1219,9.238
7/13/2024,04:45:40 pm,0,9.1219,9.238
7/13/2024,04:45:50 pm,0,9.1219,9.238
7/13/2024,04:46:00 pm,0,9.1219,9.238
7/13/2024,04:46:10 pm,0,9.1216,9.238
7/13/2024,04:46:20 pm,0,9.1218,9.238
7/13/2024,04:46:30 pm,0,9.1219,9.237
7/13/2024,04:46:40 pm,0,9.1218,9.236
7/13/2024,04:46:50 pm,0,9.1219,9.237
7/13/2024,04:47:00 pm,0,9.1220,9.237
7/13/2024,04:47:10 pm,0,9.1219,9.237
7/13/2024,04:47:20 pm,0,9.1219,9.237
7/13/2024,04:47:30 pm,0,9.1217,9.238
7/13/2024,04:47:40 pm,0,9.1217,9.236
7/13/2024,04:47:50 pm,0,9.1219,9.236
7/13/2024,04:48:00 pm,0,9.1219,9.235
7/13/2024,04:48:10 pm,0,9.1217,9.237
7/13/2024,04:48:20 pm,0,9.1219,9.235
7/13/2024,04:48:30 pm,0,9.1218,9.235
7/13/2024,04:48:40 pm,0,9.1218,9.236
7/13/2024,04:48:50 pm,0,9.1219,9.234
7/13/2024,04:49:00 pm,0,9.1218,9.235
7/13/2024,04:49:10 pm,0,9.1216,9.233
7/13/2024,04:49:20 pm,0,9.1216,9.233
7/13/2024,04:49:30 pm,0,9.1220,9.234
7/13/2024,04:49:40 pm,0,9.1220,9.235
7/13/2024,04:49:50 pm,0,9.1220,9.234
7/13/2024,04:50:00 pm,0,9.1223,9.234
7/13/2024,04:50:10 pm,0,9.1223,9.234
7/13/2024,04:50:20 pm,0,9.1224,9.234
7/13/2024,04:50:30 pm,0,9.1222,9.233
7/13/2024,04:50:40 pm,0,9.1223,9.234
7/13/2024,04:50:50 pm,0,9.1224,9.234
7/13/2024,04:51:00 pm,0,8.3227,9.241
7/13/2024,04:51:10 pm,0,8.2415,9.511
7/13/2024,04:51:20 pm,0,8.2444,10.043
7/13/2024,04:51:30 pm,0,8.2415,10.831
7/13/2024,04:51:40 pm,0,8.2398,11.762
7/13/2024,04:51:50 pm,0,8.2426,12.900
7/13/2024,04:52:00 pm,0,8.2449,13.812
7/13/2024,04:52:10 pm,0,8.2451,14.570
7/13/2024,04:52:20 pm,0,8.2463,15.279
7/13/2024,04:52:30 pm,0,8.2467,15.942
7/13/2024,04:52:40 pm,0,8.2468,16.538
7/13/2024,04:52:50 pm,0,8.2475,17.174
7/13/2024,04:53:00 pm,0,8.2472,17.700
7/13/2024,04:53:10 pm,0,8.2472,18.180
7/13/2024,04:53:20 pm,0,8.2464,18.588
7/13/2024,04:53:30 pm,0,8.2459,18.951
7/13/2024,04:53:40 pm,0,8.2457,19.334
7/13/2024,04:53:50 pm,0,8.2464,19.717
7/13/2024,04:54:00 pm,0,8.2467,20.072
7/13/2024,04:54:10 pm,0,8.2461,20.388
7/13/2024,04:54:20 pm,0,8.2470,20.753
7/13/2024,04:54:30 pm,0,8.2492,21.328
7/13/2024,04:54:40 pm,0,8.2497,21.698
7/13/2024,04:54:50 pm,0,8.2495,22.091
7/13/2024,04:55:00 pm,0,8.2488,22.420
7/13/2024,04:55:10 pm,0,8.2484,22.724
7/13/2024,04:55:20 pm,0,8.2474,23.010
7/13/2024,04:55:30 pm,0,8.2463,23.291
7/13/2024,04:55:40 pm,0,8.2456,23.557
7/13/2024,04:55:50 pm,0,8.2448,23.816
7/13/2024,04:56:00 pm,0,8.2448,24.098
7/13/2024,04:56:10 pm,0,8.2445,24.379
7/13/2024,04:56:20 pm,0,8.2440,24.554
7/13/2024,04:56:30 pm,0,8.2413,24.587
7/13/2024,04:56:40 pm,0,8.2388,24.614
7/13/2024,04:56:50 pm,0,8.2370,24.656
7/13/2024,04:57:00 pm,0,8.2357,24.701
7/13/2024,04:57:10 pm,0,8.2345,24.747
7/13/2024,04:57:20 pm,0,8.2336,24.789
7/13/2024,04:57:30 pm,0,8.2327,24.827
7/13/2024,04:57:40 pm,0,8.2321,24.859
7/13/2024,04:57:50 pm,0,8.2314,24.887
7/13/2024,04:58:00 pm,0,8.2310,24.910
7/13/2024,04:58:10 pm,0,8.2305,24.927
7/13/2024,04:58:20 pm,0,8.2299,24.942
7/13/2024,04:58:30 pm,0,8.2269,24.966
7/13/2024,04:58:40 pm,0,8.2283,24.967
7/13/2024,04:58:50 pm,0,8.2268,24.947
7/13/2024,04:59:00 pm,0,8.2261,24.907
7/13/2024,04:59:10 pm,0,8.2259,24.855
7/13/2024,04:59:20 pm,0,8.2265,24.797
7/13/2024,04:59:30 pm,0,8.2269,24.735
7/13/2024,04:59:40 pm,0,8.2270,24.560
7/13/2024,04:59:50 pm,0,8.2291,24.359
7/13/2024,05:00:00 pm,0,8.2306,24.221
7/13/2024,05:00:10 pm,0,8.2315,24.106
7/13/2024,05:00:20 pm,0,8.2323,23.992
7/13/2024,05:00:30 pm,0,8.2333,23.880
7/13/2024,05:00:40 pm,0,8.2336,23.771
7/13/2024,05:00:50 pm,0,8.2342,23.659
7/13/2024,05:01:00 pm,0,8.2345,23.552
7/13/2024,05:01:10 pm,0,8.2351,23.454
7/13/2024,05:01:20 pm,0,8.2357,23.361
7/13/2024,05:01:30 pm,0,8.2361,23.267
7/13/2024,05:01:40 pm,0,8.2362,23.185
7/13/2024,05:01:50 pm,0,8.2364,23.101
7/13/2024,05:02:00 pm,0,8.2370,23.022
7/13/2024,05:02:10 pm,0,8.2370,22.943
7/13/2024,05:02:20 pm,0,8.2376,22.865
7/13/2024,05:02:30 pm,0,8.2375,22.796
7/13/2024,05:02:40 pm,0,8.2374,22.731
7/13/2024,05:02:50 pm,0,8.2373,22.671
7/13/2024,05:03:00 pm,0,8.2379,22.613
7/13/2024,05:03:10 pm,0,8.2384,22.549
7/13/2024,05:03:20 pm,0,8.2386,22.487
7/13/2024,05:03:30 pm,0,8.2387,22.430
7/13/2024,05:03:40 pm,0,8.2388,22.378
7/13/2024,05:03:50 pm,0,8.2389,22.331
7/13/2024,05:04:00 pm,0,8.2386,22.286
7/13/2024,05:04:10 pm,0,8.2390,22.252
7/13/2024,05:04:20 pm,0,8.2389,22.219
7/13/2024,05:04:30 pm,0,8.2391,22.191
7/13/2024,05:04:40 pm,0,8.2391,22.152
7/13/2024,05:04:50 pm,0,8.2393,22.109
7/13/2024,05:05:00 pm,0,8.2395,22.065
7/13/2024,05:05:10 pm,0,8.2395,22.022
7/13/2024,05:05:20 pm,0,8.2398,21.979
7/13/2024,05:05:30 pm,0,8.2399,21.943
7/13/2024,05:05:40 pm,0,8.2402,21.913
7/13/2024,05:05:50 pm,0,8.2401,21.877
7/13/2024,05:06:00 pm,0,8.2404,21.833
7/13/2024,05:06:10 pm,0,8.2409,21.789
7/13/2024,05:06:20 pm,0,8.2411,21.740
7/13/2024,05:06:30 pm,0,8.2414,21.695
7/13/2024,05:06:40 pm,0,8.2415,21.657
7/13/2024,05:06:50 pm,0,8.2415,21.627
7/13/2024,05:07:00 pm,0,8.2415,21.605
7/13/2024,05:07:10 pm,0,8.2415,21.586
7/13/2024,05:07:20 pm,0,8.2413,21.568
7/13/2024,05:07:30 pm,0,8.2419,21.547
7/13/2024,05:07:40 pm,0,8.2415,21.524
7/13/2024,05:07:50 pm,0,8.2419,21.505
7/13/2024,05:08:00 pm,0,8.2427,21.482
7/13/2024,05:08:10 pm,0,8.2429,21.454
7/13/2024,05:08:20 pm,0,8.2432,21.421
7/13/2024,05:08:30 pm,0,8.2433,21.390
7/13/2024,05:08:40 pm,0,8.2435,21.364
7/13/2024,05:08:50 pm,0,8.2438,21.349
7/13/2024,05:09:00 pm,0,8.2437,21.334
7/13/2024,05:09:10 pm,0,8.2442,21.323
7/13/2024,05:09:20 pm,0,8.2431,21.311
7/13/2024,05:09:30 pm,0,8.2444,21.296
7/13/2024,05:09:40 pm,0,8.2439,21.283
7/13/2024,05:09:50 pm,0,8.2439,21.278
7/13/2024,05:10:00 pm,0,8.2440,21.276
7/13/2024,05:10:10 pm,0,8.2444,21.280
7/13/2024,05:10:20 pm,0,8.2443,21.283
7/13/2024,05:10:30 pm,0,8.2448,21.289
7/13/2024,05:10:40 pm,0,8.2444,21.300
7/13/2024,05:10:50 pm,0,8.2438,21.311
7/13/2024,05:11:00 pm,0,8.2450,21.318
7/13/2024,05:11:10 pm,0,8.2454,21.326
7/13/2024,05:11:20 pm,0,8.2461,21.334
7/13/2024,05:11:30 pm,0,8.2459,21.346
7/13/2024,05:11:40 pm,0,8.2463,21.359
7/13/2024,05:11:50 pm,0,8.2463,21.372
7/13/2024,05:12:00 pm,0,8.2457,21.391
7/13/2024,05:12:10 pm,0,8.2455,21.412
7/13/2024,05:12:20 pm,0,8.2463,21.428
7/13/2024,05:12:30 pm,0,8.2455,21.443
7/13/2024,05:12:40 pm,0,8.2460,21.459
7/13/2024,05:12:50 pm,0,8.2458,21.474
7/13/2024,05:13:00 pm,0,8.2448,21.488
7/13/2024,05:13:10 pm,0,8.2460,21.498
7/13/2024,05:13:20 pm,0,8.2453,21.507
7/13/2024,05:13:30 pm,0,8.2459,21.515
7/13/2024,05:13:40 pm,0,8.2463,21.522
7/13/2024,05:13:50 pm,0,8.2472,21.525
7/13/2024,05:14:00 pm,0,8.2470,21.524
7/13/2024,05:14:10 pm,0,8.2486,21.526
7/13/2024,05:14:20 pm,0,8.2476,21.534
7/13/2024,05:14:30 pm,0,8.2480,21.539
7/13/2024,05:14:40 pm,0,8.2480,21.551
7/13/2024,05:14:50 pm,0,8.2484,21.563
7/13/2024,05:15:00 pm,0,8.2484,21.578
7/13/2024,05:15:10 pm,0,8.2482,21.591
7/13/2024,05:15:20 pm,0,8.2486,21.601
7/13/2024,05:15:30 pm,0,8.2491,21.608
7/13/2024,05:15:40 pm,0,8.2492,21.612
7/13/2024,05:15:50 pm,0,8.2492,21.616
7/13/2024,05:16:00 pm,0,8.2498,21.617
7/13/2024,05:16:10 pm,0,8.2499,21.618
7/13/2024,05:16:20 pm,0,8.2500,21.621
7/13/2024,05:16:30 pm,0,8.2502,21.622
7/13/2024,05:16:40 pm,0,8.2504,21.632
7/13/2024,05:16:50 pm,0,8.2501,21.644
7/13/2024,05:17:00 pm,0,8.2511,21.655
7/13/2024,05:17:10 pm,0,8.2501,21.667
7/13/2024,05:17:20 pm,0,8.2502,21.682
7/13/2024,05:17:30 pm,0,8.2501,21.700
7/13/2024,05:17:40 pm,0,8.2513,21.721
7/13/2024,05:17:50 pm,0,8.2500,21.749
7/13/2024,05:18:00 pm,0,8.2501,21.770
7/13/2024,05:18:10 pm,0,8.2499,21.788
7/13/2024,05:18:20 pm,0,8.2501,21.799
7/13/2024,05:18:30 pm,0,8.2499,21.807
7/13/2024,05:18:40 pm,0,8.2507,21.816
7/13/2024,05:18:50 pm,0,8.2508,21.823
7/13/2024,05:19:00 pm,0,8.2511,21.834
7/13/2024,05:19:10 pm,0,8.2513,21.845
7/13/2024,05:19:20 pm,0,8.2506,21.861
7/13/2024,05:19:30 pm,0,8.2519,21.878
7/13/2024,05:19:40 pm,0,8.2515,21.893
7/13/2024,05:19:50 pm,0,8.2520,21.913
7/13/2024,05:20:00 pm,0,8.2520,21.933
7/13/2024,05:20:10 pm,0,8.2519,21.953
7/13/2024,05:20:20 pm,0,8.2521,21.971
7/13/2024,05:20:30 pm,0,8.2523,21.997
7/13/2024,05:20:40 pm,0,8.2524,22.020
7/13/2024,05:20:50 pm,0,8.2528,22.042
7/13/2024,05:21:00 pm,0,8.2534,22.067
7/13/2024,05:21:10 pm,0,8.2529,22.090
7/13/2024,05:21:20 pm,0,8.2530,22.111
7/13/2024,05:21:30 pm,0,8.2535,22.135
7/13/2024,05:21:40 pm,0,8.2539,22.159
7/13/2024,05:21:50 pm,0,8.2530,22.177
7/13/2024,05:22:00 pm,0,8.2529,22.197
7/13/2024,05:22:10 pm,0,8.2531,22.216
7/13/2024,05:22:20 pm,0,8.2531,22.239
7/13/2024,05:22:30 pm,0,8.2530,22.253
7/13/2024,05:22:40 pm,0,8.2529,22.271
7/13/2024,05:22:50 pm,0,8.2527,22.290
7/13/2024,05:23:00 pm,0,8.2527,22.308
7/13/2024,05:23:10 pm,0,8.2527,22.327
7/13/2024,05:23:20 pm,0,8.2524,22.342
7/13/2024,05:23:30 pm,0,8.2525,22.364
7/13/2024,05:23:40 pm,0,8.2523,22.385
7/13/2024,05:23:50 pm,0,8.2521,22.407
7/13/2024,05:24:00 pm,0,8.2521,22.425
7/13/2024,05:24:10 pm,0,8.2520,22.446
7/13/2024,05:24:20 pm,0,8.2518,22.469
7/13/2024,05:24:30 pm,0,8.2517,22.494
7/13/2024,05:24:40 pm,0,8.2516,22.516
7/13/2024,05:24:50 pm,0,8.2514,22.541
7/13/2024,05:25:00 pm,0,8.2518,22.566
7/13/2024,05:25:10 pm,0,8.2517,22.587
7/13/2024,05:25:20 pm,0,8.2518,22.607
7/13/2024,05:25:30 pm,0,8.2517,22.626
7/13/2024,05:25:40 pm,0,8.2515,22.647
7/13/2024,05:25:50 pm,0,8.2517,22.670
7/13/2024,05:26:00 pm,0,8.2517,22.687
7/13/2024,05:26:10 pm,0,8.2518,22.706
7/13/2024,05:26:20 pm,0,8.2518,22.725
7/13/2024,05:26:30 pm,0,8.2517,22.747
7/13/2024,05:26:40 pm,0,8.2517,22.771
7/13/2024,05:26:50 pm,0,8.2519,22.796
7/13/2024,05:27:00 pm,0,8.2514,22.823
7/13/2024,05:27:10 pm,0,8.2526,22.847
7/13/2024,05:27:20 pm,0,8.2513,22.869
7/13/2024,05:27:30 pm,0,8.2519,22.885
7/13/2024,05:27:40 pm,0,8.2519,22.898
7/13/2024,05:27:50 pm,0,8.2523,22.907
7/13/2024,05:28:00 pm,0,8.2520,22.918
7/13/2024,05:28:10 pm,0,8.2520,22.926
7/13/2024,05:28:20 pm,0,8.2524,22.938
7/13/2024,05:28:30 pm,0,8.2530,22.949
7/13/2024,05:28:40 pm,0,8.2521,22.959
7/13/2024,05:28:50 pm,0,8.2533,22.966
7/13/2024,05:29:00 pm,0,8.2531,22.976
7/13/2024,05:29:10 pm,0,8.2533,22.984
7/13/2024,05:29:20 pm,0,8.2531,22.994
7/13/2024,05:29:30 pm,0,8.2533,23.004
7/13/2024,05:29:40 pm,0,8.2533,23.016
7/13/2024,05:29:50 pm,0,8.2535,23.026
7/13/2024,05:30:00 pm,0,8.2535,23.033
7/13/2024,05:30:10 pm,0,8.2537,23.046
7/13/2024,05:30:20 pm,0,8.2538,23.053
7/13/2024,05:30:30 pm,0,8.2537,23.061
7/13/2024,05:30:40 pm,0,8.2541,23.069
7/13/2024,05:30:50 pm,0,8.2543,23.074
7/13/2024,05:31:00 pm,0,8.2547,23.085
7/13/2024,05:31:10 pm,0,8.2546,23.089
7/13/2024,05:31:20 pm,0,8.2547,23.098
7/13/2024,05:31:30 pm,0,8.2549,23.106
7/13/2024,05:31:40 pm,0,8.2552,23.110
7/13/2024,05:31:50 pm,0,8.2547,23.118
7/13/2024,05:32:00 pm,0,8.2545,23.125
7/13/2024,05:32:10 pm,0,8.2545,23.130
7/13/2024,05:32:20 pm,0,8.2544,23.131
7/13/2024,05:32:30 pm,0,8.2548,23.131
7/13/2024,05:32:40 pm,0,8.2548,23.134
7/13/2024,05:32:50 pm,0,8.2544,23.135
7/13/2024,05:33:00 pm,0,8.2546,23.138
7/13/2024,05:33:10 pm,0,8.2544,23.142
7/13/2024,05:33:20 pm,0,8.2546,23.146
7/13/2024,05:33:30 pm,0,8.2547,23.148
7/13/2024,05:33:40 pm,0,8.2557,23.150
7/13/2024,05:33:50 pm,0,8.2559,23.148
7/13/2024,05:34:00 pm,0,8.2554,23.152
7/13/2024,05:34:10 pm,0,8.2554,23.154
7/13/2024,05:34:20 pm,0,8.2583,23.156
7/13/2024,05:34:30 pm,0,8.2592,23.159
7/13/2024,05:34:40 pm,0,8.2578,23.161
7/13/2024,05:34:50 pm,0,8.2581,23.169
7/13/2024,05:35:00 pm,0,8.2588,23.172
7/13/2024,05:35:10 pm,0,8.2583,23.180
7/13/2024,05:35:20 pm,0,8.2587,23.188
7/13/2024,05:35:30 pm,0,8.2588,23.197
7/13/2024,05:35:40 pm,0,8.2590,23.204
7/13/2024,05:35:50 pm,0,8.2587,23.216
7/13/2024,05:36:00 pm,0,8.2590,23.225
7/13/2024,05:36:10 pm,0,8.2580,23.237
7/13/2024,05:36:20 pm,0,8.2585,23.248
7/13/2024,05:36:30 pm,0,8.2581,23.263
7/13/2024,05:36:40 pm,0,8.2569,23.275
7/13/2024,05:36:50 pm,0,8.2572,23.287
7/13/2024,05:37:00 pm,0,8.2572,23.301
7/13/2024,05:37:10 pm,0,8.2571,23.312
7/13/2024,05:37:20 pm,0,8.2566,23.324
7/13/2024,05:37:30 pm,0,8.2570,23.335
7/13/2024,05:37:40 pm,0,8.2579,23.350
7/13/2024,05:37:50 pm,0,8.2567,23.362
7/13/2024,05:38:00 pm,0,8.2577,23.375
7/13/2024,05:38:10 pm,0,8.2560,23.390
7/13/2024,05:38:20 pm,0,8.2554,23.403
7/13/2024,05:38:30 pm,0,8.2549,23.420
7/13/2024,05:38:40 pm,0,8.2565,23.435
7/13/2024,05:38:50 pm,0,8.2552,23.452
7/13/2024,05:39:00 pm,0,8.2560,23.469
7/13/2024,05:39:10 pm,0,8.2547,23.486
7/13/2024,05:39:20 pm,0,8.2547,23.508
7/13/2024,05:39:30 pm,0,8.2541,23.528
7/13/2024,05:39:40 pm,0,8.2540,23.547
7/13/2024,05:39:50 pm,0,8.2545,23.567
7/13/2024,05:40:00 pm,0,8.2533,23.587
7/13/2024,05:40:10 pm,0,8.2526,23.605
7/13/2024,05:40:20 pm,0,8.2522,23.626
7/13/2024,05:40:30 pm,0,8.2531,23.646
7/13/2024,05:40:40 pm,0,8.2520,23.667
7/13/2024,05:40:50 pm,0,8.2517,23.686
7/13/2024,05:41:00 pm,0,8.2507,23.705
7/13/2024,05:41:10 pm,0,8.2512,23.726
7/13/2024,05:41:20 pm,0,8.2514,23.747
7/13/2024,05:41:30 pm,0,8.2508,23.769
7/13/2024,05:41:40 pm,0,8.2516,23.786
7/13/2024,05:41:50 pm,0,8.2498,23.804
7/13/2024,05:42:00 pm,0,8.2499,23.822
7/13/2024,05:42:10 pm,0,8.2496,23.842
7/13/2024,05:42:20 pm,0,8.2496,23.856
7/13/2024,05:42:30 pm,0,8.2490,23.877
7/13/2024,05:42:40 pm,0,8.2490,23.890
7/13/2024,05:42:50 pm,0,8.2494,23.904
7/13/2024,05:43:00 pm,0,8.2492,23.914
7/13/2024,05:43:10 pm,0,8.2490,23.923
7/13/2024,05:43:20 pm,0,8.2488,23.924
7/13/2024,05:43:30 pm,0,8.2505,23.919
7/13/2024,05:43:40 pm,0,8.2508,23.882
7/13/2024,05:43:50 pm,0,8.2503,23.827
7/13/2024,05:44:00 pm,0,8.2500,23.778
7/13/2024,05:44:10 pm,0,8.2507,23.730
7/13/2024,05:44:20 pm,0,8.2505,23.671
7/13/2024,05:44:30 pm,0,8.2507,23.620
7/13/2024,05:44:40 pm,0,8.2508,23.570
7/13/2024,05:44:50 pm,0,8.2511,23.522
7/13/2024,05:45:00 pm,0,8.2514,23.477
7/13/2024,05:45:10 pm,0,8.2515,23.435
7/13/2024,05:45:20 pm,0,8.2519,23.394
7/13/2024,05:45:30 pm,0,8.2521,23.355
7/13/2024,05:45:40 pm,0,8.2522,23.318
7/13/2024,05:45:50 pm,0,8.2517,23.282
7/13/2024,05:46:00 pm,0,8.2517,23.247
7/13/2024,05:46:10 pm,0,8.2517,23.219
7/13/2024,05:46:20 pm,0,8.2520,23.190
7/13/2024,05:46:30 pm,0,8.2520,23.161
7/13/2024,05:46:40 pm,0,8.2516,23.137
7/13/2024,05:46:50 pm,0,8.2517,23.109
7/13/2024,05:47:00 pm,0,8.2516,23.086
7/13/2024,05:47:10 pm,0,8.2519,23.063
7/13/2024,05:47:20 pm,0,8.2521,23.039
7/13/2024,05:47:30 pm,0,8.2524,23.020
7/13/2024,05:47:40 pm,0,8.2519,23.001
7/13/2024,05:47:50 pm,0,8.2526,22.979
7/13/2024,05:48:00 pm,0,8.2517,22.962
7/13/2024,05:48:10 pm,0,8.2516,22.943
7/13/2024,05:48:20 pm,0,8.2516,22.928
7/13/2024,05:48:30 pm,0,8.2517,22.912
7/13/2024,05:48:40 pm,0,8.2520,22.898
7/13/2024,05:48:50 pm,0,8.2521,22.883
7/13/2024,05:49:00 pm,0,8.2516,22.868
7/13/2024,05:49:10 pm,0,8.2518,22.856
7/13/2024,05:49:20 pm,0,8.2517,22.842
7/13/2024,05:49:30 pm,0,8.2518,22.829
7/13/2024,05:49:40 pm,0,8.2514,22.818
7/13/2024,05:49:50 pm,0,8.2516,22.806
7/13/2024,05:50:00 pm,0,8.2517,22.799
7/13/2024,05:50:10 pm,0,8.2519,22.786
7/13/2024,05:50:20 pm,0,8.2517,22.776
7/13/2024,05:50:30 pm,0,8.2518,22.767
7/13/2024,05:50:40 pm,0,8.2517,22.759
7/13/2024,05:50:50 pm,0,8.2515,22.749
7/13/2024,05:51:00 pm,0,8.2519,22.743
7/13/2024,05:51:10 pm,0,8.2520,22.734
7/13/2024,05:51:20 pm,0,8.2522,22.728
7/13/2024,05:51:30 pm,0,8.2521,22.719
7/13/2024,05:51:40 pm,0,8.2520,22.713
7/13/2024,05:51:50 pm,0,8.2521,22.706
7/13/2024,05:52:00 pm,0,8.2522,22.700
7/13/2024,05:52:10 pm,0,8.2522,22.697
7/13/2024,05:52:20 pm,0,8.2521,22.688
7/13/2024,05:52:30 pm,0,8.2522,22.683
7/13/2024,05:52:40 pm,0,8.2521,22.678
7/13/2024,05:52:50 pm,0,8.2524,22.675
7/13/2024,05:53:00 pm,0,8.2525,22.671
7/13/2024,05:53:10 pm,0,8.2531,22.668
7/13/2024,05:53:20 pm,0,8.2527,22.664
7/13/2024,05:53:30 pm,0,8.2527,22.658
7/13/2024,05:53:40 pm,0,8.2525,22.655
7/13/2024,05:53:50 pm,0,8.2522,22.651
7/13/2024,05:54:00 pm,0,8.2527,22.648
7/13/2024,05:54:10 pm,0,8.2525,22.644
7/13/2024,05:54:20 pm,0,8.2523,22.642
7/13/2024,05:54:30 pm,0,8.2525,22.641
7/13/2024,05:54:40 pm,0,8.2524,22.638
7/13/2024,05:54:50 pm,0,8.2529,22.634
7/13/2024,05:55:00 pm,0,8.2529,22.633
7/13/2024,05:55:10 pm,0,8.2526,22.630
7/13/2024,05:55:20 pm,0,8.2523,22.630
7/13/2024,05:55:30 pm,0,8.2524,22.627
7/13/2024,05:55:40 pm,0,8.2529,22.626
7/13/2024,05:55:50 pm,0,8.2532,22.623
7/13/2024,05:56:00 pm,0,8.2531,22.622
7/13/2024,05:56:10 pm,0,8.2530,22.623
7/13/2024,05:56:20 pm,0,8.2530,22.620
7/13/2024,05:56:30 pm,0,8.2528,22.620
7/13/2024,05:56:40 pm,0,8.2529,22.617
7/13/2024,05:56:50 pm,0,8.2524,22.618
7/13/2024,05:57:00 pm,0,8.2524,22.616
7/13/2024,05:57:10 pm,0,8.2527,22.616
7/13/2024,05:57:20 pm,0,8.2532,22.615
7/13/2024,05:57:30 pm,0,8.2532,22.616
7/13/2024,05:57:40 pm,0,8.2533,22.615
7/13/2024,05:57:50 pm,0,8.2526,22.616
7/13/2024,05:58:00 pm,0,8.2529,22.614
7/13/2024,05:58:10 pm,0,8.2533,22.614
7/13/2024,05:58:20 pm,0,8.2536,22.615
7/13/2024,05:58:30 pm,0,8.2536,22.615
7/13/2024,05:58:40 pm,0,8.2529,22.615
7/13/2024,05:58:50 pm,0,8.2534,22.617
7/13/2024,05:59:00 pm,0,8.2536,22.615
7/13/2024,05:59:10 pm,0,8.2532,22.617
7/13/2024,05:59:20 pm,0,8.2533,22.616
7/13/2024,05:59:30 pm,0,8.2529,22.618
7/13/2024,05:59:40 pm,0,8.2533,22.618
7/13/2024,05:59:50 pm,0,8.2534,22.620
7/13/2024,06:00:00 pm,0,8.2531,22.619
7/13/2024,06:00:10 pm,0,8.2533,22.623
7/13/2024,06:00:20 pm,0,8.2532,22.623
7/13/2024,06:00:30 pm,0,8.2534,22.623
7/13/2024,06:00:40 pm,0,8.2539,22.624
7/13/2024,06:00:50 pm,0,8.2538,22.624
7/13/2024,06:01:00 pm,0,8.2533,22.626
7/13/2024,06:01:10 pm,0,8.2539,22.628
7/13/2024,06:01:20 pm,0,8.2539,22.630
7/13/2024,06:01:30 pm,0,8.2547,22.630
7/13/2024,06:01:40 pm,0,8.2546,22.630
7/13/2024,06:01:50 pm,0,8.2541,22.630
7/13/2024,06:02:00 pm,0,8.2539,22.632
7/13/2024,06:02:10 pm,0,8.2541,22.634
7/13/2024,06:02:20 pm,0,8.2543,22.633
7/13/2024,06:02:30 pm,0,8.2543,22.636
7/13/2024,06:02:40 pm,0,8.2540,22.635
7/13/2024,06:02:50 pm,0,8.2543,22.636
7/13/2024,06:03:00 pm,0,8.2537,22.637
7/13/2024,06:03:10 pm,0,8.2526,22.637
7/13/2024,06:03:20 pm,0,8.2536,22.637
7/13/2024,06:03:30 pm,0,8.2544,22.637
7/13/2024,06:03:40 pm,0,8.2550,22.638
7/13/2024,06:03:50 pm,0,8.2558,22.639
7/13/2024,06:04:00 pm,0,8.2561,22.640
7/13/2024,06:04:10 pm,0,8.2548,22.640
7/13/2024,06:04:20 pm,0,8.2544,22.641
7/13/2024,06:04:30 pm,0,8.2547,22.641
7/13/2024,06:04:40 pm,0,8.2566,22.640
7/13/2024,06:04:50 pm,0,8.2575,22.640
7/13/2024,06:05:00 pm,0,8.2592,22.642
7/13/2024,06:05:10 pm,0,8.2595,22.643
7/13/2024,06:05:20 pm,0,8.2609,22.642
7/13/2024,06:05:30 pm,0,8.2626,22.641
7/13/2024,06:05:40 pm,0,8.2628,22.642
7/13/2024,06:05:50 pm,0,8.2643,22.642
7/13/2024,06:06:00 pm,0,8.2644,22.642
7/13/2024,06:06:10 pm,0,8.2645,22.644
7/13/2024,06:06:20 pm,0,8.2648,22.645
7/13/2024,06:06:30 pm,0,8.2650,22.646
7/13/2024,06:06:40 pm,0,8.2653,22.646
7/13/2024,06:06:50 pm,0,8.2651,22.648
7/13/2024,06:07:00 pm,0,8.2655,22.649
7/13/2024,06:07:10 pm,0,8.2662,22.649
7/13/2024,06:07:20 pm,0,8.2662,22.650
7/13/2024,06:07:30 pm,0,8.2673,22.650
7/13/2024,06:07:40 pm,0,8.2678,22.649
7/13/2024,06:07:50 pm,0,8.2678,22.650
7/13/2024,06:08:00 pm,0,8.2678,22.652
7/13/2024,06:08:10 pm,0,8.2680,22.654
7/13/2024,06:08:20 pm,0,8.2687,22.655
7/13/2024,06:08:30 pm,0,8.2682,22.655
7/13/2024,06:08:40 pm,0,8.2686,22.655
7/13/2024,06:08:50 pm,0,8.2694,22.653
7/13/2024,06:09:00 pm,0,8.2699,22.655
7/13/2024,06:09:10 pm,0,8.2712,22.654
7/13/2024,06:09:20 pm,0,8.2729,22.657
7/13/2024,06:09:30 pm,0,8.2743,22.655
7/13/2024,06:09:40 pm,0,8.2756,22.657
7/13/2024,06:09:50 pm,0,8.2761,22.656
7/13/2024,06:10:00 pm,0,8.2775,22.656
7/13/2024,06:10:10 pm,0,8.2772,22.655
7/13/2024,06:10:20 pm,0,8.2775,22.656
7/13/2024,06:10:30 pm,0,8.2792,22.657
7/13/2024,06:10:40 pm,0,8.2803,22.658
7/13/2024,06:10:50 pm,0,8.2800,22.659
7/13/2024,06:11:00 pm,0,8.2828,22.656
7/13/2024,06:11:10 pm,0,8.2858,22.657
7/13/2024,06:11:20 pm,0,8.2860,22.658
7/13/2024,06:11:30 pm,0,8.2869,22.657
7/13/2024,06:11:40 pm,0,8.2878,22.657
7/13/2024,06:11:50 pm,0,8.2896,22.655
7/13/2024,06:12:00 pm,0,8.2915,22.657
7/13/2024,06:12:10 pm,0,8.2920,22.656
7/13/2024,06:12:20 pm,0,8.2925,22.655
7/13/2024,06:12:30 pm,0,8.2921,22.654
7/13/2024,06:12:40 pm,0,8.2923,22.653
7/13/2024,06:12:50 pm,0,8.2925,22.653
7/13/2024,06:13:00 pm,0,8.2926,22.652
7/13/2024,06:13:10 pm,0,8.2939,22.650
7/13/2024,06:13:20 pm,0,8.2922,22.650
7/13/2024,06:13:30 pm,0,8.2929,22.650
7/13/2024,06:13:40 pm,0,8.2928,22.650
7/13/2024,06:13:50 pm,0,8.2922,22.647
7/13/2024,06:14:00 pm,0,8.2926,22.649
7/13/2024,06:14:10 pm,0,8.2934,22.649
7/13/2024,06:14:20 pm,0,8.2927,22.646
7/13/2024,06:14:30 pm,0,8.2930,22.646
7/13/2024,06:14:40 pm,0,8.2922,22.645
7/13/2024,06:14:50 pm,0,8.2924,22.644
7/13/2024,06:15:00 pm,0,8.2923,22.642
7/13/2024,06:15:10 pm,0,8.2932,22.640
7/13/2024,06:15:20 pm,0,8.2932,22.640
7/13/2024,06:15:30 pm,0,8.2931,22.638
7/13/2024,06:15:40 pm,0,8.2930,22.636
7/13/2024,06:15:50 pm,0,8.2939,22.635
7/13/2024,06:16:00 pm,0,8.2936,22.634
7/13/2024,06:16:10 pm,0,8.2931,22.634
7/13/2024,06:16:20 pm,0,8.2928,22.633
7/13/2024,06:16:30 pm,0,8.2935,22.631
7/13/2024,06:16:40 pm,0,8.2933,22.630
7/13/2024,06:16:50 pm,0,8.2933,22.630
7/13/2024,06:17:00 pm,0,8.2937,22.629
7/13/2024,06:17:10 pm,0,8.2925,22.625
7/13/2024,06:17:20 pm,0,8.2929,22.625
7/13/2024,06:17:30 pm,0,8.2939,22.624
7/13/2024,06:17:40 pm,0,8.2939,22.623
7/13/2024,06:17:50 pm,0,8.2947,22.622
7/13/2024,06:18:00 pm,0,8.2948,22.621
7/13/2024,06:18:10 pm,0,8.2949,22.621
7/13/2024,06:18:20 pm,0,8.2920,22.615
7/13/2024,06:18:30 pm,0,8.2924,22.615
7/13/2024,06:18:40 pm,0,8.2928,22.615
7/13/2024,06:18:50 pm,0,8.2930,22.613
7/13/2024,06:19:00 pm,0,8.2929,22.611
7/13/2024,06:19:10 pm,0,8.2929,22.611
7/13/2024,06:19:20 pm,0,8.2929,22.609
7/13/2024,06:19:30 pm,0,8.2924,22.607
7/13/2024,06:19:40 pm,0,8.2925,22.607
7/13/2024,06:19:50 pm,0,8.2918,22.605
7/13/2024,06:20:00 pm,0,8.2922,22.605
7/13/2024,06:20:10 pm,0,8.2924,22.605
7/13/2024,06:20:20 pm,0,8.2928,22.603
7/13/2024,06:20:30 pm,0,8.2928,22.602
7/13/2024,06:20:40 pm,0,8.2925,22.599
7/13/2024,06:20:50 pm,0,8.2920,22.598
7/13/2024,06:21:00 pm,0,8.2919,22.597
7/13/2024,06:21:10 pm,0,8.2924,22.595
7/13/2024,06:21:20 pm,0,8.2930,22.597
7/13/2024,06:21:30 pm,0,8.2924,22.593
7/13/2024,06:21:40 pm,0,8.2926,22.592
7/13/2024,06:21:50 pm,0,8.2940,22.591
7/13/2024,06:22:00 pm,0,8.2926,22.590
7/13/2024,06:22:10 pm,0,8.2929,22.589
7/13/2024,06:22:20 pm,0,8.2926,22.587
7/13/2024,06:22:30 pm,0,8.2919,22.587
7/13/2024,06:22:40 pm,0,8.2919,22.585
7/13/2024,06:22:50 pm,0,8.2919,22.584
7/13/2024,06:23:00 pm,0,8.2919,22.584
7/13/2024,06:23:10 pm,0,8.2915,22.581
7/13/2024,06:23:20 pm,0,8.2917,22.580
7/13/2024,06:23:30 pm,0,8.2918,22.580
7/13/2024,06:23:40 pm,0,8.2921,22.578
7/13/2024,06:23:50 pm,0,8.2926,22.576
7/13/2024,06:24:00 pm,0,8.2925,22.575
7/13/2024,06:24:10 pm,0,8.2924,22.573
7/13/2024,06:24:20 pm,0,8.2921,22.573
7/13/2024,06:24:30 pm,0,8.2919,22.573
7/13/2024,06:24:40 pm,0,8.2923,22.571
7/13/2024,06:24:50 pm,0,8.2926,22.570
7/13/2024,06:25:00 pm,0,8.2923,22.570
7/13/2024,06:25:10 pm,0,8.2920,22.566
7/13/2024,06:25:20 pm,0,8.2927,22.567
7/13/2024,06:25:30 pm,0,8.2919,22.566
7/13/2024,06:25:40 pm,0,8.2926,22.563
7/13/2024,06:25:50 pm,0,8.2930,22.562
7/13/2024,06:26:00 pm,0,8.2930,22.561
7/13/2024,06:26:10 pm,0,8.2935,22.562
7/13/2024,06:26:20 pm,0,8.2930,22.559
7/13/2024,06:26:30 pm,0,8.2929,22.558
7/13/2024,06:26:40 pm,0,8.2925,22.557
7/13/2024,06:26:50 pm,0,8.2927,22.557
7/13/2024,06:27:00 pm,0,8.2927,22.556
7/13/2024,06:27:10 pm,0,8.2929,22.554
7/13/2024,06:27:20 pm,0,8.2927,22.552
7/13/2024,06:27:30 pm,0,8.2927,22.550
7/13/2024,06:27:40 pm,0,8.2928,22.550
7/13/2024,06:27:50 pm,0,8.2932,22.547
7/13/2024,06:28:00 pm,0,8.2927,22.549
7/13/2024,06:28:10 pm,0,8.2928,22.547
7/13/2024,06:28:20 pm,0,8.2929,22.545
7/13/2024,06:28:30 pm,0,8.2931,22.545
7/13/2024,06:28:40 pm,0,8.2932,22.545
7/13/2024,06:28:50 pm,0,8.2929,22.543
7/13/2024,06:29:00 pm,0,8.2937,22.544
7/13/2024,06:29:10 pm,0,8.2941,22.541
7/13/2024,06:29:20 pm,0,8.2937,22.539
7/13/2024,06:29:30 pm,0,8.2932,22.537
7/13/2024,06:29:40 pm,0,8.2938,22.536
7/13/2024,06:29:50 pm,0,8.2938,22.536
7/13/2024,06:30:00 pm,0,8.2938,22.535
7/13/2024,06:30:10 pm,0,8.2941,22.534
7/13/2024,06:30:20 pm,0,8.2941,22.531
7/13/2024,06:30:30 pm,0,8.2939,22.530
7/13/2024,06:30:40 pm,0,8.2938,22.530
7/13/2024,06:30:50 pm,0,8.2945,22.531
7/13/2024,06:31:00 pm,0,8.2940,22.528
7/13/2024,06:31:10 pm,0,8.2943,22.525
7/13/2024,06:31:20 pm,0,8.2945,22.525
7/13/2024,06:31:30 pm,0,8.2944,22.523
7/13/2024,06:31:40 pm,0,8.2944,22.524
7/13/2024,06:31:50 pm,0,8.2954,22.522
7/13/2024,06:32:00 pm,0,8.2950,22.520
7/13/2024,06:32:10 pm,0,8.2945,22.520
7/13/2024,06:32:20 pm,0,8.2956,22.517
7/13/2024,06:32:30 pm,0,8.2950,22.516
7/13/2024,06:32:40 pm,0,8.2948,22.516
7/13/2024,06:32:50 pm,0,8.2943,22.515
7/13/2024,06:33:00 pm,0,8.2943,22.514
7/13/2024,06:33:10 pm,0,8.2942,22.511
7/13/2024,06:33:20 pm,0,8.2944,22.513
7/13/2024,06:33:30 pm,0,8.2942,22.511
7/13/2024,06:33:40 pm,0,8.2940,22.510
7/13/2024,06:33:50 pm,0,8.2939,22.508
7/13/2024,06:34:00 pm,0,8.2938,22.507
7/13/2024,06:34:10 pm,0,8.2942,22.506
7/13/2024,06:34:20 pm,0,8.2943,22.506
7/13/2024,06:34:30 pm,0,8.2946,22.504
7/13/2024,06:34:40 pm,0,8.2943,22.503
7/13/2024,06:34:50 pm,0,8.2950,22.502
7/13/2024,06:35:00 pm,0,8.2953,22.500
7/13/2024,06:35:10 pm,0,8.2949,22.500
7/13/2024,06:35:20 pm,0,8.2945,22.498
7/13/2024,06:35:30 pm,0,8.2951,22.497
7/13/2024,06:35:40 pm,0,8.2949,22.496
7/13/2024,06:35:50 pm,0,8.2958,22.497
7/13/2024,06:36:00 pm,0,8.2954,22.495
7/13/2024,06:36:10 pm,0,8.2958,22.492
7/13/2024,06:36:20 pm,0,8.2968,22.491
7/13/2024,06:36:30 pm,0,8.2956,22.489
7/13/2024,06:36:40 pm,0,8.2954,22.489
7/13/2024,06:36:50 pm,0,8.2956,22.489
7/13/2024,06:37:00 pm,0,8.2956,22.487
7/13/2024,06:37:10 pm,0,8.2950,22.486
7/13/2024,06:37:20 pm,0,8.2954,22.486
7/13/2024,06:37:30 pm,0,8.2957,22.484
7/13/2024,06:37:40 pm,0,8.2947,22.482
7/13/2024,06:37:50 pm,0,8.2952,22.481
7/13/2024,06:38:00 pm,0,8.2953,22.479
7/13/2024,06:38:10 pm,0,8.2959,22.479
7/13/2024,06:38:20 pm,0,8.2948,22.479
7/13/2024,06:38:30 pm,0,8.2952,22.477
7/13/2024,06:38:40 pm,0,8.2960,22.475
7/13/2024,06:38:50 pm,0,8.2957,22.476
7/13/2024,06:39:00 pm,0,8.2954,22.473
7/13/2024,06:39:10 pm,0,8.2951,22.473
7/13/2024,06:39:20 pm,0,8.2951,22.471
7/13/2024,06:39:30 pm,0,8.2951,22.470
7/13/2024,06:39:40 pm,0,8.2956,22.470
7/13/2024,06:39:50 pm,0,8.2959,22.468
7/13/2024,06:40:00 pm,0,8.2953,22.466
7/13/2024,06:40:10 pm,0,8.2953,22.464
7/13/2024,06:40:20 pm,0,8.2951,22.463
7/13/2024,06:40:30 pm,0,8.2956,22.463
7/13/2024,06:40:40 pm,0,8.2946,22.462
7/13/2024,06:40:50 pm,0,8.2952,22.460
7/13/2024,06:41:00 pm,0,8.2947,22.460
7/13/2024,06:41:10 pm,0,8.2957,22.460
7/13/2024,06:41:20 pm,0,8.2953,22.459
7/13/2024,06:41:30 pm,0,8.2948,22.456
7/13/2024,06:41:40 pm,0,8.2948,22.456
7/13/2024,06:41:50 pm,0,8.2951,22.455
7/13/2024,06:42:00 pm,0,8.2948,22.452
7/13/2024,06:42:10 pm,0,8.2946,22.451
7/13/2024,06:42:20 pm,0,8.2946,22.450
7/13/2024,06:42:30 pm,0,8.2956,22.450
7/13/2024,06:42:40 pm,0,8.2962,22.449
7/13/2024,06:42:50 pm,0,8.2959,22.447
7/13/2024,06:43:00 pm,0,8.2949,22.447
7/13/2024,06:43:10 pm,0,8.2951,22.447
7/13/2024,06:43:20 pm,0,8.2952,22.444
7/13/2024,06:43:30 pm,0,8.2954,22.445
7/13/2024,06:43:40 pm,0,8.2949,22.442
7/13/2024,06:43:50 pm,0,8.2956,22.443
7/13/2024,06:44:00 pm,0,8.2975,22.442
7/13/2024,06:44:10 pm,0,8.2952,22.439
7/13/2024,06:44:20 pm,0,8.2954,22.439
7/13/2024,06:44:30 pm,0,8.2955,22.437
7/13/2024,06:44:40 pm,0,8.2956,22.436
7/13/2024,06:44:50 pm,0,8.2956,22.434
7/13/2024,06:45:00 pm,0,8.2956,22.434
7/13/2024,06:45:10 pm,0,8.2954,22.432
7/13/2024,06:45:20 pm,0,8.2954,22.427
7/13/2024,06:45:30 pm,0,8.2956,22.429
7/13/2024,06:45:40 pm,0,8.2957,22.429
7/13/2024,06:45:50 pm,0,8.2955,22.428
7/13/2024,06:46:00 pm,0,8.2960,22.426
7/13/2024,06:46:10 pm,0,8.2959,22.425
7/13/2024,06:46:20 pm,0,8.2953,22.424
7/13/2024,06:46:30 pm,0,8.2959,22.424
7/13/2024,06:46:40 pm,0,8.2951,22.422
7/13/2024,06:46:50 pm,0,8.2956,22.420
7/13/2024,06:47:00 pm,0,8.2962,22.420
7/13/2024,06:47:10 pm,0,8.2957,22.418
7/13/2024,06:47:20 pm,0,8.2954,22.417
7/13/2024,06:47:30 pm,0,8.2957,22.416
7/13/2024,06:47:40 pm,0,8.2959,22.415
7/13/2024,06:47:50 pm,0,8.2961,22.415
7/13/2024,06:48:00 pm,0,8.2958,22.413
7/13/2024,06:48:10 pm,0,8.2961,22.412
7/13/2024,06:48:20 pm,0,8.2960,22.411
7/13/2024,06:48:30 pm,0,8.2958,22.410
7/13/2024,06:48:40 pm,0,8.2958,22.405
7/13/2024,06:48:50 pm,0,8.2955,22.408
7/13/2024,06:49:00 pm,0,8.2954,22.404
7/13/2024,06:49:10 pm,0,8.2958,22.402
7/13/2024,06:49:20 pm,0,8.2956,22.403
7/13/2024,06:49:30 pm,0,8.2959,22.402
7/13/2024,06:49:40 pm,0,8.2955,22.401
7/13/2024,06:49:50 pm,0,8.2957,22.399
7/13/2024,06:50:00 pm,0,8.2963,22.399
7/13/2024,06:50:10 pm,0,8.2967,22.395
7/13/2024,06:50:20 pm,0,8.2956,22.396
7/13/2024,06:50:30 pm,0,8.2961,22.394
7/13/2024,06:50:40 pm,0,8.2963,22.394
7/13/2024,06:50:50 pm,0,8.2961,22.391
7/13/2024,06:51:00 pm,0,8.2956,22.391
7/13/2024,06:51:10 pm,0,8.2957,22.389
7/13/2024,06:51:20 pm,0,8.2957,22.387
7/13/2024,06:51:30 pm,0,8.2956,22.387
7/13/2024,06:51:40 pm,0,8.2959,22.385
7/13/2024,06:51:50 pm,0,8.2962,22.384
7/13/2024,06:52:00 pm,0,8.2961,22.383
7/13/2024,06:52:10 pm,0,8.2966,22.381
7/13/2024,06:52:20 pm,0,8.2959,22.380
7/13/2024,06:52:30 pm,0,8.2964,22.379
7/13/2024,06:52:40 pm,0,8.2969,22.377
7/13/2024,06:52:50 pm,0,8.2971,22.376
7/13/2024,06:53:00 pm,0,8.2974,22.375
7/13/2024,06:53:10 pm,0,8.2969,22.373
7/13/2024,06:53:20 pm,0,8.2966,22.373
7/13/2024,06:53:30 pm,0,8.2965,22.370
7/13/2024,06:53:40 pm,0,8.2964,22.369
7/13/2024,06:53:50 pm,0,8.2964,22.368
7/13/2024,06:54:00 pm,0,8.2964,22.367
7/13/2024,06:54:10 pm,0,8.2962,22.365
7/13/2024,06:54:20 pm,0,8.2966,22.363
7/13/2024,06:54:30 pm,0,8.2970,22.363
7/13/2024,06:54:40 pm,0,8.2966,22.361
7/13/2024,06:54:50 pm,0,8.2961,22.361
7/13/2024,06:55:00 pm,0,8.2966,22.358
7/13/2024,06:55:10 pm,0,8.2965,22.358
7/13/2024,06:55:20 pm,0,8.2964,22.356
7/13/2024,06:55:30 pm,0,8.2961,22.354
7/13/2024,06:55:40 pm,0,8.2965,22.353
7/13/2024,06:55:50 pm,0,8.2967,22.352
7/13/2024,06:56:00 pm,0,8.2957,22.351
7/13/2024,06:56:10 pm,0,8.2956,22.350
7/13/2024,06:56:20 pm,0,8.2958,22.347
7/13/2024,06:56:30 pm,0,8.2956,22.347
7/13/2024,06:56:40 pm,0,8.2954,22.344
7/13/2024,06:56:50 pm,0,8.2954,22.343
7/13/2024,06:57:00 pm,0,8.2954,22.342
7/13/2024,06:57:10 pm,0,8.2959,22.341
7/13/2024,06:57:20 pm,0,8.2957,22.339
7/13/2024,06:57:30 pm,0,8.2955,22.338
7/13/2024,06:57:40 pm,0,8.2958,22.337
7/13/2024,06:57:50 pm,0,8.2963,22.335
7/13/2024,06:58:00 pm,0,8.2956,22.334
7/13/2024,06:58:10 pm,0,8.2954,22.332
7/13/2024,06:58:20 pm,0,8.2965,22.332
7/13/2024,06:58:30 pm,0,8.2963,22.330
7/13/2024,06:58:40 pm,0,8.2955,22.327
7/13/2024,06:58:50 pm,0,8.2958,22.326
7/13/2024,06:59:00 pm,0,8.2962,22.326
7/13/2024,06:59:10 pm,0,8.2958,22.325
7/13/2024,06:59:20 pm,0,8.2958,22.322
7/13/2024,06:59:30 pm,0,8.2963,22.320
7/13/2024,06:59:40 pm,0,8.2961,22.319
7/13/2024,06:59:50 pm,0,8.2961,22.318
7/13/2024,07:00:00 pm,0,8.2969,22.318
7/13/2024,07:00:10 pm,0,8.2953,22.316
7/13/2024,07:00:20 pm,0,8.2964,22.314
7/13/2024,07:00:30 pm,0,8.2963,22.314
7/13/2024,07:00:40 pm,0,8.2955,22.310
7/13/2024,07:00:50 pm,0,8.2949,22.309
7/13/2024,07:01:00 pm,0,8.2953,22.309
7/13/2024,07:01:10 pm,0,8.2953,22.306
7/13/2024,07:01:20 pm,0,8.2955,22.305
7/13/2024,07:01:30 pm,0,8.2952,22.304
7/13/2024,07:01:40 pm,0,8.2951,22.301
7/13/2024,07:01:50 pm,0,8.2950,22.299
7/13/2024,07:02:00 pm,0,8.2949,22.298
7/13/2024,07:02:10 pm,0,8.2956,22.297
7/13/2024,07:02:20 pm,0,8.2960,22.296
7/13/2024,07:02:30 pm,0,8.2946,22.296
7/13/2024,07:02:40 pm,0,8.2958,22.294
7/13/2024,07:02:50 pm,0,8.2961,22.292
7/13/2024,07:03:00 pm,0,8.2959,22.289
7/13/2024,07:03:10 pm,0,8.2946,22.288
7/13/2024,07:03:20 pm,0,8.2949,22.288
7/13/2024,07:03:30 pm,0,8.2946,22.286
7/13/2024,07:03:40 pm,0,8.2953,22.284
7/13/2024,07:03:50 pm,0,8.2941,22.283
7/13/2024,07:04:00 pm,0,8.2948,22.282
7/13/2024,07:04:10 pm,0,8.2951,22.281
7/13/2024,07:04:20 pm,0,8.2949,22.278
7/13/2024,07:04:30 pm,0,8.2945,22.276
7/13/2024,07:04:40 pm,0,8.2950,22.276
7/13/2024,07:04:50 pm,0,8.2935,22.272
7/13/2024,07:05:00 pm,0,8.2943,22.272
7/13/2024,07:05:10 pm,0,8.2945,22.269
7/13/2024,07:05:20 pm,0,8.2935,22.269
7/13/2024,07:05:30 pm,0,8.2942,22.267
7/13/2024,07:05:40 pm,0,8.2943,22.266
7/13/2024,07:05:50 pm,0,8.2949,22.264
7/13/2024,07:06:00 pm,0,8.2946,22.261
7/13/2024,07:06:10 pm,0,8.2938,22.260
7/13/2024,07:06:20 pm,0,8.2937,22.259
7/13/2024,07:06:30 pm,0,8.2929,22.255
7/13/2024,07:06:40 pm,0,8.2938,22.255
7/13/2024,07:06:50 pm,0,8.2940,22.255
7/13/2024,07:07:00 pm,0,8.2932,22.253
7/13/2024,07:07:10 pm,0,8.2932,22.252
7/13/2024,07:07:20 pm,0,8.2933,22.248
7/13/2024,07:07:30 pm,0,8.2933,22.247
7/13/2024,07:07:40 pm,0,8.2925,22.246
7/13/2024,07:07:50 pm,0,8.2923,22.244
7/13/2024,07:08:00 pm,0,8.2922,22.244
7/13/2024,07:08:10 pm,0,8.2930,22.239
7/13/2024,07:08:20 pm,0,8.2928,22.240
7/13/2024,07:08:30 pm,0,8.2930,22.236
7/13/2024,07:08:40 pm,0,8.2908,22.235
7/13/2024,07:08:50 pm,0,8.2918,22.234
7/13/2024,07:09:00 pm,0,8.2920,22.231
7/13/2024,07:09:10 pm,0,8.2912,22.229
7/13/2024,07:09:20 pm,0,8.2936,22.227
7/13/2024,07:09:30 pm,0,8.2916,22.225
7/13/2024,07:09:40 pm,0,8.2913,22.224
7/13/2024,07:09:50 pm,0,8.2911,22.223
7/13/2024,07:10:00 pm,0,8.2906,22.220
7/13/2024,07:10:10 pm,0,8.2910,22.218
7/13/2024,07:10:20 pm,0,8.2922,22.219
7/13/2024,07:10:30 pm,0,8.2908,22.214
7/13/2024,07:10:40 pm,0,8.2910,22.212
7/13/2024,07:10:50 pm,0,8.2900,22.213
7/13/2024,07:11:00 pm,0,8.2900,22.211
7/13/2024,07:11:10 pm,0,8.2901,22.210
7/13/2024,07:11:20 pm,0,8.2898,22.206
7/13/2024,07:11:30 pm,0,8.2903,22.206
7/13/2024,07:11:40 pm,0,8.2902,22.203
7/13/2024,07:11:50 pm,0,8.2897,22.201
7/13/2024,07:12:00 pm,0,8.2897,22.198
7/13/2024,07:12:10 pm,0,8.2895,22.196
7/13/2024,07:12:20 pm,0,8.2890,22.195
7/13/2024,07:12:30 pm,0,8.2886,22.194
7/13/2024,07:12:40 pm,0,8.2882,22.191
7/13/2024,07:12:50 pm,0,8.2886,22.189
7/13/2024,07:13:00 pm,0,8.2885,22.186
7/13/2024,07:13:10 pm,0,8.2878,22.187
7/13/2024,07:13:20 pm,0,8.2888,22.185
7/13/2024,07:13:30 pm,0,8.2884,22.182
7/13/2024,07:13:40 pm,0,8.2884,22.179
7/13/2024,07:13:50 pm,0,8.2877,22.177
7/13/2024,07:14:00 pm,0,8.2873,22.176
7/13/2024,07:14:10 pm,0,8.2874,22.173
7/13/2024,07:14:20 pm,0,8.2874,22.171
7/13/2024,07:14:30 pm,0,8.2883,22.169
7/13/2024,07:14:40 pm,0,8.2869,22.168
7/13/2024,07:14:50 pm,0,8.2868,22.165
7/13/2024,07:15:00 pm,0,8.2874,22.164
7/13/2024,07:15:10 pm,0,8.2867,22.163
7/13/2024,07:15:20 pm,0,8.2869,22.159
7/13/2024,07:15:30 pm,0,8.2862,22.158
7/13/2024,07:15:40 pm,0,8.2863,22.156
7/13/2024,07:15:50 pm,0,8.2858,22.154
7/13/2024,07:16:00 pm,0,8.2862,22.153
7/13/2024,07:16:10 pm,0,8.2863,22.151
7/13/2024,07:16:20 pm,0,8.2857,22.147
7/13/2024,07:16:30 pm,0,8.2860,22.146
7/13/2024,07:16:40 pm,0,8.2859,22.143
7/13/2024,07:16:50 pm,0,8.2865,22.142
7/13/2024,07:17:00 pm,0,8.2851,22.140
7/13/2024,07:17:10 pm,0,8.2851,22.137
7/13/2024,07:17:20 pm,0,8.2851,22.136
7/13/2024,07:17:30 pm,0,8.2853,22.135
7/13/2024,07:17:40 pm,0,8.2852,22.131
7/13/2024,07:17:50 pm,0,8.2854,22.130
7/13/2024,07:18:00 pm,0,8.2856,22.129
7/13/2024,07:18:10 pm,0,8.2855,22.126
7/13/2024,07:18:20 pm,0,8.2853,22.123
7/13/2024,07:18:30 pm,0,8.2859,22.121
7/13/2024,07:18:40 pm,0,8.2860,22.120
7/13/2024,07:18:50 pm,0,8.2852,22.116
7/13/2024,07:19:00 pm,0,8.2859,22.114
7/13/2024,07:19:10 pm,0,8.2854,22.113
7/13/2024,07:19:20 pm,0,8.2861,22.112
7/13/2024,07:19:30 pm,0,8.2850,22.109
7/13/2024,07:19:40 pm,0,8.2856,22.106
7/13/2024,07:19:50 pm,0,8.2850,22.104
7/13/2024,07:20:00 pm,0,8.2852,22.102
7/13/2024,07:20:10 pm,0,8.2846,22.101
7/13/2024,07:20:20 pm,0,8.2851,22.099
7/13/2024,07:20:30 pm,0,8.2863,22.097
7/13/2024,07:20:40 pm,0,8.2845,22.095
7/13/2024,07:20:50 pm,0,8.2849,22.092
7/13/2024,07:21:00 pm,0,8.2854,22.088
7/13/2024,07:21:10 pm,0,8.2853,22.088
7/13/2024,07:21:20 pm,0,8.2847,22.086
7/13/2024,07:21:30 pm,0,8.2850,22.083
7/13/2024,07:21:40 pm,0,8.2851,22.081
7/13/2024,07:21:50 pm,0,8.2854,22.079
7/13/2024,07:22:00 pm,0,8.2853,22.077
7/13/2024,07:22:10 pm,0,8.2847,22.074
7/13/2024,07:22:20 pm,0,8.2849,22.071
7/13/2024,07:22:30 pm,0,8.2849,22.071
7/13/2024,07:22:40 pm,0,8.2845,22.067
7/13/2024,07:22:50 pm,0,8.2849,22.065
7/13/2024,07:23:00 pm,0,8.2839,22.063
7/13/2024,07:23:10 pm,0,8.2840,22.063
7/13/2024,07:23:20 pm,0,8.2845,22.060
7/13/2024,07:23:30 pm,0,8.2840,22.058
7/13/2024,07:23:40 pm,0,8.2836,22.058
7/13/2024,07:23:50 pm,0,8.2838,22.053
7/13/2024,07:24:00 pm,0,8.2837,22.050
7/13/2024,07:24:10 pm,0,8.2837,22.050
7/13/2024,07:24:20 pm,0,8.2839,22.047
7/13/2024,07:24:30 pm,0,8.2839,22.046
7/13/2024,07:24:40 pm,0,8.2839,22.043
7/13/2024,07:24:50 pm,0,8.2838,22.041
7/13/2024,07:25:00 pm,0,8.2842,22.039
7/13/2024,07:25:10 pm,0,8.2837,22.038
7/13/2024,07:25:20 pm,0,8.2836,22.034
7/13/2024,07:25:30 pm,0,8.2838,22.032
7/13/2024,07:25:40 pm,0,8.2840,22.030
7/13/2024,07:25:50 pm,0,8.2834,22.029
7/13/2024,07:26:00 pm,0,8.2834,22.026
7/13/2024,07:26:10 pm,0,8.2836,22.025
7/13/2024,07:26:20 pm,0,8.2833,22.021
7/13/2024,07:26:30 pm,0,8.2839,22.021
7/13/2024,07:26:40 pm,0,8.2844,22.017
7/13/2024,07:26:50 pm,0,8.2846,22.015
7/13/2024,07:27:00 pm,0,8.2835,22.014
7/13/2024,07:27:10 pm,0,8.2837,22.010
7/13/2024,07:27:20 pm,0,8.2839,22.009
7/13/2024,07:27:30 pm,0,8.2840,22.007
7/13/2024,07:27:40 pm,0,8.2837,22.005
7/13/2024,07:27:50 pm,0,8.2839,22.003
7/13/2024,07:28:00 pm,0,8.2841,22.001
7/13/2024,07:28:10 pm,0,8.2837,22.000
7/13/2024,07:28:20 pm,0,8.2835,21.996
7/13/2024,07:28:30 pm,0,8.2834,21.994
7/13/2024,07:28:40 pm,0,8.2839,21.993
7/13/2024,07:28:50 pm,0,8.2842,21.990
7/13/2024,07:29:00 pm,0,8.2843,21.989
7/13/2024,07:29:10 pm,0,8.2841,21.987
7/13/2024,07:29:20 pm,0,8.2843,21.983
7/13/2024,07:29:30 pm,0,8.2842,21.982
7/13/2024,07:29:40 pm,0,8.2843,21.980
7/13/2024,07:29:50 pm,0,8.2841,21.978
7/13/2024,07:30:00 pm,0,8.2844,21.975
7/13/2024,07:30:10 pm,0,8.2846,21.975
7/13/2024,07:30:20 pm,0,8.2846,21.970
7/13/2024,07:30:30 pm,0,8.2849,21.970
7/13/2024,07:30:40 pm,0,8.2845,21.968
7/13/2024,07:30:50 pm,0,8.2847,21.965
7/13/2024,07:31:00 pm,0,8.2848,21.964
7/13/2024,07:31:10 pm,0,8.2847,21.963
7/13/2024,07:31:20 pm,0,8.2845,21.959
7/13/2024,07:31:30 pm,0,8.2853,21.959
7/13/2024,07:31:40 pm,0,8.2859,21.956
7/13/2024,07:31:50 pm,0,8.2852,21.957
7/13/2024,07:32:00 pm,0,8.2850,21.951
7/13/2024,07:32:10 pm,0,8.2855,21.949
7/13/2024,07:32:20 pm,0,8.2855,21.948
7/13/2024,07:32:30 pm,0,8.2847,21.946
7/13/2024,07:32:40 pm,0,8.2850,21.943
7/13/2024,07:32:50 pm,0,8.2851,21.944
7/13/2024,07:33:00 pm,0,8.2846,21.941
7/13/2024,07:33:10 pm,0,8.2850,21.938
7/13/2024,07:33:20 pm,0,8.2849,21.938
7/13/2024,07:33:30 pm,0,8.2851,21.934
7/13/2024,07:33:40 pm,0,8.2853,21.933
7/13/2024,07:33:50 pm,0,8.2851,21.930
7/13/2024,07:34:00 pm,0,8.2850,21.929
7/13/2024,07:34:10 pm,0,8.2852,21.927
7/13/2024,07:34:20 pm,0,8.2853,21.923
7/13/2024,07:34:30 pm,0,8.2849,21.923
7/13/2024,07:34:40 pm,0,8.2849,21.922
7/13/2024,07:34:50 pm,0,8.2851,21.918
7/13/2024,07:35:00 pm,0,8.2855,21.918
7/13/2024,07:35:10 pm,0,8.2854,21.913
7/13/2024,07:35:20 pm,0,8.2855,21.913
7/13/2024,07:35:30 pm,0,8.2854,21.911
7/13/2024,07:35:40 pm,0,8.2854,21.908
7/13/2024,07:35:50 pm,0,8.2857,21.904
7/13/2024,07:36:00 pm,0,8.2861,21.905
7/13/2024,07:36:10 pm,0,8.2856,21.902
7/13/2024,07:36:20 pm,0,8.2854,21.901
7/13/2024,07:36:30 pm,0,8.2859,21.899
7/13/2024,07:36:40 pm,0,8.2858,21.896
7/13/2024,07:36:50 pm,0,8.2856,21.897
7/13/2024,07:37:00 pm,0,8.2856,21.892
7/13/2024,07:37:10 pm,0,8.2858,21.892
7/13/2024,07:37:20 pm,0,8.2858,21.890
7/13/2024,07:37:30 pm,0,8.2859,21.886
7/13/2024,07:37:40 pm,0,8.2860,21.886
7/13/2024,07:37:50 pm,0,8.2863,21.885
7/13/2024,07:38:00 pm,0,8.2861,21.880
7/13/2024,07:38:10 pm,0,8.2859,21.879
7/13/2024,07:38:20 pm,0,8.2860,21.880
7/13/2024,07:38:30 pm,0,8.2860,21.876
7/13/2024,07:38:40 pm,0,8.2861,21.873
7/13/2024,07:38:50 pm,0,8.2863,21.874
7/13/2024,07:39:00 pm,0,8.2862,21.869
7/13/2024,07:39:10 pm,0,8.2864,21.868
7/13/2024,07:39:20 pm,0,8.2865,21.867
7/13/2024,07:39:30 pm,0,8.2864,21.862
7/13/2024,07:39:40 pm,0,8.2867,21.864
7/13/2024,07:39:50 pm,0,8.2866,21.862
7/13/2024,07:40:00 pm,0,8.2865,21.859
7/13/2024,07:40:10 pm,0,8.2865,21.860
7/13/2024,07:40:20 pm,0,8.2867,21.856
7/13/2024,07:40:30 pm,0,8.2865,21.853
7/13/2024,07:40:40 pm,0,8.2865,21.853
7/13/2024,07:40:50 pm,0,8.2866,21.850
7/13/2024,07:41:00 pm,0,8.2866,21.848
7/13/2024,07:41:10 pm,0,8.2866,21.849
7/13/2024,07:41:20 pm,0,8.2869,21.846
7/13/2024,07:41:30 pm,0,8.2868,21.842
7/13/2024,07:41:40 pm,0,8.2869,21.840
7/13/2024,07:41:50 pm,0,8.2865,21.839
7/13/2024,07:42:00 pm,0,8.2864,21.839
7/13/2024,07:42:10 pm,0,8.2861,21.836
7/13/2024,07:42:20 pm,0,8.2864,21.834
7/13/2024,07:42:30 pm,0,8.2866,21.833
7/13/2024,07:42:40 pm,0,8.2863,21.833
7/13/2024,07:42:50 pm,0,8.2866,21.826
7/13/2024,07:43:00 pm,0,8.2865,21.826
7/13/2024,07:43:10 pm,0,8.2865,21.826
7/13/2024,07:43:20 pm,0,8.2867,21.824
7/13/2024,07:43:30 pm,0,8.2867,21.820
7/13/2024,07:43:40 pm,0,8.2867,21.819
7/13/2024,07:43:50 pm,0,8.2867,21.818
7/13/2024,07:44:00 pm,0,8.2866,21.815
7/13/2024,07:44:10 pm,0,8.2869,21.815
7/13/2024,07:44:20 pm,0,8.2869,21.813
7/13/2024,07:44:30 pm,0,8.2867,21.810
7/13/2024,07:44:40 pm,0,8.2869,21.808
7/13/2024,07:44:50 pm,0,8.2870,21.806
7/13/2024,07:45:00 pm,0,8.2867,21.805
7/13/2024,07:45:10 pm,0,8.2872,21.803
7/13/2024,07:45:20 pm,0,8.2872,21.801
7/13/2024,07:45:30 pm,0,8.2871,21.801
7/13/2024,07:45:40 pm,0,8.2872,21.798
7/13/2024,07:45:50 pm,0,8.2873,21.796
7/13/2024,07:46:00 pm,0,8.2871,21.796
7/13/2024,07:46:10 pm,0,8.2872,21.793
7/13/2024,07:46:20 pm,0,8.2870,21.792
7/13/2024,07:46:30 pm,0,8.2873,21.789
7/13/2024,07:46:40 pm,0,8.2873,21.788
7/13/2024,07:46:50 pm,0,8.2873,21.784
7/13/2024,07:47:00 pm,0,8.2874,21.786
7/13/2024,07:47:10 pm,0,8.2874,21.783
7/13/2024,07:47:20 pm,0,8.2876,21.780
7/13/2024,07:47:30 pm,0,8.2876,21.780
7/13/2024,07:47:40 pm,0,8.2872,21.778
7/13/2024,07:47:50 pm,0,8.2872,21.775
7/13/2024,07:48:00 pm,0,8.2872,21.775
7/13/2024,07:48:10 pm,0,8.2873,21.772
7/13/2024,07:48:20 pm,0,8.2874,21.769
7/13/2024,07:48:30 pm,0,8.2873,21.769
7/13/2024,07:48:40 pm,0,8.2873,21.769
7/13/2024,07:48:50 pm,0,8.2872,21.765
7/13/2024,07:49:00 pm,0,8.2870,21.764
7/13/2024,07:49:10 pm,0,8.2871,21.762
7/13/2024,07:49:20 pm,0,8.2871,21.761
7/13/2024,07:49:30 pm,0,8.2875,21.759
7/13/2024,07:49:40 pm,0,8.2867,21.759
7/13/2024,07:49:50 pm,0,8.2855,21.756
7/13/2024,07:50:00 pm,0,8.2849,21.753
7/13/2024,07:50:10 pm,0,8.2837,21.754
7/13/2024,07:50:20 pm,0,8.2829,21.751
7/13/2024,07:50:30 pm,0,8.2819,21.752
7/13/2024,07:50:40 pm,0,8.2804,21.749
7/13/2024,07:50:50 pm,0,8.2793,21.747
7/13/2024,07:51:00 pm,0,8.2778,21.748
7/13/2024,07:51:10 pm,0,8.2770,21.746
7/13/2024,07:51:20 pm,0,8.2763,21.747
7/13/2024,07:51:30 pm,0,8.2750,21.746
7/13/2024,07:51:40 pm,0,8.2741,21.742
7/13/2024,07:51:50 pm,0,8.2739,21.742
7/13/2024,07:52:00 pm,0,8.2714,21.742
7/13/2024,07:52:10 pm,0,8.2718,21.740
7/13/2024,07:52:20 pm,0,8.2699,21.738
7/13/2024,07:52:30 pm,0,8.2678,21.739
7/13/2024,07:52:40 pm,0,8.2656,21.736
7/13/2024,07:52:50 pm,0,8.2652,21.734
7/13/2024,07:53:00 pm,0,8.2645,21.732
7/13/2024,07:53:10 pm,0,8.2630,21.730
7/13/2024,07:53:20 pm,0,8.2626,21.730
7/13/2024,07:53:30 pm,0,8.2623,21.726
7/13/2024,07:53:40 pm,0,8.2612,21.725
7/13/2024,07:53:50 pm,0,8.2614,21.722
7/13/2024,07:54:00 pm,0,8.2612,21.720
7/13/2024,07:54:10 pm,0,8.2612,21.720
7/13/2024,07:54:20 pm,0,8.2612,21.717
7/13/2024,07:54:30 pm,0,8.2614,21.714
7/13/2024,07:54:40 pm,0,8.2614,21.713
7/13/2024,07:54:50 pm,0,8.2617,21.711
7/13/2024,07:55:00 pm,0,8.2609,21.708
7/13/2024,07:55:10 pm,0,8.2607,21.708
7/13/2024,07:55:20 pm,0,8.2607,21.705
7/13/2024,07:55:30 pm,0,8.2606,21.704
7/13/2024,07:55:40 pm,0,8.2605,21.702
7/13/2024,07:55:50 pm,0,8.2603,21.702
7/13/2024,07:56:00 pm,0,8.2601,21.699
7/13/2024,07:56:10 pm,0,8.2582,21.698
7/13/2024,07:56:20 pm,0,8.2573,21.695
7/13/2024,07:56:30 pm,0,8.2556,21.696
7/13/2024,07:56:40 pm,0,8.2540,21.690
7/13/2024,07:56:50 pm,0,8.2524,21.690
7/13/2024,07:57:00 pm,0,8.2533,21.687
7/13/2024,07:57:10 pm,0,8.2539,21.686
7/13/2024,07:57:20 pm,0,8.2533,21.684
7/13/2024,07:57:30 pm,0,8.2513,21.683
7/13/2024,07:57:40 pm,0,8.2517,21.682
7/13/2024,07:57:50 pm,0,8.2519,21.678
7/13/2024,07:58:00 pm,0,8.2522,21.676
7/13/2024,07:58:10 pm,0,8.2523,21.675
7/13/2024,07:58:20 pm,0,8.2521,21.673
7/13/2024,07:58:30 pm,0,8.2523,21.669
7/13/2024,07:58:40 pm,0,8.2521,21.668
7/13/2024,07:58:50 pm,0,8.2522,21.664
7/13/2024,07:59:00 pm,0,8.2521,21.662
7/13/2024,07:59:10 pm,0,8.2521,21.659
7/13/2024,07:59:20 pm,0,8.2521,21.655
7/13/2024,07:59:30 pm,0,8.2519,21.653
7/13/2024,07:59:40 pm,0,8.2522,21.650
7/13/2024,07:59:50 pm,0,8.2519,21.649
7/13/2024,08:00:00 pm,0,8.2521,21.647
7/13/2024,08:00:10 pm,0,8.2520,21.645
7/13/2024,08:00:20 pm,0,8.2521,21.642
7/13/2024,08:00:30 pm,0,8.2520,21.640
7/13/2024,08:00:40 pm,0,8.2516,21.640
7/13/2024,08:00:50 pm,0,8.2517,21.637
7/13/2024,08:01:00 pm,0,8.2515,21.638
7/13/2024,08:01:10 pm,0,8.2516,21.636
7/13/2024,08:01:20 pm,0,8.2516,21.633
7/13/2024,08:01:30 pm,0,8.2517,21.633
7/13/2024,08:01:40 pm,0,8.2515,21.632
7/13/2024,08:01:50 pm,0,8.2513,21.631
7/13/2024,08:02:00 pm,0,8.2514,21.625
7/13/2024,08:02:10 pm,0,8.2511,21.627
7/13/2024,08:02:20 pm,0,8.2512,21.625
7/13/2024,08:02:30 pm,0,8.2514,21.623
7/13/2024,08:02:40 pm,0,8.2513,21.622
7/13/2024,08:02:50 pm,0,8.2512,21.619
7/13/2024,08:03:00 pm,0,8.2511,21.619
7/13/2024,08:03:10 pm,0,8.2510,21.615
7/13/2024,08:03:20 pm,0,8.2510,21.617
7/13/2024,08:03:30 pm,0,8.2509,21.614
7/13/2024,08:03:40 pm,0,8.2510,21.613
7/13/2024,08:03:50 pm,0,8.2509,21.609
7/13/2024,08:04:00 pm,0,8.2512,21.608
7/13/2024,08:04:10 pm,0,8.2511,21.607
7/13/2024,08:04:20 pm,0,8.2509,21.604
7/13/2024,08:04:30 pm,0,8.2509,21.605
7/13/2024,08:04:40 pm,0,8.2509,21.602
7/13/2024,08:04:50 pm,0,8.2510,21.601
7/13/2024,08:05:00 pm,0,8.2508,21.597
7/13/2024,08:05:10 pm,0,8.2508,21.593
7/13/2024,08:05:20 pm,0,8.2509,21.587
7/13/2024,08:05:30 pm,0,8.2509,21.584
7/13/2024,08:05:40 pm,0,8.2508,21.579
7/13/2024,08:05:50 pm,0,8.2504,21.576
7/13/2024,08:06:00 pm,0,8.2502,21.571
7/13/2024,08:06:10 pm,0,8.2504,21.566
7/13/2024,08:06:20 pm,0,8.2507,21.562
7/13/2024,08:06:30 pm,0,8.2514,21.558
7/13/2024,08:06:40 pm,0,8.2522,21.548
7/13/2024,08:06:50 pm,0,8.2514,21.544
7/13/2024,08:07:00 pm,0,8.2516,21.536
7/13/2024,08:07:10 pm,0,8.2494,21.532
7/13/2024,08:07:20 pm,0,8.2519,21.522
7/13/2024,08:07:30 pm,0,8.2545,21.516
7/13/2024,08:07:40 pm,0,8.2557,21.505
7/13/2024,08:07:50 pm,0,8.2561,21.494
7/13/2024,08:08:00 pm,0,8.2577,21.485
7/13/2024,08:08:10 pm,0,8.2598,21.474
7/13/2024,08:08:20 pm,0,8.2603,21.463
7/13/2024,08:08:30 pm,0,8.2603,21.454
7/13/2024,08:08:40 pm,0,8.2603,21.445
7/13/2024,08:08:50 pm,0,8.2603,21.436
7/13/2024,08:09:00 pm,0,8.2601,21.428
7/13/2024,08:09:10 pm,0,8.2604,21.418
7/13/2024,08:09:20 pm,0,8.2604,21.412
7/13/2024,08:09:30 pm,0,8.2604,21.404
7/13/2024,08:09:40 pm,0,8.2606,21.398
7/13/2024,08:09:50 pm,0,8.2605,21.392
7/13/2024,08:10:00 pm,0,8.2605,21.387
7/13/2024,08:10:10 pm,0,8.2603,21.381
7/13/2024,08:10:20 pm,0,8.2613,21.373
7/13/2024,08:10:30 pm,0,8.2619,21.369
7/13/2024,08:10:40 pm,0,8.2627,21.367
7/13/2024,08:10:50 pm,0,8.2633,21.361
7/13/2024,08:11:00 pm,0,8.2642,21.358
7/13/2024,08:11:10 pm,0,8.2654,21.354
7/13/2024,08:11:20 pm,0,8.2671,21.351
7/13/2024,08:11:30 pm,0,8.2689,21.346
7/13/2024,08:11:40 pm,0,8.2708,21.343
7/13/2024,08:11:50 pm,0,8.2717,21.342
7/13/2024,08:12:00 pm,0,8.2727,21.338
7/13/2024,08:12:10 pm,0,8.2737,21.333
7/13/2024,08:12:20 pm,0,8.2754,21.331
7/13/2024,08:12:30 pm,0,8.2766,21.329
7/13/2024,08:12:40 pm,0,8.2779,21.327
7/13/2024,08:12:50 pm,0,8.2790,21.323
7/13/2024,08:13:00 pm,0,8.2803,21.322
7/13/2024,08:13:10 pm,0,8.2816,21.319
7/13/2024,08:13:20 pm,0,8.2843,21.315
7/13/2024,08:13:30 pm,0,8.2843,21.314
7/13/2024,08:13:40 pm,0,8.2843,21.311
7/13/2024,08:13:50 pm,0,8.2843,21.308
7/13/2024,08:14:00 pm,0,8.2842,21.306
7/13/2024,08:14:10 pm,0,8.2842,21.306
7/13/2024,08:14:20 pm,0,8.2843,21.303
7/13/2024,08:14:30 pm,0,8.2845,21.299
7/13/2024,08:14:40 pm,0,8.2844,21.299
7/13/2024,08:14:50 pm,0,8.2841,21.296
7/13/2024,08:15:00 pm,0,8.2840,21.290
7/13/2024,08:15:10 pm,0,8.2847,21.291
7/13/2024,08:15:20 pm,0,8.2849,21.291
7/13/2024,08:15:30 pm,0,8.2850,21.285
7/13/2024,08:15:40 pm,0,8.2856,21.283
7/13/2024,08:15:50 pm,0,8.2857,21.278
7/13/2024,08:16:00 pm,0,8.2855,21.275
7/13/2024,08:16:10 pm,0,8.2856,21.274
7/13/2024,08:16:20 pm,0,8.2854,21.271
7/13/2024,08:16:30 pm,0,8.2853,21.270
7/13/2024,08:16:40 pm,0,8.2854,21.267
7/13/2024,08:16:50 pm,0,8.2854,21.265
7/13/2024,08:17:00 pm,0,8.2854,21.265
7/13/2024,08:17:10 pm,0,8.2854,21.262
7/13/2024,08:17:20 pm,0,8.2853,21.258
7/13/2024,08:17:30 pm,0,8.2852,21.254
7/13/2024,08:17:40 pm,0,8.2851,21.254
7/13/2024,08:17:50 pm,0,8.2853,21.253
7/13/2024,08:18:00 pm,0,8.2851,21.247
7/13/2024,08:18:10 pm,0,8.2848,21.247
7/13/2024,08:18:20 pm,0,8.2850,21.244
7/13/2024,08:18:30 pm,0,8.2849,21.240
7/13/2024,08:18:40 pm,0,8.2849,21.239
7/13/2024,08:18:50 pm,0,8.2850,21.237
7/13/2024,08:19:00 pm,0,8.2848,21.233
7/13/2024,08:19:10 pm,0,8.2849,21.230
7/13/2024,08:19:20 pm,0,8.2848,21.229
7/13/2024,08:19:30 pm,0,8.2847,21.224
7/13/2024,08:19:40 pm,0,8.2848,21.221
7/13/2024,08:19:50 pm,0,8.2846,21.217
7/13/2024,08:20:00 pm,0,8.2845,21.213
7/13/2024,08:20:10 pm,0,8.2846,21.212
7/13/2024,08:20:20 pm,0,8.2844,21.209
7/13/2024,08:20:30 pm,0,8.2844,21.206
7/13/2024,08:20:40 pm,0,8.2843,21.201
7/13/2024,08:20:50 pm,0,8.2843,21.197
7/13/2024,08:21:00 pm,0,8.2843,21.195
7/13/2024,08:21:10 pm,0,8.2842,21.191
7/13/2024,08:21:20 pm,0,8.2841,21.188
7/13/2024,08:21:30 pm,0,8.2840,21.184
7/13/2024,08:21:40 pm,0,8.2840,21.182
7/13/2024,08:21:50 pm,0,8.2840,21.177
7/13/2024,08:22:00 pm,0,8.2839,21.172
7/13/2024,08:22:10 pm,0,8.2839,21.170
7/13/2024,08:22:20 pm,0,8.2841,21.167
7/13/2024,08:22:30 pm,0,8.2838,21.164
7/13/2024,08:22:40 pm,0,8.2838,21.160
7/13/2024,08:22:50 pm,0,8.2836,21.156
7/13/2024,08:23:00 pm,0,8.2835,21.152
7/13/2024,08:23:10 pm,0,8.2837,21.149
7/13/2024,08:23:20 pm,0,8.2848,21.296
7/13/2024,08:23:30 pm,0,8.2845,21.355
7/13/2024,08:23:40 pm,0,8.2827,21.386
7/13/2024,08:23:50 pm,0,8.2819,21.404
7/13/2024,08:24:00 pm,0,8.2812,21.418
7/13/2024,08:24:10 pm,0,8.2810,21.427
7/13/2024,08:24:20 pm,0,8.2808,21.431
7/13/2024,08:24:30 pm,0,8.2804,21.431
7/13/2024,08:24:40 pm,0,8.2804,21.429
7/13/2024,08:24:50 pm,0,8.2803,21.424
7/13/2024,08:25:00 pm,0,8.2802,21.419
7/13/2024,08:25:10 pm,0,8.2803,21.411
7/13/2024,08:25:20 pm,0,8.2801,21.403
7/13/2024,08:25:30 pm,0,8.2803,21.389
7/13/2024,08:25:40 pm,0,8.2802,21.374
7/13/2024,08:25:50 pm,0,8.2802,21.359
7/13/2024,08:26:00 pm,0,8.2800,21.342
7/13/2024,08:26:10 pm,0,8.2801,21.326
7/13/2024,08:26:20 pm,0,8.2802,21.308
7/13/2024,08:26:30 pm,0,8.2802,21.290
7/13/2024,08:26:40 pm,0,8.2801,21.272
7/13/2024,08:26:50 pm,0,8.2801,21.255
7/13/2024,08:27:00 pm,0,8.2800,21.237
7/13/2024,08:27:10 pm,0,8.2800,21.218
7/13/2024,08:27:20 pm,0,8.2799,21.200
7/13/2024,08:27:30 pm,0,8.2799,21.179
7/13/2024,08:27:40 pm,0,8.2801,21.162
7/13/2024,08:27:50 pm,0,8.2799,21.144
7/13/2024,08:28:00 pm,0,8.2800,21.125
7/13/2024,08:28:10 pm,0,8.2801,21.109
7/13/2024,08:28:20 pm,0,8.2799,21.092
7/13/2024,08:28:30 pm,0,8.2801,21.075
7/13/2024,08:28:40 pm,0,8.2798,21.055
7/13/2024,08:28:50 pm,0,8.2800,21.038
7/13/2024,08:29:00 pm,0,8.2800,21.021
7/13/2024,08:29:10 pm,0,8.2800,21.003
7/13/2024,08:29:20 pm,0,8.2800,20.985
7/13/2024,08:29:30 pm,0,8.2802,20.967
7/13/2024,08:29:40 pm,0,8.2801,20.948
7/13/2024,08:29:50 pm,0,8.2800,20.932
7/13/2024,08:30:00 pm,0,8.2800,20.912
7/13/2024,08:30:10 pm,0,8.2802,20.897
7/13/2024,08:30:20 pm,0,8.2801,20.881
7/13/2024,08:30:30 pm,0,8.2802,20.867
7/13/2024,08:30:40 pm,0,8.2803,20.847
7/13/2024,08:30:50 pm,0,8.2802,20.830
7/13/2024,08:31:00 pm,0,8.2803,20.814
7/13/2024,08:31:10 pm,0,8.2803,20.796
7/13/2024,08:31:20 pm,0,8.2801,20.781
7/13/2024,08:31:30 pm,0,8.2803,20.769
7/13/2024,08:31:40 pm,0,8.2802,20.751
7/13/2024,08:31:50 pm,0,8.2803,20.735
7/13/2024,08:32:00 pm,0,8.2802,20.719
7/13/2024,08:32:10 pm,0,8.2803,20.704
7/13/2024,08:32:20 pm,0,8.2803,20.689
7/13/2024,08:32:30 pm,0,8.2804,20.672
7/13/2024,08:32:40 pm,0,8.2804,20.658
7/13/2024,08:32:50 pm,0,8.2803,20.642
7/13/2024,08:33:00 pm,0,8.2803,20.626
7/13/2024,08:33:10 pm,0,8.2805,20.612
7/13/2024,08:33:20 pm,0,8.2804,20.598
7/13/2024,08:33:30 pm,0,8.2804,20.584
7/13/2024,08:33:40 pm,0,8.2804,20.569
7/13/2024,08:33:50 pm,0,8.2805,20.555
7/13/2024,08:34:00 pm,0,8.2805,20.540
7/13/2024,08:34:10 pm,0,8.2806,20.527
7/13/2024,08:34:20 pm,0,8.2804,20.514
7/13/2024,08:34:30 pm,0,8.2805,20.498
7/13/2024,08:34:40 pm,0,8.2807,20.485
7/13/2024,08:34:50 pm,0,8.2806,20.473
7/13/2024,08:35:00 pm,0,8.2807,20.461
7/13/2024,08:35:10 pm,0,8.2807,20.447
7/13/2024,08:35:20 pm,0,8.2809,20.434
7/13/2024,08:35:30 pm,0,8.2806,20.422
7/13/2024,08:35:40 pm,0,8.2807,20.410
7/13/2024,08:35:50 pm,0,8.2807,20.398
7/13/2024,08:36:00 pm,0,8.2807,20.387
7/13/2024,08:36:10 pm,0,8.2807,20.375
7/13/2024,08:36:20 pm,0,8.2809,20.365
7/13/2024,08:36:30 pm,0,8.2809,20.351
7/13/2024,08:36:40 pm,0,8.2808,20.342
7/13/2024,08:36:50 pm,0,8.2808,20.329
7/13/2024,08:37:00 pm,0,8.2808,20.318
7/13/2024,08:37:10 pm,0,8.2808,20.308
7/13/2024,08:37:20 pm,0,8.2809,20.295
7/13/2024,08:37:30 pm,0,8.2808,20.285
7/13/2024,08:37:40 pm,0,8.2809,20.276
7/13/2024,08:37:50 pm,0,8.2810,20.265
7/13/2024,08:38:00 pm,0,8.2810,20.252
7/13/2024,08:38:10 pm,0,8.2811,20.243
7/13/2024,08:38:20 pm,0,8.2812,20.234
7/13/2024,08:38:30 pm,0,8.2813,20.223
7/13/2024,08:38:40 pm,0,8.2814,20.213
7/13/2024,08:38:50 pm,0,8.2812,20.202
7/13/2024,08:39:00 pm,0,8.2813,20.194
7/13/2024,08:39:10 pm,0,8.2814,20.182
7/13/2024,08:39:20 pm,0,8.2813,20.173
7/13/2024,08:39:30 pm,0,8.2814,20.163
7/13/2024,08:39:40 pm,0,8.2817,20.154
7/13/2024,08:39:50 pm,0,8.2818,20.148
7/13/2024,08:40:00 pm,0,8.2819,20.139
7/13/2024,08:40:10 pm,0,8.2818,20.130
7/13/2024,08:40:20 pm,0,8.2819,20.121
7/13/2024,08:40:30 pm,0,8.2820,20.114
7/13/2024,08:40:40 pm,0,8.2822,20.106
7/13/2024,08:40:50 pm,0,8.2822,20.098
7/13/2024,08:41:00 pm,0,8.2822,20.090
7/13/2024,08:41:10 pm,0,8.2823,20.084
7/13/2024,08:41:20 pm,0,8.2825,20.073
7/13/2024,08:41:30 pm,0,8.2824,20.066
7/13/2024,08:41:40 pm,0,8.2824,20.060
7/13/2024,08:41:50 pm,0,8.2826,20.053
7/13/2024,08:42:00 pm,0,8.2827,20.044
7/13/2024,08:42:10 pm,0,8.2827,20.037
7/13/2024,08:42:20 pm,0,8.2826,20.029
7/13/2024,08:42:30 pm,0,8.2828,20.025
7/13/2024,08:42:40 pm,0,8.2830,20.016
7/13/2024,08:42:50 pm,0,8.2828,20.009
7/13/2024,08:43:00 pm,0,8.2831,20.001
7/13/2024,08:43:10 pm,0,8.2829,19.996
7/13/2024,08:43:20 pm,0,8.2834,19.989
7/13/2024,08:43:30 pm,0,8.2832,19.984
7/13/2024,08:43:40 pm,0,8.2834,19.977
7/13/2024,08:43:50 pm,0,8.2834,19.972
7/13/2024,08:44:00 pm,0,8.2833,19.964
7/13/2024,08:44:10 pm,0,8.2833,19.960
7/13/2024,08:44:20 pm,0,8.2832,19.955
7/13/2024,08:44:30 pm,0,8.2833,19.950
7/13/2024,08:44:40 pm,0,8.2834,19.943
7/13/2024,08:44:50 pm,0,8.2833,19.939
7/13/2024,08:45:00 pm,0,8.2832,19.932
7/13/2024,08:45:10 pm,0,8.2834,19.928
7/13/2024,08:45:20 pm,0,8.2835,19.925
7/13/2024,08:45:30 pm,0,8.2836,19.918
7/13/2024,08:45:40 pm,0,8.2837,19.914
7/13/2024,08:45:50 pm,0,8.2837,19.908
7/13/2024,08:46:00 pm,0,8.2834,19.904
7/13/2024,08:46:10 pm,0,8.2839,19.903
7/13/2024,08:46:20 pm,0,8.2840,19.902
7/13/2024,08:46:30 pm,0,8.2840,19.901
7/13/2024,08:46:40 pm,0,8.2839,19.902
7/13/2024,08:46:50 pm,0,8.2840,19.903
7/13/2024,08:47:00 pm,0,8.2839,19.902
7/13/2024,08:47:10 pm,0,8.2842,19.903
7/13/2024,08:47:20 pm,0,8.2841,19.902
7/13/2024,08:47:30 pm,0,8.2838,19.899
7/13/2024,08:47:40 pm,0,8.2840,19.892
7/13/2024,08:47:50 pm,0,8.2838,19.891
7/13/2024,08:48:00 pm,0,8.2838,19.890
7/13/2024,08:48:10 pm,0,8.2840,19.892
7/13/2024,08:48:20 pm,0,8.2838,19.895
7/13/2024,08:48:30 pm,0,8.2839,19.896
7/13/2024,08:48:40 pm,0,8.2840,19.895
7/13/2024,08:48:50 pm,0,8.2839,19.897
7/13/2024,08:49:00 pm,0,8.2837,19.895
7/13/2024,08:49:10 pm,0,8.2839,19.899
7/13/2024,08:49:20 pm,0,8.2837,19.897
7/13/2024,08:49:30 pm,0,8.2836,19.897
7/13/2024,08:49:40 pm,0,8.2838,19.897
7/13/2024,08:49:50 pm,0,8.2837,19.897
7/13/2024,08:50:00 pm,0,8.2838,19.895
7/13/2024,08:50:10 pm,0,8.2839,19.896
7/13/2024,08:50:20 pm,0,8.2837,19.894
7/13/2024,08:50:30 pm,0,8.2837,19.892
7/13/2024,08:50:40 pm,0,8.2836,19.892
7/13/2024,08:50:50 pm,0,8.2836,19.890
7/13/2024,08:51:00 pm,0,8.2836,19.889
7/13/2024,08:51:10 pm,0,8.2837,19.888
7/13/2024,08:51:20 pm,0,8.2837,19.884
7/13/2024,08:51:30 pm,0,8.2838,19.884
7/13/2024,08:51:40 pm,0,8.2835,19.882
7/13/2024,08:51:50 pm,0,8.2838,19.881
7/13/2024,08:52:00 pm,0,8.2836,19.877
7/13/2024,08:52:10 pm,0,8.2836,19.877
7/13/2024,08:52:20 pm,0,8.2837,19.878
7/13/2024,08:52:30 pm,0,8.2836,19.876
7/13/2024,08:52:40 pm,0,8.2836,19.874
7/13/2024,08:52:50 pm,0,8.2837,19.877
7/13/2024,08:53:00 pm,0,8.2836,19.875
7/13/2024,08:53:10 pm,0,8.2835,19.875
7/13/2024,08:53:20 pm,0,8.2837,19.874
7/13/2024,08:53:30 pm,0,8.2839,19.872
7/13/2024,08:53:40 pm,0,8.2835,19.874
7/13/2024,08:53:50 pm,0,8.2838,19.874
7/13/2024,08:54:00 pm,0,8.2837,19.874
7/13/2024,08:54:10 pm,0,8.2838,19.876
7/13/2024,08:54:20 pm,0,8.2841,19.884
7/13/2024,08:54:30 pm,0,8.2837,19.886
7/13/2024,08:54:40 pm,0,8.2840,19.890
7/13/2024,08:54:50 pm,0,8.2839,19.890
7/13/2024,08:55:00 pm,0,8.2842,19.896
7/13/2024,08:55:10 pm,0,8.2841,19.897
7/13/2024,08:55:20 pm,0,8.2840,19.896
7/13/2024,08:55:30 pm,0,8.2842,19.900
7/13/2024,08:55:40 pm,0,8.2843,19.901
7/13/2024,08:55:50 pm,0,8.2843,19.901
7/13/2024,08:56:00 pm,0,8.2844,19.899
7/13/2024,08:56:10 pm,0,8.2842,19.902
7/13/2024,08:56:20 pm,0,8.2844,19.905
7/13/2024,08:56:30 pm,0,8.2844,19.904
7/13/2024,08:56:40 pm,0,8.2845,19.907
7/13/2024,08:56:50 pm,0,8.2844,19.906
7/13/2024,08:57:00 pm,0,8.2843,19.907
7/13/2024,08:57:10 pm,0,8.2845,19.910
7/13/2024,08:57:20 pm,0,8.2845,19.911
7/13/2024,08:57:30 pm,0,8.2845,19.913
7/13/2024,08:57:40 pm,0,8.2847,19.917
7/13/2024,08:57:50 pm,0,8.2846,19.917
7/13/2024,08:58:00 pm,0,8.2846,19.919
7/13/2024,08:58:10 pm,0,8.2847,19.920
7/13/2024,08:58:20 pm,0,8.2846,19.922
7/13/2024,08:58:30 pm,0,8.2845,19.924
7/13/2024,08:58:40 pm,0,8.2846,19.924
7/13/2024,08:58:50 pm,0,8.2845,19.927
7/13/2024,08:59:00 pm,0,8.2848,19.925
7/13/2024,08:59:10 pm,0,8.2849,19.927
7/13/2024,08:59:20 pm,0,8.2848,19.928
7/13/2024,08:59:30 pm,0,8.2848,19.930
7/13/2024,08:59:40 pm,0,8.2848,19.930
7/13/2024,08:59:50 pm,0,8.2849,19.930
7/13/2024,09:00:00 pm,0,8.2848,19.931
7/13/2024,09:00:10 pm,0,8.2849,19.935
7/13/2024,09:00:20 pm,0,8.2848,19.934
7/13/2024,09:00:30 pm,0,8.2848,19.933
7/13/2024,09:00:40 pm,0,8.2848,19.935
7/13/2024,09:00:50 pm,0,8.2849,19.939
7/13/2024,09:01:00 pm,0,8.2851,19.939
7/13/2024,09:01:10 pm,0,8.2848,19.941
7/13/2024,09:01:20 pm,0,8.2848,19.941
7/13/2024,09:01:30 pm,0,8.2850,19.943
7/13/2024,09:01:40 pm,0,8.2850,19.945
7/13/2024,09:01:50 pm,0,8.2850,19.946
7/13/2024,09:02:00 pm,0,8.2852,19.950
7/13/2024,09:02:10 pm,0,8.2851,19.949
7/13/2024,09:02:20 pm,0,8.2853,19.952
7/13/2024,09:02:30 pm,0,8.2851,19.951
7/13/2024,09:02:40 pm,0,8.2851,19.954
7/13/2024,09:02:50 pm,0,8.2851,19.954
7/13/2024,09:03:00 pm,0,8.2851,19.955
7/13/2024,09:03:10 pm,0,8.2850,19.957
7/13/2024,09:03:20 pm,0,8.2851,19.957
7/13/2024,09:03:30 pm,0,8.2851,19.960
7/13/2024,09:03:40 pm,0,8.2850,19.958
7/13/2024,09:03:50 pm,0,8.2850,19.959
7/13/2024,09:04:00 pm,0,8.2849,19.961
7/13/2024,09:04:10 pm,0,8.2853,19.965
7/13/2024,09:04:20 pm,0,8.2851,19.963
7/13/2024,09:04:30 pm,0,8.2853,19.967
7/13/2024,09:04:40 pm,0,8.2850,19.971
7/13/2024,09:04:50 pm,0,8.2852,19.972
7/13/2024,09:05:00 pm,0,8.2850,19.973
7/13/2024,09:05:10 pm,0,8.2851,19.976
7/13/2024,09:05:20 pm,0,8.2853,19.979
7/13/2024,09:05:30 pm,0,8.2852,19.980
7/13/2024,09:05:40 pm,0,8.2852,19.983
7/13/2024,09:05:50 pm,0,8.2852,19.986
7/13/2024,09:06:00 pm,0,8.2853,19.988
7/13/2024,09:06:10 pm,0,8.2850,19.992
7/13/2024,09:06:20 pm,0,8.2852,19.997
7/13/2024,09:06:30 pm,0,8.2853,19.997
7/13/2024,09:06:40 pm,0,8.2852,20.001
7/13/2024,09:06:50 pm,0,8.2852,20.004
7/13/2024,09:07:00 pm,0,8.2855,20.008
7/13/2024,09:07:10 pm,0,8.2855,20.010
7/13/2024,09:07:20 pm,0,8.2852,20.013
7/13/2024,09:07:30 pm,0,8.2855,20.016
7/13/2024,09:07:40 pm,0,8.2853,20.019
7/13/2024,09:07:50 pm,0,8.2854,20.021
7/13/2024,09:08:00 pm,0,8.2854,20.024
7/13/2024,09:08:10 pm,0,8.2856,20.026
7/13/2024,09:08:20 pm,0,8.2856,20.029
7/13/2024,09:08:30 pm,0,8.2855,20.031
7/13/2024,09:08:40 pm,0,8.2854,20.033
7/13/2024,09:08:50 pm,0,8.2858,20.035
7/13/2024,09:09:00 pm,0,8.2857,20.039
7/13/2024,09:09:10 pm,0,8.2857,20.040
7/13/2024,09:09:20 pm,0,8.2856,20.043
7/13/2024,09:09:30 pm,0,8.2856,20.045
7/13/2024,09:09:40 pm,0,8.2856,20.050
7/13/2024,09:09:50 pm,0,8.2858,20.053
7/13/2024,09:10:00 pm,0,8.2859,20.056
7/13/2024,09:10:10 pm,0,8.2857,20.058
7/13/2024,09:10:20 pm,0,8.2857,20.059
7/13/2024,09:10:30 pm,0,8.2859,20.064
7/13/2024,09:10:40 pm,0,8.2859,20.068
7/13/2024,09:10:50 pm,0,8.2860,20.075
7/13/2024,09:11:00 pm,0,8.2859,20.075
7/13/2024,09:11:10 pm,0,8.2857,20.065
7/13/2024,09:11:20 pm,0,8.2867,20.066
7/13/2024,09:11:30 pm,0,8.2863,20.081
7/13/2024,09:11:40 pm,0,8.2861,20.094
7/13/2024,09:11:50 pm,0,8.2861,20.098
7/13/2024,09:12:00 pm,0,8.2859,20.104
7/13/2024,09:12:10 pm,0,8.2859,20.105
7/13/2024,09:12:20 pm,0,8.2861,20.108
7/13/2024,09:12:30 pm,0,8.2862,20.107
7/13/2024,09:12:40 pm,0,8.2860,20.105
7/13/2024,09:12:50 pm,0,8.2861,20.104
7/13/2024,09:13:00 pm,0,8.2861,20.106
7/13/2024,09:13:10 pm,0,8.2859,20.105
7/13/2024,09:13:20 pm,0,8.2860,20.105
7/13/2024,09:13:30 pm,0,8.2862,20.106
7/13/2024,09:13:40 pm,0,8.2860,20.106
7/13/2024,09:13:50 pm,0,8.2862,20.106
7/13/2024,09:14:00 pm,0,8.2860,20.106
7/13/2024,09:14:10 pm,0,8.2860,20.108
7/13/2024,09:14:20 pm,0,8.2861,20.108
7/13/2024,09:14:30 pm,0,8.2862,20.110
7/13/2024,09:14:40 pm,0,8.2860,20.110
7/13/2024,09:14:50 pm,0,8.2860,20.109
7/13/2024,09:15:00 pm,0,8.2861,20.110
7/13/2024,09:15:10 pm,0,8.2862,20.111
7/13/2024,09:15:20 pm,0,8.2861,20.110
7/13/2024,09:15:30 pm,0,8.2863,20.111
7/13/2024,09:15:40 pm,0,8.2861,20.111
7/13/2024,09:15:50 pm,0,8.2861,20.111
7/13/2024,09:16:00 pm,0,8.2861,20.111
7/13/2024,09:16:10 pm,0,8.2862,20.109
7/13/2024,09:16:20 pm,0,8.2863,20.110
7/13/2024,09:16:30 pm,0,8.2861,20.108
7/13/2024,09:16:40 pm,0,8.2862,20.111
7/13/2024,09:16:50 pm,0,8.2862,20.109
7/13/2024,09:17:00 pm,0,8.2859,20.109
7/13/2024,09:17:10 pm,0,8.2860,20.111
7/13/2024,09:17:20 pm,0,8.2860,20.109
7/13/2024,09:17:30 pm,0,8.2860,20.111
7/13/2024,09:17:40 pm,0,8.2859,20.113
7/13/2024,09:17:50 pm,0,8.2859,20.110
7/13/2024,09:18:00 pm,0,8.2859,20.111
7/13/2024,09:18:10 pm,0,8.2859,20.110
7/13/2024,09:18:20 pm,0,8.2859,20.110
7/13/2024,09:18:30 pm,0,8.2858,20.108
7/13/2024,09:18:40 pm,0,8.2858,20.112
7/13/2024,09:18:50 pm,0,8.2858,20.108
7/13/2024,09:19:00 pm,0,8.2857,20.108
7/13/2024,09:19:10 pm,0,8.2856,20.109
7/13/2024,09:19:20 pm,0,8.2856,20.109
7/13/2024,09:19:30 pm,0,8.2857,20.109
7/13/2024,09:19:40 pm,0,8.2858,20.110
7/13/2024,09:19:50 pm,0,8.2857,20.111
7/13/2024,09:20:00 pm,0,8.2858,20.109
7/13/2024,09:20:10 pm,0,8.2857,20.110
7/13/2024,09:20:20 pm,0,8.2857,20.107
7/13/2024,09:20:30 pm,0,8.2857,20.109
7/13/2024,09:20:40 pm,0,8.2856,20.108
7/13/2024,09:20:50 pm,0,8.2858,20.106
7/13/2024,09:21:00 pm,0,8.2858,20.105
7/13/2024,09:21:10 pm,0,8.2856,20.105
7/13/2024,09:21:20 pm,0,8.2858,20.104
7/13/2024,09:21:30 pm,0,8.2858,20.102
7/13/2024,09:21:40 pm,0,8.2857,20.104
7/13/2024,09:21:50 pm,0,8.2857,20.104
7/13/2024,09:22:00 pm,0,8.2857,20.101
7/13/2024,09:22:10 pm,0,8.2857,20.102
7/13/2024,09:22:20 pm,0,8.2858,20.102
7/13/2024,09:22:30 pm,0,8.2856,20.101
7/13/2024,09:22:40 pm,0,8.2857,20.101
7/13/2024,09:22:50 pm,0,8.2857,20.098
7/13/2024,09:23:00 pm,0,8.2855,20.098
7/13/2024,09:23:10 pm,0,8.2856,20.097
7/13/2024,09:23:20 pm,0,8.2858,20.095
7/13/2024,09:23:30 pm,0,8.2858,20.093
7/13/2024,09:23:40 pm,0,8.2858,20.090
7/13/2024,09:23:50 pm,0,8.2856,20.090
7/13/2024,09:24:00 pm,0,8.2858,20.089
7/13/2024,09:24:10 pm,0,8.2856,20.086
7/13/2024,09:24:20 pm,0,8.2858,20.084
7/13/2024,09:24:30 pm,0,8.2859,20.083
7/13/2024,09:24:40 pm,0,8.2856,20.079
7/13/2024,09:24:50 pm,0,8.2859,20.077
7/13/2024,09:25:00 pm,0,8.2859,20.075
7/13/2024,09:25:10 pm,0,8.2858,20.074
7/13/2024,09:25:20 pm,0,8.2859,20.069
7/13/2024,09:25:30 pm,0,8.2858,20.067
7/13/2024,09:25:40 pm,0,8.2857,20.065
7/13/2024,09:25:50 pm,0,8.2858,20.062
7/13/2024,09:26:00 pm,0,8.2859,20.058
7/13/2024,09:26:10 pm,0,8.2858,20.056
7/13/2024,09:26:20 pm,0,8.2858,20.052
7/13/2024,09:26:30 pm,0,8.2858,20.049
7/13/2024,09:26:40 pm,0,8.2858,20.047
7/13/2024,09:26:50 pm,0,8.2858,20.043
7/13/2024,09:27:00 pm,0,8.2859,20.040
7/13/2024,09:27:10 pm,0,8.2857,20.038
7/13/2024,09:27:20 pm,0,8.2856,20.032
7/13/2024,09:27:30 pm,0,8.2857,20.029
7/13/2024,09:27:40 pm,0,8.2856,20.025
7/13/2024,09:27:50 pm,0,8.2858,20.026
7/13/2024,09:28:00 pm,0,8.2856,20.022
7/13/2024,09:28:10 pm,0,8.2857,20.020
7/13/2024,09:28:20 pm,0,8.2856,20.018
7/13/2024,09:28:30 pm,0,8.2857,20.016
7/13/2024,09:28:40 pm,0,8.2855,20.017
7/13/2024,09:28:50 pm,0,8.2855,20.014
7/13/2024,09:29:00 pm,0,8.2858,20.015
7/13/2024,09:29:10 pm,0,8.2857,20.014
7/13/2024,09:29:20 pm,0,8.2856,20.015
7/13/2024,09:29:30 pm,0,8.2857,20.012
7/13/2024,09:29:40 pm,0,8.2857,20.011
7/13/2024,09:29:50 pm,0,8.2857,20.010
7/13/2024,09:30:00 pm,0,8.2856,20.005
7/13/2024,09:30:10 pm,0,8.2857,20.004
7/13/2024,09:30:20 pm,0,8.2857,19.998
7/13/2024,09:30:30 pm,0,8.2857,19.995
7/13/2024,09:30:40 pm,0,8.2857,19.989
7/13/2024,09:30:50 pm,0,8.2858,19.983
7/13/2024,09:31:00 pm,0,8.2858,19.976
7/13/2024,09:31:10 pm,0,8.2859,19.970
7/13/2024,09:31:20 pm,0,8.2858,19.965
7/13/2024,09:31:30 pm,0,8.2860,19.961
7/13/2024,09:31:40 pm,0,8.2860,19.953
7/13/2024,09:31:50 pm,0,8.2860,19.951
7/13/2024,09:32:00 pm,0,8.2860,19.946
7/13/2024,09:32:10 pm,0,8.2859,19.941
7/13/2024,09:32:20 pm,0,8.2861,19.938
7/13/2024,09:32:30 pm,0,8.2861,19.933
7/13/2024,09:32:40 pm,0,8.2860,19.928
7/13/2024,09:32:50 pm,0,8.2862,19.925
7/13/2024,09:33:00 pm,0,8.2859,19.921
7/13/2024,09:33:10 pm,0,8.2862,19.918
7/13/2024,09:33:20 pm,0,8.2860,19.916
7/13/2024,09:33:30 pm,0,8.2863,19.912
7/13/2024,09:33:40 pm,0,8.2863,19.908
7/13/2024,09:33:50 pm,0,8.2863,19.906
7/13/2024,09:34:00 pm,0,8.2864,19.906
7/13/2024,09:34:10 pm,0,8.2864,19.903
7/13/2024,09:34:20 pm,0,8.2864,19.903
7/13/2024,09:34:30 pm,0,8.2863,19.902
7/13/2024,09:34:40 pm,0,8.2863,19.903
7/13/2024,09:34:50 pm,0,8.2863,19.895
7/13/2024,09:35:00 pm,0,8.2864,19.895
7/13/2024,09:35:10 pm,0,8.2865,19.890
7/13/2024,09:35:20 pm,0,8.2864,19.886
7/13/2024,09:35:30 pm,0,8.2862,19.884
7/13/2024,09:35:40 pm,0,8.2865,19.879
7/13/2024,09:35:50 pm,0,8.2864,19.879
7/13/2024,09:36:00 pm,0,8.2865,19.875
7/13/2024,09:36:10 pm,0,8.2866,19.874
7/13/2024,09:36:20 pm,0,8.2865,19.872
7/13/2024,09:36:30 pm,0,8.2867,19.871
7/13/2024,09:36:40 pm,0,8.2866,19.869
7/13/2024,09:36:50 pm,0,8.2866,19.868
7/13/2024,09:37:00 pm,0,8.2865,19.868
7/13/2024,09:37:10 pm,0,8.2867,19.867
7/13/2024,09:37:20 pm,0,8.2866,19.867
7/13/2024,09:37:30 pm,0,8.2866,19.867
7/13/2024,09:37:40 pm,0,8.2866,19.865
7/13/2024,09:37:50 pm,0,8.2866,19.867
7/13/2024,09:38:00 pm,0,8.2866,19.867
7/13/2024,09:38:10 pm,0,8.2866,19.869
7/13/2024,09:38:20 pm,0,8.2867,19.868
7/13/2024,09:38:30 pm,0,8.2865,19.872
7/13/2024,09:38:40 pm,0,8.2868,19.870
7/13/2024,09:38:50 pm,0,8.2866,19.873
7/13/2024,09:39:00 pm,0,8.2868,19.872
7/13/2024,09:39:10 pm,0,8.2868,19.878
7/13/2024,09:39:20 pm,0,8.2867,19.882
7/13/2024,09:39:30 pm,0,8.2868,19.887
7/13/2024,09:39:40 pm,0,8.2868,19.893
7/13/2024,09:39:50 pm,0,8.2866,19.900
7/13/2024,09:40:00 pm,0,8.2866,19.908
7/13/2024,09:40:10 pm,0,8.2865,19.912
7/13/2024,09:40:20 pm,0,8.2865,19.916
7/13/2024,09:40:30 pm,0,8.2867,19.924
7/13/2024,09:40:40 pm,0,8.2867,19.930
7/13/2024,09:40:50 pm,0,8.2869,19.934
7/13/2024,09:41:00 pm,0,8.2868,19.942
7/13/2024,09:41:10 pm,0,8.2869,19.946
7/13/2024,09:41:20 pm,0,8.2867,19.950
7/13/2024,09:41:30 pm,0,8.2868,19.953
7/13/2024,09:41:40 pm,0,8.2869,19.960
7/13/2024,09:41:50 pm,0,8.2869,19.964
7/13/2024,09:42:00 pm,0,8.2870,19.969
7/13/2024,09:42:10 pm,0,8.2869,19.971
7/13/2024,09:42:20 pm,0,8.2871,19.978
7/13/2024,09:42:30 pm,0,8.2871,19.978
7/13/2024,09:42:40 pm,0,8.2871,19.982
7/13/2024,09:42:50 pm,0,8.2872,19.982
7/13/2024,09:43:00 pm,0,8.2873,19.986
7/13/2024,09:43:10 pm,0,8.2872,19.988
7/13/2024,09:43:20 pm,0,8.2871,19.990
7/13/2024,09:43:30 pm,0,8.2871,19.992
7/13/2024,09:43:40 pm,0,8.2872,19.994
7/13/2024,09:43:50 pm,0,8.2872,19.994
7/13/2024,09:44:00 pm,0,8.2870,19.996
7/13/2024,09:44:10 pm,0,8.2871,19.999
7/13/2024,09:44:20 pm,0,8.2872,19.999
7/13/2024,09:44:30 pm,0,8.2874,20.001
7/13/2024,09:44:40 pm,0,8.2871,20.000
7/13/2024,09:44:50 pm,0,8.2872,20.002
7/13/2024,09:45:00 pm,0,8.2872,20.003
7/13/2024,09:45:10 pm,0,8.2873,20.002
7/13/2024,09:45:20 pm,0,8.2874,20.004
7/13/2024,09:45:30 pm,0,8.2872,20.005
7/13/2024,09:45:40 pm,0,8.2874,20.005
7/13/2024,09:45:50 pm,0,8.2875,20.004
7/13/2024,09:46:00 pm,0,8.2874,20.003
7/13/2024,09:46:10 pm,0,8.2877,20.004
7/13/2024,09:46:20 pm,0,8.2875,20.002
7/13/2024,09:46:30 pm,0,8.2876,20.003
7/13/2024,09:46:40 pm,0,8.2876,20.003
7/13/2024,09:46:50 pm,0,8.2876,20.001
7/13/2024,09:47:00 pm,0,8.2877,20.004
7/13/2024,09:47:10 pm,0,8.2878,20.001
7/13/2024,09:47:20 pm,0,8.2876,20.002
7/13/2024,09:47:30 pm,0,8.2876,20.001
7/13/2024,09:47:40 pm,0,8.2876,19.999
7/13/2024,09:47:50 pm,0,8.2877,20.002
7/13/2024,09:48:00 pm,0,8.2878,20.000
7/13/2024,09:48:10 pm,0,8.2877,19.999
7/13/2024,09:48:20 pm,0,8.2877,20.000
7/13/2024,09:48:30 pm,0,8.2878,19.998
7/13/2024,09:48:40 pm,0,8.2879,19.995
7/13/2024,09:48:50 pm,0,8.2878,19.993
7/13/2024,09:49:00 pm,0,8.2880,19.991
7/13/2024,09:49:10 pm,0,8.2877,19.986
7/13/2024,09:49:20 pm,0,8.2879,19.983
7/13/2024,09:49:30 pm,0,8.2881,19.981
7/13/2024,09:49:40 pm,0,8.2879,19.978
7/13/2024,09:49:50 pm,0,8.2880,19.971
7/13/2024,09:50:00 pm,0,8.2880,19.970
7/13/2024,09:50:10 pm,0,8.2880,19.968
7/13/2024,09:50:20 pm,0,8.2879,19.963
7/13/2024,09:50:30 pm,0,8.2879,19.961
7/13/2024,09:50:40 pm,0,8.2880,19.955
7/13/2024,09:50:50 pm,0,8.2878,19.956
7/13/2024,09:51:00 pm,0,8.2878,19.953
7/13/2024,09:51:10 pm,0,8.2879,19.950
7/13/2024,09:51:20 pm,0,8.2880,19.950
7/13/2024,09:51:30 pm,0,8.2880,19.949
7/13/2024,09:51:40 pm,0,8.2879,19.948
7/13/2024,09:51:50 pm,0,8.2879,19.944
7/13/2024,09:52:00 pm,0,8.2880,19.945
7/13/2024,09:52:10 pm,0,8.2881,19.946
7/13/2024,09:52:20 pm,0,8.2880,19.945
7/13/2024,09:52:30 pm,0,8.2881,19.944
7/13/2024,09:52:40 pm,0,8.2880,19.942
7/13/2024,09:52:50 pm,0,8.2880,19.942
7/13/2024,09:53:00 pm,0,8.2879,19.942
7/13/2024,09:53:10 pm,0,8.2881,19.942
7/13/2024,09:53:20 pm,0,8.2881,19.940
7/13/2024,09:53:30 pm,0,8.2880,19.939
7/13/2024,09:53:40 pm,0,8.2881,19.938
7/13/2024,09:53:50 pm,0,8.2881,19.938
7/13/2024,09:54:00 pm,0,8.2880,19.937
7/13/2024,09:54:10 pm,0,8.2882,19.936
7/13/2024,09:54:20 pm,0,8.2882,19.935
7/13/2024,09:54:30 pm,0,8.2882,19.934
7/13/2024,09:54:40 pm,0,8.2881,19.934
7/13/2024,09:54:50 pm,0,8.2880,19.934
7/13/2024,09:55:00 pm,0,8.2880,19.933
7/13/2024,09:55:10 pm,0,8.2881,19.933
7/13/2024,09:55:20 pm,0,8.2882,19.932
7/13/2024,09:55:30 pm,0,8.2882,19.933
7/13/2024,09:55:40 pm,0,8.2882,19.933
7/13/2024,09:55:50 pm,0,8.2882,19.932
7/13/2024,09:56:00 pm,0,8.2882,19.933
7/13/2024,09:56:10 pm,0,8.2880,19.932
7/13/2024,09:56:20 pm,0,8.2880,19.935
7/13/2024,09:56:30 pm,0,8.2884,19.934
7/13/2024,09:56:40 pm,0,8.2880,19.933
7/13/2024,09:56:50 pm,0,8.2883,19.934
7/13/2024,09:57:00 pm,0,8.2880,19.934
7/13/2024,09:57:10 pm,0,8.2880,19.936
7/13/2024,09:57:20 pm,0,8.2881,19.936
7/13/2024,09:57:30 pm,0,8.2881,19.936
7/13/2024,09:57:40 pm,0,8.2881,19.936
7/13/2024,09:57:50 pm,0,8.2884,19.936
7/13/2024,09:58:00 pm,0,8.2882,19.937
7/13/2024,09:58:10 pm,0,8.2881,19.936
7/13/2024,09:58:20 pm,0,8.2884,19.937
7/13/2024,09:58:30 pm,0,8.2881,19.937
7/13/2024,09:58:40 pm,0,8.2884,19.937
7/13/2024,09:58:50 pm,0,8.2883,19.939
7/13/2024,09:59:00 pm,0,8.2883,19.934
7/13/2024,09:59:10 pm,0,8.2883,19.935
7/13/2024,09:59:20 pm,0,8.2884,19.937
7/13/2024,09:59:30 pm,0,8.2884,19.935
7/13/2024,09:59:40 pm,0,8.2884,19.937
7/13/2024,09:59:50 pm,0,8.2886,19.937
7/13/2024,10:00:00 pm,0,8.2886,19.936
7/13/2024,10:00:10 pm,0,8.2885,19.935
7/13/2024,10:00:20 pm,0,8.2885,19.934
7/13/2024,10:00:30 pm,0,8.2885,19.937
7/13/2024,10:00:40 pm,0,8.2885,19.935
7/13/2024,10:00:50 pm,0,8.2885,19.935
7/13/2024,10:01:00 pm,0,8.2888,19.932
7/13/2024,10:01:10 pm,0,8.2887,19.935
7/13/2024,10:01:20 pm,0,8.2887,19.934
7/13/2024,10:01:30 pm,0,8.2887,19.932
7/13/2024,10:01:40 pm,0,8.2886,19.932
7/13/2024,10:01:50 pm,0,8.2888,19.934
7/13/2024,10:02:00 pm,0,8.2889,19.931
7/13/2024,10:02:10 pm,0,8.2887,19.932
7/13/2024,10:02:20 pm,0,8.2887,19.931
7/13/2024,10:02:30 pm,0,8.2888,19.933
7/13/2024,10:02:40 pm,0,8.2888,19.932
7/13/2024,10:02:50 pm,0,8.2886,19.929
7/13/2024,10:03:00 pm,0,8.2886,19.932
7/13/2024,10:03:10 pm,0,8.2889,19.930
7/13/2024,10:03:20 pm,0,8.2887,19.932
7/13/2024,10:03:30 pm,0,8.2887,19.931
7/13/2024,10:03:40 pm,0,8.2886,19.931
7/13/2024,10:03:50 pm,0,8.2887,19.929
7/13/2024,10:04:00 pm,0,8.2887,19.929
7/13/2024,10:04:10 pm,0,8.2888,19.932
7/13/2024,10:04:20 pm,0,8.2887,19.927
7/13/2024,10:04:30 pm,0,8.2888,19.927
7/13/2024,10:04:40 pm,0,8.2888,19.925
7/13/2024,10:04:50 pm,0,8.2890,19.924
7/13/2024,10:05:00 pm,0,8.2888,19.923
7/13/2024,10:05:10 pm,0,8.2889,19.922
7/13/2024,10:05:20 pm,0,8.2889,19.919
7/13/2024,10:05:30 pm,0,8.2888,19.917
7/13/2024,10:05:40 pm,0,8.2889,19.913
7/13/2024,10:05:50 pm,0,8.2888,19.913
7/13/2024,10:06:00 pm,0,8.2887,19.909
7/13/2024,10:06:10 pm,0,8.2888,19.905
7/13/2024,10:06:20 pm,0,8.2887,19.904
7/13/2024,10:06:30 pm,0,8.2887,19.902
7/13/2024,10:06:40 pm,0,8.2886,19.897
7/13/2024,10:06:50 pm,0,8.2885,19.898
7/13/2024,10:07:00 pm,0,8.2887,19.896
7/13/2024,10:07:10 pm,0,8.2886,19.891
7/13/2024,10:07:20 pm,0,8.2887,19.889
7/13/2024,10:07:30 pm,0,8.2885,19.888
7/13/2024,10:07:40 pm,0,8.2886,19.885
7/13/2024,10:07:50 pm,0,8.2885,19.884
7/13/2024,10:08:00 pm,0,8.2884,19.878
7/13/2024,10:08:10 pm,0,8.2884,19.878
7/13/2024,10:08:20 pm,0,8.2886,19.875
7/13/2024,10:08:30 pm,0,8.2885,19.874
7/13/2024,10:08:40 pm,0,8.2885,19.872
7/13/2024,10:08:50 pm,0,8.2884,19.868
7/13/2024,10:09:00 pm,0,8.2884,19.867
7/13/2024,10:09:10 pm,0,8.2886,19.866
7/13/2024,10:09:20 pm,0,8.2886,19.865
7/13/2024,10:09:30 pm,0,8.2885,19.862
7/13/2024,10:09:40 pm,0,8.2886,19.860
7/13/2024,10:09:50 pm,0,8.2884,19.858
7/13/2024,10:10:00 pm,0,8.2884,19.859
7/13/2024,10:10:10 pm,0,8.2884,19.858
7/13/2024,10:10:20 pm,0,8.2883,19.857
7/13/2024,10:10:30 pm,0,8.2884,19.858
7/13/2024,10:10:40 pm,0,8.2883,19.859
7/13/2024,10:10:50 pm,0,8.2882,19.858
7/13/2024,10:11:00 pm,0,8.2882,19.858
7/13/2024,10:11:10 pm,0,8.2882,19.857
7/13/2024,10:11:20 pm,0,8.2883,19.856
7/13/2024,10:11:30 pm,0,8.2884,19.858
7/13/2024,10:11:40 pm,0,8.2881,19.859
7/13/2024,10:11:50 pm,0,8.2883,19.858
7/13/2024,10:12:00 pm,0,8.2884,19.858
7/13/2024,10:12:10 pm,0,8.2882,19.860
7/13/2024,10:12:20 pm,0,8.2881,19.860
7/13/2024,10:12:30 pm,0,8.2881,19.864
7/13/2024,10:12:40 pm,0,8.2882,19.863
7/13/2024,10:12:50 pm,0,8.2883,19.866
7/13/2024,10:13:00 pm,0,8.2881,19.866
7/13/2024,10:13:10 pm,0,8.2880,19.870
7/13/2024,10:13:20 pm,0,8.2879,19.870
7/13/2024,10:13:30 pm,0,8.2880,19.873
7/13/2024,10:13:40 pm,0,8.2879,19.873
7/13/2024,10:13:50 pm,0,8.2879,19.876
7/13/2024,10:14:00 pm,0,8.2878,19.877
7/13/2024,10:14:10 pm,0,8.2878,19.877
7/13/2024,10:14:20 pm,0,8.2880,19.878
7/13/2024,10:14:30 pm,0,8.2878,19.880
7/13/2024,10:14:40 pm,0,8.2879,19.880
7/13/2024,10:14:50 pm,0,8.2879,19.879
7/13/2024,10:15:00 pm,0,8.2878,19.880
7/13/2024,10:15:10 pm,0,8.2880,19.880
7/13/2024,10:15:20 pm,0,8.2880,19.881
7/13/2024,10:15:30 pm,0,8.2880,19.882
7/13/2024,10:15:40 pm,0,8.2880,19.882
7/13/2024,10:15:50 pm,0,8.2878,19.884
7/13/2024,10:16:00 pm,0,8.2878,19.886
7/13/2024,10:16:10 pm,0,8.2877,19.886
7/13/2024,10:16:20 pm,0,8.2880,19.887
7/13/2024,10:16:30 pm,0,8.2879,19.890
7/13/2024,10:16:40 pm,0,8.2879,19.891
7/13/2024,10:16:50 pm,0,8.2881,19.892
7/13/2024,10:17:00 pm,0,8.2880,19.893
7/13/2024,10:17:10 pm,0,8.2880,19.895
7/13/2024,10:17:20 pm,0,8.2881,19.896
7/13/2024,10:17:30 pm,0,8.2882,19.898
7/13/2024,10:17:40 pm,0,8.2881,19.898
7/13/2024,10:17:50 pm,0,8.2881,19.900
7/13/2024,10:18:00 pm,0,8.2880,19.899
7/13/2024,10:18:10 pm,0,8.2883,19.899
7/13/2024,10:18:20 pm,0,8.2882,19.899
7/13/2024,10:18:30 pm,0,8.2883,19.900
7/13/2024,10:18:40 pm,0,8.2883,19.894
7/13/2024,10:18:50 pm,0,8.2884,19.895
7/13/2024,10:19:00 pm,0,8.2886,19.892
7/13/2024,10:19:10 pm,0,8.2885,19.890
7/13/2024,10:19:20 pm,0,8.2887,19.887
7/13/2024,10:19:30 pm,0,8.2886,19.886
7/13/2024,10:19:40 pm,0,8.2888,19.887
7/13/2024,10:19:50 pm,0,8.2888,19.882
7/13/2024,10:20:00 pm,0,8.2889,19.881
7/13/2024,10:20:10 pm,0,8.2888,19.880
7/13/2024,10:20:20 pm,0,8.2889,19.878
7/13/2024,10:20:30 pm,0,8.2892,19.880
7/13/2024,10:20:40 pm,0,8.2893,19.879
7/13/2024,10:20:50 pm,0,8.2891,19.874
7/13/2024,10:21:00 pm,0,8.2892,19.875
7/13/2024,10:21:10 pm,0,8.2892,19.873
7/13/2024,10:21:20 pm,0,8.2891,19.872
7/13/2024,10:21:30 pm,0,8.2895,19.870
7/13/2024,10:21:40 pm,0,8.2895,19.868
7/13/2024,10:21:50 pm,0,8.2896,19.864
7/13/2024,10:22:00 pm,0,8.2895,19.862
7/13/2024,10:22:10 pm,0,8.2896,19.859
7/13/2024,10:22:20 pm,0,8.2898,19.857
7/13/2024,10:22:30 pm,0,8.2897,19.856
7/13/2024,10:22:40 pm,0,8.2897,19.853
7/13/2024,10:22:50 pm,0,8.2898,19.850
7/13/2024,10:23:00 pm,0,8.2899,19.849
7/13/2024,10:23:10 pm,0,8.2899,19.845
7/13/2024,10:23:20 pm,0,8.2898,19.843
7/13/2024,10:23:30 pm,0,8.2898,19.843
7/13/2024,10:23:40 pm,0,8.2898,19.840
7/13/2024,10:23:50 pm,0,8.2898,19.840
7/13/2024,10:24:00 pm,0,8.2897,19.838
7/13/2024,10:24:10 pm,0,8.2896,19.836
7/13/2024,10:24:20 pm,0,8.2896,19.834
7/13/2024,10:24:30 pm,0,8.2897,19.835
7/13/2024,10:24:40 pm,0,8.2897,19.832
7/13/2024,10:24:50 pm,0,8.2895,19.830
7/13/2024,10:25:00 pm,0,8.2894,19.829
7/13/2024,10:25:10 pm,0,8.2896,19.827
7/13/2024,10:25:20 pm,0,8.2895,19.827
7/13/2024,10:25:30 pm,0,8.2894,19.826
7/13/2024,10:25:40 pm,0,8.2893,19.823
7/13/2024,10:25:50 pm,0,8.2893,19.822
7/13/2024,10:26:00 pm,0,8.2892,19.823
7/13/2024,10:26:10 pm,0,8.2893,19.822
7/13/2024,10:26:20 pm,0,8.2890,19.821
7/13/2024,10:26:30 pm,0,8.2891,19.823
7/13/2024,10:26:40 pm,0,8.2891,19.820
7/13/2024,10:26:50 pm,0,8.2891,19.820
7/13/2024,10:27:00 pm,0,8.2891,19.821
7/13/2024,10:27:10 pm,0,8.2893,19.819
7/13/2024,10:27:20 pm,0,8.2892,19.819
7/13/2024,10:27:30 pm,0,8.2891,19.818
7/13/2024,10:27:40 pm,0,8.2894,19.817
7/13/2024,10:27:50 pm,0,8.2890,19.817
7/13/2024,10:28:00 pm,0,8.2896,19.853
7/13/2024,10:28:10 pm,0,8.2894,19.895
7/13/2024,10:28:20 pm,0,8.2891,19.931
7/13/2024,10:28:30 pm,0,8.2893,19.982
7/13/2024,10:28:40 pm,0,8.2892,20.043
7/13/2024,10:28:50 pm,0,8.2887,20.087
7/13/2024,10:29:00 pm,0,8.2885,20.132
7/13/2024,10:29:10 pm,0,8.2882,20.178
7/13/2024,10:29:20 pm,0,8.2881,20.229
7/13/2024,10:29:30 pm,0,8.2880,20.278
7/13/2024,10:29:40 pm,0,8.2880,20.332
7/13/2024,10:29:50 pm,0,8.2880,20.385
7/13/2024,10:30:00 pm,0,8.2881,20.435
7/13/2024,10:30:10 pm,0,8.2881,20.485
7/13/2024,10:30:20 pm,0,8.2881,20.535
7/13/2024,10:30:30 pm,0,8.2880,20.586
7/13/2024,10:30:40 pm,0,8.2882,20.635
7/13/2024,10:30:50 pm,0,8.2880,20.681
7/13/2024,10:31:00 pm,0,8.2881,20.726
7/13/2024,10:31:10 pm,0,8.2882,20.772
7/13/2024,10:31:20 pm,0,8.2879,20.816
7/13/2024,10:31:30 pm,0,8.2882,20.859
7/13/2024,10:31:40 pm,0,8.2880,20.902
7/13/2024,10:31:50 pm,0,8.2880,20.943
7/13/2024,10:32:00 pm,0,8.2879,20.985
7/13/2024,10:32:10 pm,0,8.2883,21.026
7/13/2024,10:32:20 pm,0,8.2881,21.065
7/13/2024,10:32:30 pm,0,8.2881,21.103
7/13/2024,10:32:40 pm,0,8.2881,21.139
7/13/2024,10:32:50 pm,0,8.2881,21.172
7/13/2024,10:33:00 pm,0,8.2881,21.209
7/13/2024,10:33:10 pm,0,8.2880,21.245
7/13/2024,10:33:20 pm,0,8.2880,21.277
7/13/2024,10:33:30 pm,0,8.2880,21.310
7/13/2024,10:33:40 pm,0,8.2881,21.342
7/13/2024,10:33:50 pm,0,8.2880,21.371
7/13/2024,10:34:00 pm,0,8.2880,21.402
7/13/2024,10:34:10 pm,0,8.2880,21.431
7/13/2024,10:34:20 pm,0,8.2879,21.457
7/13/2024,10:34:30 pm,0,8.2878,21.485
7/13/2024,10:34:40 pm,0,8.2878,21.514
7/13/2024,10:34:50 pm,0,8.2879,21.540
7/13/2024,10:35:00 pm,0,8.2879,21.565
7/13/2024,10:35:10 pm,0,8.2877,21.588
7/13/2024,10:35:20 pm,0,8.2877,21.612
7/13/2024,10:35:30 pm,0,8.2878,21.634
7/13/2024,10:35:40 pm,0,8.2877,21.654
7/13/2024,10:35:50 pm,0,8.2876,21.678
7/13/2024,10:36:00 pm,0,8.2879,21.697
7/13/2024,10:36:10 pm,0,8.2878,21.718
7/13/2024,10:36:20 pm,0,8.2878,21.738
7/13/2024,10:36:30 pm,0,8.2877,21.753
7/13/2024,10:36:40 pm,0,8.2876,21.769
7/13/2024,10:36:50 pm,0,8.2875,21.787
7/13/2024,10:37:00 pm,0,8.2877,21.801
7/13/2024,10:37:10 pm,0,8.2877,21.820
7/13/2024,10:37:20 pm,0,8.2879,21.837
7/13/2024,10:37:30 pm,0,8.2879,21.854
7/13/2024,10:37:40 pm,0,8.2877,21.872
7/13/2024,10:37:50 pm,0,8.2877,21.888
7/13/2024,10:38:00 pm,0,8.2876,21.904
7/13/2024,10:38:10 pm,0,8.2880,21.923
7/13/2024,10:38:20 pm,0,8.2878,21.939
7/13/2024,10:38:30 pm,0,8.2880,21.954
7/13/2024,10:38:40 pm,0,8.2878,21.966
7/13/2024,10:38:50 pm,0,8.2879,21.980
7/13/2024,10:39:00 pm,0,8.2879,21.997
7/13/2024,10:39:10 pm,0,8.2880,22.013
7/13/2024,10:39:20 pm,0,8.2881,22.028
7/13/2024,10:39:30 pm,0,8.2879,22.041
7/13/2024,10:39:40 pm,0,8.2882,22.057
7/13/2024,10:39:50 pm,0,8.2879,22.067
7/13/2024,10:40:00 pm,0,8.2881,22.082
7/13/2024,10:40:10 pm,0,8.2882,22.093
7/13/2024,10:40:20 pm,0,8.2881,22.108
7/13/2024,10:40:30 pm,0,8.2883,22.118
7/13/2024,10:40:40 pm,0,8.2884,22.140
7/13/2024,10:40:50 pm,0,8.2891,22.208
7/13/2024,10:41:00 pm,0,8.2891,22.212
7/13/2024,10:41:10 pm,0,8.2888,22.222
7/13/2024,10:41:20 pm,0,8.2887,22.236
7/13/2024,10:41:30 pm,0,8.2887,22.252
7/13/2024,10:41:40 pm,0,8.2887,22.261
7/13/2024,10:41:50 pm,0,8.2886,22.273
7/13/2024,10:42:00 pm,0,8.2885,22.288
7/13/2024,10:42:10 pm,0,8.2889,22.301
7/13/2024,10:42:20 pm,0,8.2889,22.315
7/13/2024,10:42:30 pm,0,8.2889,22.325
7/13/2024,10:42:40 pm,0,8.2890,22.336
7/13/2024,10:42:50 pm,0,8.2888,22.345
7/13/2024,10:43:00 pm,0,8.2891,22.355
7/13/2024,10:43:10 pm,0,8.2891,22.372
7/13/2024,10:43:20 pm,0,8.2897,22.416
7/13/2024,10:43:30 pm,0,8.2897,22.456
7/13/2024,10:43:40 pm,0,8.2898,22.488
7/13/2024,10:43:50 pm,0,8.2897,22.519
7/13/2024,10:44:00 pm,0,8.2897,22.548
7/13/2024,10:44:10 pm,0,8.2899,22.573
7/13/2024,10:44:20 pm,0,8.2897,22.599
7/13/2024,10:44:30 pm,0,8.2896,22.622
7/13/2024,10:44:40 pm,0,8.2895,22.645
7/13/2024,10:44:50 pm,0,8.2895,22.667
7/13/2024,10:45:00 pm,0,8.2894,22.688
7/13/2024,10:45:10 pm,0,8.2894,22.711
7/13/2024,10:45:20 pm,0,8.2892,22.730
7/13/2024,10:45:30 pm,0,8.2890,22.748
7/13/2024,10:45:40 pm,0,8.2891,22.766
7/13/2024,10:45:50 pm,0,8.2887,22.782
7/13/2024,10:46:00 pm,0,8.2886,22.794
7/13/2024,10:46:10 pm,0,8.2886,22.800
7/13/2024,10:46:20 pm,0,8.2884,22.804
7/13/2024,10:46:30 pm,0,8.2883,22.806
7/13/2024,10:46:40 pm,0,8.2881,22.810
7/13/2024,10:46:50 pm,0,8.2883,22.815
7/13/2024,10:47:00 pm,0,8.2881,22.818
7/13/2024,10:47:10 pm,0,8.2881,22.817
7/13/2024,10:47:20 pm,0,8.2880,22.820
7/13/2024,10:47:30 pm,0,8.2881,22.822
7/13/2024,10:47:40 pm,0,8.2879,22.823
7/13/2024,10:47:50 pm,0,8.2880,22.823
7/13/2024,10:48:00 pm,0,8.2879,22.826
7/13/2024,10:48:10 pm,0,8.2880,22.826
7/13/2024,10:48:20 pm,0,8.2880,22.825
7/13/2024,10:48:30 pm,0,8.2881,22.827
7/13/2024,10:48:40 pm,0,8.2880,22.828
7/13/2024,10:48:50 pm,0,8.2880,22.828
7/13/2024,10:49:00 pm,0,8.2880,22.829
7/13/2024,10:49:10 pm,0,8.2880,22.827
7/13/2024,10:49:20 pm,0,8.2881,22.831
7/13/2024,10:49:30 pm,0,8.2880,22.835
7/13/2024,10:49:40 pm,0,8.2882,22.835
7/13/2024,10:49:50 pm,0,8.2881,22.835
7/13/2024,10:50:00 pm,0,8.2882,22.841
7/13/2024,10:50:10 pm,0,8.2879,22.853
7/13/2024,10:50:20 pm,0,8.2880,22.860
7/13/2024,10:50:30 pm,0,8.2878,22.859
7/13/2024,10:50:40 pm,0,8.2878,22.853
7/13/2024,10:50:50 pm,0,8.2877,22.852
7/13/2024,10:51:00 pm,0,8.2877,22.849
7/13/2024,10:51:10 pm,0,8.2878,22.851
7/13/2024,10:51:20 pm,0,8.2879,22.852
7/13/2024,10:51:30 pm,0,8.2879,22.853
7/13/2024,10:51:40 pm,0,8.2880,22.854
7/13/2024,10:51:50 pm,0,8.2881,22.854
7/13/2024,10:52:00 pm,0,8.2879,22.857
7/13/2024,10:52:10 pm,0,8.2877,22.858
7/13/2024,10:52:20 pm,0,8.2880,22.859
7/13/2024,10:52:30 pm,0,8.2882,22.859
7/13/2024,10:52:40 pm,0,8.2882,22.857
7/13/2024,10:52:50 pm,0,8.2880,22.858
7/13/2024,10:53:00 pm,0,8.2881,22.863
7/13/2024,10:53:10 pm,0,8.2882,22.863
7/13/2024,10:53:20 pm,0,8.2884,22.868
7/13/2024,10:53:30 pm,0,8.2883,22.870
7/13/2024,10:53:40 pm,0,8.2884,22.871
7/13/2024,10:53:50 pm,0,8.2883,22.870
7/13/2024,10:54:00 pm,0,8.2883,22.871
7/13/2024,10:54:10 pm,0,8.2883,22.868
7/13/2024,10:54:20 pm,0,8.2886,22.869
7/13/2024,10:54:30 pm,0,8.2886,22.872
7/13/2024,10:54:40 pm,0,8.2884,22.874
7/13/2024,10:54:50 pm,0,8.2885,22.872
7/13/2024,10:55:00 pm,0,8.2888,22.875
7/13/2024,10:55:10 pm,0,8.2887,22.876
7/13/2024,10:55:20 pm,0,8.2888,22.876
7/13/2024,10:55:30 pm,0,8.2887,22.878
7/13/2024,10:55:40 pm,0,8.2889,22.880
7/13/2024,10:55:50 pm,0,8.2888,22.882
7/13/2024,10:56:00 pm,0,8.2889,22.885
7/13/2024,10:56:10 pm,0,8.2889,22.888
7/13/2024,10:56:20 pm,0,8.2889,22.887
7/13/2024,10:56:30 pm,0,8.2891,22.889
7/13/2024,10:56:40 pm,0,8.2888,22.893
7/13/2024,10:56:50 pm,0,8.2894,22.948
7/13/2024,10:57:00 pm,0,8.2934,23.242
7/13/2024,10:57:10 pm,0,8.2916,23.420
