well_id,Date,Time,ms,DT,raw_Level_m,TEMPERATURE,Rate of Change
EWR-1,5/26/2025,07:50:00 am,0,2025-05-26 07:50:00,8.4611,7.412,0.00019999999999997797
EWR-1,5/26/2025,08:00:00 am,0,2025-05-26 08:00:00,8.4619,7.41,0.0001000000000000334
EWR-1,5/26/2025,08:10:00 am,0,2025-05-26 08:10:00,8.4623,7.409,0.00019999999999997797
EWR-1,5/26/2025,08:20:00 am,0,2025-05-26 08:20:00,8.4623,7.407,0.0001000000000000334
EWR-1,5/26/2025,08:30:00 am,0,2025-05-26 08:30:00,8.4629,7.406,9.999999999994457e-05
EWR-1,5/26/2025,08:40:00 am,0,2025-05-26 08:40:00,8.4632,7.405,0.0002000000000000668
EWR-1,5/26/2025,08:50:00 am,0,2025-05-26 08:50:00,8.4632,7.403,9.999999999994457e-05
EWR-1,5/26/2025,09:00:00 am,0,2025-05-26 09:00:00,8.4632,7.402,0.00019999999999997797
EWR-1,5/26/2025,09:10:00 am,0,2025-05-26 09:10:00,8.464,7.4,0.0
EWR-1,5/26/2025,09:20:00 am,0,2025-05-26 09:20:00,8.4645,7.4,0.0001000000000000334
EWR-1,5/26/2025,09:30:00 am,0,2025-05-26 09:30:00,8.4641,7.399,0.0001000000000000334
EWR-1,5/26/2025,09:40:00 am,0,2025-05-26 09:40:00,8.464,7.398,9.999999999994457e-05
EWR-1,5/26/2025,09:50:00 am,0,2025-05-26 09:50:00,8.4627,7.397,0.0001000000000000334
EWR-1,5/26/2025,10:00:00 am,0,2025-05-26 10:00:00,8.462,7.396,0.0001000000000000334
EWR-1,5/26/2025,10:10:00 am,0,2025-05-26 10:10:00,8.4611,7.395,0.0
EWR-1,5/26/2025,10:20:00 am,0,2025-05-26 10:20:00,8.4599,7.395,9.999999999994457e-05
EWR-1,5/26/2025,10:30:00 am,0,2025-05-26 10:30:00,8.4591,7.394,0.0
EWR-1,5/26/2025,10:40:00 am,0,2025-05-26 10:40:00,8.4579,7.394,0.0001000000000000334
EWR-1,5/26/2025,10:50:00 am,0,2025-05-26 10:50:00,8.4583,7.393,0.0001000000000000334
EWR-1,5/26/2025,11:00:00 am,0,2025-05-26 11:00:00,8.4594,7.394,0.0
EWR-1,5/26/2025,11:10:00 am,0,2025-05-26 11:10:00,8.458,7.394,0.0
EWR-1,5/26/2025,11:20:00 am,0,2025-05-26 11:20:00,8.4583,7.394,9.999999999994457e-05
EWR-1,5/26/2025,11:30:00 am,0,2025-05-26 11:30:00,8.4569,7.395,0.0001000000000000334
EWR-1,5/26/2025,11:40:00 am,0,2025-05-26 11:40:00,8.4571,7.396,0.0
EWR-1,5/26/2025,11:50:00 am,0,2025-05-26 11:50:00,8.456,7.396,0.0001000000000000334
EWR-1,5/26/2025,12:00:00 pm,0,2025-05-26 12:00:00,8.4552,7.397,9.999999999994457e-05
EWR-1,5/26/2025,12:10:00 pm,0,2025-05-26 12:10:00,8.4543,7.398,0.0002000000000000668
EWR-1,5/26/2025,12:20:00 pm,0,2025-05-26 12:20:00,8.4529,7.4,9.999999999994457e-05
EWR-1,5/26/2025,12:30:00 pm,0,2025-05-26 12:30:00,8.4519,7.401,0.00019999999999997797
EWR-1,5/26/2025,12:40:00 pm,0,2025-05-26 12:40:00,8.4521,7.403,0.0001000000000000334
EWR-1,5/26/2025,12:50:00 pm,0,2025-05-26 12:50:00,8.4487,7.404,0.00019999999999997797
EWR-1,5/26/2025,01:00:00 pm,0,2025-05-26 13:00:00,8.4478,7.406,0.00030000000000001136
EWR-1,5/26/2025,01:10:00 pm,0,2025-05-26 13:10:00,8.4465,7.409,0.0001000000000000334
EWR-1,5/26/2025,01:20:00 pm,0,2025-05-26 13:20:00,8.4448,7.41,0.00039999999999995595
EWR-1,5/26/2025,01:30:00 pm,0,2025-05-26 13:30:00,8.4449,7.414,0.00030000000000001136
EWR-1,5/26/2025,01:40:00 pm,0,2025-05-26 13:40:00,8.4433,7.417,0.00030000000000001136
EWR-1,5/26/2025,01:50:00 pm,0,2025-05-26 13:50:00,8.4434,7.42,0.00040000000000004474
EWR-1,5/26/2025,02:00:00 pm,0,2025-05-26 14:00:00,8.4423,7.424,0.00029999999999992256
EWR-1,5/26/2025,02:10:00 pm,0,2025-05-26 14:10:00,8.441,7.427,0.0005000000000000782
EWR-1,5/26/2025,02:20:00 pm,0,2025-05-26 14:20:00,8.4402,7.432,0.00029999999999992256
EWR-1,5/26/2025,02:30:00 pm,0,2025-05-26 14:30:00,8.4401,7.435,0.0005000000000000782
EWR-1,5/26/2025,02:40:00 pm,0,2025-05-26 14:40:00,8.4382,7.44,0.00039999999999995595
EWR-1,5/26/2025,02:50:00 pm,0,2025-05-26 14:50:00,8.437,7.444,0.0004999999999999894
EWR-1,5/26/2025,03:00:00 pm,0,2025-05-26 15:00:00,8.4361,7.449,0.00040000000000004474
EWR-1,5/26/2025,03:10:00 pm,0,2025-05-26 15:10:00,8.4358,7.453,0.00039999999999995595
EWR-1,5/26/2025,03:20:00 pm,0,2025-05-26 15:20:00,8.4359,7.457,0.0004999999999999894
EWR-1,5/26/2025,03:30:00 pm,0,2025-05-26 15:30:00,8.435,7.462,0.0004999999999999894
EWR-1,5/26/2025,03:40:00 pm,0,2025-05-26 15:40:00,8.4338,7.467,0.0005000000000000782
EWR-1,5/26/2025,03:50:00 pm,0,2025-05-26 15:50:00,8.4327,7.472,0.0004999999999999894
EWR-1,5/26/2025,04:00:00 pm,0,2025-05-26 16:00:00,8.4323,7.477,0.0005999999999999339
EWR-1,5/26/2025,04:10:00 pm,0,2025-05-26 16:10:00,8.4309,7.483,0.0005000000000000782
EWR-1,5/26/2025,04:20:00 pm,0,2025-05-26 16:20:00,8.4301,7.488,0.0005999999999999339
EWR-1,5/26/2025,04:30:00 pm,0,2025-05-26 16:30:00,8.4294,7.494,0.0006000000000000227
EWR-1,5/26/2025,04:40:00 pm,0,2025-05-26 16:40:00,8.4297,7.5,0.0006000000000000227
EWR-1,5/26/2025,04:50:00 pm,0,2025-05-26 16:50:00,8.4299,7.506,0.0004999999999999894
EWR-1,5/26/2025,05:00:00 pm,0,2025-05-26 17:00:00,8.4297,7.511,0.0006000000000000227
EWR-1,5/26/2025,05:10:00 pm,0,2025-05-26 17:10:00,8.4298,7.517,0.0005999999999999339
EWR-1,5/26/2025,05:20:00 pm,0,2025-05-26 17:20:00,8.43,7.523,0.0006000000000000227
EWR-1,5/26/2025,05:30:00 pm,0,2025-05-26 17:30:00,8.4309,7.529,0.0004999999999999894
EWR-1,5/26/2025,05:40:00 pm,0,2025-05-26 17:40:00,8.431,7.534,0.0007000000000000562
EWR-1,5/26/2025,05:50:00 pm,0,2025-05-26 17:50:00,8.4308,7.541,0.0004999999999999894
EWR-1,5/26/2025,06:00:00 pm,0,2025-05-26 18:00:00,8.4316,7.546,0.0005999999999999339
EWR-1,5/26/2025,06:10:00 pm,0,2025-05-26 18:10:00,8.4315,7.552,0.0006000000000000227
EWR-1,5/26/2025,06:20:00 pm,0,2025-05-26 18:20:00,8.4326,7.558,0.0006000000000000227
EWR-1,5/26/2025,06:30:00 pm,0,2025-05-26 18:30:00,8.4331,7.564,0.0004999999999999894
EWR-1,5/26/2025,06:40:00 pm,0,2025-05-26 18:40:00,8.4335,7.569,0.0004999999999999894
EWR-1,5/26/2025,06:50:00 pm,0,2025-05-26 18:50:00,8.4347,7.574,0.0006000000000000227
EWR-1,5/26/2025,07:00:00 pm,0,2025-05-26 19:00:00,8.4362,7.58,0.00039999999999995595
EWR-1,5/26/2025,07:10:00 pm,0,2025-05-26 19:10:00,8.4376,7.584,0.0005000000000000782
EWR-1,5/26/2025,07:20:00 pm,0,2025-05-26 19:20:00,8.4398,7.589,0.00039999999999995595
EWR-1,5/26/2025,07:30:00 pm,0,2025-05-26 19:30:00,8.4407,7.593,0.00040000000000004474
EWR-1,5/26/2025,07:40:00 pm,0,2025-05-26 19:40:00,8.4423,7.597,0.00039999999999995595
EWR-1,5/26/2025,07:50:00 pm,0,2025-05-26 19:50:00,8.4435,7.601,0.00040000000000004474
EWR-1,5/26/2025,08:00:00 pm,0,2025-05-26 20:00:00,8.4463,7.605,0.00039999999999995595
EWR-1,5/26/2025,08:10:00 pm,0,2025-05-26 20:10:00,8.4484,7.609,0.0004999999999999894
EWR-1,5/26/2025,08:20:00 pm,0,2025-05-26 20:20:00,8.4488,7.614,0.00040000000000004474
EWR-1,5/26/2025,08:30:00 pm,0,2025-05-26 20:30:00,8.4499,7.618,0.00030000000000001136
EWR-1,5/26/2025,08:40:00 pm,0,2025-05-26 20:40:00,8.4514,7.621,0.0004999999999999894
EWR-1,5/26/2025,08:50:00 pm,0,2025-05-26 20:50:00,8.453,7.626,0.00029999999999992256
EWR-1,5/26/2025,09:00:00 pm,0,2025-05-26 21:00:00,8.4548,7.629,0.00040000000000004474
EWR-1,5/26/2025,09:10:00 pm,0,2025-05-26 21:10:00,8.4571,7.633,0.00030000000000001136
EWR-1,5/26/2025,09:20:00 pm,0,2025-05-26 21:20:00,8.4592,7.636,0.00030000000000001136
EWR-1,5/26/2025,09:30:00 pm,0,2025-05-26 21:30:00,8.4612,7.639,0.00039999999999995595
EWR-1,5/26/2025,09:40:00 pm,0,2025-05-26 21:40:00,8.4635,7.643,0.00030000000000001136
EWR-1,5/26/2025,09:50:00 pm,0,2025-05-26 21:50:00,8.4645,7.646,0.00030000000000001136
EWR-1,5/26/2025,10:00:00 pm,0,2025-05-26 22:00:00,8.4658,7.649,0.00019999999999997797
EWR-1,5/26/2025,10:10:00 pm,0,2025-05-26 22:10:00,8.4669,7.651,0.00030000000000001136
EWR-1,5/26/2025,10:20:00 pm,0,2025-05-26 22:20:00,8.4671,7.654,0.00019999999999997797
EWR-1,5/26/2025,10:30:00 pm,0,2025-05-26 22:30:00,8.4661,7.656,0.00030000000000001136
EWR-1,5/26/2025,10:40:00 pm,0,2025-05-26 22:40:00,8.466,7.659,0.00019999999999997797
EWR-1,5/26/2025,10:50:00 pm,0,2025-05-26 22:50:00,8.4661,7.661,0.0002000000000000668
EWR-1,5/26/2025,11:00:00 pm,0,2025-05-26 23:00:00,8.4667,7.663,0.00019999999999997797
EWR-1,5/26/2025,11:10:00 pm,0,2025-05-26 23:10:00,8.468,7.665,0.00019999999999997797
EWR-1,5/26/2025,11:20:00 pm,0,2025-05-26 23:20:00,8.4684,7.667,0.00019999999999997797
EWR-1,5/26/2025,11:30:00 pm,0,2025-05-26 23:30:00,8.4691,7.669,0.0001000000000000334
EWR-1,5/26/2025,11:40:00 pm,0,2025-05-26 23:40:00,8.4701,7.67,0.00019999999999997797
EWR-1,5/26/2025,11:50:00 pm,0,2025-05-26 23:50:00,8.4705,7.672,0.0001000000000000334
EWR-1,5/27/2025,12:00:00 am,0,2025-05-27 00:00:00,8.471,7.673,0.0001000000000000334
EWR-1,5/27/2025,12:10:00 am,0,2025-05-27 00:10:00,8.4711,7.674,0.00019999999999997797
EWR-1,5/27/2025,12:20:00 am,0,2025-05-27 00:20:00,8.4707,7.676,0.0
EWR-1,5/27/2025,12:30:00 am,0,2025-05-27 00:30:00,8.47,7.676,9.999999999994457e-05
EWR-1,5/27/2025,12:40:00 am,0,2025-05-27 00:40:00,8.4703,7.677,0.0
EWR-1,5/27/2025,12:50:00 am,0,2025-05-27 00:50:00,8.4711,7.677,0.0001000000000000334
EWR-1,5/27/2025,01:00:00 am,0,2025-05-27 01:00:00,8.4708,7.678,0.0
EWR-1,5/27/2025,01:10:00 am,0,2025-05-27 01:10:00,8.4707,7.678,0.0
EWR-1,5/27/2025,01:20:00 am,0,2025-05-27 01:20:00,8.4714,7.678,0.0001000000000000334
EWR-1,5/27/2025,01:30:00 am,0,2025-05-27 01:30:00,8.4718,7.677,9.999999999994457e-05
EWR-1,5/27/2025,01:40:00 am,0,2025-05-27 01:40:00,8.4711,7.676,0.0001000000000000334
EWR-1,5/27/2025,01:50:00 am,0,2025-05-27 01:50:00,8.4707,7.675,9.999999999994457e-05
EWR-1,5/27/2025,02:00:00 am,0,2025-05-27 02:00:00,8.471,7.674,0.0001000000000000334
EWR-1,5/27/2025,02:10:00 am,0,2025-05-27 02:10:00,8.4711,7.673,0.0001000000000000334
EWR-1,5/27/2025,02:20:00 am,0,2025-05-27 02:20:00,8.471,7.672,0.00019999999999997797
EWR-1,5/27/2025,02:30:00 am,0,2025-05-27 02:30:00,8.4709,7.67,0.00019999999999997797
EWR-1,5/27/2025,02:40:00 am,0,2025-05-27 02:40:00,8.471,7.668,0.00019999999999997797
EWR-1,5/27/2025,02:50:00 am,0,2025-05-27 02:50:00,8.4704,7.666,0.00030000000000001136
EWR-1,5/27/2025,03:00:00 am,0,2025-05-27 03:00:00,8.4706,7.663,0.0002000000000000668
EWR-1,5/27/2025,03:10:00 am,0,2025-05-27 03:10:00,8.4695,7.661,0.00019999999999997797
EWR-1,5/27/2025,03:20:00 am,0,2025-05-27 03:20:00,8.4686,7.659,0.00030000000000001136
EWR-1,5/27/2025,03:30:00 am,0,2025-05-27 03:30:00,8.4686,7.656,0.00019999999999997797
EWR-1,5/27/2025,03:40:00 am,0,2025-05-27 03:40:00,8.4687,7.654,0.00030000000000001136
EWR-1,5/27/2025,03:50:00 am,0,2025-05-27 03:50:00,8.4692,7.651,0.00030000000000001136
EWR-1,5/27/2025,04:00:00 am,0,2025-05-27 04:00:00,8.4692,7.648,0.00030000000000001136
EWR-1,5/27/2025,04:10:00 am,0,2025-05-27 04:10:00,8.4693,7.645,0.00039999999999995595
EWR-1,5/27/2025,04:20:00 am,0,2025-05-27 04:20:00,8.4697,7.641,0.00030000000000001136
EWR-1,5/27/2025,04:30:00 am,0,2025-05-27 04:30:00,8.4696,7.638,0.00039999999999995595
EWR-1,5/27/2025,04:40:00 am,0,2025-05-27 04:40:00,8.4702,7.634,0.00040000000000004474
EWR-1,5/27/2025,04:50:00 am,0,2025-05-27 04:50:00,8.4708,7.63,0.00039999999999995595
EWR-1,5/27/2025,05:00:00 am,0,2025-05-27 05:00:00,8.471,7.626,0.00040000000000004474
EWR-1,5/27/2025,05:10:00 am,0,2025-05-27 05:10:00,8.4714,7.622,0.00039999999999995595
EWR-1,5/27/2025,05:20:00 am,0,2025-05-27 05:20:00,8.4722,7.618,0.0004999999999999894
EWR-1,5/27/2025,05:30:00 am,0,2025-05-27 05:30:00,8.4732,7.613,0.00040000000000004474
EWR-1,5/27/2025,05:40:00 am,0,2025-05-27 05:40:00,8.4734,7.609,0.0004999999999999894
EWR-1,5/27/2025,05:50:00 am,0,2025-05-27 05:50:00,8.4731,7.604,0.0004999999999999894
EWR-1,5/27/2025,06:00:00 am,0,2025-05-27 06:00:00,8.4742,7.599,0.0004999999999999894
EWR-1,5/27/2025,06:10:00 am,0,2025-05-27 06:10:00,8.4746,7.594,0.00040000000000004474
EWR-1,5/27/2025,06:20:00 am,0,2025-05-27 06:20:00,8.475,7.59,0.0004999999999999894
EWR-1,5/27/2025,06:30:00 am,0,2025-05-27 06:30:00,8.4748,7.585,0.0004999999999999894
EWR-1,5/27/2025,06:40:00 am,0,2025-05-27 06:40:00,8.4753,7.58,0.0006000000000000227
EWR-1,5/27/2025,06:50:00 am,0,2025-05-27 06:50:00,8.4753,7.574,0.00039999999999995595
EWR-1,5/27/2025,07:00:00 am,0,2025-05-27 07:00:00,8.4755,7.57,0.0006000000000000227
EWR-1,5/27/2025,07:10:00 am,0,2025-05-27 07:10:00,8.4753,7.564,0.0004999999999999894
EWR-1,5/27/2025,07:20:00 am,0,2025-05-27 07:20:00,8.4753,7.559,0.0004999999999999894
EWR-1,5/27/2025,07:30:00 am,0,2025-05-27 07:30:00,8.4759,7.554,0.0004999999999999894
EWR-1,5/27/2025,07:40:00 am,0,2025-05-27 07:40:00,8.4757,7.549,0.0006000000000000227
EWR-1,5/27/2025,07:50:00 am,0,2025-05-27 07:50:00,8.4755,7.543,0.0004999999999999894
EWR-1,5/27/2025,08:00:00 am,0,2025-05-27 08:00:00,8.4755,7.538,0.0004999999999999894
EWR-1,5/27/2025,08:10:00 am,0,2025-05-27 08:10:00,8.4756,7.533,0.0005000000000000782
EWR-1,5/27/2025,08:20:00 am,0,2025-05-27 08:20:00,8.4762,7.528,0.0004999999999999894
EWR-1,5/27/2025,08:30:00 am,0,2025-05-27 08:30:00,8.4767,7.523,0.0004999999999999894
EWR-1,5/27/2025,08:40:00 am,0,2025-05-27 08:40:00,8.4772,7.518,0.00039999999999995595
EWR-1,5/27/2025,08:50:00 am,0,2025-05-27 08:50:00,8.4774,7.514,0.0004999999999999894
EWR-1,5/27/2025,09:00:00 am,0,2025-05-27 09:00:00,8.4779,7.509,0.00040000000000004474
EWR-1,5/27/2025,09:10:00 am,0,2025-05-27 09:10:00,8.478,7.505,0.00039999999999995595
EWR-1,5/27/2025,09:20:00 am,0,2025-05-27 09:20:00,8.4775,7.501,0.00040000000000004474
EWR-1,5/27/2025,09:30:00 am,0,2025-05-27 09:30:00,8.4775,7.497,0.00030000000000001136
EWR-1,5/27/2025,09:40:00 am,0,2025-05-27 09:40:00,8.477,7.494,0.00039999999999995595
EWR-1,5/27/2025,09:50:00 am,0,2025-05-27 09:50:00,8.4774,7.49,0.00030000000000001136
EWR-1,5/27/2025,10:00:00 am,0,2025-05-27 10:00:00,8.4767,7.487,0.00019999999999997797
EWR-1,5/27/2025,10:10:00 am,0,2025-05-27 10:10:00,8.4762,7.485,0.00030000000000001136
EWR-1,5/27/2025,10:20:00 am,0,2025-05-27 10:20:00,8.4757,7.482,0.00019999999999997797
EWR-1,5/27/2025,10:30:00 am,0,2025-05-27 10:30:00,8.475,7.48,0.0002000000000000668
EWR-1,5/27/2025,10:40:00 am,0,2025-05-27 10:40:00,8.4752,7.478,0.00019999999999997797
EWR-1,5/27/2025,10:50:00 am,0,2025-05-27 10:50:00,8.4747,7.476,0.00019999999999997797
EWR-1,5/27/2025,11:00:00 am,0,2025-05-27 11:00:00,8.4741,7.474,0.0001000000000000334
EWR-1,5/27/2025,11:10:00 am,0,2025-05-27 11:10:00,8.4728,7.473,0.00019999999999997797
EWR-1,5/27/2025,11:20:00 am,0,2025-05-27 11:20:00,8.4712,7.471,0.0
EWR-1,5/27/2025,11:30:00 am,0,2025-05-27 11:30:00,8.4694,7.471,0.00019999999999997797
EWR-1,5/27/2025,11:40:00 am,0,2025-05-27 11:40:00,8.4685,7.469,0.0
EWR-1,5/27/2025,11:50:00 am,0,2025-05-27 11:50:00,8.4665,7.469,0.0
EWR-1,5/27/2025,12:00:00 pm,0,2025-05-27 12:00:00,8.4645,7.469,9.999999999994457e-05
EWR-1,5/27/2025,12:10:00 pm,0,2025-05-27 12:10:00,8.4634,7.47,0.0
EWR-1,5/27/2025,12:20:00 pm,0,2025-05-27 12:20:00,8.4622,7.47,0.0001000000000000334
EWR-1,5/27/2025,12:30:00 pm,0,2025-05-27 12:30:00,8.4615,7.471,0.0001000000000000334
EWR-1,5/27/2025,12:40:00 pm,0,2025-05-27 12:40:00,8.4593,7.472,0.00019999999999997797
EWR-1,5/27/2025,12:50:00 pm,0,2025-05-27 12:50:00,8.4577,7.474,0.00019999999999997797
EWR-1,5/27/2025,01:00:00 pm,0,2025-05-27 13:00:00,8.4563,7.476,0.00019999999999997797
EWR-1,5/27/2025,01:10:00 pm,0,2025-05-27 13:10:00,8.4545,7.478,0.00030000000000001136
EWR-1,5/27/2025,01:20:00 pm,0,2025-05-27 13:20:00,8.4537,7.481,0.00019999999999997797
EWR-1,5/27/2025,01:30:00 pm,0,2025-05-27 13:30:00,8.4527,7.483,0.00040000000000004474
EWR-1,5/27/2025,01:40:00 pm,0,2025-05-27 13:40:00,8.4503,7.487,0.00030000000000001136
EWR-1,5/27/2025,01:50:00 pm,0,2025-05-27 13:50:00,8.4499,7.49,0.00039999999999995595
EWR-1,5/27/2025,02:00:00 pm,0,2025-05-27 14:00:00,8.4482,7.494,0.00040000000000004474
EWR-1,5/27/2025,02:10:00 pm,0,2025-05-27 14:10:00,8.4463,7.498,0.00039999999999995595
EWR-1,5/27/2025,02:20:00 pm,0,2025-05-27 14:20:00,8.4458,7.502,0.0004999999999999894
EWR-1,5/27/2025,02:30:00 pm,0,2025-05-27 14:30:00,8.4447,7.507,0.0004999999999999894
EWR-1,5/27/2025,02:40:00 pm,0,2025-05-27 14:40:00,8.4427,7.512,0.0005000000000000782
EWR-1,5/27/2025,02:50:00 pm,0,2025-05-27 14:50:00,8.4415,7.517,0.0004999999999999894
EWR-1,5/27/2025,03:00:00 pm,0,2025-05-27 15:00:00,8.441,7.522,0.0004999999999999894
EWR-1,5/27/2025,03:10:00 pm,0,2025-05-27 15:10:00,8.4402,7.527,0.0004999999999999894
EWR-1,5/27/2025,03:20:00 pm,0,2025-05-27 15:20:00,8.4393,7.532,0.0004999999999999894
EWR-1,5/27/2025,03:30:00 pm,0,2025-05-27 15:30:00,8.4383,7.537,0.0006000000000000227
EWR-1,5/27/2025,03:40:00 pm,0,2025-05-27 15:40:00,8.4376,7.543,0.0006000000000000227
EWR-1,5/27/2025,03:50:00 pm,0,2025-05-27 15:50:00,8.4367,7.549,0.0005999999999999339
EWR-1,5/27/2025,04:00:00 pm,0,2025-05-27 16:00:00,8.436,7.555,0.0006000000000000227
EWR-1,5/27/2025,04:10:00 pm,0,2025-05-27 16:10:00,8.4344,7.561,0.0006000000000000227
EWR-1,5/27/2025,04:20:00 pm,0,2025-05-27 16:20:00,8.4333,7.567,0.0006000000000000227
EWR-1,5/27/2025,04:30:00 pm,0,2025-05-27 16:30:00,8.4325,7.573,0.0005999999999999339
EWR-1,5/27/2025,04:40:00 pm,0,2025-05-27 16:40:00,8.4324,7.579,0.0006000000000000227
EWR-1,5/27/2025,04:50:00 pm,0,2025-05-27 16:50:00,8.432,7.585,0.0006999999999999674
EWR-1,5/27/2025,05:00:00 pm,0,2025-05-27 17:00:00,8.4316,7.592,0.0006000000000000227
EWR-1,5/27/2025,05:10:00 pm,0,2025-05-27 17:10:00,8.4313,7.598,0.0007000000000000562
EWR-1,5/27/2025,05:20:00 pm,0,2025-05-27 17:20:00,8.4313,7.605,0.0005999999999999339
EWR-1,5/27/2025,05:30:00 pm,0,2025-05-27 17:30:00,8.431,7.611,0.0007000000000000562
EWR-1,5/27/2025,05:40:00 pm,0,2025-05-27 17:40:00,8.4311,7.618,0.0006999999999999674
EWR-1,5/27/2025,05:50:00 pm,0,2025-05-27 17:50:00,8.4321,7.625,0.0006999999999999674
EWR-1,5/27/2025,06:00:00 pm,0,2025-05-27 18:00:00,8.4331,7.632,0.0007000000000000562
EWR-1,5/27/2025,06:10:00 pm,0,2025-05-27 18:10:00,8.4354,7.639,0.0006999999999999674
EWR-1,5/27/2025,06:20:00 pm,0,2025-05-27 18:20:00,8.4358,7.646,0.0006000000000000227
EWR-1,5/27/2025,06:30:00 pm,0,2025-05-27 18:30:00,8.4366,7.652,0.0008000000000000007
EWR-1,5/27/2025,06:40:00 pm,0,2025-05-27 18:40:00,8.438,7.66,0.0006000000000000227
EWR-1,5/27/2025,06:50:00 pm,0,2025-05-27 18:50:00,8.4388,7.666,0.0005999999999999339
EWR-1,5/27/2025,07:00:00 pm,0,2025-05-27 19:00:00,8.44,7.672,0.0006000000000000227
EWR-1,5/27/2025,07:10:00 pm,0,2025-05-27 19:10:00,8.4416,7.678,0.0006999999999999674
EWR-1,5/27/2025,07:20:00 pm,0,2025-05-27 19:20:00,8.4428,7.685,0.0005000000000000782
EWR-1,5/27/2025,07:30:00 pm,0,2025-05-27 19:30:00,8.4446,7.69,0.0005999999999999339
EWR-1,5/27/2025,07:40:00 pm,0,2025-05-27 19:40:00,8.4456,7.696,0.0006000000000000227
EWR-1,5/27/2025,07:50:00 pm,0,2025-05-27 19:50:00,8.4461,7.702,0.0004999999999999894
EWR-1,5/27/2025,08:00:00 pm,0,2025-05-27 20:00:00,8.4477,7.707,0.0004999999999999894
EWR-1,5/27/2025,08:10:00 pm,0,2025-05-27 20:10:00,8.4492,7.712,0.0004999999999999894
EWR-1,5/27/2025,08:20:00 pm,0,2025-05-27 20:20:00,8.4508,7.717,0.0005000000000000782
EWR-1,5/27/2025,08:30:00 pm,0,2025-05-27 20:30:00,8.4526,7.722,0.0004999999999999894
EWR-1,5/27/2025,08:40:00 pm,0,2025-05-27 20:40:00,8.4535,7.727,0.0004999999999999894
EWR-1,5/27/2025,08:50:00 pm,0,2025-05-27 20:50:00,8.455,7.732,0.0004999999999999894
EWR-1,5/27/2025,09:00:00 pm,0,2025-05-27 21:00:00,8.4566,7.737,0.00039999999999995595
EWR-1,5/27/2025,09:10:00 pm,0,2025-05-27 21:10:00,8.4584,7.741,0.0005000000000000782
EWR-1,5/27/2025,09:20:00 pm,0,2025-05-27 21:20:00,8.46,7.746,0.00039999999999995595
EWR-1,5/27/2025,09:30:00 pm,0,2025-05-27 21:30:00,8.4614,7.75,0.00039999999999995595
EWR-1,5/27/2025,09:40:00 pm,0,2025-05-27 21:40:00,8.4627,7.754,0.0005000000000000782
EWR-1,5/27/2025,09:50:00 pm,0,2025-05-27 21:50:00,8.464,7.759,0.00029999999999992256
EWR-1,5/27/2025,10:00:00 pm,0,2025-05-27 22:00:00,8.4659,7.762,0.00040000000000004474
EWR-1,5/27/2025,10:10:00 pm,0,2025-05-27 22:10:00,8.467,7.766,0.00039999999999995595
EWR-1,5/27/2025,10:20:00 pm,0,2025-05-27 22:20:00,8.4672,7.77,0.00030000000000001136
EWR-1,5/27/2025,10:30:00 pm,0,2025-05-27 22:30:00,8.4684,7.773,0.00040000000000004474
EWR-1,5/27/2025,10:40:00 pm,0,2025-05-27 22:40:00,8.4686,7.777,0.00030000000000001136
EWR-1,5/27/2025,10:50:00 pm,0,2025-05-27 22:50:00,8.4685,7.78,0.00039999999999995595
EWR-1,5/27/2025,11:00:00 pm,0,2025-05-27 23:00:00,8.4688,7.784,0.00030000000000001136
EWR-1,5/27/2025,11:10:00 pm,0,2025-05-27 23:10:00,8.4684,7.787,0.00030000000000001136
EWR-1,5/27/2025,11:20:00 pm,0,2025-05-27 23:20:00,8.4675,7.79,0.00019999999999997797
EWR-1,5/27/2025,11:30:00 pm,0,2025-05-27 23:30:00,8.4676,7.792,0.00030000000000001136
EWR-1,5/27/2025,11:40:00 pm,0,2025-05-27 23:40:00,8.4686,7.795,0.00019999999999997797
EWR-1,5/27/2025,11:50:00 pm,0,2025-05-27 23:50:00,8.4684,7.797,0.00030000000000001136
EWR-1,5/28/2025,12:00:00 am,0,2025-05-28 00:00:00,8.4688,7.8,0.00019999999999997797
EWR-1,5/28/2025,12:10:00 am,0,2025-05-28 00:10:00,8.4699,7.802,0.0001000000000000334
EWR-1,5/28/2025,12:20:00 am,0,2025-05-28 00:20:00,8.4707,7.803,0.00019999999999997797
EWR-1,5/28/2025,12:30:00 am,0,2025-05-28 00:30:00,8.4711,7.805,0.0002000000000000668
EWR-1,5/28/2025,12:40:00 am,0,2025-05-28 00:40:00,8.4711,7.807,0.00019999999999997797
EWR-1,5/28/2025,12:50:00 am,0,2025-05-28 00:50:00,8.4703,7.809,9.999999999994457e-05
EWR-1,5/28/2025,01:00:00 am,0,2025-05-28 01:00:00,8.4704,7.81,0.0001000000000000334
EWR-1,5/28/2025,01:10:00 am,0,2025-05-28 01:10:00,8.4701,7.811,0.0001000000000000334
EWR-1,5/28/2025,01:20:00 am,0,2025-05-28 01:20:00,8.47,7.812,9.999999999994457e-05
EWR-1,5/28/2025,01:30:00 am,0,2025-05-28 01:30:00,8.4699,7.813,0.0001000000000000334
EWR-1,5/28/2025,01:40:00 am,0,2025-05-28 01:40:00,8.4696,7.814,0.0001000000000000334
EWR-1,5/28/2025,01:50:00 am,0,2025-05-28 01:50:00,8.4692,7.815,0.0
EWR-1,5/28/2025,02:00:00 am,0,2025-05-28 02:00:00,8.4687,7.815,0.0
EWR-1,5/28/2025,02:10:00 am,0,2025-05-28 02:10:00,8.4687,7.815,0.0
EWR-1,5/28/2025,02:20:00 am,0,2025-05-28 02:20:00,8.4688,7.815,0.0
EWR-1,5/28/2025,02:30:00 am,0,2025-05-28 02:30:00,8.4683,7.815,0.0
EWR-1,5/28/2025,02:40:00 am,0,2025-05-28 02:40:00,8.468,7.815,0.0
EWR-1,5/28/2025,02:50:00 am,0,2025-05-28 02:50:00,8.4681,7.815,0.0
EWR-1,5/28/2025,03:00:00 am,0,2025-05-28 03:00:00,8.4685,7.815,0.0001000000000000334
EWR-1,5/28/2025,03:10:00 am,0,2025-05-28 03:10:00,8.4673,7.814,0.0001000000000000334
EWR-1,5/28/2025,03:20:00 am,0,2025-05-28 03:20:00,8.4672,7.813,0.0
EWR-1,5/28/2025,03:30:00 am,0,2025-05-28 03:30:00,8.4676,7.813,9.999999999994457e-05
EWR-1,5/28/2025,03:40:00 am,0,2025-05-28 03:40:00,8.4675,7.812,0.0002000000000000668
EWR-1,5/28/2025,03:50:00 am,0,2025-05-28 03:50:00,8.4675,7.81,9.999999999994457e-05
EWR-1,5/28/2025,04:00:00 am,0,2025-05-28 04:00:00,8.4669,7.809,0.00019999999999997797
EWR-1,5/28/2025,04:10:00 am,0,2025-05-28 04:10:00,8.4661,7.807,0.0002000000000000668
EWR-1,5/28/2025,04:20:00 am,0,2025-05-28 04:20:00,8.4657,7.805,0.00019999999999997797
EWR-1,5/28/2025,04:30:00 am,0,2025-05-28 04:30:00,8.465,7.803,0.00019999999999997797
EWR-1,5/28/2025,04:40:00 am,0,2025-05-28 04:40:00,8.4648,7.801,0.00019999999999997797
EWR-1,5/28/2025,04:50:00 am,0,2025-05-28 04:50:00,8.4646,7.799,0.0002000000000000668
EWR-1,5/28/2025,05:00:00 am,0,2025-05-28 05:00:00,8.4648,7.797,0.00019999999999997797
EWR-1,5/28/2025,05:10:00 am,0,2025-05-28 05:10:00,8.465,7.795,0.00030000000000001136
EWR-1,5/28/2025,05:20:00 am,0,2025-05-28 05:20:00,8.4656,7.792,0.00019999999999997797
EWR-1,5/28/2025,05:30:00 am,0,2025-05-28 05:30:00,8.4658,7.79,0.00030000000000001136
EWR-1,5/28/2025,05:40:00 am,0,2025-05-28 05:40:00,8.4663,7.787,0.00030000000000001136
EWR-1,5/28/2025,05:50:00 am,0,2025-05-28 05:50:00,8.4659,7.784,0.00030000000000001136
EWR-1,5/28/2025,06:00:00 am,0,2025-05-28 06:00:00,8.4666,7.781,0.00030000000000001136
EWR-1,5/28/2025,06:10:00 am,0,2025-05-28 06:10:00,8.4666,7.778,0.00039999999999995595
EWR-1,5/28/2025,06:20:00 am,0,2025-05-28 06:20:00,8.4665,7.774,0.00030000000000001136
EWR-1,5/28/2025,06:30:00 am,0,2025-05-28 06:30:00,8.467,7.771,0.00039999999999995595
EWR-1,5/28/2025,06:40:00 am,0,2025-05-28 06:40:00,8.4677,7.767,0.00040000000000004474
EWR-1,5/28/2025,06:50:00 am,0,2025-05-28 06:50:00,8.4672,7.763,0.00039999999999995595
EWR-1,5/28/2025,07:00:00 am,0,2025-05-28 07:00:00,8.4671,7.759,0.00040000000000004474
EWR-1,5/28/2025,07:10:00 am,0,2025-05-28 07:10:00,8.4672,7.755,0.00039999999999995595
EWR-1,5/28/2025,07:20:00 am,0,2025-05-28 07:20:00,8.4673,7.751,0.00040000000000004474
EWR-1,5/28/2025,07:30:00 am,0,2025-05-28 07:30:00,8.4677,7.747,0.0004999999999999894
EWR-1,5/28/2025,07:40:00 am,0,2025-05-28 07:40:00,8.4678,7.742,0.00030000000000001136
EWR-1,5/28/2025,07:50:00 am,0,2025-05-28 07:50:00,8.4675,7.739,0.0004999999999999894
EWR-1,5/28/2025,08:00:00 am,0,2025-05-28 08:00:00,8.4675,7.734,0.00039999999999995595
EWR-1,5/28/2025,08:10:00 am,0,2025-05-28 08:10:00,8.4675,7.73,0.00040000000000004474
EWR-1,5/28/2025,08:20:00 am,0,2025-05-28 08:20:00,8.4675,7.726,0.00039999999999995595
EWR-1,5/28/2025,08:30:00 am,0,2025-05-28 08:30:00,8.4668,7.722,0.00040000000000004474
EWR-1,5/28/2025,08:40:00 am,0,2025-05-28 08:40:00,8.4674,7.718,0.00030000000000001136
EWR-1,5/28/2025,08:50:00 am,0,2025-05-28 08:50:00,8.4673,7.715,0.00039999999999995595
EWR-1,5/28/2025,09:00:00 am,0,2025-05-28 09:00:00,8.4673,7.711,0.00040000000000004474
EWR-1,5/28/2025,09:10:00 am,0,2025-05-28 09:10:00,8.4669,7.707,0.00030000000000001136
EWR-1,5/28/2025,09:20:00 am,0,2025-05-28 09:20:00,8.4671,7.704,0.00019999999999997797
EWR-1,5/28/2025,09:30:00 am,0,2025-05-28 09:30:00,8.4664,7.702,0.00030000000000001136
EWR-1,5/28/2025,09:40:00 am,0,2025-05-28 09:40:00,8.4668,7.699,0.00030000000000001136
EWR-1,5/28/2025,09:50:00 am,0,2025-05-28 09:50:00,8.4658,7.696,0.00019999999999997797
EWR-1,5/28/2025,10:00:00 am,0,2025-05-28 10:00:00,8.4645,7.694,0.0001000000000000334
EWR-1,5/28/2025,10:10:00 am,0,2025-05-28 10:10:00,8.4627,7.693,0.00019999999999997797
EWR-1,5/28/2025,10:20:00 am,0,2025-05-28 10:20:00,8.4619,7.691,0.00019999999999997797
EWR-1,5/28/2025,10:30:00 am,0,2025-05-28 10:30:00,8.4613,7.689,0.0001000000000000334
EWR-1,5/28/2025,10:40:00 am,0,2025-05-28 10:40:00,8.4601,7.688,9.999999999994457e-05
EWR-1,5/28/2025,10:50:00 am,0,2025-05-28 10:50:00,8.4592,7.687,0.0001000000000000334
EWR-1,5/28/2025,11:00:00 am,0,2025-05-28 11:00:00,8.4583,7.686,0.0001000000000000334
EWR-1,5/28/2025,11:10:00 am,0,2025-05-28 11:10:00,8.457,7.685,9.999999999994457e-05
EWR-1,5/28/2025,11:20:00 am,0,2025-05-28 11:20:00,8.4553,7.684,0.0
EWR-1,5/28/2025,11:30:00 am,0,2025-05-28 11:30:00,8.4538,7.684,0.0001000000000000334
EWR-1,5/28/2025,11:40:00 am,0,2025-05-28 11:40:00,8.4531,7.683,0.0001000000000000334
EWR-1,5/28/2025,11:50:00 am,0,2025-05-28 11:50:00,8.4517,7.684,0.0
EWR-1,5/28/2025,12:00:00 pm,0,2025-05-28 12:00:00,8.4494,7.684,9.999999999994457e-05
EWR-1,5/28/2025,12:10:00 pm,0,2025-05-28 12:10:00,8.4475,7.685,0.0002000000000000668
EWR-1,5/28/2025,12:20:00 pm,0,2025-05-28 12:20:00,8.4476,7.687,9.999999999994457e-05
EWR-1,5/28/2025,12:30:00 pm,0,2025-05-28 12:30:00,8.4456,7.688,0.0002000000000000668
EWR-1,5/28/2025,12:40:00 pm,0,2025-05-28 12:40:00,8.4451,7.69,0.00019999999999997797
EWR-1,5/28/2025,12:50:00 pm,0,2025-05-28 12:50:00,8.4429,7.692,0.00030000000000001136
EWR-1,5/28/2025,01:00:00 pm,0,2025-05-28 13:00:00,8.4433,7.695,0.00019999999999997797
EWR-1,5/28/2025,01:10:00 pm,0,2025-05-28 13:10:00,8.4404,7.697,0.00030000000000001136
EWR-1,5/28/2025,01:20:00 pm,0,2025-05-28 13:20:00,8.4387,7.7,0.00039999999999995595
EWR-1,5/28/2025,01:30:00 pm,0,2025-05-28 13:30:00,8.4379,7.704,0.00040000000000004474
EWR-1,5/28/2025,01:40:00 pm,0,2025-05-28 13:40:00,8.4372,7.708,0.00039999999999995595
EWR-1,5/28/2025,01:50:00 pm,0,2025-05-28 13:50:00,8.4371,7.712,0.00040000000000004474
EWR-1,5/28/2025,02:00:00 pm,0,2025-05-28 14:00:00,8.4357,7.716,0.00039999999999995595
EWR-1,5/28/2025,02:10:00 pm,0,2025-05-28 14:10:00,8.4348,7.72,0.0004999999999999894
EWR-1,5/28/2025,02:20:00 pm,0,2025-05-28 14:20:00,8.4331,7.725,0.0005000000000000782
EWR-1,5/28/2025,02:30:00 pm,0,2025-05-28 14:30:00,8.4334,7.73,0.00039999999999995595
EWR-1,5/28/2025,02:40:00 pm,0,2025-05-28 14:40:00,8.4318,7.734,0.0006000000000000227
EWR-1,5/28/2025,02:50:00 pm,0,2025-05-28 14:50:00,8.4306,7.74,0.0004999999999999894
EWR-1,5/28/2025,03:00:00 pm,0,2025-05-28 15:00:00,8.4305,7.745,0.0004999999999999894
EWR-1,5/28/2025,03:10:00 pm,0,2025-05-28 15:10:00,8.4288,7.75,0.0006000000000000227
EWR-1,5/28/2025,03:20:00 pm,0,2025-05-28 15:20:00,8.428,7.756,0.0004999999999999894
EWR-1,5/28/2025,03:30:00 pm,0,2025-05-28 15:30:00,8.4274,7.761,0.0004999999999999894
EWR-1,5/28/2025,03:40:00 pm,0,2025-05-28 15:40:00,8.4269,7.766,0.0006999999999999674
EWR-1,5/28/2025,03:50:00 pm,0,2025-05-28 15:50:00,8.4261,7.773,0.0004999999999999894
EWR-1,5/28/2025,04:00:00 pm,0,2025-05-28 16:00:00,8.4252,7.778,0.0006000000000000227
EWR-1,5/28/2025,04:10:00 pm,0,2025-05-28 16:10:00,8.4243,7.784,0.0007000000000000562
EWR-1,5/28/2025,04:20:00 pm,0,2025-05-28 16:20:00,8.4246,7.791,0.0005999999999999339
EWR-1,5/28/2025,04:30:00 pm,0,2025-05-28 16:30:00,8.4244,7.797,0.0006000000000000227
EWR-1,5/28/2025,04:40:00 pm,0,2025-05-28 16:40:00,8.4244,7.803,0.0006999999999999674
EWR-1,5/28/2025,04:50:00 pm,0,2025-05-28 16:50:00,8.4248,7.81,0.0006000000000000227
EWR-1,5/28/2025,05:00:00 pm,0,2025-05-28 17:00:00,8.4244,7.816,0.0006000000000000227
EWR-1,5/28/2025,05:10:00 pm,0,2025-05-28 17:10:00,8.4251,7.822,0.0006000000000000227
EWR-1,5/28/2025,05:20:00 pm,0,2025-05-28 17:20:00,8.426,7.828,0.0005999999999999339
EWR-1,5/28/2025,05:30:00 pm,0,2025-05-28 17:30:00,8.4258,7.834,0.0006000000000000227
EWR-1,5/28/2025,05:40:00 pm,0,2025-05-28 17:40:00,8.4262,7.84,0.0006000000000000227
EWR-1,5/28/2025,05:50:00 pm,0,2025-05-28 17:50:00,8.4258,7.846,0.0006999999999999674
EWR-1,5/28/2025,06:00:00 pm,0,2025-05-28 18:00:00,8.4261,7.853,0.0007000000000000562
EWR-1,5/28/2025,06:10:00 pm,0,2025-05-28 18:10:00,8.4268,7.86,0.0005999999999999339
EWR-1,5/28/2025,06:20:00 pm,0,2025-05-28 18:20:00,8.4274,7.866,0.0006000000000000227
EWR-1,5/28/2025,06:30:00 pm,0,2025-05-28 18:30:00,8.427,7.872,0.0006000000000000227
EWR-1,5/28/2025,06:40:00 pm,0,2025-05-28 18:40:00,8.4283,7.878,0.0006000000000000227
EWR-1,5/28/2025,06:50:00 pm,0,2025-05-28 18:50:00,8.4292,7.884,0.0004999999999999894
EWR-1,5/28/2025,07:00:00 pm,0,2025-05-28 19:00:00,8.4314,7.889,0.0005999999999999339
EWR-1,5/28/2025,07:10:00 pm,0,2025-05-28 19:10:00,8.4335,7.895,0.00040000000000004474
EWR-1,5/28/2025,07:20:00 pm,0,2025-05-28 19:20:00,8.4355,7.899,0.0006000000000000227
EWR-1,5/28/2025,07:30:00 pm,0,2025-05-28 19:30:00,8.4379,7.905,0.0004999999999999894
EWR-1,5/28/2025,07:40:00 pm,0,2025-05-28 19:40:00,8.4397,7.91,0.0004999999999999894
EWR-1,5/28/2025,07:50:00 pm,0,2025-05-28 19:50:00,8.4414,7.915,0.0004999999999999894
EWR-1,5/28/2025,08:00:00 pm,0,2025-05-28 20:00:00,8.4427,7.92,0.00040000000000004474
EWR-1,5/28/2025,08:10:00 pm,0,2025-05-28 20:10:00,8.4443,7.924,0.0005999999999999339
EWR-1,5/28/2025,08:20:00 pm,0,2025-05-28 20:20:00,8.4466,7.93,0.00040000000000004474
EWR-1,5/28/2025,08:30:00 pm,0,2025-05-28 20:30:00,8.4487,7.934,0.00039999999999995595
EWR-1,5/28/2025,08:40:00 pm,0,2025-05-28 20:40:00,8.45,7.938,0.0004999999999999894
EWR-1,5/28/2025,08:50:00 pm,0,2025-05-28 20:50:00,8.4504,7.943,0.00040000000000004474
EWR-1,5/28/2025,09:00:00 pm,0,2025-05-28 21:00:00,8.4517,7.947,0.00039999999999995595
EWR-1,5/28/2025,09:10:00 pm,0,2025-05-28 21:10:00,8.4529,7.951,0.00030000000000001136
EWR-1,5/28/2025,09:20:00 pm,0,2025-05-28 21:20:00,8.4554,7.954,0.00040000000000004474
EWR-1,5/28/2025,09:30:00 pm,0,2025-05-28 21:30:00,8.4575,7.958,0.00030000000000001136
EWR-1,5/28/2025,09:40:00 pm,0,2025-05-28 21:40:00,8.4597,7.961,0.00039999999999995595
EWR-1,5/28/2025,09:50:00 pm,0,2025-05-28 21:50:00,8.4615,7.965,0.00030000000000001136
EWR-1,5/28/2025,10:00:00 pm,0,2025-05-28 22:00:00,8.4626,7.968,0.00019999999999997797
EWR-1,5/28/2025,10:10:00 pm,0,2025-05-28 22:10:00,8.4635,7.97,0.00040000000000004474
EWR-1,5/28/2025,10:20:00 pm,0,2025-05-28 22:20:00,8.4638,7.974,0.00030000000000001136
EWR-1,5/28/2025,10:30:00 pm,0,2025-05-28 22:30:00,8.4645,7.977,0.00030000000000001136
EWR-1,5/28/2025,10:40:00 pm,0,2025-05-28 22:40:00,8.4647,7.98,0.00019999999999997797
EWR-1,5/28/2025,10:50:00 pm,0,2025-05-28 22:50:00,8.4656,7.982,0.00030000000000001136
EWR-1,5/28/2025,11:00:00 pm,0,2025-05-28 23:00:00,8.4657,7.985,0.00019999999999997797
EWR-1,5/28/2025,11:10:00 pm,0,2025-05-28 23:10:00,8.4667,7.987,0.00019999999999997797
EWR-1,5/28/2025,11:20:00 pm,0,2025-05-28 23:20:00,8.4669,7.989,0.00019999999999997797
EWR-1,5/28/2025,11:30:00 pm,0,2025-05-28 23:30:00,8.4675,7.991,0.0001000000000000334
EWR-1,5/28/2025,11:40:00 pm,0,2025-05-28 23:40:00,8.4688,7.992,0.00019999999999997797
EWR-1,5/28/2025,11:50:00 pm,0,2025-05-28 23:50:00,8.4705,7.994,0.0001000000000000334
EWR-1,5/29/2025,12:00:00 am,0,2025-05-29 00:00:00,8.4701,7.995,0.00019999999999997797
EWR-1,5/29/2025,12:10:00 am,0,2025-05-29 00:10:00,8.4704,7.997,0.00019999999999997797
EWR-1,5/29/2025,12:20:00 am,0,2025-05-29 00:20:00,8.4704,7.999,0.0
EWR-1,5/29/2025,12:30:00 am,0,2025-05-29 00:30:00,8.4702,7.999,0.0001000000000000334
EWR-1,5/29/2025,12:40:00 am,0,2025-05-29 00:40:00,8.4705,8.0,9.999999999994457e-05
EWR-1,5/29/2025,12:50:00 am,0,2025-05-29 00:50:00,8.4709,8.001,0.00010000000000012221
EWR-1,5/29/2025,01:00:00 am,0,2025-05-29 01:00:00,8.4704,8.002,0.00010000000000012221
EWR-1,5/29/2025,01:10:00 am,0,2025-05-29 01:10:00,8.4705,8.001,0.0
EWR-1,5/29/2025,01:20:00 am,0,2025-05-29 01:20:00,8.4707,8.001,0.0
EWR-1,5/29/2025,01:30:00 am,0,2025-05-29 01:30:00,8.4707,8.001,9.999999999994457e-05
EWR-1,5/29/2025,01:40:00 am,0,2025-05-29 01:40:00,8.4697,8.0,0.0
EWR-1,5/29/2025,01:50:00 am,0,2025-05-29 01:50:00,8.4695,8.0,0.0001000000000000334
EWR-1,5/29/2025,02:00:00 am,0,2025-05-29 02:00:00,8.4697,7.999,9.999999999994457e-05
EWR-1,5/29/2025,02:10:00 am,0,2025-05-29 02:10:00,8.4695,7.998,0.0001000000000000334
EWR-1,5/29/2025,02:20:00 am,0,2025-05-29 02:20:00,8.4702,7.997,0.00019999999999997797
EWR-1,5/29/2025,02:30:00 am,0,2025-05-29 02:30:00,8.4709,7.995,0.0001000000000000334
EWR-1,5/29/2025,02:40:00 am,0,2025-05-29 02:40:00,8.4705,7.994,0.00019999999999997797
EWR-1,5/29/2025,02:50:00 am,0,2025-05-29 02:50:00,8.4708,7.992,0.0001000000000000334
EWR-1,5/29/2025,03:00:00 am,0,2025-05-29 03:00:00,8.4711,7.991,0.00019999999999997797
EWR-1,5/29/2025,03:10:00 am,0,2025-05-29 03:10:00,8.4707,7.989,0.00019999999999997797
EWR-1,5/29/2025,03:20:00 am,0,2025-05-29 03:20:00,8.4706,7.987,0.00030000000000001136
EWR-1,5/29/2025,03:30:00 am,0,2025-05-29 03:30:00,8.471,7.984,0.00019999999999997797
EWR-1,5/29/2025,03:40:00 am,0,2025-05-29 03:40:00,8.4709,7.982,0.00019999999999997797
EWR-1,5/29/2025,03:50:00 am,0,2025-05-29 03:50:00,8.4708,7.98,0.00030000000000001136
EWR-1,5/29/2025,04:00:00 am,0,2025-05-29 04:00:00,8.4715,7.977,0.0002000000000000668
EWR-1,5/29/2025,04:10:00 am,0,2025-05-29 04:10:00,8.4714,7.975,0.00019999999999997797
EWR-1,5/29/2025,04:20:00 am,0,2025-05-29 04:20:00,8.4705,7.973,0.00030000000000001136
EWR-1,5/29/2025,04:30:00 am,0,2025-05-29 04:30:00,8.4709,7.97,0.00030000000000001136
EWR-1,5/29/2025,04:40:00 am,0,2025-05-29 04:40:00,8.471,7.967,0.00039999999999995595
EWR-1,5/29/2025,04:50:00 am,0,2025-05-29 04:50:00,8.4717,7.963,0.00040000000000004474
EWR-1,5/29/2025,05:00:00 am,0,2025-05-29 05:00:00,8.4709,7.959,0.00029999999999992256
EWR-1,5/29/2025,05:10:00 am,0,2025-05-29 05:10:00,8.4711,7.956,0.00040000000000004474
EWR-1,5/29/2025,05:20:00 am,0,2025-05-29 05:20:00,8.4709,7.952,0.00039999999999995595
EWR-1,5/29/2025,05:30:00 am,0,2025-05-29 05:30:00,8.471,7.948,0.00040000000000004474
EWR-1,5/29/2025,05:40:00 am,0,2025-05-29 05:40:00,8.4714,7.944,0.00039999999999995595
EWR-1,5/29/2025,05:50:00 am,0,2025-05-29 05:50:00,8.4714,7.94,0.00040000000000004474
EWR-1,5/29/2025,06:00:00 am,0,2025-05-29 06:00:00,8.4713,7.936,0.00039999999999995595
EWR-1,5/29/2025,06:10:00 am,0,2025-05-29 06:10:00,8.4709,7.932,0.00040000000000004474
EWR-1,5/29/2025,06:20:00 am,0,2025-05-29 06:20:00,8.4713,7.928,0.0004999999999999894
EWR-1,5/29/2025,06:30:00 am,0,2025-05-29 06:30:00,8.4718,7.923,0.0004999999999999894
EWR-1,5/29/2025,06:40:00 am,0,2025-05-29 06:40:00,8.4718,7.918,0.00040000000000004474
EWR-1,5/29/2025,06:50:00 am,0,2025-05-29 06:50:00,8.4719,7.914,0.0004999999999999894
EWR-1,5/29/2025,07:00:00 am,0,2025-05-29 07:00:00,8.4721,7.909,0.0004999999999999894
EWR-1,5/29/2025,07:10:00 am,0,2025-05-29 07:10:00,8.4723,7.904,0.00039999999999995595
EWR-1,5/29/2025,07:20:00 am,0,2025-05-29 07:20:00,8.4729,7.9,0.0005000000000000782
EWR-1,5/29/2025,07:30:00 am,0,2025-05-29 07:30:00,8.4728,7.895,0.0004999999999999894
EWR-1,5/29/2025,07:40:00 am,0,2025-05-29 07:40:00,8.4731,7.89,0.0004999999999999894
EWR-1,5/29/2025,07:50:00 am,0,2025-05-29 07:50:00,8.4733,7.885,0.0004999999999999894
EWR-1,5/29/2025,08:00:00 am,0,2025-05-29 08:00:00,8.474,7.88,0.00039999999999995595
EWR-1,5/29/2025,08:10:00 am,0,2025-05-29 08:10:00,8.4749,7.876,0.0004999999999999894
EWR-1,5/29/2025,08:20:00 am,0,2025-05-29 08:20:00,8.4753,7.871,0.00040000000000004474
EWR-1,5/29/2025,08:30:00 am,0,2025-05-29 08:30:00,8.4745,7.867,0.00129999999999999
EWR-1,5/29/2025,08:40:00 am,0,2025-05-29 08:40:00,8.4761,7.854,0.0001000000000000334
EWR-1,5/29/2025,08:50:00 am,0,2025-05-29 08:50:00,8.4753,7.853,0.00030000000000001136
EWR-1,5/29/2025,09:00:00 am,0,2025-05-29 09:00:00,8.476,7.85,0.00039999999999995595
EWR-1,5/29/2025,09:10:00 am,0,2025-05-29 09:10:00,8.4761,7.846,0.00040000000000004474
EWR-1,5/29/2025,09:20:00 am,0,2025-05-29 09:20:00,8.4756,7.842,0.00039999999999995595
EWR-1,5/29/2025,09:30:00 am,0,2025-05-29 09:30:00,8.476,7.838,0.00030000000000001136
EWR-1,5/29/2025,09:40:00 am,0,2025-05-29 09:40:00,8.4759,7.835,0.00030000000000001136
EWR-1,5/29/2025,09:50:00 am,0,2025-05-29 09:50:00,8.4754,7.832,0.00030000000000001136
EWR-1,5/29/2025,10:00:00 am,0,2025-05-29 10:00:00,8.475,7.829,0.00030000000000001136
EWR-1,5/29/2025,10:10:00 am,0,2025-05-29 10:10:00,8.4752,7.826,0.00019999999999997797
EWR-1,5/29/2025,10:20:00 am,0,2025-05-29 10:20:00,8.475,7.824,0.00019999999999997797
EWR-1,5/29/2025,10:30:00 am,0,2025-05-29 10:30:00,8.4747,7.822,0.00019999999999997797
EWR-1,5/29/2025,10:40:00 am,0,2025-05-29 10:40:00,8.4738,7.82,0.0002000000000000668
EWR-1,5/29/2025,10:50:00 am,0,2025-05-29 10:50:00,8.4732,7.818,0.00019999999999997797
EWR-1,5/29/2025,11:00:00 am,0,2025-05-29 11:00:00,8.473,7.816,9.999999999994457e-05
EWR-1,5/29/2025,11:10:00 am,0,2025-05-29 11:10:00,8.4722,7.815,0.0001000000000000334
EWR-1,5/29/2025,11:20:00 am,0,2025-05-29 11:20:00,8.4715,7.814,0.00019999999999997797
EWR-1,5/29/2025,11:30:00 am,0,2025-05-29 11:30:00,8.4704,7.812,0.0001000000000000334
EWR-1,5/29/2025,11:40:00 am,0,2025-05-29 11:40:00,8.4697,7.811,0.0
EWR-1,5/29/2025,11:50:00 am,0,2025-05-29 11:50:00,8.4686,7.811,0.0
EWR-1,5/29/2025,12:00:00 pm,0,2025-05-29 12:00:00,8.4679,7.811,0.0
EWR-1,5/29/2025,12:10:00 pm,0,2025-05-29 12:10:00,8.4665,7.811,0.0001000000000000334
EWR-1,5/29/2025,12:20:00 pm,0,2025-05-29 12:20:00,8.4653,7.812,9.999999999994457e-05
EWR-1,5/29/2025,12:30:00 pm,0,2025-05-29 12:30:00,8.4642,7.813,0.0001000000000000334
EWR-1,5/29/2025,12:40:00 pm,0,2025-05-29 12:40:00,8.4638,7.814,0.00019999999999997797
EWR-1,5/29/2025,12:50:00 pm,0,2025-05-29 12:50:00,8.4618,7.816,0.0001000000000000334
EWR-1,5/29/2025,01:00:00 pm,0,2025-05-29 13:00:00,8.4598,7.817,0.00019999999999997797
EWR-1,5/29/2025,01:10:00 pm,0,2025-05-29 13:10:00,8.4593,7.819,0.00019999999999997797
EWR-1,5/29/2025,01:20:00 pm,0,2025-05-29 13:20:00,8.4579,7.821,0.00030000000000001136
EWR-1,5/29/2025,01:30:00 pm,0,2025-05-29 13:30:00,8.4568,7.824,0.00019999999999997797
EWR-1,5/29/2025,01:40:00 pm,0,2025-05-29 13:40:00,8.4551,7.826,0.00040000000000004474
EWR-1,5/29/2025,01:50:00 pm,0,2025-05-29 13:50:00,8.4544,7.83,0.00030000000000001136
EWR-1,5/29/2025,02:00:00 pm,0,2025-05-29 14:00:00,8.4537,7.833,0.00030000000000001136
EWR-1,5/29/2025,02:10:00 pm,0,2025-05-29 14:10:00,8.453,7.836,0.00039999999999995595
EWR-1,5/29/2025,02:20:00 pm,0,2025-05-29 14:20:00,8.4521,7.84,0.00030000000000001136
EWR-1,5/29/2025,02:30:00 pm,0,2025-05-29 14:30:00,8.4518,7.843,0.00040000000000004474
EWR-1,5/29/2025,02:40:00 pm,0,2025-05-29 14:40:00,8.4513,7.847,0.00039999999999995595
EWR-1,5/29/2025,02:50:00 pm,0,2025-05-29 14:50:00,8.4502,7.851,0.00040000000000004474
EWR-1,5/29/2025,03:00:00 pm,0,2025-05-29 15:00:00,8.4496,7.855,0.00039999999999995595
EWR-1,5/29/2025,03:10:00 pm,0,2025-05-29 15:10:00,8.4489,7.859,0.0004999999999999894
EWR-1,5/29/2025,03:20:00 pm,0,2025-05-29 15:20:00,8.4485,7.864,0.0004999999999999894
EWR-1,5/29/2025,03:30:00 pm,0,2025-05-29 15:30:00,8.4475,7.869,0.0004999999999999894
EWR-1,5/29/2025,03:40:00 pm,0,2025-05-29 15:40:00,8.4468,7.874,0.0004999999999999894
EWR-1,5/29/2025,03:50:00 pm,0,2025-05-29 15:50:00,8.4465,7.879,0.0005000000000000782
EWR-1,5/29/2025,04:00:00 pm,0,2025-05-29 16:00:00,8.4458,7.884,0.0005999999999999339
EWR-1,5/29/2025,04:10:00 pm,0,2025-05-29 16:10:00,8.4455,7.89,0.0004999999999999894
EWR-1,5/29/2025,04:20:00 pm,0,2025-05-29 16:20:00,8.4454,7.895,0.0005000000000000782
EWR-1,5/29/2025,04:30:00 pm,0,2025-05-29 16:30:00,8.445,7.9,0.0004999999999999894
EWR-1,5/29/2025,04:40:00 pm,0,2025-05-29 16:40:00,8.4445,7.905,0.0006999999999999674
EWR-1,5/29/2025,04:50:00 pm,0,2025-05-29 16:50:00,8.4444,7.912,0.0004999999999999894
EWR-1,5/29/2025,05:00:00 pm,0,2025-05-29 17:00:00,8.4446,7.917,0.0006000000000000227
EWR-1,5/29/2025,05:10:00 pm,0,2025-05-29 17:10:00,8.4446,7.923,0.0006000000000000227
EWR-1,5/29/2025,05:20:00 pm,0,2025-05-29 17:20:00,8.445,7.929,0.0004999999999999894
EWR-1,5/29/2025,05:30:00 pm,0,2025-05-29 17:30:00,8.4452,7.934,0.0006000000000000227
EWR-1,5/29/2025,05:40:00 pm,0,2025-05-29 17:40:00,8.4453,7.94,0.0005999999999999339
EWR-1,5/29/2025,05:50:00 pm,0,2025-05-29 17:50:00,8.4454,7.946,0.0006000000000000227
EWR-1,5/29/2025,06:00:00 pm,0,2025-05-29 18:00:00,8.4455,7.952,0.0006000000000000227
EWR-1,5/29/2025,06:10:00 pm,0,2025-05-29 18:10:00,8.4463,7.958,0.0006000000000000227
EWR-1,5/29/2025,06:20:00 pm,0,2025-05-29 18:20:00,8.4478,7.964,0.0004999999999999894
EWR-1,5/29/2025,06:30:00 pm,0,2025-05-29 18:30:00,8.448,7.969,0.0005999999999999339
EWR-1,5/29/2025,06:40:00 pm,0,2025-05-29 18:40:00,8.4492,7.975,0.0006000000000000227
EWR-1,5/29/2025,06:50:00 pm,0,2025-05-29 18:50:00,8.4506,7.981,0.0006000000000000227
EWR-1,5/29/2025,07:00:00 pm,0,2025-05-29 19:00:00,8.4527,7.987,0.0006000000000000227
EWR-1,5/29/2025,07:10:00 pm,0,2025-05-29 19:10:00,8.4541,7.993,0.0004999999999999894
EWR-1,5/29/2025,07:20:00 pm,0,2025-05-29 19:20:00,8.4564,7.998,0.0004999999999999894
EWR-1,5/29/2025,07:30:00 pm,0,2025-05-29 19:30:00,8.4584,8.003,0.0004999999999999005
EWR-1,5/29/2025,07:40:00 pm,0,2025-05-29 19:40:00,8.4604,8.008,0.0005000000000000782
EWR-1,5/29/2025,07:50:00 pm,0,2025-05-29 19:50:00,8.4626,8.013,0.0005000000000000782
EWR-1,5/29/2025,08:00:00 pm,0,2025-05-29 20:00:00,8.465,8.018,0.00039999999999995595
EWR-1,5/29/2025,08:10:00 pm,0,2025-05-29 20:10:00,8.4672,8.022,0.0006000000000000227
EWR-1,5/29/2025,08:20:00 pm,0,2025-05-29 20:20:00,8.469,8.028,0.00039999999999995595
EWR-1,5/29/2025,08:30:00 pm,0,2025-05-29 20:30:00,8.4708,8.032,0.0005000000000000782
EWR-1,5/29/2025,08:40:00 pm,0,2025-05-29 20:40:00,8.4731,8.037,0.00039999999999995595
EWR-1,5/29/2025,08:50:00 pm,0,2025-05-29 20:50:00,8.4746,8.041,0.00039999999999995595
EWR-1,5/29/2025,09:00:00 pm,0,2025-05-29 21:00:00,8.4762,8.045,0.00039999999999995595
EWR-1,5/29/2025,09:10:00 pm,0,2025-05-29 21:10:00,8.4777,8.049,0.0005000000000000782
EWR-1,5/29/2025,09:20:00 pm,0,2025-05-29 21:20:00,8.4793,8.054,0.00039999999999995595
EWR-1,5/29/2025,09:30:00 pm,0,2025-05-29 21:30:00,8.4816,8.058,0.00039999999999995595
EWR-1,5/29/2025,09:40:00 pm,0,2025-05-29 21:40:00,8.4832,8.062,0.00030000000000001136
EWR-1,5/29/2025,09:50:00 pm,0,2025-05-29 21:50:00,8.4849,8.065,0.0004000000000001336
EWR-1,5/29/2025,10:00:00 pm,0,2025-05-29 22:00:00,8.4861,8.069,0.00039999999999995595
EWR-1,5/29/2025,10:10:00 pm,0,2025-05-29 22:10:00,8.4871,8.073,0.00030000000000001136
EWR-1,5/29/2025,10:20:00 pm,0,2025-05-29 22:20:00,8.4876,8.076,0.00039999999999995595
EWR-1,5/29/2025,10:30:00 pm,0,2025-05-29 22:30:00,8.4887,8.08,0.00030000000000001136
EWR-1,5/29/2025,10:40:00 pm,0,2025-05-29 22:40:00,8.4894,8.083,0.00030000000000001136
EWR-1,5/29/2025,10:50:00 pm,0,2025-05-29 22:50:00,8.4904,8.086,0.00030000000000001136
EWR-1,5/29/2025,11:00:00 pm,0,2025-05-29 23:00:00,8.4911,8.089,0.00030000000000001136
EWR-1,5/29/2025,11:10:00 pm,0,2025-05-29 23:10:00,8.4915,8.092,0.00030000000000001136
EWR-1,5/29/2025,11:20:00 pm,0,2025-05-29 23:20:00,8.4917,8.095,0.00019999999999988915
EWR-1,5/29/2025,11:30:00 pm,0,2025-05-29 23:30:00,8.4925,8.097,0.00030000000000001136
EWR-1,5/29/2025,11:40:00 pm,0,2025-05-29 23:40:00,8.4928,8.1,0.0002000000000000668
EWR-1,5/29/2025,11:50:00 pm,0,2025-05-29 23:50:00,8.4943,8.102,0.00019999999999988915
EWR-1,5/30/2025,12:00:00 am,0,2025-05-30 00:00:00,8.4949,8.104,0.0002000000000000668
EWR-1,5/30/2025,12:10:00 am,0,2025-05-30 00:10:00,8.4953,8.106,0.0002000000000000668
EWR-1,5/30/2025,12:20:00 am,0,2025-05-30 00:20:00,8.4959,8.108,0.00019999999999988915
EWR-1,5/30/2025,12:30:00 am,0,2025-05-30 00:30:00,8.4956,8.11,0.0002000000000000668
EWR-1,5/30/2025,12:40:00 am,0,2025-05-30 00:40:00,8.4957,8.112,9.999999999994457e-05
EWR-1,5/30/2025,12:50:00 am,0,2025-05-30 00:50:00,8.4956,8.113,0.00010000000000012221
EWR-1,5/30/2025,01:00:00 am,0,2025-05-30 01:00:00,8.4959,8.114,0.00019999999999988915
EWR-1,5/30/2025,01:10:00 am,0,2025-05-30 01:10:00,8.4966,8.116,0.00010000000000012221
EWR-1,5/30/2025,01:20:00 am,0,2025-05-30 01:20:00,8.4963,8.117,9.999999999994457e-05
EWR-1,5/30/2025,01:30:00 am,0,2025-05-30 01:30:00,8.4966,8.118,9.999999999994457e-05
EWR-1,5/30/2025,01:40:00 am,0,2025-05-30 01:40:00,8.4969,8.119,0.0
EWR-1,5/30/2025,01:50:00 am,0,2025-05-30 01:50:00,8.4974,8.119,9.999999999994457e-05
EWR-1,5/30/2025,02:00:00 am,0,2025-05-30 02:00:00,8.4978,8.12,0.00010000000000012221
EWR-1,5/30/2025,02:10:00 am,0,2025-05-30 02:10:00,8.4984,8.121,0.0
EWR-1,5/30/2025,02:20:00 am,0,2025-05-30 02:20:00,8.4984,8.121,9.999999999994457e-05
EWR-1,5/30/2025,02:30:00 am,0,2025-05-30 02:30:00,8.4979,8.122,0.0
EWR-1,5/30/2025,02:40:00 am,0,2025-05-30 02:40:00,8.4985,8.122,0.0
EWR-1,5/30/2025,02:50:00 am,0,2025-05-30 02:50:00,8.4987,8.122,0.0
EWR-1,5/30/2025,03:00:00 am,0,2025-05-30 03:00:00,8.4999,8.122,0.0
EWR-1,5/30/2025,03:10:00 am,0,2025-05-30 03:10:00,8.5012,8.122,9.999999999994457e-05
EWR-1,5/30/2025,03:20:00 am,0,2025-05-30 03:20:00,8.5018,8.121,0.00010000000000012221
EWR-1,5/30/2025,03:30:00 am,0,2025-05-30 03:30:00,8.5021,8.12,9.999999999994457e-05
EWR-1,5/30/2025,03:40:00 am,0,2025-05-30 03:40:00,8.5023,8.119,0.0
EWR-1,5/30/2025,03:50:00 am,0,2025-05-30 03:50:00,8.5031,8.119,0.00019999999999988915
EWR-1,5/30/2025,04:00:00 am,0,2025-05-30 04:00:00,8.5039,8.117,0.00010000000000012221
EWR-1,5/30/2025,04:10:00 am,0,2025-05-30 04:10:00,8.5048,8.116,9.999999999994457e-05
EWR-1,5/30/2025,04:20:00 am,0,2025-05-30 04:20:00,8.5043,8.115,0.0
EWR-1,5/30/2025,04:30:00 am,0,2025-05-30 04:30:00,8.5044,8.115,0.0002000000000000668
EWR-1,5/30/2025,04:40:00 am,0,2025-05-30 04:40:00,8.5043,8.113,0.0
EWR-1,5/30/2025,04:50:00 am,0,2025-05-30 04:50:00,8.5044,8.113,0.00019999999999988915
EWR-1,5/30/2025,05:00:00 am,0,2025-05-30 05:00:00,8.5047,8.111,0.00010000000000012221
EWR-1,5/30/2025,05:10:00 am,0,2025-05-30 05:10:00,8.5051,8.11,0.00030000000000001136
EWR-1,5/30/2025,05:20:00 am,0,2025-05-30 05:20:00,8.506,8.107,9.999999999994457e-05
EWR-1,5/30/2025,05:30:00 am,0,2025-05-30 05:30:00,8.5063,8.106,0.00030000000000001136
EWR-1,5/30/2025,05:40:00 am,0,2025-05-30 05:40:00,8.5069,8.103,0.00019999999999988915
EWR-1,5/30/2025,05:50:00 am,0,2025-05-30 05:50:00,8.5071,8.101,0.00030000000000001136
EWR-1,5/30/2025,06:00:00 am,0,2025-05-30 06:00:00,8.5074,8.098,0.0002000000000000668
EWR-1,5/30/2025,06:10:00 am,0,2025-05-30 06:10:00,8.5082,8.096,0.0002000000000000668
EWR-1,5/30/2025,06:20:00 am,0,2025-05-30 06:20:00,8.5089,8.094,0.00019999999999988915
EWR-1,5/30/2025,06:30:00 am,0,2025-05-30 06:30:00,8.5099,8.092,0.00030000000000001136
EWR-1,5/30/2025,06:40:00 am,0,2025-05-30 06:40:00,8.5099,8.089,0.00030000000000001136
EWR-1,5/30/2025,06:50:00 am,0,2025-05-30 06:50:00,8.5101,8.086,0.00030000000000001136
EWR-1,5/30/2025,07:00:00 am,0,2025-05-30 07:00:00,8.5102,8.083,0.00030000000000001136
EWR-1,5/30/2025,07:10:00 am,0,2025-05-30 07:10:00,8.5111,8.08,0.00030000000000001136
EWR-1,5/30/2025,07:20:00 am,0,2025-05-30 07:20:00,8.5111,8.077,0.00030000000000001136
EWR-1,5/30/2025,07:30:00 am,0,2025-05-30 07:30:00,8.5118,8.074,0.00030000000000001136
EWR-1,5/30/2025,07:40:00 am,0,2025-05-30 07:40:00,8.5126,8.071,0.00030000000000001136
EWR-1,5/30/2025,07:50:00 am,0,2025-05-30 07:50:00,8.5127,8.068,0.00030000000000001136
EWR-1,5/30/2025,08:00:00 am,0,2025-05-30 08:00:00,8.5139,8.065,0.00039999999999995595
EWR-1,5/30/2025,08:10:00 am,0,2025-05-30 08:10:00,8.5139,8.061,0.00030000000000001136
EWR-1,5/30/2025,08:20:00 am,0,2025-05-30 08:20:00,8.5138,8.058,0.00030000000000001136
EWR-1,5/30/2025,08:30:00 am,0,2025-05-30 08:30:00,8.5138,8.055,0.00039999999999995595
EWR-1,5/30/2025,08:40:00 am,0,2025-05-30 08:40:00,8.5132,8.051,0.00030000000000001136
EWR-1,5/30/2025,08:50:00 am,0,2025-05-30 08:50:00,8.5127,8.048,0.0002000000000000668
EWR-1,5/30/2025,09:00:00 am,0,2025-05-30 09:00:00,8.5132,8.046,0.00030000000000001136
EWR-1,5/30/2025,09:10:00 am,0,2025-05-30 09:10:00,8.5134,8.043,0.00030000000000001136
EWR-1,5/30/2025,09:20:00 am,0,2025-05-30 09:20:00,8.5128,8.04,0.0002999999999998337
EWR-1,5/30/2025,09:30:00 am,0,2025-05-30 09:30:00,8.5124,8.037,0.0002000000000000668
EWR-1,5/30/2025,09:40:00 am,0,2025-05-30 09:40:00,8.5126,8.035,9.999999999994457e-05
EWR-1,5/30/2025,09:50:00 am,0,2025-05-30 09:50:00,8.5125,8.034,0.00030000000000001136
EWR-1,5/30/2025,10:00:00 am,0,2025-05-30 10:00:00,8.511,8.031,0.00010000000000012221
EWR-1,5/30/2025,10:10:00 am,0,2025-05-30 10:10:00,8.5105,8.03,9.999999999994457e-05
EWR-1,5/30/2025,10:20:00 am,0,2025-05-30 10:20:00,8.5101,8.029,9.999999999994457e-05
EWR-1,5/30/2025,10:30:00 am,0,2025-05-30 10:30:00,8.5094,8.028,0.00010000000000012221
EWR-1,5/30/2025,10:40:00 am,0,2025-05-30 10:40:00,8.508,8.027,9.999999999994457e-05
EWR-1,5/30/2025,10:50:00 am,0,2025-05-30 10:50:00,8.507,8.026,0.0
EWR-1,5/30/2025,11:00:00 am,0,2025-05-30 11:00:00,8.5062,8.026,0.0
EWR-1,5/30/2025,11:10:00 am,0,2025-05-30 11:10:00,8.5046,8.026,0.0
EWR-1,5/30/2025,11:20:00 am,0,2025-05-30 11:20:00,8.5027,8.026,0.0
EWR-1,5/30/2025,11:30:00 am,0,2025-05-30 11:30:00,8.5019,8.026,9.999999999994457e-05
EWR-1,5/30/2025,11:40:00 am,0,2025-05-30 11:40:00,8.5005,8.027,0.0
EWR-1,5/30/2025,11:50:00 am,0,2025-05-30 11:50:00,8.4988,8.027,0.0002000000000000668
EWR-1,5/30/2025,12:00:00 pm,0,2025-05-30 12:00:00,8.4973,8.029,0.0002000000000000668
EWR-1,5/30/2025,12:10:00 pm,0,2025-05-30 12:10:00,8.495,8.031,0.00019999999999988915
EWR-1,5/30/2025,12:20:00 pm,0,2025-05-30 12:20:00,8.4929,8.033,0.0002000000000000668
EWR-1,5/30/2025,12:30:00 pm,0,2025-05-30 12:30:00,8.4918,8.035,0.00030000000000001136
EWR-1,5/30/2025,12:40:00 pm,0,2025-05-30 12:40:00,8.4899,8.038,0.00019999999999988915
EWR-1,5/30/2025,12:50:00 pm,0,2025-05-30 12:50:00,8.4881,8.04,0.00030000000000001136
EWR-1,5/30/2025,01:00:00 pm,0,2025-05-30 13:00:00,8.4862,8.043,0.00030000000000001136
EWR-1,5/30/2025,01:10:00 pm,0,2025-05-30 13:10:00,8.4839,8.046,0.00030000000000001136
EWR-1,5/30/2025,01:20:00 pm,0,2025-05-30 13:20:00,8.4819,8.049,0.0004000000000001336
EWR-1,5/30/2025,01:30:00 pm,0,2025-05-30 13:30:00,8.4799,8.053,0.00039999999999995595
EWR-1,5/30/2025,01:40:00 pm,0,2025-05-30 13:40:00,8.4789,8.057,0.00039999999999995595
EWR-1,5/30/2025,01:50:00 pm,0,2025-05-30 13:50:00,8.4772,8.061,0.00039999999999995595
EWR-1,5/30/2025,02:00:00 pm,0,2025-05-30 14:00:00,8.4764,8.065,0.0004000000000001336
EWR-1,5/30/2025,02:10:00 pm,0,2025-05-30 14:10:00,8.475,8.069,0.0004999999999999005
EWR-1,5/30/2025,02:20:00 pm,0,2025-05-30 14:20:00,8.4736,8.074,0.0005000000000000782
EWR-1,5/30/2025,02:30:00 pm,0,2025-05-30 14:30:00,8.4719,8.079,0.0004999999999999005
EWR-1,5/30/2025,02:40:00 pm,0,2025-05-30 14:40:00,8.47,8.084,0.0005000000000000782
EWR-1,5/30/2025,02:50:00 pm,0,2025-05-30 14:50:00,8.4687,8.089,0.0004999999999999005
EWR-1,5/30/2025,03:00:00 pm,0,2025-05-30 15:00:00,8.4677,8.094,0.0006000000000000227
EWR-1,5/30/2025,03:10:00 pm,0,2025-05-30 15:10:00,8.4667,8.1,0.0005000000000000782
EWR-1,5/30/2025,03:20:00 pm,0,2025-05-30 15:20:00,8.4658,8.105,0.0006000000000000227
EWR-1,5/30/2025,03:30:00 pm,0,2025-05-30 15:30:00,8.465,8.111,0.0006999999999999674
EWR-1,5/30/2025,03:40:00 pm,0,2025-05-30 15:40:00,8.4638,8.118,0.0004999999999999005
EWR-1,5/30/2025,03:50:00 pm,0,2025-05-30 15:50:00,8.4632,8.123,0.0006000000000000227
EWR-1,5/30/2025,04:00:00 pm,0,2025-05-30 16:00:00,8.4627,8.129,0.0006000000000000227
EWR-1,5/30/2025,04:10:00 pm,0,2025-05-30 16:10:00,8.4611,8.135,0.0006000000000000227
EWR-1,5/30/2025,04:20:00 pm,0,2025-05-30 16:20:00,8.4605,8.141,0.0006000000000000227
EWR-1,5/30/2025,04:30:00 pm,0,2025-05-30 16:30:00,8.4605,8.147,0.0006000000000000227
EWR-1,5/30/2025,04:40:00 pm,0,2025-05-30 16:40:00,8.4601,8.153,0.0006999999999999674
EWR-1,5/30/2025,04:50:00 pm,0,2025-05-30 16:50:00,8.4603,8.16,0.0006000000000000227
EWR-1,5/30/2025,05:00:00 pm,0,2025-05-30 17:00:00,8.4599,8.166,0.0006000000000000227
EWR-1,5/30/2025,05:10:00 pm,0,2025-05-30 17:10:00,8.4604,8.172,0.0006000000000000227
EWR-1,5/30/2025,05:20:00 pm,0,2025-05-30 17:20:00,8.4605,8.178,0.0005999999999998451
EWR-1,5/30/2025,05:30:00 pm,0,2025-05-30 17:30:00,8.4608,8.184,0.000700000000000145
EWR-1,5/30/2025,05:40:00 pm,0,2025-05-30 17:40:00,8.461,8.191,0.0006999999999999674
EWR-1,5/30/2025,05:50:00 pm,0,2025-05-30 17:50:00,8.4617,8.198,0.0006000000000000227
EWR-1,5/30/2025,06:00:00 pm,0,2025-05-30 18:00:00,8.4614,8.204,0.0006999999999999674
EWR-1,5/30/2025,06:10:00 pm,0,2025-05-30 18:10:00,8.4613,8.211,0.0006999999999999674
EWR-1,5/30/2025,06:20:00 pm,0,2025-05-30 18:20:00,8.4615,8.218,0.0006000000000000227
EWR-1,5/30/2025,06:30:00 pm,0,2025-05-30 18:30:00,8.4618,8.224,0.0006999999999999674
EWR-1,5/30/2025,06:40:00 pm,0,2025-05-30 18:40:00,8.4625,8.231,0.0006000000000000227
EWR-1,5/30/2025,06:50:00 pm,0,2025-05-30 18:50:00,8.4642,8.237,0.0006000000000000227
EWR-1,5/30/2025,07:00:00 pm,0,2025-05-30 19:00:00,8.4665,8.243,0.0006000000000000227
EWR-1,5/30/2025,07:10:00 pm,0,2025-05-30 19:10:00,8.4674,8.249,0.0006000000000000227
EWR-1,5/30/2025,07:20:00 pm,0,2025-05-30 19:20:00,8.4689,8.255,0.0004999999999999005
EWR-1,5/30/2025,07:30:00 pm,0,2025-05-30 19:30:00,8.4709,8.26,0.0006000000000000227
EWR-1,5/30/2025,07:40:00 pm,0,2025-05-30 19:40:00,8.4729,8.266,0.0005000000000000782
EWR-1,5/30/2025,07:50:00 pm,0,2025-05-30 19:50:00,8.4747,8.271,0.0005999999999998451
EWR-1,5/30/2025,08:00:00 pm,0,2025-05-30 20:00:00,8.4762,8.277,0.0006000000000000227
EWR-1,5/30/2025,08:10:00 pm,0,2025-05-30 20:10:00,8.4773,8.283,0.0005000000000000782
EWR-1,5/30/2025,08:20:00 pm,0,2025-05-30 20:20:00,8.4788,8.288,0.0004999999999999005
EWR-1,5/30/2025,08:30:00 pm,0,2025-05-30 20:30:00,8.4794,8.293,0.0006000000000000227
EWR-1,5/30/2025,08:40:00 pm,0,2025-05-30 20:40:00,8.481,8.299,0.0005000000000000782
EWR-1,5/30/2025,08:50:00 pm,0,2025-05-30 20:50:00,8.4824,8.304,0.0004999999999999005
EWR-1,5/30/2025,09:00:00 pm,0,2025-05-30 21:00:00,8.4837,8.309,0.0005000000000000782
EWR-1,5/30/2025,09:10:00 pm,0,2025-05-30 21:10:00,8.4855,8.314,0.0005000000000000782
EWR-1,5/30/2025,09:20:00 pm,0,2025-05-30 21:20:00,8.4872,8.319,0.00039999999999995595
EWR-1,5/30/2025,09:30:00 pm,0,2025-05-30 21:30:00,8.4889,8.323,0.0004999999999999005
EWR-1,5/30/2025,09:40:00 pm,0,2025-05-30 21:40:00,8.4908,8.328,0.0004000000000001336
EWR-1,5/30/2025,09:50:00 pm,0,2025-05-30 21:50:00,8.4922,8.332,0.00039999999999995595
EWR-1,5/30/2025,10:00:00 pm,0,2025-05-30 22:00:00,8.4938,8.336,0.00039999999999995595
EWR-1,5/30/2025,10:10:00 pm,0,2025-05-30 22:10:00,8.495,8.34,0.00039999999999995595
EWR-1,5/30/2025,10:20:00 pm,0,2025-05-30 22:20:00,8.4956,8.344,0.0004000000000001336
EWR-1,5/30/2025,10:30:00 pm,0,2025-05-30 22:30:00,8.4966,8.348,0.00039999999999995595
EWR-1,5/30/2025,10:40:00 pm,0,2025-05-30 22:40:00,8.4978,8.352,0.00039999999999995595
EWR-1,5/30/2025,10:50:00 pm,0,2025-05-30 22:50:00,8.4975,8.356,0.00039999999999995595
EWR-1,5/30/2025,11:00:00 pm,0,2025-05-30 23:00:00,8.4981,8.36,0.00030000000000001136
EWR-1,5/30/2025,11:10:00 pm,0,2025-05-30 23:10:00,8.4981,8.363,0.00030000000000001136
EWR-1,5/30/2025,11:20:00 pm,0,2025-05-30 23:20:00,8.4983,8.366,0.00039999999999995595
EWR-1,5/30/2025,11:30:00 pm,0,2025-05-30 23:30:00,8.4985,8.37,0.00030000000000001136
EWR-1,5/30/2025,11:40:00 pm,0,2025-05-30 23:40:00,8.4988,8.373,0.0002000000000000668
EWR-1,5/30/2025,11:50:00 pm,0,2025-05-30 23:50:00,8.4984,8.375,0.00030000000000001136
EWR-1,5/31/2025,12:00:00 am,0,2025-05-31 00:00:00,8.4981,8.378,0.00030000000000001136
EWR-1,5/31/2025,12:10:00 am,0,2025-05-31 00:10:00,8.4975,8.381,0.00019999999999988915
EWR-1,5/31/2025,12:20:00 am,0,2025-05-31 00:20:00,8.4978,8.383,0.0002000000000000668
EWR-1,5/31/2025,12:30:00 am,0,2025-05-31 00:30:00,8.4978,8.385,0.00030000000000001136
EWR-1,5/31/2025,12:40:00 am,0,2025-05-31 00:40:00,8.4971,8.388,0.0002000000000000668
EWR-1,5/31/2025,12:50:00 am,0,2025-05-31 00:50:00,8.4972,8.39,0.00019999999999988915
EWR-1,5/31/2025,01:00:00 am,0,2025-05-31 01:00:00,8.4969,8.392,0.00010000000000012221
EWR-1,5/31/2025,01:10:00 am,0,2025-05-31 01:10:00,8.4973,8.393,9.999999999994457e-05
EWR-1,5/31/2025,01:20:00 am,0,2025-05-31 01:20:00,8.497,8.394,0.0002000000000000668
EWR-1,5/31/2025,01:30:00 am,0,2025-05-31 01:30:00,8.4975,8.396,9.999999999994457e-05
EWR-1,5/31/2025,01:40:00 am,0,2025-05-31 01:40:00,8.4971,8.397,9.999999999994457e-05
EWR-1,5/31/2025,01:50:00 am,0,2025-05-31 01:50:00,8.4965,8.398,9.999999999994457e-05
EWR-1,5/31/2025,02:00:00 am,0,2025-05-31 02:00:00,8.4957,8.399,0.00010000000000012221
EWR-1,5/31/2025,02:10:00 am,0,2025-05-31 02:10:00,8.4955,8.4,9.999999999994457e-05
EWR-1,5/31/2025,02:20:00 am,0,2025-05-31 02:20:00,8.4958,8.401,0.0
EWR-1,5/31/2025,02:30:00 am,0,2025-05-31 02:30:00,8.4959,8.401,0.0
EWR-1,5/31/2025,02:40:00 am,0,2025-05-31 02:40:00,8.4955,8.401,9.999999999994457e-05
EWR-1,5/31/2025,02:50:00 am,0,2025-05-31 02:50:00,8.4955,8.402,0.0
EWR-1,5/31/2025,03:00:00 am,0,2025-05-31 03:00:00,8.4954,8.402,9.999999999994457e-05
EWR-1,5/31/2025,03:10:00 am,0,2025-05-31 03:10:00,8.4956,8.401,9.999999999994457e-05
EWR-1,5/31/2025,03:20:00 am,0,2025-05-31 03:20:00,8.4957,8.402,9.999999999994457e-05
EWR-1,5/31/2025,03:30:00 am,0,2025-05-31 03:30:00,8.4958,8.401,0.0
EWR-1,5/31/2025,03:40:00 am,0,2025-05-31 03:40:00,8.4958,8.401,9.999999999994457e-05
EWR-1,5/31/2025,03:50:00 am,0,2025-05-31 03:50:00,8.4959,8.4,0.00010000000000012221
EWR-1,5/31/2025,04:00:00 am,0,2025-05-31 04:00:00,8.4958,8.399,0.00019999999999988915
EWR-1,5/31/2025,04:10:00 am,0,2025-05-31 04:10:00,8.4952,8.397,9.999999999994457e-05
EWR-1,5/31/2025,04:20:00 am,0,2025-05-31 04:20:00,8.4951,8.396,0.00010000000000012221
EWR-1,5/31/2025,04:30:00 am,0,2025-05-31 04:30:00,8.495,8.395,0.00019999999999988915
EWR-1,5/31/2025,04:40:00 am,0,2025-05-31 04:40:00,8.4955,8.393,0.00010000000000012221
EWR-1,5/31/2025,04:50:00 am,0,2025-05-31 04:50:00,8.4961,8.392,0.00019999999999988915
EWR-1,5/31/2025,05:00:00 am,0,2025-05-31 05:00:00,8.4963,8.39,0.0002000000000000668
EWR-1,5/31/2025,05:10:00 am,0,2025-05-31 05:10:00,8.4962,8.388,0.0002000000000000668
EWR-1,5/31/2025,05:20:00 am,0,2025-05-31 05:20:00,8.4962,8.386,9.999999999994457e-05
EWR-1,5/31/2025,05:30:00 am,0,2025-05-31 05:30:00,8.4964,8.385,0.00030000000000001136
EWR-1,5/31/2025,05:40:00 am,0,2025-05-31 05:40:00,8.4969,8.382,0.00019999999999988915
EWR-1,5/31/2025,05:50:00 am,0,2025-05-31 05:50:00,8.497,8.38,0.00030000000000001136
EWR-1,5/31/2025,06:00:00 am,0,2025-05-31 06:00:00,8.4972,8.377,0.0002000000000000668
EWR-1,5/31/2025,06:10:00 am,0,2025-05-31 06:10:00,8.4973,8.375,0.00030000000000001136
EWR-1,5/31/2025,06:20:00 am,0,2025-05-31 06:20:00,8.4975,8.372,0.00030000000000001136
EWR-1,5/31/2025,06:30:00 am,0,2025-05-31 06:30:00,8.4979,8.369,0.00019999999999988915
EWR-1,5/31/2025,06:40:00 am,0,2025-05-31 06:40:00,8.4978,8.367,0.00030000000000001136
EWR-1,5/31/2025,06:50:00 am,0,2025-05-31 06:50:00,8.4983,8.364,0.00030000000000001136
EWR-1,5/31/2025,07:00:00 am,0,2025-05-31 07:00:00,8.4987,8.361,0.00030000000000001136
EWR-1,5/31/2025,07:10:00 am,0,2025-05-31 07:10:00,8.498,8.358,0.00030000000000001136
EWR-1,5/31/2025,07:20:00 am,0,2025-05-31 07:20:00,8.4976,8.355,0.00030000000000001136
EWR-1,5/31/2025,07:30:00 am,0,2025-05-31 07:30:00,8.4968,8.352,0.00030000000000001136
EWR-1,5/31/2025,07:40:00 am,0,2025-05-31 07:40:00,8.4966,8.349,0.00030000000000001136
EWR-1,5/31/2025,07:50:00 am,0,2025-05-31 07:50:00,8.4968,8.346,0.00030000000000001136
EWR-1,5/31/2025,08:00:00 am,0,2025-05-31 08:00:00,8.4966,8.343,0.00039999999999995595
EWR-1,5/31/2025,08:10:00 am,0,2025-05-31 08:10:00,8.4962,8.339,0.00030000000000001136
EWR-1,5/31/2025,08:20:00 am,0,2025-05-31 08:20:00,8.4956,8.336,0.00030000000000001136
EWR-1,5/31/2025,08:30:00 am,0,2025-05-31 08:30:00,8.4952,8.333,0.00030000000000001136
EWR-1,5/31/2025,08:40:00 am,0,2025-05-31 08:40:00,8.4948,8.33,0.00030000000000001136
EWR-1,5/31/2025,08:50:00 am,0,2025-05-31 08:50:00,8.4945,8.327,0.00030000000000001136
EWR-1,5/31/2025,09:00:00 am,0,2025-05-31 09:00:00,8.4936,8.324,0.00030000000000001136
EWR-1,5/31/2025,09:10:00 am,0,2025-05-31 09:10:00,8.493,8.321,0.00030000000000001136
EWR-1,5/31/2025,09:20:00 am,0,2025-05-31 09:20:00,8.4929,8.318,0.00019999999999988915
EWR-1,5/31/2025,09:30:00 am,0,2025-05-31 09:30:00,8.4916,8.316,0.0002000000000000668
EWR-1,5/31/2025,09:40:00 am,0,2025-05-31 09:40:00,8.4908,8.314,0.0002000000000000668
EWR-1,5/31/2025,09:50:00 am,0,2025-05-31 09:50:00,8.4892,8.312,0.00019999999999988915
EWR-1,5/31/2025,10:00:00 am,0,2025-05-31 10:00:00,8.4879,8.31,0.0002000000000000668
EWR-1,5/31/2025,10:10:00 am,0,2025-05-31 10:10:00,8.4859,8.308,0.0
EWR-1,5/31/2025,10:20:00 am,0,2025-05-31 10:20:00,8.4838,8.308,9.999999999994457e-05
EWR-1,5/31/2025,10:30:00 am,0,2025-05-31 10:30:00,8.4819,8.307,0.0002000000000000668
EWR-1,5/31/2025,10:40:00 am,0,2025-05-31 10:40:00,8.48,8.305,0.0
EWR-1,5/31/2025,10:50:00 am,0,2025-05-31 10:50:00,8.4779,8.305,0.0
EWR-1,5/31/2025,11:00:00 am,0,2025-05-31 11:00:00,8.4762,8.305,9.999999999994457e-05
EWR-1,5/31/2025,11:10:00 am,0,2025-05-31 11:10:00,8.4745,8.304,0.0
EWR-1,5/31/2025,11:20:00 am,0,2025-05-31 11:20:00,8.4722,8.304,0.0
EWR-1,5/31/2025,11:30:00 am,0,2025-05-31 11:30:00,8.4706,8.304,9.999999999994457e-05
EWR-1,5/31/2025,11:40:00 am,0,2025-05-31 11:40:00,8.4684,8.305,9.999999999994457e-05
EWR-1,5/31/2025,11:50:00 am,0,2025-05-31 11:50:00,8.4661,8.306,0.0002000000000000668
EWR-1,5/31/2025,12:00:00 pm,0,2025-05-31 12:00:00,8.4642,8.308,9.999999999994457e-05
EWR-1,5/31/2025,12:10:00 pm,0,2025-05-31 12:10:00,8.463,8.309,0.0002000000000000668
EWR-1,5/31/2025,12:20:00 pm,0,2025-05-31 12:20:00,8.4613,8.311,0.0002000000000000668
EWR-1,5/31/2025,12:30:00 pm,0,2025-05-31 12:30:00,8.46,8.313,0.00030000000000001136
EWR-1,5/31/2025,12:40:00 pm,0,2025-05-31 12:40:00,8.4586,8.316,0.00030000000000001136
EWR-1,5/31/2025,12:50:00 pm,0,2025-05-31 12:50:00,8.4558,8.319,0.00019999999999988915
EWR-1,5/31/2025,01:00:00 pm,0,2025-05-31 13:00:00,8.4545,8.321,0.00030000000000001136
EWR-1,5/31/2025,01:10:00 pm,0,2025-05-31 13:10:00,8.4525,8.324,0.00030000000000001136
EWR-1,5/31/2025,01:20:00 pm,0,2025-05-31 13:20:00,8.4505,8.327,0.00039999999999995595
EWR-1,5/31/2025,01:30:00 pm,0,2025-05-31 13:30:00,8.4483,8.331,0.00030000000000001136
EWR-1,5/31/2025,01:40:00 pm,0,2025-05-31 13:40:00,8.4477,8.334,0.00039999999999995595
EWR-1,5/31/2025,01:50:00 pm,0,2025-05-31 13:50:00,8.4474,8.338,0.0004000000000001336
EWR-1,5/31/2025,02:00:00 pm,0,2025-05-31 14:00:00,8.4466,8.342,0.00039999999999995595
EWR-1,5/31/2025,02:10:00 pm,0,2025-05-31 14:10:00,8.4443,8.346,0.0005000000000000782
EWR-1,5/31/2025,02:20:00 pm,0,2025-05-31 14:20:00,8.4439,8.351,0.00039999999999995595
EWR-1,5/31/2025,02:30:00 pm,0,2025-05-31 14:30:00,8.4423,8.355,0.0004999999999999005
EWR-1,5/31/2025,02:40:00 pm,0,2025-05-31 14:40:00,8.442,8.36,0.0006000000000000227
EWR-1,5/31/2025,02:50:00 pm,0,2025-05-31 14:50:00,8.4407,8.366,0.0005000000000000782
EWR-1,5/31/2025,03:00:00 pm,0,2025-05-31 15:00:00,8.4392,8.371,0.0004999999999999005
EWR-1,5/31/2025,03:10:00 pm,0,2025-05-31 15:10:00,8.4387,8.376,0.0006000000000000227
EWR-1,5/31/2025,03:20:00 pm,0,2025-05-31 15:20:00,8.4381,8.382,0.0005000000000000782
EWR-1,5/31/2025,03:30:00 pm,0,2025-05-31 15:30:00,8.4377,8.387,0.0004999999999999005
EWR-1,5/31/2025,03:40:00 pm,0,2025-05-31 15:40:00,8.4364,8.392,0.0005000000000000782
EWR-1,5/31/2025,03:50:00 pm,0,2025-05-31 15:50:00,8.4345,8.397,0.0006000000000000227
EWR-1,5/31/2025,04:00:00 pm,0,2025-05-31 16:00:00,8.4339,8.403,0.0004999999999999005
EWR-1,5/31/2025,04:10:00 pm,0,2025-05-31 16:10:00,8.4325,8.408,0.0005000000000000782
EWR-1,5/31/2025,04:20:00 pm,0,2025-05-31 16:20:00,8.4322,8.413,0.0006000000000000227
EWR-1,5/31/2025,04:30:00 pm,0,2025-05-31 16:30:00,8.431,8.419,0.0004999999999999005
EWR-1,5/31/2025,04:40:00 pm,0,2025-05-31 16:40:00,8.4308,8.424,0.0006000000000000227
EWR-1,5/31/2025,04:50:00 pm,0,2025-05-31 16:50:00,8.4304,8.43,0.0006000000000000227
EWR-1,5/31/2025,05:00:00 pm,0,2025-05-31 17:00:00,8.4294,8.436,0.0006000000000000227
EWR-1,5/31/2025,05:10:00 pm,0,2025-05-31 17:10:00,8.4297,8.442,0.0004999999999999005
EWR-1,5/31/2025,05:20:00 pm,0,2025-05-31 17:20:00,8.4298,8.447,0.0005000000000000782
EWR-1,5/31/2025,05:30:00 pm,0,2025-05-31 17:30:00,8.4289,8.452,0.0006000000000000227
EWR-1,5/31/2025,05:40:00 pm,0,2025-05-31 17:40:00,8.4285,8.458,0.0007999999999999119
EWR-1,5/31/2025,05:50:00 pm,0,2025-05-31 17:50:00,8.4284,8.466,0.0006000000000000227
EWR-1,5/31/2025,06:00:00 pm,0,2025-05-31 18:00:00,8.4271,8.472,0.0006000000000000227
EWR-1,5/31/2025,06:10:00 pm,0,2025-05-31 18:10:00,8.4275,8.478,0.0006000000000000227
EWR-1,5/31/2025,06:20:00 pm,0,2025-05-31 18:20:00,8.4276,8.484,0.0005000000000000782
EWR-1,5/31/2025,06:30:00 pm,0,2025-05-31 18:30:00,8.4283,8.489,0.0004999999999999005
EWR-1,5/31/2025,06:40:00 pm,0,2025-05-31 18:40:00,8.4291,8.494,0.0005000000000000782
EWR-1,5/31/2025,06:50:00 pm,0,2025-05-31 18:50:00,8.4305,8.499,0.0004999999999999005
EWR-1,5/31/2025,07:00:00 pm,0,2025-05-31 19:00:00,8.4322,8.504,0.0005000000000000782
EWR-1,5/31/2025,07:10:00 pm,0,2025-05-31 19:10:00,8.4341,8.509,0.00039999999999995595
EWR-1,5/31/2025,07:20:00 pm,0,2025-05-31 19:20:00,8.436,8.513,0.00039999999999995595
EWR-1,5/31/2025,07:30:00 pm,0,2025-05-31 19:30:00,8.4382,8.517,0.0005000000000000782
EWR-1,5/31/2025,07:40:00 pm,0,2025-05-31 19:40:00,8.4396,8.522,0.00039999999999995595
EWR-1,5/31/2025,07:50:00 pm,0,2025-05-31 19:50:00,8.4417,8.526,0.0005000000000000782
EWR-1,5/31/2025,08:00:00 pm,0,2025-05-31 20:00:00,8.4414,8.531,0.00039999999999995595
EWR-1,5/31/2025,08:10:00 pm,0,2025-05-31 20:10:00,8.4426,8.535,0.0004999999999999005
EWR-1,5/31/2025,08:20:00 pm,0,2025-05-31 20:20:00,8.4437,8.54,0.0004000000000001336
EWR-1,5/31/2025,08:30:00 pm,0,2025-05-31 20:30:00,8.4444,8.544,0.00039999999999995595
EWR-1,5/31/2025,08:40:00 pm,0,2025-05-31 20:40:00,8.4459,8.548,0.0005000000000000782
EWR-1,5/31/2025,08:50:00 pm,0,2025-05-31 20:50:00,8.4469,8.553,0.00039999999999995595
EWR-1,5/31/2025,09:00:00 pm,0,2025-05-31 21:00:00,8.4482,8.557,0.0004999999999999005
EWR-1,5/31/2025,09:10:00 pm,0,2025-05-31 21:10:00,8.4491,8.562,0.0004000000000001336
EWR-1,5/31/2025,09:20:00 pm,0,2025-05-31 21:20:00,8.4502,8.566,0.00039999999999995595
EWR-1,5/31/2025,09:30:00 pm,0,2025-05-31 21:30:00,8.451,8.57,0.00039999999999995595
EWR-1,5/31/2025,09:40:00 pm,0,2025-05-31 21:40:00,8.4527,8.574,0.00039999999999995595
EWR-1,5/31/2025,09:50:00 pm,0,2025-05-31 21:50:00,8.4534,8.578,0.00030000000000001136
EWR-1,5/31/2025,10:00:00 pm,0,2025-05-31 22:00:00,8.4535,8.581,0.00030000000000001136
EWR-1,5/31/2025,10:10:00 pm,0,2025-05-31 22:10:00,8.4533,8.584,0.00030000000000001136
EWR-1,5/31/2025,10:20:00 pm,0,2025-05-31 22:20:00,8.4534,8.587,0.00030000000000001136
EWR-1,5/31/2025,10:30:00 pm,0,2025-05-31 22:30:00,8.4544,8.59,0.00039999999999995595
EWR-1,5/31/2025,10:40:00 pm,0,2025-05-31 22:40:00,8.4555,8.594,0.0002000000000000668
EWR-1,5/31/2025,10:50:00 pm,0,2025-05-31 22:50:00,8.4555,8.596,0.00030000000000001136
EWR-1,5/31/2025,11:00:00 pm,0,2025-05-31 23:00:00,8.4567,8.599,0.00030000000000001136
EWR-1,5/31/2025,11:10:00 pm,0,2025-05-31 23:10:00,8.456,8.602,0.00030000000000001136
EWR-1,5/31/2025,11:20:00 pm,0,2025-05-31 23:20:00,8.4559,8.605,0.00030000000000001136
EWR-1,5/31/2025,11:30:00 pm,0,2025-05-31 23:30:00,8.4559,8.608,0.00019999999999988915
EWR-1,5/31/2025,11:40:00 pm,0,2025-05-31 23:40:00,8.456,8.61,0.0002000000000000668
EWR-1,5/31/2025,11:50:00 pm,0,2025-05-31 23:50:00,8.4551,8.612,0.0002000000000000668
EWR-1,6/1/2025,12:00:00 am,0,2025-06-01 00:00:00,8.4543,8.614,0.00019999999999988915
EWR-1,6/1/2025,12:10:00 am,0,2025-06-01 00:10:00,8.4541,8.616,0.00010000000000012221
EWR-1,6/1/2025,12:20:00 am,0,2025-06-01 00:20:00,8.4528,8.617,9.999999999994457e-05
EWR-1,6/1/2025,12:30:00 am,0,2025-06-01 00:30:00,8.4516,8.618,0.00019999999999988915
EWR-1,6/1/2025,12:40:00 am,0,2025-06-01 00:40:00,8.451,8.62,0.00010000000000012221
EWR-1,6/1/2025,12:50:00 am,0,2025-06-01 00:50:00,8.4508,8.621,9.999999999994457e-05
EWR-1,6/1/2025,01:00:00 am,0,2025-06-01 01:00:00,8.4508,8.622,9.999999999994457e-05
EWR-1,6/1/2025,01:10:00 am,0,2025-06-01 01:10:00,8.4498,8.623,0.00010000000000012221
EWR-1,6/1/2025,01:20:00 am,0,2025-06-01 01:20:00,8.4492,8.624,9.999999999994457e-05
EWR-1,6/1/2025,01:30:00 am,0,2025-06-01 01:30:00,8.4491,8.625,9.999999999994457e-05
EWR-1,6/1/2025,01:40:00 am,0,2025-06-01 01:40:00,8.4494,8.626,0.0
EWR-1,6/1/2025,01:50:00 am,0,2025-06-01 01:50:00,8.4492,8.626,0.0
EWR-1,6/1/2025,02:00:00 am,0,2025-06-01 02:00:00,8.4487,8.626,0.0
EWR-1,6/1/2025,02:10:00 am,0,2025-06-01 02:10:00,8.4487,8.626,0.0
EWR-1,6/1/2025,02:20:00 am,0,2025-06-01 02:20:00,8.4489,8.626,0.0
EWR-1,6/1/2025,02:30:00 am,0,2025-06-01 02:30:00,8.4485,8.626,9.999999999994457e-05
EWR-1,6/1/2025,02:40:00 am,0,2025-06-01 02:40:00,8.4482,8.625,0.0
EWR-1,6/1/2025,02:50:00 am,0,2025-06-01 02:50:00,8.4479,8.625,9.999999999994457e-05
EWR-1,6/1/2025,03:00:00 am,0,2025-06-01 03:00:00,8.4469,8.624,0.0
EWR-1,6/1/2025,03:10:00 am,0,2025-06-01 03:10:00,8.4469,8.624,0.00010000000000012221
EWR-1,6/1/2025,03:20:00 am,0,2025-06-01 03:20:00,8.4467,8.623,0.00019999999999988915
EWR-1,6/1/2025,03:30:00 am,0,2025-06-01 03:30:00,8.4465,8.621,0.0
EWR-1,6/1/2025,03:40:00 am,0,2025-06-01 03:40:00,8.4462,8.621,0.0002000000000000668
EWR-1,6/1/2025,03:50:00 am,0,2025-06-01 03:50:00,8.446,8.619,9.999999999994457e-05
EWR-1,6/1/2025,04:00:00 am,0,2025-06-01 04:00:00,8.446,8.618,9.999999999994457e-05
EWR-1,6/1/2025,04:10:00 am,0,2025-06-01 04:10:00,8.4454,8.617,0.0002000000000000668
EWR-1,6/1/2025,04:20:00 am,0,2025-06-01 04:20:00,8.4447,8.615,0.0002000000000000668
EWR-1,6/1/2025,04:30:00 am,0,2025-06-01 04:30:00,8.4436,8.613,0.00019999999999988915
EWR-1,6/1/2025,04:40:00 am,0,2025-06-01 04:40:00,8.4434,8.611,0.0002000000000000668
EWR-1,6/1/2025,04:50:00 am,0,2025-06-01 04:50:00,8.443,8.609,0.00030000000000001136
EWR-1,6/1/2025,05:00:00 am,0,2025-06-01 05:00:00,8.4428,8.606,0.0002000000000000668
EWR-1,6/1/2025,05:10:00 am,0,2025-06-01 05:10:00,8.4425,8.604,0.0002999999999998337
EWR-1,6/1/2025,05:20:00 am,0,2025-06-01 05:20:00,8.4423,8.601,0.0002000000000000668
EWR-1,6/1/2025,05:30:00 am,0,2025-06-01 05:30:00,8.442,8.599,0.00030000000000001136
EWR-1,6/1/2025,05:40:00 am,0,2025-06-01 05:40:00,8.442,8.596,0.00030000000000001136
EWR-1,6/1/2025,05:50:00 am,0,2025-06-01 05:50:00,8.4418,8.593,0.00030000000000001136
EWR-1,6/1/2025,06:00:00 am,0,2025-06-01 06:00:00,8.4413,8.59,0.00030000000000001136
EWR-1,6/1/2025,06:10:00 am,0,2025-06-01 06:10:00,8.4403,8.587,0.00030000000000001136
EWR-1,6/1/2025,06:20:00 am,0,2025-06-01 06:20:00,8.44,8.584,0.00030000000000001136
EWR-1,6/1/2025,06:30:00 am,0,2025-06-01 06:30:00,8.4397,8.581,0.00030000000000001136
EWR-1,6/1/2025,06:40:00 am,0,2025-06-01 06:40:00,8.4401,8.578,0.00039999999999995595
EWR-1,6/1/2025,06:50:00 am,0,2025-06-01 06:50:00,8.4411,8.574,0.00039999999999995595
EWR-1,6/1/2025,07:00:00 am,0,2025-06-01 07:00:00,8.4412,8.57,0.00030000000000001136
EWR-1,6/1/2025,07:10:00 am,0,2025-06-01 07:10:00,8.4412,8.567,0.00039999999999995595
EWR-1,6/1/2025,07:20:00 am,0,2025-06-01 07:20:00,8.4407,8.563,0.00030000000000001136
EWR-1,6/1/2025,07:30:00 am,0,2025-06-01 07:30:00,8.4399,8.56,0.0004000000000001336
EWR-1,6/1/2025,07:40:00 am,0,2025-06-01 07:40:00,8.4386,8.556,0.0002999999999998337
EWR-1,6/1/2025,07:50:00 am,0,2025-06-01 07:50:00,8.4377,8.553,0.0004000000000001336
EWR-1,6/1/2025,08:00:00 am,0,2025-06-01 08:00:00,8.4372,8.549,0.00039999999999995595
EWR-1,6/1/2025,08:10:00 am,0,2025-06-01 08:10:00,8.4364,8.545,0.00030000000000001136
EWR-1,6/1/2025,08:20:00 am,0,2025-06-01 08:20:00,8.4348,8.542,0.00039999999999995595
EWR-1,6/1/2025,08:30:00 am,0,2025-06-01 08:30:00,8.4339,8.538,0.00039999999999995595
EWR-1,6/1/2025,08:40:00 am,0,2025-06-01 08:40:00,8.4348,8.534,0.00030000000000001136
EWR-1,6/1/2025,08:50:00 am,0,2025-06-01 08:50:00,8.435,8.531,0.00030000000000001136
EWR-1,6/1/2025,09:00:00 am,0,2025-06-01 09:00:00,8.4336,8.528,0.00030000000000001136
EWR-1,6/1/2025,09:10:00 am,0,2025-06-01 09:10:00,8.4324,8.525,0.00030000000000001136
EWR-1,6/1/2025,09:20:00 am,0,2025-06-01 09:20:00,8.4309,8.522,0.0002000000000000668
EWR-1,6/1/2025,09:30:00 am,0,2025-06-01 09:30:00,8.429,8.52,0.00019999999999988915
EWR-1,6/1/2025,09:40:00 am,0,2025-06-01 09:40:00,8.4274,8.518,0.0002000000000000668
EWR-1,6/1/2025,09:50:00 am,0,2025-06-01 09:50:00,8.4251,8.516,9.999999999994457e-05
EWR-1,6/1/2025,10:00:00 am,0,2025-06-01 10:00:00,8.4235,8.515,0.0002000000000000668
EWR-1,6/1/2025,10:10:00 am,0,2025-06-01 10:10:00,8.4222,8.513,0.0002000000000000668
EWR-1,6/1/2025,10:20:00 am,0,2025-06-01 10:20:00,8.4215,8.511,9.999999999994457e-05
EWR-1,6/1/2025,10:30:00 am,0,2025-06-01 10:30:00,8.4197,8.51,9.999999999994457e-05
EWR-1,6/1/2025,10:40:00 am,0,2025-06-01 10:40:00,8.4187,8.509,0.0002000000000000668
EWR-1,6/1/2025,10:50:00 am,0,2025-06-01 10:50:00,8.4173,8.507,9.999999999994457e-05
EWR-1,6/1/2025,11:00:00 am,0,2025-06-01 11:00:00,8.4159,8.506,0.0
EWR-1,6/1/2025,11:10:00 am,0,2025-06-01 11:10:00,8.4156,8.506,9.999999999994457e-05
EWR-1,6/1/2025,11:20:00 am,0,2025-06-01 11:20:00,8.4133,8.505,0.0
EWR-1,6/1/2025,11:30:00 am,0,2025-06-01 11:30:00,8.4119,8.505,9.999999999994457e-05
EWR-1,6/1/2025,11:40:00 am,0,2025-06-01 11:40:00,8.4111,8.506,0.0
EWR-1,6/1/2025,11:50:00 am,0,2025-06-01 11:50:00,8.4099,8.506,9.999999999994457e-05
EWR-1,6/1/2025,12:00:00 pm,0,2025-06-01 12:00:00,8.4087,8.507,9.999999999994457e-05
EWR-1,6/1/2025,12:10:00 pm,0,2025-06-01 12:10:00,8.4078,8.508,0.00010000000000012221
EWR-1,6/1/2025,12:20:00 pm,0,2025-06-01 12:20:00,8.406,8.509,9.999999999994457e-05
EWR-1,6/1/2025,12:30:00 pm,0,2025-06-01 12:30:00,8.4051,8.51,9.999999999994457e-05
EWR-1,6/1/2025,12:40:00 pm,0,2025-06-01 12:40:00,8.4035,8.511,0.00010000000000012221
EWR-1,6/1/2025,12:50:00 pm,0,2025-06-01 12:50:00,8.4026,8.512,9.999999999994457e-05
EWR-1,6/1/2025,01:00:00 pm,0,2025-06-01 13:00:00,8.4011,8.513,0.0002000000000000668
EWR-1,6/1/2025,01:10:00 pm,0,2025-06-01 13:10:00,8.3997,8.515,9.999999999994457e-05
EWR-1,6/1/2025,01:20:00 pm,0,2025-06-01 13:20:00,8.3984,8.516,9.999999999994457e-05
EWR-1,6/1/2025,01:30:00 pm,0,2025-06-01 13:30:00,8.3974,8.517,0.0002000000000000668
EWR-1,6/1/2025,01:40:00 pm,0,2025-06-01 13:40:00,8.3956,8.519,0.0002000000000000668
EWR-1,6/1/2025,01:50:00 pm,0,2025-06-01 13:50:00,8.3959,8.521,9.999999999994457e-05
EWR-1,6/1/2025,02:00:00 pm,0,2025-06-01 14:00:00,8.3934,8.522,0.00019999999999988915
EWR-1,6/1/2025,02:10:00 pm,0,2025-06-01 14:10:00,8.3913,8.524,0.0002000000000000668
EWR-1,6/1/2025,02:20:00 pm,0,2025-06-01 14:20:00,8.3896,8.526,9.999999999994457e-05
EWR-1,6/1/2025,02:30:00 pm,0,2025-06-01 14:30:00,8.3881,8.527,0.00030000000000001136
EWR-1,6/1/2025,02:40:00 pm,0,2025-06-01 14:40:00,8.3875,8.53,0.0002000000000000668
EWR-1,6/1/2025,02:50:00 pm,0,2025-06-01 14:50:00,8.3873,8.532,0.0002000000000000668
EWR-1,6/1/2025,03:00:00 pm,0,2025-06-01 15:00:00,8.3853,8.534,0.00030000000000001136
EWR-1,6/1/2025,03:10:00 pm,0,2025-06-01 15:10:00,8.3829,8.537,0.00019999999999988915
EWR-1,6/1/2025,03:20:00 pm,0,2025-06-01 15:20:00,8.383,8.539,0.00030000000000001136
EWR-1,6/1/2025,03:30:00 pm,0,2025-06-01 15:30:00,8.3812,8.542,0.00039999999999995595
EWR-1,6/1/2025,03:40:00 pm,0,2025-06-01 15:40:00,8.3814,8.546,0.00030000000000001136
EWR-1,6/1/2025,03:50:00 pm,0,2025-06-01 15:50:00,8.3794,8.549,0.0002000000000000668
EWR-1,6/1/2025,04:00:00 pm,0,2025-06-01 16:00:00,8.3775,8.551,0.00039999999999995595
EWR-1,6/1/2025,04:10:00 pm,0,2025-06-01 16:10:00,8.3759,8.555,0.00039999999999995595
EWR-1,6/1/2025,04:20:00 pm,0,2025-06-01 16:20:00,8.3761,8.559,0.00030000000000001136
EWR-1,6/1/2025,04:30:00 pm,0,2025-06-01 16:30:00,8.3742,8.562,0.0004000000000001336
EWR-1,6/1/2025,04:40:00 pm,0,2025-06-01 16:40:00,8.3743,8.566,0.00030000000000001136
EWR-1,6/1/2025,04:50:00 pm,0,2025-06-01 16:50:00,8.3754,8.569,0.00039999999999995595
EWR-1,6/1/2025,05:00:00 pm,0,2025-06-01 17:00:00,8.3755,8.573,0.00039999999999995595
EWR-1,6/1/2025,05:10:00 pm,0,2025-06-01 17:10:00,8.376,8.577,0.00039999999999995595
EWR-1,6/1/2025,05:20:00 pm,0,2025-06-01 17:20:00,8.3757,8.581,0.00030000000000001136
EWR-1,6/1/2025,05:30:00 pm,0,2025-06-01 17:30:00,8.3766,8.584,0.00039999999999995595
EWR-1,6/1/2025,05:40:00 pm,0,2025-06-01 17:40:00,8.3769,8.588,0.0004000000000001336
EWR-1,6/1/2025,05:50:00 pm,0,2025-06-01 17:50:00,8.3778,8.592,0.0004999999999999005
EWR-1,6/1/2025,06:00:00 pm,0,2025-06-01 18:00:00,8.3782,8.597,0.0004000000000001336
EWR-1,6/1/2025,06:10:00 pm,0,2025-06-01 18:10:00,8.3796,8.601,0.00039999999999995595
EWR-1,6/1/2025,06:20:00 pm,0,2025-06-01 18:20:00,8.3811,8.605,0.00039999999999995595
EWR-1,6/1/2025,06:30:00 pm,0,2025-06-01 18:30:00,8.3824,8.609,0.0005000000000000782
EWR-1,6/1/2025,06:40:00 pm,0,2025-06-01 18:40:00,8.3828,8.614,0.00030000000000001136
EWR-1,6/1/2025,06:50:00 pm,0,2025-06-01 18:50:00,8.3841,8.617,0.00039999999999995595
EWR-1,6/1/2025,07:00:00 pm,0,2025-06-01 19:00:00,8.386,8.621,0.00030000000000001136
EWR-1,6/1/2025,07:10:00 pm,0,2025-06-01 19:10:00,8.388,8.624,0.00030000000000001136
EWR-1,6/1/2025,07:20:00 pm,0,2025-06-01 19:20:00,8.3904,8.627,0.00030000000000001136
EWR-1,6/1/2025,07:30:00 pm,0,2025-06-01 19:30:00,8.3925,8.63,0.0002999999999998337
EWR-1,6/1/2025,07:40:00 pm,0,2025-06-01 19:40:00,8.3952,8.633,0.0002000000000000668
EWR-1,6/1/2025,07:50:00 pm,0,2025-06-01 19:50:00,8.3976,8.635,0.00030000000000001136
EWR-1,6/1/2025,08:00:00 pm,0,2025-06-01 20:00:00,8.3995,8.638,0.00030000000000001136
EWR-1,6/1/2025,08:10:00 pm,0,2025-06-01 20:10:00,8.4018,8.641,0.00030000000000001136
EWR-1,6/1/2025,08:20:00 pm,0,2025-06-01 20:20:00,8.4035,8.644,0.0002000000000000668
EWR-1,6/1/2025,08:30:00 pm,0,2025-06-01 20:30:00,8.4039,8.646,0.00019999999999988915
EWR-1,6/1/2025,08:40:00 pm,0,2025-06-01 20:40:00,8.4053,8.648,0.00030000000000001136
EWR-1,6/1/2025,08:50:00 pm,0,2025-06-01 20:50:00,8.4075,8.651,0.00030000000000001136
EWR-1,6/1/2025,09:00:00 pm,0,2025-06-01 21:00:00,8.4103,8.654,0.00030000000000001136
EWR-1,6/1/2025,09:10:00 pm,0,2025-06-01 21:10:00,8.4126,8.657,9.999999999994457e-05
EWR-1,6/1/2025,09:20:00 pm,0,2025-06-01 21:20:00,8.4149,8.658,0.00030000000000001136
EWR-1,6/1/2025,09:30:00 pm,0,2025-06-01 21:30:00,8.4163,8.661,0.0002000000000000668
EWR-1,6/1/2025,09:40:00 pm,0,2025-06-01 21:40:00,8.4184,8.663,9.999999999994457e-05
EWR-1,6/1/2025,09:50:00 pm,0,2025-06-01 21:50:00,8.4206,8.664,0.0002000000000000668
EWR-1,6/1/2025,10:00:00 pm,0,2025-06-01 22:00:00,8.4229,8.666,9.999999999994457e-05
EWR-1,6/1/2025,10:10:00 pm,0,2025-06-01 22:10:00,8.4245,8.667,0.0002000000000000668
EWR-1,6/1/2025,10:20:00 pm,0,2025-06-01 22:20:00,8.4265,8.669,9.999999999994457e-05
EWR-1,6/1/2025,10:30:00 pm,0,2025-06-01 22:30:00,8.4274,8.67,9.999999999994457e-05
EWR-1,6/1/2025,10:40:00 pm,0,2025-06-01 22:40:00,8.4283,8.671,0.00010000000000012221
EWR-1,6/1/2025,10:50:00 pm,0,2025-06-01 22:50:00,8.4282,8.672,9.999999999994457e-05
EWR-1,6/1/2025,11:00:00 pm,0,2025-06-01 23:00:00,8.4281,8.673,9.999999999994457e-05
EWR-1,6/1/2025,11:10:00 pm,0,2025-06-01 23:10:00,8.427,8.674,0.0
EWR-1,6/1/2025,11:20:00 pm,0,2025-06-01 23:20:00,8.4261,8.674,0.00010000000000012221
EWR-1,6/1/2025,11:30:00 pm,0,2025-06-01 23:30:00,8.4263,8.675,9.999999999994457e-05
EWR-1,6/1/2025,11:40:00 pm,0,2025-06-01 23:40:00,8.4284,8.676,9.999999999994457e-05
EWR-1,6/1/2025,11:50:00 pm,0,2025-06-01 23:50:00,8.4301,8.675,0.0
EWR-1,6/2/2025,12:00:00 am,0,2025-06-02 00:00:00,8.4304,8.675,0.0
EWR-1,6/2/2025,12:10:00 am,0,2025-06-02 00:10:00,8.431,8.675,0.0
EWR-1,6/2/2025,12:20:00 am,0,2025-06-02 00:20:00,8.431,8.675,0.0
EWR-1,6/2/2025,12:30:00 am,0,2025-06-02 00:30:00,8.4307,8.675,0.0002000000000000668
EWR-1,6/2/2025,12:40:00 am,0,2025-06-02 00:40:00,8.4317,8.673,0.0
EWR-1,6/2/2025,12:50:00 am,0,2025-06-02 00:50:00,8.4308,8.673,9.999999999994457e-05
EWR-1,6/2/2025,01:00:00 am,0,2025-06-02 01:00:00,8.4319,8.672,0.00010000000000012221
EWR-1,6/2/2025,01:10:00 am,0,2025-06-02 01:10:00,8.433,8.671,0.00019999999999988915
EWR-1,6/2/2025,01:20:00 am,0,2025-06-02 01:20:00,8.4328,8.669,0.00010000000000012221
EWR-1,6/2/2025,01:30:00 am,0,2025-06-02 01:30:00,8.4332,8.668,0.00019999999999988915
EWR-1,6/2/2025,01:40:00 am,0,2025-06-02 01:40:00,8.4325,8.666,0.0002000000000000668
EWR-1,6/2/2025,01:50:00 am,0,2025-06-02 01:50:00,8.4323,8.664,0.00019999999999988915
EWR-1,6/2/2025,02:00:00 am,0,2025-06-02 02:00:00,8.4332,8.662,0.00010000000000012221
EWR-1,6/2/2025,02:10:00 am,0,2025-06-02 02:10:00,8.4323,8.661,0.00030000000000001136
EWR-1,6/2/2025,02:20:00 am,0,2025-06-02 02:20:00,8.4331,8.658,0.00019999999999988915
EWR-1,6/2/2025,02:30:00 am,0,2025-06-02 02:30:00,8.4332,8.656,0.0002000000000000668
EWR-1,6/2/2025,02:40:00 am,0,2025-06-02 02:40:00,8.4332,8.654,0.00030000000000001136
EWR-1,6/2/2025,02:50:00 am,0,2025-06-02 02:50:00,8.4341,8.651,0.0002000000000000668
EWR-1,6/2/2025,03:00:00 am,0,2025-06-02 03:00:00,8.434,8.649,0.0002999999999998337
EWR-1,6/2/2025,03:10:00 am,0,2025-06-02 03:10:00,8.4341,8.646,0.00030000000000001136
EWR-1,6/2/2025,03:20:00 am,0,2025-06-02 03:20:00,8.4342,8.643,0.00030000000000001136
EWR-1,6/2/2025,03:30:00 am,0,2025-06-02 03:30:00,8.4346,8.64,0.00030000000000001136
EWR-1,6/2/2025,03:40:00 am,0,2025-06-02 03:40:00,8.4354,8.637,0.0004000000000001336
EWR-1,6/2/2025,03:50:00 am,0,2025-06-02 03:50:00,8.4361,8.633,0.0002999999999998337
EWR-1,6/2/2025,04:00:00 am,0,2025-06-02 04:00:00,8.4367,8.63,0.00030000000000001136
EWR-1,6/2/2025,04:10:00 am,0,2025-06-02 04:10:00,8.4372,8.627,0.0004000000000001336
EWR-1,6/2/2025,04:20:00 am,0,2025-06-02 04:20:00,8.4371,8.623,0.00039999999999995595
EWR-1,6/2/2025,04:30:00 am,0,2025-06-02 04:30:00,8.4382,8.619,0.00039999999999995595
EWR-1,6/2/2025,04:40:00 am,0,2025-06-02 04:40:00,8.4393,8.615,0.00030000000000001136
EWR-1,6/2/2025,04:50:00 am,0,2025-06-02 04:50:00,8.4402,8.612,0.0005000000000000782
EWR-1,6/2/2025,05:00:00 am,0,2025-06-02 05:00:00,8.4399,8.607,0.00030000000000001136
EWR-1,6/2/2025,05:10:00 am,0,2025-06-02 05:10:00,8.4406,8.604,0.0004999999999999005
EWR-1,6/2/2025,05:20:00 am,0,2025-06-02 05:20:00,8.442,8.599,0.00039999999999995595
EWR-1,6/2/2025,05:30:00 am,0,2025-06-02 05:30:00,8.4431,8.595,0.0005000000000000782
EWR-1,6/2/2025,05:40:00 am,0,2025-06-02 05:40:00,8.444,8.59,0.00039999999999995595
EWR-1,6/2/2025,05:50:00 am,0,2025-06-02 05:50:00,8.4447,8.586,0.00039999999999995595
EWR-1,6/2/2025,06:00:00 am,0,2025-06-02 06:00:00,8.4449,8.582,0.0005000000000000782
EWR-1,6/2/2025,06:10:00 am,0,2025-06-02 06:10:00,8.445,8.577,0.0005000000000000782
EWR-1,6/2/2025,06:20:00 am,0,2025-06-02 06:20:00,8.4461,8.572,0.00039999999999995595
EWR-1,6/2/2025,06:30:00 am,0,2025-06-02 06:30:00,8.4466,8.568,0.0004999999999999005
EWR-1,6/2/2025,06:40:00 am,0,2025-06-02 06:40:00,8.4479,8.563,0.0005000000000000782
EWR-1,6/2/2025,06:50:00 am,0,2025-06-02 06:50:00,8.4483,8.558,0.0004999999999999005
EWR-1,6/2/2025,07:00:00 am,0,2025-06-02 07:00:00,8.4487,8.553,0.0006000000000000227
EWR-1,6/2/2025,07:10:00 am,0,2025-06-02 07:10:00,8.4488,8.547,0.0004000000000001336
EWR-1,6/2/2025,07:20:00 am,0,2025-06-02 07:20:00,8.4494,8.543,0.0004999999999999005
EWR-1,6/2/2025,07:30:00 am,0,2025-06-02 07:30:00,8.4496,8.538,0.0005000000000000782
EWR-1,6/2/2025,07:40:00 am,0,2025-06-02 07:40:00,8.4488,8.533,0.0004999999999999005
EWR-1,6/2/2025,07:50:00 am,0,2025-06-02 07:50:00,8.4492,8.528,0.0005000000000000782
EWR-1,6/2/2025,08:00:00 am,0,2025-06-02 08:00:00,8.4499,8.523,0.0006000000000000227
EWR-1,6/2/2025,08:10:00 am,0,2025-06-02 08:10:00,8.4495,8.517,0.00039999999999995595
EWR-1,6/2/2025,08:20:00 am,0,2025-06-02 08:20:00,8.4497,8.513,0.0005000000000000782
EWR-1,6/2/2025,08:30:00 am,0,2025-06-02 08:30:00,8.4508,8.508,0.0004999999999999005
EWR-1,6/2/2025,08:40:00 am,0,2025-06-02 08:40:00,8.4511,8.503,0.0005000000000000782
EWR-1,6/2/2025,08:50:00 am,0,2025-06-02 08:50:00,8.4513,8.498,0.00039999999999995595
EWR-1,6/2/2025,09:00:00 am,0,2025-06-02 09:00:00,8.451,8.494,0.0004999999999999005
EWR-1,6/2/2025,09:10:00 am,0,2025-06-02 09:10:00,8.4501,8.489,0.0004000000000001336
EWR-1,6/2/2025,09:20:00 am,0,2025-06-02 09:20:00,8.4493,8.485,0.00039999999999995595
EWR-1,6/2/2025,09:30:00 am,0,2025-06-02 09:30:00,8.4485,8.481,0.0004999999999999005
EWR-1,6/2/2025,09:40:00 am,0,2025-06-02 09:40:00,8.448,8.476,0.00030000000000001136
EWR-1,6/2/2025,09:50:00 am,0,2025-06-02 09:50:00,8.4473,8.473,0.0004000000000001336
EWR-1,6/2/2025,10:00:00 am,0,2025-06-02 10:00:00,8.4459,8.469,0.00019999999999988915
EWR-1,6/2/2025,10:10:00 am,0,2025-06-02 10:10:00,8.4444,8.467,0.0004000000000001336
EWR-1,6/2/2025,10:20:00 am,0,2025-06-02 10:20:00,8.443,8.463,0.0002999999999998337
EWR-1,6/2/2025,10:30:00 am,0,2025-06-02 10:30:00,8.4404,8.46,0.0002000000000000668
EWR-1,6/2/2025,10:40:00 am,0,2025-06-02 10:40:00,8.4393,8.458,0.00030000000000001136
EWR-1,6/2/2025,10:50:00 am,0,2025-06-02 10:50:00,8.4384,8.455,0.00030000000000001136
EWR-1,6/2/2025,11:00:00 am,0,2025-06-02 11:00:00,8.4374,8.452,0.00030000000000001136
EWR-1,6/2/2025,11:10:00 am,0,2025-06-02 11:10:00,8.4354,8.449,0.0002000000000000668
EWR-1,6/2/2025,11:20:00 am,0,2025-06-02 11:20:00,8.435,8.447,9.999999999994457e-05
EWR-1,6/2/2025,11:30:00 am,0,2025-06-02 11:30:00,8.4338,8.446,0.00019999999999988915
EWR-1,6/2/2025,11:40:00 am,0,2025-06-02 11:40:00,8.4329,8.444,0.00010000000000012221
EWR-1,6/2/2025,11:50:00 am,0,2025-06-02 11:50:00,8.4314,8.443,9.999999999994457e-05
EWR-1,6/2/2025,12:00:00 pm,0,2025-06-02 12:00:00,8.43,8.442,9.999999999994457e-05
EWR-1,6/2/2025,12:10:00 pm,0,2025-06-02 12:10:00,8.4287,8.441,0.00010000000000012221
EWR-1,6/2/2025,12:20:00 pm,0,2025-06-02 12:20:00,8.4269,8.44,0.0
EWR-1,6/2/2025,12:30:00 pm,0,2025-06-02 12:30:00,8.4255,8.44,0.00010000000000012221
EWR-1,6/2/2025,12:40:00 pm,0,2025-06-02 12:40:00,8.4227,8.441,0.0
EWR-1,6/2/2025,12:50:00 pm,0,2025-06-02 12:50:00,8.4212,8.441,9.999999999994457e-05
EWR-1,6/2/2025,01:00:00 pm,0,2025-06-02 13:00:00,8.4195,8.442,0.0
EWR-1,6/2/2025,01:10:00 pm,0,2025-06-02 13:10:00,8.4175,8.442,9.999999999994457e-05
EWR-1,6/2/2025,01:20:00 pm,0,2025-06-02 13:20:00,8.4156,8.443,0.0002000000000000668
EWR-1,6/2/2025,01:30:00 pm,0,2025-06-02 13:30:00,8.4141,8.445,9.999999999994457e-05
EWR-1,6/2/2025,01:40:00 pm,0,2025-06-02 13:40:00,8.4125,8.446,9.999999999994457e-05
EWR-1,6/2/2025,01:50:00 pm,0,2025-06-02 13:50:00,8.4108,8.447,0.0002000000000000668
EWR-1,6/2/2025,02:00:00 pm,0,2025-06-02 14:00:00,8.4091,8.449,9.999999999994457e-05
EWR-1,6/2/2025,02:10:00 pm,0,2025-06-02 14:10:00,8.4071,8.45,0.00030000000000001136
EWR-1,6/2/2025,02:20:00 pm,0,2025-06-02 14:20:00,8.4058,8.453,0.0002000000000000668
EWR-1,6/2/2025,02:30:00 pm,0,2025-06-02 14:30:00,8.404,8.455,0.0002000000000000668
EWR-1,6/2/2025,02:40:00 pm,0,2025-06-02 14:40:00,8.403,8.457,0.00030000000000001136
EWR-1,6/2/2025,02:50:00 pm,0,2025-06-02 14:50:00,8.4024,8.46,0.0002999999999998337
EWR-1,6/2/2025,03:00:00 pm,0,2025-06-02 15:00:00,8.4012,8.463,0.00030000000000001136
EWR-1,6/2/2025,03:10:00 pm,0,2025-06-02 15:10:00,8.3994,8.466,0.00030000000000001136
EWR-1,6/2/2025,03:20:00 pm,0,2025-06-02 15:20:00,8.3989,8.469,0.00030000000000001136
EWR-1,6/2/2025,03:30:00 pm,0,2025-06-02 15:30:00,8.3972,8.472,0.00030000000000001136
EWR-1,6/2/2025,03:40:00 pm,0,2025-06-02 15:40:00,8.3969,8.475,0.00039999999999995595
EWR-1,6/2/2025,03:50:00 pm,0,2025-06-02 15:50:00,8.3963,8.479,0.00030000000000001136
EWR-1,6/2/2025,04:00:00 pm,0,2025-06-02 16:00:00,8.395,8.482,0.00030000000000001136
EWR-1,6/2/2025,04:10:00 pm,0,2025-06-02 16:10:00,8.3944,8.485,0.0004000000000001336
EWR-1,6/2/2025,04:20:00 pm,0,2025-06-02 16:20:00,8.3941,8.489,0.00039999999999995595
EWR-1,6/2/2025,04:30:00 pm,0,2025-06-02 16:30:00,8.3929,8.493,0.00030000000000001136
EWR-1,6/2/2025,04:40:00 pm,0,2025-06-02 16:40:00,8.3923,8.496,0.00030000000000001136
EWR-1,6/2/2025,04:50:00 pm,0,2025-06-02 16:50:00,8.3927,8.499,0.0004999999999999005
EWR-1,6/2/2025,05:00:00 pm,0,2025-06-02 17:00:00,8.3924,8.504,0.00030000000000001136
EWR-1,6/2/2025,05:10:00 pm,0,2025-06-02 17:10:00,8.3927,8.507,0.00039999999999995595
EWR-1,6/2/2025,05:20:00 pm,0,2025-06-02 17:20:00,8.3941,8.511,0.0004000000000001336
EWR-1,6/2/2025,05:30:00 pm,0,2025-06-02 17:30:00,8.3935,8.515,0.0004999999999999005
EWR-1,6/2/2025,05:40:00 pm,0,2025-06-02 17:40:00,8.3937,8.52,0.00039999999999995595
EWR-1,6/2/2025,05:50:00 pm,0,2025-06-02 17:50:00,8.3939,8.524,0.0004000000000001336
EWR-1,6/2/2025,06:00:00 pm,0,2025-06-02 18:00:00,8.3936,8.528,0.00039999999999995595
EWR-1,6/2/2025,06:10:00 pm,0,2025-06-02 18:10:00,8.3942,8.532,0.00039999999999995595
EWR-1,6/2/2025,06:20:00 pm,0,2025-06-02 18:20:00,8.3946,8.536,0.00039999999999995595
EWR-1,6/2/2025,06:30:00 pm,0,2025-06-02 18:30:00,8.3955,8.54,0.0004000000000001336
EWR-1,6/2/2025,06:40:00 pm,0,2025-06-02 18:40:00,8.3972,8.544,0.00039999999999995595
EWR-1,6/2/2025,06:50:00 pm,0,2025-06-02 18:50:00,8.3991,8.548,0.00039999999999995595
EWR-1,6/2/2025,07:00:00 pm,0,2025-06-02 19:00:00,8.4009,8.552,0.00030000000000001136
EWR-1,6/2/2025,07:10:00 pm,0,2025-06-02 19:10:00,8.4024,8.555,0.00030000000000001136
EWR-1,6/2/2025,07:20:00 pm,0,2025-06-02 19:20:00,8.4047,8.558,0.00030000000000001136
EWR-1,6/2/2025,07:30:00 pm,0,2025-06-02 19:30:00,8.406,8.561,0.00039999999999995595
EWR-1,6/2/2025,07:40:00 pm,0,2025-06-02 19:40:00,8.4076,8.565,0.00030000000000001136
EWR-1,6/2/2025,07:50:00 pm,0,2025-06-02 19:50:00,8.4098,8.568,0.00030000000000001136
EWR-1,6/2/2025,08:00:00 pm,0,2025-06-02 20:00:00,8.4112,8.571,0.00030000000000001136
EWR-1,6/2/2025,08:10:00 pm,0,2025-06-02 20:10:00,8.4128,8.574,0.00039999999999995595
EWR-1,6/2/2025,08:20:00 pm,0,2025-06-02 20:20:00,8.4141,8.578,0.00030000000000001136
EWR-1,6/2/2025,08:30:00 pm,0,2025-06-02 20:30:00,8.4159,8.581,0.0004000000000001336
EWR-1,6/2/2025,08:40:00 pm,0,2025-06-02 20:40:00,8.4175,8.585,0.0002999999999998337
EWR-1,6/2/2025,08:50:00 pm,0,2025-06-02 20:50:00,8.419,8.588,0.00030000000000001136
EWR-1,6/2/2025,09:00:00 pm,0,2025-06-02 21:00:00,8.4206,8.591,0.0004000000000001336
EWR-1,6/2/2025,09:10:00 pm,0,2025-06-02 21:10:00,8.4228,8.595,0.00030000000000001136
EWR-1,6/2/2025,09:20:00 pm,0,2025-06-02 21:20:00,8.4251,8.598,0.00030000000000001136
EWR-1,6/2/2025,09:30:00 pm,0,2025-06-02 21:30:00,8.4267,8.601,0.00019999999999988915
EWR-1,6/2/2025,09:40:00 pm,0,2025-06-02 21:40:00,8.4286,8.603,0.00030000000000001136
EWR-1,6/2/2025,09:50:00 pm,0,2025-06-02 21:50:00,8.4306,8.606,0.00030000000000001136
EWR-1,6/2/2025,10:00:00 pm,0,2025-06-02 22:00:00,8.4318,8.609,0.0002000000000000668
EWR-1,6/2/2025,10:10:00 pm,0,2025-06-02 22:10:00,8.4334,8.611,0.00030000000000001136
EWR-1,6/2/2025,10:20:00 pm,0,2025-06-02 22:20:00,8.4352,8.614,9.999999999994457e-05
EWR-1,6/2/2025,10:30:00 pm,0,2025-06-02 22:30:00,8.4365,8.615,0.0002000000000000668
EWR-1,6/2/2025,10:40:00 pm,0,2025-06-02 22:40:00,8.4365,8.617,0.00019999999999988915
EWR-1,6/2/2025,10:50:00 pm,0,2025-06-02 22:50:00,8.4377,8.619,0.0002000000000000668
EWR-1,6/2/2025,11:00:00 pm,0,2025-06-02 23:00:00,8.439,8.621,9.999999999994457e-05
EWR-1,6/2/2025,11:10:00 pm,0,2025-06-02 23:10:00,8.4394,8.622,0.0002000000000000668
EWR-1,6/2/2025,11:20:00 pm,0,2025-06-02 23:20:00,8.4399,8.624,9.999999999994457e-05
EWR-1,6/2/2025,11:30:00 pm,0,2025-06-02 23:30:00,8.4399,8.625,9.999999999994457e-05
EWR-1,6/2/2025,11:40:00 pm,0,2025-06-02 23:40:00,8.4402,8.626,0.00010000000000012221
EWR-1,6/2/2025,11:50:00 pm,0,2025-06-02 23:50:00,8.4402,8.627,9.999999999994457e-05
EWR-1,6/3/2025,12:00:00 am,0,2025-06-03 00:00:00,8.4404,8.628,9.999999999994457e-05
EWR-1,6/3/2025,12:10:00 am,0,2025-06-03 00:10:00,8.4411,8.629,0.00010000000000012221
EWR-1,6/3/2025,12:20:00 am,0,2025-06-03 00:20:00,8.4413,8.63,0.0
EWR-1,6/3/2025,12:30:00 am,0,2025-06-03 00:30:00,8.4417,8.63,0.0
EWR-1,6/3/2025,12:40:00 am,0,2025-06-03 00:40:00,8.4414,8.63,9.999999999994457e-05
EWR-1,6/3/2025,12:50:00 am,0,2025-06-03 00:50:00,8.4412,8.631,0.0
EWR-1,6/3/2025,01:00:00 am,0,2025-06-03 01:00:00,8.4407,8.631,0.0
EWR-1,6/3/2025,01:10:00 am,0,2025-06-03 01:10:00,8.4407,8.631,0.0
EWR-1,6/3/2025,01:20:00 am,0,2025-06-03 01:20:00,8.4408,8.631,9.999999999994457e-05
EWR-1,6/3/2025,01:30:00 am,0,2025-06-03 01:30:00,8.4407,8.63,0.0
EWR-1,6/3/2025,01:40:00 am,0,2025-06-03 01:40:00,8.4409,8.63,0.00010000000000012221
EWR-1,6/3/2025,01:50:00 am,0,2025-06-03 01:50:00,8.4401,8.629,9.999999999994457e-05
EWR-1,6/3/2025,02:00:00 am,0,2025-06-03 02:00:00,8.44,8.628,9.999999999994457e-05
EWR-1,6/3/2025,02:10:00 am,0,2025-06-03 02:10:00,8.4401,8.627,9.999999999994457e-05
EWR-1,6/3/2025,02:20:00 am,0,2025-06-03 02:20:00,8.4404,8.628,0.0002000000000000668
EWR-1,6/3/2025,02:30:00 am,0,2025-06-03 02:30:00,8.4408,8.626,9.999999999994457e-05
EWR-1,6/3/2025,02:40:00 am,0,2025-06-03 02:40:00,8.4412,8.625,9.999999999994457e-05
EWR-1,6/3/2025,02:50:00 am,0,2025-06-03 02:50:00,8.4412,8.624,0.0002000000000000668
EWR-1,6/3/2025,03:00:00 am,0,2025-06-03 03:00:00,8.4415,8.622,9.999999999994457e-05
EWR-1,6/3/2025,03:10:00 am,0,2025-06-03 03:10:00,8.4418,8.621,0.00010000000000012221
EWR-1,6/3/2025,03:20:00 am,0,2025-06-03 03:20:00,8.4409,8.62,0.00019999999999988915
EWR-1,6/3/2025,03:30:00 am,0,2025-06-03 03:30:00,8.4416,8.618,0.0002000000000000668
EWR-1,6/3/2025,03:40:00 am,0,2025-06-03 03:40:00,8.4416,8.616,0.00019999999999988915
EWR-1,6/3/2025,03:50:00 am,0,2025-06-03 03:50:00,8.4413,8.614,0.0002000000000000668
EWR-1,6/3/2025,04:00:00 am,0,2025-06-03 04:00:00,8.4412,8.612,0.00030000000000001136
EWR-1,6/3/2025,04:10:00 am,0,2025-06-03 04:10:00,8.4413,8.609,0.0002000000000000668
EWR-1,6/3/2025,04:20:00 am,0,2025-06-03 04:20:00,8.4412,8.607,0.00030000000000001136
EWR-1,6/3/2025,04:30:00 am,0,2025-06-03 04:30:00,8.4419,8.604,0.00019999999999988915
EWR-1,6/3/2025,04:40:00 am,0,2025-06-03 04:40:00,8.4426,8.602,0.00030000000000001136
EWR-1,6/3/2025,04:50:00 am,0,2025-06-03 04:50:00,8.4423,8.599,0.00030000000000001136
EWR-1,6/3/2025,05:00:00 am,0,2025-06-03 05:00:00,8.4423,8.596,0.00039999999999995595
EWR-1,6/3/2025,05:10:00 am,0,2025-06-03 05:10:00,8.4422,8.592,0.0002000000000000668
EWR-1,6/3/2025,05:20:00 am,0,2025-06-03 05:20:00,8.4429,8.59,0.00030000000000001136
EWR-1,6/3/2025,05:30:00 am,0,2025-06-03 05:30:00,8.4424,8.587,0.00039999999999995595
EWR-1,6/3/2025,05:40:00 am,0,2025-06-03 05:40:00,8.4427,8.583,0.00030000000000001136
EWR-1,6/3/2025,05:50:00 am,0,2025-06-03 05:50:00,8.4429,8.58,0.00039999999999995595
EWR-1,6/3/2025,06:00:00 am,0,2025-06-03 06:00:00,8.4425,8.576,0.00030000000000001136
EWR-1,6/3/2025,06:10:00 am,0,2025-06-03 06:10:00,8.4427,8.573,0.00039999999999995595
EWR-1,6/3/2025,06:20:00 am,0,2025-06-03 06:20:00,8.4439,8.569,0.0004000000000001336
EWR-1,6/3/2025,06:30:00 am,0,2025-06-03 06:30:00,8.4441,8.565,0.00039999999999995595
EWR-1,6/3/2025,06:40:00 am,0,2025-06-03 06:40:00,8.4435,8.561,0.00039999999999995595
EWR-1,6/3/2025,06:50:00 am,0,2025-06-03 06:50:00,8.4441,8.557,0.00039999999999995595
EWR-1,6/3/2025,07:00:00 am,0,2025-06-03 07:00:00,8.4435,8.553,0.0004000000000001336
EWR-1,6/3/2025,07:10:00 am,0,2025-06-03 07:10:00,8.4439,8.549,0.00039999999999995595
EWR-1,6/3/2025,07:20:00 am,0,2025-06-03 07:20:00,8.4442,8.545,0.0005000000000000782
EWR-1,6/3/2025,07:30:00 am,0,2025-06-03 07:30:00,8.4437,8.54,0.00039999999999995595
EWR-1,6/3/2025,07:40:00 am,0,2025-06-03 07:40:00,8.4438,8.536,0.00039999999999995595
EWR-1,6/3/2025,07:50:00 am,0,2025-06-03 07:50:00,8.4435,8.532,0.0005000000000000782
EWR-1,6/3/2025,08:00:00 am,0,2025-06-03 08:00:00,8.4431,8.527,0.00039999999999995595
EWR-1,6/3/2025,08:10:00 am,0,2025-06-03 08:10:00,8.4431,8.523,0.00039999999999995595
EWR-1,6/3/2025,08:20:00 am,0,2025-06-03 08:20:00,8.4434,8.519,0.0005000000000000782
EWR-1,6/3/2025,08:30:00 am,0,2025-06-03 08:30:00,8.4436,8.514,0.00039999999999995595
EWR-1,6/3/2025,08:40:00 am,0,2025-06-03 08:40:00,8.4436,8.51,0.0004999999999999005
EWR-1,6/3/2025,08:50:00 am,0,2025-06-03 08:50:00,8.4433,8.505,0.0004000000000001336
EWR-1,6/3/2025,09:00:00 am,0,2025-06-03 09:00:00,8.4439,8.501,0.00039999999999995595
EWR-1,6/3/2025,09:10:00 am,0,2025-06-03 09:10:00,8.4437,8.497,0.00030000000000001136
EWR-1,6/3/2025,09:20:00 am,0,2025-06-03 09:20:00,8.444,8.494,0.00039999999999995595
EWR-1,6/3/2025,09:30:00 am,0,2025-06-03 09:30:00,8.4438,8.49,0.00039999999999995595
EWR-1,6/3/2025,09:40:00 am,0,2025-06-03 09:40:00,8.4442,8.486,0.00030000000000001136
EWR-1,6/3/2025,09:50:00 am,0,2025-06-03 09:50:00,8.4437,8.483,0.0002000000000000668
EWR-1,6/3/2025,10:00:00 am,0,2025-06-03 10:00:00,8.4421,8.481,0.00030000000000001136
EWR-1,6/3/2025,10:10:00 am,0,2025-06-03 10:10:00,8.4392,8.478,0.00030000000000001136
EWR-1,6/3/2025,10:20:00 am,0,2025-06-03 10:20:00,8.4365,8.475,0.00019999999999988915
EWR-1,6/3/2025,10:30:00 am,0,2025-06-03 10:30:00,8.4347,8.473,0.0002000000000000668
EWR-1,6/3/2025,10:40:00 am,0,2025-06-03 10:40:00,8.4329,8.471,0.0002000000000000668
EWR-1,6/3/2025,10:50:00 am,0,2025-06-03 10:50:00,8.4314,8.469,0.00019999999999988915
EWR-1,6/3/2025,11:00:00 am,0,2025-06-03 11:00:00,8.4291,8.467,0.0002000000000000668
EWR-1,6/3/2025,11:10:00 am,0,2025-06-03 11:10:00,8.4273,8.465,9.999999999994457e-05
EWR-1,6/3/2025,11:20:00 am,0,2025-06-03 11:20:00,8.4252,8.464,0.0002000000000000668
EWR-1,6/3/2025,11:30:00 am,0,2025-06-03 11:30:00,8.4235,8.462,9.999999999994457e-05
EWR-1,6/3/2025,11:40:00 am,0,2025-06-03 11:40:00,8.4219,8.461,9.999999999994457e-05
EWR-1,6/3/2025,11:50:00 am,0,2025-06-03 11:50:00,8.4207,8.46,0.0
EWR-1,6/3/2025,12:00:00 pm,0,2025-06-03 12:00:00,8.42,8.46,0.0
EWR-1,6/3/2025,12:10:00 pm,0,2025-06-03 12:10:00,8.4178,8.46,0.0
EWR-1,6/3/2025,12:20:00 pm,0,2025-06-03 12:20:00,8.4165,8.46,9.999999999994457e-05
EWR-1,6/3/2025,12:30:00 pm,0,2025-06-03 12:30:00,8.4133,8.461,9.999999999994457e-05
EWR-1,6/3/2025,12:40:00 pm,0,2025-06-03 12:40:00,8.4121,8.462,0.0
EWR-1,6/3/2025,12:50:00 pm,0,2025-06-03 12:50:00,8.4091,8.462,9.999999999994457e-05
EWR-1,6/3/2025,01:00:00 pm,0,2025-06-03 13:00:00,8.4077,8.463,0.0002000000000000668
EWR-1,6/3/2025,01:10:00 pm,0,2025-06-03 13:10:00,8.4061,8.465,0.0002000000000000668
EWR-1,6/3/2025,01:20:00 pm,0,2025-06-03 13:20:00,8.4042,8.467,9.999999999994457e-05
EWR-1,6/3/2025,01:30:00 pm,0,2025-06-03 13:30:00,8.4034,8.468,0.0002000000000000668
EWR-1,6/3/2025,01:40:00 pm,0,2025-06-03 13:40:00,8.4017,8.47,9.999999999994457e-05
EWR-1,6/3/2025,01:50:00 pm,0,2025-06-03 13:50:00,8.4,8.471,0.00030000000000001136
EWR-1,6/3/2025,02:00:00 pm,0,2025-06-03 14:00:00,8.3975,8.474,0.0002000000000000668
EWR-1,6/3/2025,02:10:00 pm,0,2025-06-03 14:10:00,8.3961,8.476,0.0002999999999998337
EWR-1,6/3/2025,02:20:00 pm,0,2025-06-03 14:20:00,8.3947,8.479,0.0002000000000000668
EWR-1,6/3/2025,02:30:00 pm,0,2025-06-03 14:30:00,8.3937,8.481,0.00030000000000001136
EWR-1,6/3/2025,02:40:00 pm,0,2025-06-03 14:40:00,8.3929,8.484,0.00030000000000001136
EWR-1,6/3/2025,02:50:00 pm,0,2025-06-03 14:50:00,8.3916,8.487,0.00030000000000001136
EWR-1,6/3/2025,03:00:00 pm,0,2025-06-03 15:00:00,8.3904,8.49,0.00030000000000001136
EWR-1,6/3/2025,03:10:00 pm,0,2025-06-03 15:10:00,8.3899,8.493,0.00039999999999995595
EWR-1,6/3/2025,03:20:00 pm,0,2025-06-03 15:20:00,8.389,8.497,0.00030000000000001136
EWR-1,6/3/2025,03:30:00 pm,0,2025-06-03 15:30:00,8.389,8.5,0.00030000000000001136
EWR-1,6/3/2025,03:40:00 pm,0,2025-06-03 15:40:00,8.3873,8.503,0.00039999999999995595
EWR-1,6/3/2025,03:50:00 pm,0,2025-06-03 15:50:00,8.3865,8.507,0.00039999999999995595
EWR-1,6/3/2025,04:00:00 pm,0,2025-06-03 16:00:00,8.3862,8.511,0.00030000000000001136
EWR-1,6/3/2025,04:10:00 pm,0,2025-06-03 16:10:00,8.3847,8.514,0.0004000000000001336
EWR-1,6/3/2025,04:20:00 pm,0,2025-06-03 16:20:00,8.3843,8.518,0.00039999999999995595
EWR-1,6/3/2025,04:30:00 pm,0,2025-06-03 16:30:00,8.384,8.522,0.00030000000000001136
EWR-1,6/3/2025,04:40:00 pm,0,2025-06-03 16:40:00,8.3831,8.525,0.00039999999999995595
EWR-1,6/3/2025,04:50:00 pm,0,2025-06-03 16:50:00,8.3828,8.529,0.00039999999999995595
EWR-1,6/3/2025,05:00:00 pm,0,2025-06-03 17:00:00,8.3835,8.533,0.0004000000000001336
EWR-1,6/3/2025,05:10:00 pm,0,2025-06-03 17:10:00,8.3829,8.537,0.00039999999999995595
EWR-1,6/3/2025,05:20:00 pm,0,2025-06-03 17:20:00,8.3831,8.541,0.00039999999999995595
EWR-1,6/3/2025,05:30:00 pm,0,2025-06-03 17:30:00,8.3829,8.545,0.00039999999999995595
EWR-1,6/3/2025,05:40:00 pm,0,2025-06-03 17:40:00,8.3823,8.549,0.0004000000000001336
EWR-1,6/3/2025,05:50:00 pm,0,2025-06-03 17:50:00,8.3835,8.553,0.00039999999999995595
EWR-1,6/3/2025,06:00:00 pm,0,2025-06-03 18:00:00,8.3831,8.557,0.00039999999999995595
EWR-1,6/3/2025,06:10:00 pm,0,2025-06-03 18:10:00,8.3836,8.561,0.00039999999999995595
EWR-1,6/3/2025,06:20:00 pm,0,2025-06-03 18:20:00,8.384,8.565,0.0004000000000001336
EWR-1,6/3/2025,06:30:00 pm,0,2025-06-03 18:30:00,8.3843,8.569,0.00039999999999995595
EWR-1,6/3/2025,06:40:00 pm,0,2025-06-03 18:40:00,8.3853,8.573,0.00039999999999995595
EWR-1,6/3/2025,06:50:00 pm,0,2025-06-03 18:50:00,8.3868,8.577,0.00039999999999995595
EWR-1,6/3/2025,07:00:00 pm,0,2025-06-03 19:00:00,8.3879,8.581,0.00030000000000001136
EWR-1,6/3/2025,07:10:00 pm,0,2025-06-03 19:10:00,8.389,8.584,0.00030000000000001136
EWR-1,6/3/2025,07:20:00 pm,0,2025-06-03 19:20:00,8.3911,8.587,0.00030000000000001136
EWR-1,6/3/2025,07:30:00 pm,0,2025-06-03 19:30:00,8.3933,8.59,0.00030000000000001136
EWR-1,6/3/2025,07:40:00 pm,0,2025-06-03 19:40:00,8.3961,8.593,0.00039999999999995595
EWR-1,6/3/2025,07:50:00 pm,0,2025-06-03 19:50:00,8.3974,8.597,0.00030000000000001136
EWR-1,6/3/2025,08:00:00 pm,0,2025-06-03 20:00:00,8.3986,8.6,0.00030000000000001136
EWR-1,6/3/2025,08:10:00 pm,0,2025-06-03 20:10:00,8.4009,8.603,0.00030000000000001136
EWR-1,6/3/2025,08:20:00 pm,0,2025-06-03 20:20:00,8.4026,8.606,0.00030000000000001136
EWR-1,6/3/2025,08:30:00 pm,0,2025-06-03 20:30:00,8.4035,8.609,0.00039999999999995595
EWR-1,6/3/2025,08:40:00 pm,0,2025-06-03 20:40:00,8.4051,8.613,0.00030000000000001136
EWR-1,6/3/2025,08:50:00 pm,0,2025-06-03 20:50:00,8.4057,8.616,0.00030000000000001136
EWR-1,6/3/2025,09:00:00 pm,0,2025-06-03 21:00:00,8.4066,8.619,0.00030000000000001136
EWR-1,6/3/2025,09:10:00 pm,0,2025-06-03 21:10:00,8.4083,8.622,0.00030000000000001136
EWR-1,6/3/2025,09:20:00 pm,0,2025-06-03 21:20:00,8.4102,8.625,0.00030000000000001136
EWR-1,6/3/2025,09:30:00 pm,0,2025-06-03 21:30:00,8.4123,8.628,0.0002000000000000668
EWR-1,6/3/2025,09:40:00 pm,0,2025-06-03 21:40:00,8.4144,8.63,0.0002999999999998337
EWR-1,6/3/2025,09:50:00 pm,0,2025-06-03 21:50:00,8.4158,8.633,0.00030000000000001136
EWR-1,6/3/2025,10:00:00 pm,0,2025-06-03 22:00:00,8.4173,8.636,0.0002000000000000668
EWR-1,6/3/2025,10:10:00 pm,0,2025-06-03 22:10:00,8.4185,8.638,0.00030000000000001136
EWR-1,6/3/2025,10:20:00 pm,0,2025-06-03 22:20:00,8.419,8.641,9.999999999994457e-05
EWR-1,6/3/2025,10:30:00 pm,0,2025-06-03 22:30:00,8.4194,8.642,0.0002000000000000668
EWR-1,6/3/2025,10:40:00 pm,0,2025-06-03 22:40:00,8.4193,8.644,9.999999999994457e-05
EWR-1,6/3/2025,10:50:00 pm,0,2025-06-03 22:50:00,8.4189,8.645,0.0002000000000000668
EWR-1,6/3/2025,11:00:00 pm,0,2025-06-03 23:00:00,8.4191,8.647,0.00030000000000001136
EWR-1,6/3/2025,11:10:00 pm,0,2025-06-03 23:10:00,8.4192,8.65,9.999999999994457e-05
EWR-1,6/3/2025,11:20:00 pm,0,2025-06-03 23:20:00,8.4202,8.651,9.999999999994457e-05
EWR-1,6/3/2025,11:30:00 pm,0,2025-06-03 23:30:00,8.4205,8.652,0.00010000000000012221
EWR-1,6/3/2025,11:40:00 pm,0,2025-06-03 23:40:00,8.4214,8.653,0.00019999999999988915
EWR-1,6/3/2025,11:50:00 pm,0,2025-06-03 23:50:00,8.4221,8.655,0.0
EWR-1,6/4/2025,12:00:00 am,0,2025-06-04 00:00:00,8.4223,8.655,0.00010000000000012221
EWR-1,6/4/2025,12:10:00 am,0,2025-06-04 00:10:00,8.4226,8.656,9.999999999994457e-05
EWR-1,6/4/2025,12:20:00 am,0,2025-06-04 00:20:00,8.4219,8.657,9.999999999994457e-05
EWR-1,6/4/2025,12:30:00 am,0,2025-06-04 00:30:00,8.4216,8.658,0.0
EWR-1,6/4/2025,12:40:00 am,0,2025-06-04 00:40:00,8.4222,8.658,0.0
EWR-1,6/4/2025,12:50:00 am,0,2025-06-04 00:50:00,8.4213,8.658,0.0
EWR-1,6/4/2025,01:00:00 am,0,2025-06-04 01:00:00,8.4219,8.658,0.0
EWR-1,6/4/2025,01:10:00 am,0,2025-06-04 01:10:00,8.423,8.658,0.0
EWR-1,6/4/2025,01:20:00 am,0,2025-06-04 01:20:00,8.4226,8.658,0.0
EWR-1,6/4/2025,01:30:00 am,0,2025-06-04 01:30:00,8.4221,8.658,0.0
EWR-1,6/4/2025,01:40:00 am,0,2025-06-04 01:40:00,8.422,8.658,9.999999999994457e-05
EWR-1,6/4/2025,01:50:00 am,0,2025-06-04 01:50:00,8.422,8.657,9.999999999994457e-05
EWR-1,6/4/2025,02:00:00 am,0,2025-06-04 02:00:00,8.4219,8.656,0.0
EWR-1,6/4/2025,02:10:00 am,0,2025-06-04 02:10:00,8.4219,8.656,0.00010000000000012221
EWR-1,6/4/2025,02:20:00 am,0,2025-06-04 02:20:00,8.4228,8.655,9.999999999994457e-05
EWR-1,6/4/2025,02:30:00 am,0,2025-06-04 02:30:00,8.4228,8.654,0.0002000000000000668
EWR-1,6/4/2025,02:40:00 am,0,2025-06-04 02:40:00,8.423,8.652,9.999999999994457e-05
EWR-1,6/4/2025,02:50:00 am,0,2025-06-04 02:50:00,8.4227,8.651,9.999999999994457e-05
EWR-1,6/4/2025,03:00:00 am,0,2025-06-04 03:00:00,8.4228,8.65,0.0002000000000000668
EWR-1,6/4/2025,03:10:00 am,0,2025-06-04 03:10:00,8.4224,8.648,0.00019999999999988915
EWR-1,6/4/2025,03:20:00 am,0,2025-06-04 03:20:00,8.4223,8.646,0.0002000000000000668
EWR-1,6/4/2025,03:30:00 am,0,2025-06-04 03:30:00,8.4221,8.644,9.999999999994457e-05
EWR-1,6/4/2025,03:40:00 am,0,2025-06-04 03:40:00,8.4226,8.643,0.00030000000000001136
EWR-1,6/4/2025,03:50:00 am,0,2025-06-04 03:50:00,8.4234,8.64,0.0002000000000000668
EWR-1,6/4/2025,04:00:00 am,0,2025-06-04 04:00:00,8.4226,8.638,0.0002000000000000668
EWR-1,6/4/2025,04:10:00 am,0,2025-06-04 04:10:00,8.4228,8.636,0.00030000000000001136
EWR-1,6/4/2025,04:20:00 am,0,2025-06-04 04:20:00,8.4225,8.633,0.00019999999999988915
EWR-1,6/4/2025,04:30:00 am,0,2025-06-04 04:30:00,8.4224,8.631,0.00030000000000001136
EWR-1,6/4/2025,04:40:00 am,0,2025-06-04 04:40:00,8.4224,8.628,0.0002000000000000668
EWR-1,6/4/2025,04:50:00 am,0,2025-06-04 04:50:00,8.422,8.626,0.00030000000000001136
EWR-1,6/4/2025,05:00:00 am,0,2025-06-04 05:00:00,8.4213,8.623,0.00039999999999995595
EWR-1,6/4/2025,05:10:00 am,0,2025-06-04 05:10:00,8.421,8.619,0.00030000000000001136
EWR-1,6/4/2025,05:20:00 am,0,2025-06-04 05:20:00,8.4212,8.616,0.00030000000000001136
EWR-1,6/4/2025,05:30:00 am,0,2025-06-04 05:30:00,8.4214,8.613,0.00030000000000001136
EWR-1,6/4/2025,05:40:00 am,0,2025-06-04 05:40:00,8.4218,8.61,0.00030000000000001136
EWR-1,6/4/2025,05:50:00 am,0,2025-06-04 05:50:00,8.4221,8.607,0.00039999999999995595
EWR-1,6/4/2025,06:00:00 am,0,2025-06-04 06:00:00,8.4222,8.603,0.00039999999999995595
EWR-1,6/4/2025,06:10:00 am,0,2025-06-04 06:10:00,8.4228,8.599,0.00039999999999995595
EWR-1,6/4/2025,06:20:00 am,0,2025-06-04 06:20:00,8.4235,8.595,0.00030000000000001136
EWR-1,6/4/2025,06:30:00 am,0,2025-06-04 06:30:00,8.424,8.592,0.0004000000000001336
EWR-1,6/4/2025,06:40:00 am,0,2025-06-04 06:40:00,8.4239,8.588,0.00039999999999995595
EWR-1,6/4/2025,06:50:00 am,0,2025-06-04 06:50:00,8.4235,8.584,0.00039999999999995595
EWR-1,6/4/2025,07:00:00 am,0,2025-06-04 07:00:00,8.423,8.58,0.0005000000000000782
EWR-1,6/4/2025,07:10:00 am,0,2025-06-04 07:10:00,8.4229,8.575,0.00039999999999995595
EWR-1,6/4/2025,07:20:00 am,0,2025-06-04 07:20:00,8.4227,8.571,0.00039999999999995595
EWR-1,6/4/2025,07:30:00 am,0,2025-06-04 07:30:00,8.4224,8.567,0.0005000000000000782
EWR-1,6/4/2025,07:40:00 am,0,2025-06-04 07:40:00,8.4219,8.562,0.00039999999999995595
EWR-1,6/4/2025,07:50:00 am,0,2025-06-04 07:50:00,8.4213,8.558,0.00039999999999995595
EWR-1,6/4/2025,08:00:00 am,0,2025-06-04 08:00:00,8.4214,8.554,0.0005000000000000782
EWR-1,6/4/2025,08:10:00 am,0,2025-06-04 08:10:00,8.4211,8.549,0.00039999999999995595
EWR-1,6/4/2025,08:20:00 am,0,2025-06-04 08:20:00,8.4217,8.545,0.0005000000000000782
EWR-1,6/4/2025,08:30:00 am,0,2025-06-04 08:30:00,8.422,8.54,0.00039999999999995595
EWR-1,6/4/2025,08:40:00 am,0,2025-06-04 08:40:00,8.4213,8.536,0.00039999999999995595
EWR-1,6/4/2025,08:50:00 am,0,2025-06-04 08:50:00,8.4215,8.532,0.0005000000000000782
EWR-1,6/4/2025,09:00:00 am,0,2025-06-04 09:00:00,8.4223,8.527,0.00039999999999995595
EWR-1,6/4/2025,09:10:00 am,0,2025-06-04 09:10:00,8.4221,8.523,0.00039999999999995595
EWR-1,6/4/2025,09:20:00 am,0,2025-06-04 09:20:00,8.4204,8.519,0.00030000000000001136
EWR-1,6/4/2025,09:30:00 am,0,2025-06-04 09:30:00,8.4198,8.516,0.00039999999999995595
EWR-1,6/4/2025,09:40:00 am,0,2025-06-04 09:40:00,8.4183,8.512,0.00030000000000001136
EWR-1,6/4/2025,09:50:00 am,0,2025-06-04 09:50:00,8.4172,8.509,0.00030000000000001136
EWR-1,6/4/2025,10:00:00 am,0,2025-06-04 10:00:00,8.415,8.506,0.00030000000000001136
EWR-1,6/4/2025,10:10:00 am,0,2025-06-04 10:10:00,8.4128,8.503,0.00030000000000001136
EWR-1,6/4/2025,10:20:00 am,0,2025-06-04 10:20:00,8.4103,8.5,0.0002000000000000668
EWR-1,6/4/2025,10:30:00 am,0,2025-06-04 10:30:00,8.4086,8.498,0.00030000000000001136
EWR-1,6/4/2025,10:40:00 am,0,2025-06-04 10:40:00,8.4068,8.495,0.0002999999999998337
EWR-1,6/4/2025,10:50:00 am,0,2025-06-04 10:50:00,8.4052,8.492,0.0002000000000000668
EWR-1,6/4/2025,11:00:00 am,0,2025-06-04 11:00:00,8.4033,8.49,0.0002000000000000668
EWR-1,6/4/2025,11:10:00 am,0,2025-06-04 11:10:00,8.4021,8.488,0.00019999999999988915
EWR-1,6/4/2025,11:20:00 am,0,2025-06-04 11:20:00,8.4014,8.486,0.00010000000000012221
EWR-1,6/4/2025,11:30:00 am,0,2025-06-04 11:30:00,8.3997,8.485,9.999999999994457e-05
EWR-1,6/4/2025,11:40:00 am,0,2025-06-04 11:40:00,8.398,8.484,9.999999999994457e-05
EWR-1,6/4/2025,11:50:00 am,0,2025-06-04 11:50:00,8.396,8.483,0.00010000000000012221
EWR-1,6/4/2025,12:00:00 pm,0,2025-06-04 12:00:00,8.395,8.482,0.0
EWR-1,6/4/2025,12:10:00 pm,0,2025-06-04 12:10:00,8.393,8.482,0.0
EWR-1,6/4/2025,12:20:00 pm,0,2025-06-04 12:20:00,8.3904,8.482,9.999999999994457e-05
EWR-1,6/4/2025,12:30:00 pm,0,2025-06-04 12:30:00,8.388,8.481,9.999999999994457e-05
EWR-1,6/4/2025,12:40:00 pm,0,2025-06-04 12:40:00,8.3852,8.482,0.00010000000000012221
EWR-1,6/4/2025,12:50:00 pm,0,2025-06-04 12:50:00,8.3831,8.483,0.0
EWR-1,6/4/2025,01:00:00 pm,0,2025-06-04 13:00:00,8.3822,8.483,9.999999999994457e-05
EWR-1,6/4/2025,01:10:00 pm,0,2025-06-04 13:10:00,8.3801,8.484,9.999999999994457e-05
EWR-1,6/4/2025,01:20:00 pm,0,2025-06-04 13:20:00,8.378,8.485,0.00010000000000012221
EWR-1,6/4/2025,01:30:00 pm,0,2025-06-04 13:30:00,8.3751,8.486,0.00019999999999988915
EWR-1,6/4/2025,01:40:00 pm,0,2025-06-04 13:40:00,8.3732,8.488,0.0002000000000000668
EWR-1,6/4/2025,01:50:00 pm,0,2025-06-04 13:50:00,8.3716,8.49,9.999999999994457e-05
EWR-1,6/4/2025,02:00:00 pm,0,2025-06-04 14:00:00,8.3698,8.491,0.0002000000000000668
EWR-1,6/4/2025,02:10:00 pm,0,2025-06-04 14:10:00,8.3682,8.493,0.00019999999999988915
EWR-1,6/4/2025,02:20:00 pm,0,2025-06-04 14:20:00,8.3658,8.495,0.0002000000000000668
EWR-1,6/4/2025,02:30:00 pm,0,2025-06-04 14:30:00,8.3646,8.497,0.0002000000000000668
EWR-1,6/4/2025,02:40:00 pm,0,2025-06-04 14:40:00,8.3633,8.499,0.00019999999999988915
EWR-1,6/4/2025,02:50:00 pm,0,2025-06-04 14:50:00,8.3621,8.501,0.00030000000000001136
EWR-1,6/4/2025,03:00:00 pm,0,2025-06-04 15:00:00,8.3612,8.504,0.0002000000000000668
EWR-1,6/4/2025,03:10:00 pm,0,2025-06-04 15:10:00,8.36,8.506,0.00030000000000001136
EWR-1,6/4/2025,03:20:00 pm,0,2025-06-04 15:20:00,8.3599,8.509,0.00019999999999988915
EWR-1,6/4/2025,03:30:00 pm,0,2025-06-04 15:30:00,8.3585,8.511,0.0002000000000000668
EWR-1,6/4/2025,03:40:00 pm,0,2025-06-04 15:40:00,8.3586,8.513,0.00039999999999995595
EWR-1,6/4/2025,03:50:00 pm,0,2025-06-04 15:50:00,8.3581,8.517,0.00030000000000001136
EWR-1,6/4/2025,04:00:00 pm,0,2025-06-04 16:00:00,8.3575,8.52,0.00030000000000001136
EWR-1,6/4/2025,04:10:00 pm,0,2025-06-04 16:10:00,8.3568,8.523,0.00030000000000001136
EWR-1,6/4/2025,04:20:00 pm,0,2025-06-04 16:20:00,8.3563,8.526,0.00030000000000001136
EWR-1,6/4/2025,04:30:00 pm,0,2025-06-04 16:30:00,8.3552,8.529,0.00030000000000001136
EWR-1,6/4/2025,04:40:00 pm,0,2025-06-04 16:40:00,8.3546,8.532,0.00030000000000001136
EWR-1,6/4/2025,04:50:00 pm,0,2025-06-04 16:50:00,8.3539,8.535,0.00039999999999995595
EWR-1,6/4/2025,05:00:00 pm,0,2025-06-04 17:00:00,8.3535,8.539,0.00030000000000001136
EWR-1,6/4/2025,05:10:00 pm,0,2025-06-04 17:10:00,8.3541,8.542,0.00030000000000001136
EWR-1,6/4/2025,05:20:00 pm,0,2025-06-04 17:20:00,8.3553,8.545,0.00039999999999995595
EWR-1,6/4/2025,05:30:00 pm,0,2025-06-04 17:30:00,8.3555,8.549,0.0004000000000001336
EWR-1,6/4/2025,05:40:00 pm,0,2025-06-04 17:40:00,8.3563,8.553,0.0002999999999998337
EWR-1,6/4/2025,05:50:00 pm,0,2025-06-04 17:50:00,8.3569,8.556,0.00030000000000001136
EWR-1,6/4/2025,06:00:00 pm,0,2025-06-04 18:00:00,8.3579,8.559,0.0004000000000001336
EWR-1,6/4/2025,06:10:00 pm,0,2025-06-04 18:10:00,8.3596,8.563,0.00030000000000001136
EWR-1,6/4/2025,06:20:00 pm,0,2025-06-04 18:20:00,8.3606,8.566,0.00039999999999995595
EWR-1,6/4/2025,06:30:00 pm,0,2025-06-04 18:30:00,8.361,8.57,0.00039999999999995595
EWR-1,6/4/2025,06:40:00 pm,0,2025-06-04 18:40:00,8.3621,8.574,0.00030000000000001136
EWR-1,6/4/2025,06:50:00 pm,0,2025-06-04 18:50:00,8.3634,8.577,0.00039999999999995595
EWR-1,6/4/2025,07:00:00 pm,0,2025-06-04 19:00:00,8.3643,8.581,0.00030000000000001136
EWR-1,6/4/2025,07:10:00 pm,0,2025-06-04 19:10:00,8.3659,8.584,0.00030000000000001136
EWR-1,6/4/2025,07:20:00 pm,0,2025-06-04 19:20:00,8.3681,8.587,0.00030000000000001136
EWR-1,6/4/2025,07:30:00 pm,0,2025-06-04 19:30:00,8.3696,8.59,0.00039999999999995595
EWR-1,6/4/2025,07:40:00 pm,0,2025-06-04 19:40:00,8.3718,8.594,0.00030000000000001136
EWR-1,6/4/2025,07:50:00 pm,0,2025-06-04 19:50:00,8.3738,8.597,0.00030000000000001136
EWR-1,6/4/2025,08:00:00 pm,0,2025-06-04 20:00:00,8.3753,8.6,0.00030000000000001136
EWR-1,6/4/2025,08:10:00 pm,0,2025-06-04 20:10:00,8.3771,8.603,0.00030000000000001136
EWR-1,6/4/2025,08:20:00 pm,0,2025-06-04 20:20:00,8.3788,8.606,0.0002000000000000668
EWR-1,6/4/2025,08:30:00 pm,0,2025-06-04 20:30:00,8.3805,8.608,0.00030000000000001136
EWR-1,6/4/2025,08:40:00 pm,0,2025-06-04 20:40:00,8.3817,8.611,0.00030000000000001136
EWR-1,6/4/2025,08:50:00 pm,0,2025-06-04 20:50:00,8.3828,8.614,0.00030000000000001136
EWR-1,6/4/2025,09:00:00 pm,0,2025-06-04 21:00:00,8.3835,8.617,0.00019999999999988915
EWR-1,6/4/2025,09:10:00 pm,0,2025-06-04 21:10:00,8.3858,8.619,0.00030000000000001136
EWR-1,6/4/2025,09:20:00 pm,0,2025-06-04 21:20:00,8.3873,8.622,0.00030000000000001136
EWR-1,6/4/2025,09:30:00 pm,0,2025-06-04 21:30:00,8.3889,8.625,0.0002000000000000668
EWR-1,6/4/2025,09:40:00 pm,0,2025-06-04 21:40:00,8.3908,8.627,0.00019999999999988915
EWR-1,6/4/2025,09:50:00 pm,0,2025-06-04 21:50:00,8.3926,8.629,0.0002000000000000668
EWR-1,6/4/2025,10:00:00 pm,0,2025-06-04 22:00:00,8.3936,8.631,0.00019999999999988915
EWR-1,6/4/2025,10:10:00 pm,0,2025-06-04 22:10:00,8.3946,8.633,0.00010000000000012221
EWR-1,6/4/2025,10:20:00 pm,0,2025-06-04 22:20:00,8.3953,8.634,9.999999999994457e-05
EWR-1,6/4/2025,10:30:00 pm,0,2025-06-04 22:30:00,8.396,8.635,0.0002000000000000668
EWR-1,6/4/2025,10:40:00 pm,0,2025-06-04 22:40:00,8.3961,8.637,0.00019999999999988915
EWR-1,6/4/2025,10:50:00 pm,0,2025-06-04 22:50:00,8.3966,8.639,0.00010000000000012221
EWR-1,6/4/2025,11:00:00 pm,0,2025-06-04 23:00:00,8.3973,8.64,9.999999999994457e-05
EWR-1,6/4/2025,11:10:00 pm,0,2025-06-04 23:10:00,8.3968,8.641,9.999999999994457e-05
EWR-1,6/4/2025,11:20:00 pm,0,2025-06-04 23:20:00,8.3973,8.642,0.0002000000000000668
EWR-1,6/4/2025,11:30:00 pm,0,2025-06-04 23:30:00,8.3972,8.644,0.0
EWR-1,6/4/2025,11:40:00 pm,0,2025-06-04 23:40:00,8.3967,8.644,9.999999999994457e-05
EWR-1,6/4/2025,11:50:00 pm,0,2025-06-04 23:50:00,8.3969,8.645,0.00010000000000012221
EWR-1,6/5/2025,12:00:00 am,0,2025-06-05 00:00:00,8.3967,8.646,0.0
EWR-1,6/5/2025,12:10:00 am,0,2025-06-05 00:10:00,8.3968,8.646,0.0
EWR-1,6/5/2025,12:20:00 am,0,2025-06-05 00:20:00,8.3968,8.646,9.999999999994457e-05
EWR-1,6/5/2025,12:30:00 am,0,2025-06-05 00:30:00,8.3963,8.647,0.0
EWR-1,6/5/2025,12:40:00 am,0,2025-06-05 00:40:00,8.3964,8.647,0.0
EWR-1,6/5/2025,12:50:00 am,0,2025-06-05 00:50:00,8.3968,8.647,0.0
EWR-1,6/5/2025,01:00:00 am,0,2025-06-05 01:00:00,8.397,8.647,0.0
EWR-1,6/5/2025,01:10:00 am,0,2025-06-05 01:10:00,8.3967,8.647,9.999999999994457e-05
EWR-1,6/5/2025,01:20:00 am,0,2025-06-05 01:20:00,8.3967,8.646,0.0
EWR-1,6/5/2025,01:30:00 am,0,2025-06-05 01:30:00,8.3964,8.646,0.00010000000000012221
EWR-1,6/5/2025,01:40:00 am,0,2025-06-05 01:40:00,8.396,8.645,9.999999999994457e-05
EWR-1,6/5/2025,01:50:00 am,0,2025-06-05 01:50:00,8.3953,8.644,9.999999999994457e-05
EWR-1,6/5/2025,02:00:00 am,0,2025-06-05 02:00:00,8.395,8.643,0.00010000000000012221
EWR-1,6/5/2025,02:10:00 am,0,2025-06-05 02:10:00,8.3951,8.642,9.999999999994457e-05
EWR-1,6/5/2025,02:20:00 am,0,2025-06-05 02:20:00,8.3949,8.641,9.999999999994457e-05
EWR-1,6/5/2025,02:30:00 am,0,2025-06-05 02:30:00,8.3953,8.64,0.0002000000000000668
EWR-1,6/5/2025,02:40:00 am,0,2025-06-05 02:40:00,8.395,8.638,0.0002000000000000668
EWR-1,6/5/2025,02:50:00 am,0,2025-06-05 02:50:00,8.3951,8.636,9.999999999994457e-05
EWR-1,6/5/2025,03:00:00 am,0,2025-06-05 03:00:00,8.3943,8.635,0.0002000000000000668
EWR-1,6/5/2025,03:10:00 am,0,2025-06-05 03:10:00,8.3947,8.633,0.00019999999999988915
EWR-1,6/5/2025,03:20:00 am,0,2025-06-05 03:20:00,8.3945,8.631,9.999999999994457e-05
EWR-1,6/5/2025,03:30:00 am,0,2025-06-05 03:30:00,8.3947,8.63,0.00030000000000001136
EWR-1,6/5/2025,03:40:00 am,0,2025-06-05 03:40:00,8.3946,8.627,0.0002000000000000668
EWR-1,6/5/2025,03:50:00 am,0,2025-06-05 03:50:00,8.3941,8.625,0.0002000000000000668
EWR-1,6/5/2025,04:00:00 am,0,2025-06-05 04:00:00,8.3947,8.623,0.00030000000000001136
EWR-1,6/5/2025,04:10:00 am,0,2025-06-05 04:10:00,8.3953,8.62,0.00019999999999988915
EWR-1,6/5/2025,04:20:00 am,0,2025-06-05 04:20:00,8.3955,8.618,0.00030000000000001136
EWR-1,6/5/2025,04:30:00 am,0,2025-06-05 04:30:00,8.3956,8.615,0.0002000000000000668
EWR-1,6/5/2025,04:40:00 am,0,2025-06-05 04:40:00,8.3955,8.613,0.00030000000000001136
EWR-1,6/5/2025,04:50:00 am,0,2025-06-05 04:50:00,8.3955,8.61,0.00030000000000001136
EWR-1,6/5/2025,05:00:00 am,0,2025-06-05 05:00:00,8.3964,8.607,0.00030000000000001136
EWR-1,6/5/2025,05:10:00 am,0,2025-06-05 05:10:00,8.3966,8.604,0.0002999999999998337
EWR-1,6/5/2025,05:20:00 am,0,2025-06-05 05:20:00,8.3969,8.601,0.00030000000000001136
EWR-1,6/5/2025,05:30:00 am,0,2025-06-05 05:30:00,8.3973,8.598,0.00030000000000001136
EWR-1,6/5/2025,05:40:00 am,0,2025-06-05 05:40:00,8.3977,8.595,0.0004000000000001336
EWR-1,6/5/2025,05:50:00 am,0,2025-06-05 05:50:00,8.3985,8.591,0.00030000000000001136
EWR-1,6/5/2025,06:00:00 am,0,2025-06-05 06:00:00,8.3987,8.588,0.00039999999999995595
EWR-1,6/5/2025,06:10:00 am,0,2025-06-05 06:10:00,8.3993,8.584,0.00039999999999995595
EWR-1,6/5/2025,06:20:00 am,0,2025-06-05 06:20:00,8.3994,8.58,0.00030000000000001136
EWR-1,6/5/2025,06:30:00 am,0,2025-06-05 06:30:00,8.3985,8.577,0.00039999999999995595
EWR-1,6/5/2025,06:40:00 am,0,2025-06-05 06:40:00,8.3992,8.573,0.00039999999999995595
EWR-1,6/5/2025,06:50:00 am,0,2025-06-05 06:50:00,8.3991,8.569,0.0004000000000001336
EWR-1,6/5/2025,07:00:00 am,0,2025-06-05 07:00:00,8.4006,8.565,0.00039999999999995595
EWR-1,6/5/2025,07:10:00 am,0,2025-06-05 07:10:00,8.4009,8.561,0.00039999999999995595
EWR-1,6/5/2025,07:20:00 am,0,2025-06-05 07:20:00,8.4013,8.557,0.00039999999999995595
EWR-1,6/5/2025,07:30:00 am,0,2025-06-05 07:30:00,8.4003,8.553,0.0004000000000001336
EWR-1,6/5/2025,07:40:00 am,0,2025-06-05 07:40:00,8.4005,8.549,0.0004999999999999005
EWR-1,6/5/2025,07:50:00 am,0,2025-06-05 07:50:00,8.4004,8.544,0.0004000000000001336
EWR-1,6/5/2025,08:00:00 am,0,2025-06-05 08:00:00,8.3998,8.54,0.00039999999999995595
EWR-1,6/5/2025,08:10:00 am,0,2025-06-05 08:10:00,8.4004,8.536,0.00039999999999995595
EWR-1,6/5/2025,08:20:00 am,0,2025-06-05 08:20:00,8.3994,8.532,0.00039999999999995595
EWR-1,6/5/2025,08:30:00 am,0,2025-06-05 08:30:00,8.3991,8.528,0.0004000000000001336
EWR-1,6/5/2025,08:40:00 am,0,2025-06-05 08:40:00,8.4001,8.524,0.00039999999999995595
EWR-1,6/5/2025,08:50:00 am,0,2025-06-05 08:50:00,8.4008,8.52,0.00039999999999995595
EWR-1,6/5/2025,09:00:00 am,0,2025-06-05 09:00:00,8.4006,8.516,0.00039999999999995595
EWR-1,6/5/2025,09:10:00 am,0,2025-06-05 09:10:00,8.4004,8.512,0.0004000000000001336
EWR-1,6/5/2025,09:20:00 am,0,2025-06-05 09:20:00,8.3995,8.508,0.00019999999999988915
EWR-1,6/5/2025,09:30:00 am,0,2025-06-05 09:30:00,8.399,8.506,0.00039999999999995595
EWR-1,6/5/2025,09:40:00 am,0,2025-06-05 09:40:00,8.3992,8.502,0.00030000000000001136
EWR-1,6/5/2025,09:50:00 am,0,2025-06-05 09:50:00,8.3985,8.499,0.00030000000000001136
EWR-1,6/5/2025,10:00:00 am,0,2025-06-05 10:00:00,8.3977,8.496,0.0002000000000000668
EWR-1,6/5/2025,10:10:00 am,0,2025-06-05 10:10:00,8.3969,8.494,0.00019999999999988915
EWR-1,6/5/2025,10:20:00 am,0,2025-06-05 10:20:00,8.3956,8.492,0.00030000000000001136
EWR-1,6/5/2025,10:30:00 am,0,2025-06-05 10:30:00,8.3938,8.489,0.0002000000000000668
EWR-1,6/5/2025,10:40:00 am,0,2025-06-05 10:40:00,8.3923,8.487,0.0002000000000000668
EWR-1,6/5/2025,10:50:00 am,0,2025-06-05 10:50:00,8.3909,8.485,0.00019999999999988915
EWR-1,6/5/2025,11:00:00 am,0,2025-06-05 11:00:00,8.389,8.483,0.0002000000000000668
EWR-1,6/5/2025,11:10:00 am,0,2025-06-05 11:10:00,8.3876,8.481,9.999999999994457e-05
EWR-1,6/5/2025,11:20:00 am,0,2025-06-05 11:20:00,8.3868,8.48,0.00010000000000012221
EWR-1,6/5/2025,11:30:00 am,0,2025-06-05 11:30:00,8.3859,8.479,0.00019999999999988915
EWR-1,6/5/2025,11:40:00 am,0,2025-06-05 11:40:00,8.3839,8.477,9.999999999994457e-05
EWR-1,6/5/2025,11:50:00 am,0,2025-06-05 11:50:00,8.3829,8.476,0.0
EWR-1,6/5/2025,12:00:00 pm,0,2025-06-05 12:00:00,8.3813,8.476,0.0002000000000000668
EWR-1,6/5/2025,12:10:00 pm,0,2025-06-05 12:10:00,8.38,8.474,9.999999999994457e-05
EWR-1,6/5/2025,12:20:00 pm,0,2025-06-05 12:20:00,8.3785,8.475,0.0
EWR-1,6/5/2025,12:30:00 pm,0,2025-06-05 12:30:00,8.3769,8.475,0.00010000000000012221
EWR-1,6/5/2025,12:40:00 pm,0,2025-06-05 12:40:00,8.3755,8.476,0.0
EWR-1,6/5/2025,12:50:00 pm,0,2025-06-05 12:50:00,8.3742,8.476,0.00019999999999988915
EWR-1,6/5/2025,01:00:00 pm,0,2025-06-05 13:00:00,8.3723,8.478,9.999999999994457e-05
EWR-1,6/5/2025,01:10:00 pm,0,2025-06-05 13:10:00,8.3709,8.479,0.00010000000000012221
EWR-1,6/5/2025,01:20:00 pm,0,2025-06-05 13:20:00,8.3688,8.48,9.999999999994457e-05
EWR-1,6/5/2025,01:30:00 pm,0,2025-06-05 13:30:00,8.3678,8.481,0.0002000000000000668
EWR-1,6/5/2025,01:40:00 pm,0,2025-06-05 13:40:00,8.3653,8.483,9.999999999994457e-05
EWR-1,6/5/2025,01:50:00 pm,0,2025-06-05 13:50:00,8.3645,8.484,0.00030000000000001136
EWR-1,6/5/2025,02:00:00 pm,0,2025-06-05 14:00:00,8.3639,8.487,9.999999999994457e-05
EWR-1,6/5/2025,02:10:00 pm,0,2025-06-05 14:10:00,8.3616,8.488,0.0002000000000000668
EWR-1,6/5/2025,02:20:00 pm,0,2025-06-05 14:20:00,8.3605,8.49,0.00030000000000001136
EWR-1,6/5/2025,02:30:00 pm,0,2025-06-05 14:30:00,8.3591,8.493,0.00030000000000001136
EWR-1,6/5/2025,02:40:00 pm,0,2025-06-05 14:40:00,8.3588,8.496,0.00030000000000001136
EWR-1,6/5/2025,02:50:00 pm,0,2025-06-05 14:50:00,8.3584,8.499,0.00030000000000001136
EWR-1,6/5/2025,03:00:00 pm,0,2025-06-05 15:00:00,8.3584,8.502,0.00030000000000001136
EWR-1,6/5/2025,03:10:00 pm,0,2025-06-05 15:10:00,8.3584,8.505,0.0002999999999998337
EWR-1,6/5/2025,03:20:00 pm,0,2025-06-05 15:20:00,8.3584,8.508,0.00030000000000001136
EWR-1,6/5/2025,03:30:00 pm,0,2025-06-05 15:30:00,8.3561,8.511,0.00030000000000001136
EWR-1,6/5/2025,03:40:00 pm,0,2025-06-05 15:40:00,8.3563,8.514,0.00030000000000001136
EWR-1,6/5/2025,03:50:00 pm,0,2025-06-05 15:50:00,8.3552,8.517,0.00030000000000001136
EWR-1,6/5/2025,04:00:00 pm,0,2025-06-05 16:00:00,8.3544,8.52,0.00030000000000001136
EWR-1,6/5/2025,04:10:00 pm,0,2025-06-05 16:10:00,8.3538,8.523,0.00039999999999995595
EWR-1,6/5/2025,04:20:00 pm,0,2025-06-05 16:20:00,8.3537,8.527,0.0002000000000000668
EWR-1,6/5/2025,04:30:00 pm,0,2025-06-05 16:30:00,8.3536,8.529,0.00039999999999995595
EWR-1,6/5/2025,04:40:00 pm,0,2025-06-05 16:40:00,8.3535,8.533,0.0004000000000001336
EWR-1,6/5/2025,04:50:00 pm,0,2025-06-05 16:50:00,8.3537,8.537,0.0002999999999998337
EWR-1,6/5/2025,05:00:00 pm,0,2025-06-05 17:00:00,8.3539,8.54,0.00030000000000001136
EWR-1,6/5/2025,05:10:00 pm,0,2025-06-05 17:10:00,8.354,8.543,0.00030000000000001136
EWR-1,6/5/2025,05:20:00 pm,0,2025-06-05 17:20:00,8.3552,8.546,0.0004000000000001336
EWR-1,6/5/2025,05:30:00 pm,0,2025-06-05 17:30:00,8.3554,8.55,0.00030000000000001136
EWR-1,6/5/2025,05:40:00 pm,0,2025-06-05 17:40:00,8.3558,8.553,0.00039999999999995595
EWR-1,6/5/2025,05:50:00 pm,0,2025-06-05 17:50:00,8.3561,8.557,0.00039999999999995595
EWR-1,6/5/2025,06:00:00 pm,0,2025-06-05 18:00:00,8.3562,8.561,0.00039999999999995595
EWR-1,6/5/2025,06:10:00 pm,0,2025-06-05 18:10:00,8.3569,8.565,0.0004000000000001336
EWR-1,6/5/2025,06:20:00 pm,0,2025-06-05 18:20:00,8.358,8.569,0.00039999999999995595
EWR-1,6/5/2025,06:30:00 pm,0,2025-06-05 18:30:00,8.3592,8.573,0.00030000000000001136
EWR-1,6/5/2025,06:40:00 pm,0,2025-06-05 18:40:00,8.3605,8.576,0.00039999999999995595
EWR-1,6/5/2025,06:50:00 pm,0,2025-06-05 18:50:00,8.3624,8.58,0.00039999999999995595
EWR-1,6/5/2025,07:00:00 pm,0,2025-06-05 19:00:00,8.3647,8.584,0.00030000000000001136
EWR-1,6/5/2025,07:10:00 pm,0,2025-06-05 19:10:00,8.3663,8.587,0.00030000000000001136
EWR-1,6/5/2025,07:20:00 pm,0,2025-06-05 19:20:00,8.3686,8.59,0.00030000000000001136
EWR-1,6/5/2025,07:30:00 pm,0,2025-06-05 19:30:00,8.3707,8.593,0.00030000000000001136
EWR-1,6/5/2025,07:40:00 pm,0,2025-06-05 19:40:00,8.3738,8.596,0.00030000000000001136
EWR-1,6/5/2025,07:50:00 pm,0,2025-06-05 19:50:00,8.3768,8.599,0.00039999999999995595
EWR-1,6/5/2025,08:00:00 pm,0,2025-06-05 20:00:00,8.38,8.603,0.0002000000000000668
EWR-1,6/5/2025,08:10:00 pm,0,2025-06-05 20:10:00,8.3824,8.605,0.00030000000000001136
EWR-1,6/5/2025,08:20:00 pm,0,2025-06-05 20:20:00,8.3841,8.608,0.00039999999999995595
EWR-1,6/5/2025,08:30:00 pm,0,2025-06-05 20:30:00,8.3875,8.612,0.00030000000000001136
EWR-1,6/5/2025,08:40:00 pm,0,2025-06-05 20:40:00,8.3893,8.615,0.0002000000000000668
EWR-1,6/5/2025,08:50:00 pm,0,2025-06-05 20:50:00,8.3892,8.617,0.0002999999999998337
EWR-1,6/5/2025,09:00:00 pm,0,2025-06-05 21:00:00,8.3914,8.62,0.00030000000000001136
EWR-1,6/5/2025,09:10:00 pm,0,2025-06-05 21:10:00,8.3911,8.623,0.00030000000000001136
EWR-1,6/5/2025,09:20:00 pm,0,2025-06-05 21:20:00,8.3924,8.626,0.00030000000000001136
EWR-1,6/5/2025,09:30:00 pm,0,2025-06-05 21:30:00,8.3939,8.629,0.0002000000000000668
EWR-1,6/5/2025,09:40:00 pm,0,2025-06-05 21:40:00,8.3962,8.631,0.00030000000000001136
EWR-1,6/5/2025,09:50:00 pm,0,2025-06-05 21:50:00,8.3982,8.634,0.00019999999999988915
EWR-1,6/5/2025,10:00:00 pm,0,2025-06-05 22:00:00,8.3992,8.636,0.0002000000000000668
EWR-1,6/5/2025,10:10:00 pm,0,2025-06-05 22:10:00,8.3999,8.638,0.00030000000000001136
EWR-1,6/5/2025,10:20:00 pm,0,2025-06-05 22:20:00,8.4012,8.641,0.0002000000000000668
EWR-1,6/5/2025,10:30:00 pm,0,2025-06-05 22:30:00,8.4028,8.643,0.00019999999999988915
EWR-1,6/5/2025,10:40:00 pm,0,2025-06-05 22:40:00,8.404,8.645,0.00010000000000012221
EWR-1,6/5/2025,10:50:00 pm,0,2025-06-05 22:50:00,8.4044,8.646,0.00019999999999988915
EWR-1,6/5/2025,11:00:00 pm,0,2025-06-05 23:00:00,8.4049,8.648,0.0002000000000000668
EWR-1,6/5/2025,11:10:00 pm,0,2025-06-05 23:10:00,8.4055,8.65,9.999999999994457e-05
EWR-1,6/5/2025,11:20:00 pm,0,2025-06-05 23:20:00,8.4056,8.651,0.0002000000000000668
EWR-1,6/5/2025,11:30:00 pm,0,2025-06-05 23:30:00,8.406,8.653,9.999999999994457e-05
EWR-1,6/5/2025,11:40:00 pm,0,2025-06-05 23:40:00,8.4051,8.654,0.0002000000000000668
EWR-1,6/5/2025,11:50:00 pm,0,2025-06-05 23:50:00,8.4049,8.656,0.0
EWR-1,6/6/2025,12:00:00 am,0,2025-06-06 00:00:00,8.4048,8.656,0.00019999999999988915
EWR-1,6/6/2025,12:10:00 am,0,2025-06-06 00:10:00,8.4041,8.658,0.0
EWR-1,6/6/2025,12:20:00 am,0,2025-06-06 00:20:00,8.4043,8.658,0.00010000000000012221
EWR-1,6/6/2025,12:30:00 am,0,2025-06-06 00:30:00,8.4038,8.659,0.0
EWR-1,6/6/2025,12:40:00 am,0,2025-06-06 00:40:00,8.404,8.659,9.999999999994457e-05
EWR-1,6/6/2025,12:50:00 am,0,2025-06-06 00:50:00,8.4045,8.66,0.0
EWR-1,6/6/2025,01:00:00 am,0,2025-06-06 01:00:00,8.4045,8.66,0.0
EWR-1,6/6/2025,01:10:00 am,0,2025-06-06 01:10:00,8.4043,8.66,0.0
EWR-1,6/6/2025,01:20:00 am,0,2025-06-06 01:20:00,8.4033,8.66,0.0
EWR-1,6/6/2025,01:30:00 am,0,2025-06-06 01:30:00,8.4032,8.66,0.0
EWR-1,6/6/2025,01:40:00 am,0,2025-06-06 01:40:00,8.404,8.66,0.0
EWR-1,6/6/2025,01:50:00 am,0,2025-06-06 01:50:00,8.4043,8.66,9.999999999994457e-05
EWR-1,6/6/2025,02:00:00 am,0,2025-06-06 02:00:00,8.405,8.659,0.00010000000000012221
EWR-1,6/6/2025,02:10:00 am,0,2025-06-06 02:10:00,8.4054,8.658,0.0
EWR-1,6/6/2025,02:20:00 am,0,2025-06-06 02:20:00,8.406,8.658,9.999999999994457e-05
EWR-1,6/6/2025,02:30:00 am,0,2025-06-06 02:30:00,8.4061,8.657,9.999999999994457e-05
EWR-1,6/6/2025,02:40:00 am,0,2025-06-06 02:40:00,8.4056,8.656,0.0002000000000000668
EWR-1,6/6/2025,02:50:00 am,0,2025-06-06 02:50:00,8.4061,8.654,9.999999999994457e-05
EWR-1,6/6/2025,03:00:00 am,0,2025-06-06 03:00:00,8.4064,8.653,0.00010000000000012221
EWR-1,6/6/2025,03:10:00 am,0,2025-06-06 03:10:00,8.4068,8.652,9.999999999994457e-05
EWR-1,6/6/2025,03:20:00 am,0,2025-06-06 03:20:00,8.4061,8.651,0.0002000000000000668
EWR-1,6/6/2025,03:30:00 am,0,2025-06-06 03:30:00,8.4066,8.649,9.999999999994457e-05
EWR-1,6/6/2025,03:40:00 am,0,2025-06-06 03:40:00,8.4066,8.648,0.00019999999999988915
EWR-1,6/6/2025,03:50:00 am,0,2025-06-06 03:50:00,8.4066,8.646,0.0002000000000000668
EWR-1,6/6/2025,04:00:00 am,0,2025-06-06 04:00:00,8.4067,8.644,0.0002000000000000668
EWR-1,6/6/2025,04:10:00 am,0,2025-06-06 04:10:00,8.4065,8.642,0.00019999999999988915
EWR-1,6/6/2025,04:20:00 am,0,2025-06-06 04:20:00,8.407,8.64,0.0002000000000000668
EWR-1,6/6/2025,04:30:00 am,0,2025-06-06 04:30:00,8.4076,8.638,0.0002000000000000668
EWR-1,6/6/2025,04:40:00 am,0,2025-06-06 04:40:00,8.4081,8.636,0.00030000000000001136
EWR-1,6/6/2025,04:50:00 am,0,2025-06-06 04:50:00,8.4088,8.633,0.00019999999999988915
EWR-1,6/6/2025,05:00:00 am,0,2025-06-06 05:00:00,8.4089,8.631,0.0002000000000000668
EWR-1,6/6/2025,05:10:00 am,0,2025-06-06 05:10:00,8.4104,8.629,0.00030000000000001136
EWR-1,6/6/2025,05:20:00 am,0,2025-06-06 05:20:00,8.4114,8.626,0.00030000000000001136
EWR-1,6/6/2025,05:30:00 am,0,2025-06-06 05:30:00,8.4121,8.623,0.00019999999999988915
EWR-1,6/6/2025,05:40:00 am,0,2025-06-06 05:40:00,8.4122,8.621,0.00030000000000001136
EWR-1,6/6/2025,05:50:00 am,0,2025-06-06 05:50:00,8.4133,8.618,0.00030000000000001136
EWR-1,6/6/2025,06:00:00 am,0,2025-06-06 06:00:00,8.4139,8.615,0.00030000000000001136
EWR-1,6/6/2025,06:10:00 am,0,2025-06-06 06:10:00,8.4147,8.612,0.00030000000000001136
EWR-1,6/6/2025,06:20:00 am,0,2025-06-06 06:20:00,8.4165,8.609,0.00030000000000001136
EWR-1,6/6/2025,06:30:00 am,0,2025-06-06 06:30:00,8.4173,8.606,0.00030000000000001136
EWR-1,6/6/2025,06:40:00 am,0,2025-06-06 06:40:00,8.4174,8.603,0.00039999999999995595
EWR-1,6/6/2025,06:50:00 am,0,2025-06-06 06:50:00,8.4178,8.599,0.00030000000000001136
EWR-1,6/6/2025,07:00:00 am,0,2025-06-06 07:00:00,8.4179,8.596,0.00030000000000001136
EWR-1,6/6/2025,07:10:00 am,0,2025-06-06 07:10:00,8.4176,8.593,0.00039999999999995595
EWR-1,6/6/2025,07:20:00 am,0,2025-06-06 07:20:00,8.4178,8.589,0.00030000000000001136
EWR-1,6/6/2025,07:30:00 am,0,2025-06-06 07:30:00,8.4182,8.586,0.00039999999999995595
EWR-1,6/6/2025,07:40:00 am,0,2025-06-06 07:40:00,8.419,8.582,0.00030000000000001136
EWR-1,6/6/2025,07:50:00 am,0,2025-06-06 07:50:00,8.4198,8.579,0.0004000000000001336
EWR-1,6/6/2025,08:00:00 am,0,2025-06-06 08:00:00,8.4202,8.575,0.00030000000000001136
EWR-1,6/6/2025,08:10:00 am,0,2025-06-06 08:10:00,8.421,8.572,0.00039999999999995595
EWR-1,6/6/2025,08:20:00 am,0,2025-06-06 08:20:00,8.4214,8.568,0.00030000000000001136
EWR-1,6/6/2025,08:30:00 am,0,2025-06-06 08:30:00,8.4213,8.565,0.00039999999999995595
EWR-1,6/6/2025,08:40:00 am,0,2025-06-06 08:40:00,8.4214,8.561,0.00030000000000001136
EWR-1,6/6/2025,08:50:00 am,0,2025-06-06 08:50:00,8.4222,8.558,0.00030000000000001136
EWR-1,6/6/2025,09:00:00 am,0,2025-06-06 09:00:00,8.4231,8.555,0.00030000000000001136
EWR-1,6/6/2025,09:10:00 am,0,2025-06-06 09:10:00,8.4236,8.552,0.00030000000000001136
EWR-1,6/6/2025,09:20:00 am,0,2025-06-06 09:20:00,8.4234,8.549,0.00030000000000001136
EWR-1,6/6/2025,09:30:00 am,0,2025-06-06 09:30:00,8.424,8.546,0.00019999999999988915
EWR-1,6/6/2025,09:40:00 am,0,2025-06-06 09:40:00,8.4236,8.544,0.00030000000000001136
EWR-1,6/6/2025,09:50:00 am,0,2025-06-06 09:50:00,8.423,8.541,0.0002000000000000668
EWR-1,6/6/2025,10:00:00 am,0,2025-06-06 10:00:00,8.4225,8.539,0.00019999999999988915
EWR-1,6/6/2025,10:10:00 am,0,2025-06-06 10:10:00,8.4198,8.537,0.0002000000000000668
EWR-1,6/6/2025,10:20:00 am,0,2025-06-06 10:20:00,8.4186,8.535,9.999999999994457e-05
EWR-1,6/6/2025,10:30:00 am,0,2025-06-06 10:30:00,8.417,8.534,0.0002000000000000668
EWR-1,6/6/2025,10:40:00 am,0,2025-06-06 10:40:00,8.4151,8.532,9.999999999994457e-05
EWR-1,6/6/2025,10:50:00 am,0,2025-06-06 10:50:00,8.4135,8.531,0.0002000000000000668
EWR-1,6/6/2025,11:00:00 am,0,2025-06-06 11:00:00,8.412,8.529,0.0
EWR-1,6/6/2025,11:10:00 am,0,2025-06-06 11:10:00,8.4102,8.529,0.0002000000000000668
EWR-1,6/6/2025,11:20:00 am,0,2025-06-06 11:20:00,8.4089,8.527,0.0
EWR-1,6/6/2025,11:30:00 am,0,2025-06-06 11:30:00,8.4071,8.527,0.0
EWR-1,6/6/2025,11:40:00 am,0,2025-06-06 11:40:00,8.405,8.527,0.0
EWR-1,6/6/2025,11:50:00 am,0,2025-06-06 11:50:00,8.4029,8.527,0.0
EWR-1,6/6/2025,12:00:00 pm,0,2025-06-06 12:00:00,8.3998,8.527,0.0
EWR-1,6/6/2025,12:10:00 pm,0,2025-06-06 12:10:00,8.3979,8.527,0.00010000000000012221
EWR-1,6/6/2025,12:20:00 pm,0,2025-06-06 12:20:00,8.3963,8.528,0.00019999999999988915
EWR-1,6/6/2025,12:30:00 pm,0,2025-06-06 12:30:00,8.3945,8.53,0.00010000000000012221
EWR-1,6/6/2025,12:40:00 pm,0,2025-06-06 12:40:00,8.393,8.531,9.999999999994457e-05
EWR-1,6/6/2025,12:50:00 pm,0,2025-06-06 12:50:00,8.3921,8.532,9.999999999994457e-05
EWR-1,6/6/2025,01:00:00 pm,0,2025-06-06 13:00:00,8.3914,8.533,0.0002000000000000668
EWR-1,6/6/2025,01:10:00 pm,0,2025-06-06 13:10:00,8.3914,8.535,0.0
EWR-1,6/6/2025,01:20:00 pm,0,2025-06-06 13:20:00,8.3911,8.535,0.0002000000000000668
EWR-1,6/6/2025,01:30:00 pm,0,2025-06-06 13:30:00,8.3895,8.537,9.999999999994457e-05
EWR-1,6/6/2025,01:40:00 pm,0,2025-06-06 13:40:00,8.3885,8.538,0.00019999999999988915
EWR-1,6/6/2025,01:50:00 pm,0,2025-06-06 13:50:00,8.3877,8.54,0.0002000000000000668
EWR-1,6/6/2025,02:00:00 pm,0,2025-06-06 14:00:00,8.3871,8.542,9.999999999994457e-05
EWR-1,6/6/2025,02:10:00 pm,0,2025-06-06 14:10:00,8.3864,8.543,0.0002000000000000668
EWR-1,6/6/2025,02:20:00 pm,0,2025-06-06 14:20:00,8.386,8.545,0.0002000000000000668
EWR-1,6/6/2025,02:30:00 pm,0,2025-06-06 14:30:00,8.3857,8.547,0.00019999999999988915
EWR-1,6/6/2025,02:40:00 pm,0,2025-06-06 14:40:00,8.3849,8.549,0.0002000000000000668
EWR-1,6/6/2025,02:50:00 pm,0,2025-06-06 14:50:00,8.3839,8.551,0.0002000000000000668
EWR-1,6/6/2025,03:00:00 pm,0,2025-06-06 15:00:00,8.382,8.553,0.0002999999999998337
EWR-1,6/6/2025,03:10:00 pm,0,2025-06-06 15:10:00,8.3808,8.556,0.00030000000000001136
EWR-1,6/6/2025,03:20:00 pm,0,2025-06-06 15:20:00,8.3783,8.559,0.00030000000000001136
EWR-1,6/6/2025,03:30:00 pm,0,2025-06-06 15:30:00,8.3768,8.562,0.00030000000000001136
EWR-1,6/6/2025,03:40:00 pm,0,2025-06-06 15:40:00,8.3764,8.565,0.00030000000000001136
EWR-1,6/6/2025,03:50:00 pm,0,2025-06-06 15:50:00,8.377,8.568,0.00030000000000001136
EWR-1,6/6/2025,04:00:00 pm,0,2025-06-06 16:00:00,8.3769,8.571,0.00030000000000001136
EWR-1,6/6/2025,04:10:00 pm,0,2025-06-06 16:10:00,8.3773,8.574,0.0002000000000000668
EWR-1,6/6/2025,04:20:00 pm,0,2025-06-06 16:20:00,8.378,8.576,0.00030000000000001136
EWR-1,6/6/2025,04:30:00 pm,0,2025-06-06 16:30:00,8.3778,8.579,0.00019999999999988915
EWR-1,6/6/2025,04:40:00 pm,0,2025-06-06 16:40:00,8.3791,8.581,0.0002000000000000668
EWR-1,6/6/2025,04:50:00 pm,0,2025-06-06 16:50:00,8.3808,8.583,0.00030000000000001136
EWR-1,6/6/2025,05:00:00 pm,0,2025-06-06 17:00:00,8.382,8.586,0.00030000000000001136
EWR-1,6/6/2025,05:10:00 pm,0,2025-06-06 17:10:00,8.3832,8.589,0.00030000000000001136
EWR-1,6/6/2025,05:20:00 pm,0,2025-06-06 17:20:00,8.3831,8.592,0.00030000000000001136
EWR-1,6/6/2025,05:30:00 pm,0,2025-06-06 17:30:00,8.3821,8.595,0.00039999999999995595
EWR-1,6/6/2025,05:40:00 pm,0,2025-06-06 17:40:00,8.3822,8.599,0.00039999999999995595
EWR-1,6/6/2025,05:50:00 pm,0,2025-06-06 17:50:00,8.3815,8.603,0.00039999999999995595
EWR-1,6/6/2025,06:00:00 pm,0,2025-06-06 18:00:00,8.3814,8.607,0.0004000000000001336
EWR-1,6/6/2025,06:10:00 pm,0,2025-06-06 18:10:00,8.3812,8.611,0.00039999999999995595
EWR-1,6/6/2025,06:20:00 pm,0,2025-06-06 18:20:00,8.3813,8.615,0.00030000000000001136
EWR-1,6/6/2025,06:30:00 pm,0,2025-06-06 18:30:00,8.3821,8.618,0.0004999999999999005
EWR-1,6/6/2025,06:40:00 pm,0,2025-06-06 18:40:00,8.3849,8.623,0.0004000000000001336
EWR-1,6/6/2025,06:50:00 pm,0,2025-06-06 18:50:00,8.386,8.627,0.00039999999999995595
EWR-1,6/6/2025,07:00:00 pm,0,2025-06-06 19:00:00,8.3886,8.631,0.00030000000000001136
EWR-1,6/6/2025,07:10:00 pm,0,2025-06-06 19:10:00,8.3915,8.634,0.00030000000000001136
EWR-1,6/6/2025,07:20:00 pm,0,2025-06-06 19:20:00,8.3934,8.637,0.00030000000000001136
EWR-1,6/6/2025,07:30:00 pm,0,2025-06-06 19:30:00,8.3965,8.64,0.00030000000000001136
EWR-1,6/6/2025,07:40:00 pm,0,2025-06-06 19:40:00,8.3973,8.643,0.00030000000000001136
EWR-1,6/6/2025,07:50:00 pm,0,2025-06-06 19:50:00,8.3975,8.646,0.0002999999999998337
EWR-1,6/6/2025,08:00:00 pm,0,2025-06-06 20:00:00,8.3973,8.649,0.0004000000000001336
EWR-1,6/6/2025,08:10:00 pm,0,2025-06-06 20:10:00,8.3976,8.653,0.00030000000000001136
EWR-1,6/6/2025,08:20:00 pm,0,2025-06-06 20:20:00,8.3987,8.656,0.00039999999999995595
EWR-1,6/6/2025,08:30:00 pm,0,2025-06-06 20:30:00,8.4004,8.66,0.00030000000000001136
EWR-1,6/6/2025,08:40:00 pm,0,2025-06-06 20:40:00,8.4032,8.663,0.00039999999999995595
EWR-1,6/6/2025,08:50:00 pm,0,2025-06-06 20:50:00,8.4058,8.667,0.00030000000000001136
EWR-1,6/6/2025,09:00:00 pm,0,2025-06-06 21:00:00,8.4086,8.67,0.00030000000000001136
EWR-1,6/6/2025,09:10:00 pm,0,2025-06-06 21:10:00,8.4106,8.673,0.00030000000000001136
EWR-1,6/6/2025,09:20:00 pm,0,2025-06-06 21:20:00,8.412,8.676,0.00030000000000001136
EWR-1,6/6/2025,09:30:00 pm,0,2025-06-06 21:30:00,8.4143,8.679,0.00030000000000001136
EWR-1,6/6/2025,09:40:00 pm,0,2025-06-06 21:40:00,8.4164,8.682,0.00030000000000001136
EWR-1,6/6/2025,09:50:00 pm,0,2025-06-06 21:50:00,8.418,8.685,0.00030000000000001136
EWR-1,6/6/2025,10:00:00 pm,0,2025-06-06 22:00:00,8.4194,8.688,0.00019999999999988915
EWR-1,6/6/2025,10:10:00 pm,0,2025-06-06 22:10:00,8.4211,8.69,0.00030000000000001136
EWR-1,6/6/2025,10:20:00 pm,0,2025-06-06 22:20:00,8.4221,8.693,0.0002000000000000668
EWR-1,6/6/2025,10:30:00 pm,0,2025-06-06 22:30:00,8.4225,8.695,0.00030000000000001136
EWR-1,6/6/2025,10:40:00 pm,0,2025-06-06 22:40:00,8.4231,8.698,0.00019999999999988915
EWR-1,6/6/2025,10:50:00 pm,0,2025-06-06 22:50:00,8.4245,8.7,0.0002000000000000668
EWR-1,6/6/2025,11:00:00 pm,0,2025-06-06 23:00:00,8.4248,8.702,0.0002000000000000668
EWR-1,6/6/2025,11:10:00 pm,0,2025-06-06 23:10:00,8.4253,8.704,0.00019999999999988915
EWR-1,6/6/2025,11:20:00 pm,0,2025-06-06 23:20:00,8.4264,8.706,0.0002000000000000668
EWR-1,6/6/2025,11:30:00 pm,0,2025-06-06 23:30:00,8.4271,8.708,9.999999999994457e-05
EWR-1,6/6/2025,11:40:00 pm,0,2025-06-06 23:40:00,8.4276,8.709,0.00010000000000012221
EWR-1,6/6/2025,11:50:00 pm,0,2025-06-06 23:50:00,8.4279,8.71,0.00019999999999988915
EWR-1,6/7/2025,12:00:00 am,0,2025-06-07 00:00:00,8.4287,8.712,9.999999999994457e-05
EWR-1,6/7/2025,12:10:00 am,0,2025-06-07 00:10:00,8.4288,8.713,0.0002000000000000668
EWR-1,6/7/2025,12:20:00 am,0,2025-06-07 00:20:00,8.4297,8.715,0.0
EWR-1,6/7/2025,12:30:00 am,0,2025-06-07 00:30:00,8.4298,8.715,9.999999999994457e-05
EWR-1,6/7/2025,12:40:00 am,0,2025-06-07 00:40:00,8.4304,8.716,0.00010000000000012221
EWR-1,6/7/2025,12:50:00 am,0,2025-06-07 00:50:00,8.4303,8.717,9.999999999994457e-05
EWR-1,6/7/2025,01:00:00 am,0,2025-06-07 01:00:00,8.4301,8.718,0.0
EWR-1,6/7/2025,01:10:00 am,0,2025-06-07 01:10:00,8.43,8.718,9.999999999994457e-05
EWR-1,6/7/2025,01:20:00 am,0,2025-06-07 01:20:00,8.4294,8.719,0.0
EWR-1,6/7/2025,01:30:00 am,0,2025-06-07 01:30:00,8.4291,8.719,0.00010000000000012221
EWR-1,6/7/2025,01:40:00 am,0,2025-06-07 01:40:00,8.4287,8.72,0.0
EWR-1,6/7/2025,01:50:00 am,0,2025-06-07 01:50:00,8.4288,8.72,0.0
EWR-1,6/7/2025,02:00:00 am,0,2025-06-07 02:00:00,8.4284,8.72,0.0
EWR-1,6/7/2025,02:10:00 am,0,2025-06-07 02:10:00,8.429,8.72,0.0
EWR-1,6/7/2025,02:20:00 am,0,2025-06-07 02:20:00,8.4287,8.72,0.00010000000000012221
EWR-1,6/7/2025,02:30:00 am,0,2025-06-07 02:30:00,8.4288,8.719,0.0
EWR-1,6/7/2025,02:40:00 am,0,2025-06-07 02:40:00,8.4289,8.719,9.999999999994457e-05
EWR-1,6/7/2025,02:50:00 am,0,2025-06-07 02:50:00,8.4292,8.718,9.999999999994457e-05
EWR-1,6/7/2025,03:00:00 am,0,2025-06-07 03:00:00,8.4291,8.717,0.0
EWR-1,6/7/2025,03:10:00 am,0,2025-06-07 03:10:00,8.4293,8.717,0.0002000000000000668
EWR-1,6/7/2025,03:20:00 am,0,2025-06-07 03:20:00,8.4296,8.715,9.999999999994457e-05
EWR-1,6/7/2025,03:30:00 am,0,2025-06-07 03:30:00,8.4297,8.714,0.00010000000000012221
EWR-1,6/7/2025,03:40:00 am,0,2025-06-07 03:40:00,8.4299,8.713,9.999999999994457e-05
EWR-1,6/7/2025,03:50:00 am,0,2025-06-07 03:50:00,8.4298,8.712,9.999999999994457e-05
EWR-1,6/7/2025,04:00:00 am,0,2025-06-07 04:00:00,8.4299,8.711,9.999999999994457e-05
EWR-1,6/7/2025,04:10:00 am,0,2025-06-07 04:10:00,8.43,8.71,0.0002000000000000668
EWR-1,6/7/2025,04:20:00 am,0,2025-06-07 04:20:00,8.4306,8.708,9.999999999994457e-05
EWR-1,6/7/2025,04:30:00 am,0,2025-06-07 04:30:00,8.4312,8.707,0.0002000000000000668
EWR-1,6/7/2025,04:40:00 am,0,2025-06-07 04:40:00,8.4313,8.705,0.0002000000000000668
EWR-1,6/7/2025,04:50:00 am,0,2025-06-07 04:50:00,8.4317,8.703,0.00019999999999988915
EWR-1,6/7/2025,05:00:00 am,0,2025-06-07 05:00:00,8.4326,8.701,0.0002000000000000668
EWR-1,6/7/2025,05:10:00 am,0,2025-06-07 05:10:00,8.433,8.699,0.0002000000000000668
EWR-1,6/7/2025,05:20:00 am,0,2025-06-07 05:20:00,8.4349,8.697,0.00019999999999988915
EWR-1,6/7/2025,05:30:00 am,0,2025-06-07 05:30:00,8.4352,8.695,0.00030000000000001136
EWR-1,6/7/2025,05:40:00 am,0,2025-06-07 05:40:00,8.4359,8.692,0.0002000000000000668
EWR-1,6/7/2025,05:50:00 am,0,2025-06-07 05:50:00,8.4367,8.69,0.00019999999999988915
EWR-1,6/7/2025,06:00:00 am,0,2025-06-07 06:00:00,8.4371,8.688,0.00030000000000001136
EWR-1,6/7/2025,06:10:00 am,0,2025-06-07 06:10:00,8.4381,8.685,0.0002000000000000668
EWR-1,6/7/2025,06:20:00 am,0,2025-06-07 06:20:00,8.4391,8.683,0.00030000000000001136
EWR-1,6/7/2025,06:30:00 am,0,2025-06-07 06:30:00,8.4397,8.68,0.00030000000000001136
EWR-1,6/7/2025,06:40:00 am,0,2025-06-07 06:40:00,8.4402,8.677,0.00030000000000001136
EWR-1,6/7/2025,06:50:00 am,0,2025-06-07 06:50:00,8.441,8.674,0.00030000000000001136
EWR-1,6/7/2025,07:00:00 am,0,2025-06-07 07:00:00,8.4415,8.671,0.00030000000000001136
EWR-1,6/7/2025,07:10:00 am,0,2025-06-07 07:10:00,8.4421,8.668,0.00030000000000001136
EWR-1,6/7/2025,07:20:00 am,0,2025-06-07 07:20:00,8.442,8.665,0.0002999999999998337
EWR-1,6/7/2025,07:30:00 am,0,2025-06-07 07:30:00,8.4418,8.662,0.00030000000000001136
EWR-1,6/7/2025,07:40:00 am,0,2025-06-07 07:40:00,8.4423,8.659,0.00030000000000001136
EWR-1,6/7/2025,07:50:00 am,0,2025-06-07 07:50:00,8.4428,8.656,0.0004000000000001336
EWR-1,6/7/2025,08:00:00 am,0,2025-06-07 08:00:00,8.4424,8.652,0.00019999999999988915
EWR-1,6/7/2025,08:10:00 am,0,2025-06-07 08:10:00,8.4432,8.65,0.00039999999999995595
EWR-1,6/7/2025,08:20:00 am,0,2025-06-07 08:20:00,8.4436,8.646,0.00030000000000001136
EWR-1,6/7/2025,08:30:00 am,0,2025-06-07 08:30:00,8.4437,8.643,0.00030000000000001136
EWR-1,6/7/2025,08:40:00 am,0,2025-06-07 08:40:00,8.444,8.64,0.00030000000000001136
EWR-1,6/7/2025,08:50:00 am,0,2025-06-07 08:50:00,8.4447,8.637,0.00030000000000001136
EWR-1,6/7/2025,09:00:00 am,0,2025-06-07 09:00:00,8.4453,8.634,0.00030000000000001136
EWR-1,6/7/2025,09:10:00 am,0,2025-06-07 09:10:00,8.4448,8.631,0.0002000000000000668
EWR-1,6/7/2025,09:20:00 am,0,2025-06-07 09:20:00,8.4452,8.629,0.00019999999999988915
EWR-1,6/7/2025,09:30:00 am,0,2025-06-07 09:30:00,8.4453,8.627,0.00030000000000001136
EWR-1,6/7/2025,09:40:00 am,0,2025-06-07 09:40:00,8.4447,8.624,0.0002000000000000668
EWR-1,6/7/2025,09:50:00 am,0,2025-06-07 09:50:00,8.444,8.622,9.999999999994457e-05
EWR-1,6/7/2025,10:00:00 am,0,2025-06-07 10:00:00,8.442,8.621,0.0002000000000000668
EWR-1,6/7/2025,10:10:00 am,0,2025-06-07 10:10:00,8.4402,8.619,9.999999999994457e-05
EWR-1,6/7/2025,10:20:00 am,0,2025-06-07 10:20:00,8.4384,8.618,9.999999999994457e-05
EWR-1,6/7/2025,10:30:00 am,0,2025-06-07 10:30:00,8.4358,8.617,0.00010000000000012221
EWR-1,6/7/2025,10:40:00 am,0,2025-06-07 10:40:00,8.433,8.616,9.999999999994457e-05
EWR-1,6/7/2025,10:50:00 am,0,2025-06-07 10:50:00,8.4309,8.615,9.999999999994457e-05
EWR-1,6/7/2025,11:00:00 am,0,2025-06-07 11:00:00,8.4286,8.614,0.0
EWR-1,6/7/2025,11:10:00 am,0,2025-06-07 11:10:00,8.4274,8.614,0.00010000000000012221
EWR-1,6/7/2025,11:20:00 am,0,2025-06-07 11:20:00,8.4245,8.613,0.0
EWR-1,6/7/2025,11:30:00 am,0,2025-06-07 11:30:00,8.4225,8.613,9.999999999994457e-05
EWR-1,6/7/2025,11:40:00 am,0,2025-06-07 11:40:00,8.4206,8.612,0.0002000000000000668
EWR-1,6/7/2025,11:50:00 am,0,2025-06-07 11:50:00,8.4182,8.614,0.0
EWR-1,6/7/2025,12:00:00 pm,0,2025-06-07 12:00:00,8.4161,8.614,0.00019999999999988915
EWR-1,6/7/2025,12:10:00 pm,0,2025-06-07 12:10:00,8.4148,8.616,0.00010000000000012221
EWR-1,6/7/2025,12:20:00 pm,0,2025-06-07 12:20:00,8.4134,8.617,9.999999999994457e-05
EWR-1,6/7/2025,12:30:00 pm,0,2025-06-07 12:30:00,8.4113,8.618,0.00019999999999988915
EWR-1,6/7/2025,12:40:00 pm,0,2025-06-07 12:40:00,8.409,8.62,0.00010000000000012221
EWR-1,6/7/2025,12:50:00 pm,0,2025-06-07 12:50:00,8.4079,8.621,0.00030000000000001136
EWR-1,6/7/2025,01:00:00 pm,0,2025-06-07 13:00:00,8.4064,8.624,0.00019999999999988915
EWR-1,6/7/2025,01:10:00 pm,0,2025-06-07 13:10:00,8.4049,8.626,0.00030000000000001136
EWR-1,6/7/2025,01:20:00 pm,0,2025-06-07 13:20:00,8.404,8.629,0.0002000000000000668
EWR-1,6/7/2025,01:30:00 pm,0,2025-06-07 13:30:00,8.4028,8.631,0.00030000000000001136
EWR-1,6/7/2025,01:40:00 pm,0,2025-06-07 13:40:00,8.401,8.634,0.00030000000000001136
EWR-1,6/7/2025,01:50:00 pm,0,2025-06-07 13:50:00,8.3998,8.637,0.00039999999999995595
EWR-1,6/7/2025,02:00:00 pm,0,2025-06-07 14:00:00,8.3982,8.641,0.00039999999999995595
EWR-1,6/7/2025,02:10:00 pm,0,2025-06-07 14:10:00,8.3974,8.645,0.00030000000000001136
EWR-1,6/7/2025,02:20:00 pm,0,2025-06-07 14:20:00,8.3965,8.648,0.00030000000000001136
EWR-1,6/7/2025,02:30:00 pm,0,2025-06-07 14:30:00,8.3962,8.651,0.00030000000000001136
EWR-1,6/7/2025,02:40:00 pm,0,2025-06-07 14:40:00,8.3953,8.654,0.00039999999999995595
EWR-1,6/7/2025,02:50:00 pm,0,2025-06-07 14:50:00,8.3956,8.658,0.0004000000000001336
EWR-1,6/7/2025,03:00:00 pm,0,2025-06-07 15:00:00,8.3951,8.662,0.0002999999999998337
EWR-1,6/7/2025,03:10:00 pm,0,2025-06-07 15:10:00,8.3939,8.665,0.0004000000000001336
EWR-1,6/7/2025,03:20:00 pm,0,2025-06-07 15:20:00,8.3922,8.669,0.00039999999999995595
EWR-1,6/7/2025,03:30:00 pm,0,2025-06-07 15:30:00,8.3918,8.673,0.0002000000000000668
EWR-1,6/7/2025,03:40:00 pm,0,2025-06-07 15:40:00,8.3929,8.675,0.00030000000000001136
EWR-1,6/7/2025,03:50:00 pm,0,2025-06-07 15:50:00,8.3937,8.678,0.00019999999999988915
EWR-1,6/7/2025,04:00:00 pm,0,2025-06-07 16:00:00,8.3947,8.68,0.0002000000000000668
EWR-1,6/7/2025,04:10:00 pm,0,2025-06-07 16:10:00,8.3953,8.682,0.00039999999999995595
EWR-1,6/7/2025,04:20:00 pm,0,2025-06-07 16:20:00,8.3963,8.686,0.0002000000000000668
EWR-1,6/7/2025,04:30:00 pm,0,2025-06-07 16:30:00,8.3969,8.688,0.00030000000000001136
EWR-1,6/7/2025,04:40:00 pm,0,2025-06-07 16:40:00,8.3962,8.691,0.00039999999999995595
EWR-1,6/7/2025,04:50:00 pm,0,2025-06-07 16:50:00,8.3955,8.695,0.0006000000000000227
EWR-1,6/7/2025,05:00:00 pm,0,2025-06-07 17:00:00,8.394,8.701,0.0004999999999999005
EWR-1,6/7/2025,05:10:00 pm,0,2025-06-07 17:10:00,8.3922,8.706,0.0004000000000001336
EWR-1,6/7/2025,05:20:00 pm,0,2025-06-07 17:20:00,8.3901,8.71,0.00039999999999995595
EWR-1,6/7/2025,05:30:00 pm,0,2025-06-07 17:30:00,8.39,8.714,0.00039999999999995595
EWR-1,6/7/2025,05:40:00 pm,0,2025-06-07 17:40:00,8.3902,8.718,0.0005000000000000782
EWR-1,6/7/2025,05:50:00 pm,0,2025-06-07 17:50:00,8.3901,8.723,0.00039999999999995595
EWR-1,6/7/2025,06:00:00 pm,0,2025-06-07 18:00:00,8.3892,8.727,0.0004999999999999005
EWR-1,6/7/2025,06:10:00 pm,0,2025-06-07 18:10:00,8.389,8.732,0.0004000000000001336
EWR-1,6/7/2025,06:20:00 pm,0,2025-06-07 18:20:00,8.3903,8.736,0.0004999999999999005
EWR-1,6/7/2025,06:30:00 pm,0,2025-06-07 18:30:00,8.3921,8.741,0.00039999999999995595
EWR-1,6/7/2025,06:40:00 pm,0,2025-06-07 18:40:00,8.3946,8.745,0.0004000000000001336
EWR-1,6/7/2025,06:50:00 pm,0,2025-06-07 18:50:00,8.3958,8.749,0.00039999999999995595
EWR-1,6/7/2025,07:00:00 pm,0,2025-06-07 19:00:00,8.3978,8.753,0.00039999999999995595
EWR-1,6/7/2025,07:10:00 pm,0,2025-06-07 19:10:00,8.4006,8.757,0.00030000000000001136
EWR-1,6/7/2025,07:20:00 pm,0,2025-06-07 19:20:00,8.4032,8.76,0.00039999999999995595
EWR-1,6/7/2025,07:30:00 pm,0,2025-06-07 19:30:00,8.4051,8.764,0.0004000000000001336
EWR-1,6/7/2025,07:40:00 pm,0,2025-06-07 19:40:00,8.4062,8.768,0.00039999999999995595
EWR-1,6/7/2025,07:50:00 pm,0,2025-06-07 19:50:00,8.4061,8.772,0.00030000000000001136
EWR-1,6/7/2025,08:00:00 pm,0,2025-06-07 20:00:00,8.4066,8.775,0.00039999999999995595
EWR-1,6/7/2025,08:10:00 pm,0,2025-06-07 20:10:00,8.4092,8.779,0.00039999999999995595
EWR-1,6/7/2025,08:20:00 pm,0,2025-06-07 20:20:00,8.4112,8.783,0.00030000000000001136
EWR-1,6/7/2025,08:30:00 pm,0,2025-06-07 20:30:00,8.4131,8.786,0.00039999999999995595
EWR-1,6/7/2025,08:40:00 pm,0,2025-06-07 20:40:00,8.4152,8.79,0.0004000000000001336
EWR-1,6/7/2025,08:50:00 pm,0,2025-06-07 20:50:00,8.4172,8.794,0.00030000000000001136
EWR-1,6/7/2025,09:00:00 pm,0,2025-06-07 21:00:00,8.4185,8.797,0.00039999999999995595
EWR-1,6/7/2025,09:10:00 pm,0,2025-06-07 21:10:00,8.4199,8.801,0.00030000000000001136
EWR-1,6/7/2025,09:20:00 pm,0,2025-06-07 21:20:00,8.4219,8.804,0.00039999999999995595
EWR-1,6/7/2025,09:30:00 pm,0,2025-06-07 21:30:00,8.4241,8.808,0.00030000000000001136
EWR-1,6/7/2025,09:40:00 pm,0,2025-06-07 21:40:00,8.4261,8.811,0.00030000000000001136
EWR-1,6/7/2025,09:50:00 pm,0,2025-06-07 21:50:00,8.4266,8.814,0.00039999999999995595
EWR-1,6/7/2025,10:00:00 pm,0,2025-06-07 22:00:00,8.4271,8.818,0.00030000000000001136
EWR-1,6/7/2025,10:10:00 pm,0,2025-06-07 22:10:00,8.4282,8.821,0.0002000000000000668
EWR-1,6/7/2025,10:20:00 pm,0,2025-06-07 22:20:00,8.4297,8.823,0.00039999999999995595
EWR-1,6/7/2025,10:30:00 pm,0,2025-06-07 22:30:00,8.4307,8.827,0.0002000000000000668
EWR-1,6/7/2025,10:40:00 pm,0,2025-06-07 22:40:00,8.4313,8.829,0.00030000000000001136
EWR-1,6/7/2025,10:50:00 pm,0,2025-06-07 22:50:00,8.4315,8.832,0.00030000000000001136
EWR-1,6/7/2025,11:00:00 pm,0,2025-06-07 23:00:00,8.4318,8.835,0.00019999999999988915
EWR-1,6/7/2025,11:10:00 pm,0,2025-06-07 23:10:00,8.4324,8.837,0.00030000000000001136
EWR-1,6/7/2025,11:20:00 pm,0,2025-06-07 23:20:00,8.4333,8.84,0.0002000000000000668
EWR-1,6/7/2025,11:30:00 pm,0,2025-06-07 23:30:00,8.4338,8.842,0.00019999999999988915
EWR-1,6/7/2025,11:40:00 pm,0,2025-06-07 23:40:00,8.434,8.844,0.00010000000000012221
EWR-1,6/7/2025,11:50:00 pm,0,2025-06-07 23:50:00,8.4343,8.845,0.00019999999999988915
EWR-1,6/8/2025,12:00:00 am,0,2025-06-08 00:00:00,8.4335,8.847,0.0002000000000000668
EWR-1,6/8/2025,12:10:00 am,0,2025-06-08 00:10:00,8.4337,8.849,0.0002000000000000668
EWR-1,6/8/2025,12:20:00 am,0,2025-06-08 00:20:00,8.4341,8.851,9.999999999994457e-05
EWR-1,6/8/2025,12:30:00 am,0,2025-06-08 00:30:00,8.4341,8.852,0.00019999999999988915
EWR-1,6/8/2025,12:40:00 am,0,2025-06-08 00:40:00,8.4341,8.854,0.00010000000000012221
EWR-1,6/8/2025,12:50:00 am,0,2025-06-08 00:50:00,8.4342,8.855,9.999999999994457e-05
EWR-1,6/8/2025,01:00:00 am,0,2025-06-08 01:00:00,8.434,8.856,9.999999999994457e-05
EWR-1,6/8/2025,01:10:00 am,0,2025-06-08 01:10:00,8.4345,8.857,0.00010000000000012221
EWR-1,6/8/2025,01:20:00 am,0,2025-06-08 01:20:00,8.4344,8.858,9.999999999994457e-05
EWR-1,6/8/2025,01:30:00 am,0,2025-06-08 01:30:00,8.4348,8.859,9.999999999994457e-05
EWR-1,6/8/2025,01:40:00 am,0,2025-06-08 01:40:00,8.4346,8.86,0.0
EWR-1,6/8/2025,01:50:00 am,0,2025-06-08 01:50:00,8.4339,8.86,0.00010000000000012221
EWR-1,6/8/2025,02:00:00 am,0,2025-06-08 02:00:00,8.4334,8.861,0.0
EWR-1,6/8/2025,02:10:00 am,0,2025-06-08 02:10:00,8.4336,8.861,9.999999999994457e-05
EWR-1,6/8/2025,02:20:00 am,0,2025-06-08 02:20:00,8.4332,8.862,9.999999999994457e-05
EWR-1,6/8/2025,02:30:00 am,0,2025-06-08 02:30:00,8.434,8.861,9.999999999994457e-05
EWR-1,6/8/2025,02:40:00 am,0,2025-06-08 02:40:00,8.4345,8.862,0.0
EWR-1,6/8/2025,02:50:00 am,0,2025-06-08 02:50:00,8.4344,8.862,9.999999999994457e-05
EWR-1,6/8/2025,03:00:00 am,0,2025-06-08 03:00:00,8.4345,8.861,0.0
EWR-1,6/8/2025,03:10:00 am,0,2025-06-08 03:10:00,8.4346,8.861,0.00010000000000012221
EWR-1,6/8/2025,03:20:00 am,0,2025-06-08 03:20:00,8.4346,8.86,0.0
EWR-1,6/8/2025,03:30:00 am,0,2025-06-08 03:30:00,8.4344,8.86,9.999999999994457e-05
EWR-1,6/8/2025,03:40:00 am,0,2025-06-08 03:40:00,8.4341,8.859,9.999999999994457e-05
EWR-1,6/8/2025,03:50:00 am,0,2025-06-08 03:50:00,8.4343,8.858,0.0
EWR-1,6/8/2025,04:00:00 am,0,2025-06-08 04:00:00,8.4344,8.858,0.0002000000000000668
EWR-1,6/8/2025,04:10:00 am,0,2025-06-08 04:10:00,8.4331,8.856,9.999999999994457e-05
EWR-1,6/8/2025,04:20:00 am,0,2025-06-08 04:20:00,8.4331,8.855,0.00010000000000012221
EWR-1,6/8/2025,04:30:00 am,0,2025-06-08 04:30:00,8.4337,8.854,0.00019999999999988915
EWR-1,6/8/2025,04:40:00 am,0,2025-06-08 04:40:00,8.4335,8.852,9.999999999994457e-05
EWR-1,6/8/2025,04:50:00 am,0,2025-06-08 04:50:00,8.4332,8.851,0.00010000000000012221
EWR-1,6/8/2025,05:00:00 am,0,2025-06-08 05:00:00,8.4329,8.85,0.00019999999999988915
EWR-1,6/8/2025,05:10:00 am,0,2025-06-08 05:10:00,8.4336,8.848,0.00010000000000012221
EWR-1,6/8/2025,05:20:00 am,0,2025-06-08 05:20:00,8.4341,8.847,0.00019999999999988915
EWR-1,6/8/2025,05:30:00 am,0,2025-06-08 05:30:00,8.4349,8.845,0.00010000000000012221
EWR-1,6/8/2025,05:40:00 am,0,2025-06-08 05:40:00,8.4357,8.844,0.00030000000000001136
EWR-1,6/8/2025,05:50:00 am,0,2025-06-08 05:50:00,8.4361,8.841,0.00019999999999988915
EWR-1,6/8/2025,06:00:00 am,0,2025-06-08 06:00:00,8.4365,8.839,0.0002000000000000668
EWR-1,6/8/2025,06:10:00 am,0,2025-06-08 06:10:00,8.4371,8.837,0.00019999999999988915
EWR-1,6/8/2025,06:20:00 am,0,2025-06-08 06:20:00,8.4376,8.835,0.0002000000000000668
EWR-1,6/8/2025,06:30:00 am,0,2025-06-08 06:30:00,8.4383,8.833,0.00030000000000001136
EWR-1,6/8/2025,06:40:00 am,0,2025-06-08 06:40:00,8.4384,8.83,0.0002000000000000668
EWR-1,6/8/2025,06:50:00 am,0,2025-06-08 06:50:00,8.4394,8.828,0.00030000000000001136
EWR-1,6/8/2025,07:00:00 am,0,2025-06-08 07:00:00,8.4397,8.825,0.00019999999999988915
EWR-1,6/8/2025,07:10:00 am,0,2025-06-08 07:10:00,8.4396,8.823,0.00030000000000001136
EWR-1,6/8/2025,07:20:00 am,0,2025-06-08 07:20:00,8.4401,8.82,0.00030000000000001136
EWR-1,6/8/2025,07:30:00 am,0,2025-06-08 07:30:00,8.4403,8.817,0.0002000000000000668
EWR-1,6/8/2025,07:40:00 am,0,2025-06-08 07:40:00,8.4408,8.815,0.00030000000000001136
EWR-1,6/8/2025,07:50:00 am,0,2025-06-08 07:50:00,8.4405,8.812,0.00030000000000001136
EWR-1,6/8/2025,08:00:00 am,0,2025-06-08 08:00:00,8.4406,8.809,0.00019999999999988915
EWR-1,6/8/2025,08:10:00 am,0,2025-06-08 08:10:00,8.4412,8.807,0.00030000000000001136
EWR-1,6/8/2025,08:20:00 am,0,2025-06-08 08:20:00,8.4412,8.804,0.00030000000000001136
EWR-1,6/8/2025,08:30:00 am,0,2025-06-08 08:30:00,8.4415,8.801,0.0002000000000000668
EWR-1,6/8/2025,08:40:00 am,0,2025-06-08 08:40:00,8.4417,8.799,0.00030000000000001136
EWR-1,6/8/2025,08:50:00 am,0,2025-06-08 08:50:00,8.442,8.796,0.00030000000000001136
EWR-1,6/8/2025,09:00:00 am,0,2025-06-08 09:00:00,8.4418,8.793,0.00019999999999988915
EWR-1,6/8/2025,09:10:00 am,0,2025-06-08 09:10:00,8.4422,8.791,0.0002000000000000668
EWR-1,6/8/2025,09:20:00 am,0,2025-06-08 09:20:00,8.4422,8.789,0.00019999999999988915
EWR-1,6/8/2025,09:30:00 am,0,2025-06-08 09:30:00,8.4426,8.787,0.0002000000000000668
EWR-1,6/8/2025,09:40:00 am,0,2025-06-08 09:40:00,8.4416,8.785,9.999999999994457e-05
EWR-1,6/8/2025,09:50:00 am,0,2025-06-08 09:50:00,8.4402,8.784,0.00010000000000012221
EWR-1,6/8/2025,10:00:00 am,0,2025-06-08 10:00:00,8.4391,8.783,0.00019999999999988915
EWR-1,6/8/2025,10:10:00 am,0,2025-06-08 10:10:00,8.4375,8.781,0.0
EWR-1,6/8/2025,10:20:00 am,0,2025-06-08 10:20:00,8.4364,8.781,0.00010000000000012221
EWR-1,6/8/2025,10:30:00 am,0,2025-06-08 10:30:00,8.4354,8.78,9.999999999994457e-05
EWR-1,6/8/2025,10:40:00 am,0,2025-06-08 10:40:00,8.4343,8.779,9.999999999994457e-05
EWR-1,6/8/2025,10:50:00 am,0,2025-06-08 10:50:00,8.4331,8.778,0.0002000000000000668
EWR-1,6/8/2025,11:00:00 am,0,2025-06-08 11:00:00,8.4314,8.776,0.0
EWR-1,6/8/2025,11:10:00 am,0,2025-06-08 11:10:00,8.4303,8.776,0.0
EWR-1,6/8/2025,11:20:00 am,0,2025-06-08 11:20:00,8.4288,8.776,9.999999999994457e-05
EWR-1,6/8/2025,11:30:00 am,0,2025-06-08 11:30:00,8.4269,8.775,0.0
EWR-1,6/8/2025,11:40:00 am,0,2025-06-08 11:40:00,8.4241,8.775,9.999999999994457e-05
EWR-1,6/8/2025,11:50:00 am,0,2025-06-08 11:50:00,8.4219,8.776,0.0
EWR-1,6/8/2025,12:00:00 pm,0,2025-06-08 12:00:00,8.4181,8.776,0.0002000000000000668
EWR-1,6/8/2025,12:10:00 pm,0,2025-06-08 12:10:00,8.4156,8.778,9.999999999994457e-05
EWR-1,6/8/2025,12:20:00 pm,0,2025-06-08 12:20:00,8.4128,8.779,9.999999999994457e-05
EWR-1,6/8/2025,12:30:00 pm,0,2025-06-08 12:30:00,8.4108,8.78,0.00010000000000012221
EWR-1,6/8/2025,12:40:00 pm,0,2025-06-08 12:40:00,8.4084,8.781,0.00019999999999988915
EWR-1,6/8/2025,12:50:00 pm,0,2025-06-08 12:50:00,8.4059,8.783,0.00010000000000012221
EWR-1,6/8/2025,01:00:00 pm,0,2025-06-08 13:00:00,8.4036,8.784,0.00019999999999988915
EWR-1,6/8/2025,01:10:00 pm,0,2025-06-08 13:10:00,8.4015,8.786,0.0002000000000000668
EWR-1,6/8/2025,01:20:00 pm,0,2025-06-08 13:20:00,8.3992,8.788,0.00030000000000001136
EWR-1,6/8/2025,01:30:00 pm,0,2025-06-08 13:30:00,8.3965,8.791,0.00030000000000001136
EWR-1,6/8/2025,01:40:00 pm,0,2025-06-08 13:40:00,8.3947,8.794,0.00030000000000001136
EWR-1,6/8/2025,01:50:00 pm,0,2025-06-08 13:50:00,8.3928,8.797,0.00030000000000001136
EWR-1,6/8/2025,02:00:00 pm,0,2025-06-08 14:00:00,8.3916,8.8,0.00030000000000001136
EWR-1,6/8/2025,02:10:00 pm,0,2025-06-08 14:10:00,8.3897,8.803,0.0002999999999998337
EWR-1,6/8/2025,02:20:00 pm,0,2025-06-08 14:20:00,8.3893,8.806,0.00030000000000001136
EWR-1,6/8/2025,02:30:00 pm,0,2025-06-08 14:30:00,8.3879,8.809,0.00030000000000001136
EWR-1,6/8/2025,02:40:00 pm,0,2025-06-08 14:40:00,8.3872,8.812,0.0004000000000001336
EWR-1,6/8/2025,02:50:00 pm,0,2025-06-08 14:50:00,8.3874,8.816,0.00019999999999988915
EWR-1,6/8/2025,03:00:00 pm,0,2025-06-08 15:00:00,8.3862,8.818,0.00030000000000001136
EWR-1,6/8/2025,03:10:00 pm,0,2025-06-08 15:10:00,8.3866,8.821,0.00030000000000001136
EWR-1,6/8/2025,03:20:00 pm,0,2025-06-08 15:20:00,8.3882,8.824,0.0002000000000000668
EWR-1,6/8/2025,03:30:00 pm,0,2025-06-08 15:30:00,8.3882,8.826,0.00030000000000001136
EWR-1,6/8/2025,03:40:00 pm,0,2025-06-08 15:40:00,8.3876,8.829,0.00039999999999995595
EWR-1,6/8/2025,03:50:00 pm,0,2025-06-08 15:50:00,8.3851,8.833,0.00039999999999995595
EWR-1,6/8/2025,04:00:00 pm,0,2025-06-08 16:00:00,8.3825,8.837,0.0005000000000000782
EWR-1,6/8/2025,04:10:00 pm,0,2025-06-08 16:10:00,8.3815,8.842,0.00030000000000001136
EWR-1,6/8/2025,04:20:00 pm,0,2025-06-08 16:20:00,8.3815,8.845,0.00039999999999995595
EWR-1,6/8/2025,04:30:00 pm,0,2025-06-08 16:30:00,8.3826,8.849,0.00039999999999995595
EWR-1,6/8/2025,04:40:00 pm,0,2025-06-08 16:40:00,8.3847,8.853,0.00030000000000001136
EWR-1,6/8/2025,04:50:00 pm,0,2025-06-08 16:50:00,8.3859,8.856,0.00030000000000001136
EWR-1,6/8/2025,05:00:00 pm,0,2025-06-08 17:00:00,8.3871,8.859,0.00030000000000001136
EWR-1,6/8/2025,05:10:00 pm,0,2025-06-08 17:10:00,8.39,8.862,0.00030000000000001136
EWR-1,6/8/2025,05:20:00 pm,0,2025-06-08 17:20:00,8.3967,8.865,0.0002000000000000668
EWR-1,6/8/2025,05:30:00 pm,0,2025-06-08 17:30:00,8.3998,8.867,0.0002999999999998337
EWR-1,6/8/2025,05:40:00 pm,0,2025-06-08 17:40:00,8.4032,8.87,0.0002000000000000668
EWR-1,6/8/2025,05:50:00 pm,0,2025-06-08 17:50:00,8.4034,8.872,0.00030000000000001136
EWR-1,6/8/2025,06:00:00 pm,0,2025-06-08 18:00:00,8.4042,8.875,0.00030000000000001136
EWR-1,6/8/2025,06:10:00 pm,0,2025-06-08 18:10:00,8.4059,8.878,0.00039999999999995595
EWR-1,6/8/2025,06:20:00 pm,0,2025-06-08 18:20:00,8.4095,8.882,0.00039999999999995595
EWR-1,6/8/2025,06:30:00 pm,0,2025-06-08 18:30:00,8.4091,8.886,0.00030000000000001136
EWR-1,6/8/2025,06:40:00 pm,0,2025-06-08 18:40:00,8.4086,8.889,0.00030000000000001136
EWR-1,6/8/2025,06:50:00 pm,0,2025-06-08 18:50:00,8.4111,8.892,0.0004000000000001336
EWR-1,6/8/2025,07:00:00 pm,0,2025-06-08 19:00:00,8.4144,8.896,0.00039999999999995595
EWR-1,6/8/2025,07:10:00 pm,0,2025-06-08 19:10:00,8.4168,8.9,0.00030000000000001136
EWR-1,6/8/2025,07:20:00 pm,0,2025-06-08 19:20:00,8.417,8.903,0.00030000000000001136
EWR-1,6/8/2025,07:30:00 pm,0,2025-06-08 19:30:00,8.4184,8.906,0.00030000000000001136
EWR-1,6/8/2025,07:40:00 pm,0,2025-06-08 19:40:00,8.4209,8.909,0.00039999999999995595
EWR-1,6/8/2025,07:50:00 pm,0,2025-06-08 19:50:00,8.4222,8.913,0.00039999999999995595
EWR-1,6/8/2025,08:00:00 pm,0,2025-06-08 20:00:00,8.4238,8.917,0.0002000000000000668
EWR-1,6/8/2025,08:10:00 pm,0,2025-06-08 20:10:00,8.4274,8.919,0.00039999999999995595
EWR-1,6/8/2025,08:20:00 pm,0,2025-06-08 20:20:00,8.4305,8.923,0.00030000000000001136
EWR-1,6/8/2025,08:30:00 pm,0,2025-06-08 20:30:00,8.4309,8.926,0.00030000000000001136
EWR-1,6/8/2025,08:40:00 pm,0,2025-06-08 20:40:00,8.432,8.929,0.00030000000000001136
EWR-1,6/8/2025,08:50:00 pm,0,2025-06-08 20:50:00,8.4338,8.932,0.00019999999999988915
EWR-1,6/8/2025,09:00:00 pm,0,2025-06-08 21:00:00,8.4391,8.934,0.0002000000000000668
EWR-1,6/8/2025,09:10:00 pm,0,2025-06-08 21:10:00,8.4433,8.936,0.00039999999999995595
EWR-1,6/8/2025,09:20:00 pm,0,2025-06-08 21:20:00,8.4445,8.94,0.0004000000000001336
EWR-1,6/8/2025,09:30:00 pm,0,2025-06-08 21:30:00,8.4471,8.944,0.0004999999999999005
EWR-1,6/8/2025,09:40:00 pm,0,2025-06-08 21:40:00,8.4517,8.949,0.00030000000000001136
EWR-1,6/8/2025,09:50:00 pm,0,2025-06-08 21:50:00,8.4541,8.952,0.00039999999999995595
EWR-1,6/8/2025,10:00:00 pm,0,2025-06-08 22:00:00,8.4544,8.956,0.00030000000000001136
EWR-1,6/8/2025,10:10:00 pm,0,2025-06-08 22:10:00,8.4523,8.959,0.0002000000000000668
EWR-1,6/8/2025,10:20:00 pm,0,2025-06-08 22:20:00,8.454,8.961,0.00039999999999995595
EWR-1,6/8/2025,10:30:00 pm,0,2025-06-08 22:30:00,8.4522,8.965,0.00030000000000001136
EWR-1,6/8/2025,10:40:00 pm,0,2025-06-08 22:40:00,8.4514,8.968,0.00030000000000001136
EWR-1,6/8/2025,10:50:00 pm,0,2025-06-08 22:50:00,8.4495,8.971,0.00030000000000001136
EWR-1,6/8/2025,11:00:00 pm,0,2025-06-08 23:00:00,8.4454,8.974,0.0002000000000000668
EWR-1,6/8/2025,11:10:00 pm,0,2025-06-08 23:10:00,8.4436,8.976,0.0002999999999998337
EWR-1,6/8/2025,11:20:00 pm,0,2025-06-08 23:20:00,8.4459,8.979,0.0002000000000000668
EWR-1,6/8/2025,11:30:00 pm,0,2025-06-08 23:30:00,8.4466,8.981,0.00030000000000001136
EWR-1,6/8/2025,11:40:00 pm,0,2025-06-08 23:40:00,8.4474,8.984,0.0002000000000000668
EWR-1,6/8/2025,11:50:00 pm,0,2025-06-08 23:50:00,8.4481,8.986,0.00030000000000001136
EWR-1,6/9/2025,12:00:00 am,0,2025-06-09 00:00:00,8.4462,8.989,0.00019999999999988915
EWR-1,6/9/2025,12:10:00 am,0,2025-06-09 00:10:00,8.4436,8.991,0.0002000000000000668
EWR-1,6/9/2025,12:20:00 am,0,2025-06-09 00:20:00,8.4427,8.993,0.00019999999999988915
EWR-1,6/9/2025,12:30:00 am,0,2025-06-09 00:30:00,8.4431,8.995,0.00010000000000012221
EWR-1,6/9/2025,12:40:00 am,0,2025-06-09 00:40:00,8.4427,8.996,0.00019999999999988915
EWR-1,6/9/2025,12:50:00 am,0,2025-06-09 00:50:00,8.4417,8.998,0.0002000000000000668
EWR-1,6/9/2025,01:00:00 am,0,2025-06-09 01:00:00,8.442,9.0,0.0002000000000000668
EWR-1,6/9/2025,01:10:00 am,0,2025-06-09 01:10:00,8.4421,9.002,9.999999999994457e-05
EWR-1,6/9/2025,01:20:00 am,0,2025-06-09 01:20:00,8.4401,9.003,0.0002000000000000668
EWR-1,6/9/2025,01:30:00 am,0,2025-06-09 01:30:00,8.4399,9.005,9.999999999994457e-05
EWR-1,6/9/2025,01:40:00 am,0,2025-06-09 01:40:00,8.4389,9.006,9.999999999994457e-05
EWR-1,6/9/2025,01:50:00 am,0,2025-06-09 01:50:00,8.4385,9.007,9.999999999994457e-05
EWR-1,6/9/2025,02:00:00 am,0,2025-06-09 02:00:00,8.4385,9.008,0.00010000000000012221
EWR-1,6/9/2025,02:10:00 am,0,2025-06-09 02:10:00,8.4384,9.009,9.999999999994457e-05
EWR-1,6/9/2025,02:20:00 am,0,2025-06-09 02:20:00,8.4383,9.01,9.999999999994457e-05
EWR-1,6/9/2025,02:30:00 am,0,2025-06-09 02:30:00,8.4379,9.011,0.00010000000000012221
EWR-1,6/9/2025,02:40:00 am,0,2025-06-09 02:40:00,8.4367,9.012,9.999999999994457e-05
EWR-1,6/9/2025,02:50:00 am,0,2025-06-09 02:50:00,8.4361,9.013,9.999999999994457e-05
EWR-1,6/9/2025,03:00:00 am,0,2025-06-09 03:00:00,8.437,9.012,9.999999999994457e-05
EWR-1,6/9/2025,03:10:00 am,0,2025-06-09 03:10:00,8.435,9.013,0.0
EWR-1,6/9/2025,03:20:00 am,0,2025-06-09 03:20:00,8.4341,9.013,9.999999999994457e-05
EWR-1,6/9/2025,03:30:00 am,0,2025-06-09 03:30:00,8.4334,9.014,0.0
EWR-1,6/9/2025,03:40:00 am,0,2025-06-09 03:40:00,8.4335,9.014,9.999999999994457e-05
EWR-1,6/9/2025,03:50:00 am,0,2025-06-09 03:50:00,8.4336,9.013,0.0
EWR-1,6/9/2025,04:00:00 am,0,2025-06-09 04:00:00,8.4341,9.013,0.0
EWR-1,6/9/2025,04:10:00 am,0,2025-06-09 04:10:00,8.434,9.013,0.0
EWR-1,6/9/2025,04:20:00 am,0,2025-06-09 04:20:00,8.4338,9.013,9.999999999994457e-05
EWR-1,6/9/2025,04:30:00 am,0,2025-06-09 04:30:00,8.4337,9.012,0.00010000000000012221
EWR-1,6/9/2025,04:40:00 am,0,2025-06-09 04:40:00,8.4336,9.011,0.0
EWR-1,6/9/2025,04:50:00 am,0,2025-06-09 04:50:00,8.4341,9.011,9.999999999994457e-05
EWR-1,6/9/2025,05:00:00 am,0,2025-06-09 05:00:00,8.4342,9.01,9.999999999994457e-05
EWR-1,6/9/2025,05:10:00 am,0,2025-06-09 05:10:00,8.4348,9.009,0.00010000000000012221
EWR-1,6/9/2025,05:20:00 am,0,2025-06-09 05:20:00,8.4352,9.008,9.999999999994457e-05
EWR-1,6/9/2025,05:30:00 am,0,2025-06-09 05:30:00,8.4352,9.007,0.00019999999999988915
EWR-1,6/9/2025,05:40:00 am,0,2025-06-09 05:40:00,8.4356,9.005,0.00010000000000012221
EWR-1,6/9/2025,05:50:00 am,0,2025-06-09 05:50:00,8.4354,9.004,9.999999999994457e-05
EWR-1,6/9/2025,06:00:00 am,0,2025-06-09 06:00:00,8.4356,9.003,0.0002000000000000668
EWR-1,6/9/2025,06:10:00 am,0,2025-06-09 06:10:00,8.4366,9.001,0.00019999999999988915
EWR-1,6/9/2025,06:20:00 am,0,2025-06-09 06:20:00,8.4367,8.999,0.0002000000000000668
EWR-1,6/9/2025,06:30:00 am,0,2025-06-09 06:30:00,8.4366,8.997,0.0002000000000000668
EWR-1,6/9/2025,06:40:00 am,0,2025-06-09 06:40:00,8.437,8.995,0.00019999999999988915
EWR-1,6/9/2025,06:50:00 am,0,2025-06-09 06:50:00,8.4378,8.993,0.0002000000000000668
EWR-1,6/9/2025,07:00:00 am,0,2025-06-09 07:00:00,8.4377,8.991,0.00019999999999988915
EWR-1,6/9/2025,07:10:00 am,0,2025-06-09 07:10:00,8.4384,8.989,0.0002000000000000668
EWR-1,6/9/2025,07:20:00 am,0,2025-06-09 07:20:00,8.4392,8.987,0.0002000000000000668
EWR-1,6/9/2025,07:30:00 am,0,2025-06-09 07:30:00,8.44,8.985,0.00019999999999988915
EWR-1,6/9/2025,07:40:00 am,0,2025-06-09 07:40:00,8.4399,8.983,0.0002000000000000668
EWR-1,6/9/2025,07:50:00 am,0,2025-06-09 07:50:00,8.4405,8.981,0.0002000000000000668
EWR-1,6/9/2025,08:00:00 am,0,2025-06-09 08:00:00,8.4407,8.979,0.0002999999999998337
EWR-1,6/9/2025,08:10:00 am,0,2025-06-09 08:10:00,8.4411,8.976,0.0002000000000000668
EWR-1,6/9/2025,08:20:00 am,0,2025-06-09 08:20:00,8.4414,8.974,0.00030000000000001136
EWR-1,6/9/2025,08:30:00 am,0,2025-06-09 08:30:00,8.4409,8.971,0.0002000000000000668
EWR-1,6/9/2025,08:40:00 am,0,2025-06-09 08:40:00,8.441,8.969,0.00019999999999988915
EWR-1,6/9/2025,08:50:00 am,0,2025-06-09 08:50:00,8.4414,8.967,0.0002000000000000668
EWR-1,6/9/2025,09:00:00 am,0,2025-06-09 09:00:00,8.4412,8.965,0.0002000000000000668
EWR-1,6/9/2025,09:10:00 am,0,2025-06-09 09:10:00,8.4408,8.963,0.00019999999999988915
EWR-1,6/9/2025,09:20:00 am,0,2025-06-09 09:20:00,8.4408,8.961,0.0002000000000000668
EWR-1,6/9/2025,09:30:00 am,0,2025-06-09 09:30:00,8.4408,8.959,0.00019999999999988915
EWR-1,6/9/2025,09:40:00 am,0,2025-06-09 09:40:00,8.4415,8.957,0.00010000000000012221
EWR-1,6/9/2025,09:50:00 am,0,2025-06-09 09:50:00,8.4417,8.956,0.00019999999999988915
EWR-1,6/9/2025,10:00:00 am,0,2025-06-09 10:00:00,8.4411,8.954,0.00010000000000012221
EWR-1,6/9/2025,10:10:00 am,0,2025-06-09 10:10:00,8.4407,8.953,9.999999999994457e-05
EWR-1,6/9/2025,10:20:00 am,0,2025-06-09 10:20:00,8.4397,8.952,9.999999999994457e-05
EWR-1,6/9/2025,10:30:00 am,0,2025-06-09 10:30:00,8.4385,8.951,0.00010000000000012221
EWR-1,6/9/2025,10:40:00 am,0,2025-06-09 10:40:00,8.4371,8.95,0.0
EWR-1,6/9/2025,10:50:00 am,0,2025-06-09 10:50:00,8.4352,8.95,0.0
EWR-1,6/9/2025,11:00:00 am,0,2025-06-09 11:00:00,8.4333,8.95,0.0
EWR-1,6/9/2025,11:10:00 am,0,2025-06-09 11:10:00,8.4306,8.95,0.0
EWR-1,6/9/2025,11:20:00 am,0,2025-06-09 11:20:00,8.428,8.95,0.0
EWR-1,6/9/2025,11:30:00 am,0,2025-06-09 11:30:00,8.4255,8.95,0.00010000000000012221
EWR-1,6/9/2025,11:40:00 am,0,2025-06-09 11:40:00,8.4225,8.951,0.0
EWR-1,6/9/2025,11:50:00 am,0,2025-06-09 11:50:00,8.4203,8.951,9.999999999994457e-05
EWR-1,6/9/2025,12:00:00 pm,0,2025-06-09 12:00:00,8.4178,8.952,9.999999999994457e-05
EWR-1,6/9/2025,12:10:00 pm,0,2025-06-09 12:10:00,8.4153,8.953,0.00010000000000012221
EWR-1,6/9/2025,12:20:00 pm,0,2025-06-09 12:20:00,8.4124,8.954,9.999999999994457e-05
EWR-1,6/9/2025,12:30:00 pm,0,2025-06-09 12:30:00,8.4092,8.955,0.0002000000000000668
EWR-1,6/9/2025,12:40:00 pm,0,2025-06-09 12:40:00,8.4076,8.957,9.999999999994457e-05
EWR-1,6/9/2025,12:50:00 pm,0,2025-06-09 12:50:00,8.4046,8.958,0.0002000000000000668
EWR-1,6/9/2025,01:00:00 pm,0,2025-06-09 13:00:00,8.4015,8.96,0.00019999999999988915
EWR-1,6/9/2025,01:10:00 pm,0,2025-06-09 13:10:00,8.3999,8.962,0.0002000000000000668
EWR-1,6/9/2025,01:20:00 pm,0,2025-06-09 13:20:00,8.3978,8.964,0.00030000000000001136
EWR-1,6/9/2025,01:30:00 pm,0,2025-06-09 13:30:00,8.3948,8.967,0.00019999999999988915
EWR-1,6/9/2025,01:40:00 pm,0,2025-06-09 13:40:00,8.3926,8.969,0.00030000000000001136
EWR-1,6/9/2025,01:50:00 pm,0,2025-06-09 13:50:00,8.3916,8.972,0.0002000000000000668
EWR-1,6/9/2025,02:00:00 pm,0,2025-06-09 14:00:00,8.3893,8.974,0.00030000000000001136
EWR-1,6/9/2025,02:10:00 pm,0,2025-06-09 14:10:00,8.3872,8.977,0.00030000000000001136
EWR-1,6/9/2025,02:20:00 pm,0,2025-06-09 14:20:00,8.3871,8.98,0.00019999999999988915
EWR-1,6/9/2025,02:30:00 pm,0,2025-06-09 14:30:00,8.3863,8.982,0.0002000000000000668
EWR-1,6/9/2025,02:40:00 pm,0,2025-06-09 14:40:00,8.3851,8.984,0.0005000000000000782
EWR-1,6/9/2025,02:50:00 pm,0,2025-06-09 14:50:00,8.3836,8.989,0.0004999999999999005
EWR-1,6/9/2025,03:00:00 pm,0,2025-06-09 15:00:00,8.3826,8.994,0.00030000000000001136
EWR-1,6/9/2025,03:10:00 pm,0,2025-06-09 15:10:00,8.3843,8.997,0.00039999999999995595
EWR-1,6/9/2025,03:20:00 pm,0,2025-06-09 15:20:00,8.3854,9.001,0.0002000000000000668
EWR-1,6/9/2025,03:30:00 pm,0,2025-06-09 15:30:00,8.3873,9.003,0.0002000000000000668
EWR-1,6/9/2025,03:40:00 pm,0,2025-06-09 15:40:00,8.388,9.005,0.00019999999999988915
EWR-1,6/9/2025,03:50:00 pm,0,2025-06-09 15:50:00,8.3872,9.007,0.0002000000000000668
EWR-1,6/9/2025,04:00:00 pm,0,2025-06-09 16:00:00,8.388,9.009,0.00030000000000001136
EWR-1,6/9/2025,04:10:00 pm,0,2025-06-09 16:10:00,8.3904,9.012,0.00030000000000001136
EWR-1,6/9/2025,04:20:00 pm,0,2025-06-09 16:20:00,8.3919,9.015,0.00030000000000001136
EWR-1,6/9/2025,04:30:00 pm,0,2025-06-09 16:30:00,8.3928,9.018,0.00030000000000001136
EWR-1,6/9/2025,04:40:00 pm,0,2025-06-09 16:40:00,8.3936,9.021,0.00039999999999995595
EWR-1,6/9/2025,04:50:00 pm,0,2025-06-09 16:50:00,8.3932,9.025,0.00039999999999995595
EWR-1,6/9/2025,05:00:00 pm,0,2025-06-09 17:00:00,8.3918,9.029,0.00039999999999995595
EWR-1,6/9/2025,05:10:00 pm,0,2025-06-09 17:10:00,8.3917,9.033,0.0006000000000000227
EWR-1,6/9/2025,05:20:00 pm,0,2025-06-09 17:20:00,8.3898,9.039,0.0005000000000000782
EWR-1,6/9/2025,05:30:00 pm,0,2025-06-09 17:30:00,8.3878,9.044,0.0004999999999999005
EWR-1,6/9/2025,05:40:00 pm,0,2025-06-09 17:40:00,8.3863,9.049,0.0006000000000000227
EWR-1,6/9/2025,05:50:00 pm,0,2025-06-09 17:50:00,8.3842,9.055,0.0005000000000000782
EWR-1,6/9/2025,06:00:00 pm,0,2025-06-09 18:00:00,8.3838,9.06,0.00039999999999995595
EWR-1,6/9/2025,06:10:00 pm,0,2025-06-09 18:10:00,8.3833,9.064,0.00039999999999995595
EWR-1,6/9/2025,06:20:00 pm,0,2025-06-09 18:20:00,8.3838,9.068,0.00039999999999995595
EWR-1,6/9/2025,06:30:00 pm,0,2025-06-09 18:30:00,8.3842,9.072,0.0004000000000001336
EWR-1,6/9/2025,06:40:00 pm,0,2025-06-09 18:40:00,8.3853,9.076,0.00039999999999995595
EWR-1,6/9/2025,06:50:00 pm,0,2025-06-09 18:50:00,8.3865,9.08,0.00030000000000001136
EWR-1,6/9/2025,07:00:00 pm,0,2025-06-09 19:00:00,8.3895,9.083,0.00030000000000001136
EWR-1,6/9/2025,07:10:00 pm,0,2025-06-09 19:10:00,8.3917,9.086,0.00030000000000001136
EWR-1,6/9/2025,07:20:00 pm,0,2025-06-09 19:20:00,8.3937,9.089,0.00030000000000001136
EWR-1,6/9/2025,07:30:00 pm,0,2025-06-09 19:30:00,8.3962,9.092,0.00030000000000001136
EWR-1,6/9/2025,07:40:00 pm,0,2025-06-09 19:40:00,8.3994,9.095,0.00030000000000001136
EWR-1,6/9/2025,07:50:00 pm,0,2025-06-09 19:50:00,8.4015,9.098,0.00030000000000001136
EWR-1,6/9/2025,08:00:00 pm,0,2025-06-09 20:00:00,8.4039,9.101,0.0002999999999998337
EWR-1,6/9/2025,08:10:00 pm,0,2025-06-09 20:10:00,8.4067,9.104,0.0004000000000001336
EWR-1,6/9/2025,08:20:00 pm,0,2025-06-09 20:20:00,8.409,9.108,0.00030000000000001136
EWR-1,6/9/2025,08:30:00 pm,0,2025-06-09 20:30:00,8.4109,9.111,0.00039999999999995595
EWR-1,6/9/2025,08:40:00 pm,0,2025-06-09 20:40:00,8.4123,9.115,0.00030000000000001136
EWR-1,6/9/2025,08:50:00 pm,0,2025-06-09 20:50:00,8.414,9.118,0.00039999999999995595
EWR-1,6/9/2025,09:00:00 pm,0,2025-06-09 21:00:00,8.4162,9.122,0.00030000000000001136
EWR-1,6/9/2025,09:10:00 pm,0,2025-06-09 21:10:00,8.4178,9.125,0.00039999999999995595
EWR-1,6/9/2025,09:20:00 pm,0,2025-06-09 21:20:00,8.4202,9.129,0.00030000000000001136
EWR-1,6/9/2025,09:30:00 pm,0,2025-06-09 21:30:00,8.4213,9.132,0.00030000000000001136
EWR-1,6/9/2025,09:40:00 pm,0,2025-06-09 21:40:00,8.4223,9.135,0.00030000000000001136
EWR-1,6/9/2025,09:50:00 pm,0,2025-06-09 21:50:00,8.4231,9.138,0.00030000000000001136
EWR-1,6/9/2025,10:00:00 pm,0,2025-06-09 22:00:00,8.4244,9.141,0.00039999999999995595
EWR-1,6/9/2025,10:10:00 pm,0,2025-06-09 22:10:00,8.4257,9.145,0.0002000000000000668
EWR-1,6/9/2025,10:20:00 pm,0,2025-06-09 22:20:00,8.4266,9.147,0.00039999999999995595
EWR-1,6/9/2025,10:30:00 pm,0,2025-06-09 22:30:00,8.4271,9.151,0.0002000000000000668
EWR-1,6/9/2025,10:40:00 pm,0,2025-06-09 22:40:00,8.4276,9.153,0.00030000000000001136
EWR-1,6/9/2025,10:50:00 pm,0,2025-06-09 22:50:00,8.428,9.156,0.00019999999999988915
EWR-1,6/9/2025,11:00:00 pm,0,2025-06-09 23:00:00,8.4287,9.158,0.0004000000000001336
EWR-1,6/9/2025,11:10:00 pm,0,2025-06-09 23:10:00,8.4284,9.162,9.999999999994457e-05
EWR-1,6/9/2025,11:20:00 pm,0,2025-06-09 23:20:00,8.4288,9.163,0.00030000000000001136
EWR-1,6/9/2025,11:30:00 pm,0,2025-06-09 23:30:00,8.4288,9.166,0.00019999999999988915
EWR-1,6/9/2025,11:40:00 pm,0,2025-06-09 23:40:00,8.4288,9.168,0.0002000000000000668
EWR-1,6/9/2025,11:50:00 pm,0,2025-06-09 23:50:00,8.4292,9.17,9.999999999994457e-05
EWR-1,6/10/2025,12:00:00 am,0,2025-06-10 00:00:00,8.4296,9.171,0.0002000000000000668
EWR-1,6/10/2025,12:10:00 am,0,2025-06-10 00:10:00,8.4299,9.173,9.999999999994457e-05
EWR-1,6/10/2025,12:20:00 am,0,2025-06-10 00:20:00,8.4297,9.174,0.0002000000000000668
EWR-1,6/10/2025,12:30:00 am,0,2025-06-10 00:30:00,8.43,9.176,9.999999999994457e-05
EWR-1,6/10/2025,12:40:00 am,0,2025-06-10 00:40:00,8.4301,9.177,0.0002000000000000668
EWR-1,6/10/2025,12:50:00 am,0,2025-06-10 00:50:00,8.4299,9.179,9.999999999994457e-05
EWR-1,6/10/2025,01:00:00 am,0,2025-06-10 01:00:00,8.43,9.18,9.999999999994457e-05
EWR-1,6/10/2025,01:10:00 am,0,2025-06-10 01:10:00,8.43,9.181,0.00010000000000012221
EWR-1,6/10/2025,01:20:00 am,0,2025-06-10 01:20:00,8.431,9.182,9.999999999994457e-05
EWR-1,6/10/2025,01:30:00 am,0,2025-06-10 01:30:00,8.4311,9.183,0.0
EWR-1,6/10/2025,01:40:00 am,0,2025-06-10 01:40:00,8.4305,9.183,0.0
EWR-1,6/10/2025,01:50:00 am,0,2025-06-10 01:50:00,8.4305,9.183,0.0
EWR-1,6/10/2025,02:00:00 am,0,2025-06-10 02:00:00,8.4302,9.183,9.999999999994457e-05
EWR-1,6/10/2025,02:10:00 am,0,2025-06-10 02:10:00,8.4297,9.184,0.0
EWR-1,6/10/2025,02:20:00 am,0,2025-06-10 02:20:00,8.43,9.184,0.0
EWR-1,6/10/2025,02:30:00 am,0,2025-06-10 02:30:00,8.4293,9.184,0.0
EWR-1,6/10/2025,02:40:00 am,0,2025-06-10 02:40:00,8.429,9.184,0.0
EWR-1,6/10/2025,02:50:00 am,0,2025-06-10 02:50:00,8.4293,9.184,9.999999999994457e-05
EWR-1,6/10/2025,03:00:00 am,0,2025-06-10 03:00:00,8.4289,9.183,0.0
EWR-1,6/10/2025,03:10:00 am,0,2025-06-10 03:10:00,8.4284,9.183,9.999999999994457e-05
EWR-1,6/10/2025,03:20:00 am,0,2025-06-10 03:20:00,8.4281,9.182,0.00010000000000012221
EWR-1,6/10/2025,03:30:00 am,0,2025-06-10 03:30:00,8.4272,9.181,0.0
EWR-1,6/10/2025,03:40:00 am,0,2025-06-10 03:40:00,8.4272,9.181,0.00019999999999988915
EWR-1,6/10/2025,03:50:00 am,0,2025-06-10 03:50:00,8.427,9.179,9.999999999994457e-05
EWR-1,6/10/2025,04:00:00 am,0,2025-06-10 04:00:00,8.4268,9.178,0.00010000000000012221
EWR-1,6/10/2025,04:10:00 am,0,2025-06-10 04:10:00,8.4267,9.177,9.999999999994457e-05
EWR-1,6/10/2025,04:20:00 am,0,2025-06-10 04:20:00,8.4263,9.176,0.0002000000000000668
EWR-1,6/10/2025,04:30:00 am,0,2025-06-10 04:30:00,8.4259,9.174,9.999999999994457e-05
EWR-1,6/10/2025,04:40:00 am,0,2025-06-10 04:40:00,8.4256,9.173,0.0002000000000000668
EWR-1,6/10/2025,04:50:00 am,0,2025-06-10 04:50:00,8.4264,9.171,0.00019999999999988915
EWR-1,6/10/2025,05:00:00 am,0,2025-06-10 05:00:00,8.4267,9.169,0.0002000000000000668
EWR-1,6/10/2025,05:10:00 am,0,2025-06-10 05:10:00,8.4267,9.167,9.999999999994457e-05
EWR-1,6/10/2025,05:20:00 am,0,2025-06-10 05:20:00,8.4271,9.166,0.0002000000000000668
EWR-1,6/10/2025,05:30:00 am,0,2025-06-10 05:30:00,8.4271,9.164,0.00030000000000001136
EWR-1,6/10/2025,05:40:00 am,0,2025-06-10 05:40:00,8.427,9.161,0.00019999999999988915
EWR-1,6/10/2025,05:50:00 am,0,2025-06-10 05:50:00,8.4278,9.159,0.0002000000000000668
EWR-1,6/10/2025,06:00:00 am,0,2025-06-10 06:00:00,8.4284,9.157,0.00030000000000001136
EWR-1,6/10/2025,06:10:00 am,0,2025-06-10 06:10:00,8.4282,9.154,0.00030000000000001136
EWR-1,6/10/2025,06:20:00 am,0,2025-06-10 06:20:00,8.4285,9.151,0.0002000000000000668
EWR-1,6/10/2025,06:30:00 am,0,2025-06-10 06:30:00,8.4293,9.149,0.0002999999999998337
EWR-1,6/10/2025,06:40:00 am,0,2025-06-10 06:40:00,8.4297,9.146,0.00030000000000001136
EWR-1,6/10/2025,06:50:00 am,0,2025-06-10 06:50:00,8.4307,9.143,0.00030000000000001136
EWR-1,6/10/2025,07:00:00 am,0,2025-06-10 07:00:00,8.4307,9.14,0.0002000000000000668
EWR-1,6/10/2025,07:10:00 am,0,2025-06-10 07:10:00,8.4301,9.138,0.00030000000000001136
EWR-1,6/10/2025,07:20:00 am,0,2025-06-10 07:20:00,8.4305,9.135,0.00039999999999995595
EWR-1,6/10/2025,07:30:00 am,0,2025-06-10 07:30:00,8.4309,9.131,0.0002000000000000668
EWR-1,6/10/2025,07:40:00 am,0,2025-06-10 07:40:00,8.4314,9.129,0.00039999999999995595
EWR-1,6/10/2025,07:50:00 am,0,2025-06-10 07:50:00,8.4313,9.125,0.0002000000000000668
EWR-1,6/10/2025,08:00:00 am,0,2025-06-10 08:00:00,8.4317,9.123,0.00039999999999995595
EWR-1,6/10/2025,08:10:00 am,0,2025-06-10 08:10:00,8.4313,9.119,0.00030000000000001136
EWR-1,6/10/2025,08:20:00 am,0,2025-06-10 08:20:00,8.4314,9.116,0.00030000000000001136
EWR-1,6/10/2025,08:30:00 am,0,2025-06-10 08:30:00,8.432,9.113,0.00030000000000001136
EWR-1,6/10/2025,08:40:00 am,0,2025-06-10 08:40:00,8.432,9.11,0.00030000000000001136
EWR-1,6/10/2025,08:50:00 am,0,2025-06-10 08:50:00,8.4326,9.107,0.00030000000000001136
EWR-1,6/10/2025,09:00:00 am,0,2025-06-10 09:00:00,8.4323,9.104,0.0002999999999998337
EWR-1,6/10/2025,09:10:00 am,0,2025-06-10 09:10:00,8.4323,9.101,0.0002000000000000668
EWR-1,6/10/2025,09:20:00 am,0,2025-06-10 09:20:00,8.4323,9.099,0.00030000000000001136
EWR-1,6/10/2025,09:30:00 am,0,2025-06-10 09:30:00,8.4318,9.096,0.0002000000000000668
EWR-1,6/10/2025,09:40:00 am,0,2025-06-10 09:40:00,8.4306,9.094,0.00030000000000001136
EWR-1,6/10/2025,09:50:00 am,0,2025-06-10 09:50:00,8.4285,9.091,9.999999999994457e-05
EWR-1,6/10/2025,10:00:00 am,0,2025-06-10 10:00:00,8.4259,9.09,9.999999999994457e-05
EWR-1,6/10/2025,10:10:00 am,0,2025-06-10 10:10:00,8.4231,9.089,0.00010000000000012221
EWR-1,6/10/2025,10:20:00 am,0,2025-06-10 10:20:00,8.4199,9.088,9.999999999994457e-05
EWR-1,6/10/2025,10:30:00 am,0,2025-06-10 10:30:00,8.4168,9.087,9.999999999994457e-05
EWR-1,6/10/2025,10:40:00 am,0,2025-06-10 10:40:00,8.413,9.086,0.0
EWR-1,6/10/2025,10:50:00 am,0,2025-06-10 10:50:00,8.4103,9.086,0.0
EWR-1,6/10/2025,11:00:00 am,0,2025-06-10 11:00:00,8.4081,9.086,9.999999999994457e-05
EWR-1,6/10/2025,11:10:00 am,0,2025-06-10 11:10:00,8.406,9.085,0.0
EWR-1,6/10/2025,11:20:00 am,0,2025-06-10 11:20:00,8.4042,9.085,0.0
EWR-1,6/10/2025,11:30:00 am,0,2025-06-10 11:30:00,8.4027,9.085,9.999999999994457e-05
EWR-1,6/10/2025,11:40:00 am,0,2025-06-10 11:40:00,8.401,9.086,9.999999999994457e-05
EWR-1,6/10/2025,11:50:00 am,0,2025-06-10 11:50:00,8.3994,9.087,9.999999999994457e-05
EWR-1,6/10/2025,12:00:00 pm,0,2025-06-10 12:00:00,8.3968,9.088,0.00010000000000012221
EWR-1,6/10/2025,12:10:00 pm,0,2025-06-10 12:10:00,8.3956,9.089,0.0
EWR-1,6/10/2025,12:20:00 pm,0,2025-06-10 12:20:00,8.3937,9.089,0.00019999999999988915
EWR-1,6/10/2025,12:30:00 pm,0,2025-06-10 12:30:00,8.3914,9.091,0.0002000000000000668
EWR-1,6/10/2025,12:40:00 pm,0,2025-06-10 12:40:00,8.3902,9.093,0.0002000000000000668
EWR-1,6/10/2025,12:50:00 pm,0,2025-06-10 12:50:00,8.3881,9.095,0.00030000000000001136
EWR-1,6/10/2025,01:00:00 pm,0,2025-06-10 13:00:00,8.3868,9.098,0.00019999999999988915
EWR-1,6/10/2025,01:10:00 pm,0,2025-06-10 13:10:00,8.3854,9.1,0.00030000000000001136
EWR-1,6/10/2025,01:20:00 pm,0,2025-06-10 13:20:00,8.3837,9.103,0.0002000000000000668
EWR-1,6/10/2025,01:30:00 pm,0,2025-06-10 13:30:00,8.3824,9.105,0.00030000000000001136
EWR-1,6/10/2025,01:40:00 pm,0,2025-06-10 13:40:00,8.3815,9.108,0.00030000000000001136
EWR-1,6/10/2025,01:50:00 pm,0,2025-06-10 13:50:00,8.3801,9.111,0.00019999999999988915
EWR-1,6/10/2025,02:00:00 pm,0,2025-06-10 14:00:00,8.3786,9.113,0.00030000000000001136
EWR-1,6/10/2025,02:10:00 pm,0,2025-06-10 14:10:00,8.3767,9.116,0.00030000000000001136
EWR-1,6/10/2025,02:20:00 pm,0,2025-06-10 14:20:00,8.3762,9.119,0.00039999999999995595
EWR-1,6/10/2025,02:30:00 pm,0,2025-06-10 14:30:00,8.3752,9.123,0.0004000000000001336
EWR-1,6/10/2025,02:40:00 pm,0,2025-06-10 14:40:00,8.3748,9.127,0.00030000000000001136
EWR-1,6/10/2025,02:50:00 pm,0,2025-06-10 14:50:00,8.373,9.13,0.00039999999999995595
EWR-1,6/10/2025,03:00:00 pm,0,2025-06-10 15:00:00,8.3725,9.134,0.00030000000000001136
EWR-1,6/10/2025,03:10:00 pm,0,2025-06-10 15:10:00,8.3717,9.137,0.00039999999999995595
EWR-1,6/10/2025,03:20:00 pm,0,2025-06-10 15:20:00,8.3707,9.141,0.00039999999999995595
EWR-1,6/10/2025,03:30:00 pm,0,2025-06-10 15:30:00,8.3706,9.145,0.00039999999999995595
EWR-1,6/10/2025,03:40:00 pm,0,2025-06-10 15:40:00,8.37,9.149,0.0005000000000000782
EWR-1,6/10/2025,03:50:00 pm,0,2025-06-10 15:50:00,8.3692,9.154,0.0005000000000000782
EWR-1,6/10/2025,04:00:00 pm,0,2025-06-10 16:00:00,8.3684,9.159,0.00039999999999995595
EWR-1,6/10/2025,04:10:00 pm,0,2025-06-10 16:10:00,8.3669,9.163,0.00039999999999995595
EWR-1,6/10/2025,04:20:00 pm,0,2025-06-10 16:20:00,8.3672,9.167,0.00039999999999995595
EWR-1,6/10/2025,04:30:00 pm,0,2025-06-10 16:30:00,8.3651,9.171,0.0004000000000001336
EWR-1,6/10/2025,04:40:00 pm,0,2025-06-10 16:40:00,8.3654,9.175,0.0004999999999999005
EWR-1,6/10/2025,04:50:00 pm,0,2025-06-10 16:50:00,8.3642,9.18,0.00039999999999995595
EWR-1,6/10/2025,05:00:00 pm,0,2025-06-10 17:00:00,8.3628,9.184,0.0004000000000001336
EWR-1,6/10/2025,05:10:00 pm,0,2025-06-10 17:10:00,8.3628,9.188,0.00039999999999995595
EWR-1,6/10/2025,05:20:00 pm,0,2025-06-10 17:20:00,8.3619,9.192,0.00039999999999995595
EWR-1,6/10/2025,05:30:00 pm,0,2025-06-10 17:30:00,8.3612,9.196,0.00039999999999995595
EWR-1,6/10/2025,05:40:00 pm,0,2025-06-10 17:40:00,8.3603,9.2,0.0005000000000000782
EWR-1,6/10/2025,05:50:00 pm,0,2025-06-10 17:50:00,8.36,9.205,0.00039999999999995595
EWR-1,6/10/2025,06:00:00 pm,0,2025-06-10 18:00:00,8.3595,9.209,0.00030000000000001136
EWR-1,6/10/2025,06:10:00 pm,0,2025-06-10 18:10:00,8.3606,9.212,0.00039999999999995595
EWR-1,6/10/2025,06:20:00 pm,0,2025-06-10 18:20:00,8.3609,9.216,0.0004000000000001336
EWR-1,6/10/2025,06:30:00 pm,0,2025-06-10 18:30:00,8.3613,9.22,0.00039999999999995595
EWR-1,6/10/2025,06:40:00 pm,0,2025-06-10 18:40:00,8.3632,9.224,0.00030000000000001136
EWR-1,6/10/2025,06:50:00 pm,0,2025-06-10 18:50:00,8.3657,9.227,0.00030000000000001136
EWR-1,6/10/2025,07:00:00 pm,0,2025-06-10 19:00:00,8.3661,9.23,9.999999999994457e-05
EWR-1,6/10/2025,07:10:00 pm,0,2025-06-10 19:10:00,8.3687,9.231,0.00030000000000001136
EWR-1,6/10/2025,07:20:00 pm,0,2025-06-10 19:20:00,8.3704,9.234,0.0002000000000000668
EWR-1,6/10/2025,07:30:00 pm,0,2025-06-10 19:30:00,8.3723,9.236,0.00019999999999988915
EWR-1,6/10/2025,07:40:00 pm,0,2025-06-10 19:40:00,8.3742,9.238,0.00030000000000001136
EWR-1,6/10/2025,07:50:00 pm,0,2025-06-10 19:50:00,8.3768,9.241,0.0002000000000000668
EWR-1,6/10/2025,08:00:00 pm,0,2025-06-10 20:00:00,8.3797,9.243,0.00019999999999988915
EWR-1,6/10/2025,08:10:00 pm,0,2025-06-10 20:10:00,8.3821,9.245,0.00010000000000012221
EWR-1,6/10/2025,08:20:00 pm,0,2025-06-10 20:20:00,8.3846,9.246,0.00030000000000001136
EWR-1,6/10/2025,08:30:00 pm,0,2025-06-10 20:30:00,8.3859,9.249,0.00019999999999988915
EWR-1,6/10/2025,08:40:00 pm,0,2025-06-10 20:40:00,8.3874,9.251,0.00030000000000001136
EWR-1,6/10/2025,08:50:00 pm,0,2025-06-10 20:50:00,8.3878,9.254,0.0002000000000000668
EWR-1,6/10/2025,09:00:00 pm,0,2025-06-10 21:00:00,8.389,9.256,0.00030000000000001136
EWR-1,6/10/2025,09:10:00 pm,0,2025-06-10 21:10:00,8.3901,9.259,0.00030000000000001136
EWR-1,6/10/2025,09:20:00 pm,0,2025-06-10 21:20:00,8.3922,9.262,0.00019999999999988915
EWR-1,6/10/2025,09:30:00 pm,0,2025-06-10 21:30:00,8.3933,9.264,0.0002000000000000668
EWR-1,6/10/2025,09:40:00 pm,0,2025-06-10 21:40:00,8.3952,9.266,0.00030000000000001136
EWR-1,6/10/2025,09:50:00 pm,0,2025-06-10 21:50:00,8.3966,9.269,0.0002000000000000668
EWR-1,6/10/2025,10:00:00 pm,0,2025-06-10 22:00:00,8.3982,9.271,0.00019999999999988915
EWR-1,6/10/2025,10:10:00 pm,0,2025-06-10 22:10:00,8.3988,9.273,0.00030000000000001136
EWR-1,6/10/2025,10:20:00 pm,0,2025-06-10 22:20:00,8.3986,9.276,9.999999999994457e-05
EWR-1,6/10/2025,10:30:00 pm,0,2025-06-10 22:30:00,8.3997,9.277,0.00030000000000001136
EWR-1,6/10/2025,10:40:00 pm,0,2025-06-10 22:40:00,8.4,9.28,0.0002000000000000668
EWR-1,6/10/2025,10:50:00 pm,0,2025-06-10 22:50:00,8.4001,9.282,9.999999999994457e-05
EWR-1,6/10/2025,11:00:00 pm,0,2025-06-10 23:00:00,8.399,9.283,0.0002000000000000668
EWR-1,6/10/2025,11:10:00 pm,0,2025-06-10 23:10:00,8.3992,9.285,9.999999999994457e-05
EWR-1,6/10/2025,11:20:00 pm,0,2025-06-10 23:20:00,8.3985,9.286,0.00010000000000012221
EWR-1,6/10/2025,11:30:00 pm,0,2025-06-10 23:30:00,8.3975,9.287,9.999999999994457e-05
EWR-1,6/10/2025,11:40:00 pm,0,2025-06-10 23:40:00,8.3981,9.288,9.999999999994457e-05
EWR-1,6/10/2025,11:50:00 pm,0,2025-06-10 23:50:00,8.3974,9.289,9.999999999994457e-05
EWR-1,6/11/2025,12:00:00 am,0,2025-06-11 00:00:00,8.3973,9.29,0.00010000000000012221
EWR-1,6/11/2025,12:10:00 am,0,2025-06-11 00:10:00,8.3975,9.291,9.999999999994457e-05
EWR-1,6/11/2025,12:20:00 am,0,2025-06-11 00:20:00,8.3979,9.292,0.0
EWR-1,6/11/2025,12:30:00 am,0,2025-06-11 00:30:00,8.3983,9.292,0.0
EWR-1,6/11/2025,12:40:00 am,0,2025-06-11 00:40:00,8.3978,9.292,0.0
EWR-1,6/11/2025,12:50:00 am,0,2025-06-11 00:50:00,8.3981,9.292,9.999999999994457e-05
EWR-1,6/11/2025,01:00:00 am,0,2025-06-11 01:00:00,8.3978,9.293,9.999999999994457e-05
EWR-1,6/11/2025,01:10:00 am,0,2025-06-11 01:10:00,8.3986,9.292,0.0
EWR-1,6/11/2025,01:20:00 am,0,2025-06-11 01:20:00,8.3999,9.292,0.0
EWR-1,6/11/2025,01:30:00 am,0,2025-06-11 01:30:00,8.4002,9.292,9.999999999994457e-05
EWR-1,6/11/2025,01:40:00 am,0,2025-06-11 01:40:00,8.4002,9.291,0.0
EWR-1,6/11/2025,01:50:00 am,0,2025-06-11 01:50:00,8.3997,9.291,0.0002000000000000668
EWR-1,6/11/2025,02:00:00 am,0,2025-06-11 02:00:00,8.3991,9.289,9.999999999994457e-05
EWR-1,6/11/2025,02:10:00 am,0,2025-06-11 02:10:00,8.3985,9.288,9.999999999994457e-05
EWR-1,6/11/2025,02:20:00 am,0,2025-06-11 02:20:00,8.3984,9.287,0.0
EWR-1,6/11/2025,02:30:00 am,0,2025-06-11 02:30:00,8.3979,9.287,0.0002000000000000668
EWR-1,6/11/2025,02:40:00 am,0,2025-06-11 02:40:00,8.3976,9.285,9.999999999994457e-05
EWR-1,6/11/2025,02:50:00 am,0,2025-06-11 02:50:00,8.3968,9.284,0.0002000000000000668
EWR-1,6/11/2025,03:00:00 am,0,2025-06-11 03:00:00,8.3966,9.282,0.0002000000000000668
EWR-1,6/11/2025,03:10:00 am,0,2025-06-11 03:10:00,8.3966,9.28,0.00019999999999988915
EWR-1,6/11/2025,03:20:00 am,0,2025-06-11 03:20:00,8.3959,9.278,0.0002000000000000668
EWR-1,6/11/2025,03:30:00 am,0,2025-06-11 03:30:00,8.3954,9.276,0.0002000000000000668
EWR-1,6/11/2025,03:40:00 am,0,2025-06-11 03:40:00,8.395,9.274,0.00019999999999988915
EWR-1,6/11/2025,03:50:00 am,0,2025-06-11 03:50:00,8.3954,9.272,0.0002000000000000668
EWR-1,6/11/2025,04:00:00 am,0,2025-06-11 04:00:00,8.3953,9.27,0.00019999999999988915
EWR-1,6/11/2025,04:10:00 am,0,2025-06-11 04:10:00,8.3951,9.268,0.00030000000000001136
EWR-1,6/11/2025,04:20:00 am,0,2025-06-11 04:20:00,8.3954,9.265,0.00030000000000001136
EWR-1,6/11/2025,04:30:00 am,0,2025-06-11 04:30:00,8.3957,9.262,0.0002000000000000668
EWR-1,6/11/2025,04:40:00 am,0,2025-06-11 04:40:00,8.3958,9.26,0.00030000000000001136
EWR-1,6/11/2025,04:50:00 am,0,2025-06-11 04:50:00,8.3958,9.257,0.00030000000000001136
EWR-1,6/11/2025,05:00:00 am,0,2025-06-11 05:00:00,8.3958,9.254,0.00030000000000001136
EWR-1,6/11/2025,05:10:00 am,0,2025-06-11 05:10:00,8.3957,9.251,0.00039999999999995595
EWR-1,6/11/2025,05:20:00 am,0,2025-06-11 05:20:00,8.3957,9.247,0.00030000000000001136
EWR-1,6/11/2025,05:30:00 am,0,2025-06-11 05:30:00,8.3961,9.244,0.00030000000000001136
EWR-1,6/11/2025,05:40:00 am,0,2025-06-11 05:40:00,8.3959,9.241,0.00030000000000001136
EWR-1,6/11/2025,05:50:00 am,0,2025-06-11 05:50:00,8.3958,9.238,0.00039999999999995595
EWR-1,6/11/2025,06:00:00 am,0,2025-06-11 06:00:00,8.3957,9.234,0.00030000000000001136
EWR-1,6/11/2025,06:10:00 am,0,2025-06-11 06:10:00,8.3958,9.231,0.00039999999999995595
EWR-1,6/11/2025,06:20:00 am,0,2025-06-11 06:20:00,8.3967,9.227,0.00039999999999995595
EWR-1,6/11/2025,06:30:00 am,0,2025-06-11 06:30:00,8.3966,9.223,0.0004000000000001336
EWR-1,6/11/2025,06:40:00 am,0,2025-06-11 06:40:00,8.3968,9.219,0.00030000000000001136
EWR-1,6/11/2025,06:50:00 am,0,2025-06-11 06:50:00,8.3964,9.216,0.0004999999999999005
EWR-1,6/11/2025,07:00:00 am,0,2025-06-11 07:00:00,8.3968,9.211,0.00039999999999995595
EWR-1,6/11/2025,07:10:00 am,0,2025-06-11 07:10:00,8.3967,9.207,0.0004000000000001336
EWR-1,6/11/2025,07:20:00 am,0,2025-06-11 07:20:00,8.3962,9.203,0.00039999999999995595
EWR-1,6/11/2025,07:30:00 am,0,2025-06-11 07:30:00,8.395,9.199,0.00039999999999995595
EWR-1,6/11/2025,07:40:00 am,0,2025-06-11 07:40:00,8.3948,9.195,0.00039999999999995595
EWR-1,6/11/2025,07:50:00 am,0,2025-06-11 07:50:00,8.3948,9.191,0.0004000000000001336
EWR-1,6/11/2025,08:00:00 am,0,2025-06-11 08:00:00,8.3955,9.187,0.0004999999999999005
EWR-1,6/11/2025,08:10:00 am,0,2025-06-11 08:10:00,8.3965,9.182,0.00039999999999995595
EWR-1,6/11/2025,08:20:00 am,0,2025-06-11 08:20:00,8.3966,9.178,0.0004000000000001336
EWR-1,6/11/2025,08:30:00 am,0,2025-06-11 08:30:00,8.3968,9.174,0.00039999999999995595
EWR-1,6/11/2025,08:40:00 am,0,2025-06-11 08:40:00,8.3972,9.17,0.00030000000000001136
EWR-1,6/11/2025,08:50:00 am,0,2025-06-11 08:50:00,8.3976,9.167,0.00039999999999995595
EWR-1,6/11/2025,09:00:00 am,0,2025-06-11 09:00:00,8.3966,9.163,0.0002000000000000668
EWR-1,6/11/2025,09:10:00 am,0,2025-06-11 09:10:00,8.3936,9.161,0.00030000000000001136
EWR-1,6/11/2025,09:20:00 am,0,2025-06-11 09:20:00,8.3913,9.158,0.00019999999999988915
EWR-1,6/11/2025,09:30:00 am,0,2025-06-11 09:30:00,8.3889,9.156,0.00030000000000001136
EWR-1,6/11/2025,09:40:00 am,0,2025-06-11 09:40:00,8.3875,9.153,0.00030000000000001136
EWR-1,6/11/2025,09:50:00 am,0,2025-06-11 09:50:00,8.3852,9.15,0.0002000000000000668
EWR-1,6/11/2025,10:00:00 am,0,2025-06-11 10:00:00,8.3829,9.148,0.00030000000000001136
EWR-1,6/11/2025,10:10:00 am,0,2025-06-11 10:10:00,8.3809,9.145,9.999999999994457e-05
EWR-1,6/11/2025,10:20:00 am,0,2025-06-11 10:20:00,8.379,9.144,0.00030000000000001136
EWR-1,6/11/2025,10:30:00 am,0,2025-06-11 10:30:00,8.377,9.141,9.999999999994457e-05
EWR-1,6/11/2025,10:40:00 am,0,2025-06-11 10:40:00,8.3755,9.14,0.0002000000000000668
EWR-1,6/11/2025,10:50:00 am,0,2025-06-11 10:50:00,8.3732,9.138,0.0002000000000000668
EWR-1,6/11/2025,11:00:00 am,0,2025-06-11 11:00:00,8.3726,9.136,9.999999999994457e-05
EWR-1,6/11/2025,11:10:00 am,0,2025-06-11 11:10:00,8.3713,9.135,0.0002000000000000668
EWR-1,6/11/2025,11:20:00 am,0,2025-06-11 11:20:00,8.3699,9.133,0.00010000000000012221
EWR-1,6/11/2025,11:30:00 am,0,2025-06-11 11:30:00,8.3681,9.134,0.00010000000000012221
EWR-1,6/11/2025,11:40:00 am,0,2025-06-11 11:40:00,8.3678,9.133,0.0
EWR-1,6/11/2025,11:50:00 am,0,2025-06-11 11:50:00,8.3661,9.133,0.0
EWR-1,6/11/2025,12:00:00 pm,0,2025-06-11 12:00:00,8.3645,9.133,0.0
EWR-1,6/11/2025,12:10:00 pm,0,2025-06-11 12:10:00,8.3629,9.133,0.00010000000000012221
EWR-1,6/11/2025,12:20:00 pm,0,2025-06-11 12:20:00,8.3629,9.134,9.999999999994457e-05
EWR-1,6/11/2025,12:30:00 pm,0,2025-06-11 12:30:00,8.3604,9.135,0.0
EWR-1,6/11/2025,12:40:00 pm,0,2025-06-11 12:40:00,8.3588,9.135,0.0002000000000000668
EWR-1,6/11/2025,12:50:00 pm,0,2025-06-11 12:50:00,8.3573,9.137,0.00019999999999988915
EWR-1,6/11/2025,01:00:00 pm,0,2025-06-11 13:00:00,8.357,9.139,0.0002000000000000668
EWR-1,6/11/2025,01:10:00 pm,0,2025-06-11 13:10:00,8.3558,9.141,9.999999999994457e-05
EWR-1,6/11/2025,01:20:00 pm,0,2025-06-11 13:20:00,8.3547,9.142,0.0002000000000000668
EWR-1,6/11/2025,01:30:00 pm,0,2025-06-11 13:30:00,8.3543,9.144,0.0002000000000000668
EWR-1,6/11/2025,01:40:00 pm,0,2025-06-11 13:40:00,8.3529,9.146,9.999999999994457e-05
EWR-1,6/11/2025,01:50:00 pm,0,2025-06-11 13:50:00,8.3517,9.147,0.00019999999999988915
EWR-1,6/11/2025,02:00:00 pm,0,2025-06-11 14:00:00,8.3494,9.149,0.0002000000000000668
EWR-1,6/11/2025,02:10:00 pm,0,2025-06-11 14:10:00,8.3496,9.151,0.0002000000000000668
EWR-1,6/11/2025,02:20:00 pm,0,2025-06-11 14:20:00,8.3484,9.153,0.00019999999999988915
EWR-1,6/11/2025,02:30:00 pm,0,2025-06-11 14:30:00,8.3481,9.155,0.0004000000000001336
EWR-1,6/11/2025,02:40:00 pm,0,2025-06-11 14:40:00,8.3461,9.159,0.00030000000000001136
EWR-1,6/11/2025,02:50:00 pm,0,2025-06-11 14:50:00,8.3442,9.162,0.0002999999999998337
EWR-1,6/11/2025,03:00:00 pm,0,2025-06-11 15:00:00,8.3452,9.165,0.0002000000000000668
EWR-1,6/11/2025,03:10:00 pm,0,2025-06-11 15:10:00,8.3439,9.167,0.00030000000000001136
EWR-1,6/11/2025,03:20:00 pm,0,2025-06-11 15:20:00,8.3429,9.17,0.00030000000000001136
EWR-1,6/11/2025,03:30:00 pm,0,2025-06-11 15:30:00,8.343,9.173,0.00030000000000001136
EWR-1,6/11/2025,03:40:00 pm,0,2025-06-11 15:40:00,8.3416,9.176,0.00039999999999995595
EWR-1,6/11/2025,03:50:00 pm,0,2025-06-11 15:50:00,8.342,9.18,0.00030000000000001136
EWR-1,6/11/2025,04:00:00 pm,0,2025-06-11 16:00:00,8.3418,9.183,0.00030000000000001136
EWR-1,6/11/2025,04:10:00 pm,0,2025-06-11 16:10:00,8.3412,9.186,0.00030000000000001136
EWR-1,6/11/2025,04:20:00 pm,0,2025-06-11 16:20:00,8.3412,9.189,0.00030000000000001136
EWR-1,6/11/2025,04:30:00 pm,0,2025-06-11 16:30:00,8.3411,9.192,0.00039999999999995595
EWR-1,6/11/2025,04:40:00 pm,0,2025-06-11 16:40:00,8.3405,9.196,0.00030000000000001136
EWR-1,6/11/2025,04:50:00 pm,0,2025-06-11 16:50:00,8.3415,9.199,0.00030000000000001136
EWR-1,6/11/2025,05:00:00 pm,0,2025-06-11 17:00:00,8.3414,9.202,0.00030000000000001136
EWR-1,6/11/2025,05:10:00 pm,0,2025-06-11 17:10:00,8.3412,9.205,0.00039999999999995595
EWR-1,6/11/2025,05:20:00 pm,0,2025-06-11 17:20:00,8.3399,9.209,0.00030000000000001136
EWR-1,6/11/2025,05:30:00 pm,0,2025-06-11 17:30:00,8.3405,9.212,0.0002000000000000668
EWR-1,6/11/2025,05:40:00 pm,0,2025-06-11 17:40:00,8.3401,9.214,0.00039999999999995595
EWR-1,6/11/2025,05:50:00 pm,0,2025-06-11 17:50:00,8.3396,9.218,0.00030000000000001136
EWR-1,6/11/2025,06:00:00 pm,0,2025-06-11 18:00:00,8.3393,9.221,0.00030000000000001136
EWR-1,6/11/2025,06:10:00 pm,0,2025-06-11 18:10:00,8.3393,9.224,0.00030000000000001136
EWR-1,6/11/2025,06:20:00 pm,0,2025-06-11 18:20:00,8.3401,9.227,0.00030000000000001136
EWR-1,6/11/2025,06:30:00 pm,0,2025-06-11 18:30:00,8.3408,9.23,0.00030000000000001136
EWR-1,6/11/2025,06:40:00 pm,0,2025-06-11 18:40:00,8.3417,9.233,0.00030000000000001136
EWR-1,6/11/2025,06:50:00 pm,0,2025-06-11 18:50:00,8.3435,9.236,9.999999999994457e-05
EWR-1,6/11/2025,07:00:00 pm,0,2025-06-11 19:00:00,8.3455,9.237,0.0002000000000000668
EWR-1,6/11/2025,07:10:00 pm,0,2025-06-11 19:10:00,8.3468,9.239,9.999999999994457e-05
EWR-1,6/11/2025,07:20:00 pm,0,2025-06-11 19:20:00,8.3494,9.24,9.999999999994457e-05
EWR-1,6/11/2025,07:30:00 pm,0,2025-06-11 19:30:00,8.3514,9.241,0.0
EWR-1,6/11/2025,07:40:00 pm,0,2025-06-11 19:40:00,8.3531,9.241,0.00010000000000012221
EWR-1,6/11/2025,07:50:00 pm,0,2025-06-11 19:50:00,8.3554,9.242,0.0
EWR-1,6/11/2025,08:00:00 pm,0,2025-06-11 20:00:00,8.3571,9.242,0.00019999999999988915
EWR-1,6/11/2025,08:10:00 pm,0,2025-06-11 20:10:00,8.3592,9.244,9.999999999994457e-05
EWR-1,6/11/2025,08:20:00 pm,0,2025-06-11 20:20:00,8.3605,9.245,0.00010000000000012221
EWR-1,6/11/2025,08:30:00 pm,0,2025-06-11 20:30:00,8.3619,9.246,9.999999999994457e-05
EWR-1,6/11/2025,08:40:00 pm,0,2025-06-11 20:40:00,8.3614,9.247,0.0002000000000000668
EWR-1,6/11/2025,08:50:00 pm,0,2025-06-11 20:50:00,8.3623,9.249,0.0
EWR-1,6/11/2025,09:00:00 pm,0,2025-06-11 21:00:00,8.3631,9.249,9.999999999994457e-05
EWR-1,6/11/2025,09:10:00 pm,0,2025-06-11 21:10:00,8.3648,9.25,0.0002000000000000668
EWR-1,6/11/2025,09:20:00 pm,0,2025-06-11 21:20:00,8.3679,9.252,0.0
EWR-1,6/11/2025,09:30:00 pm,0,2025-06-11 21:30:00,8.3694,9.252,0.00019999999999988915
EWR-1,6/11/2025,09:40:00 pm,0,2025-06-11 21:40:00,8.3711,9.254,0.0
EWR-1,6/11/2025,09:50:00 pm,0,2025-06-11 21:50:00,8.3722,9.254,0.00010000000000012221
EWR-1,6/11/2025,10:00:00 pm,0,2025-06-11 22:00:00,8.3731,9.255,0.0
EWR-1,6/11/2025,10:10:00 pm,0,2025-06-11 22:10:00,8.3739,9.255,9.999999999994457e-05
EWR-1,6/11/2025,10:20:00 pm,0,2025-06-11 22:20:00,8.3745,9.256,0.0
EWR-1,6/11/2025,10:30:00 pm,0,2025-06-11 22:30:00,8.3745,9.256,0.0
EWR-1,6/11/2025,10:40:00 pm,0,2025-06-11 22:40:00,8.3748,9.256,0.0
EWR-1,6/11/2025,10:50:00 pm,0,2025-06-11 22:50:00,8.3743,9.256,0.0
EWR-1,6/11/2025,11:00:00 pm,0,2025-06-11 23:00:00,8.3731,9.256,0.0
EWR-1,6/11/2025,11:10:00 pm,0,2025-06-11 23:10:00,8.3728,9.256,9.999999999994457e-05
EWR-1,6/11/2025,11:20:00 pm,0,2025-06-11 23:20:00,8.3734,9.255,0.00010000000000012221
EWR-1,6/11/2025,11:30:00 pm,0,2025-06-11 23:30:00,8.3738,9.254,9.999999999994457e-05
EWR-1,6/11/2025,11:40:00 pm,0,2025-06-11 23:40:00,8.3744,9.253,9.999999999994457e-05
EWR-1,6/11/2025,11:50:00 pm,0,2025-06-11 23:50:00,8.3745,9.252,0.00010000000000012221
EWR-1,6/12/2025,12:00:00 am,0,2025-06-12 00:00:00,8.3747,9.251,9.999999999994457e-05
EWR-1,6/12/2025,12:10:00 am,0,2025-06-12 00:10:00,8.3755,9.25,0.0002000000000000668
EWR-1,6/12/2025,12:20:00 am,0,2025-06-12 00:20:00,8.3755,9.248,0.00019999999999988915
EWR-1,6/12/2025,12:30:00 am,0,2025-06-12 00:30:00,8.3761,9.246,0.00010000000000012221
EWR-1,6/12/2025,12:40:00 am,0,2025-06-12 00:40:00,8.3759,9.245,0.0002999999999998337
EWR-1,6/12/2025,12:50:00 am,0,2025-06-12 00:50:00,8.3758,9.242,0.0002000000000000668
EWR-1,6/12/2025,01:00:00 am,0,2025-06-12 01:00:00,8.3761,9.24,0.0002000000000000668
EWR-1,6/12/2025,01:10:00 am,0,2025-06-12 01:10:00,8.3762,9.238,0.00019999999999988915
EWR-1,6/12/2025,01:20:00 am,0,2025-06-12 01:20:00,8.3766,9.236,0.00030000000000001136
EWR-1,6/12/2025,01:30:00 am,0,2025-06-12 01:30:00,8.3767,9.233,0.0002000000000000668
EWR-1,6/12/2025,01:40:00 am,0,2025-06-12 01:40:00,8.3761,9.231,0.00030000000000001136
EWR-1,6/12/2025,01:50:00 am,0,2025-06-12 01:50:00,8.3757,9.228,0.00030000000000001136
EWR-1,6/12/2025,02:00:00 am,0,2025-06-12 02:00:00,8.3759,9.225,0.00039999999999995595
EWR-1,6/12/2025,02:10:00 am,0,2025-06-12 02:10:00,8.3754,9.221,0.00030000000000001136
EWR-1,6/12/2025,02:20:00 am,0,2025-06-12 02:20:00,8.3756,9.218,0.00030000000000001136
EWR-1,6/12/2025,02:30:00 am,0,2025-06-12 02:30:00,8.3755,9.215,0.00039999999999995595
EWR-1,6/12/2025,02:40:00 am,0,2025-06-12 02:40:00,8.3753,9.211,0.00030000000000001136
EWR-1,6/12/2025,02:50:00 am,0,2025-06-12 02:50:00,8.3749,9.208,0.00039999999999995595
EWR-1,6/12/2025,03:00:00 am,0,2025-06-12 03:00:00,8.3747,9.204,0.0004000000000001336
EWR-1,6/12/2025,03:10:00 am,0,2025-06-12 03:10:00,8.3749,9.2,0.00039999999999995595
EWR-1,6/12/2025,03:20:00 am,0,2025-06-12 03:20:00,8.3745,9.196,0.00039999999999995595
EWR-1,6/12/2025,03:30:00 am,0,2025-06-12 03:30:00,8.374,9.192,0.00039999999999995595
EWR-1,6/12/2025,03:40:00 am,0,2025-06-12 03:40:00,8.3739,9.188,0.0004000000000001336
EWR-1,6/12/2025,03:50:00 am,0,2025-06-12 03:50:00,8.374,9.184,0.00039999999999995595
EWR-1,6/12/2025,04:00:00 am,0,2025-06-12 04:00:00,8.3748,9.18,0.0004999999999999005
EWR-1,6/12/2025,04:10:00 am,0,2025-06-12 04:10:00,8.3749,9.175,0.0004000000000001336
EWR-1,6/12/2025,04:20:00 am,0,2025-06-12 04:20:00,8.3749,9.171,0.0006000000000000227
EWR-1,6/12/2025,04:30:00 am,0,2025-06-12 04:30:00,8.3749,9.165,0.00039999999999995595
EWR-1,6/12/2025,04:40:00 am,0,2025-06-12 04:40:00,8.3754,9.161,0.0004999999999999005
EWR-1,6/12/2025,04:50:00 am,0,2025-06-12 04:50:00,8.3759,9.156,0.0006000000000000227
EWR-1,6/12/2025,05:00:00 am,0,2025-06-12 05:00:00,8.3766,9.15,0.0005000000000000782
EWR-1,6/12/2025,05:10:00 am,0,2025-06-12 05:10:00,8.3767,9.145,0.0004999999999999005
EWR-1,6/12/2025,05:20:00 am,0,2025-06-12 05:20:00,8.3767,9.14,0.0005000000000000782
EWR-1,6/12/2025,05:30:00 am,0,2025-06-12 05:30:00,8.3775,9.135,0.0004999999999999005
EWR-1,6/12/2025,05:40:00 am,0,2025-06-12 05:40:00,8.3775,9.13,0.0006000000000000227
EWR-1,6/12/2025,05:50:00 am,0,2025-06-12 05:50:00,8.3776,9.124,0.0006000000000000227
EWR-1,6/12/2025,06:00:00 am,0,2025-06-12 06:00:00,8.3775,9.118,0.0005000000000000782
EWR-1,6/12/2025,06:10:00 am,0,2025-06-12 06:10:00,8.3777,9.113,0.0006000000000000227
EWR-1,6/12/2025,06:20:00 am,0,2025-06-12 06:20:00,8.3768,9.107,0.0005999999999998451
EWR-1,6/12/2025,06:30:00 am,0,2025-06-12 06:30:00,8.3766,9.101,0.0006000000000000227
EWR-1,6/12/2025,06:40:00 am,0,2025-06-12 06:40:00,8.3769,9.095,0.000700000000000145
EWR-1,6/12/2025,06:50:00 am,0,2025-06-12 06:50:00,8.3772,9.088,0.0005999999999998451
EWR-1,6/12/2025,07:00:00 am,0,2025-06-12 07:00:00,8.3772,9.082,0.0006000000000000227
EWR-1,6/12/2025,07:10:00 am,0,2025-06-12 07:10:00,8.3771,9.076,0.0006000000000000227
EWR-1,6/12/2025,07:20:00 am,0,2025-06-12 07:20:00,8.3773,9.07,0.0006999999999999674
EWR-1,6/12/2025,07:30:00 am,0,2025-06-12 07:30:00,8.3775,9.063,0.0006000000000000227
EWR-1,6/12/2025,07:40:00 am,0,2025-06-12 07:40:00,8.3775,9.057,0.0006000000000000227
EWR-1,6/12/2025,07:50:00 am,0,2025-06-12 07:50:00,8.3771,9.051,0.0006999999999999674
EWR-1,6/12/2025,08:00:00 am,0,2025-06-12 08:00:00,8.3775,9.044,0.0006000000000000227
EWR-1,6/12/2025,08:10:00 am,0,2025-06-12 08:10:00,8.3773,9.038,0.0006999999999999674
EWR-1,6/12/2025,08:20:00 am,0,2025-06-12 08:20:00,8.3775,9.031,0.0006000000000000227
EWR-1,6/12/2025,08:30:00 am,0,2025-06-12 08:30:00,8.3771,9.025,0.0006999999999999674
EWR-1,6/12/2025,08:40:00 am,0,2025-06-12 08:40:00,8.377,9.018,0.0006000000000000227
EWR-1,6/12/2025,08:50:00 am,0,2025-06-12 08:50:00,8.3762,9.012,0.0006000000000000227
EWR-1,6/12/2025,09:00:00 am,0,2025-06-12 09:00:00,8.3767,9.006,0.0006000000000000227
EWR-1,6/12/2025,09:10:00 am,0,2025-06-12 09:10:00,8.3765,9.0,0.0006000000000000227
EWR-1,6/12/2025,09:20:00 am,0,2025-06-12 09:20:00,8.3763,8.994,0.0004999999999999005
EWR-1,6/12/2025,09:30:00 am,0,2025-06-12 09:30:00,8.3755,8.989,0.0006000000000000227
EWR-1,6/12/2025,09:40:00 am,0,2025-06-12 09:40:00,8.3748,8.983,0.0004000000000001336
EWR-1,6/12/2025,09:50:00 am,0,2025-06-12 09:50:00,8.3738,8.979,0.0004999999999999005
EWR-1,6/12/2025,10:00:00 am,0,2025-06-12 10:00:00,8.3719,8.974,0.0005000000000000782
EWR-1,6/12/2025,10:10:00 am,0,2025-06-12 10:10:00,8.3695,8.969,0.0004999999999999005
EWR-1,6/12/2025,10:20:00 am,0,2025-06-12 10:20:00,8.3658,8.964,0.00039999999999995595
EWR-1,6/12/2025,10:30:00 am,0,2025-06-12 10:30:00,8.363,8.96,0.0004000000000001336
EWR-1,6/12/2025,10:40:00 am,0,2025-06-12 10:40:00,8.3606,8.956,0.00039999999999995595
EWR-1,6/12/2025,10:50:00 am,0,2025-06-12 10:50:00,8.3583,8.952,0.00039999999999995595
EWR-1,6/12/2025,11:00:00 am,0,2025-06-12 11:00:00,8.3564,8.948,0.00030000000000001136
EWR-1,6/12/2025,11:10:00 am,0,2025-06-12 11:10:00,8.354,8.945,0.00030000000000001136
EWR-1,6/12/2025,11:20:00 am,0,2025-06-12 11:20:00,8.3517,8.942,0.00030000000000001136
EWR-1,6/12/2025,11:30:00 am,0,2025-06-12 11:30:00,8.349,8.939,0.0002000000000000668
EWR-1,6/12/2025,11:40:00 am,0,2025-06-12 11:40:00,8.3465,8.937,0.00030000000000001136
EWR-1,6/12/2025,11:50:00 am,0,2025-06-12 11:50:00,8.3444,8.934,0.00019999999999988915
EWR-1,6/12/2025,12:00:00 pm,0,2025-06-12 12:00:00,8.3427,8.932,0.0002000000000000668
EWR-1,6/12/2025,12:10:00 pm,0,2025-06-12 12:10:00,8.3401,8.93,9.999999999994457e-05
EWR-1,6/12/2025,12:20:00 pm,0,2025-06-12 12:20:00,8.3382,8.929,0.0002000000000000668
EWR-1,6/12/2025,12:30:00 pm,0,2025-06-12 12:30:00,8.3352,8.927,9.999999999994457e-05
EWR-1,6/12/2025,12:40:00 pm,0,2025-06-12 12:40:00,8.3344,8.926,0.0
EWR-1,6/12/2025,12:50:00 pm,0,2025-06-12 12:50:00,8.332,8.926,9.999999999994457e-05
EWR-1,6/12/2025,01:00:00 pm,0,2025-06-12 13:00:00,8.3298,8.925,9.999999999994457e-05
EWR-1,6/12/2025,01:10:00 pm,0,2025-06-12 13:10:00,8.3284,8.926,0.0
EWR-1,6/12/2025,01:20:00 pm,0,2025-06-12 13:20:00,8.3274,8.926,0.0
EWR-1,6/12/2025,01:30:00 pm,0,2025-06-12 13:30:00,8.3255,8.926,0.0
EWR-1,6/12/2025,01:40:00 pm,0,2025-06-12 13:40:00,8.3248,8.926,0.0
EWR-1,6/12/2025,01:50:00 pm,0,2025-06-12 13:50:00,8.3246,8.926,0.0
EWR-1,6/12/2025,02:00:00 pm,0,2025-06-12 14:00:00,8.3233,8.926,9.999999999994457e-05
EWR-1,6/12/2025,02:10:00 pm,0,2025-06-12 14:10:00,8.3236,8.927,0.00010000000000012221
EWR-1,6/12/2025,02:20:00 pm,0,2025-06-12 14:20:00,8.3228,8.928,0.0
EWR-1,6/12/2025,02:30:00 pm,0,2025-06-12 14:30:00,8.3222,8.928,0.00019999999999988915
EWR-1,6/12/2025,02:40:00 pm,0,2025-06-12 14:40:00,8.3216,8.93,9.999999999994457e-05
EWR-1,6/12/2025,02:50:00 pm,0,2025-06-12 14:50:00,8.3215,8.931,0.00010000000000012221
EWR-1,6/12/2025,03:00:00 pm,0,2025-06-12 15:00:00,8.3202,8.932,9.999999999994457e-05
EWR-1,6/12/2025,03:10:00 pm,0,2025-06-12 15:10:00,8.3199,8.933,0.0002000000000000668
EWR-1,6/12/2025,03:20:00 pm,0,2025-06-12 15:20:00,8.32,8.935,9.999999999994457e-05
EWR-1,6/12/2025,03:30:00 pm,0,2025-06-12 15:30:00,8.3196,8.936,9.999999999994457e-05
EWR-1,6/12/2025,03:40:00 pm,0,2025-06-12 15:40:00,8.3193,8.937,0.00030000000000001136
EWR-1,6/12/2025,03:50:00 pm,0,2025-06-12 15:50:00,8.3191,8.94,0.0002000000000000668
EWR-1,6/12/2025,04:00:00 pm,0,2025-06-12 16:00:00,8.318,8.942,9.999999999994457e-05
EWR-1,6/12/2025,04:10:00 pm,0,2025-06-12 16:10:00,8.3169,8.943,0.0002000000000000668
EWR-1,6/12/2025,04:20:00 pm,0,2025-06-12 16:20:00,8.3164,8.945,0.00019999999999988915
EWR-1,6/12/2025,04:30:00 pm,0,2025-06-12 16:30:00,8.3164,8.947,0.0002000000000000668
EWR-1,6/12/2025,04:40:00 pm,0,2025-06-12 16:40:00,8.3162,8.949,9.999999999994457e-05
EWR-1,6/12/2025,04:50:00 pm,0,2025-06-12 16:50:00,8.3162,8.95,0.0002000000000000668
EWR-1,6/12/2025,05:00:00 pm,0,2025-06-12 17:00:00,8.3165,8.952,0.0002000000000000668
EWR-1,6/12/2025,05:10:00 pm,0,2025-06-12 17:10:00,8.3164,8.954,0.00019999999999988915
EWR-1,6/12/2025,05:20:00 pm,0,2025-06-12 17:20:00,8.3156,8.956,0.0002000000000000668
EWR-1,6/12/2025,05:30:00 pm,0,2025-06-12 17:30:00,8.3149,8.958,0.0002000000000000668
EWR-1,6/12/2025,05:40:00 pm,0,2025-06-12 17:40:00,8.3154,8.96,0.00019999999999988915
EWR-1,6/12/2025,05:50:00 pm,0,2025-06-12 17:50:00,8.3153,8.962,0.00030000000000001136
EWR-1,6/12/2025,06:00:00 pm,0,2025-06-12 18:00:00,8.3151,8.965,0.0002000000000000668
EWR-1,6/12/2025,06:10:00 pm,0,2025-06-12 18:10:00,8.3147,8.967,0.00019999999999988915
EWR-1,6/12/2025,06:20:00 pm,0,2025-06-12 18:20:00,8.3147,8.969,0.00030000000000001136
EWR-1,6/12/2025,06:30:00 pm,0,2025-06-12 18:30:00,8.3163,8.972,0.0002000000000000668
EWR-1,6/12/2025,06:40:00 pm,0,2025-06-12 18:40:00,8.3173,8.974,0.0002000000000000668
EWR-1,6/12/2025,06:50:00 pm,0,2025-06-12 18:50:00,8.3193,8.976,0.00019999999999988915
EWR-1,6/12/2025,07:00:00 pm,0,2025-06-12 19:00:00,8.3205,8.978,9.999999999994457e-05
EWR-1,6/12/2025,07:10:00 pm,0,2025-06-12 19:10:00,8.3226,8.979,0.00010000000000012221
EWR-1,6/12/2025,07:20:00 pm,0,2025-06-12 19:20:00,8.3243,8.98,9.999999999994457e-05
EWR-1,6/12/2025,07:30:00 pm,0,2025-06-12 19:30:00,8.3263,8.981,9.999999999994457e-05
EWR-1,6/12/2025,07:40:00 pm,0,2025-06-12 19:40:00,8.3288,8.982,0.0002000000000000668
EWR-1,6/12/2025,07:50:00 pm,0,2025-06-12 19:50:00,8.3306,8.984,9.999999999994457e-05
EWR-1,6/12/2025,08:00:00 pm,0,2025-06-12 20:00:00,8.333,8.985,0.00010000000000012221
EWR-1,6/12/2025,08:10:00 pm,0,2025-06-12 20:10:00,8.3351,8.986,9.999999999994457e-05
EWR-1,6/12/2025,08:20:00 pm,0,2025-06-12 20:20:00,8.3369,8.987,9.999999999994457e-05
EWR-1,6/12/2025,08:30:00 pm,0,2025-06-12 20:30:00,8.3389,8.988,0.0
EWR-1,6/12/2025,08:40:00 pm,0,2025-06-12 20:40:00,8.3404,8.988,0.00010000000000012221
EWR-1,6/12/2025,08:50:00 pm,0,2025-06-12 20:50:00,8.3413,8.989,9.999999999994457e-05
EWR-1,6/12/2025,09:00:00 pm,0,2025-06-12 21:00:00,8.3435,8.99,0.0
EWR-1,6/12/2025,09:10:00 pm,0,2025-06-12 21:10:00,8.3446,8.99,0.0002000000000000668
EWR-1,6/12/2025,09:20:00 pm,0,2025-06-12 21:20:00,8.3459,8.992,9.999999999994457e-05
EWR-1,6/12/2025,09:30:00 pm,0,2025-06-12 21:30:00,8.3475,8.993,0.0
EWR-1,6/12/2025,09:40:00 pm,0,2025-06-12 21:40:00,8.3493,8.993,0.0
EWR-1,6/12/2025,09:50:00 pm,0,2025-06-12 21:50:00,8.351,8.993,0.00019999999999988915
EWR-1,6/12/2025,10:00:00 pm,0,2025-06-12 22:00:00,8.3528,8.995,0.0
EWR-1,6/12/2025,10:10:00 pm,0,2025-06-12 22:10:00,8.3535,8.995,0.0
EWR-1,6/12/2025,10:20:00 pm,0,2025-06-12 22:20:00,8.354,8.995,0.0
EWR-1,6/12/2025,10:30:00 pm,0,2025-06-12 22:30:00,8.3547,8.995,0.0
EWR-1,6/12/2025,10:40:00 pm,0,2025-06-12 22:40:00,8.3548,8.995,0.0
EWR-1,6/12/2025,10:50:00 pm,0,2025-06-12 22:50:00,8.3553,8.995,9.999999999994457e-05
EWR-1,6/12/2025,11:00:00 pm,0,2025-06-12 23:00:00,8.3557,8.994,0.0
EWR-1,6/12/2025,11:10:00 pm,0,2025-06-12 23:10:00,8.3561,8.994,9.999999999994457e-05
EWR-1,6/12/2025,11:20:00 pm,0,2025-06-12 23:20:00,8.3567,8.993,0.0
EWR-1,6/12/2025,11:30:00 pm,0,2025-06-12 23:30:00,8.3572,8.993,9.999999999994457e-05
EWR-1,6/12/2025,11:40:00 pm,0,2025-06-12 23:40:00,8.3569,8.992,0.00010000000000012221
EWR-1,6/12/2025,11:50:00 pm,0,2025-06-12 23:50:00,8.3571,8.991,9.999999999994457e-05
EWR-1,6/13/2025,12:00:00 am,0,2025-06-13 00:00:00,8.3569,8.99,9.999999999994457e-05
EWR-1,6/13/2025,12:10:00 am,0,2025-06-13 00:10:00,8.3573,8.989,0.00010000000000012221
EWR-1,6/13/2025,12:20:00 am,0,2025-06-13 00:20:00,8.3574,8.988,0.00019999999999988915
EWR-1,6/13/2025,12:30:00 am,0,2025-06-13 00:30:00,8.3578,8.986,0.00010000000000012221
EWR-1,6/13/2025,12:40:00 am,0,2025-06-13 00:40:00,8.3566,8.985,0.00019999999999988915
EWR-1,6/13/2025,12:50:00 am,0,2025-06-13 00:50:00,8.3566,8.983,0.00010000000000012221
EWR-1,6/13/2025,01:00:00 am,0,2025-06-13 01:00:00,8.3563,8.982,0.00030000000000001136
EWR-1,6/13/2025,01:10:00 am,0,2025-06-13 01:10:00,8.3563,8.979,0.00019999999999988915
EWR-1,6/13/2025,01:20:00 am,0,2025-06-13 01:20:00,8.3565,8.977,9.999999999994457e-05
EWR-1,6/13/2025,01:30:00 am,0,2025-06-13 01:30:00,8.3559,8.976,0.00030000000000001136
EWR-1,6/13/2025,01:40:00 am,0,2025-06-13 01:40:00,8.3562,8.973,0.0002000000000000668
EWR-1,6/13/2025,01:50:00 am,0,2025-06-13 01:50:00,8.356,8.971,0.0002000000000000668
EWR-1,6/13/2025,02:00:00 am,0,2025-06-13 02:00:00,8.3563,8.969,0.00030000000000001136
EWR-1,6/13/2025,02:10:00 am,0,2025-06-13 02:10:00,8.3566,8.966,0.00019999999999988915
EWR-1,6/13/2025,02:20:00 am,0,2025-06-13 02:20:00,8.3568,8.964,0.00030000000000001136
EWR-1,6/13/2025,02:30:00 am,0,2025-06-13 02:30:00,8.3563,8.961,0.00030000000000001136
EWR-1,6/13/2025,02:40:00 am,0,2025-06-13 02:40:00,8.3558,8.958,0.00030000000000001136
EWR-1,6/13/2025,02:50:00 am,0,2025-06-13 02:50:00,8.3555,8.955,0.00030000000000001136
EWR-1,6/13/2025,03:00:00 am,0,2025-06-13 03:00:00,8.3557,8.952,0.00030000000000001136
EWR-1,6/13/2025,03:10:00 am,0,2025-06-13 03:10:00,8.3556,8.949,0.00030000000000001136
EWR-1,6/13/2025,03:20:00 am,0,2025-06-13 03:20:00,8.3554,8.946,0.00030000000000001136
EWR-1,6/13/2025,03:30:00 am,0,2025-06-13 03:30:00,8.3554,8.943,0.00039999999999995595
EWR-1,6/13/2025,03:40:00 am,0,2025-06-13 03:40:00,8.356,8.939,0.00030000000000001136
EWR-1,6/13/2025,03:50:00 am,0,2025-06-13 03:50:00,8.3564,8.936,0.00039999999999995595
EWR-1,6/13/2025,04:00:00 am,0,2025-06-13 04:00:00,8.3565,8.932,0.00030000000000001136
EWR-1,6/13/2025,04:10:00 am,0,2025-06-13 04:10:00,8.3572,8.929,0.00039999999999995595
EWR-1,6/13/2025,04:20:00 am,0,2025-06-13 04:20:00,8.3579,8.925,0.0004000000000001336
EWR-1,6/13/2025,04:30:00 am,0,2025-06-13 04:30:00,8.3571,8.921,0.00039999999999995595
EWR-1,6/13/2025,04:40:00 am,0,2025-06-13 04:40:00,8.3567,8.917,0.00039999999999995595
EWR-1,6/13/2025,04:50:00 am,0,2025-06-13 04:50:00,8.3568,8.913,0.00039999999999995595
EWR-1,6/13/2025,05:00:00 am,0,2025-06-13 05:00:00,8.3563,8.909,0.0004000000000001336
EWR-1,6/13/2025,05:10:00 am,0,2025-06-13 05:10:00,8.3562,8.905,0.0004999999999999005
EWR-1,6/13/2025,05:20:00 am,0,2025-06-13 05:20:00,8.3562,8.9,0.00039999999999995595
EWR-1,6/13/2025,05:30:00 am,0,2025-06-13 05:30:00,8.3561,8.896,0.0004000000000001336
EWR-1,6/13/2025,05:40:00 am,0,2025-06-13 05:40:00,8.3566,8.892,0.0004999999999999005
EWR-1,6/13/2025,05:50:00 am,0,2025-06-13 05:50:00,8.3572,8.887,0.0005000000000000782
EWR-1,6/13/2025,06:00:00 am,0,2025-06-13 06:00:00,8.3572,8.882,0.0004999999999999005
EWR-1,6/13/2025,06:10:00 am,0,2025-06-13 06:10:00,8.357,8.877,0.0004000000000001336
EWR-1,6/13/2025,06:20:00 am,0,2025-06-13 06:20:00,8.357,8.873,0.0004999999999999005
EWR-1,6/13/2025,06:30:00 am,0,2025-06-13 06:30:00,8.3574,8.868,0.0005000000000000782
EWR-1,6/13/2025,06:40:00 am,0,2025-06-13 06:40:00,8.3563,8.863,0.0006000000000000227
EWR-1,6/13/2025,06:50:00 am,0,2025-06-13 06:50:00,8.3561,8.857,0.00039999999999995595
EWR-1,6/13/2025,07:00:00 am,0,2025-06-13 07:00:00,8.356,8.853,0.0006000000000000227
EWR-1,6/13/2025,07:10:00 am,0,2025-06-13 07:10:00,8.3556,8.847,0.0004999999999999005
EWR-1,6/13/2025,07:20:00 am,0,2025-06-13 07:20:00,8.3558,8.842,0.0005000000000000782
EWR-1,6/13/2025,07:30:00 am,0,2025-06-13 07:30:00,8.3556,8.837,0.0004999999999999005
EWR-1,6/13/2025,07:40:00 am,0,2025-06-13 07:40:00,8.3553,8.832,0.0006000000000000227
EWR-1,6/13/2025,07:50:00 am,0,2025-06-13 07:50:00,8.3553,8.826,0.0005000000000000782
EWR-1,6/13/2025,08:00:00 am,0,2025-06-13 08:00:00,8.3557,8.821,0.0004999999999999005
EWR-1,6/13/2025,08:10:00 am,0,2025-06-13 08:10:00,8.3558,8.816,0.0006000000000000227
EWR-1,6/13/2025,08:20:00 am,0,2025-06-13 08:20:00,8.3557,8.81,0.0005000000000000782
EWR-1,6/13/2025,08:30:00 am,0,2025-06-13 08:30:00,8.3562,8.805,0.0004999999999999005
EWR-1,6/13/2025,08:40:00 am,0,2025-06-13 08:40:00,8.3573,8.8,0.0005000000000000782
EWR-1,6/13/2025,08:50:00 am,0,2025-06-13 08:50:00,8.3573,8.795,0.0005000000000000782
EWR-1,6/13/2025,09:00:00 am,0,2025-06-13 09:00:00,8.3581,8.79,0.00039999999999995595
EWR-1,6/13/2025,09:10:00 am,0,2025-06-13 09:10:00,8.3584,8.786,0.0004999999999999005
EWR-1,6/13/2025,09:20:00 am,0,2025-06-13 09:20:00,8.3585,8.781,0.0005000000000000782
EWR-1,6/13/2025,09:30:00 am,0,2025-06-13 09:30:00,8.3589,8.776,0.00039999999999995595
EWR-1,6/13/2025,09:40:00 am,0,2025-06-13 09:40:00,8.3576,8.772,0.00039999999999995595
EWR-1,6/13/2025,09:50:00 am,0,2025-06-13 09:50:00,8.355,8.768,0.00030000000000001136
EWR-1,6/13/2025,10:00:00 am,0,2025-06-13 10:00:00,8.353,8.765,0.0004000000000001336
EWR-1,6/13/2025,10:10:00 am,0,2025-06-13 10:10:00,8.3501,8.761,0.00039999999999995595
EWR-1,6/13/2025,10:20:00 am,0,2025-06-13 10:20:00,8.3477,8.757,0.00030000000000001136
EWR-1,6/13/2025,10:30:00 am,0,2025-06-13 10:30:00,8.3462,8.754,0.00030000000000001136
EWR-1,6/13/2025,10:40:00 am,0,2025-06-13 10:40:00,8.3448,8.751,0.00039999999999995595
EWR-1,6/13/2025,10:50:00 am,0,2025-06-13 10:50:00,8.3428,8.747,0.00030000000000001136
EWR-1,6/13/2025,11:00:00 am,0,2025-06-13 11:00:00,8.3411,8.744,0.00019999999999988915
EWR-1,6/13/2025,11:10:00 am,0,2025-06-13 11:10:00,8.3397,8.742,0.0002000000000000668
EWR-1,6/13/2025,11:20:00 am,0,2025-06-13 11:20:00,8.3382,8.74,0.00030000000000001136
EWR-1,6/13/2025,11:30:00 am,0,2025-06-13 11:30:00,8.3381,8.737,9.999999999994457e-05
EWR-1,6/13/2025,11:40:00 am,0,2025-06-13 11:40:00,8.3352,8.736,0.0002000000000000668
EWR-1,6/13/2025,11:50:00 am,0,2025-06-13 11:50:00,8.3342,8.734,9.999999999994457e-05
EWR-1,6/13/2025,12:00:00 pm,0,2025-06-13 12:00:00,8.3319,8.733,0.0002000000000000668
EWR-1,6/13/2025,12:10:00 pm,0,2025-06-13 12:10:00,8.3302,8.731,9.999999999994457e-05
EWR-1,6/13/2025,12:20:00 pm,0,2025-06-13 12:20:00,8.3294,8.73,0.0
EWR-1,6/13/2025,12:30:00 pm,0,2025-06-13 12:30:00,8.3269,8.73,0.0
EWR-1,6/13/2025,12:40:00 pm,0,2025-06-13 12:40:00,8.3254,8.73,0.0
EWR-1,6/13/2025,12:50:00 pm,0,2025-06-13 12:50:00,8.3234,8.73,0.00010000000000012221
EWR-1,6/13/2025,01:00:00 pm,0,2025-06-13 13:00:00,8.3227,8.729,0.0
EWR-1,6/13/2025,01:10:00 pm,0,2025-06-13 13:10:00,8.3211,8.729,0.0
EWR-1,6/13/2025,01:20:00 pm,0,2025-06-13 13:20:00,8.3204,8.729,0.00010000000000012221
EWR-1,6/13/2025,01:30:00 pm,0,2025-06-13 13:30:00,8.3186,8.73,0.0
EWR-1,6/13/2025,01:40:00 pm,0,2025-06-13 13:40:00,8.317,8.73,9.999999999994457e-05
EWR-1,6/13/2025,01:50:00 pm,0,2025-06-13 13:50:00,8.317,8.731,9.999999999994457e-05
EWR-1,6/13/2025,02:00:00 pm,0,2025-06-13 14:00:00,8.3167,8.732,0.00010000000000012221
EWR-1,6/13/2025,02:10:00 pm,0,2025-06-13 14:10:00,8.3149,8.733,9.999999999994457e-05
EWR-1,6/13/2025,02:20:00 pm,0,2025-06-13 14:20:00,8.3132,8.734,0.0
EWR-1,6/13/2025,02:30:00 pm,0,2025-06-13 14:30:00,8.3126,8.734,0.0002000000000000668
EWR-1,6/13/2025,02:40:00 pm,0,2025-06-13 14:40:00,8.313,8.736,9.999999999994457e-05
EWR-1,6/13/2025,02:50:00 pm,0,2025-06-13 14:50:00,8.3117,8.737,0.0002000000000000668
EWR-1,6/13/2025,03:00:00 pm,0,2025-06-13 15:00:00,8.3115,8.739,9.999999999994457e-05
EWR-1,6/13/2025,03:10:00 pm,0,2025-06-13 15:10:00,8.3106,8.74,0.0002000000000000668
EWR-1,6/13/2025,03:20:00 pm,0,2025-06-13 15:20:00,8.3117,8.742,0.00019999999999988915
EWR-1,6/13/2025,03:30:00 pm,0,2025-06-13 15:30:00,8.311,8.744,0.0002000000000000668
EWR-1,6/13/2025,03:40:00 pm,0,2025-06-13 15:40:00,8.3096,8.746,9.999999999994457e-05
EWR-1,6/13/2025,03:50:00 pm,0,2025-06-13 15:50:00,8.3114,8.747,0.0002000000000000668
EWR-1,6/13/2025,04:00:00 pm,0,2025-06-13 16:00:00,8.3087,8.749,0.00030000000000001136
EWR-1,6/13/2025,04:10:00 pm,0,2025-06-13 16:10:00,8.3091,8.752,0.00019999999999988915
EWR-1,6/13/2025,04:20:00 pm,0,2025-06-13 16:20:00,8.3099,8.754,0.00010000000000012221
EWR-1,6/13/2025,04:30:00 pm,0,2025-06-13 16:30:00,8.3088,8.755,0.0002999999999998337
EWR-1,6/13/2025,04:40:00 pm,0,2025-06-13 16:40:00,8.311,8.758,0.0002000000000000668
EWR-1,6/13/2025,04:50:00 pm,0,2025-06-13 16:50:00,8.3083,8.76,0.0002000000000000668
EWR-1,6/13/2025,05:00:00 pm,0,2025-06-13 17:00:00,8.3086,8.762,0.00030000000000001136
EWR-1,6/13/2025,05:10:00 pm,0,2025-06-13 17:10:00,8.3083,8.765,0.00019999999999988915
EWR-1,6/13/2025,05:20:00 pm,0,2025-06-13 17:20:00,8.308,8.767,0.0002000000000000668
EWR-1,6/13/2025,05:30:00 pm,0,2025-06-13 17:30:00,8.3073,8.769,0.00030000000000001136
EWR-1,6/13/2025,05:40:00 pm,0,2025-06-13 17:40:00,8.3067,8.772,0.00019999999999988915
EWR-1,6/13/2025,05:50:00 pm,0,2025-06-13 17:50:00,8.3061,8.774,0.0004000000000001336
EWR-1,6/13/2025,06:00:00 pm,0,2025-06-13 18:00:00,8.3064,8.778,0.00019999999999988915
EWR-1,6/13/2025,06:10:00 pm,0,2025-06-13 18:10:00,8.3051,8.78,0.00030000000000001136
EWR-1,6/13/2025,06:20:00 pm,0,2025-06-13 18:20:00,8.3055,8.783,0.0002000000000000668
EWR-1,6/13/2025,06:30:00 pm,0,2025-06-13 18:30:00,8.3064,8.785,0.00030000000000001136
EWR-1,6/13/2025,06:40:00 pm,0,2025-06-13 18:40:00,8.3079,8.788,0.00030000000000001136
EWR-1,6/13/2025,06:50:00 pm,0,2025-06-13 18:50:00,8.308,8.791,0.00019999999999988915
EWR-1,6/13/2025,07:00:00 pm,0,2025-06-13 19:00:00,8.3109,8.793,0.0002000000000000668
EWR-1,6/13/2025,07:10:00 pm,0,2025-06-13 19:10:00,8.3135,8.795,0.00039999999999995595
EWR-1,6/13/2025,07:20:00 pm,0,2025-06-13 19:20:00,8.3149,8.799,0.00010000000000012221
EWR-1,6/13/2025,07:30:00 pm,0,2025-06-13 19:30:00,8.3166,8.8,0.00030000000000001136
EWR-1,6/13/2025,07:40:00 pm,0,2025-06-13 19:40:00,8.3182,8.803,0.00019999999999988915
EWR-1,6/13/2025,07:50:00 pm,0,2025-06-13 19:50:00,8.3203,8.805,0.0002000000000000668
EWR-1,6/13/2025,08:00:00 pm,0,2025-06-13 20:00:00,8.3218,8.807,0.00019999999999988915
EWR-1,6/13/2025,08:10:00 pm,0,2025-06-13 20:10:00,8.324,8.809,0.0002000000000000668
EWR-1,6/13/2025,08:20:00 pm,0,2025-06-13 20:20:00,8.3257,8.811,0.0002000000000000668
EWR-1,6/13/2025,08:30:00 pm,0,2025-06-13 20:30:00,8.3275,8.813,0.00019999999999988915
EWR-1,6/13/2025,08:40:00 pm,0,2025-06-13 20:40:00,8.3294,8.815,0.00010000000000012221
EWR-1,6/13/2025,08:50:00 pm,0,2025-06-13 20:50:00,8.3305,8.816,0.00019999999999988915
EWR-1,6/13/2025,09:00:00 pm,0,2025-06-13 21:00:00,8.3325,8.818,0.00010000000000012221
EWR-1,6/13/2025,09:10:00 pm,0,2025-06-13 21:10:00,8.334,8.819,0.00019999999999988915
EWR-1,6/13/2025,09:20:00 pm,0,2025-06-13 21:20:00,8.335,8.821,9.999999999994457e-05
EWR-1,6/13/2025,09:30:00 pm,0,2025-06-13 21:30:00,8.3365,8.822,0.00010000000000012221
EWR-1,6/13/2025,09:40:00 pm,0,2025-06-13 21:40:00,8.3374,8.823,9.999999999994457e-05
EWR-1,6/13/2025,09:50:00 pm,0,2025-06-13 21:50:00,8.3393,8.824,9.999999999994457e-05
EWR-1,6/13/2025,10:00:00 pm,0,2025-06-13 22:00:00,8.3406,8.825,0.0002000000000000668
EWR-1,6/13/2025,10:10:00 pm,0,2025-06-13 22:10:00,8.3419,8.827,9.999999999994457e-05
EWR-1,6/13/2025,10:20:00 pm,0,2025-06-13 22:20:00,8.3436,8.828,0.00010000000000012221
EWR-1,6/13/2025,10:30:00 pm,0,2025-06-13 22:30:00,8.3448,8.829,9.999999999994457e-05
EWR-1,6/13/2025,10:40:00 pm,0,2025-06-13 22:40:00,8.3458,8.83,9.999999999994457e-05
EWR-1,6/13/2025,10:50:00 pm,0,2025-06-13 22:50:00,8.3458,8.831,0.00010000000000012221
EWR-1,6/13/2025,11:00:00 pm,0,2025-06-13 23:00:00,8.346,8.832,9.999999999994457e-05
EWR-1,6/13/2025,11:10:00 pm,0,2025-06-13 23:10:00,8.3472,8.833,9.999999999994457e-05
EWR-1,6/13/2025,11:20:00 pm,0,2025-06-13 23:20:00,8.3482,8.834,0.0
EWR-1,6/13/2025,11:30:00 pm,0,2025-06-13 23:30:00,8.3494,8.834,0.00010000000000012221
EWR-1,6/13/2025,11:40:00 pm,0,2025-06-13 23:40:00,8.3501,8.835,9.999999999994457e-05
EWR-1,6/13/2025,11:50:00 pm,0,2025-06-13 23:50:00,8.3502,8.836,0.0
EWR-1,6/14/2025,12:00:00 am,0,2025-06-14 00:00:00,8.351,8.836,9.999999999994457e-05
EWR-1,6/14/2025,12:10:00 am,0,2025-06-14 00:10:00,8.3515,8.837,0.0
EWR-1,6/14/2025,12:20:00 am,0,2025-06-14 00:20:00,8.3506,8.837,9.999999999994457e-05
EWR-1,6/14/2025,12:30:00 am,0,2025-06-14 00:30:00,8.3509,8.838,0.0
EWR-1,6/14/2025,12:40:00 am,0,2025-06-14 00:40:00,8.3512,8.838,0.0
EWR-1,6/14/2025,12:50:00 am,0,2025-06-14 00:50:00,8.3516,8.838,0.00010000000000012221
EWR-1,6/14/2025,01:00:00 am,0,2025-06-14 01:00:00,8.3517,8.839,0.0
EWR-1,6/14/2025,01:10:00 am,0,2025-06-14 01:10:00,8.3518,8.839,0.00010000000000012221
EWR-1,6/14/2025,01:20:00 am,0,2025-06-14 01:20:00,8.3519,8.838,0.0
EWR-1,6/14/2025,01:30:00 am,0,2025-06-14 01:30:00,8.3522,8.838,0.0
EWR-1,6/14/2025,01:40:00 am,0,2025-06-14 01:40:00,8.352,8.838,0.0
EWR-1,6/14/2025,01:50:00 am,0,2025-06-14 01:50:00,8.3523,8.838,0.0
EWR-1,6/14/2025,02:00:00 am,0,2025-06-14 02:00:00,8.3519,8.838,9.999999999994457e-05
EWR-1,6/14/2025,02:10:00 am,0,2025-06-14 02:10:00,8.3518,8.837,9.999999999994457e-05
EWR-1,6/14/2025,02:20:00 am,0,2025-06-14 02:20:00,8.3514,8.836,9.999999999994457e-05
EWR-1,6/14/2025,02:30:00 am,0,2025-06-14 02:30:00,8.3518,8.835,0.00010000000000012221
EWR-1,6/14/2025,02:40:00 am,0,2025-06-14 02:40:00,8.3516,8.834,0.0
EWR-1,6/14/2025,02:50:00 am,0,2025-06-14 02:50:00,8.3519,8.834,0.00019999999999988915
EWR-1,6/14/2025,03:00:00 am,0,2025-06-14 03:00:00,8.3519,8.832,0.00010000000000012221
EWR-1,6/14/2025,03:10:00 am,0,2025-06-14 03:10:00,8.3522,8.831,0.00019999999999988915
EWR-1,6/14/2025,03:20:00 am,0,2025-06-14 03:20:00,8.3522,8.829,0.00010000000000012221
EWR-1,6/14/2025,03:30:00 am,0,2025-06-14 03:30:00,8.3521,8.828,0.00019999999999988915
EWR-1,6/14/2025,03:40:00 am,0,2025-06-14 03:40:00,8.3527,8.826,0.00010000000000012221
EWR-1,6/14/2025,03:50:00 am,0,2025-06-14 03:50:00,8.3533,8.825,0.00019999999999988915
EWR-1,6/14/2025,04:00:00 am,0,2025-06-14 04:00:00,8.3534,8.823,0.00030000000000001136
EWR-1,6/14/2025,04:10:00 am,0,2025-06-14 04:10:00,8.354,8.82,0.0002000000000000668
EWR-1,6/14/2025,04:20:00 am,0,2025-06-14 04:20:00,8.3552,8.818,0.00030000000000001136
EWR-1,6/14/2025,04:30:00 am,0,2025-06-14 04:30:00,8.356,8.815,0.00019999999999988915
EWR-1,6/14/2025,04:40:00 am,0,2025-06-14 04:40:00,8.3567,8.813,0.0002000000000000668
EWR-1,6/14/2025,04:50:00 am,0,2025-06-14 04:50:00,8.3571,8.811,0.00030000000000001136
EWR-1,6/14/2025,05:00:00 am,0,2025-06-14 05:00:00,8.3574,8.808,0.00039999999999995595
EWR-1,6/14/2025,05:10:00 am,0,2025-06-14 05:10:00,8.3567,8.804,0.0002000000000000668
EWR-1,6/14/2025,05:20:00 am,0,2025-06-14 05:20:00,8.3566,8.802,0.00039999999999995595
EWR-1,6/14/2025,05:30:00 am,0,2025-06-14 05:30:00,8.3564,8.798,0.0002000000000000668
EWR-1,6/14/2025,05:40:00 am,0,2025-06-14 05:40:00,8.3574,8.796,0.00039999999999995595
EWR-1,6/14/2025,05:50:00 am,0,2025-06-14 05:50:00,8.3573,8.792,0.00030000000000001136
EWR-1,6/14/2025,06:00:00 am,0,2025-06-14 06:00:00,8.3582,8.789,0.00030000000000001136
EWR-1,6/14/2025,06:10:00 am,0,2025-06-14 06:10:00,8.3592,8.786,0.00039999999999995595
EWR-1,6/14/2025,06:20:00 am,0,2025-06-14 06:20:00,8.3604,8.782,0.00030000000000001136
EWR-1,6/14/2025,06:30:00 am,0,2025-06-14 06:30:00,8.3607,8.779,0.00039999999999995595
EWR-1,6/14/2025,06:40:00 am,0,2025-06-14 06:40:00,8.3614,8.775,0.00039999999999995595
EWR-1,6/14/2025,06:50:00 am,0,2025-06-14 06:50:00,8.3623,8.771,0.00030000000000001136
EWR-1,6/14/2025,07:00:00 am,0,2025-06-14 07:00:00,8.3632,8.768,0.0004000000000001336
EWR-1,6/14/2025,07:10:00 am,0,2025-06-14 07:10:00,8.3639,8.764,0.00039999999999995595
EWR-1,6/14/2025,07:20:00 am,0,2025-06-14 07:20:00,8.3653,8.76,0.00039999999999995595
EWR-1,6/14/2025,07:30:00 am,0,2025-06-14 07:30:00,8.3655,8.756,0.00039999999999995595
EWR-1,6/14/2025,07:40:00 am,0,2025-06-14 07:40:00,8.3656,8.752,0.00030000000000001136
EWR-1,6/14/2025,07:50:00 am,0,2025-06-14 07:50:00,8.3661,8.749,0.0004000000000001336
EWR-1,6/14/2025,08:00:00 am,0,2025-06-14 08:00:00,8.3667,8.745,0.00039999999999995595
EWR-1,6/14/2025,08:10:00 am,0,2025-06-14 08:10:00,8.3675,8.741,0.00030000000000001136
EWR-1,6/14/2025,08:20:00 am,0,2025-06-14 08:20:00,8.3679,8.738,0.00039999999999995595
EWR-1,6/14/2025,08:30:00 am,0,2025-06-14 08:30:00,8.3673,8.734,0.00030000000000001136
EWR-1,6/14/2025,08:40:00 am,0,2025-06-14 08:40:00,8.3675,8.731,0.00039999999999995595
EWR-1,6/14/2025,08:50:00 am,0,2025-06-14 08:50:00,8.3669,8.727,0.0002000000000000668
EWR-1,6/14/2025,09:00:00 am,0,2025-06-14 09:00:00,8.3677,8.725,0.00030000000000001136
EWR-1,6/14/2025,09:10:00 am,0,2025-06-14 09:10:00,8.367,8.722,0.00030000000000001136
EWR-1,6/14/2025,09:20:00 am,0,2025-06-14 09:20:00,8.3653,8.719,0.00030000000000001136
EWR-1,6/14/2025,09:30:00 am,0,2025-06-14 09:30:00,8.3622,8.716,0.00019999999999988915
EWR-1,6/14/2025,09:40:00 am,0,2025-06-14 09:40:00,8.3595,8.714,0.0002000000000000668
EWR-1,6/14/2025,09:50:00 am,0,2025-06-14 09:50:00,8.3574,8.712,0.00019999999999988915
EWR-1,6/14/2025,10:00:00 am,0,2025-06-14 10:00:00,8.3561,8.71,0.00030000000000001136
EWR-1,6/14/2025,10:10:00 am,0,2025-06-14 10:10:00,8.3535,8.707,0.0002000000000000668
EWR-1,6/14/2025,10:20:00 am,0,2025-06-14 10:20:00,8.3524,8.705,9.999999999994457e-05
EWR-1,6/14/2025,10:30:00 am,0,2025-06-14 10:30:00,8.3505,8.704,0.00030000000000001136
EWR-1,6/14/2025,10:40:00 am,0,2025-06-14 10:40:00,8.3502,8.701,0.00010000000000012221
EWR-1,6/14/2025,10:50:00 am,0,2025-06-14 10:50:00,8.348,8.7,9.999999999994457e-05
EWR-1,6/14/2025,11:00:00 am,0,2025-06-14 11:00:00,8.3461,8.699,0.0002000000000000668
EWR-1,6/14/2025,11:10:00 am,0,2025-06-14 11:10:00,8.3451,8.697,9.999999999994457e-05
EWR-1,6/14/2025,11:20:00 am,0,2025-06-14 11:20:00,8.3443,8.696,9.999999999994457e-05
EWR-1,6/14/2025,11:30:00 am,0,2025-06-14 11:30:00,8.3429,8.695,9.999999999994457e-05
EWR-1,6/14/2025,11:40:00 am,0,2025-06-14 11:40:00,8.3414,8.694,0.0
EWR-1,6/14/2025,11:50:00 am,0,2025-06-14 11:50:00,8.3396,8.694,0.0
EWR-1,6/14/2025,12:00:00 pm,0,2025-06-14 12:00:00,8.3384,8.694,9.999999999994457e-05
EWR-1,6/14/2025,12:10:00 pm,0,2025-06-14 12:10:00,8.337,8.695,0.0
EWR-1,6/14/2025,12:20:00 pm,0,2025-06-14 12:20:00,8.3361,8.695,0.0
EWR-1,6/14/2025,12:30:00 pm,0,2025-06-14 12:30:00,8.3337,8.695,0.00019999999999988915
EWR-1,6/14/2025,12:40:00 pm,0,2025-06-14 12:40:00,8.3331,8.697,0.0
EWR-1,6/14/2025,12:50:00 pm,0,2025-06-14 12:50:00,8.332,8.697,0.00010000000000012221
EWR-1,6/14/2025,01:00:00 pm,0,2025-06-14 13:00:00,8.3314,8.698,9.999999999994457e-05
EWR-1,6/14/2025,01:10:00 pm,0,2025-06-14 13:10:00,8.3304,8.699,9.999999999994457e-05
EWR-1,6/14/2025,01:20:00 pm,0,2025-06-14 13:20:00,8.3294,8.7,0.0002000000000000668
EWR-1,6/14/2025,01:30:00 pm,0,2025-06-14 13:30:00,8.3285,8.702,9.999999999994457e-05
EWR-1,6/14/2025,01:40:00 pm,0,2025-06-14 13:40:00,8.3285,8.703,0.0002000000000000668
EWR-1,6/14/2025,01:50:00 pm,0,2025-06-14 13:50:00,8.3278,8.705,0.0002000000000000668
EWR-1,6/14/2025,02:00:00 pm,0,2025-06-14 14:00:00,8.3279,8.707,9.999999999994457e-05
EWR-1,6/14/2025,02:10:00 pm,0,2025-06-14 14:10:00,8.3274,8.708,0.00030000000000001136
EWR-1,6/14/2025,02:20:00 pm,0,2025-06-14 14:20:00,8.3281,8.711,9.999999999994457e-05
EWR-1,6/14/2025,02:30:00 pm,0,2025-06-14 14:30:00,8.3283,8.712,0.0002000000000000668
EWR-1,6/14/2025,02:40:00 pm,0,2025-06-14 14:40:00,8.3279,8.714,0.00019999999999988915
EWR-1,6/14/2025,02:50:00 pm,0,2025-06-14 14:50:00,8.3272,8.716,0.0002000000000000668
EWR-1,6/14/2025,03:00:00 pm,0,2025-06-14 15:00:00,8.3266,8.718,0.00030000000000001136
EWR-1,6/14/2025,03:10:00 pm,0,2025-06-14 15:10:00,8.3255,8.721,0.0002000000000000668
EWR-1,6/14/2025,03:20:00 pm,0,2025-06-14 15:20:00,8.3257,8.723,0.00019999999999988915
EWR-1,6/14/2025,03:30:00 pm,0,2025-06-14 15:30:00,8.3245,8.725,0.0002000000000000668
EWR-1,6/14/2025,03:40:00 pm,0,2025-06-14 15:40:00,8.3263,8.727,0.00019999999999988915
EWR-1,6/14/2025,03:50:00 pm,0,2025-06-14 15:50:00,8.3272,8.729,0.0002000000000000668
EWR-1,6/14/2025,04:00:00 pm,0,2025-06-14 16:00:00,8.328,8.731,0.0002000000000000668
EWR-1,6/14/2025,04:10:00 pm,0,2025-06-14 16:10:00,8.329,8.733,0.00019999999999988915
EWR-1,6/14/2025,04:20:00 pm,0,2025-06-14 16:20:00,8.3286,8.735,0.0002000000000000668
EWR-1,6/14/2025,04:30:00 pm,0,2025-06-14 16:30:00,8.3294,8.737,0.0002000000000000668
EWR-1,6/14/2025,04:40:00 pm,0,2025-06-14 16:40:00,8.3304,8.739,0.00019999999999988915
EWR-1,6/14/2025,04:50:00 pm,0,2025-06-14 16:50:00,8.3303,8.741,0.0002000000000000668
EWR-1,6/14/2025,05:00:00 pm,0,2025-06-14 17:00:00,8.3307,8.743,0.00019999999999988915
EWR-1,6/14/2025,05:10:00 pm,0,2025-06-14 17:10:00,8.3305,8.745,0.0002000000000000668
EWR-1,6/14/2025,05:20:00 pm,0,2025-06-14 17:20:00,8.3303,8.747,0.00030000000000001136
EWR-1,6/14/2025,05:30:00 pm,0,2025-06-14 17:30:00,8.3299,8.75,0.0002000000000000668
EWR-1,6/14/2025,05:40:00 pm,0,2025-06-14 17:40:00,8.3288,8.752,0.00030000000000001136
EWR-1,6/14/2025,05:50:00 pm,0,2025-06-14 17:50:00,8.3283,8.755,0.00019999999999988915
EWR-1,6/14/2025,06:00:00 pm,0,2025-06-14 18:00:00,8.3274,8.757,0.00030000000000001136
EWR-1,6/14/2025,06:10:00 pm,0,2025-06-14 18:10:00,8.3279,8.76,0.0002000000000000668
EWR-1,6/14/2025,06:20:00 pm,0,2025-06-14 18:20:00,8.3275,8.762,0.00030000000000001136
EWR-1,6/14/2025,06:30:00 pm,0,2025-06-14 18:30:00,8.3283,8.765,0.00019999999999988915
EWR-1,6/14/2025,06:40:00 pm,0,2025-06-14 18:40:00,8.3285,8.767,0.0002000000000000668
EWR-1,6/14/2025,06:50:00 pm,0,2025-06-14 18:50:00,8.3299,8.769,0.00030000000000001136
EWR-1,6/14/2025,07:00:00 pm,0,2025-06-14 19:00:00,8.3316,8.772,0.00019999999999988915
EWR-1,6/14/2025,07:10:00 pm,0,2025-06-14 19:10:00,8.3335,8.774,0.0002000000000000668
EWR-1,6/14/2025,07:20:00 pm,0,2025-06-14 19:20:00,8.3357,8.776,0.0002000000000000668
EWR-1,6/14/2025,07:30:00 pm,0,2025-06-14 19:30:00,8.3366,8.778,9.999999999994457e-05
EWR-1,6/14/2025,07:40:00 pm,0,2025-06-14 19:40:00,8.3386,8.779,0.0002000000000000668
EWR-1,6/14/2025,07:50:00 pm,0,2025-06-14 19:50:00,8.34,8.781,0.00019999999999988915
EWR-1,6/14/2025,08:00:00 pm,0,2025-06-14 20:00:00,8.3417,8.783,0.0002000000000000668
EWR-1,6/14/2025,08:10:00 pm,0,2025-06-14 20:10:00,8.3438,8.785,0.0002000000000000668
EWR-1,6/14/2025,08:20:00 pm,0,2025-06-14 20:20:00,8.3457,8.787,0.00019999999999988915
EWR-1,6/14/2025,08:30:00 pm,0,2025-06-14 20:30:00,8.3473,8.789,9.999999999994457e-05
EWR-1,6/14/2025,08:40:00 pm,0,2025-06-14 20:40:00,8.348,8.79,0.0002000000000000668
EWR-1,6/14/2025,08:50:00 pm,0,2025-06-14 20:50:00,8.3488,8.792,0.0002000000000000668
EWR-1,6/14/2025,09:00:00 pm,0,2025-06-14 21:00:00,8.3507,8.794,0.0
EWR-1,6/14/2025,09:10:00 pm,0,2025-06-14 21:10:00,8.3517,8.794,0.00019999999999988915
EWR-1,6/14/2025,09:20:00 pm,0,2025-06-14 21:20:00,8.3536,8.796,0.00010000000000012221
EWR-1,6/14/2025,09:30:00 pm,0,2025-06-14 21:30:00,8.3549,8.797,9.999999999994457e-05
EWR-1,6/14/2025,09:40:00 pm,0,2025-06-14 21:40:00,8.3567,8.798,9.999999999994457e-05
EWR-1,6/14/2025,09:50:00 pm,0,2025-06-14 21:50:00,8.358,8.799,0.0
EWR-1,6/14/2025,10:00:00 pm,0,2025-06-14 22:00:00,8.3596,8.799,0.0002000000000000668
EWR-1,6/14/2025,10:10:00 pm,0,2025-06-14 22:10:00,8.3611,8.801,0.0
EWR-1,6/14/2025,10:20:00 pm,0,2025-06-14 22:20:00,8.3626,8.801,9.999999999994457e-05
EWR-1,6/14/2025,10:30:00 pm,0,2025-06-14 22:30:00,8.3632,8.802,0.0
EWR-1,6/14/2025,10:40:00 pm,0,2025-06-14 22:40:00,8.364,8.802,0.00010000000000012221
EWR-1,6/14/2025,10:50:00 pm,0,2025-06-14 22:50:00,8.3643,8.803,0.0
EWR-1,6/14/2025,11:00:00 pm,0,2025-06-14 23:00:00,8.3641,8.803,0.0
EWR-1,6/14/2025,11:10:00 pm,0,2025-06-14 23:10:00,8.3645,8.803,0.0
EWR-1,6/14/2025,11:20:00 pm,0,2025-06-14 23:20:00,8.3655,8.803,0.0
EWR-1,6/14/2025,11:30:00 pm,0,2025-06-14 23:30:00,8.3657,8.803,0.00010000000000012221
EWR-1,6/14/2025,11:40:00 pm,0,2025-06-14 23:40:00,8.3668,8.802,0.0
EWR-1,6/14/2025,11:50:00 pm,0,2025-06-14 23:50:00,8.3672,8.802,0.0
EWR-1,6/15/2025,12:00:00 am,0,2025-06-15 00:00:00,8.3671,8.802,9.999999999994457e-05
EWR-1,6/15/2025,12:10:00 am,0,2025-06-15 00:10:00,8.3675,8.801,9.999999999994457e-05
EWR-1,6/15/2025,12:20:00 am,0,2025-06-15 00:20:00,8.3678,8.8,0.00010000000000012221
EWR-1,6/15/2025,12:30:00 am,0,2025-06-15 00:30:00,8.3681,8.799,9.999999999994457e-05
EWR-1,6/15/2025,12:40:00 am,0,2025-06-15 00:40:00,8.3689,8.798,0.0002000000000000668
EWR-1,6/15/2025,12:50:00 am,0,2025-06-15 00:50:00,8.369,8.796,9.999999999994457e-05
EWR-1,6/15/2025,01:00:00 am,0,2025-06-15 01:00:00,8.3689,8.795,0.0002000000000000668
EWR-1,6/15/2025,01:10:00 am,0,2025-06-15 01:10:00,8.3686,8.793,0.00019999999999988915
EWR-1,6/15/2025,01:20:00 am,0,2025-06-15 01:20:00,8.3689,8.791,0.00010000000000012221
EWR-1,6/15/2025,01:30:00 am,0,2025-06-15 01:30:00,8.3692,8.79,0.00019999999999988915
EWR-1,6/15/2025,01:40:00 am,0,2025-06-15 01:40:00,8.3696,8.788,0.0002000000000000668
EWR-1,6/15/2025,01:50:00 am,0,2025-06-15 01:50:00,8.37,8.786,0.00030000000000001136
EWR-1,6/15/2025,02:00:00 am,0,2025-06-15 02:00:00,8.3701,8.783,0.00019999999999988915
EWR-1,6/15/2025,02:10:00 am,0,2025-06-15 02:10:00,8.3698,8.781,0.0002000000000000668
EWR-1,6/15/2025,02:20:00 am,0,2025-06-15 02:20:00,8.37,8.779,0.0002000000000000668
EWR-1,6/15/2025,02:30:00 am,0,2025-06-15 02:30:00,8.371,8.777,0.00030000000000001136
EWR-1,6/15/2025,02:40:00 am,0,2025-06-15 02:40:00,8.3718,8.774,0.00019999999999988915
EWR-1,6/15/2025,02:50:00 am,0,2025-06-15 02:50:00,8.3717,8.772,0.00030000000000001136
EWR-1,6/15/2025,03:00:00 am,0,2025-06-15 03:00:00,8.3719,8.769,0.00030000000000001136
EWR-1,6/15/2025,03:10:00 am,0,2025-06-15 03:10:00,8.3718,8.766,0.00030000000000001136
EWR-1,6/15/2025,03:20:00 am,0,2025-06-15 03:20:00,8.3722,8.763,0.00030000000000001136
EWR-1,6/15/2025,03:30:00 am,0,2025-06-15 03:30:00,8.3719,8.76,0.00030000000000001136
EWR-1,6/15/2025,03:40:00 am,0,2025-06-15 03:40:00,8.3727,8.757,0.00030000000000001136
EWR-1,6/15/2025,03:50:00 am,0,2025-06-15 03:50:00,8.373,8.754,0.00030000000000001136
EWR-1,6/15/2025,04:00:00 am,0,2025-06-15 04:00:00,8.3739,8.751,0.00039999999999995595
EWR-1,6/15/2025,04:10:00 am,0,2025-06-15 04:10:00,8.3739,8.747,0.00039999999999995595
EWR-1,6/15/2025,04:20:00 am,0,2025-06-15 04:20:00,8.3743,8.743,0.00030000000000001136
EWR-1,6/15/2025,04:30:00 am,0,2025-06-15 04:30:00,8.3747,8.74,0.00039999999999995595
EWR-1,6/15/2025,04:40:00 am,0,2025-06-15 04:40:00,8.3746,8.736,0.0004000000000001336
EWR-1,6/15/2025,04:50:00 am,0,2025-06-15 04:50:00,8.3741,8.732,0.00039999999999995595
EWR-1,6/15/2025,05:00:00 am,0,2025-06-15 05:00:00,8.374,8.728,0.00039999999999995595
EWR-1,6/15/2025,05:10:00 am,0,2025-06-15 05:10:00,8.3742,8.724,0.00039999999999995595
EWR-1,6/15/2025,05:20:00 am,0,2025-06-15 05:20:00,8.3751,8.72,0.0004000000000001336
EWR-1,6/15/2025,05:30:00 am,0,2025-06-15 05:30:00,8.3752,8.716,0.0004999999999999005
EWR-1,6/15/2025,05:40:00 am,0,2025-06-15 05:40:00,8.3755,8.711,0.00039999999999995595
EWR-1,6/15/2025,05:50:00 am,0,2025-06-15 05:50:00,8.376,8.707,0.0005000000000000782
EWR-1,6/15/2025,06:00:00 am,0,2025-06-15 06:00:00,8.3766,8.702,0.0005000000000000782
EWR-1,6/15/2025,06:10:00 am,0,2025-06-15 06:10:00,8.3765,8.697,0.00039999999999995595
EWR-1,6/15/2025,06:20:00 am,0,2025-06-15 06:20:00,8.3774,8.693,0.0004999999999999005
EWR-1,6/15/2025,06:30:00 am,0,2025-06-15 06:30:00,8.378,8.688,0.0004000000000001336
EWR-1,6/15/2025,06:40:00 am,0,2025-06-15 06:40:00,8.3786,8.684,0.0005999999999998451
EWR-1,6/15/2025,06:50:00 am,0,2025-06-15 06:50:00,8.3791,8.678,0.0005000000000000782
EWR-1,6/15/2025,07:00:00 am,0,2025-06-15 07:00:00,8.3797,8.673,0.0005000000000000782
EWR-1,6/15/2025,07:10:00 am,0,2025-06-15 07:10:00,8.3809,8.668,0.0004999999999999005
EWR-1,6/15/2025,07:20:00 am,0,2025-06-15 07:20:00,8.3812,8.663,0.0005000000000000782
EWR-1,6/15/2025,07:30:00 am,0,2025-06-15 07:30:00,8.3811,8.658,0.0004999999999999005
EWR-1,6/15/2025,07:40:00 am,0,2025-06-15 07:40:00,8.381,8.653,0.0006000000000000227
EWR-1,6/15/2025,07:50:00 am,0,2025-06-15 07:50:00,8.3816,8.647,0.0005000000000000782
EWR-1,6/15/2025,08:00:00 am,0,2025-06-15 08:00:00,8.382,8.642,0.0004999999999999005
EWR-1,6/15/2025,08:10:00 am,0,2025-06-15 08:10:00,8.3813,8.637,0.0005000000000000782
EWR-1,6/15/2025,08:20:00 am,0,2025-06-15 08:20:00,8.3819,8.632,0.0004999999999999005
EWR-1,6/15/2025,08:30:00 am,0,2025-06-15 08:30:00,8.3818,8.627,0.0004000000000001336
EWR-1,6/15/2025,08:40:00 am,0,2025-06-15 08:40:00,8.3814,8.623,0.0004999999999999005
EWR-1,6/15/2025,08:50:00 am,0,2025-06-15 08:50:00,8.3816,8.618,0.0005000000000000782
EWR-1,6/15/2025,09:00:00 am,0,2025-06-15 09:00:00,8.3816,8.613,0.0004999999999999005
EWR-1,6/15/2025,09:10:00 am,0,2025-06-15 09:10:00,8.3813,8.608,0.00030000000000001136
EWR-1,6/15/2025,09:20:00 am,0,2025-06-15 09:20:00,8.3816,8.605,0.0005000000000000782
EWR-1,6/15/2025,09:30:00 am,0,2025-06-15 09:30:00,8.3823,8.6,0.00030000000000001136
EWR-1,6/15/2025,09:40:00 am,0,2025-06-15 09:40:00,8.382,8.597,0.00039999999999995595
EWR-1,6/15/2025,09:50:00 am,0,2025-06-15 09:50:00,8.3813,8.593,0.00030000000000001136
EWR-1,6/15/2025,10:00:00 am,0,2025-06-15 10:00:00,8.3804,8.59,0.00039999999999995595
EWR-1,6/15/2025,10:10:00 am,0,2025-06-15 10:10:00,8.3786,8.586,0.00030000000000001136
EWR-1,6/15/2025,10:20:00 am,0,2025-06-15 10:20:00,8.3752,8.583,0.00030000000000001136
EWR-1,6/15/2025,10:30:00 am,0,2025-06-15 10:30:00,8.3727,8.58,0.00030000000000001136
EWR-1,6/15/2025,10:40:00 am,0,2025-06-15 10:40:00,8.3698,8.577,0.00030000000000001136
EWR-1,6/15/2025,10:50:00 am,0,2025-06-15 10:50:00,8.3669,8.574,0.0002000000000000668
EWR-1,6/15/2025,11:00:00 am,0,2025-06-15 11:00:00,8.3648,8.572,0.00019999999999988915
EWR-1,6/15/2025,11:10:00 am,0,2025-06-15 11:10:00,8.3628,8.57,0.0002000000000000668
EWR-1,6/15/2025,11:20:00 am,0,2025-06-15 11:20:00,8.3615,8.568,0.00019999999999988915
EWR-1,6/15/2025,11:30:00 am,0,2025-06-15 11:30:00,8.359,8.566,0.0002000000000000668
EWR-1,6/15/2025,11:40:00 am,0,2025-06-15 11:40:00,8.3577,8.564,9.999999999994457e-05
EWR-1,6/15/2025,11:50:00 am,0,2025-06-15 11:50:00,8.3556,8.563,0.0
EWR-1,6/15/2025,12:00:00 pm,0,2025-06-15 12:00:00,8.3528,8.563,0.00010000000000012221
EWR-1,6/15/2025,12:10:00 pm,0,2025-06-15 12:10:00,8.3508,8.562,9.999999999994457e-05
EWR-1,6/15/2025,12:20:00 pm,0,2025-06-15 12:20:00,8.3491,8.561,0.0
EWR-1,6/15/2025,12:30:00 pm,0,2025-06-15 12:30:00,8.3477,8.561,0.0
EWR-1,6/15/2025,12:40:00 pm,0,2025-06-15 12:40:00,8.3463,8.561,9.999999999994457e-05
EWR-1,6/15/2025,12:50:00 pm,0,2025-06-15 12:50:00,8.3436,8.562,0.0
EWR-1,6/15/2025,01:00:00 pm,0,2025-06-15 13:00:00,8.3426,8.562,0.0
EWR-1,6/15/2025,01:10:00 pm,0,2025-06-15 13:10:00,8.3418,8.562,0.0002000000000000668
EWR-1,6/15/2025,01:20:00 pm,0,2025-06-15 13:20:00,8.3406,8.564,0.0
EWR-1,6/15/2025,01:30:00 pm,0,2025-06-15 13:30:00,8.3399,8.564,9.999999999994457e-05
EWR-1,6/15/2025,01:40:00 pm,0,2025-06-15 13:40:00,8.339,8.565,0.00010000000000012221
EWR-1,6/15/2025,01:50:00 pm,0,2025-06-15 13:50:00,8.3392,8.566,9.999999999994457e-05
EWR-1,6/15/2025,02:00:00 pm,0,2025-06-15 14:00:00,8.3382,8.567,0.0002000000000000668
EWR-1,6/15/2025,02:10:00 pm,0,2025-06-15 14:10:00,8.3393,8.569,9.999999999994457e-05
EWR-1,6/15/2025,02:20:00 pm,0,2025-06-15 14:20:00,8.3386,8.57,0.00019999999999988915
EWR-1,6/15/2025,02:30:00 pm,0,2025-06-15 14:30:00,8.3386,8.572,0.00010000000000012221
EWR-1,6/15/2025,02:40:00 pm,0,2025-06-15 14:40:00,8.3386,8.573,0.00019999999999988915
EWR-1,6/15/2025,02:50:00 pm,0,2025-06-15 14:50:00,8.3364,8.575,0.0002000000000000668
EWR-1,6/15/2025,03:00:00 pm,0,2025-06-15 15:00:00,8.336,8.577,0.0002000000000000668
EWR-1,6/15/2025,03:10:00 pm,0,2025-06-15 15:10:00,8.3349,8.579,0.00030000000000001136
EWR-1,6/15/2025,03:20:00 pm,0,2025-06-15 15:20:00,8.3357,8.582,0.00030000000000001136
EWR-1,6/15/2025,03:30:00 pm,0,2025-06-15 15:30:00,8.3364,8.585,9.999999999994457e-05
EWR-1,6/15/2025,03:40:00 pm,0,2025-06-15 15:40:00,8.3349,8.586,0.00030000000000001136
EWR-1,6/15/2025,03:50:00 pm,0,2025-06-15 15:50:00,8.3345,8.589,0.00030000000000001136
EWR-1,6/15/2025,04:00:00 pm,0,2025-06-15 16:00:00,8.3328,8.592,0.00019999999999988915
EWR-1,6/15/2025,04:10:00 pm,0,2025-06-15 16:10:00,8.3333,8.594,0.0002000000000000668
EWR-1,6/15/2025,04:20:00 pm,0,2025-06-15 16:20:00,8.3329,8.596,0.00030000000000001136
EWR-1,6/15/2025,04:30:00 pm,0,2025-06-15 16:30:00,8.3318,8.599,0.00039999999999995595
EWR-1,6/15/2025,04:40:00 pm,0,2025-06-15 16:40:00,8.3302,8.603,0.0002000000000000668
EWR-1,6/15/2025,04:50:00 pm,0,2025-06-15 16:50:00,8.3304,8.605,0.00030000000000001136
EWR-1,6/15/2025,05:00:00 pm,0,2025-06-15 17:00:00,8.3303,8.608,0.00030000000000001136
EWR-1,6/15/2025,05:10:00 pm,0,2025-06-15 17:10:00,8.3296,8.611,0.00030000000000001136
EWR-1,6/15/2025,05:20:00 pm,0,2025-06-15 17:20:00,8.3294,8.614,0.00030000000000001136
EWR-1,6/15/2025,05:30:00 pm,0,2025-06-15 17:30:00,8.3293,8.617,0.0002999999999998337
EWR-1,6/15/2025,05:40:00 pm,0,2025-06-15 17:40:00,8.3299,8.62,0.00030000000000001136
EWR-1,6/15/2025,05:50:00 pm,0,2025-06-15 17:50:00,8.3293,8.623,0.00030000000000001136
EWR-1,6/15/2025,06:00:00 pm,0,2025-06-15 18:00:00,8.3296,8.626,0.0004000000000001336
EWR-1,6/15/2025,06:10:00 pm,0,2025-06-15 18:10:00,8.3301,8.63,0.0002999999999998337
EWR-1,6/15/2025,06:20:00 pm,0,2025-06-15 18:20:00,8.3307,8.633,0.00030000000000001136
EWR-1,6/15/2025,06:30:00 pm,0,2025-06-15 18:30:00,8.3315,8.636,0.00030000000000001136
EWR-1,6/15/2025,06:40:00 pm,0,2025-06-15 18:40:00,8.3326,8.639,0.00030000000000001136
EWR-1,6/15/2025,06:50:00 pm,0,2025-06-15 18:50:00,8.3338,8.642,0.00030000000000001136
EWR-1,6/15/2025,07:00:00 pm,0,2025-06-15 19:00:00,8.3354,8.645,0.0002000000000000668
EWR-1,6/15/2025,07:10:00 pm,0,2025-06-15 19:10:00,8.3364,8.647,0.00030000000000001136
EWR-1,6/15/2025,07:20:00 pm,0,2025-06-15 19:20:00,8.3383,8.65,0.00030000000000001136
EWR-1,6/15/2025,07:30:00 pm,0,2025-06-15 19:30:00,8.3403,8.653,0.00019999999999988915
EWR-1,6/15/2025,07:40:00 pm,0,2025-06-15 19:40:00,8.3411,8.655,0.0002000000000000668
EWR-1,6/15/2025,07:50:00 pm,0,2025-06-15 19:50:00,8.3432,8.657,0.00030000000000001136
EWR-1,6/15/2025,08:00:00 pm,0,2025-06-15 20:00:00,8.346,8.66,0.00030000000000001136
EWR-1,6/15/2025,08:10:00 pm,0,2025-06-15 20:10:00,8.3471,8.663,0.00019999999999988915
EWR-1,6/15/2025,08:20:00 pm,0,2025-06-15 20:20:00,8.3489,8.665,0.0002000000000000668
EWR-1,6/15/2025,08:30:00 pm,0,2025-06-15 20:30:00,8.3509,8.667,0.00030000000000001136
EWR-1,6/15/2025,08:40:00 pm,0,2025-06-15 20:40:00,8.3523,8.67,0.0002000000000000668
EWR-1,6/15/2025,08:50:00 pm,0,2025-06-15 20:50:00,8.3532,8.672,0.00019999999999988915
EWR-1,6/15/2025,09:00:00 pm,0,2025-06-15 21:00:00,8.3557,8.674,0.0002000000000000668
EWR-1,6/15/2025,09:10:00 pm,0,2025-06-15 21:10:00,8.3574,8.676,0.0002000000000000668
EWR-1,6/15/2025,09:20:00 pm,0,2025-06-15 21:20:00,8.3594,8.678,0.00019999999999988915
EWR-1,6/15/2025,09:30:00 pm,0,2025-06-15 21:30:00,8.3609,8.68,9.999999999994457e-05
EWR-1,6/15/2025,09:40:00 pm,0,2025-06-15 21:40:00,8.3627,8.681,0.0002000000000000668
EWR-1,6/15/2025,09:50:00 pm,0,2025-06-15 21:50:00,8.3635,8.683,0.0002000000000000668
EWR-1,6/15/2025,10:00:00 pm,0,2025-06-15 22:00:00,8.365,8.685,9.999999999994457e-05
EWR-1,6/15/2025,10:10:00 pm,0,2025-06-15 22:10:00,8.3659,8.686,0.0002000000000000668
EWR-1,6/15/2025,10:20:00 pm,0,2025-06-15 22:20:00,8.3666,8.688,9.999999999994457e-05
EWR-1,6/15/2025,10:30:00 pm,0,2025-06-15 22:30:00,8.367,8.689,9.999999999994457e-05
EWR-1,6/15/2025,10:40:00 pm,0,2025-06-15 22:40:00,8.3667,8.69,0.00010000000000012221
EWR-1,6/15/2025,10:50:00 pm,0,2025-06-15 22:50:00,8.367,8.691,9.999999999994457e-05
EWR-1,6/15/2025,11:00:00 pm,0,2025-06-15 23:00:00,8.3667,8.692,9.999999999994457e-05
EWR-1,6/15/2025,11:10:00 pm,0,2025-06-15 23:10:00,8.3668,8.693,0.00010000000000012221
EWR-1,6/15/2025,11:20:00 pm,0,2025-06-15 23:20:00,8.3671,8.694,9.999999999994457e-05
EWR-1,6/15/2025,11:30:00 pm,0,2025-06-15 23:30:00,8.368,8.695,9.999999999994457e-05
EWR-1,6/15/2025,11:40:00 pm,0,2025-06-15 23:40:00,8.3685,8.696,0.0
EWR-1,6/15/2025,11:50:00 pm,0,2025-06-15 23:50:00,8.3682,8.696,9.999999999994457e-05
EWR-1,6/16/2025,12:00:00 am,0,2025-06-16 00:00:00,8.3682,8.697,0.0
EWR-1,6/16/2025,12:10:00 am,0,2025-06-16 00:10:00,8.3689,8.697,0.0
EWR-1,6/16/2025,12:20:00 am,0,2025-06-16 00:20:00,8.3695,8.697,0.00010000000000012221
EWR-1,6/16/2025,12:30:00 am,0,2025-06-16 00:30:00,8.37,8.698,0.0
EWR-1,6/16/2025,12:40:00 am,0,2025-06-16 00:40:00,8.3697,8.698,0.0
EWR-1,6/16/2025,12:50:00 am,0,2025-06-16 00:50:00,8.3702,8.698,0.0
EWR-1,6/16/2025,01:00:00 am,0,2025-06-16 01:00:00,8.3701,8.698,0.0
EWR-1,6/16/2025,01:10:00 am,0,2025-06-16 01:10:00,8.3697,8.698,0.00010000000000012221
EWR-1,6/16/2025,01:20:00 am,0,2025-06-16 01:20:00,8.3701,8.697,0.0
EWR-1,6/16/2025,01:30:00 am,0,2025-06-16 01:30:00,8.369,8.697,9.999999999994457e-05
EWR-1,6/16/2025,01:40:00 am,0,2025-06-16 01:40:00,8.3698,8.696,9.999999999994457e-05
EWR-1,6/16/2025,01:50:00 am,0,2025-06-16 01:50:00,8.3704,8.695,9.999999999994457e-05
EWR-1,6/16/2025,02:00:00 am,0,2025-06-16 02:00:00,8.3691,8.694,0.00010000000000012221
EWR-1,6/16/2025,02:10:00 am,0,2025-06-16 02:10:00,8.3688,8.693,9.999999999994457e-05
EWR-1,6/16/2025,02:20:00 am,0,2025-06-16 02:20:00,8.3691,8.692,9.999999999994457e-05
EWR-1,6/16/2025,02:30:00 am,0,2025-06-16 02:30:00,8.3687,8.691,0.0002000000000000668
EWR-1,6/16/2025,02:40:00 am,0,2025-06-16 02:40:00,8.3685,8.689,9.999999999994457e-05
EWR-1,6/16/2025,02:50:00 am,0,2025-06-16 02:50:00,8.3688,8.688,0.00010000000000012221
EWR-1,6/16/2025,03:00:00 am,0,2025-06-16 03:00:00,8.3684,8.687,0.00019999999999988915
EWR-1,6/16/2025,03:10:00 am,0,2025-06-16 03:10:00,8.3685,8.685,0.0002000000000000668
EWR-1,6/16/2025,03:20:00 am,0,2025-06-16 03:20:00,8.3688,8.683,9.999999999994457e-05
EWR-1,6/16/2025,03:30:00 am,0,2025-06-16 03:30:00,8.3694,8.682,0.0002000000000000668
EWR-1,6/16/2025,03:40:00 am,0,2025-06-16 03:40:00,8.3704,8.68,0.00030000000000001136
EWR-1,6/16/2025,03:50:00 am,0,2025-06-16 03:50:00,8.3707,8.677,9.999999999994457e-05
EWR-1,6/16/2025,04:00:00 am,0,2025-06-16 04:00:00,8.3701,8.676,0.0002000000000000668
EWR-1,6/16/2025,04:10:00 am,0,2025-06-16 04:10:00,8.3703,8.674,0.00030000000000001136
EWR-1,6/16/2025,04:20:00 am,0,2025-06-16 04:20:00,8.3712,8.671,0.00019999999999988915
EWR-1,6/16/2025,04:30:00 am,0,2025-06-16 04:30:00,8.3712,8.669,0.00030000000000001136
EWR-1,6/16/2025,04:40:00 am,0,2025-06-16 04:40:00,8.3707,8.666,0.00030000000000001136
EWR-1,6/16/2025,04:50:00 am,0,2025-06-16 04:50:00,8.3706,8.663,0.0002000000000000668
EWR-1,6/16/2025,05:00:00 am,0,2025-06-16 05:00:00,8.3715,8.661,0.00030000000000001136
EWR-1,6/16/2025,05:10:00 am,0,2025-06-16 05:10:00,8.3721,8.658,0.00019999999999988915
EWR-1,6/16/2025,05:20:00 am,0,2025-06-16 05:20:00,8.3723,8.656,0.00030000000000001136
EWR-1,6/16/2025,05:30:00 am,0,2025-06-16 05:30:00,8.3724,8.653,0.0004000000000001336
EWR-1,6/16/2025,05:40:00 am,0,2025-06-16 05:40:00,8.3722,8.649,0.0002999999999998337
EWR-1,6/16/2025,05:50:00 am,0,2025-06-16 05:50:00,8.3724,8.646,0.00030000000000001136
EWR-1,6/16/2025,06:00:00 am,0,2025-06-16 06:00:00,8.3724,8.643,0.00030000000000001136
EWR-1,6/16/2025,06:10:00 am,0,2025-06-16 06:10:00,8.3732,8.64,0.00030000000000001136
EWR-1,6/16/2025,06:20:00 am,0,2025-06-16 06:20:00,8.3739,8.637,0.00030000000000001136
EWR-1,6/16/2025,06:30:00 am,0,2025-06-16 06:30:00,8.3735,8.634,0.0005000000000000782
EWR-1,6/16/2025,06:40:00 am,0,2025-06-16 06:40:00,8.3737,8.629,0.00030000000000001136
EWR-1,6/16/2025,06:50:00 am,0,2025-06-16 06:50:00,8.374,8.626,0.00030000000000001136
EWR-1,6/16/2025,07:00:00 am,0,2025-06-16 07:00:00,8.3745,8.623,0.00039999999999995595
EWR-1,6/16/2025,07:10:00 am,0,2025-06-16 07:10:00,8.3746,8.619,0.00039999999999995595
EWR-1,6/16/2025,07:20:00 am,0,2025-06-16 07:20:00,8.3747,8.615,0.00030000000000001136
EWR-1,6/16/2025,07:30:00 am,0,2025-06-16 07:30:00,8.3742,8.612,0.00039999999999995595
EWR-1,6/16/2025,07:40:00 am,0,2025-06-16 07:40:00,8.374,8.608,0.0004000000000001336
EWR-1,6/16/2025,07:50:00 am,0,2025-06-16 07:50:00,8.3737,8.604,0.0002999999999998337
EWR-1,6/16/2025,08:00:00 am,0,2025-06-16 08:00:00,8.3746,8.601,0.0004000000000001336
EWR-1,6/16/2025,08:10:00 am,0,2025-06-16 08:10:00,8.3751,8.597,0.00030000000000001136
EWR-1,6/16/2025,08:20:00 am,0,2025-06-16 08:20:00,8.3752,8.594,0.00039999999999995595
EWR-1,6/16/2025,08:30:00 am,0,2025-06-16 08:30:00,8.3748,8.59,0.00039999999999995595
EWR-1,6/16/2025,08:40:00 am,0,2025-06-16 08:40:00,8.3751,8.586,0.00030000000000001136
EWR-1,6/16/2025,08:50:00 am,0,2025-06-16 08:50:00,8.3747,8.583,0.00030000000000001136
EWR-1,6/16/2025,09:00:00 am,0,2025-06-16 09:00:00,8.3752,8.58,0.00030000000000001136
EWR-1,6/16/2025,09:10:00 am,0,2025-06-16 09:10:00,8.3742,8.577,0.00030000000000001136
EWR-1,6/16/2025,09:20:00 am,0,2025-06-16 09:20:00,8.3734,8.574,0.0002000000000000668
EWR-1,6/16/2025,09:30:00 am,0,2025-06-16 09:30:00,8.3707,8.572,0.00019999999999988915
EWR-1,6/16/2025,09:40:00 am,0,2025-06-16 09:40:00,8.3677,8.57,0.00030000000000001136
EWR-1,6/16/2025,09:50:00 am,0,2025-06-16 09:50:00,8.3645,8.567,0.0002000000000000668
EWR-1,6/16/2025,10:00:00 am,0,2025-06-16 10:00:00,8.3618,8.565,0.00019999999999988915
EWR-1,6/16/2025,10:10:00 am,0,2025-06-16 10:10:00,8.3603,8.563,0.0002000000000000668
EWR-1,6/16/2025,10:20:00 am,0,2025-06-16 10:20:00,8.3582,8.561,0.0002000000000000668
EWR-1,6/16/2025,10:30:00 am,0,2025-06-16 10:30:00,8.3575,8.559,9.999999999994457e-05
EWR-1,6/16/2025,10:40:00 am,0,2025-06-16 10:40:00,8.3563,8.558,0.0002000000000000668
EWR-1,6/16/2025,10:50:00 am,0,2025-06-16 10:50:00,8.3541,8.556,9.999999999994457e-05
EWR-1,6/16/2025,11:00:00 am,0,2025-06-16 11:00:00,8.3531,8.555,9.999999999994457e-05
EWR-1,6/16/2025,11:10:00 am,0,2025-06-16 11:10:00,8.3521,8.554,0.0
EWR-1,6/16/2025,11:20:00 am,0,2025-06-16 11:20:00,8.3499,8.554,9.999999999994457e-05
EWR-1,6/16/2025,11:30:00 am,0,2025-06-16 11:30:00,8.3505,8.553,0.00010000000000012221
EWR-1,6/16/2025,11:40:00 am,0,2025-06-16 11:40:00,8.3486,8.552,0.00010000000000012221
EWR-1,6/16/2025,11:50:00 am,0,2025-06-16 11:50:00,8.3465,8.553,0.0
EWR-1,6/16/2025,12:00:00 pm,0,2025-06-16 12:00:00,8.3451,8.553,0.0
EWR-1,6/16/2025,12:10:00 pm,0,2025-06-16 12:10:00,8.3432,8.553,9.999999999994457e-05
EWR-1,6/16/2025,12:20:00 pm,0,2025-06-16 12:20:00,8.3418,8.554,0.0
EWR-1,6/16/2025,12:30:00 pm,0,2025-06-16 12:30:00,8.3396,8.554,9.999999999994457e-05
EWR-1,6/16/2025,12:40:00 pm,0,2025-06-16 12:40:00,8.3371,8.555,0.0
EWR-1,6/16/2025,12:50:00 pm,0,2025-06-16 12:50:00,8.3363,8.555,0.0002000000000000668
EWR-1,6/16/2025,01:00:00 pm,0,2025-06-16 13:00:00,8.3352,8.557,9.999999999994457e-05
EWR-1,6/16/2025,01:10:00 pm,0,2025-06-16 13:10:00,8.3339,8.558,9.999999999994457e-05
EWR-1,6/16/2025,01:20:00 pm,0,2025-06-16 13:20:00,8.3325,8.559,0.0002000000000000668
EWR-1,6/16/2025,01:30:00 pm,0,2025-06-16 13:30:00,8.3309,8.561,9.999999999994457e-05
EWR-1,6/16/2025,01:40:00 pm,0,2025-06-16 13:40:00,8.3293,8.562,0.0002000000000000668
EWR-1,6/16/2025,01:50:00 pm,0,2025-06-16 13:50:00,8.3279,8.564,9.999999999994457e-05
EWR-1,6/16/2025,02:00:00 pm,0,2025-06-16 14:00:00,8.3288,8.565,0.0002000000000000668
EWR-1,6/16/2025,02:10:00 pm,0,2025-06-16 14:10:00,8.3282,8.567,0.0002000000000000668
EWR-1,6/16/2025,02:20:00 pm,0,2025-06-16 14:20:00,8.3289,8.569,0.00019999999999988915
EWR-1,6/16/2025,02:30:00 pm,0,2025-06-16 14:30:00,8.328,8.571,0.0002000000000000668
EWR-1,6/16/2025,02:40:00 pm,0,2025-06-16 14:40:00,8.3271,8.573,0.00019999999999988915
EWR-1,6/16/2025,02:50:00 pm,0,2025-06-16 14:50:00,8.3277,8.575,0.00030000000000001136
EWR-1,6/16/2025,03:00:00 pm,0,2025-06-16 15:00:00,8.3274,8.578,0.0002000000000000668
EWR-1,6/16/2025,03:10:00 pm,0,2025-06-16 15:10:00,8.3264,8.58,0.00030000000000001136
EWR-1,6/16/2025,03:20:00 pm,0,2025-06-16 15:20:00,8.3255,8.583,0.00030000000000001136
EWR-1,6/16/2025,03:30:00 pm,0,2025-06-16 15:30:00,8.3251,8.586,0.00030000000000001136
EWR-1,6/16/2025,03:40:00 pm,0,2025-06-16 15:40:00,8.3235,8.589,0.00030000000000001136
EWR-1,6/16/2025,03:50:00 pm,0,2025-06-16 15:50:00,8.3217,8.592,0.00019999999999988915
EWR-1,6/16/2025,04:00:00 pm,0,2025-06-16 16:00:00,8.3226,8.594,0.0004000000000001336
EWR-1,6/16/2025,04:10:00 pm,0,2025-06-16 16:10:00,8.3222,8.598,0.00019999999999988915
EWR-1,6/16/2025,04:20:00 pm,0,2025-06-16 16:20:00,8.3206,8.6,0.00030000000000001136
EWR-1,6/16/2025,04:30:00 pm,0,2025-06-16 16:30:00,8.32,8.603,0.00030000000000001136
EWR-1,6/16/2025,04:40:00 pm,0,2025-06-16 16:40:00,8.3202,8.606,0.0002000000000000668
EWR-1,6/16/2025,04:50:00 pm,0,2025-06-16 16:50:00,8.3198,8.608,0.00039999999999995595
EWR-1,6/16/2025,05:00:00 pm,0,2025-06-16 17:00:00,8.3199,8.612,0.00030000000000001136
EWR-1,6/16/2025,05:10:00 pm,0,2025-06-16 17:10:00,8.3195,8.615,0.00030000000000001136
EWR-1,6/16/2025,05:20:00 pm,0,2025-06-16 17:20:00,8.3198,8.618,0.00030000000000001136
EWR-1,6/16/2025,05:30:00 pm,0,2025-06-16 17:30:00,8.3196,8.621,0.00030000000000001136
EWR-1,6/16/2025,05:40:00 pm,0,2025-06-16 17:40:00,8.3203,8.624,0.00030000000000001136
EWR-1,6/16/2025,05:50:00 pm,0,2025-06-16 17:50:00,8.3195,8.627,0.00030000000000001136
EWR-1,6/16/2025,06:00:00 pm,0,2025-06-16 18:00:00,8.3195,8.63,0.0002999999999998337
EWR-1,6/16/2025,06:10:00 pm,0,2025-06-16 18:10:00,8.3196,8.633,0.00030000000000001136
EWR-1,6/16/2025,06:20:00 pm,0,2025-06-16 18:20:00,8.3202,8.636,0.00030000000000001136
EWR-1,6/16/2025,06:30:00 pm,0,2025-06-16 18:30:00,8.3204,8.639,0.00030000000000001136
EWR-1,6/16/2025,06:40:00 pm,0,2025-06-16 18:40:00,8.3217,8.642,0.00030000000000001136
EWR-1,6/16/2025,06:50:00 pm,0,2025-06-16 18:50:00,8.3238,8.645,0.0002000000000000668
EWR-1,6/16/2025,07:00:00 pm,0,2025-06-16 19:00:00,8.3258,8.647,0.00030000000000001136
EWR-1,6/16/2025,07:10:00 pm,0,2025-06-16 19:10:00,8.328,8.65,0.00019999999999988915
EWR-1,6/16/2025,07:20:00 pm,0,2025-06-16 19:20:00,8.33,8.652,0.0002000000000000668
EWR-1,6/16/2025,07:30:00 pm,0,2025-06-16 19:30:00,8.3317,8.654,0.0002000000000000668
EWR-1,6/16/2025,07:40:00 pm,0,2025-06-16 19:40:00,8.3339,8.656,0.00019999999999988915
EWR-1,6/16/2025,07:50:00 pm,0,2025-06-16 19:50:00,8.3347,8.658,0.0002000000000000668
EWR-1,6/16/2025,08:00:00 pm,0,2025-06-16 20:00:00,8.3372,8.66,0.0002000000000000668
EWR-1,6/16/2025,08:10:00 pm,0,2025-06-16 20:10:00,8.339,8.662,0.00019999999999988915
EWR-1,6/16/2025,08:20:00 pm,0,2025-06-16 20:20:00,8.3406,8.664,0.0002000000000000668
EWR-1,6/16/2025,08:30:00 pm,0,2025-06-16 20:30:00,8.3421,8.666,0.00019999999999988915
EWR-1,6/16/2025,08:40:00 pm,0,2025-06-16 20:40:00,8.3426,8.668,0.00010000000000012221
EWR-1,6/16/2025,08:50:00 pm,0,2025-06-16 20:50:00,8.3433,8.669,0.00019999999999988915
EWR-1,6/16/2025,09:00:00 pm,0,2025-06-16 21:00:00,8.3453,8.671,0.0002000000000000668
EWR-1,6/16/2025,09:10:00 pm,0,2025-06-16 21:10:00,8.3472,8.673,0.0002000000000000668
EWR-1,6/16/2025,09:20:00 pm,0,2025-06-16 21:20:00,8.3488,8.675,9.999999999994457e-05
EWR-1,6/16/2025,09:30:00 pm,0,2025-06-16 21:30:00,8.3497,8.676,0.0002000000000000668
EWR-1,6/16/2025,09:40:00 pm,0,2025-06-16 21:40:00,8.3513,8.678,9.999999999994457e-05
EWR-1,6/16/2025,09:50:00 pm,0,2025-06-16 21:50:00,8.3535,8.679,0.00019999999999988915
EWR-1,6/16/2025,10:00:00 pm,0,2025-06-16 22:00:00,8.3553,8.681,0.0
EWR-1,6/16/2025,10:10:00 pm,0,2025-06-16 22:10:00,8.3574,8.681,0.0002000000000000668
EWR-1,6/16/2025,10:20:00 pm,0,2025-06-16 22:20:00,8.3593,8.683,9.999999999994457e-05
EWR-1,6/16/2025,10:30:00 pm,0,2025-06-16 22:30:00,8.36,8.684,0.00010000000000012221
EWR-1,6/16/2025,10:40:00 pm,0,2025-06-16 22:40:00,8.3613,8.685,0.0
EWR-1,6/16/2025,10:50:00 pm,0,2025-06-16 22:50:00,8.3613,8.685,9.999999999994457e-05
EWR-1,6/16/2025,11:00:00 pm,0,2025-06-16 23:00:00,8.3629,8.686,0.0
EWR-1,6/16/2025,11:10:00 pm,0,2025-06-16 23:10:00,8.3625,8.686,9.999999999994457e-05
EWR-1,6/16/2025,11:20:00 pm,0,2025-06-16 23:20:00,8.3633,8.687,9.999999999994457e-05
EWR-1,6/16/2025,11:30:00 pm,0,2025-06-16 23:30:00,8.3638,8.686,9.999999999994457e-05
EWR-1,6/16/2025,11:40:00 pm,0,2025-06-16 23:40:00,8.3638,8.687,0.0
EWR-1,6/16/2025,11:50:00 pm,0,2025-06-16 23:50:00,8.3642,8.687,9.999999999994457e-05
EWR-1,6/17/2025,12:00:00 am,0,2025-06-17 00:00:00,8.365,8.686,0.0
EWR-1,6/17/2025,12:10:00 am,0,2025-06-17 00:10:00,8.3663,8.686,0.0
EWR-1,6/17/2025,12:20:00 am,0,2025-06-17 00:20:00,8.3667,8.686,9.999999999994457e-05
EWR-1,6/17/2025,12:30:00 am,0,2025-06-17 00:30:00,8.3673,8.685,0.00010000000000012221
EWR-1,6/17/2025,12:40:00 am,0,2025-06-17 00:40:00,8.3677,8.684,9.999999999994457e-05
EWR-1,6/17/2025,12:50:00 am,0,2025-06-17 00:50:00,8.3678,8.683,9.999999999994457e-05
EWR-1,6/17/2025,01:00:00 am,0,2025-06-17 01:00:00,8.3674,8.682,0.00010000000000012221
EWR-1,6/17/2025,01:10:00 am,0,2025-06-17 01:10:00,8.3678,8.681,9.999999999994457e-05
EWR-1,6/17/2025,01:20:00 am,0,2025-06-17 01:20:00,8.3675,8.68,0.00019999999999988915
EWR-1,6/17/2025,01:30:00 am,0,2025-06-17 01:30:00,8.3673,8.678,0.00010000000000012221
EWR-1,6/17/2025,01:40:00 am,0,2025-06-17 01:40:00,8.3676,8.677,9.999999999994457e-05
EWR-1,6/17/2025,01:50:00 am,0,2025-06-17 01:50:00,8.368,8.676,0.00030000000000001136
EWR-1,6/17/2025,02:00:00 am,0,2025-06-17 02:00:00,8.3675,8.673,9.999999999994457e-05
EWR-1,6/17/2025,02:10:00 am,0,2025-06-17 02:10:00,8.3687,8.672,0.0002000000000000668
EWR-1,6/17/2025,02:20:00 am,0,2025-06-17 02:20:00,8.3698,8.67,0.0002000000000000668
EWR-1,6/17/2025,02:30:00 am,0,2025-06-17 02:30:00,8.3707,8.668,0.00019999999999988915
EWR-1,6/17/2025,02:40:00 am,0,2025-06-17 02:40:00,8.3708,8.666,0.0002000000000000668
EWR-1,6/17/2025,02:50:00 am,0,2025-06-17 02:50:00,8.3704,8.664,0.00030000000000001136
EWR-1,6/17/2025,03:00:00 am,0,2025-06-17 03:00:00,8.3709,8.661,0.00030000000000001136
EWR-1,6/17/2025,03:10:00 am,0,2025-06-17 03:10:00,8.3709,8.658,0.00019999999999988915
EWR-1,6/17/2025,03:20:00 am,0,2025-06-17 03:20:00,8.3713,8.656,0.00030000000000001136
EWR-1,6/17/2025,03:30:00 am,0,2025-06-17 03:30:00,8.3714,8.653,0.00030000000000001136
EWR-1,6/17/2025,03:40:00 am,0,2025-06-17 03:40:00,8.3718,8.65,0.0002000000000000668
EWR-1,6/17/2025,03:50:00 am,0,2025-06-17 03:50:00,8.3726,8.648,0.00030000000000001136
EWR-1,6/17/2025,04:00:00 am,0,2025-06-17 04:00:00,8.3735,8.645,0.00039999999999995595
EWR-1,6/17/2025,04:10:00 am,0,2025-06-17 04:10:00,8.3744,8.641,0.00030000000000001136
EWR-1,6/17/2025,04:20:00 am,0,2025-06-17 04:20:00,8.3734,8.638,0.00030000000000001136
EWR-1,6/17/2025,04:30:00 am,0,2025-06-17 04:30:00,8.3729,8.635,0.00039999999999995595
EWR-1,6/17/2025,04:40:00 am,0,2025-06-17 04:40:00,8.3734,8.631,0.00030000000000001136
EWR-1,6/17/2025,04:50:00 am,0,2025-06-17 04:50:00,8.3736,8.628,0.00039999999999995595
EWR-1,6/17/2025,05:00:00 am,0,2025-06-17 05:00:00,8.3741,8.624,0.00030000000000001136
EWR-1,6/17/2025,05:10:00 am,0,2025-06-17 05:10:00,8.3745,8.621,0.00039999999999995595
EWR-1,6/17/2025,05:20:00 am,0,2025-06-17 05:20:00,8.375,8.617,0.0004000000000001336
EWR-1,6/17/2025,05:30:00 am,0,2025-06-17 05:30:00,8.3753,8.613,0.00039999999999995595
EWR-1,6/17/2025,05:40:00 am,0,2025-06-17 05:40:00,8.3755,8.609,0.0005000000000000782
EWR-1,6/17/2025,05:50:00 am,0,2025-06-17 05:50:00,8.3749,8.604,0.00039999999999995595
EWR-1,6/17/2025,06:00:00 am,0,2025-06-17 06:00:00,8.3754,8.6,0.0004999999999999005
EWR-1,6/17/2025,06:10:00 am,0,2025-06-17 06:10:00,8.3757,8.595,0.0004000000000001336
EWR-1,6/17/2025,06:20:00 am,0,2025-06-17 06:20:00,8.3758,8.591,0.0004999999999999005
EWR-1,6/17/2025,06:30:00 am,0,2025-06-17 06:30:00,8.3763,8.586,0.00039999999999995595
EWR-1,6/17/2025,06:40:00 am,0,2025-06-17 06:40:00,8.3771,8.582,0.0005000000000000782
EWR-1,6/17/2025,06:50:00 am,0,2025-06-17 06:50:00,8.3774,8.577,0.0005000000000000782
EWR-1,6/17/2025,07:00:00 am,0,2025-06-17 07:00:00,8.3776,8.572,0.0004999999999999005
EWR-1,6/17/2025,07:10:00 am,0,2025-06-17 07:10:00,8.3781,8.567,0.0005000000000000782
EWR-1,6/17/2025,07:20:00 am,0,2025-06-17 07:20:00,8.3777,8.562,0.0004999999999999005
EWR-1,6/17/2025,07:30:00 am,0,2025-06-17 07:30:00,8.3785,8.557,0.0005000000000000782
EWR-1,6/17/2025,07:40:00 am,0,2025-06-17 07:40:00,8.3782,8.552,0.0004999999999999005
EWR-1,6/17/2025,07:50:00 am,0,2025-06-17 07:50:00,8.3774,8.547,0.0006000000000000227
EWR-1,6/17/2025,08:00:00 am,0,2025-06-17 08:00:00,8.3781,8.541,0.0005000000000000782
EWR-1,6/17/2025,08:10:00 am,0,2025-06-17 08:10:00,8.3788,8.536,0.0004999999999999005
EWR-1,6/17/2025,08:20:00 am,0,2025-06-17 08:20:00,8.3783,8.531,0.0004000000000001336
EWR-1,6/17/2025,08:30:00 am,0,2025-06-17 08:30:00,8.3782,8.527,0.0004999999999999005
EWR-1,6/17/2025,08:40:00 am,0,2025-06-17 08:40:00,8.378,8.522,0.0005000000000000782
EWR-1,6/17/2025,08:50:00 am,0,2025-06-17 08:50:00,8.378,8.517,0.0004999999999999005
EWR-1,6/17/2025,09:00:00 am,0,2025-06-17 09:00:00,8.3776,8.512,0.0005000000000000782
EWR-1,6/17/2025,09:10:00 am,0,2025-06-17 09:10:00,8.3781,8.507,0.00039999999999995595
EWR-1,6/17/2025,09:20:00 am,0,2025-06-17 09:20:00,8.378,8.503,0.0005000000000000782
EWR-1,6/17/2025,09:30:00 am,0,2025-06-17 09:30:00,8.3777,8.498,0.00039999999999995595
EWR-1,6/17/2025,09:40:00 am,0,2025-06-17 09:40:00,8.3769,8.494,0.00039999999999995595
EWR-1,6/17/2025,09:50:00 am,0,2025-06-17 09:50:00,8.3746,8.49,0.00039999999999995595
EWR-1,6/17/2025,10:00:00 am,0,2025-06-17 10:00:00,8.3712,8.486,0.00030000000000001136
EWR-1,6/17/2025,10:10:00 am,0,2025-06-17 10:10:00,8.3686,8.483,0.0004000000000001336
EWR-1,6/17/2025,10:20:00 am,0,2025-06-17 10:20:00,8.3662,8.479,0.0002999999999998337
EWR-1,6/17/2025,10:30:00 am,0,2025-06-17 10:30:00,8.3629,8.476,0.0004000000000001336
EWR-1,6/17/2025,10:40:00 am,0,2025-06-17 10:40:00,8.3604,8.472,0.00019999999999988915
EWR-1,6/17/2025,10:50:00 am,0,2025-06-17 10:50:00,8.3578,8.47,0.0002000000000000668
EWR-1,6/17/2025,11:00:00 am,0,2025-06-17 11:00:00,8.3557,8.468,0.00030000000000001136
EWR-1,6/17/2025,11:10:00 am,0,2025-06-17 11:10:00,8.3543,8.465,0.0002000000000000668
EWR-1,6/17/2025,11:20:00 am,0,2025-06-17 11:20:00,8.3523,8.463,0.00019999999999988915
EWR-1,6/17/2025,11:30:00 am,0,2025-06-17 11:30:00,8.3501,8.461,9.999999999994457e-05
EWR-1,6/17/2025,11:40:00 am,0,2025-06-17 11:40:00,8.3483,8.46,0.00010000000000012221
EWR-1,6/17/2025,11:50:00 am,0,2025-06-17 11:50:00,8.3456,8.459,9.999999999994457e-05
EWR-1,6/17/2025,12:00:00 pm,0,2025-06-17 12:00:00,8.3436,8.458,9.999999999994457e-05
EWR-1,6/17/2025,12:10:00 pm,0,2025-06-17 12:10:00,8.3439,8.457,0.0
EWR-1,6/17/2025,12:20:00 pm,0,2025-06-17 12:20:00,8.3395,8.457,0.0
EWR-1,6/17/2025,12:30:00 pm,0,2025-06-17 12:30:00,8.3368,8.457,0.0
EWR-1,6/17/2025,12:40:00 pm,0,2025-06-17 12:40:00,8.3346,8.457,0.0
EWR-1,6/17/2025,12:50:00 pm,0,2025-06-17 12:50:00,8.3324,8.457,9.999999999994457e-05
EWR-1,6/17/2025,01:00:00 pm,0,2025-06-17 13:00:00,8.3303,8.458,9.999999999994457e-05
EWR-1,6/17/2025,01:10:00 pm,0,2025-06-17 13:10:00,8.3287,8.459,0.0
EWR-1,6/17/2025,01:20:00 pm,0,2025-06-17 13:20:00,8.3265,8.459,0.00010000000000012221
EWR-1,6/17/2025,01:30:00 pm,0,2025-06-17 13:30:00,8.3252,8.46,9.999999999994457e-05
EWR-1,6/17/2025,01:40:00 pm,0,2025-06-17 13:40:00,8.3223,8.461,9.999999999994457e-05
EWR-1,6/17/2025,01:50:00 pm,0,2025-06-17 13:50:00,8.3211,8.462,9.999999999994457e-05
EWR-1,6/17/2025,02:00:00 pm,0,2025-06-17 14:00:00,8.3194,8.463,0.0002000000000000668
EWR-1,6/17/2025,02:10:00 pm,0,2025-06-17 14:10:00,8.3183,8.465,0.0002000000000000668
EWR-1,6/17/2025,02:20:00 pm,0,2025-06-17 14:20:00,8.317,8.467,9.999999999994457e-05
EWR-1,6/17/2025,02:30:00 pm,0,2025-06-17 14:30:00,8.3161,8.468,0.0002000000000000668
EWR-1,6/17/2025,02:40:00 pm,0,2025-06-17 14:40:00,8.3149,8.47,0.00019999999999988915
EWR-1,6/17/2025,02:50:00 pm,0,2025-06-17 14:50:00,8.3143,8.472,0.0002000000000000668
EWR-1,6/17/2025,03:00:00 pm,0,2025-06-17 15:00:00,8.3138,8.474,0.0002000000000000668
EWR-1,6/17/2025,03:10:00 pm,0,2025-06-17 15:10:00,8.3127,8.476,0.0002999999999998337
EWR-1,6/17/2025,03:20:00 pm,0,2025-06-17 15:20:00,8.3121,8.479,0.0002000000000000668
EWR-1,6/17/2025,03:30:00 pm,0,2025-06-17 15:30:00,8.3109,8.481,0.00030000000000001136
EWR-1,6/17/2025,03:40:00 pm,0,2025-06-17 15:40:00,8.3106,8.484,0.00030000000000001136
EWR-1,6/17/2025,03:50:00 pm,0,2025-06-17 15:50:00,8.3101,8.487,0.0002000000000000668
EWR-1,6/17/2025,04:00:00 pm,0,2025-06-17 16:00:00,8.308,8.489,0.00030000000000001136
EWR-1,6/17/2025,04:10:00 pm,0,2025-06-17 16:10:00,8.3087,8.492,0.0002999999999998337
EWR-1,6/17/2025,04:20:00 pm,0,2025-06-17 16:20:00,8.3083,8.495,0.00030000000000001136
EWR-1,6/17/2025,04:30:00 pm,0,2025-06-17 16:30:00,8.3074,8.498,0.00030000000000001136
EWR-1,6/17/2025,04:40:00 pm,0,2025-06-17 16:40:00,8.307,8.501,0.00030000000000001136
EWR-1,6/17/2025,04:50:00 pm,0,2025-06-17 16:50:00,8.3064,8.504,0.00030000000000001136
EWR-1,6/17/2025,05:00:00 pm,0,2025-06-17 17:00:00,8.3057,8.507,0.00030000000000001136
EWR-1,6/17/2025,05:10:00 pm,0,2025-06-17 17:10:00,8.3062,8.51,0.00039999999999995595
EWR-1,6/17/2025,05:20:00 pm,0,2025-06-17 17:20:00,8.3061,8.514,0.00030000000000001136
EWR-1,6/17/2025,05:30:00 pm,0,2025-06-17 17:30:00,8.3058,8.517,0.00030000000000001136
EWR-1,6/17/2025,05:40:00 pm,0,2025-06-17 17:40:00,8.3058,8.52,0.00030000000000001136
EWR-1,6/17/2025,05:50:00 pm,0,2025-06-17 17:50:00,8.3052,8.523,0.00039999999999995595
EWR-1,6/17/2025,06:00:00 pm,0,2025-06-17 18:00:00,8.3053,8.527,0.0004000000000001336
EWR-1,6/17/2025,06:10:00 pm,0,2025-06-17 18:10:00,8.3062,8.531,0.00030000000000001136
EWR-1,6/17/2025,06:20:00 pm,0,2025-06-17 18:20:00,8.3071,8.534,0.00030000000000001136
EWR-1,6/17/2025,06:30:00 pm,0,2025-06-17 18:30:00,8.3078,8.537,0.00039999999999995595
EWR-1,6/17/2025,06:40:00 pm,0,2025-06-17 18:40:00,8.3089,8.541,0.00030000000000001136
EWR-1,6/17/2025,06:50:00 pm,0,2025-06-17 18:50:00,8.3108,8.544,0.00039999999999995595
EWR-1,6/17/2025,07:00:00 pm,0,2025-06-17 19:00:00,8.3129,8.548,0.00030000000000001136
EWR-1,6/17/2025,07:10:00 pm,0,2025-06-17 19:10:00,8.3155,8.551,0.00030000000000001136
EWR-1,6/17/2025,07:20:00 pm,0,2025-06-17 19:20:00,8.3176,8.554,0.00030000000000001136
EWR-1,6/17/2025,07:30:00 pm,0,2025-06-17 19:30:00,8.3201,8.557,0.00030000000000001136
EWR-1,6/17/2025,07:40:00 pm,0,2025-06-17 19:40:00,8.3224,8.56,0.00030000000000001136
EWR-1,6/17/2025,07:50:00 pm,0,2025-06-17 19:50:00,8.3245,8.563,0.00030000000000001136
EWR-1,6/17/2025,08:00:00 pm,0,2025-06-17 20:00:00,8.3268,8.566,0.00039999999999995595
EWR-1,6/17/2025,08:10:00 pm,0,2025-06-17 20:10:00,8.3288,8.57,0.00019999999999988915
EWR-1,6/17/2025,08:20:00 pm,0,2025-06-17 20:20:00,8.3306,8.572,0.00030000000000001136
EWR-1,6/17/2025,08:30:00 pm,0,2025-06-17 20:30:00,8.3329,8.575,0.00030000000000001136
EWR-1,6/17/2025,08:40:00 pm,0,2025-06-17 20:40:00,8.3348,8.578,0.0002000000000000668
EWR-1,6/17/2025,08:50:00 pm,0,2025-06-17 20:50:00,8.3364,8.58,0.00039999999999995595
EWR-1,6/17/2025,09:00:00 pm,0,2025-06-17 21:00:00,8.3379,8.584,0.0002000000000000668
EWR-1,6/17/2025,09:10:00 pm,0,2025-06-17 21:10:00,8.3403,8.586,0.00030000000000001136
EWR-1,6/17/2025,09:20:00 pm,0,2025-06-17 21:20:00,8.3421,8.589,0.00019999999999988915
EWR-1,6/17/2025,09:30:00 pm,0,2025-06-17 21:30:00,8.3445,8.591,0.00030000000000001136
EWR-1,6/17/2025,09:40:00 pm,0,2025-06-17 21:40:00,8.3472,8.594,0.0002000000000000668
EWR-1,6/17/2025,09:50:00 pm,0,2025-06-17 21:50:00,8.349,8.596,0.0002000000000000668
EWR-1,6/17/2025,10:00:00 pm,0,2025-06-17 22:00:00,8.3505,8.598,0.00019999999999988915
EWR-1,6/17/2025,10:10:00 pm,0,2025-06-17 22:10:00,8.3514,8.6,0.0002000000000000668
EWR-1,6/17/2025,10:20:00 pm,0,2025-06-17 22:20:00,8.3526,8.602,0.00019999999999988915
EWR-1,6/17/2025,10:30:00 pm,0,2025-06-17 22:30:00,8.3541,8.604,0.0002000000000000668
EWR-1,6/17/2025,10:40:00 pm,0,2025-06-17 22:40:00,8.3546,8.606,0.0002000000000000668
EWR-1,6/17/2025,10:50:00 pm,0,2025-06-17 22:50:00,8.3553,8.608,0.00019999999999988915
EWR-1,6/17/2025,11:00:00 pm,0,2025-06-17 23:00:00,8.3563,8.61,0.00010000000000012221
EWR-1,6/17/2025,11:10:00 pm,0,2025-06-17 23:10:00,8.3565,8.611,0.00019999999999988915
EWR-1,6/17/2025,11:20:00 pm,0,2025-06-17 23:20:00,8.3567,8.613,0.00010000000000012221
EWR-1,6/17/2025,11:30:00 pm,0,2025-06-17 23:30:00,8.3579,8.614,0.00019999999999988915
EWR-1,6/17/2025,11:40:00 pm,0,2025-06-17 23:40:00,8.3575,8.616,0.00010000000000012221
EWR-1,6/17/2025,11:50:00 pm,0,2025-06-17 23:50:00,8.358,8.617,9.999999999994457e-05
EWR-1,6/18/2025,12:00:00 am,0,2025-06-18 00:00:00,8.3588,8.618,9.999999999994457e-05
EWR-1,6/18/2025,12:10:00 am,0,2025-06-18 00:10:00,8.3585,8.619,0.0
EWR-1,6/18/2025,12:20:00 am,0,2025-06-18 00:20:00,8.3591,8.619,9.999999999994457e-05
EWR-1,6/18/2025,12:30:00 am,0,2025-06-18 00:30:00,8.3597,8.62,0.00010000000000012221
EWR-1,6/18/2025,12:40:00 am,0,2025-06-18 00:40:00,8.3602,8.621,0.0
EWR-1,6/18/2025,12:50:00 am,0,2025-06-18 00:50:00,8.3606,8.621,9.999999999994457e-05
EWR-1,6/18/2025,01:00:00 am,0,2025-06-18 01:00:00,8.3608,8.622,0.0
EWR-1,6/18/2025,01:10:00 am,0,2025-06-18 01:10:00,8.3611,8.622,0.0
EWR-1,6/18/2025,01:20:00 am,0,2025-06-18 01:20:00,8.3613,8.622,0.0
EWR-1,6/18/2025,01:30:00 am,0,2025-06-18 01:30:00,8.3617,8.622,0.0
EWR-1,6/18/2025,01:40:00 am,0,2025-06-18 01:40:00,8.3624,8.622,0.0
EWR-1,6/18/2025,01:50:00 am,0,2025-06-18 01:50:00,8.3628,8.622,0.0
EWR-1,6/18/2025,02:00:00 am,0,2025-06-18 02:00:00,8.3626,8.622,9.999999999994457e-05
EWR-1,6/18/2025,02:10:00 am,0,2025-06-18 02:10:00,8.3623,8.621,0.0
EWR-1,6/18/2025,02:20:00 am,0,2025-06-18 02:20:00,8.3625,8.621,0.0
EWR-1,6/18/2025,02:30:00 am,0,2025-06-18 02:30:00,8.3627,8.621,0.00010000000000012221
EWR-1,6/18/2025,02:40:00 am,0,2025-06-18 02:40:00,8.3634,8.62,9.999999999994457e-05
EWR-1,6/18/2025,02:50:00 am,0,2025-06-18 02:50:00,8.3636,8.619,9.999999999994457e-05
EWR-1,6/18/2025,03:00:00 am,0,2025-06-18 03:00:00,8.3636,8.618,9.999999999994457e-05
EWR-1,6/18/2025,03:10:00 am,0,2025-06-18 03:10:00,8.3642,8.617,0.00010000000000012221
EWR-1,6/18/2025,03:20:00 am,0,2025-06-18 03:20:00,8.3646,8.616,9.999999999994457e-05
EWR-1,6/18/2025,03:30:00 am,0,2025-06-18 03:30:00,8.3647,8.615,9.999999999994457e-05
EWR-1,6/18/2025,03:40:00 am,0,2025-06-18 03:40:00,8.3646,8.614,0.0002000000000000668
EWR-1,6/18/2025,03:50:00 am,0,2025-06-18 03:50:00,8.3649,8.612,9.999999999994457e-05
EWR-1,6/18/2025,04:00:00 am,0,2025-06-18 04:00:00,8.365,8.611,0.0002000000000000668
EWR-1,6/18/2025,04:10:00 am,0,2025-06-18 04:10:00,8.365,8.609,9.999999999994457e-05
EWR-1,6/18/2025,04:20:00 am,0,2025-06-18 04:20:00,8.3648,8.608,0.0002000000000000668
EWR-1,6/18/2025,04:30:00 am,0,2025-06-18 04:30:00,8.3652,8.606,0.0002000000000000668
EWR-1,6/18/2025,04:40:00 am,0,2025-06-18 04:40:00,8.3656,8.604,9.999999999994457e-05
EWR-1,6/18/2025,04:50:00 am,0,2025-06-18 04:50:00,8.3658,8.603,0.00030000000000001136
EWR-1,6/18/2025,05:00:00 am,0,2025-06-18 05:00:00,8.3657,8.6,0.00019999999999988915
EWR-1,6/18/2025,05:10:00 am,0,2025-06-18 05:10:00,8.3663,8.598,0.0002000000000000668
EWR-1,6/18/2025,05:20:00 am,0,2025-06-18 05:20:00,8.3664,8.596,0.0002000000000000668
EWR-1,6/18/2025,05:30:00 am,0,2025-06-18 05:30:00,8.3659,8.594,0.00019999999999988915
EWR-1,6/18/2025,05:40:00 am,0,2025-06-18 05:40:00,8.3662,8.592,0.00030000000000001136
EWR-1,6/18/2025,05:50:00 am,0,2025-06-18 05:50:00,8.3668,8.589,0.0002000000000000668
EWR-1,6/18/2025,06:00:00 am,0,2025-06-18 06:00:00,8.3668,8.587,0.00030000000000001136
EWR-1,6/18/2025,06:10:00 am,0,2025-06-18 06:10:00,8.3672,8.584,0.00019999999999988915
EWR-1,6/18/2025,06:20:00 am,0,2025-06-18 06:20:00,8.3676,8.582,0.00030000000000001136
EWR-1,6/18/2025,06:30:00 am,0,2025-06-18 06:30:00,8.3685,8.579,0.00030000000000001136
EWR-1,6/18/2025,06:40:00 am,0,2025-06-18 06:40:00,8.3688,8.576,0.00030000000000001136
EWR-1,6/18/2025,06:50:00 am,0,2025-06-18 06:50:00,8.3685,8.573,0.00030000000000001136
EWR-1,6/18/2025,07:00:00 am,0,2025-06-18 07:00:00,8.3686,8.57,0.0002000000000000668
EWR-1,6/18/2025,07:10:00 am,0,2025-06-18 07:10:00,8.3686,8.568,0.00030000000000001136
EWR-1,6/18/2025,07:20:00 am,0,2025-06-18 07:20:00,8.369,8.565,0.00030000000000001136
EWR-1,6/18/2025,07:30:00 am,0,2025-06-18 07:30:00,8.3694,8.562,0.00030000000000001136
EWR-1,6/18/2025,07:40:00 am,0,2025-06-18 07:40:00,8.3692,8.559,0.00030000000000001136
EWR-1,6/18/2025,07:50:00 am,0,2025-06-18 07:50:00,8.3687,8.556,0.0002999999999998337
EWR-1,6/18/2025,08:00:00 am,0,2025-06-18 08:00:00,8.369,8.553,0.00030000000000001136
EWR-1,6/18/2025,08:10:00 am,0,2025-06-18 08:10:00,8.3688,8.55,0.00030000000000001136
EWR-1,6/18/2025,08:20:00 am,0,2025-06-18 08:20:00,8.369,8.547,0.00030000000000001136
EWR-1,6/18/2025,08:30:00 am,0,2025-06-18 08:30:00,8.3685,8.544,0.00030000000000001136
EWR-1,6/18/2025,08:40:00 am,0,2025-06-18 08:40:00,8.3687,8.541,0.00030000000000001136
EWR-1,6/18/2025,08:50:00 am,0,2025-06-18 08:50:00,8.3688,8.538,0.00030000000000001136
EWR-1,6/18/2025,09:00:00 am,0,2025-06-18 09:00:00,8.3679,8.535,0.0002000000000000668
EWR-1,6/18/2025,09:10:00 am,0,2025-06-18 09:10:00,8.367,8.533,0.00019999999999988915
EWR-1,6/18/2025,09:20:00 am,0,2025-06-18 09:20:00,8.3664,8.531,0.0002000000000000668
EWR-1,6/18/2025,09:30:00 am,0,2025-06-18 09:30:00,8.3655,8.529,0.0002000000000000668
EWR-1,6/18/2025,09:40:00 am,0,2025-06-18 09:40:00,8.3635,8.527,0.00019999999999988915
EWR-1,6/18/2025,09:50:00 am,0,2025-06-18 09:50:00,8.3609,8.525,0.0002000000000000668
EWR-1,6/18/2025,10:00:00 am,0,2025-06-18 10:00:00,8.3575,8.523,9.999999999994457e-05
EWR-1,6/18/2025,10:10:00 am,0,2025-06-18 10:10:00,8.3538,8.522,9.999999999994457e-05
EWR-1,6/18/2025,10:20:00 am,0,2025-06-18 10:20:00,8.3509,8.521,0.00010000000000012221
EWR-1,6/18/2025,10:30:00 am,0,2025-06-18 10:30:00,8.348,8.52,9.999999999994457e-05
EWR-1,6/18/2025,10:40:00 am,0,2025-06-18 10:40:00,8.3446,8.519,9.999999999994457e-05
EWR-1,6/18/2025,10:50:00 am,0,2025-06-18 10:50:00,8.3407,8.518,0.0
EWR-1,6/18/2025,11:00:00 am,0,2025-06-18 11:00:00,8.3385,8.518,0.0
EWR-1,6/18/2025,11:10:00 am,0,2025-06-18 11:10:00,8.3356,8.518,0.0
EWR-1,6/18/2025,11:20:00 am,0,2025-06-18 11:20:00,8.3332,8.518,0.0
EWR-1,6/18/2025,11:30:00 am,0,2025-06-18 11:30:00,8.3316,8.518,0.0
EWR-1,6/18/2025,11:40:00 am,0,2025-06-18 11:40:00,8.3297,8.518,9.999999999994457e-05
EWR-1,6/18/2025,11:50:00 am,0,2025-06-18 11:50:00,8.3275,8.519,0.0
EWR-1,6/18/2025,12:00:00 pm,0,2025-06-18 12:00:00,8.3253,8.519,9.999999999994457e-05
EWR-1,6/18/2025,12:10:00 pm,0,2025-06-18 12:10:00,8.3225,8.52,0.00010000000000012221
EWR-1,6/18/2025,12:20:00 pm,0,2025-06-18 12:20:00,8.3199,8.521,0.00019999999999988915
EWR-1,6/18/2025,12:30:00 pm,0,2025-06-18 12:30:00,8.3176,8.523,9.999999999994457e-05
EWR-1,6/18/2025,12:40:00 pm,0,2025-06-18 12:40:00,8.3155,8.524,0.0002000000000000668
EWR-1,6/18/2025,12:50:00 pm,0,2025-06-18 12:50:00,8.3138,8.526,9.999999999994457e-05
EWR-1,6/18/2025,01:00:00 pm,0,2025-06-18 13:00:00,8.3116,8.527,0.0002000000000000668
EWR-1,6/18/2025,01:10:00 pm,0,2025-06-18 13:10:00,8.31,8.529,0.0002000000000000668
EWR-1,6/18/2025,01:20:00 pm,0,2025-06-18 13:20:00,8.3083,8.531,0.00019999999999988915
EWR-1,6/18/2025,01:30:00 pm,0,2025-06-18 13:30:00,8.3067,8.533,0.00030000000000001136
EWR-1,6/18/2025,01:40:00 pm,0,2025-06-18 13:40:00,8.3063,8.536,0.0002000000000000668
EWR-1,6/18/2025,01:50:00 pm,0,2025-06-18 13:50:00,8.3053,8.538,0.00030000000000001136
EWR-1,6/18/2025,02:00:00 pm,0,2025-06-18 14:00:00,8.3042,8.541,0.00030000000000001136
EWR-1,6/18/2025,02:10:00 pm,0,2025-06-18 14:10:00,8.3036,8.544,0.00030000000000001136
EWR-1,6/18/2025,02:20:00 pm,0,2025-06-18 14:20:00,8.3027,8.547,0.00030000000000001136
EWR-1,6/18/2025,02:30:00 pm,0,2025-06-18 14:30:00,8.3032,8.55,0.00030000000000001136
EWR-1,6/18/2025,02:40:00 pm,0,2025-06-18 14:40:00,8.3004,8.553,0.0002999999999998337
EWR-1,6/18/2025,02:50:00 pm,0,2025-06-18 14:50:00,8.3009,8.556,0.0004000000000001336
EWR-1,6/18/2025,03:00:00 pm,0,2025-06-18 15:00:00,8.3006,8.56,0.00039999999999995595
EWR-1,6/18/2025,03:10:00 pm,0,2025-06-18 15:10:00,8.2996,8.564,0.00030000000000001136
EWR-1,6/18/2025,03:20:00 pm,0,2025-06-18 15:20:00,8.2982,8.567,0.00039999999999995595
EWR-1,6/18/2025,03:30:00 pm,0,2025-06-18 15:30:00,8.2974,8.571,0.00039999999999995595
EWR-1,6/18/2025,03:40:00 pm,0,2025-06-18 15:40:00,8.2962,8.575,0.0004000000000001336
EWR-1,6/18/2025,03:50:00 pm,0,2025-06-18 15:50:00,8.2952,8.579,0.0004999999999999005
EWR-1,6/18/2025,04:00:00 pm,0,2025-06-18 16:00:00,8.2947,8.584,0.00039999999999995595
EWR-1,6/18/2025,04:10:00 pm,0,2025-06-18 16:10:00,8.2936,8.588,0.0004000000000001336
EWR-1,6/18/2025,04:20:00 pm,0,2025-06-18 16:20:00,8.2931,8.592,0.0004999999999999005
EWR-1,6/18/2025,04:30:00 pm,0,2025-06-18 16:30:00,8.2926,8.597,0.0004000000000001336
EWR-1,6/18/2025,04:40:00 pm,0,2025-06-18 16:40:00,8.2928,8.601,0.0004999999999999005
EWR-1,6/18/2025,04:50:00 pm,0,2025-06-18 16:50:00,8.2914,8.606,0.00039999999999995595
EWR-1,6/18/2025,05:00:00 pm,0,2025-06-18 17:00:00,8.2908,8.61,0.0005000000000000782
EWR-1,6/18/2025,05:10:00 pm,0,2025-06-18 17:10:00,8.2915,8.615,0.00039999999999995595
EWR-1,6/18/2025,05:20:00 pm,0,2025-06-18 17:20:00,8.2915,8.619,0.0005000000000000782
EWR-1,6/18/2025,05:30:00 pm,0,2025-06-18 17:30:00,8.292,8.624,0.0004999999999999005
EWR-1,6/18/2025,05:40:00 pm,0,2025-06-18 17:40:00,8.292,8.629,0.0005000000000000782
EWR-1,6/18/2025,05:50:00 pm,0,2025-06-18 17:50:00,8.2922,8.634,0.00039999999999995595
EWR-1,6/18/2025,06:00:00 pm,0,2025-06-18 18:00:00,8.292,8.638,0.0005000000000000782
EWR-1,6/18/2025,06:10:00 pm,0,2025-06-18 18:10:00,8.2926,8.643,0.00039999999999995595
EWR-1,6/18/2025,06:20:00 pm,0,2025-06-18 18:20:00,8.2936,8.647,0.0004999999999999005
EWR-1,6/18/2025,06:30:00 pm,0,2025-06-18 18:30:00,8.2947,8.652,0.0005000000000000782
EWR-1,6/18/2025,06:40:00 pm,0,2025-06-18 18:40:00,8.2963,8.657,0.00039999999999995595
EWR-1,6/18/2025,06:50:00 pm,0,2025-06-18 18:50:00,8.2974,8.661,0.00039999999999995595
EWR-1,6/18/2025,07:00:00 pm,0,2025-06-18 19:00:00,8.3,8.665,0.0004000000000001336
EWR-1,6/18/2025,07:10:00 pm,0,2025-06-18 19:10:00,8.3026,8.669,0.0004999999999999005
EWR-1,6/18/2025,07:20:00 pm,0,2025-06-18 19:20:00,8.3048,8.674,0.0004000000000001336
EWR-1,6/18/2025,07:30:00 pm,0,2025-06-18 19:30:00,8.3069,8.678,0.00039999999999995595
EWR-1,6/18/2025,07:40:00 pm,0,2025-06-18 19:40:00,8.3097,8.682,0.00039999999999995595
EWR-1,6/18/2025,07:50:00 pm,0,2025-06-18 19:50:00,8.3115,8.686,0.00039999999999995595
EWR-1,6/18/2025,08:00:00 pm,0,2025-06-18 20:00:00,8.3129,8.69,0.0004000000000001336
EWR-1,6/18/2025,08:10:00 pm,0,2025-06-18 20:10:00,8.3146,8.694,0.00039999999999995595
EWR-1,6/18/2025,08:20:00 pm,0,2025-06-18 20:20:00,8.3163,8.698,0.00039999999999995595
EWR-1,6/18/2025,08:30:00 pm,0,2025-06-18 20:30:00,8.3182,8.702,0.00039999999999995595
EWR-1,6/18/2025,08:40:00 pm,0,2025-06-18 20:40:00,8.319,8.706,0.0004000000000001336
EWR-1,6/18/2025,08:50:00 pm,0,2025-06-18 20:50:00,8.3205,8.71,0.00039999999999995595
EWR-1,6/18/2025,09:00:00 pm,0,2025-06-18 21:00:00,8.3211,8.714,0.00039999999999995595
EWR-1,6/18/2025,09:10:00 pm,0,2025-06-18 21:10:00,8.3223,8.718,0.00030000000000001136
EWR-1,6/18/2025,09:20:00 pm,0,2025-06-18 21:20:00,8.3231,8.721,0.00039999999999995595
EWR-1,6/18/2025,09:30:00 pm,0,2025-06-18 21:30:00,8.3248,8.725,0.00039999999999995595
EWR-1,6/18/2025,09:40:00 pm,0,2025-06-18 21:40:00,8.3262,8.729,0.00030000000000001136
EWR-1,6/18/2025,09:50:00 pm,0,2025-06-18 21:50:00,8.3271,8.732,0.0002000000000000668
EWR-1,6/18/2025,10:00:00 pm,0,2025-06-18 22:00:00,8.3284,8.734,0.00030000000000001136
EWR-1,6/18/2025,10:10:00 pm,0,2025-06-18 22:10:00,8.3296,8.737,0.00030000000000001136
EWR-1,6/18/2025,10:20:00 pm,0,2025-06-18 22:20:00,8.3304,8.74,0.00039999999999995595
EWR-1,6/18/2025,10:30:00 pm,0,2025-06-18 22:30:00,8.3317,8.744,0.0002000000000000668
EWR-1,6/18/2025,10:40:00 pm,0,2025-06-18 22:40:00,8.332,8.746,0.00030000000000001136
EWR-1,6/18/2025,10:50:00 pm,0,2025-06-18 22:50:00,8.3317,8.749,0.00030000000000001136
EWR-1,6/18/2025,11:00:00 pm,0,2025-06-18 23:00:00,8.3324,8.752,0.00019999999999988915
EWR-1,6/18/2025,11:10:00 pm,0,2025-06-18 23:10:00,8.332,8.754,0.0002000000000000668
EWR-1,6/18/2025,11:20:00 pm,0,2025-06-18 23:20:00,8.3326,8.756,0.00019999999999988915
EWR-1,6/18/2025,11:30:00 pm,0,2025-06-18 23:30:00,8.333,8.758,0.0002000000000000668
EWR-1,6/18/2025,11:40:00 pm,0,2025-06-18 23:40:00,8.3328,8.76,0.0002000000000000668
EWR-1,6/18/2025,11:50:00 pm,0,2025-06-18 23:50:00,8.3332,8.762,0.00019999999999988915
EWR-1,6/19/2025,12:00:00 am,0,2025-06-19 00:00:00,8.3328,8.764,0.0002000000000000668
EWR-1,6/19/2025,12:10:00 am,0,2025-06-19 00:10:00,8.3332,8.766,9.999999999994457e-05
EWR-1,6/19/2025,12:20:00 am,0,2025-06-19 00:20:00,8.3332,8.767,0.0002000000000000668
EWR-1,6/19/2025,12:30:00 am,0,2025-06-19 00:30:00,8.3326,8.769,9.999999999994457e-05
EWR-1,6/19/2025,12:40:00 am,0,2025-06-19 00:40:00,8.3322,8.77,0.00010000000000012221
EWR-1,6/19/2025,12:50:00 am,0,2025-06-19 00:50:00,8.3314,8.771,9.999999999994457e-05
EWR-1,6/19/2025,01:00:00 am,0,2025-06-19 01:00:00,8.3319,8.772,0.0
EWR-1,6/19/2025,01:10:00 am,0,2025-06-19 01:10:00,8.332,8.772,0.00019999999999988915
EWR-1,6/19/2025,01:20:00 am,0,2025-06-19 01:20:00,8.332,8.774,0.0
EWR-1,6/19/2025,01:30:00 am,0,2025-06-19 01:30:00,8.3319,8.774,0.00010000000000012221
EWR-1,6/19/2025,01:40:00 am,0,2025-06-19 01:40:00,8.332,8.775,0.0
EWR-1,6/19/2025,01:50:00 am,0,2025-06-19 01:50:00,8.3328,8.775,0.0
EWR-1,6/19/2025,02:00:00 am,0,2025-06-19 02:00:00,8.3329,8.775,9.999999999994457e-05
EWR-1,6/19/2025,02:10:00 am,0,2025-06-19 02:10:00,8.3328,8.776,9.999999999994457e-05
EWR-1,6/19/2025,02:20:00 am,0,2025-06-19 02:20:00,8.3324,8.775,0.0
EWR-1,6/19/2025,02:30:00 am,0,2025-06-19 02:30:00,8.3317,8.775,0.0
EWR-1,6/19/2025,02:40:00 am,0,2025-06-19 02:40:00,8.3316,8.775,0.0
EWR-1,6/19/2025,02:50:00 am,0,2025-06-19 02:50:00,8.3313,8.775,0.00010000000000012221
EWR-1,6/19/2025,03:00:00 am,0,2025-06-19 03:00:00,8.3314,8.774,9.999999999994457e-05
EWR-1,6/19/2025,03:10:00 am,0,2025-06-19 03:10:00,8.3312,8.773,0.0
EWR-1,6/19/2025,03:20:00 am,0,2025-06-19 03:20:00,8.3301,8.773,9.999999999994457e-05
EWR-1,6/19/2025,03:30:00 am,0,2025-06-19 03:30:00,8.3296,8.772,9.999999999994457e-05
EWR-1,6/19/2025,03:40:00 am,0,2025-06-19 03:40:00,8.329,8.771,0.00010000000000012221
EWR-1,6/19/2025,03:50:00 am,0,2025-06-19 03:50:00,8.329,8.77,9.999999999994457e-05
EWR-1,6/19/2025,04:00:00 am,0,2025-06-19 04:00:00,8.3292,8.769,9.999999999994457e-05
EWR-1,6/19/2025,04:10:00 am,0,2025-06-19 04:10:00,8.3289,8.768,0.0002000000000000668
EWR-1,6/19/2025,04:20:00 am,0,2025-06-19 04:20:00,8.3291,8.766,9.999999999994457e-05
EWR-1,6/19/2025,04:30:00 am,0,2025-06-19 04:30:00,8.3288,8.765,0.0002000000000000668
EWR-1,6/19/2025,04:40:00 am,0,2025-06-19 04:40:00,8.3286,8.763,0.0002000000000000668
EWR-1,6/19/2025,04:50:00 am,0,2025-06-19 04:50:00,8.3287,8.761,0.00019999999999988915
EWR-1,6/19/2025,05:00:00 am,0,2025-06-19 05:00:00,8.3286,8.759,0.0002000000000000668
EWR-1,6/19/2025,05:10:00 am,0,2025-06-19 05:10:00,8.3292,8.757,9.999999999994457e-05
EWR-1,6/19/2025,05:20:00 am,0,2025-06-19 05:20:00,8.3291,8.756,0.0002000000000000668
EWR-1,6/19/2025,05:30:00 am,0,2025-06-19 05:30:00,8.3292,8.754,0.00030000000000001136
EWR-1,6/19/2025,05:40:00 am,0,2025-06-19 05:40:00,8.3298,8.751,0.00019999999999988915
EWR-1,6/19/2025,05:50:00 am,0,2025-06-19 05:50:00,8.3301,8.749,0.0002000000000000668
EWR-1,6/19/2025,06:00:00 am,0,2025-06-19 06:00:00,8.3301,8.747,0.00030000000000001136
EWR-1,6/19/2025,06:10:00 am,0,2025-06-19 06:10:00,8.3301,8.744,0.00019999999999988915
EWR-1,6/19/2025,06:20:00 am,0,2025-06-19 06:20:00,8.3302,8.742,0.00030000000000001136
EWR-1,6/19/2025,06:30:00 am,0,2025-06-19 06:30:00,8.3307,8.739,0.00030000000000001136
EWR-1,6/19/2025,06:40:00 am,0,2025-06-19 06:40:00,8.3307,8.736,0.0002000000000000668
EWR-1,6/19/2025,06:50:00 am,0,2025-06-19 06:50:00,8.3307,8.734,0.00030000000000001136
EWR-1,6/19/2025,07:00:00 am,0,2025-06-19 07:00:00,8.3307,8.731,0.00030000000000001136
EWR-1,6/19/2025,07:10:00 am,0,2025-06-19 07:10:00,8.3307,8.728,0.00030000000000001136
EWR-1,6/19/2025,07:20:00 am,0,2025-06-19 07:20:00,8.3308,8.725,0.00039999999999995595
EWR-1,6/19/2025,07:30:00 am,0,2025-06-19 07:30:00,8.3305,8.721,0.00030000000000001136
EWR-1,6/19/2025,07:40:00 am,0,2025-06-19 07:40:00,8.3301,8.718,0.00030000000000001136
EWR-1,6/19/2025,07:50:00 am,0,2025-06-19 07:50:00,8.3295,8.715,0.00030000000000001136
EWR-1,6/19/2025,08:00:00 am,0,2025-06-19 08:00:00,8.3283,8.712,0.00030000000000001136
EWR-1,6/19/2025,08:10:00 am,0,2025-06-19 08:10:00,8.3277,8.709,0.00030000000000001136
EWR-1,6/19/2025,08:20:00 am,0,2025-06-19 08:20:00,8.3268,8.706,0.00030000000000001136
EWR-1,6/19/2025,08:30:00 am,0,2025-06-19 08:30:00,8.3266,8.703,0.00030000000000001136
EWR-1,6/19/2025,08:40:00 am,0,2025-06-19 08:40:00,8.3262,8.7,0.00030000000000001136
EWR-1,6/19/2025,08:50:00 am,0,2025-06-19 08:50:00,8.325,8.697,0.0002999999999998337
EWR-1,6/19/2025,09:00:00 am,0,2025-06-19 09:00:00,8.3246,8.694,0.0002000000000000668
EWR-1,6/19/2025,09:10:00 am,0,2025-06-19 09:10:00,8.3223,8.692,0.0002000000000000668
EWR-1,6/19/2025,09:20:00 am,0,2025-06-19 09:20:00,8.3198,8.69,0.00019999999999988915
EWR-1,6/19/2025,09:30:00 am,0,2025-06-19 09:30:00,8.3166,8.688,0.00010000000000012221
EWR-1,6/19/2025,09:40:00 am,0,2025-06-19 09:40:00,8.3131,8.687,0.00019999999999988915
EWR-1,6/19/2025,09:50:00 am,0,2025-06-19 09:50:00,8.3085,8.685,0.00010000000000012221
EWR-1,6/19/2025,10:00:00 am,0,2025-06-19 10:00:00,8.3057,8.684,0.00019999999999988915
EWR-1,6/19/2025,10:10:00 am,0,2025-06-19 10:10:00,8.3013,8.682,0.00010000000000012221
EWR-1,6/19/2025,10:20:00 am,0,2025-06-19 10:20:00,8.2987,8.681,9.999999999994457e-05
EWR-1,6/19/2025,10:30:00 am,0,2025-06-19 10:30:00,8.2957,8.68,9.999999999994457e-05
EWR-1,6/19/2025,10:40:00 am,0,2025-06-19 10:40:00,8.2933,8.679,9.999999999994457e-05
EWR-1,6/19/2025,10:50:00 am,0,2025-06-19 10:50:00,8.2915,8.678,0.00010000000000012221
EWR-1,6/19/2025,11:00:00 am,0,2025-06-19 11:00:00,8.291,8.677,0.0
EWR-1,6/19/2025,11:10:00 am,0,2025-06-19 11:10:00,8.29,8.677,9.999999999994457e-05
EWR-1,6/19/2025,11:20:00 am,0,2025-06-19 11:20:00,8.2857,8.676,0.0
EWR-1,6/19/2025,11:30:00 am,0,2025-06-19 11:30:00,8.2839,8.676,0.0
EWR-1,6/19/2025,11:40:00 am,0,2025-06-19 11:40:00,8.2812,8.676,9.999999999994457e-05
EWR-1,6/19/2025,11:50:00 am,0,2025-06-19 11:50:00,8.2792,8.677,0.0
EWR-1,6/19/2025,12:00:00 pm,0,2025-06-19 12:00:00,8.2777,8.677,0.00010000000000012221
EWR-1,6/19/2025,12:10:00 pm,0,2025-06-19 12:10:00,8.2754,8.678,9.999999999994457e-05
EWR-1,6/19/2025,12:20:00 pm,0,2025-06-19 12:20:00,8.2739,8.679,9.999999999994457e-05
EWR-1,6/19/2025,12:30:00 pm,0,2025-06-19 12:30:00,8.2715,8.68,9.999999999994457e-05
EWR-1,6/19/2025,12:40:00 pm,0,2025-06-19 12:40:00,8.2698,8.681,0.00010000000000012221
EWR-1,6/19/2025,12:50:00 pm,0,2025-06-19 12:50:00,8.2672,8.682,0.00019999999999988915
EWR-1,6/19/2025,01:00:00 pm,0,2025-06-19 13:00:00,8.2635,8.684,0.0002000000000000668
EWR-1,6/19/2025,01:10:00 pm,0,2025-06-19 13:10:00,8.2625,8.686,9.999999999994457e-05
EWR-1,6/19/2025,01:20:00 pm,0,2025-06-19 13:20:00,8.2597,8.687,0.0002000000000000668
EWR-1,6/19/2025,01:30:00 pm,0,2025-06-19 13:30:00,8.2588,8.689,0.0002000000000000668
EWR-1,6/19/2025,01:40:00 pm,0,2025-06-19 13:40:00,8.2608,8.691,0.00019999999999988915
EWR-1,6/19/2025,01:50:00 pm,0,2025-06-19 13:50:00,8.2596,8.693,0.0002000000000000668
EWR-1,6/19/2025,02:00:00 pm,0,2025-06-19 14:00:00,8.2569,8.695,0.00019999999999988915
EWR-1,6/19/2025,02:10:00 pm,0,2025-06-19 14:10:00,8.2563,8.697,0.00030000000000001136
EWR-1,6/19/2025,02:20:00 pm,0,2025-06-19 14:20:00,8.2545,8.7,0.0002000000000000668
EWR-1,6/19/2025,02:30:00 pm,0,2025-06-19 14:30:00,8.2533,8.702,0.00030000000000001136
EWR-1,6/19/2025,02:40:00 pm,0,2025-06-19 14:40:00,8.251,8.705,0.00030000000000001136
EWR-1,6/19/2025,02:50:00 pm,0,2025-06-19 14:50:00,8.2514,8.708,0.0002000000000000668
EWR-1,6/19/2025,03:00:00 pm,0,2025-06-19 15:00:00,8.2518,8.71,0.0002999999999998337
EWR-1,6/19/2025,03:10:00 pm,0,2025-06-19 15:10:00,8.2509,8.713,0.00030000000000001136
EWR-1,6/19/2025,03:20:00 pm,0,2025-06-19 15:20:00,8.2506,8.716,0.0004000000000001336
EWR-1,6/19/2025,03:30:00 pm,0,2025-06-19 15:30:00,8.2498,8.72,0.00030000000000001136
EWR-1,6/19/2025,03:40:00 pm,0,2025-06-19 15:40:00,8.2487,8.723,0.00030000000000001136
EWR-1,6/19/2025,03:50:00 pm,0,2025-06-19 15:50:00,8.2491,8.726,0.0002999999999998337
EWR-1,6/19/2025,04:00:00 pm,0,2025-06-19 16:00:00,8.2487,8.729,0.0004000000000001336
EWR-1,6/19/2025,04:10:00 pm,0,2025-06-19 16:10:00,8.2467,8.733,0.00030000000000001136
EWR-1,6/19/2025,04:20:00 pm,0,2025-06-19 16:20:00,8.2452,8.736,0.00030000000000001136
EWR-1,6/19/2025,04:30:00 pm,0,2025-06-19 16:30:00,8.2456,8.739,0.00039999999999995595
EWR-1,6/19/2025,04:40:00 pm,0,2025-06-19 16:40:00,8.2473,8.743,0.00039999999999995595
EWR-1,6/19/2025,04:50:00 pm,0,2025-06-19 16:50:00,8.2453,8.747,0.00030000000000001136
EWR-1,6/19/2025,05:00:00 pm,0,2025-06-19 17:00:00,8.2456,8.75,0.00039999999999995595
EWR-1,6/19/2025,05:10:00 pm,0,2025-06-19 17:10:00,8.2462,8.754,0.00030000000000001136
EWR-1,6/19/2025,05:20:00 pm,0,2025-06-19 17:20:00,8.2461,8.757,0.00039999999999995595
EWR-1,6/19/2025,05:30:00 pm,0,2025-06-19 17:30:00,8.2467,8.761,0.0004000000000001336
EWR-1,6/19/2025,05:40:00 pm,0,2025-06-19 17:40:00,8.2466,8.765,0.00030000000000001136
EWR-1,6/19/2025,05:50:00 pm,0,2025-06-19 17:50:00,8.2475,8.768,0.00030000000000001136
EWR-1,6/19/2025,06:00:00 pm,0,2025-06-19 18:00:00,8.2475,8.771,0.00039999999999995595
EWR-1,6/19/2025,06:10:00 pm,0,2025-06-19 18:10:00,8.2481,8.775,0.00039999999999995595
EWR-1,6/19/2025,06:20:00 pm,0,2025-06-19 18:20:00,8.249,8.779,0.00030000000000001136
EWR-1,6/19/2025,06:30:00 pm,0,2025-06-19 18:30:00,8.249,8.782,0.00030000000000001136
EWR-1,6/19/2025,06:40:00 pm,0,2025-06-19 18:40:00,8.2499,8.785,0.00030000000000001136
EWR-1,6/19/2025,06:50:00 pm,0,2025-06-19 18:50:00,8.252,8.788,0.00030000000000001136
EWR-1,6/19/2025,07:00:00 pm,0,2025-06-19 19:00:00,8.2532,8.791,0.00030000000000001136
EWR-1,6/19/2025,07:10:00 pm,0,2025-06-19 19:10:00,8.2555,8.794,0.00030000000000001136
EWR-1,6/19/2025,07:20:00 pm,0,2025-06-19 19:20:00,8.2576,8.797,0.00030000000000001136
EWR-1,6/19/2025,07:30:00 pm,0,2025-06-19 19:30:00,8.2586,8.8,0.00019999999999988915
EWR-1,6/19/2025,07:40:00 pm,0,2025-06-19 19:40:00,8.2602,8.802,0.00030000000000001136
EWR-1,6/19/2025,07:50:00 pm,0,2025-06-19 19:50:00,8.2624,8.805,0.0002000000000000668
EWR-1,6/19/2025,08:00:00 pm,0,2025-06-19 20:00:00,8.2629,8.807,0.00030000000000001136
EWR-1,6/19/2025,08:10:00 pm,0,2025-06-19 20:10:00,8.2649,8.81,0.00030000000000001136
EWR-1,6/19/2025,08:20:00 pm,0,2025-06-19 20:20:00,8.266,8.813,0.00019999999999988915
EWR-1,6/19/2025,08:30:00 pm,0,2025-06-19 20:30:00,8.2665,8.815,0.00030000000000001136
EWR-1,6/19/2025,08:40:00 pm,0,2025-06-19 20:40:00,8.2676,8.818,0.0002000000000000668
EWR-1,6/19/2025,08:50:00 pm,0,2025-06-19 20:50:00,8.2674,8.82,0.00030000000000001136
EWR-1,6/19/2025,09:00:00 pm,0,2025-06-19 21:00:00,8.2692,8.823,0.00019999999999988915
EWR-1,6/19/2025,09:10:00 pm,0,2025-06-19 21:10:00,8.27,8.825,0.0002000000000000668
EWR-1,6/19/2025,09:20:00 pm,0,2025-06-19 21:20:00,8.2725,8.827,0.0002000000000000668
EWR-1,6/19/2025,09:30:00 pm,0,2025-06-19 21:30:00,8.2745,8.829,0.00030000000000001136
EWR-1,6/19/2025,09:40:00 pm,0,2025-06-19 21:40:00,8.2783,8.832,0.00019999999999988915
EWR-1,6/19/2025,09:50:00 pm,0,2025-06-19 21:50:00,8.2805,8.834,0.0002000000000000668
EWR-1,6/19/2025,10:00:00 pm,0,2025-06-19 22:00:00,8.2826,8.836,9.999999999994457e-05
EWR-1,6/19/2025,10:10:00 pm,0,2025-06-19 22:10:00,8.2841,8.837,0.0002000000000000668
EWR-1,6/19/2025,10:20:00 pm,0,2025-06-19 22:20:00,8.2848,8.839,0.00019999999999988915
EWR-1,6/19/2025,10:30:00 pm,0,2025-06-19 22:30:00,8.2846,8.841,0.00010000000000012221
EWR-1,6/19/2025,10:40:00 pm,0,2025-06-19 22:40:00,8.2837,8.842,9.999999999994457e-05
EWR-1,6/19/2025,10:50:00 pm,0,2025-06-19 22:50:00,8.2827,8.843,0.0002000000000000668
EWR-1,6/19/2025,11:00:00 pm,0,2025-06-19 23:00:00,8.2819,8.845,9.999999999994457e-05
EWR-1,6/19/2025,11:10:00 pm,0,2025-06-19 23:10:00,8.2829,8.846,9.999999999994457e-05
EWR-1,6/19/2025,11:20:00 pm,0,2025-06-19 23:20:00,8.2827,8.847,0.00010000000000012221
EWR-1,6/19/2025,11:30:00 pm,0,2025-06-19 23:30:00,8.2828,8.848,9.999999999994457e-05
EWR-1,6/19/2025,11:40:00 pm,0,2025-06-19 23:40:00,8.2827,8.849,9.999999999994457e-05
EWR-1,6/19/2025,11:50:00 pm,0,2025-06-19 23:50:00,8.284,8.85,0.00010000000000012221
EWR-1,6/20/2025,12:00:00 am,0,2025-06-20 00:00:00,8.2833,8.851,9.999999999994457e-05
EWR-1,6/20/2025,12:10:00 am,0,2025-06-20 00:10:00,8.283,8.852,9.999999999994457e-05
EWR-1,6/20/2025,12:20:00 am,0,2025-06-20 00:20:00,8.2836,8.853,9.999999999994457e-05
EWR-1,6/20/2025,12:30:00 am,0,2025-06-20 00:30:00,8.2839,8.854,0.00010000000000012221
EWR-1,6/20/2025,12:40:00 am,0,2025-06-20 00:40:00,8.2841,8.855,0.0
EWR-1,6/20/2025,12:50:00 am,0,2025-06-20 00:50:00,8.2839,8.855,9.999999999994457e-05
EWR-1,6/20/2025,01:00:00 am,0,2025-06-20 01:00:00,8.2838,8.856,0.0
EWR-1,6/20/2025,01:10:00 am,0,2025-06-20 01:10:00,8.2842,8.856,0.0
EWR-1,6/20/2025,01:20:00 am,0,2025-06-20 01:20:00,8.2843,8.856,9.999999999994457e-05
EWR-1,6/20/2025,01:30:00 am,0,2025-06-20 01:30:00,8.2834,8.857,0.0
EWR-1,6/20/2025,01:40:00 am,0,2025-06-20 01:40:00,8.2822,8.857,9.999999999994457e-05
EWR-1,6/20/2025,01:50:00 am,0,2025-06-20 01:50:00,8.2822,8.856,9.999999999994457e-05
EWR-1,6/20/2025,02:00:00 am,0,2025-06-20 02:00:00,8.2828,8.857,0.0
EWR-1,6/20/2025,02:10:00 am,0,2025-06-20 02:10:00,8.2824,8.857,9.999999999994457e-05
EWR-1,6/20/2025,02:20:00 am,0,2025-06-20 02:20:00,8.2814,8.856,0.0
EWR-1,6/20/2025,02:30:00 am,0,2025-06-20 02:30:00,8.2804,8.856,9.999999999994457e-05
EWR-1,6/20/2025,02:40:00 am,0,2025-06-20 02:40:00,8.2806,8.855,0.0
EWR-1,6/20/2025,02:50:00 am,0,2025-06-20 02:50:00,8.2809,8.855,0.00010000000000012221
EWR-1,6/20/2025,03:00:00 am,0,2025-06-20 03:00:00,8.2807,8.854,9.999999999994457e-05
EWR-1,6/20/2025,03:10:00 am,0,2025-06-20 03:10:00,8.2801,8.853,9.999999999994457e-05
EWR-1,6/20/2025,03:20:00 am,0,2025-06-20 03:20:00,8.2801,8.852,9.999999999994457e-05
EWR-1,6/20/2025,03:30:00 am,0,2025-06-20 03:30:00,8.2807,8.851,0.00010000000000012221
EWR-1,6/20/2025,03:40:00 am,0,2025-06-20 03:40:00,8.281,8.85,9.999999999994457e-05
EWR-1,6/20/2025,03:50:00 am,0,2025-06-20 03:50:00,8.2805,8.849,0.0002000000000000668
EWR-1,6/20/2025,04:00:00 am,0,2025-06-20 04:00:00,8.2788,8.847,9.999999999994457e-05
EWR-1,6/20/2025,04:10:00 am,0,2025-06-20 04:10:00,8.2796,8.846,0.0002000000000000668
EWR-1,6/20/2025,04:20:00 am,0,2025-06-20 04:20:00,8.2796,8.844,9.999999999994457e-05
EWR-1,6/20/2025,04:30:00 am,0,2025-06-20 04:30:00,8.28,8.843,0.00030000000000001136
EWR-1,6/20/2025,04:40:00 am,0,2025-06-20 04:40:00,8.2797,8.84,0.0002000000000000668
EWR-1,6/20/2025,04:50:00 am,0,2025-06-20 04:50:00,8.2804,8.838,0.0002999999999998337
EWR-1,6/20/2025,05:00:00 am,0,2025-06-20 05:00:00,8.2808,8.835,0.0002000000000000668
EWR-1,6/20/2025,05:10:00 am,0,2025-06-20 05:10:00,8.2807,8.833,0.0002000000000000668
EWR-1,6/20/2025,05:20:00 am,0,2025-06-20 05:20:00,8.2803,8.831,0.00030000000000001136
EWR-1,6/20/2025,05:30:00 am,0,2025-06-20 05:30:00,8.2795,8.828,0.00030000000000001136
EWR-1,6/20/2025,05:40:00 am,0,2025-06-20 05:40:00,8.2787,8.825,0.00030000000000001136
EWR-1,6/20/2025,05:50:00 am,0,2025-06-20 05:50:00,8.2792,8.822,0.0002999999999998337
EWR-1,6/20/2025,06:00:00 am,0,2025-06-20 06:00:00,8.2803,8.819,0.0004000000000001336
EWR-1,6/20/2025,06:10:00 am,0,2025-06-20 06:10:00,8.2805,8.815,0.00019999999999988915
EWR-1,6/20/2025,06:20:00 am,0,2025-06-20 06:20:00,8.2812,8.813,0.0004000000000001336
EWR-1,6/20/2025,06:30:00 am,0,2025-06-20 06:30:00,8.2812,8.809,0.00030000000000001136
EWR-1,6/20/2025,06:40:00 am,0,2025-06-20 06:40:00,8.2808,8.806,0.0002999999999998337
EWR-1,6/20/2025,06:50:00 am,0,2025-06-20 06:50:00,8.2805,8.803,0.00030000000000001136
EWR-1,6/20/2025,07:00:00 am,0,2025-06-20 07:00:00,8.2814,8.8,0.00030000000000001136
EWR-1,6/20/2025,07:10:00 am,0,2025-06-20 07:10:00,8.2818,8.797,0.00030000000000001136
EWR-1,6/20/2025,07:20:00 am,0,2025-06-20 07:20:00,8.2825,8.794,0.00030000000000001136
EWR-1,6/20/2025,07:30:00 am,0,2025-06-20 07:30:00,8.2806,8.791,0.00030000000000001136
EWR-1,6/20/2025,07:40:00 am,0,2025-06-20 07:40:00,8.2805,8.788,0.00030000000000001136
EWR-1,6/20/2025,07:50:00 am,0,2025-06-20 07:50:00,8.2795,8.785,0.00030000000000001136
EWR-1,6/20/2025,08:00:00 am,0,2025-06-20 08:00:00,8.2801,8.782,0.00030000000000001136
EWR-1,6/20/2025,08:10:00 am,0,2025-06-20 08:10:00,8.2785,8.779,0.0002000000000000668
EWR-1,6/20/2025,08:20:00 am,0,2025-06-20 08:20:00,8.2805,8.777,0.00030000000000001136
EWR-1,6/20/2025,08:30:00 am,0,2025-06-20 08:30:00,8.2788,8.774,0.0002999999999998337
EWR-1,6/20/2025,08:40:00 am,0,2025-06-20 08:40:00,8.2775,8.771,0.0002000000000000668
EWR-1,6/20/2025,08:50:00 am,0,2025-06-20 08:50:00,8.2739,8.769,0.00030000000000001136
EWR-1,6/20/2025,09:00:00 am,0,2025-06-20 09:00:00,8.2733,8.766,0.0002000000000000668
EWR-1,6/20/2025,09:10:00 am,0,2025-06-20 09:10:00,8.2695,8.764,0.00019999999999988915
EWR-1,6/20/2025,09:20:00 am,0,2025-06-20 09:20:00,8.2677,8.762,0.00030000000000001136
EWR-1,6/20/2025,09:30:00 am,0,2025-06-20 09:30:00,8.2638,8.759,0.0002000000000000668
EWR-1,6/20/2025,09:40:00 am,0,2025-06-20 09:40:00,8.2614,8.757,0.00030000000000001136
EWR-1,6/20/2025,09:50:00 am,0,2025-06-20 09:50:00,8.2585,8.754,0.00019999999999988915
EWR-1,6/20/2025,10:00:00 am,0,2025-06-20 10:00:00,8.2543,8.752,0.0002000000000000668
EWR-1,6/20/2025,10:10:00 am,0,2025-06-20 10:10:00,8.2529,8.75,0.0002000000000000668
EWR-1,6/20/2025,10:20:00 am,0,2025-06-20 10:20:00,8.2516,8.748,0.00019999999999988915
EWR-1,6/20/2025,10:30:00 am,0,2025-06-20 10:30:00,8.2533,8.746,0.0002000000000000668
EWR-1,6/20/2025,10:40:00 am,0,2025-06-20 10:40:00,8.2521,8.744,0.00019999999999988915
EWR-1,6/20/2025,10:50:00 am,0,2025-06-20 10:50:00,8.2516,8.742,0.0002000000000000668
EWR-1,6/20/2025,11:00:00 am,0,2025-06-20 11:00:00,8.2511,8.74,9.999999999994457e-05
EWR-1,6/20/2025,11:10:00 am,0,2025-06-20 11:10:00,8.2476,8.739,0.0002000000000000668
EWR-1,6/20/2025,11:20:00 am,0,2025-06-20 11:20:00,8.2463,8.737,0.0
EWR-1,6/20/2025,11:30:00 am,0,2025-06-20 11:30:00,8.2448,8.737,0.0002000000000000668
EWR-1,6/20/2025,11:40:00 am,0,2025-06-20 11:40:00,8.242,8.735,9.999999999994457e-05
EWR-1,6/20/2025,11:50:00 am,0,2025-06-20 11:50:00,8.241,8.734,0.0
EWR-1,6/20/2025,12:00:00 pm,0,2025-06-20 12:00:00,8.239,8.734,9.999999999994457e-05
EWR-1,6/20/2025,12:10:00 pm,0,2025-06-20 12:10:00,8.2372,8.733,0.0
EWR-1,6/20/2025,12:20:00 pm,0,2025-06-20 12:20:00,8.2352,8.733,0.0
EWR-1,6/20/2025,12:30:00 pm,0,2025-06-20 12:30:00,8.2347,8.733,0.0
EWR-1,6/20/2025,12:40:00 pm,0,2025-06-20 12:40:00,8.2352,8.733,0.0
EWR-1,6/20/2025,12:50:00 pm,0,2025-06-20 12:50:00,8.234,8.733,0.0
EWR-1,6/20/2025,01:00:00 pm,0,2025-06-20 13:00:00,8.231,8.733,0.0
EWR-1,6/20/2025,01:10:00 pm,0,2025-06-20 13:10:00,8.231,8.733,9.999999999994457e-05
EWR-1,6/20/2025,01:20:00 pm,0,2025-06-20 13:20:00,8.2294,8.734,0.0
EWR-1,6/20/2025,01:30:00 pm,0,2025-06-20 13:30:00,8.2289,8.734,9.999999999994457e-05
EWR-1,6/20/2025,01:40:00 pm,0,2025-06-20 13:40:00,8.2268,8.735,0.00010000000000012221
EWR-1,6/20/2025,01:50:00 pm,0,2025-06-20 13:50:00,8.2273,8.736,0.0
EWR-1,6/20/2025,02:00:00 pm,0,2025-06-20 14:00:00,8.2265,8.736,9.999999999994457e-05
EWR-1,6/20/2025,02:10:00 pm,0,2025-06-20 14:10:00,8.2268,8.737,9.999999999994457e-05
EWR-1,6/20/2025,02:20:00 pm,0,2025-06-20 14:20:00,8.2262,8.738,0.00010000000000012221
EWR-1,6/20/2025,02:30:00 pm,0,2025-06-20 14:30:00,8.226,8.739,9.999999999994457e-05
EWR-1,6/20/2025,02:40:00 pm,0,2025-06-20 14:40:00,8.2256,8.74,9.999999999994457e-05
EWR-1,6/20/2025,02:50:00 pm,0,2025-06-20 14:50:00,8.2267,8.741,0.0
EWR-1,6/20/2025,03:00:00 pm,0,2025-06-20 15:00:00,8.2279,8.741,0.00010000000000012221
EWR-1,6/20/2025,03:10:00 pm,0,2025-06-20 15:10:00,8.2289,8.742,9.999999999994457e-05
EWR-1,6/20/2025,03:20:00 pm,0,2025-06-20 15:20:00,8.2286,8.743,9.999999999994457e-05
EWR-1,6/20/2025,03:30:00 pm,0,2025-06-20 15:30:00,8.2294,8.744,0.0002000000000000668
EWR-1,6/20/2025,03:40:00 pm,0,2025-06-20 15:40:00,8.2281,8.746,0.0
EWR-1,6/20/2025,03:50:00 pm,0,2025-06-20 15:50:00,8.2294,8.746,0.00019999999999988915
EWR-1,6/20/2025,04:00:00 pm,0,2025-06-20 16:00:00,8.2283,8.748,0.0
EWR-1,6/20/2025,04:10:00 pm,0,2025-06-20 16:10:00,8.2291,8.748,0.0002000000000000668
EWR-1,6/20/2025,04:20:00 pm,0,2025-06-20 16:20:00,8.228,8.75,9.999999999994457e-05
EWR-1,6/20/2025,04:30:00 pm,0,2025-06-20 16:30:00,8.231,8.751,0.00010000000000012221
EWR-1,6/20/2025,04:40:00 pm,0,2025-06-20 16:40:00,8.2316,8.752,9.999999999994457e-05
EWR-1,6/20/2025,04:50:00 pm,0,2025-06-20 16:50:00,8.2308,8.753,9.999999999994457e-05
EWR-1,6/20/2025,05:00:00 pm,0,2025-06-20 17:00:00,8.2303,8.754,0.00010000000000012221
EWR-1,6/20/2025,05:10:00 pm,0,2025-06-20 17:10:00,8.2311,8.755,0.00019999999999988915
EWR-1,6/20/2025,05:20:00 pm,0,2025-06-20 17:20:00,8.2304,8.757,9.999999999994457e-05
EWR-1,6/20/2025,05:30:00 pm,0,2025-06-20 17:30:00,8.2328,8.758,0.00010000000000012221
EWR-1,6/20/2025,05:40:00 pm,0,2025-06-20 17:40:00,8.233,8.759,9.999999999994457e-05
EWR-1,6/20/2025,05:50:00 pm,0,2025-06-20 17:50:00,8.2336,8.76,9.999999999994457e-05
EWR-1,6/20/2025,06:00:00 pm,0,2025-06-20 18:00:00,8.2342,8.761,0.00010000000000012221
EWR-1,6/20/2025,06:10:00 pm,0,2025-06-20 18:10:00,8.2355,8.762,9.999999999994457e-05
EWR-1,6/20/2025,06:20:00 pm,0,2025-06-20 18:20:00,8.2376,8.763,0.0002000000000000668
EWR-1,6/20/2025,06:30:00 pm,0,2025-06-20 18:30:00,8.2401,8.765,0.0
EWR-1,6/20/2025,06:40:00 pm,0,2025-06-20 18:40:00,8.2412,8.765,9.999999999994457e-05
EWR-1,6/20/2025,06:50:00 pm,0,2025-06-20 18:50:00,8.2425,8.766,9.999999999994457e-05
EWR-1,6/20/2025,07:00:00 pm,0,2025-06-20 19:00:00,8.2444,8.767,0.00010000000000012221
EWR-1,6/20/2025,07:10:00 pm,0,2025-06-20 19:10:00,8.246,8.768,9.999999999994457e-05
EWR-1,6/20/2025,07:20:00 pm,0,2025-06-20 19:20:00,8.2481,8.769,0.0
EWR-1,6/20/2025,07:30:00 pm,0,2025-06-20 19:30:00,8.2505,8.769,9.999999999994457e-05
EWR-1,6/20/2025,07:40:00 pm,0,2025-06-20 19:40:00,8.2526,8.77,0.0
EWR-1,6/20/2025,07:50:00 pm,0,2025-06-20 19:50:00,8.2544,8.77,0.0
EWR-1,6/20/2025,08:00:00 pm,0,2025-06-20 20:00:00,8.256,8.77,0.0
EWR-1,6/20/2025,08:10:00 pm,0,2025-06-20 20:10:00,8.2569,8.77,0.00010000000000012221
EWR-1,6/20/2025,08:20:00 pm,0,2025-06-20 20:20:00,8.2587,8.771,0.0
EWR-1,6/20/2025,08:30:00 pm,0,2025-06-20 20:30:00,8.2601,8.771,0.0
EWR-1,6/20/2025,08:40:00 pm,0,2025-06-20 20:40:00,8.2611,8.771,0.0
EWR-1,6/20/2025,08:50:00 pm,0,2025-06-20 20:50:00,8.2621,8.771,0.0
EWR-1,6/20/2025,09:00:00 pm,0,2025-06-20 21:00:00,8.2643,8.771,0.0
EWR-1,6/20/2025,09:10:00 pm,0,2025-06-20 21:10:00,8.2657,8.771,0.00010000000000012221
EWR-1,6/20/2025,09:20:00 pm,0,2025-06-20 21:20:00,8.2675,8.77,0.0
EWR-1,6/20/2025,09:30:00 pm,0,2025-06-20 21:30:00,8.2691,8.77,9.999999999994457e-05
EWR-1,6/20/2025,09:40:00 pm,0,2025-06-20 21:40:00,8.2706,8.769,9.999999999994457e-05
EWR-1,6/20/2025,09:50:00 pm,0,2025-06-20 21:50:00,8.2721,8.768,0.00010000000000012221
EWR-1,6/20/2025,10:00:00 pm,0,2025-06-20 22:00:00,8.2736,8.767,9.999999999994457e-05
EWR-1,6/20/2025,10:10:00 pm,0,2025-06-20 22:10:00,8.2746,8.766,9.999999999994457e-05
EWR-1,6/20/2025,10:20:00 pm,0,2025-06-20 22:20:00,8.2751,8.765,0.00010000000000012221
EWR-1,6/20/2025,10:30:00 pm,0,2025-06-20 22:30:00,8.2752,8.764,0.00019999999999988915
EWR-1,6/20/2025,10:40:00 pm,0,2025-06-20 22:40:00,8.2763,8.762,0.0002000000000000668
EWR-1,6/20/2025,10:50:00 pm,0,2025-06-20 22:50:00,8.2775,8.76,0.0002000000000000668
EWR-1,6/20/2025,11:00:00 pm,0,2025-06-20 23:00:00,8.2777,8.758,9.999999999994457e-05
EWR-1,6/20/2025,11:10:00 pm,0,2025-06-20 23:10:00,8.2778,8.757,0.00019999999999988915
EWR-1,6/20/2025,11:20:00 pm,0,2025-06-20 23:20:00,8.2788,8.755,0.00030000000000001136
EWR-1,6/20/2025,11:30:00 pm,0,2025-06-20 23:30:00,8.2776,8.752,0.0002000000000000668
EWR-1,6/20/2025,11:40:00 pm,0,2025-06-20 23:40:00,8.2778,8.75,0.00030000000000001136
EWR-1,6/20/2025,11:50:00 pm,0,2025-06-20 23:50:00,8.2777,8.747,9.999999999994457e-05
EWR-1,6/21/2025,12:00:00 am,0,2025-06-21 00:00:00,8.2782,8.746,0.00030000000000001136
EWR-1,6/21/2025,12:10:00 am,0,2025-06-21 00:10:00,8.2777,8.743,0.0002000000000000668
EWR-1,6/21/2025,12:20:00 am,0,2025-06-21 00:20:00,8.278,8.741,0.00030000000000001136
EWR-1,6/21/2025,12:30:00 am,0,2025-06-21 00:30:00,8.2788,8.738,0.00039999999999995595
EWR-1,6/21/2025,12:40:00 am,0,2025-06-21 00:40:00,8.2789,8.734,0.0002000000000000668
EWR-1,6/21/2025,12:50:00 am,0,2025-06-21 00:50:00,8.2783,8.732,0.00039999999999995595
EWR-1,6/21/2025,01:00:00 am,0,2025-06-21 01:00:00,8.2777,8.728,0.00030000000000001136
EWR-1,6/21/2025,01:10:00 am,0,2025-06-21 01:10:00,8.2781,8.725,0.00030000000000001136
EWR-1,6/21/2025,01:20:00 am,0,2025-06-21 01:20:00,8.277,8.722,0.00039999999999995595
EWR-1,6/21/2025,01:30:00 am,0,2025-06-21 01:30:00,8.2776,8.718,0.00030000000000001136
EWR-1,6/21/2025,01:40:00 am,0,2025-06-21 01:40:00,8.2772,8.715,0.00039999999999995595
EWR-1,6/21/2025,01:50:00 am,0,2025-06-21 01:50:00,8.2771,8.711,0.00030000000000001136
EWR-1,6/21/2025,02:00:00 am,0,2025-06-21 02:00:00,8.2764,8.708,0.00039999999999995595
EWR-1,6/21/2025,02:10:00 am,0,2025-06-21 02:10:00,8.2763,8.704,0.0004000000000001336
EWR-1,6/21/2025,02:20:00 am,0,2025-06-21 02:20:00,8.2756,8.7,0.00039999999999995595
EWR-1,6/21/2025,02:30:00 am,0,2025-06-21 02:30:00,8.2752,8.696,0.0004999999999999005
EWR-1,6/21/2025,02:40:00 am,0,2025-06-21 02:40:00,8.2762,8.691,0.00030000000000001136
EWR-1,6/21/2025,02:50:00 am,0,2025-06-21 02:50:00,8.2763,8.688,0.0005000000000000782
EWR-1,6/21/2025,03:00:00 am,0,2025-06-21 03:00:00,8.2763,8.683,0.0004999999999999005
EWR-1,6/21/2025,03:10:00 am,0,2025-06-21 03:10:00,8.2764,8.678,0.0004000000000001336
EWR-1,6/21/2025,03:20:00 am,0,2025-06-21 03:20:00,8.2763,8.674,0.0004999999999999005
EWR-1,6/21/2025,03:30:00 am,0,2025-06-21 03:30:00,8.2772,8.669,0.0004000000000001336
EWR-1,6/21/2025,03:40:00 am,0,2025-06-21 03:40:00,8.2779,8.665,0.0004999999999999005
EWR-1,6/21/2025,03:50:00 am,0,2025-06-21 03:50:00,8.2789,8.66,0.0005000000000000782
EWR-1,6/21/2025,04:00:00 am,0,2025-06-21 04:00:00,8.2787,8.655,0.0006000000000000227
EWR-1,6/21/2025,04:10:00 am,0,2025-06-21 04:10:00,8.2793,8.649,0.0004999999999999005
EWR-1,6/21/2025,04:20:00 am,0,2025-06-21 04:20:00,8.2798,8.644,0.0005000000000000782
EWR-1,6/21/2025,04:30:00 am,0,2025-06-21 04:30:00,8.2804,8.639,0.0004999999999999005
EWR-1,6/21/2025,04:40:00 am,0,2025-06-21 04:40:00,8.2806,8.634,0.0005000000000000782
EWR-1,6/21/2025,04:50:00 am,0,2025-06-21 04:50:00,8.2816,8.629,0.0004999999999999005
EWR-1,6/21/2025,05:00:00 am,0,2025-06-21 05:00:00,8.282,8.624,0.0006000000000000227
EWR-1,6/21/2025,05:10:00 am,0,2025-06-21 05:10:00,8.2819,8.618,0.0005000000000000782
EWR-1,6/21/2025,05:20:00 am,0,2025-06-21 05:20:00,8.2822,8.613,0.0006000000000000227
EWR-1,6/21/2025,05:30:00 am,0,2025-06-21 05:30:00,8.2829,8.607,0.0004999999999999005
EWR-1,6/21/2025,05:40:00 am,0,2025-06-21 05:40:00,8.284,8.602,0.0006000000000000227
EWR-1,6/21/2025,05:50:00 am,0,2025-06-21 05:50:00,8.2835,8.596,0.0005000000000000782
EWR-1,6/21/2025,06:00:00 am,0,2025-06-21 06:00:00,8.2832,8.591,0.0004999999999999005
EWR-1,6/21/2025,06:10:00 am,0,2025-06-21 06:10:00,8.2839,8.586,0.0006000000000000227
EWR-1,6/21/2025,06:20:00 am,0,2025-06-21 06:20:00,8.2852,8.58,0.0005000000000000782
EWR-1,6/21/2025,06:30:00 am,0,2025-06-21 06:30:00,8.2857,8.575,0.0005999999999998451
EWR-1,6/21/2025,06:40:00 am,0,2025-06-21 06:40:00,8.2855,8.569,0.0006000000000000227
EWR-1,6/21/2025,06:50:00 am,0,2025-06-21 06:50:00,8.2872,8.563,0.0005000000000000782
EWR-1,6/21/2025,07:00:00 am,0,2025-06-21 07:00:00,8.2882,8.558,0.0004999999999999005
EWR-1,6/21/2025,07:10:00 am,0,2025-06-21 07:10:00,8.2881,8.553,0.0006000000000000227
EWR-1,6/21/2025,07:20:00 am,0,2025-06-21 07:20:00,8.2895,8.547,0.0005000000000000782
EWR-1,6/21/2025,07:30:00 am,0,2025-06-21 07:30:00,8.2909,8.542,0.0004999999999999005
EWR-1,6/21/2025,07:40:00 am,0,2025-06-21 07:40:00,8.2925,8.537,0.0006000000000000227
EWR-1,6/21/2025,07:50:00 am,0,2025-06-21 07:50:00,8.2936,8.531,0.0005000000000000782
EWR-1,6/21/2025,08:00:00 am,0,2025-06-21 08:00:00,8.2948,8.526,0.0006000000000000227
EWR-1,6/21/2025,08:10:00 am,0,2025-06-21 08:10:00,8.2966,8.52,0.0004999999999999005
EWR-1,6/21/2025,08:20:00 am,0,2025-06-21 08:20:00,8.2962,8.515,0.0006000000000000227
EWR-1,6/21/2025,08:30:00 am,0,2025-06-21 08:30:00,8.2969,8.509,0.0005000000000000782
EWR-1,6/21/2025,08:40:00 am,0,2025-06-21 08:40:00,8.2982,8.504,0.0004999999999999005
EWR-1,6/21/2025,08:50:00 am,0,2025-06-21 08:50:00,8.2991,8.499,0.0005000000000000782
EWR-1,6/21/2025,09:00:00 am,0,2025-06-21 09:00:00,8.299,8.494,0.0004999999999999005
EWR-1,6/21/2025,09:10:00 am,0,2025-06-21 09:10:00,8.2977,8.489,0.0005000000000000782
EWR-1,6/21/2025,09:20:00 am,0,2025-06-21 09:20:00,8.2988,8.484,0.0005000000000000782
EWR-1,6/21/2025,09:30:00 am,0,2025-06-21 09:30:00,8.2994,8.479,0.0004999999999999005
EWR-1,6/21/2025,09:40:00 am,0,2025-06-21 09:40:00,8.2995,8.474,0.00039999999999995595
EWR-1,6/21/2025,09:50:00 am,0,2025-06-21 09:50:00,8.3,8.47,0.0004000000000001336
EWR-1,6/21/2025,10:00:00 am,0,2025-06-21 10:00:00,8.3004,8.466,0.0004999999999999005
EWR-1,6/21/2025,10:10:00 am,0,2025-06-21 10:10:00,8.3003,8.461,0.0005000000000000782
EWR-1,6/21/2025,10:20:00 am,0,2025-06-21 10:20:00,8.3004,8.456,0.0004999999999999005
EWR-1,6/21/2025,10:30:00 am,0,2025-06-21 10:30:00,8.3016,8.451,0.0004000000000001336
EWR-1,6/21/2025,10:40:00 am,0,2025-06-21 10:40:00,8.3018,8.447,0.00039999999999995595
EWR-1,6/21/2025,10:50:00 am,0,2025-06-21 10:50:00,8.3007,8.443,0.00039999999999995595
EWR-1,6/21/2025,11:00:00 am,0,2025-06-21 11:00:00,8.2995,8.439,0.00039999999999995595
EWR-1,6/21/2025,11:10:00 am,0,2025-06-21 11:10:00,8.2999,8.435,0.0004000000000001336
EWR-1,6/21/2025,11:20:00 am,0,2025-06-21 11:20:00,8.3003,8.431,0.0004999999999999005
EWR-1,6/21/2025,11:30:00 am,0,2025-06-21 11:30:00,8.3,8.426,0.00039999999999995595
EWR-1,6/21/2025,11:40:00 am,0,2025-06-21 11:40:00,8.2993,8.422,0.0004000000000001336
EWR-1,6/21/2025,11:50:00 am,0,2025-06-21 11:50:00,8.2974,8.418,0.00030000000000001136
EWR-1,6/21/2025,12:00:00 pm,0,2025-06-21 12:00:00,8.2972,8.415,0.00039999999999995595
EWR-1,6/21/2025,12:10:00 pm,0,2025-06-21 12:10:00,8.2967,8.411,0.00030000000000001136
EWR-1,6/21/2025,12:20:00 pm,0,2025-06-21 12:20:00,8.2993,8.408,0.00039999999999995595
EWR-1,6/21/2025,12:30:00 pm,0,2025-06-21 12:30:00,8.2993,8.404,0.00039999999999995595
EWR-1,6/21/2025,12:40:00 pm,0,2025-06-21 12:40:00,8.2987,8.4,0.00039999999999995595
EWR-1,6/21/2025,12:50:00 pm,0,2025-06-21 12:50:00,8.2979,8.396,0.00030000000000001136
EWR-1,6/21/2025,01:00:00 pm,0,2025-06-21 13:00:00,8.2986,8.393,0.00030000000000001136
EWR-1,6/21/2025,01:10:00 pm,0,2025-06-21 13:10:00,8.2989,8.39,0.0004000000000001336
EWR-1,6/21/2025,01:20:00 pm,0,2025-06-21 13:20:00,8.301,8.386,0.00030000000000001136
EWR-1,6/21/2025,01:30:00 pm,0,2025-06-21 13:30:00,8.3025,8.383,0.00039999999999995595
EWR-1,6/21/2025,01:40:00 pm,0,2025-06-21 13:40:00,8.3043,8.379,0.00039999999999995595
EWR-1,6/21/2025,01:50:00 pm,0,2025-06-21 13:50:00,8.3067,8.375,0.00030000000000001136
EWR-1,6/21/2025,02:00:00 pm,0,2025-06-21 14:00:00,8.3063,8.372,0.00039999999999995595
EWR-1,6/21/2025,02:10:00 pm,0,2025-06-21 14:10:00,8.3081,8.368,0.00030000000000001136
EWR-1,6/21/2025,02:20:00 pm,0,2025-06-21 14:20:00,8.3097,8.365,0.00039999999999995595
EWR-1,6/21/2025,02:30:00 pm,0,2025-06-21 14:30:00,8.3121,8.361,0.00030000000000001136
EWR-1,6/21/2025,02:40:00 pm,0,2025-06-21 14:40:00,8.313,8.358,0.0004000000000001336
EWR-1,6/21/2025,02:50:00 pm,0,2025-06-21 14:50:00,8.3139,8.354,0.0002999999999998337
EWR-1,6/21/2025,03:00:00 pm,0,2025-06-21 15:00:00,8.3149,8.351,0.0004000000000001336
EWR-1,6/21/2025,03:10:00 pm,0,2025-06-21 15:10:00,8.3151,8.347,0.00030000000000001136
EWR-1,6/21/2025,03:20:00 pm,0,2025-06-21 15:20:00,8.3159,8.344,0.00039999999999995595
EWR-1,6/21/2025,03:30:00 pm,0,2025-06-21 15:30:00,8.3166,8.34,0.00030000000000001136
EWR-1,6/21/2025,03:40:00 pm,0,2025-06-21 15:40:00,8.3155,8.337,0.00019999999999988915
EWR-1,6/21/2025,03:50:00 pm,0,2025-06-21 15:50:00,8.3147,8.335,0.0004000000000001336
EWR-1,6/21/2025,04:00:00 pm,0,2025-06-21 16:00:00,8.3132,8.331,0.00019999999999988915
EWR-1,6/21/2025,04:10:00 pm,0,2025-06-21 16:10:00,8.3122,8.329,0.00030000000000001136
EWR-1,6/21/2025,04:20:00 pm,0,2025-06-21 16:20:00,8.3118,8.326,0.00030000000000001136
EWR-1,6/21/2025,04:30:00 pm,0,2025-06-21 16:30:00,8.3113,8.323,0.0002000000000000668
EWR-1,6/21/2025,04:40:00 pm,0,2025-06-21 16:40:00,8.3094,8.321,0.00030000000000001136
EWR-1,6/21/2025,04:50:00 pm,0,2025-06-21 16:50:00,8.3086,8.318,0.00019999999999988915
EWR-1,6/21/2025,05:00:00 pm,0,2025-06-21 17:00:00,8.3073,8.316,0.0002000000000000668
EWR-1,6/21/2025,05:10:00 pm,0,2025-06-21 17:10:00,8.3067,8.314,0.0002000000000000668
EWR-1,6/21/2025,05:20:00 pm,0,2025-06-21 17:20:00,8.3062,8.312,0.00019999999999988915
EWR-1,6/21/2025,05:30:00 pm,0,2025-06-21 17:30:00,8.3054,8.31,0.0002000000000000668
EWR-1,6/21/2025,05:40:00 pm,0,2025-06-21 17:40:00,8.305,8.308,9.999999999994457e-05
EWR-1,6/21/2025,05:50:00 pm,0,2025-06-21 17:50:00,8.3034,8.307,0.0002000000000000668
EWR-1,6/21/2025,06:00:00 pm,0,2025-06-21 18:00:00,8.3032,8.305,0.00019999999999988915
EWR-1,6/21/2025,06:10:00 pm,0,2025-06-21 18:10:00,8.3028,8.303,0.00010000000000012221
EWR-1,6/21/2025,06:20:00 pm,0,2025-06-21 18:20:00,8.3033,8.302,0.00019999999999988915
EWR-1,6/21/2025,06:30:00 pm,0,2025-06-21 18:30:00,8.3035,8.3,0.00010000000000012221
EWR-1,6/21/2025,06:40:00 pm,0,2025-06-21 18:40:00,8.3048,8.299,0.00019999999999988915
EWR-1,6/21/2025,06:50:00 pm,0,2025-06-21 18:50:00,8.3056,8.297,0.00010000000000012221
EWR-1,6/21/2025,07:00:00 pm,0,2025-06-21 19:00:00,8.3064,8.296,0.00019999999999988915
EWR-1,6/21/2025,07:10:00 pm,0,2025-06-21 19:10:00,8.3066,8.294,0.00010000000000012221
EWR-1,6/21/2025,07:20:00 pm,0,2025-06-21 19:20:00,8.3068,8.293,0.00019999999999988915
EWR-1,6/21/2025,07:30:00 pm,0,2025-06-21 19:30:00,8.3085,8.291,0.0002000000000000668
EWR-1,6/21/2025,07:40:00 pm,0,2025-06-21 19:40:00,8.308,8.289,0.00019999999999988915
EWR-1,6/21/2025,07:50:00 pm,0,2025-06-21 19:50:00,8.3095,8.287,0.0002000000000000668
EWR-1,6/21/2025,08:00:00 pm,0,2025-06-21 20:00:00,8.3106,8.285,0.0002000000000000668
EWR-1,6/21/2025,08:10:00 pm,0,2025-06-21 20:10:00,8.3119,8.283,0.00019999999999988915
EWR-1,6/21/2025,08:20:00 pm,0,2025-06-21 20:20:00,8.3124,8.281,0.0002000000000000668
EWR-1,6/21/2025,08:30:00 pm,0,2025-06-21 20:30:00,8.3133,8.279,0.00030000000000001136
EWR-1,6/21/2025,08:40:00 pm,0,2025-06-21 20:40:00,8.315,8.276,0.0002000000000000668
EWR-1,6/21/2025,08:50:00 pm,0,2025-06-21 20:50:00,8.3161,8.274,0.0002999999999998337
EWR-1,6/21/2025,09:00:00 pm,0,2025-06-21 21:00:00,8.3173,8.271,0.0002000000000000668
EWR-1,6/21/2025,09:10:00 pm,0,2025-06-21 21:10:00,8.3185,8.269,0.00030000000000001136
EWR-1,6/21/2025,09:20:00 pm,0,2025-06-21 21:20:00,8.3201,8.266,0.0002000000000000668
EWR-1,6/21/2025,09:30:00 pm,0,2025-06-21 21:30:00,8.3208,8.264,0.00030000000000001136
EWR-1,6/21/2025,09:40:00 pm,0,2025-06-21 21:40:00,8.3222,8.261,0.00030000000000001136
EWR-1,6/21/2025,09:50:00 pm,0,2025-06-21 21:50:00,8.3243,8.258,0.0002999999999998337
EWR-1,6/21/2025,10:00:00 pm,0,2025-06-21 22:00:00,8.3256,8.255,0.00030000000000001136
EWR-1,6/21/2025,10:10:00 pm,0,2025-06-21 22:10:00,8.3272,8.252,0.0004000000000001336
EWR-1,6/21/2025,10:20:00 pm,0,2025-06-21 22:20:00,8.3282,8.248,0.00030000000000001136
EWR-1,6/21/2025,10:30:00 pm,0,2025-06-21 22:30:00,8.3282,8.245,0.00039999999999995595
EWR-1,6/21/2025,10:40:00 pm,0,2025-06-21 22:40:00,8.3289,8.241,0.00030000000000001136
EWR-1,6/21/2025,10:50:00 pm,0,2025-06-21 22:50:00,8.3284,8.238,0.00039999999999995595
EWR-1,6/21/2025,11:00:00 pm,0,2025-06-21 23:00:00,8.3279,8.234,0.00030000000000001136
EWR-1,6/21/2025,11:10:00 pm,0,2025-06-21 23:10:00,8.3275,8.231,0.00039999999999995595
EWR-1,6/21/2025,11:20:00 pm,0,2025-06-21 23:20:00,8.3276,8.227,0.00039999999999995595
EWR-1,6/21/2025,11:30:00 pm,0,2025-06-21 23:30:00,8.3288,8.223,0.00030000000000001136
EWR-1,6/21/2025,11:40:00 pm,0,2025-06-21 23:40:00,8.3296,8.22,0.0004000000000001336
EWR-1,6/21/2025,11:50:00 pm,0,2025-06-21 23:50:00,8.3292,8.216,0.00039999999999995595
EWR-1,6/22/2025,12:00:00 am,0,2025-06-22 00:00:00,8.329,8.212,0.00039999999999995595
EWR-1,6/22/2025,12:10:00 am,0,2025-06-22 00:10:00,8.3295,8.208,0.0005000000000000782
EWR-1,6/22/2025,12:20:00 am,0,2025-06-22 00:20:00,8.329,8.203,0.00030000000000001136
EWR-1,6/22/2025,12:30:00 am,0,2025-06-22 00:30:00,8.3287,8.2,0.00039999999999995595
EWR-1,6/22/2025,12:40:00 am,0,2025-06-22 00:40:00,8.3286,8.196,0.0004999999999999005
EWR-1,6/22/2025,12:50:00 am,0,2025-06-22 00:50:00,8.3284,8.191,0.0005000000000000782
EWR-1,6/22/2025,01:00:00 am,0,2025-06-22 01:00:00,8.3286,8.186,0.00039999999999995595
EWR-1,6/22/2025,01:10:00 am,0,2025-06-22 01:10:00,8.3277,8.182,0.00039999999999995595
EWR-1,6/22/2025,01:20:00 am,0,2025-06-22 01:20:00,8.3271,8.178,0.0005000000000000782
EWR-1,6/22/2025,01:30:00 am,0,2025-06-22 01:30:00,8.3269,8.173,0.00039999999999995595
EWR-1,6/22/2025,01:40:00 am,0,2025-06-22 01:40:00,8.3268,8.169,0.0005000000000000782
EWR-1,6/22/2025,01:50:00 am,0,2025-06-22 01:50:00,8.327,8.164,0.0004999999999999005
EWR-1,6/22/2025,02:00:00 am,0,2025-06-22 02:00:00,8.3267,8.159,0.0005000000000000782
EWR-1,6/22/2025,02:10:00 am,0,2025-06-22 02:10:00,8.3261,8.154,0.0005000000000000782
EWR-1,6/22/2025,02:20:00 am,0,2025-06-22 02:20:00,8.3259,8.149,0.0005999999999998451
EWR-1,6/22/2025,02:30:00 am,0,2025-06-22 02:30:00,8.3256,8.143,0.0005000000000000782
EWR-1,6/22/2025,02:40:00 am,0,2025-06-22 02:40:00,8.3246,8.138,0.0005000000000000782
EWR-1,6/22/2025,02:50:00 am,0,2025-06-22 02:50:00,8.3247,8.133,0.0004999999999999005
EWR-1,6/22/2025,03:00:00 am,0,2025-06-22 03:00:00,8.324,8.128,0.0006000000000000227
EWR-1,6/22/2025,03:10:00 am,0,2025-06-22 03:10:00,8.3241,8.122,0.0006000000000000227
EWR-1,6/22/2025,03:20:00 am,0,2025-06-22 03:20:00,8.324,8.116,0.0004999999999999005
EWR-1,6/22/2025,03:30:00 am,0,2025-06-22 03:30:00,8.324,8.111,0.0006000000000000227
EWR-1,6/22/2025,03:40:00 am,0,2025-06-22 03:40:00,8.3251,8.105,0.0006000000000000227
EWR-1,6/22/2025,03:50:00 am,0,2025-06-22 03:50:00,8.3249,8.099,0.0006000000000000227
EWR-1,6/22/2025,04:00:00 am,0,2025-06-22 04:00:00,8.3246,8.093,0.0005000000000000782
EWR-1,6/22/2025,04:10:00 am,0,2025-06-22 04:10:00,8.325,8.088,0.0005999999999998451
EWR-1,6/22/2025,04:20:00 am,0,2025-06-22 04:20:00,8.3245,8.082,0.0006000000000000227
EWR-1,6/22/2025,04:30:00 am,0,2025-06-22 04:30:00,8.3248,8.076,0.0006000000000000227
EWR-1,6/22/2025,04:40:00 am,0,2025-06-22 04:40:00,8.3246,8.07,0.0006000000000000227
EWR-1,6/22/2025,04:50:00 am,0,2025-06-22 04:50:00,8.3242,8.064,0.0006000000000000227
EWR-1,6/22/2025,05:00:00 am,0,2025-06-22 05:00:00,8.3241,8.058,0.0004999999999999005
EWR-1,6/22/2025,05:10:00 am,0,2025-06-22 05:10:00,8.3243,8.053,0.000700000000000145
EWR-1,6/22/2025,05:20:00 am,0,2025-06-22 05:20:00,8.3247,8.046,0.0004999999999999005
EWR-1,6/22/2025,05:30:00 am,0,2025-06-22 05:30:00,8.3256,8.041,0.0006000000000000227
EWR-1,6/22/2025,05:40:00 am,0,2025-06-22 05:40:00,8.3265,8.035,0.0006999999999999674
EWR-1,6/22/2025,05:50:00 am,0,2025-06-22 05:50:00,8.3269,8.028,0.0006000000000000227
EWR-1,6/22/2025,06:00:00 am,0,2025-06-22 06:00:00,8.3268,8.022,0.0006999999999999674
EWR-1,6/22/2025,06:10:00 am,0,2025-06-22 06:10:00,8.3275,8.015,0.0006000000000000227
EWR-1,6/22/2025,06:20:00 am,0,2025-06-22 06:20:00,8.3277,8.009,0.0006999999999999674
EWR-1,6/22/2025,06:30:00 am,0,2025-06-22 06:30:00,8.3272,8.002,0.0006000000000000227
EWR-1,6/22/2025,06:40:00 am,0,2025-06-22 06:40:00,8.3267,7.996,0.0007000000000000562
EWR-1,6/22/2025,06:50:00 am,0,2025-06-22 06:50:00,8.3272,7.989,0.0006999999999999674
EWR-1,6/22/2025,07:00:00 am,0,2025-06-22 07:00:00,8.328,7.982,0.0006000000000000227
EWR-1,6/22/2025,07:10:00 am,0,2025-06-22 07:10:00,8.3291,7.976,0.0006999999999999674
EWR-1,6/22/2025,07:20:00 am,0,2025-06-22 07:20:00,8.329,7.969,0.0007000000000000562
EWR-1,6/22/2025,07:30:00 am,0,2025-06-22 07:30:00,8.3293,7.962,0.0005999999999999339
EWR-1,6/22/2025,07:40:00 am,0,2025-06-22 07:40:00,8.3301,7.956,0.0006000000000000227
EWR-1,6/22/2025,07:50:00 am,0,2025-06-22 07:50:00,8.3306,7.95,0.0007000000000000562
EWR-1,6/22/2025,08:00:00 am,0,2025-06-22 08:00:00,8.3303,7.943,0.0005999999999999339
EWR-1,6/22/2025,08:10:00 am,0,2025-06-22 08:10:00,8.3302,7.937,0.0007000000000000562
EWR-1,6/22/2025,08:20:00 am,0,2025-06-22 08:20:00,8.3304,7.93,0.0004999999999999894
EWR-1,6/22/2025,08:30:00 am,0,2025-06-22 08:30:00,8.3311,7.925,0.0006999999999999674
EWR-1,6/22/2025,08:40:00 am,0,2025-06-22 08:40:00,8.3315,7.918,0.0006000000000000227
EWR-1,6/22/2025,08:50:00 am,0,2025-06-22 08:50:00,8.3315,7.912,0.0006000000000000227
EWR-1,6/22/2025,09:00:00 am,0,2025-06-22 09:00:00,8.3324,7.906,0.0005999999999999339
EWR-1,6/22/2025,09:10:00 am,0,2025-06-22 09:10:00,8.3318,7.9,0.0005000000000000782
EWR-1,6/22/2025,09:20:00 am,0,2025-06-22 09:20:00,8.332,7.895,0.0004999999999999894
EWR-1,6/22/2025,09:30:00 am,0,2025-06-22 09:30:00,8.3309,7.89,0.0005999999999999339
EWR-1,6/22/2025,09:40:00 am,0,2025-06-22 09:40:00,8.3302,7.884,0.0005000000000000782
EWR-1,6/22/2025,09:50:00 am,0,2025-06-22 09:50:00,8.3306,7.879,0.0004999999999999894
EWR-1,6/22/2025,10:00:00 am,0,2025-06-22 10:00:00,8.3302,7.874,0.00039999999999995595
EWR-1,6/22/2025,10:10:00 am,0,2025-06-22 10:10:00,8.3305,7.87,0.00040000000000004474
EWR-1,6/22/2025,10:20:00 am,0,2025-06-22 10:20:00,8.3302,7.866,0.0004999999999999894
EWR-1,6/22/2025,10:30:00 am,0,2025-06-22 10:30:00,8.3306,7.861,0.00039999999999995595
EWR-1,6/22/2025,10:40:00 am,0,2025-06-22 10:40:00,8.3301,7.857,0.00030000000000001136
EWR-1,6/22/2025,10:50:00 am,0,2025-06-22 10:50:00,8.3298,7.854,0.00040000000000004474
EWR-1,6/22/2025,11:00:00 am,0,2025-06-22 11:00:00,8.3287,7.85,0.00039999999999995595
EWR-1,6/22/2025,11:10:00 am,0,2025-06-22 11:10:00,8.3275,7.846,0.00040000000000004474
EWR-1,6/22/2025,11:20:00 am,0,2025-06-22 11:20:00,8.3266,7.842,0.00039999999999995595
EWR-1,6/22/2025,11:30:00 am,0,2025-06-22 11:30:00,8.3256,7.838,0.00030000000000001136
EWR-1,6/22/2025,11:40:00 am,0,2025-06-22 11:40:00,8.3251,7.835,0.00030000000000001136
EWR-1,6/22/2025,11:50:00 am,0,2025-06-22 11:50:00,8.3238,7.832,0.00019999999999997797
EWR-1,6/22/2025,12:00:00 pm,0,2025-06-22 12:00:00,8.3218,7.83,0.00030000000000001136
EWR-1,6/22/2025,12:10:00 pm,0,2025-06-22 12:10:00,8.3204,7.827,0.00019999999999997797
EWR-1,6/22/2025,12:20:00 pm,0,2025-06-22 12:20:00,8.3182,7.825,0.00019999999999997797
EWR-1,6/22/2025,12:30:00 pm,0,2025-06-22 12:30:00,8.3169,7.823,0.0002000000000000668
EWR-1,6/22/2025,12:40:00 pm,0,2025-06-22 12:40:00,8.3162,7.821,0.00019999999999997797
EWR-1,6/22/2025,12:50:00 pm,0,2025-06-22 12:50:00,8.3157,7.819,0.00019999999999997797
EWR-1,6/22/2025,01:00:00 pm,0,2025-06-22 13:00:00,8.3151,7.817,0.0001000000000000334
EWR-1,6/22/2025,01:10:00 pm,0,2025-06-22 13:10:00,8.315,7.816,9.999999999994457e-05
EWR-1,6/22/2025,01:20:00 pm,0,2025-06-22 13:20:00,8.3144,7.815,0.0001000000000000334
EWR-1,6/22/2025,01:30:00 pm,0,2025-06-22 13:30:00,8.3152,7.814,0.0001000000000000334
EWR-1,6/22/2025,01:40:00 pm,0,2025-06-22 13:40:00,8.3154,7.813,0.00019999999999997797
EWR-1,6/22/2025,01:50:00 pm,0,2025-06-22 13:50:00,8.3151,7.811,0.0
EWR-1,6/22/2025,02:00:00 pm,0,2025-06-22 14:00:00,8.3156,7.811,0.0001000000000000334
EWR-1,6/22/2025,02:10:00 pm,0,2025-06-22 14:10:00,8.316,7.81,9.999999999994457e-05
EWR-1,6/22/2025,02:20:00 pm,0,2025-06-22 14:20:00,8.3163,7.809,0.0001000000000000334
EWR-1,6/22/2025,02:30:00 pm,0,2025-06-22 14:30:00,8.3168,7.808,9.999999999994457e-05
EWR-1,6/22/2025,02:40:00 pm,0,2025-06-22 14:40:00,8.3168,7.807,0.0
EWR-1,6/22/2025,02:50:00 pm,0,2025-06-22 14:50:00,8.3169,7.807,0.0001000000000000334
EWR-1,6/22/2025,03:00:00 pm,0,2025-06-22 15:00:00,8.3172,7.806,0.0001000000000000334
EWR-1,6/22/2025,03:10:00 pm,0,2025-06-22 15:10:00,8.3168,7.805,0.0
EWR-1,6/22/2025,03:20:00 pm,0,2025-06-22 15:20:00,8.3165,7.805,0.0
EWR-1,6/22/2025,03:30:00 pm,0,2025-06-22 15:30:00,8.317,7.805,0.00019999999999997797
EWR-1,6/22/2025,03:40:00 pm,0,2025-06-22 15:40:00,8.3163,7.803,0.0
EWR-1,6/22/2025,03:50:00 pm,0,2025-06-22 15:50:00,8.316,7.803,0.0
EWR-1,6/22/2025,04:00:00 pm,0,2025-06-22 16:00:00,8.3155,7.803,0.0
EWR-1,6/22/2025,04:10:00 pm,0,2025-06-22 16:10:00,8.3155,7.803,0.0001000000000000334
EWR-1,6/22/2025,04:20:00 pm,0,2025-06-22 16:20:00,8.3156,7.802,0.0
EWR-1,6/22/2025,04:30:00 pm,0,2025-06-22 16:30:00,8.3154,7.802,0.0
EWR-1,6/22/2025,04:40:00 pm,0,2025-06-22 16:40:00,8.3156,7.802,0.0
EWR-1,6/22/2025,04:50:00 pm,0,2025-06-22 16:50:00,8.3155,7.802,0.0
EWR-1,6/22/2025,05:00:00 pm,0,2025-06-22 17:00:00,8.3159,7.802,0.0
EWR-1,6/22/2025,05:10:00 pm,0,2025-06-22 17:10:00,8.3164,7.802,0.0001000000000000334
EWR-1,6/22/2025,05:20:00 pm,0,2025-06-22 17:20:00,8.3163,7.803,0.0
EWR-1,6/22/2025,05:30:00 pm,0,2025-06-22 17:30:00,8.3159,7.803,0.0
EWR-1,6/22/2025,05:40:00 pm,0,2025-06-22 17:40:00,8.3167,7.803,0.0
EWR-1,6/22/2025,05:50:00 pm,0,2025-06-22 17:50:00,8.3168,7.803,0.0
EWR-1,6/22/2025,06:00:00 pm,0,2025-06-22 18:00:00,8.3173,7.803,0.0
EWR-1,6/22/2025,06:10:00 pm,0,2025-06-22 18:10:00,8.3178,7.803,0.0001000000000000334
EWR-1,6/22/2025,06:20:00 pm,0,2025-06-22 18:20:00,8.3186,7.804,0.0
EWR-1,6/22/2025,06:30:00 pm,0,2025-06-22 18:30:00,8.3189,7.804,9.999999999994457e-05
EWR-1,6/22/2025,06:40:00 pm,0,2025-06-22 18:40:00,8.32,7.805,0.0
EWR-1,6/22/2025,06:50:00 pm,0,2025-06-22 18:50:00,8.3205,7.805,0.0
EWR-1,6/22/2025,07:00:00 pm,0,2025-06-22 19:00:00,8.3209,7.805,0.0001000000000000334
EWR-1,6/22/2025,07:10:00 pm,0,2025-06-22 19:10:00,8.3218,7.806,0.0
EWR-1,6/22/2025,07:20:00 pm,0,2025-06-22 19:20:00,8.3224,7.806,0.0001000000000000334
EWR-1,6/22/2025,07:30:00 pm,0,2025-06-22 19:30:00,8.3231,7.807,0.0
EWR-1,6/22/2025,07:40:00 pm,0,2025-06-22 19:40:00,8.3227,7.807,9.999999999994457e-05
EWR-1,6/22/2025,07:50:00 pm,0,2025-06-22 19:50:00,8.3237,7.808,0.0
EWR-1,6/22/2025,08:00:00 pm,0,2025-06-22 20:00:00,8.3244,7.808,0.0001000000000000334
EWR-1,6/22/2025,08:10:00 pm,0,2025-06-22 20:10:00,8.3257,7.809,0.0
EWR-1,6/22/2025,08:20:00 pm,0,2025-06-22 20:20:00,8.3269,7.809,9.999999999994457e-05
EWR-1,6/22/2025,08:30:00 pm,0,2025-06-22 20:30:00,8.3282,7.81,0.0
EWR-1,6/22/2025,08:40:00 pm,0,2025-06-22 20:40:00,8.3299,7.81,0.0001000000000000334
EWR-1,6/22/2025,08:50:00 pm,0,2025-06-22 20:50:00,8.3309,7.811,0.0
EWR-1,6/22/2025,09:00:00 pm,0,2025-06-22 21:00:00,8.3325,7.811,0.0
EWR-1,6/22/2025,09:10:00 pm,0,2025-06-22 21:10:00,8.3341,7.811,0.0
EWR-1,6/22/2025,09:20:00 pm,0,2025-06-22 21:20:00,8.3355,7.811,0.0001000000000000334
EWR-1,6/22/2025,09:30:00 pm,0,2025-06-22 21:30:00,8.3368,7.812,0.0001000000000000334
EWR-1,6/22/2025,09:40:00 pm,0,2025-06-22 21:40:00,8.3384,7.811,0.0
EWR-1,6/22/2025,09:50:00 pm,0,2025-06-22 21:50:00,8.3397,7.811,0.0
EWR-1,6/22/2025,10:00:00 pm,0,2025-06-22 22:00:00,8.3407,7.811,0.0001000000000000334
EWR-1,6/22/2025,10:10:00 pm,0,2025-06-22 22:10:00,8.3419,7.81,0.0
EWR-1,6/22/2025,10:20:00 pm,0,2025-06-22 22:20:00,8.3424,7.81,9.999999999994457e-05
EWR-1,6/22/2025,10:30:00 pm,0,2025-06-22 22:30:00,8.3434,7.809,0.0
EWR-1,6/22/2025,10:40:00 pm,0,2025-06-22 22:40:00,8.344,7.809,0.0001000000000000334
EWR-1,6/22/2025,10:50:00 pm,0,2025-06-22 22:50:00,8.3451,7.808,0.0
EWR-1,6/22/2025,11:00:00 pm,0,2025-06-22 23:00:00,8.3452,7.808,9.999999999994457e-05
EWR-1,6/22/2025,11:10:00 pm,0,2025-06-22 23:10:00,8.3455,7.807,0.0001000000000000334
EWR-1,6/22/2025,11:20:00 pm,0,2025-06-22 23:20:00,8.3458,7.806,0.0001000000000000334
EWR-1,6/22/2025,11:30:00 pm,0,2025-06-22 23:30:00,8.3459,7.805,9.999999999994457e-05
EWR-1,6/22/2025,11:40:00 pm,0,2025-06-22 23:40:00,8.3452,7.804,0.0001000000000000334
EWR-1,6/22/2025,11:50:00 pm,0,2025-06-22 23:50:00,8.3454,7.803,0.0001000000000000334
EWR-1,6/23/2025,12:00:00 am,0,2025-06-23 00:00:00,8.3459,7.802,0.00019999999999997797
EWR-1,6/23/2025,12:10:00 am,0,2025-06-23 00:10:00,8.3465,7.8,9.999999999994457e-05
EWR-1,6/23/2025,12:20:00 am,0,2025-06-23 00:20:00,8.3469,7.799,0.0002000000000000668
EWR-1,6/23/2025,12:30:00 am,0,2025-06-23 00:30:00,8.3463,7.797,9.999999999994457e-05
EWR-1,6/23/2025,12:40:00 am,0,2025-06-23 00:40:00,8.346,7.796,0.0002000000000000668
EWR-1,6/23/2025,12:50:00 am,0,2025-06-23 00:50:00,8.3464,7.794,9.999999999994457e-05
EWR-1,6/23/2025,01:00:00 am,0,2025-06-23 01:00:00,8.3464,7.793,0.00030000000000001136
EWR-1,6/23/2025,01:10:00 am,0,2025-06-23 01:10:00,8.346,7.79,0.00019999999999997797
EWR-1,6/23/2025,01:20:00 am,0,2025-06-23 01:20:00,8.346,7.788,0.0001000000000000334
EWR-1,6/23/2025,01:30:00 am,0,2025-06-23 01:30:00,8.346,7.787,0.00019999999999997797
EWR-1,6/23/2025,01:40:00 am,0,2025-06-23 01:40:00,8.3462,7.785,0.00019999999999997797
EWR-1,6/23/2025,01:50:00 am,0,2025-06-23 01:50:00,8.346,7.783,0.0002000000000000668
EWR-1,6/23/2025,02:00:00 am,0,2025-06-23 02:00:00,8.3457,7.781,0.00030000000000001136
EWR-1,6/23/2025,02:10:00 am,0,2025-06-23 02:10:00,8.3462,7.778,0.00019999999999997797
EWR-1,6/23/2025,02:20:00 am,0,2025-06-23 02:20:00,8.3458,7.776,0.00019999999999997797
EWR-1,6/23/2025,02:30:00 am,0,2025-06-23 02:30:00,8.3451,7.774,0.00030000000000001136
EWR-1,6/23/2025,02:40:00 am,0,2025-06-23 02:40:00,8.3452,7.771,0.00019999999999997797
EWR-1,6/23/2025,02:50:00 am,0,2025-06-23 02:50:00,8.3456,7.769,0.00030000000000001136
EWR-1,6/23/2025,03:00:00 am,0,2025-06-23 03:00:00,8.3453,7.766,0.00019999999999997797
EWR-1,6/23/2025,03:10:00 am,0,2025-06-23 03:10:00,8.346,7.764,0.00030000000000001136
EWR-1,6/23/2025,03:20:00 am,0,2025-06-23 03:20:00,8.346,7.761,0.00030000000000001136
EWR-1,6/23/2025,03:30:00 am,0,2025-06-23 03:30:00,8.3467,7.758,0.00030000000000001136
EWR-1,6/23/2025,03:40:00 am,0,2025-06-23 03:40:00,8.3468,7.755,0.00030000000000001136
EWR-1,6/23/2025,03:50:00 am,0,2025-06-23 03:50:00,8.3464,7.752,0.00030000000000001136
EWR-1,6/23/2025,04:00:00 am,0,2025-06-23 04:00:00,8.3464,7.749,0.00029999999999992256
EWR-1,6/23/2025,04:10:00 am,0,2025-06-23 04:10:00,8.3465,7.746,0.00040000000000004474
EWR-1,6/23/2025,04:20:00 am,0,2025-06-23 04:20:00,8.3466,7.742,0.00030000000000001136
EWR-1,6/23/2025,04:30:00 am,0,2025-06-23 04:30:00,8.3467,7.739,0.00030000000000001136
EWR-1,6/23/2025,04:40:00 am,0,2025-06-23 04:40:00,8.3471,7.736,0.00039999999999995595
EWR-1,6/23/2025,04:50:00 am,0,2025-06-23 04:50:00,8.3477,7.732,0.00040000000000004474
EWR-1,6/23/2025,05:00:00 am,0,2025-06-23 05:00:00,8.3476,7.728,0.00030000000000001136
EWR-1,6/23/2025,05:10:00 am,0,2025-06-23 05:10:00,8.3477,7.725,0.00039999999999995595
EWR-1,6/23/2025,05:20:00 am,0,2025-06-23 05:20:00,8.3487,7.721,0.00040000000000004474
EWR-1,6/23/2025,05:30:00 am,0,2025-06-23 05:30:00,8.3491,7.717,0.00039999999999995595
EWR-1,6/23/2025,05:40:00 am,0,2025-06-23 05:40:00,8.3492,7.713,0.00040000000000004474
EWR-1,6/23/2025,05:50:00 am,0,2025-06-23 05:50:00,8.3503,7.709,0.00039999999999995595
EWR-1,6/23/2025,06:00:00 am,0,2025-06-23 06:00:00,8.3511,7.705,0.00040000000000004474
EWR-1,6/23/2025,06:10:00 am,0,2025-06-23 06:10:00,8.3509,7.701,0.00039999999999995595
EWR-1,6/23/2025,06:20:00 am,0,2025-06-23 06:20:00,8.3514,7.697,0.0004999999999999894
EWR-1,6/23/2025,06:30:00 am,0,2025-06-23 06:30:00,8.3514,7.692,0.00030000000000001136
EWR-1,6/23/2025,06:40:00 am,0,2025-06-23 06:40:00,8.351,7.689,0.0004999999999999894
EWR-1,6/23/2025,06:50:00 am,0,2025-06-23 06:50:00,8.3516,7.684,0.00040000000000004474
EWR-1,6/23/2025,07:00:00 am,0,2025-06-23 07:00:00,8.3521,7.68,0.00039999999999995595
EWR-1,6/23/2025,07:10:00 am,0,2025-06-23 07:10:00,8.3523,7.676,0.00040000000000004474
EWR-1,6/23/2025,07:20:00 am,0,2025-06-23 07:20:00,8.3525,7.672,0.0004999999999999894
EWR-1,6/23/2025,07:30:00 am,0,2025-06-23 07:30:00,8.3526,7.667,0.00039999999999995595
EWR-1,6/23/2025,07:40:00 am,0,2025-06-23 07:40:00,8.353,7.663,0.00030000000000001136
EWR-1,6/23/2025,07:50:00 am,0,2025-06-23 07:50:00,8.3525,7.66,0.0004999999999999894
EWR-1,6/23/2025,08:00:00 am,0,2025-06-23 08:00:00,8.353,7.655,0.00040000000000004474
EWR-1,6/23/2025,08:10:00 am,0,2025-06-23 08:10:00,8.3532,7.651,0.00039999999999995595
EWR-1,6/23/2025,08:20:00 am,0,2025-06-23 08:20:00,8.3523,7.647,0.00040000000000004474
EWR-1,6/23/2025,08:30:00 am,0,2025-06-23 08:30:00,8.3524,7.643,0.00039999999999995595
EWR-1,6/23/2025,08:40:00 am,0,2025-06-23 08:40:00,8.3525,7.639,0.00040000000000004474
EWR-1,6/23/2025,08:50:00 am,0,2025-06-23 08:50:00,8.3526,7.635,0.00030000000000001136
EWR-1,6/23/2025,09:00:00 am,0,2025-06-23 09:00:00,8.3514,7.632,0.00039999999999995595
EWR-1,6/23/2025,09:10:00 am,0,2025-06-23 09:10:00,8.3509,7.628,0.00040000000000004474
EWR-1,6/23/2025,09:20:00 am,0,2025-06-23 09:20:00,8.3506,7.624,0.00029999999999992256
EWR-1,6/23/2025,09:30:00 am,0,2025-06-23 09:30:00,8.3501,7.621,0.00030000000000001136
EWR-1,6/23/2025,09:40:00 am,0,2025-06-23 09:40:00,8.3484,7.618,0.00030000000000001136
EWR-1,6/23/2025,09:50:00 am,0,2025-06-23 09:50:00,8.3479,7.615,0.00030000000000001136
EWR-1,6/23/2025,10:00:00 am,0,2025-06-23 10:00:00,8.3465,7.612,0.00030000000000001136
EWR-1,6/23/2025,10:10:00 am,0,2025-06-23 10:10:00,8.3442,7.609,0.00030000000000001136
EWR-1,6/23/2025,10:20:00 am,0,2025-06-23 10:20:00,8.3423,7.606,0.00030000000000001136
EWR-1,6/23/2025,10:30:00 am,0,2025-06-23 10:30:00,8.339,7.603,0.00030000000000001136
EWR-1,6/23/2025,10:40:00 am,0,2025-06-23 10:40:00,8.3364,7.6,0.00019999999999997797
EWR-1,6/23/2025,10:50:00 am,0,2025-06-23 10:50:00,8.3334,7.598,0.00019999999999997797
EWR-1,6/23/2025,11:00:00 am,0,2025-06-23 11:00:00,8.3311,7.596,0.00019999999999997797
EWR-1,6/23/2025,11:10:00 am,0,2025-06-23 11:10:00,8.3296,7.594,0.0002000000000000668
EWR-1,6/23/2025,11:20:00 am,0,2025-06-23 11:20:00,8.3274,7.592,9.999999999994457e-05
EWR-1,6/23/2025,11:30:00 am,0,2025-06-23 11:30:00,8.3257,7.591,0.0001000000000000334
EWR-1,6/23/2025,11:40:00 am,0,2025-06-23 11:40:00,8.3237,7.59,9.999999999994457e-05
EWR-1,6/23/2025,11:50:00 am,0,2025-06-23 11:50:00,8.3221,7.589,0.0
EWR-1,6/23/2025,12:00:00 pm,0,2025-06-23 12:00:00,8.3206,7.589,0.0001000000000000334
EWR-1,6/23/2025,12:10:00 pm,0,2025-06-23 12:10:00,8.3187,7.588,0.0
EWR-1,6/23/2025,12:20:00 pm,0,2025-06-23 12:20:00,8.316,7.588,0.0001000000000000334
EWR-1,6/23/2025,12:30:00 pm,0,2025-06-23 12:30:00,8.3144,7.589,0.0
EWR-1,6/23/2025,12:40:00 pm,0,2025-06-23 12:40:00,8.3115,7.589,9.999999999994457e-05
EWR-1,6/23/2025,12:50:00 pm,0,2025-06-23 12:50:00,8.31,7.59,0.0
EWR-1,6/23/2025,01:00:00 pm,0,2025-06-23 13:00:00,8.3083,7.59,0.0001000000000000334
EWR-1,6/23/2025,01:10:00 pm,0,2025-06-23 13:10:00,8.3058,7.591,9.999999999994457e-05
EWR-1,6/23/2025,01:20:00 pm,0,2025-06-23 13:20:00,8.304,7.592,0.0002000000000000668
EWR-1,6/23/2025,01:30:00 pm,0,2025-06-23 13:30:00,8.3028,7.594,9.999999999994457e-05
EWR-1,6/23/2025,01:40:00 pm,0,2025-06-23 13:40:00,8.3015,7.595,0.0001000000000000334
EWR-1,6/23/2025,01:50:00 pm,0,2025-06-23 13:50:00,8.3004,7.596,0.00019999999999997797
EWR-1,6/23/2025,02:00:00 pm,0,2025-06-23 14:00:00,8.3004,7.598,0.00019999999999997797
EWR-1,6/23/2025,02:10:00 pm,0,2025-06-23 14:10:00,8.3011,7.6,0.0002000000000000668
EWR-1,6/23/2025,02:20:00 pm,0,2025-06-23 14:20:00,8.3021,7.602,9.999999999994457e-05
EWR-1,6/23/2025,02:30:00 pm,0,2025-06-23 14:30:00,8.3018,7.603,0.0002000000000000668
EWR-1,6/23/2025,02:40:00 pm,0,2025-06-23 14:40:00,8.3017,7.605,0.00019999999999997797
EWR-1,6/23/2025,02:50:00 pm,0,2025-06-23 14:50:00,8.3006,7.607,9.999999999994457e-05
EWR-1,6/23/2025,03:00:00 pm,0,2025-06-23 15:00:00,8.2993,7.608,0.0002000000000000668
EWR-1,6/23/2025,03:10:00 pm,0,2025-06-23 15:10:00,8.2959,7.61,0.00019999999999997797
EWR-1,6/23/2025,03:20:00 pm,0,2025-06-23 15:20:00,8.2938,7.612,0.0001000000000000334
EWR-1,6/23/2025,03:30:00 pm,0,2025-06-23 15:30:00,8.2916,7.613,0.00019999999999997797
EWR-1,6/23/2025,03:40:00 pm,0,2025-06-23 15:40:00,8.2899,7.615,0.00019999999999997797
EWR-1,6/23/2025,03:50:00 pm,0,2025-06-23 15:50:00,8.2885,7.617,0.00030000000000001136
EWR-1,6/23/2025,04:00:00 pm,0,2025-06-23 16:00:00,8.2881,7.62,0.00019999999999997797
EWR-1,6/23/2025,04:10:00 pm,0,2025-06-23 16:10:00,8.2887,7.622,0.00019999999999997797
EWR-1,6/23/2025,04:20:00 pm,0,2025-06-23 16:20:00,8.29,7.624,0.00030000000000001136
EWR-1,6/23/2025,04:30:00 pm,0,2025-06-23 16:30:00,8.2912,7.627,0.00019999999999997797
EWR-1,6/23/2025,04:40:00 pm,0,2025-06-23 16:40:00,8.2924,7.629,0.0002000000000000668
EWR-1,6/23/2025,04:50:00 pm,0,2025-06-23 16:50:00,8.2944,7.631,0.00019999999999997797
EWR-1,6/23/2025,05:00:00 pm,0,2025-06-23 17:00:00,8.297,7.633,0.00030000000000001136
EWR-1,6/23/2025,05:10:00 pm,0,2025-06-23 17:10:00,8.2975,7.636,0.00019999999999997797
EWR-1,6/23/2025,05:20:00 pm,0,2025-06-23 17:20:00,8.2989,7.638,0.00019999999999997797
EWR-1,6/23/2025,05:30:00 pm,0,2025-06-23 17:30:00,8.2996,7.64,0.00030000000000001136
EWR-1,6/23/2025,05:40:00 pm,0,2025-06-23 17:40:00,8.3001,7.643,0.00019999999999997797
EWR-1,6/23/2025,05:50:00 pm,0,2025-06-23 17:50:00,8.301,7.645,0.0001000000000000334
EWR-1,6/23/2025,06:00:00 pm,0,2025-06-23 18:00:00,8.3028,7.646,0.00019999999999997797
EWR-1,6/23/2025,06:10:00 pm,0,2025-06-23 18:10:00,8.3044,7.648,0.0002000000000000668
EWR-1,6/23/2025,06:20:00 pm,0,2025-06-23 18:20:00,8.3057,7.65,0.00019999999999997797
EWR-1,6/23/2025,06:30:00 pm,0,2025-06-23 18:30:00,8.3065,7.652,0.00030000000000001136
EWR-1,6/23/2025,06:40:00 pm,0,2025-06-23 18:40:00,8.3088,7.655,0.00019999999999997797
EWR-1,6/23/2025,06:50:00 pm,0,2025-06-23 18:50:00,8.309,7.657,0.00019999999999997797
EWR-1,6/23/2025,07:00:00 pm,0,2025-06-23 19:00:00,8.3091,7.659,0.00019999999999997797
EWR-1,6/23/2025,07:10:00 pm,0,2025-06-23 19:10:00,8.31,7.661,0.0002000000000000668
EWR-1,6/23/2025,07:20:00 pm,0,2025-06-23 19:20:00,8.311,7.663,0.00030000000000001136
EWR-1,6/23/2025,07:30:00 pm,0,2025-06-23 19:30:00,8.3118,7.666,9.999999999994457e-05
EWR-1,6/23/2025,07:40:00 pm,0,2025-06-23 19:40:00,8.3128,7.667,0.00030000000000001136
EWR-1,6/23/2025,07:50:00 pm,0,2025-06-23 19:50:00,8.3144,7.67,0.0001000000000000334
EWR-1,6/23/2025,08:00:00 pm,0,2025-06-23 20:00:00,8.3152,7.671,0.00030000000000001136
EWR-1,6/23/2025,08:10:00 pm,0,2025-06-23 20:10:00,8.3171,7.674,0.00019999999999997797
EWR-1,6/23/2025,08:20:00 pm,0,2025-06-23 20:20:00,8.3186,7.676,0.00019999999999997797
EWR-1,6/23/2025,08:30:00 pm,0,2025-06-23 20:30:00,8.3204,7.678,0.00030000000000001136
EWR-1,6/23/2025,08:40:00 pm,0,2025-06-23 20:40:00,8.3208,7.681,0.0001000000000000334
EWR-1,6/23/2025,08:50:00 pm,0,2025-06-23 20:50:00,8.3212,7.682,0.00019999999999997797
EWR-1,6/23/2025,09:00:00 pm,0,2025-06-23 21:00:00,8.3227,7.684,0.00030000000000001136
EWR-1,6/23/2025,09:10:00 pm,0,2025-06-23 21:10:00,8.3243,7.687,9.999999999994457e-05
EWR-1,6/23/2025,09:20:00 pm,0,2025-06-23 21:20:00,8.3262,7.688,0.0002000000000000668
EWR-1,6/23/2025,09:30:00 pm,0,2025-06-23 21:30:00,8.3276,7.69,0.00019999999999997797
EWR-1,6/23/2025,09:40:00 pm,0,2025-06-23 21:40:00,8.3296,7.692,0.00019999999999997797
EWR-1,6/23/2025,09:50:00 pm,0,2025-06-23 21:50:00,8.3317,7.694,0.0001000000000000334
EWR-1,6/23/2025,10:00:00 pm,0,2025-06-23 22:00:00,8.3323,7.695,0.00019999999999997797
EWR-1,6/23/2025,10:10:00 pm,0,2025-06-23 22:10:00,8.3337,7.697,0.0001000000000000334
EWR-1,6/23/2025,10:20:00 pm,0,2025-06-23 22:20:00,8.3335,7.698,9.999999999994457e-05
EWR-1,6/23/2025,10:30:00 pm,0,2025-06-23 22:30:00,8.3348,7.699,0.00019999999999997797
EWR-1,6/23/2025,10:40:00 pm,0,2025-06-23 22:40:00,8.3354,7.701,0.0002000000000000668
EWR-1,6/23/2025,10:50:00 pm,0,2025-06-23 22:50:00,8.3359,7.703,0.0
EWR-1,6/23/2025,11:00:00 pm,0,2025-06-23 23:00:00,8.3361,7.703,9.999999999994457e-05
EWR-1,6/23/2025,11:10:00 pm,0,2025-06-23 23:10:00,8.3369,7.704,0.0001000000000000334
EWR-1,6/23/2025,11:20:00 pm,0,2025-06-23 23:20:00,8.3368,7.705,0.0001000000000000334
EWR-1,6/23/2025,11:30:00 pm,0,2025-06-23 23:30:00,8.337,7.706,9.999999999994457e-05
EWR-1,6/23/2025,11:40:00 pm,0,2025-06-23 23:40:00,8.3374,7.707,0.0
EWR-1,6/23/2025,11:50:00 pm,0,2025-06-23 23:50:00,8.3373,7.707,0.0
EWR-1,6/24/2025,12:00:00 am,0,2025-06-24 00:00:00,8.337,7.707,0.0001000000000000334
EWR-1,6/24/2025,12:10:00 am,0,2025-06-24 00:10:00,8.337,7.708,0.0
EWR-1,6/24/2025,12:20:00 am,0,2025-06-24 00:20:00,8.3375,7.708,9.999999999994457e-05
EWR-1,6/24/2025,12:30:00 am,0,2025-06-24 00:30:00,8.3374,7.709,9.999999999994457e-05
EWR-1,6/24/2025,12:40:00 am,0,2025-06-24 00:40:00,8.3377,7.708,9.999999999994457e-05
EWR-1,6/24/2025,12:50:00 am,0,2025-06-24 00:50:00,8.3381,7.709,9.999999999994457e-05
EWR-1,6/24/2025,01:00:00 am,0,2025-06-24 01:00:00,8.3379,7.708,0.0
EWR-1,6/24/2025,01:10:00 am,0,2025-06-24 01:10:00,8.3379,7.708,0.0
EWR-1,6/24/2025,01:20:00 am,0,2025-06-24 01:20:00,8.3376,7.708,0.0001000000000000334
EWR-1,6/24/2025,01:30:00 am,0,2025-06-24 01:30:00,8.3368,7.707,0.0
EWR-1,6/24/2025,01:40:00 am,0,2025-06-24 01:40:00,8.3372,7.707,0.0
EWR-1,6/24/2025,01:50:00 am,0,2025-06-24 01:50:00,8.3374,7.707,9.999999999994457e-05
EWR-1,6/24/2025,02:00:00 am,0,2025-06-24 02:00:00,8.3375,7.706,0.0
EWR-1,6/24/2025,02:10:00 am,0,2025-06-24 02:10:00,8.3378,7.706,0.0001000000000000334
EWR-1,6/24/2025,02:20:00 am,0,2025-06-24 02:20:00,8.3381,7.705,0.0001000000000000334
EWR-1,6/24/2025,02:30:00 am,0,2025-06-24 02:30:00,8.3381,7.704,9.999999999994457e-05
EWR-1,6/24/2025,02:40:00 am,0,2025-06-24 02:40:00,8.3377,7.703,0.0001000000000000334
EWR-1,6/24/2025,02:50:00 am,0,2025-06-24 02:50:00,8.3376,7.702,0.0001000000000000334
EWR-1,6/24/2025,03:00:00 am,0,2025-06-24 03:00:00,8.3379,7.701,9.999999999994457e-05
EWR-1,6/24/2025,03:10:00 am,0,2025-06-24 03:10:00,8.3382,7.7,0.0001000000000000334
EWR-1,6/24/2025,03:20:00 am,0,2025-06-24 03:20:00,8.3384,7.699,9.999999999994457e-05
EWR-1,6/24/2025,03:30:00 am,0,2025-06-24 03:30:00,8.3391,7.698,0.0002000000000000668
EWR-1,6/24/2025,03:40:00 am,0,2025-06-24 03:40:00,8.3395,7.696,9.999999999994457e-05
EWR-1,6/24/2025,03:50:00 am,0,2025-06-24 03:50:00,8.3392,7.695,0.0002000000000000668
EWR-1,6/24/2025,04:00:00 am,0,2025-06-24 04:00:00,8.3395,7.693,9.999999999994457e-05
EWR-1,6/24/2025,04:10:00 am,0,2025-06-24 04:10:00,8.34,7.692,0.00019999999999997797
EWR-1,6/24/2025,04:20:00 am,0,2025-06-24 04:20:00,8.3401,7.69,0.0002000000000000668
EWR-1,6/24/2025,04:30:00 am,0,2025-06-24 04:30:00,8.3403,7.688,0.00019999999999997797
EWR-1,6/24/2025,04:40:00 am,0,2025-06-24 04:40:00,8.341,7.686,0.00019999999999997797
EWR-1,6/24/2025,04:50:00 am,0,2025-06-24 04:50:00,8.3418,7.684,0.00030000000000001136
EWR-1,6/24/2025,05:00:00 am,0,2025-06-24 05:00:00,8.3422,7.681,0.00019999999999997797
EWR-1,6/24/2025,05:10:00 am,0,2025-06-24 05:10:00,8.3417,7.679,0.0002000000000000668
EWR-1,6/24/2025,05:20:00 am,0,2025-06-24 05:20:00,8.342,7.677,0.00019999999999997797
EWR-1,6/24/2025,05:30:00 am,0,2025-06-24 05:30:00,8.3429,7.675,0.00019999999999997797
EWR-1,6/24/2025,05:40:00 am,0,2025-06-24 05:40:00,8.3434,7.673,0.00030000000000001136
EWR-1,6/24/2025,05:50:00 am,0,2025-06-24 05:50:00,8.3438,7.67,0.00030000000000001136
EWR-1,6/24/2025,06:00:00 am,0,2025-06-24 06:00:00,8.3441,7.667,0.00030000000000001136
EWR-1,6/24/2025,06:10:00 am,0,2025-06-24 06:10:00,8.3444,7.664,0.00019999999999997797
EWR-1,6/24/2025,06:20:00 am,0,2025-06-24 06:20:00,8.3453,7.662,0.00030000000000001136
EWR-1,6/24/2025,06:30:00 am,0,2025-06-24 06:30:00,8.3461,7.659,0.00030000000000001136
EWR-1,6/24/2025,06:40:00 am,0,2025-06-24 06:40:00,8.3473,7.656,0.00030000000000001136
EWR-1,6/24/2025,06:50:00 am,0,2025-06-24 06:50:00,8.3478,7.653,0.00029999999999992256
EWR-1,6/24/2025,07:00:00 am,0,2025-06-24 07:00:00,8.3488,7.65,0.00030000000000001136
EWR-1,6/24/2025,07:10:00 am,0,2025-06-24 07:10:00,8.3488,7.647,0.0002000000000000668
EWR-1,6/24/2025,07:20:00 am,0,2025-06-24 07:20:00,8.3496,7.645,0.00039999999999995595
EWR-1,6/24/2025,07:30:00 am,0,2025-06-24 07:30:00,8.3506,7.641,0.00030000000000001136
EWR-1,6/24/2025,07:40:00 am,0,2025-06-24 07:40:00,8.351,7.638,0.00019999999999997797
EWR-1,6/24/2025,07:50:00 am,0,2025-06-24 07:50:00,8.3513,7.636,0.00040000000000004474
EWR-1,6/24/2025,08:00:00 am,0,2025-06-24 08:00:00,8.3521,7.632,0.00030000000000001136
EWR-1,6/24/2025,08:10:00 am,0,2025-06-24 08:10:00,8.3526,7.629,0.00019999999999997797
EWR-1,6/24/2025,08:20:00 am,0,2025-06-24 08:20:00,8.3526,7.627,0.00030000000000001136
EWR-1,6/24/2025,08:30:00 am,0,2025-06-24 08:30:00,8.3531,7.624,0.00029999999999992256
EWR-1,6/24/2025,08:40:00 am,0,2025-06-24 08:40:00,8.3533,7.621,0.00030000000000001136
EWR-1,6/24/2025,08:50:00 am,0,2025-06-24 08:50:00,8.3541,7.618,0.00030000000000001136
EWR-1,6/24/2025,09:00:00 am,0,2025-06-24 09:00:00,8.3543,7.615,0.00019999999999997797
EWR-1,6/24/2025,09:10:00 am,0,2025-06-24 09:10:00,8.3543,7.613,0.00030000000000001136
EWR-1,6/24/2025,09:20:00 am,0,2025-06-24 09:20:00,8.3544,7.61,0.0002000000000000668
EWR-1,6/24/2025,09:30:00 am,0,2025-06-24 09:30:00,8.3551,7.608,0.00019999999999997797
EWR-1,6/24/2025,09:40:00 am,0,2025-06-24 09:40:00,8.3552,7.606,0.00019999999999997797
EWR-1,6/24/2025,09:50:00 am,0,2025-06-24 09:50:00,8.355,7.604,0.00019999999999997797
EWR-1,6/24/2025,10:00:00 am,0,2025-06-24 10:00:00,8.3539,7.602,0.0001000000000000334
EWR-1,6/24/2025,10:10:00 am,0,2025-06-24 10:10:00,8.3521,7.601,0.00019999999999997797
EWR-1,6/24/2025,10:20:00 am,0,2025-06-24 10:20:00,8.3493,7.599,0.00030000000000001136
EWR-1,6/24/2025,10:30:00 am,0,2025-06-24 10:30:00,8.3459,7.596,0.0001000000000000334
EWR-1,6/24/2025,10:40:00 am,0,2025-06-24 10:40:00,8.3435,7.595,9.999999999994457e-05
EWR-1,6/24/2025,10:50:00 am,0,2025-06-24 10:50:00,8.3399,7.594,0.0
EWR-1,6/24/2025,11:00:00 am,0,2025-06-24 11:00:00,8.3376,7.594,0.0002000000000000668
EWR-1,6/24/2025,11:10:00 am,0,2025-06-24 11:10:00,8.3348,7.592,0.0
EWR-1,6/24/2025,11:20:00 am,0,2025-06-24 11:20:00,8.3331,7.592,0.0
EWR-1,6/24/2025,11:30:00 am,0,2025-06-24 11:30:00,8.3307,7.592,0.0
EWR-1,6/24/2025,11:40:00 am,0,2025-06-24 11:40:00,8.328,7.592,0.0
EWR-1,6/24/2025,11:50:00 am,0,2025-06-24 11:50:00,8.3264,7.592,0.0001000000000000334
EWR-1,6/24/2025,12:00:00 pm,0,2025-06-24 12:00:00,8.3236,7.593,0.0001000000000000334
EWR-1,6/24/2025,12:10:00 pm,0,2025-06-24 12:10:00,8.3214,7.594,9.999999999994457e-05
EWR-1,6/24/2025,12:20:00 pm,0,2025-06-24 12:20:00,8.3194,7.595,0.0002000000000000668
EWR-1,6/24/2025,12:30:00 pm,0,2025-06-24 12:30:00,8.317,7.597,9.999999999994457e-05
EWR-1,6/24/2025,12:40:00 pm,0,2025-06-24 12:40:00,8.3154,7.598,0.0001000000000000334
EWR-1,6/24/2025,12:50:00 pm,0,2025-06-24 12:50:00,8.3155,7.599,0.00019999999999997797
EWR-1,6/24/2025,01:00:00 pm,0,2025-06-24 13:00:00,8.3145,7.601,0.00019999999999997797
EWR-1,6/24/2025,01:10:00 pm,0,2025-06-24 13:10:00,8.3143,7.603,0.0002000000000000668
EWR-1,6/24/2025,01:20:00 pm,0,2025-06-24 13:20:00,8.312,7.605,0.00019999999999997797
EWR-1,6/24/2025,01:30:00 pm,0,2025-06-24 13:30:00,8.312,7.607,9.999999999994457e-05
EWR-1,6/24/2025,01:40:00 pm,0,2025-06-24 13:40:00,8.3124,7.608,0.0002000000000000668
EWR-1,6/24/2025,01:50:00 pm,0,2025-06-24 13:50:00,8.3102,7.61,0.00019999999999997797
EWR-1,6/24/2025,02:00:00 pm,0,2025-06-24 14:00:00,8.3084,7.612,0.00030000000000001136
EWR-1,6/24/2025,02:10:00 pm,0,2025-06-24 14:10:00,8.3053,7.615,9.999999999994457e-05
EWR-1,6/24/2025,02:20:00 pm,0,2025-06-24 14:20:00,8.3052,7.616,0.00030000000000001136
EWR-1,6/24/2025,02:30:00 pm,0,2025-06-24 14:30:00,8.3052,7.619,0.0002000000000000668
EWR-1,6/24/2025,02:40:00 pm,0,2025-06-24 14:40:00,8.3043,7.621,0.00029999999999992256
EWR-1,6/24/2025,02:50:00 pm,0,2025-06-24 14:50:00,8.3034,7.624,0.0002000000000000668
EWR-1,6/24/2025,03:00:00 pm,0,2025-06-24 15:00:00,8.3012,7.626,0.00029999999999992256
EWR-1,6/24/2025,03:10:00 pm,0,2025-06-24 15:10:00,8.2991,7.629,0.00030000000000001136
EWR-1,6/24/2025,03:20:00 pm,0,2025-06-24 15:20:00,8.2975,7.632,0.00030000000000001136
EWR-1,6/24/2025,03:30:00 pm,0,2025-06-24 15:30:00,8.2964,7.635,0.00030000000000001136
EWR-1,6/24/2025,03:40:00 pm,0,2025-06-24 15:40:00,8.2957,7.638,0.00030000000000001136
EWR-1,6/24/2025,03:50:00 pm,0,2025-06-24 15:50:00,8.2948,7.641,0.00039999999999995595
EWR-1,6/24/2025,04:00:00 pm,0,2025-06-24 16:00:00,8.2938,7.645,0.00030000000000001136
EWR-1,6/24/2025,04:10:00 pm,0,2025-06-24 16:10:00,8.2951,7.648,0.00030000000000001136
EWR-1,6/24/2025,04:20:00 pm,0,2025-06-24 16:20:00,8.2936,7.651,0.00040000000000004474
EWR-1,6/24/2025,04:30:00 pm,0,2025-06-24 16:30:00,8.2932,7.655,0.00030000000000001136
EWR-1,6/24/2025,04:40:00 pm,0,2025-06-24 16:40:00,8.2937,7.658,0.00039999999999995595
EWR-1,6/24/2025,04:50:00 pm,0,2025-06-24 16:50:00,8.2934,7.662,0.00040000000000004474
EWR-1,6/24/2025,05:00:00 pm,0,2025-06-24 17:00:00,8.2929,7.666,0.00039999999999995595
EWR-1,6/24/2025,05:10:00 pm,0,2025-06-24 17:10:00,8.2946,7.67,0.00040000000000004474
EWR-1,6/24/2025,05:20:00 pm,0,2025-06-24 17:20:00,8.2965,7.674,0.00039999999999995595
EWR-1,6/24/2025,05:30:00 pm,0,2025-06-24 17:30:00,8.2972,7.678,0.00040000000000004474
EWR-1,6/24/2025,05:40:00 pm,0,2025-06-24 17:40:00,8.2993,7.682,0.00029999999999992256
EWR-1,6/24/2025,05:50:00 pm,0,2025-06-24 17:50:00,8.3002,7.685,0.00040000000000004474
EWR-1,6/24/2025,06:00:00 pm,0,2025-06-24 18:00:00,8.3004,7.689,0.0004999999999999894
EWR-1,6/24/2025,06:10:00 pm,0,2025-06-24 18:10:00,8.3012,7.694,0.00040000000000004474
EWR-1,6/24/2025,06:20:00 pm,0,2025-06-24 18:20:00,8.3012,7.698,0.00039999999999995595
EWR-1,6/24/2025,06:30:00 pm,0,2025-06-24 18:30:00,8.3016,7.702,0.00040000000000004474
EWR-1,6/24/2025,06:40:00 pm,0,2025-06-24 18:40:00,8.3016,7.706,0.00039999999999995595
EWR-1,6/24/2025,06:50:00 pm,0,2025-06-24 18:50:00,8.3064,7.71,0.00040000000000004474
EWR-1,6/24/2025,07:00:00 pm,0,2025-06-24 19:00:00,8.307,7.714,0.0004999999999999894
EWR-1,6/24/2025,07:10:00 pm,0,2025-06-24 19:10:00,8.3092,7.719,0.00039999999999995595
EWR-1,6/24/2025,07:20:00 pm,0,2025-06-24 19:20:00,8.3112,7.723,0.0004999999999999894
EWR-1,6/24/2025,07:30:00 pm,0,2025-06-24 19:30:00,8.3142,7.728,0.00040000000000004474
EWR-1,6/24/2025,07:40:00 pm,0,2025-06-24 19:40:00,8.3168,7.732,0.00039999999999995595
EWR-1,6/24/2025,07:50:00 pm,0,2025-06-24 19:50:00,8.3189,7.736,0.00040000000000004474
EWR-1,6/24/2025,08:00:00 pm,0,2025-06-24 20:00:00,8.3213,7.74,0.00039999999999995595
EWR-1,6/24/2025,08:10:00 pm,0,2025-06-24 20:10:00,8.324,7.744,0.00030000000000001136
EWR-1,6/24/2025,08:20:00 pm,0,2025-06-24 20:20:00,8.3262,7.747,0.00040000000000004474
EWR-1,6/24/2025,08:30:00 pm,0,2025-06-24 20:30:00,8.3277,7.751,0.00039999999999995595
EWR-1,6/24/2025,08:40:00 pm,0,2025-06-24 20:40:00,8.3293,7.755,0.00030000000000001136
EWR-1,6/24/2025,08:50:00 pm,0,2025-06-24 20:50:00,8.3307,7.758,0.00030000000000001136
EWR-1,6/24/2025,09:00:00 pm,0,2025-06-24 21:00:00,8.3322,7.761,0.00030000000000001136
EWR-1,6/24/2025,09:10:00 pm,0,2025-06-24 21:10:00,8.3344,7.764,0.00030000000000001136
EWR-1,6/24/2025,09:20:00 pm,0,2025-06-24 21:20:00,8.3361,7.767,0.00029999999999992256
EWR-1,6/24/2025,09:30:00 pm,0,2025-06-24 21:30:00,8.3378,7.77,0.0002000000000000668
EWR-1,6/24/2025,09:40:00 pm,0,2025-06-24 21:40:00,8.3398,7.772,0.00030000000000001136
EWR-1,6/24/2025,09:50:00 pm,0,2025-06-24 21:50:00,8.3416,7.775,0.00029999999999992256
EWR-1,6/24/2025,10:00:00 pm,0,2025-06-24 22:00:00,8.3429,7.778,0.0002000000000000668
EWR-1,6/24/2025,10:10:00 pm,0,2025-06-24 22:10:00,8.3449,7.78,0.00019999999999997797
EWR-1,6/24/2025,10:20:00 pm,0,2025-06-24 22:20:00,8.3462,7.782,0.00030000000000001136
EWR-1,6/24/2025,10:30:00 pm,0,2025-06-24 22:30:00,8.3469,7.785,0.00019999999999997797
EWR-1,6/24/2025,10:40:00 pm,0,2025-06-24 22:40:00,8.3476,7.787,0.00019999999999997797
EWR-1,6/24/2025,10:50:00 pm,0,2025-06-24 22:50:00,8.3479,7.789,0.0002000000000000668
EWR-1,6/24/2025,11:00:00 pm,0,2025-06-24 23:00:00,8.3485,7.791,0.00019999999999997797
EWR-1,6/24/2025,11:10:00 pm,0,2025-06-24 23:10:00,8.3496,7.793,0.00019999999999997797
EWR-1,6/24/2025,11:20:00 pm,0,2025-06-24 23:20:00,8.351,7.795,0.0001000000000000334
EWR-1,6/24/2025,11:30:00 pm,0,2025-06-24 23:30:00,8.3514,7.796,9.999999999994457e-05
EWR-1,6/24/2025,11:40:00 pm,0,2025-06-24 23:40:00,8.3518,7.797,0.00030000000000001136
EWR-1,6/24/2025,11:50:00 pm,0,2025-06-24 23:50:00,8.3524,7.8,0.0001000000000000334
EWR-1,6/25/2025,12:00:00 am,0,2025-06-25 00:00:00,8.3522,7.801,9.999999999994457e-05
EWR-1,6/25/2025,12:10:00 am,0,2025-06-25 00:10:00,8.3521,7.802,0.0002000000000000668
EWR-1,6/25/2025,12:20:00 am,0,2025-06-25 00:20:00,8.352,7.804,9.999999999994457e-05
EWR-1,6/25/2025,12:30:00 am,0,2025-06-25 00:30:00,8.352,7.805,0.0
EWR-1,6/25/2025,12:40:00 am,0,2025-06-25 00:40:00,8.3521,7.805,0.0002000000000000668
EWR-1,6/25/2025,12:50:00 am,0,2025-06-25 00:50:00,8.3523,7.807,9.999999999994457e-05
EWR-1,6/25/2025,01:00:00 am,0,2025-06-25 01:00:00,8.3532,7.808,0.0001000000000000334
EWR-1,6/25/2025,01:10:00 am,0,2025-06-25 01:10:00,8.3534,7.809,0.0
EWR-1,6/25/2025,01:20:00 am,0,2025-06-25 01:20:00,8.3536,7.809,9.999999999994457e-05
EWR-1,6/25/2025,01:30:00 am,0,2025-06-25 01:30:00,8.3538,7.81,0.0
EWR-1,6/25/2025,01:40:00 am,0,2025-06-25 01:40:00,8.3536,7.81,0.0
EWR-1,6/25/2025,01:50:00 am,0,2025-06-25 01:50:00,8.353,7.81,0.0
EWR-1,6/25/2025,02:00:00 am,0,2025-06-25 02:00:00,8.3536,7.81,0.0
EWR-1,6/25/2025,02:10:00 am,0,2025-06-25 02:10:00,8.3543,7.81,0.0
EWR-1,6/25/2025,02:20:00 am,0,2025-06-25 02:20:00,8.3546,7.81,0.0
EWR-1,6/25/2025,02:30:00 am,0,2025-06-25 02:30:00,8.3554,7.81,0.0001000000000000334
EWR-1,6/25/2025,02:40:00 am,0,2025-06-25 02:40:00,8.3553,7.811,0.0001000000000000334
EWR-1,6/25/2025,02:50:00 am,0,2025-06-25 02:50:00,8.3559,7.81,0.0
EWR-1,6/25/2025,03:00:00 am,0,2025-06-25 03:00:00,8.3562,7.81,0.0
EWR-1,6/25/2025,03:10:00 am,0,2025-06-25 03:10:00,8.3559,7.81,9.999999999994457e-05
EWR-1,6/25/2025,03:20:00 am,0,2025-06-25 03:20:00,8.3556,7.809,0.0
EWR-1,6/25/2025,03:30:00 am,0,2025-06-25 03:30:00,8.3562,7.809,0.0001000000000000334
EWR-1,6/25/2025,03:40:00 am,0,2025-06-25 03:40:00,8.3562,7.808,0.0
EWR-1,6/25/2025,03:50:00 am,0,2025-06-25 03:50:00,8.3561,7.808,9.999999999994457e-05
EWR-1,6/25/2025,04:00:00 am,0,2025-06-25 04:00:00,8.3567,7.807,0.0001000000000000334
EWR-1,6/25/2025,04:10:00 am,0,2025-06-25 04:10:00,8.3569,7.806,0.0001000000000000334
EWR-1,6/25/2025,04:20:00 am,0,2025-06-25 04:20:00,8.3574,7.805,9.999999999994457e-05
EWR-1,6/25/2025,04:30:00 am,0,2025-06-25 04:30:00,8.3585,7.804,0.0001000000000000334
EWR-1,6/25/2025,04:40:00 am,0,2025-06-25 04:40:00,8.3589,7.803,0.0001000000000000334
EWR-1,6/25/2025,04:50:00 am,0,2025-06-25 04:50:00,8.3592,7.802,9.999999999994457e-05
EWR-1,6/25/2025,05:00:00 am,0,2025-06-25 05:00:00,8.3593,7.801,0.00019999999999997797
EWR-1,6/25/2025,05:10:00 am,0,2025-06-25 05:10:00,8.3601,7.799,0.0001000000000000334
EWR-1,6/25/2025,05:20:00 am,0,2025-06-25 05:20:00,8.3609,7.798,0.00019999999999997797
EWR-1,6/25/2025,05:30:00 am,0,2025-06-25 05:30:00,8.3617,7.796,0.0001000000000000334
EWR-1,6/25/2025,05:40:00 am,0,2025-06-25 05:40:00,8.3625,7.795,0.00019999999999997797
EWR-1,6/25/2025,05:50:00 am,0,2025-06-25 05:50:00,8.3631,7.793,0.00019999999999997797
EWR-1,6/25/2025,06:00:00 am,0,2025-06-25 06:00:00,8.3639,7.791,0.0001000000000000334
EWR-1,6/25/2025,06:10:00 am,0,2025-06-25 06:10:00,8.3645,7.79,0.00030000000000001136
EWR-1,6/25/2025,06:20:00 am,0,2025-06-25 06:20:00,8.3656,7.787,0.00019999999999997797
EWR-1,6/25/2025,06:30:00 am,0,2025-06-25 06:30:00,8.366,7.785,0.00019999999999997797
EWR-1,6/25/2025,06:40:00 am,0,2025-06-25 06:40:00,8.3661,7.783,0.0002000000000000668
EWR-1,6/25/2025,06:50:00 am,0,2025-06-25 06:50:00,8.3668,7.781,0.00019999999999997797
EWR-1,6/25/2025,07:00:00 am,0,2025-06-25 07:00:00,8.3666,7.779,0.0001000000000000334
EWR-1,6/25/2025,07:10:00 am,0,2025-06-25 07:10:00,8.3662,7.778,0.00029999999999992256
EWR-1,6/25/2025,07:20:00 am,0,2025-06-25 07:20:00,8.367,7.775,0.0002000000000000668
EWR-1,6/25/2025,07:30:00 am,0,2025-06-25 07:30:00,8.3676,7.773,0.00030000000000001136
EWR-1,6/25/2025,07:40:00 am,0,2025-06-25 07:40:00,8.3677,7.77,0.00019999999999997797
EWR-1,6/25/2025,07:50:00 am,0,2025-06-25 07:50:00,8.3678,7.768,0.00019999999999997797
EWR-1,6/25/2025,08:00:00 am,0,2025-06-25 08:00:00,8.3685,7.766,0.00019999999999997797
EWR-1,6/25/2025,08:10:00 am,0,2025-06-25 08:10:00,8.369,7.764,0.00030000000000001136
EWR-1,6/25/2025,08:20:00 am,0,2025-06-25 08:20:00,8.3692,7.761,0.00019999999999997797
EWR-1,6/25/2025,08:30:00 am,0,2025-06-25 08:30:00,8.3694,7.759,0.0002000000000000668
EWR-1,6/25/2025,08:40:00 am,0,2025-06-25 08:40:00,8.369,7.757,0.00019999999999997797
EWR-1,6/25/2025,08:50:00 am,0,2025-06-25 08:50:00,8.3692,7.755,0.00019999999999997797
EWR-1,6/25/2025,09:00:00 am,0,2025-06-25 09:00:00,8.3689,7.753,0.00019999999999997797
EWR-1,6/25/2025,09:10:00 am,0,2025-06-25 09:10:00,8.3683,7.751,0.0002000000000000668
EWR-1,6/25/2025,09:20:00 am,0,2025-06-25 09:20:00,8.3675,7.749,0.0
EWR-1,6/25/2025,09:30:00 am,0,2025-06-25 09:30:00,8.3673,7.749,0.00019999999999997797
EWR-1,6/25/2025,09:40:00 am,0,2025-06-25 09:40:00,8.366,7.747,0.00019999999999997797
EWR-1,6/25/2025,09:50:00 am,0,2025-06-25 09:50:00,8.3636,7.745,0.0
EWR-1,6/25/2025,10:00:00 am,0,2025-06-25 10:00:00,8.3601,7.745,0.0001000000000000334
EWR-1,6/25/2025,10:10:00 am,0,2025-06-25 10:10:00,8.3561,7.744,9.999999999994457e-05
EWR-1,6/25/2025,10:20:00 am,0,2025-06-25 10:20:00,8.3529,7.743,0.0
EWR-1,6/25/2025,10:30:00 am,0,2025-06-25 10:30:00,8.3483,7.743,0.0
EWR-1,6/25/2025,10:40:00 am,0,2025-06-25 10:40:00,8.3448,7.743,0.0
EWR-1,6/25/2025,10:50:00 am,0,2025-06-25 10:50:00,8.3409,7.743,0.0
EWR-1,6/25/2025,11:00:00 am,0,2025-06-25 11:00:00,8.3387,7.743,0.0
EWR-1,6/25/2025,11:10:00 am,0,2025-06-25 11:10:00,8.3361,7.743,9.999999999994457e-05
EWR-1,6/25/2025,11:20:00 am,0,2025-06-25 11:20:00,8.3327,7.744,0.0001000000000000334
EWR-1,6/25/2025,11:30:00 am,0,2025-06-25 11:30:00,8.3297,7.745,0.00019999999999997797
EWR-1,6/25/2025,11:40:00 am,0,2025-06-25 11:40:00,8.3269,7.747,0.0
EWR-1,6/25/2025,11:50:00 am,0,2025-06-25 11:50:00,8.3361,7.747,0.0001000000000000334
EWR-1,6/25/2025,12:00:00 pm,0,2025-06-25 12:00:00,8.3241,7.748,9.999999999994457e-05
EWR-1,6/25/2025,12:10:00 pm,0,2025-06-25 12:10:00,8.334,7.749,0.00040000000000004474
EWR-1,6/25/2025,12:20:00 pm,0,2025-06-25 12:20:00,8.3236,7.753,0.00030000000000001136
EWR-1,6/25/2025,12:30:00 pm,0,2025-06-25 12:30:00,8.3216,7.756,0.00030000000000001136
EWR-1,6/25/2025,12:40:00 pm,0,2025-06-25 12:40:00,8.319,7.759,0.00039999999999995595
EWR-1,6/25/2025,12:50:00 pm,0,2025-06-25 12:50:00,8.3164,7.763,0.00030000000000001136
EWR-1,6/25/2025,01:00:00 pm,0,2025-06-25 13:00:00,8.3141,7.766,0.00039999999999995595
EWR-1,6/25/2025,01:10:00 pm,0,2025-06-25 13:10:00,8.314,7.77,0.00030000000000001136
EWR-1,6/25/2025,01:20:00 pm,0,2025-06-25 13:20:00,8.3114,7.773,0.00040000000000004474
EWR-1,6/25/2025,01:30:00 pm,0,2025-06-25 13:30:00,8.3111,7.777,0.00039999999999995595
EWR-1,6/25/2025,01:40:00 pm,0,2025-06-25 13:40:00,8.3097,7.781,0.00030000000000001136
EWR-1,6/25/2025,01:50:00 pm,0,2025-06-25 13:50:00,8.3078,7.784,0.00040000000000004474
EWR-1,6/25/2025,02:00:00 pm,0,2025-06-25 14:00:00,8.3068,7.788,0.00039999999999995595
EWR-1,6/25/2025,02:10:00 pm,0,2025-06-25 14:10:00,8.3074,7.792,0.00040000000000004474
EWR-1,6/25/2025,02:20:00 pm,0,2025-06-25 14:20:00,8.3066,7.796,0.00039999999999995595
EWR-1,6/25/2025,02:30:00 pm,0,2025-06-25 14:30:00,8.3066,7.8,0.0006000000000000227
EWR-1,6/25/2025,02:40:00 pm,0,2025-06-25 14:40:00,8.3069,7.806,0.00039999999999995595
EWR-1,6/25/2025,02:50:00 pm,0,2025-06-25 14:50:00,8.3049,7.81,0.00040000000000004474
EWR-1,6/25/2025,03:00:00 pm,0,2025-06-25 15:00:00,8.3043,7.814,0.00039999999999995595
EWR-1,6/25/2025,03:10:00 pm,0,2025-06-25 15:10:00,8.3031,7.818,0.00040000000000004474
EWR-1,6/25/2025,03:20:00 pm,0,2025-06-25 15:20:00,8.3028,7.822,0.0004999999999999894
EWR-1,6/25/2025,03:30:00 pm,0,2025-06-25 15:30:00,8.3017,7.827,0.00040000000000004474
EWR-1,6/25/2025,03:40:00 pm,0,2025-06-25 15:40:00,8.3014,7.831,0.00039999999999995595
EWR-1,6/25/2025,03:50:00 pm,0,2025-06-25 15:50:00,8.3006,7.835,0.00040000000000004474
EWR-1,6/25/2025,04:00:00 pm,0,2025-06-25 16:00:00,8.3004,7.839,0.0004999999999999894
EWR-1,6/25/2025,04:10:00 pm,0,2025-06-25 16:10:00,8.3003,7.844,0.00039999999999995595
EWR-1,6/25/2025,04:20:00 pm,0,2025-06-25 16:20:00,8.2997,7.848,0.00040000000000004474
EWR-1,6/25/2025,04:30:00 pm,0,2025-06-25 16:30:00,8.2994,7.852,0.00039999999999995595
EWR-1,6/25/2025,04:40:00 pm,0,2025-06-25 16:40:00,8.2987,7.856,0.0004999999999999894
EWR-1,6/25/2025,04:50:00 pm,0,2025-06-25 16:50:00,8.2987,7.861,0.00040000000000004474
EWR-1,6/25/2025,05:00:00 pm,0,2025-06-25 17:00:00,8.2984,7.865,0.0004999999999999894
EWR-1,6/25/2025,05:10:00 pm,0,2025-06-25 17:10:00,8.2974,7.87,0.00039999999999995595
EWR-1,6/25/2025,05:20:00 pm,0,2025-06-25 17:20:00,8.2972,7.874,0.00040000000000004474
EWR-1,6/25/2025,05:30:00 pm,0,2025-06-25 17:30:00,8.2971,7.878,0.00039999999999995595
EWR-1,6/25/2025,05:40:00 pm,0,2025-06-25 17:40:00,8.2965,7.882,0.0004999999999999894
EWR-1,6/25/2025,05:50:00 pm,0,2025-06-25 17:50:00,8.2966,7.887,0.00040000000000004474
EWR-1,6/25/2025,06:00:00 pm,0,2025-06-25 18:00:00,8.2974,7.891,0.00039999999999995595
EWR-1,6/25/2025,06:10:00 pm,0,2025-06-25 18:10:00,8.2984,7.895,0.0005000000000000782
EWR-1,6/25/2025,06:20:00 pm,0,2025-06-25 18:20:00,8.299,7.9,0.00039999999999995595
EWR-1,6/25/2025,06:30:00 pm,0,2025-06-25 18:30:00,8.3003,7.904,0.00040000000000004474
EWR-1,6/25/2025,06:40:00 pm,0,2025-06-25 18:40:00,8.3005,7.908,0.00029999999999992256
EWR-1,6/25/2025,06:50:00 pm,0,2025-06-25 18:50:00,8.3015,7.911,0.00030000000000001136
EWR-1,6/25/2025,07:00:00 pm,0,2025-06-25 19:00:00,8.3034,7.914,0.00030000000000001136
EWR-1,6/25/2025,07:10:00 pm,0,2025-06-25 19:10:00,8.3054,7.917,0.00030000000000001136
EWR-1,6/25/2025,07:20:00 pm,0,2025-06-25 19:20:00,8.3073,7.92,0.00030000000000001136
EWR-1,6/25/2025,07:30:00 pm,0,2025-06-25 19:30:00,8.3096,7.923,0.00030000000000001136
EWR-1,6/25/2025,07:40:00 pm,0,2025-06-25 19:40:00,8.3119,7.926,0.00030000000000001136
EWR-1,6/25/2025,07:50:00 pm,0,2025-06-25 19:50:00,8.3138,7.929,0.00030000000000001136
EWR-1,6/25/2025,08:00:00 pm,0,2025-06-25 20:00:00,8.3155,7.932,0.00029999999999992256
EWR-1,6/25/2025,08:10:00 pm,0,2025-06-25 20:10:00,8.3176,7.935,0.00030000000000001136
EWR-1,6/25/2025,08:20:00 pm,0,2025-06-25 20:20:00,8.319,7.938,0.0002000000000000668
EWR-1,6/25/2025,08:30:00 pm,0,2025-06-25 20:30:00,8.3206,7.94,0.00019999999999997797
EWR-1,6/25/2025,08:40:00 pm,0,2025-06-25 20:40:00,8.3218,7.942,0.00019999999999997797
EWR-1,6/25/2025,08:50:00 pm,0,2025-06-25 20:50:00,8.3235,7.944,0.00030000000000001136
EWR-1,6/25/2025,09:00:00 pm,0,2025-06-25 21:00:00,8.3246,7.947,0.0001000000000000334
EWR-1,6/25/2025,09:10:00 pm,0,2025-06-25 21:10:00,8.3261,7.948,0.00019999999999997797
EWR-1,6/25/2025,09:20:00 pm,0,2025-06-25 21:20:00,8.3278,7.95,0.00019999999999997797
EWR-1,6/25/2025,09:30:00 pm,0,2025-06-25 21:30:00,8.3286,7.952,0.00019999999999997797
EWR-1,6/25/2025,09:40:00 pm,0,2025-06-25 21:40:00,8.3299,7.954,0.0001000000000000334
EWR-1,6/25/2025,09:50:00 pm,0,2025-06-25 21:50:00,8.3316,7.955,0.00019999999999997797
EWR-1,6/25/2025,10:00:00 pm,0,2025-06-25 22:00:00,8.3326,7.957,0.0
EWR-1,6/25/2025,10:10:00 pm,0,2025-06-25 22:10:00,8.3338,7.957,0.00019999999999997797
EWR-1,6/25/2025,10:20:00 pm,0,2025-06-25 22:20:00,8.3339,7.959,0.0001000000000000334
EWR-1,6/25/2025,10:30:00 pm,0,2025-06-25 22:30:00,8.3343,7.96,0.0001000000000000334
EWR-1,6/25/2025,10:40:00 pm,0,2025-06-25 22:40:00,8.335,7.961,9.999999999994457e-05
EWR-1,6/25/2025,10:50:00 pm,0,2025-06-25 22:50:00,8.3357,7.962,0.0001000000000000334
EWR-1,6/25/2025,11:00:00 pm,0,2025-06-25 23:00:00,8.3363,7.963,0.0001000000000000334
EWR-1,6/25/2025,11:10:00 pm,0,2025-06-25 23:10:00,8.3368,7.964,9.999999999994457e-05
EWR-1,6/25/2025,11:20:00 pm,0,2025-06-25 23:20:00,8.3378,7.965,0.0001000000000000334
EWR-1,6/25/2025,11:30:00 pm,0,2025-06-25 23:30:00,8.3389,7.966,9.999999999994457e-05
EWR-1,6/25/2025,11:40:00 pm,0,2025-06-25 23:40:00,8.3391,7.967,0.0
EWR-1,6/25/2025,11:50:00 pm,0,2025-06-25 23:50:00,8.3386,7.967,0.0001000000000000334
EWR-1,6/26/2025,12:00:00 am,0,2025-06-26 00:00:00,8.3386,7.968,0.0
EWR-1,6/26/2025,12:10:00 am,0,2025-06-26 00:10:00,8.3392,7.968,0.0
EWR-1,6/26/2025,12:20:00 am,0,2025-06-26 00:20:00,8.3393,7.968,0.0001000000000000334
EWR-1,6/26/2025,12:30:00 am,0,2025-06-26 00:30:00,8.3397,7.969,0.0
EWR-1,6/26/2025,12:40:00 am,0,2025-06-26 00:40:00,8.341,7.969,9.999999999994457e-05
EWR-1,6/26/2025,12:50:00 am,0,2025-06-26 00:50:00,8.3409,7.97,0.0
EWR-1,6/26/2025,01:00:00 am,0,2025-06-26 01:00:00,8.3406,7.97,9.999999999994457e-05
EWR-1,6/26/2025,01:10:00 am,0,2025-06-26 01:10:00,8.3408,7.969,0.0
EWR-1,6/26/2025,01:20:00 am,0,2025-06-26 01:20:00,8.341,7.969,0.0
EWR-1,6/26/2025,01:30:00 am,0,2025-06-26 01:30:00,8.3413,7.969,0.0
EWR-1,6/26/2025,01:40:00 am,0,2025-06-26 01:40:00,8.3415,7.969,0.0
EWR-1,6/26/2025,01:50:00 am,0,2025-06-26 01:50:00,8.3414,7.969,0.0
EWR-1,6/26/2025,02:00:00 am,0,2025-06-26 02:00:00,8.3411,7.969,0.0001000000000000334
EWR-1,6/26/2025,02:10:00 am,0,2025-06-26 02:10:00,8.3411,7.968,0.0001000000000000334
EWR-1,6/26/2025,02:20:00 am,0,2025-06-26 02:20:00,8.3407,7.967,0.0001000000000000334
EWR-1,6/26/2025,02:30:00 am,0,2025-06-26 02:30:00,8.34,7.968,0.00019999999999997797
EWR-1,6/26/2025,02:40:00 am,0,2025-06-26 02:40:00,8.3401,7.966,0.0001000000000000334
EWR-1,6/26/2025,02:50:00 am,0,2025-06-26 02:50:00,8.3399,7.965,0.0
EWR-1,6/26/2025,03:00:00 am,0,2025-06-26 03:00:00,8.3386,7.965,0.00019999999999997797
EWR-1,6/26/2025,03:10:00 am,0,2025-06-26 03:10:00,8.3386,7.963,0.0
EWR-1,6/26/2025,03:20:00 am,0,2025-06-26 03:20:00,8.3389,7.963,0.00019999999999997797
EWR-1,6/26/2025,03:30:00 am,0,2025-06-26 03:30:00,8.3395,7.961,0.0001000000000000334
EWR-1,6/26/2025,03:40:00 am,0,2025-06-26 03:40:00,8.3399,7.96,0.0001000000000000334
EWR-1,6/26/2025,03:50:00 am,0,2025-06-26 03:50:00,8.3398,7.959,0.00019999999999997797
EWR-1,6/26/2025,04:00:00 am,0,2025-06-26 04:00:00,8.3395,7.957,9.999999999994457e-05
EWR-1,6/26/2025,04:10:00 am,0,2025-06-26 04:10:00,8.3399,7.956,0.0002000000000000668
EWR-1,6/26/2025,04:20:00 am,0,2025-06-26 04:20:00,8.3404,7.954,9.999999999994457e-05
EWR-1,6/26/2025,04:30:00 am,0,2025-06-26 04:30:00,8.3409,7.953,0.0002000000000000668
EWR-1,6/26/2025,04:40:00 am,0,2025-06-26 04:40:00,8.341,7.951,0.00019999999999997797
EWR-1,6/26/2025,04:50:00 am,0,2025-06-26 04:50:00,8.3409,7.949,0.00019999999999997797
EWR-1,6/26/2025,05:00:00 am,0,2025-06-26 05:00:00,8.3416,7.947,0.00019999999999997797
EWR-1,6/26/2025,05:10:00 am,0,2025-06-26 05:10:00,8.3429,7.945,0.0002000000000000668
EWR-1,6/26/2025,05:20:00 am,0,2025-06-26 05:20:00,8.3431,7.943,0.00029999999999992256
EWR-1,6/26/2025,05:30:00 am,0,2025-06-26 05:30:00,8.3441,7.94,0.0002000000000000668
EWR-1,6/26/2025,05:40:00 am,0,2025-06-26 05:40:00,8.3443,7.938,0.00019999999999997797
EWR-1,6/26/2025,05:50:00 am,0,2025-06-26 05:50:00,8.345,7.936,0.00019999999999997797
EWR-1,6/26/2025,06:00:00 am,0,2025-06-26 06:00:00,8.3454,7.934,0.00019999999999997797
EWR-1,6/26/2025,06:10:00 am,0,2025-06-26 06:10:00,8.3461,7.932,0.00030000000000001136
EWR-1,6/26/2025,06:20:00 am,0,2025-06-26 06:20:00,8.3462,7.929,0.0002000000000000668
EWR-1,6/26/2025,06:30:00 am,0,2025-06-26 06:30:00,8.3471,7.927,0.00029999999999992256
EWR-1,6/26/2025,06:40:00 am,0,2025-06-26 06:40:00,8.3472,7.924,0.00030000000000001136
EWR-1,6/26/2025,06:50:00 am,0,2025-06-26 06:50:00,8.3478,7.921,0.00030000000000001136
EWR-1,6/26/2025,07:00:00 am,0,2025-06-26 07:00:00,8.3475,7.918,0.00030000000000001136
EWR-1,6/26/2025,07:10:00 am,0,2025-06-26 07:10:00,8.3472,7.915,0.00019999999999997797
EWR-1,6/26/2025,07:20:00 am,0,2025-06-26 07:20:00,8.3474,7.913,0.00030000000000001136
EWR-1,6/26/2025,07:30:00 am,0,2025-06-26 07:30:00,8.3476,7.91,0.00030000000000001136
EWR-1,6/26/2025,07:40:00 am,0,2025-06-26 07:40:00,8.3469,7.907,0.00019999999999997797
EWR-1,6/26/2025,07:50:00 am,0,2025-06-26 07:50:00,8.3473,7.905,0.00030000000000001136
EWR-1,6/26/2025,08:00:00 am,0,2025-06-26 08:00:00,8.3473,7.902,0.00030000000000001136
EWR-1,6/26/2025,08:10:00 am,0,2025-06-26 08:10:00,8.3469,7.899,0.00019999999999997797
EWR-1,6/26/2025,08:20:00 am,0,2025-06-26 08:20:00,8.3464,7.897,0.00030000000000001136
EWR-1,6/26/2025,08:30:00 am,0,2025-06-26 08:30:00,8.3464,7.894,0.00019999999999997797
EWR-1,6/26/2025,08:40:00 am,0,2025-06-26 08:40:00,8.3469,7.892,0.00030000000000001136
EWR-1,6/26/2025,08:50:00 am,0,2025-06-26 08:50:00,8.3469,7.889,0.0001000000000000334
EWR-1,6/26/2025,09:00:00 am,0,2025-06-26 09:00:00,8.3461,7.888,0.00030000000000001136
EWR-1,6/26/2025,09:10:00 am,0,2025-06-26 09:10:00,8.3457,7.885,9.999999999994457e-05
EWR-1,6/26/2025,09:20:00 am,0,2025-06-26 09:20:00,8.3447,7.884,0.0001000000000000334
EWR-1,6/26/2025,09:30:00 am,0,2025-06-26 09:30:00,8.3429,7.883,0.0001000000000000334
EWR-1,6/26/2025,09:40:00 am,0,2025-06-26 09:40:00,8.3399,7.882,9.999999999994457e-05
EWR-1,6/26/2025,09:50:00 am,0,2025-06-26 09:50:00,8.3362,7.881,0.0
EWR-1,6/26/2025,10:00:00 am,0,2025-06-26 10:00:00,8.3332,7.881,0.0
EWR-1,6/26/2025,10:10:00 am,0,2025-06-26 10:10:00,8.33,7.881,0.0
EWR-1,6/26/2025,10:20:00 am,0,2025-06-26 10:20:00,8.3262,7.881,0.0
EWR-1,6/26/2025,10:30:00 am,0,2025-06-26 10:30:00,8.3227,7.881,9.999999999994457e-05
EWR-1,6/26/2025,10:40:00 am,0,2025-06-26 10:40:00,8.3191,7.882,0.0
EWR-1,6/26/2025,10:50:00 am,0,2025-06-26 10:50:00,8.317,7.882,0.0001000000000000334
EWR-1,6/26/2025,11:00:00 am,0,2025-06-26 11:00:00,8.3134,7.883,0.0001000000000000334
EWR-1,6/26/2025,11:10:00 am,0,2025-06-26 11:10:00,8.3114,7.884,9.999999999994457e-05
EWR-1,6/26/2025,11:20:00 am,0,2025-06-26 11:20:00,8.3086,7.885,0.0001000000000000334
EWR-1,6/26/2025,11:30:00 am,0,2025-06-26 11:30:00,8.308,7.886,0.00019999999999997797
EWR-1,6/26/2025,11:40:00 am,0,2025-06-26 11:40:00,8.3055,7.888,0.0001000000000000334
EWR-1,6/26/2025,11:50:00 am,0,2025-06-26 11:50:00,8.3037,7.889,0.00019999999999997797
EWR-1,6/26/2025,12:00:00 pm,0,2025-06-26 12:00:00,8.3028,7.891,0.00019999999999997797
EWR-1,6/26/2025,12:10:00 pm,0,2025-06-26 12:10:00,8.3005,7.893,0.00019999999999997797
EWR-1,6/26/2025,12:20:00 pm,0,2025-06-26 12:20:00,8.2998,7.895,0.00030000000000001136
EWR-1,6/26/2025,12:30:00 pm,0,2025-06-26 12:30:00,8.2971,7.898,0.0002000000000000668
EWR-1,6/26/2025,12:40:00 pm,0,2025-06-26 12:40:00,8.2954,7.9,0.00029999999999992256
EWR-1,6/26/2025,12:50:00 pm,0,2025-06-26 12:50:00,8.2944,7.903,0.0002000000000000668
EWR-1,6/26/2025,01:00:00 pm,0,2025-06-26 13:00:00,8.2917,7.905,0.00019999999999997797
EWR-1,6/26/2025,01:10:00 pm,0,2025-06-26 13:10:00,8.2902,7.907,0.00030000000000001136
EWR-1,6/26/2025,01:20:00 pm,0,2025-06-26 13:20:00,8.2888,7.91,0.00030000000000001136
EWR-1,6/26/2025,01:30:00 pm,0,2025-06-26 13:30:00,8.2879,7.913,0.00030000000000001136
EWR-1,6/26/2025,01:40:00 pm,0,2025-06-26 13:40:00,8.2865,7.916,0.00029999999999992256
EWR-1,6/26/2025,01:50:00 pm,0,2025-06-26 13:50:00,8.2858,7.919,0.00030000000000001136
EWR-1,6/26/2025,02:00:00 pm,0,2025-06-26 14:00:00,8.2848,7.922,0.00030000000000001136
EWR-1,6/26/2025,02:10:00 pm,0,2025-06-26 14:10:00,8.2835,7.925,0.00030000000000001136
EWR-1,6/26/2025,02:20:00 pm,0,2025-06-26 14:20:00,8.2839,7.928,0.00040000000000004474
EWR-1,6/26/2025,02:30:00 pm,0,2025-06-26 14:30:00,8.2825,7.932,0.00019999999999997797
EWR-1,6/26/2025,02:40:00 pm,0,2025-06-26 14:40:00,8.2818,7.934,0.00030000000000001136
EWR-1,6/26/2025,02:50:00 pm,0,2025-06-26 14:50:00,8.2807,7.937,0.00039999999999995595
EWR-1,6/26/2025,03:00:00 pm,0,2025-06-26 15:00:00,8.2799,7.941,0.00030000000000001136
EWR-1,6/26/2025,03:10:00 pm,0,2025-06-26 15:10:00,8.2788,7.944,0.00040000000000004474
EWR-1,6/26/2025,03:20:00 pm,0,2025-06-26 15:20:00,8.2782,7.948,0.00029999999999992256
EWR-1,6/26/2025,03:30:00 pm,0,2025-06-26 15:30:00,8.278,7.951,0.00030000000000001136
EWR-1,6/26/2025,03:40:00 pm,0,2025-06-26 15:40:00,8.2768,7.954,0.00030000000000001136
EWR-1,6/26/2025,03:50:00 pm,0,2025-06-26 15:50:00,8.2767,7.957,0.00040000000000004474
EWR-1,6/26/2025,04:00:00 pm,0,2025-06-26 16:00:00,8.2762,7.961,0.00030000000000001136
EWR-1,6/26/2025,04:10:00 pm,0,2025-06-26 16:10:00,8.2758,7.964,0.00039999999999995595
EWR-1,6/26/2025,04:20:00 pm,0,2025-06-26 16:20:00,8.275,7.968,0.00030000000000001136
EWR-1,6/26/2025,04:30:00 pm,0,2025-06-26 16:30:00,8.275,7.971,0.00030000000000001136
EWR-1,6/26/2025,04:40:00 pm,0,2025-06-26 16:40:00,8.2752,7.974,0.00039999999999995595
EWR-1,6/26/2025,04:50:00 pm,0,2025-06-26 16:50:00,8.2753,7.978,0.00040000000000004474
EWR-1,6/26/2025,05:00:00 pm,0,2025-06-26 17:00:00,8.2756,7.982,0.00030000000000001136
EWR-1,6/26/2025,05:10:00 pm,0,2025-06-26 17:10:00,8.2753,7.985,0.0004999999999999894
EWR-1,6/26/2025,05:20:00 pm,0,2025-06-26 17:20:00,8.2758,7.99,0.00030000000000001136
EWR-1,6/26/2025,05:30:00 pm,0,2025-06-26 17:30:00,8.2759,7.993,0.00039999999999995595
EWR-1,6/26/2025,05:40:00 pm,0,2025-06-26 17:40:00,8.2769,7.997,0.00030000000000001136
EWR-1,6/26/2025,05:50:00 pm,0,2025-06-26 17:50:00,8.2771,8.0,0.00039999999999995595
EWR-1,6/26/2025,06:00:00 pm,0,2025-06-26 18:00:00,8.2774,8.004,0.00039999999999995595
EWR-1,6/26/2025,06:10:00 pm,0,2025-06-26 18:10:00,8.2782,8.008,0.0004000000000001336
EWR-1,6/26/2025,06:20:00 pm,0,2025-06-26 18:20:00,8.2788,8.012,0.00030000000000001136
EWR-1,6/26/2025,06:30:00 pm,0,2025-06-26 18:30:00,8.2806,8.015,0.00030000000000001136
EWR-1,6/26/2025,06:40:00 pm,0,2025-06-26 18:40:00,8.2823,8.018,0.00030000000000001136
EWR-1,6/26/2025,06:50:00 pm,0,2025-06-26 18:50:00,8.2844,8.021,0.0002999999999998337
EWR-1,6/26/2025,07:00:00 pm,0,2025-06-26 19:00:00,8.2866,8.024,0.0002000000000000668
EWR-1,6/26/2025,07:10:00 pm,0,2025-06-26 19:10:00,8.2889,8.026,0.0002000000000000668
EWR-1,6/26/2025,07:20:00 pm,0,2025-06-26 19:20:00,8.2912,8.028,0.00019999999999988915
EWR-1,6/26/2025,07:30:00 pm,0,2025-06-26 19:30:00,8.2935,8.03,0.00030000000000001136
EWR-1,6/26/2025,07:40:00 pm,0,2025-06-26 19:40:00,8.2961,8.033,0.0002000000000000668
EWR-1,6/26/2025,07:50:00 pm,0,2025-06-26 19:50:00,8.2984,8.035,0.0002000000000000668
EWR-1,6/26/2025,08:00:00 pm,0,2025-06-26 20:00:00,8.3004,8.037,0.00019999999999988915
EWR-1,6/26/2025,08:10:00 pm,0,2025-06-26 20:10:00,8.3019,8.039,0.0002000000000000668
EWR-1,6/26/2025,08:20:00 pm,0,2025-06-26 20:20:00,8.3036,8.041,0.00019999999999988915
EWR-1,6/26/2025,08:30:00 pm,0,2025-06-26 20:30:00,8.3059,8.043,0.0002000000000000668
EWR-1,6/26/2025,08:40:00 pm,0,2025-06-26 20:40:00,8.308,8.045,0.0002000000000000668
EWR-1,6/26/2025,08:50:00 pm,0,2025-06-26 20:50:00,8.3103,8.047,0.00019999999999988915
EWR-1,6/26/2025,09:00:00 pm,0,2025-06-26 21:00:00,8.3124,8.049,0.00010000000000012221
EWR-1,6/26/2025,09:10:00 pm,0,2025-06-26 21:10:00,8.3134,8.05,0.00019999999999988915
EWR-1,6/26/2025,09:20:00 pm,0,2025-06-26 21:20:00,8.3155,8.052,0.00010000000000012221
EWR-1,6/26/2025,09:30:00 pm,0,2025-06-26 21:30:00,8.317,8.053,9.999999999994457e-05
EWR-1,6/26/2025,09:40:00 pm,0,2025-06-26 21:40:00,8.3185,8.054,9.999999999994457e-05
EWR-1,6/26/2025,09:50:00 pm,0,2025-06-26 21:50:00,8.3198,8.055,9.999999999994457e-05
EWR-1,6/26/2025,10:00:00 pm,0,2025-06-26 22:00:00,8.3209,8.056,0.00010000000000012221
EWR-1,6/26/2025,10:10:00 pm,0,2025-06-26 22:10:00,8.3222,8.057,9.999999999994457e-05
EWR-1,6/26/2025,10:20:00 pm,0,2025-06-26 22:20:00,8.3228,8.058,9.999999999994457e-05
EWR-1,6/26/2025,10:30:00 pm,0,2025-06-26 22:30:00,8.3232,8.059,0.0
EWR-1,6/26/2025,10:40:00 pm,0,2025-06-26 22:40:00,8.3238,8.059,0.00010000000000012221
EWR-1,6/26/2025,10:50:00 pm,0,2025-06-26 22:50:00,8.324,8.06,0.0
EWR-1,6/26/2025,11:00:00 pm,0,2025-06-26 23:00:00,8.3244,8.06,9.999999999994457e-05
EWR-1,6/26/2025,11:10:00 pm,0,2025-06-26 23:10:00,8.3253,8.061,0.0
EWR-1,6/26/2025,11:20:00 pm,0,2025-06-26 23:20:00,8.3259,8.061,0.0
EWR-1,6/26/2025,11:30:00 pm,0,2025-06-26 23:30:00,8.3267,8.061,9.999999999994457e-05
EWR-1,6/26/2025,11:40:00 pm,0,2025-06-26 23:40:00,8.3268,8.062,0.0
EWR-1,6/26/2025,11:50:00 pm,0,2025-06-26 23:50:00,8.328,8.062,0.0
EWR-1,6/27/2025,12:00:00 am,0,2025-06-27 00:00:00,8.329,8.062,9.999999999994457e-05
EWR-1,6/27/2025,12:10:00 am,0,2025-06-27 00:10:00,8.3295,8.061,9.999999999994457e-05
EWR-1,6/27/2025,12:20:00 am,0,2025-06-27 00:20:00,8.3312,8.062,0.0
EWR-1,6/27/2025,12:30:00 am,0,2025-06-27 00:30:00,8.3316,8.062,9.999999999994457e-05
EWR-1,6/27/2025,12:40:00 am,0,2025-06-27 00:40:00,8.3312,8.061,0.0
EWR-1,6/27/2025,12:50:00 am,0,2025-06-27 00:50:00,8.3316,8.061,0.0
EWR-1,6/27/2025,01:00:00 am,0,2025-06-27 01:00:00,8.3315,8.061,0.0
EWR-1,6/27/2025,01:10:00 am,0,2025-06-27 01:10:00,8.332,8.061,9.999999999994457e-05
EWR-1,6/27/2025,01:20:00 am,0,2025-06-27 01:20:00,8.3324,8.06,0.0
EWR-1,6/27/2025,01:30:00 am,0,2025-06-27 01:30:00,8.3323,8.06,0.00010000000000012221
EWR-1,6/27/2025,01:40:00 am,0,2025-06-27 01:40:00,8.3327,8.059,9.999999999994457e-05
EWR-1,6/27/2025,01:50:00 am,0,2025-06-27 01:50:00,8.3329,8.058,9.999999999994457e-05
EWR-1,6/27/2025,02:00:00 am,0,2025-06-27 02:00:00,8.3331,8.057,0.0
EWR-1,6/27/2025,02:10:00 am,0,2025-06-27 02:10:00,8.3328,8.057,0.00010000000000012221
EWR-1,6/27/2025,02:20:00 am,0,2025-06-27 02:20:00,8.333,8.056,9.999999999994457e-05
EWR-1,6/27/2025,02:30:00 am,0,2025-06-27 02:30:00,8.3325,8.055,9.999999999994457e-05
EWR-1,6/27/2025,02:40:00 am,0,2025-06-27 02:40:00,8.3322,8.054,9.999999999994457e-05
EWR-1,6/27/2025,02:50:00 am,0,2025-06-27 02:50:00,8.3326,8.053,0.0002000000000000668
EWR-1,6/27/2025,03:00:00 am,0,2025-06-27 03:00:00,8.3329,8.051,9.999999999994457e-05
EWR-1,6/27/2025,03:10:00 am,0,2025-06-27 03:10:00,8.333,8.05,0.00010000000000012221
EWR-1,6/27/2025,03:20:00 am,0,2025-06-27 03:20:00,8.3327,8.049,0.00019999999999988915
EWR-1,6/27/2025,03:30:00 am,0,2025-06-27 03:30:00,8.3327,8.047,0.00010000000000012221
EWR-1,6/27/2025,03:40:00 am,0,2025-06-27 03:40:00,8.3327,8.046,0.00019999999999988915
EWR-1,6/27/2025,03:50:00 am,0,2025-06-27 03:50:00,8.3326,8.044,0.0002000000000000668
EWR-1,6/27/2025,04:00:00 am,0,2025-06-27 04:00:00,8.3321,8.042,9.999999999994457e-05
EWR-1,6/27/2025,04:10:00 am,0,2025-06-27 04:10:00,8.3317,8.041,0.0002000000000000668
EWR-1,6/27/2025,04:20:00 am,0,2025-06-27 04:20:00,8.3318,8.039,0.00019999999999988915
EWR-1,6/27/2025,04:30:00 am,0,2025-06-27 04:30:00,8.3323,8.037,0.00030000000000001136
EWR-1,6/27/2025,04:40:00 am,0,2025-06-27 04:40:00,8.3334,8.034,0.0002000000000000668
EWR-1,6/27/2025,04:50:00 am,0,2025-06-27 04:50:00,8.3334,8.032,0.0002000000000000668
EWR-1,6/27/2025,05:00:00 am,0,2025-06-27 05:00:00,8.3344,8.03,0.00019999999999988915
EWR-1,6/27/2025,05:10:00 am,0,2025-06-27 05:10:00,8.3349,8.028,0.00030000000000001136
EWR-1,6/27/2025,05:20:00 am,0,2025-06-27 05:20:00,8.3357,8.025,0.0002000000000000668
EWR-1,6/27/2025,05:30:00 am,0,2025-06-27 05:30:00,8.3368,8.023,0.00030000000000001136
EWR-1,6/27/2025,05:40:00 am,0,2025-06-27 05:40:00,8.3372,8.02,0.00030000000000001136
EWR-1,6/27/2025,05:50:00 am,0,2025-06-27 05:50:00,8.3381,8.017,0.00019999999999988915
EWR-1,6/27/2025,06:00:00 am,0,2025-06-27 06:00:00,8.3384,8.015,0.00030000000000001136
EWR-1,6/27/2025,06:10:00 am,0,2025-06-27 06:10:00,8.3389,8.012,0.0002000000000000668
EWR-1,6/27/2025,06:20:00 am,0,2025-06-27 06:20:00,8.3397,8.01,0.00030000000000001136
EWR-1,6/27/2025,06:30:00 am,0,2025-06-27 06:30:00,8.3403,8.007,0.00039999999999995595
EWR-1,6/27/2025,06:40:00 am,0,2025-06-27 06:40:00,8.3404,8.003,0.0002000000000000668
EWR-1,6/27/2025,06:50:00 am,0,2025-06-27 06:50:00,8.3404,8.001,0.00029999999999992256
EWR-1,6/27/2025,07:00:00 am,0,2025-06-27 07:00:00,8.3408,7.998,0.00030000000000001136
EWR-1,6/27/2025,07:10:00 am,0,2025-06-27 07:10:00,8.3415,7.995,0.00040000000000004474
EWR-1,6/27/2025,07:20:00 am,0,2025-06-27 07:20:00,8.3418,7.991,0.00019999999999997797
EWR-1,6/27/2025,07:30:00 am,0,2025-06-27 07:30:00,8.3423,7.989,0.00030000000000001136
EWR-1,6/27/2025,07:40:00 am,0,2025-06-27 07:40:00,8.3428,7.986,0.00030000000000001136
EWR-1,6/27/2025,07:50:00 am,0,2025-06-27 07:50:00,8.3428,7.983,0.00029999999999992256
EWR-1,6/27/2025,08:00:00 am,0,2025-06-27 08:00:00,8.3431,7.98,0.00030000000000001136
EWR-1,6/27/2025,08:10:00 am,0,2025-06-27 08:10:00,8.3434,7.977,0.00030000000000001136
EWR-1,6/27/2025,08:20:00 am,0,2025-06-27 08:20:00,8.3444,7.974,0.00019999999999997797
EWR-1,6/27/2025,08:30:00 am,0,2025-06-27 08:30:00,8.3443,7.972,0.00030000000000001136
EWR-1,6/27/2025,08:40:00 am,0,2025-06-27 08:40:00,8.3442,7.969,0.0002000000000000668
EWR-1,6/27/2025,08:50:00 am,0,2025-06-27 08:50:00,8.3445,7.967,0.00029999999999992256
EWR-1,6/27/2025,09:00:00 am,0,2025-06-27 09:00:00,8.3438,7.964,0.0001000000000000334
EWR-1,6/27/2025,09:10:00 am,0,2025-06-27 09:10:00,8.3437,7.963,0.00019999999999997797
EWR-1,6/27/2025,09:20:00 am,0,2025-06-27 09:20:00,8.3435,7.961,0.0001000000000000334
EWR-1,6/27/2025,09:30:00 am,0,2025-06-27 09:30:00,8.3428,7.96,0.00019999999999997797
EWR-1,6/27/2025,09:40:00 am,0,2025-06-27 09:40:00,8.3399,7.958,0.0
EWR-1,6/27/2025,09:50:00 am,0,2025-06-27 09:50:00,8.3362,7.958,0.0001000000000000334
EWR-1,6/27/2025,10:00:00 am,0,2025-06-27 10:00:00,8.3321,7.957,0.0
EWR-1,6/27/2025,10:10:00 am,0,2025-06-27 10:10:00,8.3286,7.957,0.0
EWR-1,6/27/2025,10:20:00 am,0,2025-06-27 10:20:00,8.3253,7.957,0.0
EWR-1,6/27/2025,10:30:00 am,0,2025-06-27 10:30:00,8.3221,7.957,0.0001000000000000334
EWR-1,6/27/2025,10:40:00 am,0,2025-06-27 10:40:00,8.3196,7.958,0.0
EWR-1,6/27/2025,10:50:00 am,0,2025-06-27 10:50:00,8.3172,7.958,0.0
EWR-1,6/27/2025,11:00:00 am,0,2025-06-27 11:00:00,8.3136,7.958,9.999999999994457e-05
EWR-1,6/27/2025,11:10:00 am,0,2025-06-27 11:10:00,8.3109,7.959,0.0002000000000000668
EWR-1,6/27/2025,11:20:00 am,0,2025-06-27 11:20:00,8.308,7.961,9.999999999994457e-05
EWR-1,6/27/2025,11:30:00 am,0,2025-06-27 11:30:00,8.3055,7.962,0.0001000000000000334
EWR-1,6/27/2025,11:40:00 am,0,2025-06-27 11:40:00,8.3038,7.963,0.00019999999999997797
EWR-1,6/27/2025,11:50:00 am,0,2025-06-27 11:50:00,8.3018,7.965,0.00019999999999997797
EWR-1,6/27/2025,12:00:00 pm,0,2025-06-27 12:00:00,8.3003,7.967,0.0002000000000000668
EWR-1,6/27/2025,12:10:00 pm,0,2025-06-27 12:10:00,8.2985,7.969,0.00019999999999997797
EWR-1,6/27/2025,12:20:00 pm,0,2025-06-27 12:20:00,8.2971,7.971,0.00019999999999997797
EWR-1,6/27/2025,12:30:00 pm,0,2025-06-27 12:30:00,8.2953,7.973,0.00019999999999997797
EWR-1,6/27/2025,12:40:00 pm,0,2025-06-27 12:40:00,8.2936,7.975,0.00030000000000001136
EWR-1,6/27/2025,12:50:00 pm,0,2025-06-27 12:50:00,8.291,7.978,0.00030000000000001136
EWR-1,6/27/2025,01:00:00 pm,0,2025-06-27 13:00:00,8.2901,7.981,0.00019999999999997797
EWR-1,6/27/2025,01:10:00 pm,0,2025-06-27 13:10:00,8.289,7.983,0.00030000000000001136
EWR-1,6/27/2025,01:20:00 pm,0,2025-06-27 13:20:00,8.2877,7.986,0.00030000000000001136
EWR-1,6/27/2025,01:30:00 pm,0,2025-06-27 13:30:00,8.2871,7.989,0.00030000000000001136
EWR-1,6/27/2025,01:40:00 pm,0,2025-06-27 13:40:00,8.2856,7.992,0.00030000000000001136
EWR-1,6/27/2025,01:50:00 pm,0,2025-06-27 13:50:00,8.2853,7.995,0.00030000000000001136
EWR-1,6/27/2025,02:00:00 pm,0,2025-06-27 14:00:00,8.285,7.998,0.00029999999999992256
EWR-1,6/27/2025,02:10:00 pm,0,2025-06-27 14:10:00,8.2835,8.001,0.0004000000000001336
EWR-1,6/27/2025,02:20:00 pm,0,2025-06-27 14:20:00,8.2834,8.005,0.0002999999999998337
EWR-1,6/27/2025,02:30:00 pm,0,2025-06-27 14:30:00,8.2828,8.008,0.00030000000000001136
EWR-1,6/27/2025,02:40:00 pm,0,2025-06-27 14:40:00,8.282,8.011,0.0004000000000001336
EWR-1,6/27/2025,02:50:00 pm,0,2025-06-27 14:50:00,8.2814,8.015,0.00030000000000001136
EWR-1,6/27/2025,03:00:00 pm,0,2025-06-27 15:00:00,8.281,8.018,0.00030000000000001136
EWR-1,6/27/2025,03:10:00 pm,0,2025-06-27 15:10:00,8.2809,8.021,0.00039999999999995595
EWR-1,6/27/2025,03:20:00 pm,0,2025-06-27 15:20:00,8.2799,8.025,0.00030000000000001136
EWR-1,6/27/2025,03:30:00 pm,0,2025-06-27 15:30:00,8.2798,8.028,0.00039999999999995595
EWR-1,6/27/2025,03:40:00 pm,0,2025-06-27 15:40:00,8.2797,8.032,0.00039999999999995595
EWR-1,6/27/2025,03:50:00 pm,0,2025-06-27 15:50:00,8.2785,8.036,0.00030000000000001136
EWR-1,6/27/2025,04:00:00 pm,0,2025-06-27 16:00:00,8.2793,8.039,0.00030000000000001136
EWR-1,6/27/2025,04:10:00 pm,0,2025-06-27 16:10:00,8.2795,8.042,0.00039999999999995595
EWR-1,6/27/2025,04:20:00 pm,0,2025-06-27 16:20:00,8.2801,8.046,0.00030000000000001136
EWR-1,6/27/2025,04:30:00 pm,0,2025-06-27 16:30:00,8.2796,8.049,0.0004000000000001336
EWR-1,6/27/2025,04:40:00 pm,0,2025-06-27 16:40:00,8.2799,8.053,0.00039999999999995595
EWR-1,6/27/2025,04:50:00 pm,0,2025-06-27 16:50:00,8.2788,8.057,0.00030000000000001136
EWR-1,6/27/2025,05:00:00 pm,0,2025-06-27 17:00:00,8.2792,8.06,0.0004999999999999005
EWR-1,6/27/2025,05:10:00 pm,0,2025-06-27 17:10:00,8.2795,8.065,0.00030000000000001136
EWR-1,6/27/2025,05:20:00 pm,0,2025-06-27 17:20:00,8.2799,8.068,0.00039999999999995595
EWR-1,6/27/2025,05:30:00 pm,0,2025-06-27 17:30:00,8.2806,8.072,0.0004000000000001336
EWR-1,6/27/2025,05:40:00 pm,0,2025-06-27 17:40:00,8.2813,8.076,0.00039999999999995595
EWR-1,6/27/2025,05:50:00 pm,0,2025-06-27 17:50:00,8.282,8.08,0.00039999999999995595
EWR-1,6/27/2025,06:00:00 pm,0,2025-06-27 18:00:00,8.2827,8.084,0.00039999999999995595
EWR-1,6/27/2025,06:10:00 pm,0,2025-06-27 18:10:00,8.284,8.088,0.0004000000000001336
EWR-1,6/27/2025,06:20:00 pm,0,2025-06-27 18:20:00,8.2856,8.092,0.00030000000000001136
EWR-1,6/27/2025,06:30:00 pm,0,2025-06-27 18:30:00,8.2873,8.095,0.00039999999999995595
EWR-1,6/27/2025,06:40:00 pm,0,2025-06-27 18:40:00,8.2888,8.099,0.00030000000000001136
EWR-1,6/27/2025,06:50:00 pm,0,2025-06-27 18:50:00,8.2907,8.102,0.00039999999999995595
EWR-1,6/27/2025,07:00:00 pm,0,2025-06-27 19:00:00,8.2933,8.106,0.0002000000000000668
EWR-1,6/27/2025,07:10:00 pm,0,2025-06-27 19:10:00,8.2963,8.108,0.00030000000000001136
EWR-1,6/27/2025,07:20:00 pm,0,2025-06-27 19:20:00,8.2992,8.111,0.00019999999999988915
EWR-1,6/27/2025,07:30:00 pm,0,2025-06-27 19:30:00,8.3018,8.113,0.0002000000000000668
EWR-1,6/27/2025,07:40:00 pm,0,2025-06-27 19:40:00,8.3041,8.115,0.00030000000000001136
EWR-1,6/27/2025,07:50:00 pm,0,2025-06-27 19:50:00,8.3062,8.118,0.00019999999999988915
EWR-1,6/27/2025,08:00:00 pm,0,2025-06-27 20:00:00,8.3077,8.12,0.0002000000000000668
EWR-1,6/27/2025,08:10:00 pm,0,2025-06-27 20:10:00,8.31,8.122,0.00030000000000001136
EWR-1,6/27/2025,08:20:00 pm,0,2025-06-27 20:20:00,8.3131,8.125,0.0002000000000000668
EWR-1,6/27/2025,08:30:00 pm,0,2025-06-27 20:30:00,8.3154,8.127,0.00030000000000001136
EWR-1,6/27/2025,08:40:00 pm,0,2025-06-27 20:40:00,8.3164,8.13,0.0002999999999998337
EWR-1,6/27/2025,08:50:00 pm,0,2025-06-27 20:50:00,8.3187,8.133,0.00010000000000012221
EWR-1,6/27/2025,09:00:00 pm,0,2025-06-27 21:00:00,8.3209,8.134,0.00019999999999988915
EWR-1,6/27/2025,09:10:00 pm,0,2025-06-27 21:10:00,8.3231,8.136,0.0002000000000000668
EWR-1,6/27/2025,09:20:00 pm,0,2025-06-27 21:20:00,8.3253,8.138,0.0002000000000000668
EWR-1,6/27/2025,09:30:00 pm,0,2025-06-27 21:30:00,8.3273,8.14,0.00019999999999988915
EWR-1,6/27/2025,09:40:00 pm,0,2025-06-27 21:40:00,8.3295,8.142,0.0002000000000000668
EWR-1,6/27/2025,09:50:00 pm,0,2025-06-27 21:50:00,8.3308,8.144,9.999999999994457e-05
EWR-1,6/27/2025,10:00:00 pm,0,2025-06-27 22:00:00,8.3324,8.145,0.0002000000000000668
EWR-1,6/27/2025,10:10:00 pm,0,2025-06-27 22:10:00,8.334,8.147,9.999999999994457e-05
EWR-1,6/27/2025,10:20:00 pm,0,2025-06-27 22:20:00,8.3351,8.148,9.999999999994457e-05
EWR-1,6/27/2025,10:30:00 pm,0,2025-06-27 22:30:00,8.3357,8.149,0.0002000000000000668
EWR-1,6/27/2025,10:40:00 pm,0,2025-06-27 22:40:00,8.3366,8.151,9.999999999994457e-05
EWR-1,6/27/2025,10:50:00 pm,0,2025-06-27 22:50:00,8.3367,8.152,0.00010000000000012221
EWR-1,6/27/2025,11:00:00 pm,0,2025-06-27 23:00:00,8.3383,8.153,9.999999999994457e-05
EWR-1,6/27/2025,11:10:00 pm,0,2025-06-27 23:10:00,8.3395,8.154,9.999999999994457e-05
EWR-1,6/27/2025,11:20:00 pm,0,2025-06-27 23:20:00,8.3395,8.155,0.00010000000000012221
EWR-1,6/27/2025,11:30:00 pm,0,2025-06-27 23:30:00,8.3397,8.156,9.999999999994457e-05
EWR-1,6/27/2025,11:40:00 pm,0,2025-06-27 23:40:00,8.34,8.157,9.999999999994457e-05
EWR-1,6/27/2025,11:50:00 pm,0,2025-06-27 23:50:00,8.3412,8.158,0.0
EWR-1,6/28/2025,12:00:00 am,0,2025-06-28 00:00:00,8.3408,8.158,0.00010000000000012221
EWR-1,6/28/2025,12:10:00 am,0,2025-06-28 00:10:00,8.3417,8.159,0.0
EWR-1,6/28/2025,12:20:00 am,0,2025-06-28 00:20:00,8.3419,8.159,9.999999999994457e-05
EWR-1,6/28/2025,12:30:00 am,0,2025-06-28 00:30:00,8.3419,8.16,0.0
EWR-1,6/28/2025,12:40:00 am,0,2025-06-28 00:40:00,8.3417,8.16,0.0
EWR-1,6/28/2025,12:50:00 am,0,2025-06-28 00:50:00,8.3426,8.16,0.0
EWR-1,6/28/2025,01:00:00 am,0,2025-06-28 01:00:00,8.3433,8.16,9.999999999994457e-05
EWR-1,6/28/2025,01:10:00 am,0,2025-06-28 01:10:00,8.3442,8.161,9.999999999994457e-05
EWR-1,6/28/2025,01:20:00 am,0,2025-06-28 01:20:00,8.3442,8.16,9.999999999994457e-05
EWR-1,6/28/2025,01:30:00 am,0,2025-06-28 01:30:00,8.3448,8.161,0.0
EWR-1,6/28/2025,01:40:00 am,0,2025-06-28 01:40:00,8.3453,8.161,0.0
EWR-1,6/28/2025,01:50:00 am,0,2025-06-28 01:50:00,8.3454,8.161,9.999999999994457e-05
EWR-1,6/28/2025,02:00:00 am,0,2025-06-28 02:00:00,8.3458,8.16,0.0
EWR-1,6/28/2025,02:10:00 am,0,2025-06-28 02:10:00,8.346,8.16,0.0
EWR-1,6/28/2025,02:20:00 am,0,2025-06-28 02:20:00,8.3468,8.16,0.0
EWR-1,6/28/2025,02:30:00 am,0,2025-06-28 02:30:00,8.3473,8.16,9.999999999994457e-05
EWR-1,6/28/2025,02:40:00 am,0,2025-06-28 02:40:00,8.3469,8.159,0.0
EWR-1,6/28/2025,02:50:00 am,0,2025-06-28 02:50:00,8.348,8.159,0.00010000000000012221
EWR-1,6/28/2025,03:00:00 am,0,2025-06-28 03:00:00,8.3482,8.158,0.0
EWR-1,6/28/2025,03:10:00 am,0,2025-06-28 03:10:00,8.3496,8.158,9.999999999994457e-05
EWR-1,6/28/2025,03:20:00 am,0,2025-06-28 03:20:00,8.35,8.157,9.999999999994457e-05
EWR-1,6/28/2025,03:30:00 am,0,2025-06-28 03:30:00,8.3503,8.156,0.00010000000000012221
EWR-1,6/28/2025,03:40:00 am,0,2025-06-28 03:40:00,8.3506,8.155,9.999999999994457e-05
EWR-1,6/28/2025,03:50:00 am,0,2025-06-28 03:50:00,8.3509,8.154,9.999999999994457e-05
EWR-1,6/28/2025,04:00:00 am,0,2025-06-28 04:00:00,8.3517,8.153,0.00010000000000012221
EWR-1,6/28/2025,04:10:00 am,0,2025-06-28 04:10:00,8.3522,8.152,9.999999999994457e-05
EWR-1,6/28/2025,04:20:00 am,0,2025-06-28 04:20:00,8.3528,8.151,9.999999999994457e-05
EWR-1,6/28/2025,04:30:00 am,0,2025-06-28 04:30:00,8.3539,8.15,0.0002000000000000668
EWR-1,6/28/2025,04:40:00 am,0,2025-06-28 04:40:00,8.3544,8.148,9.999999999994457e-05
EWR-1,6/28/2025,04:50:00 am,0,2025-06-28 04:50:00,8.3542,8.147,9.999999999994457e-05
EWR-1,6/28/2025,05:00:00 am,0,2025-06-28 05:00:00,8.3548,8.146,0.00010000000000012221
EWR-1,6/28/2025,05:10:00 am,0,2025-06-28 05:10:00,8.3557,8.145,0.00030000000000001136
EWR-1,6/28/2025,05:20:00 am,0,2025-06-28 05:20:00,8.3565,8.142,9.999999999994457e-05
EWR-1,6/28/2025,05:30:00 am,0,2025-06-28 05:30:00,8.3568,8.141,0.0002000000000000668
EWR-1,6/28/2025,05:40:00 am,0,2025-06-28 05:40:00,8.357,8.139,0.00019999999999988915
EWR-1,6/28/2025,05:50:00 am,0,2025-06-28 05:50:00,8.3581,8.137,0.0002000000000000668
EWR-1,6/28/2025,06:00:00 am,0,2025-06-28 06:00:00,8.3584,8.135,0.0002000000000000668
EWR-1,6/28/2025,06:10:00 am,0,2025-06-28 06:10:00,8.3598,8.133,0.00019999999999988915
EWR-1,6/28/2025,06:20:00 am,0,2025-06-28 06:20:00,8.3597,8.131,0.0002000000000000668
EWR-1,6/28/2025,06:30:00 am,0,2025-06-28 06:30:00,8.3604,8.129,0.00019999999999988915
EWR-1,6/28/2025,06:40:00 am,0,2025-06-28 06:40:00,8.3605,8.127,0.0002000000000000668
EWR-1,6/28/2025,06:50:00 am,0,2025-06-28 06:50:00,8.3606,8.125,0.00030000000000001136
EWR-1,6/28/2025,07:00:00 am,0,2025-06-28 07:00:00,8.3606,8.122,0.0002000000000000668
EWR-1,6/28/2025,07:10:00 am,0,2025-06-28 07:10:00,8.3607,8.12,0.00019999999999988915
EWR-1,6/28/2025,07:20:00 am,0,2025-06-28 07:20:00,8.3617,8.118,0.0002000000000000668
EWR-1,6/28/2025,07:30:00 am,0,2025-06-28 07:30:00,8.3616,8.116,0.00019999999999988915
EWR-1,6/28/2025,07:40:00 am,0,2025-06-28 07:40:00,8.3618,8.114,0.00030000000000001136
EWR-1,6/28/2025,07:50:00 am,0,2025-06-28 07:50:00,8.3623,8.111,0.00010000000000012221
EWR-1,6/28/2025,08:00:00 am,0,2025-06-28 08:00:00,8.3629,8.11,0.00019999999999988915
EWR-1,6/28/2025,08:10:00 am,0,2025-06-28 08:10:00,8.3635,8.108,0.0002000000000000668
EWR-1,6/28/2025,08:20:00 am,0,2025-06-28 08:20:00,8.3639,8.106,0.0002000000000000668
EWR-1,6/28/2025,08:30:00 am,0,2025-06-28 08:30:00,8.3644,8.104,0.00019999999999988915
EWR-1,6/28/2025,08:40:00 am,0,2025-06-28 08:40:00,8.3646,8.102,9.999999999994457e-05
EWR-1,6/28/2025,08:50:00 am,0,2025-06-28 08:50:00,8.3641,8.101,0.00010000000000012221
EWR-1,6/28/2025,09:00:00 am,0,2025-06-28 09:00:00,8.3641,8.1,9.999999999994457e-05
EWR-1,6/28/2025,09:10:00 am,0,2025-06-28 09:10:00,8.3631,8.099,9.999999999994457e-05
EWR-1,6/28/2025,09:20:00 am,0,2025-06-28 09:20:00,8.3621,8.098,0.00010000000000012221
EWR-1,6/28/2025,09:30:00 am,0,2025-06-28 09:30:00,8.36,8.097,0.0
EWR-1,6/28/2025,09:40:00 am,0,2025-06-28 09:40:00,8.3573,8.097,0.0
EWR-1,6/28/2025,09:50:00 am,0,2025-06-28 09:50:00,8.3533,8.097,0.00010000000000012221
EWR-1,6/28/2025,10:00:00 am,0,2025-06-28 10:00:00,8.3499,8.098,9.999999999994457e-05
EWR-1,6/28/2025,10:10:00 am,0,2025-06-28 10:10:00,8.3454,8.099,9.999999999994457e-05
EWR-1,6/28/2025,10:20:00 am,0,2025-06-28 10:20:00,8.3423,8.1,0.00010000000000012221
EWR-1,6/28/2025,10:30:00 am,0,2025-06-28 10:30:00,8.3387,8.101,9.999999999994457e-05
EWR-1,6/28/2025,10:40:00 am,0,2025-06-28 10:40:00,8.3357,8.102,9.999999999994457e-05
EWR-1,6/28/2025,10:50:00 am,0,2025-06-28 10:50:00,8.3326,8.103,9.999999999994457e-05
EWR-1,6/28/2025,11:00:00 am,0,2025-06-28 11:00:00,8.329,8.104,0.00010000000000012221
EWR-1,6/28/2025,11:10:00 am,0,2025-06-28 11:10:00,8.327,8.105,9.999999999994457e-05
EWR-1,6/28/2025,11:20:00 am,0,2025-06-28 11:20:00,8.3236,8.106,0.00030000000000001136
EWR-1,6/28/2025,11:30:00 am,0,2025-06-28 11:30:00,8.321,8.109,9.999999999994457e-05
EWR-1,6/28/2025,11:40:00 am,0,2025-06-28 11:40:00,8.3181,8.11,0.0002000000000000668
EWR-1,6/28/2025,11:50:00 am,0,2025-06-28 11:50:00,8.3164,8.112,0.00030000000000001136
EWR-1,6/28/2025,12:00:00 pm,0,2025-06-28 12:00:00,8.3138,8.115,0.0002000000000000668
EWR-1,6/28/2025,12:10:00 pm,0,2025-06-28 12:10:00,8.3115,8.117,0.0002999999999998337
EWR-1,6/28/2025,12:20:00 pm,0,2025-06-28 12:20:00,8.3091,8.12,0.0002000000000000668
EWR-1,6/28/2025,12:30:00 pm,0,2025-06-28 12:30:00,8.306,8.122,0.00030000000000001136
EWR-1,6/28/2025,12:40:00 pm,0,2025-06-28 12:40:00,8.3038,8.125,0.00030000000000001136
EWR-1,6/28/2025,12:50:00 pm,0,2025-06-28 12:50:00,8.3028,8.128,0.00030000000000001136
EWR-1,6/28/2025,01:00:00 pm,0,2025-06-28 13:00:00,8.3023,8.131,0.00019999999999988915
EWR-1,6/28/2025,01:10:00 pm,0,2025-06-28 13:10:00,8.3013,8.133,0.0004000000000001336
EWR-1,6/28/2025,01:20:00 pm,0,2025-06-28 13:20:00,8.2996,8.137,0.00030000000000001136
EWR-1,6/28/2025,01:30:00 pm,0,2025-06-28 13:30:00,8.297,8.14,0.00030000000000001136
EWR-1,6/28/2025,01:40:00 pm,0,2025-06-28 13:40:00,8.2953,8.143,0.00039999999999995595
EWR-1,6/28/2025,01:50:00 pm,0,2025-06-28 13:50:00,8.295,8.147,0.00030000000000001136
EWR-1,6/28/2025,02:00:00 pm,0,2025-06-28 14:00:00,8.2944,8.15,0.00030000000000001136
EWR-1,6/28/2025,02:10:00 pm,0,2025-06-28 14:10:00,8.2929,8.153,0.00039999999999995595
EWR-1,6/28/2025,02:20:00 pm,0,2025-06-28 14:20:00,8.2924,8.157,0.00030000000000001136
EWR-1,6/28/2025,02:30:00 pm,0,2025-06-28 14:30:00,8.2913,8.16,0.00039999999999995595
EWR-1,6/28/2025,02:40:00 pm,0,2025-06-28 14:40:00,8.2909,8.164,0.00039999999999995595
EWR-1,6/28/2025,02:50:00 pm,0,2025-06-28 14:50:00,8.2897,8.168,0.0004000000000001336
EWR-1,6/28/2025,03:00:00 pm,0,2025-06-28 15:00:00,8.2894,8.172,0.00039999999999995595
EWR-1,6/28/2025,03:10:00 pm,0,2025-06-28 15:10:00,8.289,8.176,0.00039999999999995595
EWR-1,6/28/2025,03:20:00 pm,0,2025-06-28 15:20:00,8.2888,8.18,0.0005000000000000782
EWR-1,6/28/2025,03:30:00 pm,0,2025-06-28 15:30:00,8.2877,8.185,0.00039999999999995595
EWR-1,6/28/2025,03:40:00 pm,0,2025-06-28 15:40:00,8.2871,8.189,0.00039999999999995595
EWR-1,6/28/2025,03:50:00 pm,0,2025-06-28 15:50:00,8.2869,8.193,0.00039999999999995595
EWR-1,6/28/2025,04:00:00 pm,0,2025-06-28 16:00:00,8.2865,8.197,0.0004000000000001336
EWR-1,6/28/2025,04:10:00 pm,0,2025-06-28 16:10:00,8.2857,8.201,0.00039999999999995595
EWR-1,6/28/2025,04:20:00 pm,0,2025-06-28 16:20:00,8.2851,8.205,0.00039999999999995595
EWR-1,6/28/2025,04:30:00 pm,0,2025-06-28 16:30:00,8.2851,8.209,0.00039999999999995595
EWR-1,6/28/2025,04:40:00 pm,0,2025-06-28 16:40:00,8.2836,8.213,0.0005000000000000782
EWR-1,6/28/2025,04:50:00 pm,0,2025-06-28 16:50:00,8.2845,8.218,0.00039999999999995595
EWR-1,6/28/2025,05:00:00 pm,0,2025-06-28 17:00:00,8.2835,8.222,0.0004000000000001336
EWR-1,6/28/2025,05:10:00 pm,0,2025-06-28 17:10:00,8.2837,8.226,0.0004999999999999005
EWR-1,6/28/2025,05:20:00 pm,0,2025-06-28 17:20:00,8.2839,8.231,0.00039999999999995595
EWR-1,6/28/2025,05:30:00 pm,0,2025-06-28 17:30:00,8.2843,8.235,0.0005000000000000782
EWR-1,6/28/2025,05:40:00 pm,0,2025-06-28 17:40:00,8.2843,8.24,0.0004999999999999005
EWR-1,6/28/2025,05:50:00 pm,0,2025-06-28 17:50:00,8.2843,8.245,0.0005000000000000782
EWR-1,6/28/2025,06:00:00 pm,0,2025-06-28 18:00:00,8.2854,8.25,0.00039999999999995595
EWR-1,6/28/2025,06:10:00 pm,0,2025-06-28 18:10:00,8.2858,8.254,0.00039999999999995595
EWR-1,6/28/2025,06:20:00 pm,0,2025-06-28 18:20:00,8.2878,8.258,0.0004000000000001336
EWR-1,6/28/2025,06:30:00 pm,0,2025-06-28 18:30:00,8.2884,8.262,0.00039999999999995595
EWR-1,6/28/2025,06:40:00 pm,0,2025-06-28 18:40:00,8.2908,8.266,0.00030000000000001136
EWR-1,6/28/2025,06:50:00 pm,0,2025-06-28 18:50:00,8.2926,8.269,0.00030000000000001136
EWR-1,6/28/2025,07:00:00 pm,0,2025-06-28 19:00:00,8.2954,8.272,0.00039999999999995595
EWR-1,6/28/2025,07:10:00 pm,0,2025-06-28 19:10:00,8.2983,8.276,0.00030000000000001136
EWR-1,6/28/2025,07:20:00 pm,0,2025-06-28 19:20:00,8.3015,8.279,0.00030000000000001136
EWR-1,6/28/2025,07:30:00 pm,0,2025-06-28 19:30:00,8.3042,8.282,0.00030000000000001136
EWR-1,6/28/2025,07:40:00 pm,0,2025-06-28 19:40:00,8.307,8.285,0.0002000000000000668
EWR-1,6/28/2025,07:50:00 pm,0,2025-06-28 19:50:00,8.3099,8.287,0.0002999999999998337
EWR-1,6/28/2025,08:00:00 pm,0,2025-06-28 20:00:00,8.3113,8.29,0.0002000000000000668
EWR-1,6/28/2025,08:10:00 pm,0,2025-06-28 20:10:00,8.3131,8.292,0.00030000000000001136
EWR-1,6/28/2025,08:20:00 pm,0,2025-06-28 20:20:00,8.3153,8.295,0.0002000000000000668
EWR-1,6/28/2025,08:30:00 pm,0,2025-06-28 20:30:00,8.3178,8.297,0.00030000000000001136
EWR-1,6/28/2025,08:40:00 pm,0,2025-06-28 20:40:00,8.3205,8.3,0.00030000000000001136
EWR-1,6/28/2025,08:50:00 pm,0,2025-06-28 20:50:00,8.3217,8.303,0.0002999999999998337
EWR-1,6/28/2025,09:00:00 pm,0,2025-06-28 21:00:00,8.3238,8.306,0.00030000000000001136
EWR-1,6/28/2025,09:10:00 pm,0,2025-06-28 21:10:00,8.327,8.309,0.00030000000000001136
EWR-1,6/28/2025,09:20:00 pm,0,2025-06-28 21:20:00,8.3289,8.312,0.0002000000000000668
EWR-1,6/28/2025,09:30:00 pm,0,2025-06-28 21:30:00,8.3303,8.314,0.00030000000000001136
EWR-1,6/28/2025,09:40:00 pm,0,2025-06-28 21:40:00,8.3311,8.317,0.0002000000000000668
EWR-1,6/28/2025,09:50:00 pm,0,2025-06-28 21:50:00,8.3321,8.319,0.0002999999999998337
EWR-1,6/28/2025,10:00:00 pm,0,2025-06-28 22:00:00,8.3336,8.322,0.0002000000000000668
EWR-1,6/28/2025,10:10:00 pm,0,2025-06-28 22:10:00,8.3347,8.324,0.0002000000000000668
EWR-1,6/28/2025,10:20:00 pm,0,2025-06-28 22:20:00,8.3349,8.326,0.00019999999999988915
EWR-1,6/28/2025,10:30:00 pm,0,2025-06-28 22:30:00,8.3355,8.328,0.0002000000000000668
EWR-1,6/28/2025,10:40:00 pm,0,2025-06-28 22:40:00,8.337,8.33,0.0002000000000000668
EWR-1,6/28/2025,10:50:00 pm,0,2025-06-28 22:50:00,8.3383,8.332,0.00019999999999988915
EWR-1,6/28/2025,11:00:00 pm,0,2025-06-28 23:00:00,8.338,8.334,0.0002000000000000668
EWR-1,6/28/2025,11:10:00 pm,0,2025-06-28 23:10:00,8.3389,8.336,0.00019999999999988915
EWR-1,6/28/2025,11:20:00 pm,0,2025-06-28 23:20:00,8.3405,8.338,0.00010000000000012221
EWR-1,6/28/2025,11:30:00 pm,0,2025-06-28 23:30:00,8.3412,8.339,0.00019999999999988915
EWR-1,6/28/2025,11:40:00 pm,0,2025-06-28 23:40:00,8.3428,8.341,0.0002000000000000668
EWR-1,6/28/2025,11:50:00 pm,0,2025-06-28 23:50:00,8.3438,8.343,9.999999999994457e-05
EWR-1,6/29/2025,12:00:00 am,0,2025-06-29 00:00:00,8.3441,8.344,0.00010000000000012221
EWR-1,6/29/2025,12:10:00 am,0,2025-06-29 00:10:00,8.3442,8.345,0.00019999999999988915
EWR-1,6/29/2025,12:20:00 am,0,2025-06-29 00:20:00,8.3451,8.347,0.00010000000000012221
EWR-1,6/29/2025,12:30:00 am,0,2025-06-29 00:30:00,8.3454,8.348,0.00019999999999988915
EWR-1,6/29/2025,12:40:00 am,0,2025-06-29 00:40:00,8.3448,8.35,0.00010000000000012221
EWR-1,6/29/2025,12:50:00 am,0,2025-06-29 00:50:00,8.346,8.351,9.999999999994457e-05
EWR-1,6/29/2025,01:00:00 am,0,2025-06-29 01:00:00,8.3464,8.352,9.999999999994457e-05
EWR-1,6/29/2025,01:10:00 am,0,2025-06-29 01:10:00,8.3482,8.353,9.999999999994457e-05
EWR-1,6/29/2025,01:20:00 am,0,2025-06-29 01:20:00,8.3489,8.354,0.00010000000000012221
EWR-1,6/29/2025,01:30:00 am,0,2025-06-29 01:30:00,8.3491,8.355,9.999999999994457e-05
EWR-1,6/29/2025,01:40:00 am,0,2025-06-29 01:40:00,8.3496,8.356,0.0
EWR-1,6/29/2025,01:50:00 am,0,2025-06-29 01:50:00,8.3502,8.356,9.999999999994457e-05
EWR-1,6/29/2025,02:00:00 am,0,2025-06-29 02:00:00,8.351,8.357,0.00010000000000012221
EWR-1,6/29/2025,02:10:00 am,0,2025-06-29 02:10:00,8.3504,8.358,9.999999999994457e-05
EWR-1,6/29/2025,02:20:00 am,0,2025-06-29 02:20:00,8.351,8.359,0.0
EWR-1,6/29/2025,02:30:00 am,0,2025-06-29 02:30:00,8.3513,8.359,0.0
EWR-1,6/29/2025,02:40:00 am,0,2025-06-29 02:40:00,8.351,8.359,0.0
EWR-1,6/29/2025,02:50:00 am,0,2025-06-29 02:50:00,8.3517,8.359,9.999999999994457e-05
EWR-1,6/29/2025,03:00:00 am,0,2025-06-29 03:00:00,8.3521,8.36,0.0
EWR-1,6/29/2025,03:10:00 am,0,2025-06-29 03:10:00,8.3516,8.36,0.0
EWR-1,6/29/2025,03:20:00 am,0,2025-06-29 03:20:00,8.3516,8.36,0.0
EWR-1,6/29/2025,03:30:00 am,0,2025-06-29 03:30:00,8.3516,8.36,0.0
EWR-1,6/29/2025,03:40:00 am,0,2025-06-29 03:40:00,8.3516,8.36,0.0
EWR-1,6/29/2025,03:50:00 am,0,2025-06-29 03:50:00,8.351,8.36,9.999999999994457e-05
EWR-1,6/29/2025,04:00:00 am,0,2025-06-29 04:00:00,8.3513,8.359,0.0
EWR-1,6/29/2025,04:10:00 am,0,2025-06-29 04:10:00,8.3524,8.359,9.999999999994457e-05
EWR-1,6/29/2025,04:20:00 am,0,2025-06-29 04:20:00,8.3524,8.358,9.999999999994457e-05
EWR-1,6/29/2025,04:30:00 am,0,2025-06-29 04:30:00,8.3531,8.359,9.999999999994457e-05
EWR-1,6/29/2025,04:40:00 am,0,2025-06-29 04:40:00,8.3535,8.358,0.00010000000000012221
EWR-1,6/29/2025,04:50:00 am,0,2025-06-29 04:50:00,8.3545,8.357,0.0
EWR-1,6/29/2025,05:00:00 am,0,2025-06-29 05:00:00,8.3546,8.357,9.999999999994457e-05
EWR-1,6/29/2025,05:10:00 am,0,2025-06-29 05:10:00,8.3553,8.356,9.999999999994457e-05
EWR-1,6/29/2025,05:20:00 am,0,2025-06-29 05:20:00,8.3549,8.355,0.00010000000000012221
EWR-1,6/29/2025,05:30:00 am,0,2025-06-29 05:30:00,8.356,8.354,9.999999999994457e-05
EWR-1,6/29/2025,05:40:00 am,0,2025-06-29 05:40:00,8.356,8.353,9.999999999994457e-05
EWR-1,6/29/2025,05:50:00 am,0,2025-06-29 05:50:00,8.3566,8.352,9.999999999994457e-05
EWR-1,6/29/2025,06:00:00 am,0,2025-06-29 06:00:00,8.3577,8.351,0.00010000000000012221
EWR-1,6/29/2025,06:10:00 am,0,2025-06-29 06:10:00,8.358,8.35,0.00019999999999988915
EWR-1,6/29/2025,06:20:00 am,0,2025-06-29 06:20:00,8.3584,8.348,0.00010000000000012221
EWR-1,6/29/2025,06:30:00 am,0,2025-06-29 06:30:00,8.3589,8.347,9.999999999994457e-05
EWR-1,6/29/2025,06:40:00 am,0,2025-06-29 06:40:00,8.3598,8.346,9.999999999994457e-05
EWR-1,6/29/2025,06:50:00 am,0,2025-06-29 06:50:00,8.3605,8.345,0.0002000000000000668
EWR-1,6/29/2025,07:00:00 am,0,2025-06-29 07:00:00,8.3609,8.343,9.999999999994457e-05
EWR-1,6/29/2025,07:10:00 am,0,2025-06-29 07:10:00,8.361,8.342,0.00010000000000012221
EWR-1,6/29/2025,07:20:00 am,0,2025-06-29 07:20:00,8.3606,8.341,0.00019999999999988915
EWR-1,6/29/2025,07:30:00 am,0,2025-06-29 07:30:00,8.3611,8.339,0.00010000000000012221
EWR-1,6/29/2025,07:40:00 am,0,2025-06-29 07:40:00,8.361,8.338,9.999999999994457e-05
EWR-1,6/29/2025,07:50:00 am,0,2025-06-29 07:50:00,8.3601,8.337,0.00019999999999988915
EWR-1,6/29/2025,08:00:00 am,0,2025-06-29 08:00:00,8.3604,8.335,0.00010000000000012221
EWR-1,6/29/2025,08:10:00 am,0,2025-06-29 08:10:00,8.3608,8.334,9.999999999994457e-05
EWR-1,6/29/2025,08:20:00 am,0,2025-06-29 08:20:00,8.3608,8.333,9.999999999994457e-05
EWR-1,6/29/2025,08:30:00 am,0,2025-06-29 08:30:00,8.3613,8.332,0.00010000000000012221
EWR-1,6/29/2025,08:40:00 am,0,2025-06-29 08:40:00,8.3611,8.331,9.999999999994457e-05
EWR-1,6/29/2025,08:50:00 am,0,2025-06-29 08:50:00,8.3611,8.33,0.0
EWR-1,6/29/2025,09:00:00 am,0,2025-06-29 09:00:00,8.3606,8.33,0.0
EWR-1,6/29/2025,09:10:00 am,0,2025-06-29 09:10:00,8.3594,8.33,0.0
EWR-1,6/29/2025,09:20:00 am,0,2025-06-29 09:20:00,8.3586,8.33,0.0
EWR-1,6/29/2025,09:30:00 am,0,2025-06-29 09:30:00,8.3568,8.33,0.0
EWR-1,6/29/2025,09:40:00 am,0,2025-06-29 09:40:00,8.3528,8.33,0.0002000000000000668
EWR-1,6/29/2025,09:50:00 am,0,2025-06-29 09:50:00,8.3499,8.332,9.999999999994457e-05
EWR-1,6/29/2025,10:00:00 am,0,2025-06-29 10:00:00,8.3463,8.333,0.0002000000000000668
EWR-1,6/29/2025,10:10:00 am,0,2025-06-29 10:10:00,8.3423,8.335,9.999999999994457e-05
EWR-1,6/29/2025,10:20:00 am,0,2025-06-29 10:20:00,8.3398,8.336,0.00019999999999988915
EWR-1,6/29/2025,10:30:00 am,0,2025-06-29 10:30:00,8.3368,8.338,0.0002000000000000668
EWR-1,6/29/2025,10:40:00 am,0,2025-06-29 10:40:00,8.3337,8.34,9.999999999994457e-05
EWR-1,6/29/2025,10:50:00 am,0,2025-06-29 10:50:00,8.3305,8.341,0.0002000000000000668
EWR-1,6/29/2025,11:00:00 am,0,2025-06-29 11:00:00,8.3274,8.343,9.999999999994457e-05
EWR-1,6/29/2025,11:10:00 am,0,2025-06-29 11:10:00,8.3241,8.344,0.0002000000000000668
EWR-1,6/29/2025,11:20:00 am,0,2025-06-29 11:20:00,8.322,8.346,9.999999999994457e-05
EWR-1,6/29/2025,11:30:00 am,0,2025-06-29 11:30:00,8.3197,8.347,0.00030000000000001136
EWR-1,6/29/2025,11:40:00 am,0,2025-06-29 11:40:00,8.3175,8.35,0.00030000000000001136
EWR-1,6/29/2025,11:50:00 am,0,2025-06-29 11:50:00,8.3154,8.353,0.0002000000000000668
EWR-1,6/29/2025,12:00:00 pm,0,2025-06-29 12:00:00,8.3126,8.355,0.00019999999999988915
EWR-1,6/29/2025,12:10:00 pm,0,2025-06-29 12:10:00,8.3093,8.357,0.0002000000000000668
EWR-1,6/29/2025,12:20:00 pm,0,2025-06-29 12:20:00,8.3069,8.359,0.00030000000000001136
EWR-1,6/29/2025,12:30:00 pm,0,2025-06-29 12:30:00,8.3042,8.362,0.0002000000000000668
EWR-1,6/29/2025,12:40:00 pm,0,2025-06-29 12:40:00,8.302,8.364,0.00030000000000001136
EWR-1,6/29/2025,12:50:00 pm,0,2025-06-29 12:50:00,8.2999,8.367,0.00019999999999988915
EWR-1,6/29/2025,01:00:00 pm,0,2025-06-29 13:00:00,8.2979,8.369,0.00030000000000001136
EWR-1,6/29/2025,01:10:00 pm,0,2025-06-29 13:10:00,8.2957,8.372,0.00030000000000001136
EWR-1,6/29/2025,01:20:00 pm,0,2025-06-29 13:20:00,8.2929,8.375,0.00030000000000001136
EWR-1,6/29/2025,01:30:00 pm,0,2025-06-29 13:30:00,8.2903,8.378,0.00030000000000001136
EWR-1,6/29/2025,01:40:00 pm,0,2025-06-29 13:40:00,8.2883,8.381,0.00039999999999995595
EWR-1,6/29/2025,01:50:00 pm,0,2025-06-29 13:50:00,8.2862,8.385,0.00039999999999995595
EWR-1,6/29/2025,02:00:00 pm,0,2025-06-29 14:00:00,8.2845,8.389,0.00030000000000001136
EWR-1,6/29/2025,02:10:00 pm,0,2025-06-29 14:10:00,8.2835,8.392,0.0004000000000001336
EWR-1,6/29/2025,02:20:00 pm,0,2025-06-29 14:20:00,8.2824,8.396,0.0002999999999998337
EWR-1,6/29/2025,02:30:00 pm,0,2025-06-29 14:30:00,8.2819,8.399,0.0005000000000000782
EWR-1,6/29/2025,02:40:00 pm,0,2025-06-29 14:40:00,8.2798,8.404,0.00039999999999995595
EWR-1,6/29/2025,02:50:00 pm,0,2025-06-29 14:50:00,8.278,8.408,0.0004000000000001336
EWR-1,6/29/2025,03:00:00 pm,0,2025-06-29 15:00:00,8.2766,8.412,0.00039999999999995595
EWR-1,6/29/2025,03:10:00 pm,0,2025-06-29 15:10:00,8.2754,8.416,0.00039999999999995595
EWR-1,6/29/2025,03:20:00 pm,0,2025-06-29 15:20:00,8.2747,8.42,0.0005000000000000782
EWR-1,6/29/2025,03:30:00 pm,0,2025-06-29 15:30:00,8.2726,8.425,0.00030000000000001136
EWR-1,6/29/2025,03:40:00 pm,0,2025-06-29 15:40:00,8.2725,8.428,0.0004999999999999005
EWR-1,6/29/2025,03:50:00 pm,0,2025-06-29 15:50:00,8.2716,8.433,0.00039999999999995595
EWR-1,6/29/2025,04:00:00 pm,0,2025-06-29 16:00:00,8.2704,8.437,0.0004000000000001336
EWR-1,6/29/2025,04:10:00 pm,0,2025-06-29 16:10:00,8.269,8.441,0.00039999999999995595
EWR-1,6/29/2025,04:20:00 pm,0,2025-06-29 16:20:00,8.2678,8.445,0.00039999999999995595
EWR-1,6/29/2025,04:30:00 pm,0,2025-06-29 16:30:00,8.267,8.449,0.00039999999999995595
EWR-1,6/29/2025,04:40:00 pm,0,2025-06-29 16:40:00,8.2669,8.453,0.0005000000000000782
EWR-1,6/29/2025,04:50:00 pm,0,2025-06-29 16:50:00,8.2693,8.458,0.00039999999999995595
EWR-1,6/29/2025,05:00:00 pm,0,2025-06-29 17:00:00,8.2721,8.462,0.00030000000000001136
EWR-1,6/29/2025,05:10:00 pm,0,2025-06-29 17:10:00,8.2737,8.465,0.00039999999999995595
EWR-1,6/29/2025,05:20:00 pm,0,2025-06-29 17:20:00,8.2747,8.469,0.0004000000000001336
EWR-1,6/29/2025,05:30:00 pm,0,2025-06-29 17:30:00,8.2734,8.473,0.00039999999999995595
EWR-1,6/29/2025,05:40:00 pm,0,2025-06-29 17:40:00,8.2716,8.477,0.0004999999999999005
EWR-1,6/29/2025,05:50:00 pm,0,2025-06-29 17:50:00,8.2697,8.482,0.0005000000000000782
EWR-1,6/29/2025,06:00:00 pm,0,2025-06-29 18:00:00,8.2673,8.487,0.0005000000000000782
EWR-1,6/29/2025,06:10:00 pm,0,2025-06-29 18:10:00,8.2658,8.492,0.00039999999999995595
EWR-1,6/29/2025,06:20:00 pm,0,2025-06-29 18:20:00,8.2664,8.496,0.00039999999999995595
EWR-1,6/29/2025,06:30:00 pm,0,2025-06-29 18:30:00,8.2666,8.5,0.00039999999999995595
EWR-1,6/29/2025,06:40:00 pm,0,2025-06-29 18:40:00,8.2673,8.504,0.00039999999999995595
EWR-1,6/29/2025,06:50:00 pm,0,2025-06-29 18:50:00,8.2685,8.508,0.0004000000000001336
EWR-1,6/29/2025,07:00:00 pm,0,2025-06-29 19:00:00,8.2715,8.512,0.00030000000000001136
EWR-1,6/29/2025,07:10:00 pm,0,2025-06-29 19:10:00,8.2748,8.515,0.00030000000000001136
EWR-1,6/29/2025,07:20:00 pm,0,2025-06-29 19:20:00,8.2779,8.518,0.00019999999999988915
EWR-1,6/29/2025,07:30:00 pm,0,2025-06-29 19:30:00,8.2807,8.52,0.00039999999999995595
EWR-1,6/29/2025,07:40:00 pm,0,2025-06-29 19:40:00,8.2828,8.524,0.00030000000000001136
EWR-1,6/29/2025,07:50:00 pm,0,2025-06-29 19:50:00,8.285,8.527,0.00030000000000001136
EWR-1,6/29/2025,08:00:00 pm,0,2025-06-29 20:00:00,8.2873,8.53,0.0004000000000001336
EWR-1,6/29/2025,08:10:00 pm,0,2025-06-29 20:10:00,8.2886,8.534,0.00030000000000001136
EWR-1,6/29/2025,08:20:00 pm,0,2025-06-29 20:20:00,8.2902,8.537,0.0002999999999998337
EWR-1,6/29/2025,08:30:00 pm,0,2025-06-29 20:30:00,8.2922,8.54,0.0002000000000000668
EWR-1,6/29/2025,08:40:00 pm,0,2025-06-29 20:40:00,8.2945,8.542,0.00039999999999995595
EWR-1,6/29/2025,08:50:00 pm,0,2025-06-29 20:50:00,8.2963,8.546,0.00030000000000001136
EWR-1,6/29/2025,09:00:00 pm,0,2025-06-29 21:00:00,8.2992,8.549,0.00030000000000001136
EWR-1,6/29/2025,09:10:00 pm,0,2025-06-29 21:10:00,8.3014,8.552,0.00030000000000001136
EWR-1,6/29/2025,09:20:00 pm,0,2025-06-29 21:20:00,8.3035,8.555,0.00039999999999995595
EWR-1,6/29/2025,09:30:00 pm,0,2025-06-29 21:30:00,8.3053,8.559,0.00030000000000001136
EWR-1,6/29/2025,09:40:00 pm,0,2025-06-29 21:40:00,8.3066,8.562,0.00030000000000001136
EWR-1,6/29/2025,09:50:00 pm,0,2025-06-29 21:50:00,8.3077,8.565,0.0004000000000001336
EWR-1,6/29/2025,10:00:00 pm,0,2025-06-29 22:00:00,8.3091,8.569,0.0002999999999998337
EWR-1,6/29/2025,10:10:00 pm,0,2025-06-29 22:10:00,8.3102,8.572,0.00030000000000001136
EWR-1,6/29/2025,10:20:00 pm,0,2025-06-29 22:20:00,8.3105,8.575,0.00030000000000001136
EWR-1,6/29/2025,10:30:00 pm,0,2025-06-29 22:30:00,8.3107,8.578,0.0002000000000000668
EWR-1,6/29/2025,10:40:00 pm,0,2025-06-29 22:40:00,8.3122,8.58,0.00039999999999995595
EWR-1,6/29/2025,10:50:00 pm,0,2025-06-29 22:50:00,8.3132,8.584,0.0002000000000000668
EWR-1,6/29/2025,11:00:00 pm,0,2025-06-29 23:00:00,8.3141,8.586,0.00030000000000001136
EWR-1,6/29/2025,11:10:00 pm,0,2025-06-29 23:10:00,8.3157,8.589,0.00019999999999988915
EWR-1,6/29/2025,11:20:00 pm,0,2025-06-29 23:20:00,8.3156,8.591,0.00030000000000001136
EWR-1,6/29/2025,11:30:00 pm,0,2025-06-29 23:30:00,8.3159,8.594,0.00010000000000012221
EWR-1,6/29/2025,11:40:00 pm,0,2025-06-29 23:40:00,8.3164,8.595,0.00030000000000001136
EWR-1,6/29/2025,11:50:00 pm,0,2025-06-29 23:50:00,8.3173,8.598,0.00019999999999988915
EWR-1,6/30/2025,12:00:00 am,0,2025-06-30 00:00:00,8.3165,8.6,0.0002000000000000668
EWR-1,6/30/2025,12:10:00 am,0,2025-06-30 00:10:00,8.3168,8.602,0.00019999999999988915
EWR-1,6/30/2025,12:20:00 am,0,2025-06-30 00:20:00,8.3166,8.604,0.0002000000000000668
EWR-1,6/30/2025,12:30:00 am,0,2025-06-30 00:30:00,8.3162,8.606,0.0002000000000000668
EWR-1,6/30/2025,12:40:00 am,0,2025-06-30 00:40:00,8.3169,8.608,0.00019999999999988915
EWR-1,6/30/2025,12:50:00 am,0,2025-06-30 00:50:00,8.3173,8.61,0.0002000000000000668
EWR-1,6/30/2025,01:00:00 am,0,2025-06-30 01:00:00,8.3174,8.612,9.999999999994457e-05
EWR-1,6/30/2025,01:10:00 am,0,2025-06-30 01:10:00,8.3176,8.613,0.0002000000000000668
EWR-1,6/30/2025,01:20:00 am,0,2025-06-30 01:20:00,8.3174,8.615,0.0002000000000000668
EWR-1,6/30/2025,01:30:00 am,0,2025-06-30 01:30:00,8.3177,8.617,9.999999999994457e-05
EWR-1,6/30/2025,01:40:00 am,0,2025-06-30 01:40:00,8.3177,8.618,0.00019999999999988915
EWR-1,6/30/2025,01:50:00 am,0,2025-06-30 01:50:00,8.3173,8.62,0.00010000000000012221
EWR-1,6/30/2025,02:00:00 am,0,2025-06-30 02:00:00,8.3168,8.621,0.00019999999999988915
EWR-1,6/30/2025,02:10:00 am,0,2025-06-30 02:10:00,8.3175,8.623,0.00010000000000012221
EWR-1,6/30/2025,02:20:00 am,0,2025-06-30 02:20:00,8.3179,8.624,9.999999999994457e-05
EWR-1,6/30/2025,02:30:00 am,0,2025-06-30 02:30:00,8.3177,8.625,9.999999999994457e-05
EWR-1,6/30/2025,02:40:00 am,0,2025-06-30 02:40:00,8.3184,8.626,0.00010000000000012221
EWR-1,6/30/2025,02:50:00 am,0,2025-06-30 02:50:00,8.3191,8.627,9.999999999994457e-05
EWR-1,6/30/2025,03:00:00 am,0,2025-06-30 03:00:00,8.3203,8.628,0.0
EWR-1,6/30/2025,03:10:00 am,0,2025-06-30 03:10:00,8.3205,8.628,0.0002000000000000668
EWR-1,6/30/2025,03:20:00 am,0,2025-06-30 03:20:00,8.3218,8.63,0.0
EWR-1,6/30/2025,03:30:00 am,0,2025-06-30 03:30:00,8.3218,8.63,9.999999999994457e-05
EWR-1,6/30/2025,03:40:00 am,0,2025-06-30 03:40:00,8.321,8.631,9.999999999994457e-05
EWR-1,6/30/2025,03:50:00 am,0,2025-06-30 03:50:00,8.3206,8.632,0.0
EWR-1,6/30/2025,04:00:00 am,0,2025-06-30 04:00:00,8.321,8.632,0.0
EWR-1,6/30/2025,04:10:00 am,0,2025-06-30 04:10:00,8.3204,8.632,0.0
EWR-1,6/30/2025,04:20:00 am,0,2025-06-30 04:20:00,8.321,8.632,9.999999999994457e-05
EWR-1,6/30/2025,04:30:00 am,0,2025-06-30 04:30:00,8.3221,8.633,0.0
EWR-1,6/30/2025,04:40:00 am,0,2025-06-30 04:40:00,8.3225,8.633,0.0
EWR-1,6/30/2025,04:50:00 am,0,2025-06-30 04:50:00,8.3225,8.633,9.999999999994457e-05
EWR-1,6/30/2025,05:00:00 am,0,2025-06-30 05:00:00,8.3217,8.632,0.0
EWR-1,6/30/2025,05:10:00 am,0,2025-06-30 05:10:00,8.3216,8.632,0.0
EWR-1,6/30/2025,05:20:00 am,0,2025-06-30 05:20:00,8.3224,8.632,9.999999999994457e-05
EWR-1,6/30/2025,05:30:00 am,0,2025-06-30 05:30:00,8.3234,8.631,0.0
EWR-1,6/30/2025,05:40:00 am,0,2025-06-30 05:40:00,8.3246,8.631,9.999999999994457e-05
EWR-1,6/30/2025,05:50:00 am,0,2025-06-30 05:50:00,8.325,8.63,0.0
EWR-1,6/30/2025,06:00:00 am,0,2025-06-30 06:00:00,8.3242,8.63,0.00010000000000012221
EWR-1,6/30/2025,06:10:00 am,0,2025-06-30 06:10:00,8.3241,8.629,0.0
EWR-1,6/30/2025,06:20:00 am,0,2025-06-30 06:20:00,8.3249,8.629,9.999999999994457e-05
EWR-1,6/30/2025,06:30:00 am,0,2025-06-30 06:30:00,8.3255,8.628,9.999999999994457e-05
EWR-1,6/30/2025,06:40:00 am,0,2025-06-30 06:40:00,8.3268,8.627,0.00010000000000012221
EWR-1,6/30/2025,06:50:00 am,0,2025-06-30 06:50:00,8.3273,8.626,9.999999999994457e-05
EWR-1,6/30/2025,07:00:00 am,0,2025-06-30 07:00:00,8.3282,8.625,9.999999999994457e-05
EWR-1,6/30/2025,07:10:00 am,0,2025-06-30 07:10:00,8.3287,8.624,0.00010000000000012221
EWR-1,6/30/2025,07:20:00 am,0,2025-06-30 07:20:00,8.3297,8.623,9.999999999994457e-05
EWR-1,6/30/2025,07:30:00 am,0,2025-06-30 07:30:00,8.3304,8.622,9.999999999994457e-05
EWR-1,6/30/2025,07:40:00 am,0,2025-06-30 07:40:00,8.3309,8.621,0.00010000000000012221
EWR-1,6/30/2025,07:50:00 am,0,2025-06-30 07:50:00,8.331,8.62,0.0
EWR-1,6/30/2025,08:00:00 am,0,2025-06-30 08:00:00,8.3309,8.62,9.999999999994457e-05
EWR-1,6/30/2025,08:10:00 am,0,2025-06-30 08:10:00,8.3303,8.619,9.999999999994457e-05
EWR-1,6/30/2025,08:20:00 am,0,2025-06-30 08:20:00,8.3305,8.618,0.0
EWR-1,6/30/2025,08:30:00 am,0,2025-06-30 08:30:00,8.3309,8.618,9.999999999994457e-05
EWR-1,6/30/2025,08:40:00 am,0,2025-06-30 08:40:00,8.3314,8.617,0.0
EWR-1,6/30/2025,08:50:00 am,0,2025-06-30 08:50:00,8.3316,8.617,0.0
EWR-1,6/30/2025,09:00:00 am,0,2025-06-30 09:00:00,8.3311,8.617,0.00010000000000012221
EWR-1,6/30/2025,09:10:00 am,0,2025-06-30 09:10:00,8.331,8.616,0.00010000000000012221
EWR-1,6/30/2025,09:20:00 am,0,2025-06-30 09:20:00,8.3296,8.617,0.0
EWR-1,6/30/2025,09:30:00 am,0,2025-06-30 09:30:00,8.3274,8.617,0.00019999999999988915
EWR-1,6/30/2025,09:40:00 am,0,2025-06-30 09:40:00,8.3236,8.619,9.999999999994457e-05
EWR-1,6/30/2025,09:50:00 am,0,2025-06-30 09:50:00,8.32,8.62,0.0002000000000000668
EWR-1,6/30/2025,10:00:00 am,0,2025-06-30 10:00:00,8.3163,8.622,0.00030000000000001136
EWR-1,6/30/2025,10:10:00 am,0,2025-06-30 10:10:00,8.3118,8.625,0.0002000000000000668
EWR-1,6/30/2025,10:20:00 am,0,2025-06-30 10:20:00,8.3082,8.627,0.00019999999999988915
EWR-1,6/30/2025,10:30:00 am,0,2025-06-30 10:30:00,8.3044,8.629,0.0002000000000000668
EWR-1,6/30/2025,10:40:00 am,0,2025-06-30 10:40:00,8.3004,8.631,9.999999999994457e-05
EWR-1,6/30/2025,10:50:00 am,0,2025-06-30 10:50:00,8.2976,8.632,0.0002000000000000668
EWR-1,6/30/2025,11:00:00 am,0,2025-06-30 11:00:00,8.2942,8.634,0.00019999999999988915
EWR-1,6/30/2025,11:10:00 am,0,2025-06-30 11:10:00,8.2918,8.636,0.00010000000000012221
EWR-1,6/30/2025,11:20:00 am,0,2025-06-30 11:20:00,8.2883,8.637,0.00030000000000001136
EWR-1,6/30/2025,11:30:00 am,0,2025-06-30 11:30:00,8.2848,8.64,0.00019999999999988915
EWR-1,6/30/2025,11:40:00 am,0,2025-06-30 11:40:00,8.2814,8.642,0.00010000000000012221
EWR-1,6/30/2025,11:50:00 am,0,2025-06-30 11:50:00,8.2794,8.643,0.00019999999999988915
EWR-1,6/30/2025,12:00:00 pm,0,2025-06-30 12:00:00,8.2761,8.645,0.0002000000000000668
EWR-1,6/30/2025,12:10:00 pm,0,2025-06-30 12:10:00,8.2735,8.647,0.00019999999999988915
EWR-1,6/30/2025,12:20:00 pm,0,2025-06-30 12:20:00,8.2707,8.649,0.0002000000000000668
EWR-1,6/30/2025,12:30:00 pm,0,2025-06-30 12:30:00,8.2688,8.651,0.0002000000000000668
EWR-1,6/30/2025,12:40:00 pm,0,2025-06-30 12:40:00,8.2674,8.653,0.00030000000000001136
EWR-1,6/30/2025,12:50:00 pm,0,2025-06-30 12:50:00,8.2654,8.656,0.00019999999999988915
EWR-1,6/30/2025,01:00:00 pm,0,2025-06-30 13:00:00,8.2635,8.658,0.0002000000000000668
EWR-1,6/30/2025,01:10:00 pm,0,2025-06-30 13:10:00,8.2627,8.66,0.00030000000000001136
EWR-1,6/30/2025,01:20:00 pm,0,2025-06-30 13:20:00,8.2608,8.663,0.00030000000000001136
EWR-1,6/30/2025,01:30:00 pm,0,2025-06-30 13:30:00,8.2581,8.666,0.00039999999999995595
EWR-1,6/30/2025,01:40:00 pm,0,2025-06-30 13:40:00,8.2562,8.67,0.00030000000000001136
EWR-1,6/30/2025,01:50:00 pm,0,2025-06-30 13:50:00,8.2548,8.673,0.00030000000000001136
EWR-1,6/30/2025,02:00:00 pm,0,2025-06-30 14:00:00,8.2533,8.676,0.00030000000000001136
EWR-1,6/30/2025,02:10:00 pm,0,2025-06-30 14:10:00,8.2522,8.679,0.00039999999999995595
EWR-1,6/30/2025,02:20:00 pm,0,2025-06-30 14:20:00,8.2527,8.683,0.00030000000000001136
EWR-1,6/30/2025,02:30:00 pm,0,2025-06-30 14:30:00,8.2513,8.686,0.00039999999999995595
EWR-1,6/30/2025,02:40:00 pm,0,2025-06-30 14:40:00,8.2512,8.69,0.0004000000000001336
EWR-1,6/30/2025,02:50:00 pm,0,2025-06-30 14:50:00,8.2499,8.694,0.00039999999999995595
EWR-1,6/30/2025,03:00:00 pm,0,2025-06-30 15:00:00,8.2497,8.698,0.00030000000000001136
EWR-1,6/30/2025,03:10:00 pm,0,2025-06-30 15:10:00,8.2482,8.701,0.00039999999999995595
EWR-1,6/30/2025,03:20:00 pm,0,2025-06-30 15:20:00,8.2478,8.705,0.00039999999999995595
EWR-1,6/30/2025,03:30:00 pm,0,2025-06-30 15:30:00,8.2473,8.709,0.00039999999999995595
EWR-1,6/30/2025,03:40:00 pm,0,2025-06-30 15:40:00,8.2466,8.713,0.0004000000000001336
EWR-1,6/30/2025,03:50:00 pm,0,2025-06-30 15:50:00,8.246,8.717,0.00039999999999995595
EWR-1,6/30/2025,04:00:00 pm,0,2025-06-30 16:00:00,8.2462,8.721,0.00039999999999995595
EWR-1,6/30/2025,04:10:00 pm,0,2025-06-30 16:10:00,8.2461,8.725,0.00039999999999995595
EWR-1,6/30/2025,04:20:00 pm,0,2025-06-30 16:20:00,8.2459,8.729,0.0004000000000001336
EWR-1,6/30/2025,04:30:00 pm,0,2025-06-30 16:30:00,8.2455,8.733,0.00039999999999995595
EWR-1,6/30/2025,04:40:00 pm,0,2025-06-30 16:40:00,8.2454,8.737,0.00039999999999995595
EWR-1,6/30/2025,04:50:00 pm,0,2025-06-30 16:50:00,8.2454,8.741,0.00039999999999995595
EWR-1,6/30/2025,05:00:00 pm,0,2025-06-30 17:00:00,8.2457,8.745,0.0004000000000001336
EWR-1,6/30/2025,05:10:00 pm,0,2025-06-30 17:10:00,8.2467,8.749,0.0004999999999999005
EWR-1,6/30/2025,05:20:00 pm,0,2025-06-30 17:20:00,8.2476,8.754,0.00039999999999995595
EWR-1,6/30/2025,05:30:00 pm,0,2025-06-30 17:30:00,8.2487,8.758,0.0004000000000001336
EWR-1,6/30/2025,05:40:00 pm,0,2025-06-30 17:40:00,8.2483,8.762,0.0004999999999999005
EWR-1,6/30/2025,05:50:00 pm,0,2025-06-30 17:50:00,8.2483,8.767,0.00030000000000001136
EWR-1,6/30/2025,06:00:00 pm,0,2025-06-30 18:00:00,8.2488,8.77,0.00039999999999995595
EWR-1,6/30/2025,06:10:00 pm,0,2025-06-30 18:10:00,8.25,8.774,0.0004000000000001336
EWR-1,6/30/2025,06:20:00 pm,0,2025-06-30 18:20:00,8.2512,8.778,0.00030000000000001136
EWR-1,6/30/2025,06:30:00 pm,0,2025-06-30 18:30:00,8.253,8.781,0.00039999999999995595
EWR-1,6/30/2025,06:40:00 pm,0,2025-06-30 18:40:00,8.2556,8.785,0.00039999999999995595
EWR-1,6/30/2025,06:50:00 pm,0,2025-06-30 18:50:00,8.2573,8.789,0.00030000000000001136
EWR-1,6/30/2025,07:00:00 pm,0,2025-06-30 19:00:00,8.2601,8.792,0.00030000000000001136
EWR-1,6/30/2025,07:10:00 pm,0,2025-06-30 19:10:00,8.2631,8.795,0.00030000000000001136
EWR-1,6/30/2025,07:20:00 pm,0,2025-06-30 19:20:00,8.2668,8.798,0.0002000000000000668
EWR-1,6/30/2025,07:30:00 pm,0,2025-06-30 19:30:00,8.2688,8.8,0.00019999999999988915
EWR-1,6/30/2025,07:40:00 pm,0,2025-06-30 19:40:00,8.2719,8.802,0.0002000000000000668
EWR-1,6/30/2025,07:50:00 pm,0,2025-06-30 19:50:00,8.274,8.804,0.00030000000000001136
EWR-1,6/30/2025,08:00:00 pm,0,2025-06-30 20:00:00,8.276,8.807,0.00030000000000001136
EWR-1,6/30/2025,08:10:00 pm,0,2025-06-30 20:10:00,8.2778,8.81,0.00019999999999988915
EWR-1,6/30/2025,08:20:00 pm,0,2025-06-30 20:20:00,8.2795,8.812,0.00030000000000001136
EWR-1,6/30/2025,08:30:00 pm,0,2025-06-30 20:30:00,8.2819,8.815,0.0002000000000000668
EWR-1,6/30/2025,08:40:00 pm,0,2025-06-30 20:40:00,8.2837,8.817,0.00030000000000001136
EWR-1,6/30/2025,08:50:00 pm,0,2025-06-30 20:50:00,8.285,8.82,0.00019999999999988915
EWR-1,6/30/2025,09:00:00 pm,0,2025-06-30 21:00:00,8.2873,8.822,0.0002000000000000668
EWR-1,6/30/2025,09:10:00 pm,0,2025-06-30 21:10:00,8.289,8.824,0.00030000000000001136
EWR-1,6/30/2025,09:20:00 pm,0,2025-06-30 21:20:00,8.2909,8.827,0.0002000000000000668
EWR-1,6/30/2025,09:30:00 pm,0,2025-06-30 21:30:00,8.2936,8.829,0.00019999999999988915
EWR-1,6/30/2025,09:40:00 pm,0,2025-06-30 21:40:00,8.2957,8.831,0.0002000000000000668
EWR-1,6/30/2025,09:50:00 pm,0,2025-06-30 21:50:00,8.2966,8.833,0.00030000000000001136
EWR-1,6/30/2025,10:00:00 pm,0,2025-06-30 22:00:00,8.2992,8.836,0.00019999999999988915
EWR-1,6/30/2025,10:10:00 pm,0,2025-06-30 22:10:00,8.2998,8.838,0.0002000000000000668
EWR-1,6/30/2025,10:20:00 pm,0,2025-06-30 22:20:00,8.3002,8.84,0.0002000000000000668
EWR-1,6/30/2025,10:30:00 pm,0,2025-06-30 22:30:00,8.301,8.842,0.00019999999999988915
EWR-1,6/30/2025,10:40:00 pm,0,2025-06-30 22:40:00,8.3026,8.844,0.0002000000000000668
EWR-1,6/30/2025,10:50:00 pm,0,2025-06-30 22:50:00,8.3033,8.846,9.999999999994457e-05
EWR-1,6/30/2025,11:00:00 pm,0,2025-06-30 23:00:00,8.304,8.847,0.0002000000000000668
EWR-1,6/30/2025,11:10:00 pm,0,2025-06-30 23:10:00,8.304,8.849,0.0002000000000000668
EWR-1,6/30/2025,11:20:00 pm,0,2025-06-30 23:20:00,8.3048,8.851,9.999999999994457e-05
EWR-1,6/30/2025,11:30:00 pm,0,2025-06-30 23:30:00,8.3067,8.852,9.999999999994457e-05
EWR-1,6/30/2025,11:40:00 pm,0,2025-06-30 23:40:00,8.3079,8.853,9.999999999994457e-05
EWR-1,6/30/2025,11:50:00 pm,0,2025-06-30 23:50:00,8.3089,8.854,0.00010000000000012221
EWR-1,7/1/2025,12:00:00 am,0,2025-07-01 00:00:00,8.309,8.855,0.00019999999999988915
EWR-1,7/1/2025,12:10:00 am,0,2025-07-01 00:10:00,8.3094,8.857,0.00010000000000012221
EWR-1,7/1/2025,12:20:00 am,0,2025-07-01 00:20:00,8.3102,8.858,0.0
EWR-1,7/1/2025,12:30:00 am,0,2025-07-01 00:30:00,8.3106,8.858,9.999999999994457e-05
EWR-1,7/1/2025,12:40:00 am,0,2025-07-01 00:40:00,8.3101,8.859,0.0
EWR-1,7/1/2025,12:50:00 am,0,2025-07-01 00:50:00,8.3107,8.859,9.999999999994457e-05
EWR-1,7/1/2025,01:00:00 am,0,2025-07-01 01:00:00,8.3118,8.86,0.00010000000000012221
EWR-1,7/1/2025,01:10:00 am,0,2025-07-01 01:10:00,8.3124,8.861,0.0
EWR-1,7/1/2025,01:20:00 am,0,2025-07-01 01:20:00,8.3128,8.861,9.999999999994457e-05
EWR-1,7/1/2025,01:30:00 am,0,2025-07-01 01:30:00,8.3127,8.862,0.0
EWR-1,7/1/2025,01:40:00 am,0,2025-07-01 01:40:00,8.3124,8.862,0.0
EWR-1,7/1/2025,01:50:00 am,0,2025-07-01 01:50:00,8.3121,8.862,0.0
EWR-1,7/1/2025,02:00:00 am,0,2025-07-01 02:00:00,8.3115,8.862,0.0
EWR-1,7/1/2025,02:10:00 am,0,2025-07-01 02:10:00,8.3111,8.862,0.0
EWR-1,7/1/2025,02:20:00 am,0,2025-07-01 02:20:00,8.3109,8.862,0.0
EWR-1,7/1/2025,02:30:00 am,0,2025-07-01 02:30:00,8.3111,8.862,0.0
EWR-1,7/1/2025,02:40:00 am,0,2025-07-01 02:40:00,8.3104,8.862,9.999999999994457e-05
EWR-1,7/1/2025,02:50:00 am,0,2025-07-01 02:50:00,8.3096,8.861,0.0
EWR-1,7/1/2025,03:00:00 am,0,2025-07-01 03:00:00,8.3099,8.861,0.00010000000000012221
EWR-1,7/1/2025,03:10:00 am,0,2025-07-01 03:10:00,8.3105,8.86,0.0
EWR-1,7/1/2025,03:20:00 am,0,2025-07-01 03:20:00,8.3103,8.86,9.999999999994457e-05
EWR-1,7/1/2025,03:30:00 am,0,2025-07-01 03:30:00,8.3107,8.859,9.999999999994457e-05
EWR-1,7/1/2025,03:40:00 am,0,2025-07-01 03:40:00,8.3101,8.858,0.0
EWR-1,7/1/2025,03:50:00 am,0,2025-07-01 03:50:00,8.3102,8.858,0.00010000000000012221
EWR-1,7/1/2025,04:00:00 am,0,2025-07-01 04:00:00,8.3089,8.857,9.999999999994457e-05
EWR-1,7/1/2025,04:10:00 am,0,2025-07-01 04:10:00,8.309,8.856,9.999999999994457e-05
EWR-1,7/1/2025,04:20:00 am,0,2025-07-01 04:20:00,8.309,8.855,0.00010000000000012221
EWR-1,7/1/2025,04:30:00 am,0,2025-07-01 04:30:00,8.3091,8.854,9.999999999994457e-05
EWR-1,7/1/2025,04:40:00 am,0,2025-07-01 04:40:00,8.3093,8.853,0.00019999999999988915
EWR-1,7/1/2025,04:50:00 am,0,2025-07-01 04:50:00,8.3091,8.851,0.0002000000000000668
EWR-1,7/1/2025,05:00:00 am,0,2025-07-01 05:00:00,8.3095,8.849,9.999999999994457e-05
EWR-1,7/1/2025,05:10:00 am,0,2025-07-01 05:10:00,8.311,8.848,0.00010000000000012221
EWR-1,7/1/2025,05:20:00 am,0,2025-07-01 05:20:00,8.312,8.847,9.999999999994457e-05
EWR-1,7/1/2025,05:30:00 am,0,2025-07-01 05:30:00,8.3129,8.846,0.0002000000000000668
EWR-1,7/1/2025,05:40:00 am,0,2025-07-01 05:40:00,8.3134,8.844,0.00019999999999988915
EWR-1,7/1/2025,05:50:00 am,0,2025-07-01 05:50:00,8.3141,8.842,0.0002000000000000668
EWR-1,7/1/2025,06:00:00 am,0,2025-07-01 06:00:00,8.3146,8.84,9.999999999994457e-05
EWR-1,7/1/2025,06:10:00 am,0,2025-07-01 06:10:00,8.3156,8.839,0.0002000000000000668
EWR-1,7/1/2025,06:20:00 am,0,2025-07-01 06:20:00,8.3163,8.837,0.00030000000000001136
EWR-1,7/1/2025,06:30:00 am,0,2025-07-01 06:30:00,8.3172,8.834,0.00019999999999988915
EWR-1,7/1/2025,06:40:00 am,0,2025-07-01 06:40:00,8.3168,8.832,0.0002000000000000668
EWR-1,7/1/2025,06:50:00 am,0,2025-07-01 06:50:00,8.3179,8.83,0.0002000000000000668
EWR-1,7/1/2025,07:00:00 am,0,2025-07-01 07:00:00,8.3179,8.828,0.00019999999999988915
EWR-1,7/1/2025,07:10:00 am,0,2025-07-01 07:10:00,8.318,8.826,0.0002000000000000668
EWR-1,7/1/2025,07:20:00 am,0,2025-07-01 07:20:00,8.3178,8.824,0.0002000000000000668
EWR-1,7/1/2025,07:30:00 am,0,2025-07-01 07:30:00,8.318,8.822,0.00019999999999988915
EWR-1,7/1/2025,07:40:00 am,0,2025-07-01 07:40:00,8.3185,8.82,0.0002000000000000668
EWR-1,7/1/2025,07:50:00 am,0,2025-07-01 07:50:00,8.3184,8.818,0.00019999999999988915
EWR-1,7/1/2025,08:00:00 am,0,2025-07-01 08:00:00,8.3177,8.816,0.00010000000000012221
EWR-1,7/1/2025,08:10:00 am,0,2025-07-01 08:10:00,8.3181,8.815,0.00030000000000001136
EWR-1,7/1/2025,08:20:00 am,0,2025-07-01 08:20:00,8.3178,8.812,9.999999999994457e-05
EWR-1,7/1/2025,08:30:00 am,0,2025-07-01 08:30:00,8.3172,8.811,0.0002000000000000668
EWR-1,7/1/2025,08:40:00 am,0,2025-07-01 08:40:00,8.3169,8.809,0.0
EWR-1,7/1/2025,08:50:00 am,0,2025-07-01 08:50:00,8.3163,8.809,0.00019999999999988915
EWR-1,7/1/2025,09:00:00 am,0,2025-07-01 09:00:00,8.3161,8.807,0.0
EWR-1,7/1/2025,09:10:00 am,0,2025-07-01 09:10:00,8.3146,8.807,0.00010000000000012221
EWR-1,7/1/2025,09:20:00 am,0,2025-07-01 09:20:00,8.3126,8.806,0.0
EWR-1,7/1/2025,09:30:00 am,0,2025-07-01 09:30:00,8.3092,8.806,0.00010000000000012221
EWR-1,7/1/2025,09:40:00 am,0,2025-07-01 09:40:00,8.3055,8.807,0.0
EWR-1,7/1/2025,09:50:00 am,0,2025-07-01 09:50:00,8.3019,8.807,0.00019999999999988915
EWR-1,7/1/2025,10:00:00 am,0,2025-07-01 10:00:00,8.2982,8.809,0.00010000000000012221
EWR-1,7/1/2025,10:10:00 am,0,2025-07-01 10:10:00,8.2952,8.81,0.0
EWR-1,7/1/2025,10:20:00 am,0,2025-07-01 10:20:00,8.2928,8.81,9.999999999994457e-05
EWR-1,7/1/2025,10:30:00 am,0,2025-07-01 10:30:00,8.2897,8.811,0.0
EWR-1,7/1/2025,10:40:00 am,0,2025-07-01 10:40:00,8.2868,8.811,9.999999999994457e-05
EWR-1,7/1/2025,10:50:00 am,0,2025-07-01 10:50:00,8.2848,8.812,0.00010000000000012221
EWR-1,7/1/2025,11:00:00 am,0,2025-07-01 11:00:00,8.2828,8.813,0.00019999999999988915
EWR-1,7/1/2025,11:10:00 am,0,2025-07-01 11:10:00,8.2803,8.815,0.00010000000000012221
EWR-1,7/1/2025,11:20:00 am,0,2025-07-01 11:20:00,8.2784,8.816,9.999999999994457e-05
EWR-1,7/1/2025,11:30:00 am,0,2025-07-01 11:30:00,8.2753,8.817,9.999999999994457e-05
EWR-1,7/1/2025,11:40:00 am,0,2025-07-01 11:40:00,8.2731,8.818,0.0
EWR-1,7/1/2025,11:50:00 am,0,2025-07-01 11:50:00,8.2702,8.818,0.00010000000000012221
EWR-1,7/1/2025,12:00:00 pm,0,2025-07-01 12:00:00,8.2678,8.819,9.999999999994457e-05
EWR-1,7/1/2025,12:10:00 pm,0,2025-07-01 12:10:00,8.2661,8.82,0.00019999999999988915
EWR-1,7/1/2025,12:20:00 pm,0,2025-07-01 12:20:00,8.2647,8.822,0.00010000000000012221
EWR-1,7/1/2025,12:30:00 pm,0,2025-07-01 12:30:00,8.2633,8.823,0.00019999999999988915
EWR-1,7/1/2025,12:40:00 pm,0,2025-07-01 12:40:00,8.2616,8.825,0.00010000000000012221
EWR-1,7/1/2025,12:50:00 pm,0,2025-07-01 12:50:00,8.2596,8.826,0.00019999999999988915
EWR-1,7/1/2025,01:00:00 pm,0,2025-07-01 13:00:00,8.2575,8.828,0.0002000000000000668
EWR-1,7/1/2025,01:10:00 pm,0,2025-07-01 13:10:00,8.2556,8.83,0.00030000000000001136
EWR-1,7/1/2025,01:20:00 pm,0,2025-07-01 13:20:00,8.2539,8.833,0.0002000000000000668
EWR-1,7/1/2025,01:30:00 pm,0,2025-07-01 13:30:00,8.2524,8.835,0.00019999999999988915
EWR-1,7/1/2025,01:40:00 pm,0,2025-07-01 13:40:00,8.2514,8.837,0.0002000000000000668
EWR-1,7/1/2025,01:50:00 pm,0,2025-07-01 13:50:00,8.2498,8.839,0.00030000000000001136
EWR-1,7/1/2025,02:00:00 pm,0,2025-07-01 14:00:00,8.2481,8.842,0.00030000000000001136
EWR-1,7/1/2025,02:10:00 pm,0,2025-07-01 14:10:00,8.246,8.845,0.00019999999999988915
EWR-1,7/1/2025,02:20:00 pm,0,2025-07-01 14:20:00,8.2446,8.847,0.0004000000000001336
EWR-1,7/1/2025,02:30:00 pm,0,2025-07-01 14:30:00,8.2437,8.851,0.00019999999999988915
EWR-1,7/1/2025,02:40:00 pm,0,2025-07-01 14:40:00,8.2417,8.853,0.00039999999999995595
EWR-1,7/1/2025,02:50:00 pm,0,2025-07-01 14:50:00,8.2406,8.857,0.00030000000000001136
EWR-1,7/1/2025,03:00:00 pm,0,2025-07-01 15:00:00,8.2401,8.86,0.00030000000000001136
EWR-1,7/1/2025,03:10:00 pm,0,2025-07-01 15:10:00,8.2391,8.863,0.00030000000000001136
EWR-1,7/1/2025,03:20:00 pm,0,2025-07-01 15:20:00,8.239,8.866,0.00030000000000001136
EWR-1,7/1/2025,03:30:00 pm,0,2025-07-01 15:30:00,8.2399,8.869,0.00030000000000001136
EWR-1,7/1/2025,03:40:00 pm,0,2025-07-01 15:40:00,8.2395,8.872,0.00030000000000001136
EWR-1,7/1/2025,03:50:00 pm,0,2025-07-01 15:50:00,8.2421,8.875,0.00030000000000001136
EWR-1,7/1/2025,04:00:00 pm,0,2025-07-01 16:00:00,8.2462,8.878,0.0002000000000000668
EWR-1,7/1/2025,04:10:00 pm,0,2025-07-01 16:10:00,8.2539,8.88,0.00019999999999988915
EWR-1,7/1/2025,04:20:00 pm,0,2025-07-01 16:20:00,8.2603,8.882,0.0002000000000000668
EWR-1,7/1/2025,04:30:00 pm,0,2025-07-01 16:30:00,8.2633,8.884,0.00030000000000001136
EWR-1,7/1/2025,04:40:00 pm,0,2025-07-01 16:40:00,8.2647,8.887,9.999999999994457e-05
EWR-1,7/1/2025,04:50:00 pm,0,2025-07-01 16:50:00,8.2609,8.888,9.999999999994457e-05
EWR-1,7/1/2025,05:00:00 pm,0,2025-07-01 17:00:00,8.2658,8.889,0.00010000000000012221
EWR-1,7/1/2025,05:10:00 pm,0,2025-07-01 17:10:00,8.2659,8.89,9.999999999994457e-05
EWR-1,7/1/2025,05:20:00 pm,0,2025-07-01 17:20:00,8.2699,8.891,0.0002000000000000668
EWR-1,7/1/2025,05:30:00 pm,0,2025-07-01 17:30:00,8.2708,8.893,9.999999999994457e-05
EWR-1,7/1/2025,05:40:00 pm,0,2025-07-01 17:40:00,8.2719,8.894,9.999999999994457e-05
EWR-1,7/1/2025,05:50:00 pm,0,2025-07-01 17:50:00,8.2752,8.895,0.0002000000000000668
EWR-1,7/1/2025,06:00:00 pm,0,2025-07-01 18:00:00,8.2773,8.897,0.00030000000000001136
EWR-1,7/1/2025,06:10:00 pm,0,2025-07-01 18:10:00,8.2803,8.9,0.00030000000000001136
EWR-1,7/1/2025,06:20:00 pm,0,2025-07-01 18:20:00,8.2824,8.903,0.00019999999999988915
EWR-1,7/1/2025,06:30:00 pm,0,2025-07-01 18:30:00,8.2817,8.905,0.0002000000000000668
EWR-1,7/1/2025,06:40:00 pm,0,2025-07-01 18:40:00,8.282,8.907,0.0002000000000000668
EWR-1,7/1/2025,06:50:00 pm,0,2025-07-01 18:50:00,8.2816,8.909,0.00019999999999988915
EWR-1,7/1/2025,07:00:00 pm,0,2025-07-01 19:00:00,8.279,8.911,0.0002000000000000668
EWR-1,7/1/2025,07:10:00 pm,0,2025-07-01 19:10:00,8.2765,8.913,0.00019999999999988915
EWR-1,7/1/2025,07:20:00 pm,0,2025-07-01 19:20:00,8.2734,8.915,0.00030000000000001136
EWR-1,7/1/2025,07:30:00 pm,0,2025-07-01 19:30:00,8.2743,8.918,0.0002000000000000668
EWR-1,7/1/2025,07:40:00 pm,0,2025-07-01 19:40:00,8.2779,8.92,0.0002000000000000668
EWR-1,7/1/2025,07:50:00 pm,0,2025-07-01 19:50:00,8.281,8.922,0.00019999999999988915
EWR-1,7/1/2025,08:00:00 pm,0,2025-07-01 20:00:00,8.284,8.924,0.0002000000000000668
EWR-1,7/1/2025,08:10:00 pm,0,2025-07-01 20:10:00,8.2893,8.926,0.0002000000000000668
EWR-1,7/1/2025,08:20:00 pm,0,2025-07-01 20:20:00,8.2884,8.928,0.0002999999999998337
EWR-1,7/1/2025,08:30:00 pm,0,2025-07-01 20:30:00,8.2857,8.931,0.0002000000000000668
EWR-1,7/1/2025,08:40:00 pm,0,2025-07-01 20:40:00,8.2839,8.933,0.0002000000000000668
EWR-1,7/1/2025,08:50:00 pm,0,2025-07-01 20:50:00,8.2854,8.935,0.00019999999999988915
EWR-1,7/1/2025,09:00:00 pm,0,2025-07-01 21:00:00,8.2863,8.937,0.0002000000000000668
EWR-1,7/1/2025,09:10:00 pm,0,2025-07-01 21:10:00,8.2881,8.939,0.0002000000000000668
EWR-1,7/1/2025,09:20:00 pm,0,2025-07-01 21:20:00,8.2898,8.941,9.999999999994457e-05
EWR-1,7/1/2025,09:30:00 pm,0,2025-07-01 21:30:00,8.2915,8.942,9.999999999994457e-05
EWR-1,7/1/2025,09:40:00 pm,0,2025-07-01 21:40:00,8.293,8.943,0.0002000000000000668
EWR-1,7/1/2025,09:50:00 pm,0,2025-07-01 21:50:00,8.2945,8.945,9.999999999994457e-05
EWR-1,7/1/2025,10:00:00 pm,0,2025-07-01 22:00:00,8.2965,8.946,9.999999999994457e-05
EWR-1,7/1/2025,10:10:00 pm,0,2025-07-01 22:10:00,8.2969,8.947,0.00010000000000012221
EWR-1,7/1/2025,10:20:00 pm,0,2025-07-01 22:20:00,8.2984,8.948,9.999999999994457e-05
EWR-1,7/1/2025,10:30:00 pm,0,2025-07-01 22:30:00,8.2998,8.949,9.999999999994457e-05
EWR-1,7/1/2025,10:40:00 pm,0,2025-07-01 22:40:00,8.3007,8.95,0.0
EWR-1,7/1/2025,10:50:00 pm,0,2025-07-01 22:50:00,8.3014,8.95,0.0
EWR-1,7/1/2025,11:00:00 pm,0,2025-07-01 23:00:00,8.3034,8.95,0.00010000000000012221
EWR-1,7/1/2025,11:10:00 pm,0,2025-07-01 23:10:00,8.305,8.951,0.0
EWR-1,7/1/2025,11:20:00 pm,0,2025-07-01 23:20:00,8.3059,8.951,9.999999999994457e-05
EWR-1,7/1/2025,11:30:00 pm,0,2025-07-01 23:30:00,8.3065,8.952,0.0
EWR-1,7/1/2025,11:40:00 pm,0,2025-07-01 23:40:00,8.3077,8.952,9.999999999994457e-05
EWR-1,7/1/2025,11:50:00 pm,0,2025-07-01 23:50:00,8.3092,8.951,9.999999999994457e-05
EWR-1,7/2/2025,12:00:00 am,0,2025-07-02 00:00:00,8.31,8.952,0.0
EWR-1,7/2/2025,12:10:00 am,0,2025-07-02 00:10:00,8.3096,8.952,0.0
EWR-1,7/2/2025,12:20:00 am,0,2025-07-02 00:20:00,8.3099,8.952,0.0
EWR-1,7/2/2025,12:30:00 am,0,2025-07-02 00:30:00,8.3097,8.952,9.999999999994457e-05
EWR-1,7/2/2025,12:40:00 am,0,2025-07-02 00:40:00,8.3083,8.951,0.0
EWR-1,7/2/2025,12:50:00 am,0,2025-07-02 00:50:00,8.308,8.951,0.0
EWR-1,7/2/2025,01:00:00 am,0,2025-07-02 01:00:00,8.3079,8.951,0.0
EWR-1,7/2/2025,01:10:00 am,0,2025-07-02 01:10:00,8.3085,8.951,0.0002000000000000668
EWR-1,7/2/2025,01:20:00 am,0,2025-07-02 01:20:00,8.3082,8.949,9.999999999994457e-05
EWR-1,7/2/2025,01:30:00 am,0,2025-07-02 01:30:00,8.3097,8.95,9.999999999994457e-05
EWR-1,7/2/2025,01:40:00 am,0,2025-07-02 01:40:00,8.3097,8.949,9.999999999994457e-05
EWR-1,7/2/2025,01:50:00 am,0,2025-07-02 01:50:00,8.3104,8.948,0.0
EWR-1,7/2/2025,02:00:00 am,0,2025-07-02 02:00:00,8.3113,8.948,0.00010000000000012221
EWR-1,7/2/2025,02:10:00 am,0,2025-07-02 02:10:00,8.311,8.947,9.999999999994457e-05
EWR-1,7/2/2025,02:20:00 am,0,2025-07-02 02:20:00,8.3112,8.946,9.999999999994457e-05
EWR-1,7/2/2025,02:30:00 am,0,2025-07-02 02:30:00,8.3108,8.945,9.999999999994457e-05
EWR-1,7/2/2025,02:40:00 am,0,2025-07-02 02:40:00,8.3094,8.944,0.0
EWR-1,7/2/2025,02:50:00 am,0,2025-07-02 02:50:00,8.3095,8.944,0.0002000000000000668
EWR-1,7/2/2025,03:00:00 am,0,2025-07-02 03:00:00,8.3094,8.942,9.999999999994457e-05
EWR-1,7/2/2025,03:10:00 am,0,2025-07-02 03:10:00,8.31,8.941,0.00010000000000012221
EWR-1,7/2/2025,03:20:00 am,0,2025-07-02 03:20:00,8.3102,8.94,9.999999999994457e-05
EWR-1,7/2/2025,03:30:00 am,0,2025-07-02 03:30:00,8.3106,8.939,0.0002000000000000668
EWR-1,7/2/2025,03:40:00 am,0,2025-07-02 03:40:00,8.3102,8.937,9.999999999994457e-05
EWR-1,7/2/2025,03:50:00 am,0,2025-07-02 03:50:00,8.3105,8.936,0.0002000000000000668
EWR-1,7/2/2025,04:00:00 am,0,2025-07-02 04:00:00,8.3111,8.934,9.999999999994457e-05
EWR-1,7/2/2025,04:10:00 am,0,2025-07-02 04:10:00,8.312,8.933,0.0002000000000000668
EWR-1,7/2/2025,04:20:00 am,0,2025-07-02 04:20:00,8.3123,8.931,0.00019999999999988915
EWR-1,7/2/2025,04:30:00 am,0,2025-07-02 04:30:00,8.3133,8.929,9.999999999994457e-05
EWR-1,7/2/2025,04:40:00 am,0,2025-07-02 04:40:00,8.3126,8.928,0.0002000000000000668
EWR-1,7/2/2025,04:50:00 am,0,2025-07-02 04:50:00,8.3131,8.926,0.0002000000000000668
EWR-1,7/2/2025,05:00:00 am,0,2025-07-02 05:00:00,8.3141,8.924,0.00030000000000001136
EWR-1,7/2/2025,05:10:00 am,0,2025-07-02 05:10:00,8.3147,8.921,0.00019999999999988915
EWR-1,7/2/2025,05:20:00 am,0,2025-07-02 05:20:00,8.3154,8.919,0.0002000000000000668
EWR-1,7/2/2025,05:30:00 am,0,2025-07-02 05:30:00,8.3169,8.917,0.0002000000000000668
EWR-1,7/2/2025,05:40:00 am,0,2025-07-02 05:40:00,8.317,8.915,0.00019999999999988915
EWR-1,7/2/2025,05:50:00 am,0,2025-07-02 05:50:00,8.3174,8.913,0.00030000000000001136
EWR-1,7/2/2025,06:00:00 am,0,2025-07-02 06:00:00,8.3176,8.91,0.0002000000000000668
EWR-1,7/2/2025,06:10:00 am,0,2025-07-02 06:10:00,8.3185,8.908,0.00019999999999988915
EWR-1,7/2/2025,06:20:00 am,0,2025-07-02 06:20:00,8.3182,8.906,0.00030000000000001136
EWR-1,7/2/2025,06:30:00 am,0,2025-07-02 06:30:00,8.3186,8.903,0.0002000000000000668
EWR-1,7/2/2025,06:40:00 am,0,2025-07-02 06:40:00,8.3181,8.901,0.0002000000000000668
EWR-1,7/2/2025,06:50:00 am,0,2025-07-02 06:50:00,8.3193,8.899,0.0002999999999998337
EWR-1,7/2/2025,07:00:00 am,0,2025-07-02 07:00:00,8.3198,8.896,0.00030000000000001136
EWR-1,7/2/2025,07:10:00 am,0,2025-07-02 07:10:00,8.3211,8.893,0.00030000000000001136
EWR-1,7/2/2025,07:20:00 am,0,2025-07-02 07:20:00,8.3209,8.89,0.00030000000000001136
EWR-1,7/2/2025,07:30:00 am,0,2025-07-02 07:30:00,8.3216,8.887,0.0002000000000000668
EWR-1,7/2/2025,07:40:00 am,0,2025-07-02 07:40:00,8.3217,8.885,0.0002000000000000668
EWR-1,7/2/2025,07:50:00 am,0,2025-07-02 07:50:00,8.3205,8.883,0.0002999999999998337
EWR-1,7/2/2025,08:00:00 am,0,2025-07-02 08:00:00,8.3209,8.88,0.00030000000000001136
EWR-1,7/2/2025,08:10:00 am,0,2025-07-02 08:10:00,8.3207,8.877,0.00010000000000012221
EWR-1,7/2/2025,08:20:00 am,0,2025-07-02 08:20:00,8.3203,8.876,0.00019999999999988915
EWR-1,7/2/2025,08:30:00 am,0,2025-07-02 08:30:00,8.3206,8.874,0.00030000000000001136
EWR-1,7/2/2025,08:40:00 am,0,2025-07-02 08:40:00,8.3205,8.871,0.0002000000000000668
EWR-1,7/2/2025,08:50:00 am,0,2025-07-02 08:50:00,8.3199,8.869,9.999999999994457e-05
EWR-1,7/2/2025,09:00:00 am,0,2025-07-02 09:00:00,8.3194,8.868,0.0002000000000000668
EWR-1,7/2/2025,09:10:00 am,0,2025-07-02 09:10:00,8.3195,8.866,9.999999999994457e-05
EWR-1,7/2/2025,09:20:00 am,0,2025-07-02 09:20:00,8.3183,8.865,0.0
EWR-1,7/2/2025,09:30:00 am,0,2025-07-02 09:30:00,8.3172,8.865,9.999999999994457e-05
EWR-1,7/2/2025,09:40:00 am,0,2025-07-02 09:40:00,8.3149,8.864,0.0
EWR-1,7/2/2025,09:50:00 am,0,2025-07-02 09:50:00,8.3114,8.864,9.999999999994457e-05
EWR-1,7/2/2025,10:00:00 am,0,2025-07-02 10:00:00,8.3082,8.865,0.0
EWR-1,7/2/2025,10:10:00 am,0,2025-07-02 10:10:00,8.3044,8.865,9.999999999994457e-05
EWR-1,7/2/2025,10:20:00 am,0,2025-07-02 10:20:00,8.3008,8.866,0.0
EWR-1,7/2/2025,10:30:00 am,0,2025-07-02 10:30:00,8.2969,8.866,0.00010000000000012221
EWR-1,7/2/2025,10:40:00 am,0,2025-07-02 10:40:00,8.293,8.867,9.999999999994457e-05
EWR-1,7/2/2025,10:50:00 am,0,2025-07-02 10:50:00,8.2888,8.868,0.0
EWR-1,7/2/2025,11:00:00 am,0,2025-07-02 11:00:00,8.2848,8.868,9.999999999994457e-05
EWR-1,7/2/2025,11:10:00 am,0,2025-07-02 11:10:00,8.2811,8.869,9.999999999994457e-05
EWR-1,7/2/2025,11:20:00 am,0,2025-07-02 11:20:00,8.2774,8.87,0.00010000000000012221
EWR-1,7/2/2025,11:30:00 am,0,2025-07-02 11:30:00,8.2732,8.871,0.00019999999999988915
EWR-1,7/2/2025,11:40:00 am,0,2025-07-02 11:40:00,8.2705,8.873,0.0
EWR-1,7/2/2025,11:50:00 am,0,2025-07-02 11:50:00,8.2682,8.873,0.00010000000000012221
EWR-1,7/2/2025,12:00:00 pm,0,2025-07-02 12:00:00,8.2656,8.874,9.999999999994457e-05
EWR-1,7/2/2025,12:10:00 pm,0,2025-07-02 12:10:00,8.2636,8.875,0.0
EWR-1,7/2/2025,12:20:00 pm,0,2025-07-02 12:20:00,8.2601,8.875,9.999999999994457e-05
EWR-1,7/2/2025,12:30:00 pm,0,2025-07-02 12:30:00,8.2576,8.876,0.0002000000000000668
EWR-1,7/2/2025,12:40:00 pm,0,2025-07-02 12:40:00,8.2561,8.878,0.0
EWR-1,7/2/2025,12:50:00 pm,0,2025-07-02 12:50:00,8.2535,8.878,0.0002000000000000668
EWR-1,7/2/2025,01:00:00 pm,0,2025-07-02 13:00:00,8.2526,8.88,9.999999999994457e-05
EWR-1,7/2/2025,01:10:00 pm,0,2025-07-02 13:10:00,8.2492,8.881,0.00019999999999988915
EWR-1,7/2/2025,01:20:00 pm,0,2025-07-02 13:20:00,8.2462,8.883,0.0002000000000000668
EWR-1,7/2/2025,01:30:00 pm,0,2025-07-02 13:30:00,8.2463,8.885,0.0002000000000000668
EWR-1,7/2/2025,01:40:00 pm,0,2025-07-02 13:40:00,8.2475,8.887,9.999999999994457e-05
EWR-1,7/2/2025,01:50:00 pm,0,2025-07-02 13:50:00,8.2492,8.888,0.0002000000000000668
EWR-1,7/2/2025,02:00:00 pm,0,2025-07-02 14:00:00,8.2516,8.89,9.999999999994457e-05
EWR-1,7/2/2025,02:10:00 pm,0,2025-07-02 14:10:00,8.2534,8.891,9.999999999994457e-05
EWR-1,7/2/2025,02:20:00 pm,0,2025-07-02 14:20:00,8.2506,8.892,0.00030000000000001136
EWR-1,7/2/2025,02:30:00 pm,0,2025-07-02 14:30:00,8.2449,8.895,0.0002000000000000668
EWR-1,7/2/2025,02:40:00 pm,0,2025-07-02 14:40:00,8.2421,8.897,0.00019999999999988915
EWR-1,7/2/2025,02:50:00 pm,0,2025-07-02 14:50:00,8.2414,8.899,0.0002000000000000668
EWR-1,7/2/2025,03:00:00 pm,0,2025-07-02 15:00:00,8.2409,8.901,0.0002000000000000668
EWR-1,7/2/2025,03:10:00 pm,0,2025-07-02 15:10:00,8.2401,8.903,0.00030000000000001136
EWR-1,7/2/2025,03:20:00 pm,0,2025-07-02 15:20:00,8.239,8.906,0.00019999999999988915
EWR-1,7/2/2025,03:30:00 pm,0,2025-07-02 15:30:00,8.2398,8.908,0.00030000000000001136
EWR-1,7/2/2025,03:40:00 pm,0,2025-07-02 15:40:00,8.2376,8.911,0.0002000000000000668
EWR-1,7/2/2025,03:50:00 pm,0,2025-07-02 15:50:00,8.2364,8.913,0.00019999999999988915
EWR-1,7/2/2025,04:00:00 pm,0,2025-07-02 16:00:00,8.2358,8.915,0.00030000000000001136
EWR-1,7/2/2025,04:10:00 pm,0,2025-07-02 16:10:00,8.2355,8.918,0.00030000000000001136
EWR-1,7/2/2025,04:20:00 pm,0,2025-07-02 16:20:00,8.2361,8.921,0.0002000000000000668
EWR-1,7/2/2025,04:30:00 pm,0,2025-07-02 16:30:00,8.2349,8.923,0.00039999999999995595
EWR-1,7/2/2025,04:40:00 pm,0,2025-07-02 16:40:00,8.2347,8.927,0.0002000000000000668
EWR-1,7/2/2025,04:50:00 pm,0,2025-07-02 16:50:00,8.2341,8.929,0.00030000000000001136
EWR-1,7/2/2025,05:00:00 pm,0,2025-07-02 17:00:00,8.2336,8.932,0.00030000000000001136
EWR-1,7/2/2025,05:10:00 pm,0,2025-07-02 17:10:00,8.2321,8.935,0.00039999999999995595
EWR-1,7/2/2025,05:20:00 pm,0,2025-07-02 17:20:00,8.232,8.939,0.00030000000000001136
EWR-1,7/2/2025,05:30:00 pm,0,2025-07-02 17:30:00,8.2325,8.942,0.00030000000000001136
EWR-1,7/2/2025,05:40:00 pm,0,2025-07-02 17:40:00,8.2317,8.945,0.00030000000000001136
EWR-1,7/2/2025,05:50:00 pm,0,2025-07-02 17:50:00,8.2326,8.948,0.00039999999999995595
EWR-1,7/2/2025,06:00:00 pm,0,2025-07-02 18:00:00,8.2334,8.952,0.00030000000000001136
EWR-1,7/2/2025,06:10:00 pm,0,2025-07-02 18:10:00,8.2355,8.955,0.00030000000000001136
EWR-1,7/2/2025,06:20:00 pm,0,2025-07-02 18:20:00,8.2357,8.958,0.00030000000000001136
EWR-1,7/2/2025,06:30:00 pm,0,2025-07-02 18:30:00,8.2372,8.961,0.00030000000000001136
EWR-1,7/2/2025,06:40:00 pm,0,2025-07-02 18:40:00,8.2396,8.964,0.00030000000000001136
EWR-1,7/2/2025,06:50:00 pm,0,2025-07-02 18:50:00,8.243,8.967,0.00019999999999988915
EWR-1,7/2/2025,07:00:00 pm,0,2025-07-02 19:00:00,8.2454,8.969,0.00030000000000001136
EWR-1,7/2/2025,07:10:00 pm,0,2025-07-02 19:10:00,8.2482,8.972,0.0002000000000000668
EWR-1,7/2/2025,07:20:00 pm,0,2025-07-02 19:20:00,8.2508,8.974,9.999999999994457e-05
EWR-1,7/2/2025,07:30:00 pm,0,2025-07-02 19:30:00,8.2545,8.975,0.00010000000000012221
EWR-1,7/2/2025,07:40:00 pm,0,2025-07-02 19:40:00,8.258,8.976,0.00019999999999988915
EWR-1,7/2/2025,07:50:00 pm,0,2025-07-02 19:50:00,8.2615,8.978,9.999999999994457e-05
EWR-1,7/2/2025,08:00:00 pm,0,2025-07-02 20:00:00,8.2648,8.979,0.0002000000000000668
EWR-1,7/2/2025,08:10:00 pm,0,2025-07-02 20:10:00,8.2676,8.981,9.999999999994457e-05
EWR-1,7/2/2025,08:20:00 pm,0,2025-07-02 20:20:00,8.2695,8.982,0.00010000000000012221
EWR-1,7/2/2025,08:30:00 pm,0,2025-07-02 20:30:00,8.2716,8.983,0.00019999999999988915
EWR-1,7/2/2025,08:40:00 pm,0,2025-07-02 20:40:00,8.2737,8.985,0.00010000000000012221
EWR-1,7/2/2025,08:50:00 pm,0,2025-07-02 20:50:00,8.2753,8.986,0.00019999999999988915
EWR-1,7/2/2025,09:00:00 pm,0,2025-07-02 21:00:00,8.2776,8.988,0.0
EWR-1,7/2/2025,09:10:00 pm,0,2025-07-02 21:10:00,8.2791,8.988,0.0002000000000000668
EWR-1,7/2/2025,09:20:00 pm,0,2025-07-02 21:20:00,8.2812,8.99,9.999999999994457e-05
EWR-1,7/2/2025,09:30:00 pm,0,2025-07-02 21:30:00,8.2831,8.991,0.00010000000000012221
EWR-1,7/2/2025,09:40:00 pm,0,2025-07-02 21:40:00,8.284,8.992,9.999999999994457e-05
EWR-1,7/2/2025,09:50:00 pm,0,2025-07-02 21:50:00,8.2853,8.993,0.0
EWR-1,7/2/2025,10:00:00 pm,0,2025-07-02 22:00:00,8.2867,8.993,9.999999999994457e-05
EWR-1,7/2/2025,10:10:00 pm,0,2025-07-02 22:10:00,8.2877,8.994,9.999999999994457e-05
EWR-1,7/2/2025,10:20:00 pm,0,2025-07-02 22:20:00,8.2886,8.995,0.00010000000000012221
EWR-1,7/2/2025,10:30:00 pm,0,2025-07-02 22:30:00,8.2896,8.996,9.999999999994457e-05
EWR-1,7/2/2025,10:40:00 pm,0,2025-07-02 22:40:00,8.2906,8.997,9.999999999994457e-05
EWR-1,7/2/2025,10:50:00 pm,0,2025-07-02 22:50:00,8.2916,8.998,0.0
EWR-1,7/2/2025,11:00:00 pm,0,2025-07-02 23:00:00,8.293,8.998,0.00010000000000012221
EWR-1,7/2/2025,11:10:00 pm,0,2025-07-02 23:10:00,8.2941,8.999,0.0
EWR-1,7/2/2025,11:20:00 pm,0,2025-07-02 23:20:00,8.2945,8.999,9.999999999994457e-05
EWR-1,7/2/2025,11:30:00 pm,0,2025-07-02 23:30:00,8.2954,9.0,0.0
EWR-1,7/2/2025,11:40:00 pm,0,2025-07-02 23:40:00,8.2967,9.0,0.0
EWR-1,7/2/2025,11:50:00 pm,0,2025-07-02 23:50:00,8.2976,9.0,0.0
EWR-1,7/3/2025,12:00:00 am,0,2025-07-03 00:00:00,8.298,9.0,0.0
EWR-1,7/3/2025,12:10:00 am,0,2025-07-03 00:10:00,8.2993,9.0,9.999999999994457e-05
EWR-1,7/3/2025,12:20:00 am,0,2025-07-03 00:20:00,8.3,9.001,0.0
EWR-1,7/3/2025,12:30:00 am,0,2025-07-03 00:30:00,8.3007,9.001,9.999999999994457e-05
EWR-1,7/3/2025,12:40:00 am,0,2025-07-03 00:40:00,8.3008,9.0,0.0
EWR-1,7/3/2025,12:50:00 am,0,2025-07-03 00:50:00,8.3013,9.0,0.0
EWR-1,7/3/2025,01:00:00 am,0,2025-07-03 01:00:00,8.3021,9.0,9.999999999994457e-05
EWR-1,7/3/2025,01:10:00 am,0,2025-07-03 01:10:00,8.3017,8.999,0.0
EWR-1,7/3/2025,01:20:00 am,0,2025-07-03 01:20:00,8.3019,8.999,0.00010000000000012221
EWR-1,7/3/2025,01:30:00 am,0,2025-07-03 01:30:00,8.302,8.998,9.999999999994457e-05
EWR-1,7/3/2025,01:40:00 am,0,2025-07-03 01:40:00,8.3023,8.997,0.0
EWR-1,7/3/2025,01:50:00 am,0,2025-07-03 01:50:00,8.3029,8.997,0.0002000000000000668
EWR-1,7/3/2025,02:00:00 am,0,2025-07-03 02:00:00,8.303,8.995,9.999999999994457e-05
EWR-1,7/3/2025,02:10:00 am,0,2025-07-03 02:10:00,8.3032,8.994,9.999999999994457e-05
EWR-1,7/3/2025,02:20:00 am,0,2025-07-03 02:20:00,8.3032,8.993,9.999999999994457e-05
EWR-1,7/3/2025,02:30:00 am,0,2025-07-03 02:30:00,8.3034,8.992,0.00010000000000012221
EWR-1,7/3/2025,02:40:00 am,0,2025-07-03 02:40:00,8.3039,8.991,9.999999999994457e-05
EWR-1,7/3/2025,02:50:00 am,0,2025-07-03 02:50:00,8.3031,8.99,0.0002000000000000668
EWR-1,7/3/2025,03:00:00 am,0,2025-07-03 03:00:00,8.3023,8.988,9.999999999994457e-05
EWR-1,7/3/2025,03:10:00 am,0,2025-07-03 03:10:00,8.3016,8.987,0.0002000000000000668
EWR-1,7/3/2025,03:20:00 am,0,2025-07-03 03:20:00,8.3021,8.985,9.999999999994457e-05
EWR-1,7/3/2025,03:30:00 am,0,2025-07-03 03:30:00,8.3021,8.984,0.0002000000000000668
EWR-1,7/3/2025,03:40:00 am,0,2025-07-03 03:40:00,8.3023,8.982,0.00019999999999988915
EWR-1,7/3/2025,03:50:00 am,0,2025-07-03 03:50:00,8.3023,8.98,0.00010000000000012221
EWR-1,7/3/2025,04:00:00 am,0,2025-07-03 04:00:00,8.3019,8.979,0.00019999999999988915
EWR-1,7/3/2025,04:10:00 am,0,2025-07-03 04:10:00,8.3018,8.977,0.00030000000000001136
EWR-1,7/3/2025,04:20:00 am,0,2025-07-03 04:20:00,8.302,8.974,0.0002000000000000668
EWR-1,7/3/2025,04:30:00 am,0,2025-07-03 04:30:00,8.3028,8.972,0.00019999999999988915
EWR-1,7/3/2025,04:40:00 am,0,2025-07-03 04:40:00,8.3023,8.97,0.0002000000000000668
EWR-1,7/3/2025,04:50:00 am,0,2025-07-03 04:50:00,8.3025,8.968,0.00030000000000001136
EWR-1,7/3/2025,05:00:00 am,0,2025-07-03 05:00:00,8.3023,8.965,0.0002000000000000668
EWR-1,7/3/2025,05:10:00 am,0,2025-07-03 05:10:00,8.3026,8.963,0.00019999999999988915
EWR-1,7/3/2025,05:20:00 am,0,2025-07-03 05:20:00,8.3038,8.961,0.00030000000000001136
EWR-1,7/3/2025,05:30:00 am,0,2025-07-03 05:30:00,8.305,8.958,0.0002000000000000668
EWR-1,7/3/2025,05:40:00 am,0,2025-07-03 05:40:00,8.3057,8.956,0.00030000000000001136
EWR-1,7/3/2025,05:50:00 am,0,2025-07-03 05:50:00,8.3056,8.953,0.00030000000000001136
EWR-1,7/3/2025,06:00:00 am,0,2025-07-03 06:00:00,8.3064,8.95,0.00019999999999988915
EWR-1,7/3/2025,06:10:00 am,0,2025-07-03 06:10:00,8.3074,8.948,0.00030000000000001136
EWR-1,7/3/2025,06:20:00 am,0,2025-07-03 06:20:00,8.3074,8.945,0.00030000000000001136
EWR-1,7/3/2025,06:30:00 am,0,2025-07-03 06:30:00,8.3069,8.942,0.00030000000000001136
EWR-1,7/3/2025,06:40:00 am,0,2025-07-03 06:40:00,8.3071,8.939,0.00030000000000001136
EWR-1,7/3/2025,06:50:00 am,0,2025-07-03 06:50:00,8.3073,8.936,0.00030000000000001136
EWR-1,7/3/2025,07:00:00 am,0,2025-07-03 07:00:00,8.3086,8.933,0.0002000000000000668
EWR-1,7/3/2025,07:10:00 am,0,2025-07-03 07:10:00,8.3089,8.931,0.00039999999999995595
EWR-1,7/3/2025,07:20:00 am,0,2025-07-03 07:20:00,8.3089,8.927,0.00019999999999988915
EWR-1,7/3/2025,07:30:00 am,0,2025-07-03 07:30:00,8.3093,8.925,0.0002000000000000668
EWR-1,7/3/2025,07:40:00 am,0,2025-07-03 07:40:00,8.3102,8.923,0.00030000000000001136
EWR-1,7/3/2025,07:50:00 am,0,2025-07-03 07:50:00,8.3101,8.92,0.0002000000000000668
EWR-1,7/3/2025,08:00:00 am,0,2025-07-03 08:00:00,8.3094,8.918,0.00019999999999988915
EWR-1,7/3/2025,08:10:00 am,0,2025-07-03 08:10:00,8.3087,8.916,0.0002000000000000668
EWR-1,7/3/2025,08:20:00 am,0,2025-07-03 08:20:00,8.3085,8.914,0.00030000000000001136
EWR-1,7/3/2025,08:30:00 am,0,2025-07-03 08:30:00,8.309,8.911,9.999999999994457e-05
EWR-1,7/3/2025,08:40:00 am,0,2025-07-03 08:40:00,8.3096,8.91,0.0002000000000000668
EWR-1,7/3/2025,08:50:00 am,0,2025-07-03 08:50:00,8.3102,8.908,0.00019999999999988915
EWR-1,7/3/2025,09:00:00 am,0,2025-07-03 09:00:00,8.3098,8.906,0.0002000000000000668
EWR-1,7/3/2025,09:10:00 am,0,2025-07-03 09:10:00,8.3088,8.904,0.0
EWR-1,7/3/2025,09:20:00 am,0,2025-07-03 09:20:00,8.3076,8.904,9.999999999994457e-05
EWR-1,7/3/2025,09:30:00 am,0,2025-07-03 09:30:00,8.3048,8.903,0.00010000000000012221
EWR-1,7/3/2025,09:40:00 am,0,2025-07-03 09:40:00,8.3016,8.902,0.0
EWR-1,7/3/2025,09:50:00 am,0,2025-07-03 09:50:00,8.2982,8.902,0.0
EWR-1,7/3/2025,10:00:00 am,0,2025-07-03 10:00:00,8.2936,8.902,0.00010000000000012221
EWR-1,7/3/2025,10:10:00 am,0,2025-07-03 10:10:00,8.2898,8.903,9.999999999994457e-05
EWR-1,7/3/2025,10:20:00 am,0,2025-07-03 10:20:00,8.2856,8.904,0.0
EWR-1,7/3/2025,10:30:00 am,0,2025-07-03 10:30:00,8.2824,8.904,0.0
EWR-1,7/3/2025,10:40:00 am,0,2025-07-03 10:40:00,8.2797,8.904,0.0
EWR-1,7/3/2025,10:50:00 am,0,2025-07-03 10:50:00,8.2766,8.904,0.0
EWR-1,7/3/2025,11:00:00 am,0,2025-07-03 11:00:00,8.2737,8.904,9.999999999994457e-05
EWR-1,7/3/2025,11:10:00 am,0,2025-07-03 11:10:00,8.2708,8.905,0.0
EWR-1,7/3/2025,11:20:00 am,0,2025-07-03 11:20:00,8.2669,8.905,0.0
EWR-1,7/3/2025,11:30:00 am,0,2025-07-03 11:30:00,8.2643,8.905,0.00010000000000012221
EWR-1,7/3/2025,11:40:00 am,0,2025-07-03 11:40:00,8.2609,8.906,9.999999999994457e-05
EWR-1,7/3/2025,11:50:00 am,0,2025-07-03 11:50:00,8.2591,8.907,9.999999999994457e-05
EWR-1,7/3/2025,12:00:00 pm,0,2025-07-03 12:00:00,8.2545,8.908,0.00010000000000012221
EWR-1,7/3/2025,12:10:00 pm,0,2025-07-03 12:10:00,8.2537,8.909,9.999999999994457e-05
EWR-1,7/3/2025,12:20:00 pm,0,2025-07-03 12:20:00,8.2515,8.91,9.999999999994457e-05
EWR-1,7/3/2025,12:30:00 pm,0,2025-07-03 12:30:00,8.2496,8.911,0.00010000000000012221
EWR-1,7/3/2025,12:40:00 pm,0,2025-07-03 12:40:00,8.2469,8.912,0.00019999999999988915
EWR-1,7/3/2025,12:50:00 pm,0,2025-07-03 12:50:00,8.245,8.914,9.999999999994457e-05
EWR-1,7/3/2025,01:00:00 pm,0,2025-07-03 13:00:00,8.2436,8.915,0.0002000000000000668
EWR-1,7/3/2025,01:10:00 pm,0,2025-07-03 13:10:00,8.2429,8.917,9.999999999994457e-05
EWR-1,7/3/2025,01:20:00 pm,0,2025-07-03 13:20:00,8.2415,8.918,0.0002000000000000668
EWR-1,7/3/2025,01:30:00 pm,0,2025-07-03 13:30:00,8.2392,8.92,9.999999999994457e-05
EWR-1,7/3/2025,01:40:00 pm,0,2025-07-03 13:40:00,8.2372,8.921,0.00030000000000001136
EWR-1,7/3/2025,01:50:00 pm,0,2025-07-03 13:50:00,8.2365,8.924,0.0002000000000000668
EWR-1,7/3/2025,02:00:00 pm,0,2025-07-03 14:00:00,8.2336,8.926,0.0002000000000000668
EWR-1,7/3/2025,02:10:00 pm,0,2025-07-03 14:10:00,8.2344,8.928,0.00019999999999988915
EWR-1,7/3/2025,02:20:00 pm,0,2025-07-03 14:20:00,8.233,8.93,0.0002000000000000668
EWR-1,7/3/2025,02:30:00 pm,0,2025-07-03 14:30:00,8.2344,8.932,0.00030000000000001136
EWR-1,7/3/2025,02:40:00 pm,0,2025-07-03 14:40:00,8.2347,8.935,0.00019999999999988915
EWR-1,7/3/2025,02:50:00 pm,0,2025-07-03 14:50:00,8.2357,8.937,0.00030000000000001136
EWR-1,7/3/2025,03:00:00 pm,0,2025-07-03 15:00:00,8.2347,8.94,0.0002000000000000668
EWR-1,7/3/2025,03:10:00 pm,0,2025-07-03 15:10:00,8.2355,8.942,0.0002000000000000668
EWR-1,7/3/2025,03:20:00 pm,0,2025-07-03 15:20:00,8.2366,8.944,0.00019999999999988915
EWR-1,7/3/2025,03:30:00 pm,0,2025-07-03 15:30:00,8.2388,8.946,0.0002000000000000668
EWR-1,7/3/2025,03:40:00 pm,0,2025-07-03 15:40:00,8.2408,8.948,0.00019999999999988915
EWR-1,7/3/2025,03:50:00 pm,0,2025-07-03 15:50:00,8.2432,8.95,0.00010000000000012221
EWR-1,7/3/2025,04:00:00 pm,0,2025-07-03 16:00:00,8.2425,8.951,9.999999999994457e-05
EWR-1,7/3/2025,04:10:00 pm,0,2025-07-03 16:10:00,8.2389,8.952,0.0002000000000000668
EWR-1,7/3/2025,04:20:00 pm,0,2025-07-03 16:20:00,8.2346,8.954,9.999999999994457e-05
EWR-1,7/3/2025,04:30:00 pm,0,2025-07-03 16:30:00,8.2329,8.955,0.0002000000000000668
EWR-1,7/3/2025,04:40:00 pm,0,2025-07-03 16:40:00,8.231,8.957,0.00019999999999988915
EWR-1,7/3/2025,04:50:00 pm,0,2025-07-03 16:50:00,8.2312,8.959,0.0002000000000000668
EWR-1,7/3/2025,05:00:00 pm,0,2025-07-03 17:00:00,8.2315,8.961,0.00030000000000001136
EWR-1,7/3/2025,05:10:00 pm,0,2025-07-03 17:10:00,8.2313,8.964,0.00019999999999988915
EWR-1,7/3/2025,05:20:00 pm,0,2025-07-03 17:20:00,8.2315,8.966,0.00030000000000001136
EWR-1,7/3/2025,05:30:00 pm,0,2025-07-03 17:30:00,8.2328,8.969,0.00030000000000001136
EWR-1,7/3/2025,05:40:00 pm,0,2025-07-03 17:40:00,8.2335,8.972,0.0002000000000000668
EWR-1,7/3/2025,05:50:00 pm,0,2025-07-03 17:50:00,8.2341,8.974,0.00030000000000001136
EWR-1,7/3/2025,06:00:00 pm,0,2025-07-03 18:00:00,8.2358,8.977,0.00030000000000001136
EWR-1,7/3/2025,06:10:00 pm,0,2025-07-03 18:10:00,8.2358,8.98,0.00019999999999988915
EWR-1,7/3/2025,06:20:00 pm,0,2025-07-03 18:20:00,8.2379,8.982,0.0002000000000000668
EWR-1,7/3/2025,06:30:00 pm,0,2025-07-03 18:30:00,8.2388,8.984,0.0002000000000000668
EWR-1,7/3/2025,06:40:00 pm,0,2025-07-03 18:40:00,8.2409,8.986,0.00019999999999988915
EWR-1,7/3/2025,06:50:00 pm,0,2025-07-03 18:50:00,8.2424,8.988,0.0002000000000000668
EWR-1,7/3/2025,07:00:00 pm,0,2025-07-03 19:00:00,8.2431,8.99,0.0002000000000000668
EWR-1,7/3/2025,07:10:00 pm,0,2025-07-03 19:10:00,8.2463,8.992,9.999999999994457e-05
EWR-1,7/3/2025,07:20:00 pm,0,2025-07-03 19:20:00,8.2495,8.993,9.999999999994457e-05
EWR-1,7/3/2025,07:30:00 pm,0,2025-07-03 19:30:00,8.2528,8.994,9.999999999994457e-05
EWR-1,7/3/2025,07:40:00 pm,0,2025-07-03 19:40:00,8.2545,8.995,0.0
EWR-1,7/3/2025,07:50:00 pm,0,2025-07-03 19:50:00,8.2567,8.995,0.00010000000000012221
EWR-1,7/3/2025,08:00:00 pm,0,2025-07-03 20:00:00,8.2586,8.996,9.999999999994457e-05
EWR-1,7/3/2025,08:10:00 pm,0,2025-07-03 20:10:00,8.2603,8.997,0.0
EWR-1,7/3/2025,08:20:00 pm,0,2025-07-03 20:20:00,8.2618,8.997,9.999999999994457e-05
EWR-1,7/3/2025,08:30:00 pm,0,2025-07-03 20:30:00,8.2633,8.998,0.00010000000000012221
EWR-1,7/3/2025,08:40:00 pm,0,2025-07-03 20:40:00,8.2642,8.999,9.999999999994457e-05
EWR-1,7/3/2025,08:50:00 pm,0,2025-07-03 20:50:00,8.2653,9.0,0.0
EWR-1,7/3/2025,09:00:00 pm,0,2025-07-03 21:00:00,8.2672,9.0,9.999999999994457e-05
EWR-1,7/3/2025,09:10:00 pm,0,2025-07-03 21:10:00,8.2697,9.001,0.0
EWR-1,7/3/2025,09:20:00 pm,0,2025-07-03 21:20:00,8.2722,9.001,0.00010000000000012221
EWR-1,7/3/2025,09:30:00 pm,0,2025-07-03 21:30:00,8.2754,9.002,0.0
EWR-1,7/3/2025,09:40:00 pm,0,2025-07-03 21:40:00,8.2768,9.002,9.999999999994457e-05
EWR-1,7/3/2025,09:50:00 pm,0,2025-07-03 21:50:00,8.2797,9.003,0.0
EWR-1,7/3/2025,10:00:00 pm,0,2025-07-03 22:00:00,8.2804,9.003,9.999999999994457e-05
EWR-1,7/3/2025,10:10:00 pm,0,2025-07-03 22:10:00,8.2812,9.004,0.00010000000000012221
EWR-1,7/3/2025,10:20:00 pm,0,2025-07-03 22:20:00,8.2814,9.005,0.0
EWR-1,7/3/2025,10:30:00 pm,0,2025-07-03 22:30:00,8.2813,9.005,0.0
EWR-1,7/3/2025,10:40:00 pm,0,2025-07-03 22:40:00,8.281,9.005,0.0
EWR-1,7/3/2025,10:50:00 pm,0,2025-07-03 22:50:00,8.2808,9.005,9.999999999994457e-05
EWR-1,7/3/2025,11:00:00 pm,0,2025-07-03 23:00:00,8.2818,9.006,0.0
EWR-1,7/3/2025,11:10:00 pm,0,2025-07-03 23:10:00,8.2814,9.006,0.0
EWR-1,7/3/2025,11:20:00 pm,0,2025-07-03 23:20:00,8.2822,9.006,0.0
EWR-1,7/3/2025,11:30:00 pm,0,2025-07-03 23:30:00,8.2823,9.006,0.0
EWR-1,7/3/2025,11:40:00 pm,0,2025-07-03 23:40:00,8.2831,9.006,0.0
EWR-1,7/3/2025,11:50:00 pm,0,2025-07-03 23:50:00,8.2843,9.006,9.999999999994457e-05
EWR-1,7/4/2025,12:00:00 am,0,2025-07-04 00:00:00,8.2849,9.007,9.999999999994457e-05
EWR-1,7/4/2025,12:10:00 am,0,2025-07-04 00:10:00,8.2846,9.006,0.0
EWR-1,7/4/2025,12:20:00 am,0,2025-07-04 00:20:00,8.2853,9.006,9.999999999994457e-05
EWR-1,7/4/2025,12:30:00 am,0,2025-07-04 00:30:00,8.2858,9.005,0.00010000000000012221
EWR-1,7/4/2025,12:40:00 am,0,2025-07-04 00:40:00,8.2869,9.004,0.0
EWR-1,7/4/2025,12:50:00 am,0,2025-07-04 00:50:00,8.2876,9.004,9.999999999994457e-05
EWR-1,7/4/2025,01:00:00 am,0,2025-07-04 01:00:00,8.2879,9.003,0.0
EWR-1,7/4/2025,01:10:00 am,0,2025-07-04 01:10:00,8.2888,9.003,9.999999999994457e-05
EWR-1,7/4/2025,01:20:00 am,0,2025-07-04 01:20:00,8.29,9.002,0.00010000000000012221
EWR-1,7/4/2025,01:30:00 am,0,2025-07-04 01:30:00,8.2908,9.001,0.0
EWR-1,7/4/2025,01:40:00 am,0,2025-07-04 01:40:00,8.2918,9.001,9.999999999994457e-05
EWR-1,7/4/2025,01:50:00 am,0,2025-07-04 01:50:00,8.2916,9.0,9.999999999994457e-05
EWR-1,7/4/2025,02:00:00 am,0,2025-07-04 02:00:00,8.2926,8.999,0.00010000000000012221
EWR-1,7/4/2025,02:10:00 am,0,2025-07-04 02:10:00,8.293,8.998,9.999999999994457e-05
EWR-1,7/4/2025,02:20:00 am,0,2025-07-04 02:20:00,8.2943,8.997,9.999999999994457e-05
EWR-1,7/4/2025,02:30:00 am,0,2025-07-04 02:30:00,8.295,8.996,0.00010000000000012221
EWR-1,7/4/2025,02:40:00 am,0,2025-07-04 02:40:00,8.2965,8.995,9.999999999994457e-05
EWR-1,7/4/2025,02:50:00 am,0,2025-07-04 02:50:00,8.2963,8.994,0.00019999999999988915
EWR-1,7/4/2025,03:00:00 am,0,2025-07-04 03:00:00,8.2961,8.992,0.00010000000000012221
EWR-1,7/4/2025,03:10:00 am,0,2025-07-04 03:10:00,8.296,8.991,0.00019999999999988915
EWR-1,7/4/2025,03:20:00 am,0,2025-07-04 03:20:00,8.2957,8.989,0.0002000000000000668
EWR-1,7/4/2025,03:30:00 am,0,2025-07-04 03:30:00,8.2964,8.987,9.999999999994457e-05
EWR-1,7/4/2025,03:40:00 am,0,2025-07-04 03:40:00,8.2965,8.986,0.0002000000000000668
EWR-1,7/4/2025,03:50:00 am,0,2025-07-04 03:50:00,8.297,8.984,0.0002000000000000668
EWR-1,7/4/2025,04:00:00 am,0,2025-07-04 04:00:00,8.2969,8.982,0.00019999999999988915
EWR-1,7/4/2025,04:10:00 am,0,2025-07-04 04:10:00,8.2973,8.98,0.0002000000000000668
EWR-1,7/4/2025,04:20:00 am,0,2025-07-04 04:20:00,8.2978,8.978,0.00030000000000001136
EWR-1,7/4/2025,04:30:00 am,0,2025-07-04 04:30:00,8.2992,8.975,0.00019999999999988915
EWR-1,7/4/2025,04:40:00 am,0,2025-07-04 04:40:00,8.2995,8.973,0.00030000000000001136
EWR-1,7/4/2025,04:50:00 am,0,2025-07-04 04:50:00,8.2999,8.97,0.00030000000000001136
EWR-1,7/4/2025,05:00:00 am,0,2025-07-04 05:00:00,8.3001,8.967,0.0002000000000000668
EWR-1,7/4/2025,05:10:00 am,0,2025-07-04 05:10:00,8.3006,8.965,0.00030000000000001136
EWR-1,7/4/2025,05:20:00 am,0,2025-07-04 05:20:00,8.3012,8.962,0.00030000000000001136
EWR-1,7/4/2025,05:30:00 am,0,2025-07-04 05:30:00,8.3022,8.959,0.00030000000000001136
EWR-1,7/4/2025,05:40:00 am,0,2025-07-04 05:40:00,8.3024,8.956,0.00030000000000001136
EWR-1,7/4/2025,05:50:00 am,0,2025-07-04 05:50:00,8.3028,8.953,0.00030000000000001136
EWR-1,7/4/2025,06:00:00 am,0,2025-07-04 06:00:00,8.3039,8.95,0.00030000000000001136
EWR-1,7/4/2025,06:10:00 am,0,2025-07-04 06:10:00,8.3045,8.947,0.00039999999999995595
EWR-1,7/4/2025,06:20:00 am,0,2025-07-04 06:20:00,8.3059,8.943,0.00030000000000001136
EWR-1,7/4/2025,06:30:00 am,0,2025-07-04 06:30:00,8.3066,8.94,0.00030000000000001136
EWR-1,7/4/2025,06:40:00 am,0,2025-07-04 06:40:00,8.3076,8.937,0.00039999999999995595
EWR-1,7/4/2025,06:50:00 am,0,2025-07-04 06:50:00,8.3079,8.933,0.00039999999999995595
EWR-1,7/4/2025,07:00:00 am,0,2025-07-04 07:00:00,8.3085,8.929,0.00030000000000001136
EWR-1,7/4/2025,07:10:00 am,0,2025-07-04 07:10:00,8.3083,8.926,0.00030000000000001136
EWR-1,7/4/2025,07:20:00 am,0,2025-07-04 07:20:00,8.309,8.923,0.00030000000000001136
EWR-1,7/4/2025,07:30:00 am,0,2025-07-04 07:30:00,8.3095,8.92,0.00030000000000001136
EWR-1,7/4/2025,07:40:00 am,0,2025-07-04 07:40:00,8.3098,8.917,0.0002000000000000668
EWR-1,7/4/2025,07:50:00 am,0,2025-07-04 07:50:00,8.3107,8.915,0.00019999999999988915
EWR-1,7/4/2025,08:00:00 am,0,2025-07-04 08:00:00,8.3108,8.913,0.00030000000000001136
EWR-1,7/4/2025,08:10:00 am,0,2025-07-04 08:10:00,8.3116,8.91,0.0002000000000000668
EWR-1,7/4/2025,08:20:00 am,0,2025-07-04 08:20:00,8.3123,8.908,0.00019999999999988915
EWR-1,7/4/2025,08:30:00 am,0,2025-07-04 08:30:00,8.3118,8.906,0.0002000000000000668
EWR-1,7/4/2025,08:40:00 am,0,2025-07-04 08:40:00,8.312,8.904,9.999999999994457e-05
EWR-1,7/4/2025,08:50:00 am,0,2025-07-04 08:50:00,8.3115,8.903,0.0002000000000000668
EWR-1,7/4/2025,09:00:00 am,0,2025-07-04 09:00:00,8.3101,8.901,0.0
EWR-1,7/4/2025,09:10:00 am,0,2025-07-04 09:10:00,8.3072,8.901,9.999999999994457e-05
EWR-1,7/4/2025,09:20:00 am,0,2025-07-04 09:20:00,8.3033,8.9,0.0
EWR-1,7/4/2025,09:30:00 am,0,2025-07-04 09:30:00,8.3001,8.9,0.00010000000000012221
EWR-1,7/4/2025,09:40:00 am,0,2025-07-04 09:40:00,8.2979,8.899,9.999999999994457e-05
EWR-1,7/4/2025,09:50:00 am,0,2025-07-04 09:50:00,8.2963,8.898,9.999999999994457e-05
EWR-1,7/4/2025,10:00:00 am,0,2025-07-04 10:00:00,8.2941,8.897,0.0
EWR-1,7/4/2025,10:10:00 am,0,2025-07-04 10:10:00,8.2928,8.897,9.999999999994457e-05
EWR-1,7/4/2025,10:20:00 am,0,2025-07-04 10:20:00,8.2915,8.896,0.0
EWR-1,7/4/2025,10:30:00 am,0,2025-07-04 10:30:00,8.2898,8.896,0.0
EWR-1,7/4/2025,10:40:00 am,0,2025-07-04 10:40:00,8.2884,8.896,0.0
EWR-1,7/4/2025,10:50:00 am,0,2025-07-04 10:50:00,8.2881,8.896,0.00010000000000012221
EWR-1,7/4/2025,11:00:00 am,0,2025-07-04 11:00:00,8.2866,8.895,0.0
EWR-1,7/4/2025,11:10:00 am,0,2025-07-04 11:10:00,8.2854,8.895,0.0
EWR-1,7/4/2025,11:20:00 am,0,2025-07-04 11:20:00,8.285,8.895,0.0
EWR-1,7/4/2025,11:30:00 am,0,2025-07-04 11:30:00,8.2825,8.895,0.0
EWR-1,7/4/2025,11:40:00 am,0,2025-07-04 11:40:00,8.282,8.895,0.0
EWR-1,7/4/2025,11:50:00 am,0,2025-07-04 11:50:00,8.2818,8.895,0.00010000000000012221
EWR-1,7/4/2025,12:00:00 pm,0,2025-07-04 12:00:00,8.2809,8.896,9.999999999994457e-05
EWR-1,7/4/2025,12:10:00 pm,0,2025-07-04 12:10:00,8.2807,8.897,9.999999999994457e-05
EWR-1,7/4/2025,12:20:00 pm,0,2025-07-04 12:20:00,8.2796,8.898,0.0
EWR-1,7/4/2025,12:30:00 pm,0,2025-07-04 12:30:00,8.2779,8.898,9.999999999994457e-05
EWR-1,7/4/2025,12:40:00 pm,0,2025-07-04 12:40:00,8.2757,8.899,0.00010000000000012221
EWR-1,7/4/2025,12:50:00 pm,0,2025-07-04 12:50:00,8.2748,8.9,0.0
EWR-1,7/4/2025,01:00:00 pm,0,2025-07-04 13:00:00,8.2751,8.9,0.00019999999999988915
EWR-1,7/4/2025,01:10:00 pm,0,2025-07-04 13:10:00,8.2733,8.902,0.0
EWR-1,7/4/2025,01:20:00 pm,0,2025-07-04 13:20:00,8.2711,8.902,0.0002000000000000668
EWR-1,7/4/2025,01:30:00 pm,0,2025-07-04 13:30:00,8.2717,8.904,9.999999999994457e-05
EWR-1,7/4/2025,01:40:00 pm,0,2025-07-04 13:40:00,8.2701,8.905,0.00010000000000012221
EWR-1,7/4/2025,01:50:00 pm,0,2025-07-04 13:50:00,8.2711,8.906,9.999999999994457e-05
EWR-1,7/4/2025,02:00:00 pm,0,2025-07-04 14:00:00,8.2697,8.907,0.0002000000000000668
EWR-1,7/4/2025,02:10:00 pm,0,2025-07-04 14:10:00,8.2698,8.909,9.999999999994457e-05
EWR-1,7/4/2025,02:20:00 pm,0,2025-07-04 14:20:00,8.2683,8.91,0.0002000000000000668
EWR-1,7/4/2025,02:30:00 pm,0,2025-07-04 14:30:00,8.2677,8.912,9.999999999994457e-05
EWR-1,7/4/2025,02:40:00 pm,0,2025-07-04 14:40:00,8.2677,8.913,0.00019999999999988915
EWR-1,7/4/2025,02:50:00 pm,0,2025-07-04 14:50:00,8.2676,8.915,0.00010000000000012221
EWR-1,7/4/2025,03:00:00 pm,0,2025-07-04 15:00:00,8.2671,8.916,0.00019999999999988915
EWR-1,7/4/2025,03:10:00 pm,0,2025-07-04 15:10:00,8.2656,8.918,0.0002000000000000668
EWR-1,7/4/2025,03:20:00 pm,0,2025-07-04 15:20:00,8.2669,8.92,0.0002000000000000668
EWR-1,7/4/2025,03:30:00 pm,0,2025-07-04 15:30:00,8.2676,8.922,9.999999999994457e-05
EWR-1,7/4/2025,03:40:00 pm,0,2025-07-04 15:40:00,8.2661,8.923,0.0002000000000000668
EWR-1,7/4/2025,03:50:00 pm,0,2025-07-04 15:50:00,8.2657,8.925,9.999999999994457e-05
EWR-1,7/4/2025,04:00:00 pm,0,2025-07-04 16:00:00,8.2663,8.926,0.0002000000000000668
EWR-1,7/4/2025,04:10:00 pm,0,2025-07-04 16:10:00,8.268,8.928,9.999999999994457e-05
EWR-1,7/4/2025,04:20:00 pm,0,2025-07-04 16:20:00,8.2679,8.929,0.00019999999999988915
EWR-1,7/4/2025,04:30:00 pm,0,2025-07-04 16:30:00,8.2677,8.931,0.00010000000000012221
EWR-1,7/4/2025,04:40:00 pm,0,2025-07-04 16:40:00,8.2682,8.932,9.999999999994457e-05
EWR-1,7/4/2025,04:50:00 pm,0,2025-07-04 16:50:00,8.2676,8.933,0.0002000000000000668
EWR-1,7/4/2025,05:00:00 pm,0,2025-07-04 17:00:00,8.2696,8.935,0.00019999999999988915
EWR-1,7/4/2025,05:10:00 pm,0,2025-07-04 17:10:00,8.2698,8.937,0.0002000000000000668
EWR-1,7/4/2025,05:20:00 pm,0,2025-07-04 17:20:00,8.2698,8.939,0.0002000000000000668
EWR-1,7/4/2025,05:30:00 pm,0,2025-07-04 17:30:00,8.2706,8.941,0.00019999999999988915
EWR-1,7/4/2025,05:40:00 pm,0,2025-07-04 17:40:00,8.2709,8.943,0.00010000000000012221
EWR-1,7/4/2025,05:50:00 pm,0,2025-07-04 17:50:00,8.2718,8.944,0.00019999999999988915
EWR-1,7/4/2025,06:00:00 pm,0,2025-07-04 18:00:00,8.274,8.946,9.999999999994457e-05
EWR-1,7/4/2025,06:10:00 pm,0,2025-07-04 18:10:00,8.2755,8.947,0.0002000000000000668
EWR-1,7/4/2025,06:20:00 pm,0,2025-07-04 18:20:00,8.277,8.949,9.999999999994457e-05
EWR-1,7/4/2025,06:30:00 pm,0,2025-07-04 18:30:00,8.2793,8.95,0.00010000000000012221
EWR-1,7/4/2025,06:40:00 pm,0,2025-07-04 18:40:00,8.2806,8.951,9.999999999994457e-05
EWR-1,7/4/2025,06:50:00 pm,0,2025-07-04 18:50:00,8.2831,8.952,0.0002000000000000668
EWR-1,7/4/2025,07:00:00 pm,0,2025-07-04 19:00:00,8.2855,8.954,0.0
EWR-1,7/4/2025,07:10:00 pm,0,2025-07-04 19:10:00,8.2882,8.954,0.0
EWR-1,7/4/2025,07:20:00 pm,0,2025-07-04 19:20:00,8.2908,8.954,0.0
EWR-1,7/4/2025,07:30:00 pm,0,2025-07-04 19:30:00,8.2937,8.954,0.0
EWR-1,7/4/2025,07:40:00 pm,0,2025-07-04 19:40:00,8.2956,8.954,0.0
EWR-1,7/4/2025,07:50:00 pm,0,2025-07-04 19:50:00,8.2983,8.954,0.0
EWR-1,7/4/2025,08:00:00 pm,0,2025-07-04 20:00:00,8.3001,8.954,0.0
EWR-1,7/4/2025,08:10:00 pm,0,2025-07-04 20:10:00,8.3027,8.954,0.0
EWR-1,7/4/2025,08:20:00 pm,0,2025-07-04 20:20:00,8.3057,8.954,0.00010000000000012221
EWR-1,7/4/2025,08:30:00 pm,0,2025-07-04 20:30:00,8.307,8.953,0.0
EWR-1,7/4/2025,08:40:00 pm,0,2025-07-04 20:40:00,8.3099,8.953,0.0
EWR-1,7/4/2025,08:50:00 pm,0,2025-07-04 20:50:00,8.3124,8.953,0.0
EWR-1,7/4/2025,09:00:00 pm,0,2025-07-04 21:00:00,8.3148,8.953,9.999999999994457e-05
EWR-1,7/4/2025,09:10:00 pm,0,2025-07-04 21:10:00,8.3166,8.952,0.0
EWR-1,7/4/2025,09:20:00 pm,0,2025-07-04 21:20:00,8.3186,8.952,9.999999999994457e-05
EWR-1,7/4/2025,09:30:00 pm,0,2025-07-04 21:30:00,8.3209,8.951,0.00010000000000012221
EWR-1,7/4/2025,09:40:00 pm,0,2025-07-04 21:40:00,8.3226,8.95,9.999999999994457e-05
EWR-1,7/4/2025,09:50:00 pm,0,2025-07-04 21:50:00,8.3248,8.949,9.999999999994457e-05
EWR-1,7/4/2025,10:00:00 pm,0,2025-07-04 22:00:00,8.3259,8.948,0.00010000000000012221
EWR-1,7/4/2025,10:10:00 pm,0,2025-07-04 22:10:00,8.3273,8.947,9.999999999994457e-05
EWR-1,7/4/2025,10:20:00 pm,0,2025-07-04 22:20:00,8.3284,8.946,0.00019999999999988915
EWR-1,7/4/2025,10:30:00 pm,0,2025-07-04 22:30:00,8.3288,8.944,0.00010000000000012221
EWR-1,7/4/2025,10:40:00 pm,0,2025-07-04 22:40:00,8.3312,8.943,9.999999999994457e-05
EWR-1,7/4/2025,10:50:00 pm,0,2025-07-04 22:50:00,8.3316,8.942,9.999999999994457e-05
EWR-1,7/4/2025,11:00:00 pm,0,2025-07-04 23:00:00,8.3322,8.941,0.0002000000000000668
EWR-1,7/4/2025,11:10:00 pm,0,2025-07-04 23:10:00,8.3332,8.939,9.999999999994457e-05
EWR-1,7/4/2025,11:20:00 pm,0,2025-07-04 23:20:00,8.334,8.938,0.00010000000000012221
EWR-1,7/4/2025,11:30:00 pm,0,2025-07-04 23:30:00,8.3339,8.937,0.00019999999999988915
EWR-1,7/4/2025,11:40:00 pm,0,2025-07-04 23:40:00,8.3344,8.935,0.0002000000000000668
EWR-1,7/4/2025,11:50:00 pm,0,2025-07-04 23:50:00,8.3353,8.933,0.0002000000000000668
EWR-1,7/5/2025,12:00:00 am,0,2025-07-05 00:00:00,8.3363,8.931,0.00019999999999988915
EWR-1,7/5/2025,12:10:00 am,0,2025-07-05 00:10:00,8.3363,8.929,0.0002000000000000668
EWR-1,7/5/2025,12:20:00 am,0,2025-07-05 00:20:00,8.3363,8.927,0.00019999999999988915
EWR-1,7/5/2025,12:30:00 am,0,2025-07-05 00:30:00,8.3364,8.925,0.0002000000000000668
EWR-1,7/5/2025,12:40:00 am,0,2025-07-05 00:40:00,8.3367,8.923,0.00030000000000001136
EWR-1,7/5/2025,12:50:00 am,0,2025-07-05 00:50:00,8.3373,8.92,0.0002000000000000668
EWR-1,7/5/2025,01:00:00 am,0,2025-07-05 01:00:00,8.337,8.918,0.00019999999999988915
EWR-1,7/5/2025,01:10:00 am,0,2025-07-05 01:10:00,8.3381,8.916,0.00030000000000001136
EWR-1,7/5/2025,01:20:00 am,0,2025-07-05 01:20:00,8.3385,8.913,0.0002000000000000668
EWR-1,7/5/2025,01:30:00 am,0,2025-07-05 01:30:00,8.3385,8.911,0.00030000000000001136
EWR-1,7/5/2025,01:40:00 am,0,2025-07-05 01:40:00,8.3385,8.908,0.00019999999999988915
EWR-1,7/5/2025,01:50:00 am,0,2025-07-05 01:50:00,8.3397,8.906,0.00030000000000001136
EWR-1,7/5/2025,02:00:00 am,0,2025-07-05 02:00:00,8.3402,8.903,0.00030000000000001136
EWR-1,7/5/2025,02:10:00 am,0,2025-07-05 02:10:00,8.3397,8.9,0.00030000000000001136
EWR-1,7/5/2025,02:20:00 am,0,2025-07-05 02:20:00,8.3402,8.897,0.00030000000000001136
EWR-1,7/5/2025,02:30:00 am,0,2025-07-05 02:30:00,8.3408,8.894,0.00030000000000001136
EWR-1,7/5/2025,02:40:00 am,0,2025-07-05 02:40:00,8.3416,8.891,0.00030000000000001136
EWR-1,7/5/2025,02:50:00 am,0,2025-07-05 02:50:00,8.3417,8.888,0.00039999999999995595
EWR-1,7/5/2025,03:00:00 am,0,2025-07-05 03:00:00,8.3409,8.884,0.00030000000000001136
EWR-1,7/5/2025,03:10:00 am,0,2025-07-05 03:10:00,8.341,8.881,0.00030000000000001136
EWR-1,7/5/2025,03:20:00 am,0,2025-07-05 03:20:00,8.3411,8.878,0.00039999999999995595
EWR-1,7/5/2025,03:30:00 am,0,2025-07-05 03:30:00,8.3407,8.874,0.0004000000000001336
EWR-1,7/5/2025,03:40:00 am,0,2025-07-05 03:40:00,8.3409,8.87,0.0002999999999998337
EWR-1,7/5/2025,03:50:00 am,0,2025-07-05 03:50:00,8.3407,8.867,0.00030000000000001136
EWR-1,7/5/2025,04:00:00 am,0,2025-07-05 04:00:00,8.3414,8.864,0.0004000000000001336
EWR-1,7/5/2025,04:10:00 am,0,2025-07-05 04:10:00,8.3412,8.86,0.00039999999999995595
EWR-1,7/5/2025,04:20:00 am,0,2025-07-05 04:20:00,8.3418,8.856,0.00030000000000001136
EWR-1,7/5/2025,04:30:00 am,0,2025-07-05 04:30:00,8.3421,8.853,0.00039999999999995595
EWR-1,7/5/2025,04:40:00 am,0,2025-07-05 04:40:00,8.3426,8.849,0.0005000000000000782
EWR-1,7/5/2025,04:50:00 am,0,2025-07-05 04:50:00,8.3428,8.844,0.00039999999999995595
EWR-1,7/5/2025,05:00:00 am,0,2025-07-05 05:00:00,8.3437,8.84,0.00039999999999995595
EWR-1,7/5/2025,05:10:00 am,0,2025-07-05 05:10:00,8.3441,8.836,0.00039999999999995595
EWR-1,7/5/2025,05:20:00 am,0,2025-07-05 05:20:00,8.3445,8.832,0.0004000000000001336
EWR-1,7/5/2025,05:30:00 am,0,2025-07-05 05:30:00,8.3448,8.828,0.00039999999999995595
EWR-1,7/5/2025,05:40:00 am,0,2025-07-05 05:40:00,8.3457,8.824,0.00039999999999995595
EWR-1,7/5/2025,05:50:00 am,0,2025-07-05 05:50:00,8.3466,8.82,0.00039999999999995595
EWR-1,7/5/2025,06:00:00 am,0,2025-07-05 06:00:00,8.3476,8.816,0.0005000000000000782
EWR-1,7/5/2025,06:10:00 am,0,2025-07-05 06:10:00,8.3481,8.811,0.00039999999999995595
EWR-1,7/5/2025,06:20:00 am,0,2025-07-05 06:20:00,8.3483,8.807,0.0005000000000000782
EWR-1,7/5/2025,06:30:00 am,0,2025-07-05 06:30:00,8.3488,8.802,0.00039999999999995595
EWR-1,7/5/2025,06:40:00 am,0,2025-07-05 06:40:00,8.3484,8.798,0.0005000000000000782
EWR-1,7/5/2025,06:50:00 am,0,2025-07-05 06:50:00,8.3486,8.793,0.0004999999999999005
EWR-1,7/5/2025,07:00:00 am,0,2025-07-05 07:00:00,8.3488,8.788,0.00039999999999995595
EWR-1,7/5/2025,07:10:00 am,0,2025-07-05 07:10:00,8.3495,8.784,0.0004000000000001336
EWR-1,7/5/2025,07:20:00 am,0,2025-07-05 07:20:00,8.3508,8.78,0.0004999999999999005
EWR-1,7/5/2025,07:30:00 am,0,2025-07-05 07:30:00,8.3508,8.775,0.0005000000000000782
EWR-1,7/5/2025,07:40:00 am,0,2025-07-05 07:40:00,8.3517,8.77,0.0004999999999999005
EWR-1,7/5/2025,07:50:00 am,0,2025-07-05 07:50:00,8.3526,8.765,0.0004000000000001336
EWR-1,7/5/2025,08:00:00 am,0,2025-07-05 08:00:00,8.3528,8.761,0.0004999999999999005
EWR-1,7/5/2025,08:10:00 am,0,2025-07-05 08:10:00,8.3531,8.756,0.0005000000000000782
EWR-1,7/5/2025,08:20:00 am,0,2025-07-05 08:20:00,8.3538,8.751,0.00039999999999995595
EWR-1,7/5/2025,08:30:00 am,0,2025-07-05 08:30:00,8.354,8.747,0.0004999999999999005
EWR-1,7/5/2025,08:40:00 am,0,2025-07-05 08:40:00,8.3538,8.742,0.0004000000000001336
EWR-1,7/5/2025,08:50:00 am,0,2025-07-05 08:50:00,8.3538,8.738,0.00039999999999995595
EWR-1,7/5/2025,09:00:00 am,0,2025-07-05 09:00:00,8.3536,8.734,0.00030000000000001136
EWR-1,7/5/2025,09:10:00 am,0,2025-07-05 09:10:00,8.3531,8.731,0.00030000000000001136
EWR-1,7/5/2025,09:20:00 am,0,2025-07-05 09:20:00,8.3526,8.728,0.00030000000000001136
EWR-1,7/5/2025,09:30:00 am,0,2025-07-05 09:30:00,8.352,8.725,0.00030000000000001136
EWR-1,7/5/2025,09:40:00 am,0,2025-07-05 09:40:00,8.3506,8.722,0.00019999999999988915
EWR-1,7/5/2025,09:50:00 am,0,2025-07-05 09:50:00,8.3484,8.72,0.0002000000000000668
EWR-1,7/5/2025,10:00:00 am,0,2025-07-05 10:00:00,8.3451,8.718,0.0002000000000000668
EWR-1,7/5/2025,10:10:00 am,0,2025-07-05 10:10:00,8.3421,8.716,0.00019999999999988915
EWR-1,7/5/2025,10:20:00 am,0,2025-07-05 10:20:00,8.3383,8.714,0.0002000000000000668
EWR-1,7/5/2025,10:30:00 am,0,2025-07-05 10:30:00,8.3351,8.712,9.999999999994457e-05
EWR-1,7/5/2025,10:40:00 am,0,2025-07-05 10:40:00,8.3319,8.711,9.999999999994457e-05
EWR-1,7/5/2025,10:50:00 am,0,2025-07-05 10:50:00,8.3287,8.71,0.00010000000000012221
EWR-1,7/5/2025,11:00:00 am,0,2025-07-05 11:00:00,8.3264,8.709,9.999999999994457e-05
EWR-1,7/5/2025,11:10:00 am,0,2025-07-05 11:10:00,8.3238,8.708,0.0
EWR-1,7/5/2025,11:20:00 am,0,2025-07-05 11:20:00,8.3213,8.708,0.0
EWR-1,7/5/2025,11:30:00 am,0,2025-07-05 11:30:00,8.3192,8.708,9.999999999994457e-05
EWR-1,7/5/2025,11:40:00 am,0,2025-07-05 11:40:00,8.3168,8.707,9.999999999994457e-05
EWR-1,7/5/2025,11:50:00 am,0,2025-07-05 11:50:00,8.3138,8.708,0.0
EWR-1,7/5/2025,12:00:00 pm,0,2025-07-05 12:00:00,8.3112,8.708,0.0
EWR-1,7/5/2025,12:10:00 pm,0,2025-07-05 12:10:00,8.3094,8.708,9.999999999994457e-05
EWR-1,7/5/2025,12:20:00 pm,0,2025-07-05 12:20:00,8.3062,8.709,0.00010000000000012221
EWR-1,7/5/2025,12:30:00 pm,0,2025-07-05 12:30:00,8.305,8.71,0.0
EWR-1,7/5/2025,12:40:00 pm,0,2025-07-05 12:40:00,8.3028,8.71,9.999999999994457e-05
EWR-1,7/5/2025,12:50:00 pm,0,2025-07-05 12:50:00,8.3015,8.711,9.999999999994457e-05
EWR-1,7/5/2025,01:00:00 pm,0,2025-07-05 13:00:00,8.2998,8.712,9.999999999994457e-05
EWR-1,7/5/2025,01:10:00 pm,0,2025-07-05 13:10:00,8.2976,8.713,0.00010000000000012221
EWR-1,7/5/2025,01:20:00 pm,0,2025-07-05 13:20:00,8.2963,8.714,9.999999999994457e-05
EWR-1,7/5/2025,01:30:00 pm,0,2025-07-05 13:30:00,8.2947,8.715,0.0002000000000000668
EWR-1,7/5/2025,01:40:00 pm,0,2025-07-05 13:40:00,8.2933,8.717,9.999999999994457e-05
EWR-1,7/5/2025,01:50:00 pm,0,2025-07-05 13:50:00,8.2913,8.718,9.999999999994457e-05
EWR-1,7/5/2025,02:00:00 pm,0,2025-07-05 14:00:00,8.2897,8.719,0.0002000000000000668
EWR-1,7/5/2025,02:10:00 pm,0,2025-07-05 14:10:00,8.2879,8.721,9.999999999994457e-05
EWR-1,7/5/2025,02:20:00 pm,0,2025-07-05 14:20:00,8.2867,8.722,0.0002000000000000668
EWR-1,7/5/2025,02:30:00 pm,0,2025-07-05 14:30:00,8.2861,8.724,9.999999999994457e-05
EWR-1,7/5/2025,02:40:00 pm,0,2025-07-05 14:40:00,8.2857,8.725,0.0002000000000000668
EWR-1,7/5/2025,02:50:00 pm,0,2025-07-05 14:50:00,8.284,8.727,0.00019999999999988915
EWR-1,7/5/2025,03:00:00 pm,0,2025-07-05 15:00:00,8.2831,8.729,0.0002000000000000668
EWR-1,7/5/2025,03:10:00 pm,0,2025-07-05 15:10:00,8.2831,8.731,9.999999999994457e-05
EWR-1,7/5/2025,03:20:00 pm,0,2025-07-05 15:20:00,8.2817,8.732,0.0002000000000000668
EWR-1,7/5/2025,03:30:00 pm,0,2025-07-05 15:30:00,8.282,8.734,9.999999999994457e-05
EWR-1,7/5/2025,03:40:00 pm,0,2025-07-05 15:40:00,8.2817,8.735,0.00030000000000001136
EWR-1,7/5/2025,03:50:00 pm,0,2025-07-05 15:50:00,8.281,8.738,0.00010000000000012221
EWR-1,7/5/2025,04:00:00 pm,0,2025-07-05 16:00:00,8.2803,8.739,0.00019999999999988915
EWR-1,7/5/2025,04:10:00 pm,0,2025-07-05 16:10:00,8.2808,8.741,0.00010000000000012221
EWR-1,7/5/2025,04:20:00 pm,0,2025-07-05 16:20:00,8.2799,8.742,0.00019999999999988915
EWR-1,7/5/2025,04:30:00 pm,0,2025-07-05 16:30:00,8.2799,8.744,0.0002000000000000668
EWR-1,7/5/2025,04:40:00 pm,0,2025-07-05 16:40:00,8.2796,8.746,0.00019999999999988915
EWR-1,7/5/2025,04:50:00 pm,0,2025-07-05 16:50:00,8.2788,8.748,0.0002000000000000668
EWR-1,7/5/2025,05:00:00 pm,0,2025-07-05 17:00:00,8.279,8.75,9.999999999994457e-05
EWR-1,7/5/2025,05:10:00 pm,0,2025-07-05 17:10:00,8.2781,8.751,0.00030000000000001136
EWR-1,7/5/2025,05:20:00 pm,0,2025-07-05 17:20:00,8.2791,8.754,0.0002000000000000668
EWR-1,7/5/2025,05:30:00 pm,0,2025-07-05 17:30:00,8.2782,8.756,0.00019999999999988915
EWR-1,7/5/2025,05:40:00 pm,0,2025-07-05 17:40:00,8.2791,8.758,0.0002000000000000668
EWR-1,7/5/2025,05:50:00 pm,0,2025-07-05 17:50:00,8.2798,8.76,0.0002000000000000668
EWR-1,7/5/2025,06:00:00 pm,0,2025-07-05 18:00:00,8.2801,8.762,0.00019999999999988915
EWR-1,7/5/2025,06:10:00 pm,0,2025-07-05 18:10:00,8.2807,8.764,0.0002000000000000668
EWR-1,7/5/2025,06:20:00 pm,0,2025-07-05 18:20:00,8.2821,8.766,9.999999999994457e-05
EWR-1,7/5/2025,06:30:00 pm,0,2025-07-05 18:30:00,8.2836,8.767,0.0002000000000000668
EWR-1,7/5/2025,06:40:00 pm,0,2025-07-05 18:40:00,8.2858,8.769,0.0002000000000000668
EWR-1,7/5/2025,06:50:00 pm,0,2025-07-05 18:50:00,8.2878,8.771,9.999999999994457e-05
EWR-1,7/5/2025,07:00:00 pm,0,2025-07-05 19:00:00,8.2905,8.772,0.00019999999999988915
EWR-1,7/5/2025,07:10:00 pm,0,2025-07-05 19:10:00,8.2935,8.774,0.00010000000000012221
EWR-1,7/5/2025,07:20:00 pm,0,2025-07-05 19:20:00,8.2961,8.775,9.999999999994457e-05
EWR-1,7/5/2025,07:30:00 pm,0,2025-07-05 19:30:00,8.2986,8.776,0.0
EWR-1,7/5/2025,07:40:00 pm,0,2025-07-05 19:40:00,8.3009,8.776,9.999999999994457e-05
EWR-1,7/5/2025,07:50:00 pm,0,2025-07-05 19:50:00,8.3024,8.777,0.0
EWR-1,7/5/2025,08:00:00 pm,0,2025-07-05 20:00:00,8.3041,8.777,0.0
EWR-1,7/5/2025,08:10:00 pm,0,2025-07-05 20:10:00,8.3066,8.777,0.0
EWR-1,7/5/2025,08:20:00 pm,0,2025-07-05 20:20:00,8.3087,8.777,0.0
EWR-1,7/5/2025,08:30:00 pm,0,2025-07-05 20:30:00,8.3108,8.777,0.00010000000000012221
EWR-1,7/5/2025,08:40:00 pm,0,2025-07-05 20:40:00,8.3132,8.778,0.0
EWR-1,7/5/2025,08:50:00 pm,0,2025-07-05 20:50:00,8.316,8.778,0.00010000000000012221
EWR-1,7/5/2025,09:00:00 pm,0,2025-07-05 21:00:00,8.3186,8.777,0.0
EWR-1,7/5/2025,09:10:00 pm,0,2025-07-05 21:10:00,8.3212,8.777,0.0
EWR-1,7/5/2025,09:20:00 pm,0,2025-07-05 21:20:00,8.3236,8.777,9.999999999994457e-05
EWR-1,7/5/2025,09:30:00 pm,0,2025-07-05 21:30:00,8.3255,8.776,0.0
EWR-1,7/5/2025,09:40:00 pm,0,2025-07-05 21:40:00,8.3276,8.776,0.0
EWR-1,7/5/2025,09:50:00 pm,0,2025-07-05 21:50:00,8.3292,8.776,9.999999999994457e-05
EWR-1,7/5/2025,10:00:00 pm,0,2025-07-05 22:00:00,8.3304,8.775,0.0
EWR-1,7/5/2025,10:10:00 pm,0,2025-07-05 22:10:00,8.3312,8.775,0.00010000000000012221
EWR-1,7/5/2025,10:20:00 pm,0,2025-07-05 22:20:00,8.3319,8.774,9.999999999994457e-05
EWR-1,7/5/2025,10:30:00 pm,0,2025-07-05 22:30:00,8.3327,8.773,0.0
EWR-1,7/5/2025,10:40:00 pm,0,2025-07-05 22:40:00,8.3342,8.773,9.999999999994457e-05
EWR-1,7/5/2025,10:50:00 pm,0,2025-07-05 22:50:00,8.3343,8.772,9.999999999994457e-05
EWR-1,7/5/2025,11:00:00 pm,0,2025-07-05 23:00:00,8.3355,8.771,0.00010000000000012221
EWR-1,7/5/2025,11:10:00 pm,0,2025-07-05 23:10:00,8.3361,8.77,0.0
EWR-1,7/5/2025,11:20:00 pm,0,2025-07-05 23:20:00,8.3366,8.77,9.999999999994457e-05
EWR-1,7/5/2025,11:30:00 pm,0,2025-07-05 23:30:00,8.3375,8.769,9.999999999994457e-05
EWR-1,7/5/2025,11:40:00 pm,0,2025-07-05 23:40:00,8.3376,8.768,0.00010000000000012221
EWR-1,7/5/2025,11:50:00 pm,0,2025-07-05 23:50:00,8.3375,8.767,9.999999999994457e-05
EWR-1,7/6/2025,12:00:00 am,0,2025-07-06 00:00:00,8.3378,8.766,0.0
EWR-1,7/6/2025,12:10:00 am,0,2025-07-06 00:10:00,8.3371,8.766,0.0002000000000000668
EWR-1,7/6/2025,12:20:00 am,0,2025-07-06 00:20:00,8.337,8.764,9.999999999994457e-05
EWR-1,7/6/2025,12:30:00 am,0,2025-07-06 00:30:00,8.3373,8.763,9.999999999994457e-05
EWR-1,7/6/2025,12:40:00 am,0,2025-07-06 00:40:00,8.3369,8.762,0.00010000000000012221
EWR-1,7/6/2025,12:50:00 am,0,2025-07-06 00:50:00,8.3371,8.761,9.999999999994457e-05
EWR-1,7/6/2025,01:00:00 am,0,2025-07-06 01:00:00,8.3369,8.76,0.0002000000000000668
EWR-1,7/6/2025,01:10:00 am,0,2025-07-06 01:10:00,8.337,8.758,9.999999999994457e-05
EWR-1,7/6/2025,01:20:00 am,0,2025-07-06 01:20:00,8.3365,8.757,9.999999999994457e-05
EWR-1,7/6/2025,01:30:00 am,0,2025-07-06 01:30:00,8.3367,8.756,9.999999999994457e-05
EWR-1,7/6/2025,01:40:00 am,0,2025-07-06 01:40:00,8.3365,8.755,0.0002000000000000668
EWR-1,7/6/2025,01:50:00 am,0,2025-07-06 01:50:00,8.3368,8.753,9.999999999994457e-05
EWR-1,7/6/2025,02:00:00 am,0,2025-07-06 02:00:00,8.3362,8.752,0.0002000000000000668
EWR-1,7/6/2025,02:10:00 am,0,2025-07-06 02:10:00,8.3367,8.75,0.0002000000000000668
EWR-1,7/6/2025,02:20:00 am,0,2025-07-06 02:20:00,8.3371,8.748,0.00019999999999988915
EWR-1,7/6/2025,02:30:00 am,0,2025-07-06 02:30:00,8.3371,8.746,0.00010000000000012221
EWR-1,7/6/2025,02:40:00 am,0,2025-07-06 02:40:00,8.337,8.745,0.00019999999999988915
EWR-1,7/6/2025,02:50:00 am,0,2025-07-06 02:50:00,8.3365,8.743,0.0002000000000000668
EWR-1,7/6/2025,03:00:00 am,0,2025-07-06 03:00:00,8.3363,8.741,0.00019999999999988915
EWR-1,7/6/2025,03:10:00 am,0,2025-07-06 03:10:00,8.3374,8.739,0.00030000000000001136
EWR-1,7/6/2025,03:20:00 am,0,2025-07-06 03:20:00,8.3379,8.736,0.0002000000000000668
EWR-1,7/6/2025,03:30:00 am,0,2025-07-06 03:30:00,8.3375,8.734,0.0002000000000000668
EWR-1,7/6/2025,03:40:00 am,0,2025-07-06 03:40:00,8.3376,8.732,0.00019999999999988915
EWR-1,7/6/2025,03:50:00 am,0,2025-07-06 03:50:00,8.3379,8.73,0.00030000000000001136
EWR-1,7/6/2025,04:00:00 am,0,2025-07-06 04:00:00,8.3373,8.727,0.0002000000000000668
EWR-1,7/6/2025,04:10:00 am,0,2025-07-06 04:10:00,8.3364,8.725,0.00019999999999988915
EWR-1,7/6/2025,04:20:00 am,0,2025-07-06 04:20:00,8.3367,8.723,0.00030000000000001136
EWR-1,7/6/2025,04:30:00 am,0,2025-07-06 04:30:00,8.3367,8.72,0.0002000000000000668
EWR-1,7/6/2025,04:40:00 am,0,2025-07-06 04:40:00,8.3372,8.718,0.00030000000000001136
EWR-1,7/6/2025,04:50:00 am,0,2025-07-06 04:50:00,8.3372,8.715,0.00030000000000001136
EWR-1,7/6/2025,05:00:00 am,0,2025-07-06 05:00:00,8.337,8.712,0.00019999999999988915
EWR-1,7/6/2025,05:10:00 am,0,2025-07-06 05:10:00,8.3377,8.71,0.00030000000000001136
EWR-1,7/6/2025,05:20:00 am,0,2025-07-06 05:20:00,8.3376,8.707,0.00030000000000001136
EWR-1,7/6/2025,05:30:00 am,0,2025-07-06 05:30:00,8.3387,8.704,0.00030000000000001136
EWR-1,7/6/2025,05:40:00 am,0,2025-07-06 05:40:00,8.3387,8.701,0.00030000000000001136
EWR-1,7/6/2025,05:50:00 am,0,2025-07-06 05:50:00,8.3394,8.698,0.00030000000000001136
EWR-1,7/6/2025,06:00:00 am,0,2025-07-06 06:00:00,8.3396,8.695,0.0002000000000000668
EWR-1,7/6/2025,06:10:00 am,0,2025-07-06 06:10:00,8.3412,8.693,0.00039999999999995595
EWR-1,7/6/2025,06:20:00 am,0,2025-07-06 06:20:00,8.3423,8.689,0.0002000000000000668
EWR-1,7/6/2025,06:30:00 am,0,2025-07-06 06:30:00,8.3423,8.687,0.00039999999999995595
EWR-1,7/6/2025,06:40:00 am,0,2025-07-06 06:40:00,8.3419,8.683,0.00030000000000001136
EWR-1,7/6/2025,06:50:00 am,0,2025-07-06 06:50:00,8.342,8.68,0.00039999999999995595
EWR-1,7/6/2025,07:00:00 am,0,2025-07-06 07:00:00,8.3423,8.676,0.00030000000000001136
EWR-1,7/6/2025,07:10:00 am,0,2025-07-06 07:10:00,8.342,8.673,0.00030000000000001136
EWR-1,7/6/2025,07:20:00 am,0,2025-07-06 07:20:00,8.3422,8.67,0.00030000000000001136
EWR-1,7/6/2025,07:30:00 am,0,2025-07-06 07:30:00,8.3426,8.667,0.00030000000000001136
EWR-1,7/6/2025,07:40:00 am,0,2025-07-06 07:40:00,8.3421,8.664,0.00039999999999995595
EWR-1,7/6/2025,07:50:00 am,0,2025-07-06 07:50:00,8.3417,8.66,0.00030000000000001136
EWR-1,7/6/2025,08:00:00 am,0,2025-07-06 08:00:00,8.3419,8.657,0.00030000000000001136
EWR-1,7/6/2025,08:10:00 am,0,2025-07-06 08:10:00,8.3424,8.654,0.00030000000000001136
EWR-1,7/6/2025,08:20:00 am,0,2025-07-06 08:20:00,8.3426,8.651,0.0002000000000000668
EWR-1,7/6/2025,08:30:00 am,0,2025-07-06 08:30:00,8.3428,8.649,0.0002999999999998337
EWR-1,7/6/2025,08:40:00 am,0,2025-07-06 08:40:00,8.3426,8.646,0.0002000000000000668
EWR-1,7/6/2025,08:50:00 am,0,2025-07-06 08:50:00,8.3423,8.644,0.0002000000000000668
EWR-1,7/6/2025,09:00:00 am,0,2025-07-06 09:00:00,8.342,8.642,0.00030000000000001136
EWR-1,7/6/2025,09:10:00 am,0,2025-07-06 09:10:00,8.3418,8.639,9.999999999994457e-05
EWR-1,7/6/2025,09:20:00 am,0,2025-07-06 09:20:00,8.3417,8.638,0.0002000000000000668
EWR-1,7/6/2025,09:30:00 am,0,2025-07-06 09:30:00,8.3402,8.636,9.999999999994457e-05
EWR-1,7/6/2025,09:40:00 am,0,2025-07-06 09:40:00,8.3377,8.635,9.999999999994457e-05
EWR-1,7/6/2025,09:50:00 am,0,2025-07-06 09:50:00,8.3331,8.634,0.0
EWR-1,7/6/2025,10:00:00 am,0,2025-07-06 10:00:00,8.3288,8.634,0.00010000000000012221
EWR-1,7/6/2025,10:10:00 am,0,2025-07-06 10:10:00,8.3244,8.633,9.999999999994457e-05
EWR-1,7/6/2025,10:20:00 am,0,2025-07-06 10:20:00,8.3203,8.632,0.0
EWR-1,7/6/2025,10:30:00 am,0,2025-07-06 10:30:00,8.3159,8.632,9.999999999994457e-05
EWR-1,7/6/2025,10:40:00 am,0,2025-07-06 10:40:00,8.3124,8.631,0.0
EWR-1,7/6/2025,10:50:00 am,0,2025-07-06 10:50:00,8.3094,8.631,9.999999999994457e-05
EWR-1,7/6/2025,11:00:00 am,0,2025-07-06 11:00:00,8.3063,8.632,9.999999999994457e-05
EWR-1,7/6/2025,11:10:00 am,0,2025-07-06 11:10:00,8.3035,8.631,9.999999999994457e-05
EWR-1,7/6/2025,11:20:00 am,0,2025-07-06 11:20:00,8.2998,8.632,9.999999999994457e-05
EWR-1,7/6/2025,11:30:00 am,0,2025-07-06 11:30:00,8.2973,8.633,0.0
EWR-1,7/6/2025,11:40:00 am,0,2025-07-06 11:40:00,8.2941,8.633,0.00010000000000012221
EWR-1,7/6/2025,11:50:00 am,0,2025-07-06 11:50:00,8.2907,8.634,9.999999999994457e-05
EWR-1,7/6/2025,12:00:00 pm,0,2025-07-06 12:00:00,8.288,8.635,0.0002000000000000668
EWR-1,7/6/2025,12:10:00 pm,0,2025-07-06 12:10:00,8.2849,8.637,9.999999999994457e-05
EWR-1,7/6/2025,12:20:00 pm,0,2025-07-06 12:20:00,8.2824,8.638,0.0002000000000000668
EWR-1,7/6/2025,12:30:00 pm,0,2025-07-06 12:30:00,8.279,8.64,0.00019999999999988915
EWR-1,7/6/2025,12:40:00 pm,0,2025-07-06 12:40:00,8.2767,8.642,0.0002000000000000668
EWR-1,7/6/2025,12:50:00 pm,0,2025-07-06 12:50:00,8.2744,8.644,0.0002000000000000668
EWR-1,7/6/2025,01:00:00 pm,0,2025-07-06 13:00:00,8.2728,8.646,0.00019999999999988915
EWR-1,7/6/2025,01:10:00 pm,0,2025-07-06 13:10:00,8.27,8.648,0.0002000000000000668
EWR-1,7/6/2025,01:20:00 pm,0,2025-07-06 13:20:00,8.2676,8.65,0.00019999999999988915
EWR-1,7/6/2025,01:30:00 pm,0,2025-07-06 13:30:00,8.2657,8.652,0.00030000000000001136
EWR-1,7/6/2025,01:40:00 pm,0,2025-07-06 13:40:00,8.2641,8.655,0.0002000000000000668
EWR-1,7/6/2025,01:50:00 pm,0,2025-07-06 13:50:00,8.2624,8.657,0.00030000000000001136
EWR-1,7/6/2025,02:00:00 pm,0,2025-07-06 14:00:00,8.2603,8.66,0.0002000000000000668
EWR-1,7/6/2025,02:10:00 pm,0,2025-07-06 14:10:00,8.2576,8.662,0.0002999999999998337
EWR-1,7/6/2025,02:20:00 pm,0,2025-07-06 14:20:00,8.2562,8.665,0.00030000000000001136
EWR-1,7/6/2025,02:30:00 pm,0,2025-07-06 14:30:00,8.2551,8.668,0.00030000000000001136
EWR-1,7/6/2025,02:40:00 pm,0,2025-07-06 14:40:00,8.2545,8.671,0.00030000000000001136
EWR-1,7/6/2025,02:50:00 pm,0,2025-07-06 14:50:00,8.2536,8.674,0.00030000000000001136
EWR-1,7/6/2025,03:00:00 pm,0,2025-07-06 15:00:00,8.2517,8.677,0.00030000000000001136
EWR-1,7/6/2025,03:10:00 pm,0,2025-07-06 15:10:00,8.2507,8.68,0.00030000000000001136
EWR-1,7/6/2025,03:20:00 pm,0,2025-07-06 15:20:00,8.2493,8.683,0.00030000000000001136
EWR-1,7/6/2025,03:30:00 pm,0,2025-07-06 15:30:00,8.2486,8.686,0.00030000000000001136
EWR-1,7/6/2025,03:40:00 pm,0,2025-07-06 15:40:00,8.2474,8.689,0.00030000000000001136
EWR-1,7/6/2025,03:50:00 pm,0,2025-07-06 15:50:00,8.2469,8.692,0.0002000000000000668
EWR-1,7/6/2025,04:00:00 pm,0,2025-07-06 16:00:00,8.2454,8.694,0.0002999999999998337
EWR-1,7/6/2025,04:10:00 pm,0,2025-07-06 16:10:00,8.2443,8.697,0.00030000000000001136
EWR-1,7/6/2025,04:20:00 pm,0,2025-07-06 16:20:00,8.2437,8.7,0.00030000000000001136
EWR-1,7/6/2025,04:30:00 pm,0,2025-07-06 16:30:00,8.2432,8.703,0.00030000000000001136
EWR-1,7/6/2025,04:40:00 pm,0,2025-07-06 16:40:00,8.2423,8.706,0.00030000000000001136
EWR-1,7/6/2025,04:50:00 pm,0,2025-07-06 16:50:00,8.2425,8.709,0.00039999999999995595
EWR-1,7/6/2025,05:00:00 pm,0,2025-07-06 17:00:00,8.2418,8.713,0.00030000000000001136
EWR-1,7/6/2025,05:10:00 pm,0,2025-07-06 17:10:00,8.2411,8.716,0.0004000000000001336
EWR-1,7/6/2025,05:20:00 pm,0,2025-07-06 17:20:00,8.2421,8.72,0.00030000000000001136
EWR-1,7/6/2025,05:30:00 pm,0,2025-07-06 17:30:00,8.2432,8.723,0.00039999999999995595
EWR-1,7/6/2025,05:40:00 pm,0,2025-07-06 17:40:00,8.2432,8.727,0.00030000000000001136
EWR-1,7/6/2025,05:50:00 pm,0,2025-07-06 17:50:00,8.2424,8.73,0.00030000000000001136
EWR-1,7/6/2025,06:00:00 pm,0,2025-07-06 18:00:00,8.2443,8.733,0.00039999999999995595
EWR-1,7/6/2025,06:10:00 pm,0,2025-07-06 18:10:00,8.2466,8.737,0.0002000000000000668
EWR-1,7/6/2025,06:20:00 pm,0,2025-07-06 18:20:00,8.2472,8.739,0.00030000000000001136
EWR-1,7/6/2025,06:30:00 pm,0,2025-07-06 18:30:00,8.2479,8.742,0.0002999999999998337
EWR-1,7/6/2025,06:40:00 pm,0,2025-07-06 18:40:00,8.2491,8.745,0.00030000000000001136
EWR-1,7/6/2025,06:50:00 pm,0,2025-07-06 18:50:00,8.2501,8.748,0.00030000000000001136
EWR-1,7/6/2025,07:00:00 pm,0,2025-07-06 19:00:00,8.2519,8.751,0.00030000000000001136
EWR-1,7/6/2025,07:10:00 pm,0,2025-07-06 19:10:00,8.255,8.754,0.00030000000000001136
EWR-1,7/6/2025,07:20:00 pm,0,2025-07-06 19:20:00,8.2575,8.757,0.0002000000000000668
EWR-1,7/6/2025,07:30:00 pm,0,2025-07-06 19:30:00,8.2606,8.759,0.00019999999999988915
EWR-1,7/6/2025,07:40:00 pm,0,2025-07-06 19:40:00,8.2638,8.761,0.00030000000000001136
EWR-1,7/6/2025,07:50:00 pm,0,2025-07-06 19:50:00,8.2667,8.764,0.00010000000000012221
EWR-1,7/6/2025,08:00:00 pm,0,2025-07-06 20:00:00,8.2693,8.765,0.00019999999999988915
EWR-1,7/6/2025,08:10:00 pm,0,2025-07-06 20:10:00,8.2719,8.767,0.00010000000000012221
EWR-1,7/6/2025,08:20:00 pm,0,2025-07-06 20:20:00,8.2745,8.768,9.999999999994457e-05
EWR-1,7/6/2025,08:30:00 pm,0,2025-07-06 20:30:00,8.2778,8.769,0.0002000000000000668
EWR-1,7/6/2025,08:40:00 pm,0,2025-07-06 20:40:00,8.2806,8.771,9.999999999994457e-05
EWR-1,7/6/2025,08:50:00 pm,0,2025-07-06 20:50:00,8.2821,8.772,9.999999999994457e-05
EWR-1,7/6/2025,09:00:00 pm,0,2025-07-06 21:00:00,8.2839,8.773,9.999999999994457e-05
EWR-1,7/6/2025,09:10:00 pm,0,2025-07-06 21:10:00,8.2863,8.774,0.0002000000000000668
EWR-1,7/6/2025,09:20:00 pm,0,2025-07-06 21:20:00,8.2887,8.776,9.999999999994457e-05
EWR-1,7/6/2025,09:30:00 pm,0,2025-07-06 21:30:00,8.2909,8.777,0.0
EWR-1,7/6/2025,09:40:00 pm,0,2025-07-06 21:40:00,8.2928,8.777,0.0002000000000000668
EWR-1,7/6/2025,09:50:00 pm,0,2025-07-06 21:50:00,8.2949,8.779,9.999999999994457e-05
EWR-1,7/6/2025,10:00:00 pm,0,2025-07-06 22:00:00,8.296,8.78,0.00010000000000012221
EWR-1,7/6/2025,10:10:00 pm,0,2025-07-06 22:10:00,8.2972,8.781,9.999999999994457e-05
EWR-1,7/6/2025,10:20:00 pm,0,2025-07-06 22:20:00,8.2983,8.782,9.999999999994457e-05
EWR-1,7/6/2025,10:30:00 pm,0,2025-07-06 22:30:00,8.2987,8.783,0.00010000000000012221
EWR-1,7/6/2025,10:40:00 pm,0,2025-07-06 22:40:00,8.2998,8.784,9.999999999994457e-05
EWR-1,7/6/2025,10:50:00 pm,0,2025-07-06 22:50:00,8.3004,8.785,9.999999999994457e-05
EWR-1,7/6/2025,11:00:00 pm,0,2025-07-06 23:00:00,8.3007,8.786,0.0
EWR-1,7/6/2025,11:10:00 pm,0,2025-07-06 23:10:00,8.301,8.786,0.00010000000000012221
EWR-1,7/6/2025,11:20:00 pm,0,2025-07-06 23:20:00,8.302,8.787,9.999999999994457e-05
EWR-1,7/6/2025,11:30:00 pm,0,2025-07-06 23:30:00,8.3033,8.788,9.999999999994457e-05
EWR-1,7/6/2025,11:40:00 pm,0,2025-07-06 23:40:00,8.3035,8.789,0.0
EWR-1,7/6/2025,11:50:00 pm,0,2025-07-06 23:50:00,8.3046,8.789,9.999999999994457e-05
EWR-1,7/7/2025,12:00:00 am,0,2025-07-07 00:00:00,8.306,8.79,0.0
EWR-1,7/7/2025,12:10:00 am,0,2025-07-07 00:10:00,8.3064,8.79,0.00010000000000012221
EWR-1,7/7/2025,12:20:00 am,0,2025-07-07 00:20:00,8.3063,8.791,9.999999999994457e-05
EWR-1,7/7/2025,12:30:00 am,0,2025-07-07 00:30:00,8.3073,8.792,9.999999999994457e-05
EWR-1,7/7/2025,12:40:00 am,0,2025-07-07 00:40:00,8.3075,8.793,0.0
EWR-1,7/7/2025,12:50:00 am,0,2025-07-07 00:50:00,8.3071,8.793,0.00010000000000012221
EWR-1,7/7/2025,01:00:00 am,0,2025-07-07 01:00:00,8.3077,8.794,0.0
EWR-1,7/7/2025,01:10:00 am,0,2025-07-07 01:10:00,8.3081,8.794,0.0
EWR-1,7/7/2025,01:20:00 am,0,2025-07-07 01:20:00,8.3088,8.794,0.0
EWR-1,7/7/2025,01:30:00 am,0,2025-07-07 01:30:00,8.3095,8.794,0.0
EWR-1,7/7/2025,01:40:00 am,0,2025-07-07 01:40:00,8.3104,8.794,0.0
EWR-1,7/7/2025,01:50:00 am,0,2025-07-07 01:50:00,8.3105,8.794,0.0
EWR-1,7/7/2025,02:00:00 am,0,2025-07-07 02:00:00,8.3105,8.794,0.0
EWR-1,7/7/2025,02:10:00 am,0,2025-07-07 02:10:00,8.3109,8.794,0.0
EWR-1,7/7/2025,02:20:00 am,0,2025-07-07 02:20:00,8.3107,8.794,0.00010000000000012221
EWR-1,7/7/2025,02:30:00 am,0,2025-07-07 02:30:00,8.3107,8.793,0.0
EWR-1,7/7/2025,02:40:00 am,0,2025-07-07 02:40:00,8.3105,8.793,0.0
EWR-1,7/7/2025,02:50:00 am,0,2025-07-07 02:50:00,8.3112,8.793,9.999999999994457e-05
EWR-1,7/7/2025,03:00:00 am,0,2025-07-07 03:00:00,8.3111,8.792,9.999999999994457e-05
EWR-1,7/7/2025,03:10:00 am,0,2025-07-07 03:10:00,8.3112,8.791,0.0
EWR-1,7/7/2025,03:20:00 am,0,2025-07-07 03:20:00,8.3111,8.791,0.00010000000000012221
EWR-1,7/7/2025,03:30:00 am,0,2025-07-07 03:30:00,8.3108,8.79,9.999999999994457e-05
EWR-1,7/7/2025,03:40:00 am,0,2025-07-07 03:40:00,8.3113,8.789,0.0
EWR-1,7/7/2025,03:50:00 am,0,2025-07-07 03:50:00,8.3113,8.789,0.00019999999999988915
EWR-1,7/7/2025,04:00:00 am,0,2025-07-07 04:00:00,8.3117,8.787,0.0
EWR-1,7/7/2025,04:10:00 am,0,2025-07-07 04:10:00,8.3121,8.787,0.0002000000000000668
EWR-1,7/7/2025,04:20:00 am,0,2025-07-07 04:20:00,8.3128,8.785,9.999999999994457e-05
EWR-1,7/7/2025,04:30:00 am,0,2025-07-07 04:30:00,8.313,8.784,0.0002000000000000668
EWR-1,7/7/2025,04:40:00 am,0,2025-07-07 04:40:00,8.3139,8.782,9.999999999994457e-05
EWR-1,7/7/2025,04:50:00 am,0,2025-07-07 04:50:00,8.315,8.781,0.00010000000000012221
EWR-1,7/7/2025,05:00:00 am,0,2025-07-07 05:00:00,8.3158,8.78,0.00019999999999988915
EWR-1,7/7/2025,05:10:00 am,0,2025-07-07 05:10:00,8.3163,8.778,0.00010000000000012221
EWR-1,7/7/2025,05:20:00 am,0,2025-07-07 05:20:00,8.3163,8.777,0.00019999999999988915
EWR-1,7/7/2025,05:30:00 am,0,2025-07-07 05:30:00,8.317,8.775,0.0002000000000000668
EWR-1,7/7/2025,05:40:00 am,0,2025-07-07 05:40:00,8.3175,8.773,9.999999999994457e-05
EWR-1,7/7/2025,05:50:00 am,0,2025-07-07 05:50:00,8.3176,8.772,0.0002000000000000668
EWR-1,7/7/2025,06:00:00 am,0,2025-07-07 06:00:00,8.3182,8.77,0.00030000000000001136
EWR-1,7/7/2025,06:10:00 am,0,2025-07-07 06:10:00,8.3188,8.767,0.00019999999999988915
EWR-1,7/7/2025,06:20:00 am,0,2025-07-07 06:20:00,8.3189,8.765,0.00010000000000012221
EWR-1,7/7/2025,06:30:00 am,0,2025-07-07 06:30:00,8.3191,8.764,0.00030000000000001136
EWR-1,7/7/2025,06:40:00 am,0,2025-07-07 06:40:00,8.32,8.761,9.999999999994457e-05
EWR-1,7/7/2025,06:50:00 am,0,2025-07-07 06:50:00,8.3202,8.76,0.00030000000000001136
EWR-1,7/7/2025,07:00:00 am,0,2025-07-07 07:00:00,8.3208,8.757,0.00019999999999988915
EWR-1,7/7/2025,07:10:00 am,0,2025-07-07 07:10:00,8.3205,8.755,0.0002000000000000668
EWR-1,7/7/2025,07:20:00 am,0,2025-07-07 07:20:00,8.3218,8.753,0.0002000000000000668
EWR-1,7/7/2025,07:30:00 am,0,2025-07-07 07:30:00,8.3227,8.751,0.00019999999999988915
EWR-1,7/7/2025,07:40:00 am,0,2025-07-07 07:40:00,8.3229,8.749,0.0002000000000000668
EWR-1,7/7/2025,07:50:00 am,0,2025-07-07 07:50:00,8.3226,8.747,0.0002000000000000668
EWR-1,7/7/2025,08:00:00 am,0,2025-07-07 08:00:00,8.3232,8.745,9.999999999994457e-05
EWR-1,7/7/2025,08:10:00 am,0,2025-07-07 08:10:00,8.3235,8.744,0.00030000000000001136
EWR-1,7/7/2025,08:20:00 am,0,2025-07-07 08:20:00,8.3237,8.741,9.999999999994457e-05
EWR-1,7/7/2025,08:30:00 am,0,2025-07-07 08:30:00,8.3237,8.74,0.0002000000000000668
EWR-1,7/7/2025,08:40:00 am,0,2025-07-07 08:40:00,8.3238,8.738,9.999999999994457e-05
EWR-1,7/7/2025,08:50:00 am,0,2025-07-07 08:50:00,8.324,8.737,9.999999999994457e-05
EWR-1,7/7/2025,09:00:00 am,0,2025-07-07 09:00:00,8.3238,8.736,0.00010000000000012221
EWR-1,7/7/2025,09:10:00 am,0,2025-07-07 09:10:00,8.3229,8.735,9.999999999994457e-05
EWR-1,7/7/2025,09:20:00 am,0,2025-07-07 09:20:00,8.3221,8.734,9.999999999994457e-05
EWR-1,7/7/2025,09:30:00 am,0,2025-07-07 09:30:00,8.3198,8.733,9.999999999994457e-05
EWR-1,7/7/2025,09:40:00 am,0,2025-07-07 09:40:00,8.3162,8.734,0.0
EWR-1,7/7/2025,09:50:00 am,0,2025-07-07 09:50:00,8.3123,8.734,0.0
EWR-1,7/7/2025,10:00:00 am,0,2025-07-07 10:00:00,8.309,8.734,9.999999999994457e-05
EWR-1,7/7/2025,10:10:00 am,0,2025-07-07 10:10:00,8.3049,8.735,0.0
EWR-1,7/7/2025,10:20:00 am,0,2025-07-07 10:20:00,8.3006,8.735,0.00010000000000012221
EWR-1,7/7/2025,10:30:00 am,0,2025-07-07 10:30:00,8.2966,8.736,9.999999999994457e-05
EWR-1,7/7/2025,10:40:00 am,0,2025-07-07 10:40:00,8.2929,8.737,9.999999999994457e-05
EWR-1,7/7/2025,10:50:00 am,0,2025-07-07 10:50:00,8.289,8.738,0.00010000000000012221
EWR-1,7/7/2025,11:00:00 am,0,2025-07-07 11:00:00,8.2852,8.739,9.999999999994457e-05
EWR-1,7/7/2025,11:10:00 am,0,2025-07-07 11:10:00,8.2819,8.74,0.0
EWR-1,7/7/2025,11:20:00 am,0,2025-07-07 11:20:00,8.279,8.74,9.999999999994457e-05
EWR-1,7/7/2025,11:30:00 am,0,2025-07-07 11:30:00,8.2765,8.741,0.0002000000000000668
EWR-1,7/7/2025,11:40:00 am,0,2025-07-07 11:40:00,8.2743,8.743,9.999999999994457e-05
EWR-1,7/7/2025,11:50:00 am,0,2025-07-07 11:50:00,8.2731,8.744,0.0002000000000000668
EWR-1,7/7/2025,12:00:00 pm,0,2025-07-07 12:00:00,8.2706,8.746,9.999999999994457e-05
EWR-1,7/7/2025,12:10:00 pm,0,2025-07-07 12:10:00,8.2691,8.747,0.00030000000000001136
EWR-1,7/7/2025,12:20:00 pm,0,2025-07-07 12:20:00,8.2668,8.75,0.0002000000000000668
EWR-1,7/7/2025,12:30:00 pm,0,2025-07-07 12:30:00,8.2649,8.752,0.00019999999999988915
EWR-1,7/7/2025,12:40:00 pm,0,2025-07-07 12:40:00,8.2617,8.754,0.0002000000000000668
EWR-1,7/7/2025,12:50:00 pm,0,2025-07-07 12:50:00,8.2599,8.756,0.00030000000000001136
EWR-1,7/7/2025,01:00:00 pm,0,2025-07-07 13:00:00,8.2566,8.759,0.00019999999999988915
EWR-1,7/7/2025,01:10:00 pm,0,2025-07-07 13:10:00,8.2545,8.761,0.00030000000000001136
EWR-1,7/7/2025,01:20:00 pm,0,2025-07-07 13:20:00,8.2519,8.764,0.00030000000000001136
EWR-1,7/7/2025,01:30:00 pm,0,2025-07-07 13:30:00,8.2507,8.767,0.00030000000000001136
EWR-1,7/7/2025,01:40:00 pm,0,2025-07-07 13:40:00,8.2489,8.77,0.00030000000000001136
EWR-1,7/7/2025,01:50:00 pm,0,2025-07-07 13:50:00,8.2478,8.773,0.00030000000000001136
EWR-1,7/7/2025,02:00:00 pm,0,2025-07-07 14:00:00,8.2456,8.776,0.00030000000000001136
EWR-1,7/7/2025,02:10:00 pm,0,2025-07-07 14:10:00,8.2452,8.779,0.00030000000000001136
EWR-1,7/7/2025,02:20:00 pm,0,2025-07-07 14:20:00,8.2447,8.782,0.00039999999999995595
EWR-1,7/7/2025,02:30:00 pm,0,2025-07-07 14:30:00,8.2443,8.786,0.0002000000000000668
EWR-1,7/7/2025,02:40:00 pm,0,2025-07-07 14:40:00,8.2436,8.788,0.00039999999999995595
EWR-1,7/7/2025,02:50:00 pm,0,2025-07-07 14:50:00,8.2422,8.792,0.00039999999999995595
EWR-1,7/7/2025,03:00:00 pm,0,2025-07-07 15:00:00,8.241,8.796,0.00030000000000001136
EWR-1,7/7/2025,03:10:00 pm,0,2025-07-07 15:10:00,8.2406,8.799,0.0004000000000001336
EWR-1,7/7/2025,03:20:00 pm,0,2025-07-07 15:20:00,8.2396,8.803,0.0002999999999998337
EWR-1,7/7/2025,03:30:00 pm,0,2025-07-07 15:30:00,8.2396,8.806,0.00030000000000001136
EWR-1,7/7/2025,03:40:00 pm,0,2025-07-07 15:40:00,8.2399,8.809,0.00030000000000001136
EWR-1,7/7/2025,03:50:00 pm,0,2025-07-07 15:50:00,8.2397,8.812,0.0004000000000001336
EWR-1,7/7/2025,04:00:00 pm,0,2025-07-07 16:00:00,8.2401,8.816,0.00030000000000001136
EWR-1,7/7/2025,04:10:00 pm,0,2025-07-07 16:10:00,8.2396,8.819,0.0002999999999998337
EWR-1,7/7/2025,04:20:00 pm,0,2025-07-07 16:20:00,8.2396,8.822,0.0004000000000001336
EWR-1,7/7/2025,04:30:00 pm,0,2025-07-07 16:30:00,8.2393,8.826,0.00030000000000001136
EWR-1,7/7/2025,04:40:00 pm,0,2025-07-07 16:40:00,8.2396,8.829,0.00030000000000001136
EWR-1,7/7/2025,04:50:00 pm,0,2025-07-07 16:50:00,8.239,8.832,0.00039999999999995595
EWR-1,7/7/2025,05:00:00 pm,0,2025-07-07 17:00:00,8.2396,8.836,0.00039999999999995595
EWR-1,7/7/2025,05:10:00 pm,0,2025-07-07 17:10:00,8.2391,8.84,0.00039999999999995595
EWR-1,7/7/2025,05:20:00 pm,0,2025-07-07 17:20:00,8.24,8.844,0.0004000000000001336
EWR-1,7/7/2025,05:30:00 pm,0,2025-07-07 17:30:00,8.2407,8.848,0.00030000000000001136
EWR-1,7/7/2025,05:40:00 pm,0,2025-07-07 17:40:00,8.2424,8.851,0.00039999999999995595
EWR-1,7/7/2025,05:50:00 pm,0,2025-07-07 17:50:00,8.2449,8.855,0.00039999999999995595
EWR-1,7/7/2025,06:00:00 pm,0,2025-07-07 18:00:00,8.246,8.859,0.00030000000000001136
EWR-1,7/7/2025,06:10:00 pm,0,2025-07-07 18:10:00,8.2477,8.862,0.00039999999999995595
EWR-1,7/7/2025,06:20:00 pm,0,2025-07-07 18:20:00,8.25,8.866,0.00030000000000001136
EWR-1,7/7/2025,06:30:00 pm,0,2025-07-07 18:30:00,8.2523,8.869,0.00039999999999995595
EWR-1,7/7/2025,06:40:00 pm,0,2025-07-07 18:40:00,8.2553,8.873,0.00030000000000001136
EWR-1,7/7/2025,06:50:00 pm,0,2025-07-07 18:50:00,8.2569,8.876,0.00030000000000001136
EWR-1,7/7/2025,07:00:00 pm,0,2025-07-07 19:00:00,8.2598,8.879,0.00030000000000001136
EWR-1,7/7/2025,07:10:00 pm,0,2025-07-07 19:10:00,8.2634,8.882,0.00030000000000001136
EWR-1,7/7/2025,07:20:00 pm,0,2025-07-07 19:20:00,8.2669,8.885,0.00030000000000001136
EWR-1,7/7/2025,07:30:00 pm,0,2025-07-07 19:30:00,8.2708,8.888,0.00030000000000001136
EWR-1,7/7/2025,07:40:00 pm,0,2025-07-07 19:40:00,8.2736,8.891,0.0002000000000000668
EWR-1,7/7/2025,07:50:00 pm,0,2025-07-07 19:50:00,8.277,8.893,0.00019999999999988915
EWR-1,7/7/2025,08:00:00 pm,0,2025-07-07 20:00:00,8.2799,8.895,0.0002000000000000668
EWR-1,7/7/2025,08:10:00 pm,0,2025-07-07 20:10:00,8.2827,8.897,0.00019999999999988915
EWR-1,7/7/2025,08:20:00 pm,0,2025-07-07 20:20:00,8.2842,8.899,0.0002000000000000668
EWR-1,7/7/2025,08:30:00 pm,0,2025-07-07 20:30:00,8.2875,8.901,9.999999999994457e-05
EWR-1,7/7/2025,08:40:00 pm,0,2025-07-07 20:40:00,8.2894,8.902,0.00010000000000012221
EWR-1,7/7/2025,08:50:00 pm,0,2025-07-07 20:50:00,8.2919,8.903,0.00019999999999988915
EWR-1,7/7/2025,09:00:00 pm,0,2025-07-07 21:00:00,8.2944,8.905,0.00010000000000012221
EWR-1,7/7/2025,09:10:00 pm,0,2025-07-07 21:10:00,8.2971,8.906,0.00019999999999988915
EWR-1,7/7/2025,09:20:00 pm,0,2025-07-07 21:20:00,8.2993,8.908,0.00010000000000012221
EWR-1,7/7/2025,09:30:00 pm,0,2025-07-07 21:30:00,8.3022,8.909,0.00019999999999988915
EWR-1,7/7/2025,09:40:00 pm,0,2025-07-07 21:40:00,8.3045,8.911,0.00010000000000012221
EWR-1,7/7/2025,09:50:00 pm,0,2025-07-07 21:50:00,8.3067,8.912,9.999999999994457e-05
EWR-1,7/7/2025,10:00:00 pm,0,2025-07-07 22:00:00,8.3088,8.913,0.00019999999999988915
EWR-1,7/7/2025,10:10:00 pm,0,2025-07-07 22:10:00,8.3109,8.915,0.00010000000000012221
EWR-1,7/7/2025,10:20:00 pm,0,2025-07-07 22:20:00,8.3122,8.916,9.999999999994457e-05
EWR-1,7/7/2025,10:30:00 pm,0,2025-07-07 22:30:00,8.3139,8.917,0.0002000000000000668
EWR-1,7/7/2025,10:40:00 pm,0,2025-07-07 22:40:00,8.3156,8.919,9.999999999994457e-05
EWR-1,7/7/2025,10:50:00 pm,0,2025-07-07 22:50:00,8.3175,8.92,9.999999999994457e-05
EWR-1,7/7/2025,11:00:00 pm,0,2025-07-07 23:00:00,8.3187,8.921,0.0002000000000000668
EWR-1,7/7/2025,11:10:00 pm,0,2025-07-07 23:10:00,8.3195,8.923,0.0
EWR-1,7/7/2025,11:20:00 pm,0,2025-07-07 23:20:00,8.3199,8.923,0.0002000000000000668
EWR-1,7/7/2025,11:30:00 pm,0,2025-07-07 23:30:00,8.3208,8.925,0.0
EWR-1,7/7/2025,11:40:00 pm,0,2025-07-07 23:40:00,8.3212,8.925,9.999999999994457e-05
EWR-1,7/7/2025,11:50:00 pm,0,2025-07-07 23:50:00,8.3229,8.926,9.999999999994457e-05
EWR-1,7/8/2025,12:00:00 am,0,2025-07-08 00:00:00,8.3238,8.927,0.0
EWR-1,7/8/2025,12:10:00 am,0,2025-07-08 00:10:00,8.3244,8.927,0.00010000000000012221
EWR-1,7/8/2025,12:20:00 am,0,2025-07-08 00:20:00,8.3249,8.928,9.999999999994457e-05
EWR-1,7/8/2025,12:30:00 am,0,2025-07-08 00:30:00,8.3252,8.929,9.999999999994457e-05
EWR-1,7/8/2025,12:40:00 am,0,2025-07-08 00:40:00,8.3252,8.93,0.0
EWR-1,7/8/2025,12:50:00 am,0,2025-07-08 00:50:00,8.326,8.93,0.0
EWR-1,7/8/2025,01:00:00 am,0,2025-07-08 01:00:00,8.3269,8.93,9.999999999994457e-05
EWR-1,7/8/2025,01:10:00 am,0,2025-07-08 01:10:00,8.3276,8.931,0.0
EWR-1,7/8/2025,01:20:00 am,0,2025-07-08 01:20:00,8.3281,8.931,0.00010000000000012221
EWR-1,7/8/2025,01:30:00 am,0,2025-07-08 01:30:00,8.3293,8.932,0.0
EWR-1,7/8/2025,01:40:00 am,0,2025-07-08 01:40:00,8.329,8.932,0.0
EWR-1,7/8/2025,01:50:00 am,0,2025-07-08 01:50:00,8.3307,8.932,0.0
EWR-1,7/8/2025,02:00:00 am,0,2025-07-08 02:00:00,8.3316,8.932,0.0
EWR-1,7/8/2025,02:10:00 am,0,2025-07-08 02:10:00,8.3318,8.932,0.0
EWR-1,7/8/2025,02:20:00 am,0,2025-07-08 02:20:00,8.3321,8.932,0.0
EWR-1,7/8/2025,02:30:00 am,0,2025-07-08 02:30:00,8.3325,8.932,0.00010000000000012221
EWR-1,7/8/2025,02:40:00 am,0,2025-07-08 02:40:00,8.3331,8.931,9.999999999994457e-05
EWR-1,7/8/2025,02:50:00 am,0,2025-07-08 02:50:00,8.3324,8.93,9.999999999994457e-05
EWR-1,7/8/2025,03:00:00 am,0,2025-07-08 03:00:00,8.332,8.929,0.0
EWR-1,7/8/2025,03:10:00 am,0,2025-07-08 03:10:00,8.3324,8.929,9.999999999994457e-05
EWR-1,7/8/2025,03:20:00 am,0,2025-07-08 03:20:00,8.333,8.928,0.00010000000000012221
EWR-1,7/8/2025,03:30:00 am,0,2025-07-08 03:30:00,8.3332,8.927,9.999999999994457e-05
EWR-1,7/8/2025,03:40:00 am,0,2025-07-08 03:40:00,8.3335,8.926,9.999999999994457e-05
EWR-1,7/8/2025,03:50:00 am,0,2025-07-08 03:50:00,8.3346,8.925,0.00010000000000012221
EWR-1,7/8/2025,04:00:00 am,0,2025-07-08 04:00:00,8.3359,8.924,0.00019999999999988915
EWR-1,7/8/2025,04:10:00 am,0,2025-07-08 04:10:00,8.3359,8.922,0.00010000000000012221
EWR-1,7/8/2025,04:20:00 am,0,2025-07-08 04:20:00,8.3361,8.921,9.999999999994457e-05
EWR-1,7/8/2025,04:30:00 am,0,2025-07-08 04:30:00,8.3368,8.92,9.999999999994457e-05
EWR-1,7/8/2025,04:40:00 am,0,2025-07-08 04:40:00,8.3373,8.919,0.0002000000000000668
EWR-1,7/8/2025,04:50:00 am,0,2025-07-08 04:50:00,8.3376,8.917,0.0002000000000000668
EWR-1,7/8/2025,05:00:00 am,0,2025-07-08 05:00:00,8.3383,8.915,9.999999999994457e-05
EWR-1,7/8/2025,05:10:00 am,0,2025-07-08 05:10:00,8.3395,8.914,0.00019999999999988915
EWR-1,7/8/2025,05:20:00 am,0,2025-07-08 05:20:00,8.3408,8.912,0.0002000000000000668
EWR-1,7/8/2025,05:30:00 am,0,2025-07-08 05:30:00,8.3413,8.91,0.0002000000000000668
EWR-1,7/8/2025,05:40:00 am,0,2025-07-08 05:40:00,8.3421,8.908,0.00019999999999988915
EWR-1,7/8/2025,05:50:00 am,0,2025-07-08 05:50:00,8.3426,8.906,0.0002000000000000668
EWR-1,7/8/2025,06:00:00 am,0,2025-07-08 06:00:00,8.3428,8.904,0.0002000000000000668
EWR-1,7/8/2025,06:10:00 am,0,2025-07-08 06:10:00,8.3435,8.902,0.00019999999999988915
EWR-1,7/8/2025,06:20:00 am,0,2025-07-08 06:20:00,8.3442,8.9,0.00030000000000001136
EWR-1,7/8/2025,06:30:00 am,0,2025-07-08 06:30:00,8.3447,8.897,0.0002000000000000668
EWR-1,7/8/2025,06:40:00 am,0,2025-07-08 06:40:00,8.3462,8.895,0.00019999999999988915
EWR-1,7/8/2025,06:50:00 am,0,2025-07-08 06:50:00,8.3472,8.893,0.0002000000000000668
EWR-1,7/8/2025,07:00:00 am,0,2025-07-08 07:00:00,8.348,8.891,0.00030000000000001136
EWR-1,7/8/2025,07:10:00 am,0,2025-07-08 07:10:00,8.3486,8.888,0.0002000000000000668
EWR-1,7/8/2025,07:20:00 am,0,2025-07-08 07:20:00,8.3484,8.886,0.00019999999999988915
EWR-1,7/8/2025,07:30:00 am,0,2025-07-08 07:30:00,8.3488,8.884,0.00030000000000001136
EWR-1,7/8/2025,07:40:00 am,0,2025-07-08 07:40:00,8.3493,8.881,0.0002000000000000668
EWR-1,7/8/2025,07:50:00 am,0,2025-07-08 07:50:00,8.3504,8.879,0.00019999999999988915
EWR-1,7/8/2025,08:00:00 am,0,2025-07-08 08:00:00,8.3507,8.877,0.0002000000000000668
EWR-1,7/8/2025,08:10:00 am,0,2025-07-08 08:10:00,8.351,8.875,0.00030000000000001136
EWR-1,7/8/2025,08:20:00 am,0,2025-07-08 08:20:00,8.3513,8.872,0.0002000000000000668
EWR-1,7/8/2025,08:30:00 am,0,2025-07-08 08:30:00,8.3509,8.87,0.00019999999999988915
EWR-1,7/8/2025,08:40:00 am,0,2025-07-08 08:40:00,8.3515,8.868,9.999999999994457e-05
EWR-1,7/8/2025,08:50:00 am,0,2025-07-08 08:50:00,8.3514,8.867,0.00010000000000012221
EWR-1,7/8/2025,09:00:00 am,0,2025-07-08 09:00:00,8.3518,8.866,0.00019999999999988915
EWR-1,7/8/2025,09:10:00 am,0,2025-07-08 09:10:00,8.3509,8.864,0.00010000000000012221
EWR-1,7/8/2025,09:20:00 am,0,2025-07-08 09:20:00,8.3502,8.863,0.0
EWR-1,7/8/2025,09:30:00 am,0,2025-07-08 09:30:00,8.3484,8.863,9.999999999994457e-05
EWR-1,7/8/2025,09:40:00 am,0,2025-07-08 09:40:00,8.3442,8.862,9.999999999994457e-05
EWR-1,7/8/2025,09:50:00 am,0,2025-07-08 09:50:00,8.3402,8.863,0.00010000000000012221
EWR-1,7/8/2025,10:00:00 am,0,2025-07-08 10:00:00,8.3356,8.864,0.0
EWR-1,7/8/2025,10:10:00 am,0,2025-07-08 10:10:00,8.332,8.864,9.999999999994457e-05
EWR-1,7/8/2025,10:20:00 am,0,2025-07-08 10:20:00,8.3283,8.865,9.999999999994457e-05
EWR-1,7/8/2025,10:30:00 am,0,2025-07-08 10:30:00,8.3248,8.866,0.00010000000000012221
EWR-1,7/8/2025,10:40:00 am,0,2025-07-08 10:40:00,8.3218,8.867,9.999999999994457e-05
EWR-1,7/8/2025,10:50:00 am,0,2025-07-08 10:50:00,8.3168,8.868,0.0
EWR-1,7/8/2025,11:00:00 am,0,2025-07-08 11:00:00,8.3147,8.868,0.0
EWR-1,7/8/2025,11:10:00 am,0,2025-07-08 11:10:00,8.3113,8.868,0.0
EWR-1,7/8/2025,11:20:00 am,0,2025-07-08 11:20:00,8.3092,8.868,9.999999999994457e-05
EWR-1,7/8/2025,11:30:00 am,0,2025-07-08 11:30:00,8.3072,8.869,9.999999999994457e-05
EWR-1,7/8/2025,11:40:00 am,0,2025-07-08 11:40:00,8.3037,8.87,0.00010000000000012221
EWR-1,7/8/2025,11:50:00 am,0,2025-07-08 11:50:00,8.3019,8.871,9.999999999994457e-05
EWR-1,7/8/2025,12:00:00 pm,0,2025-07-08 12:00:00,8.3008,8.872,0.0002000000000000668
EWR-1,7/8/2025,12:10:00 pm,0,2025-07-08 12:10:00,8.2994,8.874,0.00019999999999988915
EWR-1,7/8/2025,12:20:00 pm,0,2025-07-08 12:20:00,8.2969,8.876,0.00010000000000012221
EWR-1,7/8/2025,12:30:00 pm,0,2025-07-08 12:30:00,8.2947,8.877,0.00030000000000001136
EWR-1,7/8/2025,12:40:00 pm,0,2025-07-08 12:40:00,8.2934,8.88,0.00019999999999988915
EWR-1,7/8/2025,12:50:00 pm,0,2025-07-08 12:50:00,8.2917,8.882,0.0002000000000000668
EWR-1,7/8/2025,01:00:00 pm,0,2025-07-08 13:00:00,8.2908,8.884,0.00030000000000001136
EWR-1,7/8/2025,01:10:00 pm,0,2025-07-08 13:10:00,8.2888,8.887,0.00019999999999988915
EWR-1,7/8/2025,01:20:00 pm,0,2025-07-08 13:20:00,8.2877,8.889,0.00030000000000001136
EWR-1,7/8/2025,01:30:00 pm,0,2025-07-08 13:30:00,8.2862,8.892,0.00030000000000001136
EWR-1,7/8/2025,01:40:00 pm,0,2025-07-08 13:40:00,8.2862,8.895,0.0002000000000000668
EWR-1,7/8/2025,01:50:00 pm,0,2025-07-08 13:50:00,8.2835,8.897,0.00030000000000001136
EWR-1,7/8/2025,02:00:00 pm,0,2025-07-08 14:00:00,8.2839,8.9,0.00019999999999988915
EWR-1,7/8/2025,02:10:00 pm,0,2025-07-08 14:10:00,8.2833,8.902,0.00030000000000001136
EWR-1,7/8/2025,02:20:00 pm,0,2025-07-08 14:20:00,8.2819,8.905,0.00030000000000001136
EWR-1,7/8/2025,02:30:00 pm,0,2025-07-08 14:30:00,8.2818,8.908,0.0004000000000001336
EWR-1,7/8/2025,02:40:00 pm,0,2025-07-08 14:40:00,8.2798,8.912,0.0002999999999998337
EWR-1,7/8/2025,02:50:00 pm,0,2025-07-08 14:50:00,8.2787,8.915,0.00030000000000001136
EWR-1,7/8/2025,03:00:00 pm,0,2025-07-08 15:00:00,8.2787,8.918,0.00030000000000001136
EWR-1,7/8/2025,03:10:00 pm,0,2025-07-08 15:10:00,8.2784,8.921,0.00030000000000001136
EWR-1,7/8/2025,03:20:00 pm,0,2025-07-08 15:20:00,8.279,8.924,0.00030000000000001136
EWR-1,7/8/2025,03:30:00 pm,0,2025-07-08 15:30:00,8.278,8.927,0.00030000000000001136
EWR-1,7/8/2025,03:40:00 pm,0,2025-07-08 15:40:00,8.2777,8.93,0.00030000000000001136
EWR-1,7/8/2025,03:50:00 pm,0,2025-07-08 15:50:00,8.2772,8.933,0.00030000000000001136
EWR-1,7/8/2025,04:00:00 pm,0,2025-07-08 16:00:00,8.2785,8.936,0.00030000000000001136
EWR-1,7/8/2025,04:10:00 pm,0,2025-07-08 16:10:00,8.277,8.939,0.00030000000000001136
EWR-1,7/8/2025,04:20:00 pm,0,2025-07-08 16:20:00,8.2778,8.942,0.00030000000000001136
EWR-1,7/8/2025,04:30:00 pm,0,2025-07-08 16:30:00,8.2765,8.945,0.00030000000000001136
EWR-1,7/8/2025,04:40:00 pm,0,2025-07-08 16:40:00,8.2745,8.948,0.00019999999999988915
EWR-1,7/8/2025,04:50:00 pm,0,2025-07-08 16:50:00,8.2735,8.95,0.0004000000000001336
EWR-1,7/8/2025,05:00:00 pm,0,2025-07-08 17:00:00,8.2732,8.954,0.00030000000000001136
EWR-1,7/8/2025,05:10:00 pm,0,2025-07-08 17:10:00,8.2737,8.957,0.00030000000000001136
EWR-1,7/8/2025,05:20:00 pm,0,2025-07-08 17:20:00,8.2748,8.96,0.0002999999999998337
EWR-1,7/8/2025,05:30:00 pm,0,2025-07-08 17:30:00,8.2747,8.963,0.0004000000000001336
EWR-1,7/8/2025,05:40:00 pm,0,2025-07-08 17:40:00,8.2769,8.967,0.00019999999999988915
EWR-1,7/8/2025,05:50:00 pm,0,2025-07-08 17:50:00,8.2787,8.969,0.0004000000000001336
EWR-1,7/8/2025,06:00:00 pm,0,2025-07-08 18:00:00,8.2796,8.973,0.00030000000000001136
EWR-1,7/8/2025,06:10:00 pm,0,2025-07-08 18:10:00,8.2813,8.976,0.0002999999999998337
EWR-1,7/8/2025,06:20:00 pm,0,2025-07-08 18:20:00,8.2817,8.979,0.0002000000000000668
EWR-1,7/8/2025,06:30:00 pm,0,2025-07-08 18:30:00,8.2842,8.981,0.00030000000000001136
EWR-1,7/8/2025,06:40:00 pm,0,2025-07-08 18:40:00,8.2878,8.984,0.0002000000000000668
EWR-1,7/8/2025,06:50:00 pm,0,2025-07-08 18:50:00,8.2901,8.986,0.00030000000000001136
EWR-1,7/8/2025,07:00:00 pm,0,2025-07-08 19:00:00,8.2907,8.989,0.00019999999999988915
EWR-1,7/8/2025,07:10:00 pm,0,2025-07-08 19:10:00,8.293,8.991,0.0002000000000000668
EWR-1,7/8/2025,07:20:00 pm,0,2025-07-08 19:20:00,8.295,8.993,0.00019999999999988915
EWR-1,7/8/2025,07:30:00 pm,0,2025-07-08 19:30:00,8.2965,8.995,0.0002000000000000668
EWR-1,7/8/2025,07:40:00 pm,0,2025-07-08 19:40:00,8.299,8.997,9.999999999994457e-05
EWR-1,7/8/2025,07:50:00 pm,0,2025-07-08 19:50:00,8.3018,8.998,0.0002000000000000668
EWR-1,7/8/2025,08:00:00 pm,0,2025-07-08 20:00:00,8.3038,9.0,9.999999999994457e-05
EWR-1,7/8/2025,08:10:00 pm,0,2025-07-08 20:10:00,8.3058,9.001,0.00010000000000012221
EWR-1,7/8/2025,08:20:00 pm,0,2025-07-08 20:20:00,8.3078,9.002,0.00019999999999988915
EWR-1,7/8/2025,08:30:00 pm,0,2025-07-08 20:30:00,8.3098,9.004,0.00010000000000012221
EWR-1,7/8/2025,08:40:00 pm,0,2025-07-08 20:40:00,8.3122,9.005,9.999999999994457e-05
EWR-1,7/8/2025,08:50:00 pm,0,2025-07-08 20:50:00,8.3151,9.006,9.999999999994457e-05
EWR-1,7/8/2025,09:00:00 pm,0,2025-07-08 21:00:00,8.3178,9.007,0.0
EWR-1,7/8/2025,09:10:00 pm,0,2025-07-08 21:10:00,8.32,9.007,9.999999999994457e-05
EWR-1,7/8/2025,09:20:00 pm,0,2025-07-08 21:20:00,8.3219,9.008,0.00010000000000012221
EWR-1,7/8/2025,09:30:00 pm,0,2025-07-08 21:30:00,8.3239,9.009,0.0
EWR-1,7/8/2025,09:40:00 pm,0,2025-07-08 21:40:00,8.3261,9.009,9.999999999994457e-05
EWR-1,7/8/2025,09:50:00 pm,0,2025-07-08 21:50:00,8.3282,9.01,9.999999999994457e-05
EWR-1,7/8/2025,10:00:00 pm,0,2025-07-08 22:00:00,8.329,9.011,9.999999999994457e-05
EWR-1,7/8/2025,10:10:00 pm,0,2025-07-08 22:10:00,8.3301,9.01,9.999999999994457e-05
EWR-1,7/8/2025,10:20:00 pm,0,2025-07-08 22:20:00,8.3308,9.011,0.00010000000000012221
EWR-1,7/8/2025,10:30:00 pm,0,2025-07-08 22:30:00,8.3325,9.012,0.0
EWR-1,7/8/2025,10:40:00 pm,0,2025-07-08 22:40:00,8.3334,9.012,9.999999999994457e-05
EWR-1,7/8/2025,10:50:00 pm,0,2025-07-08 22:50:00,8.3329,9.013,0.0
EWR-1,7/8/2025,11:00:00 pm,0,2025-07-08 23:00:00,8.3335,9.013,9.999999999994457e-05
EWR-1,7/8/2025,11:10:00 pm,0,2025-07-08 23:10:00,8.3339,9.014,0.00010000000000012221
EWR-1,7/8/2025,11:20:00 pm,0,2025-07-08 23:20:00,8.3344,9.015,0.0
EWR-1,7/8/2025,11:30:00 pm,0,2025-07-08 23:30:00,8.335,9.015,9.999999999994457e-05
EWR-1,7/8/2025,11:40:00 pm,0,2025-07-08 23:40:00,8.3355,9.016,9.999999999994457e-05
EWR-1,7/8/2025,11:50:00 pm,0,2025-07-08 23:50:00,8.3362,9.017,0.00010000000000012221
EWR-1,7/9/2025,12:00:00 am,0,2025-07-09 00:00:00,8.3366,9.018,0.0
EWR-1,7/9/2025,12:10:00 am,0,2025-07-09 00:10:00,8.3371,9.018,9.999999999994457e-05
EWR-1,7/9/2025,12:20:00 am,0,2025-07-09 00:20:00,8.3379,9.019,9.999999999994457e-05
EWR-1,7/9/2025,12:30:00 am,0,2025-07-09 00:30:00,8.3375,9.02,0.0
EWR-1,7/9/2025,12:40:00 am,0,2025-07-09 00:40:00,8.3377,9.02,0.00010000000000012221
EWR-1,7/9/2025,12:50:00 am,0,2025-07-09 00:50:00,8.3395,9.021,0.0
EWR-1,7/9/2025,01:00:00 am,0,2025-07-09 01:00:00,8.3388,9.021,9.999999999994457e-05
EWR-1,7/9/2025,01:10:00 am,0,2025-07-09 01:10:00,8.3379,9.022,0.0
EWR-1,7/9/2025,01:20:00 am,0,2025-07-09 01:20:00,8.3384,9.022,0.0
EWR-1,7/9/2025,01:30:00 am,0,2025-07-09 01:30:00,8.3389,9.022,0.0
EWR-1,7/9/2025,01:40:00 am,0,2025-07-09 01:40:00,8.3391,9.022,0.0
EWR-1,7/9/2025,01:50:00 am,0,2025-07-09 01:50:00,8.3394,9.022,0.0
EWR-1,7/9/2025,02:00:00 am,0,2025-07-09 02:00:00,8.3386,9.022,9.999999999994457e-05
EWR-1,7/9/2025,02:10:00 am,0,2025-07-09 02:10:00,8.3387,9.023,9.999999999994457e-05
EWR-1,7/9/2025,02:20:00 am,0,2025-07-09 02:20:00,8.34,9.022,0.0
EWR-1,7/9/2025,02:30:00 am,0,2025-07-09 02:30:00,8.3404,9.022,9.999999999994457e-05
EWR-1,7/9/2025,02:40:00 am,0,2025-07-09 02:40:00,8.3407,9.023,9.999999999994457e-05
EWR-1,7/9/2025,02:50:00 am,0,2025-07-09 02:50:00,8.3411,9.022,9.999999999994457e-05
EWR-1,7/9/2025,03:00:00 am,0,2025-07-09 03:00:00,8.3424,9.023,9.999999999994457e-05
EWR-1,7/9/2025,03:10:00 am,0,2025-07-09 03:10:00,8.3429,9.022,0.0
EWR-1,7/9/2025,03:20:00 am,0,2025-07-09 03:20:00,8.3433,9.022,9.999999999994457e-05
EWR-1,7/9/2025,03:30:00 am,0,2025-07-09 03:30:00,8.3444,9.021,0.00010000000000012221
EWR-1,7/9/2025,03:40:00 am,0,2025-07-09 03:40:00,8.3442,9.02,0.0
EWR-1,7/9/2025,03:50:00 am,0,2025-07-09 03:50:00,8.344,9.02,9.999999999994457e-05
EWR-1,7/9/2025,04:00:00 am,0,2025-07-09 04:00:00,8.3443,9.019,9.999999999994457e-05
EWR-1,7/9/2025,04:10:00 am,0,2025-07-09 04:10:00,8.3443,9.018,0.00010000000000012221
EWR-1,7/9/2025,04:20:00 am,0,2025-07-09 04:20:00,8.3444,9.017,9.999999999994457e-05
EWR-1,7/9/2025,04:30:00 am,0,2025-07-09 04:30:00,8.3443,9.016,9.999999999994457e-05
EWR-1,7/9/2025,04:40:00 am,0,2025-07-09 04:40:00,8.3444,9.015,0.00010000000000012221
EWR-1,7/9/2025,04:50:00 am,0,2025-07-09 04:50:00,8.3445,9.014,9.999999999994457e-05
EWR-1,7/9/2025,05:00:00 am,0,2025-07-09 05:00:00,8.3458,9.013,0.0002000000000000668
EWR-1,7/9/2025,05:10:00 am,0,2025-07-09 05:10:00,8.3475,9.011,9.999999999994457e-05
EWR-1,7/9/2025,05:20:00 am,0,2025-07-09 05:20:00,8.3493,9.01,0.0002000000000000668
EWR-1,7/9/2025,05:30:00 am,0,2025-07-09 05:30:00,8.35,9.008,9.999999999994457e-05
EWR-1,7/9/2025,05:40:00 am,0,2025-07-09 05:40:00,8.3501,9.007,0.00019999999999988915
EWR-1,7/9/2025,05:50:00 am,0,2025-07-09 05:50:00,8.3504,9.005,0.00010000000000012221
EWR-1,7/9/2025,06:00:00 am,0,2025-07-09 06:00:00,8.3503,9.004,0.00019999999999988915
EWR-1,7/9/2025,06:10:00 am,0,2025-07-09 06:10:00,8.3502,9.002,0.00010000000000012221
EWR-1,7/9/2025,06:20:00 am,0,2025-07-09 06:20:00,8.3504,9.001,0.00019999999999988915
EWR-1,7/9/2025,06:30:00 am,0,2025-07-09 06:30:00,8.351,8.999,0.0002000000000000668
EWR-1,7/9/2025,06:40:00 am,0,2025-07-09 06:40:00,8.3517,8.997,0.0002000000000000668
EWR-1,7/9/2025,06:50:00 am,0,2025-07-09 06:50:00,8.3515,8.995,9.999999999994457e-05
EWR-1,7/9/2025,07:00:00 am,0,2025-07-09 07:00:00,8.3517,8.994,0.00019999999999988915
EWR-1,7/9/2025,07:10:00 am,0,2025-07-09 07:10:00,8.3519,8.992,0.0002000000000000668
EWR-1,7/9/2025,07:20:00 am,0,2025-07-09 07:20:00,8.3521,8.99,0.0002000000000000668
EWR-1,7/9/2025,07:30:00 am,0,2025-07-09 07:30:00,8.3518,8.988,0.00019999999999988915
EWR-1,7/9/2025,07:40:00 am,0,2025-07-09 07:40:00,8.3527,8.986,0.00030000000000001136
EWR-1,7/9/2025,07:50:00 am,0,2025-07-09 07:50:00,8.3543,8.983,0.00010000000000012221
EWR-1,7/9/2025,08:00:00 am,0,2025-07-09 08:00:00,8.3544,8.982,9.999999999994457e-05
EWR-1,7/9/2025,08:10:00 am,0,2025-07-09 08:10:00,8.3547,8.981,0.0002000000000000668
EWR-1,7/9/2025,08:20:00 am,0,2025-07-09 08:20:00,8.3545,8.979,9.999999999994457e-05
EWR-1,7/9/2025,08:30:00 am,0,2025-07-09 08:30:00,8.3552,8.978,9.999999999994457e-05
EWR-1,7/9/2025,08:40:00 am,0,2025-07-09 08:40:00,8.3543,8.977,9.999999999994457e-05
EWR-1,7/9/2025,08:50:00 am,0,2025-07-09 08:50:00,8.3527,8.976,0.0
EWR-1,7/9/2025,09:00:00 am,0,2025-07-09 09:00:00,8.3487,8.976,9.999999999994457e-05
EWR-1,7/9/2025,09:10:00 am,0,2025-07-09 09:10:00,8.3452,8.977,0.0
EWR-1,7/9/2025,09:20:00 am,0,2025-07-09 09:20:00,8.3408,8.977,9.999999999994457e-05
EWR-1,7/9/2025,09:30:00 am,0,2025-07-09 09:30:00,8.3368,8.978,0.0
EWR-1,7/9/2025,09:40:00 am,0,2025-07-09 09:40:00,8.3338,8.978,9.999999999994457e-05
EWR-1,7/9/2025,09:50:00 am,0,2025-07-09 09:50:00,8.3311,8.979,0.0
EWR-1,7/9/2025,10:00:00 am,0,2025-07-09 10:00:00,8.3288,8.979,0.0
EWR-1,7/9/2025,10:10:00 am,0,2025-07-09 10:10:00,8.3258,8.979,9.999999999994457e-05
EWR-1,7/9/2025,10:20:00 am,0,2025-07-09 10:20:00,8.3238,8.978,9.999999999994457e-05
EWR-1,7/9/2025,10:30:00 am,0,2025-07-09 10:30:00,8.3225,8.977,0.0
EWR-1,7/9/2025,10:40:00 am,0,2025-07-09 10:40:00,8.3207,8.977,0.0
EWR-1,7/9/2025,10:50:00 am,0,2025-07-09 10:50:00,8.3185,8.977,0.0
EWR-1,7/9/2025,11:00:00 am,0,2025-07-09 11:00:00,8.3154,8.977,0.0
EWR-1,7/9/2025,11:10:00 am,0,2025-07-09 11:10:00,8.3125,8.977,9.999999999994457e-05
EWR-1,7/9/2025,11:20:00 am,0,2025-07-09 11:20:00,8.313,8.978,0.0
EWR-1,7/9/2025,11:30:00 am,0,2025-07-09 11:30:00,8.309,8.978,9.999999999994457e-05
EWR-1,7/9/2025,11:40:00 am,0,2025-07-09 11:40:00,8.3087,8.979,0.00010000000000012221
EWR-1,7/9/2025,11:50:00 am,0,2025-07-09 11:50:00,8.3069,8.98,0.00019999999999988915
EWR-1,7/9/2025,12:00:00 pm,0,2025-07-09 12:00:00,8.3054,8.982,0.00010000000000012221
EWR-1,7/9/2025,12:10:00 pm,0,2025-07-09 12:10:00,8.3038,8.983,0.00019999999999988915
EWR-1,7/9/2025,12:20:00 pm,0,2025-07-09 12:20:00,8.3016,8.985,0.0002000000000000668
EWR-1,7/9/2025,12:30:00 pm,0,2025-07-09 12:30:00,8.2995,8.987,0.0002000000000000668
EWR-1,7/9/2025,12:40:00 pm,0,2025-07-09 12:40:00,8.297,8.989,0.00019999999999988915
EWR-1,7/9/2025,12:50:00 pm,0,2025-07-09 12:50:00,8.2951,8.991,0.0002000000000000668
EWR-1,7/9/2025,01:00:00 pm,0,2025-07-09 13:00:00,8.2945,8.993,0.00019999999999988915
EWR-1,7/9/2025,01:10:00 pm,0,2025-07-09 13:10:00,8.2926,8.995,0.0002000000000000668
EWR-1,7/9/2025,01:20:00 pm,0,2025-07-09 13:20:00,8.2926,8.997,0.00030000000000001136
EWR-1,7/9/2025,01:30:00 pm,0,2025-07-09 13:30:00,8.2907,9.0,0.0002000000000000668
EWR-1,7/9/2025,01:40:00 pm,0,2025-07-09 13:40:00,8.2901,9.002,0.00030000000000001136
EWR-1,7/9/2025,01:50:00 pm,0,2025-07-09 13:50:00,8.2878,9.005,0.00019999999999988915
EWR-1,7/9/2025,02:00:00 pm,0,2025-07-09 14:00:00,8.2875,9.007,0.0002000000000000668
EWR-1,7/9/2025,02:10:00 pm,0,2025-07-09 14:10:00,8.2873,9.009,0.00030000000000001136
EWR-1,7/9/2025,02:20:00 pm,0,2025-07-09 14:20:00,8.287,9.012,0.00030000000000001136
EWR-1,7/9/2025,02:30:00 pm,0,2025-07-09 14:30:00,8.2867,9.015,0.00019999999999988915
EWR-1,7/9/2025,02:40:00 pm,0,2025-07-09 14:40:00,8.2843,9.017,0.00030000000000001136
EWR-1,7/9/2025,02:50:00 pm,0,2025-07-09 14:50:00,8.2844,9.02,0.0002000000000000668
EWR-1,7/9/2025,03:00:00 pm,0,2025-07-09 15:00:00,8.2842,9.022,0.00030000000000001136
EWR-1,7/9/2025,03:10:00 pm,0,2025-07-09 15:10:00,8.2828,9.025,0.00019999999999988915
EWR-1,7/9/2025,03:20:00 pm,0,2025-07-09 15:20:00,8.2821,9.027,0.00030000000000001136
EWR-1,7/9/2025,03:30:00 pm,0,2025-07-09 15:30:00,8.2807,9.03,0.0002000000000000668
EWR-1,7/9/2025,03:40:00 pm,0,2025-07-09 15:40:00,8.2813,9.032,0.00030000000000001136
EWR-1,7/9/2025,03:50:00 pm,0,2025-07-09 15:50:00,8.2805,9.035,0.0002000000000000668
EWR-1,7/9/2025,04:00:00 pm,0,2025-07-09 16:00:00,8.2808,9.037,0.0002999999999998337
EWR-1,7/9/2025,04:10:00 pm,0,2025-07-09 16:10:00,8.2802,9.04,0.0002000000000000668
EWR-1,7/9/2025,04:20:00 pm,0,2025-07-09 16:20:00,8.2795,9.042,0.00030000000000001136
EWR-1,7/9/2025,04:30:00 pm,0,2025-07-09 16:30:00,8.2789,9.045,0.0002000000000000668
EWR-1,7/9/2025,04:40:00 pm,0,2025-07-09 16:40:00,8.2787,9.047,0.00019999999999988915
EWR-1,7/9/2025,04:50:00 pm,0,2025-07-09 16:50:00,8.2786,9.049,0.00030000000000001136
EWR-1,7/9/2025,05:00:00 pm,0,2025-07-09 17:00:00,8.2779,9.052,0.00030000000000001136
EWR-1,7/9/2025,05:10:00 pm,0,2025-07-09 17:10:00,8.2783,9.055,0.0002000000000000668
EWR-1,7/9/2025,05:20:00 pm,0,2025-07-09 17:20:00,8.2773,9.057,0.00030000000000001136
EWR-1,7/9/2025,05:30:00 pm,0,2025-07-09 17:30:00,8.2786,9.06,0.00030000000000001136
EWR-1,7/9/2025,05:40:00 pm,0,2025-07-09 17:40:00,8.2796,9.063,0.00019999999999988915
EWR-1,7/9/2025,05:50:00 pm,0,2025-07-09 17:50:00,8.279,9.065,0.00030000000000001136
EWR-1,7/9/2025,06:00:00 pm,0,2025-07-09 18:00:00,8.2805,9.068,0.00030000000000001136
EWR-1,7/9/2025,06:10:00 pm,0,2025-07-09 18:10:00,8.2813,9.071,0.0002000000000000668
EWR-1,7/9/2025,06:20:00 pm,0,2025-07-09 18:20:00,8.2829,9.073,0.00019999999999988915
EWR-1,7/9/2025,06:30:00 pm,0,2025-07-09 18:30:00,8.2846,9.075,0.0002000000000000668
EWR-1,7/9/2025,06:40:00 pm,0,2025-07-09 18:40:00,8.2866,9.077,0.0002000000000000668
EWR-1,7/9/2025,06:50:00 pm,0,2025-07-09 18:50:00,8.2889,9.079,0.00019999999999988915
EWR-1,7/9/2025,07:00:00 pm,0,2025-07-09 19:00:00,8.292,9.081,0.0002000000000000668
EWR-1,7/9/2025,07:10:00 pm,0,2025-07-09 19:10:00,8.2955,9.083,0.0002000000000000668
EWR-1,7/9/2025,07:20:00 pm,0,2025-07-09 19:20:00,8.2984,9.085,0.00019999999999988915
EWR-1,7/9/2025,07:30:00 pm,0,2025-07-09 19:30:00,8.3018,9.087,9.999999999994457e-05
EWR-1,7/9/2025,07:40:00 pm,0,2025-07-09 19:40:00,8.3039,9.088,0.0002000000000000668
EWR-1,7/9/2025,07:50:00 pm,0,2025-07-09 19:50:00,8.3064,9.09,9.999999999994457e-05
EWR-1,7/9/2025,08:00:00 pm,0,2025-07-09 20:00:00,8.3087,9.091,0.00010000000000012221
EWR-1,7/9/2025,08:10:00 pm,0,2025-07-09 20:10:00,8.3115,9.092,9.999999999994457e-05
EWR-1,7/9/2025,08:20:00 pm,0,2025-07-09 20:20:00,8.3137,9.093,9.999999999994457e-05
EWR-1,7/9/2025,08:30:00 pm,0,2025-07-09 20:30:00,8.3158,9.094,0.0
EWR-1,7/9/2025,08:40:00 pm,0,2025-07-09 20:40:00,8.3182,9.094,0.00010000000000012221
EWR-1,7/9/2025,08:50:00 pm,0,2025-07-09 20:50:00,8.3198,9.095,0.0
EWR-1,7/9/2025,09:00:00 pm,0,2025-07-09 21:00:00,8.3219,9.095,0.00010000000000012221
EWR-1,7/9/2025,09:10:00 pm,0,2025-07-09 21:10:00,8.3241,9.094,0.00010000000000012221
EWR-1,7/9/2025,09:20:00 pm,0,2025-07-09 21:20:00,8.3261,9.095,0.0
EWR-1,7/9/2025,09:30:00 pm,0,2025-07-09 21:30:00,8.3284,9.095,0.00010000000000012221
EWR-1,7/9/2025,09:40:00 pm,0,2025-07-09 21:40:00,8.3306,9.094,0.0
EWR-1,7/9/2025,09:50:00 pm,0,2025-07-09 21:50:00,8.3322,9.094,0.0
EWR-1,7/9/2025,10:00:00 pm,0,2025-07-09 22:00:00,8.3344,9.094,0.0
EWR-1,7/9/2025,10:10:00 pm,0,2025-07-09 22:10:00,8.3357,9.094,9.999999999994457e-05
EWR-1,7/9/2025,10:20:00 pm,0,2025-07-09 22:20:00,8.3366,9.093,0.0
EWR-1,7/9/2025,10:30:00 pm,0,2025-07-09 22:30:00,8.337,9.093,0.0
EWR-1,7/9/2025,10:40:00 pm,0,2025-07-09 22:40:00,8.338,9.093,9.999999999994457e-05
EWR-1,7/9/2025,10:50:00 pm,0,2025-07-09 22:50:00,8.3384,9.092,0.00010000000000012221
EWR-1,7/9/2025,11:00:00 pm,0,2025-07-09 23:00:00,8.34,9.091,0.0
EWR-1,7/9/2025,11:10:00 pm,0,2025-07-09 23:10:00,8.3416,9.091,9.999999999994457e-05
EWR-1,7/9/2025,11:20:00 pm,0,2025-07-09 23:20:00,8.3421,9.09,0.0
EWR-1,7/9/2025,11:30:00 pm,0,2025-07-09 23:30:00,8.3423,9.09,9.999999999994457e-05
EWR-1,7/9/2025,11:40:00 pm,0,2025-07-09 23:40:00,8.3435,9.089,0.00010000000000012221
EWR-1,7/9/2025,11:50:00 pm,0,2025-07-09 23:50:00,8.3431,9.088,0.0
EWR-1,7/10/2025,12:00:00 am,0,2025-07-10 00:00:00,8.3436,9.088,0.00019999999999988915
EWR-1,7/10/2025,12:10:00 am,0,2025-07-10 00:10:00,8.3448,9.086,9.999999999994457e-05
EWR-1,7/10/2025,12:20:00 am,0,2025-07-10 00:20:00,8.3452,9.085,0.00010000000000012221
EWR-1,7/10/2025,12:30:00 am,0,2025-07-10 00:30:00,8.3452,9.084,9.999999999994457e-05
EWR-1,7/10/2025,12:40:00 am,0,2025-07-10 00:40:00,8.3457,9.083,9.999999999994457e-05
EWR-1,7/10/2025,12:50:00 am,0,2025-07-10 00:50:00,8.3457,9.082,0.00010000000000012221
EWR-1,7/10/2025,01:00:00 am,0,2025-07-10 01:00:00,8.3461,9.081,9.999999999994457e-05
EWR-1,7/10/2025,01:10:00 am,0,2025-07-10 01:10:00,8.3464,9.08,0.0002000000000000668
EWR-1,7/10/2025,01:20:00 am,0,2025-07-10 01:20:00,8.3466,9.078,9.999999999994457e-05
EWR-1,7/10/2025,01:30:00 am,0,2025-07-10 01:30:00,8.3473,9.077,9.999999999994457e-05
EWR-1,7/10/2025,01:40:00 am,0,2025-07-10 01:40:00,8.348,9.076,0.0002000000000000668
EWR-1,7/10/2025,01:50:00 am,0,2025-07-10 01:50:00,8.3481,9.074,9.999999999994457e-05
EWR-1,7/10/2025,02:00:00 am,0,2025-07-10 02:00:00,8.3481,9.073,0.0002000000000000668
EWR-1,7/10/2025,02:10:00 am,0,2025-07-10 02:10:00,8.3486,9.071,0.00019999999999988915
EWR-1,7/10/2025,02:20:00 am,0,2025-07-10 02:20:00,8.3488,9.069,0.0002000000000000668
EWR-1,7/10/2025,02:30:00 am,0,2025-07-10 02:30:00,8.3486,9.067,0.0002000000000000668
EWR-1,7/10/2025,02:40:00 am,0,2025-07-10 02:40:00,8.3486,9.065,0.00019999999999988915
EWR-1,7/10/2025,02:50:00 am,0,2025-07-10 02:50:00,8.3482,9.063,0.00010000000000012221
EWR-1,7/10/2025,03:00:00 am,0,2025-07-10 03:00:00,8.3482,9.062,0.00019999999999988915
EWR-1,7/10/2025,03:10:00 am,0,2025-07-10 03:10:00,8.3488,9.06,0.0002000000000000668
EWR-1,7/10/2025,03:20:00 am,0,2025-07-10 03:20:00,8.3484,9.058,0.00030000000000001136
EWR-1,7/10/2025,03:30:00 am,0,2025-07-10 03:30:00,8.3486,9.055,0.00019999999999988915
EWR-1,7/10/2025,03:40:00 am,0,2025-07-10 03:40:00,8.3484,9.053,0.0002000000000000668
EWR-1,7/10/2025,03:50:00 am,0,2025-07-10 03:50:00,8.3488,9.051,0.0002000000000000668
EWR-1,7/10/2025,04:00:00 am,0,2025-07-10 04:00:00,8.3491,9.049,0.00019999999999988915
EWR-1,7/10/2025,04:10:00 am,0,2025-07-10 04:10:00,8.3493,9.047,0.00030000000000001136
EWR-1,7/10/2025,04:20:00 am,0,2025-07-10 04:20:00,8.3493,9.044,0.0002000000000000668
EWR-1,7/10/2025,04:30:00 am,0,2025-07-10 04:30:00,8.3488,9.042,0.00030000000000001136
EWR-1,7/10/2025,04:40:00 am,0,2025-07-10 04:40:00,8.3493,9.039,0.00030000000000001136
EWR-1,7/10/2025,04:50:00 am,0,2025-07-10 04:50:00,8.3493,9.036,0.00019999999999988915
EWR-1,7/10/2025,05:00:00 am,0,2025-07-10 05:00:00,8.3497,9.034,0.00030000000000001136
EWR-1,7/10/2025,05:10:00 am,0,2025-07-10 05:10:00,8.3505,9.031,0.0004000000000001336
EWR-1,7/10/2025,05:20:00 am,0,2025-07-10 05:20:00,8.3513,9.027,0.00019999999999988915
EWR-1,7/10/2025,05:30:00 am,0,2025-07-10 05:30:00,8.3521,9.025,0.00030000000000001136
EWR-1,7/10/2025,05:40:00 am,0,2025-07-10 05:40:00,8.3525,9.022,0.00030000000000001136
EWR-1,7/10/2025,05:50:00 am,0,2025-07-10 05:50:00,8.3531,9.019,0.00039999999999995595
EWR-1,7/10/2025,06:00:00 am,0,2025-07-10 06:00:00,8.3534,9.015,0.00030000000000001136
EWR-1,7/10/2025,06:10:00 am,0,2025-07-10 06:10:00,8.354,9.012,0.00030000000000001136
EWR-1,7/10/2025,06:20:00 am,0,2025-07-10 06:20:00,8.3549,9.009,0.00039999999999995595
EWR-1,7/10/2025,06:30:00 am,0,2025-07-10 06:30:00,8.3556,9.005,0.00030000000000001136
EWR-1,7/10/2025,06:40:00 am,0,2025-07-10 06:40:00,8.3555,9.002,0.0004000000000001336
EWR-1,7/10/2025,06:50:00 am,0,2025-07-10 06:50:00,8.3558,8.998,0.00030000000000001136
EWR-1,7/10/2025,07:00:00 am,0,2025-07-10 07:00:00,8.3561,8.995,0.00039999999999995595
EWR-1,7/10/2025,07:10:00 am,0,2025-07-10 07:10:00,8.3567,8.991,0.00030000000000001136
EWR-1,7/10/2025,07:20:00 am,0,2025-07-10 07:20:00,8.3576,8.988,0.00030000000000001136
EWR-1,7/10/2025,07:30:00 am,0,2025-07-10 07:30:00,8.3574,8.985,0.00030000000000001136
EWR-1,7/10/2025,07:40:00 am,0,2025-07-10 07:40:00,8.3585,8.982,0.00039999999999995595
EWR-1,7/10/2025,07:50:00 am,0,2025-07-10 07:50:00,8.3592,8.978,0.00019999999999988915
EWR-1,7/10/2025,08:00:00 am,0,2025-07-10 08:00:00,8.3597,8.976,0.0004000000000001336
EWR-1,7/10/2025,08:10:00 am,0,2025-07-10 08:10:00,8.3597,8.972,0.00019999999999988915
EWR-1,7/10/2025,08:20:00 am,0,2025-07-10 08:20:00,8.3604,8.97,0.0004000000000001336
EWR-1,7/10/2025,08:30:00 am,0,2025-07-10 08:30:00,8.3606,8.966,0.00019999999999988915
EWR-1,7/10/2025,08:40:00 am,0,2025-07-10 08:40:00,8.3611,8.964,0.0002000000000000668
EWR-1,7/10/2025,08:50:00 am,0,2025-07-10 08:50:00,8.3607,8.962,0.00030000000000001136
EWR-1,7/10/2025,09:00:00 am,0,2025-07-10 09:00:00,8.3605,8.959,0.00019999999999988915
EWR-1,7/10/2025,09:10:00 am,0,2025-07-10 09:10:00,8.3598,8.957,0.00010000000000012221
EWR-1,7/10/2025,09:20:00 am,0,2025-07-10 09:20:00,8.3587,8.956,0.00019999999999988915
EWR-1,7/10/2025,09:30:00 am,0,2025-07-10 09:30:00,8.3569,8.954,0.00010000000000012221
EWR-1,7/10/2025,09:40:00 am,0,2025-07-10 09:40:00,8.3548,8.953,9.999999999994457e-05
EWR-1,7/10/2025,09:50:00 am,0,2025-07-10 09:50:00,8.3511,8.952,9.999999999994457e-05
EWR-1,7/10/2025,10:00:00 am,0,2025-07-10 10:00:00,8.3473,8.951,0.0
EWR-1,7/10/2025,10:10:00 am,0,2025-07-10 10:10:00,8.3431,8.951,0.00010000000000012221
EWR-1,7/10/2025,10:20:00 am,0,2025-07-10 10:20:00,8.3393,8.95,0.0
EWR-1,7/10/2025,10:30:00 am,0,2025-07-10 10:30:00,8.3359,8.95,9.999999999994457e-05
EWR-1,7/10/2025,10:40:00 am,0,2025-07-10 10:40:00,8.3315,8.949,0.0
EWR-1,7/10/2025,10:50:00 am,0,2025-07-10 10:50:00,8.328,8.949,0.0
EWR-1,7/10/2025,11:00:00 am,0,2025-07-10 11:00:00,8.3249,8.949,9.999999999994457e-05
EWR-1,7/10/2025,11:10:00 am,0,2025-07-10 11:10:00,8.3216,8.948,0.0
EWR-1,7/10/2025,11:20:00 am,0,2025-07-10 11:20:00,8.3189,8.948,0.0
EWR-1,7/10/2025,11:30:00 am,0,2025-07-10 11:30:00,8.3154,8.948,0.0
EWR-1,7/10/2025,11:40:00 am,0,2025-07-10 11:40:00,8.313,8.948,0.0
EWR-1,7/10/2025,11:50:00 am,0,2025-07-10 11:50:00,8.31,8.948,9.999999999994457e-05
EWR-1,7/10/2025,12:00:00 pm,0,2025-07-10 12:00:00,8.3066,8.949,0.0
EWR-1,7/10/2025,12:10:00 pm,0,2025-07-10 12:10:00,8.3034,8.949,9.999999999994457e-05
EWR-1,7/10/2025,12:20:00 pm,0,2025-07-10 12:20:00,8.3004,8.95,0.00010000000000012221
EWR-1,7/10/2025,12:30:00 pm,0,2025-07-10 12:30:00,8.2973,8.951,9.999999999994457e-05
EWR-1,7/10/2025,12:40:00 pm,0,2025-07-10 12:40:00,8.2947,8.952,0.0002000000000000668
EWR-1,7/10/2025,12:50:00 pm,0,2025-07-10 12:50:00,8.2922,8.954,0.00019999999999988915
EWR-1,7/10/2025,01:00:00 pm,0,2025-07-10 13:00:00,8.2902,8.956,0.00010000000000012221
EWR-1,7/10/2025,01:10:00 pm,0,2025-07-10 13:10:00,8.2878,8.957,0.00019999999999988915
EWR-1,7/10/2025,01:20:00 pm,0,2025-07-10 13:20:00,8.2854,8.959,0.00010000000000012221
EWR-1,7/10/2025,01:30:00 pm,0,2025-07-10 13:30:00,8.2843,8.96,0.00019999999999988915
EWR-1,7/10/2025,01:40:00 pm,0,2025-07-10 13:40:00,8.2817,8.962,0.0002000000000000668
EWR-1,7/10/2025,01:50:00 pm,0,2025-07-10 13:50:00,8.2796,8.964,0.00019999999999988915
EWR-1,7/10/2025,02:00:00 pm,0,2025-07-10 14:00:00,8.2787,8.966,0.0002000000000000668
EWR-1,7/10/2025,02:10:00 pm,0,2025-07-10 14:10:00,8.2761,8.968,0.0002000000000000668
EWR-1,7/10/2025,02:20:00 pm,0,2025-07-10 14:20:00,8.2736,8.97,0.00019999999999988915
EWR-1,7/10/2025,02:30:00 pm,0,2025-07-10 14:30:00,8.2712,8.972,0.0002000000000000668
EWR-1,7/10/2025,02:40:00 pm,0,2025-07-10 14:40:00,8.269,8.974,0.00030000000000001136
EWR-1,7/10/2025,02:50:00 pm,0,2025-07-10 14:50:00,8.2674,8.977,0.00019999999999988915
EWR-1,7/10/2025,03:00:00 pm,0,2025-07-10 15:00:00,8.2659,8.979,0.00030000000000001136
EWR-1,7/10/2025,03:10:00 pm,0,2025-07-10 15:10:00,8.2644,8.982,0.0002000000000000668
EWR-1,7/10/2025,03:20:00 pm,0,2025-07-10 15:20:00,8.263,8.984,0.0002000000000000668
EWR-1,7/10/2025,03:30:00 pm,0,2025-07-10 15:30:00,8.2615,8.986,0.00030000000000001136
EWR-1,7/10/2025,03:40:00 pm,0,2025-07-10 15:40:00,8.2597,8.989,0.00019999999999988915
EWR-1,7/10/2025,03:50:00 pm,0,2025-07-10 15:50:00,8.2579,8.991,0.0002000000000000668
EWR-1,7/10/2025,04:00:00 pm,0,2025-07-10 16:00:00,8.2573,8.993,0.00019999999999988915
EWR-1,7/10/2025,04:10:00 pm,0,2025-07-10 16:10:00,8.2552,8.995,0.00030000000000001136
EWR-1,7/10/2025,04:20:00 pm,0,2025-07-10 16:20:00,8.2551,8.998,0.00030000000000001136
EWR-1,7/10/2025,04:30:00 pm,0,2025-07-10 16:30:00,8.2537,9.001,0.0002000000000000668
EWR-1,7/10/2025,04:40:00 pm,0,2025-07-10 16:40:00,8.2528,9.003,0.00030000000000001136
EWR-1,7/10/2025,04:50:00 pm,0,2025-07-10 16:50:00,8.2523,9.006,0.00030000000000001136
EWR-1,7/10/2025,05:00:00 pm,0,2025-07-10 17:00:00,8.2515,9.009,0.00030000000000001136
EWR-1,7/10/2025,05:10:00 pm,0,2025-07-10 17:10:00,8.251,9.012,0.00030000000000001136
EWR-1,7/10/2025,05:20:00 pm,0,2025-07-10 17:20:00,8.251,9.015,0.00019999999999988915
EWR-1,7/10/2025,05:30:00 pm,0,2025-07-10 17:30:00,8.2505,9.017,0.00030000000000001136
EWR-1,7/10/2025,05:40:00 pm,0,2025-07-10 17:40:00,8.2507,9.02,0.00039999999999995595
EWR-1,7/10/2025,05:50:00 pm,0,2025-07-10 17:50:00,8.2522,9.024,0.00030000000000001136
EWR-1,7/10/2025,06:00:00 pm,0,2025-07-10 18:00:00,8.2541,9.027,0.00030000000000001136
EWR-1,7/10/2025,06:10:00 pm,0,2025-07-10 18:10:00,8.2556,9.03,0.0002000000000000668
EWR-1,7/10/2025,06:20:00 pm,0,2025-07-10 18:20:00,8.2577,9.032,0.00030000000000001136
EWR-1,7/10/2025,06:30:00 pm,0,2025-07-10 18:30:00,8.2588,9.035,0.00030000000000001136
EWR-1,7/10/2025,06:40:00 pm,0,2025-07-10 18:40:00,8.2606,9.038,0.00019999999999988915
EWR-1,7/10/2025,06:50:00 pm,0,2025-07-10 18:50:00,8.2624,9.04,0.00030000000000001136
EWR-1,7/10/2025,07:00:00 pm,0,2025-07-10 19:00:00,8.2652,9.043,0.0002000000000000668
EWR-1,7/10/2025,07:10:00 pm,0,2025-07-10 19:10:00,8.268,9.045,0.00030000000000001136
EWR-1,7/10/2025,07:20:00 pm,0,2025-07-10 19:20:00,8.2706,9.048,0.0002000000000000668
EWR-1,7/10/2025,07:30:00 pm,0,2025-07-10 19:30:00,8.2733,9.05,0.00019999999999988915
EWR-1,7/10/2025,07:40:00 pm,0,2025-07-10 19:40:00,8.2762,9.052,0.0002000000000000668
EWR-1,7/10/2025,07:50:00 pm,0,2025-07-10 19:50:00,8.2786,9.054,0.00019999999999988915
EWR-1,7/10/2025,08:00:00 pm,0,2025-07-10 20:00:00,8.2813,9.056,0.0002000000000000668
EWR-1,7/10/2025,08:10:00 pm,0,2025-07-10 20:10:00,8.2826,9.058,0.0002000000000000668
EWR-1,7/10/2025,08:20:00 pm,0,2025-07-10 20:20:00,8.2846,9.06,9.999999999994457e-05
EWR-1,7/10/2025,08:30:00 pm,0,2025-07-10 20:30:00,8.2862,9.061,0.0002000000000000668
EWR-1,7/10/2025,08:40:00 pm,0,2025-07-10 20:40:00,8.2878,9.063,9.999999999994457e-05
EWR-1,7/10/2025,08:50:00 pm,0,2025-07-10 20:50:00,8.29,9.064,9.999999999994457e-05
EWR-1,7/10/2025,09:00:00 pm,0,2025-07-10 21:00:00,8.2925,9.065,0.00010000000000012221
EWR-1,7/10/2025,09:10:00 pm,0,2025-07-10 21:10:00,8.2955,9.066,9.999999999994457e-05
EWR-1,7/10/2025,09:20:00 pm,0,2025-07-10 21:20:00,8.2976,9.067,9.999999999994457e-05
EWR-1,7/10/2025,09:30:00 pm,0,2025-07-10 21:30:00,8.3007,9.068,0.00010000000000012221
EWR-1,7/10/2025,09:40:00 pm,0,2025-07-10 21:40:00,8.3033,9.069,9.999999999994457e-05
EWR-1,7/10/2025,09:50:00 pm,0,2025-07-10 21:50:00,8.3058,9.07,9.999999999994457e-05
EWR-1,7/10/2025,10:00:00 pm,0,2025-07-10 22:00:00,8.3077,9.071,0.0
EWR-1,7/10/2025,10:10:00 pm,0,2025-07-10 22:10:00,8.3092,9.071,9.999999999994457e-05
EWR-1,7/10/2025,10:20:00 pm,0,2025-07-10 22:20:00,8.3102,9.072,0.00010000000000012221
EWR-1,7/10/2025,10:30:00 pm,0,2025-07-10 22:30:00,8.3105,9.073,0.0
EWR-1,7/10/2025,10:40:00 pm,0,2025-07-10 22:40:00,8.3118,9.073,9.999999999994457e-05
EWR-1,7/10/2025,10:50:00 pm,0,2025-07-10 22:50:00,8.3126,9.074,9.999999999994457e-05
EWR-1,7/10/2025,11:00:00 pm,0,2025-07-10 23:00:00,8.3134,9.075,0.00010000000000012221
EWR-1,7/10/2025,11:10:00 pm,0,2025-07-10 23:10:00,8.3132,9.076,0.0
EWR-1,7/10/2025,11:20:00 pm,0,2025-07-10 23:20:00,8.3143,9.076,9.999999999994457e-05
EWR-1,7/10/2025,11:30:00 pm,0,2025-07-10 23:30:00,8.3149,9.077,9.999999999994457e-05
EWR-1,7/10/2025,11:40:00 pm,0,2025-07-10 23:40:00,8.3159,9.078,0.00010000000000012221
EWR-1,7/10/2025,11:50:00 pm,0,2025-07-10 23:50:00,8.3163,9.079,0.0
EWR-1,7/11/2025,12:00:00 am,0,2025-07-11 00:00:00,8.3175,9.079,9.999999999994457e-05
EWR-1,7/11/2025,12:10:00 am,0,2025-07-11 00:10:00,8.3176,9.08,9.999999999994457e-05
EWR-1,7/11/2025,12:20:00 am,0,2025-07-11 00:20:00,8.3188,9.081,0.0
EWR-1,7/11/2025,12:30:00 am,0,2025-07-11 00:30:00,8.3185,9.081,0.00010000000000012221
EWR-1,7/11/2025,12:40:00 am,0,2025-07-11 00:40:00,8.3185,9.082,9.999999999994457e-05
EWR-1,7/11/2025,12:50:00 am,0,2025-07-11 00:50:00,8.3192,9.083,0.0
EWR-1,7/11/2025,01:00:00 am,0,2025-07-11 01:00:00,8.3193,9.083,0.0
EWR-1,7/11/2025,01:10:00 am,0,2025-07-11 01:10:00,8.3194,9.083,9.999999999994457e-05
EWR-1,7/11/2025,01:20:00 am,0,2025-07-11 01:20:00,8.3194,9.084,9.999999999994457e-05
EWR-1,7/11/2025,01:30:00 am,0,2025-07-11 01:30:00,8.3195,9.083,9.999999999994457e-05
EWR-1,7/11/2025,01:40:00 am,0,2025-07-11 01:40:00,8.32,9.084,0.0
EWR-1,7/11/2025,01:50:00 am,0,2025-07-11 01:50:00,8.3204,9.084,0.0
EWR-1,7/11/2025,02:00:00 am,0,2025-07-11 02:00:00,8.3204,9.084,0.0
EWR-1,7/11/2025,02:10:00 am,0,2025-07-11 02:10:00,8.3207,9.084,0.0
EWR-1,7/11/2025,02:20:00 am,0,2025-07-11 02:20:00,8.3208,9.084,0.0
EWR-1,7/11/2025,02:30:00 am,0,2025-07-11 02:30:00,8.3211,9.084,0.0
EWR-1,7/11/2025,02:40:00 am,0,2025-07-11 02:40:00,8.3217,9.084,0.0
EWR-1,7/11/2025,02:50:00 am,0,2025-07-11 02:50:00,8.3225,9.084,0.0
EWR-1,7/11/2025,03:00:00 am,0,2025-07-11 03:00:00,8.3228,9.084,9.999999999994457e-05
EWR-1,7/11/2025,03:10:00 am,0,2025-07-11 03:10:00,8.3232,9.083,0.0
EWR-1,7/11/2025,03:20:00 am,0,2025-07-11 03:20:00,8.3239,9.083,9.999999999994457e-05
EWR-1,7/11/2025,03:30:00 am,0,2025-07-11 03:30:00,8.3241,9.082,0.0
EWR-1,7/11/2025,03:40:00 am,0,2025-07-11 03:40:00,8.3242,9.082,0.00010000000000012221
EWR-1,7/11/2025,03:50:00 am,0,2025-07-11 03:50:00,8.3242,9.081,9.999999999994457e-05
EWR-1,7/11/2025,04:00:00 am,0,2025-07-11 04:00:00,8.3245,9.08,9.999999999994457e-05
EWR-1,7/11/2025,04:10:00 am,0,2025-07-11 04:10:00,8.3242,9.079,0.00010000000000012221
EWR-1,7/11/2025,04:20:00 am,0,2025-07-11 04:20:00,8.3244,9.078,9.999999999994457e-05
EWR-1,7/11/2025,04:30:00 am,0,2025-07-11 04:30:00,8.3252,9.077,9.999999999994457e-05
EWR-1,7/11/2025,04:40:00 am,0,2025-07-11 04:40:00,8.3265,9.076,0.00010000000000012221
EWR-1,7/11/2025,04:50:00 am,0,2025-07-11 04:50:00,8.3275,9.075,9.999999999994457e-05
EWR-1,7/11/2025,05:00:00 am,0,2025-07-11 05:00:00,8.3274,9.074,0.0002000000000000668
EWR-1,7/11/2025,05:10:00 am,0,2025-07-11 05:10:00,8.3277,9.072,9.999999999994457e-05
EWR-1,7/11/2025,05:20:00 am,0,2025-07-11 05:20:00,8.328,9.071,0.00019999999999988915
EWR-1,7/11/2025,05:30:00 am,0,2025-07-11 05:30:00,8.3281,9.069,0.0002000000000000668
EWR-1,7/11/2025,05:40:00 am,0,2025-07-11 05:40:00,8.329,9.067,0.0002000000000000668
EWR-1,7/11/2025,05:50:00 am,0,2025-07-11 05:50:00,8.3295,9.065,9.999999999994457e-05
EWR-1,7/11/2025,06:00:00 am,0,2025-07-11 06:00:00,8.3311,9.064,0.0002000000000000668
EWR-1,7/11/2025,06:10:00 am,0,2025-07-11 06:10:00,8.3314,9.062,0.00019999999999988915
EWR-1,7/11/2025,06:20:00 am,0,2025-07-11 06:20:00,8.3318,9.06,0.0002000000000000668
EWR-1,7/11/2025,06:30:00 am,0,2025-07-11 06:30:00,8.3322,9.058,9.999999999994457e-05
EWR-1,7/11/2025,06:40:00 am,0,2025-07-11 06:40:00,8.3329,9.057,0.00030000000000001136
EWR-1,7/11/2025,06:50:00 am,0,2025-07-11 06:50:00,8.3332,9.054,0.0002000000000000668
EWR-1,7/11/2025,07:00:00 am,0,2025-07-11 07:00:00,8.3339,9.052,0.00019999999999988915
EWR-1,7/11/2025,07:10:00 am,0,2025-07-11 07:10:00,8.3348,9.05,0.0002000000000000668
EWR-1,7/11/2025,07:20:00 am,0,2025-07-11 07:20:00,8.3354,9.048,9.999999999994457e-05
EWR-1,7/11/2025,07:30:00 am,0,2025-07-11 07:30:00,8.3357,9.047,0.0002000000000000668
EWR-1,7/11/2025,07:40:00 am,0,2025-07-11 07:40:00,8.3361,9.045,0.0002000000000000668
EWR-1,7/11/2025,07:50:00 am,0,2025-07-11 07:50:00,8.3368,9.043,9.999999999994457e-05
EWR-1,7/11/2025,08:00:00 am,0,2025-07-11 08:00:00,8.3368,9.042,0.0002000000000000668
EWR-1,7/11/2025,08:10:00 am,0,2025-07-11 08:10:00,8.3369,9.04,9.999999999994457e-05
EWR-1,7/11/2025,08:20:00 am,0,2025-07-11 08:20:00,8.3364,9.039,0.00019999999999988915
EWR-1,7/11/2025,08:30:00 am,0,2025-07-11 08:30:00,8.3361,9.037,0.00010000000000012221
EWR-1,7/11/2025,08:40:00 am,0,2025-07-11 08:40:00,8.3363,9.036,9.999999999994457e-05
EWR-1,7/11/2025,08:50:00 am,0,2025-07-11 08:50:00,8.3361,9.035,9.999999999994457e-05
EWR-1,7/11/2025,09:00:00 am,0,2025-07-11 09:00:00,8.3357,9.034,0.00010000000000012221
EWR-1,7/11/2025,09:10:00 am,0,2025-07-11 09:10:00,8.3359,9.033,9.999999999994457e-05
EWR-1,7/11/2025,09:20:00 am,0,2025-07-11 09:20:00,8.3361,9.032,0.0
EWR-1,7/11/2025,09:30:00 am,0,2025-07-11 09:30:00,8.3341,9.032,0.0
EWR-1,7/11/2025,09:40:00 am,0,2025-07-11 09:40:00,8.331,9.032,0.0
EWR-1,7/11/2025,09:50:00 am,0,2025-07-11 09:50:00,8.3265,9.032,9.999999999994457e-05
EWR-1,7/11/2025,10:00:00 am,0,2025-07-11 10:00:00,8.3225,9.033,0.00010000000000012221
EWR-1,7/11/2025,10:10:00 am,0,2025-07-11 10:10:00,8.3185,9.034,9.999999999994457e-05
EWR-1,7/11/2025,10:20:00 am,0,2025-07-11 10:20:00,8.3142,9.035,9.999999999994457e-05
EWR-1,7/11/2025,10:30:00 am,0,2025-07-11 10:30:00,8.3104,9.036,0.00010000000000012221
EWR-1,7/11/2025,10:40:00 am,0,2025-07-11 10:40:00,8.3067,9.037,0.0
EWR-1,7/11/2025,10:50:00 am,0,2025-07-11 10:50:00,8.3029,9.037,0.0
EWR-1,7/11/2025,11:00:00 am,0,2025-07-11 11:00:00,8.2994,9.037,9.999999999994457e-05
EWR-1,7/11/2025,11:10:00 am,0,2025-07-11 11:10:00,8.2956,9.038,0.0
EWR-1,7/11/2025,11:20:00 am,0,2025-07-11 11:20:00,8.2921,9.038,0.0
EWR-1,7/11/2025,11:30:00 am,0,2025-07-11 11:30:00,8.2892,9.038,9.999999999994457e-05
EWR-1,7/11/2025,11:40:00 am,0,2025-07-11 11:40:00,8.2859,9.039,0.0
EWR-1,7/11/2025,11:50:00 am,0,2025-07-11 11:50:00,8.2833,9.039,9.999999999994457e-05
EWR-1,7/11/2025,12:00:00 pm,0,2025-07-11 12:00:00,8.2811,9.04,0.0002000000000000668
EWR-1,7/11/2025,12:10:00 pm,0,2025-07-11 12:10:00,8.2778,9.042,0.0002000000000000668
EWR-1,7/11/2025,12:20:00 pm,0,2025-07-11 12:20:00,8.2759,9.044,0.00019999999999988915
EWR-1,7/11/2025,12:30:00 pm,0,2025-07-11 12:30:00,8.2742,9.046,0.0002000000000000668
EWR-1,7/11/2025,12:40:00 pm,0,2025-07-11 12:40:00,8.2716,9.048,0.00030000000000001136
EWR-1,7/11/2025,12:50:00 pm,0,2025-07-11 12:50:00,8.2689,9.051,0.0002000000000000668
EWR-1,7/11/2025,01:00:00 pm,0,2025-07-11 13:00:00,8.2659,9.053,0.00019999999999988915
EWR-1,7/11/2025,01:10:00 pm,0,2025-07-11 13:10:00,8.264,9.055,0.00030000000000001136
EWR-1,7/11/2025,01:20:00 pm,0,2025-07-11 13:20:00,8.2614,9.058,0.0002000000000000668
EWR-1,7/11/2025,01:30:00 pm,0,2025-07-11 13:30:00,8.2597,9.06,0.00030000000000001136
EWR-1,7/11/2025,01:40:00 pm,0,2025-07-11 13:40:00,8.2578,9.063,0.00030000000000001136
EWR-1,7/11/2025,01:50:00 pm,0,2025-07-11 13:50:00,8.2561,9.066,0.00019999999999988915
EWR-1,7/11/2025,02:00:00 pm,0,2025-07-11 14:00:00,8.2544,9.068,0.00030000000000001136
EWR-1,7/11/2025,02:10:00 pm,0,2025-07-11 14:10:00,8.2528,9.071,0.00030000000000001136
EWR-1,7/11/2025,02:20:00 pm,0,2025-07-11 14:20:00,8.2519,9.074,0.00030000000000001136
EWR-1,7/11/2025,02:30:00 pm,0,2025-07-11 14:30:00,8.2509,9.077,0.00039999999999995595
EWR-1,7/11/2025,02:40:00 pm,0,2025-07-11 14:40:00,8.2499,9.081,0.00030000000000001136
EWR-1,7/11/2025,02:50:00 pm,0,2025-07-11 14:50:00,8.2485,9.084,0.00030000000000001136
EWR-1,7/11/2025,03:00:00 pm,0,2025-07-11 15:00:00,8.2475,9.087,0.00039999999999995595
EWR-1,7/11/2025,03:10:00 pm,0,2025-07-11 15:10:00,8.2461,9.091,0.00030000000000001136
EWR-1,7/11/2025,03:20:00 pm,0,2025-07-11 15:20:00,8.2457,9.094,0.00030000000000001136
EWR-1,7/11/2025,03:30:00 pm,0,2025-07-11 15:30:00,8.2439,9.097,0.00030000000000001136
EWR-1,7/11/2025,03:40:00 pm,0,2025-07-11 15:40:00,8.2425,9.1,0.00030000000000001136
EWR-1,7/11/2025,03:50:00 pm,0,2025-07-11 15:50:00,8.2414,9.103,0.00039999999999995595
EWR-1,7/11/2025,04:00:00 pm,0,2025-07-11 16:00:00,8.2412,9.107,0.00030000000000001136
EWR-1,7/11/2025,04:10:00 pm,0,2025-07-11 16:10:00,8.2399,9.11,0.00030000000000001136
EWR-1,7/11/2025,04:20:00 pm,0,2025-07-11 16:20:00,8.2393,9.113,0.00030000000000001136
EWR-1,7/11/2025,04:30:00 pm,0,2025-07-11 16:30:00,8.2397,9.116,0.00030000000000001136
EWR-1,7/11/2025,04:40:00 pm,0,2025-07-11 16:40:00,8.2395,9.119,0.00039999999999995595
EWR-1,7/11/2025,04:50:00 pm,0,2025-07-11 16:50:00,8.2423,9.123,0.00030000000000001136
EWR-1,7/11/2025,05:00:00 pm,0,2025-07-11 17:00:00,8.2454,9.126,0.00030000000000001136
EWR-1,7/11/2025,05:10:00 pm,0,2025-07-11 17:10:00,8.2492,9.129,0.00030000000000001136
EWR-1,7/11/2025,05:20:00 pm,0,2025-07-11 17:20:00,8.2523,9.132,0.00030000000000001136
EWR-1,7/11/2025,05:30:00 pm,0,2025-07-11 17:30:00,8.2544,9.135,0.00030000000000001136
EWR-1,7/11/2025,05:40:00 pm,0,2025-07-11 17:40:00,8.2552,9.138,0.058399999999999966
EWR-1,7/11/2025,05:50:00 pm,0,2025-07-11 17:50:00,8.2339,9.722,0.020100000000000052
EWR-1,7/11/2025,06:00:00 pm,0,2025-07-11 18:00:00,8.2337,9.923,0.009200000000000052
EWR-1,7/11/2025,06:10:00 pm,0,2025-07-11 18:10:00,8.2335,10.015,0.004999999999999893
EWR-1,7/11/2025,06:20:00 pm,0,2025-07-11 18:20:00,8.2326,10.065,0.0031000000000000584
EWR-1,7/11/2025,06:30:00 pm,0,2025-07-11 18:30:00,8.2324,10.096,0.002200000000000024
EWR-1,7/11/2025,06:40:00 pm,0,2025-07-11 18:40:00,8.2313,10.118,0.0019000000000000128
EWR-1,7/11/2025,06:50:00 pm,0,2025-07-11 18:50:00,8.2307,10.137,0.0013999999999999347
EWR-1,7/11/2025,07:00:00 pm,0,2025-07-11 19:00:00,8.2303,10.151,0.0012000000000000454
EWR-1,7/11/2025,07:10:00 pm,0,2025-07-11 19:10:00,8.2296,10.163,0.0010999999999999233
EWR-1,7/11/2025,07:20:00 pm,0,2025-07-11 19:20:00,8.2293,10.174,0.0009000000000000341
EWR-1,7/11/2025,07:30:00 pm,0,2025-07-11 19:30:00,8.229,10.183,0.0008000000000000895
EWR-1,7/11/2025,07:40:00 pm,0,2025-07-11 19:40:00,8.2283,10.191,0.0007999999999999119
EWR-1,7/11/2025,07:50:00 pm,0,2025-07-11 19:50:00,8.2273,10.199,0.0006000000000000227
EWR-1,7/11/2025,08:00:00 pm,0,2025-07-11 20:00:00,8.2269,10.205,0.0005000000000000782
EWR-1,7/11/2025,08:10:00 pm,0,2025-07-11 20:10:00,8.2259,10.21,0.00039999999999995595
EWR-1,7/11/2025,08:20:00 pm,0,2025-07-11 20:20:00,8.2258,10.214,0.00030000000000001136
EWR-1,7/11/2025,08:30:00 pm,0,2025-07-11 20:30:00,8.2255,10.217,0.00030000000000001136
EWR-1,7/11/2025,08:40:00 pm,0,2025-07-11 20:40:00,8.225,10.22,9.999999999994457e-05
EWR-1,7/11/2025,08:50:00 pm,0,2025-07-11 20:50:00,8.225,10.221,9.999999999994457e-05
EWR-1,7/11/2025,09:00:00 pm,0,2025-07-11 21:00:00,8.2253,10.222,0.0
EWR-1,7/11/2025,09:10:00 pm,0,2025-07-11 21:10:00,8.226,10.222,9.999999999994457e-05
EWR-1,7/11/2025,09:20:00 pm,0,2025-07-11 21:20:00,8.2258,10.221,9.999999999994457e-05
EWR-1,7/11/2025,09:30:00 pm,0,2025-07-11 21:30:00,8.2259,10.22,0.0002000000000000668
EWR-1,7/11/2025,09:40:00 pm,0,2025-07-11 21:40:00,8.226,10.218,9.999999999994457e-05
EWR-1,7/11/2025,09:50:00 pm,0,2025-07-11 21:50:00,8.2261,10.217,0.0002000000000000668
EWR-1,7/11/2025,10:00:00 pm,0,2025-07-11 22:00:00,8.2263,10.215,0.00030000000000001136
EWR-1,7/11/2025,10:10:00 pm,0,2025-07-11 22:10:00,8.2263,10.212,0.00030000000000001136
EWR-1,7/11/2025,10:20:00 pm,0,2025-07-11 22:20:00,8.2265,10.209,0.00030000000000001136
EWR-1,7/11/2025,10:30:00 pm,0,2025-07-11 22:30:00,8.2261,10.206,0.00030000000000001136
EWR-1,7/11/2025,10:40:00 pm,0,2025-07-11 22:40:00,8.2258,10.203,0.00030000000000001136
EWR-1,7/11/2025,10:50:00 pm,0,2025-07-11 22:50:00,8.2256,10.2,0.00039999999999995595
EWR-1,7/11/2025,11:00:00 pm,0,2025-07-11 23:00:00,8.2258,10.196,0.00039999999999995595
EWR-1,7/11/2025,11:10:00 pm,0,2025-07-11 23:10:00,8.2254,10.192,0.0005000000000000782
EWR-1,7/11/2025,11:20:00 pm,0,2025-07-11 23:20:00,8.2253,10.187,0.00039999999999995595
EWR-1,7/11/2025,11:30:00 pm,0,2025-07-11 23:30:00,8.2252,10.183,0.0004999999999999005
EWR-1,7/11/2025,11:40:00 pm,0,2025-07-11 23:40:00,8.2252,10.178,0.0006000000000000227
EWR-1,7/11/2025,11:50:00 pm,0,2025-07-11 23:50:00,8.225,10.172,0.0005000000000000782
EWR-1,7/12/2025,12:00:00 am,0,2025-07-12 00:00:00,8.225,10.167,0.0006999999999999674
EWR-1,7/12/2025,12:10:00 am,0,2025-07-12 00:10:00,8.2247,10.16,0.0006999999999999674
EWR-1,7/12/2025,12:20:00 am,0,2025-07-12 00:20:00,8.2249,10.153,0.0006999999999999674
EWR-1,7/12/2025,12:30:00 am,0,2025-07-12 00:30:00,8.2243,10.146,0.0008000000000000895
EWR-1,7/12/2025,12:40:00 am,0,2025-07-12 00:40:00,8.2244,10.138,0.0007999999999999119
EWR-1,7/12/2025,12:50:00 am,0,2025-07-12 00:50:00,8.2245,10.13,0.0008000000000000895
EWR-1,7/12/2025,01:00:00 am,0,2025-07-12 01:00:00,8.2247,10.122,0.0007999999999999119
EWR-1,7/12/2025,01:10:00 am,0,2025-07-12 01:10:00,8.225,10.114,0.0009000000000000341
EWR-1,7/12/2025,01:20:00 am,0,2025-07-12 01:20:00,8.2251,10.105,0.0009000000000000341
EWR-1,7/12/2025,01:30:00 am,0,2025-07-12 01:30:00,8.2255,10.096,0.0008000000000000895
EWR-1,7/12/2025,01:40:00 am,0,2025-07-12 01:40:00,8.2256,10.088,0.0009999999999999788
EWR-1,7/12/2025,01:50:00 am,0,2025-07-12 01:50:00,8.2261,10.078,0.0008999999999998564
EWR-1,7/12/2025,02:00:00 am,0,2025-07-12 02:00:00,8.2266,10.069,0.0009000000000000341
EWR-1,7/12/2025,02:10:00 am,0,2025-07-12 02:10:00,8.2273,10.06,0.0009000000000000341
EWR-1,7/12/2025,02:20:00 am,0,2025-07-12 02:20:00,8.2276,10.051,0.0009999999999999788
EWR-1,7/12/2025,02:30:00 am,0,2025-07-12 02:30:00,8.2283,10.041,0.0009999999999999788
EWR-1,7/12/2025,02:40:00 am,0,2025-07-12 02:40:00,8.229,10.031,0.0009999999999999788
EWR-1,7/12/2025,02:50:00 am,0,2025-07-12 02:50:00,8.2297,10.021,0.0009000000000000341
EWR-1,7/12/2025,03:00:00 am,0,2025-07-12 03:00:00,8.2303,10.012,0.0009000000000000341
EWR-1,7/12/2025,03:10:00 am,0,2025-07-12 03:10:00,8.2311,10.003,0.0009999999999999788
EWR-1,7/12/2025,03:20:00 am,0,2025-07-12 03:20:00,8.232,9.993,0.0009999999999999788
EWR-1,7/12/2025,03:30:00 am,0,2025-07-12 03:30:00,8.2336,9.983,0.0009999999999999788
EWR-1,7/12/2025,03:40:00 am,0,2025-07-12 03:40:00,8.2359,9.973,0.001100000000000101
EWR-1,7/12/2025,03:50:00 am,0,2025-07-12 03:50:00,8.2378,9.962,0.0010999999999999233
EWR-1,7/12/2025,04:00:00 am,0,2025-07-12 04:00:00,8.2391,9.951,0.001100000000000101
EWR-1,7/12/2025,04:10:00 am,0,2025-07-12 04:10:00,8.24,9.94,0.0010999999999999233
EWR-1,7/12/2025,04:20:00 am,0,2025-07-12 04:20:00,8.2408,9.929,0.001100000000000101
EWR-1,7/12/2025,04:30:00 am,0,2025-07-12 04:30:00,8.2421,9.918,0.0010999999999999233
EWR-1,7/12/2025,04:40:00 am,0,2025-07-12 04:40:00,8.2431,9.907,0.0010999999999999233
EWR-1,7/12/2025,04:50:00 am,0,2025-07-12 04:50:00,8.2442,9.896,0.001100000000000101
EWR-1,7/12/2025,05:00:00 am,0,2025-07-12 05:00:00,8.2446,9.885,0.0010999999999999233
EWR-1,7/12/2025,05:10:00 am,0,2025-07-12 05:10:00,8.2452,9.874,0.001100000000000101
EWR-1,7/12/2025,05:20:00 am,0,2025-07-12 05:20:00,8.2456,9.863,0.0009999999999999788
EWR-1,7/12/2025,05:30:00 am,0,2025-07-12 05:30:00,8.2462,9.853,0.0009999999999999788
EWR-1,7/12/2025,05:40:00 am,0,2025-07-12 05:40:00,8.2467,9.843,0.0010999999999999233
EWR-1,7/12/2025,05:50:00 am,0,2025-07-12 05:50:00,8.2472,9.832,0.0010000000000001564
EWR-1,7/12/2025,06:00:00 am,0,2025-07-12 06:00:00,8.2477,9.822,0.0010999999999999233
EWR-1,7/12/2025,06:10:00 am,0,2025-07-12 06:10:00,8.2484,9.811,0.0009000000000000341
EWR-1,7/12/2025,06:20:00 am,0,2025-07-12 06:20:00,8.2489,9.802,0.0009999999999999788
EWR-1,7/12/2025,06:30:00 am,0,2025-07-12 06:30:00,8.2492,9.792,0.0009999999999999788
EWR-1,7/12/2025,06:40:00 am,0,2025-07-12 06:40:00,8.2504,9.782,0.0008000000000000895
EWR-1,7/12/2025,06:50:00 am,0,2025-07-12 06:50:00,8.2506,9.774,0.0008999999999998564
EWR-1,7/12/2025,07:00:00 am,0,2025-07-12 07:00:00,8.2511,9.765,0.000700000000000145
EWR-1,7/12/2025,07:10:00 am,0,2025-07-12 07:10:00,8.2513,9.758,0.0005999999999998451
EWR-1,7/12/2025,07:20:00 am,0,2025-07-12 07:20:00,8.2515,9.752,0.0006000000000000227
EWR-1,7/12/2025,07:30:00 am,0,2025-07-12 07:30:00,8.2518,9.746,0.0005000000000000782
EWR-1,7/12/2025,07:40:00 am,0,2025-07-12 07:40:00,8.2525,9.741,0.00039999999999995595
EWR-1,7/12/2025,07:50:00 am,0,2025-07-12 07:50:00,8.2536,9.737,0.00039999999999995595
EWR-1,7/12/2025,08:00:00 am,0,2025-07-12 08:00:00,8.254,9.733,0.0004000000000001336
EWR-1,7/12/2025,08:10:00 am,0,2025-07-12 08:10:00,8.2538,9.729,0.00019999999999988915
EWR-1,7/12/2025,08:20:00 am,0,2025-07-12 08:20:00,8.2542,9.727,0.0002000000000000668
EWR-1,7/12/2025,08:30:00 am,0,2025-07-12 08:30:00,8.254,9.725,0.0
EWR-1,7/12/2025,08:40:00 am,0,2025-07-12 08:40:00,8.2542,9.725,9.999999999994457e-05
EWR-1,7/12/2025,08:50:00 am,0,2025-07-12 08:50:00,8.2543,9.724,9.999999999994457e-05
EWR-1,7/12/2025,09:00:00 am,0,2025-07-12 09:00:00,8.2544,9.725,0.00030000000000001136
EWR-1,7/12/2025,09:10:00 am,0,2025-07-12 09:10:00,8.2545,9.728,0.00030000000000001136
EWR-1,7/12/2025,09:20:00 am,0,2025-07-12 09:20:00,8.2542,9.731,0.0006000000000000227
EWR-1,7/12/2025,09:30:00 am,0,2025-07-12 09:30:00,8.2526,9.737,0.0009999999999999788
EWR-1,7/12/2025,09:40:00 am,0,2025-07-12 09:40:00,8.2491,9.747,0.0013999999999999347
EWR-1,7/12/2025,09:50:00 am,0,2025-07-12 09:50:00,8.2455,9.761,0.0010000000000001564
EWR-1,7/12/2025,10:00:00 am,0,2025-07-12 10:00:00,8.2449,9.771,0.0009999999999999788
EWR-1,7/12/2025,10:10:00 am,0,2025-07-12 10:10:00,8.2442,9.781,0.0010999999999999233
EWR-1,7/12/2025,10:20:00 am,0,2025-07-12 10:20:00,8.2438,9.792,0.0009000000000000341
EWR-1,7/12/2025,10:30:00 am,0,2025-07-12 10:30:00,8.2428,9.801,0.0007999999999999119
EWR-1,7/12/2025,10:40:00 am,0,2025-07-12 10:40:00,8.242,9.809,0.0008000000000000895
EWR-1,7/12/2025,10:50:00 am,0,2025-07-12 10:50:00,8.2404,9.817,0.0007999999999999119
EWR-1,7/12/2025,11:00:00 am,0,2025-07-12 11:00:00,8.2393,9.825,0.0009000000000000341
EWR-1,7/12/2025,11:10:00 am,0,2025-07-12 11:10:00,8.2382,9.834,0.0009999999999999788
EWR-1,7/12/2025,11:20:00 am,0,2025-07-12 11:20:00,8.2371,9.844,0.001100000000000101
EWR-1,7/12/2025,11:30:00 am,0,2025-07-12 11:30:00,8.2357,9.855,0.0012000000000000454
EWR-1,7/12/2025,11:40:00 am,0,2025-07-12 11:40:00,8.2342,9.867,0.0013999999999999347
EWR-1,7/12/2025,11:50:00 am,0,2025-07-12 11:50:00,8.233,9.881,0.0013999999999999347
EWR-1,7/12/2025,12:00:00 pm,0,2025-07-12 12:00:00,8.2319,9.895,0.0016000000000000014
EWR-1,7/12/2025,12:10:00 pm,0,2025-07-12 12:10:00,8.2302,9.911,0.0016000000000000014
EWR-1,7/12/2025,12:20:00 pm,0,2025-07-12 12:20:00,8.2289,9.927,0.0016000000000000014
EWR-1,7/12/2025,12:30:00 pm,0,2025-07-12 12:30:00,8.2278,9.943,0.0015000000000000568
EWR-1,7/12/2025,12:40:00 pm,0,2025-07-12 12:40:00,8.2264,9.958,0.0016000000000000014
EWR-1,7/12/2025,12:50:00 pm,0,2025-07-12 12:50:00,8.2256,9.974,0.0015000000000000568
EWR-1,7/12/2025,01:00:00 pm,0,2025-07-12 13:00:00,8.2238,9.989,0.001699999999999946
EWR-1,7/12/2025,01:10:00 pm,0,2025-07-12 13:10:00,8.2228,10.006,0.0016000000000000014
EWR-1,7/12/2025,01:20:00 pm,0,2025-07-12 13:20:00,8.222,10.022,0.001699999999999946
EWR-1,7/12/2025,01:30:00 pm,0,2025-07-12 13:30:00,8.2204,10.039,0.0018000000000000683
EWR-1,7/12/2025,01:40:00 pm,0,2025-07-12 13:40:00,8.2189,10.057,0.0017999999999998907
EWR-1,7/12/2025,01:50:00 pm,0,2025-07-12 13:50:00,8.2174,10.075,0.0018000000000000683
EWR-1,7/12/2025,02:00:00 pm,0,2025-07-12 14:00:00,8.2165,10.093,0.0018000000000000683
EWR-1,7/12/2025,02:10:00 pm,0,2025-07-12 14:10:00,8.2151,10.111,0.0019000000000000128
EWR-1,7/12/2025,02:20:00 pm,0,2025-07-12 14:20:00,8.2137,10.13,0.0018999999999998352
EWR-1,7/12/2025,02:30:00 pm,0,2025-07-12 14:30:00,8.2124,10.149,0.0019000000000000128
EWR-1,7/12/2025,02:40:00 pm,0,2025-07-12 14:40:00,8.2115,10.168,0.0019000000000000128
EWR-1,7/12/2025,02:50:00 pm,0,2025-07-12 14:50:00,8.2103,10.187,0.0018000000000000683
EWR-1,7/12/2025,03:00:00 pm,0,2025-07-12 15:00:00,8.2085,10.205,0.001699999999999946
EWR-1,7/12/2025,03:10:00 pm,0,2025-07-12 15:10:00,8.2071,10.222,0.0018000000000000683
EWR-1,7/12/2025,03:20:00 pm,0,2025-07-12 15:20:00,8.2055,10.24,0.001699999999999946
EWR-1,7/12/2025,03:30:00 pm,0,2025-07-12 15:30:00,8.2041,10.257,0.0016000000000000014
EWR-1,7/12/2025,03:40:00 pm,0,2025-07-12 15:40:00,8.2027,10.273,0.0014000000000001123
EWR-1,7/12/2025,03:50:00 pm,0,2025-07-12 15:50:00,8.2013,10.287,0.0016000000000000014
EWR-1,7/12/2025,04:00:00 pm,0,2025-07-12 16:00:00,8.1998,10.303,0.0013999999999999347
EWR-1,7/12/2025,04:10:00 pm,0,2025-07-12 16:10:00,8.1984,10.317,0.00129999999999999
EWR-1,7/12/2025,04:20:00 pm,0,2025-07-12 16:20:00,8.1969,10.33,0.0012000000000000454
EWR-1,7/12/2025,04:30:00 pm,0,2025-07-12 16:30:00,8.1959,10.342,0.0010999999999999233
EWR-1,7/12/2025,04:40:00 pm,0,2025-07-12 16:40:00,8.1944,10.353,0.0009000000000000341
EWR-1,7/12/2025,04:50:00 pm,0,2025-07-12 16:50:00,8.1929,10.362,0.0010999999999999233
EWR-1,7/12/2025,05:00:00 pm,0,2025-07-12 17:00:00,8.1911,10.373,0.0014000000000001123
EWR-1,7/12/2025,05:10:00 pm,0,2025-07-12 17:10:00,8.1899,10.387,0.0016000000000000014
EWR-1,7/12/2025,05:20:00 pm,0,2025-07-12 17:20:00,8.1884,10.403,0.001699999999999946
EWR-1,7/12/2025,05:30:00 pm,0,2025-07-12 17:30:00,8.1872,10.42,0.0016000000000000014
EWR-1,7/12/2025,05:40:00 pm,0,2025-07-12 17:40:00,8.1865,10.436,0.0015000000000000568
EWR-1,7/12/2025,05:50:00 pm,0,2025-07-12 17:50:00,8.1852,10.451,0.0016000000000000014
EWR-1,7/12/2025,06:00:00 pm,0,2025-07-12 18:00:00,8.1841,10.467,0.0013999999999999347
EWR-1,7/12/2025,06:10:00 pm,0,2025-07-12 18:10:00,8.1831,10.481,0.0013999999999999347
EWR-1,7/12/2025,06:20:00 pm,0,2025-07-12 18:20:00,8.1822,10.495,0.00129999999999999
EWR-1,7/12/2025,06:30:00 pm,0,2025-07-12 18:30:00,8.1818,10.508,0.0013000000000001678
EWR-1,7/12/2025,06:40:00 pm,0,2025-07-12 18:40:00,8.1807,10.521,0.0010999999999999233
EWR-1,7/12/2025,06:50:00 pm,0,2025-07-12 18:50:00,8.1801,10.532,0.0012000000000000454
EWR-1,7/12/2025,07:00:00 pm,0,2025-07-12 19:00:00,8.1793,10.544,0.0009999999999999788
EWR-1,7/12/2025,07:10:00 pm,0,2025-07-12 19:10:00,8.1786,10.554,0.0010999999999999233
EWR-1,7/12/2025,07:20:00 pm,0,2025-07-12 19:20:00,8.1776,10.565,0.0008000000000000895
EWR-1,7/12/2025,07:30:00 pm,0,2025-07-12 19:30:00,8.1767,10.573,0.0007999999999999119
EWR-1,7/12/2025,07:40:00 pm,0,2025-07-12 19:40:00,8.1758,10.581,0.0006999999999999674
EWR-1,7/12/2025,07:50:00 pm,0,2025-07-12 19:50:00,8.1744,10.588,0.000700000000000145
EWR-1,7/12/2025,08:00:00 pm,0,2025-07-12 20:00:00,8.1734,10.595,0.0006000000000000227
EWR-1,7/12/2025,08:10:00 pm,0,2025-07-12 20:10:00,8.1728,10.601,0.0004999999999999005
EWR-1,7/12/2025,08:20:00 pm,0,2025-07-12 20:20:00,8.1719,10.606,0.00039999999999995595
EWR-1,7/12/2025,08:30:00 pm,0,2025-07-12 20:30:00,8.1717,10.61,0.00030000000000001136
EWR-1,7/12/2025,08:40:00 pm,0,2025-07-12 20:40:00,8.171,10.613,0.0002000000000000668
EWR-1,7/12/2025,08:50:00 pm,0,2025-07-12 20:50:00,8.1709,10.615,9.999999999994457e-05
EWR-1,7/12/2025,09:00:00 pm,0,2025-07-12 21:00:00,8.1704,10.616,0.0
EWR-1,7/12/2025,09:10:00 pm,0,2025-07-12 21:10:00,8.1701,10.616,0.0
EWR-1,7/12/2025,09:20:00 pm,0,2025-07-12 21:20:00,8.17,10.616,9.999999999994457e-05
EWR-1,7/12/2025,09:30:00 pm,0,2025-07-12 21:30:00,8.1697,10.615,0.0002000000000000668
EWR-1,7/12/2025,09:40:00 pm,0,2025-07-12 21:40:00,8.1698,10.613,9.999999999994457e-05
EWR-1,7/12/2025,09:50:00 pm,0,2025-07-12 21:50:00,8.1697,10.612,0.00030000000000001136
EWR-1,7/12/2025,10:00:00 pm,0,2025-07-12 22:00:00,8.1703,10.609,0.00030000000000001136
EWR-1,7/12/2025,10:10:00 pm,0,2025-07-12 22:10:00,8.1702,10.606,0.00030000000000001136
EWR-1,7/12/2025,10:20:00 pm,0,2025-07-12 22:20:00,8.1705,10.603,0.00030000000000001136
EWR-1,7/12/2025,10:30:00 pm,0,2025-07-12 22:30:00,8.171,10.6,0.00039999999999995595
EWR-1,7/12/2025,10:40:00 pm,0,2025-07-12 22:40:00,8.1712,10.596,0.00039999999999995595
EWR-1,7/12/2025,10:50:00 pm,0,2025-07-12 22:50:00,8.1718,10.592,0.0004000000000001336
EWR-1,7/12/2025,11:00:00 pm,0,2025-07-12 23:00:00,8.1721,10.588,0.00039999999999995595
EWR-1,7/12/2025,11:10:00 pm,0,2025-07-12 23:10:00,8.1728,10.584,0.00039999999999995595
EWR-1,7/12/2025,11:20:00 pm,0,2025-07-12 23:20:00,8.1735,10.58,0.0006000000000000227
EWR-1,7/12/2025,11:30:00 pm,0,2025-07-12 23:30:00,8.174,10.574,0.0004999999999999005
EWR-1,7/12/2025,11:40:00 pm,0,2025-07-12 23:40:00,8.1743,10.569,0.0006000000000000227
EWR-1,7/12/2025,11:50:00 pm,0,2025-07-12 23:50:00,8.1755,10.563,0.0006000000000000227
EWR-1,7/13/2025,12:00:00 am,0,2025-07-13 00:00:00,8.1764,10.557,0.0006999999999999674
EWR-1,7/13/2025,12:10:00 am,0,2025-07-13 00:10:00,8.1773,10.55,0.000700000000000145
EWR-1,7/13/2025,12:20:00 am,0,2025-07-13 00:20:00,8.1782,10.543,0.0006999999999999674
EWR-1,7/13/2025,12:30:00 am,0,2025-07-13 00:30:00,8.1794,10.536,0.0006999999999999674
EWR-1,7/13/2025,12:40:00 am,0,2025-07-13 00:40:00,8.1799,10.529,0.0006999999999999674
EWR-1,7/13/2025,12:50:00 am,0,2025-07-13 00:50:00,8.1813,10.522,0.0006999999999999674
EWR-1,7/13/2025,01:00:00 am,0,2025-07-13 01:00:00,8.1819,10.515,0.0008000000000000895
EWR-1,7/13/2025,01:10:00 am,0,2025-07-13 01:10:00,8.1829,10.507,0.0006999999999999674
EWR-1,7/13/2025,01:20:00 am,0,2025-07-13 01:20:00,8.1844,10.5,0.0007999999999999119
EWR-1,7/13/2025,01:30:00 am,0,2025-07-13 01:30:00,8.1855,10.492,0.0008000000000000895
EWR-1,7/13/2025,01:40:00 am,0,2025-07-13 01:40:00,8.187,10.484,0.0007999999999999119
EWR-1,7/13/2025,01:50:00 am,0,2025-07-13 01:50:00,8.1884,10.476,0.0008000000000000895
EWR-1,7/13/2025,02:00:00 am,0,2025-07-13 02:00:00,8.1898,10.468,0.0009000000000000341
EWR-1,7/13/2025,02:10:00 am,0,2025-07-13 02:10:00,8.1912,10.459,0.0009000000000000341
EWR-1,7/13/2025,02:20:00 am,0,2025-07-13 02:20:00,8.1924,10.45,0.0009999999999999788
EWR-1,7/13/2025,02:30:00 am,0,2025-07-13 02:30:00,8.1938,10.44,0.0009000000000000341
EWR-1,7/13/2025,02:40:00 am,0,2025-07-13 02:40:00,8.1951,10.431,0.0010999999999999233
EWR-1,7/13/2025,02:50:00 am,0,2025-07-13 02:50:00,8.1966,10.42,0.0010999999999999233
EWR-1,7/13/2025,03:00:00 am,0,2025-07-13 03:00:00,8.1981,10.409,0.001100000000000101
EWR-1,7/13/2025,03:10:00 am,0,2025-07-13 03:10:00,8.1998,10.398,0.0009999999999999788
EWR-1,7/13/2025,03:20:00 am,0,2025-07-13 03:20:00,8.2016,10.388,0.0009999999999999788
EWR-1,7/13/2025,03:30:00 am,0,2025-07-13 03:30:00,8.2036,10.378,0.0009999999999999788
EWR-1,7/13/2025,03:40:00 am,0,2025-07-13 03:40:00,8.2058,10.368,0.001100000000000101
EWR-1,7/13/2025,03:50:00 am,0,2025-07-13 03:50:00,8.2081,10.357,0.0009999999999999788
EWR-1,7/13/2025,04:00:00 am,0,2025-07-13 04:00:00,8.2112,10.347,0.0010999999999999233
EWR-1,7/13/2025,04:10:00 am,0,2025-07-13 04:10:00,8.2144,10.336,0.001100000000000101
EWR-1,7/13/2025,04:20:00 am,0,2025-07-13 04:20:00,8.2171,10.325,0.0009999999999999788
EWR-1,7/13/2025,04:30:00 am,0,2025-07-13 04:30:00,8.2218,10.315,0.0010999999999999233
EWR-1,7/13/2025,04:40:00 am,0,2025-07-13 04:40:00,8.2265,10.304,0.0012000000000000454
EWR-1,7/13/2025,04:50:00 am,0,2025-07-13 04:50:00,8.2307,10.292,0.0010999999999999233
EWR-1,7/13/2025,05:00:00 am,0,2025-07-13 05:00:00,8.2348,10.281,0.001100000000000101
EWR-1,7/13/2025,05:10:00 am,0,2025-07-13 05:10:00,8.2384,10.27,0.0010999999999999233
EWR-1,7/13/2025,05:20:00 am,0,2025-07-13 05:20:00,8.2414,10.259,0.0012000000000000454
EWR-1,7/13/2025,05:30:00 am,0,2025-07-13 05:30:00,8.2459,10.247,0.0010999999999999233
EWR-1,7/13/2025,05:40:00 am,0,2025-07-13 05:40:00,8.2489,10.236,0.001100000000000101
EWR-1,7/13/2025,05:50:00 am,0,2025-07-13 05:50:00,8.2512,10.225,0.0010999999999999233
EWR-1,7/13/2025,06:00:00 am,0,2025-07-13 06:00:00,8.2527,10.214,0.0012000000000000454
EWR-1,7/13/2025,06:10:00 am,0,2025-07-13 06:10:00,8.2537,10.202,0.0009999999999999788
EWR-1,7/13/2025,06:20:00 am,0,2025-07-13 06:20:00,8.2558,10.192,0.001100000000000101
EWR-1,7/13/2025,06:30:00 am,0,2025-07-13 06:30:00,8.2575,10.181,0.0010999999999999233
EWR-1,7/13/2025,06:40:00 am,0,2025-07-13 06:40:00,8.2582,10.17,0.0009000000000000341
EWR-1,7/13/2025,06:50:00 am,0,2025-07-13 06:50:00,8.2582,10.161,0.0009000000000000341
EWR-1,7/13/2025,07:00:00 am,0,2025-07-13 07:00:00,8.2586,10.152,0.0006999999999999674
EWR-1,7/13/2025,07:10:00 am,0,2025-07-13 07:10:00,8.2588,10.145,0.0006999999999999674
EWR-1,7/13/2025,07:20:00 am,0,2025-07-13 07:20:00,8.2593,10.138,0.0006999999999999674
EWR-1,7/13/2025,07:30:00 am,0,2025-07-13 07:30:00,8.2595,10.131,0.0006000000000000227
EWR-1,7/13/2025,07:40:00 am,0,2025-07-13 07:40:00,8.2594,10.125,0.0006000000000000227
EWR-1,7/13/2025,07:50:00 am,0,2025-07-13 07:50:00,8.2594,10.119,0.0004999999999999005
EWR-1,7/13/2025,08:00:00 am,0,2025-07-13 08:00:00,8.2595,10.114,0.0004000000000001336
EWR-1,7/13/2025,08:10:00 am,0,2025-07-13 08:10:00,8.2599,10.11,0.00039999999999995595
EWR-1,7/13/2025,08:20:00 am,0,2025-07-13 08:20:00,8.2605,10.106,0.0002000000000000668
EWR-1,7/13/2025,08:30:00 am,0,2025-07-13 08:30:00,8.2608,10.104,0.00019999999999988915
EWR-1,7/13/2025,08:40:00 am,0,2025-07-13 08:40:00,8.2611,10.102,9.999999999994457e-05
EWR-1,7/13/2025,08:50:00 am,0,2025-07-13 08:50:00,8.2608,10.101,9.999999999994457e-05
EWR-1,7/13/2025,09:00:00 am,0,2025-07-13 09:00:00,8.2609,10.102,0.00019999999999988915
EWR-1,7/13/2025,09:10:00 am,0,2025-07-13 09:10:00,8.2607,10.104,0.0004000000000001336
EWR-1,7/13/2025,09:20:00 am,0,2025-07-13 09:20:00,8.2607,10.108,0.0006999999999999674
EWR-1,7/13/2025,09:30:00 am,0,2025-07-13 09:30:00,8.2586,10.115,0.0012000000000000454
EWR-1,7/13/2025,09:40:00 am,0,2025-07-13 09:40:00,8.2564,10.127,0.0011999999999998678
EWR-1,7/13/2025,09:50:00 am,0,2025-07-13 09:50:00,8.2535,10.139,0.0009999999999999788
EWR-1,7/13/2025,10:00:00 am,0,2025-07-13 10:00:00,8.2519,10.149,0.0012000000000000454
EWR-1,7/13/2025,10:10:00 am,0,2025-07-13 10:10:00,8.2516,10.161,0.001100000000000101
EWR-1,7/13/2025,10:20:00 am,0,2025-07-13 10:20:00,8.2505,10.172,0.0008999999999998564
EWR-1,7/13/2025,10:30:00 am,0,2025-07-13 10:30:00,8.2491,10.181,0.000700000000000145
EWR-1,7/13/2025,10:40:00 am,0,2025-07-13 10:40:00,8.2477,10.188,0.0007999999999999119
EWR-1,7/13/2025,10:50:00 am,0,2025-07-13 10:50:00,8.246,10.196,0.0008000000000000895
EWR-1,7/13/2025,11:00:00 am,0,2025-07-13 11:00:00,8.2444,10.204,0.0007999999999999119
EWR-1,7/13/2025,11:10:00 am,0,2025-07-13 11:10:00,8.2431,10.212,0.001100000000000101
EWR-1,7/13/2025,11:20:00 am,0,2025-07-13 11:20:00,8.2413,10.223,0.0009999999999999788
EWR-1,7/13/2025,11:30:00 am,0,2025-07-13 11:30:00,8.2394,10.233,0.0010999999999999233
EWR-1,7/13/2025,11:40:00 am,0,2025-07-13 11:40:00,8.2376,10.244,0.00129999999999999
EWR-1,7/13/2025,11:50:00 am,0,2025-07-13 11:50:00,8.2357,10.257,0.00129999999999999
EWR-1,7/13/2025,12:00:00 pm,0,2025-07-13 12:00:00,8.234,10.27,0.0014000000000001123
EWR-1,7/13/2025,12:10:00 pm,0,2025-07-13 12:10:00,8.2323,10.284,0.0013999999999999347
EWR-1,7/13/2025,12:20:00 pm,0,2025-07-13 12:20:00,8.2306,10.298,0.0013999999999999347
EWR-1,7/13/2025,12:30:00 pm,0,2025-07-13 12:30:00,8.2289,10.312,0.0015000000000000568
EWR-1,7/13/2025,12:40:00 pm,0,2025-07-13 12:40:00,8.2269,10.327,0.0015000000000000568
EWR-1,7/13/2025,12:50:00 pm,0,2025-07-13 12:50:00,8.2252,10.342,0.0013999999999999347
EWR-1,7/13/2025,01:00:00 pm,0,2025-07-13 13:00:00,8.2234,10.356,0.0015000000000000568
EWR-1,7/13/2025,01:10:00 pm,0,2025-07-13 13:10:00,8.2216,10.371,0.0014999999999998793
EWR-1,7/13/2025,01:20:00 pm,0,2025-07-13 13:20:00,8.22,10.386,0.0017000000000001237
EWR-1,7/13/2025,01:30:00 pm,0,2025-07-13 13:30:00,8.2183,10.403,0.0016000000000000014
EWR-1,7/13/2025,01:40:00 pm,0,2025-07-13 13:40:00,8.2163,10.419,0.001699999999999946
EWR-1,7/13/2025,01:50:00 pm,0,2025-07-13 13:50:00,8.2144,10.436,0.0016000000000000014
EWR-1,7/13/2025,02:00:00 pm,0,2025-07-13 14:00:00,8.2129,10.452,0.001699999999999946
EWR-1,7/13/2025,02:10:00 pm,0,2025-07-13 14:10:00,8.2109,10.469,0.0018000000000000683
EWR-1,7/13/2025,02:20:00 pm,0,2025-07-13 14:20:00,8.2086,10.487,0.0018000000000000683
EWR-1,7/13/2025,02:30:00 pm,0,2025-07-13 14:30:00,8.2069,10.505,0.0018999999999998352
EWR-1,7/13/2025,02:40:00 pm,0,2025-07-13 14:40:00,8.2052,10.524,0.0019000000000000128
EWR-1,7/13/2025,02:50:00 pm,0,2025-07-13 14:50:00,8.2032,10.543,0.0018000000000000683
EWR-1,7/13/2025,03:00:00 pm,0,2025-07-13 15:00:00,8.2011,10.561,0.001699999999999946
EWR-1,7/13/2025,03:10:00 pm,0,2025-07-13 15:10:00,8.1994,10.578,0.0016000000000000014
EWR-1,7/13/2025,03:20:00 pm,0,2025-07-13 15:20:00,8.1976,10.594,0.0017000000000001237
EWR-1,7/13/2025,03:30:00 pm,0,2025-07-13 15:30:00,8.1953,10.611,0.001699999999999946
EWR-1,7/13/2025,03:40:00 pm,0,2025-07-13 15:40:00,8.1934,10.628,0.0016000000000000014
EWR-1,7/13/2025,03:50:00 pm,0,2025-07-13 15:50:00,8.1911,10.644,0.001699999999999946
EWR-1,7/13/2025,04:00:00 pm,0,2025-07-13 16:00:00,8.189,10.661,0.0016000000000000014
EWR-1,7/13/2025,04:10:00 pm,0,2025-07-13 16:10:00,8.1867,10.677,0.0017000000000001237
EWR-1,7/13/2025,04:20:00 pm,0,2025-07-13 16:20:00,8.1849,10.694,0.001699999999999946
EWR-1,7/13/2025,04:30:00 pm,0,2025-07-13 16:30:00,8.1828,10.711,0.001699999999999946
EWR-1,7/13/2025,04:40:00 pm,0,2025-07-13 16:40:00,8.1804,10.728,0.0018000000000000683
EWR-1,7/13/2025,04:50:00 pm,0,2025-07-13 16:50:00,8.1783,10.746,0.0017999999999998907
EWR-1,7/13/2025,05:00:00 pm,0,2025-07-13 17:00:00,8.176,10.764,0.0018000000000000683
EWR-1,7/13/2025,05:10:00 pm,0,2025-07-13 17:10:00,8.1742,10.782,0.001699999999999946
EWR-1,7/13/2025,05:20:00 pm,0,2025-07-13 17:20:00,8.1724,10.799,0.0018000000000000683
EWR-1,7/13/2025,05:30:00 pm,0,2025-07-13 17:30:00,8.1708,10.817,0.0016000000000000014
EWR-1,7/13/2025,05:40:00 pm,0,2025-07-13 17:40:00,8.169,10.833,0.0015000000000000568
EWR-1,7/13/2025,05:50:00 pm,0,2025-07-13 17:50:00,8.167,10.848,0.0013999999999999347
EWR-1,7/13/2025,06:00:00 pm,0,2025-07-13 18:00:00,8.1653,10.862,0.00129999999999999
EWR-1,7/13/2025,06:10:00 pm,0,2025-07-13 18:10:00,8.1638,10.875,0.0012000000000000454
EWR-1,7/13/2025,06:20:00 pm,0,2025-07-13 18:20:00,8.162,10.887,0.0011999999999998678
EWR-1,7/13/2025,06:30:00 pm,0,2025-07-13 18:30:00,8.1599,10.899,0.001100000000000101
EWR-1,7/13/2025,06:40:00 pm,0,2025-07-13 18:40:00,8.1585,10.91,0.0012000000000000454
EWR-1,7/13/2025,06:50:00 pm,0,2025-07-13 18:50:00,8.1569,10.922,0.0009999999999999788
EWR-1,7/13/2025,07:00:00 pm,0,2025-07-13 19:00:00,8.1552,10.932,0.0009999999999999788
EWR-1,7/13/2025,07:10:00 pm,0,2025-07-13 19:10:00,8.1542,10.942,0.0009000000000000341
EWR-1,7/13/2025,07:20:00 pm,0,2025-07-13 19:20:00,8.1531,10.951,0.0007999999999999119
EWR-1,7/13/2025,07:30:00 pm,0,2025-07-13 19:30:00,8.1517,10.959,0.0006999999999999674
EWR-1,7/13/2025,07:40:00 pm,0,2025-07-13 19:40:00,8.1509,10.966,0.0006000000000000227
EWR-1,7/13/2025,07:50:00 pm,0,2025-07-13 19:50:00,8.1499,10.972,0.0004000000000001336
EWR-1,7/13/2025,08:00:00 pm,0,2025-07-13 20:00:00,8.1488,10.976,0.00039999999999995595
EWR-1,7/13/2025,08:10:00 pm,0,2025-07-13 20:10:00,8.1484,10.98,0.00030000000000001136
EWR-1,7/13/2025,08:20:00 pm,0,2025-07-13 20:20:00,8.1474,10.983,0.00030000000000001136
EWR-1,7/13/2025,08:30:00 pm,0,2025-07-13 20:30:00,8.1468,10.986,0.00019999999999988915
EWR-1,7/13/2025,08:40:00 pm,0,2025-07-13 20:40:00,8.1463,10.988,0.0
EWR-1,7/13/2025,08:50:00 pm,0,2025-07-13 20:50:00,8.1461,10.988,0.0
EWR-1,7/13/2025,09:00:00 pm,0,2025-07-13 21:00:00,8.1459,10.988,0.0
EWR-1,7/13/2025,09:10:00 pm,0,2025-07-13 21:10:00,8.1458,10.988,9.999999999994457e-05
EWR-1,7/13/2025,09:20:00 pm,0,2025-07-13 21:20:00,8.1457,10.987,0.0002000000000000668
EWR-1,7/13/2025,09:30:00 pm,0,2025-07-13 21:30:00,8.1459,10.985,0.00019999999999988915
EWR-1,7/13/2025,09:40:00 pm,0,2025-07-13 21:40:00,8.1461,10.983,0.00030000000000001136
EWR-1,7/13/2025,09:50:00 pm,0,2025-07-13 21:50:00,8.1464,10.98,0.00039999999999995595
EWR-1,7/13/2025,10:00:00 pm,0,2025-07-13 22:00:00,8.1462,10.976,0.00030000000000001136
EWR-1,7/13/2025,10:10:00 pm,0,2025-07-13 22:10:00,8.1462,10.973,0.0004000000000001336
EWR-1,7/13/2025,10:20:00 pm,0,2025-07-13 22:20:00,8.1463,10.969,0.0004999999999999005
EWR-1,7/13/2025,10:30:00 pm,0,2025-07-13 22:30:00,8.1464,10.964,0.0005000000000000782
EWR-1,7/13/2025,10:40:00 pm,0,2025-07-13 22:40:00,8.1467,10.959,0.0004999999999999005
EWR-1,7/13/2025,10:50:00 pm,0,2025-07-13 22:50:00,8.1471,10.954,0.0006000000000000227
EWR-1,7/13/2025,11:00:00 pm,0,2025-07-13 23:00:00,8.1476,10.948,0.0006999999999999674
EWR-1,7/13/2025,11:10:00 pm,0,2025-07-13 23:10:00,8.148,10.941,0.000700000000000145
EWR-1,7/13/2025,11:20:00 pm,0,2025-07-13 23:20:00,8.149,10.934,0.0006999999999999674
EWR-1,7/13/2025,11:30:00 pm,0,2025-07-13 23:30:00,8.1492,10.927,0.0007999999999999119
EWR-1,7/13/2025,11:40:00 pm,0,2025-07-13 23:40:00,8.1501,10.919,0.0006999999999999674
EWR-1,7/13/2025,11:50:00 pm,0,2025-07-13 23:50:00,8.1507,10.912,0.0009000000000000341
EWR-1,7/14/2025,12:00:00 am,0,2025-07-14 00:00:00,8.1514,10.903,0.0008000000000000895
EWR-1,7/14/2025,12:10:00 am,0,2025-07-14 00:10:00,8.1526,10.895,0.0007999999999999119
EWR-1,7/14/2025,12:20:00 am,0,2025-07-14 00:20:00,8.1536,10.887,0.0008000000000000895
EWR-1,7/14/2025,12:30:00 am,0,2025-07-14 00:30:00,8.1545,10.879,0.0007999999999999119
EWR-1,7/14/2025,12:40:00 am,0,2025-07-14 00:40:00,8.1555,10.871,0.0009999999999999788
EWR-1,7/14/2025,12:50:00 am,0,2025-07-14 00:50:00,8.1568,10.861,0.0008000000000000895
EWR-1,7/14/2025,01:00:00 am,0,2025-07-14 01:00:00,8.1581,10.853,0.0009999999999999788
EWR-1,7/14/2025,01:10:00 am,0,2025-07-14 01:10:00,8.1594,10.843,0.0009999999999999788
EWR-1,7/14/2025,01:20:00 am,0,2025-07-14 01:20:00,8.1608,10.833,0.0009000000000000341
EWR-1,7/14/2025,01:30:00 am,0,2025-07-14 01:30:00,8.1622,10.824,0.0009000000000000341
EWR-1,7/14/2025,01:40:00 am,0,2025-07-14 01:40:00,8.1634,10.815,0.0009999999999999788
EWR-1,7/14/2025,01:50:00 am,0,2025-07-14 01:50:00,8.1647,10.805,0.0009000000000000341
EWR-1,7/14/2025,02:00:00 am,0,2025-07-14 02:00:00,8.1663,10.796,0.0009999999999999788
EWR-1,7/14/2025,02:10:00 am,0,2025-07-14 02:10:00,8.1677,10.786,0.0009999999999999788
EWR-1,7/14/2025,02:20:00 am,0,2025-07-14 02:20:00,8.1691,10.776,0.0010999999999999233
EWR-1,7/14/2025,02:30:00 am,0,2025-07-14 02:30:00,8.1703,10.765,0.0009999999999999788
EWR-1,7/14/2025,02:40:00 am,0,2025-07-14 02:40:00,8.172,10.755,0.001100000000000101
EWR-1,7/14/2025,02:50:00 am,0,2025-07-14 02:50:00,8.1735,10.744,0.0009999999999999788
EWR-1,7/14/2025,03:00:00 am,0,2025-07-14 03:00:00,8.1757,10.734,0.0010999999999999233
EWR-1,7/14/2025,03:10:00 am,0,2025-07-14 03:10:00,8.1768,10.723,0.0012000000000000454
EWR-1,7/14/2025,03:20:00 am,0,2025-07-14 03:20:00,8.179,10.711,0.001100000000000101
EWR-1,7/14/2025,03:30:00 am,0,2025-07-14 03:30:00,8.1807,10.7,0.0010999999999999233
EWR-1,7/14/2025,03:40:00 am,0,2025-07-14 03:40:00,8.1824,10.689,0.0012000000000000454
EWR-1,7/14/2025,03:50:00 am,0,2025-07-14 03:50:00,8.1838,10.677,0.00129999999999999
EWR-1,7/14/2025,04:00:00 am,0,2025-07-14 04:00:00,8.1854,10.664,0.0012000000000000454
EWR-1,7/14/2025,04:10:00 am,0,2025-07-14 04:10:00,8.1872,10.652,0.0011999999999998678
EWR-1,7/14/2025,04:20:00 am,0,2025-07-14 04:20:00,8.1891,10.64,0.00129999999999999
EWR-1,7/14/2025,04:30:00 am,0,2025-07-14 04:30:00,8.1911,10.627,0.0012000000000000454
EWR-1,7/14/2025,04:40:00 am,0,2025-07-14 04:40:00,8.1932,10.615,0.0012000000000000454
EWR-1,7/14/2025,04:50:00 am,0,2025-07-14 04:50:00,8.1957,10.603,0.00129999999999999
EWR-1,7/14/2025,05:00:00 am,0,2025-07-14 05:00:00,8.198,10.59,0.0012000000000000454
EWR-1,7/14/2025,05:10:00 am,0,2025-07-14 05:10:00,8.2003,10.578,0.0010999999999999233
EWR-1,7/14/2025,05:20:00 am,0,2025-07-14 05:20:00,8.2027,10.567,0.0012000000000000454
EWR-1,7/14/2025,05:30:00 am,0,2025-07-14 05:30:00,8.2051,10.555,0.0012000000000000454
EWR-1,7/14/2025,05:40:00 am,0,2025-07-14 05:40:00,8.2073,10.543,0.0011999999999998678
EWR-1,7/14/2025,05:50:00 am,0,2025-07-14 05:50:00,8.2097,10.531,0.0012000000000000454
EWR-1,7/14/2025,06:00:00 am,0,2025-07-14 06:00:00,8.2123,10.519,0.0012000000000000454
EWR-1,7/14/2025,06:10:00 am,0,2025-07-14 06:10:00,8.2143,10.507,0.0012000000000000454
EWR-1,7/14/2025,06:20:00 am,0,2025-07-14 06:20:00,8.2169,10.495,0.00129999999999999
EWR-1,7/14/2025,06:30:00 am,0,2025-07-14 06:30:00,8.2194,10.482,0.0011999999999998678
EWR-1,7/14/2025,06:40:00 am,0,2025-07-14 06:40:00,8.2216,10.47,0.001100000000000101
EWR-1,7/14/2025,06:50:00 am,0,2025-07-14 06:50:00,8.224,10.459,0.0009000000000000341
EWR-1,7/14/2025,07:00:00 am,0,2025-07-14 07:00:00,8.2299,10.45,0.0008999999999998564
EWR-1,7/14/2025,07:10:00 am,0,2025-07-14 07:10:00,8.2357,10.441,0.0008000000000000895
EWR-1,7/14/2025,07:20:00 am,0,2025-07-14 07:20:00,8.2404,10.433,0.0006999999999999674
EWR-1,7/14/2025,07:30:00 am,0,2025-07-14 07:30:00,8.2443,10.426,0.0006999999999999674
EWR-1,7/14/2025,07:40:00 am,0,2025-07-14 07:40:00,8.2468,10.419,0.0005000000000000782
EWR-1,7/14/2025,07:50:00 am,0,2025-07-14 07:50:00,8.2487,10.414,0.0006000000000000227
EWR-1,7/14/2025,08:00:00 am,0,2025-07-14 08:00:00,8.2489,10.408,0.00039999999999995595
EWR-1,7/14/2025,08:10:00 am,0,2025-07-14 08:10:00,8.2497,10.404,0.00039999999999995595
EWR-1,7/14/2025,08:20:00 am,0,2025-07-14 08:20:00,8.2503,10.4,0.00030000000000001136
EWR-1,7/14/2025,08:30:00 am,0,2025-07-14 08:30:00,8.2505,10.397,0.00030000000000001136
EWR-1,7/14/2025,08:40:00 am,0,2025-07-14 08:40:00,8.2501,10.394,9.999999999994457e-05
EWR-1,7/14/2025,08:50:00 am,0,2025-07-14 08:50:00,8.25,10.393,0.0
EWR-1,7/14/2025,09:00:00 am,0,2025-07-14 09:00:00,8.2492,10.393,9.999999999994457e-05
EWR-1,7/14/2025,09:10:00 am,0,2025-07-14 09:10:00,8.2483,10.394,0.00030000000000001136
EWR-1,7/14/2025,09:20:00 am,0,2025-07-14 09:20:00,8.2468,10.397,0.0006999999999999674
EWR-1,7/14/2025,09:30:00 am,0,2025-07-14 09:30:00,8.244,10.404,0.0009000000000000341
EWR-1,7/14/2025,09:40:00 am,0,2025-07-14 09:40:00,8.2419,10.413,0.0007999999999999119
EWR-1,7/14/2025,09:50:00 am,0,2025-07-14 09:50:00,8.2406,10.421,0.0012000000000000454
EWR-1,7/14/2025,10:00:00 am,0,2025-07-14 10:00:00,8.2393,10.433,0.001100000000000101
EWR-1,7/14/2025,10:10:00 am,0,2025-07-14 10:10:00,8.2378,10.444,0.0007999999999999119
EWR-1,7/14/2025,10:20:00 am,0,2025-07-14 10:20:00,8.2361,10.452,0.0008000000000000895
EWR-1,7/14/2025,10:30:00 am,0,2025-07-14 10:30:00,8.2339,10.46,0.0007999999999999119
EWR-1,7/14/2025,10:40:00 am,0,2025-07-14 10:40:00,8.232,10.468,0.0006999999999999674
EWR-1,7/14/2025,10:50:00 am,0,2025-07-14 10:50:00,8.23,10.475,0.0006999999999999674
EWR-1,7/14/2025,11:00:00 am,0,2025-07-14 11:00:00,8.2282,10.482,0.0008000000000000895
EWR-1,7/14/2025,11:10:00 am,0,2025-07-14 11:10:00,8.2261,10.49,0.0007999999999999119
EWR-1,7/14/2025,11:20:00 am,0,2025-07-14 11:20:00,8.2241,10.498,0.0009999999999999788
EWR-1,7/14/2025,11:30:00 am,0,2025-07-14 11:30:00,8.2223,10.508,0.001100000000000101
EWR-1,7/14/2025,11:40:00 am,0,2025-07-14 11:40:00,8.2201,10.519,0.0012000000000000454
EWR-1,7/14/2025,11:50:00 am,0,2025-07-14 11:50:00,8.2182,10.531,0.0011999999999998678
EWR-1,7/14/2025,12:00:00 pm,0,2025-07-14 12:00:00,8.216,10.543,0.0014000000000001123
EWR-1,7/14/2025,12:10:00 pm,0,2025-07-14 12:10:00,8.2139,10.557,0.0013999999999999347
EWR-1,7/14/2025,12:20:00 pm,0,2025-07-14 12:20:00,8.2116,10.571,0.0014000000000001123
EWR-1,7/14/2025,12:30:00 pm,0,2025-07-14 12:30:00,8.2094,10.585,0.0013999999999999347
EWR-1,7/14/2025,12:40:00 pm,0,2025-07-14 12:40:00,8.2072,10.599,0.0013999999999999347
EWR-1,7/14/2025,12:50:00 pm,0,2025-07-14 12:50:00,8.2055,10.613,0.0014000000000001123
EWR-1,7/14/2025,01:00:00 pm,0,2025-07-14 13:00:00,8.203,10.627,0.0014999999999998793
EWR-1,7/14/2025,01:10:00 pm,0,2025-07-14 13:10:00,8.2013,10.642,0.0016000000000000014
EWR-1,7/14/2025,01:20:00 pm,0,2025-07-14 13:20:00,8.1994,10.658,0.0017000000000001237
EWR-1,7/14/2025,01:30:00 pm,0,2025-07-14 13:30:00,8.1976,10.675,0.0016000000000000014
EWR-1,7/14/2025,01:40:00 pm,0,2025-07-14 13:40:00,8.1954,10.691,0.0016000000000000014
EWR-1,7/14/2025,01:50:00 pm,0,2025-07-14 13:50:00,8.1934,10.707,0.0017999999999998907
EWR-1,7/14/2025,02:00:00 pm,0,2025-07-14 14:00:00,8.1917,10.725,0.0015000000000000568
EWR-1,7/14/2025,02:10:00 pm,0,2025-07-14 14:10:00,8.1899,10.74,0.0019000000000000128
EWR-1,7/14/2025,02:20:00 pm,0,2025-07-14 14:20:00,8.188,10.759,0.0017999999999998907
EWR-1,7/14/2025,02:30:00 pm,0,2025-07-14 14:30:00,8.1858,10.777,0.0018000000000000683
EWR-1,7/14/2025,02:40:00 pm,0,2025-07-14 14:40:00,8.1841,10.795,0.001699999999999946
EWR-1,7/14/2025,02:50:00 pm,0,2025-07-14 14:50:00,8.182,10.812,0.0017000000000001237
EWR-1,7/14/2025,03:00:00 pm,0,2025-07-14 15:00:00,8.1795,10.829,0.0013999999999999347
EWR-1,7/14/2025,03:10:00 pm,0,2025-07-14 15:10:00,8.1775,10.843,0.001699999999999946
EWR-1,7/14/2025,03:20:00 pm,0,2025-07-14 15:20:00,8.1752,10.86,0.0015000000000000568
EWR-1,7/14/2025,03:30:00 pm,0,2025-07-14 15:30:00,8.1731,10.875,0.0016000000000000014
EWR-1,7/14/2025,03:40:00 pm,0,2025-07-14 15:40:00,8.1705,10.891,0.0016000000000000014
EWR-1,7/14/2025,03:50:00 pm,0,2025-07-14 15:50:00,8.1685,10.907,0.0013999999999999347
EWR-1,7/14/2025,04:00:00 pm,0,2025-07-14 16:00:00,8.166,10.921,0.0015000000000000568
EWR-1,7/14/2025,04:10:00 pm,0,2025-07-14 16:10:00,8.164,10.936,0.0016000000000000014
EWR-1,7/14/2025,04:20:00 pm,0,2025-07-14 16:20:00,8.1613,10.952,0.0015000000000000568
EWR-1,7/14/2025,04:30:00 pm,0,2025-07-14 16:30:00,8.1593,10.967,0.0014999999999998793
EWR-1,7/14/2025,04:40:00 pm,0,2025-07-14 16:40:00,8.1572,10.982,0.0016000000000000014
EWR-1,7/14/2025,04:50:00 pm,0,2025-07-14 16:50:00,8.1545,10.998,0.0016000000000000014
EWR-1,7/14/2025,05:00:00 pm,0,2025-07-14 17:00:00,8.1521,11.014,0.0015000000000000568
EWR-1,7/14/2025,05:10:00 pm,0,2025-07-14 17:10:00,8.1499,11.029,0.0016000000000000014
EWR-1,7/14/2025,05:20:00 pm,0,2025-07-14 17:20:00,8.1473,11.045,0.0013999999999999347
EWR-1,7/14/2025,05:30:00 pm,0,2025-07-14 17:30:00,8.1451,11.059,0.0014000000000001123
EWR-1,7/14/2025,05:40:00 pm,0,2025-07-14 17:40:00,8.1424,11.073,0.00129999999999999
EWR-1,7/14/2025,05:50:00 pm,0,2025-07-14 17:50:00,8.1401,11.086,0.0012000000000000454
EWR-1,7/14/2025,06:00:00 pm,0,2025-07-14 18:00:00,8.1377,11.098,0.0011999999999998678
EWR-1,7/14/2025,06:10:00 pm,0,2025-07-14 18:10:00,8.1356,11.11,0.0009999999999999788
EWR-1,7/14/2025,06:20:00 pm,0,2025-07-14 18:20:00,8.1339,11.12,0.0010000000000001564
EWR-1,7/14/2025,06:30:00 pm,0,2025-07-14 18:30:00,8.1317,11.13,0.0009999999999999788
EWR-1,7/14/2025,06:40:00 pm,0,2025-07-14 18:40:00,8.1299,11.14,0.0008999999999998564
EWR-1,7/14/2025,06:50:00 pm,0,2025-07-14 18:50:00,8.1276,11.149,0.0009000000000000341
EWR-1,7/14/2025,07:00:00 pm,0,2025-07-14 19:00:00,8.1263,11.158,0.0006999999999999674
EWR-1,7/14/2025,07:10:00 pm,0,2025-07-14 19:10:00,8.1245,11.165,0.0006000000000000227
EWR-1,7/14/2025,07:20:00 pm,0,2025-07-14 19:20:00,8.1229,11.171,0.0004000000000001336
EWR-1,7/14/2025,07:30:00 pm,0,2025-07-14 19:30:00,8.1215,11.175,0.00030000000000001136
EWR-1,7/14/2025,07:40:00 pm,0,2025-07-14 19:40:00,8.1201,11.178,0.0002999999999998337
EWR-1,7/14/2025,07:50:00 pm,0,2025-07-14 19:50:00,8.1191,11.181,0.0002000000000000668
EWR-1,7/14/2025,08:00:00 pm,0,2025-07-14 20:00:00,8.1178,11.183,9.999999999994457e-05
EWR-1,7/14/2025,08:10:00 pm,0,2025-07-14 20:10:00,8.1169,11.184,0.0
EWR-1,7/14/2025,08:20:00 pm,0,2025-07-14 20:20:00,8.1158,11.184,9.999999999994457e-05
EWR-1,7/14/2025,08:30:00 pm,0,2025-07-14 20:30:00,8.115,11.183,0.00030000000000001136
EWR-1,7/14/2025,08:40:00 pm,0,2025-07-14 20:40:00,8.1142,11.18,0.00030000000000001136
EWR-1,7/14/2025,08:50:00 pm,0,2025-07-14 20:50:00,8.1135,11.177,0.0004999999999999005
EWR-1,7/14/2025,09:00:00 pm,0,2025-07-14 21:00:00,8.113,11.172,0.0006000000000000227
EWR-1,7/14/2025,09:10:00 pm,0,2025-07-14 21:10:00,8.1124,11.166,0.0006999999999999674
EWR-1,7/14/2025,09:20:00 pm,0,2025-07-14 21:20:00,8.1122,11.159,0.0008000000000000895
EWR-1,7/14/2025,09:30:00 pm,0,2025-07-14 21:30:00,8.1119,11.151,0.0009000000000000341
EWR-1,7/14/2025,09:40:00 pm,0,2025-07-14 21:40:00,8.1112,11.142,0.0009000000000000341
EWR-1,7/14/2025,09:50:00 pm,0,2025-07-14 21:50:00,8.1112,11.133,0.0009999999999999788
EWR-1,7/14/2025,10:00:00 pm,0,2025-07-14 22:00:00,8.1109,11.123,0.0010999999999999233
EWR-1,7/14/2025,10:10:00 pm,0,2025-07-14 22:10:00,8.1111,11.112,0.0010999999999999233
EWR-1,7/14/2025,10:20:00 pm,0,2025-07-14 22:20:00,8.1111,11.101,0.0012000000000000454
EWR-1,7/14/2025,10:30:00 pm,0,2025-07-14 22:30:00,8.1113,11.089,0.0012000000000000454
EWR-1,7/14/2025,10:40:00 pm,0,2025-07-14 22:40:00,8.1115,11.077,0.0012000000000000454
EWR-1,7/14/2025,10:50:00 pm,0,2025-07-14 22:50:00,8.112,11.065,0.0011999999999998678
EWR-1,7/14/2025,11:00:00 pm,0,2025-07-14 23:00:00,8.1124,11.053,0.001100000000000101
EWR-1,7/14/2025,11:10:00 pm,0,2025-07-14 23:10:00,8.113,11.042,0.0010999999999999233
EWR-1,7/14/2025,11:20:00 pm,0,2025-07-14 23:20:00,8.1138,11.031,0.0012000000000000454
EWR-1,7/14/2025,11:30:00 pm,0,2025-07-14 23:30:00,8.1143,11.019,0.0012000000000000454
EWR-1,7/14/2025,11:40:00 pm,0,2025-07-14 23:40:00,8.1152,11.007,0.00129999999999999
EWR-1,7/14/2025,11:50:00 pm,0,2025-07-14 23:50:00,8.1163,10.994,0.0013999999999999347
EWR-1,7/15/2025,12:00:00 am,0,2025-07-15 00:00:00,8.1174,10.98,0.00129999999999999
EWR-1,7/15/2025,12:10:00 am,0,2025-07-15 00:10:00,8.1186,10.967,0.0014000000000001123
EWR-1,7/15/2025,12:20:00 am,0,2025-07-15 00:20:00,8.1195,10.953,0.0013999999999999347
EWR-1,7/15/2025,12:30:00 am,0,2025-07-15 00:30:00,8.1209,10.939,0.0013999999999999347
EWR-1,7/15/2025,12:40:00 am,0,2025-07-15 00:40:00,8.122,10.925,0.0014000000000001123
EWR-1,7/15/2025,12:50:00 am,0,2025-07-15 00:50:00,8.1231,10.911,0.0013999999999999347
EWR-1,7/15/2025,01:00:00 am,0,2025-07-15 01:00:00,8.1242,10.897,0.0014000000000001123
EWR-1,7/15/2025,01:10:00 am,0,2025-07-15 01:10:00,8.126,10.883,0.0014999999999998793
EWR-1,7/15/2025,01:20:00 am,0,2025-07-15 01:20:00,8.1277,10.868,0.0015000000000000568
EWR-1,7/15/2025,01:30:00 am,0,2025-07-15 01:30:00,8.1292,10.853,0.0015000000000000568
EWR-1,7/15/2025,01:40:00 am,0,2025-07-15 01:40:00,8.1307,10.838,0.0014999999999998793
EWR-1,7/15/2025,01:50:00 am,0,2025-07-15 01:50:00,8.1323,10.823,0.0015000000000000568
EWR-1,7/15/2025,02:00:00 am,0,2025-07-15 02:00:00,8.1341,10.808,0.0015000000000000568
EWR-1,7/15/2025,02:10:00 am,0,2025-07-15 02:10:00,8.1358,10.793,0.0014999999999998793
EWR-1,7/15/2025,02:20:00 am,0,2025-07-15 02:20:00,8.1376,10.778,0.0015000000000000568
EWR-1,7/15/2025,02:30:00 am,0,2025-07-15 02:30:00,8.1394,10.763,0.0016000000000000014
EWR-1,7/15/2025,02:40:00 am,0,2025-07-15 02:40:00,8.1408,10.747,0.0015000000000000568
EWR-1,7/15/2025,02:50:00 am,0,2025-07-15 02:50:00,8.1427,10.732,0.001699999999999946
EWR-1,7/15/2025,03:00:00 am,0,2025-07-15 03:00:00,8.144,10.715,0.001699999999999946
EWR-1,7/15/2025,03:10:00 am,0,2025-07-15 03:10:00,8.1457,10.698,0.0018000000000000683
EWR-1,7/15/2025,03:20:00 am,0,2025-07-15 03:20:00,8.1476,10.68,0.001699999999999946
EWR-1,7/15/2025,03:30:00 am,0,2025-07-15 03:30:00,8.1494,10.663,0.0018000000000000683
EWR-1,7/15/2025,03:40:00 am,0,2025-07-15 03:40:00,8.1507,10.645,0.001699999999999946
EWR-1,7/15/2025,03:50:00 am,0,2025-07-15 03:50:00,8.1524,10.628,0.0015000000000000568
EWR-1,7/15/2025,04:00:00 am,0,2025-07-15 04:00:00,8.1545,10.613,0.0014999999999998793
EWR-1,7/15/2025,04:10:00 am,0,2025-07-15 04:10:00,8.1563,10.598,0.0016000000000000014
EWR-1,7/15/2025,04:20:00 am,0,2025-07-15 04:20:00,8.1582,10.582,0.0016000000000000014
EWR-1,7/15/2025,04:30:00 am,0,2025-07-15 04:30:00,8.1597,10.566,0.0016000000000000014
EWR-1,7/15/2025,04:40:00 am,0,2025-07-15 04:40:00,8.1615,10.55,0.0016000000000000014
EWR-1,7/15/2025,04:50:00 am,0,2025-07-15 04:50:00,8.163,10.534,0.0018000000000000683
EWR-1,7/15/2025,05:00:00 am,0,2025-07-15 05:00:00,8.1648,10.516,0.001699999999999946
EWR-1,7/15/2025,05:10:00 am,0,2025-07-15 05:10:00,8.1666,10.499,0.0016000000000000014
EWR-1,7/15/2025,05:20:00 am,0,2025-07-15 05:20:00,8.1682,10.483,0.0018000000000000683
EWR-1,7/15/2025,05:30:00 am,0,2025-07-15 05:30:00,8.1703,10.465,0.0015000000000000568
EWR-1,7/15/2025,05:40:00 am,0,2025-07-15 05:40:00,8.1719,10.45,0.0014999999999998793
EWR-1,7/15/2025,05:50:00 am,0,2025-07-15 05:50:00,8.174,10.435,0.0018000000000000683
EWR-1,7/15/2025,06:00:00 am,0,2025-07-15 06:00:00,8.1762,10.417,0.001699999999999946
EWR-1,7/15/2025,06:10:00 am,0,2025-07-15 06:10:00,8.1782,10.4,0.0016000000000000014
EWR-1,7/15/2025,06:20:00 am,0,2025-07-15 06:20:00,8.1806,10.384,0.0015000000000000568
EWR-1,7/15/2025,06:30:00 am,0,2025-07-15 06:30:00,8.183,10.369,0.0013999999999999347
EWR-1,7/15/2025,06:40:00 am,0,2025-07-15 06:40:00,8.1853,10.355,0.00129999999999999
EWR-1,7/15/2025,06:50:00 am,0,2025-07-15 06:50:00,8.1875,10.342,0.00129999999999999
EWR-1,7/15/2025,07:00:00 am,0,2025-07-15 07:00:00,8.1898,10.329,0.0012000000000000454
EWR-1,7/15/2025,07:10:00 am,0,2025-07-15 07:10:00,8.192,10.317,0.001100000000000101
EWR-1,7/15/2025,07:20:00 am,0,2025-07-15 07:20:00,8.194,10.306,0.0010999999999999233
EWR-1,7/15/2025,07:30:00 am,0,2025-07-15 07:30:00,8.1955,10.295,0.0010999999999999233
EWR-1,7/15/2025,07:40:00 am,0,2025-07-15 07:40:00,8.1977,10.284,0.0019000000000000128
EWR-1,7/15/2025,07:50:00 am,0,2025-07-15 07:50:00,8.199,10.265,0.0016000000000000014
EWR-1,7/15/2025,08:00:00 am,0,2025-07-15 08:00:00,8.2003,10.249,0.0009999999999999788
EWR-1,7/15/2025,08:10:00 am,0,2025-07-15 08:10:00,8.2015,10.239,0.0006000000000000227
EWR-1,7/15/2025,08:20:00 am,0,2025-07-15 08:20:00,8.2049,10.233,0.0004000000000001336
EWR-1,7/15/2025,08:30:00 am,0,2025-07-15 08:30:00,8.2101,10.229,0.00019999999999988915
EWR-1,7/15/2025,08:40:00 am,0,2025-07-15 08:40:00,8.2129,10.227,0.0
EWR-1,7/15/2025,08:50:00 am,0,2025-07-15 08:50:00,8.2147,10.227,9.999999999994457e-05
EWR-1,7/15/2025,09:00:00 am,0,2025-07-15 09:00:00,8.2156,10.228,0.0002000000000000668
EWR-1,7/15/2025,09:10:00 am,0,2025-07-15 09:10:00,8.2155,10.23,0.00019999999999988915
EWR-1,7/15/2025,09:20:00 am,0,2025-07-15 09:20:00,8.2146,10.232,0.0006000000000000227
EWR-1,7/15/2025,09:30:00 am,0,2025-07-15 09:30:00,8.2129,10.238,0.0005000000000000782
EWR-1,7/15/2025,09:40:00 am,0,2025-07-15 09:40:00,8.2119,10.243,0.0007999999999999119
EWR-1,7/15/2025,09:50:00 am,0,2025-07-15 09:50:00,8.2106,10.251,0.0006000000000000227
EWR-1,7/15/2025,10:00:00 am,0,2025-07-15 10:00:00,8.2095,10.257,0.0005000000000000782
EWR-1,7/15/2025,10:10:00 am,0,2025-07-15 10:10:00,8.2079,10.262,0.0004999999999999005
EWR-1,7/15/2025,10:20:00 am,0,2025-07-15 10:20:00,8.2064,10.267,0.0004000000000001336
EWR-1,7/15/2025,10:30:00 am,0,2025-07-15 10:30:00,8.2049,10.271,0.00039999999999995595
EWR-1,7/15/2025,10:40:00 am,0,2025-07-15 10:40:00,8.2027,10.275,0.00039999999999995595
EWR-1,7/15/2025,10:50:00 am,0,2025-07-15 10:50:00,8.201,10.279,0.0005000000000000782
EWR-1,7/15/2025,11:00:00 am,0,2025-07-15 11:00:00,8.1988,10.284,0.0005999999999998451
EWR-1,7/15/2025,11:10:00 am,0,2025-07-15 11:10:00,8.1973,10.29,0.0008000000000000895
EWR-1,7/15/2025,11:20:00 am,0,2025-07-15 11:20:00,8.1961,10.298,0.0007999999999999119
EWR-1,7/15/2025,11:30:00 am,0,2025-07-15 11:30:00,8.1943,10.306,0.001100000000000101
EWR-1,7/15/2025,11:40:00 am,0,2025-07-15 11:40:00,8.1926,10.317,0.0010999999999999233
EWR-1,7/15/2025,11:50:00 am,0,2025-07-15 11:50:00,8.191,10.328,0.0012000000000000454
EWR-1,7/15/2025,12:00:00 pm,0,2025-07-15 12:00:00,8.1899,10.34,0.00129999999999999
EWR-1,7/15/2025,12:10:00 pm,0,2025-07-15 12:10:00,8.1881,10.353,0.0014000000000001123
EWR-1,7/15/2025,12:20:00 pm,0,2025-07-15 12:20:00,8.1866,10.367,0.0013999999999999347
EWR-1,7/15/2025,12:30:00 pm,0,2025-07-15 12:30:00,8.1853,10.381,0.00129999999999999
EWR-1,7/15/2025,12:40:00 pm,0,2025-07-15 12:40:00,8.1836,10.394,0.0013999999999999347
EWR-1,7/15/2025,12:50:00 pm,0,2025-07-15 12:50:00,8.1821,10.408,0.0014000000000001123
EWR-1,7/15/2025,01:00:00 pm,0,2025-07-15 13:00:00,8.1805,10.422,0.0013999999999999347
EWR-1,7/15/2025,01:10:00 pm,0,2025-07-15 13:10:00,8.179,10.436,0.0015000000000000568
EWR-1,7/15/2025,01:20:00 pm,0,2025-07-15 13:20:00,8.1774,10.451,0.0016000000000000014
EWR-1,7/15/2025,01:30:00 pm,0,2025-07-15 13:30:00,8.1758,10.467,0.0014999999999998793
EWR-1,7/15/2025,01:40:00 pm,0,2025-07-15 13:40:00,8.1738,10.482,0.0015000000000000568
EWR-1,7/15/2025,01:50:00 pm,0,2025-07-15 13:50:00,8.1726,10.497,0.0013999999999999347
EWR-1,7/15/2025,02:00:00 pm,0,2025-07-15 14:00:00,8.1706,10.511,0.0016000000000000014
EWR-1,7/15/2025,02:10:00 pm,0,2025-07-15 14:10:00,8.1689,10.527,0.0015000000000000568
EWR-1,7/15/2025,02:20:00 pm,0,2025-07-15 14:20:00,8.1678,10.542,0.0016000000000000014
EWR-1,7/15/2025,02:30:00 pm,0,2025-07-15 14:30:00,8.1661,10.558,0.0015000000000000568
EWR-1,7/15/2025,02:40:00 pm,0,2025-07-15 14:40:00,8.1645,10.573,0.0016000000000000014
EWR-1,7/15/2025,02:50:00 pm,0,2025-07-15 14:50:00,8.1631,10.589,0.0013999999999999347
EWR-1,7/15/2025,03:00:00 pm,0,2025-07-15 15:00:00,8.1609,10.603,0.00129999999999999
EWR-1,7/15/2025,03:10:00 pm,0,2025-07-15 15:10:00,8.1598,10.616,0.0014000000000001123
EWR-1,7/15/2025,03:20:00 pm,0,2025-07-15 15:20:00,8.1575,10.63,0.00129999999999999
EWR-1,7/15/2025,03:30:00 pm,0,2025-07-15 15:30:00,8.156,10.643,0.00129999999999999
EWR-1,7/15/2025,03:40:00 pm,0,2025-07-15 15:40:00,8.1539,10.656,0.00129999999999999
EWR-1,7/15/2025,03:50:00 pm,0,2025-07-15 15:50:00,8.1522,10.669,0.00129999999999999
EWR-1,7/15/2025,04:00:00 pm,0,2025-07-15 16:00:00,8.1502,10.682,0.0012000000000000454
EWR-1,7/15/2025,04:10:00 pm,0,2025-07-15 16:10:00,8.1485,10.694,0.00129999999999999
EWR-1,7/15/2025,04:20:00 pm,0,2025-07-15 16:20:00,8.1466,10.707,0.0011999999999998678
EWR-1,7/15/2025,04:30:00 pm,0,2025-07-15 16:30:00,8.1447,10.719,0.00129999999999999
EWR-1,7/15/2025,04:40:00 pm,0,2025-07-15 16:40:00,8.1428,10.732,0.0014000000000001123
EWR-1,7/15/2025,04:50:00 pm,0,2025-07-15 16:50:00,8.1409,10.746,0.00129999999999999
EWR-1,7/15/2025,05:00:00 pm,0,2025-07-15 17:00:00,8.1392,10.759,0.00129999999999999
EWR-1,7/15/2025,05:10:00 pm,0,2025-07-15 17:10:00,8.1373,10.772,0.00129999999999999
EWR-1,7/15/2025,05:20:00 pm,0,2025-07-15 17:20:00,8.1358,10.785,0.0012000000000000454
EWR-1,7/15/2025,05:30:00 pm,0,2025-07-15 17:30:00,8.1339,10.797,0.0011999999999998678
EWR-1,7/15/2025,05:40:00 pm,0,2025-07-15 17:40:00,8.1323,10.809,0.0009000000000000341
EWR-1,7/15/2025,05:50:00 pm,0,2025-07-15 17:50:00,8.1302,10.818,0.001100000000000101
EWR-1,7/15/2025,06:00:00 pm,0,2025-07-15 18:00:00,8.1281,10.829,0.0008999999999998564
EWR-1,7/15/2025,06:10:00 pm,0,2025-07-15 18:10:00,8.1267,10.838,0.0008000000000000895
EWR-1,7/15/2025,06:20:00 pm,0,2025-07-15 18:20:00,8.1249,10.846,0.0006999999999999674
EWR-1,7/15/2025,06:30:00 pm,0,2025-07-15 18:30:00,8.1228,10.853,0.0006999999999999674
EWR-1,7/15/2025,06:40:00 pm,0,2025-07-15 18:40:00,8.1214,10.86,0.000700000000000145
EWR-1,7/15/2025,06:50:00 pm,0,2025-07-15 18:50:00,8.1198,10.867,0.0006999999999999674
EWR-1,7/15/2025,07:00:00 pm,0,2025-07-15 19:00:00,8.1185,10.874,0.00039999999999995595
EWR-1,7/15/2025,07:10:00 pm,0,2025-07-15 19:10:00,8.117,10.878,0.00039999999999995595
EWR-1,7/15/2025,07:20:00 pm,0,2025-07-15 19:20:00,8.1155,10.882,0.0002000000000000668
EWR-1,7/15/2025,07:30:00 pm,0,2025-07-15 19:30:00,8.1143,10.884,0.0
EWR-1,7/15/2025,07:40:00 pm,0,2025-07-15 19:40:00,8.1132,10.884,0.0
EWR-1,7/15/2025,07:50:00 pm,0,2025-07-15 19:50:00,8.1122,10.884,0.0
EWR-1,7/15/2025,08:00:00 pm,0,2025-07-15 20:00:00,8.1113,10.884,0.0002000000000000668
EWR-1,7/15/2025,08:10:00 pm,0,2025-07-15 20:10:00,8.1102,10.882,0.00030000000000001136
EWR-1,7/15/2025,08:20:00 pm,0,2025-07-15 20:20:00,8.1092,10.879,0.0004999999999999005
EWR-1,7/15/2025,08:30:00 pm,0,2025-07-15 20:30:00,8.1086,10.874,0.0005000000000000782
EWR-1,7/15/2025,08:40:00 pm,0,2025-07-15 20:40:00,8.108,10.869,0.0007999999999999119
EWR-1,7/15/2025,08:50:00 pm,0,2025-07-15 20:50:00,8.1076,10.861,0.0008000000000000895
EWR-1,7/15/2025,09:00:00 pm,0,2025-07-15 21:00:00,8.1099,10.853,0.0010999999999999233
EWR-1,7/15/2025,09:10:00 pm,0,2025-07-15 21:10:00,8.1095,10.842,0.001100000000000101
EWR-1,7/15/2025,09:20:00 pm,0,2025-07-15 21:20:00,8.109,10.831,0.00129999999999999
EWR-1,7/15/2025,09:30:00 pm,0,2025-07-15 21:30:00,8.1086,10.818,0.0012000000000000454
EWR-1,7/15/2025,09:40:00 pm,0,2025-07-15 21:40:00,8.1083,10.806,0.00129999999999999
EWR-1,7/15/2025,09:50:00 pm,0,2025-07-15 21:50:00,8.1082,10.793,0.00129999999999999
EWR-1,7/15/2025,10:00:00 pm,0,2025-07-15 22:00:00,8.1082,10.78,0.0011999999999998678
EWR-1,7/15/2025,10:10:00 pm,0,2025-07-15 22:10:00,8.108,10.768,0.00129999999999999
EWR-1,7/15/2025,10:20:00 pm,0,2025-07-15 22:20:00,8.1084,10.755,0.001100000000000101
EWR-1,7/15/2025,10:30:00 pm,0,2025-07-15 22:30:00,8.1085,10.744,0.0012000000000000454
EWR-1,7/15/2025,10:40:00 pm,0,2025-07-15 22:40:00,8.1087,10.732,0.0013999999999999347
EWR-1,7/15/2025,10:50:00 pm,0,2025-07-15 22:50:00,8.1096,10.718,0.0013999999999999347
EWR-1,7/15/2025,11:00:00 pm,0,2025-07-15 23:00:00,8.1101,10.704,0.0015000000000000568
EWR-1,7/15/2025,11:10:00 pm,0,2025-07-15 23:10:00,8.1103,10.689,0.00129999999999999
EWR-1,7/15/2025,11:20:00 pm,0,2025-07-15 23:20:00,8.1113,10.676,0.00129999999999999
EWR-1,7/15/2025,11:30:00 pm,0,2025-07-15 23:30:00,8.112,10.663,0.0012000000000000454
EWR-1,7/15/2025,11:40:00 pm,0,2025-07-15 23:40:00,8.1131,10.651,0.00129999999999999
EWR-1,7/15/2025,11:50:00 pm,0,2025-07-15 23:50:00,8.1137,10.638,0.00129999999999999
EWR-1,7/16/2025,12:00:00 am,0,2025-07-16 00:00:00,8.1147,10.625,0.00129999999999999
EWR-1,7/16/2025,12:10:00 am,0,2025-07-16 00:10:00,8.1159,10.612,0.0013999999999999347
EWR-1,7/16/2025,12:20:00 am,0,2025-07-16 00:20:00,8.117,10.598,0.00129999999999999
EWR-1,7/16/2025,12:30:00 am,0,2025-07-16 00:30:00,8.1184,10.585,0.0014000000000001123
EWR-1,7/16/2025,12:40:00 am,0,2025-07-16 00:40:00,8.1195,10.571,0.0015000000000000568
EWR-1,7/16/2025,12:50:00 am,0,2025-07-16 00:50:00,8.1204,10.556,0.0013999999999999347
EWR-1,7/16/2025,01:00:00 am,0,2025-07-16 01:00:00,8.1219,10.542,0.0013999999999999347
EWR-1,7/16/2025,01:10:00 am,0,2025-07-16 01:10:00,8.1231,10.528,0.0015000000000000568
EWR-1,7/16/2025,01:20:00 am,0,2025-07-16 01:20:00,8.1245,10.513,0.0015000000000000568
EWR-1,7/16/2025,01:30:00 am,0,2025-07-16 01:30:00,8.126,10.498,0.0014999999999998793
EWR-1,7/16/2025,01:40:00 am,0,2025-07-16 01:40:00,8.1278,10.483,0.0014000000000001123
EWR-1,7/16/2025,01:50:00 am,0,2025-07-16 01:50:00,8.1289,10.469,0.0014999999999998793
EWR-1,7/16/2025,02:00:00 am,0,2025-07-16 02:00:00,8.1307,10.454,0.0016000000000000014
EWR-1,7/16/2025,02:10:00 am,0,2025-07-16 02:10:00,8.1323,10.438,0.0014000000000001123
EWR-1,7/16/2025,02:20:00 am,0,2025-07-16 02:20:00,8.134,10.424,0.0016000000000000014
EWR-1,7/16/2025,02:30:00 am,0,2025-07-16 02:30:00,8.1352,10.408,0.0016000000000000014
EWR-1,7/16/2025,02:40:00 am,0,2025-07-16 02:40:00,8.1375,10.392,0.0016000000000000014
EWR-1,7/16/2025,02:50:00 am,0,2025-07-16 02:50:00,8.1393,10.376,0.0013999999999999347
EWR-1,7/16/2025,03:00:00 am,0,2025-07-16 03:00:00,8.141,10.362,0.0016000000000000014
EWR-1,7/16/2025,03:10:00 am,0,2025-07-16 03:10:00,8.1429,10.346,0.0015000000000000568
EWR-1,7/16/2025,03:20:00 am,0,2025-07-16 03:20:00,8.1448,10.331,0.0016000000000000014
EWR-1,7/16/2025,03:30:00 am,0,2025-07-16 03:30:00,8.1465,10.315,0.0017999999999998907
EWR-1,7/16/2025,03:40:00 am,0,2025-07-16 03:40:00,8.1488,10.297,0.0016000000000000014
EWR-1,7/16/2025,03:50:00 am,0,2025-07-16 03:50:00,8.1502,10.281,0.0015000000000000568
EWR-1,7/16/2025,04:00:00 am,0,2025-07-16 04:00:00,8.152,10.266,0.0016000000000000014
EWR-1,7/16/2025,04:10:00 am,0,2025-07-16 04:10:00,8.1541,10.25,0.0016000000000000014
EWR-1,7/16/2025,04:20:00 am,0,2025-07-16 04:20:00,8.1563,10.234,0.0016000000000000014
EWR-1,7/16/2025,04:30:00 am,0,2025-07-16 04:30:00,8.1581,10.218,0.001699999999999946
EWR-1,7/16/2025,04:40:00 am,0,2025-07-16 04:40:00,8.16,10.201,0.0016000000000000014
EWR-1,7/16/2025,04:50:00 am,0,2025-07-16 04:50:00,8.1619,10.185,0.0015000000000000568
EWR-1,7/16/2025,05:00:00 am,0,2025-07-16 05:00:00,8.1638,10.17,0.0015000000000000568
EWR-1,7/16/2025,05:10:00 am,0,2025-07-16 05:10:00,8.1655,10.155,0.0017999999999998907
EWR-1,7/16/2025,05:20:00 am,0,2025-07-16 05:20:00,8.1672,10.137,0.0016000000000000014
EWR-1,7/16/2025,05:30:00 am,0,2025-07-16 05:30:00,8.169,10.121,0.0017000000000001237
EWR-1,7/16/2025,05:40:00 am,0,2025-07-16 05:40:00,8.1711,10.104,0.0016000000000000014
EWR-1,7/16/2025,05:50:00 am,0,2025-07-16 05:50:00,8.1732,10.088,0.0016000000000000014
EWR-1,7/16/2025,06:00:00 am,0,2025-07-16 06:00:00,8.1754,10.072,0.0016000000000000014
EWR-1,7/16/2025,06:10:00 am,0,2025-07-16 06:10:00,8.1775,10.056,0.0013999999999999347
EWR-1,7/16/2025,06:20:00 am,0,2025-07-16 06:20:00,8.1795,10.042,0.0016000000000000014
EWR-1,7/16/2025,06:30:00 am,0,2025-07-16 06:30:00,8.1818,10.026,0.0013999999999999347
EWR-1,7/16/2025,06:40:00 am,0,2025-07-16 06:40:00,8.1838,10.012,0.00129999999999999
EWR-1,7/16/2025,06:50:00 am,0,2025-07-16 06:50:00,8.1857,9.999,0.001100000000000101
EWR-1,7/16/2025,07:00:00 am,0,2025-07-16 07:00:00,8.1878,9.988,0.0010999999999999233
EWR-1,7/16/2025,07:10:00 am,0,2025-07-16 07:10:00,8.1897,9.977,0.0012000000000000454
EWR-1,7/16/2025,07:20:00 am,0,2025-07-16 07:20:00,8.191,9.965,0.0009999999999999788
EWR-1,7/16/2025,07:30:00 am,0,2025-07-16 07:30:00,8.1926,9.955,0.0009999999999999788
EWR-1,7/16/2025,07:40:00 am,0,2025-07-16 07:40:00,8.1938,9.945,0.0014000000000001123
EWR-1,7/16/2025,07:50:00 am,0,2025-07-16 07:50:00,8.1946,9.931,0.0016000000000000014
EWR-1,7/16/2025,08:00:00 am,0,2025-07-16 08:00:00,8.1948,9.915,0.0009999999999999788
EWR-1,7/16/2025,08:10:00 am,0,2025-07-16 08:10:00,8.1966,9.905,0.0006999999999999674
EWR-1,7/16/2025,08:20:00 am,0,2025-07-16 08:20:00,8.1988,9.898,0.00030000000000001136
EWR-1,7/16/2025,08:30:00 am,0,2025-07-16 08:30:00,8.2018,9.895,0.00019999999999988915
EWR-1,7/16/2025,08:40:00 am,0,2025-07-16 08:40:00,8.2045,9.893,9.999999999994457e-05
EWR-1,7/16/2025,08:50:00 am,0,2025-07-16 08:50:00,8.2067,9.894,9.999999999994457e-05
EWR-1,7/16/2025,09:00:00 am,0,2025-07-16 09:00:00,8.2085,9.895,0.00010000000000012221
EWR-1,7/16/2025,09:10:00 am,0,2025-07-16 09:10:00,8.2099,9.896,0.00019999999999988915
EWR-1,7/16/2025,09:20:00 am,0,2025-07-16 09:20:00,8.2105,9.898,0.0002000000000000668
EWR-1,7/16/2025,09:30:00 am,0,2025-07-16 09:30:00,8.2107,9.9,0.00019999999999988915
EWR-1,7/16/2025,09:40:00 am,0,2025-07-16 09:40:00,8.2098,9.902,0.0004000000000001336
EWR-1,7/16/2025,09:50:00 am,0,2025-07-16 09:50:00,8.2087,9.906,0.0004999999999999005
EWR-1,7/16/2025,10:00:00 am,0,2025-07-16 10:00:00,8.2081,9.911,0.00039999999999995595
EWR-1,7/16/2025,10:10:00 am,0,2025-07-16 10:10:00,8.2069,9.915,0.0005000000000000782
EWR-1,7/16/2025,10:20:00 am,0,2025-07-16 10:20:00,8.2057,9.92,0.0005000000000000782
EWR-1,7/16/2025,10:30:00 am,0,2025-07-16 10:30:00,8.2047,9.925,0.0004999999999999005
EWR-1,7/16/2025,10:40:00 am,0,2025-07-16 10:40:00,8.2029,9.93,0.0006000000000000227
EWR-1,7/16/2025,10:50:00 am,0,2025-07-16 10:50:00,8.2017,9.936,0.0006000000000000227
EWR-1,7/16/2025,11:00:00 am,0,2025-07-16 11:00:00,8.2004,9.942,0.0006999999999999674
EWR-1,7/16/2025,11:10:00 am,0,2025-07-16 11:10:00,8.1988,9.949,0.0008000000000000895
EWR-1,7/16/2025,11:20:00 am,0,2025-07-16 11:20:00,8.1973,9.957,0.0009999999999999788
EWR-1,7/16/2025,11:30:00 am,0,2025-07-16 11:30:00,8.1955,9.967,0.0010999999999999233
EWR-1,7/16/2025,11:40:00 am,0,2025-07-16 11:40:00,8.194,9.978,0.001100000000000101
EWR-1,7/16/2025,11:50:00 am,0,2025-07-16 11:50:00,8.193,9.989,0.00129999999999999
EWR-1,7/16/2025,12:00:00 pm,0,2025-07-16 12:00:00,8.1915,10.002,0.0013999999999999347
EWR-1,7/16/2025,12:10:00 pm,0,2025-07-16 12:10:00,8.1903,10.016,0.0013999999999999347
EWR-1,7/16/2025,12:20:00 pm,0,2025-07-16 12:20:00,8.189,10.03,0.0015000000000000568
EWR-1,7/16/2025,12:30:00 pm,0,2025-07-16 12:30:00,8.1878,10.045,0.0013999999999999347
EWR-1,7/16/2025,12:40:00 pm,0,2025-07-16 12:40:00,8.1866,10.059,0.0015000000000000568
EWR-1,7/16/2025,12:50:00 pm,0,2025-07-16 12:50:00,8.1851,10.074,0.00129999999999999
EWR-1,7/16/2025,01:00:00 pm,0,2025-07-16 13:00:00,8.1837,10.087,0.0016000000000000014
EWR-1,7/16/2025,01:10:00 pm,0,2025-07-16 13:10:00,8.1824,10.103,0.0015000000000000568
EWR-1,7/16/2025,01:20:00 pm,0,2025-07-16 13:20:00,8.1808,10.118,0.001699999999999946
EWR-1,7/16/2025,01:30:00 pm,0,2025-07-16 13:30:00,8.1794,10.135,0.0016000000000000014
EWR-1,7/16/2025,01:40:00 pm,0,2025-07-16 13:40:00,8.1775,10.151,0.0016000000000000014
EWR-1,7/16/2025,01:50:00 pm,0,2025-07-16 13:50:00,8.1759,10.167,0.0016000000000000014
EWR-1,7/16/2025,02:00:00 pm,0,2025-07-16 14:00:00,8.1747,10.183,0.0016000000000000014
EWR-1,7/16/2025,02:10:00 pm,0,2025-07-16 14:10:00,8.1731,10.199,0.001699999999999946
EWR-1,7/16/2025,02:20:00 pm,0,2025-07-16 14:20:00,8.1719,10.216,0.0017000000000001237
EWR-1,7/16/2025,02:30:00 pm,0,2025-07-16 14:30:00,8.1699,10.233,0.0017999999999998907
EWR-1,7/16/2025,02:40:00 pm,0,2025-07-16 14:40:00,8.1685,10.251,0.0017000000000001237
EWR-1,7/16/2025,02:50:00 pm,0,2025-07-16 14:50:00,8.1671,10.268,0.0016000000000000014
EWR-1,7/16/2025,03:00:00 pm,0,2025-07-16 15:00:00,8.1653,10.284,0.0016000000000000014
EWR-1,7/16/2025,03:10:00 pm,0,2025-07-16 15:10:00,8.1634,10.3,0.0016000000000000014
EWR-1,7/16/2025,03:20:00 pm,0,2025-07-16 15:20:00,8.1618,10.316,0.0016000000000000014
EWR-1,7/16/2025,03:30:00 pm,0,2025-07-16 15:30:00,8.1599,10.332,0.0016000000000000014
EWR-1,7/16/2025,03:40:00 pm,0,2025-07-16 15:40:00,8.1584,10.348,0.0014999999999998793
EWR-1,7/16/2025,03:50:00 pm,0,2025-07-16 15:50:00,8.1567,10.363,0.0016000000000000014
EWR-1,7/16/2025,04:00:00 pm,0,2025-07-16 16:00:00,8.1555,10.379,0.0015000000000000568
EWR-1,7/16/2025,04:10:00 pm,0,2025-07-16 16:10:00,8.1534,10.394,0.0015000000000000568
EWR-1,7/16/2025,04:20:00 pm,0,2025-07-16 16:20:00,8.1519,10.409,0.0016000000000000014
EWR-1,7/16/2025,04:30:00 pm,0,2025-07-16 16:30:00,8.1503,10.425,0.0016000000000000014
EWR-1,7/16/2025,04:40:00 pm,0,2025-07-16 16:40:00,8.1484,10.441,0.0013999999999999347
EWR-1,7/16/2025,04:50:00 pm,0,2025-07-16 16:50:00,8.1469,10.455,0.0016000000000000014
EWR-1,7/16/2025,05:00:00 pm,0,2025-07-16 17:00:00,8.1449,10.471,0.0016000000000000014
EWR-1,7/16/2025,05:10:00 pm,0,2025-07-16 17:10:00,8.1435,10.487,0.0013999999999999347
EWR-1,7/16/2025,05:20:00 pm,0,2025-07-16 17:20:00,8.1417,10.501,0.0015000000000000568
EWR-1,7/16/2025,05:30:00 pm,0,2025-07-16 17:30:00,8.1427,10.516,0.00129999999999999
EWR-1,7/16/2025,05:40:00 pm,0,2025-07-16 17:40:00,8.1413,10.529,0.00129999999999999
EWR-1,7/16/2025,05:50:00 pm,0,2025-07-16 17:50:00,8.139,10.542,0.001100000000000101
EWR-1,7/16/2025,06:00:00 pm,0,2025-07-16 18:00:00,8.1373,10.553,0.0011999999999998678
EWR-1,7/16/2025,06:10:00 pm,0,2025-07-16 18:10:00,8.1352,10.565,0.0009999999999999788
EWR-1,7/16/2025,06:20:00 pm,0,2025-07-16 18:20:00,8.1337,10.575,0.0010000000000001564
EWR-1,7/16/2025,06:30:00 pm,0,2025-07-16 18:30:00,8.1315,10.585,0.0008999999999998564
EWR-1,7/16/2025,06:40:00 pm,0,2025-07-16 18:40:00,8.1298,10.594,0.0009000000000000341
EWR-1,7/16/2025,06:50:00 pm,0,2025-07-16 18:50:00,8.1283,10.603,0.0008000000000000895
EWR-1,7/16/2025,07:00:00 pm,0,2025-07-16 19:00:00,8.1268,10.611,0.0006000000000000227
EWR-1,7/16/2025,07:10:00 pm,0,2025-07-16 19:10:00,8.1253,10.617,0.0004999999999999005
EWR-1,7/16/2025,07:20:00 pm,0,2025-07-16 19:20:00,8.1241,10.622,0.00030000000000001136
EWR-1,7/16/2025,07:30:00 pm,0,2025-07-16 19:30:00,8.1228,10.625,0.0002000000000000668
EWR-1,7/16/2025,07:40:00 pm,0,2025-07-16 19:40:00,8.1216,10.627,0.00019999999999988915
EWR-1,7/16/2025,07:50:00 pm,0,2025-07-16 19:50:00,8.1208,10.629,0.00010000000000012221
EWR-1,7/16/2025,08:00:00 pm,0,2025-07-16 20:00:00,8.1194,10.63,0.0
EWR-1,7/16/2025,08:10:00 pm,0,2025-07-16 20:10:00,8.1179,10.63,0.00010000000000012221
EWR-1,7/16/2025,08:20:00 pm,0,2025-07-16 20:20:00,8.1178,10.629,9.999999999994457e-05
EWR-1,7/16/2025,08:30:00 pm,0,2025-07-16 20:30:00,8.1167,10.628,0.0002000000000000668
EWR-1,7/16/2025,08:40:00 pm,0,2025-07-16 20:40:00,8.1163,10.626,0.00030000000000001136
EWR-1,7/16/2025,08:50:00 pm,0,2025-07-16 20:50:00,8.1152,10.623,0.00030000000000001136
EWR-1,7/16/2025,09:00:00 pm,0,2025-07-16 21:00:00,8.1145,10.62,0.0004999999999999005
EWR-1,7/16/2025,09:10:00 pm,0,2025-07-16 21:10:00,8.1144,10.615,0.0005000000000000782
EWR-1,7/16/2025,09:20:00 pm,0,2025-07-16 21:20:00,8.114,10.61,0.0006000000000000227
EWR-1,7/16/2025,09:30:00 pm,0,2025-07-16 21:30:00,8.1135,10.604,0.0007999999999999119
EWR-1,7/16/2025,09:40:00 pm,0,2025-07-16 21:40:00,8.1136,10.596,0.0009000000000000341
EWR-1,7/16/2025,09:50:00 pm,0,2025-07-16 21:50:00,8.1136,10.587,0.0009000000000000341
EWR-1,7/16/2025,10:00:00 pm,0,2025-07-16 22:00:00,8.1133,10.578,0.0008999999999998564
EWR-1,7/16/2025,10:10:00 pm,0,2025-07-16 22:10:00,8.1136,10.569,0.0010000000000001564
EWR-1,7/16/2025,10:20:00 pm,0,2025-07-16 22:20:00,8.1139,10.559,0.0009999999999999788
EWR-1,7/16/2025,10:30:00 pm,0,2025-07-16 22:30:00,8.1145,10.549,0.0010999999999999233
EWR-1,7/16/2025,10:40:00 pm,0,2025-07-16 22:40:00,8.1146,10.538,0.0009999999999999788
EWR-1,7/16/2025,10:50:00 pm,0,2025-07-16 22:50:00,8.1149,10.528,0.0012000000000000454
EWR-1,7/16/2025,11:00:00 pm,0,2025-07-16 23:00:00,8.1156,10.516,0.0010999999999999233
EWR-1,7/16/2025,11:10:00 pm,0,2025-07-16 23:10:00,8.1163,10.505,0.001100000000000101
EWR-1,7/16/2025,11:20:00 pm,0,2025-07-16 23:20:00,8.1172,10.494,0.0010999999999999233
EWR-1,7/16/2025,11:30:00 pm,0,2025-07-16 23:30:00,8.1185,10.483,0.0009999999999999788
EWR-1,7/16/2025,11:40:00 pm,0,2025-07-16 23:40:00,8.1191,10.473,0.0010000000000001564
EWR-1,7/16/2025,11:50:00 pm,0,2025-07-16 23:50:00,8.1202,10.463,0.0008999999999998564
EWR-1,7/17/2025,12:00:00 am,0,2025-07-17 00:00:00,8.1214,10.454,0.0008000000000000895
EWR-1,7/17/2025,12:10:00 am,0,2025-07-17 00:10:00,8.1229,10.446,0.0010999999999999233
EWR-1,7/17/2025,12:20:00 am,0,2025-07-17 00:20:00,8.1239,10.435,0.001100000000000101
EWR-1,7/17/2025,12:30:00 am,0,2025-07-17 00:30:00,8.1252,10.424,0.0010999999999999233
EWR-1,7/17/2025,12:40:00 am,0,2025-07-17 00:40:00,8.1271,10.413,0.0009999999999999788
EWR-1,7/17/2025,12:50:00 am,0,2025-07-17 00:50:00,8.1285,10.403,0.0009000000000000341
EWR-1,7/17/2025,01:00:00 am,0,2025-07-17 01:00:00,8.1297,10.394,0.0009999999999999788
EWR-1,7/17/2025,01:10:00 am,0,2025-07-17 01:10:00,8.1315,10.384,0.0012000000000000454
EWR-1,7/17/2025,01:20:00 am,0,2025-07-17 01:20:00,8.1329,10.372,0.0010999999999999233
EWR-1,7/17/2025,01:30:00 am,0,2025-07-17 01:30:00,8.1344,10.361,0.0014000000000001123
EWR-1,7/17/2025,01:40:00 am,0,2025-07-17 01:40:00,8.136,10.347,0.0010999999999999233
EWR-1,7/17/2025,01:50:00 am,0,2025-07-17 01:50:00,8.1375,10.336,0.00129999999999999
EWR-1,7/17/2025,02:00:00 am,0,2025-07-17 02:00:00,8.139,10.323,0.0012000000000000454
EWR-1,7/17/2025,02:10:00 am,0,2025-07-17 02:10:00,8.1409,10.311,0.0012000000000000454
EWR-1,7/17/2025,02:20:00 am,0,2025-07-17 02:20:00,8.1425,10.299,0.00129999999999999
EWR-1,7/17/2025,02:30:00 am,0,2025-07-17 02:30:00,8.1441,10.286,0.00129999999999999
EWR-1,7/17/2025,02:40:00 am,0,2025-07-17 02:40:00,8.1458,10.273,0.00129999999999999
EWR-1,7/17/2025,02:50:00 am,0,2025-07-17 02:50:00,8.1471,10.26,0.0012000000000000454
EWR-1,7/17/2025,03:00:00 am,0,2025-07-17 03:00:00,8.1489,10.248,0.0011999999999998678
EWR-1,7/17/2025,03:10:00 am,0,2025-07-17 03:10:00,8.1503,10.236,0.0012000000000000454
EWR-1,7/17/2025,03:20:00 am,0,2025-07-17 03:20:00,8.1521,10.224,0.00129999999999999
EWR-1,7/17/2025,03:30:00 am,0,2025-07-17 03:30:00,8.1537,10.211,0.0014000000000001123
EWR-1,7/17/2025,03:40:00 am,0,2025-07-17 03:40:00,8.1551,10.197,0.0014999999999998793
EWR-1,7/17/2025,03:50:00 am,0,2025-07-17 03:50:00,8.1567,10.182,0.0015000000000000568
EWR-1,7/17/2025,04:00:00 am,0,2025-07-17 04:00:00,8.1583,10.167,0.0015000000000000568
EWR-1,7/17/2025,04:10:00 am,0,2025-07-17 04:10:00,8.16,10.152,0.0013999999999999347
EWR-1,7/17/2025,04:20:00 am,0,2025-07-17 04:20:00,8.1615,10.138,0.0015000000000000568
EWR-1,7/17/2025,04:30:00 am,0,2025-07-17 04:30:00,8.163,10.123,0.0013999999999999347
EWR-1,7/17/2025,04:40:00 am,0,2025-07-17 04:40:00,8.1648,10.109,0.00129999999999999
EWR-1,7/17/2025,04:50:00 am,0,2025-07-17 04:50:00,8.1663,10.096,0.0012000000000000454
EWR-1,7/17/2025,05:00:00 am,0,2025-07-17 05:00:00,8.1686,10.084,0.0014999999999998793
EWR-1,7/17/2025,05:10:00 am,0,2025-07-17 05:10:00,8.17,10.069,0.0013000000000001678
EWR-1,7/17/2025,05:20:00 am,0,2025-07-17 05:20:00,8.1717,10.056,0.0011999999999998678
EWR-1,7/17/2025,05:30:00 am,0,2025-07-17 05:30:00,8.1739,10.044,0.0012000000000000454
EWR-1,7/17/2025,05:40:00 am,0,2025-07-17 05:40:00,8.1758,10.032,0.00129999999999999
EWR-1,7/17/2025,05:50:00 am,0,2025-07-17 05:50:00,8.1781,10.019,0.00129999999999999
EWR-1,7/17/2025,06:00:00 am,0,2025-07-17 06:00:00,8.1799,10.006,0.0012000000000000454
EWR-1,7/17/2025,06:10:00 am,0,2025-07-17 06:10:00,8.1819,9.994,0.0012000000000000454
EWR-1,7/17/2025,06:20:00 am,0,2025-07-17 06:20:00,8.184,9.982,0.0011999999999998678
EWR-1,7/17/2025,06:30:00 am,0,2025-07-17 06:30:00,8.1858,9.97,0.001100000000000101
EWR-1,7/17/2025,06:40:00 am,0,2025-07-17 06:40:00,8.1873,9.959,0.0009999999999999788
EWR-1,7/17/2025,06:50:00 am,0,2025-07-17 06:50:00,8.1891,9.949,0.0009999999999999788
EWR-1,7/17/2025,07:00:00 am,0,2025-07-17 07:00:00,8.191,9.939,0.0009999999999999788
EWR-1,7/17/2025,07:10:00 am,0,2025-07-17 07:10:00,8.1925,9.929,0.0009999999999999788
EWR-1,7/17/2025,07:20:00 am,0,2025-07-17 07:20:00,8.1939,9.919,0.0015000000000000568
EWR-1,7/17/2025,07:30:00 am,0,2025-07-17 07:30:00,8.1951,9.904,0.0012000000000000454
EWR-1,7/17/2025,07:40:00 am,0,2025-07-17 07:40:00,8.1963,9.892,0.0009000000000000341
EWR-1,7/17/2025,07:50:00 am,0,2025-07-17 07:50:00,8.1977,9.883,0.0007999999999999119
EWR-1,7/17/2025,08:00:00 am,0,2025-07-17 08:00:00,8.1982,9.875,0.0005000000000000782
EWR-1,7/17/2025,08:10:00 am,0,2025-07-17 08:10:00,8.1995,9.87,0.0004999999999999005
EWR-1,7/17/2025,08:20:00 am,0,2025-07-17 08:20:00,8.2015,9.865,0.0002000000000000668
EWR-1,7/17/2025,08:30:00 am,0,2025-07-17 08:30:00,8.2038,9.863,0.00019999999999988915
EWR-1,7/17/2025,08:40:00 am,0,2025-07-17 08:40:00,8.2053,9.861,0.00010000000000012221
EWR-1,7/17/2025,08:50:00 am,0,2025-07-17 08:50:00,8.2072,9.86,0.00010000000000012221
EWR-1,7/17/2025,09:00:00 am,0,2025-07-17 09:00:00,8.209,9.861,9.999999999994457e-05
EWR-1,7/17/2025,09:10:00 am,0,2025-07-17 09:10:00,8.2104,9.862,0.0002000000000000668
EWR-1,7/17/2025,09:20:00 am,0,2025-07-17 09:20:00,8.2111,9.864,0.00019999999999988915
EWR-1,7/17/2025,09:30:00 am,0,2025-07-17 09:30:00,8.2117,9.866,0.00030000000000001136
EWR-1,7/17/2025,09:40:00 am,0,2025-07-17 09:40:00,8.2114,9.869,0.00039999999999995595
EWR-1,7/17/2025,09:50:00 am,0,2025-07-17 09:50:00,8.2113,9.873,0.0006000000000000227
EWR-1,7/17/2025,10:00:00 am,0,2025-07-17 10:00:00,8.2114,9.879,0.00039999999999995595
EWR-1,7/17/2025,10:10:00 am,0,2025-07-17 10:10:00,8.2108,9.883,0.0004000000000001336
EWR-1,7/17/2025,10:20:00 am,0,2025-07-17 10:20:00,8.2096,9.887,0.0004999999999999005
EWR-1,7/17/2025,10:30:00 am,0,2025-07-17 10:30:00,8.2086,9.892,0.0004000000000001336
EWR-1,7/17/2025,10:40:00 am,0,2025-07-17 10:40:00,8.2075,9.896,0.0004999999999999005
EWR-1,7/17/2025,10:50:00 am,0,2025-07-17 10:50:00,8.2057,9.901,0.0005000000000000782
EWR-1,7/17/2025,11:00:00 am,0,2025-07-17 11:00:00,8.2047,9.906,0.0006000000000000227
EWR-1,7/17/2025,11:10:00 am,0,2025-07-17 11:10:00,8.2036,9.912,0.0007999999999999119
EWR-1,7/17/2025,11:20:00 am,0,2025-07-17 11:20:00,8.2022,9.92,0.0009000000000000341
EWR-1,7/17/2025,11:30:00 am,0,2025-07-17 11:30:00,8.2008,9.929,0.0010999999999999233
EWR-1,7/17/2025,11:40:00 am,0,2025-07-17 11:40:00,8.1994,9.94,0.001100000000000101
EWR-1,7/17/2025,11:50:00 am,0,2025-07-17 11:50:00,8.1982,9.951,0.00129999999999999
EWR-1,7/17/2025,12:00:00 pm,0,2025-07-17 12:00:00,8.1973,9.964,0.0013999999999999347
EWR-1,7/17/2025,12:10:00 pm,0,2025-07-17 12:10:00,8.1957,9.978,0.00129999999999999
EWR-1,7/17/2025,12:20:00 pm,0,2025-07-17 12:20:00,8.1945,9.991,0.0014000000000001123
EWR-1,7/17/2025,12:30:00 pm,0,2025-07-17 12:30:00,8.1934,10.005,0.0013999999999999347
EWR-1,7/17/2025,12:40:00 pm,0,2025-07-17 12:40:00,8.1919,10.019,0.0013999999999999347
EWR-1,7/17/2025,12:50:00 pm,0,2025-07-17 12:50:00,8.1908,10.033,0.0015000000000000568
EWR-1,7/17/2025,01:00:00 pm,0,2025-07-17 13:00:00,8.1894,10.048,0.0015000000000000568
EWR-1,7/17/2025,01:10:00 pm,0,2025-07-17 13:10:00,8.1882,10.063,0.001699999999999946
EWR-1,7/17/2025,01:20:00 pm,0,2025-07-17 13:20:00,8.187,10.08,0.0016000000000000014
EWR-1,7/17/2025,01:30:00 pm,0,2025-07-17 13:30:00,8.1857,10.096,0.001699999999999946
EWR-1,7/17/2025,01:40:00 pm,0,2025-07-17 13:40:00,8.1842,10.113,0.0015000000000000568
EWR-1,7/17/2025,01:50:00 pm,0,2025-07-17 13:50:00,8.1823,10.128,0.0016000000000000014
EWR-1,7/17/2025,02:00:00 pm,0,2025-07-17 14:00:00,8.1812,10.144,0.0016000000000000014
EWR-1,7/17/2025,02:10:00 pm,0,2025-07-17 14:10:00,8.1795,10.16,0.0016000000000000014
EWR-1,7/17/2025,02:20:00 pm,0,2025-07-17 14:20:00,8.1779,10.176,0.001699999999999946
EWR-1,7/17/2025,02:30:00 pm,0,2025-07-17 14:30:00,8.1762,10.193,0.0016000000000000014
EWR-1,7/17/2025,02:40:00 pm,0,2025-07-17 14:40:00,8.1746,10.209,0.0016000000000000014
EWR-1,7/17/2025,02:50:00 pm,0,2025-07-17 14:50:00,8.1732,10.225,0.0015000000000000568
EWR-1,7/17/2025,03:00:00 pm,0,2025-07-17 15:00:00,8.1718,10.24,0.0016000000000000014
EWR-1,7/17/2025,03:10:00 pm,0,2025-07-17 15:10:00,8.1701,10.256,0.0015000000000000568
EWR-1,7/17/2025,03:20:00 pm,0,2025-07-17 15:20:00,8.1686,10.271,0.0014999999999998793
EWR-1,7/17/2025,03:30:00 pm,0,2025-07-17 15:30:00,8.167,10.286,0.0016000000000000014
EWR-1,7/17/2025,03:40:00 pm,0,2025-07-17 15:40:00,8.1653,10.302,0.00129999999999999
EWR-1,7/17/2025,03:50:00 pm,0,2025-07-17 15:50:00,8.1636,10.315,0.0016000000000000014
EWR-1,7/17/2025,04:00:00 pm,0,2025-07-17 16:00:00,8.1618,10.331,0.0014000000000001123
EWR-1,7/17/2025,04:10:00 pm,0,2025-07-17 16:10:00,8.1603,10.345,0.0013999999999999347
EWR-1,7/17/2025,04:20:00 pm,0,2025-07-17 16:20:00,8.1584,10.359,0.0013999999999999347
EWR-1,7/17/2025,04:30:00 pm,0,2025-07-17 16:30:00,8.157,10.373,0.0014000000000001123
EWR-1,7/17/2025,04:40:00 pm,0,2025-07-17 16:40:00,8.1554,10.387,0.0013999999999999347
EWR-1,7/17/2025,04:50:00 pm,0,2025-07-17 16:50:00,8.1566,10.401,0.0013999999999999347
EWR-1,7/17/2025,05:00:00 pm,0,2025-07-17 17:00:00,8.1547,10.415,0.0015000000000000568
EWR-1,7/17/2025,05:10:00 pm,0,2025-07-17 17:10:00,8.153,10.43,0.0014000000000001123
EWR-1,7/17/2025,05:20:00 pm,0,2025-07-17 17:20:00,8.1511,10.444,0.0013999999999999347
EWR-1,7/17/2025,05:30:00 pm,0,2025-07-17 17:30:00,8.1494,10.458,0.00129999999999999
EWR-1,7/17/2025,05:40:00 pm,0,2025-07-17 17:40:00,8.1476,10.471,0.0012000000000000454
EWR-1,7/17/2025,05:50:00 pm,0,2025-07-17 17:50:00,8.1456,10.483,0.0010999999999999233
EWR-1,7/17/2025,06:00:00 pm,0,2025-07-17 18:00:00,8.1436,10.494,0.0009999999999999788
EWR-1,7/17/2025,06:10:00 pm,0,2025-07-17 18:10:00,8.1416,10.504,0.0009999999999999788
EWR-1,7/17/2025,06:20:00 pm,0,2025-07-17 18:20:00,8.1402,10.514,0.0009000000000000341
EWR-1,7/17/2025,06:30:00 pm,0,2025-07-17 18:30:00,8.1385,10.523,0.0009000000000000341
EWR-1,7/17/2025,06:40:00 pm,0,2025-07-17 18:40:00,8.1365,10.532,0.0006999999999999674
EWR-1,7/17/2025,06:50:00 pm,0,2025-07-17 18:50:00,8.1354,10.539,0.0006000000000000227
EWR-1,7/17/2025,07:00:00 pm,0,2025-07-17 19:00:00,8.1335,10.545,0.0005000000000000782
EWR-1,7/17/2025,07:10:00 pm,0,2025-07-17 19:10:00,8.1321,10.55,0.00030000000000001136
EWR-1,7/17/2025,07:20:00 pm,0,2025-07-17 19:20:00,8.1308,10.553,0.00019999999999988915
EWR-1,7/17/2025,07:30:00 pm,0,2025-07-17 19:30:00,8.1299,10.555,0.0
EWR-1,7/17/2025,07:40:00 pm,0,2025-07-17 19:40:00,8.1286,10.555,0.0
EWR-1,7/17/2025,07:50:00 pm,0,2025-07-17 19:50:00,8.1275,10.555,9.999999999994457e-05
EWR-1,7/17/2025,08:00:00 pm,0,2025-07-17 20:00:00,8.1266,10.554,0.00030000000000001136
EWR-1,7/17/2025,08:10:00 pm,0,2025-07-17 20:10:00,8.1256,10.551,0.00039999999999995595
EWR-1,7/17/2025,08:20:00 pm,0,2025-07-17 20:20:00,8.1249,10.547,0.0005000000000000782
EWR-1,7/17/2025,08:30:00 pm,0,2025-07-17 20:30:00,8.1245,10.542,0.0006000000000000227
EWR-1,7/17/2025,08:40:00 pm,0,2025-07-17 20:40:00,8.1237,10.536,0.0007999999999999119
EWR-1,7/17/2025,08:50:00 pm,0,2025-07-17 20:50:00,8.1232,10.528,0.0008000000000000895
EWR-1,7/17/2025,09:00:00 pm,0,2025-07-17 21:00:00,8.1229,10.52,0.0009999999999999788
EWR-1,7/17/2025,09:10:00 pm,0,2025-07-17 21:10:00,8.1225,10.51,0.0009999999999999788
EWR-1,7/17/2025,09:20:00 pm,0,2025-07-17 21:20:00,8.1222,10.5,0.0009999999999999788
EWR-1,7/17/2025,09:30:00 pm,0,2025-07-17 21:30:00,8.1223,10.49,0.0012000000000000454
EWR-1,7/17/2025,09:40:00 pm,0,2025-07-17 21:40:00,8.1223,10.478,0.0012000000000000454
EWR-1,7/17/2025,09:50:00 pm,0,2025-07-17 21:50:00,8.1225,10.466,0.0011999999999998678
EWR-1,7/17/2025,10:00:00 pm,0,2025-07-17 22:00:00,8.1228,10.454,0.00129999999999999
EWR-1,7/17/2025,10:10:00 pm,0,2025-07-17 22:10:00,8.1233,10.441,0.00129999999999999
EWR-1,7/17/2025,10:20:00 pm,0,2025-07-17 22:20:00,8.1237,10.428,0.0016000000000000014
EWR-1,7/17/2025,10:30:00 pm,0,2025-07-17 22:30:00,8.1242,10.412,0.0016000000000000014
EWR-1,7/17/2025,10:40:00 pm,0,2025-07-17 22:40:00,8.1246,10.396,0.0016000000000000014
EWR-1,7/17/2025,10:50:00 pm,0,2025-07-17 22:50:00,8.1253,10.38,0.0016000000000000014
EWR-1,7/17/2025,11:00:00 pm,0,2025-07-17 23:00:00,8.1263,10.364,0.0014000000000001123
EWR-1,7/17/2025,11:10:00 pm,0,2025-07-17 23:10:00,8.127,10.35,0.00129999999999999
EWR-1,7/17/2025,11:20:00 pm,0,2025-07-17 23:20:00,8.1283,10.337,0.00129999999999999
EWR-1,7/17/2025,11:30:00 pm,0,2025-07-17 23:30:00,8.1297,10.324,0.0012000000000000454
EWR-1,7/17/2025,11:40:00 pm,0,2025-07-17 23:40:00,8.1307,10.312,0.0011999999999998678
EWR-1,7/17/2025,11:50:00 pm,0,2025-07-17 23:50:00,8.1319,10.3,0.0014000000000001123
EWR-1,7/18/2025,12:00:00 am,0,2025-07-18 00:00:00,8.1332,10.286,0.0013999999999999347
EWR-1,7/18/2025,12:10:00 am,0,2025-07-18 00:10:00,8.1348,10.272,0.0016000000000000014
EWR-1,7/18/2025,12:20:00 am,0,2025-07-18 00:20:00,8.136,10.256,0.0015000000000000568
EWR-1,7/18/2025,12:30:00 am,0,2025-07-18 00:30:00,8.1375,10.241,0.0014999999999998793
EWR-1,7/18/2025,12:40:00 am,0,2025-07-18 00:40:00,8.139,10.226,0.0015000000000000568
EWR-1,7/18/2025,12:50:00 am,0,2025-07-18 00:50:00,8.1402,10.211,0.0015000000000000568
EWR-1,7/18/2025,01:00:00 am,0,2025-07-18 01:00:00,8.1423,10.196,0.0015000000000000568
EWR-1,7/18/2025,01:10:00 am,0,2025-07-18 01:10:00,8.1436,10.181,0.0013999999999999347
EWR-1,7/18/2025,01:20:00 am,0,2025-07-18 01:20:00,8.145,10.167,0.0015000000000000568
EWR-1,7/18/2025,01:30:00 am,0,2025-07-18 01:30:00,8.1465,10.152,0.0014999999999998793
EWR-1,7/18/2025,01:40:00 am,0,2025-07-18 01:40:00,8.1483,10.137,0.0016000000000000014
EWR-1,7/18/2025,01:50:00 am,0,2025-07-18 01:50:00,8.1497,10.121,0.0016000000000000014
EWR-1,7/18/2025,02:00:00 am,0,2025-07-18 02:00:00,8.1511,10.105,0.0017000000000001237
EWR-1,7/18/2025,02:10:00 am,0,2025-07-18 02:10:00,8.1529,10.088,0.001699999999999946
EWR-1,7/18/2025,02:20:00 am,0,2025-07-18 02:20:00,8.1549,10.071,0.0016000000000000014
EWR-1,7/18/2025,02:30:00 am,0,2025-07-18 02:30:00,8.1563,10.055,0.001699999999999946
EWR-1,7/18/2025,02:40:00 am,0,2025-07-18 02:40:00,8.1582,10.038,0.001699999999999946
EWR-1,7/18/2025,02:50:00 am,0,2025-07-18 02:50:00,8.1599,10.021,0.0016000000000000014
EWR-1,7/18/2025,03:00:00 am,0,2025-07-18 03:00:00,8.1617,10.005,0.0017000000000001237
EWR-1,7/18/2025,03:10:00 am,0,2025-07-18 03:10:00,8.1631,9.988,0.0016000000000000014
EWR-1,7/18/2025,03:20:00 am,0,2025-07-18 03:20:00,8.165,9.972,0.0017999999999998907
EWR-1,7/18/2025,03:30:00 am,0,2025-07-18 03:30:00,8.1664,9.954,0.0015000000000000568
EWR-1,7/18/2025,03:40:00 am,0,2025-07-18 03:40:00,8.1679,9.939,0.001699999999999946
EWR-1,7/18/2025,03:50:00 am,0,2025-07-18 03:50:00,8.1695,9.922,0.0019000000000000128
EWR-1,7/18/2025,04:00:00 am,0,2025-07-18 04:00:00,8.1712,9.903,0.0017000000000001237
EWR-1,7/18/2025,04:10:00 am,0,2025-07-18 04:10:00,8.1727,9.886,0.0017999999999998907
EWR-1,7/18/2025,04:20:00 am,0,2025-07-18 04:20:00,8.1744,9.868,0.0019000000000000128
EWR-1,7/18/2025,04:30:00 am,0,2025-07-18 04:30:00,8.1762,9.849,0.0021000000000000797
EWR-1,7/18/2025,04:40:00 am,0,2025-07-18 04:40:00,8.1772,9.828,0.0019999999999999575
EWR-1,7/18/2025,04:50:00 am,0,2025-07-18 04:50:00,8.1789,9.808,0.0018000000000000683
EWR-1,7/18/2025,05:00:00 am,0,2025-07-18 05:00:00,8.1807,9.79,0.0017999999999998907
EWR-1,7/18/2025,05:10:00 am,0,2025-07-18 05:10:00,8.182,9.772,0.0021000000000000797
EWR-1,7/18/2025,05:20:00 am,0,2025-07-18 05:20:00,8.1835,9.751,0.002099999999999902
EWR-1,7/18/2025,05:30:00 am,0,2025-07-18 05:30:00,8.1851,9.73,0.0021000000000000797
EWR-1,7/18/2025,05:40:00 am,0,2025-07-18 05:40:00,8.1869,9.709,0.0019999999999999575
EWR-1,7/18/2025,05:50:00 am,0,2025-07-18 05:50:00,8.1884,9.689,0.0019999999999999575
EWR-1,7/18/2025,06:00:00 am,0,2025-07-18 06:00:00,8.1899,9.669,0.0018000000000000683
EWR-1,7/18/2025,06:10:00 am,0,2025-07-18 06:10:00,8.1923,9.651,0.001699999999999946
EWR-1,7/18/2025,06:20:00 am,0,2025-07-18 06:20:00,8.1938,9.634,0.0018000000000000683
EWR-1,7/18/2025,06:30:00 am,0,2025-07-18 06:30:00,8.1959,9.616,0.0017999999999998907
EWR-1,7/18/2025,06:40:00 am,0,2025-07-18 06:40:00,8.1975,9.598,0.0014000000000001123
EWR-1,7/18/2025,06:50:00 am,0,2025-07-18 06:50:00,8.1992,9.584,0.0016000000000000014
EWR-1,7/18/2025,07:00:00 am,0,2025-07-18 07:00:00,8.2008,9.568,0.0012000000000000454
EWR-1,7/18/2025,07:10:00 am,0,2025-07-18 07:10:00,8.2026,9.556,0.0011999999999998678
EWR-1,7/18/2025,07:20:00 am,0,2025-07-18 07:20:00,8.2047,9.544,0.0012000000000000454
EWR-1,7/18/2025,07:30:00 am,0,2025-07-18 07:30:00,8.2063,9.532,0.0012000000000000454
EWR-1,7/18/2025,07:40:00 am,0,2025-07-18 07:40:00,8.2078,9.52,0.0009999999999999788
EWR-1,7/18/2025,07:50:00 am,0,2025-07-18 07:50:00,8.2093,9.51,0.0007999999999999119
EWR-1,7/18/2025,08:00:00 am,0,2025-07-18 08:00:00,8.211,9.502,0.0006000000000000227
EWR-1,7/18/2025,08:10:00 am,0,2025-07-18 08:10:00,8.2126,9.496,0.00039999999999995595
EWR-1,7/18/2025,08:20:00 am,0,2025-07-18 08:20:00,8.2139,9.492,0.0004000000000001336
EWR-1,7/18/2025,08:30:00 am,0,2025-07-18 08:30:00,8.2157,9.488,0.0007999999999999119
EWR-1,7/18/2025,08:40:00 am,0,2025-07-18 08:40:00,8.217,9.48,0.0006000000000000227
EWR-1,7/18/2025,08:50:00 am,0,2025-07-18 08:50:00,8.2181,9.474,0.0
EWR-1,7/18/2025,09:00:00 am,0,2025-07-18 09:00:00,8.219,9.474,0.0002000000000000668
EWR-1,7/18/2025,09:10:00 am,0,2025-07-18 09:10:00,8.2198,9.476,0.00019999999999988915
EWR-1,7/18/2025,09:20:00 am,0,2025-07-18 09:20:00,8.2197,9.478,0.00030000000000001136
EWR-1,7/18/2025,09:30:00 am,0,2025-07-18 09:30:00,8.2205,9.481,9.999999999994457e-05
EWR-1,7/18/2025,09:40:00 am,0,2025-07-18 09:40:00,8.2218,9.482,0.0002000000000000668
EWR-1,7/18/2025,09:50:00 am,0,2025-07-18 09:50:00,8.2224,9.484,9.999999999994457e-05
EWR-1,7/18/2025,10:00:00 am,0,2025-07-18 10:00:00,8.2224,9.485,0.00030000000000001136
EWR-1,7/18/2025,10:10:00 am,0,2025-07-18 10:10:00,8.2232,9.488,0.00030000000000001136
EWR-1,7/18/2025,10:20:00 am,0,2025-07-18 10:20:00,8.2234,9.491,0.00030000000000001136
EWR-1,7/18/2025,10:30:00 am,0,2025-07-18 10:30:00,8.2232,9.494,0.00039999999999995595
EWR-1,7/18/2025,10:40:00 am,0,2025-07-18 10:40:00,8.223,9.498,0.0005000000000000782
EWR-1,7/18/2025,10:50:00 am,0,2025-07-18 10:50:00,8.2225,9.503,0.0004999999999999005
EWR-1,7/18/2025,11:00:00 am,0,2025-07-18 11:00:00,8.222,9.508,0.000700000000000145
EWR-1,7/18/2025,11:10:00 am,0,2025-07-18 11:10:00,8.2212,9.515,0.0007999999999999119
EWR-1,7/18/2025,11:20:00 am,0,2025-07-18 11:20:00,8.2205,9.523,0.001100000000000101
EWR-1,7/18/2025,11:30:00 am,0,2025-07-18 11:30:00,8.2194,9.534,0.0010999999999999233
EWR-1,7/18/2025,11:40:00 am,0,2025-07-18 11:40:00,8.2186,9.545,0.00129999999999999
EWR-1,7/18/2025,11:50:00 am,0,2025-07-18 11:50:00,8.2181,9.558,0.0013999999999999347
EWR-1,7/18/2025,12:00:00 pm,0,2025-07-18 12:00:00,8.2172,9.572,0.0015000000000000568
EWR-1,7/18/2025,12:10:00 pm,0,2025-07-18 12:10:00,8.2162,9.587,0.0015000000000000568
EWR-1,7/18/2025,12:20:00 pm,0,2025-07-18 12:20:00,8.2156,9.602,0.0015000000000000568
EWR-1,7/18/2025,12:30:00 pm,0,2025-07-18 12:30:00,8.2144,9.617,0.0014999999999998793
EWR-1,7/18/2025,12:40:00 pm,0,2025-07-18 12:40:00,8.2136,9.632,0.0016000000000000014
EWR-1,7/18/2025,12:50:00 pm,0,2025-07-18 12:50:00,8.2126,9.648,0.0016000000000000014
EWR-1,7/18/2025,01:00:00 pm,0,2025-07-18 13:00:00,8.2118,9.664,0.0016000000000000014
EWR-1,7/18/2025,01:10:00 pm,0,2025-07-18 13:10:00,8.2106,9.68,0.0018000000000000683
EWR-1,7/18/2025,01:20:00 pm,0,2025-07-18 13:20:00,8.2096,9.698,0.0019000000000000128
EWR-1,7/18/2025,01:30:00 pm,0,2025-07-18 13:30:00,8.2086,9.717,0.0017999999999998907
EWR-1,7/18/2025,01:40:00 pm,0,2025-07-18 13:40:00,8.2074,9.735,0.0018000000000000683
EWR-1,7/18/2025,01:50:00 pm,0,2025-07-18 13:50:00,8.206,9.753,0.001699999999999946
EWR-1,7/18/2025,02:00:00 pm,0,2025-07-18 14:00:00,8.2049,9.77,0.0018000000000000683
EWR-1,7/18/2025,02:10:00 pm,0,2025-07-18 14:10:00,8.2039,9.788,0.0017999999999998907
EWR-1,7/18/2025,02:20:00 pm,0,2025-07-18 14:20:00,8.2025,9.806,0.0019000000000000128
EWR-1,7/18/2025,02:30:00 pm,0,2025-07-18 14:30:00,8.2012,9.825,0.0018000000000000683
EWR-1,7/18/2025,02:40:00 pm,0,2025-07-18 14:40:00,8.2,9.843,0.001699999999999946
EWR-1,7/18/2025,02:50:00 pm,0,2025-07-18 14:50:00,8.1984,9.86,0.0017000000000001237
EWR-1,7/18/2025,03:00:00 pm,0,2025-07-18 15:00:00,8.1973,9.877,0.001699999999999946
EWR-1,7/18/2025,03:10:00 pm,0,2025-07-18 15:10:00,8.196,9.894,0.001699999999999946
EWR-1,7/18/2025,03:20:00 pm,0,2025-07-18 15:20:00,8.1945,9.911,0.0016000000000000014
EWR-1,7/18/2025,03:30:00 pm,0,2025-07-18 15:30:00,8.1934,9.927,0.0016000000000000014
EWR-1,7/18/2025,03:40:00 pm,0,2025-07-18 15:40:00,8.1918,9.943,0.0016000000000000014
EWR-1,7/18/2025,03:50:00 pm,0,2025-07-18 15:50:00,8.1904,9.959,0.0017000000000001237
EWR-1,7/18/2025,04:00:00 pm,0,2025-07-18 16:00:00,8.1888,9.976,0.0016000000000000014
EWR-1,7/18/2025,04:10:00 pm,0,2025-07-18 16:10:00,8.1871,9.992,0.0014999999999998793
EWR-1,7/18/2025,04:20:00 pm,0,2025-07-18 16:20:00,8.1855,10.007,0.0015000000000000568
EWR-1,7/18/2025,04:30:00 pm,0,2025-07-18 16:30:00,8.1843,10.022,0.0016000000000000014
EWR-1,7/18/2025,04:40:00 pm,0,2025-07-18 16:40:00,8.1829,10.038,0.0016000000000000014
EWR-1,7/18/2025,04:50:00 pm,0,2025-07-18 16:50:00,8.1814,10.054,0.0016000000000000014
EWR-1,7/18/2025,05:00:00 pm,0,2025-07-18 17:00:00,8.1802,10.07,0.0016000000000000014
EWR-1,7/18/2025,05:10:00 pm,0,2025-07-18 17:10:00,8.1785,10.086,0.0015000000000000568
EWR-1,7/18/2025,05:20:00 pm,0,2025-07-18 17:20:00,8.18,10.101,0.0014999999999998793
EWR-1,7/18/2025,05:30:00 pm,0,2025-07-18 17:30:00,8.1785,10.116,0.0015000000000000568
EWR-1,7/18/2025,05:40:00 pm,0,2025-07-18 17:40:00,8.1768,10.131,0.00129999999999999
EWR-1,7/18/2025,05:50:00 pm,0,2025-07-18 17:50:00,8.1751,10.144,0.00129999999999999
EWR-1,7/18/2025,06:00:00 pm,0,2025-07-18 18:00:00,8.1733,10.157,0.0012000000000000454
EWR-1,7/18/2025,06:10:00 pm,0,2025-07-18 18:10:00,8.172,10.169,0.0009999999999999788
EWR-1,7/18/2025,06:20:00 pm,0,2025-07-18 18:20:00,8.1702,10.179,0.0012000000000000454
EWR-1,7/18/2025,06:30:00 pm,0,2025-07-18 18:30:00,8.1689,10.191,0.0009999999999999788
EWR-1,7/18/2025,06:40:00 pm,0,2025-07-18 18:40:00,8.167,10.201,0.0009000000000000341
EWR-1,7/18/2025,06:50:00 pm,0,2025-07-18 18:50:00,8.1653,10.21,0.0007999999999999119
EWR-1,7/18/2025,07:00:00 pm,0,2025-07-18 19:00:00,8.1642,10.218,0.0006999999999999674
EWR-1,7/18/2025,07:10:00 pm,0,2025-07-18 19:10:00,8.1627,10.225,0.0006000000000000227
EWR-1,7/18/2025,07:20:00 pm,0,2025-07-18 19:20:00,8.1615,10.231,0.00039999999999995595
EWR-1,7/18/2025,07:30:00 pm,0,2025-07-18 19:30:00,8.1603,10.235,0.0002000000000000668
EWR-1,7/18/2025,07:40:00 pm,0,2025-07-18 19:40:00,8.1591,10.237,9.999999999994457e-05
EWR-1,7/18/2025,07:50:00 pm,0,2025-07-18 19:50:00,8.158,10.238,0.0
EWR-1,7/18/2025,08:00:00 pm,0,2025-07-18 20:00:00,8.157,10.238,0.00019999999999988915
EWR-1,7/18/2025,08:10:00 pm,0,2025-07-18 20:10:00,8.156,10.236,0.0002000000000000668
EWR-1,7/18/2025,08:20:00 pm,0,2025-07-18 20:20:00,8.1554,10.234,0.00039999999999995595
EWR-1,7/18/2025,08:30:00 pm,0,2025-07-18 20:30:00,8.1544,10.23,0.00039999999999995595
EWR-1,7/18/2025,08:40:00 pm,0,2025-07-18 20:40:00,8.1538,10.226,0.0004000000000001336
EWR-1,7/18/2025,08:50:00 pm,0,2025-07-18 20:50:00,8.153,10.222,0.0006000000000000227
EWR-1,7/18/2025,09:00:00 pm,0,2025-07-18 21:00:00,8.1526,10.216,0.0005999999999998451
EWR-1,7/18/2025,09:10:00 pm,0,2025-07-18 21:10:00,8.1518,10.21,0.0008000000000000895
EWR-1,7/18/2025,09:20:00 pm,0,2025-07-18 21:20:00,8.1518,10.202,0.0009000000000000341
EWR-1,7/18/2025,09:30:00 pm,0,2025-07-18 21:30:00,8.1512,10.193,0.0009000000000000341
EWR-1,7/18/2025,09:40:00 pm,0,2025-07-18 21:40:00,8.1509,10.184,0.0010999999999999233
EWR-1,7/18/2025,09:50:00 pm,0,2025-07-18 21:50:00,8.1512,10.173,0.0010999999999999233
EWR-1,7/18/2025,10:00:00 pm,0,2025-07-18 22:00:00,8.1511,10.162,0.0012000000000000454
EWR-1,7/18/2025,10:10:00 pm,0,2025-07-18 22:10:00,8.1513,10.15,0.0014000000000001123
EWR-1,7/18/2025,10:20:00 pm,0,2025-07-18 22:20:00,8.1515,10.136,0.0013999999999999347
EWR-1,7/18/2025,10:30:00 pm,0,2025-07-18 22:30:00,8.1519,10.122,0.00129999999999999
EWR-1,7/18/2025,10:40:00 pm,0,2025-07-18 22:40:00,8.1518,10.109,0.0013999999999999347
EWR-1,7/18/2025,10:50:00 pm,0,2025-07-18 22:50:00,8.1525,10.095,0.00129999999999999
EWR-1,7/18/2025,11:00:00 pm,0,2025-07-18 23:00:00,8.1528,10.082,0.00129999999999999
EWR-1,7/18/2025,11:10:00 pm,0,2025-07-18 23:10:00,8.1535,10.069,0.0012000000000000454
EWR-1,7/18/2025,11:20:00 pm,0,2025-07-18 23:20:00,8.1543,10.057,0.00129999999999999
EWR-1,7/18/2025,11:30:00 pm,0,2025-07-18 23:30:00,8.155,10.044,0.0012000000000000454
EWR-1,7/18/2025,11:40:00 pm,0,2025-07-18 23:40:00,8.156,10.032,0.00129999999999999
EWR-1,7/18/2025,11:50:00 pm,0,2025-07-18 23:50:00,8.1571,10.019,0.0012000000000000454
EWR-1,7/19/2025,12:00:00 am,0,2025-07-19 00:00:00,8.1581,10.007,0.0012000000000000454
EWR-1,7/19/2025,12:10:00 am,0,2025-07-19 00:10:00,8.1591,9.995,0.0011999999999998678
EWR-1,7/19/2025,12:20:00 am,0,2025-07-19 00:20:00,8.1604,9.983,0.0012000000000000454
EWR-1,7/19/2025,12:30:00 am,0,2025-07-19 00:30:00,8.1614,9.971,0.0012000000000000454
EWR-1,7/19/2025,12:40:00 am,0,2025-07-19 00:40:00,8.1628,9.959,0.00129999999999999
EWR-1,7/19/2025,12:50:00 am,0,2025-07-19 00:50:00,8.1639,9.946,0.0012000000000000454
EWR-1,7/19/2025,01:00:00 am,0,2025-07-19 01:00:00,8.1652,9.934,0.00129999999999999
EWR-1,7/19/2025,01:10:00 am,0,2025-07-19 01:10:00,8.1665,9.921,0.0011999999999998678
EWR-1,7/19/2025,01:20:00 am,0,2025-07-19 01:20:00,8.1678,9.909,0.0012000000000000454
EWR-1,7/19/2025,01:30:00 am,0,2025-07-19 01:30:00,8.1691,9.897,0.00129999999999999
EWR-1,7/19/2025,01:40:00 am,0,2025-07-19 01:40:00,8.1705,9.884,0.00129999999999999
EWR-1,7/19/2025,01:50:00 am,0,2025-07-19 01:50:00,8.1716,9.871,0.00129999999999999
EWR-1,7/19/2025,02:00:00 am,0,2025-07-19 02:00:00,8.173,9.858,0.00129999999999999
EWR-1,7/19/2025,02:10:00 am,0,2025-07-19 02:10:00,8.1744,9.845,0.00129999999999999
EWR-1,7/19/2025,02:20:00 am,0,2025-07-19 02:20:00,8.1762,9.832,0.0015000000000000568
EWR-1,7/19/2025,02:30:00 am,0,2025-07-19 02:30:00,8.1771,9.817,0.00129999999999999
EWR-1,7/19/2025,02:40:00 am,0,2025-07-19 02:40:00,8.1784,9.804,0.0014000000000001123
EWR-1,7/19/2025,02:50:00 am,0,2025-07-19 02:50:00,8.1796,9.79,0.0013999999999999347
EWR-1,7/19/2025,03:00:00 am,0,2025-07-19 03:00:00,8.1808,9.776,0.00129999999999999
EWR-1,7/19/2025,03:10:00 am,0,2025-07-19 03:10:00,8.1824,9.763,0.0013999999999999347
EWR-1,7/19/2025,03:20:00 am,0,2025-07-19 03:20:00,8.1839,9.749,0.0014000000000001123
EWR-1,7/19/2025,03:30:00 am,0,2025-07-19 03:30:00,8.185,9.735,0.0013999999999999347
EWR-1,7/19/2025,03:40:00 am,0,2025-07-19 03:40:00,8.1864,9.721,0.0013999999999999347
EWR-1,7/19/2025,03:50:00 am,0,2025-07-19 03:50:00,8.1876,9.707,0.00129999999999999
EWR-1,7/19/2025,04:00:00 am,0,2025-07-19 04:00:00,8.1888,9.694,0.0014000000000001123
EWR-1,7/19/2025,04:10:00 am,0,2025-07-19 04:10:00,8.19,9.68,0.00129999999999999
EWR-1,7/19/2025,04:20:00 am,0,2025-07-19 04:20:00,8.1912,9.667,0.0015000000000000568
EWR-1,7/19/2025,04:30:00 am,0,2025-07-19 04:30:00,8.1923,9.652,0.0013999999999999347
EWR-1,7/19/2025,04:40:00 am,0,2025-07-19 04:40:00,8.1935,9.638,0.0015000000000000568
EWR-1,7/19/2025,04:50:00 am,0,2025-07-19 04:50:00,8.1949,9.623,0.00129999999999999
EWR-1,7/19/2025,05:00:00 am,0,2025-07-19 05:00:00,8.1961,9.61,0.0014999999999998793
EWR-1,7/19/2025,05:10:00 am,0,2025-07-19 05:10:00,8.1977,9.595,0.0014000000000001123
EWR-1,7/19/2025,05:20:00 am,0,2025-07-19 05:20:00,8.1988,9.581,0.0013999999999999347
EWR-1,7/19/2025,05:30:00 am,0,2025-07-19 05:30:00,8.2001,9.567,0.0015000000000000568
EWR-1,7/19/2025,05:40:00 am,0,2025-07-19 05:40:00,8.2011,9.552,0.0013999999999999347
EWR-1,7/19/2025,05:50:00 am,0,2025-07-19 05:50:00,8.2027,9.538,0.0015000000000000568
EWR-1,7/19/2025,06:00:00 am,0,2025-07-19 06:00:00,8.2042,9.523,0.0013999999999999347
EWR-1,7/19/2025,06:10:00 am,0,2025-07-19 06:10:00,8.2052,9.509,0.00129999999999999
EWR-1,7/19/2025,06:20:00 am,0,2025-07-19 06:20:00,8.2065,9.496,0.00129999999999999
EWR-1,7/19/2025,06:30:00 am,0,2025-07-19 06:30:00,8.2078,9.483,0.00129999999999999
EWR-1,7/19/2025,06:40:00 am,0,2025-07-19 06:40:00,8.209,9.47,0.00129999999999999
EWR-1,7/19/2025,06:50:00 am,0,2025-07-19 06:50:00,8.2104,9.457,0.0010000000000001564
EWR-1,7/19/2025,07:00:00 am,0,2025-07-19 07:00:00,8.2122,9.447,0.0010999999999999233
EWR-1,7/19/2025,07:10:00 am,0,2025-07-19 07:10:00,8.2134,9.436,0.0010999999999999233
EWR-1,7/19/2025,07:20:00 am,0,2025-07-19 07:20:00,8.2148,9.425,0.0010000000000001564
EWR-1,7/19/2025,07:30:00 am,0,2025-07-19 07:30:00,8.2163,9.415,0.0008999999999998564
EWR-1,7/19/2025,07:40:00 am,0,2025-07-19 07:40:00,8.2173,9.406,0.0009000000000000341
EWR-1,7/19/2025,07:50:00 am,0,2025-07-19 07:50:00,8.2188,9.397,0.0009000000000000341
EWR-1,7/19/2025,08:00:00 am,0,2025-07-19 08:00:00,8.2199,9.388,0.0002000000000000668
EWR-1,7/19/2025,08:10:00 am,0,2025-07-19 08:10:00,8.2216,9.386,0.0008999999999998564
EWR-1,7/19/2025,08:20:00 am,0,2025-07-19 08:20:00,8.223,9.377,0.0006000000000000227
EWR-1,7/19/2025,08:30:00 am,0,2025-07-19 08:30:00,8.224,9.371,0.00030000000000001136
EWR-1,7/19/2025,08:40:00 am,0,2025-07-19 08:40:00,8.2252,9.368,0.0
EWR-1,7/19/2025,08:50:00 am,0,2025-07-19 08:50:00,8.2269,9.368,0.00019999999999988915
EWR-1,7/19/2025,09:00:00 am,0,2025-07-19 09:00:00,8.2279,9.37,0.00010000000000012221
EWR-1,7/19/2025,09:10:00 am,0,2025-07-19 09:10:00,8.2291,9.371,0.00019999999999988915
EWR-1,7/19/2025,09:20:00 am,0,2025-07-19 09:20:00,8.2295,9.373,0.0002000000000000668
EWR-1,7/19/2025,09:30:00 am,0,2025-07-19 09:30:00,8.2298,9.375,0.0002000000000000668
EWR-1,7/19/2025,09:40:00 am,0,2025-07-19 09:40:00,8.2292,9.377,0.00039999999999995595
EWR-1,7/19/2025,09:50:00 am,0,2025-07-19 09:50:00,8.2299,9.381,0.00039999999999995595
EWR-1,7/19/2025,10:00:00 am,0,2025-07-19 10:00:00,8.2301,9.385,0.00039999999999995595
EWR-1,7/19/2025,10:10:00 am,0,2025-07-19 10:10:00,8.2307,9.389,0.0005000000000000782
EWR-1,7/19/2025,10:20:00 am,0,2025-07-19 10:20:00,8.2308,9.394,0.0004999999999999005
EWR-1,7/19/2025,10:30:00 am,0,2025-07-19 10:30:00,8.2304,9.399,0.0006000000000000227
EWR-1,7/19/2025,10:40:00 am,0,2025-07-19 10:40:00,8.2301,9.405,0.0006000000000000227
EWR-1,7/19/2025,10:50:00 am,0,2025-07-19 10:50:00,8.2295,9.411,0.0006000000000000227
EWR-1,7/19/2025,11:00:00 am,0,2025-07-19 11:00:00,8.2291,9.417,0.0008000000000000895
EWR-1,7/19/2025,11:10:00 am,0,2025-07-19 11:10:00,8.2284,9.425,0.0007999999999999119
EWR-1,7/19/2025,11:20:00 am,0,2025-07-19 11:20:00,8.2277,9.433,0.0009999999999999788
EWR-1,7/19/2025,11:30:00 am,0,2025-07-19 11:30:00,8.2264,9.443,0.001100000000000101
EWR-1,7/19/2025,11:40:00 am,0,2025-07-19 11:40:00,8.2253,9.454,0.00129999999999999
EWR-1,7/19/2025,11:50:00 am,0,2025-07-19 11:50:00,8.2247,9.467,0.0013999999999999347
EWR-1,7/19/2025,12:00:00 pm,0,2025-07-19 12:00:00,8.2232,9.481,0.0013999999999999347
EWR-1,7/19/2025,12:10:00 pm,0,2025-07-19 12:10:00,8.222,9.495,0.0015000000000000568
EWR-1,7/19/2025,12:20:00 pm,0,2025-07-19 12:20:00,8.2211,9.51,0.0016000000000000014
EWR-1,7/19/2025,12:30:00 pm,0,2025-07-19 12:30:00,8.2198,9.526,0.0015000000000000568
EWR-1,7/19/2025,12:40:00 pm,0,2025-07-19 12:40:00,8.2188,9.541,0.001699999999999946
EWR-1,7/19/2025,12:50:00 pm,0,2025-07-19 12:50:00,8.2175,9.558,0.0016000000000000014
EWR-1,7/19/2025,01:00:00 pm,0,2025-07-19 13:00:00,8.2163,9.574,0.001699999999999946
EWR-1,7/19/2025,01:10:00 pm,0,2025-07-19 13:10:00,8.2153,9.591,0.0018000000000000683
EWR-1,7/19/2025,01:20:00 pm,0,2025-07-19 13:20:00,8.2139,9.609,0.0021000000000000797
EWR-1,7/19/2025,01:30:00 pm,0,2025-07-19 13:30:00,8.2124,9.63,0.0017999999999998907
EWR-1,7/19/2025,01:40:00 pm,0,2025-07-19 13:40:00,8.211,9.648,0.0019999999999999575
EWR-1,7/19/2025,01:50:00 pm,0,2025-07-19 13:50:00,8.2098,9.668,0.0018000000000000683
EWR-1,7/19/2025,02:00:00 pm,0,2025-07-19 14:00:00,8.2081,9.686,0.0018000000000000683
EWR-1,7/19/2025,02:10:00 pm,0,2025-07-19 14:10:00,8.207,9.704,0.0019000000000000128
EWR-1,7/19/2025,02:20:00 pm,0,2025-07-19 14:20:00,8.2056,9.723,0.0019000000000000128
EWR-1,7/19/2025,02:30:00 pm,0,2025-07-19 14:30:00,8.204,9.742,0.0017999999999998907
EWR-1,7/19/2025,02:40:00 pm,0,2025-07-19 14:40:00,8.2024,9.76,0.0018000000000000683
EWR-1,7/19/2025,02:50:00 pm,0,2025-07-19 14:50:00,8.201,9.778,0.001699999999999946
EWR-1,7/19/2025,03:00:00 pm,0,2025-07-19 15:00:00,8.1996,9.795,0.0018000000000000683
EWR-1,7/19/2025,03:10:00 pm,0,2025-07-19 15:10:00,8.198,9.813,0.0016000000000000014
EWR-1,7/19/2025,03:20:00 pm,0,2025-07-19 15:20:00,8.1964,9.829,0.001699999999999946
EWR-1,7/19/2025,03:30:00 pm,0,2025-07-19 15:30:00,8.1946,9.846,0.001699999999999946
EWR-1,7/19/2025,03:40:00 pm,0,2025-07-19 15:40:00,8.1931,9.863,0.0017000000000001237
EWR-1,7/19/2025,03:50:00 pm,0,2025-07-19 15:50:00,8.1911,9.88,0.001699999999999946
EWR-1,7/19/2025,04:00:00 pm,0,2025-07-19 16:00:00,8.1894,9.897,0.0015000000000000568
EWR-1,7/19/2025,04:10:00 pm,0,2025-07-19 16:10:00,8.1881,9.912,0.0016000000000000014
EWR-1,7/19/2025,04:20:00 pm,0,2025-07-19 16:20:00,8.1859,9.928,0.0016000000000000014
EWR-1,7/19/2025,04:30:00 pm,0,2025-07-19 16:30:00,8.1846,9.944,0.0016000000000000014
EWR-1,7/19/2025,04:40:00 pm,0,2025-07-19 16:40:00,8.1822,9.96,0.0016000000000000014
EWR-1,7/19/2025,04:50:00 pm,0,2025-07-19 16:50:00,8.1806,9.976,0.0016000000000000014
EWR-1,7/19/2025,05:00:00 pm,0,2025-07-19 17:00:00,8.1791,9.992,0.0014999999999998793
EWR-1,7/19/2025,05:10:00 pm,0,2025-07-19 17:10:00,8.1806,10.007,0.0016000000000000014
EWR-1,7/19/2025,05:20:00 pm,0,2025-07-19 17:20:00,8.1786,10.023,0.0015000000000000568
EWR-1,7/19/2025,05:30:00 pm,0,2025-07-19 17:30:00,8.1765,10.038,0.0013999999999999347
EWR-1,7/19/2025,05:40:00 pm,0,2025-07-19 17:40:00,8.1748,10.052,0.0014000000000001123
EWR-1,7/19/2025,05:50:00 pm,0,2025-07-19 17:50:00,8.1729,10.066,0.0013999999999999347
EWR-1,7/19/2025,06:00:00 pm,0,2025-07-19 18:00:00,8.1711,10.08,0.0012000000000000454
EWR-1,7/19/2025,06:10:00 pm,0,2025-07-19 18:10:00,8.1692,10.092,0.0010999999999999233
EWR-1,7/19/2025,06:20:00 pm,0,2025-07-19 18:20:00,8.1671,10.103,0.00129999999999999
EWR-1,7/19/2025,06:30:00 pm,0,2025-07-19 18:30:00,8.1656,10.116,0.001100000000000101
EWR-1,7/19/2025,06:40:00 pm,0,2025-07-19 18:40:00,8.1639,10.127,0.0009999999999999788
EWR-1,7/19/2025,06:50:00 pm,0,2025-07-19 18:50:00,8.1619,10.137,0.0009999999999999788
EWR-1,7/19/2025,07:00:00 pm,0,2025-07-19 19:00:00,8.1604,10.147,0.0007999999999999119
EWR-1,7/19/2025,07:10:00 pm,0,2025-07-19 19:10:00,8.1587,10.155,0.0008000000000000895
EWR-1,7/19/2025,07:20:00 pm,0,2025-07-19 19:20:00,8.1569,10.163,0.0004999999999999005
EWR-1,7/19/2025,07:30:00 pm,0,2025-07-19 19:30:00,8.1556,10.168,0.0005000000000000782
EWR-1,7/19/2025,07:40:00 pm,0,2025-07-19 19:40:00,8.1544,10.173,0.00030000000000001136
EWR-1,7/19/2025,07:50:00 pm,0,2025-07-19 19:50:00,8.1528,10.176,0.0002000000000000668
EWR-1,7/19/2025,08:00:00 pm,0,2025-07-19 20:00:00,8.1514,10.178,9.999999999994457e-05
EWR-1,7/19/2025,08:10:00 pm,0,2025-07-19 20:10:00,8.1503,10.179,0.0
EWR-1,7/19/2025,08:20:00 pm,0,2025-07-19 20:20:00,8.1492,10.179,0.0
EWR-1,7/19/2025,08:30:00 pm,0,2025-07-19 20:30:00,8.1479,10.179,9.999999999994457e-05
EWR-1,7/19/2025,08:40:00 pm,0,2025-07-19 20:40:00,8.1473,10.178,0.00030000000000001136
EWR-1,7/19/2025,08:50:00 pm,0,2025-07-19 20:50:00,8.1462,10.175,0.00030000000000001136
EWR-1,7/19/2025,09:00:00 pm,0,2025-07-19 21:00:00,8.1452,10.172,0.0004000000000001336
EWR-1,7/19/2025,09:10:00 pm,0,2025-07-19 21:10:00,8.1448,10.168,0.0004999999999999005
EWR-1,7/19/2025,09:20:00 pm,0,2025-07-19 21:20:00,8.1444,10.163,0.0005000000000000782
EWR-1,7/19/2025,09:30:00 pm,0,2025-07-19 21:30:00,8.1433,10.158,0.0006999999999999674
EWR-1,7/19/2025,09:40:00 pm,0,2025-07-19 21:40:00,8.1428,10.151,0.0006999999999999674
EWR-1,7/19/2025,09:50:00 pm,0,2025-07-19 21:50:00,8.1425,10.144,0.0008000000000000895
EWR-1,7/19/2025,10:00:00 pm,0,2025-07-19 22:00:00,8.1421,10.136,0.0008999999999998564
EWR-1,7/19/2025,10:10:00 pm,0,2025-07-19 22:10:00,8.1417,10.127,0.0009999999999999788
EWR-1,7/19/2025,10:20:00 pm,0,2025-07-19 22:20:00,8.1415,10.117,0.0010000000000001564
EWR-1,7/19/2025,10:30:00 pm,0,2025-07-19 22:30:00,8.1415,10.107,0.0010999999999999233
EWR-1,7/19/2025,10:40:00 pm,0,2025-07-19 22:40:00,8.1412,10.096,0.0010999999999999233
EWR-1,7/19/2025,10:50:00 pm,0,2025-07-19 22:50:00,8.1411,10.085,0.0010000000000001564
EWR-1,7/19/2025,11:00:00 pm,0,2025-07-19 23:00:00,8.1411,10.075,0.0009999999999999788
EWR-1,7/19/2025,11:10:00 pm,0,2025-07-19 23:10:00,8.1411,10.065,0.0009000000000000341
EWR-1,7/19/2025,11:20:00 pm,0,2025-07-19 23:20:00,8.1417,10.056,0.0009999999999999788
EWR-1,7/19/2025,11:30:00 pm,0,2025-07-19 23:30:00,8.1424,10.046,0.0009999999999999788
EWR-1,7/19/2025,11:40:00 pm,0,2025-07-19 23:40:00,8.1426,10.036,0.0009999999999999788
EWR-1,7/19/2025,11:50:00 pm,0,2025-07-19 23:50:00,8.1432,10.026,0.0012000000000000454
EWR-1,7/20/2025,12:00:00 am,0,2025-07-20 00:00:00,8.1435,10.014,0.0011999999999998678
EWR-1,7/20/2025,12:10:00 am,0,2025-07-20 00:10:00,8.1444,10.002,0.0012000000000000454
EWR-1,7/20/2025,12:20:00 am,0,2025-07-20 00:20:00,8.1452,9.99,0.0012000000000000454
EWR-1,7/20/2025,12:30:00 am,0,2025-07-20 00:30:00,8.1458,9.978,0.0012000000000000454
EWR-1,7/20/2025,12:40:00 am,0,2025-07-20 00:40:00,8.1469,9.966,0.00129999999999999
EWR-1,7/20/2025,12:50:00 am,0,2025-07-20 00:50:00,8.1477,9.953,0.0013999999999999347
EWR-1,7/20/2025,01:00:00 am,0,2025-07-20 01:00:00,8.1487,9.939,0.00129999999999999
EWR-1,7/20/2025,01:10:00 am,0,2025-07-20 01:10:00,8.1495,9.926,0.00129999999999999
EWR-1,7/20/2025,01:20:00 am,0,2025-07-20 01:20:00,8.1508,9.913,0.00129999999999999
EWR-1,7/20/2025,01:30:00 am,0,2025-07-20 01:30:00,8.1518,9.9,0.0014000000000001123
EWR-1,7/20/2025,01:40:00 am,0,2025-07-20 01:40:00,8.1531,9.886,0.00129999999999999
EWR-1,7/20/2025,01:50:00 am,0,2025-07-20 01:50:00,8.1543,9.873,0.00129999999999999
EWR-1,7/20/2025,02:00:00 am,0,2025-07-20 02:00:00,8.1556,9.86,0.00129999999999999
EWR-1,7/20/2025,02:10:00 am,0,2025-07-20 02:10:00,8.1568,9.847,0.0013999999999999347
EWR-1,7/20/2025,02:20:00 am,0,2025-07-20 02:20:00,8.1581,9.833,0.0013999999999999347
EWR-1,7/20/2025,02:30:00 am,0,2025-07-20 02:30:00,8.1591,9.819,0.0013000000000001678
EWR-1,7/20/2025,02:40:00 am,0,2025-07-20 02:40:00,8.1604,9.806,0.0013999999999999347
EWR-1,7/20/2025,02:50:00 am,0,2025-07-20 02:50:00,8.1616,9.792,0.0013999999999999347
EWR-1,7/20/2025,03:00:00 am,0,2025-07-20 03:00:00,8.1628,9.778,0.0014000000000001123
EWR-1,7/20/2025,03:10:00 am,0,2025-07-20 03:10:00,8.164,9.764,0.0014999999999998793
EWR-1,7/20/2025,03:20:00 am,0,2025-07-20 03:20:00,8.1655,9.749,0.0018000000000000683
EWR-1,7/20/2025,03:30:00 am,0,2025-07-20 03:30:00,8.1666,9.731,0.0016000000000000014
EWR-1,7/20/2025,03:40:00 am,0,2025-07-20 03:40:00,8.1679,9.715,0.0013999999999999347
EWR-1,7/20/2025,03:50:00 am,0,2025-07-20 03:50:00,8.1692,9.701,0.0015000000000000568
EWR-1,7/20/2025,04:00:00 am,0,2025-07-20 04:00:00,8.17,9.686,0.0015000000000000568
EWR-1,7/20/2025,04:10:00 am,0,2025-07-20 04:10:00,8.1709,9.671,0.0013999999999999347
EWR-1,7/20/2025,04:20:00 am,0,2025-07-20 04:20:00,8.1726,9.657,0.0015000000000000568
EWR-1,7/20/2025,04:30:00 am,0,2025-07-20 04:30:00,8.1735,9.642,0.0014999999999998793
EWR-1,7/20/2025,04:40:00 am,0,2025-07-20 04:40:00,8.1749,9.627,0.0015000000000000568
EWR-1,7/20/2025,04:50:00 am,0,2025-07-20 04:50:00,8.1761,9.612,0.0015000000000000568
EWR-1,7/20/2025,05:00:00 am,0,2025-07-20 05:00:00,8.1775,9.597,0.0016000000000000014
EWR-1,7/20/2025,05:10:00 am,0,2025-07-20 05:10:00,8.178,9.581,0.0014999999999998793
EWR-1,7/20/2025,05:20:00 am,0,2025-07-20 05:20:00,8.1792,9.566,0.0016000000000000014
EWR-1,7/20/2025,05:30:00 am,0,2025-07-20 05:30:00,8.1804,9.55,0.0016000000000000014
EWR-1,7/20/2025,05:40:00 am,0,2025-07-20 05:40:00,8.1815,9.534,0.0016000000000000014
EWR-1,7/20/2025,05:50:00 am,0,2025-07-20 05:50:00,8.1826,9.518,0.0015000000000000568
EWR-1,7/20/2025,06:00:00 am,0,2025-07-20 06:00:00,8.1838,9.503,0.0013999999999999347
EWR-1,7/20/2025,06:10:00 am,0,2025-07-20 06:10:00,8.1849,9.489,0.0015000000000000568
EWR-1,7/20/2025,06:20:00 am,0,2025-07-20 06:20:00,8.1861,9.474,0.0015000000000000568
EWR-1,7/20/2025,06:30:00 am,0,2025-07-20 06:30:00,8.1868,9.459,0.00129999999999999
EWR-1,7/20/2025,06:40:00 am,0,2025-07-20 06:40:00,8.188,9.446,0.0012000000000000454
EWR-1,7/20/2025,06:50:00 am,0,2025-07-20 06:50:00,8.1889,9.434,0.0011999999999998678
EWR-1,7/20/2025,07:00:00 am,0,2025-07-20 07:00:00,8.1905,9.422,0.0012000000000000454
EWR-1,7/20/2025,07:10:00 am,0,2025-07-20 07:10:00,8.1913,9.41,0.0012000000000000454
EWR-1,7/20/2025,07:20:00 am,0,2025-07-20 07:20:00,8.1926,9.398,0.0010999999999999233
EWR-1,7/20/2025,07:30:00 am,0,2025-07-20 07:30:00,8.1936,9.387,0.001100000000000101
EWR-1,7/20/2025,07:40:00 am,0,2025-07-20 07:40:00,8.1946,9.376,0.0009999999999999788
EWR-1,7/20/2025,07:50:00 am,0,2025-07-20 07:50:00,8.1961,9.366,0.0009999999999999788
EWR-1,7/20/2025,08:00:00 am,0,2025-07-20 08:00:00,8.1969,9.356,0.0009999999999999788
EWR-1,7/20/2025,08:10:00 am,0,2025-07-20 08:10:00,8.1979,9.346,0.0008000000000000895
EWR-1,7/20/2025,08:20:00 am,0,2025-07-20 08:20:00,8.1992,9.338,0.0005999999999998451
EWR-1,7/20/2025,08:30:00 am,0,2025-07-20 08:30:00,8.2004,9.332,0.0002000000000000668
EWR-1,7/20/2025,08:40:00 am,0,2025-07-20 08:40:00,8.2012,9.33,9.999999999994457e-05
EWR-1,7/20/2025,08:50:00 am,0,2025-07-20 08:50:00,8.2026,9.331,0.0002000000000000668
EWR-1,7/20/2025,09:00:00 am,0,2025-07-20 09:00:00,8.2038,9.333,0.00030000000000001136
EWR-1,7/20/2025,09:10:00 am,0,2025-07-20 09:10:00,8.2051,9.336,0.00030000000000001136
EWR-1,7/20/2025,09:20:00 am,0,2025-07-20 09:20:00,8.2058,9.339,0.00019999999999988915
EWR-1,7/20/2025,09:30:00 am,0,2025-07-20 09:30:00,8.2064,9.341,0.00030000000000001136
EWR-1,7/20/2025,09:40:00 am,0,2025-07-20 09:40:00,8.2068,9.344,0.00030000000000001136
EWR-1,7/20/2025,09:50:00 am,0,2025-07-20 09:50:00,8.207,9.347,0.0004000000000001336
EWR-1,7/20/2025,10:00:00 am,0,2025-07-20 10:00:00,8.2069,9.351,0.00039999999999995595
EWR-1,7/20/2025,10:10:00 am,0,2025-07-20 10:10:00,8.2071,9.355,0.00039999999999995595
EWR-1,7/20/2025,10:20:00 am,0,2025-07-20 10:20:00,8.2064,9.359,0.0006000000000000227
EWR-1,7/20/2025,10:30:00 am,0,2025-07-20 10:30:00,8.2059,9.365,0.0004999999999999005
EWR-1,7/20/2025,10:40:00 am,0,2025-07-20 10:40:00,8.2049,9.37,0.0005000000000000782
EWR-1,7/20/2025,10:50:00 am,0,2025-07-20 10:50:00,8.2042,9.375,0.0006999999999999674
EWR-1,7/20/2025,11:00:00 am,0,2025-07-20 11:00:00,8.2035,9.382,0.0006999999999999674
EWR-1,7/20/2025,11:10:00 am,0,2025-07-20 11:10:00,8.2026,9.389,0.0008000000000000895
EWR-1,7/20/2025,11:20:00 am,0,2025-07-20 11:20:00,8.2016,9.397,0.0010999999999999233
EWR-1,7/20/2025,11:30:00 am,0,2025-07-20 11:30:00,8.2008,9.408,0.0012000000000000454
EWR-1,7/20/2025,11:40:00 am,0,2025-07-20 11:40:00,8.2,9.42,0.00129999999999999
EWR-1,7/20/2025,11:50:00 am,0,2025-07-20 11:50:00,8.1989,9.433,0.0015000000000000568
EWR-1,7/20/2025,12:00:00 pm,0,2025-07-20 12:00:00,8.1979,9.448,0.0013999999999999347
EWR-1,7/20/2025,12:10:00 pm,0,2025-07-20 12:10:00,8.197,9.462,0.0016000000000000014
EWR-1,7/20/2025,12:20:00 pm,0,2025-07-20 12:20:00,8.1958,9.478,0.0015000000000000568
EWR-1,7/20/2025,12:30:00 pm,0,2025-07-20 12:30:00,8.1947,9.493,0.0016000000000000014
EWR-1,7/20/2025,12:40:00 pm,0,2025-07-20 12:40:00,8.1934,9.509,0.0014999999999998793
EWR-1,7/20/2025,12:50:00 pm,0,2025-07-20 12:50:00,8.1922,9.524,0.0015000000000000568
EWR-1,7/20/2025,01:00:00 pm,0,2025-07-20 13:00:00,8.1907,9.539,0.001699999999999946
EWR-1,7/20/2025,01:10:00 pm,0,2025-07-20 13:10:00,8.1895,9.556,0.0019000000000000128
EWR-1,7/20/2025,01:20:00 pm,0,2025-07-20 13:20:00,8.1884,9.575,0.002000000000000135
EWR-1,7/20/2025,01:30:00 pm,0,2025-07-20 13:30:00,8.1869,9.595,0.0019000000000000128
EWR-1,7/20/2025,01:40:00 pm,0,2025-07-20 13:40:00,8.1857,9.614,0.0019999999999999575
EWR-1,7/20/2025,01:50:00 pm,0,2025-07-20 13:50:00,8.1844,9.634,0.0017999999999998907
EWR-1,7/20/2025,02:00:00 pm,0,2025-07-20 14:00:00,8.183,9.652,0.0018000000000000683
EWR-1,7/20/2025,02:10:00 pm,0,2025-07-20 14:10:00,8.1812,9.67,0.001699999999999946
EWR-1,7/20/2025,02:20:00 pm,0,2025-07-20 14:20:00,8.1801,9.687,0.0018000000000000683
EWR-1,7/20/2025,02:30:00 pm,0,2025-07-20 14:30:00,8.1784,9.705,0.0019000000000000128
EWR-1,7/20/2025,02:40:00 pm,0,2025-07-20 14:40:00,8.1771,9.724,0.001699999999999946
EWR-1,7/20/2025,02:50:00 pm,0,2025-07-20 14:50:00,8.1753,9.741,0.001699999999999946
EWR-1,7/20/2025,03:00:00 pm,0,2025-07-20 15:00:00,8.1737,9.758,0.0016000000000000014
EWR-1,7/20/2025,03:10:00 pm,0,2025-07-20 15:10:00,8.1718,9.774,0.0017000000000001237
EWR-1,7/20/2025,03:20:00 pm,0,2025-07-20 15:20:00,8.1704,9.791,0.001699999999999946
EWR-1,7/20/2025,03:30:00 pm,0,2025-07-20 15:30:00,8.1686,9.808,0.0016000000000000014
EWR-1,7/20/2025,03:40:00 pm,0,2025-07-20 15:40:00,8.1672,9.824,0.0016000000000000014
EWR-1,7/20/2025,03:50:00 pm,0,2025-07-20 15:50:00,8.1658,9.84,0.001699999999999946
EWR-1,7/20/2025,04:00:00 pm,0,2025-07-20 16:00:00,8.1638,9.857,0.0015000000000000568
EWR-1,7/20/2025,04:10:00 pm,0,2025-07-20 16:10:00,8.1621,9.872,0.0016000000000000014
EWR-1,7/20/2025,04:20:00 pm,0,2025-07-20 16:20:00,8.1606,9.888,0.0016000000000000014
EWR-1,7/20/2025,04:30:00 pm,0,2025-07-20 16:30:00,8.1586,9.904,0.0015000000000000568
EWR-1,7/20/2025,04:40:00 pm,0,2025-07-20 16:40:00,8.1567,9.919,0.0014999999999998793
EWR-1,7/20/2025,04:50:00 pm,0,2025-07-20 16:50:00,8.155,9.934,0.0015000000000000568
EWR-1,7/20/2025,05:00:00 pm,0,2025-07-20 17:00:00,8.1531,9.949,0.0015000000000000568
EWR-1,7/20/2025,05:10:00 pm,0,2025-07-20 17:10:00,8.1551,9.964,0.0014999999999998793
EWR-1,7/20/2025,05:20:00 pm,0,2025-07-20 17:20:00,8.153,9.979,0.0014000000000001123
EWR-1,7/20/2025,05:30:00 pm,0,2025-07-20 17:30:00,8.1511,9.993,0.0013999999999999347
EWR-1,7/20/2025,05:40:00 pm,0,2025-07-20 17:40:00,8.1488,10.007,0.001100000000000101
EWR-1,7/20/2025,05:50:00 pm,0,2025-07-20 17:50:00,8.1468,10.018,0.0011999999999998678
EWR-1,7/20/2025,06:00:00 pm,0,2025-07-20 18:00:00,8.1454,10.03,0.0012000000000000454
EWR-1,7/20/2025,06:10:00 pm,0,2025-07-20 18:10:00,8.1432,10.042,0.001100000000000101
EWR-1,7/20/2025,06:20:00 pm,0,2025-07-20 18:20:00,8.1414,10.053,0.0009999999999999788
EWR-1,7/20/2025,06:30:00 pm,0,2025-07-20 18:30:00,8.1398,10.063,0.0008999999999998564
EWR-1,7/20/2025,06:40:00 pm,0,2025-07-20 18:40:00,8.1382,10.072,0.0008000000000000895
EWR-1,7/20/2025,06:50:00 pm,0,2025-07-20 18:50:00,8.1362,10.08,0.0007999999999999119
EWR-1,7/20/2025,07:00:00 pm,0,2025-07-20 19:00:00,8.1346,10.088,0.0006000000000000227
EWR-1,7/20/2025,07:10:00 pm,0,2025-07-20 19:10:00,8.1328,10.094,0.0004000000000001336
EWR-1,7/20/2025,07:20:00 pm,0,2025-07-20 19:20:00,8.1315,10.098,0.00039999999999995595
EWR-1,7/20/2025,07:30:00 pm,0,2025-07-20 19:30:00,8.1299,10.102,0.00019999999999988915
EWR-1,7/20/2025,07:40:00 pm,0,2025-07-20 19:40:00,8.1285,10.104,0.0
EWR-1,7/20/2025,07:50:00 pm,0,2025-07-20 19:50:00,8.1272,10.104,0.0
EWR-1,7/20/2025,08:00:00 pm,0,2025-07-20 20:00:00,8.1258,10.104,0.0
EWR-1,7/20/2025,08:10:00 pm,0,2025-07-20 20:10:00,8.1243,10.104,0.0002999999999998337
EWR-1,7/20/2025,08:20:00 pm,0,2025-07-20 20:20:00,8.1235,10.101,0.00030000000000001136
EWR-1,7/20/2025,08:30:00 pm,0,2025-07-20 20:30:00,8.1223,10.098,0.0005000000000000782
EWR-1,7/20/2025,08:40:00 pm,0,2025-07-20 20:40:00,8.1213,10.093,0.0006999999999999674
EWR-1,7/20/2025,08:50:00 pm,0,2025-07-20 20:50:00,8.1203,10.086,0.0009000000000000341
EWR-1,7/20/2025,09:00:00 pm,0,2025-07-20 21:00:00,8.1191,10.077,0.0009000000000000341
EWR-1,7/20/2025,09:10:00 pm,0,2025-07-20 21:10:00,8.1182,10.068,0.0012000000000000454
EWR-1,7/20/2025,09:20:00 pm,0,2025-07-20 21:20:00,8.1173,10.056,0.00129999999999999
EWR-1,7/20/2025,09:30:00 pm,0,2025-07-20 21:30:00,8.1167,10.043,0.0013999999999999347
EWR-1,7/20/2025,09:40:00 pm,0,2025-07-20 21:40:00,8.1164,10.029,0.00129999999999999
EWR-1,7/20/2025,09:50:00 pm,0,2025-07-20 21:50:00,8.1156,10.016,0.0013999999999999347
EWR-1,7/20/2025,10:00:00 pm,0,2025-07-20 22:00:00,8.1152,10.002,0.00129999999999999
EWR-1,7/20/2025,10:10:00 pm,0,2025-07-20 22:10:00,8.115,9.989,0.0012000000000000454
EWR-1,7/20/2025,10:20:00 pm,0,2025-07-20 22:20:00,8.1144,9.977,0.00129999999999999
EWR-1,7/20/2025,10:30:00 pm,0,2025-07-20 22:30:00,8.1144,9.964,0.0012000000000000454
EWR-1,7/20/2025,10:40:00 pm,0,2025-07-20 22:40:00,8.1146,9.952,0.0012000000000000454
EWR-1,7/20/2025,10:50:00 pm,0,2025-07-20 22:50:00,8.1145,9.94,0.0010999999999999233
EWR-1,7/20/2025,11:00:00 pm,0,2025-07-20 23:00:00,8.1149,9.929,0.0012000000000000454
EWR-1,7/20/2025,11:10:00 pm,0,2025-07-20 23:10:00,8.1147,9.917,0.0010999999999999233
EWR-1,7/20/2025,11:20:00 pm,0,2025-07-20 23:20:00,8.1151,9.906,0.0012000000000000454
EWR-1,7/20/2025,11:30:00 pm,0,2025-07-20 23:30:00,8.1155,9.894,0.0012000000000000454
EWR-1,7/20/2025,11:40:00 pm,0,2025-07-20 23:40:00,8.116,9.882,0.0012000000000000454
EWR-1,7/20/2025,11:50:00 pm,0,2025-07-20 23:50:00,8.1166,9.87,0.0011999999999998678
EWR-1,7/21/2025,12:00:00 am,0,2025-07-21 00:00:00,8.1171,9.858,0.001100000000000101
EWR-1,7/21/2025,12:10:00 am,0,2025-07-21 00:10:00,8.1176,9.847,0.0011999999999998678
EWR-1,7/21/2025,12:20:00 am,0,2025-07-21 00:20:00,8.1185,9.835,0.0013000000000001678
EWR-1,7/21/2025,12:30:00 am,0,2025-07-21 00:30:00,8.1188,9.822,0.0011999999999998678
EWR-1,7/21/2025,12:40:00 am,0,2025-07-21 00:40:00,8.1196,9.81,0.00129999999999999
EWR-1,7/21/2025,12:50:00 am,0,2025-07-21 00:50:00,8.1203,9.797,0.00129999999999999
EWR-1,7/21/2025,01:00:00 am,0,2025-07-21 01:00:00,8.1211,9.784,0.0012000000000000454
EWR-1,7/21/2025,01:10:00 am,0,2025-07-21 01:10:00,8.1217,9.772,0.0014000000000001123
EWR-1,7/21/2025,01:20:00 am,0,2025-07-21 01:20:00,8.1219,9.758,0.0013999999999999347
EWR-1,7/21/2025,01:30:00 am,0,2025-07-21 01:30:00,8.1231,9.744,0.0013999999999999347
EWR-1,7/21/2025,01:40:00 am,0,2025-07-21 01:40:00,8.1236,9.73,0.0014000000000001123
EWR-1,7/21/2025,01:50:00 am,0,2025-07-21 01:50:00,8.1245,9.716,0.00129999999999999
EWR-1,7/21/2025,02:00:00 am,0,2025-07-21 02:00:00,8.125,9.703,0.0013999999999999347
EWR-1,7/21/2025,02:10:00 am,0,2025-07-21 02:10:00,8.1256,9.689,0.0013999999999999347
EWR-1,7/21/2025,02:20:00 am,0,2025-07-21 02:20:00,8.1268,9.675,0.00129999999999999
EWR-1,7/21/2025,02:30:00 am,0,2025-07-21 02:30:00,8.1274,9.662,0.0014000000000001123
EWR-1,7/21/2025,02:40:00 am,0,2025-07-21 02:40:00,8.128,9.648,0.0013999999999999347
EWR-1,7/21/2025,02:50:00 am,0,2025-07-21 02:50:00,8.1289,9.634,0.0015000000000000568
EWR-1,7/21/2025,03:00:00 am,0,2025-07-21 03:00:00,8.1294,9.619,0.00129999999999999
EWR-1,7/21/2025,03:10:00 am,0,2025-07-21 03:10:00,8.1301,9.606,0.00129999999999999
EWR-1,7/21/2025,03:20:00 am,0,2025-07-21 03:20:00,8.1311,9.593,0.0013999999999999347
EWR-1,7/21/2025,03:30:00 am,0,2025-07-21 03:30:00,8.1319,9.579,0.0014000000000001123
EWR-1,7/21/2025,03:40:00 am,0,2025-07-21 03:40:00,8.1324,9.565,0.0014999999999998793
EWR-1,7/21/2025,03:50:00 am,0,2025-07-21 03:50:00,8.1334,9.55,0.0014000000000001123
EWR-1,7/21/2025,04:00:00 am,0,2025-07-21 04:00:00,8.1342,9.536,0.0013999999999999347
EWR-1,7/21/2025,04:10:00 am,0,2025-07-21 04:10:00,8.1349,9.522,0.0014000000000001123
EWR-1,7/21/2025,04:20:00 am,0,2025-07-21 04:20:00,8.1357,9.508,0.00129999999999999
EWR-1,7/21/2025,04:30:00 am,0,2025-07-21 04:30:00,8.1363,9.495,0.00129999999999999
EWR-1,7/21/2025,04:40:00 am,0,2025-07-21 04:40:00,8.1374,9.482,0.0014999999999998793
EWR-1,7/21/2025,04:50:00 am,0,2025-07-21 04:50:00,8.1383,9.467,0.00129999999999999
EWR-1,7/21/2025,05:00:00 am,0,2025-07-21 05:00:00,8.1391,9.454,0.00129999999999999
EWR-1,7/21/2025,05:10:00 am,0,2025-07-21 05:10:00,8.14,9.441,0.0012000000000000454
EWR-1,7/21/2025,05:20:00 am,0,2025-07-21 05:20:00,8.141,9.429,0.001100000000000101
EWR-1,7/21/2025,05:30:00 am,0,2025-07-21 05:30:00,8.1422,9.418,0.0011999999999998678
EWR-1,7/21/2025,05:40:00 am,0,2025-07-21 05:40:00,8.1431,9.406,0.001100000000000101
EWR-1,7/21/2025,05:50:00 am,0,2025-07-21 05:50:00,8.1436,9.395,0.0009999999999999788
EWR-1,7/21/2025,06:00:00 am,0,2025-07-21 06:00:00,8.1446,9.385,0.0009000000000000341
EWR-1,7/21/2025,06:10:00 am,0,2025-07-21 06:10:00,8.1456,9.376,0.0010999999999999233
EWR-1,7/21/2025,06:20:00 am,0,2025-07-21 06:20:00,8.1466,9.365,0.0009999999999999788
EWR-1,7/21/2025,06:30:00 am,0,2025-07-21 06:30:00,8.1475,9.355,0.0009000000000000341
EWR-1,7/21/2025,06:40:00 am,0,2025-07-21 06:40:00,8.1487,9.346,0.0008000000000000895
EWR-1,7/21/2025,06:50:00 am,0,2025-07-21 06:50:00,8.1498,9.338,0.0005999999999998451
EWR-1,7/21/2025,07:00:00 am,0,2025-07-21 07:00:00,8.1511,9.332,0.0006000000000000227
EWR-1,7/21/2025,07:10:00 am,0,2025-07-21 07:10:00,8.1525,9.326,0.0005000000000000782
EWR-1,7/21/2025,07:20:00 am,0,2025-07-21 07:20:00,8.1535,9.321,0.00019999999999988915
EWR-1,7/21/2025,07:30:00 am,0,2025-07-21 07:30:00,8.1549,9.319,0.0002000000000000668
EWR-1,7/21/2025,07:40:00 am,0,2025-07-21 07:40:00,8.1561,9.317,0.0002000000000000668
EWR-1,7/21/2025,07:50:00 am,0,2025-07-21 07:50:00,8.1575,9.315,0.0
EWR-1,7/21/2025,08:00:00 am,0,2025-07-21 08:00:00,8.1589,9.315,9.999999999994457e-05
EWR-1,7/21/2025,08:10:00 am,0,2025-07-21 08:10:00,8.1599,9.314,0.0
EWR-1,7/21/2025,08:20:00 am,0,2025-07-21 08:20:00,8.161,9.314,9.999999999994457e-05
EWR-1,7/21/2025,08:30:00 am,0,2025-07-21 08:30:00,8.1628,9.315,0.00010000000000012221
EWR-1,7/21/2025,08:40:00 am,0,2025-07-21 08:40:00,8.1635,9.316,9.999999999994457e-05
EWR-1,7/21/2025,08:50:00 am,0,2025-07-21 08:50:00,8.1649,9.317,0.0002000000000000668
EWR-1,7/21/2025,09:00:00 am,0,2025-07-21 09:00:00,8.1656,9.319,0.0002999999999998337
EWR-1,7/21/2025,09:10:00 am,0,2025-07-21 09:10:00,8.1666,9.322,0.0004000000000001336
EWR-1,7/21/2025,09:20:00 am,0,2025-07-21 09:20:00,8.1673,9.326,0.00030000000000001136
EWR-1,7/21/2025,09:30:00 am,0,2025-07-21 09:30:00,8.1674,9.329,0.00039999999999995595
EWR-1,7/21/2025,09:40:00 am,0,2025-07-21 09:40:00,8.167,9.333,0.00039999999999995595
EWR-1,7/21/2025,09:50:00 am,0,2025-07-21 09:50:00,8.1672,9.337,0.0005000000000000782
EWR-1,7/21/2025,10:00:00 am,0,2025-07-21 10:00:00,8.167,9.342,0.0004999999999999005
EWR-1,7/21/2025,10:10:00 am,0,2025-07-21 10:10:00,8.1669,9.347,0.0005000000000000782
EWR-1,7/21/2025,10:20:00 am,0,2025-07-21 10:20:00,8.1666,9.352,0.00039999999999995595
EWR-1,7/21/2025,10:30:00 am,0,2025-07-21 10:30:00,8.1665,9.356,0.0005000000000000782
EWR-1,7/21/2025,10:40:00 am,0,2025-07-21 10:40:00,8.1661,9.361,0.0006000000000000227
EWR-1,7/21/2025,10:50:00 am,0,2025-07-21 10:50:00,8.1658,9.367,0.0005999999999998451
EWR-1,7/21/2025,11:00:00 am,0,2025-07-21 11:00:00,8.1651,9.373,0.0008000000000000895
EWR-1,7/21/2025,11:10:00 am,0,2025-07-21 11:10:00,8.1649,9.381,0.0009999999999999788
EWR-1,7/21/2025,11:20:00 am,0,2025-07-21 11:20:00,8.1648,9.391,0.0012000000000000454
EWR-1,7/21/2025,11:30:00 am,0,2025-07-21 11:30:00,8.1641,9.403,0.0013999999999999347
EWR-1,7/21/2025,11:40:00 am,0,2025-07-21 11:40:00,8.1641,9.417,0.0013999999999999347
EWR-1,7/21/2025,11:50:00 am,0,2025-07-21 11:50:00,8.1631,9.431,0.0014000000000001123
EWR-1,7/21/2025,12:00:00 pm,0,2025-07-21 12:00:00,8.1627,9.445,0.0012000000000000454
EWR-1,7/21/2025,12:10:00 pm,0,2025-07-21 12:10:00,8.162,9.457,0.0009999999999999788
EWR-1,7/21/2025,12:20:00 pm,0,2025-07-21 12:20:00,8.1611,9.467,0.0009000000000000341
EWR-1,7/21/2025,12:30:00 pm,0,2025-07-21 12:30:00,8.1603,9.476,0.0006999999999999674
EWR-1,7/21/2025,12:40:00 pm,0,2025-07-21 12:40:00,8.1595,9.483,0.0007999999999999119
EWR-1,7/21/2025,12:50:00 pm,0,2025-07-21 12:50:00,8.1584,9.491,0.0006999999999999674
EWR-1,7/21/2025,01:00:00 pm,0,2025-07-21 13:00:00,8.1573,9.498,0.000700000000000145
EWR-1,7/21/2025,01:10:00 pm,0,2025-07-21 13:10:00,8.157,9.505,0.0006999999999999674
EWR-1,7/21/2025,01:20:00 pm,0,2025-07-21 13:20:00,8.1558,9.512,0.0007999999999999119
EWR-1,7/21/2025,01:30:00 pm,0,2025-07-21 13:30:00,8.1549,9.52,0.0008000000000000895
EWR-1,7/21/2025,01:40:00 pm,0,2025-07-21 13:40:00,8.1543,9.528,0.0009000000000000341
EWR-1,7/21/2025,01:50:00 pm,0,2025-07-21 13:50:00,8.1533,9.537,0.0010999999999999233
EWR-1,7/21/2025,02:00:00 pm,0,2025-07-21 14:00:00,8.1524,9.548,0.0012000000000000454
EWR-1,7/21/2025,02:10:00 pm,0,2025-07-21 14:10:00,8.1517,9.56,0.00129999999999999
EWR-1,7/21/2025,02:20:00 pm,0,2025-07-21 14:20:00,8.1507,9.573,0.00129999999999999
EWR-1,7/21/2025,02:30:00 pm,0,2025-07-21 14:30:00,8.1501,9.586,0.0010999999999999233
EWR-1,7/21/2025,02:40:00 pm,0,2025-07-21 14:40:00,8.1495,9.597,0.001100000000000101
EWR-1,7/21/2025,02:50:00 pm,0,2025-07-21 14:50:00,8.1483,9.608,0.0009999999999999788
EWR-1,7/21/2025,03:00:00 pm,0,2025-07-21 15:00:00,8.1473,9.618,0.0009000000000000341
EWR-1,7/21/2025,03:10:00 pm,0,2025-07-21 15:10:00,8.1467,9.627,0.0007999999999999119
EWR-1,7/21/2025,03:20:00 pm,0,2025-07-21 15:20:00,8.1454,9.635,0.0009000000000000341
EWR-1,7/21/2025,03:30:00 pm,0,2025-07-21 15:30:00,8.1443,9.644,0.0007999999999999119
EWR-1,7/21/2025,03:40:00 pm,0,2025-07-21 15:40:00,8.1432,9.652,0.0008000000000000895
EWR-1,7/21/2025,03:50:00 pm,0,2025-07-21 15:50:00,8.1422,9.66,0.0009000000000000341
EWR-1,7/21/2025,04:00:00 pm,0,2025-07-21 16:00:00,8.1413,9.669,0.0007999999999999119
EWR-1,7/21/2025,04:10:00 pm,0,2025-07-21 16:10:00,8.1402,9.677,0.0008000000000000895
EWR-1,7/21/2025,04:20:00 pm,0,2025-07-21 16:20:00,8.1391,9.685,0.0007999999999999119
EWR-1,7/21/2025,04:30:00 pm,0,2025-07-21 16:30:00,8.1386,9.693,0.0008000000000000895
EWR-1,7/21/2025,04:40:00 pm,0,2025-07-21 16:40:00,8.1374,9.701,0.0006999999999999674
EWR-1,7/21/2025,04:50:00 pm,0,2025-07-21 16:50:00,8.1361,9.708,0.0007999999999999119
EWR-1,7/21/2025,05:00:00 pm,0,2025-07-21 17:00:00,8.1355,9.716,0.000700000000000145
EWR-1,7/21/2025,05:10:00 pm,0,2025-07-21 17:10:00,8.1348,9.723,0.0006999999999999674
EWR-1,7/21/2025,05:20:00 pm,0,2025-07-21 17:20:00,8.1334,9.73,0.0006999999999999674
EWR-1,7/21/2025,05:30:00 pm,0,2025-07-21 17:30:00,8.1325,9.737,0.0006000000000000227
EWR-1,7/21/2025,05:40:00 pm,0,2025-07-21 17:40:00,8.1317,9.743,0.0004999999999999005
EWR-1,7/21/2025,05:50:00 pm,0,2025-07-21 17:50:00,8.1306,9.748,0.0005000000000000782
EWR-1,7/21/2025,06:00:00 pm,0,2025-07-21 18:00:00,8.1303,9.753,0.00039999999999995595
EWR-1,7/21/2025,06:10:00 pm,0,2025-07-21 18:10:00,8.1293,9.757,0.0005000000000000782
EWR-1,7/21/2025,06:20:00 pm,0,2025-07-21 18:20:00,8.1286,9.762,0.00039999999999995595
EWR-1,7/21/2025,06:30:00 pm,0,2025-07-21 18:30:00,8.1277,9.766,0.00030000000000001136
EWR-1,7/21/2025,06:40:00 pm,0,2025-07-21 18:40:00,8.1275,9.769,0.00039999999999995595
EWR-1,7/21/2025,06:50:00 pm,0,2025-07-21 18:50:00,8.1269,9.773,0.00039999999999995595
EWR-1,7/21/2025,07:00:00 pm,0,2025-07-21 19:00:00,8.1262,9.777,0.0006000000000000227
EWR-1,7/21/2025,07:10:00 pm,0,2025-07-21 19:10:00,8.1258,9.783,0.0004000000000001336
EWR-1,7/21/2025,07:20:00 pm,0,2025-07-21 19:20:00,8.1253,9.787,0.00039999999999995595
EWR-1,7/21/2025,07:30:00 pm,0,2025-07-21 19:30:00,8.1248,9.791,0.00039999999999995595
EWR-1,7/21/2025,07:40:00 pm,0,2025-07-21 19:40:00,8.1247,9.795,0.00039999999999995595
EWR-1,7/21/2025,07:50:00 pm,0,2025-07-21 19:50:00,8.1245,9.799,0.0004000000000001336
EWR-1,7/21/2025,08:00:00 pm,0,2025-07-21 20:00:00,8.1242,9.803,0.0002999999999998337
EWR-1,7/21/2025,08:10:00 pm,0,2025-07-21 20:10:00,8.1238,9.806,0.0002000000000000668
EWR-1,7/21/2025,08:20:00 pm,0,2025-07-21 20:20:00,8.1241,9.808,0.00030000000000001136
EWR-1,7/21/2025,08:30:00 pm,0,2025-07-21 20:30:00,8.124,9.811,0.0002000000000000668
EWR-1,7/21/2025,08:40:00 pm,0,2025-07-21 20:40:00,8.1235,9.813,9.999999999994457e-05
EWR-1,7/21/2025,08:50:00 pm,0,2025-07-21 20:50:00,8.1237,9.814,9.999999999994457e-05
EWR-1,7/21/2025,09:00:00 pm,0,2025-07-21 21:00:00,8.1236,9.815,0.0
EWR-1,7/21/2025,09:10:00 pm,0,2025-07-21 21:10:00,8.1235,9.815,0.00010000000000012221
EWR-1,7/21/2025,09:20:00 pm,0,2025-07-21 21:20:00,8.1236,9.816,0.0
EWR-1,7/21/2025,09:30:00 pm,0,2025-07-21 21:30:00,8.1238,9.816,0.0
EWR-1,7/21/2025,09:40:00 pm,0,2025-07-21 21:40:00,8.1239,9.816,9.999999999994457e-05
EWR-1,7/21/2025,09:50:00 pm,0,2025-07-21 21:50:00,8.1241,9.817,0.0
EWR-1,7/21/2025,10:00:00 pm,0,2025-07-21 22:00:00,8.1242,9.817,0.0
EWR-1,7/21/2025,10:10:00 pm,0,2025-07-21 22:10:00,8.1247,9.817,0.0
EWR-1,7/21/2025,10:20:00 pm,0,2025-07-21 22:20:00,8.1249,9.817,0.0
EWR-1,7/21/2025,10:30:00 pm,0,2025-07-21 22:30:00,8.1254,9.817,9.999999999994457e-05
EWR-1,7/21/2025,10:40:00 pm,0,2025-07-21 22:40:00,8.1258,9.816,0.0
EWR-1,7/21/2025,10:50:00 pm,0,2025-07-21 22:50:00,8.126,9.816,0.00010000000000012221
EWR-1,7/21/2025,11:00:00 pm,0,2025-07-21 23:00:00,8.1262,9.815,0.0
EWR-1,7/21/2025,11:10:00 pm,0,2025-07-21 23:10:00,8.127,9.815,9.999999999994457e-05
EWR-1,7/21/2025,11:20:00 pm,0,2025-07-21 23:20:00,8.1275,9.814,9.999999999994457e-05
EWR-1,7/21/2025,11:30:00 pm,0,2025-07-21 23:30:00,8.1278,9.813,0.00010000000000012221
EWR-1,7/21/2025,11:40:00 pm,0,2025-07-21 23:40:00,8.1282,9.812,0.00019999999999988915
EWR-1,7/21/2025,11:50:00 pm,0,2025-07-21 23:50:00,8.129,9.81,0.00010000000000012221
EWR-1,7/22/2025,12:00:00 am,0,2025-07-22 00:00:00,8.1295,9.809,9.999999999994457e-05
EWR-1,7/22/2025,12:10:00 am,0,2025-07-22 00:10:00,8.1298,9.808,0.0
EWR-1,7/22/2025,12:20:00 am,0,2025-07-22 00:20:00,8.1306,9.808,9.999999999994457e-05
EWR-1,7/22/2025,12:30:00 am,0,2025-07-22 00:30:00,8.1309,9.807,0.00010000000000012221
EWR-1,7/22/2025,12:40:00 am,0,2025-07-22 00:40:00,8.1319,9.806,9.999999999994457e-05
EWR-1,7/22/2025,12:50:00 am,0,2025-07-22 00:50:00,8.1323,9.805,0.00019999999999988915
EWR-1,7/22/2025,01:00:00 am,0,2025-07-22 01:00:00,8.1334,9.803,0.0002000000000000668
EWR-1,7/22/2025,01:10:00 am,0,2025-07-22 01:10:00,8.1337,9.801,0.0002000000000000668
EWR-1,7/22/2025,01:20:00 am,0,2025-07-22 01:20:00,8.1344,9.799,0.00019999999999988915
EWR-1,7/22/2025,01:30:00 am,0,2025-07-22 01:30:00,8.1349,9.797,0.0002000000000000668
EWR-1,7/22/2025,01:40:00 am,0,2025-07-22 01:40:00,8.1354,9.795,0.0002000000000000668
EWR-1,7/22/2025,01:50:00 am,0,2025-07-22 01:50:00,8.1364,9.793,9.999999999994457e-05
EWR-1,7/22/2025,02:00:00 am,0,2025-07-22 02:00:00,8.1372,9.792,9.999999999994457e-05
EWR-1,7/22/2025,02:10:00 am,0,2025-07-22 02:10:00,8.1378,9.791,0.00030000000000001136
EWR-1,7/22/2025,02:20:00 am,0,2025-07-22 02:20:00,8.1384,9.788,9.999999999994457e-05
EWR-1,7/22/2025,02:30:00 am,0,2025-07-22 02:30:00,8.1393,9.787,0.00030000000000001136
EWR-1,7/22/2025,02:40:00 am,0,2025-07-22 02:40:00,8.1396,9.784,0.00030000000000001136
EWR-1,7/22/2025,02:50:00 am,0,2025-07-22 02:50:00,8.1404,9.781,0.0002000000000000668
EWR-1,7/22/2025,03:00:00 am,0,2025-07-22 03:00:00,8.1412,9.779,0.00030000000000001136
EWR-1,7/22/2025,03:10:00 am,0,2025-07-22 03:10:00,8.1418,9.776,0.0002000000000000668
EWR-1,7/22/2025,03:20:00 am,0,2025-07-22 03:20:00,8.1425,9.774,0.00019999999999988915
EWR-1,7/22/2025,03:30:00 am,0,2025-07-22 03:30:00,8.1433,9.772,0.00030000000000001136
EWR-1,7/22/2025,03:40:00 am,0,2025-07-22 03:40:00,8.144,9.769,0.0002000000000000668
EWR-1,7/22/2025,03:50:00 am,0,2025-07-22 03:50:00,8.1447,9.767,0.00019999999999988915
EWR-1,7/22/2025,04:00:00 am,0,2025-07-22 04:00:00,8.1454,9.765,0.0002000000000000668
EWR-1,7/22/2025,04:10:00 am,0,2025-07-22 04:10:00,8.146,9.763,0.0002000000000000668
EWR-1,7/22/2025,04:20:00 am,0,2025-07-22 04:20:00,8.1467,9.761,0.00019999999999988915
EWR-1,7/22/2025,04:30:00 am,0,2025-07-22 04:30:00,8.1473,9.759,0.0002000000000000668
EWR-1,7/22/2025,04:40:00 am,0,2025-07-22 04:40:00,8.148,9.757,9.999999999994457e-05
EWR-1,7/22/2025,04:50:00 am,0,2025-07-22 04:50:00,8.1487,9.756,9.999999999994457e-05
EWR-1,7/22/2025,05:00:00 am,0,2025-07-22 05:00:00,8.1494,9.755,0.0002000000000000668
EWR-1,7/22/2025,05:10:00 am,0,2025-07-22 05:10:00,8.1497,9.753,9.999999999994457e-05
EWR-1,7/22/2025,05:20:00 am,0,2025-07-22 05:20:00,8.1503,9.752,0.0002000000000000668
EWR-1,7/22/2025,05:30:00 am,0,2025-07-22 05:30:00,8.1508,9.75,0.0002000000000000668
EWR-1,7/22/2025,05:40:00 am,0,2025-07-22 05:40:00,8.1516,9.748,0.00019999999999988915
EWR-1,7/22/2025,05:50:00 am,0,2025-07-22 05:50:00,8.1527,9.746,0.0002000000000000668
EWR-1,7/22/2025,06:00:00 am,0,2025-07-22 06:00:00,8.153,9.744,9.999999999994457e-05
EWR-1,7/22/2025,06:10:00 am,0,2025-07-22 06:10:00,8.1537,9.743,0.0002000000000000668
EWR-1,7/22/2025,06:20:00 am,0,2025-07-22 06:20:00,8.1544,9.741,0.00030000000000001136
EWR-1,7/22/2025,06:30:00 am,0,2025-07-22 06:30:00,8.1552,9.738,0.00019999999999988915
EWR-1,7/22/2025,06:40:00 am,0,2025-07-22 06:40:00,8.1557,9.736,0.0002000000000000668
EWR-1,7/22/2025,06:50:00 am,0,2025-07-22 06:50:00,8.1568,9.734,0.00030000000000001136
EWR-1,7/22/2025,07:00:00 am,0,2025-07-22 07:00:00,8.1577,9.731,0.00030000000000001136
EWR-1,7/22/2025,07:10:00 am,0,2025-07-22 07:10:00,8.1585,9.728,0.00030000000000001136
EWR-1,7/22/2025,07:20:00 am,0,2025-07-22 07:20:00,8.1594,9.725,0.00030000000000001136
EWR-1,7/22/2025,07:30:00 am,0,2025-07-22 07:30:00,8.1601,9.722,0.00019999999999988915
EWR-1,7/22/2025,07:40:00 am,0,2025-07-22 07:40:00,8.1611,9.72,0.00030000000000001136
EWR-1,7/22/2025,07:50:00 am,0,2025-07-22 07:50:00,8.1616,9.717,0.0002000000000000668
EWR-1,7/22/2025,08:00:00 am,0,2025-07-22 08:00:00,8.1626,9.715,0.0002000000000000668
EWR-1,7/22/2025,08:10:00 am,0,2025-07-22 08:10:00,8.1635,9.713,0.0
EWR-1,7/22/2025,08:20:00 am,0,2025-07-22 08:20:00,8.1646,9.713,0.0
EWR-1,7/22/2025,08:30:00 am,0,2025-07-22 08:30:00,8.1655,9.713,0.00010000000000012221
EWR-1,7/22/2025,08:40:00 am,0,2025-07-22 08:40:00,8.1665,9.714,0.0
EWR-1,7/22/2025,08:50:00 am,0,2025-07-22 08:50:00,8.1673,9.714,9.999999999994457e-05
EWR-1,7/22/2025,09:00:00 am,0,2025-07-22 09:00:00,8.1681,9.715,9.999999999994457e-05
EWR-1,7/22/2025,09:10:00 am,0,2025-07-22 09:10:00,8.1688,9.716,0.0
EWR-1,7/22/2025,09:20:00 am,0,2025-07-22 09:20:00,8.1695,9.716,0.0002000000000000668
EWR-1,7/22/2025,09:30:00 am,0,2025-07-22 09:30:00,8.1704,9.718,0.00030000000000001136
EWR-1,7/22/2025,09:40:00 am,0,2025-07-22 09:40:00,8.1711,9.721,0.00030000000000001136
EWR-1,7/22/2025,09:50:00 am,0,2025-07-22 09:50:00,8.1714,9.724,0.00030000000000001136
EWR-1,7/22/2025,10:00:00 am,0,2025-07-22 10:00:00,8.1723,9.727,0.00030000000000001136
EWR-1,7/22/2025,10:10:00 am,0,2025-07-22 10:10:00,8.173,9.73,0.00030000000000001136
EWR-1,7/22/2025,10:20:00 am,0,2025-07-22 10:20:00,8.1734,9.733,0.00039999999999995595
EWR-1,7/22/2025,10:30:00 am,0,2025-07-22 10:30:00,8.1737,9.737,0.00039999999999995595
EWR-1,7/22/2025,10:40:00 am,0,2025-07-22 10:40:00,8.1742,9.741,0.0005000000000000782
EWR-1,7/22/2025,10:50:00 am,0,2025-07-22 10:50:00,8.1744,9.746,0.0004999999999999005
EWR-1,7/22/2025,11:00:00 am,0,2025-07-22 11:00:00,8.1741,9.751,0.0006000000000000227
EWR-1,7/22/2025,11:10:00 am,0,2025-07-22 11:10:00,8.1736,9.757,0.0006000000000000227
EWR-1,7/22/2025,11:20:00 am,0,2025-07-22 11:20:00,8.1736,9.763,0.0006000000000000227
EWR-1,7/22/2025,11:30:00 am,0,2025-07-22 11:30:00,8.173,9.769,0.0006999999999999674
EWR-1,7/22/2025,11:40:00 am,0,2025-07-22 11:40:00,8.1725,9.776,0.0005000000000000782
EWR-1,7/22/2025,11:50:00 am,0,2025-07-22 11:50:00,8.1721,9.781,0.0006999999999999674
EWR-1,7/22/2025,12:00:00 pm,0,2025-07-22 12:00:00,8.1714,9.788,0.0006000000000000227
EWR-1,7/22/2025,12:10:00 pm,0,2025-07-22 12:10:00,8.1704,9.794,0.0009999999999999788
EWR-1,7/22/2025,12:20:00 pm,0,2025-07-22 12:20:00,8.17,9.804,0.0012000000000000454
EWR-1,7/22/2025,12:30:00 pm,0,2025-07-22 12:30:00,8.1692,9.816,0.00129999999999999
EWR-1,7/22/2025,12:40:00 pm,0,2025-07-22 12:40:00,8.1688,9.829,0.0013999999999999347
EWR-1,7/22/2025,12:50:00 pm,0,2025-07-22 12:50:00,8.1673,9.843,0.00129999999999999
EWR-1,7/22/2025,01:00:00 pm,0,2025-07-22 13:00:00,8.1663,9.856,0.00129999999999999
EWR-1,7/22/2025,01:10:00 pm,0,2025-07-22 13:10:00,8.1653,9.869,0.0012000000000000454
EWR-1,7/22/2025,01:20:00 pm,0,2025-07-22 13:20:00,8.1645,9.881,0.0010999999999999233
EWR-1,7/22/2025,01:30:00 pm,0,2025-07-22 13:30:00,8.1631,9.892,0.0009999999999999788
EWR-1,7/22/2025,01:40:00 pm,0,2025-07-22 13:40:00,8.1619,9.902,0.0010000000000001564
EWR-1,7/22/2025,01:50:00 pm,0,2025-07-22 13:50:00,8.1606,9.912,0.0009999999999999788
EWR-1,7/22/2025,02:00:00 pm,0,2025-07-22 14:00:00,8.1592,9.922,0.0011999999999998678
EWR-1,7/22/2025,02:10:00 pm,0,2025-07-22 14:10:00,8.1579,9.934,0.00129999999999999
EWR-1,7/22/2025,02:20:00 pm,0,2025-07-22 14:20:00,8.1567,9.947,0.0013000000000001678
EWR-1,7/22/2025,02:30:00 pm,0,2025-07-22 14:30:00,8.1554,9.96,0.0011999999999998678
EWR-1,7/22/2025,02:40:00 pm,0,2025-07-22 14:40:00,8.1544,9.972,0.0008000000000000895
EWR-1,7/22/2025,02:50:00 pm,0,2025-07-22 14:50:00,8.1532,9.98,0.0009000000000000341
EWR-1,7/22/2025,03:00:00 pm,0,2025-07-22 15:00:00,8.1515,9.989,0.0007999999999999119
EWR-1,7/22/2025,03:10:00 pm,0,2025-07-22 15:10:00,8.15,9.997,0.0006000000000000227
EWR-1,7/22/2025,03:20:00 pm,0,2025-07-22 15:20:00,8.1485,10.003,0.0006999999999999674
EWR-1,7/22/2025,03:30:00 pm,0,2025-07-22 15:30:00,8.1473,10.01,0.0006000000000000227
EWR-1,7/22/2025,03:40:00 pm,0,2025-07-22 15:40:00,8.1458,10.016,0.0005000000000000782
EWR-1,7/22/2025,03:50:00 pm,0,2025-07-22 15:50:00,8.1443,10.021,0.0005999999999998451
EWR-1,7/22/2025,04:00:00 pm,0,2025-07-22 16:00:00,8.1428,10.027,0.000700000000000145
EWR-1,7/22/2025,04:10:00 pm,0,2025-07-22 16:10:00,8.1417,10.034,0.0005999999999998451
EWR-1,7/22/2025,04:20:00 pm,0,2025-07-22 16:20:00,8.1401,10.04,0.0006000000000000227
EWR-1,7/22/2025,04:30:00 pm,0,2025-07-22 16:30:00,8.1391,10.046,0.000700000000000145
EWR-1,7/22/2025,04:40:00 pm,0,2025-07-22 16:40:00,8.1377,10.053,0.0006999999999999674
EWR-1,7/22/2025,04:50:00 pm,0,2025-07-22 16:50:00,8.1365,10.06,0.0006000000000000227
EWR-1,7/22/2025,05:00:00 pm,0,2025-07-22 17:00:00,8.1349,10.066,0.0006999999999999674
EWR-1,7/22/2025,05:10:00 pm,0,2025-07-22 17:10:00,8.134,10.073,0.0006999999999999674
EWR-1,7/22/2025,05:20:00 pm,0,2025-07-22 17:20:00,8.1328,10.08,0.0006999999999999674
EWR-1,7/22/2025,05:30:00 pm,0,2025-07-22 17:30:00,8.1319,10.087,0.0006000000000000227
EWR-1,7/22/2025,05:40:00 pm,0,2025-07-22 17:40:00,8.1308,10.093,0.0006000000000000227
EWR-1,7/22/2025,05:50:00 pm,0,2025-07-22 17:50:00,8.1296,10.099,0.0004999999999999005
EWR-1,7/22/2025,06:00:00 pm,0,2025-07-22 18:00:00,8.1289,10.104,0.000700000000000145
EWR-1,7/22/2025,06:10:00 pm,0,2025-07-22 18:10:00,8.1275,10.111,0.0006999999999999674
EWR-1,7/22/2025,06:20:00 pm,0,2025-07-22 18:20:00,8.1267,10.118,0.0006000000000000227
EWR-1,7/22/2025,06:30:00 pm,0,2025-07-22 18:30:00,8.1256,10.124,0.00039999999999995595
EWR-1,7/22/2025,06:40:00 pm,0,2025-07-22 18:40:00,8.1248,10.128,0.0004999999999999005
EWR-1,7/22/2025,06:50:00 pm,0,2025-07-22 18:50:00,8.1239,10.133,0.0004000000000001336
EWR-1,7/22/2025,07:00:00 pm,0,2025-07-22 19:00:00,8.123,10.137,0.00039999999999995595
EWR-1,7/22/2025,07:10:00 pm,0,2025-07-22 19:10:00,8.1225,10.141,0.00039999999999995595
EWR-1,7/22/2025,07:20:00 pm,0,2025-07-22 19:20:00,8.122,10.145,0.00030000000000001136
EWR-1,7/22/2025,07:30:00 pm,0,2025-07-22 19:30:00,8.1213,10.148,0.00030000000000001136
EWR-1,7/22/2025,07:40:00 pm,0,2025-07-22 19:40:00,8.121,10.151,0.0002000000000000668
EWR-1,7/22/2025,07:50:00 pm,0,2025-07-22 19:50:00,8.1205,10.153,0.00019999999999988915
EWR-1,7/22/2025,08:00:00 pm,0,2025-07-22 20:00:00,8.1204,10.155,0.00010000000000012221
EWR-1,7/22/2025,08:10:00 pm,0,2025-07-22 20:10:00,8.1201,10.156,0.0
EWR-1,7/22/2025,08:20:00 pm,0,2025-07-22 20:20:00,8.12,10.156,0.0
EWR-1,7/22/2025,08:30:00 pm,0,2025-07-22 20:30:00,8.12,10.156,0.00010000000000012221
EWR-1,7/22/2025,08:40:00 pm,0,2025-07-22 20:40:00,8.1202,10.155,9.999999999994457e-05
EWR-1,7/22/2025,08:50:00 pm,0,2025-07-22 20:50:00,8.12,10.154,0.0002000000000000668
EWR-1,7/22/2025,09:00:00 pm,0,2025-07-22 21:00:00,8.1202,10.152,0.00019999999999988915
EWR-1,7/22/2025,09:10:00 pm,0,2025-07-22 21:10:00,8.1203,10.15,0.0002000000000000668
EWR-1,7/22/2025,09:20:00 pm,0,2025-07-22 21:20:00,8.1206,10.148,0.00039999999999995595
EWR-1,7/22/2025,09:30:00 pm,0,2025-07-22 21:30:00,8.1211,10.144,0.00030000000000001136
EWR-1,7/22/2025,09:40:00 pm,0,2025-07-22 21:40:00,8.1214,10.141,0.0005000000000000782
EWR-1,7/22/2025,09:50:00 pm,0,2025-07-22 21:50:00,8.122,10.136,0.0005999999999998451
EWR-1,7/22/2025,10:00:00 pm,0,2025-07-22 22:00:00,8.1223,10.13,0.0009000000000000341
EWR-1,7/22/2025,10:10:00 pm,0,2025-07-22 22:10:00,8.123,10.121,0.001100000000000101
EWR-1,7/22/2025,10:20:00 pm,0,2025-07-22 22:20:00,8.1235,10.11,0.0011999999999998678
EWR-1,7/22/2025,10:30:00 pm,0,2025-07-22 22:30:00,8.1239,10.098,0.00129999999999999
EWR-1,7/22/2025,10:40:00 pm,0,2025-07-22 22:40:00,8.1243,10.085,0.0014000000000001123
EWR-1,7/22/2025,10:50:00 pm,0,2025-07-22 22:50:00,8.1248,10.071,0.0013999999999999347
EWR-1,7/22/2025,11:00:00 pm,0,2025-07-22 23:00:00,8.1255,10.057,0.0016000000000000014
EWR-1,7/22/2025,11:10:00 pm,0,2025-07-22 23:10:00,8.1265,10.041,0.0016000000000000014
EWR-1,7/22/2025,11:20:00 pm,0,2025-07-22 23:20:00,8.1274,10.025,0.0016000000000000014
EWR-1,7/22/2025,11:30:00 pm,0,2025-07-22 23:30:00,8.1281,10.009,0.0016000000000000014
EWR-1,7/22/2025,11:40:00 pm,0,2025-07-22 23:40:00,8.129,9.993,0.0014000000000001123
EWR-1,7/22/2025,11:50:00 pm,0,2025-07-22 23:50:00,8.1301,9.979,0.0014999999999998793
EWR-1,7/23/2025,12:00:00 am,0,2025-07-23 00:00:00,8.1312,9.964,0.00129999999999999
EWR-1,7/23/2025,12:10:00 am,0,2025-07-23 00:10:00,8.1325,9.951,0.00129999999999999
EWR-1,7/23/2025,12:20:00 am,0,2025-07-23 00:20:00,8.1338,9.938,0.00129999999999999
EWR-1,7/23/2025,12:30:00 am,0,2025-07-23 00:30:00,8.1351,9.925,0.00129999999999999
EWR-1,7/23/2025,12:40:00 am,0,2025-07-23 00:40:00,8.1364,9.912,0.0012000000000000454
EWR-1,7/23/2025,12:50:00 am,0,2025-07-23 00:50:00,8.1379,9.9,0.00129999999999999
EWR-1,7/23/2025,01:00:00 am,0,2025-07-23 01:00:00,8.1391,9.887,0.001100000000000101
EWR-1,7/23/2025,01:10:00 am,0,2025-07-23 01:10:00,8.1408,9.876,0.00129999999999999
EWR-1,7/23/2025,01:20:00 am,0,2025-07-23 01:20:00,8.1421,9.863,0.00129999999999999
EWR-1,7/23/2025,01:30:00 am,0,2025-07-23 01:30:00,8.143,9.85,0.00129999999999999
EWR-1,7/23/2025,01:40:00 am,0,2025-07-23 01:40:00,8.1441,9.837,0.0013999999999999347
EWR-1,7/23/2025,01:50:00 am,0,2025-07-23 01:50:00,8.1459,9.823,0.0014000000000001123
EWR-1,7/23/2025,02:00:00 am,0,2025-07-23 02:00:00,8.1472,9.809,0.0014999999999998793
EWR-1,7/23/2025,02:10:00 am,0,2025-07-23 02:10:00,8.1482,9.794,0.0014000000000001123
EWR-1,7/23/2025,02:20:00 am,0,2025-07-23 02:20:00,8.1495,9.78,0.0014999999999998793
EWR-1,7/23/2025,02:30:00 am,0,2025-07-23 02:30:00,8.1507,9.765,0.0015000000000000568
EWR-1,7/23/2025,02:40:00 am,0,2025-07-23 02:40:00,8.1518,9.75,0.001699999999999946
EWR-1,7/23/2025,02:50:00 am,0,2025-07-23 02:50:00,8.1529,9.733,0.0015000000000000568
EWR-1,7/23/2025,03:00:00 am,0,2025-07-23 03:00:00,8.1543,9.718,0.00129999999999999
EWR-1,7/23/2025,03:10:00 am,0,2025-07-23 03:10:00,8.155,9.705,0.0013999999999999347
EWR-1,7/23/2025,03:20:00 am,0,2025-07-23 03:20:00,8.1565,9.691,0.0014000000000001123
EWR-1,7/23/2025,03:30:00 am,0,2025-07-23 03:30:00,8.1575,9.677,0.0014999999999998793
EWR-1,7/23/2025,03:40:00 am,0,2025-07-23 03:40:00,8.1583,9.662,0.0015000000000000568
EWR-1,7/23/2025,03:50:00 am,0,2025-07-23 03:50:00,8.1594,9.647,0.0015000000000000568
EWR-1,7/23/2025,04:00:00 am,0,2025-07-23 04:00:00,8.1607,9.632,0.0017999999999998907
EWR-1,7/23/2025,04:10:00 am,0,2025-07-23 04:10:00,8.1616,9.614,0.0014000000000001123
EWR-1,7/23/2025,04:20:00 am,0,2025-07-23 04:20:00,8.1626,9.6,0.0014999999999998793
EWR-1,7/23/2025,04:30:00 am,0,2025-07-23 04:30:00,8.1638,9.585,0.0015000000000000568
EWR-1,7/23/2025,04:40:00 am,0,2025-07-23 04:40:00,8.1647,9.57,0.0015000000000000568
EWR-1,7/23/2025,04:50:00 am,0,2025-07-23 04:50:00,8.166,9.555,0.00129999999999999
EWR-1,7/23/2025,05:00:00 am,0,2025-07-23 05:00:00,8.167,9.542,0.0013999999999999347
EWR-1,7/23/2025,05:10:00 am,0,2025-07-23 05:10:00,8.168,9.528,0.0016000000000000014
EWR-1,7/23/2025,05:20:00 am,0,2025-07-23 05:20:00,8.1691,9.512,0.0014000000000001123
EWR-1,7/23/2025,05:30:00 am,0,2025-07-23 05:30:00,8.1703,9.498,0.00129999999999999
EWR-1,7/23/2025,05:40:00 am,0,2025-07-23 05:40:00,8.1712,9.485,0.00129999999999999
EWR-1,7/23/2025,05:50:00 am,0,2025-07-23 05:50:00,8.1723,9.472,0.0013999999999999347
EWR-1,7/23/2025,06:00:00 am,0,2025-07-23 06:00:00,8.1736,9.458,0.0013999999999999347
EWR-1,7/23/2025,06:10:00 am,0,2025-07-23 06:10:00,8.1747,9.444,0.0013000000000001678
EWR-1,7/23/2025,06:20:00 am,0,2025-07-23 06:20:00,8.1757,9.431,0.0011999999999998678
EWR-1,7/23/2025,06:30:00 am,0,2025-07-23 06:30:00,8.1771,9.419,0.0012000000000000454
EWR-1,7/23/2025,06:40:00 am,0,2025-07-23 06:40:00,8.1782,9.407,0.0012000000000000454
EWR-1,7/23/2025,06:50:00 am,0,2025-07-23 06:50:00,8.1797,9.395,0.0009999999999999788
EWR-1,7/23/2025,07:00:00 am,0,2025-07-23 07:00:00,8.1811,9.385,0.0007999999999999119
EWR-1,7/23/2025,07:10:00 am,0,2025-07-23 07:10:00,8.1826,9.377,0.0009999999999999788
EWR-1,7/23/2025,07:20:00 am,0,2025-07-23 07:20:00,8.1839,9.367,0.0008000000000000895
EWR-1,7/23/2025,07:30:00 am,0,2025-07-23 07:30:00,8.1854,9.359,0.0009999999999999788
EWR-1,7/23/2025,07:40:00 am,0,2025-07-23 07:40:00,8.1867,9.349,0.001100000000000101
EWR-1,7/23/2025,07:50:00 am,0,2025-07-23 07:50:00,8.1879,9.338,0.0008999999999998564
EWR-1,7/23/2025,08:00:00 am,0,2025-07-23 08:00:00,8.1891,9.329,0.000700000000000145
EWR-1,7/23/2025,08:10:00 am,0,2025-07-23 08:10:00,8.1906,9.322,0.0004999999999999005
EWR-1,7/23/2025,08:20:00 am,0,2025-07-23 08:20:00,8.1917,9.317,0.00039999999999995595
EWR-1,7/23/2025,08:30:00 am,0,2025-07-23 08:30:00,8.1931,9.313,0.0002000000000000668
EWR-1,7/23/2025,08:40:00 am,0,2025-07-23 08:40:00,8.1941,9.311,9.999999999994457e-05
EWR-1,7/23/2025,08:50:00 am,0,2025-07-23 08:50:00,8.1958,9.31,0.0
EWR-1,7/23/2025,09:00:00 am,0,2025-07-23 09:00:00,8.1967,9.31,0.0
EWR-1,7/23/2025,09:10:00 am,0,2025-07-23 09:10:00,8.1979,9.31,9.999999999994457e-05
EWR-1,7/23/2025,09:20:00 am,0,2025-07-23 09:20:00,8.1992,9.311,9.999999999994457e-05
EWR-1,7/23/2025,09:30:00 am,0,2025-07-23 09:30:00,8.2001,9.312,0.0
EWR-1,7/23/2025,09:40:00 am,0,2025-07-23 09:40:00,8.2007,9.312,0.00010000000000012221
EWR-1,7/23/2025,09:50:00 am,0,2025-07-23 09:50:00,8.2012,9.313,0.00019999999999988915
EWR-1,7/23/2025,10:00:00 am,0,2025-07-23 10:00:00,8.2018,9.315,0.0002000000000000668
EWR-1,7/23/2025,10:10:00 am,0,2025-07-23 10:10:00,8.2022,9.317,0.0002000000000000668
EWR-1,7/23/2025,10:20:00 am,0,2025-07-23 10:20:00,8.2028,9.319,0.0002999999999998337
EWR-1,7/23/2025,10:30:00 am,0,2025-07-23 10:30:00,8.2032,9.322,0.0002000000000000668
EWR-1,7/23/2025,10:40:00 am,0,2025-07-23 10:40:00,8.2033,9.324,0.00030000000000001136
EWR-1,7/23/2025,10:50:00 am,0,2025-07-23 10:50:00,8.2032,9.327,0.00039999999999995595
EWR-1,7/23/2025,11:00:00 am,0,2025-07-23 11:00:00,8.2032,9.331,0.0004000000000001336
EWR-1,7/23/2025,11:10:00 am,0,2025-07-23 11:10:00,8.2028,9.335,0.0005999999999998451
EWR-1,7/23/2025,11:20:00 am,0,2025-07-23 11:20:00,8.2022,9.341,0.0008000000000000895
EWR-1,7/23/2025,11:30:00 am,0,2025-07-23 11:30:00,8.2018,9.349,0.0009999999999999788
EWR-1,7/23/2025,11:40:00 am,0,2025-07-23 11:40:00,8.2012,9.359,0.0009999999999999788
EWR-1,7/23/2025,11:50:00 am,0,2025-07-23 11:50:00,8.2007,9.369,0.00129999999999999
EWR-1,7/23/2025,12:00:00 pm,0,2025-07-23 12:00:00,8.2003,9.382,0.00129999999999999
EWR-1,7/23/2025,12:10:00 pm,0,2025-07-23 12:10:00,8.1999,9.395,0.00129999999999999
EWR-1,7/23/2025,12:20:00 pm,0,2025-07-23 12:20:00,8.1993,9.408,0.0015000000000000568
EWR-1,7/23/2025,12:30:00 pm,0,2025-07-23 12:30:00,8.1984,9.423,0.0013999999999999347
EWR-1,7/23/2025,12:40:00 pm,0,2025-07-23 12:40:00,8.1979,9.437,0.0014000000000001123
EWR-1,7/23/2025,12:50:00 pm,0,2025-07-23 12:50:00,8.1966,9.451,0.0013999999999999347
EWR-1,7/23/2025,01:00:00 pm,0,2025-07-23 13:00:00,8.1961,9.465,0.0013999999999999347
EWR-1,7/23/2025,01:10:00 pm,0,2025-07-23 13:10:00,8.1953,9.479,0.0017000000000001237
EWR-1,7/23/2025,01:20:00 pm,0,2025-07-23 13:20:00,8.1943,9.496,0.0017999999999998907
EWR-1,7/23/2025,01:30:00 pm,0,2025-07-23 13:30:00,8.1934,9.514,0.0018000000000000683
EWR-1,7/23/2025,01:40:00 pm,0,2025-07-23 13:40:00,8.1924,9.532,0.0018000000000000683
EWR-1,7/23/2025,01:50:00 pm,0,2025-07-23 13:50:00,8.1914,9.55,0.001699999999999946
EWR-1,7/23/2025,02:00:00 pm,0,2025-07-23 14:00:00,8.1905,9.567,0.0018000000000000683
EWR-1,7/23/2025,02:10:00 pm,0,2025-07-23 14:10:00,8.1895,9.585,0.0017999999999998907
EWR-1,7/23/2025,02:20:00 pm,0,2025-07-23 14:20:00,8.1884,9.603,0.0018000000000000683
EWR-1,7/23/2025,02:30:00 pm,0,2025-07-23 14:30:00,8.1873,9.621,0.001699999999999946
EWR-1,7/23/2025,02:40:00 pm,0,2025-07-23 14:40:00,8.1858,9.638,0.0018000000000000683
EWR-1,7/23/2025,02:50:00 pm,0,2025-07-23 14:50:00,8.1848,9.656,0.0016000000000000014
EWR-1,7/23/2025,03:00:00 pm,0,2025-07-23 15:00:00,8.1834,9.672,0.001699999999999946
EWR-1,7/23/2025,03:10:00 pm,0,2025-07-23 15:10:00,8.1818,9.689,0.0015000000000000568
EWR-1,7/23/2025,03:20:00 pm,0,2025-07-23 15:20:00,8.1806,9.704,0.0013999999999999347
EWR-1,7/23/2025,03:30:00 pm,0,2025-07-23 15:30:00,8.1792,9.718,0.0013999999999999347
EWR-1,7/23/2025,03:40:00 pm,0,2025-07-23 15:40:00,8.1778,9.732,0.0012000000000000454
EWR-1,7/23/2025,03:50:00 pm,0,2025-07-23 15:50:00,8.1762,9.744,0.0012000000000000454
EWR-1,7/23/2025,04:00:00 pm,0,2025-07-23 16:00:00,8.1748,9.756,0.0010999999999999233
EWR-1,7/23/2025,04:10:00 pm,0,2025-07-23 16:10:00,8.1734,9.767,0.0008000000000000895
EWR-1,7/23/2025,04:20:00 pm,0,2025-07-23 16:20:00,8.172,9.775,0.0010999999999999233
EWR-1,7/23/2025,04:30:00 pm,0,2025-07-23 16:30:00,8.1703,9.786,0.0014000000000001123
EWR-1,7/23/2025,04:40:00 pm,0,2025-07-23 16:40:00,8.1691,9.8,0.0014999999999998793
EWR-1,7/23/2025,04:50:00 pm,0,2025-07-23 16:50:00,8.1676,9.815,0.0016000000000000014
EWR-1,7/23/2025,05:00:00 pm,0,2025-07-23 17:00:00,8.1661,9.831,0.0015000000000000568
EWR-1,7/23/2025,05:10:00 pm,0,2025-07-23 17:10:00,8.1649,9.846,0.0016000000000000014
EWR-1,7/23/2025,05:20:00 pm,0,2025-07-23 17:20:00,8.1638,9.862,0.0016000000000000014
EWR-1,7/23/2025,05:30:00 pm,0,2025-07-23 17:30:00,8.1624,9.878,0.0016000000000000014
EWR-1,7/23/2025,05:40:00 pm,0,2025-07-23 17:40:00,8.1613,9.894,0.0016000000000000014
EWR-1,7/23/2025,05:50:00 pm,0,2025-07-23 17:50:00,8.1599,9.91,0.0013999999999999347
EWR-1,7/23/2025,06:00:00 pm,0,2025-07-23 18:00:00,8.1581,9.924,0.0014000000000001123
EWR-1,7/23/2025,06:10:00 pm,0,2025-07-23 18:10:00,8.157,9.938,0.00129999999999999
EWR-1,7/23/2025,06:20:00 pm,0,2025-07-23 18:20:00,8.1555,9.951,0.0011999999999998678
EWR-1,7/23/2025,06:30:00 pm,0,2025-07-23 18:30:00,8.1539,9.963,0.0010000000000001564
EWR-1,7/23/2025,06:40:00 pm,0,2025-07-23 18:40:00,8.1528,9.973,0.0010999999999999233
EWR-1,7/23/2025,06:50:00 pm,0,2025-07-23 18:50:00,8.1514,9.984,0.0009000000000000341
EWR-1,7/23/2025,07:00:00 pm,0,2025-07-23 19:00:00,8.15,9.993,0.0009999999999999788
EWR-1,7/23/2025,07:10:00 pm,0,2025-07-23 19:10:00,8.149,10.003,0.0007999999999999119
EWR-1,7/23/2025,07:20:00 pm,0,2025-07-23 19:20:00,8.1477,10.011,0.0006000000000000227
EWR-1,7/23/2025,07:30:00 pm,0,2025-07-23 19:30:00,8.1462,10.017,0.0006999999999999674
EWR-1,7/23/2025,07:40:00 pm,0,2025-07-23 19:40:00,8.1456,10.024,0.0005000000000000782
EWR-1,7/23/2025,07:50:00 pm,0,2025-07-23 19:50:00,8.1442,10.029,0.0005000000000000782
EWR-1,7/23/2025,08:00:00 pm,0,2025-07-23 20:00:00,8.1437,10.034,0.00039999999999995595
EWR-1,7/23/2025,08:10:00 pm,0,2025-07-23 20:10:00,8.1425,10.038,0.00030000000000001136
EWR-1,7/23/2025,08:20:00 pm,0,2025-07-23 20:20:00,8.1419,10.041,0.00030000000000001136
EWR-1,7/23/2025,08:30:00 pm,0,2025-07-23 20:30:00,8.1411,10.044,9.999999999994457e-05
EWR-1,7/23/2025,08:40:00 pm,0,2025-07-23 20:40:00,8.1405,10.045,0.0
EWR-1,7/23/2025,08:50:00 pm,0,2025-07-23 20:50:00,8.1398,10.045,9.999999999994457e-05
EWR-1,7/23/2025,09:00:00 pm,0,2025-07-23 21:00:00,8.1393,10.044,0.00010000000000012221
EWR-1,7/23/2025,09:10:00 pm,0,2025-07-23 21:10:00,8.139,10.043,0.00030000000000001136
EWR-1,7/23/2025,09:20:00 pm,0,2025-07-23 21:20:00,8.1384,10.04,0.0002999999999998337
EWR-1,7/23/2025,09:30:00 pm,0,2025-07-23 21:30:00,8.138,10.037,0.0004000000000001336
EWR-1,7/23/2025,09:40:00 pm,0,2025-07-23 21:40:00,8.1377,10.033,0.0004999999999999005
EWR-1,7/23/2025,09:50:00 pm,0,2025-07-23 21:50:00,8.1376,10.028,0.0005000000000000782
EWR-1,7/23/2025,10:00:00 pm,0,2025-07-23 22:00:00,8.1372,10.023,0.0006000000000000227
EWR-1,7/23/2025,10:10:00 pm,0,2025-07-23 22:10:00,8.1372,10.017,0.0004999999999999005
EWR-1,7/23/2025,10:20:00 pm,0,2025-07-23 22:20:00,8.1371,10.012,0.0008000000000000895
EWR-1,7/23/2025,10:30:00 pm,0,2025-07-23 22:30:00,8.1372,10.004,0.0006000000000000227
EWR-1,7/23/2025,10:40:00 pm,0,2025-07-23 22:40:00,8.1371,9.998,0.0007999999999999119
EWR-1,7/23/2025,10:50:00 pm,0,2025-07-23 22:50:00,8.1371,9.99,0.0008000000000000895
EWR-1,7/23/2025,11:00:00 pm,0,2025-07-23 23:00:00,8.1373,9.982,0.0008999999999998564
EWR-1,7/23/2025,11:10:00 pm,0,2025-07-23 23:10:00,8.1375,9.973,0.0008000000000000895
EWR-1,7/23/2025,11:20:00 pm,0,2025-07-23 23:20:00,8.1375,9.965,0.0009000000000000341
EWR-1,7/23/2025,11:30:00 pm,0,2025-07-23 23:30:00,8.1381,9.956,0.0009000000000000341
EWR-1,7/23/2025,11:40:00 pm,0,2025-07-23 23:40:00,8.1385,9.947,0.0008999999999998564
EWR-1,7/23/2025,11:50:00 pm,0,2025-07-23 23:50:00,8.1389,9.938,0.0009000000000000341
EWR-1,7/24/2025,12:00:00 am,0,2025-07-24 00:00:00,8.1396,9.929,0.0009999999999999788
EWR-1,7/24/2025,12:10:00 am,0,2025-07-24 00:10:00,8.1404,9.919,0.0009000000000000341
EWR-1,7/24/2025,12:20:00 am,0,2025-07-24 00:20:00,8.1413,9.91,0.0009000000000000341
EWR-1,7/24/2025,12:30:00 am,0,2025-07-24 00:30:00,8.1417,9.901,0.0009000000000000341
EWR-1,7/24/2025,12:40:00 am,0,2025-07-24 00:40:00,8.1427,9.892,0.0009000000000000341
EWR-1,7/24/2025,12:50:00 am,0,2025-07-24 00:50:00,8.1433,9.883,0.0009999999999999788
EWR-1,7/24/2025,01:00:00 am,0,2025-07-24 01:00:00,8.1447,9.873,0.0007999999999999119
EWR-1,7/24/2025,01:10:00 am,0,2025-07-24 01:10:00,8.146,9.865,0.0009999999999999788
EWR-1,7/24/2025,01:20:00 am,0,2025-07-24 01:20:00,8.147,9.855,0.0009999999999999788
EWR-1,7/24/2025,01:30:00 am,0,2025-07-24 01:30:00,8.1483,9.845,0.0009000000000000341
EWR-1,7/24/2025,01:40:00 am,0,2025-07-24 01:40:00,8.1494,9.836,0.0009999999999999788
EWR-1,7/24/2025,01:50:00 am,0,2025-07-24 01:50:00,8.1503,9.826,0.0008000000000000895
EWR-1,7/24/2025,02:00:00 am,0,2025-07-24 02:00:00,8.1516,9.818,0.0007999999999999119
EWR-1,7/24/2025,02:10:00 am,0,2025-07-24 02:10:00,8.153,9.81,0.0009000000000000341
EWR-1,7/24/2025,02:20:00 am,0,2025-07-24 02:20:00,8.1543,9.801,0.0009000000000000341
EWR-1,7/24/2025,02:30:00 am,0,2025-07-24 02:30:00,8.1553,9.792,0.0009999999999999788
EWR-1,7/24/2025,02:40:00 am,0,2025-07-24 02:40:00,8.1567,9.782,0.0010999999999999233
EWR-1,7/24/2025,02:50:00 am,0,2025-07-24 02:50:00,8.1579,9.771,0.0010000000000001564
EWR-1,7/24/2025,03:00:00 am,0,2025-07-24 03:00:00,8.1594,9.761,0.0010999999999999233
EWR-1,7/24/2025,03:10:00 am,0,2025-07-24 03:10:00,8.1608,9.75,0.0010999999999999233
EWR-1,7/24/2025,03:20:00 am,0,2025-07-24 03:20:00,8.1619,9.739,0.0012000000000000454
EWR-1,7/24/2025,03:30:00 am,0,2025-07-24 03:30:00,8.1632,9.727,0.0012000000000000454
EWR-1,7/24/2025,03:40:00 am,0,2025-07-24 03:40:00,8.1643,9.715,0.0010999999999999233
EWR-1,7/24/2025,03:50:00 am,0,2025-07-24 03:50:00,8.1656,9.704,0.0012000000000000454
EWR-1,7/24/2025,04:00:00 am,0,2025-07-24 04:00:00,8.1669,9.692,0.0012000000000000454
EWR-1,7/24/2025,04:10:00 am,0,2025-07-24 04:10:00,8.1681,9.68,0.00129999999999999
EWR-1,7/24/2025,04:20:00 am,0,2025-07-24 04:20:00,8.1692,9.667,0.0010999999999999233
EWR-1,7/24/2025,04:30:00 am,0,2025-07-24 04:30:00,8.1706,9.656,0.0012000000000000454
EWR-1,7/24/2025,04:40:00 am,0,2025-07-24 04:40:00,8.1718,9.644,0.0012000000000000454
EWR-1,7/24/2025,04:50:00 am,0,2025-07-24 04:50:00,8.1728,9.632,0.00129999999999999
EWR-1,7/24/2025,05:00:00 am,0,2025-07-24 05:00:00,8.1743,9.619,0.0012000000000000454
EWR-1,7/24/2025,05:10:00 am,0,2025-07-24 05:10:00,8.1757,9.607,0.0013999999999999347
EWR-1,7/24/2025,05:20:00 am,0,2025-07-24 05:20:00,8.177,9.593,0.0010999999999999233
EWR-1,7/24/2025,05:30:00 am,0,2025-07-24 05:30:00,8.178,9.582,0.0012000000000000454
EWR-1,7/24/2025,05:40:00 am,0,2025-07-24 05:40:00,8.1794,9.57,0.001100000000000101
EWR-1,7/24/2025,05:50:00 am,0,2025-07-24 05:50:00,8.1805,9.559,0.0010999999999999233
EWR-1,7/24/2025,06:00:00 am,0,2025-07-24 06:00:00,8.1817,9.548,0.0012000000000000454
EWR-1,7/24/2025,06:10:00 am,0,2025-07-24 06:10:00,8.1829,9.536,0.0012000000000000454
EWR-1,7/24/2025,06:20:00 am,0,2025-07-24 06:20:00,8.1841,9.524,0.0011999999999998678
EWR-1,7/24/2025,06:30:00 am,0,2025-07-24 06:30:00,8.1852,9.512,0.0009999999999999788
EWR-1,7/24/2025,06:40:00 am,0,2025-07-24 06:40:00,8.1866,9.502,0.0009999999999999788
EWR-1,7/24/2025,06:50:00 am,0,2025-07-24 06:50:00,8.1877,9.492,0.0009000000000000341
EWR-1,7/24/2025,07:00:00 am,0,2025-07-24 07:00:00,8.1892,9.483,0.0008000000000000895
EWR-1,7/24/2025,07:10:00 am,0,2025-07-24 07:10:00,8.19,9.475,0.0007999999999999119
EWR-1,7/24/2025,07:20:00 am,0,2025-07-24 07:20:00,8.1917,9.467,0.0008000000000000895
EWR-1,7/24/2025,07:30:00 am,0,2025-07-24 07:30:00,8.1927,9.459,0.0009999999999999788
EWR-1,7/24/2025,07:40:00 am,0,2025-07-24 07:40:00,8.1939,9.449,0.0010999999999999233
EWR-1,7/24/2025,07:50:00 am,0,2025-07-24 07:50:00,8.1952,9.438,0.0009000000000000341
EWR-1,7/24/2025,08:00:00 am,0,2025-07-24 08:00:00,8.1962,9.429,0.0005000000000000782
EWR-1,7/24/2025,08:10:00 am,0,2025-07-24 08:10:00,8.1975,9.424,0.00039999999999995595
EWR-1,7/24/2025,08:20:00 am,0,2025-07-24 08:20:00,8.1993,9.42,0.00030000000000001136
EWR-1,7/24/2025,08:30:00 am,0,2025-07-24 08:30:00,8.2004,9.417,9.999999999994457e-05
EWR-1,7/24/2025,08:40:00 am,0,2025-07-24 08:40:00,8.2016,9.416,0.00010000000000012221
EWR-1,7/24/2025,08:50:00 am,0,2025-07-24 08:50:00,8.2031,9.415,0.0
EWR-1,7/24/2025,09:00:00 am,0,2025-07-24 09:00:00,8.2046,9.415,0.0
EWR-1,7/24/2025,09:10:00 am,0,2025-07-24 09:10:00,8.2059,9.415,0.0002000000000000668
EWR-1,7/24/2025,09:20:00 am,0,2025-07-24 09:20:00,8.2076,9.417,0.0002000000000000668
EWR-1,7/24/2025,09:30:00 am,0,2025-07-24 09:30:00,8.2087,9.419,0.00019999999999988915
EWR-1,7/24/2025,09:40:00 am,0,2025-07-24 09:40:00,8.21,9.421,0.00030000000000001136
EWR-1,7/24/2025,09:50:00 am,0,2025-07-24 09:50:00,8.2108,9.424,0.0004000000000001336
EWR-1,7/24/2025,10:00:00 am,0,2025-07-24 10:00:00,8.2115,9.428,0.0002999999999998337
EWR-1,7/24/2025,10:10:00 am,0,2025-07-24 10:10:00,8.2121,9.431,0.0005000000000000782
EWR-1,7/24/2025,10:20:00 am,0,2025-07-24 10:20:00,8.2129,9.436,0.0005000000000000782
EWR-1,7/24/2025,10:30:00 am,0,2025-07-24 10:30:00,8.2134,9.441,0.00039999999999995595
EWR-1,7/24/2025,10:40:00 am,0,2025-07-24 10:40:00,8.2139,9.445,0.0004999999999999005
EWR-1,7/24/2025,10:50:00 am,0,2025-07-24 10:50:00,8.2141,9.45,0.0006000000000000227
EWR-1,7/24/2025,11:00:00 am,0,2025-07-24 11:00:00,8.2144,9.456,0.0006000000000000227
EWR-1,7/24/2025,11:10:00 am,0,2025-07-24 11:10:00,8.2143,9.462,0.0006999999999999674
EWR-1,7/24/2025,11:20:00 am,0,2025-07-24 11:20:00,8.2144,9.469,0.0009999999999999788
EWR-1,7/24/2025,11:30:00 am,0,2025-07-24 11:30:00,8.214,9.479,0.001100000000000101
EWR-1,7/24/2025,11:40:00 am,0,2025-07-24 11:40:00,8.2133,9.49,0.0010999999999999233
EWR-1,7/24/2025,11:50:00 am,0,2025-07-24 11:50:00,8.2127,9.501,0.00129999999999999
EWR-1,7/24/2025,12:00:00 pm,0,2025-07-24 12:00:00,8.212,9.514,0.00129999999999999
EWR-1,7/24/2025,12:10:00 pm,0,2025-07-24 12:10:00,8.2115,9.527,0.0014000000000001123
EWR-1,7/24/2025,12:20:00 pm,0,2025-07-24 12:20:00,8.2107,9.541,0.0013999999999999347
EWR-1,7/24/2025,12:30:00 pm,0,2025-07-24 12:30:00,8.2101,9.555,0.0014000000000001123
EWR-1,7/24/2025,12:40:00 pm,0,2025-07-24 12:40:00,8.2089,9.569,0.0013999999999999347
EWR-1,7/24/2025,12:50:00 pm,0,2025-07-24 12:50:00,8.2082,9.583,0.0015000000000000568
EWR-1,7/24/2025,01:00:00 pm,0,2025-07-24 13:00:00,8.2069,9.598,0.0014999999999998793
EWR-1,7/24/2025,01:10:00 pm,0,2025-07-24 13:10:00,8.2056,9.613,0.0017000000000001237
EWR-1,7/24/2025,01:20:00 pm,0,2025-07-24 13:20:00,8.2044,9.63,0.0018999999999998352
EWR-1,7/24/2025,01:30:00 pm,0,2025-07-24 13:30:00,8.2033,9.649,0.0019000000000000128
EWR-1,7/24/2025,01:40:00 pm,0,2025-07-24 13:40:00,8.2019,9.668,0.0017000000000001237
EWR-1,7/24/2025,01:50:00 pm,0,2025-07-24 13:50:00,8.2004,9.685,0.0016000000000000014
EWR-1,7/24/2025,02:00:00 pm,0,2025-07-24 14:00:00,8.199,9.701,0.0013999999999999347
EWR-1,7/24/2025,02:10:00 pm,0,2025-07-24 14:10:00,8.1977,9.715,0.0009999999999999788
EWR-1,7/24/2025,02:20:00 pm,0,2025-07-24 14:20:00,8.1966,9.725,0.0009000000000000341
EWR-1,7/24/2025,02:30:00 pm,0,2025-07-24 14:30:00,8.1957,9.734,0.0006000000000000227
EWR-1,7/24/2025,02:40:00 pm,0,2025-07-24 14:40:00,8.1936,9.74,0.0006000000000000227
EWR-1,7/24/2025,02:50:00 pm,0,2025-07-24 14:50:00,8.1922,9.746,0.0006000000000000227
EWR-1,7/24/2025,03:00:00 pm,0,2025-07-24 15:00:00,8.1907,9.752,0.0004999999999999005
EWR-1,7/24/2025,03:10:00 pm,0,2025-07-24 15:10:00,8.1894,9.757,0.0006999999999999674
EWR-1,7/24/2025,03:20:00 pm,0,2025-07-24 15:20:00,8.1879,9.764,0.0009000000000000341
EWR-1,7/24/2025,03:30:00 pm,0,2025-07-24 15:30:00,8.1863,9.773,0.0008000000000000895
EWR-1,7/24/2025,03:40:00 pm,0,2025-07-24 15:40:00,8.1852,9.781,0.0011999999999998678
EWR-1,7/24/2025,03:50:00 pm,0,2025-07-24 15:50:00,8.1839,9.793,0.00129999999999999
EWR-1,7/24/2025,04:00:00 pm,0,2025-07-24 16:00:00,8.1828,9.806,0.0014000000000001123
EWR-1,7/24/2025,04:10:00 pm,0,2025-07-24 16:10:00,8.1812,9.82,0.0016000000000000014
EWR-1,7/24/2025,04:20:00 pm,0,2025-07-24 16:20:00,8.18,9.836,0.0015000000000000568
EWR-1,7/24/2025,04:30:00 pm,0,2025-07-24 16:30:00,8.1787,9.851,0.00129999999999999
EWR-1,7/24/2025,04:40:00 pm,0,2025-07-24 16:40:00,8.1772,9.864,0.0011999999999998678
EWR-1,7/24/2025,04:50:00 pm,0,2025-07-24 16:50:00,8.176,9.876,0.0009999999999999788
EWR-1,7/24/2025,05:00:00 pm,0,2025-07-24 17:00:00,8.175,9.886,0.0012000000000000454
EWR-1,7/24/2025,05:10:00 pm,0,2025-07-24 17:10:00,8.1735,9.898,0.00129999999999999
EWR-1,7/24/2025,05:20:00 pm,0,2025-07-24 17:20:00,8.1726,9.911,0.0012000000000000454
EWR-1,7/24/2025,05:30:00 pm,0,2025-07-24 17:30:00,8.1707,9.923,0.00129999999999999
EWR-1,7/24/2025,05:40:00 pm,0,2025-07-24 17:40:00,8.1702,9.936,0.0009999999999999788
EWR-1,7/24/2025,05:50:00 pm,0,2025-07-24 17:50:00,8.1693,9.946,0.0008000000000000895
EWR-1,7/24/2025,06:00:00 pm,0,2025-07-24 18:00:00,8.1684,9.954,0.0006999999999999674
EWR-1,7/24/2025,06:10:00 pm,0,2025-07-24 18:10:00,8.1677,9.961,0.0004999999999999005
EWR-1,7/24/2025,06:20:00 pm,0,2025-07-24 18:20:00,8.1667,9.966,0.0006000000000000227
EWR-1,7/24/2025,06:30:00 pm,0,2025-07-24 18:30:00,8.1656,9.972,0.0004000000000001336
EWR-1,7/24/2025,06:40:00 pm,0,2025-07-24 18:40:00,8.1645,9.976,0.0004999999999999005
EWR-1,7/24/2025,06:50:00 pm,0,2025-07-24 18:50:00,8.1643,9.981,0.0006000000000000227
EWR-1,7/24/2025,07:00:00 pm,0,2025-07-24 19:00:00,8.1634,9.987,0.00039999999999995595
EWR-1,7/24/2025,07:10:00 pm,0,2025-07-24 19:10:00,8.1629,9.991,0.00039999999999995595
EWR-1,7/24/2025,07:20:00 pm,0,2025-07-24 19:20:00,8.1624,9.995,0.0004000000000001336
EWR-1,7/24/2025,07:30:00 pm,0,2025-07-24 19:30:00,8.1614,9.999,0.00039999999999995595
EWR-1,7/24/2025,07:40:00 pm,0,2025-07-24 19:40:00,8.1607,10.003,0.00030000000000001136
EWR-1,7/24/2025,07:50:00 pm,0,2025-07-24 19:50:00,8.1604,10.006,0.00030000000000001136
EWR-1,7/24/2025,08:00:00 pm,0,2025-07-24 20:00:00,8.1594,10.009,0.00019999999999988915
EWR-1,7/24/2025,08:10:00 pm,0,2025-07-24 20:10:00,8.1592,10.011,0.0002000000000000668
EWR-1,7/24/2025,08:20:00 pm,0,2025-07-24 20:20:00,8.1588,10.013,9.999999999994457e-05
EWR-1,7/24/2025,08:30:00 pm,0,2025-07-24 20:30:00,8.1584,10.014,0.0002000000000000668
EWR-1,7/24/2025,08:40:00 pm,0,2025-07-24 20:40:00,8.1577,10.016,0.0
EWR-1,7/24/2025,08:50:00 pm,0,2025-07-24 20:50:00,8.1577,10.016,9.999999999994457e-05
EWR-1,7/24/2025,09:00:00 pm,0,2025-07-24 21:00:00,8.1572,10.017,9.999999999994457e-05
EWR-1,7/24/2025,09:10:00 pm,0,2025-07-24 21:10:00,8.1566,10.016,9.999999999994457e-05
EWR-1,7/24/2025,09:20:00 pm,0,2025-07-24 21:20:00,8.1566,10.015,0.00030000000000001136
EWR-1,7/24/2025,09:30:00 pm,0,2025-07-24 21:30:00,8.1567,10.012,0.0004000000000001336
EWR-1,7/24/2025,09:40:00 pm,0,2025-07-24 21:40:00,8.1566,10.008,0.0006999999999999674
EWR-1,7/24/2025,09:50:00 pm,0,2025-07-24 21:50:00,8.1569,10.001,0.0006000000000000227
EWR-1,7/24/2025,10:00:00 pm,0,2025-07-24 22:00:00,8.1566,9.995,0.0008999999999998564
EWR-1,7/24/2025,10:10:00 pm,0,2025-07-24 22:10:00,8.1568,9.986,0.0009000000000000341
EWR-1,7/24/2025,10:20:00 pm,0,2025-07-24 22:20:00,8.157,9.977,0.0008000000000000895
EWR-1,7/24/2025,10:30:00 pm,0,2025-07-24 22:30:00,8.1572,9.969,0.0008999999999998564
EWR-1,7/24/2025,10:40:00 pm,0,2025-07-24 22:40:00,8.1569,9.96,0.0009000000000000341
EWR-1,7/24/2025,10:50:00 pm,0,2025-07-24 22:50:00,8.1578,9.951,0.0008000000000000895
EWR-1,7/24/2025,11:00:00 pm,0,2025-07-24 23:00:00,8.158,9.943,0.0009000000000000341
EWR-1,7/24/2025,11:10:00 pm,0,2025-07-24 23:10:00,8.1585,9.934,0.0007999999999999119
EWR-1,7/24/2025,11:20:00 pm,0,2025-07-24 23:20:00,8.1593,9.926,0.0009000000000000341
EWR-1,7/24/2025,11:30:00 pm,0,2025-07-24 23:30:00,8.1596,9.917,0.0009000000000000341
EWR-1,7/24/2025,11:40:00 pm,0,2025-07-24 23:40:00,8.1605,9.908,0.0009999999999999788
EWR-1,7/24/2025,11:50:00 pm,0,2025-07-24 23:50:00,8.1613,9.898,0.0009000000000000341
EWR-1,7/25/2025,12:00:00 am,0,2025-07-25 00:00:00,8.1623,9.889,0.0009999999999999788
EWR-1,7/25/2025,12:10:00 am,0,2025-07-25 00:10:00,8.1631,9.879,0.0009999999999999788
EWR-1,7/25/2025,12:20:00 am,0,2025-07-25 00:20:00,8.1637,9.869,0.0007999999999999119
EWR-1,7/25/2025,12:30:00 am,0,2025-07-25 00:30:00,8.1648,9.861,0.0009999999999999788
EWR-1,7/25/2025,12:40:00 am,0,2025-07-25 00:40:00,8.166,9.851,0.000700000000000145
EWR-1,7/25/2025,12:50:00 am,0,2025-07-25 00:50:00,8.1668,9.844,0.0006999999999999674
EWR-1,7/25/2025,01:00:00 am,0,2025-07-25 01:00:00,8.1679,9.837,0.00039999999999995595
EWR-1,7/25/2025,01:10:00 am,0,2025-07-25 01:10:00,8.169,9.833,0.0006999999999999674
EWR-1,7/25/2025,01:20:00 am,0,2025-07-25 01:20:00,8.1701,9.826,0.001100000000000101
EWR-1,7/25/2025,01:30:00 am,0,2025-07-25 01:30:00,8.1713,9.815,0.0009999999999999788
EWR-1,7/25/2025,01:40:00 am,0,2025-07-25 01:40:00,8.1715,9.805,0.0007999999999999119
EWR-1,7/25/2025,01:50:00 am,0,2025-07-25 01:50:00,8.1724,9.797,0.0008000000000000895
EWR-1,7/25/2025,02:00:00 am,0,2025-07-25 02:00:00,8.1731,9.789,0.0009000000000000341
EWR-1,7/25/2025,02:10:00 am,0,2025-07-25 02:10:00,8.1743,9.78,0.0008999999999998564
EWR-1,7/25/2025,02:20:00 am,0,2025-07-25 02:20:00,8.1749,9.771,0.000700000000000145
EWR-1,7/25/2025,02:30:00 am,0,2025-07-25 02:30:00,8.1755,9.764,0.0007999999999999119
EWR-1,7/25/2025,02:40:00 am,0,2025-07-25 02:40:00,8.1764,9.756,0.0006000000000000227
EWR-1,7/25/2025,02:50:00 am,0,2025-07-25 02:50:00,8.1772,9.75,0.0006999999999999674
EWR-1,7/25/2025,03:00:00 am,0,2025-07-25 03:00:00,8.1781,9.743,0.0006999999999999674
EWR-1,7/25/2025,03:10:00 am,0,2025-07-25 03:10:00,8.1788,9.736,0.000700000000000145
EWR-1,7/25/2025,03:20:00 am,0,2025-07-25 03:20:00,8.179,9.729,0.0009999999999999788
EWR-1,7/25/2025,03:30:00 am,0,2025-07-25 03:30:00,8.1799,9.719,0.0006999999999999674
EWR-1,7/25/2025,03:40:00 am,0,2025-07-25 03:40:00,8.1805,9.712,0.0009000000000000341
EWR-1,7/25/2025,03:50:00 am,0,2025-07-25 03:50:00,8.1814,9.703,0.0009999999999999788
EWR-1,7/25/2025,04:00:00 am,0,2025-07-25 04:00:00,8.1819,9.693,0.0012000000000000454
EWR-1,7/25/2025,04:10:00 am,0,2025-07-25 04:10:00,8.1824,9.681,0.0009999999999999788
EWR-1,7/25/2025,04:20:00 am,0,2025-07-25 04:20:00,8.1829,9.671,0.0010999999999999233
EWR-1,7/25/2025,04:30:00 am,0,2025-07-25 04:30:00,8.1831,9.66,0.00129999999999999
EWR-1,7/25/2025,04:40:00 am,0,2025-07-25 04:40:00,8.1836,9.647,0.00129999999999999
EWR-1,7/25/2025,04:50:00 am,0,2025-07-25 04:50:00,8.184,9.634,0.00129999999999999
EWR-1,7/25/2025,05:00:00 am,0,2025-07-25 05:00:00,8.1848,9.621,0.0012000000000000454
EWR-1,7/25/2025,05:10:00 am,0,2025-07-25 05:10:00,8.1852,9.609,0.0012000000000000454
EWR-1,7/25/2025,05:20:00 am,0,2025-07-25 05:20:00,8.1858,9.597,0.00129999999999999
EWR-1,7/25/2025,05:30:00 am,0,2025-07-25 05:30:00,8.1863,9.584,0.00129999999999999
EWR-1,7/25/2025,05:40:00 am,0,2025-07-25 05:40:00,8.1868,9.571,0.00129999999999999
EWR-1,7/25/2025,05:50:00 am,0,2025-07-25 05:50:00,8.1873,9.558,0.00129999999999999
EWR-1,7/25/2025,06:00:00 am,0,2025-07-25 06:00:00,8.1876,9.545,0.0012000000000000454
EWR-1,7/25/2025,06:10:00 am,0,2025-07-25 06:10:00,8.1882,9.533,0.0010999999999999233
EWR-1,7/25/2025,06:20:00 am,0,2025-07-25 06:20:00,8.189,9.522,0.0009000000000000341
EWR-1,7/25/2025,06:30:00 am,0,2025-07-25 06:30:00,8.1898,9.513,0.0009000000000000341
EWR-1,7/25/2025,06:40:00 am,0,2025-07-25 06:40:00,8.1903,9.504,0.0009999999999999788
EWR-1,7/25/2025,06:50:00 am,0,2025-07-25 06:50:00,8.1907,9.494,0.0007999999999999119
EWR-1,7/25/2025,07:00:00 am,0,2025-07-25 07:00:00,8.1915,9.486,0.0008000000000000895
EWR-1,7/25/2025,07:10:00 am,0,2025-07-25 07:10:00,8.192,9.478,0.0009000000000000341
EWR-1,7/25/2025,07:20:00 am,0,2025-07-25 07:20:00,8.1925,9.469,0.0006999999999999674
EWR-1,7/25/2025,07:30:00 am,0,2025-07-25 07:30:00,8.1932,9.462,0.0010999999999999233
EWR-1,7/25/2025,07:40:00 am,0,2025-07-25 07:40:00,8.1937,9.451,0.001100000000000101
EWR-1,7/25/2025,07:50:00 am,0,2025-07-25 07:50:00,8.1941,9.44,0.0006999999999999674
EWR-1,7/25/2025,08:00:00 am,0,2025-07-25 08:00:00,8.1945,9.433,0.0004999999999999005
EWR-1,7/25/2025,08:10:00 am,0,2025-07-25 08:10:00,8.1951,9.428,0.0004000000000001336
EWR-1,7/25/2025,08:20:00 am,0,2025-07-25 08:20:00,8.1961,9.424,0.00030000000000001136
EWR-1,7/25/2025,08:30:00 am,0,2025-07-25 08:30:00,8.1966,9.421,9.999999999994457e-05
EWR-1,7/25/2025,08:40:00 am,0,2025-07-25 08:40:00,8.1969,9.42,9.999999999994457e-05
EWR-1,7/25/2025,08:50:00 am,0,2025-07-25 08:50:00,8.1974,9.419,0.0
EWR-1,7/25/2025,09:00:00 am,0,2025-07-25 09:00:00,8.1979,9.419,9.999999999994457e-05
EWR-1,7/25/2025,09:10:00 am,0,2025-07-25 09:10:00,8.1981,9.42,0.0
EWR-1,7/25/2025,09:20:00 am,0,2025-07-25 09:20:00,8.1984,9.42,0.0002000000000000668
EWR-1,7/25/2025,09:30:00 am,0,2025-07-25 09:30:00,8.1984,9.422,0.00019999999999988915
EWR-1,7/25/2025,09:40:00 am,0,2025-07-25 09:40:00,8.1984,9.424,0.0004000000000001336
EWR-1,7/25/2025,09:50:00 am,0,2025-07-25 09:50:00,8.1984,9.428,0.0002999999999998337
EWR-1,7/25/2025,10:00:00 am,0,2025-07-25 10:00:00,8.1987,9.431,0.0005000000000000782
EWR-1,7/25/2025,10:10:00 am,0,2025-07-25 10:10:00,8.1986,9.436,0.0005000000000000782
EWR-1,7/25/2025,10:20:00 am,0,2025-07-25 10:20:00,8.1988,9.441,0.00039999999999995595
EWR-1,7/25/2025,10:30:00 am,0,2025-07-25 10:30:00,8.1986,9.445,0.00039999999999995595
EWR-1,7/25/2025,10:40:00 am,0,2025-07-25 10:40:00,8.1984,9.449,0.00039999999999995595
EWR-1,7/25/2025,10:50:00 am,0,2025-07-25 10:50:00,8.1988,9.453,0.0005000000000000782
EWR-1,7/25/2025,11:00:00 am,0,2025-07-25 11:00:00,8.1988,9.458,0.0006000000000000227
EWR-1,7/25/2025,11:10:00 am,0,2025-07-25 11:10:00,8.1986,9.464,0.0007999999999999119
EWR-1,7/25/2025,11:20:00 am,0,2025-07-25 11:20:00,8.1981,9.472,0.0009000000000000341
EWR-1,7/25/2025,11:30:00 am,0,2025-07-25 11:30:00,8.1972,9.481,0.0009999999999999788
EWR-1,7/25/2025,11:40:00 am,0,2025-07-25 11:40:00,8.1962,9.491,0.0012000000000000454
EWR-1,7/25/2025,11:50:00 am,0,2025-07-25 11:50:00,8.1954,9.503,0.0010999999999999233
EWR-1,7/25/2025,12:00:00 pm,0,2025-07-25 12:00:00,8.1947,9.514,0.00129999999999999
EWR-1,7/25/2025,12:10:00 pm,0,2025-07-25 12:10:00,8.1932,9.527,0.00129999999999999
EWR-1,7/25/2025,12:20:00 pm,0,2025-07-25 12:20:00,8.1922,9.54,0.0013000000000001678
EWR-1,7/25/2025,12:30:00 pm,0,2025-07-25 12:30:00,8.1911,9.553,0.0013999999999999347
EWR-1,7/25/2025,12:40:00 pm,0,2025-07-25 12:40:00,8.1905,9.567,0.0015000000000000568
EWR-1,7/25/2025,12:50:00 pm,0,2025-07-25 12:50:00,8.1891,9.582,0.00129999999999999
EWR-1,7/25/2025,01:00:00 pm,0,2025-07-25 13:00:00,8.1875,9.595,0.0011999999999998678
EWR-1,7/25/2025,01:10:00 pm,0,2025-07-25 13:10:00,8.1866,9.607,0.001100000000000101
EWR-1,7/25/2025,01:20:00 pm,0,2025-07-25 13:20:00,8.1855,9.618,0.0009999999999999788
EWR-1,7/25/2025,01:30:00 pm,0,2025-07-25 13:30:00,8.1847,9.628,0.0009000000000000341
EWR-1,7/25/2025,01:40:00 pm,0,2025-07-25 13:40:00,8.1836,9.637,0.0006999999999999674
EWR-1,7/25/2025,01:50:00 pm,0,2025-07-25 13:50:00,8.1826,9.644,0.0004999999999999005
EWR-1,7/25/2025,02:00:00 pm,0,2025-07-25 14:00:00,8.1821,9.649,0.0004000000000001336
EWR-1,7/25/2025,02:10:00 pm,0,2025-07-25 14:10:00,8.1806,9.653,0.00039999999999995595
EWR-1,7/25/2025,02:20:00 pm,0,2025-07-25 14:20:00,8.1792,9.657,0.0005000000000000782
EWR-1,7/25/2025,02:30:00 pm,0,2025-07-25 14:30:00,8.1783,9.662,0.0004999999999999005
EWR-1,7/25/2025,02:40:00 pm,0,2025-07-25 14:40:00,8.1771,9.667,0.0006000000000000227
EWR-1,7/25/2025,02:50:00 pm,0,2025-07-25 14:50:00,8.176,9.673,0.0007999999999999119
EWR-1,7/25/2025,03:00:00 pm,0,2025-07-25 15:00:00,8.1754,9.681,0.001100000000000101
EWR-1,7/25/2025,03:10:00 pm,0,2025-07-25 15:10:00,8.1743,9.692,0.0013999999999999347
EWR-1,7/25/2025,03:20:00 pm,0,2025-07-25 15:20:00,8.1734,9.706,0.0014000000000001123
EWR-1,7/25/2025,03:30:00 pm,0,2025-07-25 15:30:00,8.1727,9.72,0.0013999999999999347
EWR-1,7/25/2025,03:40:00 pm,0,2025-07-25 15:40:00,8.1716,9.734,0.0012000000000000454
EWR-1,7/25/2025,03:50:00 pm,0,2025-07-25 15:50:00,8.1709,9.746,0.0010999999999999233
EWR-1,7/25/2025,04:00:00 pm,0,2025-07-25 16:00:00,8.1697,9.757,0.0008000000000000895
EWR-1,7/25/2025,04:10:00 pm,0,2025-07-25 16:10:00,8.1685,9.765,0.0006999999999999674
EWR-1,7/25/2025,04:20:00 pm,0,2025-07-25 16:20:00,8.1674,9.772,0.0004999999999999005
EWR-1,7/25/2025,04:30:00 pm,0,2025-07-25 16:30:00,8.1662,9.777,0.0005000000000000782
EWR-1,7/25/2025,04:40:00 pm,0,2025-07-25 16:40:00,8.1657,9.782,0.00039999999999995595
EWR-1,7/25/2025,04:50:00 pm,0,2025-07-25 16:50:00,8.1648,9.786,0.00030000000000001136
EWR-1,7/25/2025,05:00:00 pm,0,2025-07-25 17:00:00,8.1645,9.789,0.0002000000000000668
EWR-1,7/25/2025,05:10:00 pm,0,2025-07-25 17:10:00,8.1679,9.791,9.999999999994457e-05
EWR-1,7/25/2025,05:20:00 pm,0,2025-07-25 17:20:00,8.1671,9.792,0.0
EWR-1,7/25/2025,05:30:00 pm,0,2025-07-25 17:30:00,8.1668,9.792,9.999999999994457e-05
EWR-1,7/25/2025,05:40:00 pm,0,2025-07-25 17:40:00,8.1665,9.791,0.00010000000000012221
EWR-1,7/25/2025,05:50:00 pm,0,2025-07-25 17:50:00,8.1659,9.79,9.999999999994457e-05
EWR-1,7/25/2025,06:00:00 pm,0,2025-07-25 18:00:00,8.1651,9.789,9.999999999994457e-05
EWR-1,7/25/2025,06:10:00 pm,0,2025-07-25 18:10:00,8.1644,9.788,0.0002000000000000668
EWR-1,7/25/2025,06:20:00 pm,0,2025-07-25 18:20:00,8.1641,9.786,9.999999999994457e-05
EWR-1,7/25/2025,06:30:00 pm,0,2025-07-25 18:30:00,8.1634,9.785,0.0
EWR-1,7/25/2025,06:40:00 pm,0,2025-07-25 18:40:00,8.1629,9.785,9.999999999994457e-05
EWR-1,7/25/2025,06:50:00 pm,0,2025-07-25 18:50:00,8.162,9.784,0.0
EWR-1,7/25/2025,07:00:00 pm,0,2025-07-25 19:00:00,8.1615,9.784,0.0
EWR-1,7/25/2025,07:10:00 pm,0,2025-07-25 19:10:00,8.1614,9.784,9.999999999994457e-05
EWR-1,7/25/2025,07:20:00 pm,0,2025-07-25 19:20:00,8.1611,9.785,0.0
EWR-1,7/25/2025,07:30:00 pm,0,2025-07-25 19:30:00,8.1609,9.785,9.999999999994457e-05
EWR-1,7/25/2025,07:40:00 pm,0,2025-07-25 19:40:00,8.1607,9.786,0.0
EWR-1,7/25/2025,07:50:00 pm,0,2025-07-25 19:50:00,8.1608,9.786,0.0
EWR-1,7/25/2025,08:00:00 pm,0,2025-07-25 20:00:00,8.1606,9.786,0.00010000000000012221
EWR-1,7/25/2025,08:10:00 pm,0,2025-07-25 20:10:00,8.1608,9.787,0.00010000000000012221
EWR-1,7/25/2025,08:20:00 pm,0,2025-07-25 20:20:00,8.1611,9.786,9.999999999994457e-05
EWR-1,7/25/2025,08:30:00 pm,0,2025-07-25 20:30:00,8.1612,9.785,0.0
EWR-1,7/25/2025,08:40:00 pm,0,2025-07-25 20:40:00,8.1614,9.785,0.0002000000000000668
EWR-1,7/25/2025,08:50:00 pm,0,2025-07-25 20:50:00,8.1616,9.783,0.00019999999999988915
EWR-1,7/25/2025,09:00:00 pm,0,2025-07-25 21:00:00,8.1621,9.781,0.0002000000000000668
EWR-1,7/25/2025,09:10:00 pm,0,2025-07-25 21:10:00,8.1624,9.779,0.0002000000000000668
EWR-1,7/25/2025,09:20:00 pm,0,2025-07-25 21:20:00,8.163,9.777,0.00039999999999995595
EWR-1,7/25/2025,09:30:00 pm,0,2025-07-25 21:30:00,8.1632,9.773,0.0004999999999999005
EWR-1,7/25/2025,09:40:00 pm,0,2025-07-25 21:40:00,8.164,9.768,0.0006000000000000227
EWR-1,7/25/2025,09:50:00 pm,0,2025-07-25 21:50:00,8.1646,9.762,0.0006000000000000227
EWR-1,7/25/2025,10:00:00 pm,0,2025-07-25 22:00:00,8.1649,9.756,0.0008000000000000895
EWR-1,7/25/2025,10:10:00 pm,0,2025-07-25 22:10:00,8.1657,9.748,0.0007999999999999119
EWR-1,7/25/2025,10:20:00 pm,0,2025-07-25 22:20:00,8.1665,9.74,0.0009000000000000341
EWR-1,7/25/2025,10:30:00 pm,0,2025-07-25 22:30:00,8.1674,9.731,0.0009000000000000341
EWR-1,7/25/2025,10:40:00 pm,0,2025-07-25 22:40:00,8.1688,9.722,0.0010999999999999233
EWR-1,7/25/2025,10:50:00 pm,0,2025-07-25 22:50:00,8.1698,9.711,0.001100000000000101
EWR-1,7/25/2025,11:00:00 pm,0,2025-07-25 23:00:00,8.1713,9.7,0.0010999999999999233
EWR-1,7/25/2025,11:10:00 pm,0,2025-07-25 23:10:00,8.1733,9.689,0.0010999999999999233
EWR-1,7/25/2025,11:20:00 pm,0,2025-07-25 23:20:00,8.1759,9.678,0.001100000000000101
EWR-1,7/25/2025,11:30:00 pm,0,2025-07-25 23:30:00,8.1782,9.667,0.0012000000000000454
EWR-1,7/25/2025,11:40:00 pm,0,2025-07-25 23:40:00,8.1812,9.655,0.0010999999999999233
EWR-1,7/25/2025,11:50:00 pm,0,2025-07-25 23:50:00,8.1851,9.644,0.001100000000000101
EWR-1,7/26/2025,12:00:00 am,0,2025-07-26 00:00:00,8.1913,9.633,0.0010999999999999233
EWR-1,7/26/2025,12:10:00 am,0,2025-07-26 00:10:00,8.2006,9.622,0.0012000000000000454
EWR-1,7/26/2025,12:20:00 am,0,2025-07-26 00:20:00,8.2095,9.61,0.0011999999999998678
EWR-1,7/26/2025,12:30:00 am,0,2025-07-26 00:30:00,8.2149,9.598,0.001100000000000101
EWR-1,7/26/2025,12:40:00 am,0,2025-07-26 00:40:00,8.2182,9.587,0.0010999999999999233
EWR-1,7/26/2025,12:50:00 am,0,2025-07-26 00:50:00,8.2208,9.576,0.001100000000000101
EWR-1,7/26/2025,01:00:00 am,0,2025-07-26 01:00:00,8.2211,9.565,0.0011999999999998678
EWR-1,7/26/2025,01:10:00 am,0,2025-07-26 01:10:00,8.2211,9.553,0.001100000000000101
EWR-1,7/26/2025,01:20:00 am,0,2025-07-26 01:20:00,8.2205,9.542,0.0009999999999999788
EWR-1,7/26/2025,01:30:00 am,0,2025-07-26 01:30:00,8.2206,9.532,0.0009000000000000341
EWR-1,7/26/2025,01:40:00 am,0,2025-07-26 01:40:00,8.2208,9.523,0.0007999999999999119
EWR-1,7/26/2025,01:50:00 am,0,2025-07-26 01:50:00,8.22,9.515,0.0008000000000000895
EWR-1,7/26/2025,02:00:00 am,0,2025-07-26 02:00:00,8.2197,9.507,0.0007999999999999119
EWR-1,7/26/2025,02:10:00 am,0,2025-07-26 02:10:00,8.2186,9.499,0.0006999999999999674
EWR-1,7/26/2025,02:20:00 am,0,2025-07-26 02:20:00,8.2182,9.492,0.0006000000000000227
EWR-1,7/26/2025,02:30:00 am,0,2025-07-26 02:30:00,8.2172,9.486,0.0008000000000000895
EWR-1,7/26/2025,02:40:00 am,0,2025-07-26 02:40:00,8.2164,9.478,0.0009000000000000341
EWR-1,7/26/2025,02:50:00 am,0,2025-07-26 02:50:00,8.2149,9.469,0.0011999999999998678
EWR-1,7/26/2025,03:00:00 am,0,2025-07-26 03:00:00,8.2156,9.457,0.0010000000000001564
EWR-1,7/26/2025,03:10:00 am,0,2025-07-26 03:10:00,8.2147,9.447,0.0009999999999999788
EWR-1,7/26/2025,03:20:00 am,0,2025-07-26 03:20:00,8.2146,9.437,0.0010999999999999233
EWR-1,7/26/2025,03:30:00 am,0,2025-07-26 03:30:00,8.2139,9.426,0.001100000000000101
EWR-1,7/26/2025,03:40:00 am,0,2025-07-26 03:40:00,8.2134,9.415,0.00129999999999999
EWR-1,7/26/2025,03:50:00 am,0,2025-07-26 03:50:00,8.2131,9.402,0.0011999999999998678
EWR-1,7/26/2025,04:00:00 am,0,2025-07-26 04:00:00,8.2133,9.39,0.0012000000000000454
EWR-1,7/26/2025,04:10:00 am,0,2025-07-26 04:10:00,8.213,9.378,0.0010999999999999233
EWR-1,7/26/2025,04:20:00 am,0,2025-07-26 04:20:00,8.2125,9.367,0.0012000000000000454
EWR-1,7/26/2025,04:30:00 am,0,2025-07-26 04:30:00,8.2124,9.355,0.0012000000000000454
EWR-1,7/26/2025,04:40:00 am,0,2025-07-26 04:40:00,8.2116,9.343,0.0009999999999999788
EWR-1,7/26/2025,04:50:00 am,0,2025-07-26 04:50:00,8.2115,9.333,0.0009000000000000341
EWR-1,7/26/2025,05:00:00 am,0,2025-07-26 05:00:00,8.2118,9.324,0.0012000000000000454
EWR-1,7/26/2025,05:10:00 am,0,2025-07-26 05:10:00,8.2116,9.312,0.0011999999999998678
EWR-1,7/26/2025,05:20:00 am,0,2025-07-26 05:20:00,8.2122,9.3,0.001100000000000101
EWR-1,7/26/2025,05:30:00 am,0,2025-07-26 05:30:00,8.2126,9.289,0.0012000000000000454
EWR-1,7/26/2025,05:40:00 am,0,2025-07-26 05:40:00,8.213,9.277,0.0011999999999998678
EWR-1,7/26/2025,05:50:00 am,0,2025-07-26 05:50:00,8.2132,9.265,0.0009999999999999788
EWR-1,7/26/2025,06:00:00 am,0,2025-07-26 06:00:00,8.2133,9.255,0.0010000000000001564
EWR-1,7/26/2025,06:10:00 am,0,2025-07-26 06:10:00,8.2132,9.245,0.0009999999999999788
EWR-1,7/26/2025,06:20:00 am,0,2025-07-26 06:20:00,8.2131,9.235,0.0010999999999999233
EWR-1,7/26/2025,06:30:00 am,0,2025-07-26 06:30:00,8.2126,9.224,0.0012000000000000454
EWR-1,7/26/2025,06:40:00 am,0,2025-07-26 06:40:00,8.2133,9.212,0.0009999999999999788
EWR-1,7/26/2025,06:50:00 am,0,2025-07-26 06:50:00,8.2133,9.202,0.0010999999999999233
EWR-1,7/26/2025,07:00:00 am,0,2025-07-26 07:00:00,8.2139,9.191,0.0010000000000001564
EWR-1,7/26/2025,07:10:00 am,0,2025-07-26 07:10:00,8.2138,9.181,0.0009999999999999788
EWR-1,7/26/2025,07:20:00 am,0,2025-07-26 07:20:00,8.2139,9.171,0.0009999999999999788
EWR-1,7/26/2025,07:30:00 am,0,2025-07-26 07:30:00,8.2147,9.161,0.0009999999999999788
EWR-1,7/26/2025,07:40:00 am,0,2025-07-26 07:40:00,8.2146,9.151,0.0007999999999999119
EWR-1,7/26/2025,07:50:00 am,0,2025-07-26 07:50:00,8.2151,9.143,0.0006000000000000227
EWR-1,7/26/2025,08:00:00 am,0,2025-07-26 08:00:00,8.2151,9.137,0.0008000000000000895
EWR-1,7/26/2025,08:10:00 am,0,2025-07-26 08:10:00,8.2151,9.129,0.0009999999999999788
EWR-1,7/26/2025,08:20:00 am,0,2025-07-26 08:20:00,8.2152,9.119,0.0004999999999999005
EWR-1,7/26/2025,08:30:00 am,0,2025-07-26 08:30:00,8.2154,9.114,0.0004000000000001336
EWR-1,7/26/2025,08:40:00 am,0,2025-07-26 08:40:00,8.2158,9.11,0.0
EWR-1,7/26/2025,08:50:00 am,0,2025-07-26 08:50:00,8.2165,9.11,0.0
EWR-1,7/26/2025,09:00:00 am,0,2025-07-26 09:00:00,8.2166,9.11,0.00010000000000012221
EWR-1,7/26/2025,09:10:00 am,0,2025-07-26 09:10:00,8.2161,9.111,9.999999999994457e-05
EWR-1,7/26/2025,09:20:00 am,0,2025-07-26 09:20:00,8.2158,9.112,9.999999999994457e-05
EWR-1,7/26/2025,09:30:00 am,0,2025-07-26 09:30:00,8.2161,9.113,0.00010000000000012221
EWR-1,7/26/2025,09:40:00 am,0,2025-07-26 09:40:00,8.2161,9.114,0.00019999999999988915
EWR-1,7/26/2025,09:50:00 am,0,2025-07-26 09:50:00,8.216,9.116,0.00010000000000012221
EWR-1,7/26/2025,10:00:00 am,0,2025-07-26 10:00:00,8.216,9.117,9.999999999994457e-05
EWR-1,7/26/2025,10:10:00 am,0,2025-07-26 10:10:00,8.2153,9.118,0.00019999999999988915
EWR-1,7/26/2025,10:20:00 am,0,2025-07-26 10:20:00,8.2138,9.12,0.0002000000000000668
EWR-1,7/26/2025,10:30:00 am,0,2025-07-26 10:30:00,8.2123,9.122,9.999999999994457e-05
EWR-1,7/26/2025,10:40:00 am,0,2025-07-26 10:40:00,8.2102,9.123,0.0002000000000000668
EWR-1,7/26/2025,10:50:00 am,0,2025-07-26 10:50:00,8.2076,9.125,0.00030000000000001136
EWR-1,7/26/2025,11:00:00 am,0,2025-07-26 11:00:00,8.206,9.128,0.00039999999999995595
EWR-1,7/26/2025,11:10:00 am,0,2025-07-26 11:10:00,8.2049,9.132,0.0005000000000000782
EWR-1,7/26/2025,11:20:00 am,0,2025-07-26 11:20:00,8.2039,9.137,0.0009000000000000341
EWR-1,7/26/2025,11:30:00 am,0,2025-07-26 11:30:00,8.2027,9.146,0.0010999999999999233
EWR-1,7/26/2025,11:40:00 am,0,2025-07-26 11:40:00,8.2019,9.157,0.0010999999999999233
EWR-1,7/26/2025,11:50:00 am,0,2025-07-26 11:50:00,8.2006,9.168,0.00129999999999999
EWR-1,7/26/2025,12:00:00 pm,0,2025-07-26 12:00:00,8.1996,9.181,0.0013000000000001678
EWR-1,7/26/2025,12:10:00 pm,0,2025-07-26 12:10:00,8.1982,9.194,0.00129999999999999
EWR-1,7/26/2025,12:20:00 pm,0,2025-07-26 12:20:00,8.1963,9.207,0.00129999999999999
EWR-1,7/26/2025,12:30:00 pm,0,2025-07-26 12:30:00,8.1952,9.22,0.0010999999999999233
EWR-1,7/26/2025,12:40:00 pm,0,2025-07-26 12:40:00,8.1937,9.231,0.0009999999999999788
EWR-1,7/26/2025,12:50:00 pm,0,2025-07-26 12:50:00,8.1924,9.241,0.0008000000000000895
EWR-1,7/26/2025,01:00:00 pm,0,2025-07-26 13:00:00,8.1914,9.249,0.0006999999999999674
EWR-1,7/26/2025,01:10:00 pm,0,2025-07-26 13:10:00,8.191,9.256,0.0006000000000000227
EWR-1,7/26/2025,01:20:00 pm,0,2025-07-26 13:20:00,8.1898,9.262,0.0006000000000000227
EWR-1,7/26/2025,01:30:00 pm,0,2025-07-26 13:30:00,8.1884,9.268,0.0004999999999999005
EWR-1,7/26/2025,01:40:00 pm,0,2025-07-26 13:40:00,8.188,9.273,0.0005000000000000782
EWR-1,7/26/2025,01:50:00 pm,0,2025-07-26 13:50:00,8.1879,9.278,0.0006000000000000227
EWR-1,7/26/2025,02:00:00 pm,0,2025-07-26 14:00:00,8.1877,9.284,0.0004999999999999005
EWR-1,7/26/2025,02:10:00 pm,0,2025-07-26 14:10:00,8.1876,9.289,0.00039999999999995595
EWR-1,7/26/2025,02:20:00 pm,0,2025-07-26 14:20:00,8.1868,9.293,0.00030000000000001136
EWR-1,7/26/2025,02:30:00 pm,0,2025-07-26 14:30:00,8.1867,9.296,0.0004000000000001336
EWR-1,7/26/2025,02:40:00 pm,0,2025-07-26 14:40:00,8.1869,9.3,0.00030000000000001136
EWR-1,7/26/2025,02:50:00 pm,0,2025-07-26 14:50:00,8.187,9.303,0.0002999999999998337
EWR-1,7/26/2025,03:00:00 pm,0,2025-07-26 15:00:00,8.1872,9.306,0.00030000000000001136
EWR-1,7/26/2025,03:10:00 pm,0,2025-07-26 15:10:00,8.1869,9.309,0.0004000000000001336
EWR-1,7/26/2025,03:20:00 pm,0,2025-07-26 15:20:00,8.1869,9.313,0.00039999999999995595
EWR-1,7/26/2025,03:30:00 pm,0,2025-07-26 15:30:00,8.1871,9.317,0.00030000000000001136
EWR-1,7/26/2025,03:40:00 pm,0,2025-07-26 15:40:00,8.187,9.32,0.00039999999999995595
EWR-1,7/26/2025,03:50:00 pm,0,2025-07-26 15:50:00,8.187,9.324,0.00039999999999995595
EWR-1,7/26/2025,04:00:00 pm,0,2025-07-26 16:00:00,8.1876,9.328,0.0005000000000000782
EWR-1,7/26/2025,04:10:00 pm,0,2025-07-26 16:10:00,8.1882,9.333,0.0004999999999999005
EWR-1,7/26/2025,04:20:00 pm,0,2025-07-26 16:20:00,8.1889,9.338,0.0005000000000000782
EWR-1,7/26/2025,04:30:00 pm,0,2025-07-26 16:30:00,8.1889,9.343,0.0005000000000000782
EWR-1,7/26/2025,04:40:00 pm,0,2025-07-26 16:40:00,8.1892,9.348,0.0006999999999999674
EWR-1,7/26/2025,04:50:00 pm,0,2025-07-26 16:50:00,8.1893,9.355,0.0007999999999999119
EWR-1,7/26/2025,05:00:00 pm,0,2025-07-26 17:00:00,8.1894,9.363,0.001100000000000101
EWR-1,7/26/2025,05:10:00 pm,0,2025-07-26 17:10:00,8.1897,9.374,0.00129999999999999
EWR-1,7/26/2025,05:20:00 pm,0,2025-07-26 17:20:00,8.19,9.387,0.0011999999999998678
EWR-1,7/26/2025,05:30:00 pm,0,2025-07-26 17:30:00,8.1897,9.399,0.0012000000000000454
EWR-1,7/26/2025,05:40:00 pm,0,2025-07-26 17:40:00,8.1894,9.411,0.0009999999999999788
EWR-1,7/26/2025,05:50:00 pm,0,2025-07-26 17:50:00,8.1884,9.421,0.0009999999999999788
EWR-1,7/26/2025,06:00:00 pm,0,2025-07-26 18:00:00,8.1873,9.431,0.0009000000000000341
EWR-1,7/26/2025,06:10:00 pm,0,2025-07-26 18:10:00,8.1868,9.44,0.001100000000000101
EWR-1,7/26/2025,06:20:00 pm,0,2025-07-26 18:20:00,8.1869,9.451,0.0009999999999999788
EWR-1,7/26/2025,06:30:00 pm,0,2025-07-26 18:30:00,8.1866,9.461,0.0007999999999999119
EWR-1,7/26/2025,06:40:00 pm,0,2025-07-26 18:40:00,8.1859,9.469,0.0008000000000000895
EWR-1,7/26/2025,06:50:00 pm,0,2025-07-26 18:50:00,8.1851,9.477,0.0007999999999999119
EWR-1,7/26/2025,07:00:00 pm,0,2025-07-26 19:00:00,8.1842,9.485,0.0006000000000000227
EWR-1,7/26/2025,07:10:00 pm,0,2025-07-26 19:10:00,8.1837,9.491,0.0005000000000000782
EWR-1,7/26/2025,07:20:00 pm,0,2025-07-26 19:20:00,8.1828,9.496,0.00030000000000001136
EWR-1,7/26/2025,07:30:00 pm,0,2025-07-26 19:30:00,8.183,9.499,0.00030000000000001136
EWR-1,7/26/2025,07:40:00 pm,0,2025-07-26 19:40:00,8.1824,9.502,0.00030000000000001136
EWR-1,7/26/2025,07:50:00 pm,0,2025-07-26 19:50:00,8.1823,9.505,9.999999999994457e-05
EWR-1,7/26/2025,08:00:00 pm,0,2025-07-26 20:00:00,8.1825,9.506,0.0
EWR-1,7/26/2025,08:10:00 pm,0,2025-07-26 20:10:00,8.1829,9.506,0.0
EWR-1,7/26/2025,08:20:00 pm,0,2025-07-26 20:20:00,8.183,9.506,0.0002000000000000668
EWR-1,7/26/2025,08:30:00 pm,0,2025-07-26 20:30:00,8.1838,9.504,0.00030000000000001136
EWR-1,7/26/2025,08:40:00 pm,0,2025-07-26 20:40:00,8.1847,9.501,0.00039999999999995595
EWR-1,7/26/2025,08:50:00 pm,0,2025-07-26 20:50:00,8.1857,9.497,0.0004999999999999005
EWR-1,7/26/2025,09:00:00 pm,0,2025-07-26 21:00:00,8.1868,9.492,0.0006000000000000227
EWR-1,7/26/2025,09:10:00 pm,0,2025-07-26 21:10:00,8.1882,9.486,0.000700000000000145
EWR-1,7/26/2025,09:20:00 pm,0,2025-07-26 21:20:00,8.1898,9.479,0.0006999999999999674
EWR-1,7/26/2025,09:30:00 pm,0,2025-07-26 21:30:00,8.1917,9.472,0.0007999999999999119
EWR-1,7/26/2025,09:40:00 pm,0,2025-07-26 21:40:00,8.1932,9.464,0.0008000000000000895
EWR-1,7/26/2025,09:50:00 pm,0,2025-07-26 21:50:00,8.1947,9.456,0.0009999999999999788
EWR-1,7/26/2025,10:00:00 pm,0,2025-07-26 22:00:00,8.1966,9.446,0.0007999999999999119
EWR-1,7/26/2025,10:10:00 pm,0,2025-07-26 22:10:00,8.1981,9.438,0.0009999999999999788
EWR-1,7/26/2025,10:20:00 pm,0,2025-07-26 22:20:00,8.2001,9.428,0.0009000000000000341
EWR-1,7/26/2025,10:30:00 pm,0,2025-07-26 22:30:00,8.2025,9.419,0.0009000000000000341
EWR-1,7/26/2025,10:40:00 pm,0,2025-07-26 22:40:00,8.2048,9.41,0.0009999999999999788
EWR-1,7/26/2025,10:50:00 pm,0,2025-07-26 22:50:00,8.2073,9.4,0.0009000000000000341
EWR-1,7/26/2025,11:00:00 pm,0,2025-07-26 23:00:00,8.2097,9.391,0.0009000000000000341
EWR-1,7/26/2025,11:10:00 pm,0,2025-07-26 23:10:00,8.2116,9.382,0.0009000000000000341
EWR-1,7/26/2025,11:20:00 pm,0,2025-07-26 23:20:00,8.2128,9.373,0.0009999999999999788
EWR-1,7/26/2025,11:30:00 pm,0,2025-07-26 23:30:00,8.2138,9.363,0.0009999999999999788
EWR-1,7/26/2025,11:40:00 pm,0,2025-07-26 23:40:00,8.215,9.353,0.0009999999999999788
EWR-1,7/26/2025,11:50:00 pm,0,2025-07-26 23:50:00,8.2155,9.343,0.0009999999999999788
EWR-1,7/27/2025,12:00:00 am,0,2025-07-27 00:00:00,8.2173,9.333,0.0009000000000000341
EWR-1,7/27/2025,12:10:00 am,0,2025-07-27 00:10:00,8.2186,9.324,0.0009999999999999788
EWR-1,7/27/2025,12:20:00 am,0,2025-07-27 00:20:00,8.2183,9.314,0.0009000000000000341
EWR-1,7/27/2025,12:30:00 am,0,2025-07-27 00:30:00,8.2185,9.305,0.0007999999999999119
EWR-1,7/27/2025,12:40:00 am,0,2025-07-27 00:40:00,8.2186,9.297,0.0009000000000000341
EWR-1,7/27/2025,12:50:00 am,0,2025-07-27 00:50:00,8.2191,9.288,0.0009000000000000341
EWR-1,7/27/2025,01:00:00 am,0,2025-07-27 01:00:00,8.2196,9.279,0.0009999999999999788
EWR-1,7/27/2025,01:10:00 am,0,2025-07-27 01:10:00,8.2205,9.269,0.001100000000000101
EWR-1,7/27/2025,01:20:00 am,0,2025-07-27 01:20:00,8.2211,9.258,0.00129999999999999
EWR-1,7/27/2025,01:30:00 am,0,2025-07-27 01:30:00,8.2218,9.245,0.0010999999999999233
EWR-1,7/27/2025,01:40:00 am,0,2025-07-27 01:40:00,8.2217,9.234,0.0010999999999999233
EWR-1,7/27/2025,01:50:00 am,0,2025-07-27 01:50:00,8.2221,9.223,0.0012000000000000454
EWR-1,7/27/2025,02:00:00 am,0,2025-07-27 02:00:00,8.2223,9.211,0.0009999999999999788
EWR-1,7/27/2025,02:10:00 am,0,2025-07-27 02:10:00,8.2219,9.201,0.0009999999999999788
EWR-1,7/27/2025,02:20:00 am,0,2025-07-27 02:20:00,8.2215,9.191,0.0010000000000001564
EWR-1,7/27/2025,02:30:00 am,0,2025-07-27 02:30:00,8.2216,9.181,0.0009999999999999788
EWR-1,7/27/2025,02:40:00 am,0,2025-07-27 02:40:00,8.2216,9.171,0.0010999999999999233
EWR-1,7/27/2025,02:50:00 am,0,2025-07-27 02:50:00,8.2211,9.16,0.0012000000000000454
EWR-1,7/27/2025,03:00:00 am,0,2025-07-27 03:00:00,8.2217,9.148,0.00129999999999999
EWR-1,7/27/2025,03:10:00 am,0,2025-07-27 03:10:00,8.2218,9.135,0.00129999999999999
EWR-1,7/27/2025,03:20:00 am,0,2025-07-27 03:20:00,8.2219,9.122,0.0012000000000000454
EWR-1,7/27/2025,03:30:00 am,0,2025-07-27 03:30:00,8.2227,9.11,0.00129999999999999
EWR-1,7/27/2025,03:40:00 am,0,2025-07-27 03:40:00,8.2232,9.097,0.0009999999999999788
EWR-1,7/27/2025,03:50:00 am,0,2025-07-27 03:50:00,8.2231,9.087,0.0012000000000000454
EWR-1,7/27/2025,04:00:00 am,0,2025-07-27 04:00:00,8.223,9.075,0.0011999999999998678
EWR-1,7/27/2025,04:10:00 am,0,2025-07-27 04:10:00,8.223,9.063,0.0009999999999999788
EWR-1,7/27/2025,04:20:00 am,0,2025-07-27 04:20:00,8.2235,9.053,0.0010000000000001564
EWR-1,7/27/2025,04:30:00 am,0,2025-07-27 04:30:00,8.2232,9.043,0.0011999999999998678
EWR-1,7/27/2025,04:40:00 am,0,2025-07-27 04:40:00,8.2244,9.031,0.0009999999999999788
EWR-1,7/27/2025,04:50:00 am,0,2025-07-27 04:50:00,8.2244,9.021,0.001100000000000101
EWR-1,7/27/2025,05:00:00 am,0,2025-07-27 05:00:00,8.2249,9.01,0.0009000000000000341
EWR-1,7/27/2025,05:10:00 am,0,2025-07-27 05:10:00,8.2238,9.001,0.0010999999999999233
EWR-1,7/27/2025,05:20:00 am,0,2025-07-27 05:20:00,8.2231,8.99,0.001100000000000101
EWR-1,7/27/2025,05:30:00 am,0,2025-07-27 05:30:00,8.2231,8.979,0.0010999999999999233
EWR-1,7/27/2025,05:40:00 am,0,2025-07-27 05:40:00,8.224,8.968,0.0012000000000000454
EWR-1,7/27/2025,05:50:00 am,0,2025-07-27 05:50:00,8.2248,8.956,0.0010999999999999233
EWR-1,7/27/2025,06:00:00 am,0,2025-07-27 06:00:00,8.2255,8.945,0.0012000000000000454
EWR-1,7/27/2025,06:10:00 am,0,2025-07-27 06:10:00,8.2259,8.933,0.0009999999999999788
EWR-1,7/27/2025,06:20:00 am,0,2025-07-27 06:20:00,8.2261,8.923,0.0010999999999999233
EWR-1,7/27/2025,06:30:00 am,0,2025-07-27 06:30:00,8.2259,8.912,0.0010000000000001564
EWR-1,7/27/2025,06:40:00 am,0,2025-07-27 06:40:00,8.2261,8.902,0.0008999999999998564
EWR-1,7/27/2025,06:50:00 am,0,2025-07-27 06:50:00,8.2259,8.893,0.0009000000000000341
EWR-1,7/27/2025,07:00:00 am,0,2025-07-27 07:00:00,8.2258,8.884,0.0009000000000000341
EWR-1,7/27/2025,07:10:00 am,0,2025-07-27 07:10:00,8.2256,8.875,0.0007999999999999119
EWR-1,7/27/2025,07:20:00 am,0,2025-07-27 07:20:00,8.2253,8.867,0.0008000000000000895
EWR-1,7/27/2025,07:30:00 am,0,2025-07-27 07:30:00,8.2259,8.859,0.0006999999999999674
EWR-1,7/27/2025,07:40:00 am,0,2025-07-27 07:40:00,8.2262,8.852,0.0006999999999999674
EWR-1,7/27/2025,07:50:00 am,0,2025-07-27 07:50:00,8.2262,8.845,0.0006000000000000227
EWR-1,7/27/2025,08:00:00 am,0,2025-07-27 08:00:00,8.2271,8.839,0.0009000000000000341
EWR-1,7/27/2025,08:10:00 am,0,2025-07-27 08:10:00,8.2279,8.83,0.0006000000000000227
EWR-1,7/27/2025,08:20:00 am,0,2025-07-27 08:20:00,8.228,8.824,0.00039999999999995595
EWR-1,7/27/2025,08:30:00 am,0,2025-07-27 08:30:00,8.2275,8.82,0.0
EWR-1,7/27/2025,08:40:00 am,0,2025-07-27 08:40:00,8.2272,8.82,0.0
EWR-1,7/27/2025,08:50:00 am,0,2025-07-27 08:50:00,8.2273,8.82,9.999999999994457e-05
EWR-1,7/27/2025,09:00:00 am,0,2025-07-27 09:00:00,8.2274,8.821,9.999999999994457e-05
EWR-1,7/27/2025,09:10:00 am,0,2025-07-27 09:10:00,8.2275,8.822,0.0002000000000000668
EWR-1,7/27/2025,09:20:00 am,0,2025-07-27 09:20:00,8.2274,8.824,0.0002000000000000668
EWR-1,7/27/2025,09:30:00 am,0,2025-07-27 09:30:00,8.2273,8.826,0.00019999999999988915
EWR-1,7/27/2025,09:40:00 am,0,2025-07-27 09:40:00,8.227,8.828,0.00030000000000001136
EWR-1,7/27/2025,09:50:00 am,0,2025-07-27 09:50:00,8.2265,8.831,0.00030000000000001136
EWR-1,7/27/2025,10:00:00 am,0,2025-07-27 10:00:00,8.2254,8.834,0.00010000000000012221
EWR-1,7/27/2025,10:10:00 am,0,2025-07-27 10:10:00,8.2231,8.835,0.00019999999999988915
EWR-1,7/27/2025,10:20:00 am,0,2025-07-27 10:20:00,8.2212,8.837,9.999999999994457e-05
EWR-1,7/27/2025,10:30:00 am,0,2025-07-27 10:30:00,8.2187,8.838,0.0002000000000000668
EWR-1,7/27/2025,10:40:00 am,0,2025-07-27 10:40:00,8.2177,8.84,0.00030000000000001136
EWR-1,7/27/2025,10:50:00 am,0,2025-07-27 10:50:00,8.217,8.843,0.00030000000000001136
EWR-1,7/27/2025,11:00:00 am,0,2025-07-27 11:00:00,8.2158,8.846,0.0006000000000000227
EWR-1,7/27/2025,11:10:00 am,0,2025-07-27 11:10:00,8.2145,8.852,0.0006999999999999674
EWR-1,7/27/2025,11:20:00 am,0,2025-07-27 11:20:00,8.2134,8.859,0.0009999999999999788
EWR-1,7/27/2025,11:30:00 am,0,2025-07-27 11:30:00,8.2123,8.869,0.001100000000000101
EWR-1,7/27/2025,11:40:00 am,0,2025-07-27 11:40:00,8.2108,8.88,0.00129999999999999
EWR-1,7/27/2025,11:50:00 am,0,2025-07-27 11:50:00,8.2091,8.893,0.0013999999999999347
EWR-1,7/27/2025,12:00:00 pm,0,2025-07-27 12:00:00,8.2073,8.907,0.0013999999999999347
EWR-1,7/27/2025,12:10:00 pm,0,2025-07-27 12:10:00,8.206,8.921,0.0015000000000000568
EWR-1,7/27/2025,12:20:00 pm,0,2025-07-27 12:20:00,8.2047,8.936,0.0015000000000000568
EWR-1,7/27/2025,12:30:00 pm,0,2025-07-27 12:30:00,8.2031,8.951,0.0013999999999999347
EWR-1,7/27/2025,12:40:00 pm,0,2025-07-27 12:40:00,8.2018,8.965,0.0015000000000000568
EWR-1,7/27/2025,12:50:00 pm,0,2025-07-27 12:50:00,8.2003,8.98,0.0014999999999998793
EWR-1,7/27/2025,01:00:00 pm,0,2025-07-27 13:00:00,8.1989,8.995,0.0016000000000000014
EWR-1,7/27/2025,01:10:00 pm,0,2025-07-27 13:10:00,8.1978,9.011,0.0016000000000000014
EWR-1,7/27/2025,01:20:00 pm,0,2025-07-27 13:20:00,8.1966,9.027,0.0018000000000000683
EWR-1,7/27/2025,01:30:00 pm,0,2025-07-27 13:30:00,8.1956,9.045,0.0015000000000000568
EWR-1,7/27/2025,01:40:00 pm,0,2025-07-27 13:40:00,8.1942,9.06,0.0013999999999999347
EWR-1,7/27/2025,01:50:00 pm,0,2025-07-27 13:50:00,8.1928,9.074,0.0013999999999999347
EWR-1,7/27/2025,02:00:00 pm,0,2025-07-27 14:00:00,8.1917,9.088,0.0013000000000001678
EWR-1,7/27/2025,02:10:00 pm,0,2025-07-27 14:10:00,8.1908,9.101,0.00129999999999999
EWR-1,7/27/2025,02:20:00 pm,0,2025-07-27 14:20:00,8.1899,9.114,0.00129999999999999
EWR-1,7/27/2025,02:30:00 pm,0,2025-07-27 14:30:00,8.1892,9.127,0.0011999999999998678
EWR-1,7/27/2025,02:40:00 pm,0,2025-07-27 14:40:00,8.1881,9.139,0.00129999999999999
EWR-1,7/27/2025,02:50:00 pm,0,2025-07-27 14:50:00,8.1872,9.152,0.0015000000000000568
EWR-1,7/27/2025,03:00:00 pm,0,2025-07-27 15:00:00,8.1863,9.167,0.0016000000000000014
EWR-1,7/27/2025,03:10:00 pm,0,2025-07-27 15:10:00,8.1848,9.183,0.0016000000000000014
EWR-1,7/27/2025,03:20:00 pm,0,2025-07-27 15:20:00,8.1841,9.199,0.0013999999999999347
EWR-1,7/27/2025,03:30:00 pm,0,2025-07-27 15:30:00,8.1833,9.213,0.0013000000000001678
EWR-1,7/27/2025,03:40:00 pm,0,2025-07-27 15:40:00,8.1826,9.226,0.0011999999999998678
EWR-1,7/27/2025,03:50:00 pm,0,2025-07-27 15:50:00,8.1812,9.238,0.001100000000000101
EWR-1,7/27/2025,04:00:00 pm,0,2025-07-27 16:00:00,8.1804,9.249,0.0010999999999999233
EWR-1,7/27/2025,04:10:00 pm,0,2025-07-27 16:10:00,8.1796,9.26,0.0009999999999999788
EWR-1,7/27/2025,04:20:00 pm,0,2025-07-27 16:20:00,8.1783,9.27,0.0009000000000000341
EWR-1,7/27/2025,04:30:00 pm,0,2025-07-27 16:30:00,8.1777,9.279,0.0012000000000000454
EWR-1,7/27/2025,04:40:00 pm,0,2025-07-27 16:40:00,8.1769,9.291,0.00259999999999998
EWR-1,7/27/2025,04:50:00 pm,0,2025-07-27 16:50:00,8.1777,9.317,9.999999999994457e-05
EWR-1,7/27/2025,05:00:00 pm,0,2025-07-27 17:00:00,8.1777,9.318,0.0009999999999999788
EWR-1,7/27/2025,05:10:00 pm,0,2025-07-27 17:10:00,8.1773,9.328,0.0014000000000001123
EWR-1,7/27/2025,05:20:00 pm,0,2025-07-27 17:20:00,8.1772,9.342,0.0016000000000000014
EWR-1,7/27/2025,05:30:00 pm,0,2025-07-27 17:30:00,8.177,9.358,0.0014999999999998793
EWR-1,7/27/2025,05:40:00 pm,0,2025-07-27 17:40:00,8.1767,9.373,0.0014000000000001123
EWR-1,7/27/2025,05:50:00 pm,0,2025-07-27 17:50:00,8.1761,9.387,0.0013999999999999347
EWR-1,7/27/2025,06:00:00 pm,0,2025-07-27 18:00:00,8.1755,9.401,0.00129999999999999
EWR-1,7/27/2025,06:10:00 pm,0,2025-07-27 18:10:00,8.1749,9.414,0.00129999999999999
EWR-1,7/27/2025,06:20:00 pm,0,2025-07-27 18:20:00,8.1741,9.427,0.0012000000000000454
EWR-1,7/27/2025,06:30:00 pm,0,2025-07-27 18:30:00,8.1734,9.439,0.00129999999999999
EWR-1,7/27/2025,06:40:00 pm,0,2025-07-27 18:40:00,8.1725,9.452,0.0010999999999999233
EWR-1,7/27/2025,06:50:00 pm,0,2025-07-27 18:50:00,8.172,9.463,0.001100000000000101
EWR-1,7/27/2025,07:00:00 pm,0,2025-07-27 19:00:00,8.1714,9.474,0.0010999999999999233
EWR-1,7/27/2025,07:10:00 pm,0,2025-07-27 19:10:00,8.1707,9.485,0.0009000000000000341
EWR-1,7/27/2025,07:20:00 pm,0,2025-07-27 19:20:00,8.17,9.494,0.0006999999999999674
EWR-1,7/27/2025,07:30:00 pm,0,2025-07-27 19:30:00,8.1696,9.501,0.0006000000000000227
EWR-1,7/27/2025,07:40:00 pm,0,2025-07-27 19:40:00,8.1688,9.507,0.0005000000000000782
EWR-1,7/27/2025,07:50:00 pm,0,2025-07-27 19:50:00,8.1684,9.512,0.00039999999999995595
EWR-1,7/27/2025,08:00:00 pm,0,2025-07-27 20:00:00,8.1681,9.516,0.00039999999999995595
EWR-1,7/27/2025,08:10:00 pm,0,2025-07-27 20:10:00,8.1674,9.52,0.0002000000000000668
EWR-1,7/27/2025,08:20:00 pm,0,2025-07-27 20:20:00,8.1676,9.522,0.00019999999999988915
EWR-1,7/27/2025,08:30:00 pm,0,2025-07-27 20:30:00,8.1678,9.524,0.00010000000000012221
EWR-1,7/27/2025,08:40:00 pm,0,2025-07-27 20:40:00,8.1677,9.525,0.0
EWR-1,7/27/2025,08:50:00 pm,0,2025-07-27 20:50:00,8.1679,9.525,0.00010000000000012221
EWR-1,7/27/2025,09:00:00 pm,0,2025-07-27 21:00:00,8.1719,9.524,0.00019999999999988915
EWR-1,7/27/2025,09:10:00 pm,0,2025-07-27 21:10:00,8.1718,9.522,9.999999999994457e-05
EWR-1,7/27/2025,09:20:00 pm,0,2025-07-27 21:20:00,8.1722,9.521,0.0002000000000000668
EWR-1,7/27/2025,09:30:00 pm,0,2025-07-27 21:30:00,8.1733,9.519,0.0002000000000000668
EWR-1,7/27/2025,09:40:00 pm,0,2025-07-27 21:40:00,8.1739,9.517,0.00019999999999988915
EWR-1,7/27/2025,09:50:00 pm,0,2025-07-27 21:50:00,8.1749,9.515,0.00030000000000001136
EWR-1,7/27/2025,10:00:00 pm,0,2025-07-27 22:00:00,8.1758,9.512,0.0004000000000001336
EWR-1,7/27/2025,10:10:00 pm,0,2025-07-27 22:10:00,8.1767,9.508,0.00019999999999988915
EWR-1,7/27/2025,10:20:00 pm,0,2025-07-27 22:20:00,8.1777,9.506,0.00030000000000001136
EWR-1,7/27/2025,10:30:00 pm,0,2025-07-27 22:30:00,8.1791,9.503,0.00039999999999995595
EWR-1,7/27/2025,10:40:00 pm,0,2025-07-27 22:40:00,8.1805,9.499,0.0004000000000001336
EWR-1,7/27/2025,10:50:00 pm,0,2025-07-27 22:50:00,8.1815,9.495,0.00039999999999995595
EWR-1,7/27/2025,11:00:00 pm,0,2025-07-27 23:00:00,8.1831,9.491,0.00030000000000001136
EWR-1,7/27/2025,11:10:00 pm,0,2025-07-27 23:10:00,8.1848,9.488,0.0004999999999999005
EWR-1,7/27/2025,11:20:00 pm,0,2025-07-27 23:20:00,8.1874,9.483,0.0006000000000000227
EWR-1,7/27/2025,11:30:00 pm,0,2025-07-27 23:30:00,8.1926,9.477,0.0006000000000000227
EWR-1,7/27/2025,11:40:00 pm,0,2025-07-27 23:40:00,8.1984,9.471,0.0008000000000000895
EWR-1,7/27/2025,11:50:00 pm,0,2025-07-27 23:50:00,8.2035,9.463,0.0007999999999999119
EWR-1,7/28/2025,12:00:00 am,0,2025-07-28 00:00:00,8.2083,9.455,0.0008000000000000895
EWR-1,7/28/2025,12:10:00 am,0,2025-07-28 00:10:00,8.213,9.447,0.0008999999999998564
EWR-1,7/28/2025,12:20:00 am,0,2025-07-28 00:20:00,8.2156,9.438,0.0009000000000000341
EWR-1,7/28/2025,12:30:00 am,0,2025-07-28 00:30:00,8.2198,9.429,0.0008000000000000895
EWR-1,7/28/2025,12:40:00 am,0,2025-07-28 00:40:00,8.2234,9.421,0.0007999999999999119
EWR-1,7/28/2025,12:50:00 am,0,2025-07-28 00:50:00,8.2252,9.413,0.0009000000000000341
EWR-1,7/28/2025,01:00:00 am,0,2025-07-28 01:00:00,8.2263,9.404,0.0009000000000000341
EWR-1,7/28/2025,01:10:00 am,0,2025-07-28 01:10:00,8.2272,9.395,0.0007999999999999119
EWR-1,7/28/2025,01:20:00 am,0,2025-07-28 01:20:00,8.2278,9.387,0.0008000000000000895
EWR-1,7/28/2025,01:30:00 am,0,2025-07-28 01:30:00,8.2282,9.379,0.0007999999999999119
EWR-1,7/28/2025,01:40:00 am,0,2025-07-28 01:40:00,8.2286,9.371,0.0009000000000000341
EWR-1,7/28/2025,01:50:00 am,0,2025-07-28 01:50:00,8.2294,9.362,0.0009999999999999788
EWR-1,7/28/2025,02:00:00 am,0,2025-07-28 02:00:00,8.2303,9.352,0.0009000000000000341
EWR-1,7/28/2025,02:10:00 am,0,2025-07-28 02:10:00,8.231,9.343,0.0009999999999999788
EWR-1,7/28/2025,02:20:00 am,0,2025-07-28 02:20:00,8.231,9.333,0.001100000000000101
EWR-1,7/28/2025,02:30:00 am,0,2025-07-28 02:30:00,8.2312,9.322,0.0011999999999998678
EWR-1,7/28/2025,02:40:00 am,0,2025-07-28 02:40:00,8.2315,9.31,0.0014000000000001123
EWR-1,7/28/2025,02:50:00 am,0,2025-07-28 02:50:00,8.2324,9.296,0.00129999999999999
EWR-1,7/28/2025,03:00:00 am,0,2025-07-28 03:00:00,8.2324,9.283,0.0010999999999999233
EWR-1,7/28/2025,03:10:00 am,0,2025-07-28 03:10:00,8.2325,9.272,0.0012000000000000454
EWR-1,7/28/2025,03:20:00 am,0,2025-07-28 03:20:00,8.2328,9.26,0.0010999999999999233
EWR-1,7/28/2025,03:30:00 am,0,2025-07-28 03:30:00,8.2332,9.249,0.0012000000000000454
EWR-1,7/28/2025,03:40:00 am,0,2025-07-28 03:40:00,8.2333,9.237,0.0012000000000000454
EWR-1,7/28/2025,03:50:00 am,0,2025-07-28 03:50:00,8.2336,9.225,0.00129999999999999
EWR-1,7/28/2025,04:00:00 am,0,2025-07-28 04:00:00,8.2347,9.212,0.0010999999999999233
EWR-1,7/28/2025,04:10:00 am,0,2025-07-28 04:10:00,8.2354,9.201,0.0012000000000000454
EWR-1,7/28/2025,04:20:00 am,0,2025-07-28 04:20:00,8.2357,9.189,0.0013999999999999347
EWR-1,7/28/2025,04:30:00 am,0,2025-07-28 04:30:00,8.2362,9.175,0.0012000000000000454
EWR-1,7/28/2025,04:40:00 am,0,2025-07-28 04:40:00,8.237,9.163,0.0014000000000001123
EWR-1,7/28/2025,04:50:00 am,0,2025-07-28 04:50:00,8.2375,9.149,0.00129999999999999
EWR-1,7/28/2025,05:00:00 am,0,2025-07-28 05:00:00,8.2377,9.136,0.00129999999999999
EWR-1,7/28/2025,05:10:00 am,0,2025-07-28 05:10:00,8.2381,9.123,0.0011999999999998678
EWR-1,7/28/2025,05:20:00 am,0,2025-07-28 05:20:00,8.239,9.111,0.00129999999999999
EWR-1,7/28/2025,05:30:00 am,0,2025-07-28 05:30:00,8.2396,9.098,0.00129999999999999
EWR-1,7/28/2025,05:40:00 am,0,2025-07-28 05:40:00,8.2403,9.085,0.0012000000000000454
EWR-1,7/28/2025,05:50:00 am,0,2025-07-28 05:50:00,8.2413,9.073,0.00129999999999999
EWR-1,7/28/2025,06:00:00 am,0,2025-07-28 06:00:00,8.2419,9.06,0.00129999999999999
EWR-1,7/28/2025,06:10:00 am,0,2025-07-28 06:10:00,8.2426,9.047,0.0012000000000000454
EWR-1,7/28/2025,06:20:00 am,0,2025-07-28 06:20:00,8.2428,9.035,0.00129999999999999
EWR-1,7/28/2025,06:30:00 am,0,2025-07-28 06:30:00,8.2435,9.022,0.001100000000000101
EWR-1,7/28/2025,06:40:00 am,0,2025-07-28 06:40:00,8.2435,9.011,0.0010999999999999233
EWR-1,7/28/2025,06:50:00 am,0,2025-07-28 06:50:00,8.2437,9.0,0.0010999999999999233
EWR-1,7/28/2025,07:00:00 am,0,2025-07-28 07:00:00,8.2443,8.989,0.0010000000000001564
EWR-1,7/28/2025,07:10:00 am,0,2025-07-28 07:10:00,8.2446,8.979,0.0010999999999999233
EWR-1,7/28/2025,07:20:00 am,0,2025-07-28 07:20:00,8.2444,8.968,0.0009000000000000341
EWR-1,7/28/2025,07:30:00 am,0,2025-07-28 07:30:00,8.2445,8.959,0.0009999999999999788
EWR-1,7/28/2025,07:40:00 am,0,2025-07-28 07:40:00,8.2447,8.949,0.0007999999999999119
EWR-1,7/28/2025,07:50:00 am,0,2025-07-28 07:50:00,8.2449,8.941,0.0009000000000000341
EWR-1,7/28/2025,08:00:00 am,0,2025-07-28 08:00:00,8.2447,8.932,0.0006000000000000227
EWR-1,7/28/2025,08:10:00 am,0,2025-07-28 08:10:00,8.245,8.926,0.00039999999999995595
EWR-1,7/28/2025,08:20:00 am,0,2025-07-28 08:20:00,8.2456,8.922,0.00030000000000001136
EWR-1,7/28/2025,08:30:00 am,0,2025-07-28 08:30:00,8.2456,8.919,0.00010000000000012221
EWR-1,7/28/2025,08:40:00 am,0,2025-07-28 08:40:00,8.2457,8.918,0.00010000000000012221
EWR-1,7/28/2025,08:50:00 am,0,2025-07-28 08:50:00,8.2456,8.919,0.0
EWR-1,7/28/2025,09:00:00 am,0,2025-07-28 09:00:00,8.2459,8.919,0.00019999999999988915
EWR-1,7/28/2025,09:10:00 am,0,2025-07-28 09:10:00,8.2453,8.921,0.00010000000000012221
EWR-1,7/28/2025,09:20:00 am,0,2025-07-28 09:20:00,8.2445,8.922,9.999999999994457e-05
EWR-1,7/28/2025,09:30:00 am,0,2025-07-28 09:30:00,8.2442,8.923,0.0002000000000000668
EWR-1,7/28/2025,09:40:00 am,0,2025-07-28 09:40:00,8.2426,8.925,9.999999999994457e-05
EWR-1,7/28/2025,09:50:00 am,0,2025-07-28 09:50:00,8.2416,8.926,0.0002000000000000668
EWR-1,7/28/2025,10:00:00 am,0,2025-07-28 10:00:00,8.2391,8.928,9.999999999994457e-05
EWR-1,7/28/2025,10:10:00 am,0,2025-07-28 10:10:00,8.2363,8.929,0.00019999999999988915
EWR-1,7/28/2025,10:20:00 am,0,2025-07-28 10:20:00,8.2325,8.931,0.0002000000000000668
EWR-1,7/28/2025,10:30:00 am,0,2025-07-28 10:30:00,8.2287,8.933,0.0002000000000000668
EWR-1,7/28/2025,10:40:00 am,0,2025-07-28 10:40:00,8.2255,8.935,0.00030000000000001136
EWR-1,7/28/2025,10:50:00 am,0,2025-07-28 10:50:00,8.2217,8.938,0.0004999999999999005
EWR-1,7/28/2025,11:00:00 am,0,2025-07-28 11:00:00,8.2184,8.943,0.0005000000000000782
EWR-1,7/28/2025,11:10:00 am,0,2025-07-28 11:10:00,8.2163,8.948,0.0006000000000000227
EWR-1,7/28/2025,11:20:00 am,0,2025-07-28 11:20:00,8.2132,8.954,0.0007999999999999119
EWR-1,7/28/2025,11:30:00 am,0,2025-07-28 11:30:00,8.213,8.962,0.0009999999999999788
EWR-1,7/28/2025,11:40:00 am,0,2025-07-28 11:40:00,8.2129,8.972,0.0012000000000000454
EWR-1,7/28/2025,11:50:00 am,0,2025-07-28 11:50:00,8.2127,8.984,0.00129999999999999
EWR-1,7/28/2025,12:00:00 pm,0,2025-07-28 12:00:00,8.2123,8.997,0.0013999999999999347
EWR-1,7/28/2025,12:10:00 pm,0,2025-07-28 12:10:00,8.2116,9.011,0.0014000000000001123
EWR-1,7/28/2025,12:20:00 pm,0,2025-07-28 12:20:00,8.2108,9.025,0.0014999999999998793
EWR-1,7/28/2025,12:30:00 pm,0,2025-07-28 12:30:00,8.2099,9.04,0.0014000000000001123
EWR-1,7/28/2025,12:40:00 pm,0,2025-07-28 12:40:00,8.2088,9.054,0.0015000000000000568
EWR-1,7/28/2025,12:50:00 pm,0,2025-07-28 12:50:00,8.2074,9.069,0.0014999999999998793
EWR-1,7/28/2025,01:00:00 pm,0,2025-07-28 13:00:00,8.206,9.084,0.0016000000000000014
EWR-1,7/28/2025,01:10:00 pm,0,2025-07-28 13:10:00,8.2051,9.1,0.0015000000000000568
EWR-1,7/28/2025,01:20:00 pm,0,2025-07-28 13:20:00,8.2039,9.115,0.001699999999999946
EWR-1,7/28/2025,01:30:00 pm,0,2025-07-28 13:30:00,8.2027,9.132,0.0016000000000000014
EWR-1,7/28/2025,01:40:00 pm,0,2025-07-28 13:40:00,8.2018,9.148,0.001699999999999946
EWR-1,7/28/2025,01:50:00 pm,0,2025-07-28 13:50:00,8.2008,9.165,0.0016000000000000014
EWR-1,7/28/2025,02:00:00 pm,0,2025-07-28 14:00:00,8.1995,9.181,0.0017000000000001237
EWR-1,7/28/2025,02:10:00 pm,0,2025-07-28 14:10:00,8.1987,9.198,0.0017999999999998907
EWR-1,7/28/2025,02:20:00 pm,0,2025-07-28 14:20:00,8.1975,9.216,0.0017000000000001237
EWR-1,7/28/2025,02:30:00 pm,0,2025-07-28 14:30:00,8.1967,9.233,0.0017999999999998907
EWR-1,7/28/2025,02:40:00 pm,0,2025-07-28 14:40:00,8.1955,9.251,0.0017000000000001237
EWR-1,7/28/2025,02:50:00 pm,0,2025-07-28 14:50:00,8.1947,9.268,0.001699999999999946
EWR-1,7/28/2025,03:00:00 pm,0,2025-07-28 15:00:00,8.1935,9.285,0.001699999999999946
EWR-1,7/28/2025,03:10:00 pm,0,2025-07-28 15:10:00,8.1924,9.302,0.0016000000000000014
EWR-1,7/28/2025,03:20:00 pm,0,2025-07-28 15:20:00,8.1916,9.318,0.0017000000000001237
EWR-1,7/28/2025,03:30:00 pm,0,2025-07-28 15:30:00,8.1904,9.335,0.0016000000000000014
EWR-1,7/28/2025,03:40:00 pm,0,2025-07-28 15:40:00,8.1893,9.351,0.001699999999999946
EWR-1,7/28/2025,03:50:00 pm,0,2025-07-28 15:50:00,8.1883,9.368,0.001699999999999946
EWR-1,7/28/2025,04:00:00 pm,0,2025-07-28 16:00:00,8.1872,9.385,0.0016000000000000014
EWR-1,7/28/2025,04:10:00 pm,0,2025-07-28 16:10:00,8.186,9.401,0.0016000000000000014
EWR-1,7/28/2025,04:20:00 pm,0,2025-07-28 16:20:00,8.1849,9.417,0.0016000000000000014
EWR-1,7/28/2025,04:30:00 pm,0,2025-07-28 16:30:00,8.1837,9.433,0.0015000000000000568
EWR-1,7/28/2025,04:40:00 pm,0,2025-07-28 16:40:00,8.1824,9.448,0.0016000000000000014
EWR-1,7/28/2025,04:50:00 pm,0,2025-07-28 16:50:00,8.1813,9.464,0.0016000000000000014
EWR-1,7/28/2025,05:00:00 pm,0,2025-07-28 17:00:00,8.1801,9.48,0.0014999999999998793
EWR-1,7/28/2025,05:10:00 pm,0,2025-07-28 17:10:00,8.1788,9.495,0.0016000000000000014
EWR-1,7/28/2025,05:20:00 pm,0,2025-07-28 17:20:00,8.1779,9.511,0.0016000000000000014
EWR-1,7/28/2025,05:30:00 pm,0,2025-07-28 17:30:00,8.1768,9.527,0.0015000000000000568
EWR-1,7/28/2025,05:40:00 pm,0,2025-07-28 17:40:00,8.1752,9.542,0.0015000000000000568
EWR-1,7/28/2025,05:50:00 pm,0,2025-07-28 17:50:00,8.1783,9.557,0.0013999999999999347
EWR-1,7/28/2025,06:00:00 pm,0,2025-07-28 18:00:00,8.1769,9.571,0.0014000000000001123
EWR-1,7/28/2025,06:10:00 pm,0,2025-07-28 18:10:00,8.1753,9.585,0.00129999999999999
EWR-1,7/28/2025,06:20:00 pm,0,2025-07-28 18:20:00,8.1742,9.598,0.0011999999999998678
EWR-1,7/28/2025,06:30:00 pm,0,2025-07-28 18:30:00,8.1729,9.61,0.001100000000000101
EWR-1,7/28/2025,06:40:00 pm,0,2025-07-28 18:40:00,8.1717,9.621,0.0011999999999998678
EWR-1,7/28/2025,06:50:00 pm,0,2025-07-28 18:50:00,8.1705,9.633,0.0009000000000000341
EWR-1,7/28/2025,07:00:00 pm,0,2025-07-28 19:00:00,8.1694,9.642,0.0008000000000000895
EWR-1,7/28/2025,07:10:00 pm,0,2025-07-28 19:10:00,8.1684,9.65,0.0006999999999999674
EWR-1,7/28/2025,07:20:00 pm,0,2025-07-28 19:20:00,8.1673,9.657,0.0006000000000000227
EWR-1,7/28/2025,07:30:00 pm,0,2025-07-28 19:30:00,8.1664,9.663,0.0006000000000000227
EWR-1,7/28/2025,07:40:00 pm,0,2025-07-28 19:40:00,8.1656,9.669,0.0004999999999999005
EWR-1,7/28/2025,07:50:00 pm,0,2025-07-28 19:50:00,8.165,9.674,0.0004000000000001336
EWR-1,7/28/2025,08:00:00 pm,0,2025-07-28 20:00:00,8.1642,9.678,0.0002999999999998337
EWR-1,7/28/2025,08:10:00 pm,0,2025-07-28 20:10:00,8.1638,9.681,0.0002000000000000668
EWR-1,7/28/2025,08:20:00 pm,0,2025-07-28 20:20:00,8.1632,9.683,0.0002000000000000668
EWR-1,7/28/2025,08:30:00 pm,0,2025-07-28 20:30:00,8.163,9.685,0.00010000000000012221
EWR-1,7/28/2025,08:40:00 pm,0,2025-07-28 20:40:00,8.1629,9.684,9.999999999994457e-05
EWR-1,7/28/2025,08:50:00 pm,0,2025-07-28 20:50:00,8.163,9.683,0.00030000000000001136
EWR-1,7/28/2025,09:00:00 pm,0,2025-07-28 21:00:00,8.1629,9.68,0.00030000000000001136
EWR-1,7/28/2025,09:10:00 pm,0,2025-07-28 21:10:00,8.1629,9.677,0.00039999999999995595
EWR-1,7/28/2025,09:20:00 pm,0,2025-07-28 21:20:00,8.1635,9.673,0.0005000000000000782
EWR-1,7/28/2025,09:30:00 pm,0,2025-07-28 21:30:00,8.164,9.668,0.00039999999999995595
EWR-1,7/28/2025,09:40:00 pm,0,2025-07-28 21:40:00,8.1645,9.664,0.0004999999999999005
EWR-1,7/28/2025,09:50:00 pm,0,2025-07-28 21:50:00,8.165,9.659,0.000700000000000145
EWR-1,7/28/2025,10:00:00 pm,0,2025-07-28 22:00:00,8.1656,9.652,0.0004999999999999005
EWR-1,7/28/2025,10:10:00 pm,0,2025-07-28 22:10:00,8.1665,9.647,0.0006000000000000227
EWR-1,7/28/2025,10:20:00 pm,0,2025-07-28 22:20:00,8.1669,9.641,0.0006000000000000227
EWR-1,7/28/2025,10:30:00 pm,0,2025-07-28 22:30:00,8.1677,9.635,0.0007999999999999119
EWR-1,7/28/2025,10:40:00 pm,0,2025-07-28 22:40:00,8.1687,9.627,0.0008000000000000895
EWR-1,7/28/2025,10:50:00 pm,0,2025-07-28 22:50:00,8.1689,9.619,0.0006999999999999674
EWR-1,7/28/2025,11:00:00 pm,0,2025-07-28 23:00:00,8.1699,9.612,0.0008000000000000895
EWR-1,7/28/2025,11:10:00 pm,0,2025-07-28 23:10:00,8.1707,9.604,0.0008999999999998564
EWR-1,7/28/2025,11:20:00 pm,0,2025-07-28 23:20:00,8.1721,9.595,0.0009000000000000341
EWR-1,7/28/2025,11:30:00 pm,0,2025-07-28 23:30:00,8.173,9.586,0.0009000000000000341
EWR-1,7/28/2025,11:40:00 pm,0,2025-07-28 23:40:00,8.1743,9.577,0.0009000000000000341
EWR-1,7/28/2025,11:50:00 pm,0,2025-07-28 23:50:00,8.1757,9.568,0.0007999999999999119
EWR-1,7/29/2025,12:00:00 am,0,2025-07-29 00:00:00,8.1768,9.56,0.0006999999999999674
EWR-1,7/29/2025,12:10:00 am,0,2025-07-29 00:10:00,8.1783,9.553,0.0008000000000000895
EWR-1,7/29/2025,12:20:00 am,0,2025-07-29 00:20:00,8.1799,9.545,0.0007999999999999119
EWR-1,7/29/2025,12:30:00 am,0,2025-07-29 00:30:00,8.1819,9.537,0.0009000000000000341
EWR-1,7/29/2025,12:40:00 am,0,2025-07-29 00:40:00,8.1852,9.528,0.001100000000000101
EWR-1,7/29/2025,12:50:00 am,0,2025-07-29 00:50:00,8.1885,9.517,0.0009000000000000341
EWR-1,7/29/2025,01:00:00 am,0,2025-07-29 01:00:00,8.1922,9.508,0.0009999999999999788
EWR-1,7/29/2025,01:10:00 am,0,2025-07-29 01:10:00,8.1962,9.498,0.0008999999999998564
EWR-1,7/29/2025,01:20:00 am,0,2025-07-29 01:20:00,8.1999,9.489,0.0010000000000001564
EWR-1,7/29/2025,01:30:00 am,0,2025-07-29 01:30:00,8.2039,9.479,0.0008999999999998564
EWR-1,7/29/2025,01:40:00 am,0,2025-07-29 01:40:00,8.2069,9.47,0.0009999999999999788
EWR-1,7/29/2025,01:50:00 am,0,2025-07-29 01:50:00,8.2105,9.46,0.0010000000000001564
EWR-1,7/29/2025,02:00:00 am,0,2025-07-29 02:00:00,8.2139,9.45,0.0009999999999999788
EWR-1,7/29/2025,02:10:00 am,0,2025-07-29 02:10:00,8.2168,9.44,0.0009000000000000341
EWR-1,7/29/2025,02:20:00 am,0,2025-07-29 02:20:00,8.2202,9.431,0.0008999999999998564
EWR-1,7/29/2025,02:30:00 am,0,2025-07-29 02:30:00,8.2227,9.422,0.0012000000000000454
EWR-1,7/29/2025,02:40:00 am,0,2025-07-29 02:40:00,8.225,9.41,0.0009999999999999788
EWR-1,7/29/2025,02:50:00 am,0,2025-07-29 02:50:00,8.2274,9.4,0.0009999999999999788
EWR-1,7/29/2025,03:00:00 am,0,2025-07-29 03:00:00,8.2274,9.39,0.001100000000000101
EWR-1,7/29/2025,03:10:00 am,0,2025-07-29 03:10:00,8.2306,9.379,0.0010999999999999233
EWR-1,7/29/2025,03:20:00 am,0,2025-07-29 03:20:00,8.233,9.368,0.001100000000000101
EWR-1,7/29/2025,03:30:00 am,0,2025-07-29 03:30:00,8.235,9.357,0.0011999999999998678
EWR-1,7/29/2025,03:40:00 am,0,2025-07-29 03:40:00,8.2366,9.345,0.001100000000000101
EWR-1,7/29/2025,03:50:00 am,0,2025-07-29 03:50:00,8.2377,9.334,0.0010999999999999233
EWR-1,7/29/2025,04:00:00 am,0,2025-07-29 04:00:00,8.2385,9.323,0.0012000000000000454
EWR-1,7/29/2025,04:10:00 am,0,2025-07-29 04:10:00,8.2394,9.311,0.00129999999999999
EWR-1,7/29/2025,04:20:00 am,0,2025-07-29 04:20:00,8.2399,9.298,0.0015000000000000568
EWR-1,7/29/2025,04:30:00 am,0,2025-07-29 04:30:00,8.2401,9.283,0.0009999999999999788
EWR-1,7/29/2025,04:40:00 am,0,2025-07-29 04:40:00,8.2406,9.273,0.0010999999999999233
EWR-1,7/29/2025,04:50:00 am,0,2025-07-29 04:50:00,8.2414,9.262,0.001100000000000101
EWR-1,7/29/2025,05:00:00 am,0,2025-07-29 05:00:00,8.2423,9.251,0.00129999999999999
EWR-1,7/29/2025,05:10:00 am,0,2025-07-29 05:10:00,8.2434,9.238,0.00129999999999999
EWR-1,7/29/2025,05:20:00 am,0,2025-07-29 05:20:00,8.2443,9.225,0.00129999999999999
EWR-1,7/29/2025,05:30:00 am,0,2025-07-29 05:30:00,8.2452,9.212,0.0012000000000000454
EWR-1,7/29/2025,05:40:00 am,0,2025-07-29 05:40:00,8.2464,9.2,0.00129999999999999
EWR-1,7/29/2025,05:50:00 am,0,2025-07-29 05:50:00,8.247,9.187,0.00129999999999999
EWR-1,7/29/2025,06:00:00 am,0,2025-07-29 06:00:00,8.2481,9.174,0.00129999999999999
EWR-1,7/29/2025,06:10:00 am,0,2025-07-29 06:10:00,8.249,9.161,0.00129999999999999
EWR-1,7/29/2025,06:20:00 am,0,2025-07-29 06:20:00,8.2487,9.148,0.0012000000000000454
EWR-1,7/29/2025,06:30:00 am,0,2025-07-29 06:30:00,8.2494,9.136,0.00129999999999999
EWR-1,7/29/2025,06:40:00 am,0,2025-07-29 06:40:00,8.2498,9.123,0.0011999999999998678
EWR-1,7/29/2025,06:50:00 am,0,2025-07-29 06:50:00,8.2501,9.111,0.00129999999999999
EWR-1,7/29/2025,07:00:00 am,0,2025-07-29 07:00:00,8.25,9.098,0.00129999999999999
EWR-1,7/29/2025,07:10:00 am,0,2025-07-29 07:10:00,8.2506,9.085,0.0015000000000000568
EWR-1,7/29/2025,07:20:00 am,0,2025-07-29 07:20:00,8.251,9.07,0.0012000000000000454
EWR-1,7/29/2025,07:30:00 am,0,2025-07-29 07:30:00,8.2512,9.058,0.0010999999999999233
EWR-1,7/29/2025,07:40:00 am,0,2025-07-29 07:40:00,8.2512,9.047,0.0009999999999999788
EWR-1,7/29/2025,07:50:00 am,0,2025-07-29 07:50:00,8.2517,9.037,0.0010000000000001564
EWR-1,7/29/2025,08:00:00 am,0,2025-07-29 08:00:00,8.2522,9.027,0.0005999999999998451
EWR-1,7/29/2025,08:10:00 am,0,2025-07-29 08:10:00,8.2524,9.021,0.0005000000000000782
EWR-1,7/29/2025,08:20:00 am,0,2025-07-29 08:20:00,8.2525,9.016,0.00030000000000001136
EWR-1,7/29/2025,08:30:00 am,0,2025-07-29 08:30:00,8.2523,9.013,0.0002000000000000668
EWR-1,7/29/2025,08:40:00 am,0,2025-07-29 08:40:00,8.2523,9.011,0.0
EWR-1,7/29/2025,08:50:00 am,0,2025-07-29 08:50:00,8.2521,9.011,0.0
EWR-1,7/29/2025,09:00:00 am,0,2025-07-29 09:00:00,8.2513,9.011,0.0
EWR-1,7/29/2025,09:10:00 am,0,2025-07-29 09:10:00,8.2513,9.011,0.00010000000000012221
EWR-1,7/29/2025,09:20:00 am,0,2025-07-29 09:20:00,8.2505,9.012,0.00019999999999988915
EWR-1,7/29/2025,09:30:00 am,0,2025-07-29 09:30:00,8.2488,9.014,0.00010000000000012221
EWR-1,7/29/2025,09:40:00 am,0,2025-07-29 09:40:00,8.2472,9.015,0.00019999999999988915
EWR-1,7/29/2025,09:50:00 am,0,2025-07-29 09:50:00,8.2445,9.017,0.0002000000000000668
EWR-1,7/29/2025,10:00:00 am,0,2025-07-29 10:00:00,8.2416,9.019,0.0002000000000000668
EWR-1,7/29/2025,10:10:00 am,0,2025-07-29 10:10:00,8.2383,9.021,0.0002999999999998337
EWR-1,7/29/2025,10:20:00 am,0,2025-07-29 10:20:00,8.2362,9.024,0.00030000000000001136
EWR-1,7/29/2025,10:30:00 am,0,2025-07-29 10:30:00,8.2329,9.027,0.00030000000000001136
EWR-1,7/29/2025,10:40:00 am,0,2025-07-29 10:40:00,8.2298,9.03,0.00030000000000001136
EWR-1,7/29/2025,10:50:00 am,0,2025-07-29 10:50:00,8.2291,9.033,0.0004000000000001336
EWR-1,7/29/2025,11:00:00 am,0,2025-07-29 11:00:00,8.2285,9.037,0.0005999999999998451
EWR-1,7/29/2025,11:10:00 am,0,2025-07-29 11:10:00,8.2278,9.043,0.000700000000000145
EWR-1,7/29/2025,11:20:00 am,0,2025-07-29 11:20:00,8.2266,9.05,0.0008999999999998564
EWR-1,7/29/2025,11:30:00 am,0,2025-07-29 11:30:00,8.2258,9.059,0.001100000000000101
EWR-1,7/29/2025,11:40:00 am,0,2025-07-29 11:40:00,8.2247,9.07,0.00129999999999999
EWR-1,7/29/2025,11:50:00 am,0,2025-07-29 11:50:00,8.2235,9.083,0.0012000000000000454
EWR-1,7/29/2025,12:00:00 pm,0,2025-07-29 12:00:00,8.2224,9.095,0.00129999999999999
EWR-1,7/29/2025,12:10:00 pm,0,2025-07-29 12:10:00,8.2212,9.108,0.00129999999999999
EWR-1,7/29/2025,12:20:00 pm,0,2025-07-29 12:20:00,8.2202,9.121,0.0013999999999999347
EWR-1,7/29/2025,12:30:00 pm,0,2025-07-29 12:30:00,8.2187,9.135,0.0013999999999999347
EWR-1,7/29/2025,12:40:00 pm,0,2025-07-29 12:40:00,8.2174,9.149,0.0015000000000000568
EWR-1,7/29/2025,12:50:00 pm,0,2025-07-29 12:50:00,8.2157,9.164,0.0014000000000001123
EWR-1,7/29/2025,01:00:00 pm,0,2025-07-29 13:00:00,8.2142,9.178,0.0016000000000000014
EWR-1,7/29/2025,01:10:00 pm,0,2025-07-29 13:10:00,8.2126,9.194,0.0016000000000000014
EWR-1,7/29/2025,01:20:00 pm,0,2025-07-29 13:20:00,8.2115,9.21,0.0016000000000000014
EWR-1,7/29/2025,01:30:00 pm,0,2025-07-29 13:30:00,8.2098,9.226,0.001699999999999946
EWR-1,7/29/2025,01:40:00 pm,0,2025-07-29 13:40:00,8.2084,9.243,0.001699999999999946
EWR-1,7/29/2025,01:50:00 pm,0,2025-07-29 13:50:00,8.2072,9.26,0.0016000000000000014
EWR-1,7/29/2025,02:00:00 pm,0,2025-07-29 14:00:00,8.206,9.276,0.0018000000000000683
EWR-1,7/29/2025,02:10:00 pm,0,2025-07-29 14:10:00,8.2044,9.294,0.0017999999999998907
EWR-1,7/29/2025,02:20:00 pm,0,2025-07-29 14:20:00,8.2027,9.312,0.0019000000000000128
EWR-1,7/29/2025,02:30:00 pm,0,2025-07-29 14:30:00,8.2019,9.331,0.002000000000000135
EWR-1,7/29/2025,02:40:00 pm,0,2025-07-29 14:40:00,8.2002,9.351,0.0017999999999998907
EWR-1,7/29/2025,02:50:00 pm,0,2025-07-29 14:50:00,8.1986,9.369,0.0019000000000000128
EWR-1,7/29/2025,03:00:00 pm,0,2025-07-29 15:00:00,8.1974,9.388,0.0019000000000000128
EWR-1,7/29/2025,03:10:00 pm,0,2025-07-29 15:10:00,8.1959,9.407,0.0018000000000000683
EWR-1,7/29/2025,03:20:00 pm,0,2025-07-29 15:20:00,8.1945,9.425,0.0017999999999998907
EWR-1,7/29/2025,03:30:00 pm,0,2025-07-29 15:30:00,8.1932,9.443,0.0019000000000000128
EWR-1,7/29/2025,03:40:00 pm,0,2025-07-29 15:40:00,8.1919,9.462,0.001699999999999946
EWR-1,7/29/2025,03:50:00 pm,0,2025-07-29 15:50:00,8.1902,9.479,0.0017000000000001237
EWR-1,7/29/2025,04:00:00 pm,0,2025-07-29 16:00:00,8.1885,9.496,0.001699999999999946
EWR-1,7/29/2025,04:10:00 pm,0,2025-07-29 16:10:00,8.1866,9.513,0.0016000000000000014
EWR-1,7/29/2025,04:20:00 pm,0,2025-07-29 16:20:00,8.1852,9.529,0.001699999999999946
EWR-1,7/29/2025,04:30:00 pm,0,2025-07-29 16:30:00,8.1834,9.546,0.0015000000000000568
EWR-1,7/29/2025,04:40:00 pm,0,2025-07-29 16:40:00,8.1819,9.561,0.0016000000000000014
EWR-1,7/29/2025,04:50:00 pm,0,2025-07-29 16:50:00,8.1808,9.577,0.0016000000000000014
EWR-1,7/29/2025,05:00:00 pm,0,2025-07-29 17:00:00,8.1834,9.593,0.001699999999999946
EWR-1,7/29/2025,05:10:00 pm,0,2025-07-29 17:10:00,8.1819,9.61,0.0017000000000001237
EWR-1,7/29/2025,05:20:00 pm,0,2025-07-29 17:20:00,8.1803,9.627,0.0014999999999998793
EWR-1,7/29/2025,05:30:00 pm,0,2025-07-29 17:30:00,8.1789,9.642,0.0015000000000000568
EWR-1,7/29/2025,05:40:00 pm,0,2025-07-29 17:40:00,8.1775,9.657,0.0015000000000000568
EWR-1,7/29/2025,05:50:00 pm,0,2025-07-29 17:50:00,8.1761,9.672,0.0013999999999999347
EWR-1,7/29/2025,06:00:00 pm,0,2025-07-29 18:00:00,8.1746,9.686,0.0013999999999999347
EWR-1,7/29/2025,06:10:00 pm,0,2025-07-29 18:10:00,8.1729,9.7,0.0014000000000001123
EWR-1,7/29/2025,06:20:00 pm,0,2025-07-29 18:20:00,8.1715,9.714,0.00129999999999999
EWR-1,7/29/2025,06:30:00 pm,0,2025-07-29 18:30:00,8.1703,9.727,0.0010999999999999233
EWR-1,7/29/2025,06:40:00 pm,0,2025-07-29 18:40:00,8.1693,9.738,0.001100000000000101
EWR-1,7/29/2025,06:50:00 pm,0,2025-07-29 18:50:00,8.1679,9.749,0.0010999999999999233
EWR-1,7/29/2025,07:00:00 pm,0,2025-07-29 19:00:00,8.1675,9.76,0.0009000000000000341
EWR-1,7/29/2025,07:10:00 pm,0,2025-07-29 19:10:00,8.1662,9.769,0.0009000000000000341
EWR-1,7/29/2025,07:20:00 pm,0,2025-07-29 19:20:00,8.1659,9.778,0.0006000000000000227
EWR-1,7/29/2025,07:30:00 pm,0,2025-07-29 19:30:00,8.1651,9.784,0.0006999999999999674
EWR-1,7/29/2025,07:40:00 pm,0,2025-07-29 19:40:00,8.1641,9.791,0.0004999999999999005
EWR-1,7/29/2025,07:50:00 pm,0,2025-07-29 19:50:00,8.1636,9.796,0.0005000000000000782
EWR-1,7/29/2025,08:00:00 pm,0,2025-07-29 20:00:00,8.1633,9.801,0.00039999999999995595
EWR-1,7/29/2025,08:10:00 pm,0,2025-07-29 20:10:00,8.1628,9.805,0.00039999999999995595
EWR-1,7/29/2025,08:20:00 pm,0,2025-07-29 20:20:00,8.1626,9.809,0.0002000000000000668
EWR-1,7/29/2025,08:30:00 pm,0,2025-07-29 20:30:00,8.1624,9.811,0.00030000000000001136
EWR-1,7/29/2025,08:40:00 pm,0,2025-07-29 20:40:00,8.1626,9.814,9.999999999994457e-05
EWR-1,7/29/2025,08:50:00 pm,0,2025-07-29 20:50:00,8.1624,9.815,0.00010000000000012221
EWR-1,7/29/2025,09:00:00 pm,0,2025-07-29 21:00:00,8.1621,9.816,0.00010000000000012221
EWR-1,7/29/2025,09:10:00 pm,0,2025-07-29 21:10:00,8.1622,9.815,9.999999999994457e-05
EWR-1,7/29/2025,09:20:00 pm,0,2025-07-29 21:20:00,8.1623,9.814,9.999999999994457e-05
EWR-1,7/29/2025,09:30:00 pm,0,2025-07-29 21:30:00,8.1623,9.813,0.0002000000000000668
EWR-1,7/29/2025,09:40:00 pm,0,2025-07-29 21:40:00,8.1626,9.811,0.00030000000000001136
EWR-1,7/29/2025,09:50:00 pm,0,2025-07-29 21:50:00,8.163,9.808,0.00030000000000001136
EWR-1,7/29/2025,10:00:00 pm,0,2025-07-29 22:00:00,8.1633,9.805,0.0004999999999999005
EWR-1,7/29/2025,10:10:00 pm,0,2025-07-29 22:10:00,8.1637,9.8,0.0004000000000001336
EWR-1,7/29/2025,10:20:00 pm,0,2025-07-29 22:20:00,8.1638,9.796,0.0004999999999999005
EWR-1,7/29/2025,10:30:00 pm,0,2025-07-29 22:30:00,8.1642,9.791,0.00039999999999995595
EWR-1,7/29/2025,10:40:00 pm,0,2025-07-29 22:40:00,8.1646,9.787,0.0005000000000000782
EWR-1,7/29/2025,10:50:00 pm,0,2025-07-29 22:50:00,8.1648,9.782,0.00039999999999995595
EWR-1,7/29/2025,11:00:00 pm,0,2025-07-29 23:00:00,8.1654,9.778,0.0006000000000000227
EWR-1,7/29/2025,11:10:00 pm,0,2025-07-29 23:10:00,8.1657,9.772,0.0006000000000000227
EWR-1,7/29/2025,11:20:00 pm,0,2025-07-29 23:20:00,8.1663,9.766,0.0006000000000000227
EWR-1,7/29/2025,11:30:00 pm,0,2025-07-29 23:30:00,8.1669,9.76,0.0006999999999999674
EWR-1,7/29/2025,11:40:00 pm,0,2025-07-29 23:40:00,8.1681,9.753,0.0006000000000000227
EWR-1,7/29/2025,11:50:00 pm,0,2025-07-29 23:50:00,8.1687,9.747,0.0007999999999999119
EWR-1,7/30/2025,12:00:00 am,0,2025-07-30 00:00:00,8.1695,9.739,0.0006000000000000227
EWR-1,7/30/2025,12:10:00 am,0,2025-07-30 00:10:00,8.1706,9.733,0.0006000000000000227
EWR-1,7/30/2025,12:20:00 am,0,2025-07-30 00:20:00,8.1714,9.727,0.0006000000000000227
EWR-1,7/30/2025,12:30:00 am,0,2025-07-30 00:30:00,8.1724,9.721,0.0005000000000000782
EWR-1,7/30/2025,12:40:00 am,0,2025-07-30 00:40:00,8.1737,9.716,0.0005999999999998451
EWR-1,7/30/2025,12:50:00 am,0,2025-07-30 00:50:00,8.1746,9.71,0.0006000000000000227
EWR-1,7/30/2025,01:00:00 am,0,2025-07-30 01:00:00,8.1761,9.704,0.0005000000000000782
EWR-1,7/30/2025,01:10:00 am,0,2025-07-30 01:10:00,8.178,9.699,0.0004999999999999005
EWR-1,7/30/2025,01:20:00 am,0,2025-07-30 01:20:00,8.1805,9.694,0.0005000000000000782
EWR-1,7/30/2025,01:30:00 am,0,2025-07-30 01:30:00,8.1836,9.689,0.00039999999999995595
EWR-1,7/30/2025,01:40:00 am,0,2025-07-30 01:40:00,8.1875,9.685,0.0004000000000001336
EWR-1,7/30/2025,01:50:00 am,0,2025-07-30 01:50:00,8.1918,9.681,0.0002999999999998337
EWR-1,7/30/2025,02:00:00 am,0,2025-07-30 02:00:00,8.1954,9.678,0.0004000000000001336
EWR-1,7/30/2025,02:10:00 am,0,2025-07-30 02:10:00,8.1992,9.674,0.00030000000000001136
EWR-1,7/30/2025,02:20:00 am,0,2025-07-30 02:20:00,8.203,9.671,0.00030000000000001136
EWR-1,7/30/2025,02:30:00 am,0,2025-07-30 02:30:00,8.2061,9.668,0.00030000000000001136
EWR-1,7/30/2025,02:40:00 am,0,2025-07-30 02:40:00,8.2081,9.665,0.0002999999999998337
EWR-1,7/30/2025,02:50:00 am,0,2025-07-30 02:50:00,8.2088,9.662,0.00030000000000001136
EWR-1,7/30/2025,03:00:00 am,0,2025-07-30 03:00:00,8.2107,9.659,0.0002000000000000668
EWR-1,7/30/2025,03:10:00 am,0,2025-07-30 03:10:00,8.2125,9.657,0.00030000000000001136
EWR-1,7/30/2025,03:20:00 am,0,2025-07-30 03:20:00,8.2139,9.654,0.00030000000000001136
EWR-1,7/30/2025,03:30:00 am,0,2025-07-30 03:30:00,8.2124,9.651,0.00030000000000001136
EWR-1,7/30/2025,03:40:00 am,0,2025-07-30 03:40:00,8.2147,9.648,0.00019999999999988915
EWR-1,7/30/2025,03:50:00 am,0,2025-07-30 03:50:00,8.2175,9.646,0.00030000000000001136
EWR-1,7/30/2025,04:00:00 am,0,2025-07-30 04:00:00,8.2195,9.643,0.00030000000000001136
EWR-1,7/30/2025,04:10:00 am,0,2025-07-30 04:10:00,8.2213,9.64,0.0002000000000000668
EWR-1,7/30/2025,04:20:00 am,0,2025-07-30 04:20:00,8.2221,9.638,0.00039999999999995595
EWR-1,7/30/2025,04:30:00 am,0,2025-07-30 04:30:00,8.2222,9.634,0.00030000000000001136
EWR-1,7/30/2025,04:40:00 am,0,2025-07-30 04:40:00,8.2228,9.631,0.00039999999999995595
EWR-1,7/30/2025,04:50:00 am,0,2025-07-30 04:50:00,8.2243,9.627,0.00030000000000001136
EWR-1,7/30/2025,05:00:00 am,0,2025-07-30 05:00:00,8.2268,9.624,0.00030000000000001136
EWR-1,7/30/2025,05:10:00 am,0,2025-07-30 05:10:00,8.2284,9.621,0.00039999999999995595
EWR-1,7/30/2025,05:20:00 am,0,2025-07-30 05:20:00,8.229,9.617,0.00030000000000001136
EWR-1,7/30/2025,05:30:00 am,0,2025-07-30 05:30:00,8.2287,9.614,0.0004000000000001336
EWR-1,7/30/2025,05:40:00 am,0,2025-07-30 05:40:00,8.2287,9.61,0.00030000000000001136
EWR-1,7/30/2025,05:50:00 am,0,2025-07-30 05:50:00,8.2291,9.607,0.00039999999999995595
EWR-1,7/30/2025,06:00:00 am,0,2025-07-30 06:00:00,8.2292,9.603,0.00039999999999995595
EWR-1,7/30/2025,06:10:00 am,0,2025-07-30 06:10:00,8.2285,9.599,0.00030000000000001136
EWR-1,7/30/2025,06:20:00 am,0,2025-07-30 06:20:00,8.2288,9.596,0.0005000000000000782
EWR-1,7/30/2025,06:30:00 am,0,2025-07-30 06:30:00,8.2292,9.591,0.00030000000000001136
EWR-1,7/30/2025,06:40:00 am,0,2025-07-30 06:40:00,8.2296,9.588,0.00039999999999995595
EWR-1,7/30/2025,06:50:00 am,0,2025-07-30 06:50:00,8.2304,9.584,0.00039999999999995595
EWR-1,7/30/2025,07:00:00 am,0,2025-07-30 07:00:00,8.2301,9.58,0.00030000000000001136
EWR-1,7/30/2025,07:10:00 am,0,2025-07-30 07:10:00,8.2311,9.577,0.00030000000000001136
EWR-1,7/30/2025,07:20:00 am,0,2025-07-30 07:20:00,8.2324,9.574,0.00039999999999995595
EWR-1,7/30/2025,07:30:00 am,0,2025-07-30 07:30:00,8.2316,9.57,0.0002000000000000668
EWR-1,7/30/2025,07:40:00 am,0,2025-07-30 07:40:00,8.2319,9.568,0.00030000000000001136
EWR-1,7/30/2025,07:50:00 am,0,2025-07-30 07:50:00,8.232,9.565,9.999999999994457e-05
EWR-1,7/30/2025,08:00:00 am,0,2025-07-30 08:00:00,8.2326,9.564,0.0002000000000000668
EWR-1,7/30/2025,08:10:00 am,0,2025-07-30 08:10:00,8.2332,9.562,0.0
EWR-1,7/30/2025,08:20:00 am,0,2025-07-30 08:20:00,8.2328,9.562,0.0
EWR-1,7/30/2025,08:30:00 am,0,2025-07-30 08:30:00,8.2314,9.562,0.0
EWR-1,7/30/2025,08:40:00 am,0,2025-07-30 08:40:00,8.2307,9.562,0.0002000000000000668
EWR-1,7/30/2025,08:50:00 am,0,2025-07-30 08:50:00,8.2307,9.564,0.00030000000000001136
EWR-1,7/30/2025,09:00:00 am,0,2025-07-30 09:00:00,8.2274,9.567,0.0004999999999999005
EWR-1,7/30/2025,09:10:00 am,0,2025-07-30 09:10:00,8.2232,9.572,0.000700000000000145
EWR-1,7/30/2025,09:20:00 am,0,2025-07-30 09:20:00,8.2194,9.579,0.0006000000000000227
EWR-1,7/30/2025,09:30:00 am,0,2025-07-30 09:30:00,8.2166,9.585,0.0004999999999999005
EWR-1,7/30/2025,09:40:00 am,0,2025-07-30 09:40:00,8.2142,9.59,0.0005000000000000782
EWR-1,7/30/2025,09:50:00 am,0,2025-07-30 09:50:00,8.2123,9.595,0.0006000000000000227
EWR-1,7/30/2025,10:00:00 am,0,2025-07-30 10:00:00,8.2111,9.601,0.0005999999999998451
EWR-1,7/30/2025,10:10:00 am,0,2025-07-30 10:10:00,8.2103,9.607,0.0005000000000000782
EWR-1,7/30/2025,10:20:00 am,0,2025-07-30 10:20:00,8.2095,9.612,0.0006000000000000227
EWR-1,7/30/2025,10:30:00 am,0,2025-07-30 10:30:00,8.2083,9.618,0.0006000000000000227
EWR-1,7/30/2025,10:40:00 am,0,2025-07-30 10:40:00,8.207,9.624,0.0006000000000000227
EWR-1,7/30/2025,10:50:00 am,0,2025-07-30 10:50:00,8.2053,9.63,0.0005999999999998451
EWR-1,7/30/2025,11:00:00 am,0,2025-07-30 11:00:00,8.2044,9.636,0.000700000000000145
EWR-1,7/30/2025,11:10:00 am,0,2025-07-30 11:10:00,8.2031,9.643,0.0007999999999999119
EWR-1,7/30/2025,11:20:00 am,0,2025-07-30 11:20:00,8.2017,9.651,0.0009999999999999788
EWR-1,7/30/2025,11:30:00 am,0,2025-07-30 11:30:00,8.2002,9.661,0.0009999999999999788
EWR-1,7/30/2025,11:40:00 am,0,2025-07-30 11:40:00,8.199,9.671,0.001100000000000101
EWR-1,7/30/2025,11:50:00 am,0,2025-07-30 11:50:00,8.1976,9.682,0.0012000000000000454
EWR-1,7/30/2025,12:00:00 pm,0,2025-07-30 12:00:00,8.1965,9.694,0.0011999999999998678
EWR-1,7/30/2025,12:10:00 pm,0,2025-07-30 12:10:00,8.1953,9.706,0.0009999999999999788
EWR-1,7/30/2025,12:20:00 pm,0,2025-07-30 12:20:00,8.1938,9.716,0.0010000000000001564
EWR-1,7/30/2025,12:30:00 pm,0,2025-07-30 12:30:00,8.1926,9.726,0.0009999999999999788
EWR-1,7/30/2025,12:40:00 pm,0,2025-07-30 12:40:00,8.1914,9.736,0.0010999999999999233
EWR-1,7/30/2025,12:50:00 pm,0,2025-07-30 12:50:00,8.1897,9.747,0.0012000000000000454
EWR-1,7/30/2025,01:00:00 pm,0,2025-07-30 13:00:00,8.1883,9.759,0.00129999999999999
EWR-1,7/30/2025,01:10:00 pm,0,2025-07-30 13:10:00,8.1872,9.772,0.0015000000000000568
EWR-1,7/30/2025,01:20:00 pm,0,2025-07-30 13:20:00,8.186,9.787,0.0014999999999998793
EWR-1,7/30/2025,01:30:00 pm,0,2025-07-30 13:30:00,8.1848,9.802,0.0014000000000001123
EWR-1,7/30/2025,01:40:00 pm,0,2025-07-30 13:40:00,8.183,9.816,0.0013999999999999347
EWR-1,7/30/2025,01:50:00 pm,0,2025-07-30 13:50:00,8.182,9.83,0.0015000000000000568
EWR-1,7/30/2025,02:00:00 pm,0,2025-07-30 14:00:00,8.1804,9.845,0.0013999999999999347
EWR-1,7/30/2025,02:10:00 pm,0,2025-07-30 14:10:00,8.1787,9.859,0.0015000000000000568
EWR-1,7/30/2025,02:20:00 pm,0,2025-07-30 14:20:00,8.1773,9.874,0.0013999999999999347
EWR-1,7/30/2025,02:30:00 pm,0,2025-07-30 14:30:00,8.1759,9.888,0.0015000000000000568
EWR-1,7/30/2025,02:40:00 pm,0,2025-07-30 14:40:00,8.1744,9.903,0.0014999999999998793
EWR-1,7/30/2025,02:50:00 pm,0,2025-07-30 14:50:00,8.1729,9.918,0.0015000000000000568
EWR-1,7/30/2025,03:00:00 pm,0,2025-07-30 15:00:00,8.1712,9.933,0.0013999999999999347
EWR-1,7/30/2025,03:10:00 pm,0,2025-07-30 15:10:00,8.1697,9.947,0.0014000000000001123
EWR-1,7/30/2025,03:20:00 pm,0,2025-07-30 15:20:00,8.1721,9.961,0.0013999999999999347
EWR-1,7/30/2025,03:30:00 pm,0,2025-07-30 15:30:00,8.1702,9.975,0.00129999999999999
EWR-1,7/30/2025,03:40:00 pm,0,2025-07-30 15:40:00,8.1686,9.988,0.0014000000000001123
EWR-1,7/30/2025,03:50:00 pm,0,2025-07-30 15:50:00,8.1671,10.002,0.0011999999999998678
EWR-1,7/30/2025,04:00:00 pm,0,2025-07-30 16:00:00,8.1653,10.014,0.0012000000000000454
EWR-1,7/30/2025,04:10:00 pm,0,2025-07-30 16:10:00,8.164,10.026,0.0009999999999999788
EWR-1,7/30/2025,04:20:00 pm,0,2025-07-30 16:20:00,8.1619,10.036,0.0009999999999999788
EWR-1,7/30/2025,04:30:00 pm,0,2025-07-30 16:30:00,8.1605,10.046,0.0009999999999999788
EWR-1,7/30/2025,04:40:00 pm,0,2025-07-30 16:40:00,8.1591,10.056,0.0010000000000001564
EWR-1,7/30/2025,04:50:00 pm,0,2025-07-30 16:50:00,8.1578,10.066,0.0008999999999998564
EWR-1,7/30/2025,05:00:00 pm,0,2025-07-30 17:00:00,8.1567,10.075,0.0008000000000000895
EWR-1,7/30/2025,05:10:00 pm,0,2025-07-30 17:10:00,8.1553,10.083,0.0007999999999999119
EWR-1,7/30/2025,05:20:00 pm,0,2025-07-30 17:20:00,8.1541,10.091,0.0008000000000000895
EWR-1,7/30/2025,05:30:00 pm,0,2025-07-30 17:30:00,8.1522,10.099,0.0007999999999999119
EWR-1,7/30/2025,05:40:00 pm,0,2025-07-30 17:40:00,8.1513,10.107,0.000700000000000145
EWR-1,7/30/2025,05:50:00 pm,0,2025-07-30 17:50:00,8.1505,10.114,0.0007999999999999119
EWR-1,7/30/2025,06:00:00 pm,0,2025-07-30 18:00:00,8.149,10.122,0.0008000000000000895
EWR-1,7/30/2025,06:10:00 pm,0,2025-07-30 18:10:00,8.1481,10.13,0.0007999999999999119
EWR-1,7/30/2025,06:20:00 pm,0,2025-07-30 18:20:00,8.1472,10.138,0.0006999999999999674
EWR-1,7/30/2025,06:30:00 pm,0,2025-07-30 18:30:00,8.1465,10.145,0.0006999999999999674
EWR-1,7/30/2025,06:40:00 pm,0,2025-07-30 18:40:00,8.1459,10.152,0.0008000000000000895
EWR-1,7/30/2025,06:50:00 pm,0,2025-07-30 18:50:00,8.1452,10.16,0.0006999999999999674
EWR-1,7/30/2025,07:00:00 pm,0,2025-07-30 19:00:00,8.1443,10.167,0.0005000000000000782
EWR-1,7/30/2025,07:10:00 pm,0,2025-07-30 19:10:00,8.1438,10.172,0.0006000000000000227
EWR-1,7/30/2025,07:20:00 pm,0,2025-07-30 19:20:00,8.1434,10.178,0.0004999999999999005
EWR-1,7/30/2025,07:30:00 pm,0,2025-07-30 19:30:00,8.1427,10.183,0.00039999999999995595
EWR-1,7/30/2025,07:40:00 pm,0,2025-07-30 19:40:00,8.142,10.187,0.0005000000000000782
EWR-1,7/30/2025,07:50:00 pm,0,2025-07-30 19:50:00,8.1421,10.192,0.00030000000000001136
EWR-1,7/30/2025,08:00:00 pm,0,2025-07-30 20:00:00,8.1419,10.195,0.00030000000000001136
EWR-1,7/30/2025,08:10:00 pm,0,2025-07-30 20:10:00,8.1414,10.198,0.00030000000000001136
EWR-1,7/30/2025,08:20:00 pm,0,2025-07-30 20:20:00,8.1411,10.201,0.00019999999999988915
EWR-1,7/30/2025,08:30:00 pm,0,2025-07-30 20:30:00,8.1406,10.203,0.00010000000000012221
EWR-1,7/30/2025,08:40:00 pm,0,2025-07-30 20:40:00,8.1406,10.204,0.0
EWR-1,7/30/2025,08:50:00 pm,0,2025-07-30 20:50:00,8.1404,10.204,0.0
EWR-1,7/30/2025,09:00:00 pm,0,2025-07-30 21:00:00,8.1403,10.204,0.00010000000000012221
EWR-1,7/30/2025,09:10:00 pm,0,2025-07-30 21:10:00,8.1399,10.203,9.999999999994457e-05
EWR-1,7/30/2025,09:20:00 pm,0,2025-07-30 21:20:00,8.1404,10.202,0.00030000000000001136
EWR-1,7/30/2025,09:30:00 pm,0,2025-07-30 21:30:00,8.1398,10.199,0.00030000000000001136
EWR-1,7/30/2025,09:40:00 pm,0,2025-07-30 21:40:00,8.1404,10.196,0.00030000000000001136
EWR-1,7/30/2025,09:50:00 pm,0,2025-07-30 21:50:00,8.1405,10.193,0.00039999999999995595
EWR-1,7/30/2025,10:00:00 pm,0,2025-07-30 22:00:00,8.1408,10.189,0.00039999999999995595
EWR-1,7/30/2025,10:10:00 pm,0,2025-07-30 22:10:00,8.1413,10.185,0.0004000000000001336
EWR-1,7/30/2025,10:20:00 pm,0,2025-07-30 22:20:00,8.1415,10.181,0.00039999999999995595
EWR-1,7/30/2025,10:30:00 pm,0,2025-07-30 22:30:00,8.1422,10.177,0.00039999999999995595
EWR-1,7/30/2025,10:40:00 pm,0,2025-07-30 22:40:00,8.1423,10.173,0.00030000000000001136
EWR-1,7/30/2025,10:50:00 pm,0,2025-07-30 22:50:00,8.1428,10.17,0.00030000000000001136
EWR-1,7/30/2025,11:00:00 pm,0,2025-07-30 23:00:00,8.1435,10.167,0.00039999999999995595
EWR-1,7/30/2025,11:10:00 pm,0,2025-07-30 23:10:00,8.1442,10.163,0.00030000000000001136
EWR-1,7/30/2025,11:20:00 pm,0,2025-07-30 23:20:00,8.1448,10.16,0.0005000000000000782
EWR-1,7/30/2025,11:30:00 pm,0,2025-07-30 23:30:00,8.1457,10.155,0.0004999999999999005
EWR-1,7/30/2025,11:40:00 pm,0,2025-07-30 23:40:00,8.1466,10.15,0.0006999999999999674
EWR-1,7/30/2025,11:50:00 pm,0,2025-07-30 23:50:00,8.1478,10.143,0.0009000000000000341
EWR-1,7/31/2025,12:00:00 am,0,2025-07-31 00:00:00,8.1488,10.134,0.001100000000000101
EWR-1,7/31/2025,12:10:00 am,0,2025-07-31 00:10:00,8.1493,10.123,0.0010999999999999233
EWR-1,7/31/2025,12:20:00 am,0,2025-07-31 00:20:00,8.1507,10.112,0.0010999999999999233
EWR-1,7/31/2025,12:30:00 am,0,2025-07-31 00:30:00,8.1516,10.101,0.0013000000000001678
EWR-1,7/31/2025,12:40:00 am,0,2025-07-31 00:40:00,8.1525,10.088,0.0011999999999998678
EWR-1,7/31/2025,12:50:00 am,0,2025-07-31 00:50:00,8.1539,10.076,0.00129999999999999
EWR-1,7/31/2025,01:00:00 am,0,2025-07-31 01:00:00,8.1547,10.063,0.0012000000000000454
EWR-1,7/31/2025,01:10:00 am,0,2025-07-31 01:10:00,8.1561,10.051,0.0012000000000000454
EWR-1,7/31/2025,01:20:00 am,0,2025-07-31 01:20:00,8.1571,10.039,0.0012000000000000454
EWR-1,7/31/2025,01:30:00 am,0,2025-07-31 01:30:00,8.1594,10.027,0.0011999999999998678
EWR-1,7/31/2025,01:40:00 am,0,2025-07-31 01:40:00,8.1625,10.015,0.0012000000000000454
EWR-1,7/31/2025,01:50:00 am,0,2025-07-31 01:50:00,8.1653,10.003,0.0010999999999999233
EWR-1,7/31/2025,02:00:00 am,0,2025-07-31 02:00:00,8.1687,9.992,0.0012000000000000454
EWR-1,7/31/2025,02:10:00 am,0,2025-07-31 02:10:00,8.1721,9.98,0.001100000000000101
EWR-1,7/31/2025,02:20:00 am,0,2025-07-31 02:20:00,8.1755,9.969,0.0011999999999998678
EWR-1,7/31/2025,02:30:00 am,0,2025-07-31 02:30:00,8.1788,9.957,0.001100000000000101
EWR-1,7/31/2025,02:40:00 am,0,2025-07-31 02:40:00,8.182,9.946,0.0012000000000000454
EWR-1,7/31/2025,02:50:00 am,0,2025-07-31 02:50:00,8.185,9.934,0.0010999999999999233
EWR-1,7/31/2025,03:00:00 am,0,2025-07-31 03:00:00,8.1883,9.923,0.0012000000000000454
EWR-1,7/31/2025,03:10:00 am,0,2025-07-31 03:10:00,8.191,9.911,0.0010999999999999233
EWR-1,7/31/2025,03:20:00 am,0,2025-07-31 03:20:00,8.1938,9.9,0.0009999999999999788
EWR-1,7/31/2025,03:30:00 am,0,2025-07-31 03:30:00,8.1965,9.89,0.0009999999999999788
EWR-1,7/31/2025,03:40:00 am,0,2025-07-31 03:40:00,8.1989,9.88,0.0012000000000000454
EWR-1,7/31/2025,03:50:00 am,0,2025-07-31 03:50:00,8.2009,9.868,0.0012000000000000454
EWR-1,7/31/2025,04:00:00 am,0,2025-07-31 04:00:00,8.2034,9.856,0.00129999999999999
EWR-1,7/31/2025,04:10:00 am,0,2025-07-31 04:10:00,8.2051,9.843,0.0012000000000000454
EWR-1,7/31/2025,04:20:00 am,0,2025-07-31 04:20:00,8.2068,9.831,0.00129999999999999
EWR-1,7/31/2025,04:30:00 am,0,2025-07-31 04:30:00,8.2081,9.818,0.00129999999999999
EWR-1,7/31/2025,04:40:00 am,0,2025-07-31 04:40:00,8.21,9.805,0.00129999999999999
EWR-1,7/31/2025,04:50:00 am,0,2025-07-31 04:50:00,8.2088,9.792,0.00129999999999999
EWR-1,7/31/2025,05:00:00 am,0,2025-07-31 05:00:00,8.2114,9.779,0.00129999999999999
EWR-1,7/31/2025,05:10:00 am,0,2025-07-31 05:10:00,8.213,9.766,0.00129999999999999
EWR-1,7/31/2025,05:20:00 am,0,2025-07-31 05:20:00,8.2147,9.753,0.0013999999999999347
EWR-1,7/31/2025,05:30:00 am,0,2025-07-31 05:30:00,8.2165,9.739,0.0014000000000001123
EWR-1,7/31/2025,05:40:00 am,0,2025-07-31 05:40:00,8.2181,9.725,0.0013999999999999347
EWR-1,7/31/2025,05:50:00 am,0,2025-07-31 05:50:00,8.2195,9.711,0.0015000000000000568
EWR-1,7/31/2025,06:00:00 am,0,2025-07-31 06:00:00,8.2209,9.696,0.0013999999999999347
EWR-1,7/31/2025,06:10:00 am,0,2025-07-31 06:10:00,8.2225,9.682,0.0014000000000001123
EWR-1,7/31/2025,06:20:00 am,0,2025-07-31 06:20:00,8.2236,9.668,0.0014999999999998793
EWR-1,7/31/2025,06:30:00 am,0,2025-07-31 06:30:00,8.2249,9.653,0.0014000000000001123
EWR-1,7/31/2025,06:40:00 am,0,2025-07-31 06:40:00,8.2259,9.639,0.001699999999999946
EWR-1,7/31/2025,06:50:00 am,0,2025-07-31 06:50:00,8.2268,9.622,0.0018000000000000683
EWR-1,7/31/2025,07:00:00 am,0,2025-07-31 07:00:00,8.2273,9.604,0.0016000000000000014
EWR-1,7/31/2025,07:10:00 am,0,2025-07-31 07:10:00,8.2278,9.588,0.00129999999999999
EWR-1,7/31/2025,07:20:00 am,0,2025-07-31 07:20:00,8.2283,9.575,0.00129999999999999
EWR-1,7/31/2025,07:30:00 am,0,2025-07-31 07:30:00,8.2289,9.562,0.0011999999999998678
EWR-1,7/31/2025,07:40:00 am,0,2025-07-31 07:40:00,8.2303,9.55,0.0012000000000000454
EWR-1,7/31/2025,07:50:00 am,0,2025-07-31 07:50:00,8.2309,9.538,0.0009000000000000341
EWR-1,7/31/2025,08:00:00 am,0,2025-07-31 08:00:00,8.2318,9.529,0.0007999999999999119
EWR-1,7/31/2025,08:10:00 am,0,2025-07-31 08:10:00,8.2326,9.521,0.0005000000000000782
EWR-1,7/31/2025,08:20:00 am,0,2025-07-31 08:20:00,8.2328,9.516,0.00030000000000001136
EWR-1,7/31/2025,08:30:00 am,0,2025-07-31 08:30:00,8.2332,9.513,0.0002000000000000668
EWR-1,7/31/2025,08:40:00 am,0,2025-07-31 08:40:00,8.2336,9.511,0.00019999999999988915
EWR-1,7/31/2025,08:50:00 am,0,2025-07-31 08:50:00,8.2336,9.509,0.00010000000000012221
EWR-1,7/31/2025,09:00:00 am,0,2025-07-31 09:00:00,8.2332,9.508,0.0
EWR-1,7/31/2025,09:10:00 am,0,2025-07-31 09:10:00,8.233,9.508,0.0
EWR-1,7/31/2025,09:20:00 am,0,2025-07-31 09:20:00,8.2329,9.508,0.00010000000000012221
EWR-1,7/31/2025,09:30:00 am,0,2025-07-31 09:30:00,8.2321,9.509,9.999999999994457e-05
EWR-1,7/31/2025,09:40:00 am,0,2025-07-31 09:40:00,8.2313,9.51,0.0002000000000000668
EWR-1,7/31/2025,09:50:00 am,0,2025-07-31 09:50:00,8.2301,9.512,0.00030000000000001136
EWR-1,7/31/2025,10:00:00 am,0,2025-07-31 10:00:00,8.229,9.515,0.00019999999999988915
EWR-1,7/31/2025,10:10:00 am,0,2025-07-31 10:10:00,8.2279,9.517,0.00030000000000001136
EWR-1,7/31/2025,10:20:00 am,0,2025-07-31 10:20:00,8.2264,9.52,0.00030000000000001136
EWR-1,7/31/2025,10:30:00 am,0,2025-07-31 10:30:00,8.2244,9.523,0.00030000000000001136
EWR-1,7/31/2025,10:40:00 am,0,2025-07-31 10:40:00,8.2224,9.526,0.00030000000000001136
EWR-1,7/31/2025,10:50:00 am,0,2025-07-31 10:50:00,8.2207,9.529,0.00030000000000001136
EWR-1,7/31/2025,11:00:00 am,0,2025-07-31 11:00:00,8.2191,9.532,0.00039999999999995595
EWR-1,7/31/2025,11:10:00 am,0,2025-07-31 11:10:00,8.2181,9.536,0.0006000000000000227
EWR-1,7/31/2025,11:20:00 am,0,2025-07-31 11:20:00,8.2175,9.542,0.0006999999999999674
EWR-1,7/31/2025,11:30:00 am,0,2025-07-31 11:30:00,8.2163,9.549,0.0009999999999999788
EWR-1,7/31/2025,11:40:00 am,0,2025-07-31 11:40:00,8.2159,9.559,0.001100000000000101
EWR-1,7/31/2025,11:50:00 am,0,2025-07-31 11:50:00,8.2149,9.57,0.0009999999999999788
EWR-1,7/31/2025,12:00:00 pm,0,2025-07-31 12:00:00,8.2139,9.58,0.0010999999999999233
EWR-1,7/31/2025,12:10:00 pm,0,2025-07-31 12:10:00,8.2135,9.591,0.0012000000000000454
EWR-1,7/31/2025,12:20:00 pm,0,2025-07-31 12:20:00,8.2122,9.603,0.0012000000000000454
EWR-1,7/31/2025,12:30:00 pm,0,2025-07-31 12:30:00,8.2113,9.615,0.0012000000000000454
EWR-1,7/31/2025,12:40:00 pm,0,2025-07-31 12:40:00,8.2101,9.627,0.00129999999999999
EWR-1,7/31/2025,12:50:00 pm,0,2025-07-31 12:50:00,8.2089,9.64,0.0011999999999998678
EWR-1,7/31/2025,01:00:00 pm,0,2025-07-31 13:00:00,8.2078,9.652,0.00129999999999999
EWR-1,7/31/2025,01:10:00 pm,0,2025-07-31 13:10:00,8.2065,9.665,0.0015000000000000568
EWR-1,7/31/2025,01:20:00 pm,0,2025-07-31 13:20:00,8.2055,9.68,0.0016000000000000014
EWR-1,7/31/2025,01:30:00 pm,0,2025-07-31 13:30:00,8.2045,9.696,0.0015000000000000568
EWR-1,7/31/2025,01:40:00 pm,0,2025-07-31 13:40:00,8.2033,9.711,0.0015000000000000568
EWR-1,7/31/2025,01:50:00 pm,0,2025-07-31 13:50:00,8.2022,9.726,0.0013999999999999347
EWR-1,7/31/2025,02:00:00 pm,0,2025-07-31 14:00:00,8.201,9.74,0.0013999999999999347
EWR-1,7/31/2025,02:10:00 pm,0,2025-07-31 14:10:00,8.1997,9.754,0.0014000000000001123
EWR-1,7/31/2025,02:20:00 pm,0,2025-07-31 14:20:00,8.1985,9.768,0.0013999999999999347
EWR-1,7/31/2025,02:30:00 pm,0,2025-07-31 14:30:00,8.1975,9.782,0.0013999999999999347
EWR-1,7/31/2025,02:40:00 pm,0,2025-07-31 14:40:00,8.1962,9.796,0.0015000000000000568
EWR-1,7/31/2025,02:50:00 pm,0,2025-07-31 14:50:00,8.1948,9.811,0.0013999999999999347
EWR-1,7/31/2025,03:00:00 pm,0,2025-07-31 15:00:00,8.1933,9.825,0.00129999999999999
EWR-1,7/31/2025,03:10:00 pm,0,2025-07-31 15:10:00,8.1918,9.838,0.0014000000000001123
EWR-1,7/31/2025,03:20:00 pm,0,2025-07-31 15:20:00,8.1907,9.852,0.0013999999999999347
EWR-1,7/31/2025,03:30:00 pm,0,2025-07-31 15:30:00,8.1893,9.866,0.0015000000000000568
EWR-1,7/31/2025,03:40:00 pm,0,2025-07-31 15:40:00,8.1881,9.881,0.0013999999999999347
EWR-1,7/31/2025,03:50:00 pm,0,2025-07-31 15:50:00,8.1869,9.895,0.0015000000000000568
EWR-1,7/31/2025,04:00:00 pm,0,2025-07-31 16:00:00,8.1852,9.91,0.00129999999999999
EWR-1,7/31/2025,04:10:00 pm,0,2025-07-31 16:10:00,8.1838,9.923,0.0013999999999999347
EWR-1,7/31/2025,04:20:00 pm,0,2025-07-31 16:20:00,8.1824,9.937,0.0014000000000001123
EWR-1,7/31/2025,04:30:00 pm,0,2025-07-31 16:30:00,8.1811,9.951,0.0013999999999999347
EWR-1,7/31/2025,04:40:00 pm,0,2025-07-31 16:40:00,8.1798,9.965,0.0013999999999999347
EWR-1,7/31/2025,04:50:00 pm,0,2025-07-31 16:50:00,8.178,9.979,0.0014000000000001123
EWR-1,7/31/2025,05:00:00 pm,0,2025-07-31 17:00:00,8.1807,9.993,0.0013999999999999347
EWR-1,7/31/2025,05:10:00 pm,0,2025-07-31 17:10:00,8.1795,10.007,0.0014000000000001123
EWR-1,7/31/2025,05:20:00 pm,0,2025-07-31 17:20:00,8.1778,10.021,0.00129999999999999
EWR-1,7/31/2025,05:30:00 pm,0,2025-07-31 17:30:00,8.176,10.034,0.00129999999999999
EWR-1,7/31/2025,05:40:00 pm,0,2025-07-31 17:40:00,8.1746,10.047,0.0011999999999998678
EWR-1,7/31/2025,05:50:00 pm,0,2025-07-31 17:50:00,8.1735,10.059,0.0012000000000000454
EWR-1,7/31/2025,06:00:00 pm,0,2025-07-31 18:00:00,8.1721,10.071,0.001100000000000101
EWR-1,7/31/2025,06:10:00 pm,0,2025-07-31 18:10:00,8.1705,10.082,0.0010999999999999233
EWR-1,7/31/2025,06:20:00 pm,0,2025-07-31 18:20:00,8.169,10.093,0.0009999999999999788
EWR-1,7/31/2025,06:30:00 pm,0,2025-07-31 18:30:00,8.1675,10.103,0.0009000000000000341
EWR-1,7/31/2025,06:40:00 pm,0,2025-07-31 18:40:00,8.1662,10.112,0.0009000000000000341
EWR-1,7/31/2025,06:50:00 pm,0,2025-07-31 18:50:00,8.165,10.121,0.0007999999999999119
EWR-1,7/31/2025,07:00:00 pm,0,2025-07-31 19:00:00,8.1639,10.129,0.0006000000000000227
EWR-1,7/31/2025,07:10:00 pm,0,2025-07-31 19:10:00,8.1631,10.135,0.0005000000000000782
EWR-1,7/31/2025,07:20:00 pm,0,2025-07-31 19:20:00,8.1617,10.14,0.00039999999999995595
EWR-1,7/31/2025,07:30:00 pm,0,2025-07-31 19:30:00,8.161,10.144,0.00039999999999995595
EWR-1,7/31/2025,07:40:00 pm,0,2025-07-31 19:40:00,8.1598,10.148,0.0002000000000000668
EWR-1,7/31/2025,07:50:00 pm,0,2025-07-31 19:50:00,8.1592,10.15,9.999999999994457e-05
EWR-1,7/31/2025,08:00:00 pm,0,2025-07-31 20:00:00,8.1587,10.151,9.999999999994457e-05
EWR-1,7/31/2025,08:10:00 pm,0,2025-07-31 20:10:00,8.1581,10.152,0.00019999999999988915
EWR-1,7/31/2025,08:20:00 pm,0,2025-07-31 20:20:00,8.1576,10.15,0.0002000000000000668
EWR-1,7/31/2025,08:30:00 pm,0,2025-07-31 20:30:00,8.157,10.148,0.00039999999999995595
EWR-1,7/31/2025,08:40:00 pm,0,2025-07-31 20:40:00,8.1563,10.144,0.0006000000000000227
EWR-1,7/31/2025,08:50:00 pm,0,2025-07-31 20:50:00,8.156,10.138,0.0006000000000000227
EWR-1,7/31/2025,09:00:00 pm,0,2025-07-31 21:00:00,8.1558,10.132,0.0006999999999999674
EWR-1,7/31/2025,09:10:00 pm,0,2025-07-31 21:10:00,8.1554,10.125,0.0007999999999999119
EWR-1,7/31/2025,09:20:00 pm,0,2025-07-31 21:20:00,8.1548,10.117,0.0009000000000000341
EWR-1,7/31/2025,09:30:00 pm,0,2025-07-31 21:30:00,8.1551,10.108,0.0009999999999999788
EWR-1,7/31/2025,09:40:00 pm,0,2025-07-31 21:40:00,8.1548,10.098,0.0012000000000000454
EWR-1,7/31/2025,09:50:00 pm,0,2025-07-31 21:50:00,8.1549,10.086,0.001100000000000101
EWR-1,7/31/2025,10:00:00 pm,0,2025-07-31 22:00:00,8.1548,10.075,0.0011999999999998678
EWR-1,7/31/2025,10:10:00 pm,0,2025-07-31 22:10:00,8.1549,10.063,0.0012000000000000454
EWR-1,7/31/2025,10:20:00 pm,0,2025-07-31 22:20:00,8.1555,10.051,0.00129999999999999
EWR-1,7/31/2025,10:30:00 pm,0,2025-07-31 22:30:00,8.156,10.038,0.001100000000000101
EWR-1,7/31/2025,10:40:00 pm,0,2025-07-31 22:40:00,8.1561,10.027,0.0011999999999998678
EWR-1,7/31/2025,10:50:00 pm,0,2025-07-31 22:50:00,8.1566,10.015,0.0012000000000000454
EWR-1,7/31/2025,11:00:00 pm,0,2025-07-31 23:00:00,8.1575,10.003,0.0010999999999999233
EWR-1,7/31/2025,11:10:00 pm,0,2025-07-31 23:10:00,8.1577,9.992,0.0010000000000001564
EWR-1,7/31/2025,11:20:00 pm,0,2025-07-31 23:20:00,8.1586,9.982,0.0010999999999999233
EWR-1,7/31/2025,11:30:00 pm,0,2025-07-31 23:30:00,8.1596,9.971,0.0010999999999999233
EWR-1,7/31/2025,11:40:00 pm,0,2025-07-31 23:40:00,8.1603,9.96,0.0012000000000000454
EWR-1,7/31/2025,11:50:00 pm,0,2025-07-31 23:50:00,8.1614,9.948,0.0012000000000000454
EWR-1,8/1/2025,12:00:00 am,0,2025-08-01 00:00:00,8.1622,9.936,0.0010999999999999233
EWR-1,8/1/2025,12:10:00 am,0,2025-08-01 00:10:00,8.1634,9.925,0.0010000000000001564
EWR-1,8/1/2025,12:20:00 am,0,2025-08-01 00:20:00,8.1645,9.915,0.0009999999999999788
EWR-1,8/1/2025,12:30:00 am,0,2025-08-01 00:30:00,8.1654,9.905,0.0009999999999999788
EWR-1,8/1/2025,12:40:00 am,0,2025-08-01 00:40:00,8.1664,9.895,0.0012000000000000454
EWR-1,8/1/2025,12:50:00 am,0,2025-08-01 00:50:00,8.1676,9.883,0.0011999999999998678
EWR-1,8/1/2025,01:00:00 am,0,2025-08-01 01:00:00,8.1689,9.871,0.0012000000000000454
EWR-1,8/1/2025,01:10:00 am,0,2025-08-01 01:10:00,8.1699,9.859,0.0013999999999999347
EWR-1,8/1/2025,01:20:00 am,0,2025-08-01 01:20:00,8.1713,9.845,0.00129999999999999
EWR-1,8/1/2025,01:30:00 am,0,2025-08-01 01:30:00,8.1721,9.832,0.0012000000000000454
EWR-1,8/1/2025,01:40:00 am,0,2025-08-01 01:40:00,8.1737,9.82,0.00129999999999999
EWR-1,8/1/2025,01:50:00 am,0,2025-08-01 01:50:00,8.1749,9.807,0.00129999999999999
EWR-1,8/1/2025,02:00:00 am,0,2025-08-01 02:00:00,8.1763,9.794,0.00129999999999999
EWR-1,8/1/2025,02:10:00 am,0,2025-08-01 02:10:00,8.1785,9.781,0.00129999999999999
EWR-1,8/1/2025,02:20:00 am,0,2025-08-01 02:20:00,8.1815,9.768,0.0014000000000001123
EWR-1,8/1/2025,02:30:00 am,0,2025-08-01 02:30:00,8.1846,9.754,0.00129999999999999
EWR-1,8/1/2025,02:40:00 am,0,2025-08-01 02:40:00,8.188,9.741,0.00129999999999999
EWR-1,8/1/2025,02:50:00 am,0,2025-08-01 02:50:00,8.1914,9.728,0.0013999999999999347
EWR-1,8/1/2025,03:00:00 am,0,2025-08-01 03:00:00,8.1951,9.714,0.0014000000000001123
EWR-1,8/1/2025,03:10:00 am,0,2025-08-01 03:10:00,8.1987,9.7,0.0013999999999999347
EWR-1,8/1/2025,03:20:00 am,0,2025-08-01 03:20:00,8.2022,9.686,0.00129999999999999
EWR-1,8/1/2025,03:30:00 am,0,2025-08-01 03:30:00,8.2057,9.673,0.0013999999999999347
EWR-1,8/1/2025,03:40:00 am,0,2025-08-01 03:40:00,8.2091,9.659,0.0014000000000001123
EWR-1,8/1/2025,03:50:00 am,0,2025-08-01 03:50:00,8.2124,9.645,0.0013999999999999347
EWR-1,8/1/2025,04:00:00 am,0,2025-08-01 04:00:00,8.2156,9.631,0.0015000000000000568
EWR-1,8/1/2025,04:10:00 am,0,2025-08-01 04:10:00,8.2188,9.616,0.0013999999999999347
EWR-1,8/1/2025,04:20:00 am,0,2025-08-01 04:20:00,8.2213,9.602,0.0015000000000000568
EWR-1,8/1/2025,04:30:00 am,0,2025-08-01 04:30:00,8.2238,9.587,0.0013999999999999347
EWR-1,8/1/2025,04:40:00 am,0,2025-08-01 04:40:00,8.2259,9.573,0.0015000000000000568
EWR-1,8/1/2025,04:50:00 am,0,2025-08-01 04:50:00,8.2279,9.558,0.00129999999999999
EWR-1,8/1/2025,05:00:00 am,0,2025-08-01 05:00:00,8.2295,9.545,0.0013999999999999347
EWR-1,8/1/2025,05:10:00 am,0,2025-08-01 05:10:00,8.2307,9.531,0.0014000000000001123
EWR-1,8/1/2025,05:20:00 am,0,2025-08-01 05:20:00,8.23,9.517,0.0013999999999999347
EWR-1,8/1/2025,05:30:00 am,0,2025-08-01 05:30:00,8.2323,9.503,0.0015000000000000568
EWR-1,8/1/2025,05:40:00 am,0,2025-08-01 05:40:00,8.2346,9.488,0.0013999999999999347
EWR-1,8/1/2025,05:50:00 am,0,2025-08-01 05:50:00,8.2363,9.474,0.0016000000000000014
EWR-1,8/1/2025,06:00:00 am,0,2025-08-01 06:00:00,8.2379,9.458,0.0015000000000000568
EWR-1,8/1/2025,06:10:00 am,0,2025-08-01 06:10:00,8.2399,9.443,0.0014999999999998793
EWR-1,8/1/2025,06:20:00 am,0,2025-08-01 06:20:00,8.2414,9.428,0.0015000000000000568
EWR-1,8/1/2025,06:30:00 am,0,2025-08-01 06:30:00,8.243,9.413,0.00129999999999999
EWR-1,8/1/2025,06:40:00 am,0,2025-08-01 06:40:00,8.2438,9.4,0.0014000000000001123
EWR-1,8/1/2025,06:50:00 am,0,2025-08-01 06:50:00,8.2443,9.386,0.0013999999999999347
EWR-1,8/1/2025,07:00:00 am,0,2025-08-01 07:00:00,8.2449,9.372,0.0013999999999999347
EWR-1,8/1/2025,07:10:00 am,0,2025-08-01 07:10:00,8.2449,9.358,0.00129999999999999
EWR-1,8/1/2025,07:20:00 am,0,2025-08-01 07:20:00,8.2459,9.345,0.0014000000000001123
EWR-1,8/1/2025,07:30:00 am,0,2025-08-01 07:30:00,8.2458,9.331,0.0019000000000000128
EWR-1,8/1/2025,07:40:00 am,0,2025-08-01 07:40:00,8.2458,9.312,0.0016000000000000014
EWR-1,8/1/2025,07:50:00 am,0,2025-08-01 07:50:00,8.2464,9.296,0.00129999999999999
EWR-1,8/1/2025,08:00:00 am,0,2025-08-01 08:00:00,8.2467,9.283,0.0009000000000000341
EWR-1,8/1/2025,08:10:00 am,0,2025-08-01 08:10:00,8.2473,9.274,0.0005999999999998451
EWR-1,8/1/2025,08:20:00 am,0,2025-08-01 08:20:00,8.2474,9.268,0.00030000000000001136
EWR-1,8/1/2025,08:30:00 am,0,2025-08-01 08:30:00,8.248,9.265,0.0002000000000000668
EWR-1,8/1/2025,08:40:00 am,0,2025-08-01 08:40:00,8.2487,9.263,9.999999999994457e-05
EWR-1,8/1/2025,08:50:00 am,0,2025-08-01 08:50:00,8.2484,9.264,0.0
EWR-1,8/1/2025,09:00:00 am,0,2025-08-01 09:00:00,8.2483,9.264,0.00010000000000012221
EWR-1,8/1/2025,09:10:00 am,0,2025-08-01 09:10:00,8.2479,9.265,9.999999999994457e-05
EWR-1,8/1/2025,09:20:00 am,0,2025-08-01 09:20:00,8.2477,9.266,9.999999999994457e-05
EWR-1,8/1/2025,09:30:00 am,0,2025-08-01 09:30:00,8.2472,9.267,0.00010000000000012221
EWR-1,8/1/2025,09:40:00 am,0,2025-08-01 09:40:00,8.2469,9.268,0.00019999999999988915
EWR-1,8/1/2025,09:50:00 am,0,2025-08-01 09:50:00,8.2461,9.27,0.0002000000000000668
EWR-1,8/1/2025,10:00:00 am,0,2025-08-01 10:00:00,8.2455,9.272,0.00019999999999988915
EWR-1,8/1/2025,10:10:00 am,0,2025-08-01 10:10:00,8.2439,9.274,0.00030000000000001136
EWR-1,8/1/2025,10:20:00 am,0,2025-08-01 10:20:00,8.2425,9.277,0.0002000000000000668
EWR-1,8/1/2025,10:30:00 am,0,2025-08-01 10:30:00,8.2408,9.279,0.00030000000000001136
EWR-1,8/1/2025,10:40:00 am,0,2025-08-01 10:40:00,8.2386,9.282,0.00030000000000001136
EWR-1,8/1/2025,10:50:00 am,0,2025-08-01 10:50:00,8.2379,9.285,0.00030000000000001136
EWR-1,8/1/2025,11:00:00 am,0,2025-08-01 11:00:00,8.2368,9.288,0.0004999999999999005
EWR-1,8/1/2025,11:10:00 am,0,2025-08-01 11:10:00,8.2363,9.293,0.000700000000000145
EWR-1,8/1/2025,11:20:00 am,0,2025-08-01 11:20:00,8.2359,9.3,0.0007999999999999119
EWR-1,8/1/2025,11:30:00 am,0,2025-08-01 11:30:00,8.2351,9.308,0.0009999999999999788
EWR-1,8/1/2025,11:40:00 am,0,2025-08-01 11:40:00,8.2344,9.318,0.0012000000000000454
EWR-1,8/1/2025,11:50:00 am,0,2025-08-01 11:50:00,8.2333,9.33,0.00129999999999999
EWR-1,8/1/2025,12:00:00 pm,0,2025-08-01 12:00:00,8.2325,9.343,0.0012000000000000454
EWR-1,8/1/2025,12:10:00 pm,0,2025-08-01 12:10:00,8.2315,9.355,0.0010999999999999233
EWR-1,8/1/2025,12:20:00 pm,0,2025-08-01 12:20:00,8.2304,9.366,0.001100000000000101
EWR-1,8/1/2025,12:30:00 pm,0,2025-08-01 12:30:00,8.2295,9.377,0.0011999999999998678
EWR-1,8/1/2025,12:40:00 pm,0,2025-08-01 12:40:00,8.2284,9.389,0.00129999999999999
EWR-1,8/1/2025,12:50:00 pm,0,2025-08-01 12:50:00,8.2274,9.402,0.0014000000000001123
EWR-1,8/1/2025,01:00:00 pm,0,2025-08-01 13:00:00,8.2263,9.416,0.0014999999999998793
EWR-1,8/1/2025,01:10:00 pm,0,2025-08-01 13:10:00,8.2249,9.431,0.0016000000000000014
EWR-1,8/1/2025,01:20:00 pm,0,2025-08-01 13:20:00,8.224,9.447,0.0017000000000001237
EWR-1,8/1/2025,01:30:00 pm,0,2025-08-01 13:30:00,8.2231,9.464,0.001699999999999946
EWR-1,8/1/2025,01:40:00 pm,0,2025-08-01 13:40:00,8.2222,9.481,0.0018000000000000683
EWR-1,8/1/2025,01:50:00 pm,0,2025-08-01 13:50:00,8.221,9.499,0.0016000000000000014
EWR-1,8/1/2025,02:00:00 pm,0,2025-08-01 14:00:00,8.2203,9.515,0.0016000000000000014
EWR-1,8/1/2025,02:10:00 pm,0,2025-08-01 14:10:00,8.2192,9.531,0.0016000000000000014
EWR-1,8/1/2025,02:20:00 pm,0,2025-08-01 14:20:00,8.2177,9.547,0.0016000000000000014
EWR-1,8/1/2025,02:30:00 pm,0,2025-08-01 14:30:00,8.2168,9.563,0.0016000000000000014
EWR-1,8/1/2025,02:40:00 pm,0,2025-08-01 14:40:00,8.2158,9.579,0.0016000000000000014
EWR-1,8/1/2025,02:50:00 pm,0,2025-08-01 14:50:00,8.2149,9.595,0.0016000000000000014
EWR-1,8/1/2025,03:00:00 pm,0,2025-08-01 15:00:00,8.2136,9.611,0.0014999999999998793
EWR-1,8/1/2025,03:10:00 pm,0,2025-08-01 15:10:00,8.2124,9.626,0.0015000000000000568
EWR-1,8/1/2025,03:20:00 pm,0,2025-08-01 15:20:00,8.2112,9.641,0.00129999999999999
EWR-1,8/1/2025,03:30:00 pm,0,2025-08-01 15:30:00,8.21,9.654,0.00129999999999999
EWR-1,8/1/2025,03:40:00 pm,0,2025-08-01 15:40:00,8.2082,9.667,0.00129999999999999
EWR-1,8/1/2025,03:50:00 pm,0,2025-08-01 15:50:00,8.2073,9.68,0.00129999999999999
EWR-1,8/1/2025,04:00:00 pm,0,2025-08-01 16:00:00,8.2058,9.693,0.00129999999999999
EWR-1,8/1/2025,04:10:00 pm,0,2025-08-01 16:10:00,8.2045,9.706,0.0015000000000000568
EWR-1,8/1/2025,04:20:00 pm,0,2025-08-01 16:20:00,8.2032,9.721,0.0013999999999999347
EWR-1,8/1/2025,04:30:00 pm,0,2025-08-01 16:30:00,8.2022,9.735,0.0014000000000001123
EWR-1,8/1/2025,04:40:00 pm,0,2025-08-01 16:40:00,8.2006,9.749,0.0013999999999999347
EWR-1,8/1/2025,04:50:00 pm,0,2025-08-01 16:50:00,8.1995,9.763,0.0013999999999999347
EWR-1,8/1/2025,05:00:00 pm,0,2025-08-01 17:00:00,8.1981,9.777,0.0014000000000001123
EWR-1,8/1/2025,05:10:00 pm,0,2025-08-01 17:10:00,8.197,9.791,0.0014999999999998793
EWR-1,8/1/2025,05:20:00 pm,0,2025-08-01 17:20:00,8.1958,9.806,0.0014000000000001123
EWR-1,8/1/2025,05:30:00 pm,0,2025-08-01 17:30:00,8.1946,9.82,0.0013999999999999347
EWR-1,8/1/2025,05:40:00 pm,0,2025-08-01 17:40:00,8.1935,9.834,0.00129999999999999
EWR-1,8/1/2025,05:50:00 pm,0,2025-08-01 17:50:00,8.1963,9.847,0.00129999999999999
EWR-1,8/1/2025,06:00:00 pm,0,2025-08-01 18:00:00,8.1952,9.86,0.00129999999999999
EWR-1,8/1/2025,06:10:00 pm,0,2025-08-01 18:10:00,8.1936,9.873,0.001100000000000101
EWR-1,8/1/2025,06:20:00 pm,0,2025-08-01 18:20:00,8.1916,9.884,0.0010999999999999233
EWR-1,8/1/2025,06:30:00 pm,0,2025-08-01 18:30:00,8.1904,9.895,0.0009999999999999788
EWR-1,8/1/2025,06:40:00 pm,0,2025-08-01 18:40:00,8.1892,9.905,0.0009000000000000341
EWR-1,8/1/2025,06:50:00 pm,0,2025-08-01 18:50:00,8.1881,9.914,0.0008000000000000895
EWR-1,8/1/2025,07:00:00 pm,0,2025-08-01 19:00:00,8.187,9.922,0.0006999999999999674
EWR-1,8/1/2025,07:10:00 pm,0,2025-08-01 19:10:00,8.1858,9.929,0.0004999999999999005
EWR-1,8/1/2025,07:20:00 pm,0,2025-08-01 19:20:00,8.1848,9.934,0.0004000000000001336
EWR-1,8/1/2025,07:30:00 pm,0,2025-08-01 19:30:00,8.1839,9.938,0.00039999999999995595
EWR-1,8/1/2025,07:40:00 pm,0,2025-08-01 19:40:00,8.183,9.942,0.0002000000000000668
EWR-1,8/1/2025,07:50:00 pm,0,2025-08-01 19:50:00,8.1827,9.944,0.00019999999999988915
EWR-1,8/1/2025,08:00:00 pm,0,2025-08-01 20:00:00,8.1819,9.946,0.0002000000000000668
EWR-1,8/1/2025,08:10:00 pm,0,2025-08-01 20:10:00,8.1813,9.948,0.0
EWR-1,8/1/2025,08:20:00 pm,0,2025-08-01 20:20:00,8.181,9.948,0.00010000000000012221
EWR-1,8/1/2025,08:30:00 pm,0,2025-08-01 20:30:00,8.1805,9.947,0.00019999999999988915
EWR-1,8/1/2025,08:40:00 pm,0,2025-08-01 20:40:00,8.1805,9.945,0.00039999999999995595
EWR-1,8/1/2025,08:50:00 pm,0,2025-08-01 20:50:00,8.1799,9.941,0.0004000000000001336
EWR-1,8/1/2025,09:00:00 pm,0,2025-08-01 21:00:00,8.1794,9.937,0.0004999999999999005
EWR-1,8/1/2025,09:10:00 pm,0,2025-08-01 21:10:00,8.1796,9.932,0.0006000000000000227
EWR-1,8/1/2025,09:20:00 pm,0,2025-08-01 21:20:00,8.1792,9.926,0.0008000000000000895
EWR-1,8/1/2025,09:30:00 pm,0,2025-08-01 21:30:00,8.1791,9.918,0.0007999999999999119
EWR-1,8/1/2025,09:40:00 pm,0,2025-08-01 21:40:00,8.1792,9.91,0.0009000000000000341
EWR-1,8/1/2025,09:50:00 pm,0,2025-08-01 21:50:00,8.1794,9.901,0.0009999999999999788
EWR-1,8/1/2025,10:00:00 pm,0,2025-08-01 22:00:00,8.1792,9.891,0.0009000000000000341
EWR-1,8/1/2025,10:10:00 pm,0,2025-08-01 22:10:00,8.1794,9.882,0.0009999999999999788
EWR-1,8/1/2025,10:20:00 pm,0,2025-08-01 22:20:00,8.1794,9.872,0.0009999999999999788
EWR-1,8/1/2025,10:30:00 pm,0,2025-08-01 22:30:00,8.1797,9.862,0.0010999999999999233
EWR-1,8/1/2025,10:40:00 pm,0,2025-08-01 22:40:00,8.1799,9.851,0.0010000000000001564
EWR-1,8/1/2025,10:50:00 pm,0,2025-08-01 22:50:00,8.1803,9.841,0.0009999999999999788
EWR-1,8/1/2025,11:00:00 pm,0,2025-08-01 23:00:00,8.1809,9.831,0.0009000000000000341
EWR-1,8/1/2025,11:10:00 pm,0,2025-08-01 23:10:00,8.1814,9.822,0.0009999999999999788
EWR-1,8/1/2025,11:20:00 pm,0,2025-08-01 23:20:00,8.1818,9.812,0.0008999999999998564
EWR-1,8/1/2025,11:30:00 pm,0,2025-08-01 23:30:00,8.1828,9.803,0.0009000000000000341
EWR-1,8/1/2025,11:40:00 pm,0,2025-08-01 23:40:00,8.1832,9.794,0.001100000000000101
EWR-1,8/1/2025,11:50:00 pm,0,2025-08-01 23:50:00,8.1842,9.783,0.0009999999999999788
EWR-1,8/2/2025,12:00:00 am,0,2025-08-02 00:00:00,8.1851,9.773,0.0010999999999999233
EWR-1,8/2/2025,12:10:00 am,0,2025-08-02 00:10:00,8.1859,9.762,0.001100000000000101
EWR-1,8/2/2025,12:20:00 am,0,2025-08-02 00:20:00,8.1865,9.751,0.0010999999999999233
EWR-1,8/2/2025,12:30:00 am,0,2025-08-02 00:30:00,8.1876,9.74,0.001100000000000101
EWR-1,8/2/2025,12:40:00 am,0,2025-08-02 00:40:00,8.1886,9.729,0.0010999999999999233
EWR-1,8/2/2025,12:50:00 am,0,2025-08-02 00:50:00,8.1896,9.718,0.00129999999999999
EWR-1,8/2/2025,01:00:00 am,0,2025-08-02 01:00:00,8.1906,9.705,0.0012000000000000454
EWR-1,8/2/2025,01:10:00 am,0,2025-08-02 01:10:00,8.1918,9.693,0.00129999999999999
EWR-1,8/2/2025,01:20:00 am,0,2025-08-02 01:20:00,8.1929,9.68,0.00129999999999999
EWR-1,8/2/2025,01:30:00 am,0,2025-08-02 01:30:00,8.1934,9.667,0.0013999999999999347
EWR-1,8/2/2025,01:40:00 am,0,2025-08-02 01:40:00,8.1948,9.653,0.0015000000000000568
EWR-1,8/2/2025,01:50:00 am,0,2025-08-02 01:50:00,8.1959,9.638,0.0015000000000000568
EWR-1,8/2/2025,02:00:00 am,0,2025-08-02 02:00:00,8.1969,9.623,0.0013999999999999347
EWR-1,8/2/2025,02:10:00 am,0,2025-08-02 02:10:00,8.1981,9.609,0.0015000000000000568
EWR-1,8/2/2025,02:20:00 am,0,2025-08-02 02:20:00,8.2002,9.594,0.0014999999999998793
EWR-1,8/2/2025,02:30:00 am,0,2025-08-02 02:30:00,8.2028,9.579,0.0014000000000001123
EWR-1,8/2/2025,02:40:00 am,0,2025-08-02 02:40:00,8.2058,9.565,0.0016000000000000014
EWR-1,8/2/2025,02:50:00 am,0,2025-08-02 02:50:00,8.2084,9.549,0.0014999999999998793
EWR-1,8/2/2025,03:00:00 am,0,2025-08-02 03:00:00,8.2114,9.534,0.0015000000000000568
EWR-1,8/2/2025,03:10:00 am,0,2025-08-02 03:10:00,8.2142,9.519,0.0016000000000000014
EWR-1,8/2/2025,03:20:00 am,0,2025-08-02 03:20:00,8.2173,9.503,0.0015000000000000568
EWR-1,8/2/2025,03:30:00 am,0,2025-08-02 03:30:00,8.22,9.488,0.0014999999999998793
EWR-1,8/2/2025,03:40:00 am,0,2025-08-02 03:40:00,8.2228,9.473,0.0016000000000000014
EWR-1,8/2/2025,03:50:00 am,0,2025-08-02 03:50:00,8.225,9.457,0.0016000000000000014
EWR-1,8/2/2025,04:00:00 am,0,2025-08-02 04:00:00,8.2279,9.441,0.0017000000000001237
EWR-1,8/2/2025,04:10:00 am,0,2025-08-02 04:10:00,8.2306,9.424,0.0016000000000000014
EWR-1,8/2/2025,04:20:00 am,0,2025-08-02 04:20:00,8.2334,9.408,0.001699999999999946
EWR-1,8/2/2025,04:30:00 am,0,2025-08-02 04:30:00,8.2357,9.391,0.0019000000000000128
EWR-1,8/2/2025,04:40:00 am,0,2025-08-02 04:40:00,8.2378,9.372,0.001699999999999946
EWR-1,8/2/2025,04:50:00 am,0,2025-08-02 04:50:00,8.2399,9.355,0.0019000000000000128
EWR-1,8/2/2025,05:00:00 am,0,2025-08-02 05:00:00,8.2416,9.336,0.001699999999999946
EWR-1,8/2/2025,05:10:00 am,0,2025-08-02 05:10:00,8.2435,9.319,0.0018000000000000683
EWR-1,8/2/2025,05:20:00 am,0,2025-08-02 05:20:00,8.2455,9.301,0.0019000000000000128
EWR-1,8/2/2025,05:30:00 am,0,2025-08-02 05:30:00,8.2469,9.282,0.002400000000000091
EWR-1,8/2/2025,05:40:00 am,0,2025-08-02 05:40:00,8.2484,9.258,0.0023999999999999135
EWR-1,8/2/2025,05:50:00 am,0,2025-08-02 05:50:00,8.2502,9.234,0.002200000000000024
EWR-1,8/2/2025,06:00:00 am,0,2025-08-02 06:00:00,8.2493,9.212,0.002099999999999902
EWR-1,8/2/2025,06:10:00 am,0,2025-08-02 06:10:00,8.2521,9.191,0.0019000000000000128
EWR-1,8/2/2025,06:20:00 am,0,2025-08-02 06:20:00,8.2542,9.172,0.0018000000000000683
EWR-1,8/2/2025,06:30:00 am,0,2025-08-02 06:30:00,8.2561,9.154,0.001699999999999946
EWR-1,8/2/2025,06:40:00 am,0,2025-08-02 06:40:00,8.258,9.137,0.0017000000000001237
EWR-1,8/2/2025,06:50:00 am,0,2025-08-02 06:50:00,8.2593,9.12,0.0016000000000000014
EWR-1,8/2/2025,07:00:00 am,0,2025-08-02 07:00:00,8.2604,9.104,0.0014999999999998793
EWR-1,8/2/2025,07:10:00 am,0,2025-08-02 07:10:00,8.2611,9.089,0.0014000000000001123
EWR-1,8/2/2025,07:20:00 am,0,2025-08-02 07:20:00,8.2621,9.075,0.00129999999999999
EWR-1,8/2/2025,07:30:00 am,0,2025-08-02 07:30:00,8.2628,9.062,0.00129999999999999
EWR-1,8/2/2025,07:40:00 am,0,2025-08-02 07:40:00,8.264,9.049,0.0011999999999998678
EWR-1,8/2/2025,07:50:00 am,0,2025-08-02 07:50:00,8.2644,9.037,0.001100000000000101
EWR-1,8/2/2025,08:00:00 am,0,2025-08-02 08:00:00,8.2649,9.026,0.0009000000000000341
EWR-1,8/2/2025,08:10:00 am,0,2025-08-02 08:10:00,8.2654,9.017,0.0009000000000000341
EWR-1,8/2/2025,08:20:00 am,0,2025-08-02 08:20:00,8.2655,9.008,0.0004999999999999005
EWR-1,8/2/2025,08:30:00 am,0,2025-08-02 08:30:00,8.2658,9.003,0.0005000000000000782
EWR-1,8/2/2025,08:40:00 am,0,2025-08-02 08:40:00,8.2663,8.998,9.999999999994457e-05
EWR-1,8/2/2025,08:50:00 am,0,2025-08-02 08:50:00,8.2664,8.997,0.00030000000000001136
EWR-1,8/2/2025,09:00:00 am,0,2025-08-02 09:00:00,8.2664,9.0,0.0002000000000000668
EWR-1,8/2/2025,09:10:00 am,0,2025-08-02 09:10:00,8.2671,9.002,0.00019999999999988915
EWR-1,8/2/2025,09:20:00 am,0,2025-08-02 09:20:00,8.2674,9.004,0.00030000000000001136
EWR-1,8/2/2025,09:30:00 am,0,2025-08-02 09:30:00,8.2672,9.007,0.00030000000000001136
EWR-1,8/2/2025,09:40:00 am,0,2025-08-02 09:40:00,8.2662,9.01,9.999999999994457e-05
EWR-1,8/2/2025,09:50:00 am,0,2025-08-02 09:50:00,8.2656,9.011,0.00010000000000012221
EWR-1,8/2/2025,10:00:00 am,0,2025-08-02 10:00:00,8.2642,9.012,9.999999999994457e-05
EWR-1,8/2/2025,10:10:00 am,0,2025-08-02 10:10:00,8.2627,9.013,0.0002000000000000668
EWR-1,8/2/2025,10:20:00 am,0,2025-08-02 10:20:00,8.2612,9.015,0.00019999999999988915
EWR-1,8/2/2025,10:30:00 am,0,2025-08-02 10:30:00,8.2593,9.017,0.00010000000000012221
EWR-1,8/2/2025,10:40:00 am,0,2025-08-02 10:40:00,8.258,9.018,0.00019999999999988915
EWR-1,8/2/2025,10:50:00 am,0,2025-08-02 10:50:00,8.2566,9.02,0.00030000000000001136
EWR-1,8/2/2025,11:00:00 am,0,2025-08-02 11:00:00,8.2552,9.023,0.00030000000000001136
EWR-1,8/2/2025,11:10:00 am,0,2025-08-02 11:10:00,8.2539,9.026,0.0006000000000000227
EWR-1,8/2/2025,11:20:00 am,0,2025-08-02 11:20:00,8.2536,9.032,0.0006999999999999674
EWR-1,8/2/2025,11:30:00 am,0,2025-08-02 11:30:00,8.2531,9.039,0.0009999999999999788
EWR-1,8/2/2025,11:40:00 am,0,2025-08-02 11:40:00,8.2523,9.049,0.0009999999999999788
EWR-1,8/2/2025,11:50:00 am,0,2025-08-02 11:50:00,8.2513,9.059,0.0012000000000000454
EWR-1,8/2/2025,12:00:00 pm,0,2025-08-02 12:00:00,8.251,9.071,0.00129999999999999
EWR-1,8/2/2025,12:10:00 pm,0,2025-08-02 12:10:00,8.25,9.084,0.0012000000000000454
EWR-1,8/2/2025,12:20:00 pm,0,2025-08-02 12:20:00,8.2494,9.096,0.0013999999999999347
EWR-1,8/2/2025,12:30:00 pm,0,2025-08-02 12:30:00,8.2491,9.11,0.00129999999999999
EWR-1,8/2/2025,12:40:00 pm,0,2025-08-02 12:40:00,8.2481,9.123,0.0014000000000001123
EWR-1,8/2/2025,12:50:00 pm,0,2025-08-02 12:50:00,8.2473,9.137,0.0013999999999999347
EWR-1,8/2/2025,01:00:00 pm,0,2025-08-02 13:00:00,8.2465,9.151,0.0015000000000000568
EWR-1,8/2/2025,01:10:00 pm,0,2025-08-02 13:10:00,8.2456,9.166,0.001699999999999946
EWR-1,8/2/2025,01:20:00 pm,0,2025-08-02 13:20:00,8.2446,9.183,0.0018000000000000683
EWR-1,8/2/2025,01:30:00 pm,0,2025-08-02 13:30:00,8.2439,9.201,0.0017999999999998907
EWR-1,8/2/2025,01:40:00 pm,0,2025-08-02 13:40:00,8.243,9.219,0.0018000000000000683
EWR-1,8/2/2025,01:50:00 pm,0,2025-08-02 13:50:00,8.2419,9.237,0.0016000000000000014
EWR-1,8/2/2025,02:00:00 pm,0,2025-08-02 14:00:00,8.2409,9.253,0.0016000000000000014
EWR-1,8/2/2025,02:10:00 pm,0,2025-08-02 14:10:00,8.2399,9.269,0.0016000000000000014
EWR-1,8/2/2025,02:20:00 pm,0,2025-08-02 14:20:00,8.2383,9.285,0.0016000000000000014
EWR-1,8/2/2025,02:30:00 pm,0,2025-08-02 14:30:00,8.2371,9.301,0.0015000000000000568
EWR-1,8/2/2025,02:40:00 pm,0,2025-08-02 14:40:00,8.2361,9.316,0.0016000000000000014
EWR-1,8/2/2025,02:50:00 pm,0,2025-08-02 14:50:00,8.2347,9.332,0.0014999999999998793
EWR-1,8/2/2025,03:00:00 pm,0,2025-08-02 15:00:00,8.2337,9.347,0.0016000000000000014
EWR-1,8/2/2025,03:10:00 pm,0,2025-08-02 15:10:00,8.2326,9.363,0.0015000000000000568
EWR-1,8/2/2025,03:20:00 pm,0,2025-08-02 15:20:00,8.2312,9.378,0.0016000000000000014
EWR-1,8/2/2025,03:30:00 pm,0,2025-08-02 15:30:00,8.2298,9.394,0.001699999999999946
EWR-1,8/2/2025,03:40:00 pm,0,2025-08-02 15:40:00,8.2286,9.411,0.0016000000000000014
EWR-1,8/2/2025,03:50:00 pm,0,2025-08-02 15:50:00,8.2273,9.427,0.0016000000000000014
EWR-1,8/2/2025,04:00:00 pm,0,2025-08-02 16:00:00,8.2262,9.443,0.0015000000000000568
EWR-1,8/2/2025,04:10:00 pm,0,2025-08-02 16:10:00,8.2248,9.458,0.0016000000000000014
EWR-1,8/2/2025,04:20:00 pm,0,2025-08-02 16:20:00,8.2233,9.474,0.0013999999999999347
EWR-1,8/2/2025,04:30:00 pm,0,2025-08-02 16:30:00,8.2216,9.488,0.0015000000000000568
EWR-1,8/2/2025,04:40:00 pm,0,2025-08-02 16:40:00,8.2205,9.503,0.0013999999999999347
EWR-1,8/2/2025,04:50:00 pm,0,2025-08-02 16:50:00,8.2193,9.517,0.0015000000000000568
EWR-1,8/2/2025,05:00:00 pm,0,2025-08-02 17:00:00,8.2179,9.532,0.0015000000000000568
EWR-1,8/2/2025,05:10:00 pm,0,2025-08-02 17:10:00,8.2163,9.547,0.0016000000000000014
EWR-1,8/2/2025,05:20:00 pm,0,2025-08-02 17:20:00,8.215,9.563,0.0014999999999998793
EWR-1,8/2/2025,05:30:00 pm,0,2025-08-02 17:30:00,8.214,9.578,0.0014000000000001123
EWR-1,8/2/2025,05:40:00 pm,0,2025-08-02 17:40:00,8.2125,9.592,0.0014999999999998793
EWR-1,8/2/2025,05:50:00 pm,0,2025-08-02 17:50:00,8.2111,9.607,0.00129999999999999
EWR-1,8/2/2025,06:00:00 pm,0,2025-08-02 18:00:00,8.21,9.62,0.00129999999999999
EWR-1,8/2/2025,06:10:00 pm,0,2025-08-02 18:10:00,8.2084,9.633,0.001100000000000101
EWR-1,8/2/2025,06:20:00 pm,0,2025-08-02 18:20:00,8.2072,9.644,0.0012000000000000454
EWR-1,8/2/2025,06:30:00 pm,0,2025-08-02 18:30:00,8.2056,9.656,0.0010999999999999233
EWR-1,8/2/2025,06:40:00 pm,0,2025-08-02 18:40:00,8.2045,9.667,0.0008000000000000895
EWR-1,8/2/2025,06:50:00 pm,0,2025-08-02 18:50:00,8.2032,9.675,0.0008999999999998564
EWR-1,8/2/2025,07:00:00 pm,0,2025-08-02 19:00:00,8.2022,9.684,0.000700000000000145
EWR-1,8/2/2025,07:10:00 pm,0,2025-08-02 19:10:00,8.2051,9.691,0.0005999999999998451
EWR-1,8/2/2025,07:20:00 pm,0,2025-08-02 19:20:00,8.2039,9.697,0.0005000000000000782
EWR-1,8/2/2025,07:30:00 pm,0,2025-08-02 19:30:00,8.2026,9.702,0.00030000000000001136
EWR-1,8/2/2025,07:40:00 pm,0,2025-08-02 19:40:00,8.2016,9.705,0.0002000000000000668
EWR-1,8/2/2025,07:50:00 pm,0,2025-08-02 19:50:00,8.2005,9.707,0.00019999999999988915
EWR-1,8/2/2025,08:00:00 pm,0,2025-08-02 20:00:00,8.199,9.709,0.0
EWR-1,8/2/2025,08:10:00 pm,0,2025-08-02 20:10:00,8.1983,9.709,0.0
EWR-1,8/2/2025,08:20:00 pm,0,2025-08-02 20:20:00,8.1974,9.709,0.00019999999999988915
EWR-1,8/2/2025,08:30:00 pm,0,2025-08-02 20:30:00,8.1964,9.707,0.00030000000000001136
EWR-1,8/2/2025,08:40:00 pm,0,2025-08-02 20:40:00,8.1952,9.704,0.0004000000000001336
EWR-1,8/2/2025,08:50:00 pm,0,2025-08-02 20:50:00,8.1948,9.7,0.00039999999999995595
EWR-1,8/2/2025,09:00:00 pm,0,2025-08-02 21:00:00,8.1937,9.696,0.0006000000000000227
EWR-1,8/2/2025,09:10:00 pm,0,2025-08-02 21:10:00,8.1931,9.69,0.0006999999999999674
EWR-1,8/2/2025,09:20:00 pm,0,2025-08-02 21:20:00,8.1926,9.683,0.0007999999999999119
EWR-1,8/2/2025,09:30:00 pm,0,2025-08-02 21:30:00,8.1922,9.675,0.0008000000000000895
EWR-1,8/2/2025,09:40:00 pm,0,2025-08-02 21:40:00,8.1914,9.667,0.0009000000000000341
EWR-1,8/2/2025,09:50:00 pm,0,2025-08-02 21:50:00,8.191,9.658,0.0009999999999999788
EWR-1,8/2/2025,10:00:00 pm,0,2025-08-02 22:00:00,8.1906,9.648,0.0009999999999999788
EWR-1,8/2/2025,10:10:00 pm,0,2025-08-02 22:10:00,8.1907,9.638,0.0012000000000000454
EWR-1,8/2/2025,10:20:00 pm,0,2025-08-02 22:20:00,8.1901,9.626,0.0010999999999999233
EWR-1,8/2/2025,10:30:00 pm,0,2025-08-02 22:30:00,8.1899,9.615,0.0009999999999999788
EWR-1,8/2/2025,10:40:00 pm,0,2025-08-02 22:40:00,8.1896,9.605,0.0009999999999999788
EWR-1,8/2/2025,10:50:00 pm,0,2025-08-02 22:50:00,8.1897,9.595,0.0009999999999999788
EWR-1,8/2/2025,11:00:00 pm,0,2025-08-02 23:00:00,8.1898,9.585,0.0009000000000000341
EWR-1,8/2/2025,11:10:00 pm,0,2025-08-02 23:10:00,8.1894,9.576,0.0009999999999999788
EWR-1,8/2/2025,11:20:00 pm,0,2025-08-02 23:20:00,8.1894,9.566,0.0010000000000001564
EWR-1,8/2/2025,11:30:00 pm,0,2025-08-02 23:30:00,8.1897,9.556,0.0009999999999999788
EWR-1,8/2/2025,11:40:00 pm,0,2025-08-02 23:40:00,8.1898,9.546,0.0009999999999999788
EWR-1,8/2/2025,11:50:00 pm,0,2025-08-02 23:50:00,8.1904,9.536,0.0009999999999999788
EWR-1,8/3/2025,12:00:00 am,0,2025-08-03 00:00:00,8.191,9.526,0.0009999999999999788
EWR-1,8/3/2025,12:10:00 am,0,2025-08-03 00:10:00,8.1912,9.516,0.0012000000000000454
EWR-1,8/3/2025,12:20:00 am,0,2025-08-03 00:20:00,8.1915,9.504,0.00129999999999999
EWR-1,8/3/2025,12:30:00 am,0,2025-08-03 00:30:00,8.192,9.491,0.0013999999999999347
EWR-1,8/3/2025,12:40:00 am,0,2025-08-03 00:40:00,8.1923,9.477,0.00129999999999999
EWR-1,8/3/2025,12:50:00 am,0,2025-08-03 00:50:00,8.1926,9.464,0.0014000000000001123
EWR-1,8/3/2025,01:00:00 am,0,2025-08-03 01:00:00,8.1932,9.45,0.0013999999999999347
EWR-1,8/3/2025,01:10:00 am,0,2025-08-03 01:10:00,8.194,9.436,0.0013999999999999347
EWR-1,8/3/2025,01:20:00 am,0,2025-08-03 01:20:00,8.1943,9.422,0.00129999999999999
EWR-1,8/3/2025,01:30:00 am,0,2025-08-03 01:30:00,8.1948,9.409,0.00129999999999999
EWR-1,8/3/2025,01:40:00 am,0,2025-08-03 01:40:00,8.1954,9.396,0.0015000000000000568
EWR-1,8/3/2025,01:50:00 am,0,2025-08-03 01:50:00,8.1958,9.381,0.0015000000000000568
EWR-1,8/3/2025,02:00:00 am,0,2025-08-03 02:00:00,8.1966,9.366,0.0014999999999998793
EWR-1,8/3/2025,02:10:00 am,0,2025-08-03 02:10:00,8.1976,9.351,0.0015000000000000568
EWR-1,8/3/2025,02:20:00 am,0,2025-08-03 02:20:00,8.1993,9.336,0.0016000000000000014
EWR-1,8/3/2025,02:30:00 am,0,2025-08-03 02:30:00,8.2007,9.32,0.001699999999999946
EWR-1,8/3/2025,02:40:00 am,0,2025-08-03 02:40:00,8.2026,9.303,0.0025000000000000356
EWR-1,8/3/2025,02:50:00 am,0,2025-08-03 02:50:00,8.2045,9.278,0.0022999999999999687
EWR-1,8/3/2025,03:00:00 am,0,2025-08-03 03:00:00,8.2063,9.255,0.002200000000000024
EWR-1,8/3/2025,03:10:00 am,0,2025-08-03 03:10:00,8.208,9.233,0.002000000000000135
EWR-1,8/3/2025,03:20:00 am,0,2025-08-03 03:20:00,8.2097,9.213,0.0019999999999999575
EWR-1,8/3/2025,03:30:00 am,0,2025-08-03 03:30:00,8.2119,9.193,0.0017999999999998907
EWR-1,8/3/2025,03:40:00 am,0,2025-08-03 03:40:00,8.2136,9.175,0.0019000000000000128
EWR-1,8/3/2025,03:50:00 am,0,2025-08-03 03:50:00,8.2153,9.156,0.0019000000000000128
EWR-1,8/3/2025,04:00:00 am,0,2025-08-03 04:00:00,8.217,9.137,0.0019999999999999575
EWR-1,8/3/2025,04:10:00 am,0,2025-08-03 04:10:00,8.2187,9.117,0.0019000000000000128
EWR-1,8/3/2025,04:20:00 am,0,2025-08-03 04:20:00,8.2204,9.098,0.0018000000000000683
EWR-1,8/3/2025,04:30:00 am,0,2025-08-03 04:30:00,8.2221,9.08,0.0019000000000000128
EWR-1,8/3/2025,04:40:00 am,0,2025-08-03 04:40:00,8.2234,9.061,0.0018000000000000683
EWR-1,8/3/2025,04:50:00 am,0,2025-08-03 04:50:00,8.2248,9.043,0.0017999999999998907
EWR-1,8/3/2025,05:00:00 am,0,2025-08-03 05:00:00,8.2259,9.025,0.0019000000000000128
EWR-1,8/3/2025,05:10:00 am,0,2025-08-03 05:10:00,8.2272,9.006,0.0019999999999999575
EWR-1,8/3/2025,05:20:00 am,0,2025-08-03 05:20:00,8.2282,8.986,0.002000000000000135
EWR-1,8/3/2025,05:30:00 am,0,2025-08-03 05:30:00,8.2296,8.966,0.0017999999999998907
EWR-1,8/3/2025,05:40:00 am,0,2025-08-03 05:40:00,8.2284,8.948,0.0018000000000000683
EWR-1,8/3/2025,05:50:00 am,0,2025-08-03 05:50:00,8.2307,8.93,0.0019999999999999575
EWR-1,8/3/2025,06:00:00 am,0,2025-08-03 06:00:00,8.2323,8.91,0.0019000000000000128
EWR-1,8/3/2025,06:10:00 am,0,2025-08-03 06:10:00,8.2336,8.891,0.0019999999999999575
EWR-1,8/3/2025,06:20:00 am,0,2025-08-03 06:20:00,8.2351,8.871,0.0018000000000000683
EWR-1,8/3/2025,06:30:00 am,0,2025-08-03 06:30:00,8.2356,8.853,0.0017999999999998907
EWR-1,8/3/2025,06:40:00 am,0,2025-08-03 06:40:00,8.2366,8.835,0.0016000000000000014
EWR-1,8/3/2025,06:50:00 am,0,2025-08-03 06:50:00,8.2372,8.819,0.0015000000000000568
EWR-1,8/3/2025,07:00:00 am,0,2025-08-03 07:00:00,8.2378,8.804,0.0014000000000001123
EWR-1,8/3/2025,07:10:00 am,0,2025-08-03 07:10:00,8.2384,8.79,0.00129999999999999
EWR-1,8/3/2025,07:20:00 am,0,2025-08-03 07:20:00,8.2381,8.777,0.00129999999999999
EWR-1,8/3/2025,07:30:00 am,0,2025-08-03 07:30:00,8.2381,8.764,0.0010999999999999233
EWR-1,8/3/2025,07:40:00 am,0,2025-08-03 07:40:00,8.2383,8.753,0.00129999999999999
EWR-1,8/3/2025,07:50:00 am,0,2025-08-03 07:50:00,8.2383,8.74,0.001100000000000101
EWR-1,8/3/2025,08:00:00 am,0,2025-08-03 08:00:00,8.2382,8.729,0.0008999999999998564
EWR-1,8/3/2025,08:10:00 am,0,2025-08-03 08:10:00,8.2386,8.72,0.0008000000000000895
EWR-1,8/3/2025,08:20:00 am,0,2025-08-03 08:20:00,8.2387,8.712,0.0006000000000000227
EWR-1,8/3/2025,08:30:00 am,0,2025-08-03 08:30:00,8.2384,8.706,0.0004999999999999005
EWR-1,8/3/2025,08:40:00 am,0,2025-08-03 08:40:00,8.2377,8.701,0.0002000000000000668
EWR-1,8/3/2025,08:50:00 am,0,2025-08-03 08:50:00,8.2373,8.699,0.0
EWR-1,8/3/2025,09:00:00 am,0,2025-08-03 09:00:00,8.2365,8.699,0.00039999999999995595
EWR-1,8/3/2025,09:10:00 am,0,2025-08-03 09:10:00,8.2359,8.703,0.0004000000000001336
EWR-1,8/3/2025,09:20:00 am,0,2025-08-03 09:20:00,8.2353,8.707,0.00039999999999995595
EWR-1,8/3/2025,09:30:00 am,0,2025-08-03 09:30:00,8.235,8.711,0.00030000000000001136
EWR-1,8/3/2025,09:40:00 am,0,2025-08-03 09:40:00,8.2346,8.714,0.00030000000000001136
EWR-1,8/3/2025,09:50:00 am,0,2025-08-03 09:50:00,8.234,8.717,0.00019999999999988915
EWR-1,8/3/2025,10:00:00 am,0,2025-08-03 10:00:00,8.2332,8.719,0.0002000000000000668
EWR-1,8/3/2025,10:10:00 am,0,2025-08-03 10:10:00,8.2312,8.721,9.999999999994457e-05
EWR-1,8/3/2025,10:20:00 am,0,2025-08-03 10:20:00,8.23,8.722,0.00030000000000001136
EWR-1,8/3/2025,10:30:00 am,0,2025-08-03 10:30:00,8.2287,8.725,0.00030000000000001136
EWR-1,8/3/2025,10:40:00 am,0,2025-08-03 10:40:00,8.2272,8.728,0.00030000000000001136
EWR-1,8/3/2025,10:50:00 am,0,2025-08-03 10:50:00,8.2261,8.731,0.0005000000000000782
EWR-1,8/3/2025,11:00:00 am,0,2025-08-03 11:00:00,8.2246,8.736,0.0004999999999999005
EWR-1,8/3/2025,11:10:00 am,0,2025-08-03 11:10:00,8.2245,8.741,0.0006999999999999674
EWR-1,8/3/2025,11:20:00 am,0,2025-08-03 11:20:00,8.224,8.748,0.0008000000000000895
EWR-1,8/3/2025,11:30:00 am,0,2025-08-03 11:30:00,8.2235,8.756,0.0010999999999999233
EWR-1,8/3/2025,11:40:00 am,0,2025-08-03 11:40:00,8.223,8.767,0.0012000000000000454
EWR-1,8/3/2025,11:50:00 am,0,2025-08-03 11:50:00,8.2223,8.779,0.0013999999999999347
EWR-1,8/3/2025,12:00:00 pm,0,2025-08-03 12:00:00,8.2215,8.793,0.00129999999999999
EWR-1,8/3/2025,12:10:00 pm,0,2025-08-03 12:10:00,8.2206,8.806,0.0013000000000001678
EWR-1,8/3/2025,12:20:00 pm,0,2025-08-03 12:20:00,8.2195,8.819,0.0014999999999998793
EWR-1,8/3/2025,12:30:00 pm,0,2025-08-03 12:30:00,8.219,8.834,0.0015000000000000568
EWR-1,8/3/2025,12:40:00 pm,0,2025-08-03 12:40:00,8.2187,8.849,0.0015000000000000568
EWR-1,8/3/2025,12:50:00 pm,0,2025-08-03 12:50:00,8.2177,8.864,0.0016000000000000014
EWR-1,8/3/2025,01:00:00 pm,0,2025-08-03 13:00:00,8.2171,8.88,0.001699999999999946
EWR-1,8/3/2025,01:10:00 pm,0,2025-08-03 13:10:00,8.216,8.897,0.0017999999999998907
EWR-1,8/3/2025,01:20:00 pm,0,2025-08-03 13:20:00,8.2153,8.915,0.0019000000000000128
EWR-1,8/3/2025,01:30:00 pm,0,2025-08-03 13:30:00,8.2141,8.934,0.0019000000000000128
EWR-1,8/3/2025,01:40:00 pm,0,2025-08-03 13:40:00,8.2134,8.953,0.0018000000000000683
EWR-1,8/3/2025,01:50:00 pm,0,2025-08-03 13:50:00,8.2122,8.971,0.001699999999999946
EWR-1,8/3/2025,02:00:00 pm,0,2025-08-03 14:00:00,8.2115,8.988,0.0017000000000001237
EWR-1,8/3/2025,02:10:00 pm,0,2025-08-03 14:10:00,8.2102,9.005,0.0016000000000000014
EWR-1,8/3/2025,02:20:00 pm,0,2025-08-03 14:20:00,8.209,9.021,0.001699999999999946
EWR-1,8/3/2025,02:30:00 pm,0,2025-08-03 14:30:00,8.208,9.038,0.001699999999999946
EWR-1,8/3/2025,02:40:00 pm,0,2025-08-03 14:40:00,8.2071,9.055,0.0016000000000000014
EWR-1,8/3/2025,02:50:00 pm,0,2025-08-03 14:50:00,8.2058,9.071,0.0016000000000000014
EWR-1,8/3/2025,03:00:00 pm,0,2025-08-03 15:00:00,8.2046,9.087,0.0016000000000000014
EWR-1,8/3/2025,03:10:00 pm,0,2025-08-03 15:10:00,8.2033,9.103,0.0015000000000000568
EWR-1,8/3/2025,03:20:00 pm,0,2025-08-03 15:20:00,8.2017,9.118,0.0016000000000000014
EWR-1,8/3/2025,03:30:00 pm,0,2025-08-03 15:30:00,8.2006,9.134,0.0016000000000000014
EWR-1,8/3/2025,03:40:00 pm,0,2025-08-03 15:40:00,8.1992,9.15,0.0016000000000000014
EWR-1,8/3/2025,03:50:00 pm,0,2025-08-03 15:50:00,8.1976,9.166,0.0014999999999998793
EWR-1,8/3/2025,04:00:00 pm,0,2025-08-03 16:00:00,8.1964,9.181,0.0017000000000001237
EWR-1,8/3/2025,04:10:00 pm,0,2025-08-03 16:10:00,8.1952,9.198,0.0014999999999998793
EWR-1,8/3/2025,04:20:00 pm,0,2025-08-03 16:20:00,8.1934,9.213,0.0014000000000001123
EWR-1,8/3/2025,04:30:00 pm,0,2025-08-03 16:30:00,8.1921,9.227,0.0015000000000000568
EWR-1,8/3/2025,04:40:00 pm,0,2025-08-03 16:40:00,8.1904,9.242,0.0013999999999999347
EWR-1,8/3/2025,04:50:00 pm,0,2025-08-03 16:50:00,8.1888,9.256,0.0013999999999999347
EWR-1,8/3/2025,05:00:00 pm,0,2025-08-03 17:00:00,8.1877,9.27,0.0015000000000000568
EWR-1,8/3/2025,05:10:00 pm,0,2025-08-03 17:10:00,8.1863,9.285,0.0013999999999999347
EWR-1,8/3/2025,05:20:00 pm,0,2025-08-03 17:20:00,8.1847,9.299,0.0015000000000000568
EWR-1,8/3/2025,05:30:00 pm,0,2025-08-03 17:30:00,8.1834,9.314,0.0013999999999999347
EWR-1,8/3/2025,05:40:00 pm,0,2025-08-03 17:40:00,8.182,9.328,0.00129999999999999
EWR-1,8/3/2025,05:50:00 pm,0,2025-08-03 17:50:00,8.181,9.341,0.00129999999999999
EWR-1,8/3/2025,06:00:00 pm,0,2025-08-03 18:00:00,8.1793,9.354,0.0012000000000000454
EWR-1,8/3/2025,06:10:00 pm,0,2025-08-03 18:10:00,8.1778,9.366,0.001100000000000101
EWR-1,8/3/2025,06:20:00 pm,0,2025-08-03 18:20:00,8.1764,9.377,0.0009999999999999788
EWR-1,8/3/2025,06:30:00 pm,0,2025-08-03 18:30:00,8.175,9.387,0.0009999999999999788
EWR-1,8/3/2025,06:40:00 pm,0,2025-08-03 18:40:00,8.1734,9.397,0.0009000000000000341
EWR-1,8/3/2025,06:50:00 pm,0,2025-08-03 18:50:00,8.1725,9.406,0.0006999999999999674
EWR-1,8/3/2025,07:00:00 pm,0,2025-08-03 19:00:00,8.1711,9.413,0.0006000000000000227
EWR-1,8/3/2025,07:10:00 pm,0,2025-08-03 19:10:00,8.1696,9.419,0.00039999999999995595
EWR-1,8/3/2025,07:20:00 pm,0,2025-08-03 19:20:00,8.1692,9.423,0.00030000000000001136
EWR-1,8/3/2025,07:30:00 pm,0,2025-08-03 19:30:00,8.1677,9.426,0.0002000000000000668
EWR-1,8/3/2025,07:40:00 pm,0,2025-08-03 19:40:00,8.1667,9.428,9.999999999994457e-05
EWR-1,8/3/2025,07:50:00 pm,0,2025-08-03 19:50:00,8.17,9.429,0.0
EWR-1,8/3/2025,08:00:00 pm,0,2025-08-03 20:00:00,8.1685,9.429,0.0
EWR-1,8/3/2025,08:10:00 pm,0,2025-08-03 20:10:00,8.1676,9.429,9.999999999994457e-05
EWR-1,8/3/2025,08:20:00 pm,0,2025-08-03 20:20:00,8.1666,9.428,0.0002000000000000668
EWR-1,8/3/2025,08:30:00 pm,0,2025-08-03 20:30:00,8.1657,9.426,0.00030000000000001136
EWR-1,8/3/2025,08:40:00 pm,0,2025-08-03 20:40:00,8.1646,9.423,0.00039999999999995595
EWR-1,8/3/2025,08:50:00 pm,0,2025-08-03 20:50:00,8.164,9.419,0.0006000000000000227
EWR-1,8/3/2025,09:00:00 pm,0,2025-08-03 21:00:00,8.163,9.413,0.0005000000000000782
EWR-1,8/3/2025,09:10:00 pm,0,2025-08-03 21:10:00,8.1623,9.408,0.0007999999999999119
EWR-1,8/3/2025,09:20:00 pm,0,2025-08-03 21:20:00,8.1618,9.4,0.0008000000000000895
EWR-1,8/3/2025,09:30:00 pm,0,2025-08-03 21:30:00,8.1609,9.392,0.0007999999999999119
EWR-1,8/3/2025,09:40:00 pm,0,2025-08-03 21:40:00,8.1603,9.384,0.0008000000000000895
EWR-1,8/3/2025,09:50:00 pm,0,2025-08-03 21:50:00,8.1602,9.376,0.0009999999999999788
EWR-1,8/3/2025,10:00:00 pm,0,2025-08-03 22:00:00,8.1594,9.366,0.0009999999999999788
EWR-1,8/3/2025,10:10:00 pm,0,2025-08-03 22:10:00,8.1589,9.356,0.0009999999999999788
EWR-1,8/3/2025,10:20:00 pm,0,2025-08-03 22:20:00,8.1586,9.346,0.0009999999999999788
EWR-1,8/3/2025,10:30:00 pm,0,2025-08-03 22:30:00,8.1582,9.336,0.0009999999999999788
EWR-1,8/3/2025,10:40:00 pm,0,2025-08-03 22:40:00,8.1577,9.326,0.0009999999999999788
EWR-1,8/3/2025,10:50:00 pm,0,2025-08-03 22:50:00,8.1576,9.316,0.0009000000000000341
EWR-1,8/3/2025,11:00:00 pm,0,2025-08-03 23:00:00,8.1575,9.307,0.0009000000000000341
EWR-1,8/3/2025,11:10:00 pm,0,2025-08-03 23:10:00,8.1574,9.298,0.0009999999999999788
EWR-1,8/3/2025,11:20:00 pm,0,2025-08-03 23:20:00,8.1573,9.288,0.0009000000000000341
EWR-1,8/3/2025,11:30:00 pm,0,2025-08-03 23:30:00,8.1573,9.279,0.0010999999999999233
EWR-1,8/3/2025,11:40:00 pm,0,2025-08-03 23:40:00,8.1576,9.268,0.001100000000000101
EWR-1,8/3/2025,11:50:00 pm,0,2025-08-03 23:50:00,8.1575,9.257,0.0009999999999999788
EWR-1,8/4/2025,12:00:00 am,0,2025-08-04 00:00:00,8.1579,9.247,0.0009999999999999788
EWR-1,8/4/2025,12:10:00 am,0,2025-08-04 00:10:00,8.1579,9.237,0.0010999999999999233
EWR-1,8/4/2025,12:20:00 am,0,2025-08-04 00:20:00,8.1581,9.226,0.0014000000000001123
EWR-1,8/4/2025,12:30:00 am,0,2025-08-04 00:30:00,8.1586,9.212,0.001699999999999946
EWR-1,8/4/2025,12:40:00 am,0,2025-08-04 00:40:00,8.159,9.195,0.0016000000000000014
EWR-1,8/4/2025,12:50:00 am,0,2025-08-04 00:50:00,8.1589,9.179,0.00129999999999999
EWR-1,8/4/2025,01:00:00 am,0,2025-08-04 01:00:00,8.1592,9.166,0.00129999999999999
EWR-1,8/4/2025,01:10:00 am,0,2025-08-04 01:10:00,8.1596,9.153,0.0012000000000000454
EWR-1,8/4/2025,01:20:00 am,0,2025-08-04 01:20:00,8.1602,9.141,0.00129999999999999
EWR-1,8/4/2025,01:30:00 am,0,2025-08-04 01:30:00,8.1607,9.128,0.00129999999999999
EWR-1,8/4/2025,01:40:00 am,0,2025-08-04 01:40:00,8.161,9.115,0.0013999999999999347
EWR-1,8/4/2025,01:50:00 am,0,2025-08-04 01:50:00,8.1617,9.101,0.0013000000000001678
EWR-1,8/4/2025,02:00:00 am,0,2025-08-04 02:00:00,8.162,9.088,0.0013999999999999347
EWR-1,8/4/2025,02:10:00 am,0,2025-08-04 02:10:00,8.1624,9.074,0.0013999999999999347
EWR-1,8/4/2025,02:20:00 am,0,2025-08-04 02:20:00,8.1632,9.06,0.0015000000000000568
EWR-1,8/4/2025,02:30:00 am,0,2025-08-04 02:30:00,8.1644,9.045,0.0013999999999999347
EWR-1,8/4/2025,02:40:00 am,0,2025-08-04 02:40:00,8.1656,9.031,0.0014000000000001123
EWR-1,8/4/2025,02:50:00 am,0,2025-08-04 02:50:00,8.1673,9.017,0.0013999999999999347
EWR-1,8/4/2025,03:00:00 am,0,2025-08-04 03:00:00,8.1689,9.003,0.0013999999999999347
EWR-1,8/4/2025,03:10:00 am,0,2025-08-04 03:10:00,8.1705,8.989,0.0014000000000001123
EWR-1,8/4/2025,03:20:00 am,0,2025-08-04 03:20:00,8.1723,8.975,0.0014999999999998793
EWR-1,8/4/2025,03:30:00 am,0,2025-08-04 03:30:00,8.174,8.96,0.0015000000000000568
EWR-1,8/4/2025,03:40:00 am,0,2025-08-04 03:40:00,8.1759,8.945,0.0014000000000001123
EWR-1,8/4/2025,03:50:00 am,0,2025-08-04 03:50:00,8.1775,8.931,0.0016000000000000014
EWR-1,8/4/2025,04:00:00 am,0,2025-08-04 04:00:00,8.179,8.915,0.0014999999999998793
EWR-1,8/4/2025,04:10:00 am,0,2025-08-04 04:10:00,8.1806,8.9,0.0015000000000000568
EWR-1,8/4/2025,04:20:00 am,0,2025-08-04 04:20:00,8.1817,8.885,0.0015000000000000568
EWR-1,8/4/2025,04:30:00 am,0,2025-08-04 04:30:00,8.1835,8.87,0.0014999999999998793
EWR-1,8/4/2025,04:40:00 am,0,2025-08-04 04:40:00,8.1842,8.855,0.0015000000000000568
EWR-1,8/4/2025,04:50:00 am,0,2025-08-04 04:50:00,8.1857,8.84,0.0013999999999999347
EWR-1,8/4/2025,05:00:00 am,0,2025-08-04 05:00:00,8.1867,8.826,0.0015000000000000568
EWR-1,8/4/2025,05:10:00 am,0,2025-08-04 05:10:00,8.1875,8.811,0.0015000000000000568
EWR-1,8/4/2025,05:20:00 am,0,2025-08-04 05:20:00,8.1883,8.796,0.0016000000000000014
EWR-1,8/4/2025,05:30:00 am,0,2025-08-04 05:30:00,8.1893,8.78,0.0016000000000000014
EWR-1,8/4/2025,05:40:00 am,0,2025-08-04 05:40:00,8.1908,8.764,0.0016000000000000014
EWR-1,8/4/2025,05:50:00 am,0,2025-08-04 05:50:00,8.1894,8.748,0.0016000000000000014
EWR-1,8/4/2025,06:00:00 am,0,2025-08-04 06:00:00,8.1913,8.732,0.0016000000000000014
EWR-1,8/4/2025,06:10:00 am,0,2025-08-04 06:10:00,8.1932,8.716,0.0014999999999998793
EWR-1,8/4/2025,06:20:00 am,0,2025-08-04 06:20:00,8.1949,8.701,0.0014000000000001123
EWR-1,8/4/2025,06:30:00 am,0,2025-08-04 06:30:00,8.1962,8.687,0.0013999999999999347
EWR-1,8/4/2025,06:40:00 am,0,2025-08-04 06:40:00,8.1973,8.673,0.00129999999999999
EWR-1,8/4/2025,06:50:00 am,0,2025-08-04 06:50:00,8.1983,8.66,0.00129999999999999
EWR-1,8/4/2025,07:00:00 am,0,2025-08-04 07:00:00,8.1992,8.647,0.0012000000000000454
EWR-1,8/4/2025,07:10:00 am,0,2025-08-04 07:10:00,8.2,8.635,0.0012000000000000454
EWR-1,8/4/2025,07:20:00 am,0,2025-08-04 07:20:00,8.2002,8.623,0.0009999999999999788
EWR-1,8/4/2025,07:30:00 am,0,2025-08-04 07:30:00,8.2008,8.613,0.0010999999999999233
EWR-1,8/4/2025,07:40:00 am,0,2025-08-04 07:40:00,8.2011,8.602,0.0009000000000000341
EWR-1,8/4/2025,07:50:00 am,0,2025-08-04 07:50:00,8.2013,8.593,0.0007999999999999119
EWR-1,8/4/2025,08:00:00 am,0,2025-08-04 08:00:00,8.2015,8.585,0.000700000000000145
EWR-1,8/4/2025,08:10:00 am,0,2025-08-04 08:10:00,8.2019,8.578,0.0004999999999999005
EWR-1,8/4/2025,08:20:00 am,0,2025-08-04 08:20:00,8.2018,8.573,0.00039999999999995595
EWR-1,8/4/2025,08:30:00 am,0,2025-08-04 08:30:00,8.2025,8.569,0.0002000000000000668
EWR-1,8/4/2025,08:40:00 am,0,2025-08-04 08:40:00,8.203,8.567,0.0002000000000000668
EWR-1,8/4/2025,08:50:00 am,0,2025-08-04 08:50:00,8.2038,8.569,0.00019999999999988915
EWR-1,8/4/2025,09:00:00 am,0,2025-08-04 09:00:00,8.204,8.571,0.00039999999999995595
EWR-1,8/4/2025,09:10:00 am,0,2025-08-04 09:10:00,8.2043,8.575,0.00030000000000001136
EWR-1,8/4/2025,09:20:00 am,0,2025-08-04 09:20:00,8.2043,8.578,0.0002000000000000668
EWR-1,8/4/2025,09:30:00 am,0,2025-08-04 09:30:00,8.2042,8.58,0.0002000000000000668
EWR-1,8/4/2025,09:40:00 am,0,2025-08-04 09:40:00,8.2039,8.582,0.00019999999999988915
EWR-1,8/4/2025,09:50:00 am,0,2025-08-04 09:50:00,8.2036,8.584,0.00010000000000012221
EWR-1,8/4/2025,10:00:00 am,0,2025-08-04 10:00:00,8.2027,8.585,0.00019999999999988915
EWR-1,8/4/2025,10:10:00 am,0,2025-08-04 10:10:00,8.2014,8.587,0.00030000000000001136
EWR-1,8/4/2025,10:20:00 am,0,2025-08-04 10:20:00,8.2005,8.59,0.00039999999999995595
EWR-1,8/4/2025,10:30:00 am,0,2025-08-04 10:30:00,8.1993,8.594,0.00030000000000001136
EWR-1,8/4/2025,10:40:00 am,0,2025-08-04 10:40:00,8.1984,8.597,0.0004000000000001336
EWR-1,8/4/2025,10:50:00 am,0,2025-08-04 10:50:00,8.1979,8.601,0.00039999999999995595
EWR-1,8/4/2025,11:00:00 am,0,2025-08-04 11:00:00,8.1975,8.605,0.0004999999999999005
EWR-1,8/4/2025,11:10:00 am,0,2025-08-04 11:10:00,8.1972,8.61,0.0006000000000000227
EWR-1,8/4/2025,11:20:00 am,0,2025-08-04 11:20:00,8.1973,8.616,0.0006999999999999674
EWR-1,8/4/2025,11:30:00 am,0,2025-08-04 11:30:00,8.1969,8.623,0.001100000000000101
EWR-1,8/4/2025,11:40:00 am,0,2025-08-04 11:40:00,8.1963,8.634,0.0012000000000000454
EWR-1,8/4/2025,11:50:00 am,0,2025-08-04 11:50:00,8.1962,8.646,0.0011999999999998678
EWR-1,8/4/2025,12:00:00 pm,0,2025-08-04 12:00:00,8.1956,8.658,0.00129999999999999
EWR-1,8/4/2025,12:10:00 pm,0,2025-08-04 12:10:00,8.1952,8.671,0.00129999999999999
EWR-1,8/4/2025,12:20:00 pm,0,2025-08-04 12:20:00,8.1942,8.684,0.0014000000000001123
EWR-1,8/4/2025,12:30:00 pm,0,2025-08-04 12:30:00,8.1939,8.698,0.0014999999999998793
EWR-1,8/4/2025,12:40:00 pm,0,2025-08-04 12:40:00,8.1932,8.713,0.0014000000000001123
EWR-1,8/4/2025,12:50:00 pm,0,2025-08-04 12:50:00,8.1926,8.727,0.0015000000000000568
EWR-1,8/4/2025,01:00:00 pm,0,2025-08-04 13:00:00,8.1923,8.742,0.0015999999999998238
EWR-1,8/4/2025,01:10:00 pm,0,2025-08-04 13:10:00,8.1915,8.758,0.0018000000000000683
EWR-1,8/4/2025,01:20:00 pm,0,2025-08-04 13:20:00,8.191,8.776,0.0018000000000000683
EWR-1,8/4/2025,01:30:00 pm,0,2025-08-04 13:30:00,8.1902,8.794,0.0019000000000000128
EWR-1,8/4/2025,01:40:00 pm,0,2025-08-04 13:40:00,8.1892,8.813,0.001699999999999946
EWR-1,8/4/2025,01:50:00 pm,0,2025-08-04 13:50:00,8.1886,8.83,0.001699999999999946
EWR-1,8/4/2025,02:00:00 pm,0,2025-08-04 14:00:00,8.1876,8.847,0.0016000000000000014
EWR-1,8/4/2025,02:10:00 pm,0,2025-08-04 14:10:00,8.1869,8.863,0.0016000000000000014
EWR-1,8/4/2025,02:20:00 pm,0,2025-08-04 14:20:00,8.1861,8.879,0.0017000000000001237
EWR-1,8/4/2025,02:30:00 pm,0,2025-08-04 14:30:00,8.185,8.896,0.0016000000000000014
EWR-1,8/4/2025,02:40:00 pm,0,2025-08-04 14:40:00,8.1838,8.912,0.0016000000000000014
EWR-1,8/4/2025,02:50:00 pm,0,2025-08-04 14:50:00,8.1829,8.928,0.0016000000000000014
EWR-1,8/4/2025,03:00:00 pm,0,2025-08-04 15:00:00,8.1817,8.944,0.0016000000000000014
EWR-1,8/4/2025,03:10:00 pm,0,2025-08-04 15:10:00,8.1808,8.96,0.0016000000000000014
EWR-1,8/4/2025,03:20:00 pm,0,2025-08-04 15:20:00,8.1796,8.976,0.001699999999999946
EWR-1,8/4/2025,03:30:00 pm,0,2025-08-04 15:30:00,8.1785,8.993,0.001699999999999946
EWR-1,8/4/2025,03:40:00 pm,0,2025-08-04 15:40:00,8.1776,9.01,0.0016000000000000014
EWR-1,8/4/2025,03:50:00 pm,0,2025-08-04 15:50:00,8.1763,9.026,0.001699999999999946
EWR-1,8/4/2025,04:00:00 pm,0,2025-08-04 16:00:00,8.1752,9.043,0.0015000000000000568
EWR-1,8/4/2025,04:10:00 pm,0,2025-08-04 16:10:00,8.1738,9.058,0.0016000000000000014
EWR-1,8/4/2025,04:20:00 pm,0,2025-08-04 16:20:00,8.1732,9.074,0.0015000000000000568
EWR-1,8/4/2025,04:30:00 pm,0,2025-08-04 16:30:00,8.1718,9.089,0.0014999999999998793
EWR-1,8/4/2025,04:40:00 pm,0,2025-08-04 16:40:00,8.1707,9.104,0.0014000000000001123
EWR-1,8/4/2025,04:50:00 pm,0,2025-08-04 16:50:00,8.1695,9.118,0.0014999999999998793
EWR-1,8/4/2025,05:00:00 pm,0,2025-08-04 17:00:00,8.1686,9.133,0.0015000000000000568
EWR-1,8/4/2025,05:10:00 pm,0,2025-08-04 17:10:00,8.1673,9.148,0.0014000000000001123
EWR-1,8/4/2025,05:20:00 pm,0,2025-08-04 17:20:00,8.1662,9.162,0.0014999999999998793
EWR-1,8/4/2025,05:30:00 pm,0,2025-08-04 17:30:00,8.1649,9.177,0.0015000000000000568
EWR-1,8/4/2025,05:40:00 pm,0,2025-08-04 17:40:00,8.1639,9.192,0.00129999999999999
EWR-1,8/4/2025,05:50:00 pm,0,2025-08-04 17:50:00,8.1627,9.205,0.0012000000000000454
EWR-1,8/4/2025,06:00:00 pm,0,2025-08-04 18:00:00,8.1615,9.217,0.0011999999999998678
EWR-1,8/4/2025,06:10:00 pm,0,2025-08-04 18:10:00,8.1608,9.229,0.001100000000000101
EWR-1,8/4/2025,06:20:00 pm,0,2025-08-04 18:20:00,8.1596,9.24,0.0010999999999999233
EWR-1,8/4/2025,06:30:00 pm,0,2025-08-04 18:30:00,8.1585,9.251,0.0009999999999999788
EWR-1,8/4/2025,06:40:00 pm,0,2025-08-04 18:40:00,8.1574,9.261,0.0009000000000000341
EWR-1,8/4/2025,06:50:00 pm,0,2025-08-04 18:50:00,8.1563,9.27,0.0006999999999999674
EWR-1,8/4/2025,07:00:00 pm,0,2025-08-04 19:00:00,8.1555,9.277,0.000700000000000145
EWR-1,8/4/2025,07:10:00 pm,0,2025-08-04 19:10:00,8.1591,9.284,0.0004999999999999005
EWR-1,8/4/2025,07:20:00 pm,0,2025-08-04 19:20:00,8.158,9.289,0.00030000000000001136
EWR-1,8/4/2025,07:30:00 pm,0,2025-08-04 19:30:00,8.157,9.292,0.0002000000000000668
EWR-1,8/4/2025,07:40:00 pm,0,2025-08-04 19:40:00,8.1559,9.294,9.999999999994457e-05
EWR-1,8/4/2025,07:50:00 pm,0,2025-08-04 19:50:00,8.1551,9.295,9.999999999994457e-05
EWR-1,8/4/2025,08:00:00 pm,0,2025-08-04 20:00:00,8.1545,9.296,9.999999999994457e-05
EWR-1,8/4/2025,08:10:00 pm,0,2025-08-04 20:10:00,8.1535,9.295,0.0002000000000000668
EWR-1,8/4/2025,08:20:00 pm,0,2025-08-04 20:20:00,8.153,9.293,0.00030000000000001136
EWR-1,8/4/2025,08:30:00 pm,0,2025-08-04 20:30:00,8.1521,9.29,0.0002999999999998337
EWR-1,8/4/2025,08:40:00 pm,0,2025-08-04 20:40:00,8.1513,9.287,0.0005000000000000782
EWR-1,8/4/2025,08:50:00 pm,0,2025-08-04 20:50:00,8.1503,9.282,0.0005000000000000782
EWR-1,8/4/2025,09:00:00 pm,0,2025-08-04 21:00:00,8.1502,9.277,0.0007999999999999119
EWR-1,8/4/2025,09:10:00 pm,0,2025-08-04 21:10:00,8.1498,9.269,0.0006999999999999674
EWR-1,8/4/2025,09:20:00 pm,0,2025-08-04 21:20:00,8.1494,9.262,0.0008000000000000895
EWR-1,8/4/2025,09:30:00 pm,0,2025-08-04 21:30:00,8.1493,9.254,0.0009000000000000341
EWR-1,8/4/2025,09:40:00 pm,0,2025-08-04 21:40:00,8.1489,9.245,0.0009999999999999788
EWR-1,8/4/2025,09:50:00 pm,0,2025-08-04 21:50:00,8.1485,9.235,0.0009999999999999788
EWR-1,8/4/2025,10:00:00 pm,0,2025-08-04 22:00:00,8.1484,9.225,0.0010999999999999233
EWR-1,8/4/2025,10:10:00 pm,0,2025-08-04 22:10:00,8.1482,9.214,0.0009999999999999788
EWR-1,8/4/2025,10:20:00 pm,0,2025-08-04 22:20:00,8.1486,9.204,0.0009000000000000341
EWR-1,8/4/2025,10:30:00 pm,0,2025-08-04 22:30:00,8.1484,9.195,0.0009999999999999788
EWR-1,8/4/2025,10:40:00 pm,0,2025-08-04 22:40:00,8.1485,9.185,0.001100000000000101
EWR-1,8/4/2025,10:50:00 pm,0,2025-08-04 22:50:00,8.1487,9.174,0.0009999999999999788
EWR-1,8/4/2025,11:00:00 pm,0,2025-08-04 23:00:00,8.1488,9.164,0.0010999999999999233
EWR-1,8/4/2025,11:10:00 pm,0,2025-08-04 23:10:00,8.1491,9.153,0.0009999999999999788
EWR-1,8/4/2025,11:20:00 pm,0,2025-08-04 23:20:00,8.1495,9.143,0.00129999999999999
EWR-1,8/4/2025,11:30:00 pm,0,2025-08-04 23:30:00,8.1497,9.13,0.0014000000000001123
EWR-1,8/4/2025,11:40:00 pm,0,2025-08-04 23:40:00,8.1502,9.116,0.0014999999999998793
EWR-1,8/4/2025,11:50:00 pm,0,2025-08-04 23:50:00,8.1507,9.101,0.0014000000000001123
EWR-1,8/5/2025,12:00:00 am,0,2025-08-05 00:00:00,8.1512,9.087,0.0013999999999999347
EWR-1,8/5/2025,12:10:00 am,0,2025-08-05 00:10:00,8.1516,9.073,0.0014000000000001123
EWR-1,8/5/2025,12:20:00 am,0,2025-08-05 00:20:00,8.1522,9.059,0.00129999999999999
EWR-1,8/5/2025,12:30:00 am,0,2025-08-05 00:30:00,8.1529,9.046,0.0014999999999998793
EWR-1,8/5/2025,12:40:00 am,0,2025-08-05 00:40:00,8.1531,9.031,0.0014000000000001123
EWR-1,8/5/2025,12:50:00 am,0,2025-08-05 00:50:00,8.1541,9.017,0.00129999999999999
EWR-1,8/5/2025,01:00:00 am,0,2025-08-05 01:00:00,8.1547,9.004,0.0014999999999998793
EWR-1,8/5/2025,01:10:00 am,0,2025-08-05 01:10:00,8.1556,8.989,0.0014000000000001123
EWR-1,8/5/2025,01:20:00 am,0,2025-08-05 01:20:00,8.1563,8.975,0.0013999999999999347
EWR-1,8/5/2025,01:30:00 am,0,2025-08-05 01:30:00,8.1568,8.961,0.0015000000000000568
EWR-1,8/5/2025,01:40:00 am,0,2025-08-05 01:40:00,8.1577,8.946,0.0013999999999999347
EWR-1,8/5/2025,01:50:00 am,0,2025-08-05 01:50:00,8.159,8.932,0.0014000000000001123
EWR-1,8/5/2025,02:00:00 am,0,2025-08-05 02:00:00,8.1599,8.918,0.0014999999999998793
EWR-1,8/5/2025,02:10:00 am,0,2025-08-05 02:10:00,8.1616,8.903,0.0015000000000000568
EWR-1,8/5/2025,02:20:00 am,0,2025-08-05 02:20:00,8.1635,8.888,0.0016000000000000014
EWR-1,8/5/2025,02:30:00 am,0,2025-08-05 02:30:00,8.1654,8.872,0.0015000000000000568
EWR-1,8/5/2025,02:40:00 am,0,2025-08-05 02:40:00,8.1675,8.857,0.0013999999999999347
EWR-1,8/5/2025,02:50:00 am,0,2025-08-05 02:50:00,8.1695,8.843,0.0015000000000000568
EWR-1,8/5/2025,03:00:00 am,0,2025-08-05 03:00:00,8.1718,8.828,0.0014999999999998793
EWR-1,8/5/2025,03:10:00 am,0,2025-08-05 03:10:00,8.1746,8.813,0.0016000000000000014
EWR-1,8/5/2025,03:20:00 am,0,2025-08-05 03:20:00,8.1769,8.797,0.0017000000000001237
EWR-1,8/5/2025,03:30:00 am,0,2025-08-05 03:30:00,8.1793,8.78,0.001699999999999946
EWR-1,8/5/2025,03:40:00 am,0,2025-08-05 03:40:00,8.1816,8.763,0.001699999999999946
EWR-1,8/5/2025,03:50:00 am,0,2025-08-05 03:50:00,8.184,8.746,0.0017000000000001237
EWR-1,8/5/2025,04:00:00 am,0,2025-08-05 04:00:00,8.186,8.729,0.001699999999999946
EWR-1,8/5/2025,04:10:00 am,0,2025-08-05 04:10:00,8.1883,8.712,0.001699999999999946
EWR-1,8/5/2025,04:20:00 am,0,2025-08-05 04:20:00,8.1904,8.695,0.0016000000000000014
EWR-1,8/5/2025,04:30:00 am,0,2025-08-05 04:30:00,8.1921,8.679,0.0016000000000000014
EWR-1,8/5/2025,04:40:00 am,0,2025-08-05 04:40:00,8.194,8.663,0.0016000000000000014
EWR-1,8/5/2025,04:50:00 am,0,2025-08-05 04:50:00,8.1957,8.647,0.0016000000000000014
EWR-1,8/5/2025,05:00:00 am,0,2025-08-05 05:00:00,8.1975,8.631,0.0016000000000000014
EWR-1,8/5/2025,05:10:00 am,0,2025-08-05 05:10:00,8.1993,8.615,0.001699999999999946
EWR-1,8/5/2025,05:20:00 am,0,2025-08-05 05:20:00,8.2007,8.598,0.0018000000000000683
EWR-1,8/5/2025,05:30:00 am,0,2025-08-05 05:30:00,8.2017,8.58,0.001699999999999946
EWR-1,8/5/2025,05:40:00 am,0,2025-08-05 05:40:00,8.203,8.563,0.0016000000000000014
EWR-1,8/5/2025,05:50:00 am,0,2025-08-05 05:50:00,8.2045,8.547,0.0016000000000000014
EWR-1,8/5/2025,06:00:00 am,0,2025-08-05 06:00:00,8.2057,8.531,0.0015000000000000568
EWR-1,8/5/2025,06:10:00 am,0,2025-08-05 06:10:00,8.2054,8.516,0.0018000000000000683
EWR-1,8/5/2025,06:20:00 am,0,2025-08-05 06:20:00,8.2073,8.498,0.001699999999999946
EWR-1,8/5/2025,06:30:00 am,0,2025-08-05 06:30:00,8.2087,8.481,0.0016000000000000014
EWR-1,8/5/2025,06:40:00 am,0,2025-08-05 06:40:00,8.2101,8.465,0.0016000000000000014
EWR-1,8/5/2025,06:50:00 am,0,2025-08-05 06:50:00,8.2111,8.449,0.0015000000000000568
EWR-1,8/5/2025,07:00:00 am,0,2025-08-05 07:00:00,8.2122,8.434,0.0013999999999999347
EWR-1,8/5/2025,07:10:00 am,0,2025-08-05 07:10:00,8.2132,8.42,0.0013999999999999347
EWR-1,8/5/2025,07:20:00 am,0,2025-08-05 07:20:00,8.214,8.406,0.0012000000000000454
EWR-1,8/5/2025,07:30:00 am,0,2025-08-05 07:30:00,8.2152,8.394,0.0012000000000000454
EWR-1,8/5/2025,07:40:00 am,0,2025-08-05 07:40:00,8.2161,8.382,0.0012000000000000454
EWR-1,8/5/2025,07:50:00 am,0,2025-08-05 07:50:00,8.2176,8.37,0.0009999999999999788
EWR-1,8/5/2025,08:00:00 am,0,2025-08-05 08:00:00,8.2184,8.36,0.0008999999999998564
EWR-1,8/5/2025,08:10:00 am,0,2025-08-05 08:10:00,8.2196,8.351,0.000700000000000145
EWR-1,8/5/2025,08:20:00 am,0,2025-08-05 08:20:00,8.2207,8.344,0.0006000000000000227
EWR-1,8/5/2025,08:30:00 am,0,2025-08-05 08:30:00,8.2216,8.338,0.0004999999999999005
EWR-1,8/5/2025,08:40:00 am,0,2025-08-05 08:40:00,8.2228,8.333,0.0002000000000000668
EWR-1,8/5/2025,08:50:00 am,0,2025-08-05 08:50:00,8.2229,8.331,0.0002000000000000668
EWR-1,8/5/2025,09:00:00 am,0,2025-08-05 09:00:00,8.2236,8.333,0.0002000000000000668
EWR-1,8/5/2025,09:10:00 am,0,2025-08-05 09:10:00,8.2241,8.335,0.00039999999999995595
EWR-1,8/5/2025,09:20:00 am,0,2025-08-05 09:20:00,8.2239,8.339,0.0004999999999999005
EWR-1,8/5/2025,09:30:00 am,0,2025-08-05 09:30:00,8.224,8.344,0.00030000000000001136
EWR-1,8/5/2025,09:40:00 am,0,2025-08-05 09:40:00,8.2241,8.347,0.00030000000000001136
EWR-1,8/5/2025,09:50:00 am,0,2025-08-05 09:50:00,8.2237,8.35,0.00030000000000001136
EWR-1,8/5/2025,10:00:00 am,0,2025-08-05 10:00:00,8.2236,8.353,0.00030000000000001136
EWR-1,8/5/2025,10:10:00 am,0,2025-08-05 10:10:00,8.2234,8.356,0.00030000000000001136
EWR-1,8/5/2025,10:20:00 am,0,2025-08-05 10:20:00,8.2227,8.359,0.0002000000000000668
EWR-1,8/5/2025,10:30:00 am,0,2025-08-05 10:30:00,8.2215,8.361,0.00030000000000001136
EWR-1,8/5/2025,10:40:00 am,0,2025-08-05 10:40:00,8.2204,8.364,0.00030000000000001136
EWR-1,8/5/2025,10:50:00 am,0,2025-08-05 10:50:00,8.2195,8.367,0.00039999999999995595
EWR-1,8/5/2025,11:00:00 am,0,2025-08-05 11:00:00,8.2186,8.371,0.0004999999999999005
EWR-1,8/5/2025,11:10:00 am,0,2025-08-05 11:10:00,8.2176,8.376,0.0006000000000000227
EWR-1,8/5/2025,11:20:00 am,0,2025-08-05 11:20:00,8.2172,8.382,0.0008000000000000895
EWR-1,8/5/2025,11:30:00 am,0,2025-08-05 11:30:00,8.2166,8.39,0.0010999999999999233
EWR-1,8/5/2025,11:40:00 am,0,2025-08-05 11:40:00,8.2166,8.401,0.0012000000000000454
EWR-1,8/5/2025,11:50:00 am,0,2025-08-05 11:50:00,8.2163,8.413,0.0012000000000000454
EWR-1,8/5/2025,12:00:00 pm,0,2025-08-05 12:00:00,8.2161,8.425,0.0013999999999999347
EWR-1,8/5/2025,12:10:00 pm,0,2025-08-05 12:10:00,8.2161,8.439,0.0013999999999999347
EWR-1,8/5/2025,12:20:00 pm,0,2025-08-05 12:20:00,8.2154,8.453,0.0014000000000001123
EWR-1,8/5/2025,12:30:00 pm,0,2025-08-05 12:30:00,8.2143,8.467,0.0013999999999999347
EWR-1,8/5/2025,12:40:00 pm,0,2025-08-05 12:40:00,8.214,8.481,0.0015000000000000568
EWR-1,8/5/2025,12:50:00 pm,0,2025-08-05 12:50:00,8.2134,8.496,0.0016000000000000014
EWR-1,8/5/2025,01:00:00 pm,0,2025-08-05 13:00:00,8.2128,8.512,0.0016000000000000014
EWR-1,8/5/2025,01:10:00 pm,0,2025-08-05 13:10:00,8.2122,8.528,0.0017999999999998907
EWR-1,8/5/2025,01:20:00 pm,0,2025-08-05 13:20:00,8.2116,8.546,0.0019000000000000128
EWR-1,8/5/2025,01:30:00 pm,0,2025-08-05 13:30:00,8.2111,8.565,0.0019000000000000128
EWR-1,8/5/2025,01:40:00 pm,0,2025-08-05 13:40:00,8.2103,8.584,0.0018000000000000683
EWR-1,8/5/2025,01:50:00 pm,0,2025-08-05 13:50:00,8.2097,8.602,0.0017999999999998907
EWR-1,8/5/2025,02:00:00 pm,0,2025-08-05 14:00:00,8.209,8.62,0.0017000000000001237
EWR-1,8/5/2025,02:10:00 pm,0,2025-08-05 14:10:00,8.2079,8.637,0.0016000000000000014
EWR-1,8/5/2025,02:20:00 pm,0,2025-08-05 14:20:00,8.2073,8.653,0.001699999999999946
EWR-1,8/5/2025,02:30:00 pm,0,2025-08-05 14:30:00,8.2064,8.67,0.0016000000000000014
EWR-1,8/5/2025,02:40:00 pm,0,2025-08-05 14:40:00,8.2056,8.686,0.001699999999999946
EWR-1,8/5/2025,02:50:00 pm,0,2025-08-05 14:50:00,8.2047,8.703,0.0017000000000001237
EWR-1,8/5/2025,03:00:00 pm,0,2025-08-05 15:00:00,8.2035,8.72,0.0016000000000000014
EWR-1,8/5/2025,03:10:00 pm,0,2025-08-05 15:10:00,8.2024,8.736,0.0016000000000000014
EWR-1,8/5/2025,03:20:00 pm,0,2025-08-05 15:20:00,8.2015,8.752,0.0017999999999998907
EWR-1,8/5/2025,03:30:00 pm,0,2025-08-05 15:30:00,8.2006,8.77,0.0017000000000001237
EWR-1,8/5/2025,03:40:00 pm,0,2025-08-05 15:40:00,8.1998,8.787,0.001699999999999946
EWR-1,8/5/2025,03:50:00 pm,0,2025-08-05 15:50:00,8.1985,8.804,0.001699999999999946
EWR-1,8/5/2025,04:00:00 pm,0,2025-08-05 16:00:00,8.1974,8.821,0.001699999999999946
EWR-1,8/5/2025,04:10:00 pm,0,2025-08-05 16:10:00,8.1962,8.838,0.0016000000000000014
EWR-1,8/5/2025,04:20:00 pm,0,2025-08-05 16:20:00,8.1952,8.854,0.0017000000000001237
EWR-1,8/5/2025,04:30:00 pm,0,2025-08-05 16:30:00,8.1943,8.871,0.0016000000000000014
EWR-1,8/5/2025,04:40:00 pm,0,2025-08-05 16:40:00,8.1931,8.887,0.0016000000000000014
EWR-1,8/5/2025,04:50:00 pm,0,2025-08-05 16:50:00,8.1922,8.903,0.0016000000000000014
EWR-1,8/5/2025,05:00:00 pm,0,2025-08-05 17:00:00,8.1914,8.919,0.0016000000000000014
EWR-1,8/5/2025,05:10:00 pm,0,2025-08-05 17:10:00,8.1904,8.935,0.0014999999999998793
EWR-1,8/5/2025,05:20:00 pm,0,2025-08-05 17:20:00,8.1894,8.95,0.0017000000000001237
EWR-1,8/5/2025,05:30:00 pm,0,2025-08-05 17:30:00,8.1881,8.967,0.0014999999999998793
EWR-1,8/5/2025,05:40:00 pm,0,2025-08-05 17:40:00,8.187,8.982,0.0016000000000000014
EWR-1,8/5/2025,05:50:00 pm,0,2025-08-05 17:50:00,8.1865,8.998,0.0014000000000001123
EWR-1,8/5/2025,06:00:00 pm,0,2025-08-05 18:00:00,8.1851,9.012,0.00129999999999999
EWR-1,8/5/2025,06:10:00 pm,0,2025-08-05 18:10:00,8.184,9.025,0.0012000000000000454
EWR-1,8/5/2025,06:20:00 pm,0,2025-08-05 18:20:00,8.1828,9.037,0.0011999999999998678
EWR-1,8/5/2025,06:30:00 pm,0,2025-08-05 18:30:00,8.1819,9.049,0.001100000000000101
EWR-1,8/5/2025,06:40:00 pm,0,2025-08-05 18:40:00,8.1807,9.06,0.0010999999999999233
EWR-1,8/5/2025,06:50:00 pm,0,2025-08-05 18:50:00,8.1798,9.071,0.0009000000000000341
EWR-1,8/5/2025,07:00:00 pm,0,2025-08-05 19:00:00,8.1785,9.08,0.0007999999999999119
EWR-1,8/5/2025,07:10:00 pm,0,2025-08-05 19:10:00,8.1779,9.088,0.000700000000000145
EWR-1,8/5/2025,07:20:00 pm,0,2025-08-05 19:20:00,8.1765,9.095,0.0004999999999999005
EWR-1,8/5/2025,07:30:00 pm,0,2025-08-05 19:30:00,8.1757,9.1,0.00039999999999995595
EWR-1,8/5/2025,07:40:00 pm,0,2025-08-05 19:40:00,8.1749,9.104,0.00030000000000001136
EWR-1,8/5/2025,07:50:00 pm,0,2025-08-05 19:50:00,8.1788,9.107,0.00010000000000012221
EWR-1,8/5/2025,08:00:00 pm,0,2025-08-05 20:00:00,8.1781,9.108,0.00019999999999988915
EWR-1,8/5/2025,08:10:00 pm,0,2025-08-05 20:10:00,8.1768,9.11,0.0
EWR-1,8/5/2025,08:20:00 pm,0,2025-08-05 20:20:00,8.1762,9.11,0.0
EWR-1,8/5/2025,08:30:00 pm,0,2025-08-05 20:30:00,8.1752,9.11,0.00019999999999988915
EWR-1,8/5/2025,08:40:00 pm,0,2025-08-05 20:40:00,8.1745,9.108,0.00010000000000012221
EWR-1,8/5/2025,08:50:00 pm,0,2025-08-05 20:50:00,8.1745,9.107,0.00030000000000001136
EWR-1,8/5/2025,09:00:00 pm,0,2025-08-05 21:00:00,8.1736,9.104,0.00039999999999995595
EWR-1,8/5/2025,09:10:00 pm,0,2025-08-05 21:10:00,8.1732,9.1,0.00039999999999995595
EWR-1,8/5/2025,09:20:00 pm,0,2025-08-05 21:20:00,8.1731,9.096,0.00039999999999995595
EWR-1,8/5/2025,09:30:00 pm,0,2025-08-05 21:30:00,8.173,9.092,0.0005000000000000782
EWR-1,8/5/2025,09:40:00 pm,0,2025-08-05 21:40:00,8.1727,9.087,0.0004999999999999005
EWR-1,8/5/2025,09:50:00 pm,0,2025-08-05 21:50:00,8.1724,9.082,0.0005000000000000782
EWR-1,8/5/2025,10:00:00 pm,0,2025-08-05 22:00:00,8.1723,9.077,0.0006000000000000227
EWR-1,8/5/2025,10:10:00 pm,0,2025-08-05 22:10:00,8.1721,9.071,0.0006999999999999674
EWR-1,8/5/2025,10:20:00 pm,0,2025-08-05 22:20:00,8.1722,9.064,0.0006999999999999674
EWR-1,8/5/2025,10:30:00 pm,0,2025-08-05 22:30:00,8.1723,9.057,0.0008000000000000895
EWR-1,8/5/2025,10:40:00 pm,0,2025-08-05 22:40:00,8.1722,9.049,0.0009000000000000341
EWR-1,8/5/2025,10:50:00 pm,0,2025-08-05 22:50:00,8.1725,9.04,0.0007999999999999119
EWR-1,8/5/2025,11:00:00 pm,0,2025-08-05 23:00:00,8.1727,9.032,0.0008000000000000895
EWR-1,8/5/2025,11:10:00 pm,0,2025-08-05 23:10:00,8.1728,9.024,0.0007999999999999119
EWR-1,8/5/2025,11:20:00 pm,0,2025-08-05 23:20:00,8.1733,9.016,0.0008000000000000895
EWR-1,8/5/2025,11:30:00 pm,0,2025-08-05 23:30:00,8.1733,9.008,0.0007999999999999119
EWR-1,8/5/2025,11:40:00 pm,0,2025-08-05 23:40:00,8.1738,9.0,0.0009000000000000341
EWR-1,8/5/2025,11:50:00 pm,0,2025-08-05 23:50:00,8.1743,8.991,0.0009000000000000341
EWR-1,8/6/2025,12:00:00 am,0,2025-08-06 00:00:00,8.1751,8.982,0.0007999999999999119
EWR-1,8/6/2025,12:10:00 am,0,2025-08-06 00:10:00,8.1757,8.974,0.0009000000000000341
EWR-1,8/6/2025,12:20:00 am,0,2025-08-06 00:20:00,8.1759,8.965,0.0009000000000000341
EWR-1,8/6/2025,12:30:00 am,0,2025-08-06 00:30:00,8.1771,8.956,0.0009000000000000341
EWR-1,8/6/2025,12:40:00 am,0,2025-08-06 00:40:00,8.1778,8.947,0.0009999999999999788
EWR-1,8/6/2025,12:50:00 am,0,2025-08-06 00:50:00,8.1783,8.937,0.0008999999999998564
EWR-1,8/6/2025,01:00:00 am,0,2025-08-06 01:00:00,8.1792,8.928,0.0010000000000001564
EWR-1,8/6/2025,01:10:00 am,0,2025-08-06 01:10:00,8.18,8.918,0.0009999999999999788
EWR-1,8/6/2025,01:20:00 am,0,2025-08-06 01:20:00,8.1808,8.908,0.0009999999999999788
EWR-1,8/6/2025,01:30:00 am,0,2025-08-06 01:30:00,8.1812,8.898,0.0010999999999999233
EWR-1,8/6/2025,01:40:00 am,0,2025-08-06 01:40:00,8.1819,8.887,0.0009999999999999788
EWR-1,8/6/2025,01:50:00 am,0,2025-08-06 01:50:00,8.1825,8.877,0.0009999999999999788
EWR-1,8/6/2025,02:00:00 am,0,2025-08-06 02:00:00,8.1835,8.867,0.0010000000000001564
EWR-1,8/6/2025,02:10:00 am,0,2025-08-06 02:10:00,8.1844,8.857,0.0008999999999998564
EWR-1,8/6/2025,02:20:00 am,0,2025-08-06 02:20:00,8.1859,8.848,0.0010000000000001564
EWR-1,8/6/2025,02:30:00 am,0,2025-08-06 02:30:00,8.188,8.838,0.0010999999999999233
EWR-1,8/6/2025,02:40:00 am,0,2025-08-06 02:40:00,8.1902,8.827,0.0013999999999999347
EWR-1,8/6/2025,02:50:00 am,0,2025-08-06 02:50:00,8.1917,8.813,0.0009999999999999788
EWR-1,8/6/2025,03:00:00 am,0,2025-08-06 03:00:00,8.1942,8.803,0.001100000000000101
EWR-1,8/6/2025,03:10:00 am,0,2025-08-06 03:10:00,8.1963,8.792,0.0012000000000000454
EWR-1,8/6/2025,03:20:00 am,0,2025-08-06 03:20:00,8.1984,8.78,0.00129999999999999
EWR-1,8/6/2025,03:30:00 am,0,2025-08-06 03:30:00,8.2007,8.767,0.0010999999999999233
EWR-1,8/6/2025,03:40:00 am,0,2025-08-06 03:40:00,8.2029,8.756,0.0009999999999999788
EWR-1,8/6/2025,03:50:00 am,0,2025-08-06 03:50:00,8.2045,8.746,0.0008000000000000895
EWR-1,8/6/2025,04:00:00 am,0,2025-08-06 04:00:00,8.2071,8.738,0.0009999999999999788
EWR-1,8/6/2025,04:10:00 am,0,2025-08-06 04:10:00,8.2087,8.728,0.0010999999999999233
EWR-1,8/6/2025,04:20:00 am,0,2025-08-06 04:20:00,8.2107,8.717,0.0012000000000000454
EWR-1,8/6/2025,04:30:00 am,0,2025-08-06 04:30:00,8.2126,8.705,0.00129999999999999
EWR-1,8/6/2025,04:40:00 am,0,2025-08-06 04:40:00,8.2146,8.692,0.0012000000000000454
EWR-1,8/6/2025,04:50:00 am,0,2025-08-06 04:50:00,8.216,8.68,0.00129999999999999
EWR-1,8/6/2025,05:00:00 am,0,2025-08-06 05:00:00,8.2171,8.667,0.00129999999999999
EWR-1,8/6/2025,05:10:00 am,0,2025-08-06 05:10:00,8.2183,8.654,0.0012000000000000454
EWR-1,8/6/2025,05:20:00 am,0,2025-08-06 05:20:00,8.2201,8.642,0.0011999999999998678
EWR-1,8/6/2025,05:30:00 am,0,2025-08-06 05:30:00,8.2217,8.63,0.0012000000000000454
EWR-1,8/6/2025,05:40:00 am,0,2025-08-06 05:40:00,8.2235,8.618,0.0012000000000000454
EWR-1,8/6/2025,05:50:00 am,0,2025-08-06 05:50:00,8.2249,8.606,0.0012000000000000454
EWR-1,8/6/2025,06:00:00 am,0,2025-08-06 06:00:00,8.226,8.594,0.00129999999999999
EWR-1,8/6/2025,06:10:00 am,0,2025-08-06 06:10:00,8.2274,8.581,0.0011999999999998678
EWR-1,8/6/2025,06:20:00 am,0,2025-08-06 06:20:00,8.228,8.569,0.0013000000000001678
EWR-1,8/6/2025,06:30:00 am,0,2025-08-06 06:30:00,8.2276,8.556,0.0011999999999998678
EWR-1,8/6/2025,06:40:00 am,0,2025-08-06 06:40:00,8.2295,8.544,0.0015000000000000568
EWR-1,8/6/2025,06:50:00 am,0,2025-08-06 06:50:00,8.2312,8.529,0.00129999999999999
EWR-1,8/6/2025,07:00:00 am,0,2025-08-06 07:00:00,8.2326,8.516,0.00129999999999999
EWR-1,8/6/2025,07:10:00 am,0,2025-08-06 07:10:00,8.2338,8.503,0.0010999999999999233
EWR-1,8/6/2025,07:20:00 am,0,2025-08-06 07:20:00,8.2352,8.492,0.0009000000000000341
EWR-1,8/6/2025,07:30:00 am,0,2025-08-06 07:30:00,8.2364,8.483,0.0005000000000000782
EWR-1,8/6/2025,07:40:00 am,0,2025-08-06 07:40:00,8.2374,8.478,0.0006999999999999674
EWR-1,8/6/2025,07:50:00 am,0,2025-08-06 07:50:00,8.2385,8.471,0.0006999999999999674
EWR-1,8/6/2025,08:00:00 am,0,2025-08-06 08:00:00,8.2396,8.464,0.0006999999999999674
EWR-1,8/6/2025,08:10:00 am,0,2025-08-06 08:10:00,8.2401,8.457,0.0006000000000000227
EWR-1,8/6/2025,08:20:00 am,0,2025-08-06 08:20:00,8.2408,8.451,0.00030000000000001136
EWR-1,8/6/2025,08:30:00 am,0,2025-08-06 08:30:00,8.2413,8.448,0.0002000000000000668
EWR-1,8/6/2025,08:40:00 am,0,2025-08-06 08:40:00,8.2421,8.446,0.0
EWR-1,8/6/2025,08:50:00 am,0,2025-08-06 08:50:00,8.2433,8.446,0.0
EWR-1,8/6/2025,09:00:00 am,0,2025-08-06 09:00:00,8.2434,8.446,0.0002000000000000668
EWR-1,8/6/2025,09:10:00 am,0,2025-08-06 09:10:00,8.2438,8.448,9.999999999994457e-05
EWR-1,8/6/2025,09:20:00 am,0,2025-08-06 09:20:00,8.2436,8.449,0.0002000000000000668
EWR-1,8/6/2025,09:30:00 am,0,2025-08-06 09:30:00,8.2437,8.451,0.00030000000000001136
EWR-1,8/6/2025,09:40:00 am,0,2025-08-06 09:40:00,8.2429,8.454,0.00019999999999988915
EWR-1,8/6/2025,09:50:00 am,0,2025-08-06 09:50:00,8.2424,8.456,0.0002000000000000668
EWR-1,8/6/2025,10:00:00 am,0,2025-08-06 10:00:00,8.2415,8.458,0.0002000000000000668
EWR-1,8/6/2025,10:10:00 am,0,2025-08-06 10:10:00,8.2401,8.46,0.00019999999999988915
EWR-1,8/6/2025,10:20:00 am,0,2025-08-06 10:20:00,8.2391,8.462,0.00030000000000001136
EWR-1,8/6/2025,10:30:00 am,0,2025-08-06 10:30:00,8.2377,8.465,0.0002000000000000668
EWR-1,8/6/2025,10:40:00 am,0,2025-08-06 10:40:00,8.2366,8.467,0.00039999999999995595
EWR-1,8/6/2025,10:50:00 am,0,2025-08-06 10:50:00,8.2358,8.471,0.00039999999999995595
EWR-1,8/6/2025,11:00:00 am,0,2025-08-06 11:00:00,8.236,8.475,0.0005000000000000782
EWR-1,8/6/2025,11:10:00 am,0,2025-08-06 11:10:00,8.2362,8.48,0.0006999999999999674
EWR-1,8/6/2025,11:20:00 am,0,2025-08-06 11:20:00,8.2361,8.487,0.0007999999999999119
EWR-1,8/6/2025,11:30:00 am,0,2025-08-06 11:30:00,8.2362,8.495,0.0012000000000000454
EWR-1,8/6/2025,11:40:00 am,0,2025-08-06 11:40:00,8.2359,8.507,0.0012000000000000454
EWR-1,8/6/2025,11:50:00 am,0,2025-08-06 11:50:00,8.2355,8.519,0.0013999999999999347
EWR-1,8/6/2025,12:00:00 pm,0,2025-08-06 12:00:00,8.2355,8.533,0.0014000000000001123
EWR-1,8/6/2025,12:10:00 pm,0,2025-08-06 12:10:00,8.2351,8.547,0.0013999999999999347
EWR-1,8/6/2025,12:20:00 pm,0,2025-08-06 12:20:00,8.2344,8.561,0.0015000000000000568
EWR-1,8/6/2025,12:30:00 pm,0,2025-08-06 12:30:00,8.2339,8.576,0.0014999999999998793
EWR-1,8/6/2025,12:40:00 pm,0,2025-08-06 12:40:00,8.2331,8.591,0.0016000000000000014
EWR-1,8/6/2025,12:50:00 pm,0,2025-08-06 12:50:00,8.2324,8.607,0.0016000000000000014
EWR-1,8/6/2025,01:00:00 pm,0,2025-08-06 13:00:00,8.2318,8.623,0.0017000000000001237
EWR-1,8/6/2025,01:10:00 pm,0,2025-08-06 13:10:00,8.2311,8.64,0.0017999999999998907
EWR-1,8/6/2025,01:20:00 pm,0,2025-08-06 13:20:00,8.2306,8.658,0.0019000000000000128
EWR-1,8/6/2025,01:30:00 pm,0,2025-08-06 13:30:00,8.2296,8.677,0.0019000000000000128
EWR-1,8/6/2025,01:40:00 pm,0,2025-08-06 13:40:00,8.2294,8.696,0.0018000000000000683
EWR-1,8/6/2025,01:50:00 pm,0,2025-08-06 13:50:00,8.2281,8.714,0.001699999999999946
EWR-1,8/6/2025,02:00:00 pm,0,2025-08-06 14:00:00,8.2273,8.731,0.001699999999999946
EWR-1,8/6/2025,02:10:00 pm,0,2025-08-06 14:10:00,8.2264,8.748,0.0017000000000001237
EWR-1,8/6/2025,02:20:00 pm,0,2025-08-06 14:20:00,8.2255,8.765,0.0017999999999998907
EWR-1,8/6/2025,02:30:00 pm,0,2025-08-06 14:30:00,8.2245,8.783,0.0017000000000001237
EWR-1,8/6/2025,02:40:00 pm,0,2025-08-06 14:40:00,8.2235,8.8,0.001699999999999946
EWR-1,8/6/2025,02:50:00 pm,0,2025-08-06 14:50:00,8.2223,8.817,0.001699999999999946
EWR-1,8/6/2025,03:00:00 pm,0,2025-08-06 15:00:00,8.2215,8.834,0.0016000000000000014
EWR-1,8/6/2025,03:10:00 pm,0,2025-08-06 15:10:00,8.2202,8.85,0.0018000000000000683
EWR-1,8/6/2025,03:20:00 pm,0,2025-08-06 15:20:00,8.2191,8.868,0.001699999999999946
EWR-1,8/6/2025,03:30:00 pm,0,2025-08-06 15:30:00,8.2181,8.885,0.0018000000000000683
EWR-1,8/6/2025,03:40:00 pm,0,2025-08-06 15:40:00,8.2167,8.903,0.001699999999999946
EWR-1,8/6/2025,03:50:00 pm,0,2025-08-06 15:50:00,8.2156,8.92,0.0016000000000000014
EWR-1,8/6/2025,04:00:00 pm,0,2025-08-06 16:00:00,8.2148,8.936,0.0015000000000000568
EWR-1,8/6/2025,04:10:00 pm,0,2025-08-06 16:10:00,8.2131,8.951,0.0013999999999999347
EWR-1,8/6/2025,04:20:00 pm,0,2025-08-06 16:20:00,8.212,8.965,0.00129999999999999
EWR-1,8/6/2025,04:30:00 pm,0,2025-08-06 16:30:00,8.2106,8.978,0.00129999999999999
EWR-1,8/6/2025,04:40:00 pm,0,2025-08-06 16:40:00,8.2091,8.991,0.00129999999999999
EWR-1,8/6/2025,04:50:00 pm,0,2025-08-06 16:50:00,8.2078,9.004,0.001100000000000101
EWR-1,8/6/2025,05:00:00 pm,0,2025-08-06 17:00:00,8.2064,9.015,0.0010999999999999233
EWR-1,8/6/2025,05:10:00 pm,0,2025-08-06 17:10:00,8.2054,9.026,0.001100000000000101
EWR-1,8/6/2025,05:20:00 pm,0,2025-08-06 17:20:00,8.2042,9.037,0.0008999999999998564
EWR-1,8/6/2025,05:30:00 pm,0,2025-08-06 17:30:00,8.2032,9.046,0.0009999999999999788
EWR-1,8/6/2025,05:40:00 pm,0,2025-08-06 17:40:00,8.2018,9.056,0.001100000000000101
EWR-1,8/6/2025,05:50:00 pm,0,2025-08-06 17:50:00,8.2006,9.067,0.0009999999999999788
EWR-1,8/6/2025,06:00:00 pm,0,2025-08-06 18:00:00,8.2,9.077,0.0012000000000000454
EWR-1,8/6/2025,06:10:00 pm,0,2025-08-06 18:10:00,8.1984,9.089,0.0010999999999999233
EWR-1,8/6/2025,06:20:00 pm,0,2025-08-06 18:20:00,8.1976,9.1,0.0012000000000000454
EWR-1,8/6/2025,06:30:00 pm,0,2025-08-06 18:30:00,8.1967,9.112,0.0012000000000000454
EWR-1,8/6/2025,06:40:00 pm,0,2025-08-06 18:40:00,8.1958,9.124,0.00129999999999999
EWR-1,8/6/2025,06:50:00 pm,0,2025-08-06 18:50:00,8.1951,9.137,0.0011999999999998678
EWR-1,8/6/2025,07:00:00 pm,0,2025-08-06 19:00:00,8.1941,9.149,0.0010000000000001564
EWR-1,8/6/2025,07:10:00 pm,0,2025-08-06 19:10:00,8.1933,9.159,0.0009999999999999788
EWR-1,8/6/2025,07:20:00 pm,0,2025-08-06 19:20:00,8.1921,9.169,0.0007999999999999119
EWR-1,8/6/2025,07:30:00 pm,0,2025-08-06 19:30:00,8.1914,9.177,0.0006999999999999674
EWR-1,8/6/2025,07:40:00 pm,0,2025-08-06 19:40:00,8.1905,9.184,0.0006000000000000227
EWR-1,8/6/2025,07:50:00 pm,0,2025-08-06 19:50:00,8.1897,9.19,0.0005000000000000782
EWR-1,8/6/2025,08:00:00 pm,0,2025-08-06 20:00:00,8.1888,9.195,0.00039999999999995595
EWR-1,8/6/2025,08:10:00 pm,0,2025-08-06 20:10:00,8.1879,9.199,0.00030000000000001136
EWR-1,8/6/2025,08:20:00 pm,0,2025-08-06 20:20:00,8.1917,9.202,0.00030000000000001136
EWR-1,8/6/2025,08:30:00 pm,0,2025-08-06 20:30:00,8.1908,9.205,9.999999999994457e-05
EWR-1,8/6/2025,08:40:00 pm,0,2025-08-06 20:40:00,8.1897,9.206,0.00010000000000012221
EWR-1,8/6/2025,08:50:00 pm,0,2025-08-06 20:50:00,8.189,9.207,0.0
EWR-1,8/6/2025,09:00:00 pm,0,2025-08-06 21:00:00,8.1884,9.207,0.0
EWR-1,8/6/2025,09:10:00 pm,0,2025-08-06 21:10:00,8.1878,9.207,0.0
EWR-1,8/6/2025,09:20:00 pm,0,2025-08-06 21:20:00,8.1871,9.207,0.0002000000000000668
EWR-1,8/6/2025,09:30:00 pm,0,2025-08-06 21:30:00,8.1867,9.205,0.00030000000000001136
EWR-1,8/6/2025,09:40:00 pm,0,2025-08-06 21:40:00,8.1863,9.202,0.00030000000000001136
EWR-1,8/6/2025,09:50:00 pm,0,2025-08-06 21:50:00,8.1859,9.199,0.00039999999999995595
EWR-1,8/6/2025,10:00:00 pm,0,2025-08-06 22:00:00,8.1854,9.195,0.0006000000000000227
EWR-1,8/6/2025,10:10:00 pm,0,2025-08-06 22:10:00,8.1849,9.189,0.0005000000000000782
EWR-1,8/6/2025,10:20:00 pm,0,2025-08-06 22:20:00,8.1847,9.184,0.0005999999999998451
EWR-1,8/6/2025,10:30:00 pm,0,2025-08-06 22:30:00,8.1848,9.178,0.0006000000000000227
EWR-1,8/6/2025,10:40:00 pm,0,2025-08-06 22:40:00,8.1842,9.172,0.000700000000000145
EWR-1,8/6/2025,10:50:00 pm,0,2025-08-06 22:50:00,8.1841,9.165,0.0006999999999999674
EWR-1,8/6/2025,11:00:00 pm,0,2025-08-06 23:00:00,8.1842,9.158,0.0007999999999999119
EWR-1,8/6/2025,11:10:00 pm,0,2025-08-06 23:10:00,8.1839,9.15,0.0006999999999999674
EWR-1,8/6/2025,11:20:00 pm,0,2025-08-06 23:20:00,8.1838,9.143,0.0009000000000000341
EWR-1,8/6/2025,11:30:00 pm,0,2025-08-06 23:30:00,8.1836,9.134,0.0009000000000000341
EWR-1,8/6/2025,11:40:00 pm,0,2025-08-06 23:40:00,8.1839,9.125,0.0009000000000000341
EWR-1,8/6/2025,11:50:00 pm,0,2025-08-06 23:50:00,8.1837,9.116,0.0009000000000000341
EWR-1,8/7/2025,12:00:00 am,0,2025-08-07 00:00:00,8.1842,9.107,0.0008999999999998564
EWR-1,8/7/2025,12:10:00 am,0,2025-08-07 00:10:00,8.1845,9.098,0.0009000000000000341
EWR-1,8/7/2025,12:20:00 am,0,2025-08-07 00:20:00,8.1849,9.089,0.0009999999999999788
EWR-1,8/7/2025,12:30:00 am,0,2025-08-07 00:30:00,8.1849,9.079,0.0009000000000000341
EWR-1,8/7/2025,12:40:00 am,0,2025-08-07 00:40:00,8.1855,9.07,0.001100000000000101
EWR-1,8/7/2025,12:50:00 am,0,2025-08-07 00:50:00,8.1858,9.059,0.0009999999999999788
EWR-1,8/7/2025,01:00:00 am,0,2025-08-07 01:00:00,8.1861,9.049,0.0009999999999999788
EWR-1,8/7/2025,01:10:00 am,0,2025-08-07 01:10:00,8.1864,9.039,0.0009000000000000341
EWR-1,8/7/2025,01:20:00 am,0,2025-08-07 01:20:00,8.1871,9.03,0.0010999999999999233
EWR-1,8/7/2025,01:30:00 am,0,2025-08-07 01:30:00,8.1878,9.019,0.0009999999999999788
EWR-1,8/7/2025,01:40:00 am,0,2025-08-07 01:40:00,8.188,9.009,0.001100000000000101
EWR-1,8/7/2025,01:50:00 am,0,2025-08-07 01:50:00,8.1887,8.998,0.0010999999999999233
EWR-1,8/7/2025,02:00:00 am,0,2025-08-07 02:00:00,8.1894,8.987,0.0010999999999999233
EWR-1,8/7/2025,02:10:00 am,0,2025-08-07 02:10:00,8.1902,8.976,0.001100000000000101
EWR-1,8/7/2025,02:20:00 am,0,2025-08-07 02:20:00,8.1914,8.965,0.0010999999999999233
EWR-1,8/7/2025,02:30:00 am,0,2025-08-07 02:30:00,8.1928,8.954,0.0012000000000000454
EWR-1,8/7/2025,02:40:00 am,0,2025-08-07 02:40:00,8.1945,8.942,0.0012000000000000454
EWR-1,8/7/2025,02:50:00 am,0,2025-08-07 02:50:00,8.1963,8.93,0.0010999999999999233
EWR-1,8/7/2025,03:00:00 am,0,2025-08-07 03:00:00,8.1978,8.919,0.0012000000000000454
EWR-1,8/7/2025,03:10:00 am,0,2025-08-07 03:10:00,8.1999,8.907,0.0010999999999999233
EWR-1,8/7/2025,03:20:00 am,0,2025-08-07 03:20:00,8.2017,8.896,0.001100000000000101
EWR-1,8/7/2025,03:30:00 am,0,2025-08-07 03:30:00,8.2039,8.885,0.0012000000000000454
EWR-1,8/7/2025,03:40:00 am,0,2025-08-07 03:40:00,8.2055,8.873,0.0010999999999999233
EWR-1,8/7/2025,03:50:00 am,0,2025-08-07 03:50:00,8.2072,8.862,0.0013999999999999347
EWR-1,8/7/2025,04:00:00 am,0,2025-08-07 04:00:00,8.2088,8.848,0.0012000000000000454
EWR-1,8/7/2025,04:10:00 am,0,2025-08-07 04:10:00,8.2101,8.836,0.00129999999999999
EWR-1,8/7/2025,04:20:00 am,0,2025-08-07 04:20:00,8.2121,8.823,0.0012000000000000454
EWR-1,8/7/2025,04:30:00 am,0,2025-08-07 04:30:00,8.2134,8.811,0.00129999999999999
EWR-1,8/7/2025,04:40:00 am,0,2025-08-07 04:40:00,8.2151,8.798,0.0012000000000000454
EWR-1,8/7/2025,04:50:00 am,0,2025-08-07 04:50:00,8.2166,8.786,0.00129999999999999
EWR-1,8/7/2025,05:00:00 am,0,2025-08-07 05:00:00,8.2179,8.773,0.00129999999999999
EWR-1,8/7/2025,05:10:00 am,0,2025-08-07 05:10:00,8.2186,8.76,0.00129999999999999
EWR-1,8/7/2025,05:20:00 am,0,2025-08-07 05:20:00,8.22,8.747,0.00129999999999999
EWR-1,8/7/2025,05:30:00 am,0,2025-08-07 05:30:00,8.221,8.734,0.00129999999999999
EWR-1,8/7/2025,05:40:00 am,0,2025-08-07 05:40:00,8.2221,8.721,0.0012000000000000454
EWR-1,8/7/2025,05:50:00 am,0,2025-08-07 05:50:00,8.2235,8.709,0.00129999999999999
EWR-1,8/7/2025,06:00:00 am,0,2025-08-07 06:00:00,8.2247,8.696,0.0012000000000000454
EWR-1,8/7/2025,06:10:00 am,0,2025-08-07 06:10:00,8.225,8.684,0.0014999999999998793
EWR-1,8/7/2025,06:20:00 am,0,2025-08-07 06:20:00,8.2264,8.669,0.0016000000000000014
EWR-1,8/7/2025,06:30:00 am,0,2025-08-07 06:30:00,8.2276,8.653,0.0012000000000000454
EWR-1,8/7/2025,06:40:00 am,0,2025-08-07 06:40:00,8.2283,8.641,0.0012000000000000454
EWR-1,8/7/2025,06:50:00 am,0,2025-08-07 06:50:00,8.2273,8.629,0.00129999999999999
EWR-1,8/7/2025,07:00:00 am,0,2025-08-07 07:00:00,8.2288,8.616,0.0012000000000000454
EWR-1,8/7/2025,07:10:00 am,0,2025-08-07 07:10:00,8.23,8.604,0.0009999999999999788
EWR-1,8/7/2025,07:20:00 am,0,2025-08-07 07:20:00,8.2307,8.594,0.0009999999999999788
EWR-1,8/7/2025,07:30:00 am,0,2025-08-07 07:30:00,8.2316,8.584,0.0009999999999999788
EWR-1,8/7/2025,07:40:00 am,0,2025-08-07 07:40:00,8.2319,8.574,0.0009000000000000341
EWR-1,8/7/2025,07:50:00 am,0,2025-08-07 07:50:00,8.2322,8.565,0.0006000000000000227
EWR-1,8/7/2025,08:00:00 am,0,2025-08-07 08:00:00,8.2326,8.559,0.0005999999999998451
EWR-1,8/7/2025,08:10:00 am,0,2025-08-07 08:10:00,8.2333,8.553,0.0004000000000001336
EWR-1,8/7/2025,08:20:00 am,0,2025-08-07 08:20:00,8.2334,8.549,0.00030000000000001136
EWR-1,8/7/2025,08:30:00 am,0,2025-08-07 08:30:00,8.2338,8.546,9.999999999994457e-05
EWR-1,8/7/2025,08:40:00 am,0,2025-08-07 08:40:00,8.2343,8.545,0.0
EWR-1,8/7/2025,08:50:00 am,0,2025-08-07 08:50:00,8.2347,8.545,9.999999999994457e-05
EWR-1,8/7/2025,09:00:00 am,0,2025-08-07 09:00:00,8.2349,8.546,0.0
EWR-1,8/7/2025,09:10:00 am,0,2025-08-07 09:10:00,8.2346,8.546,0.00010000000000012221
EWR-1,8/7/2025,09:20:00 am,0,2025-08-07 09:20:00,8.2348,8.547,0.00019999999999988915
EWR-1,8/7/2025,09:30:00 am,0,2025-08-07 09:30:00,8.2345,8.549,0.00010000000000012221
EWR-1,8/7/2025,09:40:00 am,0,2025-08-07 09:40:00,8.234,8.55,0.00019999999999988915
EWR-1,8/7/2025,09:50:00 am,0,2025-08-07 09:50:00,8.2335,8.552,0.0002000000000000668
EWR-1,8/7/2025,10:00:00 am,0,2025-08-07 10:00:00,8.2328,8.554,0.00030000000000001136
EWR-1,8/7/2025,10:10:00 am,0,2025-08-07 10:10:00,8.2318,8.557,0.00039999999999995595
EWR-1,8/7/2025,10:20:00 am,0,2025-08-07 10:20:00,8.2308,8.561,0.00039999999999995595
EWR-1,8/7/2025,10:30:00 am,0,2025-08-07 10:30:00,8.2297,8.565,0.0004000000000001336
EWR-1,8/7/2025,10:40:00 am,0,2025-08-07 10:40:00,8.229,8.569,0.0005999999999998451
EWR-1,8/7/2025,10:50:00 am,0,2025-08-07 10:50:00,8.2285,8.575,0.0006000000000000227
EWR-1,8/7/2025,11:00:00 am,0,2025-08-07 11:00:00,8.2286,8.581,0.0006999999999999674
EWR-1,8/7/2025,11:10:00 am,0,2025-08-07 11:10:00,8.228,8.588,0.0009000000000000341
EWR-1,8/7/2025,11:20:00 am,0,2025-08-07 11:20:00,8.2275,8.597,0.0009999999999999788
EWR-1,8/7/2025,11:30:00 am,0,2025-08-07 11:30:00,8.2271,8.607,0.00129999999999999
EWR-1,8/7/2025,11:40:00 am,0,2025-08-07 11:40:00,8.2267,8.62,0.0014000000000001123
EWR-1,8/7/2025,11:50:00 am,0,2025-08-07 11:50:00,8.2263,8.634,0.0013999999999999347
EWR-1,8/7/2025,12:00:00 pm,0,2025-08-07 12:00:00,8.2255,8.648,0.0014000000000001123
EWR-1,8/7/2025,12:10:00 pm,0,2025-08-07 12:10:00,8.2249,8.662,0.0014999999999998793
EWR-1,8/7/2025,12:20:00 pm,0,2025-08-07 12:20:00,8.2242,8.677,0.0015000000000000568
EWR-1,8/7/2025,12:30:00 pm,0,2025-08-07 12:30:00,8.2233,8.692,0.0016000000000000014
EWR-1,8/7/2025,12:40:00 pm,0,2025-08-07 12:40:00,8.2228,8.708,0.0016000000000000014
EWR-1,8/7/2025,12:50:00 pm,0,2025-08-07 12:50:00,8.2221,8.724,0.001699999999999946
EWR-1,8/7/2025,01:00:00 pm,0,2025-08-07 13:00:00,8.2208,8.741,0.001699999999999946
EWR-1,8/7/2025,01:10:00 pm,0,2025-08-07 13:10:00,8.2202,8.758,0.0018000000000000683
EWR-1,8/7/2025,01:20:00 pm,0,2025-08-07 13:20:00,8.2193,8.776,0.0018000000000000683
EWR-1,8/7/2025,01:30:00 pm,0,2025-08-07 13:30:00,8.2182,8.794,0.0019999999999999575
EWR-1,8/7/2025,01:40:00 pm,0,2025-08-07 13:40:00,8.2172,8.814,0.001699999999999946
EWR-1,8/7/2025,01:50:00 pm,0,2025-08-07 13:50:00,8.2162,8.831,0.0017000000000001237
EWR-1,8/7/2025,02:00:00 pm,0,2025-08-07 14:00:00,8.2151,8.848,0.001699999999999946
EWR-1,8/7/2025,02:10:00 pm,0,2025-08-07 14:10:00,8.2142,8.865,0.0017999999999998907
EWR-1,8/7/2025,02:20:00 pm,0,2025-08-07 14:20:00,8.2132,8.883,0.0017000000000001237
EWR-1,8/7/2025,02:30:00 pm,0,2025-08-07 14:30:00,8.2116,8.9,0.001699999999999946
EWR-1,8/7/2025,02:40:00 pm,0,2025-08-07 14:40:00,8.2104,8.917,0.001699999999999946
EWR-1,8/7/2025,02:50:00 pm,0,2025-08-07 14:50:00,8.2094,8.934,0.0017000000000001237
EWR-1,8/7/2025,03:00:00 pm,0,2025-08-07 15:00:00,8.208,8.951,0.001699999999999946
EWR-1,8/7/2025,03:10:00 pm,0,2025-08-07 15:10:00,8.2073,8.968,0.0016000000000000014
EWR-1,8/7/2025,03:20:00 pm,0,2025-08-07 15:20:00,8.2055,8.984,0.0018000000000000683
EWR-1,8/7/2025,03:30:00 pm,0,2025-08-07 15:30:00,8.2043,9.002,0.001699999999999946
EWR-1,8/7/2025,03:40:00 pm,0,2025-08-07 15:40:00,8.2033,9.019,0.001699999999999946
EWR-1,8/7/2025,03:50:00 pm,0,2025-08-07 15:50:00,8.202,9.036,0.0017000000000001237
EWR-1,8/7/2025,04:00:00 pm,0,2025-08-07 16:00:00,8.2007,9.053,0.001699999999999946
EWR-1,8/7/2025,04:10:00 pm,0,2025-08-07 16:10:00,8.1993,9.07,0.001699999999999946
EWR-1,8/7/2025,04:20:00 pm,0,2025-08-07 16:20:00,8.1981,9.087,0.0016000000000000014
EWR-1,8/7/2025,04:30:00 pm,0,2025-08-07 16:30:00,8.1968,9.103,0.0015000000000000568
EWR-1,8/7/2025,04:40:00 pm,0,2025-08-07 16:40:00,8.1953,9.118,0.0016000000000000014
EWR-1,8/7/2025,04:50:00 pm,0,2025-08-07 16:50:00,8.1941,9.134,0.0014999999999998793
EWR-1,8/7/2025,05:00:00 pm,0,2025-08-07 17:00:00,8.1924,9.149,0.0016000000000000014
EWR-1,8/7/2025,05:10:00 pm,0,2025-08-07 17:10:00,8.1909,9.165,0.0016000000000000014
EWR-1,8/7/2025,05:20:00 pm,0,2025-08-07 17:20:00,8.1899,9.181,0.0016000000000000014
EWR-1,8/7/2025,05:30:00 pm,0,2025-08-07 17:30:00,8.1888,9.197,0.0016000000000000014
EWR-1,8/7/2025,05:40:00 pm,0,2025-08-07 17:40:00,8.1872,9.213,0.0016000000000000014
EWR-1,8/7/2025,05:50:00 pm,0,2025-08-07 17:50:00,8.1856,9.229,0.0014000000000001123
EWR-1,8/7/2025,06:00:00 pm,0,2025-08-07 18:00:00,8.1845,9.243,0.00129999999999999
EWR-1,8/7/2025,06:10:00 pm,0,2025-08-07 18:10:00,8.1833,9.256,0.00129999999999999
EWR-1,8/7/2025,06:20:00 pm,0,2025-08-07 18:20:00,8.1819,9.269,0.0012000000000000454
EWR-1,8/7/2025,06:30:00 pm,0,2025-08-07 18:30:00,8.1804,9.281,0.0011999999999998678
EWR-1,8/7/2025,06:40:00 pm,0,2025-08-07 18:40:00,8.1794,9.293,0.0010000000000001564
EWR-1,8/7/2025,06:50:00 pm,0,2025-08-07 18:50:00,8.1777,9.303,0.0010999999999999233
EWR-1,8/7/2025,07:00:00 pm,0,2025-08-07 19:00:00,8.1763,9.314,0.0009000000000000341
EWR-1,8/7/2025,07:10:00 pm,0,2025-08-07 19:10:00,8.1797,9.323,0.0009000000000000341
EWR-1,8/7/2025,07:20:00 pm,0,2025-08-07 19:20:00,8.178,9.332,0.0006999999999999674
EWR-1,8/7/2025,07:30:00 pm,0,2025-08-07 19:30:00,8.1767,9.339,0.0006999999999999674
EWR-1,8/7/2025,07:40:00 pm,0,2025-08-07 19:40:00,8.1757,9.346,0.0005000000000000782
EWR-1,8/7/2025,07:50:00 pm,0,2025-08-07 19:50:00,8.1743,9.351,0.0004999999999999005
EWR-1,8/7/2025,08:00:00 pm,0,2025-08-07 20:00:00,8.1731,9.356,0.00030000000000001136
EWR-1,8/7/2025,08:10:00 pm,0,2025-08-07 20:10:00,8.172,9.359,0.0002000000000000668
EWR-1,8/7/2025,08:20:00 pm,0,2025-08-07 20:20:00,8.1712,9.361,9.999999999994457e-05
EWR-1,8/7/2025,08:30:00 pm,0,2025-08-07 20:30:00,8.1699,9.362,0.0
EWR-1,8/7/2025,08:40:00 pm,0,2025-08-07 20:40:00,8.1689,9.362,9.999999999994457e-05
EWR-1,8/7/2025,08:50:00 pm,0,2025-08-07 20:50:00,8.1681,9.361,0.0002000000000000668
EWR-1,8/7/2025,09:00:00 pm,0,2025-08-07 21:00:00,8.1672,9.359,0.00030000000000001136
EWR-1,8/7/2025,09:10:00 pm,0,2025-08-07 21:10:00,8.1665,9.356,0.00030000000000001136
EWR-1,8/7/2025,09:20:00 pm,0,2025-08-07 21:20:00,8.1657,9.353,0.00039999999999995595
EWR-1,8/7/2025,09:30:00 pm,0,2025-08-07 21:30:00,8.1655,9.349,0.00039999999999995595
EWR-1,8/7/2025,09:40:00 pm,0,2025-08-07 21:40:00,8.1649,9.345,0.0004000000000001336
EWR-1,8/7/2025,09:50:00 pm,0,2025-08-07 21:50:00,8.1638,9.341,0.00039999999999995595
EWR-1,8/7/2025,10:00:00 pm,0,2025-08-07 22:00:00,8.1638,9.337,0.0004999999999999005
EWR-1,8/7/2025,10:10:00 pm,0,2025-08-07 22:10:00,8.1631,9.332,0.0005000000000000782
EWR-1,8/7/2025,10:20:00 pm,0,2025-08-07 22:20:00,8.1629,9.327,0.0006000000000000227
EWR-1,8/7/2025,10:30:00 pm,0,2025-08-07 22:30:00,8.1624,9.321,0.0006000000000000227
EWR-1,8/7/2025,10:40:00 pm,0,2025-08-07 22:40:00,8.1619,9.315,0.0006999999999999674
EWR-1,8/7/2025,10:50:00 pm,0,2025-08-07 22:50:00,8.1614,9.308,0.0007999999999999119
EWR-1,8/7/2025,11:00:00 pm,0,2025-08-07 23:00:00,8.1611,9.3,0.000700000000000145
EWR-1,8/7/2025,11:10:00 pm,0,2025-08-07 23:10:00,8.161,9.293,0.0007999999999999119
EWR-1,8/7/2025,11:20:00 pm,0,2025-08-07 23:20:00,8.1611,9.285,0.0006999999999999674
EWR-1,8/7/2025,11:30:00 pm,0,2025-08-07 23:30:00,8.161,9.278,0.0008000000000000895
EWR-1,8/7/2025,11:40:00 pm,0,2025-08-07 23:40:00,8.161,9.27,0.0009000000000000341
EWR-1,8/7/2025,11:50:00 pm,0,2025-08-07 23:50:00,8.1608,9.261,0.0007999999999999119
EWR-1,8/8/2025,12:00:00 am,0,2025-08-08 00:00:00,8.161,9.253,0.0009000000000000341
EWR-1,8/8/2025,12:10:00 am,0,2025-08-08 00:10:00,8.1612,9.244,0.0007999999999999119
EWR-1,8/8/2025,12:20:00 am,0,2025-08-08 00:20:00,8.1614,9.236,0.0009999999999999788
EWR-1,8/8/2025,12:30:00 am,0,2025-08-08 00:30:00,8.1615,9.226,0.0008000000000000895
EWR-1,8/8/2025,12:40:00 am,0,2025-08-08 00:40:00,8.1616,9.218,0.0009999999999999788
EWR-1,8/8/2025,12:50:00 am,0,2025-08-08 00:50:00,8.162,9.208,0.0009000000000000341
EWR-1,8/8/2025,01:00:00 am,0,2025-08-08 01:00:00,8.1623,9.199,0.0009000000000000341
EWR-1,8/8/2025,01:10:00 am,0,2025-08-08 01:10:00,8.1628,9.19,0.0009999999999999788
EWR-1,8/8/2025,01:20:00 am,0,2025-08-08 01:20:00,8.163,9.18,0.0007999999999999119
EWR-1,8/8/2025,01:30:00 am,0,2025-08-08 01:30:00,8.1638,9.172,0.0009000000000000341
EWR-1,8/8/2025,01:40:00 am,0,2025-08-08 01:40:00,8.164,9.163,0.0009999999999999788
EWR-1,8/8/2025,01:50:00 am,0,2025-08-08 01:50:00,8.1645,9.153,0.0009000000000000341
EWR-1,8/8/2025,02:00:00 am,0,2025-08-08 02:00:00,8.1652,9.144,0.0009999999999999788
EWR-1,8/8/2025,02:10:00 am,0,2025-08-08 02:10:00,8.1655,9.134,0.0009999999999999788
EWR-1,8/8/2025,02:20:00 am,0,2025-08-08 02:20:00,8.1663,9.124,0.0009000000000000341
EWR-1,8/8/2025,02:30:00 am,0,2025-08-08 02:30:00,8.1669,9.115,0.001100000000000101
EWR-1,8/8/2025,02:40:00 am,0,2025-08-08 02:40:00,8.1678,9.104,0.0009999999999999788
EWR-1,8/8/2025,02:50:00 am,0,2025-08-08 02:50:00,8.1685,9.094,0.0010999999999999233
EWR-1,8/8/2025,03:00:00 am,0,2025-08-08 03:00:00,8.169,9.083,0.0009999999999999788
EWR-1,8/8/2025,03:10:00 am,0,2025-08-08 03:10:00,8.1706,9.073,0.0009999999999999788
EWR-1,8/8/2025,03:20:00 am,0,2025-08-08 03:20:00,8.172,9.063,0.001100000000000101
EWR-1,8/8/2025,03:30:00 am,0,2025-08-08 03:30:00,8.1741,9.052,0.0010999999999999233
EWR-1,8/8/2025,03:40:00 am,0,2025-08-08 03:40:00,8.1762,9.041,0.001100000000000101
EWR-1,8/8/2025,03:50:00 am,0,2025-08-08 03:50:00,8.1781,9.03,0.0010999999999999233
EWR-1,8/8/2025,04:00:00 am,0,2025-08-08 04:00:00,8.1802,9.019,0.0012000000000000454
EWR-1,8/8/2025,04:10:00 am,0,2025-08-08 04:10:00,8.1821,9.007,0.0012000000000000454
EWR-1,8/8/2025,04:20:00 am,0,2025-08-08 04:20:00,8.184,8.995,0.0010999999999999233
EWR-1,8/8/2025,04:30:00 am,0,2025-08-08 04:30:00,8.1858,8.984,0.0012000000000000454
EWR-1,8/8/2025,04:40:00 am,0,2025-08-08 04:40:00,8.1874,8.972,0.0010999999999999233
EWR-1,8/8/2025,04:50:00 am,0,2025-08-08 04:50:00,8.189,8.961,0.0012000000000000454
EWR-1,8/8/2025,05:00:00 am,0,2025-08-08 05:00:00,8.1906,8.949,0.0012000000000000454
EWR-1,8/8/2025,05:10:00 am,0,2025-08-08 05:10:00,8.1923,8.937,0.0010999999999999233
EWR-1,8/8/2025,05:20:00 am,0,2025-08-08 05:20:00,8.1942,8.926,0.001100000000000101
EWR-1,8/8/2025,05:30:00 am,0,2025-08-08 05:30:00,8.1953,8.915,0.0011999999999998678
EWR-1,8/8/2025,05:40:00 am,0,2025-08-08 05:40:00,8.1973,8.903,0.0012000000000000454
EWR-1,8/8/2025,05:50:00 am,0,2025-08-08 05:50:00,8.1986,8.891,0.0010999999999999233
EWR-1,8/8/2025,06:00:00 am,0,2025-08-08 06:00:00,8.2006,8.88,0.0012000000000000454
EWR-1,8/8/2025,06:10:00 am,0,2025-08-08 06:10:00,8.2021,8.868,0.0012000000000000454
EWR-1,8/8/2025,06:20:00 am,0,2025-08-08 06:20:00,8.2037,8.856,0.0012000000000000454
EWR-1,8/8/2025,06:30:00 am,0,2025-08-08 06:30:00,8.2052,8.844,0.0011999999999998678
EWR-1,8/8/2025,06:40:00 am,0,2025-08-08 06:40:00,8.207,8.832,0.001100000000000101
EWR-1,8/8/2025,06:50:00 am,0,2025-08-08 06:50:00,8.2085,8.821,0.0009999999999999788
EWR-1,8/8/2025,07:00:00 am,0,2025-08-08 07:00:00,8.2099,8.811,0.0009000000000000341
EWR-1,8/8/2025,07:10:00 am,0,2025-08-08 07:10:00,8.2113,8.802,0.0009000000000000341
EWR-1,8/8/2025,07:20:00 am,0,2025-08-08 07:20:00,8.2126,8.793,0.0007999999999999119
EWR-1,8/8/2025,07:30:00 am,0,2025-08-08 07:30:00,8.2138,8.785,0.0008000000000000895
EWR-1,8/8/2025,07:40:00 am,0,2025-08-08 07:40:00,8.2147,8.777,0.0005999999999998451
EWR-1,8/8/2025,07:50:00 am,0,2025-08-08 07:50:00,8.2157,8.771,0.0006000000000000227
EWR-1,8/8/2025,08:00:00 am,0,2025-08-08 08:00:00,8.2161,8.765,0.0004000000000001336
EWR-1,8/8/2025,08:10:00 am,0,2025-08-08 08:10:00,8.2158,8.761,0.00039999999999995595
EWR-1,8/8/2025,08:20:00 am,0,2025-08-08 08:20:00,8.2174,8.757,0.00019999999999988915
EWR-1,8/8/2025,08:30:00 am,0,2025-08-08 08:30:00,8.2187,8.755,0.00010000000000012221
EWR-1,8/8/2025,08:40:00 am,0,2025-08-08 08:40:00,8.2197,8.754,9.999999999994457e-05
EWR-1,8/8/2025,08:50:00 am,0,2025-08-08 08:50:00,8.2209,8.753,9.999999999994457e-05
EWR-1,8/8/2025,09:00:00 am,0,2025-08-08 09:00:00,8.2214,8.752,0.0
EWR-1,8/8/2025,09:10:00 am,0,2025-08-08 09:10:00,8.2217,8.752,9.999999999994457e-05
EWR-1,8/8/2025,09:20:00 am,0,2025-08-08 09:20:00,8.2226,8.753,9.999999999994457e-05
EWR-1,8/8/2025,09:30:00 am,0,2025-08-08 09:30:00,8.2228,8.754,0.0002000000000000668
EWR-1,8/8/2025,09:40:00 am,0,2025-08-08 09:40:00,8.2224,8.756,9.999999999994457e-05
EWR-1,8/8/2025,09:50:00 am,0,2025-08-08 09:50:00,8.2224,8.757,0.00030000000000001136
EWR-1,8/8/2025,10:00:00 am,0,2025-08-08 10:00:00,8.2216,8.76,0.0002000000000000668
EWR-1,8/8/2025,10:10:00 am,0,2025-08-08 10:10:00,8.2208,8.762,0.00030000000000001136
EWR-1,8/8/2025,10:20:00 am,0,2025-08-08 10:20:00,8.2204,8.765,0.00030000000000001136
EWR-1,8/8/2025,10:30:00 am,0,2025-08-08 10:30:00,8.2196,8.768,0.00039999999999995595
EWR-1,8/8/2025,10:40:00 am,0,2025-08-08 10:40:00,8.2186,8.772,0.00039999999999995595
EWR-1,8/8/2025,10:50:00 am,0,2025-08-08 10:50:00,8.2178,8.776,0.00030000000000001136
EWR-1,8/8/2025,11:00:00 am,0,2025-08-08 11:00:00,8.2179,8.779,0.0006000000000000227
EWR-1,8/8/2025,11:10:00 am,0,2025-08-08 11:10:00,8.2169,8.785,0.0006999999999999674
EWR-1,8/8/2025,11:20:00 am,0,2025-08-08 11:20:00,8.2167,8.792,0.0009999999999999788
EWR-1,8/8/2025,11:30:00 am,0,2025-08-08 11:30:00,8.2162,8.802,0.001100000000000101
EWR-1,8/8/2025,11:40:00 am,0,2025-08-08 11:40:00,8.2155,8.813,0.0011999999999998678
EWR-1,8/8/2025,11:50:00 am,0,2025-08-08 11:50:00,8.2147,8.825,0.00129999999999999
EWR-1,8/8/2025,12:00:00 pm,0,2025-08-08 12:00:00,8.2145,8.838,0.0013000000000001678
EWR-1,8/8/2025,12:10:00 pm,0,2025-08-08 12:10:00,8.2134,8.851,0.0013999999999999347
EWR-1,8/8/2025,12:20:00 pm,0,2025-08-08 12:20:00,8.212,8.865,0.0013999999999999347
EWR-1,8/8/2025,12:30:00 pm,0,2025-08-08 12:30:00,8.2113,8.879,0.0014000000000001123
EWR-1,8/8/2025,12:40:00 pm,0,2025-08-08 12:40:00,8.2102,8.893,0.0016000000000000014
EWR-1,8/8/2025,12:50:00 pm,0,2025-08-08 12:50:00,8.2092,8.909,0.0016000000000000014
EWR-1,8/8/2025,01:00:00 pm,0,2025-08-08 13:00:00,8.2079,8.925,0.0016000000000000014
EWR-1,8/8/2025,01:10:00 pm,0,2025-08-08 13:10:00,8.2068,8.941,0.0017999999999998907
EWR-1,8/8/2025,01:20:00 pm,0,2025-08-08 13:20:00,8.2061,8.959,0.0019000000000000128
EWR-1,8/8/2025,01:30:00 pm,0,2025-08-08 13:30:00,8.2049,8.978,0.0019999999999999575
EWR-1,8/8/2025,01:40:00 pm,0,2025-08-08 13:40:00,8.204,8.998,0.0018000000000000683
EWR-1,8/8/2025,01:50:00 pm,0,2025-08-08 13:50:00,8.203,9.016,0.001699999999999946
EWR-1,8/8/2025,02:00:00 pm,0,2025-08-08 14:00:00,8.2019,9.033,0.0018000000000000683
EWR-1,8/8/2025,02:10:00 pm,0,2025-08-08 14:10:00,8.2006,9.051,0.0016000000000000014
EWR-1,8/8/2025,02:20:00 pm,0,2025-08-08 14:20:00,8.1996,9.067,0.001699999999999946
EWR-1,8/8/2025,02:30:00 pm,0,2025-08-08 14:30:00,8.1983,9.084,0.0017000000000001237
EWR-1,8/8/2025,02:40:00 pm,0,2025-08-08 14:40:00,8.197,9.101,0.001699999999999946
EWR-1,8/8/2025,02:50:00 pm,0,2025-08-08 14:50:00,8.1957,9.118,0.001699999999999946
EWR-1,8/8/2025,03:00:00 pm,0,2025-08-08 15:00:00,8.1946,9.135,0.001699999999999946
EWR-1,8/8/2025,03:10:00 pm,0,2025-08-08 15:10:00,8.1934,9.152,0.0017000000000001237
EWR-1,8/8/2025,03:20:00 pm,0,2025-08-08 15:20:00,8.192,9.169,0.0019000000000000128
EWR-1,8/8/2025,03:30:00 pm,0,2025-08-08 15:30:00,8.1907,9.188,0.0017999999999998907
EWR-1,8/8/2025,03:40:00 pm,0,2025-08-08 15:40:00,8.1894,9.206,0.0019000000000000128
EWR-1,8/8/2025,03:50:00 pm,0,2025-08-08 15:50:00,8.1879,9.225,0.0019000000000000128
EWR-1,8/8/2025,04:00:00 pm,0,2025-08-08 16:00:00,8.1865,9.244,0.0018000000000000683
EWR-1,8/8/2025,04:10:00 pm,0,2025-08-08 16:10:00,8.1854,9.262,0.0019000000000000128
EWR-1,8/8/2025,04:20:00 pm,0,2025-08-08 16:20:00,8.1839,9.281,0.001699999999999946
EWR-1,8/8/2025,04:30:00 pm,0,2025-08-08 16:30:00,8.1825,9.298,0.0019000000000000128
EWR-1,8/8/2025,04:40:00 pm,0,2025-08-08 16:40:00,8.181,9.317,0.0018000000000000683
EWR-1,8/8/2025,04:50:00 pm,0,2025-08-08 16:50:00,8.1795,9.335,0.001699999999999946
EWR-1,8/8/2025,05:00:00 pm,0,2025-08-08 17:00:00,8.1778,9.352,0.0017999999999998907
EWR-1,8/8/2025,05:10:00 pm,0,2025-08-08 17:10:00,8.1765,9.37,0.0018000000000000683
EWR-1,8/8/2025,05:20:00 pm,0,2025-08-08 17:20:00,8.1754,9.388,0.0019000000000000128
EWR-1,8/8/2025,05:30:00 pm,0,2025-08-08 17:30:00,8.1734,9.407,0.0018000000000000683
EWR-1,8/8/2025,05:40:00 pm,0,2025-08-08 17:40:00,8.1724,9.425,0.001699999999999946
EWR-1,8/8/2025,05:50:00 pm,0,2025-08-08 17:50:00,8.1707,9.442,0.001699999999999946
EWR-1,8/8/2025,06:00:00 pm,0,2025-08-08 18:00:00,8.1692,9.459,0.0015000000000000568
EWR-1,8/8/2025,06:10:00 pm,0,2025-08-08 18:10:00,8.1676,9.474,0.0015000000000000568
EWR-1,8/8/2025,06:20:00 pm,0,2025-08-08 18:20:00,8.166,9.489,0.0013999999999999347
EWR-1,8/8/2025,06:30:00 pm,0,2025-08-08 18:30:00,8.1647,9.503,0.00129999999999999
EWR-1,8/8/2025,06:40:00 pm,0,2025-08-08 18:40:00,8.1667,9.516,0.0012000000000000454
EWR-1,8/8/2025,06:50:00 pm,0,2025-08-08 18:50:00,8.1661,9.528,0.0011999999999998678
EWR-1,8/8/2025,07:00:00 pm,0,2025-08-08 19:00:00,8.1649,9.54,0.001100000000000101
EWR-1,8/8/2025,07:10:00 pm,0,2025-08-08 19:10:00,8.1629,9.551,0.0009000000000000341
EWR-1,8/8/2025,07:20:00 pm,0,2025-08-08 19:20:00,8.1614,9.56,0.0009000000000000341
EWR-1,8/8/2025,07:30:00 pm,0,2025-08-08 19:30:00,8.1601,9.569,0.0007999999999999119
EWR-1,8/8/2025,07:40:00 pm,0,2025-08-08 19:40:00,8.1589,9.577,0.0006000000000000227
EWR-1,8/8/2025,07:50:00 pm,0,2025-08-08 19:50:00,8.1574,9.583,0.0006000000000000227
EWR-1,8/8/2025,08:00:00 pm,0,2025-08-08 20:00:00,8.1563,9.589,0.0004999999999999005
EWR-1,8/8/2025,08:10:00 pm,0,2025-08-08 20:10:00,8.1553,9.594,0.0004000000000001336
EWR-1,8/8/2025,08:20:00 pm,0,2025-08-08 20:20:00,8.1539,9.598,0.00039999999999995595
EWR-1,8/8/2025,08:30:00 pm,0,2025-08-08 20:30:00,8.1531,9.602,0.00030000000000001136
EWR-1,8/8/2025,08:40:00 pm,0,2025-08-08 20:40:00,8.1521,9.605,0.00030000000000001136
EWR-1,8/8/2025,08:50:00 pm,0,2025-08-08 20:50:00,8.1512,9.608,0.00019999999999988915
EWR-1,8/8/2025,09:00:00 pm,0,2025-08-08 21:00:00,8.1506,9.61,0.00010000000000012221
EWR-1,8/8/2025,09:10:00 pm,0,2025-08-08 21:10:00,8.1497,9.611,9.999999999994457e-05
EWR-1,8/8/2025,09:20:00 pm,0,2025-08-08 21:20:00,8.1489,9.612,0.0
EWR-1,8/8/2025,09:30:00 pm,0,2025-08-08 21:30:00,8.1484,9.612,9.999999999994457e-05
EWR-1,8/8/2025,09:40:00 pm,0,2025-08-08 21:40:00,8.1478,9.611,0.0
EWR-1,8/8/2025,09:50:00 pm,0,2025-08-08 21:50:00,8.1471,9.611,0.0002000000000000668
EWR-1,8/8/2025,10:00:00 pm,0,2025-08-08 22:00:00,8.147,9.609,9.999999999994457e-05
EWR-1,8/8/2025,10:10:00 pm,0,2025-08-08 22:10:00,8.1463,9.608,0.0002000000000000668
EWR-1,8/8/2025,10:20:00 pm,0,2025-08-08 22:20:00,8.1459,9.606,0.0002000000000000668
EWR-1,8/8/2025,10:30:00 pm,0,2025-08-08 22:30:00,8.1454,9.604,0.00019999999999988915
EWR-1,8/8/2025,10:40:00 pm,0,2025-08-08 22:40:00,8.1453,9.602,0.00039999999999995595
EWR-1,8/8/2025,10:50:00 pm,0,2025-08-08 22:50:00,8.1448,9.598,0.00030000000000001136
EWR-1,8/8/2025,11:00:00 pm,0,2025-08-08 23:00:00,8.1447,9.595,0.0004000000000001336
EWR-1,8/8/2025,11:10:00 pm,0,2025-08-08 23:10:00,8.1446,9.591,0.00039999999999995595
EWR-1,8/8/2025,11:20:00 pm,0,2025-08-08 23:20:00,8.1443,9.587,0.0004999999999999005
EWR-1,8/8/2025,11:30:00 pm,0,2025-08-08 23:30:00,8.1445,9.582,0.0004000000000001336
EWR-1,8/8/2025,11:40:00 pm,0,2025-08-08 23:40:00,8.1444,9.578,0.00039999999999995595
EWR-1,8/8/2025,11:50:00 pm,0,2025-08-08 23:50:00,8.1445,9.574,0.0006000000000000227
EWR-1,8/9/2025,12:00:00 am,0,2025-08-09 00:00:00,8.1444,9.568,0.00039999999999995595
EWR-1,8/9/2025,12:10:00 am,0,2025-08-09 00:10:00,8.1447,9.564,0.0006000000000000227
EWR-1,8/9/2025,12:20:00 am,0,2025-08-09 00:20:00,8.1446,9.558,0.0004999999999999005
EWR-1,8/9/2025,12:30:00 am,0,2025-08-09 00:30:00,8.1449,9.553,0.000700000000000145
EWR-1,8/9/2025,12:40:00 am,0,2025-08-09 00:40:00,8.1454,9.546,0.0006999999999999674
EWR-1,8/9/2025,12:50:00 am,0,2025-08-09 00:50:00,8.1455,9.539,0.0006000000000000227
EWR-1,8/9/2025,01:00:00 am,0,2025-08-09 01:00:00,8.1458,9.533,0.0006999999999999674
EWR-1,8/9/2025,01:10:00 am,0,2025-08-09 01:10:00,8.1461,9.526,0.0006999999999999674
EWR-1,8/9/2025,01:20:00 am,0,2025-08-09 01:20:00,8.1466,9.519,0.0006999999999999674
EWR-1,8/9/2025,01:30:00 am,0,2025-08-09 01:30:00,8.1469,9.512,0.0008000000000000895
EWR-1,8/9/2025,01:40:00 am,0,2025-08-09 01:40:00,8.1474,9.504,0.0006999999999999674
EWR-1,8/9/2025,01:50:00 am,0,2025-08-09 01:50:00,8.1481,9.497,0.0007999999999999119
EWR-1,8/9/2025,02:00:00 am,0,2025-08-09 02:00:00,8.1488,9.489,0.0008000000000000895
EWR-1,8/9/2025,02:10:00 am,0,2025-08-09 02:10:00,8.149,9.481,0.0006999999999999674
EWR-1,8/9/2025,02:20:00 am,0,2025-08-09 02:20:00,8.1494,9.474,0.0008000000000000895
EWR-1,8/9/2025,02:30:00 am,0,2025-08-09 02:30:00,8.1504,9.466,0.0008999999999998564
EWR-1,8/9/2025,02:40:00 am,0,2025-08-09 02:40:00,8.1509,9.457,0.000700000000000145
EWR-1,8/9/2025,02:50:00 am,0,2025-08-09 02:50:00,8.1519,9.45,0.0008999999999998564
EWR-1,8/9/2025,03:00:00 am,0,2025-08-09 03:00:00,8.1527,9.441,0.0009000000000000341
EWR-1,8/9/2025,03:10:00 am,0,2025-08-09 03:10:00,8.154,9.432,0.0009000000000000341
EWR-1,8/9/2025,03:20:00 am,0,2025-08-09 03:20:00,8.1568,9.423,0.0008000000000000895
EWR-1,8/9/2025,03:30:00 am,0,2025-08-09 03:30:00,8.1594,9.415,0.0009999999999999788
EWR-1,8/9/2025,03:40:00 am,0,2025-08-09 03:40:00,8.1624,9.405,0.0008999999999998564
EWR-1,8/9/2025,03:50:00 am,0,2025-08-09 03:50:00,8.165,9.396,0.0009000000000000341
EWR-1,8/9/2025,04:00:00 am,0,2025-08-09 04:00:00,8.1675,9.387,0.0009000000000000341
EWR-1,8/9/2025,04:10:00 am,0,2025-08-09 04:10:00,8.1702,9.378,0.0010999999999999233
EWR-1,8/9/2025,04:20:00 am,0,2025-08-09 04:20:00,8.1733,9.367,0.0010000000000001564
EWR-1,8/9/2025,04:30:00 am,0,2025-08-09 04:30:00,8.1757,9.357,0.0009999999999999788
EWR-1,8/9/2025,04:40:00 am,0,2025-08-09 04:40:00,8.1784,9.347,0.0009999999999999788
EWR-1,8/9/2025,04:50:00 am,0,2025-08-09 04:50:00,8.1806,9.337,0.0010999999999999233
EWR-1,8/9/2025,05:00:00 am,0,2025-08-09 05:00:00,8.1833,9.326,0.0009999999999999788
EWR-1,8/9/2025,05:10:00 am,0,2025-08-09 05:10:00,8.1862,9.316,0.001100000000000101
EWR-1,8/9/2025,05:20:00 am,0,2025-08-09 05:20:00,8.189,9.305,0.0010999999999999233
EWR-1,8/9/2025,05:30:00 am,0,2025-08-09 05:30:00,8.1914,9.294,0.001100000000000101
EWR-1,8/9/2025,05:40:00 am,0,2025-08-09 05:40:00,8.1939,9.283,0.0009999999999999788
EWR-1,8/9/2025,05:50:00 am,0,2025-08-09 05:50:00,8.1966,9.273,0.0010999999999999233
EWR-1,8/9/2025,06:00:00 am,0,2025-08-09 06:00:00,8.1985,9.262,0.001100000000000101
EWR-1,8/9/2025,06:10:00 am,0,2025-08-09 06:10:00,8.2006,9.251,0.00129999999999999
EWR-1,8/9/2025,06:20:00 am,0,2025-08-09 06:20:00,8.2026,9.238,0.0009999999999999788
EWR-1,8/9/2025,06:30:00 am,0,2025-08-09 06:30:00,8.2047,9.228,0.0010999999999999233
EWR-1,8/9/2025,06:40:00 am,0,2025-08-09 06:40:00,8.2071,9.217,0.001100000000000101
EWR-1,8/9/2025,06:50:00 am,0,2025-08-09 06:50:00,8.2088,9.206,0.0009000000000000341
EWR-1,8/9/2025,07:00:00 am,0,2025-08-09 07:00:00,8.2104,9.197,0.0007999999999999119
EWR-1,8/9/2025,07:10:00 am,0,2025-08-09 07:10:00,8.212,9.189,0.0008000000000000895
EWR-1,8/9/2025,07:20:00 am,0,2025-08-09 07:20:00,8.2137,9.181,0.0006999999999999674
EWR-1,8/9/2025,07:30:00 am,0,2025-08-09 07:30:00,8.2155,9.174,0.0006999999999999674
EWR-1,8/9/2025,07:40:00 am,0,2025-08-09 07:40:00,8.2166,9.167,0.0004999999999999005
EWR-1,8/9/2025,07:50:00 am,0,2025-08-09 07:50:00,8.218,9.162,0.0006000000000000227
EWR-1,8/9/2025,08:00:00 am,0,2025-08-09 08:00:00,8.2191,9.156,0.0004000000000001336
EWR-1,8/9/2025,08:10:00 am,0,2025-08-09 08:10:00,8.2197,9.152,0.00039999999999995595
EWR-1,8/9/2025,08:20:00 am,0,2025-08-09 08:20:00,8.2199,9.148,0.00030000000000001136
EWR-1,8/9/2025,08:30:00 am,0,2025-08-09 08:30:00,8.2197,9.145,0.00019999999999988915
EWR-1,8/9/2025,08:40:00 am,0,2025-08-09 08:40:00,8.2201,9.143,0.00010000000000012221
EWR-1,8/9/2025,08:50:00 am,0,2025-08-09 08:50:00,8.2218,9.142,9.999999999994457e-05
EWR-1,8/9/2025,09:00:00 am,0,2025-08-09 09:00:00,8.2228,9.141,0.0
EWR-1,8/9/2025,09:10:00 am,0,2025-08-09 09:10:00,8.2234,9.141,9.999999999994457e-05
EWR-1,8/9/2025,09:20:00 am,0,2025-08-09 09:20:00,8.2241,9.142,0.0002000000000000668
EWR-1,8/9/2025,09:30:00 am,0,2025-08-09 09:30:00,8.2242,9.144,9.999999999994457e-05
EWR-1,8/9/2025,09:40:00 am,0,2025-08-09 09:40:00,8.2242,9.145,0.0002000000000000668
EWR-1,8/9/2025,09:50:00 am,0,2025-08-09 09:50:00,8.224,9.147,0.00030000000000001136
EWR-1,8/9/2025,10:00:00 am,0,2025-08-09 10:00:00,8.2234,9.15,0.00030000000000001136
EWR-1,8/9/2025,10:10:00 am,0,2025-08-09 10:10:00,8.2224,9.153,0.00030000000000001136
EWR-1,8/9/2025,10:20:00 am,0,2025-08-09 10:20:00,8.2217,9.156,0.00039999999999995595
EWR-1,8/9/2025,10:30:00 am,0,2025-08-09 10:30:00,8.2205,9.16,0.00030000000000001136
EWR-1,8/9/2025,10:40:00 am,0,2025-08-09 10:40:00,8.2199,9.163,0.00030000000000001136
EWR-1,8/9/2025,10:50:00 am,0,2025-08-09 10:50:00,8.2191,9.166,0.00039999999999995595
EWR-1,8/9/2025,11:00:00 am,0,2025-08-09 11:00:00,8.2187,9.17,0.0005000000000000782
EWR-1,8/9/2025,11:10:00 am,0,2025-08-09 11:10:00,8.2176,9.175,0.0005999999999998451
EWR-1,8/9/2025,11:20:00 am,0,2025-08-09 11:20:00,8.2169,9.181,0.0009000000000000341
EWR-1,8/9/2025,11:30:00 am,0,2025-08-09 11:30:00,8.216,9.19,0.0009999999999999788
EWR-1,8/9/2025,11:40:00 am,0,2025-08-09 11:40:00,8.2151,9.2,0.0012000000000000454
EWR-1,8/9/2025,11:50:00 am,0,2025-08-09 11:50:00,8.2144,9.212,0.0012000000000000454
EWR-1,8/9/2025,12:00:00 pm,0,2025-08-09 12:00:00,8.2135,9.224,0.0012000000000000454
EWR-1,8/9/2025,12:10:00 pm,0,2025-08-09 12:10:00,8.2123,9.236,0.0013999999999999347
EWR-1,8/9/2025,12:20:00 pm,0,2025-08-09 12:20:00,8.2112,9.25,0.0013999999999999347
EWR-1,8/9/2025,12:30:00 pm,0,2025-08-09 12:30:00,8.2099,9.264,0.0014000000000001123
EWR-1,8/9/2025,12:40:00 pm,0,2025-08-09 12:40:00,8.2087,9.278,0.0016000000000000014
EWR-1,8/9/2025,12:50:00 pm,0,2025-08-09 12:50:00,8.2077,9.294,0.0016000000000000014
EWR-1,8/9/2025,01:00:00 pm,0,2025-08-09 13:00:00,8.2067,9.31,0.0016000000000000014
EWR-1,8/9/2025,01:10:00 pm,0,2025-08-09 13:10:00,8.2051,9.326,0.0017999999999998907
EWR-1,8/9/2025,01:20:00 pm,0,2025-08-09 13:20:00,8.2039,9.344,0.0018000000000000683
EWR-1,8/9/2025,01:30:00 pm,0,2025-08-09 13:30:00,8.2026,9.362,0.0019000000000000128
EWR-1,8/9/2025,01:40:00 pm,0,2025-08-09 13:40:00,8.2011,9.381,0.001699999999999946
EWR-1,8/9/2025,01:50:00 pm,0,2025-08-09 13:50:00,8.1997,9.398,0.001699999999999946
EWR-1,8/9/2025,02:00:00 pm,0,2025-08-09 14:00:00,8.1985,9.415,0.0016000000000000014
EWR-1,8/9/2025,02:10:00 pm,0,2025-08-09 14:10:00,8.1967,9.431,0.0017000000000001237
EWR-1,8/9/2025,02:20:00 pm,0,2025-08-09 14:20:00,8.1952,9.448,0.0014999999999998793
EWR-1,8/9/2025,02:30:00 pm,0,2025-08-09 14:30:00,8.1939,9.463,0.0018000000000000683
EWR-1,8/9/2025,02:40:00 pm,0,2025-08-09 14:40:00,8.1921,9.481,0.001699999999999946
EWR-1,8/9/2025,02:50:00 pm,0,2025-08-09 14:50:00,8.1906,9.498,0.0017000000000001237
EWR-1,8/9/2025,03:00:00 pm,0,2025-08-09 15:00:00,8.189,9.515,0.0017999999999998907
EWR-1,8/9/2025,03:10:00 pm,0,2025-08-09 15:10:00,8.1877,9.533,0.0019000000000000128
EWR-1,8/9/2025,03:20:00 pm,0,2025-08-09 15:20:00,8.1857,9.552,0.0019000000000000128
EWR-1,8/9/2025,03:30:00 pm,0,2025-08-09 15:30:00,8.1841,9.571,0.0021000000000000797
EWR-1,8/9/2025,03:40:00 pm,0,2025-08-09 15:40:00,8.1828,9.592,0.0019999999999999575
EWR-1,8/9/2025,03:50:00 pm,0,2025-08-09 15:50:00,8.1812,9.612,0.0019999999999999575
EWR-1,8/9/2025,04:00:00 pm,0,2025-08-09 16:00:00,8.1795,9.632,0.0019000000000000128
EWR-1,8/9/2025,04:10:00 pm,0,2025-08-09 16:10:00,8.1777,9.651,0.0019999999999999575
EWR-1,8/9/2025,04:20:00 pm,0,2025-08-09 16:20:00,8.1765,9.671,0.0019000000000000128
EWR-1,8/9/2025,04:30:00 pm,0,2025-08-09 16:30:00,8.1748,9.69,0.0017000000000001237
EWR-1,8/9/2025,04:40:00 pm,0,2025-08-09 16:40:00,8.173,9.707,0.0019000000000000128
EWR-1,8/9/2025,04:50:00 pm,0,2025-08-09 16:50:00,8.1715,9.726,0.0017999999999998907
EWR-1,8/9/2025,05:00:00 pm,0,2025-08-09 17:00:00,8.1695,9.744,0.001699999999999946
EWR-1,8/9/2025,05:10:00 pm,0,2025-08-09 17:10:00,8.1681,9.761,0.0017000000000001237
EWR-1,8/9/2025,05:20:00 pm,0,2025-08-09 17:20:00,8.1663,9.778,0.001699999999999946
EWR-1,8/9/2025,05:30:00 pm,0,2025-08-09 17:30:00,8.1646,9.795,0.001699999999999946
EWR-1,8/9/2025,05:40:00 pm,0,2025-08-09 17:40:00,8.1677,9.812,0.0015000000000000568
EWR-1,8/9/2025,05:50:00 pm,0,2025-08-09 17:50:00,8.1658,9.827,0.0015000000000000568
EWR-1,8/9/2025,06:00:00 pm,0,2025-08-09 18:00:00,8.1638,9.842,0.0014999999999998793
EWR-1,8/9/2025,06:10:00 pm,0,2025-08-09 18:10:00,8.162,9.857,0.00129999999999999
EWR-1,8/9/2025,06:20:00 pm,0,2025-08-09 18:20:00,8.1606,9.87,0.0012000000000000454
EWR-1,8/9/2025,06:30:00 pm,0,2025-08-09 18:30:00,8.1583,9.882,0.00129999999999999
EWR-1,8/9/2025,06:40:00 pm,0,2025-08-09 18:40:00,8.1566,9.895,0.0012000000000000454
EWR-1,8/9/2025,06:50:00 pm,0,2025-08-09 18:50:00,8.1552,9.907,0.0009999999999999788
EWR-1,8/9/2025,07:00:00 pm,0,2025-08-09 19:00:00,8.1536,9.917,0.001100000000000101
EWR-1,8/9/2025,07:10:00 pm,0,2025-08-09 19:10:00,8.1519,9.928,0.0008999999999998564
EWR-1,8/9/2025,07:20:00 pm,0,2025-08-09 19:20:00,8.1507,9.937,0.000700000000000145
EWR-1,8/9/2025,07:30:00 pm,0,2025-08-09 19:30:00,8.1492,9.944,0.0007999999999999119
EWR-1,8/9/2025,07:40:00 pm,0,2025-08-09 19:40:00,8.1478,9.952,0.0006000000000000227
EWR-1,8/9/2025,07:50:00 pm,0,2025-08-09 19:50:00,8.1465,9.958,0.0006000000000000227
EWR-1,8/9/2025,08:00:00 pm,0,2025-08-09 20:00:00,8.1456,9.964,0.0006000000000000227
EWR-1,8/9/2025,08:10:00 pm,0,2025-08-09 20:10:00,8.1441,9.97,0.00039999999999995595
EWR-1,8/9/2025,08:20:00 pm,0,2025-08-09 20:20:00,8.1433,9.974,0.00030000000000001136
EWR-1,8/9/2025,08:30:00 pm,0,2025-08-09 20:30:00,8.1422,9.977,0.00019999999999988915
EWR-1,8/9/2025,08:40:00 pm,0,2025-08-09 20:40:00,8.1417,9.979,0.0002000000000000668
EWR-1,8/9/2025,08:50:00 pm,0,2025-08-09 20:50:00,8.14,9.981,9.999999999994457e-05
EWR-1,8/9/2025,09:00:00 pm,0,2025-08-09 21:00:00,8.1396,9.982,0.0
EWR-1,8/9/2025,09:10:00 pm,0,2025-08-09 21:10:00,8.1392,9.982,0.0
EWR-1,8/9/2025,09:20:00 pm,0,2025-08-09 21:20:00,8.1383,9.982,0.0
EWR-1,8/9/2025,09:30:00 pm,0,2025-08-09 21:30:00,8.1375,9.982,9.999999999994457e-05
EWR-1,8/9/2025,09:40:00 pm,0,2025-08-09 21:40:00,8.1373,9.981,9.999999999994457e-05
EWR-1,8/9/2025,09:50:00 pm,0,2025-08-09 21:50:00,8.1367,9.98,0.0002000000000000668
EWR-1,8/9/2025,10:00:00 pm,0,2025-08-09 22:00:00,8.136,9.978,0.00019999999999988915
EWR-1,8/9/2025,10:10:00 pm,0,2025-08-09 22:10:00,8.1357,9.976,0.00030000000000001136
EWR-1,8/9/2025,10:20:00 pm,0,2025-08-09 22:20:00,8.1356,9.973,0.0002000000000000668
EWR-1,8/9/2025,10:30:00 pm,0,2025-08-09 22:30:00,8.1349,9.971,0.00039999999999995595
EWR-1,8/9/2025,10:40:00 pm,0,2025-08-09 22:40:00,8.1347,9.967,0.0004000000000001336
EWR-1,8/9/2025,10:50:00 pm,0,2025-08-09 22:50:00,8.1345,9.963,0.00039999999999995595
EWR-1,8/9/2025,11:00:00 pm,0,2025-08-09 23:00:00,8.1344,9.959,0.00039999999999995595
EWR-1,8/9/2025,11:10:00 pm,0,2025-08-09 23:10:00,8.1346,9.955,0.00039999999999995595
EWR-1,8/9/2025,11:20:00 pm,0,2025-08-09 23:20:00,8.134,9.951,0.0005000000000000782
EWR-1,8/9/2025,11:30:00 pm,0,2025-08-09 23:30:00,8.1345,9.946,0.0006000000000000227
EWR-1,8/9/2025,11:40:00 pm,0,2025-08-09 23:40:00,8.1347,9.94,0.0004999999999999005
EWR-1,8/9/2025,11:50:00 pm,0,2025-08-09 23:50:00,8.1346,9.935,0.0006000000000000227
EWR-1,8/10/2025,12:00:00 am,0,2025-08-10 00:00:00,8.135,9.929,0.0006000000000000227
EWR-1,8/10/2025,12:10:00 am,0,2025-08-10 00:10:00,8.1351,9.923,0.0006000000000000227
EWR-1,8/10/2025,12:20:00 am,0,2025-08-10 00:20:00,8.1354,9.917,0.0006000000000000227
EWR-1,8/10/2025,12:30:00 am,0,2025-08-10 00:30:00,8.1356,9.911,0.0006999999999999674
EWR-1,8/10/2025,12:40:00 am,0,2025-08-10 00:40:00,8.1359,9.904,0.0006999999999999674
EWR-1,8/10/2025,12:50:00 am,0,2025-08-10 00:50:00,8.1364,9.897,0.0006999999999999674
EWR-1,8/10/2025,01:00:00 am,0,2025-08-10 01:00:00,8.1367,9.89,0.0008000000000000895
EWR-1,8/10/2025,01:10:00 am,0,2025-08-10 01:10:00,8.1374,9.882,0.0006999999999999674
EWR-1,8/10/2025,01:20:00 am,0,2025-08-10 01:20:00,8.1378,9.875,0.0006999999999999674
EWR-1,8/10/2025,01:30:00 am,0,2025-08-10 01:30:00,8.1384,9.868,0.0009000000000000341
EWR-1,8/10/2025,01:40:00 am,0,2025-08-10 01:40:00,8.139,9.859,0.0009000000000000341
EWR-1,8/10/2025,01:50:00 am,0,2025-08-10 01:50:00,8.1392,9.85,0.0009000000000000341
EWR-1,8/10/2025,02:00:00 am,0,2025-08-10 02:00:00,8.1401,9.841,0.0009999999999999788
EWR-1,8/10/2025,02:10:00 am,0,2025-08-10 02:10:00,8.1409,9.831,0.0009000000000000341
EWR-1,8/10/2025,02:20:00 am,0,2025-08-10 02:20:00,8.1419,9.822,0.0008999999999998564
EWR-1,8/10/2025,02:30:00 am,0,2025-08-10 02:30:00,8.1424,9.813,0.0009000000000000341
EWR-1,8/10/2025,02:40:00 am,0,2025-08-10 02:40:00,8.1428,9.804,0.0009000000000000341
EWR-1,8/10/2025,02:50:00 am,0,2025-08-10 02:50:00,8.144,9.795,0.0009999999999999788
EWR-1,8/10/2025,03:00:00 am,0,2025-08-10 03:00:00,8.1446,9.785,0.0008000000000000895
EWR-1,8/10/2025,03:10:00 am,0,2025-08-10 03:10:00,8.1457,9.777,0.0009999999999999788
EWR-1,8/10/2025,03:20:00 am,0,2025-08-10 03:20:00,8.1468,9.767,0.0009999999999999788
EWR-1,8/10/2025,03:30:00 am,0,2025-08-10 03:30:00,8.1478,9.757,0.0009999999999999788
EWR-1,8/10/2025,03:40:00 am,0,2025-08-10 03:40:00,8.1491,9.747,0.0009999999999999788
EWR-1,8/10/2025,03:50:00 am,0,2025-08-10 03:50:00,8.1503,9.737,0.0009999999999999788
EWR-1,8/10/2025,04:00:00 am,0,2025-08-10 04:00:00,8.1518,9.727,0.0012000000000000454
EWR-1,8/10/2025,04:10:00 am,0,2025-08-10 04:10:00,8.1538,9.715,0.0009999999999999788
EWR-1,8/10/2025,04:20:00 am,0,2025-08-10 04:20:00,8.1562,9.705,0.0010999999999999233
EWR-1,8/10/2025,04:30:00 am,0,2025-08-10 04:30:00,8.1589,9.694,0.0010000000000001564
EWR-1,8/10/2025,04:40:00 am,0,2025-08-10 04:40:00,8.1621,9.684,0.0010999999999999233
EWR-1,8/10/2025,04:50:00 am,0,2025-08-10 04:50:00,8.1651,9.673,0.0010999999999999233
EWR-1,8/10/2025,05:00:00 am,0,2025-08-10 05:00:00,8.1682,9.662,0.001100000000000101
EWR-1,8/10/2025,05:10:00 am,0,2025-08-10 05:10:00,8.1711,9.651,0.0012000000000000454
EWR-1,8/10/2025,05:20:00 am,0,2025-08-10 05:20:00,8.1743,9.639,0.0011999999999998678
EWR-1,8/10/2025,05:30:00 am,0,2025-08-10 05:30:00,8.1776,9.627,0.00129999999999999
EWR-1,8/10/2025,05:40:00 am,0,2025-08-10 05:40:00,8.1804,9.614,0.0012000000000000454
EWR-1,8/10/2025,05:50:00 am,0,2025-08-10 05:50:00,8.1837,9.602,0.00129999999999999
EWR-1,8/10/2025,06:00:00 am,0,2025-08-10 06:00:00,8.1864,9.589,0.00129999999999999
EWR-1,8/10/2025,06:10:00 am,0,2025-08-10 06:10:00,8.1892,9.576,0.0012000000000000454
EWR-1,8/10/2025,06:20:00 am,0,2025-08-10 06:20:00,8.1923,9.564,0.0012000000000000454
EWR-1,8/10/2025,06:30:00 am,0,2025-08-10 06:30:00,8.1951,9.552,0.0012000000000000454
EWR-1,8/10/2025,06:40:00 am,0,2025-08-10 06:40:00,8.1986,9.54,0.0010999999999999233
EWR-1,8/10/2025,06:50:00 am,0,2025-08-10 06:50:00,8.202,9.529,0.0012000000000000454
EWR-1,8/10/2025,07:00:00 am,0,2025-08-10 07:00:00,8.2051,9.517,0.0009999999999999788
EWR-1,8/10/2025,07:10:00 am,0,2025-08-10 07:10:00,8.2082,9.507,0.0009999999999999788
EWR-1,8/10/2025,07:20:00 am,0,2025-08-10 07:20:00,8.211,9.497,0.0009000000000000341
EWR-1,8/10/2025,07:30:00 am,0,2025-08-10 07:30:00,8.2136,9.488,0.0006999999999999674
EWR-1,8/10/2025,07:40:00 am,0,2025-08-10 07:40:00,8.2162,9.481,0.0006999999999999674
EWR-1,8/10/2025,07:50:00 am,0,2025-08-10 07:50:00,8.219,9.474,0.0006000000000000227
EWR-1,8/10/2025,08:00:00 am,0,2025-08-10 08:00:00,8.2212,9.468,0.0005000000000000782
EWR-1,8/10/2025,08:10:00 am,0,2025-08-10 08:10:00,8.2232,9.463,0.00039999999999995595
EWR-1,8/10/2025,08:20:00 am,0,2025-08-10 08:20:00,8.2252,9.459,0.00030000000000001136
EWR-1,8/10/2025,08:30:00 am,0,2025-08-10 08:30:00,8.2272,9.456,0.00030000000000001136
EWR-1,8/10/2025,08:40:00 am,0,2025-08-10 08:40:00,8.2288,9.453,0.00019999999999988915
EWR-1,8/10/2025,08:50:00 am,0,2025-08-10 08:50:00,8.2308,9.451,0.00010000000000012221
EWR-1,8/10/2025,09:00:00 am,0,2025-08-10 09:00:00,8.2326,9.45,9.999999999994457e-05
EWR-1,8/10/2025,09:10:00 am,0,2025-08-10 09:10:00,8.2341,9.449,0.0
EWR-1,8/10/2025,09:20:00 am,0,2025-08-10 09:20:00,8.2353,9.449,9.999999999994457e-05
EWR-1,8/10/2025,09:30:00 am,0,2025-08-10 09:30:00,8.2364,9.45,0.00010000000000012221
EWR-1,8/10/2025,09:40:00 am,0,2025-08-10 09:40:00,8.2373,9.451,0.00019999999999988915
EWR-1,8/10/2025,09:50:00 am,0,2025-08-10 09:50:00,8.2381,9.453,0.0002000000000000668
EWR-1,8/10/2025,10:00:00 am,0,2025-08-10 10:00:00,8.2387,9.455,0.0002000000000000668
EWR-1,8/10/2025,10:10:00 am,0,2025-08-10 10:10:00,8.2385,9.457,0.00019999999999988915
EWR-1,8/10/2025,10:20:00 am,0,2025-08-10 10:20:00,8.2383,9.459,0.0002000000000000668
EWR-1,8/10/2025,10:30:00 am,0,2025-08-10 10:30:00,8.2376,9.461,0.00019999999999988915
EWR-1,8/10/2025,10:40:00 am,0,2025-08-10 10:40:00,8.2375,9.463,0.0002000000000000668
EWR-1,8/10/2025,10:50:00 am,0,2025-08-10 10:50:00,8.2372,9.465,0.00030000000000001136
EWR-1,8/10/2025,11:00:00 am,0,2025-08-10 11:00:00,8.2364,9.468,0.0005000000000000782
EWR-1,8/10/2025,11:10:00 am,0,2025-08-10 11:10:00,8.236,9.473,0.0004999999999999005
EWR-1,8/10/2025,11:20:00 am,0,2025-08-10 11:20:00,8.2353,9.478,0.0008000000000000895
EWR-1,8/10/2025,11:30:00 am,0,2025-08-10 11:30:00,8.2348,9.486,0.0009999999999999788
EWR-1,8/10/2025,11:40:00 am,0,2025-08-10 11:40:00,8.234,9.496,0.0010999999999999233
EWR-1,8/10/2025,11:50:00 am,0,2025-08-10 11:50:00,8.2332,9.507,0.0012000000000000454
EWR-1,8/10/2025,12:00:00 pm,0,2025-08-10 12:00:00,8.2327,9.519,0.0010999999999999233
EWR-1,8/10/2025,12:10:00 pm,0,2025-08-10 12:10:00,8.2315,9.53,0.0012000000000000454
EWR-1,8/10/2025,12:20:00 pm,0,2025-08-10 12:20:00,8.2305,9.542,0.00129999999999999
EWR-1,8/10/2025,12:30:00 pm,0,2025-08-10 12:30:00,8.2299,9.555,0.0014000000000001123
EWR-1,8/10/2025,12:40:00 pm,0,2025-08-10 12:40:00,8.2287,9.569,0.0013999999999999347
EWR-1,8/10/2025,12:50:00 pm,0,2025-08-10 12:50:00,8.2274,9.583,0.0015000000000000568
EWR-1,8/10/2025,01:00:00 pm,0,2025-08-10 13:00:00,8.2264,9.598,0.0014999999999998793
EWR-1,8/10/2025,01:10:00 pm,0,2025-08-10 13:10:00,8.2252,9.613,0.0017000000000001237
EWR-1,8/10/2025,01:20:00 pm,0,2025-08-10 13:20:00,8.2239,9.63,0.0017999999999998907
EWR-1,8/10/2025,01:30:00 pm,0,2025-08-10 13:30:00,8.2226,9.648,0.001699999999999946
EWR-1,8/10/2025,01:40:00 pm,0,2025-08-10 13:40:00,8.2215,9.665,0.0018000000000000683
EWR-1,8/10/2025,01:50:00 pm,0,2025-08-10 13:50:00,8.22,9.683,0.0015000000000000568
EWR-1,8/10/2025,02:00:00 pm,0,2025-08-10 14:00:00,8.2184,9.698,0.0016000000000000014
EWR-1,8/10/2025,02:10:00 pm,0,2025-08-10 14:10:00,8.2172,9.714,0.0014999999999998793
EWR-1,8/10/2025,02:20:00 pm,0,2025-08-10 14:20:00,8.2153,9.729,0.0016000000000000014
EWR-1,8/10/2025,02:30:00 pm,0,2025-08-10 14:30:00,8.2138,9.745,0.0016000000000000014
EWR-1,8/10/2025,02:40:00 pm,0,2025-08-10 14:40:00,8.2122,9.761,0.0015000000000000568
EWR-1,8/10/2025,02:50:00 pm,0,2025-08-10 14:50:00,8.2104,9.776,0.0016000000000000014
EWR-1,8/10/2025,03:00:00 pm,0,2025-08-10 15:00:00,8.2089,9.792,0.001699999999999946
EWR-1,8/10/2025,03:10:00 pm,0,2025-08-10 15:10:00,8.207,9.809,0.0016000000000000014
EWR-1,8/10/2025,03:20:00 pm,0,2025-08-10 15:20:00,8.2054,9.825,0.0019000000000000128
EWR-1,8/10/2025,03:30:00 pm,0,2025-08-10 15:30:00,8.204,9.844,0.0017000000000001237
EWR-1,8/10/2025,03:40:00 pm,0,2025-08-10 15:40:00,8.2019,9.861,0.0017999999999998907
EWR-1,8/10/2025,03:50:00 pm,0,2025-08-10 15:50:00,8.2002,9.879,0.0018000000000000683
EWR-1,8/10/2025,04:00:00 pm,0,2025-08-10 16:00:00,8.1987,9.897,0.001699999999999946
EWR-1,8/10/2025,04:10:00 pm,0,2025-08-10 16:10:00,8.1972,9.914,0.001699999999999946
EWR-1,8/10/2025,04:20:00 pm,0,2025-08-10 16:20:00,8.1953,9.931,0.0017000000000001237
EWR-1,8/10/2025,04:30:00 pm,0,2025-08-10 16:30:00,8.1932,9.948,0.0017999999999998907
EWR-1,8/10/2025,04:40:00 pm,0,2025-08-10 16:40:00,8.1917,9.966,0.0016000000000000014
EWR-1,8/10/2025,04:50:00 pm,0,2025-08-10 16:50:00,8.1899,9.982,0.0016000000000000014
EWR-1,8/10/2025,05:00:00 pm,0,2025-08-10 17:00:00,8.1879,9.998,0.0016000000000000014
EWR-1,8/10/2025,05:10:00 pm,0,2025-08-10 17:10:00,8.1865,10.014,0.0018000000000000683
EWR-1,8/10/2025,05:20:00 pm,0,2025-08-10 17:20:00,8.1845,10.032,0.0018000000000000683
EWR-1,8/10/2025,05:30:00 pm,0,2025-08-10 17:30:00,8.1826,10.05,0.001699999999999946
EWR-1,8/10/2025,05:40:00 pm,0,2025-08-10 17:40:00,8.1812,10.067,0.001699999999999946
EWR-1,8/10/2025,05:50:00 pm,0,2025-08-10 17:50:00,8.1791,10.084,0.0016000000000000014
EWR-1,8/10/2025,06:00:00 pm,0,2025-08-10 18:00:00,8.1774,10.1,0.0014000000000001123
EWR-1,8/10/2025,06:10:00 pm,0,2025-08-10 18:10:00,8.1758,10.114,0.0013999999999999347
EWR-1,8/10/2025,06:20:00 pm,0,2025-08-10 18:20:00,8.174,10.128,0.0013999999999999347
EWR-1,8/10/2025,06:30:00 pm,0,2025-08-10 18:30:00,8.1721,10.142,0.0012000000000000454
EWR-1,8/10/2025,06:40:00 pm,0,2025-08-10 18:40:00,8.1704,10.154,0.0012000000000000454
EWR-1,8/10/2025,06:50:00 pm,0,2025-08-10 18:50:00,8.1686,10.166,0.0010999999999999233
EWR-1,8/10/2025,07:00:00 pm,0,2025-08-10 19:00:00,8.1669,10.177,0.0009999999999999788
EWR-1,8/10/2025,07:10:00 pm,0,2025-08-10 19:10:00,8.1653,10.187,0.0008000000000000895
EWR-1,8/10/2025,07:20:00 pm,0,2025-08-10 19:20:00,8.1638,10.195,0.0007999999999999119
EWR-1,8/10/2025,07:30:00 pm,0,2025-08-10 19:30:00,8.1622,10.203,0.0008000000000000895
EWR-1,8/10/2025,07:40:00 pm,0,2025-08-10 19:40:00,8.1606,10.211,0.0006000000000000227
EWR-1,8/10/2025,07:50:00 pm,0,2025-08-10 19:50:00,8.1593,10.217,0.0004999999999999005
EWR-1,8/10/2025,08:00:00 pm,0,2025-08-10 20:00:00,8.1578,10.222,0.0004000000000001336
EWR-1,8/10/2025,08:10:00 pm,0,2025-08-10 20:10:00,8.1567,10.226,0.0002999999999998337
EWR-1,8/10/2025,08:20:00 pm,0,2025-08-10 20:20:00,8.1555,10.229,0.00030000000000001136
EWR-1,8/10/2025,08:30:00 pm,0,2025-08-10 20:30:00,8.1548,10.232,0.00010000000000012221
EWR-1,8/10/2025,08:40:00 pm,0,2025-08-10 20:40:00,8.1533,10.233,9.999999999994457e-05
EWR-1,8/10/2025,08:50:00 pm,0,2025-08-10 20:50:00,8.1525,10.234,9.999999999994457e-05
EWR-1,8/10/2025,09:00:00 pm,0,2025-08-10 21:00:00,8.152,10.235,9.999999999994457e-05
EWR-1,8/10/2025,09:10:00 pm,0,2025-08-10 21:10:00,8.1511,10.234,0.0
EWR-1,8/10/2025,09:20:00 pm,0,2025-08-10 21:20:00,8.1502,10.234,9.999999999994457e-05
EWR-1,8/10/2025,09:30:00 pm,0,2025-08-10 21:30:00,8.1491,10.233,0.0002000000000000668
EWR-1,8/10/2025,09:40:00 pm,0,2025-08-10 21:40:00,8.1491,10.231,0.0002000000000000668
EWR-1,8/10/2025,09:50:00 pm,0,2025-08-10 21:50:00,8.1486,10.229,0.00019999999999988915
EWR-1,8/10/2025,10:00:00 pm,0,2025-08-10 22:00:00,8.1477,10.227,0.0002000000000000668
EWR-1,8/10/2025,10:10:00 pm,0,2025-08-10 22:10:00,8.147,10.225,0.00039999999999995595
EWR-1,8/10/2025,10:20:00 pm,0,2025-08-10 22:20:00,8.1467,10.221,0.00039999999999995595
EWR-1,8/10/2025,10:30:00 pm,0,2025-08-10 22:30:00,8.1463,10.217,0.0004000000000001336
EWR-1,8/10/2025,10:40:00 pm,0,2025-08-10 22:40:00,8.1457,10.213,0.0005999999999998451
EWR-1,8/10/2025,10:50:00 pm,0,2025-08-10 22:50:00,8.1454,10.207,0.0005000000000000782
EWR-1,8/10/2025,11:00:00 pm,0,2025-08-10 23:00:00,8.1452,10.202,0.0006000000000000227
EWR-1,8/10/2025,11:10:00 pm,0,2025-08-10 23:10:00,8.1446,10.196,0.0006000000000000227
EWR-1,8/10/2025,11:20:00 pm,0,2025-08-10 23:20:00,8.1445,10.19,0.0006000000000000227
EWR-1,8/10/2025,11:30:00 pm,0,2025-08-10 23:30:00,8.144,10.184,0.0006999999999999674
EWR-1,8/10/2025,11:40:00 pm,0,2025-08-10 23:40:00,8.1442,10.177,0.0006999999999999674
EWR-1,8/10/2025,11:50:00 pm,0,2025-08-10 23:50:00,8.1443,10.17,0.0006999999999999674
EWR-1,8/11/2025,12:00:00 am,0,2025-08-11 00:00:00,8.144,10.163,0.0006999999999999674
EWR-1,8/11/2025,12:10:00 am,0,2025-08-11 00:10:00,8.1443,10.156,0.000700000000000145
EWR-1,8/11/2025,12:20:00 am,0,2025-08-11 00:20:00,8.1445,10.149,0.0007999999999999119
EWR-1,8/11/2025,12:30:00 am,0,2025-08-11 00:30:00,8.1449,10.141,0.0006999999999999674
EWR-1,8/11/2025,12:40:00 am,0,2025-08-11 00:40:00,8.1451,10.134,0.0008000000000000895
EWR-1,8/11/2025,12:50:00 am,0,2025-08-11 00:50:00,8.1453,10.126,0.0007999999999999119
EWR-1,8/11/2025,01:00:00 am,0,2025-08-11 01:00:00,8.146,10.118,0.0008000000000000895
EWR-1,8/11/2025,01:10:00 am,0,2025-08-11 01:10:00,8.1465,10.11,0.0007999999999999119
EWR-1,8/11/2025,01:20:00 am,0,2025-08-11 01:20:00,8.147,10.102,0.0008000000000000895
EWR-1,8/11/2025,01:30:00 am,0,2025-08-11 01:30:00,8.1477,10.094,0.0008999999999998564
EWR-1,8/11/2025,01:40:00 am,0,2025-08-11 01:40:00,8.1482,10.085,0.0009000000000000341
EWR-1,8/11/2025,01:50:00 am,0,2025-08-11 01:50:00,8.1491,10.076,0.0009000000000000341
EWR-1,8/11/2025,02:00:00 am,0,2025-08-11 02:00:00,8.1498,10.067,0.0009999999999999788
EWR-1,8/11/2025,02:10:00 am,0,2025-08-11 02:10:00,8.1503,10.057,0.0009999999999999788
EWR-1,8/11/2025,02:20:00 am,0,2025-08-11 02:20:00,8.1515,10.047,0.0009999999999999788
EWR-1,8/11/2025,02:30:00 am,0,2025-08-11 02:30:00,8.1522,10.037,0.0010000000000001564
EWR-1,8/11/2025,02:40:00 am,0,2025-08-11 02:40:00,8.1525,10.027,0.0008999999999998564
EWR-1,8/11/2025,02:50:00 am,0,2025-08-11 02:50:00,8.1536,10.018,0.001100000000000101
EWR-1,8/11/2025,03:00:00 am,0,2025-08-11 03:00:00,8.1547,10.007,0.0009999999999999788
EWR-1,8/11/2025,03:10:00 am,0,2025-08-11 03:10:00,8.1556,9.997,0.0010999999999999233
EWR-1,8/11/2025,03:20:00 am,0,2025-08-11 03:20:00,8.1568,9.986,0.001100000000000101
EWR-1,8/11/2025,03:30:00 am,0,2025-08-11 03:30:00,8.158,9.975,0.0010999999999999233
EWR-1,8/11/2025,03:40:00 am,0,2025-08-11 03:40:00,8.159,9.964,0.001100000000000101
EWR-1,8/11/2025,03:50:00 am,0,2025-08-11 03:50:00,8.1602,9.953,0.0009999999999999788
EWR-1,8/11/2025,04:00:00 am,0,2025-08-11 04:00:00,8.1615,9.943,0.0010999999999999233
EWR-1,8/11/2025,04:10:00 am,0,2025-08-11 04:10:00,8.1624,9.932,0.001100000000000101
EWR-1,8/11/2025,04:20:00 am,0,2025-08-11 04:20:00,8.1637,9.921,0.0010999999999999233
EWR-1,8/11/2025,04:30:00 am,0,2025-08-11 04:30:00,8.1649,9.91,0.001100000000000101
EWR-1,8/11/2025,04:40:00 am,0,2025-08-11 04:40:00,8.1661,9.899,0.0010999999999999233
EWR-1,8/11/2025,04:50:00 am,0,2025-08-11 04:50:00,8.1672,9.888,0.0012000000000000454
EWR-1,8/11/2025,05:00:00 am,0,2025-08-11 05:00:00,8.1687,9.876,0.0010999999999999233
EWR-1,8/11/2025,05:10:00 am,0,2025-08-11 05:10:00,8.1699,9.865,0.0012000000000000454
EWR-1,8/11/2025,05:20:00 am,0,2025-08-11 05:20:00,8.172,9.853,0.0012000000000000454
EWR-1,8/11/2025,05:30:00 am,0,2025-08-11 05:30:00,8.1742,9.841,0.0010999999999999233
EWR-1,8/11/2025,05:40:00 am,0,2025-08-11 05:40:00,8.1762,9.83,0.0010999999999999233
EWR-1,8/11/2025,05:50:00 am,0,2025-08-11 05:50:00,8.1788,9.819,0.0012000000000000454
EWR-1,8/11/2025,06:00:00 am,0,2025-08-11 06:00:00,8.1816,9.807,0.0012000000000000454
EWR-1,8/11/2025,06:10:00 am,0,2025-08-11 06:10:00,8.1844,9.795,0.00129999999999999
EWR-1,8/11/2025,06:20:00 am,0,2025-08-11 06:20:00,8.1876,9.782,0.0012000000000000454
EWR-1,8/11/2025,06:30:00 am,0,2025-08-11 06:30:00,8.1906,9.77,0.0010999999999999233
EWR-1,8/11/2025,06:40:00 am,0,2025-08-11 06:40:00,8.1934,9.759,0.001100000000000101
EWR-1,8/11/2025,06:50:00 am,0,2025-08-11 06:50:00,8.1963,9.748,0.0009999999999999788
EWR-1,8/11/2025,07:00:00 am,0,2025-08-11 07:00:00,8.1997,9.738,0.0009000000000000341
EWR-1,8/11/2025,07:10:00 am,0,2025-08-11 07:10:00,8.2028,9.729,0.0009999999999999788
EWR-1,8/11/2025,07:20:00 am,0,2025-08-11 07:20:00,8.2058,9.719,0.0007999999999999119
EWR-1,8/11/2025,07:30:00 am,0,2025-08-11 07:30:00,8.2084,9.711,0.0008000000000000895
EWR-1,8/11/2025,07:40:00 am,0,2025-08-11 07:40:00,8.2115,9.703,0.0006999999999999674
EWR-1,8/11/2025,07:50:00 am,0,2025-08-11 07:50:00,8.2141,9.696,0.0006000000000000227
EWR-1,8/11/2025,08:00:00 am,0,2025-08-11 08:00:00,8.2166,9.69,0.0004999999999999005
EWR-1,8/11/2025,08:10:00 am,0,2025-08-11 08:10:00,8.2195,9.685,0.0004000000000001336
EWR-1,8/11/2025,08:20:00 am,0,2025-08-11 08:20:00,8.2221,9.681,0.00039999999999995595
EWR-1,8/11/2025,08:30:00 am,0,2025-08-11 08:30:00,8.224,9.677,0.00019999999999988915
EWR-1,8/11/2025,08:40:00 am,0,2025-08-11 08:40:00,8.2259,9.675,0.00030000000000001136
EWR-1,8/11/2025,08:50:00 am,0,2025-08-11 08:50:00,8.2278,9.672,0.00010000000000012221
EWR-1,8/11/2025,09:00:00 am,0,2025-08-11 09:00:00,8.2294,9.671,9.999999999994457e-05
EWR-1,8/11/2025,09:10:00 am,0,2025-08-11 09:10:00,8.2312,9.67,9.999999999994457e-05
EWR-1,8/11/2025,09:20:00 am,0,2025-08-11 09:20:00,8.2325,9.669,0.0
EWR-1,8/11/2025,09:30:00 am,0,2025-08-11 09:30:00,8.2338,9.669,0.0
EWR-1,8/11/2025,09:40:00 am,0,2025-08-11 09:40:00,8.2347,9.669,0.00019999999999988915
EWR-1,8/11/2025,09:50:00 am,0,2025-08-11 09:50:00,8.2357,9.671,0.00010000000000012221
EWR-1,8/11/2025,10:00:00 am,0,2025-08-11 10:00:00,8.2363,9.672,0.00030000000000001136
EWR-1,8/11/2025,10:10:00 am,0,2025-08-11 10:10:00,8.2367,9.675,0.00019999999999988915
EWR-1,8/11/2025,10:20:00 am,0,2025-08-11 10:20:00,8.2367,9.677,0.00030000000000001136
EWR-1,8/11/2025,10:30:00 am,0,2025-08-11 10:30:00,8.2366,9.68,0.00030000000000001136
EWR-1,8/11/2025,10:40:00 am,0,2025-08-11 10:40:00,8.2361,9.683,0.00039999999999995595
EWR-1,8/11/2025,10:50:00 am,0,2025-08-11 10:50:00,8.2356,9.687,0.0004000000000001336
EWR-1,8/11/2025,11:00:00 am,0,2025-08-11 11:00:00,8.2351,9.691,0.0004999999999999005
EWR-1,8/11/2025,11:10:00 am,0,2025-08-11 11:10:00,8.235,9.696,0.0006000000000000227
EWR-1,8/11/2025,11:20:00 am,0,2025-08-11 11:20:00,8.2343,9.702,0.0009000000000000341
EWR-1,8/11/2025,11:30:00 am,0,2025-08-11 11:30:00,8.2334,9.711,0.0010999999999999233
EWR-1,8/11/2025,11:40:00 am,0,2025-08-11 11:40:00,8.2327,9.722,0.001100000000000101
EWR-1,8/11/2025,11:50:00 am,0,2025-08-11 11:50:00,8.232,9.733,0.0011999999999998678
EWR-1,8/11/2025,12:00:00 pm,0,2025-08-11 12:00:00,8.2311,9.745,0.0012000000000000454
EWR-1,8/11/2025,12:10:00 pm,0,2025-08-11 12:10:00,8.2301,9.757,0.00129999999999999
EWR-1,8/11/2025,12:20:00 pm,0,2025-08-11 12:20:00,8.2288,9.77,0.0014000000000001123
EWR-1,8/11/2025,12:30:00 pm,0,2025-08-11 12:30:00,8.2281,9.784,0.0013999999999999347
EWR-1,8/11/2025,12:40:00 pm,0,2025-08-11 12:40:00,8.2268,9.798,0.0015000000000000568
EWR-1,8/11/2025,12:50:00 pm,0,2025-08-11 12:50:00,8.2253,9.813,0.0014999999999998793
EWR-1,8/11/2025,01:00:00 pm,0,2025-08-11 13:00:00,8.2244,9.828,0.0017000000000001237
EWR-1,8/11/2025,01:10:00 pm,0,2025-08-11 13:10:00,8.2229,9.845,0.001699999999999946
EWR-1,8/11/2025,01:20:00 pm,0,2025-08-11 13:20:00,8.2214,9.862,0.0018000000000000683
EWR-1,8/11/2025,01:30:00 pm,0,2025-08-11 13:30:00,8.2204,9.88,0.0018999999999998352
EWR-1,8/11/2025,01:40:00 pm,0,2025-08-11 13:40:00,8.2189,9.899,0.0017000000000001237
EWR-1,8/11/2025,01:50:00 pm,0,2025-08-11 13:50:00,8.2175,9.916,0.0016000000000000014
EWR-1,8/11/2025,02:00:00 pm,0,2025-08-11 14:00:00,8.2159,9.932,0.0016000000000000014
EWR-1,8/11/2025,02:10:00 pm,0,2025-08-11 14:10:00,8.2141,9.948,0.001699999999999946
EWR-1,8/11/2025,02:20:00 pm,0,2025-08-11 14:20:00,8.2126,9.965,0.0015000000000000568
EWR-1,8/11/2025,02:30:00 pm,0,2025-08-11 14:30:00,8.2111,9.98,0.0016000000000000014
EWR-1,8/11/2025,02:40:00 pm,0,2025-08-11 14:40:00,8.209,9.996,0.0014999999999998793
EWR-1,8/11/2025,02:50:00 pm,0,2025-08-11 14:50:00,8.2075,10.011,0.0015000000000000568
EWR-1,8/11/2025,03:00:00 pm,0,2025-08-11 15:00:00,8.206,10.026,0.0013999999999999347
EWR-1,8/11/2025,03:10:00 pm,0,2025-08-11 15:10:00,8.2041,10.04,0.0013000000000001678
EWR-1,8/11/2025,03:20:00 pm,0,2025-08-11 15:20:00,8.2022,10.053,0.0013999999999999347
EWR-1,8/11/2025,03:30:00 pm,0,2025-08-11 15:30:00,8.2005,10.067,0.0015000000000000568
EWR-1,8/11/2025,03:40:00 pm,0,2025-08-11 15:40:00,8.1983,10.082,0.001699999999999946
EWR-1,8/11/2025,03:50:00 pm,0,2025-08-11 15:50:00,8.1968,10.099,0.001699999999999946
EWR-1,8/11/2025,04:00:00 pm,0,2025-08-11 16:00:00,8.1949,10.116,0.0018000000000000683
EWR-1,8/11/2025,04:10:00 pm,0,2025-08-11 16:10:00,8.1933,10.134,0.0017999999999998907
EWR-1,8/11/2025,04:20:00 pm,0,2025-08-11 16:20:00,8.1914,10.152,0.0018000000000000683
EWR-1,8/11/2025,04:30:00 pm,0,2025-08-11 16:30:00,8.1896,10.17,0.0018000000000000683
EWR-1,8/11/2025,04:40:00 pm,0,2025-08-11 16:40:00,8.1876,10.188,0.0017999999999998907
EWR-1,8/11/2025,04:50:00 pm,0,2025-08-11 16:50:00,8.186,10.206,0.0017000000000001237
EWR-1,8/11/2025,05:00:00 pm,0,2025-08-11 17:00:00,8.1841,10.223,0.0016000000000000014
EWR-1,8/11/2025,05:10:00 pm,0,2025-08-11 17:10:00,8.1823,10.239,0.0017999999999998907
EWR-1,8/11/2025,05:20:00 pm,0,2025-08-11 17:20:00,8.1805,10.257,0.0019000000000000128
EWR-1,8/11/2025,05:30:00 pm,0,2025-08-11 17:30:00,8.1787,10.276,0.001699999999999946
EWR-1,8/11/2025,05:40:00 pm,0,2025-08-11 17:40:00,8.1767,10.293,0.0017000000000001237
EWR-1,8/11/2025,05:50:00 pm,0,2025-08-11 17:50:00,8.1748,10.31,0.0014999999999998793
EWR-1,8/11/2025,06:00:00 pm,0,2025-08-11 18:00:00,8.1724,10.325,0.0014000000000001123
EWR-1,8/11/2025,06:10:00 pm,0,2025-08-11 18:10:00,8.1706,10.339,0.0012000000000000454
EWR-1,8/11/2025,06:20:00 pm,0,2025-08-11 18:20:00,8.1685,10.351,0.0011999999999998678
EWR-1,8/11/2025,06:30:00 pm,0,2025-08-11 18:30:00,8.1666,10.363,0.0012000000000000454
EWR-1,8/11/2025,06:40:00 pm,0,2025-08-11 18:40:00,8.1647,10.375,0.0010999999999999233
EWR-1,8/11/2025,06:50:00 pm,0,2025-08-11 18:50:00,8.1626,10.386,0.001100000000000101
EWR-1,8/11/2025,07:00:00 pm,0,2025-08-11 19:00:00,8.1606,10.397,0.0009000000000000341
EWR-1,8/11/2025,07:10:00 pm,0,2025-08-11 19:10:00,8.1586,10.406,0.0007999999999999119
EWR-1,8/11/2025,07:20:00 pm,0,2025-08-11 19:20:00,8.1566,10.414,0.0006999999999999674
EWR-1,8/11/2025,07:30:00 pm,0,2025-08-11 19:30:00,8.1555,10.421,0.0006000000000000227
EWR-1,8/11/2025,07:40:00 pm,0,2025-08-11 19:40:00,8.1536,10.427,0.0006000000000000227
EWR-1,8/11/2025,07:50:00 pm,0,2025-08-11 19:50:00,8.1518,10.433,0.00039999999999995595
EWR-1,8/11/2025,08:00:00 pm,0,2025-08-11 20:00:00,8.1503,10.437,0.00030000000000001136
EWR-1,8/11/2025,08:10:00 pm,0,2025-08-11 20:10:00,8.1486,10.44,0.0002000000000000668
EWR-1,8/11/2025,08:20:00 pm,0,2025-08-11 20:20:00,8.1475,10.442,9.999999999994457e-05
EWR-1,8/11/2025,08:30:00 pm,0,2025-08-11 20:30:00,8.1458,10.443,0.00010000000000012221
EWR-1,8/11/2025,08:40:00 pm,0,2025-08-11 20:40:00,8.1447,10.444,0.0
EWR-1,8/11/2025,08:50:00 pm,0,2025-08-11 20:50:00,8.1434,10.444,0.0
EWR-1,8/11/2025,09:00:00 pm,0,2025-08-11 21:00:00,8.1422,10.444,0.0002000000000000668
EWR-1,8/11/2025,09:10:00 pm,0,2025-08-11 21:10:00,8.1413,10.442,9.999999999994457e-05
EWR-1,8/11/2025,09:20:00 pm,0,2025-08-11 21:20:00,8.1401,10.441,0.0002000000000000668
EWR-1,8/11/2025,09:30:00 pm,0,2025-08-11 21:30:00,8.1389,10.439,0.00030000000000001136
EWR-1,8/11/2025,09:40:00 pm,0,2025-08-11 21:40:00,8.1382,10.436,0.00030000000000001136
EWR-1,8/11/2025,09:50:00 pm,0,2025-08-11 21:50:00,8.1374,10.433,0.00030000000000001136
EWR-1,8/11/2025,10:00:00 pm,0,2025-08-11 22:00:00,8.1366,10.43,0.00030000000000001136
EWR-1,8/11/2025,10:10:00 pm,0,2025-08-11 22:10:00,8.1356,10.427,0.00030000000000001136
EWR-1,8/11/2025,10:20:00 pm,0,2025-08-11 22:20:00,8.1347,10.424,0.0004999999999999005
EWR-1,8/11/2025,10:30:00 pm,0,2025-08-11 22:30:00,8.1341,10.419,0.0004000000000001336
EWR-1,8/11/2025,10:40:00 pm,0,2025-08-11 22:40:00,8.1334,10.415,0.00039999999999995595
EWR-1,8/11/2025,10:50:00 pm,0,2025-08-11 22:50:00,8.1334,10.411,0.0006000000000000227
EWR-1,8/11/2025,11:00:00 pm,0,2025-08-11 23:00:00,8.1329,10.405,0.0004999999999999005
EWR-1,8/11/2025,11:10:00 pm,0,2025-08-11 23:10:00,8.1325,10.4,0.0006000000000000227
EWR-1,8/11/2025,11:20:00 pm,0,2025-08-11 23:20:00,8.132,10.394,0.0006000000000000227
EWR-1,8/11/2025,11:30:00 pm,0,2025-08-11 23:30:00,8.1317,10.388,0.0006999999999999674
EWR-1,8/11/2025,11:40:00 pm,0,2025-08-11 23:40:00,8.1316,10.381,0.0006999999999999674
EWR-1,8/11/2025,11:50:00 pm,0,2025-08-11 23:50:00,8.1315,10.374,0.0006999999999999674
EWR-1,8/12/2025,12:00:00 am,0,2025-08-12 00:00:00,8.1314,10.367,0.0008000000000000895
EWR-1,8/12/2025,12:10:00 am,0,2025-08-12 00:10:00,8.1315,10.359,0.0007999999999999119
EWR-1,8/12/2025,12:20:00 am,0,2025-08-12 00:20:00,8.1313,10.351,0.000700000000000145
EWR-1,8/12/2025,12:30:00 am,0,2025-08-12 00:30:00,8.1315,10.344,0.0007999999999999119
EWR-1,8/12/2025,12:40:00 am,0,2025-08-12 00:40:00,8.1316,10.336,0.0008000000000000895
EWR-1,8/12/2025,12:50:00 am,0,2025-08-12 00:50:00,8.1315,10.328,0.0007999999999999119
EWR-1,8/12/2025,01:00:00 am,0,2025-08-12 01:00:00,8.132,10.32,0.0009000000000000341
EWR-1,8/12/2025,01:10:00 am,0,2025-08-12 01:10:00,8.1319,10.311,0.0007999999999999119
EWR-1,8/12/2025,01:20:00 am,0,2025-08-12 01:20:00,8.1324,10.303,0.0009000000000000341
EWR-1,8/12/2025,01:30:00 am,0,2025-08-12 01:30:00,8.1331,10.294,0.0009000000000000341
EWR-1,8/12/2025,01:40:00 am,0,2025-08-12 01:40:00,8.1333,10.285,0.0009000000000000341
EWR-1,8/12/2025,01:50:00 am,0,2025-08-12 01:50:00,8.1338,10.276,0.0009999999999999788
EWR-1,8/12/2025,02:00:00 am,0,2025-08-12 02:00:00,8.1339,10.266,0.0009000000000000341
EWR-1,8/12/2025,02:10:00 am,0,2025-08-12 02:10:00,8.1349,10.257,0.0009999999999999788
EWR-1,8/12/2025,02:20:00 am,0,2025-08-12 02:20:00,8.1352,10.247,0.0009999999999999788
EWR-1,8/12/2025,02:30:00 am,0,2025-08-12 02:30:00,8.1359,10.237,0.0009999999999999788
EWR-1,8/12/2025,02:40:00 am,0,2025-08-12 02:40:00,8.1366,10.227,0.0009000000000000341
EWR-1,8/12/2025,02:50:00 am,0,2025-08-12 02:50:00,8.1375,10.218,0.0010999999999999233
EWR-1,8/12/2025,03:00:00 am,0,2025-08-12 03:00:00,8.1381,10.207,0.0010000000000001564
EWR-1,8/12/2025,03:10:00 am,0,2025-08-12 03:10:00,8.1386,10.197,0.0009999999999999788
EWR-1,8/12/2025,03:20:00 am,0,2025-08-12 03:20:00,8.1396,10.187,0.0009999999999999788
EWR-1,8/12/2025,03:30:00 am,0,2025-08-12 03:30:00,8.1407,10.177,0.0009999999999999788
EWR-1,8/12/2025,03:40:00 am,0,2025-08-12 03:40:00,8.1413,10.167,0.0010999999999999233
EWR-1,8/12/2025,03:50:00 am,0,2025-08-12 03:50:00,8.1425,10.156,0.0009999999999999788
EWR-1,8/12/2025,04:00:00 am,0,2025-08-12 04:00:00,8.1431,10.146,0.001100000000000101
EWR-1,8/12/2025,04:10:00 am,0,2025-08-12 04:10:00,8.1437,10.135,0.0010999999999999233
EWR-1,8/12/2025,04:20:00 am,0,2025-08-12 04:20:00,8.1451,10.124,0.001100000000000101
EWR-1,8/12/2025,04:30:00 am,0,2025-08-12 04:30:00,8.1461,10.113,0.0010999999999999233
EWR-1,8/12/2025,04:40:00 am,0,2025-08-12 04:40:00,8.147,10.102,0.001100000000000101
EWR-1,8/12/2025,04:50:00 am,0,2025-08-12 04:50:00,8.148,10.091,0.0010999999999999233
EWR-1,8/12/2025,05:00:00 am,0,2025-08-12 05:00:00,8.1491,10.08,0.0012000000000000454
EWR-1,8/12/2025,05:10:00 am,0,2025-08-12 05:10:00,8.1501,10.068,0.0010999999999999233
EWR-1,8/12/2025,05:20:00 am,0,2025-08-12 05:20:00,8.1515,10.057,0.001100000000000101
EWR-1,8/12/2025,05:30:00 am,0,2025-08-12 05:30:00,8.1527,10.046,0.0011999999999998678
EWR-1,8/12/2025,05:40:00 am,0,2025-08-12 05:40:00,8.1544,10.034,0.0012000000000000454
EWR-1,8/12/2025,05:50:00 am,0,2025-08-12 05:50:00,8.1566,10.022,0.0012000000000000454
EWR-1,8/12/2025,06:00:00 am,0,2025-08-12 06:00:00,8.1581,10.01,0.0010999999999999233
EWR-1,8/12/2025,06:10:00 am,0,2025-08-12 06:10:00,8.1607,9.999,0.0012000000000000454
EWR-1,8/12/2025,06:20:00 am,0,2025-08-12 06:20:00,8.1631,9.987,0.0010999999999999233
EWR-1,8/12/2025,06:30:00 am,0,2025-08-12 06:30:00,8.1662,9.976,0.0012000000000000454
EWR-1,8/12/2025,06:40:00 am,0,2025-08-12 06:40:00,8.1687,9.964,0.0009999999999999788
EWR-1,8/12/2025,06:50:00 am,0,2025-08-12 06:50:00,8.1711,9.954,0.001100000000000101
EWR-1,8/12/2025,07:00:00 am,0,2025-08-12 07:00:00,8.1741,9.943,0.0009000000000000341
EWR-1,8/12/2025,07:10:00 am,0,2025-08-12 07:10:00,8.1769,9.934,0.0007999999999999119
EWR-1,8/12/2025,07:20:00 am,0,2025-08-12 07:20:00,8.1795,9.926,0.0009000000000000341
EWR-1,8/12/2025,07:30:00 am,0,2025-08-12 07:30:00,8.1819,9.917,0.0006999999999999674
EWR-1,8/12/2025,07:40:00 am,0,2025-08-12 07:40:00,8.1846,9.91,0.0006999999999999674
EWR-1,8/12/2025,07:50:00 am,0,2025-08-12 07:50:00,8.1867,9.903,0.0006000000000000227
EWR-1,8/12/2025,08:00:00 am,0,2025-08-12 08:00:00,8.1891,9.897,0.0005000000000000782
EWR-1,8/12/2025,08:10:00 am,0,2025-08-12 08:10:00,8.1915,9.892,0.00039999999999995595
EWR-1,8/12/2025,08:20:00 am,0,2025-08-12 08:20:00,8.1938,9.888,0.00039999999999995595
EWR-1,8/12/2025,08:30:00 am,0,2025-08-12 08:30:00,8.1961,9.884,0.00030000000000001136
EWR-1,8/12/2025,08:40:00 am,0,2025-08-12 08:40:00,8.1979,9.881,0.0002000000000000668
EWR-1,8/12/2025,08:50:00 am,0,2025-08-12 08:50:00,8.2002,9.879,0.00019999999999988915
EWR-1,8/12/2025,09:00:00 am,0,2025-08-12 09:00:00,8.2021,9.877,0.00010000000000012221
EWR-1,8/12/2025,09:10:00 am,0,2025-08-12 09:10:00,8.2035,9.876,9.999999999994457e-05
EWR-1,8/12/2025,09:20:00 am,0,2025-08-12 09:20:00,8.2052,9.875,0.0
EWR-1,8/12/2025,09:30:00 am,0,2025-08-12 09:30:00,8.2063,9.875,0.0
EWR-1,8/12/2025,09:40:00 am,0,2025-08-12 09:40:00,8.2076,9.875,0.0
EWR-1,8/12/2025,09:50:00 am,0,2025-08-12 09:50:00,8.208,9.875,0.0002000000000000668
EWR-1,8/12/2025,10:00:00 am,0,2025-08-12 10:00:00,8.2089,9.877,9.999999999994457e-05
EWR-1,8/12/2025,10:10:00 am,0,2025-08-12 10:10:00,8.2089,9.878,0.00030000000000001136
EWR-1,8/12/2025,10:20:00 am,0,2025-08-12 10:20:00,8.209,9.881,0.00019999999999988915
EWR-1,8/12/2025,10:30:00 am,0,2025-08-12 10:30:00,8.2085,9.883,0.00030000000000001136
EWR-1,8/12/2025,10:40:00 am,0,2025-08-12 10:40:00,8.2082,9.886,0.0004000000000001336
EWR-1,8/12/2025,10:50:00 am,0,2025-08-12 10:50:00,8.2079,9.89,0.00039999999999995595
EWR-1,8/12/2025,11:00:00 am,0,2025-08-12 11:00:00,8.207,9.894,0.0004999999999999005
EWR-1,8/12/2025,11:10:00 am,0,2025-08-12 11:10:00,8.2066,9.899,0.0008000000000000895
EWR-1,8/12/2025,11:20:00 am,0,2025-08-12 11:20:00,8.2058,9.907,0.0009000000000000341
EWR-1,8/12/2025,11:30:00 am,0,2025-08-12 11:30:00,8.205,9.916,0.0010999999999999233
EWR-1,8/12/2025,11:40:00 am,0,2025-08-12 11:40:00,8.2044,9.927,0.001100000000000101
EWR-1,8/12/2025,11:50:00 am,0,2025-08-12 11:50:00,8.2036,9.938,0.0011999999999998678
EWR-1,8/12/2025,12:00:00 pm,0,2025-08-12 12:00:00,8.2026,9.95,0.00129999999999999
EWR-1,8/12/2025,12:10:00 pm,0,2025-08-12 12:10:00,8.2017,9.963,0.0012000000000000454
EWR-1,8/12/2025,12:20:00 pm,0,2025-08-12 12:20:00,8.2008,9.975,0.0014000000000001123
EWR-1,8/12/2025,12:30:00 pm,0,2025-08-12 12:30:00,8.1997,9.989,0.0014999999999998793
EWR-1,8/12/2025,12:40:00 pm,0,2025-08-12 12:40:00,8.199,10.004,0.0015000000000000568
EWR-1,8/12/2025,12:50:00 pm,0,2025-08-12 12:50:00,8.1978,10.019,0.001699999999999946
EWR-1,8/12/2025,01:00:00 pm,0,2025-08-12 13:00:00,8.1969,10.036,0.0017000000000001237
EWR-1,8/12/2025,01:10:00 pm,0,2025-08-12 13:10:00,8.1957,10.053,0.0017999999999998907
EWR-1,8/12/2025,01:20:00 pm,0,2025-08-12 13:20:00,8.1945,10.071,0.0019000000000000128
EWR-1,8/12/2025,01:30:00 pm,0,2025-08-12 13:30:00,8.1936,10.09,0.0019000000000000128
EWR-1,8/12/2025,01:40:00 pm,0,2025-08-12 13:40:00,8.1926,10.109,0.0019000000000000128
EWR-1,8/12/2025,01:50:00 pm,0,2025-08-12 13:50:00,8.1912,10.128,0.001699999999999946
EWR-1,8/12/2025,02:00:00 pm,0,2025-08-12 14:00:00,8.1901,10.145,0.0017000000000001237
EWR-1,8/12/2025,02:10:00 pm,0,2025-08-12 14:10:00,8.1885,10.162,0.001699999999999946
EWR-1,8/12/2025,02:20:00 pm,0,2025-08-12 14:20:00,8.1871,10.179,0.0016000000000000014
EWR-1,8/12/2025,02:30:00 pm,0,2025-08-12 14:30:00,8.1854,10.195,0.0016000000000000014
EWR-1,8/12/2025,02:40:00 pm,0,2025-08-12 14:40:00,8.1842,10.211,0.0016000000000000014
EWR-1,8/12/2025,02:50:00 pm,0,2025-08-12 14:50:00,8.1823,10.227,0.0016000000000000014
EWR-1,8/12/2025,03:00:00 pm,0,2025-08-12 15:00:00,8.1808,10.243,0.0017999999999998907
EWR-1,8/12/2025,03:10:00 pm,0,2025-08-12 15:10:00,8.1791,10.261,0.0018000000000000683
EWR-1,8/12/2025,03:20:00 pm,0,2025-08-12 15:20:00,8.1781,10.279,0.0018000000000000683
EWR-1,8/12/2025,03:30:00 pm,0,2025-08-12 15:30:00,8.1757,10.297,0.0019000000000000128
EWR-1,8/12/2025,03:40:00 pm,0,2025-08-12 15:40:00,8.1742,10.316,0.0019000000000000128
EWR-1,8/12/2025,03:50:00 pm,0,2025-08-12 15:50:00,8.1728,10.335,0.0018999999999998352
EWR-1,8/12/2025,04:00:00 pm,0,2025-08-12 16:00:00,8.1713,10.354,0.0018000000000000683
EWR-1,8/12/2025,04:10:00 pm,0,2025-08-12 16:10:00,8.1696,10.372,0.0019000000000000128
EWR-1,8/12/2025,04:20:00 pm,0,2025-08-12 16:20:00,8.168,10.391,0.0018000000000000683
EWR-1,8/12/2025,04:30:00 pm,0,2025-08-12 16:30:00,8.1664,10.409,0.0016000000000000014
EWR-1,8/12/2025,04:40:00 pm,0,2025-08-12 16:40:00,8.1643,10.425,0.001699999999999946
EWR-1,8/12/2025,04:50:00 pm,0,2025-08-12 16:50:00,8.1624,10.442,0.0016000000000000014
EWR-1,8/12/2025,05:00:00 pm,0,2025-08-12 17:00:00,8.161,10.458,0.001699999999999946
EWR-1,8/12/2025,05:10:00 pm,0,2025-08-12 17:10:00,8.1591,10.475,0.0018000000000000683
EWR-1,8/12/2025,05:20:00 pm,0,2025-08-12 17:20:00,8.1572,10.493,0.0017999999999998907
EWR-1,8/12/2025,05:30:00 pm,0,2025-08-12 17:30:00,8.1558,10.511,0.0017000000000001237
EWR-1,8/12/2025,05:40:00 pm,0,2025-08-12 17:40:00,8.1538,10.528,0.0016000000000000014
EWR-1,8/12/2025,05:50:00 pm,0,2025-08-12 17:50:00,8.1518,10.544,0.0014999999999998793
EWR-1,8/12/2025,06:00:00 pm,0,2025-08-12 18:00:00,8.1501,10.559,0.0014000000000001123
EWR-1,8/12/2025,06:10:00 pm,0,2025-08-12 18:10:00,8.1482,10.573,0.00129999999999999
EWR-1,8/12/2025,06:20:00 pm,0,2025-08-12 18:20:00,8.1463,10.586,0.0012000000000000454
EWR-1,8/12/2025,06:30:00 pm,0,2025-08-12 18:30:00,8.1447,10.598,0.0009999999999999788
EWR-1,8/12/2025,06:40:00 pm,0,2025-08-12 18:40:00,8.142,10.608,0.0010999999999999233
EWR-1,8/12/2025,06:50:00 pm,0,2025-08-12 18:50:00,8.1405,10.619,0.0009000000000000341
EWR-1,8/12/2025,07:00:00 pm,0,2025-08-12 19:00:00,8.1385,10.628,0.0009000000000000341
EWR-1,8/12/2025,07:10:00 pm,0,2025-08-12 19:10:00,8.1371,10.637,0.0007999999999999119
EWR-1,8/12/2025,07:20:00 pm,0,2025-08-12 19:20:00,8.135,10.645,0.0006999999999999674
EWR-1,8/12/2025,07:30:00 pm,0,2025-08-12 19:30:00,8.1332,10.652,0.0006000000000000227
EWR-1,8/12/2025,07:40:00 pm,0,2025-08-12 19:40:00,8.1317,10.658,0.0005000000000000782
EWR-1,8/12/2025,07:50:00 pm,0,2025-08-12 19:50:00,8.1303,10.663,0.0004999999999999005
EWR-1,8/12/2025,08:00:00 pm,0,2025-08-12 20:00:00,8.1287,10.668,0.0004000000000001336
EWR-1,8/12/2025,08:10:00 pm,0,2025-08-12 20:10:00,8.1273,10.672,0.00019999999999988915
EWR-1,8/12/2025,08:20:00 pm,0,2025-08-12 20:20:00,8.1262,10.674,0.00010000000000012221
EWR-1,8/12/2025,08:30:00 pm,0,2025-08-12 20:30:00,8.1247,10.675,0.0
EWR-1,8/12/2025,08:40:00 pm,0,2025-08-12 20:40:00,8.1234,10.675,0.0002000000000000668
EWR-1,8/12/2025,08:50:00 pm,0,2025-08-12 20:50:00,8.1222,10.673,0.0002000000000000668
EWR-1,8/12/2025,09:00:00 pm,0,2025-08-12 21:00:00,8.1211,10.671,0.00019999999999988915
EWR-1,8/12/2025,09:10:00 pm,0,2025-08-12 21:10:00,8.1203,10.669,0.00030000000000001136
EWR-1,8/12/2025,09:20:00 pm,0,2025-08-12 21:20:00,8.1194,10.666,0.00039999999999995595
EWR-1,8/12/2025,09:30:00 pm,0,2025-08-12 21:30:00,8.118,10.662,0.0005000000000000782
EWR-1,8/12/2025,09:40:00 pm,0,2025-08-12 21:40:00,8.1171,10.657,0.0005000000000000782
EWR-1,8/12/2025,09:50:00 pm,0,2025-08-12 21:50:00,8.116,10.652,0.0004999999999999005
EWR-1,8/12/2025,10:00:00 pm,0,2025-08-12 22:00:00,8.1152,10.647,0.0005000000000000782
EWR-1,8/12/2025,10:10:00 pm,0,2025-08-12 22:10:00,8.1145,10.642,0.0006999999999999674
EWR-1,8/12/2025,10:20:00 pm,0,2025-08-12 22:20:00,8.1136,10.635,0.0006999999999999674
EWR-1,8/12/2025,10:30:00 pm,0,2025-08-12 22:30:00,8.1129,10.628,0.0006999999999999674
EWR-1,8/12/2025,10:40:00 pm,0,2025-08-12 22:40:00,8.1123,10.621,0.0006999999999999674
EWR-1,8/12/2025,10:50:00 pm,0,2025-08-12 22:50:00,8.1117,10.614,0.0009000000000000341
EWR-1,8/12/2025,11:00:00 pm,0,2025-08-12 23:00:00,8.1109,10.605,0.0008000000000000895
EWR-1,8/12/2025,11:10:00 pm,0,2025-08-12 23:10:00,8.1106,10.597,0.0009000000000000341
EWR-1,8/12/2025,11:20:00 pm,0,2025-08-12 23:20:00,8.11,10.588,0.0009999999999999788
EWR-1,8/12/2025,11:30:00 pm,0,2025-08-12 23:30:00,8.1097,10.578,0.0008999999999998564
EWR-1,8/12/2025,11:40:00 pm,0,2025-08-12 23:40:00,8.1093,10.569,0.001100000000000101
EWR-1,8/12/2025,11:50:00 pm,0,2025-08-12 23:50:00,8.109,10.558,0.0010999999999999233
EWR-1,8/13/2025,12:00:00 am,0,2025-08-13 00:00:00,8.1088,10.547,0.001100000000000101
EWR-1,8/13/2025,12:10:00 am,0,2025-08-13 00:10:00,8.1088,10.536,0.0010999999999999233
EWR-1,8/13/2025,12:20:00 am,0,2025-08-13 00:20:00,8.1087,10.525,0.0009999999999999788
EWR-1,8/13/2025,12:30:00 am,0,2025-08-13 00:30:00,8.1088,10.515,0.001100000000000101
EWR-1,8/13/2025,12:40:00 am,0,2025-08-13 00:40:00,8.1088,10.504,0.0009999999999999788
EWR-1,8/13/2025,12:50:00 am,0,2025-08-13 00:50:00,8.1093,10.494,0.0010999999999999233
EWR-1,8/13/2025,01:00:00 am,0,2025-08-13 01:00:00,8.1094,10.483,0.001100000000000101
EWR-1,8/13/2025,01:10:00 am,0,2025-08-13 01:10:00,8.1098,10.472,0.0010999999999999233
EWR-1,8/13/2025,01:20:00 am,0,2025-08-13 01:20:00,8.1102,10.461,0.001100000000000101
EWR-1,8/13/2025,01:30:00 am,0,2025-08-13 01:30:00,8.1105,10.45,0.0011999999999998678
EWR-1,8/13/2025,01:40:00 am,0,2025-08-13 01:40:00,8.1106,10.438,0.001100000000000101
EWR-1,8/13/2025,01:50:00 am,0,2025-08-13 01:50:00,8.1112,10.427,0.0012000000000000454
EWR-1,8/13/2025,02:00:00 am,0,2025-08-13 02:00:00,8.1116,10.415,0.0011999999999998678
EWR-1,8/13/2025,02:10:00 am,0,2025-08-13 02:10:00,8.1121,10.403,0.0012000000000000454
EWR-1,8/13/2025,02:20:00 am,0,2025-08-13 02:20:00,8.113,10.391,0.0012000000000000454
EWR-1,8/13/2025,02:30:00 am,0,2025-08-13 02:30:00,8.1134,10.379,0.00129999999999999
EWR-1,8/13/2025,02:40:00 am,0,2025-08-13 02:40:00,8.1138,10.366,0.0012000000000000454
EWR-1,8/13/2025,02:50:00 am,0,2025-08-13 02:50:00,8.1145,10.354,0.0011999999999998678
EWR-1,8/13/2025,03:00:00 am,0,2025-08-13 03:00:00,8.1153,10.342,0.00129999999999999
EWR-1,8/13/2025,03:10:00 am,0,2025-08-13 03:10:00,8.1165,10.329,0.0012000000000000454
EWR-1,8/13/2025,03:20:00 am,0,2025-08-13 03:20:00,8.1175,10.317,0.0013999999999999347
EWR-1,8/13/2025,03:30:00 am,0,2025-08-13 03:30:00,8.118,10.303,0.0013000000000001678
EWR-1,8/13/2025,03:40:00 am,0,2025-08-13 03:40:00,8.1186,10.29,0.00129999999999999
EWR-1,8/13/2025,03:50:00 am,0,2025-08-13 03:50:00,8.1197,10.277,0.0013999999999999347
EWR-1,8/13/2025,04:00:00 am,0,2025-08-13 04:00:00,8.1204,10.263,0.0015000000000000568
EWR-1,8/13/2025,04:10:00 am,0,2025-08-13 04:10:00,8.1215,10.248,0.00129999999999999
EWR-1,8/13/2025,04:20:00 am,0,2025-08-13 04:20:00,8.1228,10.235,0.0013999999999999347
EWR-1,8/13/2025,04:30:00 am,0,2025-08-13 04:30:00,8.1234,10.221,0.0015000000000000568
EWR-1,8/13/2025,04:40:00 am,0,2025-08-13 04:40:00,8.1241,10.206,0.0013999999999999347
EWR-1,8/13/2025,04:50:00 am,0,2025-08-13 04:50:00,8.1253,10.192,0.00129999999999999
EWR-1,8/13/2025,05:00:00 am,0,2025-08-13 05:00:00,8.1263,10.179,0.0014000000000001123
EWR-1,8/13/2025,05:10:00 am,0,2025-08-13 05:10:00,8.1271,10.165,0.0014999999999998793
EWR-1,8/13/2025,05:20:00 am,0,2025-08-13 05:20:00,8.1279,10.15,0.0014000000000001123
EWR-1,8/13/2025,05:30:00 am,0,2025-08-13 05:30:00,8.129,10.136,0.00129999999999999
EWR-1,8/13/2025,05:40:00 am,0,2025-08-13 05:40:00,8.1301,10.123,0.0014999999999998793
EWR-1,8/13/2025,05:50:00 am,0,2025-08-13 05:50:00,8.1315,10.108,0.0015000000000000568
EWR-1,8/13/2025,06:00:00 am,0,2025-08-13 06:00:00,8.1325,10.093,0.0013999999999999347
EWR-1,8/13/2025,06:10:00 am,0,2025-08-13 06:10:00,8.1342,10.079,0.0014000000000001123
EWR-1,8/13/2025,06:20:00 am,0,2025-08-13 06:20:00,8.1364,10.065,0.0013999999999999347
EWR-1,8/13/2025,06:30:00 am,0,2025-08-13 06:30:00,8.1383,10.051,0.00129999999999999
EWR-1,8/13/2025,06:40:00 am,0,2025-08-13 06:40:00,8.1403,10.038,0.0014000000000001123
EWR-1,8/13/2025,06:50:00 am,0,2025-08-13 06:50:00,8.143,10.024,0.00129999999999999
EWR-1,8/13/2025,07:00:00 am,0,2025-08-13 07:00:00,8.1456,10.011,0.0011999999999998678
EWR-1,8/13/2025,07:10:00 am,0,2025-08-13 07:10:00,8.1482,9.999,0.0012000000000000454
EWR-1,8/13/2025,07:20:00 am,0,2025-08-13 07:20:00,8.1508,9.987,0.0009999999999999788
EWR-1,8/13/2025,07:30:00 am,0,2025-08-13 07:30:00,8.1539,9.977,0.0009000000000000341
EWR-1,8/13/2025,07:40:00 am,0,2025-08-13 07:40:00,8.1565,9.968,0.0007999999999999119
EWR-1,8/13/2025,07:50:00 am,0,2025-08-13 07:50:00,8.1594,9.96,0.000700000000000145
EWR-1,8/13/2025,08:00:00 am,0,2025-08-13 08:00:00,8.162,9.953,0.0006000000000000227
EWR-1,8/13/2025,08:10:00 am,0,2025-08-13 08:10:00,8.1649,9.947,0.00039999999999995595
EWR-1,8/13/2025,08:20:00 am,0,2025-08-13 08:20:00,8.168,9.943,0.00030000000000001136
EWR-1,8/13/2025,08:30:00 am,0,2025-08-13 08:30:00,8.1707,9.94,0.00030000000000001136
EWR-1,8/13/2025,08:40:00 am,0,2025-08-13 08:40:00,8.1737,9.937,0.00019999999999988915
EWR-1,8/13/2025,08:50:00 am,0,2025-08-13 08:50:00,8.1762,9.935,0.00010000000000012221
EWR-1,8/13/2025,09:00:00 am,0,2025-08-13 09:00:00,8.1787,9.934,0.00019999999999988915
EWR-1,8/13/2025,09:10:00 am,0,2025-08-13 09:10:00,8.1808,9.932,0.0
EWR-1,8/13/2025,09:20:00 am,0,2025-08-13 09:20:00,8.1827,9.932,9.999999999994457e-05
EWR-1,8/13/2025,09:30:00 am,0,2025-08-13 09:30:00,8.1847,9.933,9.999999999994457e-05
EWR-1,8/13/2025,09:40:00 am,0,2025-08-13 09:40:00,8.1865,9.934,0.0002000000000000668
EWR-1,8/13/2025,09:50:00 am,0,2025-08-13 09:50:00,8.1876,9.936,0.0002000000000000668
EWR-1,8/13/2025,10:00:00 am,0,2025-08-13 10:00:00,8.1886,9.938,0.00019999999999988915
EWR-1,8/13/2025,10:10:00 am,0,2025-08-13 10:10:00,8.1891,9.94,0.0002000000000000668
EWR-1,8/13/2025,10:20:00 am,0,2025-08-13 10:20:00,8.1892,9.942,9.999999999994457e-05
EWR-1,8/13/2025,10:30:00 am,0,2025-08-13 10:30:00,8.1892,9.943,0.0002000000000000668
EWR-1,8/13/2025,10:40:00 am,0,2025-08-13 10:40:00,8.1886,9.945,9.999999999994457e-05
EWR-1,8/13/2025,10:50:00 am,0,2025-08-13 10:50:00,8.1884,9.946,0.0002000000000000668
EWR-1,8/13/2025,11:00:00 am,0,2025-08-13 11:00:00,8.1882,9.948,0.00030000000000001136
EWR-1,8/13/2025,11:10:00 am,0,2025-08-13 11:10:00,8.1875,9.951,0.0006000000000000227
EWR-1,8/13/2025,11:20:00 am,0,2025-08-13 11:20:00,8.1871,9.957,0.0006999999999999674
EWR-1,8/13/2025,11:30:00 am,0,2025-08-13 11:30:00,8.1868,9.964,0.0009999999999999788
EWR-1,8/13/2025,11:40:00 am,0,2025-08-13 11:40:00,8.186,9.974,0.0010999999999999233
EWR-1,8/13/2025,11:50:00 am,0,2025-08-13 11:50:00,8.1856,9.985,0.001100000000000101
EWR-1,8/13/2025,12:00:00 pm,0,2025-08-13 12:00:00,8.1851,9.996,0.0011999999999998678
EWR-1,8/13/2025,12:10:00 pm,0,2025-08-13 12:10:00,8.1844,10.008,0.0013000000000001678
EWR-1,8/13/2025,12:20:00 pm,0,2025-08-13 12:20:00,8.1834,10.021,0.00129999999999999
EWR-1,8/13/2025,12:30:00 pm,0,2025-08-13 12:30:00,8.1829,10.034,0.00129999999999999
EWR-1,8/13/2025,12:40:00 pm,0,2025-08-13 12:40:00,8.1822,10.047,0.0013999999999999347
EWR-1,8/13/2025,12:50:00 pm,0,2025-08-13 12:50:00,8.1814,10.061,0.0015000000000000568
EWR-1,8/13/2025,01:00:00 pm,0,2025-08-13 13:00:00,8.1811,10.076,0.0014999999999998793
EWR-1,8/13/2025,01:10:00 pm,0,2025-08-13 13:10:00,8.18,10.091,0.0016000000000000014
EWR-1,8/13/2025,01:20:00 pm,0,2025-08-13 13:20:00,8.1792,10.107,0.0017000000000001237
EWR-1,8/13/2025,01:30:00 pm,0,2025-08-13 13:30:00,8.1783,10.124,0.001699999999999946
EWR-1,8/13/2025,01:40:00 pm,0,2025-08-13 13:40:00,8.1775,10.141,0.0015000000000000568
EWR-1,8/13/2025,01:50:00 pm,0,2025-08-13 13:50:00,8.1766,10.156,0.0014999999999998793
EWR-1,8/13/2025,02:00:00 pm,0,2025-08-13 14:00:00,8.1756,10.171,0.0014000000000001123
EWR-1,8/13/2025,02:10:00 pm,0,2025-08-13 14:10:00,8.1747,10.185,0.0014999999999998793
EWR-1,8/13/2025,02:20:00 pm,0,2025-08-13 14:20:00,8.1731,10.2,0.0014000000000001123
EWR-1,8/13/2025,02:30:00 pm,0,2025-08-13 14:30:00,8.172,10.214,0.00129999999999999
EWR-1,8/13/2025,02:40:00 pm,0,2025-08-13 14:40:00,8.1709,10.227,0.0013999999999999347
EWR-1,8/13/2025,02:50:00 pm,0,2025-08-13 14:50:00,8.1693,10.241,0.00129999999999999
EWR-1,8/13/2025,03:00:00 pm,0,2025-08-13 15:00:00,8.1681,10.254,0.0012000000000000454
EWR-1,8/13/2025,03:10:00 pm,0,2025-08-13 15:10:00,8.1664,10.266,0.00129999999999999
EWR-1,8/13/2025,03:20:00 pm,0,2025-08-13 15:20:00,8.1651,10.279,0.0012000000000000454
EWR-1,8/13/2025,03:30:00 pm,0,2025-08-13 15:30:00,8.1638,10.291,0.00129999999999999
EWR-1,8/13/2025,03:40:00 pm,0,2025-08-13 15:40:00,8.1622,10.304,0.0010999999999999233
EWR-1,8/13/2025,03:50:00 pm,0,2025-08-13 15:50:00,8.1605,10.315,0.0009000000000000341
EWR-1,8/13/2025,04:00:00 pm,0,2025-08-13 16:00:00,8.1588,10.324,0.0009999999999999788
EWR-1,8/13/2025,04:10:00 pm,0,2025-08-13 16:10:00,8.1572,10.334,0.0009999999999999788
EWR-1,8/13/2025,04:20:00 pm,0,2025-08-13 16:20:00,8.1555,10.344,0.001100000000000101
EWR-1,8/13/2025,04:30:00 pm,0,2025-08-13 16:30:00,8.1539,10.355,0.0012000000000000454
EWR-1,8/13/2025,04:40:00 pm,0,2025-08-13 16:40:00,8.1523,10.367,0.0010999999999999233
EWR-1,8/13/2025,04:50:00 pm,0,2025-08-13 16:50:00,8.1509,10.378,0.0010999999999999233
EWR-1,8/13/2025,05:00:00 pm,0,2025-08-13 17:00:00,8.1492,10.389,0.001100000000000101
EWR-1,8/13/2025,05:10:00 pm,0,2025-08-13 17:10:00,8.1474,10.4,0.0009999999999999788
EWR-1,8/13/2025,05:20:00 pm,0,2025-08-13 17:20:00,8.1462,10.41,0.0010999999999999233
EWR-1,8/13/2025,05:30:00 pm,0,2025-08-13 17:30:00,8.1444,10.421,0.001100000000000101
EWR-1,8/13/2025,05:40:00 pm,0,2025-08-13 17:40:00,8.1427,10.432,0.0012000000000000454
EWR-1,8/13/2025,05:50:00 pm,0,2025-08-13 17:50:00,8.141,10.444,0.0011999999999998678
EWR-1,8/13/2025,06:00:00 pm,0,2025-08-13 18:00:00,8.1396,10.456,0.001100000000000101
EWR-1,8/13/2025,06:10:00 pm,0,2025-08-13 18:10:00,8.1379,10.467,0.0009999999999999788
EWR-1,8/13/2025,06:20:00 pm,0,2025-08-13 18:20:00,8.1367,10.477,0.0007999999999999119
EWR-1,8/13/2025,06:30:00 pm,0,2025-08-13 18:30:00,8.1346,10.485,0.000700000000000145
EWR-1,8/13/2025,06:40:00 pm,0,2025-08-13 18:40:00,8.1329,10.492,0.0007999999999999119
EWR-1,8/13/2025,06:50:00 pm,0,2025-08-13 18:50:00,8.1317,10.5,0.0006000000000000227
EWR-1,8/13/2025,07:00:00 pm,0,2025-08-13 19:00:00,8.13,10.506,0.0004999999999999005
EWR-1,8/13/2025,07:10:00 pm,0,2025-08-13 19:10:00,8.1285,10.511,0.0004000000000001336
EWR-1,8/13/2025,07:20:00 pm,0,2025-08-13 19:20:00,8.1271,10.515,0.00030000000000001136
EWR-1,8/13/2025,07:30:00 pm,0,2025-08-13 19:30:00,8.1254,10.518,0.0
EWR-1,8/13/2025,07:40:00 pm,0,2025-08-13 19:40:00,8.1241,10.518,0.00010000000000012221
EWR-1,8/13/2025,07:50:00 pm,0,2025-08-13 19:50:00,8.123,10.517,9.999999999994457e-05
EWR-1,8/13/2025,08:00:00 pm,0,2025-08-13 20:00:00,8.1214,10.516,0.00030000000000001136
EWR-1,8/13/2025,08:10:00 pm,0,2025-08-13 20:10:00,8.1202,10.513,0.00039999999999995595
EWR-1,8/13/2025,08:20:00 pm,0,2025-08-13 20:20:00,8.1185,10.509,0.0006000000000000227
EWR-1,8/13/2025,08:30:00 pm,0,2025-08-13 20:30:00,8.1179,10.503,0.0006000000000000227
EWR-1,8/13/2025,08:40:00 pm,0,2025-08-13 20:40:00,8.1165,10.497,0.0007999999999999119
EWR-1,8/13/2025,08:50:00 pm,0,2025-08-13 20:50:00,8.1153,10.489,0.0009000000000000341
EWR-1,8/13/2025,09:00:00 pm,0,2025-08-13 21:00:00,8.1146,10.48,0.0009999999999999788
EWR-1,8/13/2025,09:10:00 pm,0,2025-08-13 21:10:00,8.1135,10.47,0.0012000000000000454
EWR-1,8/13/2025,09:20:00 pm,0,2025-08-13 21:20:00,8.1125,10.458,0.0012000000000000454
EWR-1,8/13/2025,09:30:00 pm,0,2025-08-13 21:30:00,8.112,10.446,0.00129999999999999
EWR-1,8/13/2025,09:40:00 pm,0,2025-08-13 21:40:00,8.1109,10.433,0.00129999999999999
EWR-1,8/13/2025,09:50:00 pm,0,2025-08-13 21:50:00,8.1098,10.42,0.00129999999999999
EWR-1,8/13/2025,10:00:00 pm,0,2025-08-13 22:00:00,8.1094,10.407,0.00129999999999999
EWR-1,8/13/2025,10:10:00 pm,0,2025-08-13 22:10:00,8.1087,10.394,0.00129999999999999
EWR-1,8/13/2025,10:20:00 pm,0,2025-08-13 22:20:00,8.1082,10.381,0.0013999999999999347
EWR-1,8/13/2025,10:30:00 pm,0,2025-08-13 22:30:00,8.1076,10.367,0.0012000000000000454
EWR-1,8/13/2025,10:40:00 pm,0,2025-08-13 22:40:00,8.1072,10.355,0.00129999999999999
EWR-1,8/13/2025,10:50:00 pm,0,2025-08-13 22:50:00,8.107,10.342,0.00129999999999999
EWR-1,8/13/2025,11:00:00 pm,0,2025-08-13 23:00:00,8.1066,10.329,0.00129999999999999
EWR-1,8/13/2025,11:10:00 pm,0,2025-08-13 23:10:00,8.1064,10.316,0.00129999999999999
EWR-1,8/13/2025,11:20:00 pm,0,2025-08-13 23:20:00,8.1064,10.303,0.0013000000000001678
EWR-1,8/13/2025,11:30:00 pm,0,2025-08-13 23:30:00,8.1062,10.29,0.0014999999999998793
EWR-1,8/13/2025,11:40:00 pm,0,2025-08-13 23:40:00,8.1061,10.275,0.00129999999999999
EWR-1,8/13/2025,11:50:00 pm,0,2025-08-13 23:50:00,8.106,10.262,0.0015000000000000568
EWR-1,8/14/2025,12:00:00 am,0,2025-08-14 00:00:00,8.106,10.247,0.0015000000000000568
EWR-1,8/14/2025,12:10:00 am,0,2025-08-14 00:10:00,8.1061,10.232,0.0014999999999998793
EWR-1,8/14/2025,12:20:00 am,0,2025-08-14 00:20:00,8.1065,10.217,0.0022999999999999687
EWR-1,8/14/2025,12:30:00 am,0,2025-08-14 00:30:00,8.1062,10.194,0.002200000000000024
EWR-1,8/14/2025,12:40:00 am,0,2025-08-14 00:40:00,8.1064,10.172,0.0021000000000000797
EWR-1,8/14/2025,12:50:00 am,0,2025-08-14 00:50:00,8.1063,10.151,0.0019000000000000128
EWR-1,8/14/2025,01:00:00 am,0,2025-08-14 01:00:00,8.1065,10.132,0.0019000000000000128
EWR-1,8/14/2025,01:10:00 am,0,2025-08-14 01:10:00,8.1067,10.113,0.0017999999999998907
EWR-1,8/14/2025,01:20:00 am,0,2025-08-14 01:20:00,8.1068,10.095,0.0018000000000000683
EWR-1,8/14/2025,01:30:00 am,0,2025-08-14 01:30:00,8.1072,10.077,0.0019000000000000128
EWR-1,8/14/2025,01:40:00 am,0,2025-08-14 01:40:00,8.1075,10.058,0.0019000000000000128
EWR-1,8/14/2025,01:50:00 am,0,2025-08-14 01:50:00,8.1077,10.039,0.0017999999999998907
EWR-1,8/14/2025,02:00:00 am,0,2025-08-14 02:00:00,8.1083,10.021,0.0019000000000000128
EWR-1,8/14/2025,02:10:00 am,0,2025-08-14 02:10:00,8.1086,10.002,0.0018000000000000683
EWR-1,8/14/2025,02:20:00 am,0,2025-08-14 02:20:00,8.1094,9.984,0.0019000000000000128
EWR-1,8/14/2025,02:30:00 am,0,2025-08-14 02:30:00,8.1098,9.965,0.0019000000000000128
EWR-1,8/14/2025,02:40:00 am,0,2025-08-14 02:40:00,8.1104,9.946,0.0017999999999998907
EWR-1,8/14/2025,02:50:00 am,0,2025-08-14 02:50:00,8.1109,9.928,0.0018000000000000683
EWR-1,8/14/2025,03:00:00 am,0,2025-08-14 03:00:00,8.1114,9.91,0.0018000000000000683
EWR-1,8/14/2025,03:10:00 am,0,2025-08-14 03:10:00,8.1122,9.892,0.0019000000000000128
EWR-1,8/14/2025,03:20:00 am,0,2025-08-14 03:20:00,8.1127,9.873,0.0017999999999998907
EWR-1,8/14/2025,03:30:00 am,0,2025-08-14 03:30:00,8.1134,9.855,0.0018000000000000683
EWR-1,8/14/2025,03:40:00 am,0,2025-08-14 03:40:00,8.1143,9.837,0.0017999999999998907
EWR-1,8/14/2025,03:50:00 am,0,2025-08-14 03:50:00,8.1148,9.819,0.002000000000000135
EWR-1,8/14/2025,04:00:00 am,0,2025-08-14 04:00:00,8.1153,9.799,0.0019999999999999575
EWR-1,8/14/2025,04:10:00 am,0,2025-08-14 04:10:00,8.1163,9.779,0.0019000000000000128
EWR-1,8/14/2025,04:20:00 am,0,2025-08-14 04:20:00,8.117,9.76,0.0017999999999998907
EWR-1,8/14/2025,04:30:00 am,0,2025-08-14 04:30:00,8.1176,9.742,0.002000000000000135
EWR-1,8/14/2025,04:40:00 am,0,2025-08-14 04:40:00,8.1185,9.722,0.0019000000000000128
EWR-1,8/14/2025,04:50:00 am,0,2025-08-14 04:50:00,8.1194,9.703,0.0019000000000000128
EWR-1,8/14/2025,05:00:00 am,0,2025-08-14 05:00:00,8.1203,9.684,0.0019000000000000128
EWR-1,8/14/2025,05:10:00 am,0,2025-08-14 05:10:00,8.1214,9.665,0.0018999999999998352
EWR-1,8/14/2025,05:20:00 am,0,2025-08-14 05:20:00,8.1216,9.646,0.0017000000000001237
EWR-1,8/14/2025,05:30:00 am,0,2025-08-14 05:30:00,8.1232,9.629,0.0019000000000000128
EWR-1,8/14/2025,05:40:00 am,0,2025-08-14 05:40:00,8.1243,9.61,0.0019000000000000128
EWR-1,8/14/2025,05:50:00 am,0,2025-08-14 05:50:00,8.1251,9.591,0.0019000000000000128
EWR-1,8/14/2025,06:00:00 am,0,2025-08-14 06:00:00,8.1265,9.572,0.0019999999999999575
EWR-1,8/14/2025,06:10:00 am,0,2025-08-14 06:10:00,8.1278,9.552,0.0017999999999998907
EWR-1,8/14/2025,06:20:00 am,0,2025-08-14 06:20:00,8.1298,9.534,0.0019000000000000128
EWR-1,8/14/2025,06:30:00 am,0,2025-08-14 06:30:00,8.1318,9.515,0.0018000000000000683
EWR-1,8/14/2025,06:40:00 am,0,2025-08-14 06:40:00,8.1339,9.497,0.0018000000000000683
EWR-1,8/14/2025,06:50:00 am,0,2025-08-14 06:50:00,8.1362,9.479,0.001699999999999946
EWR-1,8/14/2025,07:00:00 am,0,2025-08-14 07:00:00,8.1384,9.462,0.0016000000000000014
EWR-1,8/14/2025,07:10:00 am,0,2025-08-14 07:10:00,8.1409,9.446,0.0015000000000000568
EWR-1,8/14/2025,07:20:00 am,0,2025-08-14 07:20:00,8.143,9.431,0.0013999999999999347
EWR-1,8/14/2025,07:30:00 am,0,2025-08-14 07:30:00,8.1457,9.417,0.0013999999999999347
EWR-1,8/14/2025,07:40:00 am,0,2025-08-14 07:40:00,8.1479,9.403,0.00129999999999999
EWR-1,8/14/2025,07:50:00 am,0,2025-08-14 07:50:00,8.1505,9.39,0.001100000000000101
EWR-1,8/14/2025,08:00:00 am,0,2025-08-14 08:00:00,8.1522,9.379,0.0010999999999999233
EWR-1,8/14/2025,08:10:00 am,0,2025-08-14 08:10:00,8.1549,9.368,0.0009000000000000341
EWR-1,8/14/2025,08:20:00 am,0,2025-08-14 08:20:00,8.1571,9.359,0.0006999999999999674
EWR-1,8/14/2025,08:30:00 am,0,2025-08-14 08:30:00,8.1598,9.352,0.00039999999999995595
EWR-1,8/14/2025,08:40:00 am,0,2025-08-14 08:40:00,8.1624,9.348,0.00010000000000012221
EWR-1,8/14/2025,08:50:00 am,0,2025-08-14 08:50:00,8.1648,9.347,0.00010000000000012221
EWR-1,8/14/2025,09:00:00 am,0,2025-08-14 09:00:00,8.1671,9.348,0.00030000000000001136
EWR-1,8/14/2025,09:10:00 am,0,2025-08-14 09:10:00,8.1696,9.351,9.999999999994457e-05
EWR-1,8/14/2025,09:20:00 am,0,2025-08-14 09:20:00,8.1716,9.352,9.999999999994457e-05
EWR-1,8/14/2025,09:30:00 am,0,2025-08-14 09:30:00,8.174,9.353,0.0002000000000000668
EWR-1,8/14/2025,09:40:00 am,0,2025-08-14 09:40:00,8.1759,9.355,0.00010000000000012221
EWR-1,8/14/2025,09:50:00 am,0,2025-08-14 09:50:00,8.1778,9.354,0.0
EWR-1,8/14/2025,10:00:00 am,0,2025-08-14 10:00:00,8.179,9.354,9.999999999994457e-05
EWR-1,8/14/2025,10:10:00 am,0,2025-08-14 10:10:00,8.1801,9.353,0.0
EWR-1,8/14/2025,10:20:00 am,0,2025-08-14 10:20:00,8.181,9.353,0.0
EWR-1,8/14/2025,10:30:00 am,0,2025-08-14 10:30:00,8.1817,9.353,0.0
EWR-1,8/14/2025,10:40:00 am,0,2025-08-14 10:40:00,8.1822,9.353,9.999999999994457e-05
EWR-1,8/14/2025,10:50:00 am,0,2025-08-14 10:50:00,8.1824,9.354,0.00010000000000012221
EWR-1,8/14/2025,11:00:00 am,0,2025-08-14 11:00:00,8.1824,9.355,0.00030000000000001136
EWR-1,8/14/2025,11:10:00 am,0,2025-08-14 11:10:00,8.1825,9.358,0.0006000000000000227
EWR-1,8/14/2025,11:20:00 am,0,2025-08-14 11:20:00,8.1826,9.364,0.0006999999999999674
EWR-1,8/14/2025,11:30:00 am,0,2025-08-14 11:30:00,8.183,9.371,0.0009999999999999788
EWR-1,8/14/2025,11:40:00 am,0,2025-08-14 11:40:00,8.183,9.381,0.0010999999999999233
EWR-1,8/14/2025,11:50:00 am,0,2025-08-14 11:50:00,8.1826,9.392,0.001100000000000101
EWR-1,8/14/2025,12:00:00 pm,0,2025-08-14 12:00:00,8.1825,9.403,0.00129999999999999
EWR-1,8/14/2025,12:10:00 pm,0,2025-08-14 12:10:00,8.1826,9.416,0.0012000000000000454
EWR-1,8/14/2025,12:20:00 pm,0,2025-08-14 12:20:00,8.1824,9.428,0.00129999999999999
EWR-1,8/14/2025,12:30:00 pm,0,2025-08-14 12:30:00,8.182,9.441,0.0013999999999999347
EWR-1,8/14/2025,12:40:00 pm,0,2025-08-14 12:40:00,8.1815,9.455,0.0015000000000000568
EWR-1,8/14/2025,12:50:00 pm,0,2025-08-14 12:50:00,8.1815,9.47,0.0016000000000000014
EWR-1,8/14/2025,01:00:00 pm,0,2025-08-14 13:00:00,8.181,9.486,0.001699999999999946
EWR-1,8/14/2025,01:10:00 pm,0,2025-08-14 13:10:00,8.1807,9.503,0.0016000000000000014
EWR-1,8/14/2025,01:20:00 pm,0,2025-08-14 13:20:00,8.1798,9.519,0.0019000000000000128
EWR-1,8/14/2025,01:30:00 pm,0,2025-08-14 13:30:00,8.1796,9.538,0.001699999999999946
EWR-1,8/14/2025,01:40:00 pm,0,2025-08-14 13:40:00,8.1787,9.555,0.001699999999999946
EWR-1,8/14/2025,01:50:00 pm,0,2025-08-14 13:50:00,8.1782,9.572,0.0016000000000000014
EWR-1,8/14/2025,02:00:00 pm,0,2025-08-14 14:00:00,8.1776,9.588,0.0015000000000000568
EWR-1,8/14/2025,02:10:00 pm,0,2025-08-14 14:10:00,8.1772,9.603,0.0015000000000000568
EWR-1,8/14/2025,02:20:00 pm,0,2025-08-14 14:20:00,8.1761,9.618,0.0014999999999998793
EWR-1,8/14/2025,02:30:00 pm,0,2025-08-14 14:30:00,8.1756,9.633,0.0015000000000000568
EWR-1,8/14/2025,02:40:00 pm,0,2025-08-14 14:40:00,8.1744,9.648,0.0015000000000000568
EWR-1,8/14/2025,02:50:00 pm,0,2025-08-14 14:50:00,8.1734,9.663,0.0015000000000000568
EWR-1,8/14/2025,03:00:00 pm,0,2025-08-14 15:00:00,8.1724,9.678,0.0014999999999998793
EWR-1,8/14/2025,03:10:00 pm,0,2025-08-14 15:10:00,8.1712,9.693,0.0016000000000000014
EWR-1,8/14/2025,03:20:00 pm,0,2025-08-14 15:20:00,8.1707,9.709,0.0015000000000000568
EWR-1,8/14/2025,03:30:00 pm,0,2025-08-14 15:30:00,8.1695,9.724,0.001699999999999946
EWR-1,8/14/2025,03:40:00 pm,0,2025-08-14 15:40:00,8.1684,9.741,0.0016000000000000014
EWR-1,8/14/2025,03:50:00 pm,0,2025-08-14 15:50:00,8.1671,9.757,0.0016000000000000014
EWR-1,8/14/2025,04:00:00 pm,0,2025-08-14 16:00:00,8.1661,9.773,0.0016000000000000014
EWR-1,8/14/2025,04:10:00 pm,0,2025-08-14 16:10:00,8.1648,9.789,0.0016000000000000014
EWR-1,8/14/2025,04:20:00 pm,0,2025-08-14 16:20:00,8.1635,9.805,0.0016000000000000014
EWR-1,8/14/2025,04:30:00 pm,0,2025-08-14 16:30:00,8.1623,9.821,0.0014000000000001123
EWR-1,8/14/2025,04:40:00 pm,0,2025-08-14 16:40:00,8.1614,9.835,0.0013999999999999347
EWR-1,8/14/2025,04:50:00 pm,0,2025-08-14 16:50:00,8.1602,9.849,0.0015000000000000568
EWR-1,8/14/2025,05:00:00 pm,0,2025-08-14 17:00:00,8.1591,9.864,0.0013999999999999347
EWR-1,8/14/2025,05:10:00 pm,0,2025-08-14 17:10:00,8.1572,9.878,0.0015000000000000568
EWR-1,8/14/2025,05:20:00 pm,0,2025-08-14 17:20:00,8.1564,9.893,0.0013999999999999347
EWR-1,8/14/2025,05:30:00 pm,0,2025-08-14 17:30:00,8.1551,9.907,0.0015000000000000568
EWR-1,8/14/2025,05:40:00 pm,0,2025-08-14 17:40:00,8.1539,9.922,0.0014999999999998793
EWR-1,8/14/2025,05:50:00 pm,0,2025-08-14 17:50:00,8.1527,9.937,0.00129999999999999
EWR-1,8/14/2025,06:00:00 pm,0,2025-08-14 18:00:00,8.1514,9.95,0.0012000000000000454
EWR-1,8/14/2025,06:10:00 pm,0,2025-08-14 18:10:00,8.1499,9.962,0.001100000000000101
EWR-1,8/14/2025,06:20:00 pm,0,2025-08-14 18:20:00,8.1484,9.973,0.0009999999999999788
EWR-1,8/14/2025,06:30:00 pm,0,2025-08-14 18:30:00,8.1474,9.983,0.0009000000000000341
EWR-1,8/14/2025,06:40:00 pm,0,2025-08-14 18:40:00,8.146,9.992,0.0008999999999998564
EWR-1,8/14/2025,06:50:00 pm,0,2025-08-14 18:50:00,8.1445,10.001,0.0008000000000000895
EWR-1,8/14/2025,07:00:00 pm,0,2025-08-14 19:00:00,8.1434,10.009,0.0006000000000000227
EWR-1,8/14/2025,07:10:00 pm,0,2025-08-14 19:10:00,8.1415,10.015,0.0004999999999999005
EWR-1,8/14/2025,07:20:00 pm,0,2025-08-14 19:20:00,8.1403,10.02,0.00030000000000001136
EWR-1,8/14/2025,07:30:00 pm,0,2025-08-14 19:30:00,8.1392,10.023,0.00030000000000001136
EWR-1,8/14/2025,07:40:00 pm,0,2025-08-14 19:40:00,8.1378,10.026,9.999999999994457e-05
EWR-1,8/14/2025,07:50:00 pm,0,2025-08-14 19:50:00,8.1367,10.027,0.0
EWR-1,8/14/2025,08:00:00 pm,0,2025-08-14 20:00:00,8.1355,10.027,0.00019999999999988915
EWR-1,8/14/2025,08:10:00 pm,0,2025-08-14 20:10:00,8.134,10.025,0.0002000000000000668
EWR-1,8/14/2025,08:20:00 pm,0,2025-08-14 20:20:00,8.1329,10.023,0.00039999999999995595
EWR-1,8/14/2025,08:30:00 pm,0,2025-08-14 20:30:00,8.1317,10.019,0.0005000000000000782
EWR-1,8/14/2025,08:40:00 pm,0,2025-08-14 20:40:00,8.1305,10.014,0.0004999999999999005
EWR-1,8/14/2025,08:50:00 pm,0,2025-08-14 20:50:00,8.1295,10.009,0.0006999999999999674
EWR-1,8/14/2025,09:00:00 pm,0,2025-08-14 21:00:00,8.1285,10.002,0.000700000000000145
EWR-1,8/14/2025,09:10:00 pm,0,2025-08-14 21:10:00,8.1275,9.995,0.0006999999999999674
EWR-1,8/14/2025,09:20:00 pm,0,2025-08-14 21:20:00,8.1265,9.988,0.0009000000000000341
EWR-1,8/14/2025,09:30:00 pm,0,2025-08-14 21:30:00,8.126,9.979,0.0008999999999998564
EWR-1,8/14/2025,09:40:00 pm,0,2025-08-14 21:40:00,8.1249,9.97,0.0009999999999999788
EWR-1,8/14/2025,09:50:00 pm,0,2025-08-14 21:50:00,8.1245,9.96,0.0010000000000001564
EWR-1,8/14/2025,10:00:00 pm,0,2025-08-14 22:00:00,8.1235,9.95,0.0010999999999999233
EWR-1,8/14/2025,10:10:00 pm,0,2025-08-14 22:10:00,8.1228,9.939,0.0009999999999999788
EWR-1,8/14/2025,10:20:00 pm,0,2025-08-14 22:20:00,8.1221,9.929,0.0009999999999999788
EWR-1,8/14/2025,10:30:00 pm,0,2025-08-14 22:30:00,8.1217,9.919,0.0009999999999999788
EWR-1,8/14/2025,10:40:00 pm,0,2025-08-14 22:40:00,8.1212,9.909,0.001100000000000101
EWR-1,8/14/2025,10:50:00 pm,0,2025-08-14 22:50:00,8.1205,9.898,0.0009999999999999788
EWR-1,8/14/2025,11:00:00 pm,0,2025-08-14 23:00:00,8.12,9.888,0.0009999999999999788
EWR-1,8/14/2025,11:10:00 pm,0,2025-08-14 23:10:00,8.1199,9.878,0.0010999999999999233
EWR-1,8/14/2025,11:20:00 pm,0,2025-08-14 23:20:00,8.1196,9.867,0.001100000000000101
EWR-1,8/14/2025,11:30:00 pm,0,2025-08-14 23:30:00,8.1191,9.856,0.0012000000000000454
EWR-1,8/14/2025,11:40:00 pm,0,2025-08-14 23:40:00,8.1188,9.844,0.0010999999999999233
EWR-1,8/14/2025,11:50:00 pm,0,2025-08-14 23:50:00,8.119,9.833,0.0012000000000000454
EWR-1,8/15/2025,12:00:00 am,0,2025-08-15 00:00:00,8.1189,9.821,0.0012000000000000454
EWR-1,8/15/2025,12:10:00 am,0,2025-08-15 00:10:00,8.1188,9.809,0.0011999999999998678
EWR-1,8/15/2025,12:20:00 am,0,2025-08-15 00:20:00,8.1187,9.797,0.0012000000000000454
EWR-1,8/15/2025,12:30:00 am,0,2025-08-15 00:30:00,8.1186,9.785,0.0012000000000000454
EWR-1,8/15/2025,12:40:00 am,0,2025-08-15 00:40:00,8.119,9.773,0.00129999999999999
EWR-1,8/15/2025,12:50:00 am,0,2025-08-15 00:50:00,8.119,9.76,0.00129999999999999
EWR-1,8/15/2025,01:00:00 am,0,2025-08-15 01:00:00,8.1193,9.747,0.00129999999999999
EWR-1,8/15/2025,01:10:00 am,0,2025-08-15 01:10:00,8.1195,9.734,0.00129999999999999
EWR-1,8/15/2025,01:20:00 am,0,2025-08-15 01:20:00,8.1195,9.721,0.0012000000000000454
EWR-1,8/15/2025,01:30:00 am,0,2025-08-15 01:30:00,8.1197,9.709,0.00129999999999999
EWR-1,8/15/2025,01:40:00 am,0,2025-08-15 01:40:00,8.1201,9.696,0.00129999999999999
EWR-1,8/15/2025,01:50:00 am,0,2025-08-15 01:50:00,8.1204,9.683,0.0013999999999999347
EWR-1,8/15/2025,02:00:00 am,0,2025-08-15 02:00:00,8.1205,9.669,0.00129999999999999
EWR-1,8/15/2025,02:10:00 am,0,2025-08-15 02:10:00,8.1209,9.656,0.00129999999999999
EWR-1,8/15/2025,02:20:00 am,0,2025-08-15 02:20:00,8.1216,9.643,0.0014000000000001123
EWR-1,8/15/2025,02:30:00 am,0,2025-08-15 02:30:00,8.1221,9.629,0.0013999999999999347
EWR-1,8/15/2025,02:40:00 am,0,2025-08-15 02:40:00,8.1226,9.615,0.00129999999999999
EWR-1,8/15/2025,02:50:00 am,0,2025-08-15 02:50:00,8.1232,9.602,0.00129999999999999
EWR-1,8/15/2025,03:00:00 am,0,2025-08-15 03:00:00,8.1239,9.589,0.0014000000000001123
EWR-1,8/15/2025,03:10:00 am,0,2025-08-15 03:10:00,8.1244,9.575,0.00129999999999999
EWR-1,8/15/2025,03:20:00 am,0,2025-08-15 03:20:00,8.125,9.562,0.0013999999999999347
EWR-1,8/15/2025,03:30:00 am,0,2025-08-15 03:30:00,8.1255,9.548,0.0013999999999999347
EWR-1,8/15/2025,03:40:00 am,0,2025-08-15 03:40:00,8.1263,9.534,0.0014000000000001123
EWR-1,8/15/2025,03:50:00 am,0,2025-08-15 03:50:00,8.1266,9.52,0.0013999999999999347
EWR-1,8/15/2025,04:00:00 am,0,2025-08-15 04:00:00,8.1275,9.506,0.0015000000000000568
EWR-1,8/15/2025,04:10:00 am,0,2025-08-15 04:10:00,8.1283,9.491,0.0013999999999999347
EWR-1,8/15/2025,04:20:00 am,0,2025-08-15 04:20:00,8.129,9.477,0.00129999999999999
EWR-1,8/15/2025,04:30:00 am,0,2025-08-15 04:30:00,8.1296,9.464,0.0014000000000001123
EWR-1,8/15/2025,04:40:00 am,0,2025-08-15 04:40:00,8.1306,9.45,0.00129999999999999
EWR-1,8/15/2025,04:50:00 am,0,2025-08-15 04:50:00,8.1317,9.437,0.0013999999999999347
EWR-1,8/15/2025,05:00:00 am,0,2025-08-15 05:00:00,8.1325,9.423,0.0013999999999999347
EWR-1,8/15/2025,05:10:00 am,0,2025-08-15 05:10:00,8.1336,9.409,0.0015000000000000568
EWR-1,8/15/2025,05:20:00 am,0,2025-08-15 05:20:00,8.1354,9.394,0.0013999999999999347
EWR-1,8/15/2025,05:30:00 am,0,2025-08-15 05:30:00,8.1371,9.38,0.00129999999999999
EWR-1,8/15/2025,05:40:00 am,0,2025-08-15 05:40:00,8.1385,9.367,0.0014000000000001123
EWR-1,8/15/2025,05:50:00 am,0,2025-08-15 05:50:00,8.1406,9.353,0.0013999999999999347
EWR-1,8/15/2025,06:00:00 am,0,2025-08-15 06:00:00,8.1424,9.339,0.00129999999999999
EWR-1,8/15/2025,06:10:00 am,0,2025-08-15 06:10:00,8.1442,9.326,0.0014000000000001123
EWR-1,8/15/2025,06:20:00 am,0,2025-08-15 06:20:00,8.1458,9.312,0.00129999999999999
EWR-1,8/15/2025,06:30:00 am,0,2025-08-15 06:30:00,8.1478,9.299,0.0013999999999999347
EWR-1,8/15/2025,06:40:00 am,0,2025-08-15 06:40:00,8.1493,9.285,0.0018000000000000683
EWR-1,8/15/2025,06:50:00 am,0,2025-08-15 06:50:00,8.1509,9.267,0.0014999999999998793
EWR-1,8/15/2025,07:00:00 am,0,2025-08-15 07:00:00,8.1527,9.252,0.00129999999999999
EWR-1,8/15/2025,07:10:00 am,0,2025-08-15 07:10:00,8.1544,9.239,0.00129999999999999
EWR-1,8/15/2025,07:20:00 am,0,2025-08-15 07:20:00,8.1568,9.226,0.0009000000000000341
EWR-1,8/15/2025,07:30:00 am,0,2025-08-15 07:30:00,8.1586,9.217,0.0006999999999999674
EWR-1,8/15/2025,07:40:00 am,0,2025-08-15 07:40:00,8.1604,9.21,0.0010000000000001564
EWR-1,8/15/2025,07:50:00 am,0,2025-08-15 07:50:00,8.1624,9.2,0.0007999999999999119
EWR-1,8/15/2025,08:00:00 am,0,2025-08-15 08:00:00,8.1644,9.192,0.0006000000000000227
EWR-1,8/15/2025,08:10:00 am,0,2025-08-15 08:10:00,8.1667,9.186,0.0005000000000000782
EWR-1,8/15/2025,08:20:00 am,0,2025-08-15 08:20:00,8.1684,9.181,0.00039999999999995595
EWR-1,8/15/2025,08:30:00 am,0,2025-08-15 08:30:00,8.1703,9.177,0.00019999999999988915
EWR-1,8/15/2025,08:40:00 am,0,2025-08-15 08:40:00,8.1721,9.175,0.00010000000000012221
EWR-1,8/15/2025,08:50:00 am,0,2025-08-15 08:50:00,8.1734,9.174,9.999999999994457e-05
EWR-1,8/15/2025,09:00:00 am,0,2025-08-15 09:00:00,8.175,9.173,0.0
EWR-1,8/15/2025,09:10:00 am,0,2025-08-15 09:10:00,8.1766,9.173,0.0
EWR-1,8/15/2025,09:20:00 am,0,2025-08-15 09:20:00,8.1778,9.173,9.999999999994457e-05
EWR-1,8/15/2025,09:30:00 am,0,2025-08-15 09:30:00,8.179,9.172,0.0
EWR-1,8/15/2025,09:40:00 am,0,2025-08-15 09:40:00,8.1799,9.172,0.0
EWR-1,8/15/2025,09:50:00 am,0,2025-08-15 09:50:00,8.1812,9.172,9.999999999994457e-05
EWR-1,8/15/2025,10:00:00 am,0,2025-08-15 10:00:00,8.1815,9.173,0.0
EWR-1,8/15/2025,10:10:00 am,0,2025-08-15 10:10:00,8.1822,9.173,9.999999999994457e-05
EWR-1,8/15/2025,10:20:00 am,0,2025-08-15 10:20:00,8.1827,9.174,0.00010000000000012221
EWR-1,8/15/2025,10:30:00 am,0,2025-08-15 10:30:00,8.1825,9.175,0.00019999999999988915
EWR-1,8/15/2025,10:40:00 am,0,2025-08-15 10:40:00,8.1826,9.177,0.0002000000000000668
EWR-1,8/15/2025,10:50:00 am,0,2025-08-15 10:50:00,8.1825,9.179,0.00030000000000001136
EWR-1,8/15/2025,11:00:00 am,0,2025-08-15 11:00:00,8.182,9.182,0.0004999999999999005
EWR-1,8/15/2025,11:10:00 am,0,2025-08-15 11:10:00,8.1822,9.187,0.000700000000000145
EWR-1,8/15/2025,11:20:00 am,0,2025-08-15 11:20:00,8.1825,9.194,0.0008999999999998564
EWR-1,8/15/2025,11:30:00 am,0,2025-08-15 11:30:00,8.182,9.203,0.0009999999999999788
EWR-1,8/15/2025,11:40:00 am,0,2025-08-15 11:40:00,8.1819,9.213,0.0012000000000000454
EWR-1,8/15/2025,11:50:00 am,0,2025-08-15 11:50:00,8.1819,9.225,0.0012000000000000454
EWR-1,8/15/2025,12:00:00 pm,0,2025-08-15 12:00:00,8.1816,9.237,0.00129999999999999
EWR-1,8/15/2025,12:10:00 pm,0,2025-08-15 12:10:00,8.1814,9.25,0.0013999999999999347
EWR-1,8/15/2025,12:20:00 pm,0,2025-08-15 12:20:00,8.1809,9.264,0.0014000000000001123
EWR-1,8/15/2025,12:30:00 pm,0,2025-08-15 12:30:00,8.1807,9.278,0.0016000000000000014
EWR-1,8/15/2025,12:40:00 pm,0,2025-08-15 12:40:00,8.1803,9.294,0.0016000000000000014
EWR-1,8/15/2025,12:50:00 pm,0,2025-08-15 12:50:00,8.1801,9.31,0.001699999999999946
EWR-1,8/15/2025,01:00:00 pm,0,2025-08-15 13:00:00,8.1799,9.327,0.0018000000000000683
EWR-1,8/15/2025,01:10:00 pm,0,2025-08-15 13:10:00,8.1792,9.345,0.0017999999999998907
EWR-1,8/15/2025,01:20:00 pm,0,2025-08-15 13:20:00,8.1789,9.363,0.0018000000000000683
EWR-1,8/15/2025,01:30:00 pm,0,2025-08-15 13:30:00,8.1785,9.381,0.0019000000000000128
EWR-1,8/15/2025,01:40:00 pm,0,2025-08-15 13:40:00,8.1778,9.4,0.001699999999999946
EWR-1,8/15/2025,01:50:00 pm,0,2025-08-15 13:50:00,8.1775,9.417,0.001699999999999946
EWR-1,8/15/2025,02:00:00 pm,0,2025-08-15 14:00:00,8.1768,9.434,0.0016000000000000014
EWR-1,8/15/2025,02:10:00 pm,0,2025-08-15 14:10:00,8.1759,9.45,0.0016000000000000014
EWR-1,8/15/2025,02:20:00 pm,0,2025-08-15 14:20:00,8.175,9.466,0.0016000000000000014
EWR-1,8/15/2025,02:30:00 pm,0,2025-08-15 14:30:00,8.174,9.482,0.0017000000000001237
EWR-1,8/15/2025,02:40:00 pm,0,2025-08-15 14:40:00,8.1732,9.499,0.0016000000000000014
EWR-1,8/15/2025,02:50:00 pm,0,2025-08-15 14:50:00,8.1727,9.515,0.001699999999999946
EWR-1,8/15/2025,03:00:00 pm,0,2025-08-15 15:00:00,8.1716,9.532,0.0016000000000000014
EWR-1,8/15/2025,03:10:00 pm,0,2025-08-15 15:10:00,8.1706,9.548,0.0016000000000000014
EWR-1,8/15/2025,03:20:00 pm,0,2025-08-15 15:20:00,8.17,9.564,0.001699999999999946
EWR-1,8/15/2025,03:30:00 pm,0,2025-08-15 15:30:00,8.1685,9.581,0.0017000000000001237
EWR-1,8/15/2025,03:40:00 pm,0,2025-08-15 15:40:00,8.1676,9.598,0.001699999999999946
EWR-1,8/15/2025,03:50:00 pm,0,2025-08-15 15:50:00,8.1665,9.615,0.0017999999999998907
EWR-1,8/15/2025,04:00:00 pm,0,2025-08-15 16:00:00,8.1652,9.633,0.0018000000000000683
EWR-1,8/15/2025,04:10:00 pm,0,2025-08-15 16:10:00,8.1644,9.651,0.0018000000000000683
EWR-1,8/15/2025,04:20:00 pm,0,2025-08-15 16:20:00,8.1633,9.669,0.0016000000000000014
EWR-1,8/15/2025,04:30:00 pm,0,2025-08-15 16:30:00,8.1622,9.685,0.001699999999999946
EWR-1,8/15/2025,04:40:00 pm,0,2025-08-15 16:40:00,8.1614,9.702,0.0016000000000000014
EWR-1,8/15/2025,04:50:00 pm,0,2025-08-15 16:50:00,8.1599,9.718,0.0015000000000000568
EWR-1,8/15/2025,05:00:00 pm,0,2025-08-15 17:00:00,8.1591,9.733,0.0014999999999998793
EWR-1,8/15/2025,05:10:00 pm,0,2025-08-15 17:10:00,8.1577,9.748,0.0015000000000000568
EWR-1,8/15/2025,05:20:00 pm,0,2025-08-15 17:20:00,8.1567,9.763,0.0015000000000000568
EWR-1,8/15/2025,05:30:00 pm,0,2025-08-15 17:30:00,8.1555,9.778,0.0016000000000000014
EWR-1,8/15/2025,05:40:00 pm,0,2025-08-15 17:40:00,8.1542,9.794,0.001699999999999946
EWR-1,8/15/2025,05:50:00 pm,0,2025-08-15 17:50:00,8.153,9.811,0.0013999999999999347
EWR-1,8/15/2025,06:00:00 pm,0,2025-08-15 18:00:00,8.152,9.825,0.00129999999999999
EWR-1,8/15/2025,06:10:00 pm,0,2025-08-15 18:10:00,8.1507,9.838,0.0012000000000000454
EWR-1,8/15/2025,06:20:00 pm,0,2025-08-15 18:20:00,8.1493,9.85,0.001100000000000101
EWR-1,8/15/2025,06:30:00 pm,0,2025-08-15 18:30:00,8.148,9.861,0.0008999999999998564
EWR-1,8/15/2025,06:40:00 pm,0,2025-08-15 18:40:00,8.1468,9.87,0.0010000000000001564
EWR-1,8/15/2025,06:50:00 pm,0,2025-08-15 18:50:00,8.1457,9.88,0.0007999999999999119
EWR-1,8/15/2025,07:00:00 pm,0,2025-08-15 19:00:00,8.1445,9.888,0.0008000000000000895
EWR-1,8/15/2025,07:10:00 pm,0,2025-08-15 19:10:00,8.1433,9.896,0.0005999999999998451
EWR-1,8/15/2025,07:20:00 pm,0,2025-08-15 19:20:00,8.1419,9.902,0.0006000000000000227
EWR-1,8/15/2025,07:30:00 pm,0,2025-08-15 19:30:00,8.141,9.908,0.0005000000000000782
EWR-1,8/15/2025,07:40:00 pm,0,2025-08-15 19:40:00,8.1402,9.913,0.00039999999999995595
EWR-1,8/15/2025,07:50:00 pm,0,2025-08-15 19:50:00,8.1389,9.917,0.00030000000000001136
EWR-1,8/15/2025,08:00:00 pm,0,2025-08-15 20:00:00,8.1378,9.92,0.0002000000000000668
EWR-1,8/15/2025,08:10:00 pm,0,2025-08-15 20:10:00,8.1364,9.922,0.00019999999999988915
EWR-1,8/15/2025,08:20:00 pm,0,2025-08-15 20:20:00,8.1358,9.924,0.00010000000000012221
EWR-1,8/15/2025,08:30:00 pm,0,2025-08-15 20:30:00,8.1352,9.925,0.00010000000000012221
EWR-1,8/15/2025,08:40:00 pm,0,2025-08-15 20:40:00,8.1342,9.924,9.999999999994457e-05
EWR-1,8/15/2025,08:50:00 pm,0,2025-08-15 20:50:00,8.1333,9.923,0.0002000000000000668
EWR-1,8/15/2025,09:00:00 pm,0,2025-08-15 21:00:00,8.1322,9.921,0.00019999999999988915
EWR-1,8/15/2025,09:10:00 pm,0,2025-08-15 21:10:00,8.1316,9.919,0.00030000000000001136
EWR-1,8/15/2025,09:20:00 pm,0,2025-08-15 21:20:00,8.1311,9.916,0.00030000000000001136
EWR-1,8/15/2025,09:30:00 pm,0,2025-08-15 21:30:00,8.13,9.913,0.00039999999999995595
EWR-1,8/15/2025,09:40:00 pm,0,2025-08-15 21:40:00,8.1295,9.909,0.0004000000000001336
EWR-1,8/15/2025,09:50:00 pm,0,2025-08-15 21:50:00,8.1287,9.905,0.0004999999999999005
EWR-1,8/15/2025,10:00:00 pm,0,2025-08-15 22:00:00,8.1282,9.9,0.0005000000000000782
EWR-1,8/15/2025,10:10:00 pm,0,2025-08-15 22:10:00,8.1278,9.895,0.0006000000000000227
EWR-1,8/15/2025,10:20:00 pm,0,2025-08-15 22:20:00,8.127,9.889,0.0006000000000000227
EWR-1,8/15/2025,10:30:00 pm,0,2025-08-15 22:30:00,8.127,9.883,0.0006999999999999674
EWR-1,8/15/2025,10:40:00 pm,0,2025-08-15 22:40:00,8.1261,9.876,0.0006999999999999674
EWR-1,8/15/2025,10:50:00 pm,0,2025-08-15 22:50:00,8.1258,9.869,0.0006999999999999674
EWR-1,8/15/2025,11:00:00 pm,0,2025-08-15 23:00:00,8.1255,9.862,0.0008000000000000895
EWR-1,8/15/2025,11:10:00 pm,0,2025-08-15 23:10:00,8.1251,9.854,0.0006999999999999674
EWR-1,8/15/2025,11:20:00 pm,0,2025-08-15 23:20:00,8.1248,9.847,0.0009000000000000341
EWR-1,8/15/2025,11:30:00 pm,0,2025-08-15 23:30:00,8.1247,9.838,0.0006999999999999674
EWR-1,8/15/2025,11:40:00 pm,0,2025-08-15 23:40:00,8.1245,9.831,0.0009000000000000341
EWR-1,8/15/2025,11:50:00 pm,0,2025-08-15 23:50:00,8.124,9.822,0.0008999999999998564
EWR-1,8/16/2025,12:00:00 am,0,2025-08-16 00:00:00,8.1242,9.813,0.0009000000000000341
EWR-1,8/16/2025,12:10:00 am,0,2025-08-16 00:10:00,8.1241,9.804,0.0009000000000000341
EWR-1,8/16/2025,12:20:00 am,0,2025-08-16 00:20:00,8.124,9.795,0.0009999999999999788
EWR-1,8/16/2025,12:30:00 am,0,2025-08-16 00:30:00,8.1241,9.785,0.0009000000000000341
EWR-1,8/16/2025,12:40:00 am,0,2025-08-16 00:40:00,8.1244,9.776,0.0009999999999999788
EWR-1,8/16/2025,12:50:00 am,0,2025-08-16 00:50:00,8.1243,9.766,0.0008000000000000895
EWR-1,8/16/2025,01:00:00 am,0,2025-08-16 01:00:00,8.1248,9.758,0.0008999999999998564
EWR-1,8/16/2025,01:10:00 am,0,2025-08-16 01:10:00,8.1249,9.749,0.0009000000000000341
EWR-1,8/16/2025,01:20:00 am,0,2025-08-16 01:20:00,8.1255,9.74,0.0009000000000000341
EWR-1,8/16/2025,01:30:00 am,0,2025-08-16 01:30:00,8.1258,9.731,0.0009000000000000341
EWR-1,8/16/2025,01:40:00 am,0,2025-08-16 01:40:00,8.1265,9.722,0.0009999999999999788
EWR-1,8/16/2025,01:50:00 am,0,2025-08-16 01:50:00,8.1268,9.712,0.0009000000000000341
EWR-1,8/16/2025,02:00:00 am,0,2025-08-16 02:00:00,8.1275,9.703,0.0010999999999999233
EWR-1,8/16/2025,02:10:00 am,0,2025-08-16 02:10:00,8.1276,9.692,0.001100000000000101
EWR-1,8/16/2025,02:20:00 am,0,2025-08-16 02:20:00,8.1286,9.681,0.0009999999999999788
EWR-1,8/16/2025,02:30:00 am,0,2025-08-16 02:30:00,8.129,9.671,0.0011999999999998678
EWR-1,8/16/2025,02:40:00 am,0,2025-08-16 02:40:00,8.1295,9.659,0.001100000000000101
EWR-1,8/16/2025,02:50:00 am,0,2025-08-16 02:50:00,8.1303,9.648,0.0009999999999999788
EWR-1,8/16/2025,03:00:00 am,0,2025-08-16 03:00:00,8.1311,9.638,0.0012000000000000454
EWR-1,8/16/2025,03:10:00 am,0,2025-08-16 03:10:00,8.1315,9.626,0.0011999999999998678
EWR-1,8/16/2025,03:20:00 am,0,2025-08-16 03:20:00,8.1322,9.614,0.0012000000000000454
EWR-1,8/16/2025,03:30:00 am,0,2025-08-16 03:30:00,8.1327,9.602,0.0012000000000000454
EWR-1,8/16/2025,03:40:00 am,0,2025-08-16 03:40:00,8.1332,9.59,0.00129999999999999
EWR-1,8/16/2025,03:50:00 am,0,2025-08-16 03:50:00,8.1342,9.577,0.0010999999999999233
EWR-1,8/16/2025,04:00:00 am,0,2025-08-16 04:00:00,8.1346,9.566,0.00129999999999999
EWR-1,8/16/2025,04:10:00 am,0,2025-08-16 04:10:00,8.1354,9.553,0.0012000000000000454
EWR-1,8/16/2025,04:20:00 am,0,2025-08-16 04:20:00,8.1365,9.541,0.0012000000000000454
EWR-1,8/16/2025,04:30:00 am,0,2025-08-16 04:30:00,8.1376,9.529,0.0012000000000000454
EWR-1,8/16/2025,04:40:00 am,0,2025-08-16 04:40:00,8.1388,9.517,0.0010999999999999233
EWR-1,8/16/2025,04:50:00 am,0,2025-08-16 04:50:00,8.1402,9.506,0.0012000000000000454
EWR-1,8/16/2025,05:00:00 am,0,2025-08-16 05:00:00,8.1417,9.494,0.0012000000000000454
EWR-1,8/16/2025,05:10:00 am,0,2025-08-16 05:10:00,8.1439,9.482,0.0010999999999999233
EWR-1,8/16/2025,05:20:00 am,0,2025-08-16 05:20:00,8.1457,9.471,0.00129999999999999
EWR-1,8/16/2025,05:30:00 am,0,2025-08-16 05:30:00,8.1475,9.458,0.00129999999999999
EWR-1,8/16/2025,05:40:00 am,0,2025-08-16 05:40:00,8.1493,9.445,0.0012000000000000454
EWR-1,8/16/2025,05:50:00 am,0,2025-08-16 05:50:00,8.1512,9.433,0.00129999999999999
EWR-1,8/16/2025,06:00:00 am,0,2025-08-16 06:00:00,8.153,9.42,0.00129999999999999
EWR-1,8/16/2025,06:10:00 am,0,2025-08-16 06:10:00,8.1548,9.407,0.0012000000000000454
EWR-1,8/16/2025,06:20:00 am,0,2025-08-16 06:20:00,8.1568,9.395,0.0013999999999999347
EWR-1,8/16/2025,06:30:00 am,0,2025-08-16 06:30:00,8.1586,9.381,0.00129999999999999
EWR-1,8/16/2025,06:40:00 am,0,2025-08-16 06:40:00,8.1604,9.368,0.00129999999999999
EWR-1,8/16/2025,06:50:00 am,0,2025-08-16 06:50:00,8.1626,9.355,0.0012000000000000454
EWR-1,8/16/2025,07:00:00 am,0,2025-08-16 07:00:00,8.1642,9.343,0.0012000000000000454
EWR-1,8/16/2025,07:10:00 am,0,2025-08-16 07:10:00,8.1662,9.331,0.0009999999999999788
EWR-1,8/16/2025,07:20:00 am,0,2025-08-16 07:20:00,8.1681,9.321,0.0010999999999999233
EWR-1,8/16/2025,07:30:00 am,0,2025-08-16 07:30:00,8.1703,9.31,0.0008000000000000895
EWR-1,8/16/2025,07:40:00 am,0,2025-08-16 07:40:00,8.172,9.302,0.0007999999999999119
EWR-1,8/16/2025,07:50:00 am,0,2025-08-16 07:50:00,8.174,9.294,0.0006000000000000227
EWR-1,8/16/2025,08:00:00 am,0,2025-08-16 08:00:00,8.1759,9.288,0.0006000000000000227
EWR-1,8/16/2025,08:10:00 am,0,2025-08-16 08:10:00,8.1777,9.282,0.00039999999999995595
EWR-1,8/16/2025,08:20:00 am,0,2025-08-16 08:20:00,8.1798,9.278,0.0002000000000000668
EWR-1,8/16/2025,08:30:00 am,0,2025-08-16 08:30:00,8.1812,9.276,0.0002000000000000668
EWR-1,8/16/2025,08:40:00 am,0,2025-08-16 08:40:00,8.1828,9.274,9.999999999994457e-05
EWR-1,8/16/2025,08:50:00 am,0,2025-08-16 08:50:00,8.1844,9.273,9.999999999994457e-05
EWR-1,8/16/2025,09:00:00 am,0,2025-08-16 09:00:00,8.1857,9.272,0.0
EWR-1,8/16/2025,09:10:00 am,0,2025-08-16 09:10:00,8.1872,9.272,9.999999999994457e-05
EWR-1,8/16/2025,09:20:00 am,0,2025-08-16 09:20:00,8.1887,9.273,0.0
EWR-1,8/16/2025,09:30:00 am,0,2025-08-16 09:30:00,8.1895,9.273,0.0
EWR-1,8/16/2025,09:40:00 am,0,2025-08-16 09:40:00,8.1907,9.273,9.999999999994457e-05
EWR-1,8/16/2025,09:50:00 am,0,2025-08-16 09:50:00,8.192,9.274,0.00010000000000012221
EWR-1,8/16/2025,10:00:00 am,0,2025-08-16 10:00:00,8.1925,9.275,0.00019999999999988915
EWR-1,8/16/2025,10:10:00 am,0,2025-08-16 10:10:00,8.193,9.277,0.0002000000000000668
EWR-1,8/16/2025,10:20:00 am,0,2025-08-16 10:20:00,8.1935,9.279,0.0002000000000000668
EWR-1,8/16/2025,10:30:00 am,0,2025-08-16 10:30:00,8.1941,9.281,0.00030000000000001136
EWR-1,8/16/2025,10:40:00 am,0,2025-08-16 10:40:00,8.1938,9.284,0.00030000000000001136
EWR-1,8/16/2025,10:50:00 am,0,2025-08-16 10:50:00,8.1943,9.287,0.0002999999999998337
EWR-1,8/16/2025,11:00:00 am,0,2025-08-16 11:00:00,8.1936,9.29,0.0005000000000000782
EWR-1,8/16/2025,11:10:00 am,0,2025-08-16 11:10:00,8.194,9.295,0.0008000000000000895
EWR-1,8/16/2025,11:20:00 am,0,2025-08-16 11:20:00,8.194,9.303,0.0008999999999998564
EWR-1,8/16/2025,11:30:00 am,0,2025-08-16 11:30:00,8.1938,9.312,0.0009999999999999788
EWR-1,8/16/2025,11:40:00 am,0,2025-08-16 11:40:00,8.1937,9.322,0.0012000000000000454
EWR-1,8/16/2025,11:50:00 am,0,2025-08-16 11:50:00,8.1937,9.334,0.0012000000000000454
EWR-1,8/16/2025,12:00:00 pm,0,2025-08-16 12:00:00,8.1932,9.346,0.0012000000000000454
EWR-1,8/16/2025,12:10:00 pm,0,2025-08-16 12:10:00,8.193,9.358,0.0013999999999999347
EWR-1,8/16/2025,12:20:00 pm,0,2025-08-16 12:20:00,8.1929,9.372,0.0013999999999999347
EWR-1,8/16/2025,12:30:00 pm,0,2025-08-16 12:30:00,8.1922,9.386,0.0015000000000000568
EWR-1,8/16/2025,12:40:00 pm,0,2025-08-16 12:40:00,8.1916,9.401,0.0015000000000000568
EWR-1,8/16/2025,12:50:00 pm,0,2025-08-16 12:50:00,8.1912,9.416,0.0016000000000000014
EWR-1,8/16/2025,01:00:00 pm,0,2025-08-16 13:00:00,8.191,9.432,0.001699999999999946
EWR-1,8/16/2025,01:10:00 pm,0,2025-08-16 13:10:00,8.1905,9.449,0.001699999999999946
EWR-1,8/16/2025,01:20:00 pm,0,2025-08-16 13:20:00,8.19,9.466,0.0017000000000001237
EWR-1,8/16/2025,01:30:00 pm,0,2025-08-16 13:30:00,8.1892,9.483,0.001699999999999946
EWR-1,8/16/2025,01:40:00 pm,0,2025-08-16 13:40:00,8.1886,9.5,0.0016000000000000014
EWR-1,8/16/2025,01:50:00 pm,0,2025-08-16 13:50:00,8.1875,9.516,0.0015000000000000568
EWR-1,8/16/2025,02:00:00 pm,0,2025-08-16 14:00:00,8.1872,9.531,0.0014999999999998793
EWR-1,8/16/2025,02:10:00 pm,0,2025-08-16 14:10:00,8.1865,9.546,0.0015000000000000568
EWR-1,8/16/2025,02:20:00 pm,0,2025-08-16 14:20:00,8.1854,9.561,0.0013999999999999347
EWR-1,8/16/2025,02:30:00 pm,0,2025-08-16 14:30:00,8.1848,9.575,0.0015000000000000568
EWR-1,8/16/2025,02:40:00 pm,0,2025-08-16 14:40:00,8.1835,9.59,0.0015000000000000568
EWR-1,8/16/2025,02:50:00 pm,0,2025-08-16 14:50:00,8.183,9.605,0.0014999999999998793
EWR-1,8/16/2025,03:00:00 pm,0,2025-08-16 15:00:00,8.1819,9.62,0.0015000000000000568
EWR-1,8/16/2025,03:10:00 pm,0,2025-08-16 15:10:00,8.1807,9.635,0.0015000000000000568
EWR-1,8/16/2025,03:20:00 pm,0,2025-08-16 15:20:00,8.1799,9.65,0.0016000000000000014
EWR-1,8/16/2025,03:30:00 pm,0,2025-08-16 15:30:00,8.1789,9.666,0.0014999999999998793
EWR-1,8/16/2025,03:40:00 pm,0,2025-08-16 15:40:00,8.1779,9.681,0.0017000000000001237
EWR-1,8/16/2025,03:50:00 pm,0,2025-08-16 15:50:00,8.1765,9.698,0.0014999999999998793
EWR-1,8/16/2025,04:00:00 pm,0,2025-08-16 16:00:00,8.1758,9.713,0.0016000000000000014
EWR-1,8/16/2025,04:10:00 pm,0,2025-08-16 16:10:00,8.1742,9.729,0.0016000000000000014
EWR-1,8/16/2025,04:20:00 pm,0,2025-08-16 16:20:00,8.173,9.745,0.0015000000000000568
EWR-1,8/16/2025,04:30:00 pm,0,2025-08-16 16:30:00,8.1719,9.76,0.0013999999999999347
EWR-1,8/16/2025,04:40:00 pm,0,2025-08-16 16:40:00,8.1706,9.774,0.0014000000000001123
EWR-1,8/16/2025,04:50:00 pm,0,2025-08-16 16:50:00,8.1695,9.788,0.0015000000000000568
EWR-1,8/16/2025,05:00:00 pm,0,2025-08-16 17:00:00,8.168,9.803,0.0013999999999999347
EWR-1,8/16/2025,05:10:00 pm,0,2025-08-16 17:10:00,8.1669,9.817,0.0015000000000000568
EWR-1,8/16/2025,05:20:00 pm,0,2025-08-16 17:20:00,8.1657,9.832,0.0013999999999999347
EWR-1,8/16/2025,05:30:00 pm,0,2025-08-16 17:30:00,8.1644,9.846,0.0016000000000000014
EWR-1,8/16/2025,05:40:00 pm,0,2025-08-16 17:40:00,8.1633,9.862,0.0013999999999999347
EWR-1,8/16/2025,05:50:00 pm,0,2025-08-16 17:50:00,8.1619,9.876,0.0014000000000001123
EWR-1,8/16/2025,06:00:00 pm,0,2025-08-16 18:00:00,8.1606,9.89,0.0011999999999998678
EWR-1,8/16/2025,06:10:00 pm,0,2025-08-16 18:10:00,8.1593,9.902,0.0010000000000001564
EWR-1,8/16/2025,06:20:00 pm,0,2025-08-16 18:20:00,8.1583,9.912,0.0008999999999998564
EWR-1,8/16/2025,06:30:00 pm,0,2025-08-16 18:30:00,8.1571,9.921,0.0008000000000000895
EWR-1,8/16/2025,06:40:00 pm,0,2025-08-16 18:40:00,8.1552,9.929,0.0007999999999999119
EWR-1,8/16/2025,06:50:00 pm,0,2025-08-16 18:50:00,8.1542,9.937,0.000700000000000145
EWR-1,8/16/2025,07:00:00 pm,0,2025-08-16 19:00:00,8.1529,9.944,0.0004999999999999005
EWR-1,8/16/2025,07:10:00 pm,0,2025-08-16 19:10:00,8.1516,9.949,0.0005000000000000782
EWR-1,8/16/2025,07:20:00 pm,0,2025-08-16 19:20:00,8.1504,9.954,0.00030000000000001136
EWR-1,8/16/2025,07:30:00 pm,0,2025-08-16 19:30:00,8.1492,9.957,0.00030000000000001136
EWR-1,8/16/2025,07:40:00 pm,0,2025-08-16 19:40:00,8.1481,9.96,0.00019999999999988915
EWR-1,8/16/2025,07:50:00 pm,0,2025-08-16 19:50:00,8.1468,9.962,0.0002000000000000668
EWR-1,8/16/2025,08:00:00 pm,0,2025-08-16 20:00:00,8.1457,9.964,0.0
EWR-1,8/16/2025,08:10:00 pm,0,2025-08-16 20:10:00,8.1448,9.964,0.00010000000000012221
EWR-1,8/16/2025,08:20:00 pm,0,2025-08-16 20:20:00,8.1439,9.963,9.999999999994457e-05
EWR-1,8/16/2025,08:30:00 pm,0,2025-08-16 20:30:00,8.1433,9.962,0.00019999999999988915
EWR-1,8/16/2025,08:40:00 pm,0,2025-08-16 20:40:00,8.1421,9.96,0.00030000000000001136
EWR-1,8/16/2025,08:50:00 pm,0,2025-08-16 20:50:00,8.1413,9.957,0.0002000000000000668
EWR-1,8/16/2025,09:00:00 pm,0,2025-08-16 21:00:00,8.1404,9.955,0.00030000000000001136
EWR-1,8/16/2025,09:10:00 pm,0,2025-08-16 21:10:00,8.1396,9.952,0.00030000000000001136
EWR-1,8/16/2025,09:20:00 pm,0,2025-08-16 21:20:00,8.1389,9.949,0.00030000000000001136
EWR-1,8/16/2025,09:30:00 pm,0,2025-08-16 21:30:00,8.1382,9.946,0.00039999999999995595
EWR-1,8/16/2025,09:40:00 pm,0,2025-08-16 21:40:00,8.1376,9.942,0.00030000000000001136
EWR-1,8/16/2025,09:50:00 pm,0,2025-08-16 21:50:00,8.137,9.939,0.00039999999999995595
EWR-1,8/16/2025,10:00:00 pm,0,2025-08-16 22:00:00,8.1367,9.935,0.00030000000000001136
EWR-1,8/16/2025,10:10:00 pm,0,2025-08-16 22:10:00,8.136,9.932,0.0005000000000000782
EWR-1,8/16/2025,10:20:00 pm,0,2025-08-16 22:20:00,8.135,9.927,0.00039999999999995595
EWR-1,8/16/2025,10:30:00 pm,0,2025-08-16 22:30:00,8.1348,9.923,0.0006000000000000227
EWR-1,8/16/2025,10:40:00 pm,0,2025-08-16 22:40:00,8.1343,9.917,0.0004999999999999005
EWR-1,8/16/2025,10:50:00 pm,0,2025-08-16 22:50:00,8.1338,9.912,0.0004000000000001336
EWR-1,8/16/2025,11:00:00 pm,0,2025-08-16 23:00:00,8.1337,9.908,0.0006000000000000227
EWR-1,8/16/2025,11:10:00 pm,0,2025-08-16 23:10:00,8.1333,9.902,0.0004999999999999005
EWR-1,8/16/2025,11:20:00 pm,0,2025-08-16 23:20:00,8.1329,9.897,0.0006999999999999674
EWR-1,8/16/2025,11:30:00 pm,0,2025-08-16 23:30:00,8.1328,9.89,0.0008000000000000895
EWR-1,8/16/2025,11:40:00 pm,0,2025-08-16 23:40:00,8.1327,9.882,0.0009000000000000341
EWR-1,8/16/2025,11:50:00 pm,0,2025-08-16 23:50:00,8.1325,9.873,0.0009999999999999788
EWR-1,8/17/2025,12:00:00 am,0,2025-08-17 00:00:00,8.1325,9.863,0.0009999999999999788
EWR-1,8/17/2025,12:10:00 am,0,2025-08-17 00:10:00,8.1324,9.853,0.0009999999999999788
EWR-1,8/17/2025,12:20:00 am,0,2025-08-17 00:20:00,8.1321,9.843,0.0009999999999999788
EWR-1,8/17/2025,12:30:00 am,0,2025-08-17 00:30:00,8.1321,9.833,0.0009999999999999788
EWR-1,8/17/2025,12:40:00 am,0,2025-08-17 00:40:00,8.1323,9.823,0.0009000000000000341
EWR-1,8/17/2025,12:50:00 am,0,2025-08-17 00:50:00,8.1326,9.814,0.0009999999999999788
EWR-1,8/17/2025,01:00:00 am,0,2025-08-17 01:00:00,8.1324,9.804,0.0008000000000000895
EWR-1,8/17/2025,01:10:00 am,0,2025-08-17 01:10:00,8.1328,9.796,0.0008999999999998564
EWR-1,8/17/2025,01:20:00 am,0,2025-08-17 01:20:00,8.1329,9.787,0.0010000000000001564
EWR-1,8/17/2025,01:30:00 am,0,2025-08-17 01:30:00,8.1332,9.777,0.0008999999999998564
EWR-1,8/17/2025,01:40:00 am,0,2025-08-17 01:40:00,8.1339,9.768,0.0010000000000001564
EWR-1,8/17/2025,01:50:00 am,0,2025-08-17 01:50:00,8.1343,9.758,0.0009999999999999788
EWR-1,8/17/2025,02:00:00 am,0,2025-08-17 02:00:00,8.1347,9.748,0.0010999999999999233
EWR-1,8/17/2025,02:10:00 am,0,2025-08-17 02:10:00,8.135,9.737,0.0012000000000000454
EWR-1,8/17/2025,02:20:00 am,0,2025-08-17 02:20:00,8.1354,9.725,0.0010999999999999233
EWR-1,8/17/2025,02:30:00 am,0,2025-08-17 02:30:00,8.1358,9.714,0.001100000000000101
EWR-1,8/17/2025,02:40:00 am,0,2025-08-17 02:40:00,8.1365,9.703,0.0011999999999998678
EWR-1,8/17/2025,02:50:00 am,0,2025-08-17 02:50:00,8.137,9.691,0.0012000000000000454
EWR-1,8/17/2025,03:00:00 am,0,2025-08-17 03:00:00,8.1376,9.679,0.0012000000000000454
EWR-1,8/17/2025,03:10:00 am,0,2025-08-17 03:10:00,8.138,9.667,0.0010999999999999233
EWR-1,8/17/2025,03:20:00 am,0,2025-08-17 03:20:00,8.1387,9.656,0.001100000000000101
EWR-1,8/17/2025,03:30:00 am,0,2025-08-17 03:30:00,8.1396,9.645,0.0010999999999999233
EWR-1,8/17/2025,03:40:00 am,0,2025-08-17 03:40:00,8.1409,9.634,0.0012000000000000454
EWR-1,8/17/2025,03:50:00 am,0,2025-08-17 03:50:00,8.1422,9.622,0.0012000000000000454
EWR-1,8/17/2025,04:00:00 am,0,2025-08-17 04:00:00,8.1435,9.61,0.0011999999999998678
EWR-1,8/17/2025,04:10:00 am,0,2025-08-17 04:10:00,8.1447,9.598,0.0012000000000000454
EWR-1,8/17/2025,04:20:00 am,0,2025-08-17 04:20:00,8.1468,9.586,0.001100000000000101
EWR-1,8/17/2025,04:30:00 am,0,2025-08-17 04:30:00,8.1486,9.575,0.0011999999999998678
EWR-1,8/17/2025,04:40:00 am,0,2025-08-17 04:40:00,8.1504,9.563,0.0012000000000000454
EWR-1,8/17/2025,04:50:00 am,0,2025-08-17 04:50:00,8.1516,9.551,0.0012000000000000454
EWR-1,8/17/2025,05:00:00 am,0,2025-08-17 05:00:00,8.1536,9.539,0.00129999999999999
EWR-1,8/17/2025,05:10:00 am,0,2025-08-17 05:10:00,8.155,9.526,0.0012000000000000454
EWR-1,8/17/2025,05:20:00 am,0,2025-08-17 05:20:00,8.1566,9.514,0.0011999999999998678
EWR-1,8/17/2025,05:30:00 am,0,2025-08-17 05:30:00,8.1587,9.502,0.0012000000000000454
EWR-1,8/17/2025,05:40:00 am,0,2025-08-17 05:40:00,8.1603,9.49,0.0012000000000000454
EWR-1,8/17/2025,05:50:00 am,0,2025-08-17 05:50:00,8.1623,9.478,0.0012000000000000454
EWR-1,8/17/2025,06:00:00 am,0,2025-08-17 06:00:00,8.1644,9.466,0.00129999999999999
EWR-1,8/17/2025,06:10:00 am,0,2025-08-17 06:10:00,8.1662,9.453,0.0010999999999999233
EWR-1,8/17/2025,06:20:00 am,0,2025-08-17 06:20:00,8.1682,9.442,0.00129999999999999
EWR-1,8/17/2025,06:30:00 am,0,2025-08-17 06:30:00,8.1701,9.429,0.0014000000000001123
EWR-1,8/17/2025,06:40:00 am,0,2025-08-17 06:40:00,8.1719,9.415,0.00129999999999999
EWR-1,8/17/2025,06:50:00 am,0,2025-08-17 06:50:00,8.1739,9.402,0.0011999999999998678
EWR-1,8/17/2025,07:00:00 am,0,2025-08-17 07:00:00,8.1756,9.39,0.001100000000000101
EWR-1,8/17/2025,07:10:00 am,0,2025-08-17 07:10:00,8.177,9.379,0.0009999999999999788
EWR-1,8/17/2025,07:20:00 am,0,2025-08-17 07:20:00,8.179,9.369,0.0009000000000000341
EWR-1,8/17/2025,07:30:00 am,0,2025-08-17 07:30:00,8.1806,9.36,0.0007999999999999119
EWR-1,8/17/2025,07:40:00 am,0,2025-08-17 07:40:00,8.1821,9.352,0.0006999999999999674
EWR-1,8/17/2025,07:50:00 am,0,2025-08-17 07:50:00,8.184,9.345,0.0005000000000000782
EWR-1,8/17/2025,08:00:00 am,0,2025-08-17 08:00:00,8.1856,9.34,0.00039999999999995595
EWR-1,8/17/2025,08:10:00 am,0,2025-08-17 08:10:00,8.1871,9.336,0.00039999999999995595
EWR-1,8/17/2025,08:20:00 am,0,2025-08-17 08:20:00,8.1883,9.332,0.0002000000000000668
EWR-1,8/17/2025,08:30:00 am,0,2025-08-17 08:30:00,8.1893,9.33,9.999999999994457e-05
EWR-1,8/17/2025,08:40:00 am,0,2025-08-17 08:40:00,8.1906,9.329,0.0002000000000000668
EWR-1,8/17/2025,08:50:00 am,0,2025-08-17 08:50:00,8.1919,9.327,9.999999999994457e-05
EWR-1,8/17/2025,09:00:00 am,0,2025-08-17 09:00:00,8.1928,9.326,0.0
EWR-1,8/17/2025,09:10:00 am,0,2025-08-17 09:10:00,8.1937,9.326,0.0
EWR-1,8/17/2025,09:20:00 am,0,2025-08-17 09:20:00,8.1946,9.326,0.00019999999999988915
EWR-1,8/17/2025,09:30:00 am,0,2025-08-17 09:30:00,8.1956,9.328,0.0002000000000000668
EWR-1,8/17/2025,09:40:00 am,0,2025-08-17 09:40:00,8.1962,9.33,0.0002000000000000668
EWR-1,8/17/2025,09:50:00 am,0,2025-08-17 09:50:00,8.1968,9.332,0.00019999999999988915
EWR-1,8/17/2025,10:00:00 am,0,2025-08-17 10:00:00,8.1977,9.334,0.00030000000000001136
EWR-1,8/17/2025,10:10:00 am,0,2025-08-17 10:10:00,8.1979,9.337,0.0002000000000000668
EWR-1,8/17/2025,10:20:00 am,0,2025-08-17 10:20:00,8.1978,9.339,0.00030000000000001136
EWR-1,8/17/2025,10:30:00 am,0,2025-08-17 10:30:00,8.1977,9.342,0.00030000000000001136
EWR-1,8/17/2025,10:40:00 am,0,2025-08-17 10:40:00,8.1978,9.345,0.00030000000000001136
EWR-1,8/17/2025,10:50:00 am,0,2025-08-17 10:50:00,8.1977,9.348,0.0004999999999999005
EWR-1,8/17/2025,11:00:00 am,0,2025-08-17 11:00:00,8.1972,9.353,0.0006000000000000227
EWR-1,8/17/2025,11:10:00 am,0,2025-08-17 11:10:00,8.197,9.359,0.0008000000000000895
EWR-1,8/17/2025,11:20:00 am,0,2025-08-17 11:20:00,8.1966,9.367,0.0009999999999999788
EWR-1,8/17/2025,11:30:00 am,0,2025-08-17 11:30:00,8.1968,9.377,0.0011999999999998678
EWR-1,8/17/2025,11:40:00 am,0,2025-08-17 11:40:00,8.1962,9.389,0.0012000000000000454
EWR-1,8/17/2025,11:50:00 am,0,2025-08-17 11:50:00,8.1959,9.401,0.0013999999999999347
EWR-1,8/17/2025,12:00:00 pm,0,2025-08-17 12:00:00,8.1956,9.415,0.0014000000000001123
EWR-1,8/17/2025,12:10:00 pm,0,2025-08-17 12:10:00,8.1952,9.429,0.0015000000000000568
EWR-1,8/17/2025,12:20:00 pm,0,2025-08-17 12:20:00,8.1948,9.444,0.0014999999999998793
EWR-1,8/17/2025,12:30:00 pm,0,2025-08-17 12:30:00,8.194,9.459,0.0017000000000001237
EWR-1,8/17/2025,12:40:00 pm,0,2025-08-17 12:40:00,8.1937,9.476,0.0016000000000000014
EWR-1,8/17/2025,12:50:00 pm,0,2025-08-17 12:50:00,8.1931,9.492,0.0015999999999998238
EWR-1,8/17/2025,01:00:00 pm,0,2025-08-17 13:00:00,8.1925,9.508,0.0016000000000000014
EWR-1,8/17/2025,01:10:00 pm,0,2025-08-17 13:10:00,8.1919,9.524,0.0015000000000000568
EWR-1,8/17/2025,01:20:00 pm,0,2025-08-17 13:20:00,8.191,9.539,0.0016000000000000014
EWR-1,8/17/2025,01:30:00 pm,0,2025-08-17 13:30:00,8.1904,9.555,0.0015000000000000568
EWR-1,8/17/2025,01:40:00 pm,0,2025-08-17 13:40:00,8.1893,9.57,0.0013999999999999347
EWR-1,8/17/2025,01:50:00 pm,0,2025-08-17 13:50:00,8.1886,9.584,0.0014000000000001123
EWR-1,8/17/2025,02:00:00 pm,0,2025-08-17 14:00:00,8.1876,9.598,0.0013999999999999347
EWR-1,8/17/2025,02:10:00 pm,0,2025-08-17 14:10:00,8.1867,9.612,0.0013999999999999347
EWR-1,8/17/2025,02:20:00 pm,0,2025-08-17 14:20:00,8.1857,9.626,0.0014000000000001123
EWR-1,8/17/2025,02:30:00 pm,0,2025-08-17 14:30:00,8.1844,9.64,0.0014999999999998793
EWR-1,8/17/2025,02:40:00 pm,0,2025-08-17 14:40:00,8.1834,9.655,0.0015000000000000568
EWR-1,8/17/2025,02:50:00 pm,0,2025-08-17 14:50:00,8.1824,9.67,0.0013999999999999347
EWR-1,8/17/2025,03:00:00 pm,0,2025-08-17 15:00:00,8.1814,9.684,0.0015000000000000568
EWR-1,8/17/2025,03:10:00 pm,0,2025-08-17 15:10:00,8.1801,9.699,0.0015000000000000568
EWR-1,8/17/2025,03:20:00 pm,0,2025-08-17 15:20:00,8.1788,9.714,0.0014999999999998793
EWR-1,8/17/2025,03:30:00 pm,0,2025-08-17 15:30:00,8.1777,9.729,0.0015000000000000568
EWR-1,8/17/2025,03:40:00 pm,0,2025-08-17 15:40:00,8.1761,9.744,0.0016000000000000014
EWR-1,8/17/2025,03:50:00 pm,0,2025-08-17 15:50:00,8.1747,9.76,0.0016000000000000014
EWR-1,8/17/2025,04:00:00 pm,0,2025-08-17 16:00:00,8.1739,9.776,0.0016000000000000014
EWR-1,8/17/2025,04:10:00 pm,0,2025-08-17 16:10:00,8.1729,9.792,0.001699999999999946
EWR-1,8/17/2025,04:20:00 pm,0,2025-08-17 16:20:00,8.1712,9.809,0.0016000000000000014
EWR-1,8/17/2025,04:30:00 pm,0,2025-08-17 16:30:00,8.1704,9.825,0.0015000000000000568
EWR-1,8/17/2025,04:40:00 pm,0,2025-08-17 16:40:00,8.1686,9.84,0.0013999999999999347
EWR-1,8/17/2025,04:50:00 pm,0,2025-08-17 16:50:00,8.1677,9.854,0.0014000000000001123
EWR-1,8/17/2025,05:00:00 pm,0,2025-08-17 17:00:00,8.166,9.868,0.0013999999999999347
EWR-1,8/17/2025,05:10:00 pm,0,2025-08-17 17:10:00,8.165,9.882,0.0014000000000001123
EWR-1,8/17/2025,05:20:00 pm,0,2025-08-17 17:20:00,8.1636,9.896,0.0014999999999998793
EWR-1,8/17/2025,05:30:00 pm,0,2025-08-17 17:30:00,8.1623,9.911,0.0016000000000000014
EWR-1,8/17/2025,05:40:00 pm,0,2025-08-17 17:40:00,8.161,9.927,0.0015000000000000568
EWR-1,8/17/2025,05:50:00 pm,0,2025-08-17 17:50:00,8.1598,9.942,0.0013999999999999347
EWR-1,8/17/2025,06:00:00 pm,0,2025-08-17 18:00:00,8.1586,9.956,0.0012000000000000454
EWR-1,8/17/2025,06:10:00 pm,0,2025-08-17 18:10:00,8.1568,9.968,0.0010999999999999233
EWR-1,8/17/2025,06:20:00 pm,0,2025-08-17 18:20:00,8.1556,9.979,0.001100000000000101
EWR-1,8/17/2025,06:30:00 pm,0,2025-08-17 18:30:00,8.154,9.99,0.0009000000000000341
EWR-1,8/17/2025,06:40:00 pm,0,2025-08-17 18:40:00,8.1525,9.999,0.0007999999999999119
EWR-1,8/17/2025,06:50:00 pm,0,2025-08-17 18:50:00,8.1515,10.007,0.0006000000000000227
EWR-1,8/17/2025,07:00:00 pm,0,2025-08-17 19:00:00,8.1498,10.013,0.0006000000000000227
EWR-1,8/17/2025,07:10:00 pm,0,2025-08-17 19:10:00,8.1487,10.019,0.00030000000000001136
EWR-1,8/17/2025,07:20:00 pm,0,2025-08-17 19:20:00,8.147,10.022,0.00039999999999995595
EWR-1,8/17/2025,07:30:00 pm,0,2025-08-17 19:30:00,8.1461,10.026,0.0002000000000000668
EWR-1,8/17/2025,07:40:00 pm,0,2025-08-17 19:40:00,8.1449,10.028,0.00019999999999988915
EWR-1,8/17/2025,07:50:00 pm,0,2025-08-17 19:50:00,8.1433,10.03,0.00010000000000012221
EWR-1,8/17/2025,08:00:00 pm,0,2025-08-17 20:00:00,8.1423,10.031,9.999999999994457e-05
EWR-1,8/17/2025,08:10:00 pm,0,2025-08-17 20:10:00,8.141,10.032,0.0
EWR-1,8/17/2025,08:20:00 pm,0,2025-08-17 20:20:00,8.1402,10.032,9.999999999994457e-05
EWR-1,8/17/2025,08:30:00 pm,0,2025-08-17 20:30:00,8.139,10.031,0.00010000000000012221
EWR-1,8/17/2025,08:40:00 pm,0,2025-08-17 20:40:00,8.1381,10.03,0.00019999999999988915
EWR-1,8/17/2025,08:50:00 pm,0,2025-08-17 20:50:00,8.1369,10.028,0.0002000000000000668
EWR-1,8/17/2025,09:00:00 pm,0,2025-08-17 21:00:00,8.1362,10.026,0.00030000000000001136
EWR-1,8/17/2025,09:10:00 pm,0,2025-08-17 21:10:00,8.1354,10.023,0.00030000000000001136
EWR-1,8/17/2025,09:20:00 pm,0,2025-08-17 21:20:00,8.1345,10.02,0.00039999999999995595
EWR-1,8/17/2025,09:30:00 pm,0,2025-08-17 21:30:00,8.1334,10.016,0.0005000000000000782
EWR-1,8/17/2025,09:40:00 pm,0,2025-08-17 21:40:00,8.1325,10.011,0.0004999999999999005
EWR-1,8/17/2025,09:50:00 pm,0,2025-08-17 21:50:00,8.1317,10.006,0.0005000000000000782
EWR-1,8/17/2025,10:00:00 pm,0,2025-08-17 22:00:00,8.1311,10.001,0.0004999999999999005
EWR-1,8/17/2025,10:10:00 pm,0,2025-08-17 22:10:00,8.1302,9.996,0.0006000000000000227
EWR-1,8/17/2025,10:20:00 pm,0,2025-08-17 22:20:00,8.1296,9.99,0.0005000000000000782
EWR-1,8/17/2025,10:30:00 pm,0,2025-08-17 22:30:00,8.1292,9.985,0.0006000000000000227
EWR-1,8/17/2025,10:40:00 pm,0,2025-08-17 22:40:00,8.1287,9.979,0.00039999999999995595
EWR-1,8/17/2025,10:50:00 pm,0,2025-08-17 22:50:00,8.1281,9.975,0.0004999999999999005
EWR-1,8/17/2025,11:00:00 pm,0,2025-08-17 23:00:00,8.1276,9.97,0.0005000000000000782
EWR-1,8/17/2025,11:10:00 pm,0,2025-08-17 23:10:00,8.1275,9.965,0.0006000000000000227
EWR-1,8/17/2025,11:20:00 pm,0,2025-08-17 23:20:00,8.1272,9.959,0.0006000000000000227
EWR-1,8/17/2025,11:30:00 pm,0,2025-08-17 23:30:00,8.1272,9.953,0.0006000000000000227
EWR-1,8/17/2025,11:40:00 pm,0,2025-08-17 23:40:00,8.1268,9.947,0.0006999999999999674
EWR-1,8/17/2025,11:50:00 pm,0,2025-08-17 23:50:00,8.1266,9.94,0.0006999999999999674
EWR-1,8/18/2025,12:00:00 am,0,2025-08-18 00:00:00,8.1268,9.933,0.0007999999999999119
EWR-1,8/18/2025,12:10:00 am,0,2025-08-18 00:10:00,8.1265,9.925,0.0008000000000000895
EWR-1,8/18/2025,12:20:00 am,0,2025-08-18 00:20:00,8.1267,9.917,0.0006000000000000227
EWR-1,8/18/2025,12:30:00 am,0,2025-08-18 00:30:00,8.1268,9.911,0.0006999999999999674
EWR-1,8/18/2025,12:40:00 am,0,2025-08-18 00:40:00,8.1267,9.904,0.0006000000000000227
EWR-1,8/18/2025,12:50:00 am,0,2025-08-18 00:50:00,8.1273,9.898,0.00030000000000001136
EWR-1,8/18/2025,01:00:00 am,0,2025-08-18 01:00:00,8.1273,9.895,0.00039999999999995595
EWR-1,8/18/2025,01:10:00 am,0,2025-08-18 01:10:00,8.1276,9.891,0.0002000000000000668
EWR-1,8/18/2025,01:20:00 am,0,2025-08-18 01:20:00,8.1282,9.889,0.00019999999999988915
EWR-1,8/18/2025,01:30:00 am,0,2025-08-18 01:30:00,8.1288,9.887,0.0002000000000000668
EWR-1,8/18/2025,01:40:00 am,0,2025-08-18 01:40:00,8.1292,9.885,0.0002000000000000668
EWR-1,8/18/2025,01:50:00 am,0,2025-08-18 01:50:00,8.1299,9.883,9.999999999994457e-05
EWR-1,8/18/2025,02:00:00 am,0,2025-08-18 02:00:00,8.1304,9.882,0.00019999999999988915
EWR-1,8/18/2025,02:10:00 am,0,2025-08-18 02:10:00,8.1312,9.88,0.0002000000000000668
EWR-1,8/18/2025,02:20:00 am,0,2025-08-18 02:20:00,8.1314,9.878,0.0002000000000000668
EWR-1,8/18/2025,02:30:00 am,0,2025-08-18 02:30:00,8.1321,9.876,9.999999999994457e-05
EWR-1,8/18/2025,02:40:00 am,0,2025-08-18 02:40:00,8.1334,9.875,0.0002000000000000668
EWR-1,8/18/2025,02:50:00 am,0,2025-08-18 02:50:00,8.1345,9.873,0.00019999999999988915
EWR-1,8/18/2025,03:00:00 am,0,2025-08-18 03:00:00,8.136,9.871,0.00030000000000001136
EWR-1,8/18/2025,03:10:00 am,0,2025-08-18 03:10:00,8.1376,9.868,0.00030000000000001136
EWR-1,8/18/2025,03:20:00 am,0,2025-08-18 03:20:00,8.1395,9.865,0.0005000000000000782
EWR-1,8/18/2025,03:30:00 am,0,2025-08-18 03:30:00,8.1411,9.86,0.0006000000000000227
EWR-1,8/18/2025,03:40:00 am,0,2025-08-18 03:40:00,8.1432,9.854,0.0006999999999999674
EWR-1,8/18/2025,03:50:00 am,0,2025-08-18 03:50:00,8.1445,9.847,0.0009999999999999788
EWR-1,8/18/2025,04:00:00 am,0,2025-08-18 04:00:00,8.146,9.837,0.0010999999999999233
EWR-1,8/18/2025,04:10:00 am,0,2025-08-18 04:10:00,8.1477,9.826,0.0012000000000000454
EWR-1,8/18/2025,04:20:00 am,0,2025-08-18 04:20:00,8.1489,9.814,0.0012000000000000454
EWR-1,8/18/2025,04:30:00 am,0,2025-08-18 04:30:00,8.1504,9.802,0.0012000000000000454
EWR-1,8/18/2025,04:40:00 am,0,2025-08-18 04:40:00,8.1517,9.79,0.00129999999999999
EWR-1,8/18/2025,04:50:00 am,0,2025-08-18 04:50:00,8.1535,9.777,0.0011999999999998678
EWR-1,8/18/2025,05:00:00 am,0,2025-08-18 05:00:00,8.1548,9.765,0.0012000000000000454
EWR-1,8/18/2025,05:10:00 am,0,2025-08-18 05:10:00,8.1561,9.753,0.0012000000000000454
EWR-1,8/18/2025,05:20:00 am,0,2025-08-18 05:20:00,8.1579,9.741,0.0010999999999999233
EWR-1,8/18/2025,05:30:00 am,0,2025-08-18 05:30:00,8.1592,9.73,0.001100000000000101
EWR-1,8/18/2025,05:40:00 am,0,2025-08-18 05:40:00,8.1607,9.719,0.00129999999999999
EWR-1,8/18/2025,05:50:00 am,0,2025-08-18 05:50:00,8.1626,9.706,0.00129999999999999
EWR-1,8/18/2025,06:00:00 am,0,2025-08-18 06:00:00,8.1641,9.693,0.00129999999999999
EWR-1,8/18/2025,06:10:00 am,0,2025-08-18 06:10:00,8.1659,9.68,0.0012000000000000454
EWR-1,8/18/2025,06:20:00 am,0,2025-08-18 06:20:00,8.168,9.668,0.0013999999999999347
EWR-1,8/18/2025,06:30:00 am,0,2025-08-18 06:30:00,8.1694,9.654,0.00129999999999999
EWR-1,8/18/2025,06:40:00 am,0,2025-08-18 06:40:00,8.1712,9.641,0.0012000000000000454
EWR-1,8/18/2025,06:50:00 am,0,2025-08-18 06:50:00,8.1729,9.629,0.0011999999999998678
EWR-1,8/18/2025,07:00:00 am,0,2025-08-18 07:00:00,8.1745,9.617,0.001100000000000101
EWR-1,8/18/2025,07:10:00 am,0,2025-08-18 07:10:00,8.1761,9.606,0.0009999999999999788
EWR-1,8/18/2025,07:20:00 am,0,2025-08-18 07:20:00,8.1777,9.596,0.0008000000000000895
EWR-1,8/18/2025,07:30:00 am,0,2025-08-18 07:30:00,8.179,9.588,0.00039999999999995595
EWR-1,8/18/2025,07:40:00 am,0,2025-08-18 07:40:00,8.1809,9.584,0.00019999999999988915
EWR-1,8/18/2025,07:50:00 am,0,2025-08-18 07:50:00,8.1824,9.582,0.00010000000000012221
EWR-1,8/18/2025,08:00:00 am,0,2025-08-18 08:00:00,8.1843,9.581,0.00010000000000012221
EWR-1,8/18/2025,08:10:00 am,0,2025-08-18 08:10:00,8.186,9.582,0.00019999999999988915
EWR-1,8/18/2025,08:20:00 am,0,2025-08-18 08:20:00,8.1872,9.584,0.0002000000000000668
EWR-1,8/18/2025,08:30:00 am,0,2025-08-18 08:30:00,8.189,9.586,0.00019999999999988915
EWR-1,8/18/2025,08:40:00 am,0,2025-08-18 08:40:00,8.1904,9.588,0.0002000000000000668
EWR-1,8/18/2025,08:50:00 am,0,2025-08-18 08:50:00,8.1915,9.59,0.0002000000000000668
EWR-1,8/18/2025,09:00:00 am,0,2025-08-18 09:00:00,8.193,9.592,0.00019999999999988915
EWR-1,8/18/2025,09:10:00 am,0,2025-08-18 09:10:00,8.194,9.594,0.0002000000000000668
EWR-1,8/18/2025,09:20:00 am,0,2025-08-18 09:20:00,8.1943,9.596,0.0002000000000000668
EWR-1,8/18/2025,09:30:00 am,0,2025-08-18 09:30:00,8.195,9.598,9.999999999994457e-05
EWR-1,8/18/2025,09:40:00 am,0,2025-08-18 09:40:00,8.1953,9.599,0.0002000000000000668
EWR-1,8/18/2025,09:50:00 am,0,2025-08-18 09:50:00,8.1955,9.601,9.999999999994457e-05
EWR-1,8/18/2025,10:00:00 am,0,2025-08-18 10:00:00,8.1955,9.602,0.0
EWR-1,8/18/2025,10:10:00 am,0,2025-08-18 10:10:00,8.1956,9.602,9.999999999994457e-05
EWR-1,8/18/2025,10:20:00 am,0,2025-08-18 10:20:00,8.1953,9.603,0.0002000000000000668
EWR-1,8/18/2025,10:30:00 am,0,2025-08-18 10:30:00,8.195,9.605,0.00019999999999988915
EWR-1,8/18/2025,10:40:00 am,0,2025-08-18 10:40:00,8.1947,9.607,0.0002000000000000668
EWR-1,8/18/2025,10:50:00 am,0,2025-08-18 10:50:00,8.1948,9.609,0.00030000000000001136
EWR-1,8/18/2025,11:00:00 am,0,2025-08-18 11:00:00,8.1945,9.612,0.00039999999999995595
EWR-1,8/18/2025,11:10:00 am,0,2025-08-18 11:10:00,8.1941,9.616,0.0006000000000000227
EWR-1,8/18/2025,11:20:00 am,0,2025-08-18 11:20:00,8.1936,9.622,0.0009000000000000341
EWR-1,8/18/2025,11:30:00 am,0,2025-08-18 11:30:00,8.1936,9.631,0.0009000000000000341
EWR-1,8/18/2025,11:40:00 am,0,2025-08-18 11:40:00,8.1938,9.64,0.0010999999999999233
EWR-1,8/18/2025,11:50:00 am,0,2025-08-18 11:50:00,8.1931,9.651,0.0009999999999999788
EWR-1,8/18/2025,12:00:00 pm,0,2025-08-18 12:00:00,8.1931,9.661,0.0012000000000000454
EWR-1,8/18/2025,12:10:00 pm,0,2025-08-18 12:10:00,8.1925,9.673,0.0010999999999999233
EWR-1,8/18/2025,12:20:00 pm,0,2025-08-18 12:20:00,8.1923,9.684,0.00129999999999999
EWR-1,8/18/2025,12:30:00 pm,0,2025-08-18 12:30:00,8.1918,9.697,0.0012000000000000454
EWR-1,8/18/2025,12:40:00 pm,0,2025-08-18 12:40:00,8.1913,9.709,0.0014000000000001123
EWR-1,8/18/2025,12:50:00 pm,0,2025-08-18 12:50:00,8.1909,9.723,0.0013999999999999347
EWR-1,8/18/2025,01:00:00 pm,0,2025-08-18 13:00:00,8.1906,9.737,0.0013999999999999347
EWR-1,8/18/2025,01:10:00 pm,0,2025-08-18 13:10:00,8.1896,9.751,0.0014000000000001123
EWR-1,8/18/2025,01:20:00 pm,0,2025-08-18 13:20:00,8.1892,9.765,0.0014999999999998793
EWR-1,8/18/2025,01:30:00 pm,0,2025-08-18 13:30:00,8.1887,9.78,0.0014000000000001123
EWR-1,8/18/2025,01:40:00 pm,0,2025-08-18 13:40:00,8.188,9.794,0.00129999999999999
EWR-1,8/18/2025,01:50:00 pm,0,2025-08-18 13:50:00,8.1872,9.807,0.00129999999999999
EWR-1,8/18/2025,02:00:00 pm,0,2025-08-18 14:00:00,8.1863,9.82,0.0012000000000000454
EWR-1,8/18/2025,02:10:00 pm,0,2025-08-18 14:10:00,8.1859,9.832,0.0011999999999998678
EWR-1,8/18/2025,02:20:00 pm,0,2025-08-18 14:20:00,8.1848,9.844,0.0012000000000000454
EWR-1,8/18/2025,02:30:00 pm,0,2025-08-18 14:30:00,8.1837,9.856,0.0012000000000000454
EWR-1,8/18/2025,02:40:00 pm,0,2025-08-18 14:40:00,8.1829,9.868,0.0012000000000000454
EWR-1,8/18/2025,02:50:00 pm,0,2025-08-18 14:50:00,8.1818,9.88,0.00129999999999999
EWR-1,8/18/2025,03:00:00 pm,0,2025-08-18 15:00:00,8.181,9.893,0.0011999999999998678
EWR-1,8/18/2025,03:10:00 pm,0,2025-08-18 15:10:00,8.1798,9.905,0.00129999999999999
EWR-1,8/18/2025,03:20:00 pm,0,2025-08-18 15:20:00,8.179,9.918,0.0014000000000001123
EWR-1,8/18/2025,03:30:00 pm,0,2025-08-18 15:30:00,8.1777,9.932,0.0013999999999999347
EWR-1,8/18/2025,03:40:00 pm,0,2025-08-18 15:40:00,8.1766,9.946,0.0014000000000001123
EWR-1,8/18/2025,03:50:00 pm,0,2025-08-18 15:50:00,8.176,9.96,0.0014999999999998793
EWR-1,8/18/2025,04:00:00 pm,0,2025-08-18 16:00:00,8.1747,9.975,0.0015000000000000568
EWR-1,8/18/2025,04:10:00 pm,0,2025-08-18 16:10:00,8.1735,9.99,0.0013999999999999347
EWR-1,8/18/2025,04:20:00 pm,0,2025-08-18 16:20:00,8.1722,10.004,0.0014000000000001123
EWR-1,8/18/2025,04:30:00 pm,0,2025-08-18 16:30:00,8.1709,10.018,0.00129999999999999
EWR-1,8/18/2025,04:40:00 pm,0,2025-08-18 16:40:00,8.1698,10.031,0.00129999999999999
EWR-1,8/18/2025,04:50:00 pm,0,2025-08-18 16:50:00,8.1683,10.044,0.00129999999999999
EWR-1,8/18/2025,05:00:00 pm,0,2025-08-18 17:00:00,8.167,10.057,0.0012000000000000454
EWR-1,8/18/2025,05:10:00 pm,0,2025-08-18 17:10:00,8.1659,10.069,0.0011999999999998678
EWR-1,8/18/2025,05:20:00 pm,0,2025-08-18 17:20:00,8.1646,10.081,0.0014000000000001123
EWR-1,8/18/2025,05:30:00 pm,0,2025-08-18 17:30:00,8.163,10.095,0.0013999999999999347
EWR-1,8/18/2025,05:40:00 pm,0,2025-08-18 17:40:00,8.1615,10.109,0.0013999999999999347
EWR-1,8/18/2025,05:50:00 pm,0,2025-08-18 17:50:00,8.1603,10.123,0.0012000000000000454
EWR-1,8/18/2025,06:00:00 pm,0,2025-08-18 18:00:00,8.159,10.135,0.0009999999999999788
EWR-1,8/18/2025,06:10:00 pm,0,2025-08-18 18:10:00,8.1572,10.145,0.0008000000000000895
EWR-1,8/18/2025,06:20:00 pm,0,2025-08-18 18:20:00,8.1558,10.153,0.0006999999999999674
EWR-1,8/18/2025,06:30:00 pm,0,2025-08-18 18:30:00,8.1542,10.16,0.0006000000000000227
EWR-1,8/18/2025,06:40:00 pm,0,2025-08-18 18:40:00,8.1527,10.166,0.0006000000000000227
EWR-1,8/18/2025,06:50:00 pm,0,2025-08-18 18:50:00,8.1513,10.172,0.0004999999999999005
EWR-1,8/18/2025,07:00:00 pm,0,2025-08-18 19:00:00,8.1502,10.177,0.00030000000000001136
EWR-1,8/18/2025,07:10:00 pm,0,2025-08-18 19:10:00,8.1485,10.18,0.0002000000000000668
EWR-1,8/18/2025,07:20:00 pm,0,2025-08-18 19:20:00,8.147,10.182,9.999999999994457e-05
EWR-1,8/18/2025,07:30:00 pm,0,2025-08-18 19:30:00,8.146,10.183,0.0
EWR-1,8/18/2025,07:40:00 pm,0,2025-08-18 19:40:00,8.1444,10.183,9.999999999994457e-05
EWR-1,8/18/2025,07:50:00 pm,0,2025-08-18 19:50:00,8.143,10.182,0.00010000000000012221
EWR-1,8/18/2025,08:00:00 pm,0,2025-08-18 20:00:00,8.142,10.181,0.0002999999999998337
EWR-1,8/18/2025,08:10:00 pm,0,2025-08-18 20:10:00,8.1408,10.178,0.0002000000000000668
EWR-1,8/18/2025,08:20:00 pm,0,2025-08-18 20:20:00,8.1396,10.176,0.00039999999999995595
EWR-1,8/18/2025,08:30:00 pm,0,2025-08-18 20:30:00,8.1383,10.172,0.0005000000000000782
EWR-1,8/18/2025,08:40:00 pm,0,2025-08-18 20:40:00,8.1374,10.167,0.0006000000000000227
EWR-1,8/18/2025,08:50:00 pm,0,2025-08-18 20:50:00,8.1365,10.161,0.0006999999999999674
EWR-1,8/18/2025,09:00:00 pm,0,2025-08-18 21:00:00,8.1351,10.154,0.0007999999999999119
EWR-1,8/18/2025,09:10:00 pm,0,2025-08-18 21:10:00,8.1345,10.146,0.0008000000000000895
EWR-1,8/18/2025,09:20:00 pm,0,2025-08-18 21:20:00,8.1336,10.138,0.0009000000000000341
EWR-1,8/18/2025,09:30:00 pm,0,2025-08-18 21:30:00,8.1327,10.129,0.0010999999999999233
EWR-1,8/18/2025,09:40:00 pm,0,2025-08-18 21:40:00,8.1321,10.118,0.0009999999999999788
EWR-1,8/18/2025,09:50:00 pm,0,2025-08-18 21:50:00,8.1312,10.108,0.001100000000000101
EWR-1,8/18/2025,10:00:00 pm,0,2025-08-18 22:00:00,8.1307,10.097,0.0011999999999998678
EWR-1,8/18/2025,10:10:00 pm,0,2025-08-18 22:10:00,8.1297,10.085,0.0012000000000000454
EWR-1,8/18/2025,10:20:00 pm,0,2025-08-18 22:20:00,8.1289,10.073,0.001100000000000101
EWR-1,8/18/2025,10:30:00 pm,0,2025-08-18 22:30:00,8.1288,10.062,0.0011999999999998678
EWR-1,8/18/2025,10:40:00 pm,0,2025-08-18 22:40:00,8.1282,10.05,0.001100000000000101
EWR-1,8/18/2025,10:50:00 pm,0,2025-08-18 22:50:00,8.128,10.039,0.0012000000000000454
EWR-1,8/18/2025,11:00:00 pm,0,2025-08-18 23:00:00,8.1277,10.027,0.0009999999999999788
EWR-1,8/18/2025,11:10:00 pm,0,2025-08-18 23:10:00,8.1278,10.017,0.0011999999999998678
EWR-1,8/18/2025,11:20:00 pm,0,2025-08-18 23:20:00,8.1274,10.005,0.001100000000000101
EWR-1,8/18/2025,11:30:00 pm,0,2025-08-18 23:30:00,8.1276,9.994,0.0012000000000000454
EWR-1,8/18/2025,11:40:00 pm,0,2025-08-18 23:40:00,8.1276,9.982,0.0011999999999998678
EWR-1,8/18/2025,11:50:00 pm,0,2025-08-18 23:50:00,8.1277,9.97,0.0014000000000001123
EWR-1,8/19/2025,12:00:00 am,0,2025-08-19 00:00:00,8.1278,9.956,0.00129999999999999
EWR-1,8/19/2025,12:10:00 am,0,2025-08-19 00:10:00,8.1278,9.943,0.00129999999999999
EWR-1,8/19/2025,12:20:00 am,0,2025-08-19 00:20:00,8.1286,9.93,0.0012000000000000454
EWR-1,8/19/2025,12:30:00 am,0,2025-08-19 00:30:00,8.129,9.918,0.00129999999999999
EWR-1,8/19/2025,12:40:00 am,0,2025-08-19 00:40:00,8.1289,9.905,0.00129999999999999
EWR-1,8/19/2025,12:50:00 am,0,2025-08-19 00:50:00,8.1294,9.892,0.0014999999999998793
EWR-1,8/19/2025,01:00:00 am,0,2025-08-19 01:00:00,8.1298,9.877,0.00129999999999999
EWR-1,8/19/2025,01:10:00 am,0,2025-08-19 01:10:00,8.1303,9.864,0.00129999999999999
EWR-1,8/19/2025,01:20:00 am,0,2025-08-19 01:20:00,8.1308,9.851,0.0013000000000001678
EWR-1,8/19/2025,01:30:00 am,0,2025-08-19 01:30:00,8.1316,9.838,0.0011999999999998678
EWR-1,8/19/2025,01:40:00 am,0,2025-08-19 01:40:00,8.1321,9.826,0.00129999999999999
EWR-1,8/19/2025,01:50:00 am,0,2025-08-19 01:50:00,8.1325,9.813,0.00129999999999999
EWR-1,8/19/2025,02:00:00 am,0,2025-08-19 02:00:00,8.1333,9.8,0.0014000000000001123
EWR-1,8/19/2025,02:10:00 am,0,2025-08-19 02:10:00,8.1339,9.786,0.0013999999999999347
EWR-1,8/19/2025,02:20:00 am,0,2025-08-19 02:20:00,8.1346,9.772,0.0014000000000001123
EWR-1,8/19/2025,02:30:00 am,0,2025-08-19 02:30:00,8.1356,9.758,0.0014999999999998793
EWR-1,8/19/2025,02:40:00 am,0,2025-08-19 02:40:00,8.1364,9.743,0.0014000000000001123
EWR-1,8/19/2025,02:50:00 am,0,2025-08-19 02:50:00,8.1374,9.729,0.0013999999999999347
EWR-1,8/19/2025,03:00:00 am,0,2025-08-19 03:00:00,8.1386,9.715,0.0013999999999999347
EWR-1,8/19/2025,03:10:00 am,0,2025-08-19 03:10:00,8.1409,9.701,0.0015000000000000568
EWR-1,8/19/2025,03:20:00 am,0,2025-08-19 03:20:00,8.143,9.686,0.0013999999999999347
EWR-1,8/19/2025,03:30:00 am,0,2025-08-19 03:30:00,8.1451,9.672,0.0014000000000001123
EWR-1,8/19/2025,03:40:00 am,0,2025-08-19 03:40:00,8.1467,9.658,0.0014999999999998793
EWR-1,8/19/2025,03:50:00 am,0,2025-08-19 03:50:00,8.1486,9.643,0.0014000000000001123
EWR-1,8/19/2025,04:00:00 am,0,2025-08-19 04:00:00,8.1503,9.629,0.0013999999999999347
EWR-1,8/19/2025,04:10:00 am,0,2025-08-19 04:10:00,8.1521,9.615,0.0015000000000000568
EWR-1,8/19/2025,04:20:00 am,0,2025-08-19 04:20:00,8.1539,9.6,0.0014999999999998793
EWR-1,8/19/2025,04:30:00 am,0,2025-08-19 04:30:00,8.1555,9.585,0.0015000000000000568
EWR-1,8/19/2025,04:40:00 am,0,2025-08-19 04:40:00,8.158,9.57,0.0016000000000000014
EWR-1,8/19/2025,04:50:00 am,0,2025-08-19 04:50:00,8.1606,9.554,0.0015000000000000568
EWR-1,8/19/2025,05:00:00 am,0,2025-08-19 05:00:00,8.1631,9.539,0.0016000000000000014
EWR-1,8/19/2025,05:10:00 am,0,2025-08-19 05:10:00,8.1654,9.523,0.0016000000000000014
EWR-1,8/19/2025,05:20:00 am,0,2025-08-19 05:20:00,8.1677,9.507,0.001699999999999946
EWR-1,8/19/2025,05:30:00 am,0,2025-08-19 05:30:00,8.17,9.49,0.0016000000000000014
EWR-1,8/19/2025,05:40:00 am,0,2025-08-19 05:40:00,8.1723,9.474,0.0019000000000000128
EWR-1,8/19/2025,05:50:00 am,0,2025-08-19 05:50:00,8.1744,9.455,0.0021000000000000797
EWR-1,8/19/2025,06:00:00 am,0,2025-08-19 06:00:00,8.1763,9.434,0.001699999999999946
EWR-1,8/19/2025,06:10:00 am,0,2025-08-19 06:10:00,8.1786,9.417,0.00129999999999999
EWR-1,8/19/2025,06:20:00 am,0,2025-08-19 06:20:00,8.1805,9.404,0.0022999999999999687
EWR-1,8/19/2025,06:30:00 am,0,2025-08-19 06:30:00,8.1828,9.381,0.002400000000000091
EWR-1,8/19/2025,06:40:00 am,0,2025-08-19 06:40:00,8.1848,9.357,0.0019000000000000128
EWR-1,8/19/2025,06:50:00 am,0,2025-08-19 06:50:00,8.1868,9.338,0.0017999999999998907
EWR-1,8/19/2025,07:00:00 am,0,2025-08-19 07:00:00,8.1887,9.32,0.001699999999999946
EWR-1,8/19/2025,07:10:00 am,0,2025-08-19 07:10:00,8.1906,9.303,0.0015000000000000568
EWR-1,8/19/2025,07:20:00 am,0,2025-08-19 07:20:00,8.1931,9.288,0.0014000000000001123
EWR-1,8/19/2025,07:30:00 am,0,2025-08-19 07:30:00,8.195,9.274,0.00129999999999999
EWR-1,8/19/2025,07:40:00 am,0,2025-08-19 07:40:00,8.1972,9.261,0.0011999999999998678
EWR-1,8/19/2025,07:50:00 am,0,2025-08-19 07:50:00,8.1989,9.249,0.0009999999999999788
EWR-1,8/19/2025,08:00:00 am,0,2025-08-19 08:00:00,8.201,9.239,0.0008000000000000895
EWR-1,8/19/2025,08:10:00 am,0,2025-08-19 08:10:00,8.2026,9.231,0.0006000000000000227
EWR-1,8/19/2025,08:20:00 am,0,2025-08-19 08:20:00,8.2044,9.225,0.00039999999999995595
EWR-1,8/19/2025,08:30:00 am,0,2025-08-19 08:30:00,8.2056,9.221,0.0002000000000000668
EWR-1,8/19/2025,08:40:00 am,0,2025-08-19 08:40:00,8.2075,9.219,0.0
EWR-1,8/19/2025,08:50:00 am,0,2025-08-19 08:50:00,8.2086,9.219,0.0002000000000000668
EWR-1,8/19/2025,09:00:00 am,0,2025-08-19 09:00:00,8.21,9.221,9.999999999994457e-05
EWR-1,8/19/2025,09:10:00 am,0,2025-08-19 09:10:00,8.2113,9.222,0.0002000000000000668
EWR-1,8/19/2025,09:20:00 am,0,2025-08-19 09:20:00,8.2125,9.224,0.0002000000000000668
EWR-1,8/19/2025,09:30:00 am,0,2025-08-19 09:30:00,8.2138,9.226,9.999999999994457e-05
EWR-1,8/19/2025,09:40:00 am,0,2025-08-19 09:40:00,8.2149,9.227,0.00019999999999988915
EWR-1,8/19/2025,09:50:00 am,0,2025-08-19 09:50:00,8.2157,9.229,0.0
EWR-1,8/19/2025,10:00:00 am,0,2025-08-19 10:00:00,8.2165,9.229,0.0
EWR-1,8/19/2025,10:10:00 am,0,2025-08-19 10:10:00,8.2169,9.229,0.0
EWR-1,8/19/2025,10:20:00 am,0,2025-08-19 10:20:00,8.2173,9.229,0.0
EWR-1,8/19/2025,10:30:00 am,0,2025-08-19 10:30:00,8.2178,9.229,0.0
EWR-1,8/19/2025,10:40:00 am,0,2025-08-19 10:40:00,8.2177,9.229,0.00010000000000012221
EWR-1,8/19/2025,10:50:00 am,0,2025-08-19 10:50:00,8.2182,9.23,0.00030000000000001136
EWR-1,8/19/2025,11:00:00 am,0,2025-08-19 11:00:00,8.2179,9.233,0.00030000000000001136
EWR-1,8/19/2025,11:10:00 am,0,2025-08-19 11:10:00,8.2182,9.236,0.0006999999999999674
EWR-1,8/19/2025,11:20:00 am,0,2025-08-19 11:20:00,8.2182,9.243,0.0007999999999999119
EWR-1,8/19/2025,11:30:00 am,0,2025-08-19 11:30:00,8.2183,9.251,0.001100000000000101
EWR-1,8/19/2025,11:40:00 am,0,2025-08-19 11:40:00,8.218,9.262,0.0011999999999998678
EWR-1,8/19/2025,11:50:00 am,0,2025-08-19 11:50:00,8.2184,9.274,0.0013000000000001678
EWR-1,8/19/2025,12:00:00 pm,0,2025-08-19 12:00:00,8.2178,9.287,0.0013999999999999347
EWR-1,8/19/2025,12:10:00 pm,0,2025-08-19 12:10:00,8.2178,9.301,0.0013999999999999347
EWR-1,8/19/2025,12:20:00 pm,0,2025-08-19 12:20:00,8.2176,9.315,0.0015000000000000568
EWR-1,8/19/2025,12:30:00 pm,0,2025-08-19 12:30:00,8.2173,9.33,0.0016000000000000014
EWR-1,8/19/2025,12:40:00 pm,0,2025-08-19 12:40:00,8.2169,9.346,0.001699999999999946
EWR-1,8/19/2025,12:50:00 pm,0,2025-08-19 12:50:00,8.2166,9.363,0.0017000000000001237
EWR-1,8/19/2025,01:00:00 pm,0,2025-08-19 13:00:00,8.2159,9.38,0.001699999999999946
EWR-1,8/19/2025,01:10:00 pm,0,2025-08-19 13:10:00,8.2154,9.397,0.001699999999999946
EWR-1,8/19/2025,01:20:00 pm,0,2025-08-19 13:20:00,8.215,9.414,0.001699999999999946
EWR-1,8/19/2025,01:30:00 pm,0,2025-08-19 13:30:00,8.2147,9.431,0.0016000000000000014
EWR-1,8/19/2025,01:40:00 pm,0,2025-08-19 13:40:00,8.2143,9.447,0.0016000000000000014
EWR-1,8/19/2025,01:50:00 pm,0,2025-08-19 13:50:00,8.2133,9.463,0.0016000000000000014
EWR-1,8/19/2025,02:00:00 pm,0,2025-08-19 14:00:00,8.2126,9.479,0.0015000000000000568
EWR-1,8/19/2025,02:10:00 pm,0,2025-08-19 14:10:00,8.2118,9.494,0.0015000000000000568
EWR-1,8/19/2025,02:20:00 pm,0,2025-08-19 14:20:00,8.211,9.509,0.0014999999999998793
EWR-1,8/19/2025,02:30:00 pm,0,2025-08-19 14:30:00,8.21,9.524,0.0015000000000000568
EWR-1,8/19/2025,02:40:00 pm,0,2025-08-19 14:40:00,8.2092,9.539,0.0015000000000000568
EWR-1,8/19/2025,02:50:00 pm,0,2025-08-19 14:50:00,8.2081,9.554,0.0015000000000000568
EWR-1,8/19/2025,03:00:00 pm,0,2025-08-19 15:00:00,8.2068,9.569,0.0014999999999998793
EWR-1,8/19/2025,03:10:00 pm,0,2025-08-19 15:10:00,8.206,9.584,0.0015000000000000568
EWR-1,8/19/2025,03:20:00 pm,0,2025-08-19 15:20:00,8.2047,9.599,0.0015000000000000568
EWR-1,8/19/2025,03:30:00 pm,0,2025-08-19 15:30:00,8.2036,9.614,0.0014999999999998793
EWR-1,8/19/2025,03:40:00 pm,0,2025-08-19 15:40:00,8.2024,9.629,0.0016000000000000014
EWR-1,8/19/2025,03:50:00 pm,0,2025-08-19 15:50:00,8.2013,9.645,0.0017000000000001237
EWR-1,8/19/2025,04:00:00 pm,0,2025-08-19 16:00:00,8.2001,9.662,0.001699999999999946
EWR-1,8/19/2025,04:10:00 pm,0,2025-08-19 16:10:00,8.199,9.679,0.0016000000000000014
EWR-1,8/19/2025,04:20:00 pm,0,2025-08-19 16:20:00,8.198,9.695,0.0015000000000000568
EWR-1,8/19/2025,04:30:00 pm,0,2025-08-19 16:30:00,8.1965,9.71,0.0014999999999998793
EWR-1,8/19/2025,04:40:00 pm,0,2025-08-19 16:40:00,8.1951,9.725,0.00129999999999999
EWR-1,8/19/2025,04:50:00 pm,0,2025-08-19 16:50:00,8.194,9.738,0.0014000000000001123
EWR-1,8/19/2025,05:00:00 pm,0,2025-08-19 17:00:00,8.1926,9.752,0.00129999999999999
EWR-1,8/19/2025,05:10:00 pm,0,2025-08-19 17:10:00,8.1911,9.765,0.0013999999999999347
EWR-1,8/19/2025,05:20:00 pm,0,2025-08-19 17:20:00,8.19,9.779,0.0015000000000000568
EWR-1,8/19/2025,05:30:00 pm,0,2025-08-19 17:30:00,8.189,9.794,0.0014999999999998793
EWR-1,8/19/2025,05:40:00 pm,0,2025-08-19 17:40:00,8.1875,9.809,0.0016000000000000014
EWR-1,8/19/2025,05:50:00 pm,0,2025-08-19 17:50:00,8.1864,9.825,0.00129999999999999
EWR-1,8/19/2025,06:00:00 pm,0,2025-08-19 18:00:00,8.1852,9.838,0.001100000000000101
EWR-1,8/19/2025,06:10:00 pm,0,2025-08-19 18:10:00,8.184,9.849,0.0010999999999999233
EWR-1,8/19/2025,06:20:00 pm,0,2025-08-19 18:20:00,8.1826,9.86,0.0009000000000000341
EWR-1,8/19/2025,06:30:00 pm,0,2025-08-19 18:30:00,8.1814,9.869,0.0006999999999999674
EWR-1,8/19/2025,06:40:00 pm,0,2025-08-19 18:40:00,8.1798,9.876,0.0008000000000000895
EWR-1,8/19/2025,06:50:00 pm,0,2025-08-19 18:50:00,8.1782,9.884,0.0006999999999999674
EWR-1,8/19/2025,07:00:00 pm,0,2025-08-19 19:00:00,8.1775,9.891,0.0005000000000000782
EWR-1,8/19/2025,07:10:00 pm,0,2025-08-19 19:10:00,8.1759,9.896,0.0002999999999998337
EWR-1,8/19/2025,07:20:00 pm,0,2025-08-19 19:20:00,8.1752,9.899,0.00030000000000001136
EWR-1,8/19/2025,07:30:00 pm,0,2025-08-19 19:30:00,8.1739,9.902,0.0002000000000000668
EWR-1,8/19/2025,07:40:00 pm,0,2025-08-19 19:40:00,8.1733,9.904,0.0
EWR-1,8/19/2025,07:50:00 pm,0,2025-08-19 19:50:00,8.1718,9.904,0.0
EWR-1,8/19/2025,08:00:00 pm,0,2025-08-19 20:00:00,8.1708,9.904,9.999999999994457e-05
EWR-1,8/19/2025,08:10:00 pm,0,2025-08-19 20:10:00,8.1698,9.903,0.00030000000000001136
EWR-1,8/19/2025,08:20:00 pm,0,2025-08-19 20:20:00,8.1685,9.9,0.00039999999999995595
EWR-1,8/19/2025,08:30:00 pm,0,2025-08-19 20:30:00,8.1679,9.896,0.0005000000000000782
EWR-1,8/19/2025,08:40:00 pm,0,2025-08-19 20:40:00,8.1672,9.891,0.0006999999999999674
EWR-1,8/19/2025,08:50:00 pm,0,2025-08-19 20:50:00,8.1663,9.884,0.0006999999999999674
EWR-1,8/19/2025,09:00:00 pm,0,2025-08-19 21:00:00,8.1657,9.877,0.0009000000000000341
EWR-1,8/19/2025,09:10:00 pm,0,2025-08-19 21:10:00,8.165,9.868,0.0009999999999999788
EWR-1,8/19/2025,09:20:00 pm,0,2025-08-19 21:20:00,8.1641,9.858,0.0009999999999999788
EWR-1,8/19/2025,09:30:00 pm,0,2025-08-19 21:30:00,8.1637,9.848,0.0012000000000000454
EWR-1,8/19/2025,09:40:00 pm,0,2025-08-19 21:40:00,8.1632,9.836,0.001100000000000101
EWR-1,8/19/2025,09:50:00 pm,0,2025-08-19 21:50:00,8.1628,9.825,0.0010999999999999233
EWR-1,8/19/2025,10:00:00 pm,0,2025-08-19 22:00:00,8.1624,9.814,0.0009999999999999788
EWR-1,8/19/2025,10:10:00 pm,0,2025-08-19 22:10:00,8.162,9.804,0.0012000000000000454
EWR-1,8/19/2025,10:20:00 pm,0,2025-08-19 22:20:00,8.1619,9.792,0.0010999999999999233
EWR-1,8/19/2025,10:30:00 pm,0,2025-08-19 22:30:00,8.1618,9.781,0.0009999999999999788
EWR-1,8/19/2025,10:40:00 pm,0,2025-08-19 22:40:00,8.1614,9.771,0.001100000000000101
EWR-1,8/19/2025,10:50:00 pm,0,2025-08-19 22:50:00,8.1615,9.76,0.0010999999999999233
EWR-1,8/19/2025,11:00:00 pm,0,2025-08-19 23:00:00,8.1613,9.749,0.001100000000000101
EWR-1,8/19/2025,11:10:00 pm,0,2025-08-19 23:10:00,8.1616,9.738,0.0011999999999998678
EWR-1,8/19/2025,11:20:00 pm,0,2025-08-19 23:20:00,8.1616,9.726,0.0017000000000001237
EWR-1,8/19/2025,11:30:00 pm,0,2025-08-19 23:30:00,8.1619,9.709,0.0016000000000000014
EWR-1,8/19/2025,11:40:00 pm,0,2025-08-19 23:40:00,8.1623,9.693,0.0014999999999998793
EWR-1,8/19/2025,11:50:00 pm,0,2025-08-19 23:50:00,8.1626,9.678,0.0015000000000000568
EWR-1,8/20/2025,12:00:00 am,0,2025-08-20 00:00:00,8.1629,9.663,0.0015000000000000568
EWR-1,8/20/2025,12:10:00 am,0,2025-08-20 00:10:00,8.1636,9.648,0.0015000000000000568
EWR-1,8/20/2025,12:20:00 am,0,2025-08-20 00:20:00,8.164,9.633,0.0014999999999998793
EWR-1,8/20/2025,12:30:00 am,0,2025-08-20 00:30:00,8.1645,9.618,0.0016000000000000014
EWR-1,8/20/2025,12:40:00 am,0,2025-08-20 00:40:00,8.1656,9.602,0.0015000000000000568
EWR-1,8/20/2025,12:50:00 am,0,2025-08-20 00:50:00,8.1663,9.587,0.0016000000000000014
EWR-1,8/20/2025,01:00:00 am,0,2025-08-20 01:00:00,8.1668,9.571,0.001699999999999946
EWR-1,8/20/2025,01:10:00 am,0,2025-08-20 01:10:00,8.1674,9.554,0.0016000000000000014
EWR-1,8/20/2025,01:20:00 am,0,2025-08-20 01:20:00,8.1682,9.538,0.0016000000000000014
EWR-1,8/20/2025,01:30:00 am,0,2025-08-20 01:30:00,8.1692,9.522,0.001699999999999946
EWR-1,8/20/2025,01:40:00 am,0,2025-08-20 01:40:00,8.1697,9.505,0.0017000000000001237
EWR-1,8/20/2025,01:50:00 am,0,2025-08-20 01:50:00,8.1705,9.488,0.0014999999999998793
EWR-1,8/20/2025,02:00:00 am,0,2025-08-20 02:00:00,8.1712,9.473,0.0017000000000001237
EWR-1,8/20/2025,02:10:00 am,0,2025-08-20 02:10:00,8.1722,9.456,0.0016000000000000014
EWR-1,8/20/2025,02:20:00 am,0,2025-08-20 02:20:00,8.1731,9.44,0.0016000000000000014
EWR-1,8/20/2025,02:30:00 am,0,2025-08-20 02:30:00,8.1741,9.424,0.0016000000000000014
EWR-1,8/20/2025,02:40:00 am,0,2025-08-20 02:40:00,8.1749,9.408,0.0016000000000000014
EWR-1,8/20/2025,02:50:00 am,0,2025-08-20 02:50:00,8.1755,9.392,0.0016000000000000014
EWR-1,8/20/2025,03:00:00 am,0,2025-08-20 03:00:00,8.1764,9.376,0.0016000000000000014
EWR-1,8/20/2025,03:10:00 am,0,2025-08-20 03:10:00,8.1773,9.36,0.0016000000000000014
EWR-1,8/20/2025,03:20:00 am,0,2025-08-20 03:20:00,8.1783,9.344,0.0016000000000000014
EWR-1,8/20/2025,03:30:00 am,0,2025-08-20 03:30:00,8.1791,9.328,0.001699999999999946
EWR-1,8/20/2025,03:40:00 am,0,2025-08-20 03:40:00,8.1803,9.311,0.0016000000000000014
EWR-1,8/20/2025,03:50:00 am,0,2025-08-20 03:50:00,8.1811,9.295,0.0016000000000000014
EWR-1,8/20/2025,04:00:00 am,0,2025-08-20 04:00:00,8.182,9.279,0.0016000000000000014
EWR-1,8/20/2025,04:10:00 am,0,2025-08-20 04:10:00,8.1831,9.263,0.0016000000000000014
EWR-1,8/20/2025,04:20:00 am,0,2025-08-20 04:20:00,8.1843,9.247,0.0016000000000000014
EWR-1,8/20/2025,04:30:00 am,0,2025-08-20 04:30:00,8.1854,9.231,0.0016000000000000014
EWR-1,8/20/2025,04:40:00 am,0,2025-08-20 04:40:00,8.1866,9.215,0.001699999999999946
EWR-1,8/20/2025,04:50:00 am,0,2025-08-20 04:50:00,8.1883,9.198,0.0015000000000000568
EWR-1,8/20/2025,05:00:00 am,0,2025-08-20 05:00:00,8.1895,9.183,0.0016000000000000014
EWR-1,8/20/2025,05:10:00 am,0,2025-08-20 05:10:00,8.1915,9.167,0.0015000000000000568
EWR-1,8/20/2025,05:20:00 am,0,2025-08-20 05:20:00,8.193,9.152,0.0016000000000000014
EWR-1,8/20/2025,05:30:00 am,0,2025-08-20 05:30:00,8.1944,9.136,0.001699999999999946
EWR-1,8/20/2025,05:40:00 am,0,2025-08-20 05:40:00,8.196,9.119,0.001699999999999946
EWR-1,8/20/2025,05:50:00 am,0,2025-08-20 05:50:00,8.1972,9.102,0.001699999999999946
EWR-1,8/20/2025,06:00:00 am,0,2025-08-20 06:00:00,8.1987,9.085,0.0017000000000001237
EWR-1,8/20/2025,06:10:00 am,0,2025-08-20 06:10:00,8.2001,9.068,0.0017999999999998907
EWR-1,8/20/2025,06:20:00 am,0,2025-08-20 06:20:00,8.2017,9.05,0.0017000000000001237
EWR-1,8/20/2025,06:30:00 am,0,2025-08-20 06:30:00,8.2029,9.033,0.001699999999999946
EWR-1,8/20/2025,06:40:00 am,0,2025-08-20 06:40:00,8.2046,9.016,0.0016000000000000014
EWR-1,8/20/2025,06:50:00 am,0,2025-08-20 06:50:00,8.2064,9.0,0.0015000000000000568
EWR-1,8/20/2025,07:00:00 am,0,2025-08-20 07:00:00,8.2078,8.985,0.0013999999999999347
EWR-1,8/20/2025,07:10:00 am,0,2025-08-20 07:10:00,8.2091,8.971,0.0013999999999999347
EWR-1,8/20/2025,07:20:00 am,0,2025-08-20 07:20:00,8.2111,8.957,0.00129999999999999
EWR-1,8/20/2025,07:30:00 am,0,2025-08-20 07:30:00,8.2123,8.944,0.001100000000000101
EWR-1,8/20/2025,07:40:00 am,0,2025-08-20 07:40:00,8.2138,8.933,0.0009999999999999788
EWR-1,8/20/2025,07:50:00 am,0,2025-08-20 07:50:00,8.2155,8.923,0.0010999999999999233
EWR-1,8/20/2025,08:00:00 am,0,2025-08-20 08:00:00,8.217,8.912,0.0008000000000000895
EWR-1,8/20/2025,08:10:00 am,0,2025-08-20 08:10:00,8.2184,8.904,0.0006999999999999674
EWR-1,8/20/2025,08:20:00 am,0,2025-08-20 08:20:00,8.2199,8.897,0.0005000000000000782
EWR-1,8/20/2025,08:30:00 am,0,2025-08-20 08:30:00,8.221,8.892,0.00030000000000001136
EWR-1,8/20/2025,08:40:00 am,0,2025-08-20 08:40:00,8.2225,8.889,9.999999999994457e-05
EWR-1,8/20/2025,08:50:00 am,0,2025-08-20 08:50:00,8.2237,8.888,0.0002000000000000668
EWR-1,8/20/2025,09:00:00 am,0,2025-08-20 09:00:00,8.2251,8.89,0.00019999999999988915
EWR-1,8/20/2025,09:10:00 am,0,2025-08-20 09:10:00,8.2264,8.892,0.00010000000000012221
EWR-1,8/20/2025,09:20:00 am,0,2025-08-20 09:20:00,8.2275,8.893,9.999999999994457e-05
EWR-1,8/20/2025,09:30:00 am,0,2025-08-20 09:30:00,8.2289,8.894,0.0
EWR-1,8/20/2025,09:40:00 am,0,2025-08-20 09:40:00,8.2296,8.894,9.999999999994457e-05
EWR-1,8/20/2025,09:50:00 am,0,2025-08-20 09:50:00,8.2306,8.895,0.0
EWR-1,8/20/2025,10:00:00 am,0,2025-08-20 10:00:00,8.2317,8.895,0.00010000000000012221
EWR-1,8/20/2025,10:10:00 am,0,2025-08-20 10:10:00,8.2324,8.896,9.999999999994457e-05
EWR-1,8/20/2025,10:20:00 am,0,2025-08-20 10:20:00,8.2334,8.897,0.0
EWR-1,8/20/2025,10:30:00 am,0,2025-08-20 10:30:00,8.2337,8.897,9.999999999994457e-05
EWR-1,8/20/2025,10:40:00 am,0,2025-08-20 10:40:00,8.2339,8.898,0.0002000000000000668
EWR-1,8/20/2025,10:50:00 am,0,2025-08-20 10:50:00,8.234,8.9,0.00019999999999988915
EWR-1,8/20/2025,11:00:00 am,0,2025-08-20 11:00:00,8.2341,8.902,0.00030000000000001136
EWR-1,8/20/2025,11:10:00 am,0,2025-08-20 11:10:00,8.2342,8.905,0.0006000000000000227
EWR-1,8/20/2025,11:20:00 am,0,2025-08-20 11:20:00,8.2343,8.911,0.0006999999999999674
EWR-1,8/20/2025,11:30:00 am,0,2025-08-20 11:30:00,8.234,8.918,0.0010000000000001564
EWR-1,8/20/2025,11:40:00 am,0,2025-08-20 11:40:00,8.2343,8.928,0.0010999999999999233
EWR-1,8/20/2025,11:50:00 am,0,2025-08-20 11:50:00,8.234,8.939,0.0010999999999999233
EWR-1,8/20/2025,12:00:00 pm,0,2025-08-20 12:00:00,8.2337,8.95,0.0014000000000001123
EWR-1,8/20/2025,12:10:00 pm,0,2025-08-20 12:10:00,8.2336,8.964,0.0014999999999998793
EWR-1,8/20/2025,12:20:00 pm,0,2025-08-20 12:20:00,8.233,8.979,0.0015000000000000568
EWR-1,8/20/2025,12:30:00 pm,0,2025-08-20 12:30:00,8.2325,8.994,0.001699999999999946
EWR-1,8/20/2025,12:40:00 pm,0,2025-08-20 12:40:00,8.232,9.011,0.0018000000000000683
EWR-1,8/20/2025,12:50:00 pm,0,2025-08-20 12:50:00,8.2318,9.029,0.0019999999999999575
EWR-1,8/20/2025,01:00:00 pm,0,2025-08-20 13:00:00,8.2312,9.049,0.0019000000000000128
EWR-1,8/20/2025,01:10:00 pm,0,2025-08-20 13:10:00,8.2303,9.068,0.0019000000000000128
EWR-1,8/20/2025,01:20:00 pm,0,2025-08-20 13:20:00,8.2298,9.087,0.0019000000000000128
EWR-1,8/20/2025,01:30:00 pm,0,2025-08-20 13:30:00,8.2286,9.106,0.0018000000000000683
EWR-1,8/20/2025,01:40:00 pm,0,2025-08-20 13:40:00,8.228,9.124,0.001699999999999946
EWR-1,8/20/2025,01:50:00 pm,0,2025-08-20 13:50:00,8.2276,9.141,0.001699999999999946
EWR-1,8/20/2025,02:00:00 pm,0,2025-08-20 14:00:00,8.2263,9.158,0.0017000000000001237
EWR-1,8/20/2025,02:10:00 pm,0,2025-08-20 14:10:00,8.2255,9.175,0.0016000000000000014
EWR-1,8/20/2025,02:20:00 pm,0,2025-08-20 14:20:00,8.2242,9.191,0.001699999999999946
EWR-1,8/20/2025,02:30:00 pm,0,2025-08-20 14:30:00,8.2233,9.208,0.0016000000000000014
EWR-1,8/20/2025,02:40:00 pm,0,2025-08-20 14:40:00,8.2223,9.224,0.0018000000000000683
EWR-1,8/20/2025,02:50:00 pm,0,2025-08-20 14:50:00,8.2214,9.242,0.001699999999999946
EWR-1,8/20/2025,03:00:00 pm,0,2025-08-20 15:00:00,8.22,9.259,0.001699999999999946
EWR-1,8/20/2025,03:10:00 pm,0,2025-08-20 15:10:00,8.219,9.276,0.001699999999999946
EWR-1,8/20/2025,03:20:00 pm,0,2025-08-20 15:20:00,8.2178,9.293,0.0017000000000001237
EWR-1,8/20/2025,03:30:00 pm,0,2025-08-20 15:30:00,8.2166,9.31,0.001699999999999946
EWR-1,8/20/2025,03:40:00 pm,0,2025-08-20 15:40:00,8.2152,9.327,0.0018000000000000683
EWR-1,8/20/2025,03:50:00 pm,0,2025-08-20 15:50:00,8.2141,9.345,0.0017999999999998907
EWR-1,8/20/2025,04:00:00 pm,0,2025-08-20 16:00:00,8.2126,9.363,0.0019000000000000128
EWR-1,8/20/2025,04:10:00 pm,0,2025-08-20 16:10:00,8.2119,9.382,0.0019000000000000128
EWR-1,8/20/2025,04:20:00 pm,0,2025-08-20 16:20:00,8.2106,9.401,0.0018000000000000683
EWR-1,8/20/2025,04:30:00 pm,0,2025-08-20 16:30:00,8.2089,9.419,0.001699999999999946
EWR-1,8/20/2025,04:40:00 pm,0,2025-08-20 16:40:00,8.2077,9.436,0.0016000000000000014
EWR-1,8/20/2025,04:50:00 pm,0,2025-08-20 16:50:00,8.2069,9.452,0.0016000000000000014
EWR-1,8/20/2025,05:00:00 pm,0,2025-08-20 17:00:00,8.2053,9.468,0.0015000000000000568
EWR-1,8/20/2025,05:10:00 pm,0,2025-08-20 17:10:00,8.2041,9.483,0.0016000000000000014
EWR-1,8/20/2025,05:20:00 pm,0,2025-08-20 17:20:00,8.2027,9.499,0.0017999999999998907
EWR-1,8/20/2025,05:30:00 pm,0,2025-08-20 17:30:00,8.2013,9.517,0.0018000000000000683
EWR-1,8/20/2025,05:40:00 pm,0,2025-08-20 17:40:00,8.1999,9.535,0.0018000000000000683
EWR-1,8/20/2025,05:50:00 pm,0,2025-08-20 17:50:00,8.1988,9.553,0.001699999999999946
EWR-1,8/20/2025,06:00:00 pm,0,2025-08-20 18:00:00,8.1978,9.57,0.0015000000000000568
EWR-1,8/20/2025,06:10:00 pm,0,2025-08-20 18:10:00,8.196,9.585,0.00129999999999999
EWR-1,8/20/2025,06:20:00 pm,0,2025-08-20 18:20:00,8.1947,9.598,0.0011999999999998678
EWR-1,8/20/2025,06:30:00 pm,0,2025-08-20 18:30:00,8.1933,9.61,0.001100000000000101
EWR-1,8/20/2025,06:40:00 pm,0,2025-08-20 18:40:00,8.192,9.621,0.0009000000000000341
EWR-1,8/20/2025,06:50:00 pm,0,2025-08-20 18:50:00,8.1908,9.63,0.0008999999999998564
EWR-1,8/20/2025,07:00:00 pm,0,2025-08-20 19:00:00,8.1894,9.639,0.000700000000000145
EWR-1,8/20/2025,07:10:00 pm,0,2025-08-20 19:10:00,8.1879,9.646,0.0004999999999999005
EWR-1,8/20/2025,07:20:00 pm,0,2025-08-20 19:20:00,8.1869,9.651,0.0005000000000000782
EWR-1,8/20/2025,07:30:00 pm,0,2025-08-20 19:30:00,8.1858,9.656,0.00030000000000001136
EWR-1,8/20/2025,07:40:00 pm,0,2025-08-20 19:40:00,8.1845,9.659,0.00030000000000001136
EWR-1,8/20/2025,07:50:00 pm,0,2025-08-20 19:50:00,8.1834,9.662,9.999999999994457e-05
EWR-1,8/20/2025,08:00:00 pm,0,2025-08-20 20:00:00,8.1825,9.663,0.0
EWR-1,8/20/2025,08:10:00 pm,0,2025-08-20 20:10:00,8.1813,9.663,0.0
EWR-1,8/20/2025,08:20:00 pm,0,2025-08-20 20:20:00,8.1804,9.663,9.999999999994457e-05
EWR-1,8/20/2025,08:30:00 pm,0,2025-08-20 20:30:00,8.1796,9.662,0.00010000000000012221
EWR-1,8/20/2025,08:40:00 pm,0,2025-08-20 20:40:00,8.1787,9.661,0.00030000000000001136
EWR-1,8/20/2025,08:50:00 pm,0,2025-08-20 20:50:00,8.1776,9.658,0.00019999999999988915
EWR-1,8/20/2025,09:00:00 pm,0,2025-08-20 21:00:00,8.1768,9.656,0.0004000000000001336
EWR-1,8/20/2025,09:10:00 pm,0,2025-08-20 21:10:00,8.1764,9.652,0.00039999999999995595
EWR-1,8/20/2025,09:20:00 pm,0,2025-08-20 21:20:00,8.1754,9.648,0.0004999999999999005
EWR-1,8/20/2025,09:30:00 pm,0,2025-08-20 21:30:00,8.1747,9.643,0.0005000000000000782
EWR-1,8/20/2025,09:40:00 pm,0,2025-08-20 21:40:00,8.1745,9.638,0.0006000000000000227
EWR-1,8/20/2025,09:50:00 pm,0,2025-08-20 21:50:00,8.1737,9.632,0.0006000000000000227
EWR-1,8/20/2025,10:00:00 pm,0,2025-08-20 22:00:00,8.1734,9.626,0.0004999999999999005
EWR-1,8/20/2025,10:10:00 pm,0,2025-08-20 22:10:00,8.1729,9.621,0.0006999999999999674
EWR-1,8/20/2025,10:20:00 pm,0,2025-08-20 22:20:00,8.1725,9.614,0.0006000000000000227
EWR-1,8/20/2025,10:30:00 pm,0,2025-08-20 22:30:00,8.1723,9.608,0.0006999999999999674
EWR-1,8/20/2025,10:40:00 pm,0,2025-08-20 22:40:00,8.1719,9.601,0.000700000000000145
EWR-1,8/20/2025,10:50:00 pm,0,2025-08-20 22:50:00,8.1715,9.594,0.0006000000000000227
EWR-1,8/20/2025,11:00:00 pm,0,2025-08-20 23:00:00,8.1713,9.588,0.0006999999999999674
EWR-1,8/20/2025,11:10:00 pm,0,2025-08-20 23:10:00,8.171,9.581,0.0007999999999999119
EWR-1,8/20/2025,11:20:00 pm,0,2025-08-20 23:20:00,8.1712,9.573,0.0006999999999999674
EWR-1,8/20/2025,11:30:00 pm,0,2025-08-20 23:30:00,8.1711,9.566,0.0008000000000000895
EWR-1,8/20/2025,11:40:00 pm,0,2025-08-20 23:40:00,8.1711,9.558,0.0009000000000000341
EWR-1,8/20/2025,11:50:00 pm,0,2025-08-20 23:50:00,8.1707,9.549,0.0007999999999999119
EWR-1,8/21/2025,12:00:00 am,0,2025-08-21 00:00:00,8.1712,9.541,0.0009000000000000341
EWR-1,8/21/2025,12:10:00 am,0,2025-08-21 00:10:00,8.1713,9.532,0.0009000000000000341
EWR-1,8/21/2025,12:20:00 am,0,2025-08-21 00:20:00,8.1713,9.523,0.0009999999999999788
EWR-1,8/21/2025,12:30:00 am,0,2025-08-21 00:30:00,8.1719,9.513,0.0009000000000000341
EWR-1,8/21/2025,12:40:00 am,0,2025-08-21 00:40:00,8.172,9.504,0.0009000000000000341
EWR-1,8/21/2025,12:50:00 am,0,2025-08-21 00:50:00,8.1727,9.495,0.0009999999999999788
EWR-1,8/21/2025,01:00:00 am,0,2025-08-21 01:00:00,8.1728,9.485,0.0008999999999998564
EWR-1,8/21/2025,01:10:00 am,0,2025-08-21 01:10:00,8.1732,9.476,0.0010000000000001564
EWR-1,8/21/2025,01:20:00 am,0,2025-08-21 01:20:00,8.1739,9.466,0.0009999999999999788
EWR-1,8/21/2025,01:30:00 am,0,2025-08-21 01:30:00,8.1741,9.456,0.0009999999999999788
EWR-1,8/21/2025,01:40:00 am,0,2025-08-21 01:40:00,8.1747,9.446,0.0010999999999999233
EWR-1,8/21/2025,01:50:00 am,0,2025-08-21 01:50:00,8.1753,9.435,0.001100000000000101
EWR-1,8/21/2025,02:00:00 am,0,2025-08-21 02:00:00,8.1759,9.424,0.0010999999999999233
EWR-1,8/21/2025,02:10:00 am,0,2025-08-21 02:10:00,8.1766,9.413,0.001100000000000101
EWR-1,8/21/2025,02:20:00 am,0,2025-08-21 02:20:00,8.177,9.402,0.0009999999999999788
EWR-1,8/21/2025,02:30:00 am,0,2025-08-21 02:30:00,8.1776,9.392,0.0011999999999998678
EWR-1,8/21/2025,02:40:00 am,0,2025-08-21 02:40:00,8.1783,9.38,0.001100000000000101
EWR-1,8/21/2025,02:50:00 am,0,2025-08-21 02:50:00,8.1789,9.369,0.0012000000000000454
EWR-1,8/21/2025,03:00:00 am,0,2025-08-21 03:00:00,8.1797,9.357,0.0011999999999998678
EWR-1,8/21/2025,03:10:00 am,0,2025-08-21 03:10:00,8.1801,9.345,0.001100000000000101
EWR-1,8/21/2025,03:20:00 am,0,2025-08-21 03:20:00,8.1809,9.334,0.0012000000000000454
EWR-1,8/21/2025,03:30:00 am,0,2025-08-21 03:30:00,8.1816,9.322,0.0011999999999998678
EWR-1,8/21/2025,03:40:00 am,0,2025-08-21 03:40:00,8.1822,9.31,0.00129999999999999
EWR-1,8/21/2025,03:50:00 am,0,2025-08-21 03:50:00,8.1826,9.297,0.001100000000000101
EWR-1,8/21/2025,04:00:00 am,0,2025-08-21 04:00:00,8.1833,9.286,0.00129999999999999
EWR-1,8/21/2025,04:10:00 am,0,2025-08-21 04:10:00,8.1838,9.273,0.0012000000000000454
EWR-1,8/21/2025,04:20:00 am,0,2025-08-21 04:20:00,8.1851,9.261,0.00129999999999999
EWR-1,8/21/2025,04:30:00 am,0,2025-08-21 04:30:00,8.1859,9.248,0.00129999999999999
EWR-1,8/21/2025,04:40:00 am,0,2025-08-21 04:40:00,8.1869,9.235,0.00129999999999999
EWR-1,8/21/2025,04:50:00 am,0,2025-08-21 04:50:00,8.1877,9.222,0.0013999999999999347
EWR-1,8/21/2025,05:00:00 am,0,2025-08-21 05:00:00,8.1889,9.208,0.0012000000000000454
EWR-1,8/21/2025,05:10:00 am,0,2025-08-21 05:10:00,8.1901,9.196,0.0013999999999999347
EWR-1,8/21/2025,05:20:00 am,0,2025-08-21 05:20:00,8.1913,9.182,0.00129999999999999
EWR-1,8/21/2025,05:30:00 am,0,2025-08-21 05:30:00,8.1926,9.169,0.0012000000000000454
EWR-1,8/21/2025,05:40:00 am,0,2025-08-21 05:40:00,8.1941,9.157,0.00129999999999999
EWR-1,8/21/2025,05:50:00 am,0,2025-08-21 05:50:00,8.1951,9.144,0.00129999999999999
EWR-1,8/21/2025,06:00:00 am,0,2025-08-21 06:00:00,8.1966,9.131,0.0013999999999999347
EWR-1,8/21/2025,06:10:00 am,0,2025-08-21 06:10:00,8.198,9.117,0.0013000000000001678
EWR-1,8/21/2025,06:20:00 am,0,2025-08-21 06:20:00,8.1993,9.104,0.0013999999999999347
EWR-1,8/21/2025,06:30:00 am,0,2025-08-21 06:30:00,8.2005,9.09,0.00129999999999999
EWR-1,8/21/2025,06:40:00 am,0,2025-08-21 06:40:00,8.2019,9.077,0.0012000000000000454
EWR-1,8/21/2025,06:50:00 am,0,2025-08-21 06:50:00,8.2034,9.065,0.00129999999999999
EWR-1,8/21/2025,07:00:00 am,0,2025-08-21 07:00:00,8.2049,9.052,0.0009999999999999788
EWR-1,8/21/2025,07:10:00 am,0,2025-08-21 07:10:00,8.2064,9.042,0.0009000000000000341
EWR-1,8/21/2025,07:20:00 am,0,2025-08-21 07:20:00,8.2079,9.033,0.0007999999999999119
EWR-1,8/21/2025,07:30:00 am,0,2025-08-21 07:30:00,8.2094,9.025,0.0008000000000000895
EWR-1,8/21/2025,07:40:00 am,0,2025-08-21 07:40:00,8.2108,9.017,0.0007999999999999119
EWR-1,8/21/2025,07:50:00 am,0,2025-08-21 07:50:00,8.2121,9.009,0.0006999999999999674
EWR-1,8/21/2025,08:00:00 am,0,2025-08-21 08:00:00,8.2138,9.002,0.000700000000000145
EWR-1,8/21/2025,08:10:00 am,0,2025-08-21 08:10:00,8.215,8.995,0.0004999999999999005
EWR-1,8/21/2025,08:20:00 am,0,2025-08-21 08:20:00,8.2164,8.99,0.00030000000000001136
EWR-1,8/21/2025,08:30:00 am,0,2025-08-21 08:30:00,8.2178,8.987,9.999999999994457e-05
EWR-1,8/21/2025,08:40:00 am,0,2025-08-21 08:40:00,8.219,8.986,0.0002000000000000668
EWR-1,8/21/2025,08:50:00 am,0,2025-08-21 08:50:00,8.2197,8.984,0.0
EWR-1,8/21/2025,09:00:00 am,0,2025-08-21 09:00:00,8.2208,8.984,9.999999999994457e-05
EWR-1,8/21/2025,09:10:00 am,0,2025-08-21 09:10:00,8.2222,8.983,0.0
EWR-1,8/21/2025,09:20:00 am,0,2025-08-21 09:20:00,8.2228,8.983,0.0
EWR-1,8/21/2025,09:30:00 am,0,2025-08-21 09:30:00,8.2235,8.983,9.999999999994457e-05
EWR-1,8/21/2025,09:40:00 am,0,2025-08-21 09:40:00,8.2241,8.984,9.999999999994457e-05
EWR-1,8/21/2025,09:50:00 am,0,2025-08-21 09:50:00,8.2249,8.985,0.0002000000000000668
EWR-1,8/21/2025,10:00:00 am,0,2025-08-21 10:00:00,8.2254,8.987,9.999999999994457e-05
EWR-1,8/21/2025,10:10:00 am,0,2025-08-21 10:10:00,8.2254,8.988,0.0002000000000000668
EWR-1,8/21/2025,10:20:00 am,0,2025-08-21 10:20:00,8.2259,8.99,0.00030000000000001136
EWR-1,8/21/2025,10:30:00 am,0,2025-08-21 10:30:00,8.2257,8.993,0.00030000000000001136
EWR-1,8/21/2025,10:40:00 am,0,2025-08-21 10:40:00,8.2255,8.996,0.00030000000000001136
EWR-1,8/21/2025,10:50:00 am,0,2025-08-21 10:50:00,8.2255,8.999,0.00039999999999995595
EWR-1,8/21/2025,11:00:00 am,0,2025-08-21 11:00:00,8.2255,9.003,0.0006000000000000227
EWR-1,8/21/2025,11:10:00 am,0,2025-08-21 11:10:00,8.2255,9.009,0.0007999999999999119
EWR-1,8/21/2025,11:20:00 am,0,2025-08-21 11:20:00,8.2249,9.017,0.0009999999999999788
EWR-1,8/21/2025,11:30:00 am,0,2025-08-21 11:30:00,8.2249,9.027,0.0012000000000000454
EWR-1,8/21/2025,11:40:00 am,0,2025-08-21 11:40:00,8.2244,9.039,0.00129999999999999
EWR-1,8/21/2025,11:50:00 am,0,2025-08-21 11:50:00,8.2239,9.052,0.0014000000000001123
EWR-1,8/21/2025,12:00:00 pm,0,2025-08-21 12:00:00,8.2235,9.066,0.0013999999999999347
EWR-1,8/21/2025,12:10:00 pm,0,2025-08-21 12:10:00,8.2229,9.08,0.0015000000000000568
EWR-1,8/21/2025,12:20:00 pm,0,2025-08-21 12:20:00,8.2219,9.095,0.0016000000000000014
EWR-1,8/21/2025,12:30:00 pm,0,2025-08-21 12:30:00,8.2213,9.111,0.0017999999999998907
EWR-1,8/21/2025,12:40:00 pm,0,2025-08-21 12:40:00,8.2202,9.129,0.0019000000000000128
EWR-1,8/21/2025,12:50:00 pm,0,2025-08-21 12:50:00,8.2192,9.148,0.0019999999999999575
EWR-1,8/21/2025,01:00:00 pm,0,2025-08-21 13:00:00,8.2185,9.168,0.002000000000000135
EWR-1,8/21/2025,01:10:00 pm,0,2025-08-21 13:10:00,8.2177,9.188,0.0019999999999999575
EWR-1,8/21/2025,01:20:00 pm,0,2025-08-21 13:20:00,8.2167,9.208,0.0019000000000000128
EWR-1,8/21/2025,01:30:00 pm,0,2025-08-21 13:30:00,8.2157,9.227,0.0017999999999998907
EWR-1,8/21/2025,01:40:00 pm,0,2025-08-21 13:40:00,8.2146,9.245,0.0017000000000001237
EWR-1,8/21/2025,01:50:00 pm,0,2025-08-21 13:50:00,8.2135,9.262,0.001699999999999946
EWR-1,8/21/2025,02:00:00 pm,0,2025-08-21 14:00:00,8.2125,9.279,0.001699999999999946
EWR-1,8/21/2025,02:10:00 pm,0,2025-08-21 14:10:00,8.211,9.296,0.0016000000000000014
EWR-1,8/21/2025,02:20:00 pm,0,2025-08-21 14:20:00,8.2096,9.312,0.0017000000000001237
EWR-1,8/21/2025,02:30:00 pm,0,2025-08-21 14:30:00,8.2087,9.329,0.001699999999999946
EWR-1,8/21/2025,02:40:00 pm,0,2025-08-21 14:40:00,8.2071,9.346,0.001699999999999946
EWR-1,8/21/2025,02:50:00 pm,0,2025-08-21 14:50:00,8.2056,9.363,0.0018000000000000683
EWR-1,8/21/2025,03:00:00 pm,0,2025-08-21 15:00:00,8.2044,9.381,0.001699999999999946
EWR-1,8/21/2025,03:10:00 pm,0,2025-08-21 15:10:00,8.203,9.398,0.0018000000000000683
EWR-1,8/21/2025,03:20:00 pm,0,2025-08-21 15:20:00,8.2016,9.416,0.0017999999999998907
EWR-1,8/21/2025,03:30:00 pm,0,2025-08-21 15:30:00,8.2001,9.434,0.0019000000000000128
EWR-1,8/21/2025,03:40:00 pm,0,2025-08-21 15:40:00,8.1987,9.453,0.0019000000000000128
EWR-1,8/21/2025,03:50:00 pm,0,2025-08-21 15:50:00,8.1974,9.472,0.002000000000000135
EWR-1,8/21/2025,04:00:00 pm,0,2025-08-21 16:00:00,8.1958,9.492,0.002099999999999902
EWR-1,8/21/2025,04:10:00 pm,0,2025-08-21 16:10:00,8.1946,9.513,0.0019999999999999575
EWR-1,8/21/2025,04:20:00 pm,0,2025-08-21 16:20:00,8.1935,9.533,0.002000000000000135
EWR-1,8/21/2025,04:30:00 pm,0,2025-08-21 16:30:00,8.1919,9.553,0.0017999999999998907
EWR-1,8/21/2025,04:40:00 pm,0,2025-08-21 16:40:00,8.1903,9.571,0.0019000000000000128
EWR-1,8/21/2025,04:50:00 pm,0,2025-08-21 16:50:00,8.1889,9.59,0.001699999999999946
EWR-1,8/21/2025,05:00:00 pm,0,2025-08-21 17:00:00,8.187,9.607,0.0017000000000001237
EWR-1,8/21/2025,05:10:00 pm,0,2025-08-21 17:10:00,8.1855,9.624,0.001699999999999946
EWR-1,8/21/2025,05:20:00 pm,0,2025-08-21 17:20:00,8.1839,9.641,0.0015000000000000568
EWR-1,8/21/2025,05:30:00 pm,0,2025-08-21 17:30:00,8.1825,9.656,0.0014999999999998793
EWR-1,8/21/2025,05:40:00 pm,0,2025-08-21 17:40:00,8.1807,9.671,0.0016000000000000014
EWR-1,8/21/2025,05:50:00 pm,0,2025-08-21 17:50:00,8.1792,9.687,0.0016000000000000014
EWR-1,8/21/2025,06:00:00 pm,0,2025-08-21 18:00:00,8.178,9.703,0.0016000000000000014
EWR-1,8/21/2025,06:10:00 pm,0,2025-08-21 18:10:00,8.1761,9.719,0.0015000000000000568
EWR-1,8/21/2025,06:20:00 pm,0,2025-08-21 18:20:00,8.1747,9.734,0.0013999999999999347
EWR-1,8/21/2025,06:30:00 pm,0,2025-08-21 18:30:00,8.1727,9.748,0.00129999999999999
EWR-1,8/21/2025,06:40:00 pm,0,2025-08-21 18:40:00,8.171,9.761,0.0012000000000000454
EWR-1,8/21/2025,06:50:00 pm,0,2025-08-21 18:50:00,8.1694,9.773,0.001100000000000101
EWR-1,8/21/2025,07:00:00 pm,0,2025-08-21 19:00:00,8.1679,9.784,0.0010999999999999233
EWR-1,8/21/2025,07:10:00 pm,0,2025-08-21 19:10:00,8.1661,9.795,0.0009999999999999788
EWR-1,8/21/2025,07:20:00 pm,0,2025-08-21 19:20:00,8.1643,9.805,0.0008000000000000895
EWR-1,8/21/2025,07:30:00 pm,0,2025-08-21 19:30:00,8.1631,9.813,0.0006999999999999674
EWR-1,8/21/2025,07:40:00 pm,0,2025-08-21 19:40:00,8.1614,9.82,0.0004999999999999005
EWR-1,8/21/2025,07:50:00 pm,0,2025-08-21 19:50:00,8.1603,9.825,0.0004000000000001336
EWR-1,8/21/2025,08:00:00 pm,0,2025-08-21 20:00:00,8.1584,9.829,0.00019999999999988915
EWR-1,8/21/2025,08:10:00 pm,0,2025-08-21 20:10:00,8.1569,9.831,0.00010000000000012221
EWR-1,8/21/2025,08:20:00 pm,0,2025-08-21 20:20:00,8.1559,9.832,0.0
EWR-1,8/21/2025,08:30:00 pm,0,2025-08-21 20:30:00,8.1544,9.832,0.00010000000000012221
EWR-1,8/21/2025,08:40:00 pm,0,2025-08-21 20:40:00,8.1529,9.831,0.00019999999999988915
EWR-1,8/21/2025,08:50:00 pm,0,2025-08-21 20:50:00,8.1519,9.829,0.0002000000000000668
EWR-1,8/21/2025,09:00:00 pm,0,2025-08-21 21:00:00,8.1508,9.827,0.0002000000000000668
EWR-1,8/21/2025,09:10:00 pm,0,2025-08-21 21:10:00,8.1499,9.825,0.00030000000000001136
EWR-1,8/21/2025,09:20:00 pm,0,2025-08-21 21:20:00,8.1487,9.822,0.0002999999999998337
EWR-1,8/21/2025,09:30:00 pm,0,2025-08-21 21:30:00,8.1475,9.819,0.0004000000000001336
EWR-1,8/21/2025,09:40:00 pm,0,2025-08-21 21:40:00,8.1466,9.815,0.00030000000000001136
EWR-1,8/21/2025,09:50:00 pm,0,2025-08-21 21:50:00,8.1459,9.812,0.0004999999999999005
EWR-1,8/21/2025,10:00:00 pm,0,2025-08-21 22:00:00,8.1448,9.807,0.0005000000000000782
EWR-1,8/21/2025,10:10:00 pm,0,2025-08-21 22:10:00,8.1442,9.802,0.0004999999999999005
EWR-1,8/21/2025,10:20:00 pm,0,2025-08-21 22:20:00,8.1433,9.797,0.0005000000000000782
EWR-1,8/21/2025,10:30:00 pm,0,2025-08-21 22:30:00,8.1426,9.792,0.0004999999999999005
EWR-1,8/21/2025,10:40:00 pm,0,2025-08-21 22:40:00,8.1424,9.787,0.0005000000000000782
EWR-1,8/21/2025,10:50:00 pm,0,2025-08-21 22:50:00,8.1416,9.782,0.0006000000000000227
EWR-1,8/21/2025,11:00:00 pm,0,2025-08-21 23:00:00,8.1414,9.776,0.0006999999999999674
EWR-1,8/21/2025,11:10:00 pm,0,2025-08-21 23:10:00,8.1407,9.769,0.0006000000000000227
EWR-1,8/21/2025,11:20:00 pm,0,2025-08-21 23:20:00,8.1405,9.763,0.0006999999999999674
EWR-1,8/21/2025,11:30:00 pm,0,2025-08-21 23:30:00,8.1402,9.756,0.0006999999999999674
EWR-1,8/21/2025,11:40:00 pm,0,2025-08-21 23:40:00,8.1398,9.749,0.0006999999999999674
EWR-1,8/21/2025,11:50:00 pm,0,2025-08-21 23:50:00,8.1399,9.742,0.0008000000000000895
EWR-1,8/22/2025,12:00:00 am,0,2025-08-22 00:00:00,8.1397,9.734,0.0006999999999999674
EWR-1,8/22/2025,12:10:00 am,0,2025-08-22 00:10:00,8.1395,9.727,0.0008000000000000895
EWR-1,8/22/2025,12:20:00 am,0,2025-08-22 00:20:00,8.1397,9.719,0.0006999999999999674
EWR-1,8/22/2025,12:30:00 am,0,2025-08-22 00:30:00,8.1399,9.712,0.0007999999999999119
EWR-1,8/22/2025,12:40:00 am,0,2025-08-22 00:40:00,8.14,9.704,0.0008000000000000895
EWR-1,8/22/2025,12:50:00 am,0,2025-08-22 00:50:00,8.1404,9.696,0.0007999999999999119
EWR-1,8/22/2025,01:00:00 am,0,2025-08-22 01:00:00,8.1402,9.688,0.0008000000000000895
EWR-1,8/22/2025,01:10:00 am,0,2025-08-22 01:10:00,8.1407,9.68,0.0006999999999999674
EWR-1,8/22/2025,01:20:00 am,0,2025-08-22 01:20:00,8.1408,9.673,0.0008000000000000895
EWR-1,8/22/2025,01:30:00 am,0,2025-08-22 01:30:00,8.1413,9.665,0.0007999999999999119
EWR-1,8/22/2025,01:40:00 am,0,2025-08-22 01:40:00,8.1419,9.657,0.0006999999999999674
EWR-1,8/22/2025,01:50:00 am,0,2025-08-22 01:50:00,8.1425,9.65,0.0009000000000000341
EWR-1,8/22/2025,02:00:00 am,0,2025-08-22 02:00:00,8.1427,9.641,0.0008000000000000895
EWR-1,8/22/2025,02:10:00 am,0,2025-08-22 02:10:00,8.1433,9.633,0.0008999999999998564
EWR-1,8/22/2025,02:20:00 am,0,2025-08-22 02:20:00,8.1441,9.624,0.0008000000000000895
EWR-1,8/22/2025,02:30:00 am,0,2025-08-22 02:30:00,8.1444,9.616,0.0007999999999999119
EWR-1,8/22/2025,02:40:00 am,0,2025-08-22 02:40:00,8.1448,9.608,0.0008000000000000895
EWR-1,8/22/2025,02:50:00 am,0,2025-08-22 02:50:00,8.1457,9.6,0.0009000000000000341
EWR-1,8/22/2025,03:00:00 am,0,2025-08-22 03:00:00,8.1466,9.591,0.0008999999999998564
EWR-1,8/22/2025,03:10:00 am,0,2025-08-22 03:10:00,8.147,9.582,0.0009000000000000341
EWR-1,8/22/2025,03:20:00 am,0,2025-08-22 03:20:00,8.1479,9.573,0.0009000000000000341
EWR-1,8/22/2025,03:30:00 am,0,2025-08-22 03:30:00,8.1484,9.564,0.0009999999999999788
EWR-1,8/22/2025,03:40:00 am,0,2025-08-22 03:40:00,8.1489,9.554,0.0008000000000000895
EWR-1,8/22/2025,03:50:00 am,0,2025-08-22 03:50:00,8.1497,9.546,0.0009999999999999788
EWR-1,8/22/2025,04:00:00 am,0,2025-08-22 04:00:00,8.1503,9.536,0.0009000000000000341
EWR-1,8/22/2025,04:10:00 am,0,2025-08-22 04:10:00,8.1509,9.527,0.0008999999999998564
EWR-1,8/22/2025,04:20:00 am,0,2025-08-22 04:20:00,8.1519,9.518,0.0009000000000000341
EWR-1,8/22/2025,04:30:00 am,0,2025-08-22 04:30:00,8.1524,9.509,0.0009000000000000341
EWR-1,8/22/2025,04:40:00 am,0,2025-08-22 04:40:00,8.1532,9.5,0.0010999999999999233
EWR-1,8/22/2025,04:50:00 am,0,2025-08-22 04:50:00,8.1539,9.489,0.0009000000000000341
EWR-1,8/22/2025,05:00:00 am,0,2025-08-22 05:00:00,8.155,9.48,0.0009999999999999788
EWR-1,8/22/2025,05:10:00 am,0,2025-08-22 05:10:00,8.1564,9.47,0.0009999999999999788
EWR-1,8/22/2025,05:20:00 am,0,2025-08-22 05:20:00,8.1582,9.46,0.001100000000000101
EWR-1,8/22/2025,05:30:00 am,0,2025-08-22 05:30:00,8.1595,9.449,0.0009999999999999788
EWR-1,8/22/2025,05:40:00 am,0,2025-08-22 05:40:00,8.1609,9.439,0.0010999999999999233
EWR-1,8/22/2025,05:50:00 am,0,2025-08-22 05:50:00,8.1627,9.428,0.001100000000000101
EWR-1,8/22/2025,06:00:00 am,0,2025-08-22 06:00:00,8.1644,9.417,0.0009999999999999788
EWR-1,8/22/2025,06:10:00 am,0,2025-08-22 06:10:00,8.1664,9.407,0.0009999999999999788
EWR-1,8/22/2025,06:20:00 am,0,2025-08-22 06:20:00,8.1681,9.397,0.0009999999999999788
EWR-1,8/22/2025,06:30:00 am,0,2025-08-22 06:30:00,8.1699,9.387,0.0012000000000000454
EWR-1,8/22/2025,06:40:00 am,0,2025-08-22 06:40:00,8.1713,9.375,0.0009999999999999788
EWR-1,8/22/2025,06:50:00 am,0,2025-08-22 06:50:00,8.1733,9.365,0.0009999999999999788
EWR-1,8/22/2025,07:00:00 am,0,2025-08-22 07:00:00,8.1748,9.355,0.0009000000000000341
EWR-1,8/22/2025,07:10:00 am,0,2025-08-22 07:10:00,8.1764,9.346,0.0008000000000000895
EWR-1,8/22/2025,07:20:00 am,0,2025-08-22 07:20:00,8.178,9.338,0.0007999999999999119
EWR-1,8/22/2025,07:30:00 am,0,2025-08-22 07:30:00,8.1802,9.33,0.0006999999999999674
EWR-1,8/22/2025,07:40:00 am,0,2025-08-22 07:40:00,8.1819,9.323,0.0006000000000000227
EWR-1,8/22/2025,07:50:00 am,0,2025-08-22 07:50:00,8.1838,9.317,0.0005000000000000782
EWR-1,8/22/2025,08:00:00 am,0,2025-08-22 08:00:00,8.1854,9.312,0.00039999999999995595
EWR-1,8/22/2025,08:10:00 am,0,2025-08-22 08:10:00,8.1873,9.308,0.00039999999999995595
EWR-1,8/22/2025,08:20:00 am,0,2025-08-22 08:20:00,8.1891,9.304,0.00030000000000001136
EWR-1,8/22/2025,08:30:00 am,0,2025-08-22 08:30:00,8.1907,9.301,0.0002000000000000668
EWR-1,8/22/2025,08:40:00 am,0,2025-08-22 08:40:00,8.1922,9.299,9.999999999994457e-05
EWR-1,8/22/2025,08:50:00 am,0,2025-08-22 08:50:00,8.1939,9.298,9.999999999994457e-05
EWR-1,8/22/2025,09:00:00 am,0,2025-08-22 09:00:00,8.1955,9.297,0.00010000000000012221
EWR-1,8/22/2025,09:10:00 am,0,2025-08-22 09:10:00,8.1966,9.296,0.0
EWR-1,8/22/2025,09:20:00 am,0,2025-08-22 09:20:00,8.1981,9.296,0.00010000000000012221
EWR-1,8/22/2025,09:30:00 am,0,2025-08-22 09:30:00,8.1994,9.297,0.00019999999999988915
EWR-1,8/22/2025,09:40:00 am,0,2025-08-22 09:40:00,8.2002,9.299,0.0002000000000000668
EWR-1,8/22/2025,09:50:00 am,0,2025-08-22 09:50:00,8.2015,9.301,0.0002000000000000668
EWR-1,8/22/2025,10:00:00 am,0,2025-08-22 10:00:00,8.2021,9.303,0.0002999999999998337
EWR-1,8/22/2025,10:10:00 am,0,2025-08-22 10:10:00,8.2028,9.306,0.0002000000000000668
EWR-1,8/22/2025,10:20:00 am,0,2025-08-22 10:20:00,8.2031,9.308,0.00030000000000001136
EWR-1,8/22/2025,10:30:00 am,0,2025-08-22 10:30:00,8.2033,9.311,0.00030000000000001136
EWR-1,8/22/2025,10:40:00 am,0,2025-08-22 10:40:00,8.2039,9.314,0.0005000000000000782
EWR-1,8/22/2025,10:50:00 am,0,2025-08-22 10:50:00,8.204,9.319,0.00039999999999995595
EWR-1,8/22/2025,11:00:00 am,0,2025-08-22 11:00:00,8.2038,9.323,0.0007999999999999119
EWR-1,8/22/2025,11:10:00 am,0,2025-08-22 11:10:00,8.2037,9.331,0.0009000000000000341
EWR-1,8/22/2025,11:20:00 am,0,2025-08-22 11:20:00,8.2037,9.34,0.001100000000000101
EWR-1,8/22/2025,11:30:00 am,0,2025-08-22 11:30:00,8.2034,9.351,0.0011999999999998678
EWR-1,8/22/2025,11:40:00 am,0,2025-08-22 11:40:00,8.2034,9.363,0.00129999999999999
EWR-1,8/22/2025,11:50:00 am,0,2025-08-22 11:50:00,8.2029,9.376,0.00129999999999999
EWR-1,8/22/2025,12:00:00 pm,0,2025-08-22 12:00:00,8.2026,9.389,0.0014000000000001123
EWR-1,8/22/2025,12:10:00 pm,0,2025-08-22 12:10:00,8.2024,9.403,0.0014999999999998793
EWR-1,8/22/2025,12:20:00 pm,0,2025-08-22 12:20:00,8.2014,9.418,0.0017000000000001237
EWR-1,8/22/2025,12:30:00 pm,0,2025-08-22 12:30:00,8.2012,9.435,0.001699999999999946
EWR-1,8/22/2025,12:40:00 pm,0,2025-08-22 12:40:00,8.2007,9.452,0.0019999999999999575
EWR-1,8/22/2025,12:50:00 pm,0,2025-08-22 12:50:00,8.2003,9.472,0.0019000000000000128
EWR-1,8/22/2025,01:00:00 pm,0,2025-08-22 13:00:00,8.1993,9.491,0.0019000000000000128
EWR-1,8/22/2025,01:10:00 pm,0,2025-08-22 13:10:00,8.1991,9.51,0.0021000000000000797
EWR-1,8/22/2025,01:20:00 pm,0,2025-08-22 13:20:00,8.1983,9.531,0.002099999999999902
EWR-1,8/22/2025,01:30:00 pm,0,2025-08-22 13:30:00,8.1977,9.552,0.0021000000000000797
EWR-1,8/22/2025,01:40:00 pm,0,2025-08-22 13:40:00,8.1967,9.573,0.0019999999999999575
EWR-1,8/22/2025,01:50:00 pm,0,2025-08-22 13:50:00,8.1961,9.593,0.0019000000000000128
EWR-1,8/22/2025,02:00:00 pm,0,2025-08-22 14:00:00,8.1957,9.612,0.0018000000000000683
EWR-1,8/22/2025,02:10:00 pm,0,2025-08-22 14:10:00,8.1945,9.63,0.001699999999999946
EWR-1,8/22/2025,02:20:00 pm,0,2025-08-22 14:20:00,8.1936,9.647,0.001699999999999946
EWR-1,8/22/2025,02:30:00 pm,0,2025-08-22 14:30:00,8.1924,9.664,0.0016000000000000014
EWR-1,8/22/2025,02:40:00 pm,0,2025-08-22 14:40:00,8.1915,9.68,0.001699999999999946
EWR-1,8/22/2025,02:50:00 pm,0,2025-08-22 14:50:00,8.1902,9.697,0.0017000000000001237
EWR-1,8/22/2025,03:00:00 pm,0,2025-08-22 15:00:00,8.1887,9.714,0.0016000000000000014
EWR-1,8/22/2025,03:10:00 pm,0,2025-08-22 15:10:00,8.1877,9.73,0.001699999999999946
EWR-1,8/22/2025,03:20:00 pm,0,2025-08-22 15:20:00,8.1866,9.747,0.0016000000000000014
EWR-1,8/22/2025,03:30:00 pm,0,2025-08-22 15:30:00,8.185,9.763,0.0015000000000000568
EWR-1,8/22/2025,03:40:00 pm,0,2025-08-22 15:40:00,8.1835,9.778,0.0016000000000000014
EWR-1,8/22/2025,03:50:00 pm,0,2025-08-22 15:50:00,8.1823,9.794,0.001699999999999946
EWR-1,8/22/2025,04:00:00 pm,0,2025-08-22 16:00:00,8.1809,9.811,0.0019999999999999575
EWR-1,8/22/2025,04:10:00 pm,0,2025-08-22 16:10:00,8.1798,9.831,0.002000000000000135
EWR-1,8/22/2025,04:20:00 pm,0,2025-08-22 16:20:00,8.1783,9.851,0.0018999999999998352
EWR-1,8/22/2025,04:30:00 pm,0,2025-08-22 16:30:00,8.1772,9.87,0.0018000000000000683
EWR-1,8/22/2025,04:40:00 pm,0,2025-08-22 16:40:00,8.1752,9.888,0.001699999999999946
EWR-1,8/22/2025,04:50:00 pm,0,2025-08-22 16:50:00,8.1739,9.905,0.0016000000000000014
EWR-1,8/22/2025,05:00:00 pm,0,2025-08-22 17:00:00,8.1725,9.921,0.0015000000000000568
EWR-1,8/22/2025,05:10:00 pm,0,2025-08-22 17:10:00,8.1711,9.936,0.0015000000000000568
EWR-1,8/22/2025,05:20:00 pm,0,2025-08-22 17:20:00,8.1693,9.951,0.0017999999999998907
EWR-1,8/22/2025,05:30:00 pm,0,2025-08-22 17:30:00,8.1676,9.969,0.0019000000000000128
EWR-1,8/22/2025,05:40:00 pm,0,2025-08-22 17:40:00,8.1662,9.988,0.0018000000000000683
EWR-1,8/22/2025,05:50:00 pm,0,2025-08-22 17:50:00,8.1645,10.006,0.0019000000000000128
EWR-1,8/22/2025,06:00:00 pm,0,2025-08-22 18:00:00,8.1629,10.025,0.001699999999999946
EWR-1,8/22/2025,06:10:00 pm,0,2025-08-22 18:10:00,8.1618,10.042,0.0015000000000000568
EWR-1,8/22/2025,06:20:00 pm,0,2025-08-22 18:20:00,8.1603,10.057,0.00129999999999999
EWR-1,8/22/2025,06:30:00 pm,0,2025-08-22 18:30:00,8.1583,10.07,0.0012000000000000454
EWR-1,8/22/2025,06:40:00 pm,0,2025-08-22 18:40:00,8.1565,10.082,0.0010999999999999233
EWR-1,8/22/2025,06:50:00 pm,0,2025-08-22 18:50:00,8.1547,10.093,0.0009999999999999788
EWR-1,8/22/2025,07:00:00 pm,0,2025-08-22 19:00:00,8.1534,10.103,0.0009000000000000341
EWR-1,8/22/2025,07:10:00 pm,0,2025-08-22 19:10:00,8.1515,10.112,0.0009000000000000341
EWR-1,8/22/2025,07:20:00 pm,0,2025-08-22 19:20:00,8.1503,10.121,0.0006999999999999674
EWR-1,8/22/2025,07:30:00 pm,0,2025-08-22 19:30:00,8.1488,10.128,0.0007999999999999119
EWR-1,8/22/2025,07:40:00 pm,0,2025-08-22 19:40:00,8.1477,10.136,0.0006000000000000227
EWR-1,8/22/2025,07:50:00 pm,0,2025-08-22 19:50:00,8.1461,10.142,0.0006000000000000227
EWR-1,8/22/2025,08:00:00 pm,0,2025-08-22 20:00:00,8.145,10.148,0.0005000000000000782
EWR-1,8/22/2025,08:10:00 pm,0,2025-08-22 20:10:00,8.1437,10.153,0.0004999999999999005
EWR-1,8/22/2025,08:20:00 pm,0,2025-08-22 20:20:00,8.1425,10.158,0.0005000000000000782
EWR-1,8/22/2025,08:30:00 pm,0,2025-08-22 20:30:00,8.1413,10.163,0.00039999999999995595
EWR-1,8/22/2025,08:40:00 pm,0,2025-08-22 20:40:00,8.1402,10.167,0.00030000000000001136
EWR-1,8/22/2025,08:50:00 pm,0,2025-08-22 20:50:00,8.1395,10.17,0.00039999999999995595
EWR-1,8/22/2025,09:00:00 pm,0,2025-08-22 21:00:00,8.1382,10.174,0.00030000000000001136
EWR-1,8/22/2025,09:10:00 pm,0,2025-08-22 21:10:00,8.1374,10.177,0.00039999999999995595
EWR-1,8/22/2025,09:20:00 pm,0,2025-08-22 21:20:00,8.1367,10.181,0.0004000000000001336
EWR-1,8/22/2025,09:30:00 pm,0,2025-08-22 21:30:00,8.136,10.185,0.00030000000000001136
EWR-1,8/22/2025,09:40:00 pm,0,2025-08-22 21:40:00,8.1351,10.188,0.00030000000000001136
EWR-1,8/22/2025,09:50:00 pm,0,2025-08-22 21:50:00,8.1344,10.191,0.00019999999999988915
EWR-1,8/22/2025,10:00:00 pm,0,2025-08-22 22:00:00,8.134,10.193,0.0002000000000000668
EWR-1,8/22/2025,10:10:00 pm,0,2025-08-22 22:10:00,8.1333,10.195,9.999999999994457e-05
EWR-1,8/22/2025,10:20:00 pm,0,2025-08-22 22:20:00,8.1326,10.196,0.0
EWR-1,8/22/2025,10:30:00 pm,0,2025-08-22 22:30:00,8.1324,10.196,9.999999999994457e-05
EWR-1,8/22/2025,10:40:00 pm,0,2025-08-22 22:40:00,8.1317,10.195,9.999999999994457e-05
EWR-1,8/22/2025,10:50:00 pm,0,2025-08-22 22:50:00,8.1315,10.194,0.00010000000000012221
EWR-1,8/22/2025,11:00:00 pm,0,2025-08-22 23:00:00,8.1309,10.193,0.00030000000000001136
EWR-1,8/22/2025,11:10:00 pm,0,2025-08-22 23:10:00,8.1306,10.19,0.00019999999999988915
EWR-1,8/22/2025,11:20:00 pm,0,2025-08-22 23:20:00,8.1301,10.188,0.0002000000000000668
EWR-1,8/22/2025,11:30:00 pm,0,2025-08-22 23:30:00,8.1295,10.186,0.00030000000000001136
EWR-1,8/22/2025,11:40:00 pm,0,2025-08-22 23:40:00,8.1292,10.183,0.00039999999999995595
EWR-1,8/22/2025,11:50:00 pm,0,2025-08-22 23:50:00,8.1292,10.179,0.00030000000000001136
EWR-1,8/23/2025,12:00:00 am,0,2025-08-23 00:00:00,8.1288,10.176,0.0005000000000000782
EWR-1,8/23/2025,12:10:00 am,0,2025-08-23 00:10:00,8.1285,10.171,0.00039999999999995595
EWR-1,8/23/2025,12:20:00 am,0,2025-08-23 00:20:00,8.1284,10.167,0.00039999999999995595
EWR-1,8/23/2025,12:30:00 am,0,2025-08-23 00:30:00,8.1284,10.163,0.0005000000000000782
EWR-1,8/23/2025,12:40:00 am,0,2025-08-23 00:40:00,8.1284,10.158,0.0004999999999999005
EWR-1,8/23/2025,12:50:00 am,0,2025-08-23 00:50:00,8.1287,10.153,0.0006000000000000227
EWR-1,8/23/2025,01:00:00 am,0,2025-08-23 01:00:00,8.1287,10.147,0.0005000000000000782
EWR-1,8/23/2025,01:10:00 am,0,2025-08-23 01:10:00,8.1288,10.142,0.0004999999999999005
EWR-1,8/23/2025,01:20:00 am,0,2025-08-23 01:20:00,8.1289,10.137,0.0005000000000000782
EWR-1,8/23/2025,01:30:00 am,0,2025-08-23 01:30:00,8.1289,10.132,0.0006000000000000227
EWR-1,8/23/2025,01:40:00 am,0,2025-08-23 01:40:00,8.1295,10.126,0.0006000000000000227
EWR-1,8/23/2025,01:50:00 am,0,2025-08-23 01:50:00,8.1301,10.12,0.0005999999999998451
EWR-1,8/23/2025,02:00:00 am,0,2025-08-23 02:00:00,8.1304,10.114,0.0006000000000000227
EWR-1,8/23/2025,02:10:00 am,0,2025-08-23 02:10:00,8.1303,10.108,0.0006999999999999674
EWR-1,8/23/2025,02:20:00 am,0,2025-08-23 02:20:00,8.1308,10.101,0.0008000000000000895
EWR-1,8/23/2025,02:30:00 am,0,2025-08-23 02:30:00,8.1313,10.093,0.0006999999999999674
EWR-1,8/23/2025,02:40:00 am,0,2025-08-23 02:40:00,8.1316,10.086,0.0006999999999999674
EWR-1,8/23/2025,02:50:00 am,0,2025-08-23 02:50:00,8.132,10.079,0.0008000000000000895
EWR-1,8/23/2025,03:00:00 am,0,2025-08-23 03:00:00,8.1326,10.071,0.0006999999999999674
EWR-1,8/23/2025,03:10:00 am,0,2025-08-23 03:10:00,8.133,10.064,0.0006999999999999674
EWR-1,8/23/2025,03:20:00 am,0,2025-08-23 03:20:00,8.1339,10.057,0.0008000000000000895
EWR-1,8/23/2025,03:30:00 am,0,2025-08-23 03:30:00,8.1348,10.049,0.0006999999999999674
EWR-1,8/23/2025,03:40:00 am,0,2025-08-23 03:40:00,8.135,10.042,0.0007999999999999119
EWR-1,8/23/2025,03:50:00 am,0,2025-08-23 03:50:00,8.1355,10.034,0.0009000000000000341
EWR-1,8/23/2025,04:00:00 am,0,2025-08-23 04:00:00,8.1367,10.025,0.0008000000000000895
EWR-1,8/23/2025,04:10:00 am,0,2025-08-23 04:10:00,8.1369,10.017,0.0007999999999999119
EWR-1,8/23/2025,04:20:00 am,0,2025-08-23 04:20:00,8.1378,10.009,0.0009000000000000341
EWR-1,8/23/2025,04:30:00 am,0,2025-08-23 04:30:00,8.1388,10.0,0.0009000000000000341
EWR-1,8/23/2025,04:40:00 am,0,2025-08-23 04:40:00,8.1393,9.991,0.0009000000000000341
EWR-1,8/23/2025,04:50:00 am,0,2025-08-23 04:50:00,8.1401,9.982,0.0009999999999999788
EWR-1,8/23/2025,05:00:00 am,0,2025-08-23 05:00:00,8.141,9.972,0.0007999999999999119
EWR-1,8/23/2025,05:10:00 am,0,2025-08-23 05:10:00,8.142,9.964,0.0009000000000000341
EWR-1,8/23/2025,05:20:00 am,0,2025-08-23 05:20:00,8.143,9.955,0.0009000000000000341
EWR-1,8/23/2025,05:30:00 am,0,2025-08-23 05:30:00,8.1442,9.946,0.0009000000000000341
EWR-1,8/23/2025,05:40:00 am,0,2025-08-23 05:40:00,8.1458,9.937,0.0007999999999999119
EWR-1,8/23/2025,05:50:00 am,0,2025-08-23 05:50:00,8.1474,9.929,0.0009999999999999788
EWR-1,8/23/2025,06:00:00 am,0,2025-08-23 06:00:00,8.1496,9.919,0.0009999999999999788
EWR-1,8/23/2025,06:10:00 am,0,2025-08-23 06:10:00,8.1514,9.909,0.0010000000000001564
EWR-1,8/23/2025,06:20:00 am,0,2025-08-23 06:20:00,8.1533,9.899,0.0008999999999998564
EWR-1,8/23/2025,06:30:00 am,0,2025-08-23 06:30:00,8.1552,9.89,0.0009999999999999788
EWR-1,8/23/2025,06:40:00 am,0,2025-08-23 06:40:00,8.1571,9.88,0.0009000000000000341
EWR-1,8/23/2025,06:50:00 am,0,2025-08-23 06:50:00,8.159,9.871,0.0009000000000000341
EWR-1,8/23/2025,07:00:00 am,0,2025-08-23 07:00:00,8.1612,9.862,0.0008000000000000895
EWR-1,8/23/2025,07:10:00 am,0,2025-08-23 07:10:00,8.1633,9.854,0.0007999999999999119
EWR-1,8/23/2025,07:20:00 am,0,2025-08-23 07:20:00,8.1648,9.846,0.0006999999999999674
EWR-1,8/23/2025,07:30:00 am,0,2025-08-23 07:30:00,8.1667,9.839,0.0006000000000000227
EWR-1,8/23/2025,07:40:00 am,0,2025-08-23 07:40:00,8.1686,9.833,0.0006000000000000227
EWR-1,8/23/2025,07:50:00 am,0,2025-08-23 07:50:00,8.1704,9.827,0.0005000000000000782
EWR-1,8/23/2025,08:00:00 am,0,2025-08-23 08:00:00,8.1726,9.822,0.0004999999999999005
EWR-1,8/23/2025,08:10:00 am,0,2025-08-23 08:10:00,8.1744,9.817,0.00039999999999995595
EWR-1,8/23/2025,08:20:00 am,0,2025-08-23 08:20:00,8.1767,9.813,0.0004000000000001336
EWR-1,8/23/2025,08:30:00 am,0,2025-08-23 08:30:00,8.1782,9.809,0.00019999999999988915
EWR-1,8/23/2025,08:40:00 am,0,2025-08-23 08:40:00,8.1808,9.807,0.00030000000000001136
EWR-1,8/23/2025,08:50:00 am,0,2025-08-23 08:50:00,8.1828,9.804,9.999999999994457e-05
EWR-1,8/23/2025,09:00:00 am,0,2025-08-23 09:00:00,8.1844,9.803,0.00010000000000012221
EWR-1,8/23/2025,09:10:00 am,0,2025-08-23 09:10:00,8.1867,9.802,0.0
EWR-1,8/23/2025,09:20:00 am,0,2025-08-23 09:20:00,8.1887,9.802,0.0
EWR-1,8/23/2025,09:30:00 am,0,2025-08-23 09:30:00,8.1906,9.802,0.00010000000000012221
EWR-1,8/23/2025,09:40:00 am,0,2025-08-23 09:40:00,8.1921,9.803,9.999999999994457e-05
EWR-1,8/23/2025,09:50:00 am,0,2025-08-23 09:50:00,8.1939,9.804,0.00030000000000001136
EWR-1,8/23/2025,10:00:00 am,0,2025-08-23 10:00:00,8.1956,9.807,0.00019999999999988915
EWR-1,8/23/2025,10:10:00 am,0,2025-08-23 10:10:00,8.1968,9.809,0.0002000000000000668
EWR-1,8/23/2025,10:20:00 am,0,2025-08-23 10:20:00,8.1977,9.811,0.00030000000000001136
EWR-1,8/23/2025,10:30:00 am,0,2025-08-23 10:30:00,8.1987,9.814,0.00039999999999995595
EWR-1,8/23/2025,10:40:00 am,0,2025-08-23 10:40:00,8.1994,9.818,0.00039999999999995595
EWR-1,8/23/2025,10:50:00 am,0,2025-08-23 10:50:00,8.1993,9.822,0.0005000000000000782
EWR-1,8/23/2025,11:00:00 am,0,2025-08-23 11:00:00,8.2,9.827,0.0006000000000000227
EWR-1,8/23/2025,11:10:00 am,0,2025-08-23 11:10:00,8.2,9.833,0.0009000000000000341
EWR-1,8/23/2025,11:20:00 am,0,2025-08-23 11:20:00,8.1995,9.842,0.0009000000000000341
EWR-1,8/23/2025,11:30:00 am,0,2025-08-23 11:30:00,8.1996,9.851,0.0010999999999999233
EWR-1,8/23/2025,11:40:00 am,0,2025-08-23 11:40:00,8.1997,9.862,0.0012000000000000454
EWR-1,8/23/2025,11:50:00 am,0,2025-08-23 11:50:00,8.1992,9.874,0.00129999999999999
EWR-1,8/23/2025,12:00:00 pm,0,2025-08-23 12:00:00,8.1988,9.887,0.0013999999999999347
EWR-1,8/23/2025,12:10:00 pm,0,2025-08-23 12:10:00,8.1985,9.901,0.0015000000000000568
EWR-1,8/23/2025,12:20:00 pm,0,2025-08-23 12:20:00,8.1983,9.916,0.0013999999999999347
EWR-1,8/23/2025,12:30:00 pm,0,2025-08-23 12:30:00,8.1973,9.93,0.0016000000000000014
EWR-1,8/23/2025,12:40:00 pm,0,2025-08-23 12:40:00,8.1967,9.946,0.001699999999999946
EWR-1,8/23/2025,12:50:00 pm,0,2025-08-23 12:50:00,8.1959,9.963,0.0019000000000000128
EWR-1,8/23/2025,01:00:00 pm,0,2025-08-23 13:00:00,8.1953,9.982,0.0017000000000001237
EWR-1,8/23/2025,01:10:00 pm,0,2025-08-23 13:10:00,8.194,9.999,0.0017999999999998907
EWR-1,8/23/2025,01:20:00 pm,0,2025-08-23 13:20:00,8.1932,10.017,0.0017000000000001237
EWR-1,8/23/2025,01:30:00 pm,0,2025-08-23 13:30:00,8.1927,10.034,0.0016000000000000014
EWR-1,8/23/2025,01:40:00 pm,0,2025-08-23 13:40:00,8.1918,10.05,0.0013999999999999347
EWR-1,8/23/2025,01:50:00 pm,0,2025-08-23 13:50:00,8.19,10.064,0.0013999999999999347
EWR-1,8/23/2025,02:00:00 pm,0,2025-08-23 14:00:00,8.1887,10.078,0.0015000000000000568
EWR-1,8/23/2025,02:10:00 pm,0,2025-08-23 14:10:00,8.1877,10.093,0.0016000000000000014
EWR-1,8/23/2025,02:20:00 pm,0,2025-08-23 14:20:00,8.1865,10.109,0.001699999999999946
EWR-1,8/23/2025,02:30:00 pm,0,2025-08-23 14:30:00,8.1853,10.126,0.0017000000000001237
EWR-1,8/23/2025,02:40:00 pm,0,2025-08-23 14:40:00,8.1844,10.143,0.0014999999999998793
EWR-1,8/23/2025,02:50:00 pm,0,2025-08-23 14:50:00,8.1834,10.158,0.0019000000000000128
EWR-1,8/23/2025,03:00:00 pm,0,2025-08-23 15:00:00,8.1827,10.177,0.0016000000000000014
EWR-1,8/23/2025,03:10:00 pm,0,2025-08-23 15:10:00,8.1824,10.193,0.0014000000000001123
EWR-1,8/23/2025,03:20:00 pm,0,2025-08-23 15:20:00,8.1814,10.207,0.0010999999999999233
EWR-1,8/23/2025,03:30:00 pm,0,2025-08-23 15:30:00,8.1804,10.218,0.0006999999999999674
EWR-1,8/23/2025,03:40:00 pm,0,2025-08-23 15:40:00,8.1791,10.225,0.0006999999999999674
EWR-1,8/23/2025,03:50:00 pm,0,2025-08-23 15:50:00,8.1782,10.232,0.0006000000000000227
EWR-1,8/23/2025,04:00:00 pm,0,2025-08-23 16:00:00,8.1769,10.238,0.0006999999999999674
EWR-1,8/23/2025,04:10:00 pm,0,2025-08-23 16:10:00,8.1752,10.245,0.0009000000000000341
EWR-1,8/23/2025,04:20:00 pm,0,2025-08-23 16:20:00,8.1741,10.254,0.001100000000000101
EWR-1,8/23/2025,04:30:00 pm,0,2025-08-23 16:30:00,8.1733,10.265,0.0011999999999998678
EWR-1,8/23/2025,04:40:00 pm,0,2025-08-23 16:40:00,8.1723,10.277,0.00129999999999999
EWR-1,8/23/2025,04:50:00 pm,0,2025-08-23 16:50:00,8.171,10.29,0.0012000000000000454
EWR-1,8/23/2025,05:00:00 pm,0,2025-08-23 17:00:00,8.1702,10.302,0.00129999999999999
EWR-1,8/23/2025,05:10:00 pm,0,2025-08-23 17:10:00,8.1697,10.315,0.0012000000000000454
EWR-1,8/23/2025,05:20:00 pm,0,2025-08-23 17:20:00,8.1684,10.327,0.00129999999999999
EWR-1,8/23/2025,05:30:00 pm,0,2025-08-23 17:30:00,8.1678,10.34,0.0012000000000000454
EWR-1,8/23/2025,05:40:00 pm,0,2025-08-23 17:40:00,8.1671,10.352,0.0010999999999999233
EWR-1,8/23/2025,05:50:00 pm,0,2025-08-23 17:50:00,8.1663,10.363,0.0009999999999999788
EWR-1,8/23/2025,06:00:00 pm,0,2025-08-23 18:00:00,8.1654,10.373,0.0009000000000000341
EWR-1,8/23/2025,06:10:00 pm,0,2025-08-23 18:10:00,8.165,10.382,0.0008000000000000895
EWR-1,8/23/2025,06:20:00 pm,0,2025-08-23 18:20:00,8.1643,10.39,0.0007999999999999119
EWR-1,8/23/2025,06:30:00 pm,0,2025-08-23 18:30:00,8.1637,10.398,0.0006000000000000227
EWR-1,8/23/2025,06:40:00 pm,0,2025-08-23 18:40:00,8.1631,10.404,0.0006000000000000227
EWR-1,8/23/2025,06:50:00 pm,0,2025-08-23 18:50:00,8.1625,10.41,0.00039999999999995595
EWR-1,8/23/2025,07:00:00 pm,0,2025-08-23 19:00:00,8.162,10.414,0.0005000000000000782
EWR-1,8/23/2025,07:10:00 pm,0,2025-08-23 19:10:00,8.1614,10.419,0.0004999999999999005
EWR-1,8/23/2025,07:20:00 pm,0,2025-08-23 19:20:00,8.1605,10.424,0.0004000000000001336
EWR-1,8/23/2025,07:30:00 pm,0,2025-08-23 19:30:00,8.1602,10.428,0.00039999999999995595
EWR-1,8/23/2025,07:40:00 pm,0,2025-08-23 19:40:00,8.1598,10.432,0.00039999999999995595
EWR-1,8/23/2025,07:50:00 pm,0,2025-08-23 19:50:00,8.1593,10.436,0.00039999999999995595
EWR-1,8/23/2025,08:00:00 pm,0,2025-08-23 20:00:00,8.1589,10.44,0.00030000000000001136
EWR-1,8/23/2025,08:10:00 pm,0,2025-08-23 20:10:00,8.1585,10.443,0.00030000000000001136
EWR-1,8/23/2025,08:20:00 pm,0,2025-08-23 20:20:00,8.1581,10.446,0.00030000000000001136
EWR-1,8/23/2025,08:30:00 pm,0,2025-08-23 20:30:00,8.1575,10.449,0.0002000000000000668
EWR-1,8/23/2025,08:40:00 pm,0,2025-08-23 20:40:00,8.1574,10.451,9.999999999994457e-05
EWR-1,8/23/2025,08:50:00 pm,0,2025-08-23 20:50:00,8.1571,10.452,0.0002000000000000668
EWR-1,8/23/2025,09:00:00 pm,0,2025-08-23 21:00:00,8.1571,10.454,9.999999999994457e-05
EWR-1,8/23/2025,09:10:00 pm,0,2025-08-23 21:10:00,8.157,10.455,0.0002000000000000668
EWR-1,8/23/2025,09:20:00 pm,0,2025-08-23 21:20:00,8.157,10.457,9.999999999994457e-05
EWR-1,8/23/2025,09:30:00 pm,0,2025-08-23 21:30:00,8.157,10.458,9.999999999994457e-05
EWR-1,8/23/2025,09:40:00 pm,0,2025-08-23 21:40:00,8.157,10.459,0.0
EWR-1,8/23/2025,09:50:00 pm,0,2025-08-23 21:50:00,8.1572,10.459,0.00010000000000012221
EWR-1,8/23/2025,10:00:00 pm,0,2025-08-23 22:00:00,8.1573,10.46,0.0
EWR-1,8/23/2025,10:10:00 pm,0,2025-08-23 22:10:00,8.1575,10.46,9.999999999994457e-05
EWR-1,8/23/2025,10:20:00 pm,0,2025-08-23 22:20:00,8.1575,10.461,0.0
EWR-1,8/23/2025,10:30:00 pm,0,2025-08-23 22:30:00,8.1579,10.461,0.0
EWR-1,8/23/2025,10:40:00 pm,0,2025-08-23 22:40:00,8.1581,10.461,0.0
EWR-1,8/23/2025,10:50:00 pm,0,2025-08-23 22:50:00,8.158,10.461,0.0
EWR-1,8/23/2025,11:00:00 pm,0,2025-08-23 23:00:00,8.1589,10.461,9.999999999994457e-05
EWR-1,8/23/2025,11:10:00 pm,0,2025-08-23 23:10:00,8.1598,10.46,0.0
EWR-1,8/23/2025,11:20:00 pm,0,2025-08-23 23:20:00,8.1612,10.46,0.00010000000000012221
EWR-1,8/23/2025,11:30:00 pm,0,2025-08-23 23:30:00,8.1619,10.459,9.999999999994457e-05
EWR-1,8/23/2025,11:40:00 pm,0,2025-08-23 23:40:00,8.1636,10.458,9.999999999994457e-05
EWR-1,8/23/2025,11:50:00 pm,0,2025-08-23 23:50:00,8.165,10.457,0.00010000000000012221
EWR-1,8/24/2025,12:00:00 am,0,2025-08-24 00:00:00,8.1665,10.456,9.999999999994457e-05
EWR-1,8/24/2025,12:10:00 am,0,2025-08-24 00:10:00,8.1682,10.455,0.0002000000000000668
EWR-1,8/24/2025,12:20:00 am,0,2025-08-24 00:20:00,8.1697,10.453,0.00019999999999988915
EWR-1,8/24/2025,12:30:00 am,0,2025-08-24 00:30:00,8.1714,10.451,0.00030000000000001136
EWR-1,8/24/2025,12:40:00 am,0,2025-08-24 00:40:00,8.1731,10.448,0.00039999999999995595
EWR-1,8/24/2025,12:50:00 am,0,2025-08-24 00:50:00,8.1745,10.444,0.0004000000000001336
EWR-1,8/24/2025,01:00:00 am,0,2025-08-24 01:00:00,8.1764,10.44,0.0004999999999999005
EWR-1,8/24/2025,01:10:00 am,0,2025-08-24 01:10:00,8.1777,10.435,0.0005000000000000782
EWR-1,8/24/2025,01:20:00 am,0,2025-08-24 01:20:00,8.179,10.43,0.00039999999999995595
EWR-1,8/24/2025,01:30:00 am,0,2025-08-24 01:30:00,8.1806,10.426,0.00030000000000001136
EWR-1,8/24/2025,01:40:00 am,0,2025-08-24 01:40:00,8.182,10.423,0.00030000000000001136
EWR-1,8/24/2025,01:50:00 am,0,2025-08-24 01:50:00,8.1832,10.42,0.00039999999999995595
EWR-1,8/24/2025,02:00:00 am,0,2025-08-24 02:00:00,8.1845,10.416,0.00030000000000001136
EWR-1,8/24/2025,02:10:00 am,0,2025-08-24 02:10:00,8.186,10.413,0.00030000000000001136
EWR-1,8/24/2025,02:20:00 am,0,2025-08-24 02:20:00,8.1872,10.41,0.00039999999999995595
EWR-1,8/24/2025,02:30:00 am,0,2025-08-24 02:30:00,8.1886,10.406,0.0004000000000001336
EWR-1,8/24/2025,02:40:00 am,0,2025-08-24 02:40:00,8.1894,10.402,0.00039999999999995595
EWR-1,8/24/2025,02:50:00 am,0,2025-08-24 02:50:00,8.1908,10.398,0.00039999999999995595
EWR-1,8/24/2025,03:00:00 am,0,2025-08-24 03:00:00,8.1914,10.394,0.00039999999999995595
EWR-1,8/24/2025,03:10:00 am,0,2025-08-24 03:10:00,8.1924,10.39,0.00030000000000001136
EWR-1,8/24/2025,03:20:00 am,0,2025-08-24 03:20:00,8.1932,10.387,0.0004000000000001336
EWR-1,8/24/2025,03:30:00 am,0,2025-08-24 03:30:00,8.1939,10.383,0.0002999999999998337
EWR-1,8/24/2025,03:40:00 am,0,2025-08-24 03:40:00,8.1943,10.38,0.0004000000000001336
EWR-1,8/24/2025,03:50:00 am,0,2025-08-24 03:50:00,8.1952,10.376,0.00039999999999995595
EWR-1,8/24/2025,04:00:00 am,0,2025-08-24 04:00:00,8.1957,10.372,0.00039999999999995595
EWR-1,8/24/2025,04:10:00 am,0,2025-08-24 04:10:00,8.1959,10.368,0.00039999999999995595
EWR-1,8/24/2025,04:20:00 am,0,2025-08-24 04:20:00,8.1966,10.364,0.0004000000000001336
EWR-1,8/24/2025,04:30:00 am,0,2025-08-24 04:30:00,8.1971,10.36,0.0006000000000000227
EWR-1,8/24/2025,04:40:00 am,0,2025-08-24 04:40:00,8.1974,10.354,0.0004999999999999005
EWR-1,8/24/2025,04:50:00 am,0,2025-08-24 04:50:00,8.1975,10.349,0.0006000000000000227
EWR-1,8/24/2025,05:00:00 am,0,2025-08-24 05:00:00,8.1979,10.343,0.0006999999999999674
EWR-1,8/24/2025,05:10:00 am,0,2025-08-24 05:10:00,8.1986,10.336,0.0006000000000000227
EWR-1,8/24/2025,05:20:00 am,0,2025-08-24 05:20:00,8.1991,10.33,0.0009000000000000341
EWR-1,8/24/2025,05:30:00 am,0,2025-08-24 05:30:00,8.1992,10.321,0.0007999999999999119
EWR-1,8/24/2025,05:40:00 am,0,2025-08-24 05:40:00,8.1996,10.313,0.0008000000000000895
EWR-1,8/24/2025,05:50:00 am,0,2025-08-24 05:50:00,8.2,10.305,0.0009999999999999788
EWR-1,8/24/2025,06:00:00 am,0,2025-08-24 06:00:00,8.2007,10.295,0.0009000000000000341
EWR-1,8/24/2025,06:10:00 am,0,2025-08-24 06:10:00,8.2009,10.286,0.0009000000000000341
EWR-1,8/24/2025,06:20:00 am,0,2025-08-24 06:20:00,8.2014,10.277,0.0007999999999999119
EWR-1,8/24/2025,06:30:00 am,0,2025-08-24 06:30:00,8.2022,10.269,0.0008000000000000895
EWR-1,8/24/2025,06:40:00 am,0,2025-08-24 06:40:00,8.2029,10.261,0.0006999999999999674
EWR-1,8/24/2025,06:50:00 am,0,2025-08-24 06:50:00,8.2036,10.254,0.0006999999999999674
EWR-1,8/24/2025,07:00:00 am,0,2025-08-24 07:00:00,8.2042,10.247,0.0006999999999999674
EWR-1,8/24/2025,07:10:00 am,0,2025-08-24 07:10:00,8.2044,10.24,0.0006000000000000227
EWR-1,8/24/2025,07:20:00 am,0,2025-08-24 07:20:00,8.2053,10.234,0.0006000000000000227
EWR-1,8/24/2025,07:30:00 am,0,2025-08-24 07:30:00,8.2062,10.228,0.0004999999999999005
EWR-1,8/24/2025,07:40:00 am,0,2025-08-24 07:40:00,8.2073,10.223,0.0004000000000001336
EWR-1,8/24/2025,07:50:00 am,0,2025-08-24 07:50:00,8.2077,10.219,0.0004999999999999005
EWR-1,8/24/2025,08:00:00 am,0,2025-08-24 08:00:00,8.2085,10.214,0.00039999999999995595
EWR-1,8/24/2025,08:10:00 am,0,2025-08-24 08:10:00,8.2098,10.21,0.0004000000000001336
EWR-1,8/24/2025,08:20:00 am,0,2025-08-24 08:20:00,8.2104,10.206,0.00019999999999988915
EWR-1,8/24/2025,08:30:00 am,0,2025-08-24 08:30:00,8.2116,10.204,0.00030000000000001136
EWR-1,8/24/2025,08:40:00 am,0,2025-08-24 08:40:00,8.2123,10.201,0.0
EWR-1,8/24/2025,08:50:00 am,0,2025-08-24 08:50:00,8.2134,10.201,9.999999999994457e-05
EWR-1,8/24/2025,09:00:00 am,0,2025-08-24 09:00:00,8.2146,10.202,9.999999999994457e-05
EWR-1,8/24/2025,09:10:00 am,0,2025-08-24 09:10:00,8.2155,10.203,0.00030000000000001136
EWR-1,8/24/2025,09:20:00 am,0,2025-08-24 09:20:00,8.2167,10.206,0.0002000000000000668
EWR-1,8/24/2025,09:30:00 am,0,2025-08-24 09:30:00,8.2182,10.208,0.00030000000000001136
EWR-1,8/24/2025,09:40:00 am,0,2025-08-24 09:40:00,8.2188,10.211,0.00039999999999995595
EWR-1,8/24/2025,09:50:00 am,0,2025-08-24 09:50:00,8.22,10.215,0.00030000000000001136
EWR-1,8/24/2025,10:00:00 am,0,2025-08-24 10:00:00,8.2208,10.218,0.00039999999999995595
EWR-1,8/24/2025,10:10:00 am,0,2025-08-24 10:10:00,8.2214,10.222,0.0004000000000001336
EWR-1,8/24/2025,10:20:00 am,0,2025-08-24 10:20:00,8.2223,10.226,0.00039999999999995595
EWR-1,8/24/2025,10:30:00 am,0,2025-08-24 10:30:00,8.2231,10.23,0.0004999999999999005
EWR-1,8/24/2025,10:40:00 am,0,2025-08-24 10:40:00,8.2237,10.235,0.0005000000000000782
EWR-1,8/24/2025,10:50:00 am,0,2025-08-24 10:50:00,8.224,10.24,0.0006000000000000227
EWR-1,8/24/2025,11:00:00 am,0,2025-08-24 11:00:00,8.2239,10.246,0.0006999999999999674
EWR-1,8/24/2025,11:10:00 am,0,2025-08-24 11:10:00,8.224,10.253,0.0006999999999999674
EWR-1,8/24/2025,11:20:00 am,0,2025-08-24 11:20:00,8.224,10.26,0.0008000000000000895
EWR-1,8/24/2025,11:30:00 am,0,2025-08-24 11:30:00,8.2236,10.268,0.0006999999999999674
EWR-1,8/24/2025,11:40:00 am,0,2025-08-24 11:40:00,8.223,10.275,0.0006999999999999674
EWR-1,8/24/2025,11:50:00 am,0,2025-08-24 11:50:00,8.2225,10.282,0.0006999999999999674
EWR-1,8/24/2025,12:00:00 pm,0,2025-08-24 12:00:00,8.2215,10.289,0.0008000000000000895
EWR-1,8/24/2025,12:10:00 pm,0,2025-08-24 12:10:00,8.2208,10.297,0.0006999999999999674
EWR-1,8/24/2025,12:20:00 pm,0,2025-08-24 12:20:00,8.2202,10.304,0.0009000000000000341
EWR-1,8/24/2025,12:30:00 pm,0,2025-08-24 12:30:00,8.2192,10.313,0.0007999999999999119
EWR-1,8/24/2025,12:40:00 pm,0,2025-08-24 12:40:00,8.2182,10.321,0.001100000000000101
EWR-1,8/24/2025,12:50:00 pm,0,2025-08-24 12:50:00,8.2175,10.332,0.0009999999999999788
EWR-1,8/24/2025,01:00:00 pm,0,2025-08-24 13:00:00,8.2168,10.342,0.0010999999999999233
EWR-1,8/24/2025,01:10:00 pm,0,2025-08-24 13:10:00,8.2159,10.353,0.00129999999999999
EWR-1,8/24/2025,01:20:00 pm,0,2025-08-24 13:20:00,8.2146,10.366,0.0012000000000000454
EWR-1,8/24/2025,01:30:00 pm,0,2025-08-24 13:30:00,8.2136,10.378,0.0012000000000000454
EWR-1,8/24/2025,01:40:00 pm,0,2025-08-24 13:40:00,8.2128,10.39,0.00129999999999999
EWR-1,8/24/2025,01:50:00 pm,0,2025-08-24 13:50:00,8.2113,10.403,0.0013999999999999347
EWR-1,8/24/2025,02:00:00 pm,0,2025-08-24 14:00:00,8.2101,10.417,0.0013999999999999347
EWR-1,8/24/2025,02:10:00 pm,0,2025-08-24 14:10:00,8.209,10.431,0.0015000000000000568
EWR-1,8/24/2025,02:20:00 pm,0,2025-08-24 14:20:00,8.2072,10.446,0.0014000000000001123
EWR-1,8/24/2025,02:30:00 pm,0,2025-08-24 14:30:00,8.2059,10.46,0.0013999999999999347
EWR-1,8/24/2025,02:40:00 pm,0,2025-08-24 14:40:00,8.2045,10.474,0.0012000000000000454
EWR-1,8/24/2025,02:50:00 pm,0,2025-08-24 14:50:00,8.2025,10.486,0.0010999999999999233
EWR-1,8/24/2025,03:00:00 pm,0,2025-08-24 15:00:00,8.201,10.497,0.0009000000000000341
EWR-1,8/24/2025,03:10:00 pm,0,2025-08-24 15:10:00,8.1999,10.506,0.0015000000000000568
EWR-1,8/24/2025,03:20:00 pm,0,2025-08-24 15:20:00,8.1988,10.521,0.00519999999999996
EWR-1,8/24/2025,03:30:00 pm,0,2025-08-24 15:30:00,8.1999,10.573,0.004800000000000004
EWR-1,8/24/2025,03:40:00 pm,0,2025-08-24 15:40:00,8.2134,10.621,0.016099999999999958
EWR-1,8/24/2025,03:50:00 pm,0,2025-08-24 15:50:00,8.2981,10.782,0.009399999999999941
EWR-1,8/24/2025,04:00:00 pm,0,2025-08-24 16:00:00,8.333,10.876,0.0016000000000000014
EWR-1,8/24/2025,04:10:00 pm,0,2025-08-24 16:10:00,8.3442,10.892,0.0002000000000000668
EWR-1,8/24/2025,04:20:00 pm,0,2025-08-24 16:20:00,8.3494,10.894,0.002800000000000047
EWR-1,8/24/2025,04:30:00 pm,0,2025-08-24 16:30:00,8.3638,10.866,0.00010000000000012221
EWR-1,8/24/2025,04:40:00 pm,0,2025-08-24 16:40:00,8.3657,10.867,0.0006999999999999674
EWR-1,8/24/2025,04:50:00 pm,0,2025-08-24 16:50:00,8.3662,10.874,0.0006999999999999674
EWR-1,8/24/2025,05:00:00 pm,0,2025-08-24 17:00:00,8.3648,10.881,0.002400000000000091
EWR-1,8/24/2025,05:10:00 pm,0,2025-08-24 17:10:00,8.3718,10.857,0.0006999999999999674
EWR-1,8/24/2025,05:20:00 pm,0,2025-08-24 17:20:00,8.3877,10.85,0.0015000000000000568
EWR-1,8/24/2025,05:30:00 pm,0,2025-08-24 17:30:00,8.3911,10.865,0.001699999999999946
EWR-1,8/24/2025,05:40:00 pm,0,2025-08-24 17:40:00,8.3912,10.882,0.0015000000000000568
EWR-1,8/24/2025,05:50:00 pm,0,2025-08-24 17:50:00,8.3906,10.897,0.0010999999999999233
EWR-1,8/24/2025,06:00:00 pm,0,2025-08-24 18:00:00,8.3896,10.908,0.0025000000000000356
EWR-1,8/24/2025,06:10:00 pm,0,2025-08-24 18:10:00,8.3902,10.883,0.0010999999999999233
EWR-1,8/24/2025,06:20:00 pm,0,2025-08-24 18:20:00,8.3992,10.872,0.0010999999999999233
EWR-1,8/24/2025,06:30:00 pm,0,2025-08-24 18:30:00,8.4005,10.883,0.0013000000000001678
EWR-1,8/24/2025,06:40:00 pm,0,2025-08-24 18:40:00,8.3969,10.896,0.0007999999999999119
EWR-1,8/24/2025,06:50:00 pm,0,2025-08-24 18:50:00,8.3919,10.904,0.0002000000000000668
EWR-1,8/24/2025,07:00:00 pm,0,2025-08-24 19:00:00,8.3854,10.906,0.0004000000000001336
EWR-1,8/24/2025,07:10:00 pm,0,2025-08-24 19:10:00,8.3779,10.902,0.0005999999999998451
EWR-1,8/24/2025,07:20:00 pm,0,2025-08-24 19:20:00,8.3727,10.896,0.000700000000000145
EWR-1,8/24/2025,07:30:00 pm,0,2025-08-24 19:30:00,8.3685,10.889,0.0006000000000000227
EWR-1,8/24/2025,07:40:00 pm,0,2025-08-24 19:40:00,8.3642,10.883,0.0004999999999999005
EWR-1,8/24/2025,07:50:00 pm,0,2025-08-24 19:50:00,8.3596,10.878,0.0005000000000000782
EWR-1,8/24/2025,08:00:00 pm,0,2025-08-24 20:00:00,8.3548,10.873,0.00030000000000001136
EWR-1,8/24/2025,08:10:00 pm,0,2025-08-24 20:10:00,8.3511,10.87,0.00039999999999995595
EWR-1,8/24/2025,08:20:00 pm,0,2025-08-24 20:20:00,8.3478,10.866,0.00030000000000001136
EWR-1,8/24/2025,08:30:00 pm,0,2025-08-24 20:30:00,8.3455,10.863,0.00039999999999995595
EWR-1,8/24/2025,08:40:00 pm,0,2025-08-24 20:40:00,8.3441,10.859,0.00039999999999995595
EWR-1,8/24/2025,08:50:00 pm,0,2025-08-24 20:50:00,8.3431,10.855,0.0006000000000000227
EWR-1,8/24/2025,09:00:00 pm,0,2025-08-24 21:00:00,8.3407,10.849,0.0005000000000000782
EWR-1,8/24/2025,09:10:00 pm,0,2025-08-24 21:10:00,8.3381,10.844,0.0006000000000000227
EWR-1,8/24/2025,09:20:00 pm,0,2025-08-24 21:20:00,8.3338,10.838,0.0004999999999999005
EWR-1,8/24/2025,09:30:00 pm,0,2025-08-24 21:30:00,8.3316,10.833,0.0005000000000000782
EWR-1,8/24/2025,09:40:00 pm,0,2025-08-24 21:40:00,8.3294,10.828,0.0006000000000000227
EWR-1,8/24/2025,09:50:00 pm,0,2025-08-24 21:50:00,8.3265,10.822,0.0004999999999999005
EWR-1,8/24/2025,10:00:00 pm,0,2025-08-24 22:00:00,8.3238,10.817,0.0005000000000000782
EWR-1,8/24/2025,10:10:00 pm,0,2025-08-24 22:10:00,8.3206,10.812,0.0006000000000000227
EWR-1,8/24/2025,10:20:00 pm,0,2025-08-24 22:20:00,8.3178,10.806,0.0005999999999998451
EWR-1,8/24/2025,10:30:00 pm,0,2025-08-24 22:30:00,8.3139,10.8,0.0006000000000000227
EWR-1,8/24/2025,10:40:00 pm,0,2025-08-24 22:40:00,8.3116,10.794,0.0006999999999999674
EWR-1,8/24/2025,10:50:00 pm,0,2025-08-24 22:50:00,8.3087,10.787,0.0006000000000000227
EWR-1,8/24/2025,11:00:00 pm,0,2025-08-24 23:00:00,8.3063,10.781,0.0006000000000000227
EWR-1,8/24/2025,11:10:00 pm,0,2025-08-24 23:10:00,8.3036,10.775,0.0009000000000000341
EWR-1,8/24/2025,11:20:00 pm,0,2025-08-24 23:20:00,8.3003,10.766,0.0006999999999999674
EWR-1,8/24/2025,11:30:00 pm,0,2025-08-24 23:30:00,8.2975,10.759,0.0008000000000000895
EWR-1,8/24/2025,11:40:00 pm,0,2025-08-24 23:40:00,8.2969,10.751,0.0008999999999998564
EWR-1,8/24/2025,11:50:00 pm,0,2025-08-24 23:50:00,8.2959,10.742,0.0008000000000000895
EWR-1,8/25/2025,12:00:00 am,0,2025-08-25 00:00:00,8.294,10.734,0.0009000000000000341
EWR-1,8/25/2025,12:10:00 am,0,2025-08-25 00:10:00,8.2923,10.725,0.0007999999999999119
EWR-1,8/25/2025,12:20:00 am,0,2025-08-25 00:20:00,8.2896,10.717,0.0009000000000000341
EWR-1,8/25/2025,12:30:00 am,0,2025-08-25 00:30:00,8.287,10.708,0.0006999999999999674
EWR-1,8/25/2025,12:40:00 am,0,2025-08-25 00:40:00,8.286,10.701,0.0008000000000000895
EWR-1,8/25/2025,12:50:00 am,0,2025-08-25 00:50:00,8.2851,10.693,0.0009000000000000341
EWR-1,8/25/2025,01:00:00 am,0,2025-08-25 01:00:00,8.2843,10.684,0.0008999999999998564
EWR-1,8/25/2025,01:10:00 am,0,2025-08-25 01:10:00,8.2834,10.675,0.0009000000000000341
EWR-1,8/25/2025,01:20:00 am,0,2025-08-25 01:20:00,8.2809,10.666,0.0009999999999999788
EWR-1,8/25/2025,01:30:00 am,0,2025-08-25 01:30:00,8.2788,10.656,0.0008000000000000895
EWR-1,8/25/2025,01:40:00 am,0,2025-08-25 01:40:00,8.2771,10.648,0.0010999999999999233
EWR-1,8/25/2025,01:50:00 am,0,2025-08-25 01:50:00,8.2752,10.637,0.001100000000000101
EWR-1,8/25/2025,02:00:00 am,0,2025-08-25 02:00:00,8.2729,10.626,0.0010999999999999233
EWR-1,8/25/2025,02:10:00 am,0,2025-08-25 02:10:00,8.2719,10.615,0.001100000000000101
EWR-1,8/25/2025,02:20:00 am,0,2025-08-25 02:20:00,8.2703,10.604,0.0011999999999998678
EWR-1,8/25/2025,02:30:00 am,0,2025-08-25 02:30:00,8.2698,10.592,0.001100000000000101
EWR-1,8/25/2025,02:40:00 am,0,2025-08-25 02:40:00,8.2687,10.581,0.0011999999999998678
EWR-1,8/25/2025,02:50:00 am,0,2025-08-25 02:50:00,8.2674,10.569,0.0012000000000000454
EWR-1,8/25/2025,03:00:00 am,0,2025-08-25 03:00:00,8.2665,10.557,0.0012000000000000454
EWR-1,8/25/2025,03:10:00 am,0,2025-08-25 03:10:00,8.2642,10.545,0.0012000000000000454
EWR-1,8/25/2025,03:20:00 am,0,2025-08-25 03:20:00,8.262,10.533,0.0010999999999999233
EWR-1,8/25/2025,03:30:00 am,0,2025-08-25 03:30:00,8.2586,10.522,0.0009999999999999788
EWR-1,8/25/2025,03:40:00 am,0,2025-08-25 03:40:00,8.2573,10.512,0.001100000000000101
EWR-1,8/25/2025,03:50:00 am,0,2025-08-25 03:50:00,8.2572,10.501,0.0010999999999999233
EWR-1,8/25/2025,04:00:00 am,0,2025-08-25 04:00:00,8.2572,10.49,0.0012000000000000454
EWR-1,8/25/2025,04:10:00 am,0,2025-08-25 04:10:00,8.2569,10.478,0.0009999999999999788
EWR-1,8/25/2025,04:20:00 am,0,2025-08-25 04:20:00,8.2552,10.468,0.0010999999999999233
EWR-1,8/25/2025,04:30:00 am,0,2025-08-25 04:30:00,8.2548,10.457,0.0010000000000001564
EWR-1,8/25/2025,04:40:00 am,0,2025-08-25 04:40:00,8.254,10.447,0.0009999999999999788
EWR-1,8/25/2025,04:50:00 am,0,2025-08-25 04:50:00,8.2525,10.437,0.0007999999999999119
EWR-1,8/25/2025,05:00:00 am,0,2025-08-25 05:00:00,8.2502,10.429,0.0009000000000000341
EWR-1,8/25/2025,05:10:00 am,0,2025-08-25 05:10:00,8.2498,10.42,0.0007999999999999119
EWR-1,8/25/2025,05:20:00 am,0,2025-08-25 05:20:00,8.2492,10.412,0.0010000000000001564
EWR-1,8/25/2025,05:30:00 am,0,2025-08-25 05:30:00,8.2483,10.402,0.0008999999999998564
EWR-1,8/25/2025,05:40:00 am,0,2025-08-25 05:40:00,8.2479,10.393,0.001100000000000101
EWR-1,8/25/2025,05:50:00 am,0,2025-08-25 05:50:00,8.2477,10.382,0.0010999999999999233
EWR-1,8/25/2025,06:00:00 am,0,2025-08-25 06:00:00,8.2464,10.371,0.00129999999999999
EWR-1,8/25/2025,06:10:00 am,0,2025-08-25 06:10:00,8.246,10.358,0.00129999999999999
EWR-1,8/25/2025,06:20:00 am,0,2025-08-25 06:20:00,8.2461,10.345,0.00129999999999999
EWR-1,8/25/2025,06:30:00 am,0,2025-08-25 06:30:00,8.2455,10.332,0.00129999999999999
EWR-1,8/25/2025,06:40:00 am,0,2025-08-25 06:40:00,8.2458,10.319,0.0013000000000001678
EWR-1,8/25/2025,06:50:00 am,0,2025-08-25 06:50:00,8.2456,10.306,0.0010999999999999233
EWR-1,8/25/2025,07:00:00 am,0,2025-08-25 07:00:00,8.2462,10.295,0.0012000000000000454
EWR-1,8/25/2025,07:10:00 am,0,2025-08-25 07:10:00,8.2459,10.283,0.0010999999999999233
EWR-1,8/25/2025,07:20:00 am,0,2025-08-25 07:20:00,8.2462,10.272,0.0009999999999999788
EWR-1,8/25/2025,07:30:00 am,0,2025-08-25 07:30:00,8.246,10.262,0.0009999999999999788
EWR-1,8/25/2025,07:40:00 am,0,2025-08-25 07:40:00,8.2457,10.252,0.0009000000000000341
EWR-1,8/25/2025,07:50:00 am,0,2025-08-25 07:50:00,8.2453,10.243,0.0006999999999999674
EWR-1,8/25/2025,08:00:00 am,0,2025-08-25 08:00:00,8.2451,10.236,0.000700000000000145
EWR-1,8/25/2025,08:10:00 am,0,2025-08-25 08:10:00,8.2448,10.229,0.0005999999999998451
EWR-1,8/25/2025,08:20:00 am,0,2025-08-25 08:20:00,8.2445,10.223,0.0006000000000000227
EWR-1,8/25/2025,08:30:00 am,0,2025-08-25 08:30:00,8.2437,10.217,0.0006000000000000227
EWR-1,8/25/2025,08:40:00 am,0,2025-08-25 08:40:00,8.2437,10.211,0.0005000000000000782
EWR-1,8/25/2025,08:50:00 am,0,2025-08-25 08:50:00,8.243,10.206,0.0004999999999999005
EWR-1,8/25/2025,09:00:00 am,0,2025-08-25 09:00:00,8.2428,10.201,0.0004000000000001336
EWR-1,8/25/2025,09:10:00 am,0,2025-08-25 09:10:00,8.2424,10.197,0.0004999999999999005
EWR-1,8/25/2025,09:20:00 am,0,2025-08-25 09:20:00,8.2425,10.192,0.00030000000000001136
EWR-1,8/25/2025,09:30:00 am,0,2025-08-25 09:30:00,8.2426,10.189,0.00039999999999995595
EWR-1,8/25/2025,09:40:00 am,0,2025-08-25 09:40:00,8.2425,10.185,0.00030000000000001136
EWR-1,8/25/2025,09:50:00 am,0,2025-08-25 09:50:00,8.2423,10.182,0.00030000000000001136
EWR-1,8/25/2025,10:00:00 am,0,2025-08-25 10:00:00,8.242,10.179,0.0002000000000000668
EWR-1,8/25/2025,10:10:00 am,0,2025-08-25 10:10:00,8.2417,10.177,9.999999999994457e-05
EWR-1,8/25/2025,10:20:00 am,0,2025-08-25 10:20:00,8.2414,10.176,0.0002000000000000668
EWR-1,8/25/2025,10:30:00 am,0,2025-08-25 10:30:00,8.2416,10.174,9.999999999994457e-05
EWR-1,8/25/2025,10:40:00 am,0,2025-08-25 10:40:00,8.2415,10.173,9.999999999994457e-05
EWR-1,8/25/2025,10:50:00 am,0,2025-08-25 10:50:00,8.2408,10.174,0.0
EWR-1,8/25/2025,11:00:00 am,0,2025-08-25 11:00:00,8.2401,10.174,0.0002000000000000668
EWR-1,8/25/2025,11:10:00 am,0,2025-08-25 11:10:00,8.2398,10.176,0.00030000000000001136
EWR-1,8/25/2025,11:20:00 am,0,2025-08-25 11:20:00,8.2388,10.179,0.0004999999999999005
EWR-1,8/25/2025,11:30:00 am,0,2025-08-25 11:30:00,8.2386,10.184,0.0006000000000000227
EWR-1,8/25/2025,11:40:00 am,0,2025-08-25 11:40:00,8.2381,10.19,0.0006999999999999674
EWR-1,8/25/2025,11:50:00 am,0,2025-08-25 11:50:00,8.2374,10.197,0.0009000000000000341
EWR-1,8/25/2025,12:00:00 pm,0,2025-08-25 12:00:00,8.2363,10.206,0.0008000000000000895
EWR-1,8/25/2025,12:10:00 pm,0,2025-08-25 12:10:00,8.236,10.214,0.0009999999999999788
EWR-1,8/25/2025,12:20:00 pm,0,2025-08-25 12:20:00,8.2359,10.224,0.0009000000000000341
EWR-1,8/25/2025,12:30:00 pm,0,2025-08-25 12:30:00,8.2358,10.233,0.0007999999999999119
EWR-1,8/25/2025,12:40:00 pm,0,2025-08-25 12:40:00,8.2358,10.241,0.0005000000000000782
EWR-1,8/25/2025,12:50:00 pm,0,2025-08-25 12:50:00,8.2367,10.246,0.0004999999999999005
EWR-1,8/25/2025,01:00:00 pm,0,2025-08-25 13:00:00,8.2376,10.251,0.0002000000000000668
EWR-1,8/25/2025,01:10:00 pm,0,2025-08-25 13:10:00,8.2381,10.253,0.0006999999999999674
EWR-1,8/25/2025,01:20:00 pm,0,2025-08-25 13:20:00,8.2426,10.246,0.0006999999999999674
EWR-1,8/25/2025,01:30:00 pm,0,2025-08-25 13:30:00,8.252,10.239,0.0028999999999999916
EWR-1,8/25/2025,01:40:00 pm,0,2025-08-25 13:40:00,8.2829,10.21,0.00129999999999999
EWR-1,8/25/2025,01:50:00 pm,0,2025-08-25 13:50:00,8.3952,10.223,0.02870000000000008
EWR-1,8/25/2025,02:00:00 pm,0,2025-08-25 14:00:00,8.4076,9.936,0.019899999999999984
EWR-1,8/25/2025,02:10:00 pm,0,2025-08-25 14:10:00,8.4156,9.737,0.014000000000000058
EWR-1,8/25/2025,02:20:00 pm,0,2025-08-25 14:20:00,8.4219,9.597,0.01169999999999991
EWR-1,8/25/2025,02:30:00 pm,0,2025-08-25 14:30:00,8.4258,9.48,0.013900000000000112
EWR-1,8/25/2025,02:40:00 pm,0,2025-08-25 14:40:00,8.4275,9.341,0.006700000000000017
EWR-1,8/25/2025,02:50:00 pm,0,2025-08-25 14:50:00,8.43,9.274,0.004099999999999859
EWR-1,8/25/2025,03:00:00 pm,0,2025-08-25 15:00:00,8.4373,9.233,0.00940000000000012
EWR-1,8/25/2025,03:10:00 pm,0,2025-08-25 15:10:00,8.4442,9.139,0.005999999999999872
EWR-1,8/25/2025,03:20:00 pm,0,2025-08-25 15:20:00,8.4479,9.079,0.006800000000000139
EWR-1,8/25/2025,03:30:00 pm,0,2025-08-25 15:30:00,8.4501,9.011,0.005799999999999983
EWR-1,8/25/2025,03:40:00 pm,0,2025-08-25 15:40:00,8.4481,8.953,0.0032999999999999475
EWR-1,8/25/2025,03:50:00 pm,0,2025-08-25 15:50:00,8.4431,8.92,0.0
EWR-1,8/25/2025,04:00:00 pm,0,2025-08-25 16:00:00,8.4388,8.92,0.0019000000000000128
EWR-1,8/25/2025,04:10:00 pm,0,2025-08-25 16:10:00,8.4376,8.939,0.0031000000000000584
EWR-1,8/25/2025,04:20:00 pm,0,2025-08-25 16:20:00,8.4386,8.97,0.0030999999999998806
EWR-1,8/25/2025,04:30:00 pm,0,2025-08-25 16:30:00,8.4373,9.001,0.0031000000000000584
EWR-1,8/25/2025,04:40:00 pm,0,2025-08-25 16:40:00,8.4341,9.032,0.0028999999999999916
EWR-1,8/25/2025,04:50:00 pm,0,2025-08-25 16:50:00,8.4328,9.061,0.0026999999999999247
EWR-1,8/25/2025,05:00:00 pm,0,2025-08-25 17:00:00,8.4325,9.088,0.0026000000000001577
EWR-1,8/25/2025,05:10:00 pm,0,2025-08-25 17:10:00,8.4303,9.114,0.0026999999999999247
EWR-1,8/25/2025,05:20:00 pm,0,2025-08-25 17:20:00,8.427,9.141,0.0025000000000000356
EWR-1,8/25/2025,05:30:00 pm,0,2025-08-25 17:30:00,8.4243,9.166,0.00259999999999998
EWR-1,8/25/2025,05:40:00 pm,0,2025-08-25 17:40:00,8.4247,9.192,0.0025000000000000356
EWR-1,8/25/2025,05:50:00 pm,0,2025-08-25 17:50:00,8.4314,9.217,0.0022999999999999687
EWR-1,8/25/2025,06:00:00 pm,0,2025-08-25 18:00:00,8.4313,9.24,0.002200000000000024
EWR-1,8/25/2025,06:10:00 pm,0,2025-08-25 18:10:00,8.4288,9.262,0.0019000000000000128
EWR-1,8/25/2025,06:20:00 pm,0,2025-08-25 18:20:00,8.4275,9.281,0.001699999999999946
EWR-1,8/25/2025,06:30:00 pm,0,2025-08-25 18:30:00,8.4247,9.298,0.0013999999999999347
EWR-1,8/25/2025,06:40:00 pm,0,2025-08-25 18:40:00,8.4232,9.312,0.001100000000000101
EWR-1,8/25/2025,06:50:00 pm,0,2025-08-25 18:50:00,8.4188,9.323,0.0009000000000000341
EWR-1,8/25/2025,07:00:00 pm,0,2025-08-25 19:00:00,8.4136,9.332,0.0016000000000000014
EWR-1,8/25/2025,07:10:00 pm,0,2025-08-25 19:10:00,8.4094,9.348,0.0014999999999998793
EWR-1,8/25/2025,07:20:00 pm,0,2025-08-25 19:20:00,8.4062,9.363,0.0
EWR-1,8/25/2025,07:30:00 pm,0,2025-08-25 19:30:00,8.4018,9.363,0.0009999999999999788
EWR-1,8/25/2025,07:40:00 pm,0,2025-08-25 19:40:00,8.4,9.373,0.0006000000000000227
EWR-1,8/25/2025,07:50:00 pm,0,2025-08-25 19:50:00,8.3976,9.379,0.0008000000000000895
EWR-1,8/25/2025,08:00:00 pm,0,2025-08-25 20:00:00,8.3948,9.387,0.0009000000000000341
EWR-1,8/25/2025,08:10:00 pm,0,2025-08-25 20:10:00,8.3931,9.396,0.0002999999999998337
EWR-1,8/25/2025,08:20:00 pm,0,2025-08-25 20:20:00,8.3914,9.399,0.0004000000000001336
EWR-1,8/25/2025,08:30:00 pm,0,2025-08-25 20:30:00,8.3905,9.403,0.00039999999999995595
EWR-1,8/25/2025,08:40:00 pm,0,2025-08-25 20:40:00,8.3881,9.407,0.0005000000000000782
EWR-1,8/25/2025,08:50:00 pm,0,2025-08-25 20:50:00,8.3866,9.412,0.0002999999999998337
EWR-1,8/25/2025,09:00:00 pm,0,2025-08-25 21:00:00,8.3854,9.415,0.00010000000000012221
EWR-1,8/25/2025,09:10:00 pm,0,2025-08-25 21:10:00,8.3848,9.416,9.999999999994457e-05
EWR-1,8/25/2025,09:20:00 pm,0,2025-08-25 21:20:00,8.3839,9.417,9.999999999994457e-05
EWR-1,8/25/2025,09:30:00 pm,0,2025-08-25 21:30:00,8.3833,9.416,0.0
EWR-1,8/25/2025,09:40:00 pm,0,2025-08-25 21:40:00,8.3825,9.416,0.0
EWR-1,8/25/2025,09:50:00 pm,0,2025-08-25 21:50:00,8.3815,9.416,0.0002000000000000668
EWR-1,8/25/2025,10:00:00 pm,0,2025-08-25 22:00:00,8.3806,9.414,0.0
EWR-1,8/25/2025,10:10:00 pm,0,2025-08-25 22:10:00,8.3793,9.414,0.00019999999999988915
EWR-1,8/25/2025,10:20:00 pm,0,2025-08-25 22:20:00,8.377,9.412,0.0002000000000000668
EWR-1,8/25/2025,10:30:00 pm,0,2025-08-25 22:30:00,8.3754,9.41,0.0
EWR-1,8/25/2025,10:40:00 pm,0,2025-08-25 22:40:00,8.3745,9.41,0.0002000000000000668
EWR-1,8/25/2025,10:50:00 pm,0,2025-08-25 22:50:00,8.3725,9.408,0.00030000000000001136
EWR-1,8/25/2025,11:00:00 pm,0,2025-08-25 23:00:00,8.3715,9.405,9.999999999994457e-05
EWR-1,8/25/2025,11:10:00 pm,0,2025-08-25 23:10:00,8.3726,9.404,0.0002000000000000668
EWR-1,8/25/2025,11:20:00 pm,0,2025-08-25 23:20:00,8.3713,9.402,0.00019999999999988915
EWR-1,8/25/2025,11:30:00 pm,0,2025-08-25 23:30:00,8.369,9.4,0.00030000000000001136
EWR-1,8/25/2025,11:40:00 pm,0,2025-08-25 23:40:00,8.3685,9.397,0.00030000000000001136
EWR-1,8/25/2025,11:50:00 pm,0,2025-08-25 23:50:00,8.3665,9.394,9.999999999994457e-05
EWR-1,8/26/2025,12:00:00 am,0,2025-08-26 00:00:00,8.3659,9.393,0.00030000000000001136
EWR-1,8/26/2025,12:10:00 am,0,2025-08-26 00:10:00,8.3653,9.39,0.0002000000000000668
EWR-1,8/26/2025,12:20:00 am,0,2025-08-26 00:20:00,8.3639,9.388,0.00039999999999995595
EWR-1,8/26/2025,12:30:00 am,0,2025-08-26 00:30:00,8.3624,9.384,0.00039999999999995595
EWR-1,8/26/2025,12:40:00 am,0,2025-08-26 00:40:00,8.3613,9.38,0.0005000000000000782
EWR-1,8/26/2025,12:50:00 am,0,2025-08-26 00:50:00,8.3602,9.375,0.0005000000000000782
EWR-1,8/26/2025,01:00:00 am,0,2025-08-26 01:00:00,8.3595,9.37,0.00039999999999995595
EWR-1,8/26/2025,01:10:00 am,0,2025-08-26 01:10:00,8.3563,9.366,0.0004999999999999005
EWR-1,8/26/2025,01:20:00 am,0,2025-08-26 01:20:00,8.3547,9.361,0.00030000000000001136
EWR-1,8/26/2025,01:30:00 am,0,2025-08-26 01:30:00,8.3526,9.358,0.0004000000000001336
EWR-1,8/26/2025,01:40:00 am,0,2025-08-26 01:40:00,8.3519,9.354,0.00039999999999995595
EWR-1,8/26/2025,01:50:00 am,0,2025-08-26 01:50:00,8.3498,9.35,0.00019999999999988915
EWR-1,8/26/2025,02:00:00 am,0,2025-08-26 02:00:00,8.3481,9.348,0.00030000000000001136
EWR-1,8/26/2025,02:10:00 am,0,2025-08-26 02:10:00,8.3448,9.345,0.0
EWR-1,8/26/2025,02:20:00 am,0,2025-08-26 02:20:00,8.3436,9.345,0.0002000000000000668
EWR-1,8/26/2025,02:30:00 am,0,2025-08-26 02:30:00,8.3412,9.343,9.999999999994457e-05
EWR-1,8/26/2025,02:40:00 am,0,2025-08-26 02:40:00,8.3395,9.342,0.00030000000000001136
EWR-1,8/26/2025,02:50:00 am,0,2025-08-26 02:50:00,8.3377,9.339,0.00010000000000012221
EWR-1,8/26/2025,03:00:00 am,0,2025-08-26 03:00:00,8.3348,9.338,0.0002999999999998337
EWR-1,8/26/2025,03:10:00 am,0,2025-08-26 03:10:00,8.3329,9.335,0.0004000000000001336
EWR-1,8/26/2025,03:20:00 am,0,2025-08-26 03:20:00,8.3325,9.331,0.00030000000000001136
EWR-1,8/26/2025,03:30:00 am,0,2025-08-26 03:30:00,8.3312,9.328,0.0004999999999999005
EWR-1,8/26/2025,03:40:00 am,0,2025-08-26 03:40:00,8.3296,9.323,0.00039999999999995595
EWR-1,8/26/2025,03:50:00 am,0,2025-08-26 03:50:00,8.3274,9.319,0.0004000000000001336
EWR-1,8/26/2025,04:00:00 am,0,2025-08-26 04:00:00,8.3263,9.315,0.0006000000000000227
EWR-1,8/26/2025,04:10:00 am,0,2025-08-26 04:10:00,8.3258,9.309,0.00039999999999995595
EWR-1,8/26/2025,04:20:00 am,0,2025-08-26 04:20:00,8.3253,9.305,0.00039999999999995595
EWR-1,8/26/2025,04:30:00 am,0,2025-08-26 04:30:00,8.3238,9.301,0.0006000000000000227
EWR-1,8/26/2025,04:40:00 am,0,2025-08-26 04:40:00,8.3226,9.295,0.00039999999999995595
EWR-1,8/26/2025,04:50:00 am,0,2025-08-26 04:50:00,8.3214,9.291,0.0008000000000000895
EWR-1,8/26/2025,05:00:00 am,0,2025-08-26 05:00:00,8.3201,9.283,0.0004999999999999005
EWR-1,8/26/2025,05:10:00 am,0,2025-08-26 05:10:00,8.3199,9.278,0.0005000000000000782
EWR-1,8/26/2025,05:20:00 am,0,2025-08-26 05:20:00,8.3193,9.273,0.0006999999999999674
EWR-1,8/26/2025,05:30:00 am,0,2025-08-26 05:30:00,8.3196,9.266,0.0006000000000000227
EWR-1,8/26/2025,05:40:00 am,0,2025-08-26 05:40:00,8.3188,9.26,0.0006999999999999674
EWR-1,8/26/2025,05:50:00 am,0,2025-08-26 05:50:00,8.3181,9.253,0.0006999999999999674
EWR-1,8/26/2025,06:00:00 am,0,2025-08-26 06:00:00,8.317,9.246,0.0006999999999999674
EWR-1,8/26/2025,06:10:00 am,0,2025-08-26 06:10:00,8.3159,9.239,0.000700000000000145
EWR-1,8/26/2025,06:20:00 am,0,2025-08-26 06:20:00,8.3153,9.232,0.0005999999999998451
EWR-1,8/26/2025,06:30:00 am,0,2025-08-26 06:30:00,8.3154,9.226,0.0008000000000000895
EWR-1,8/26/2025,06:40:00 am,0,2025-08-26 06:40:00,8.3159,9.218,0.0009000000000000341
EWR-1,8/26/2025,06:50:00 am,0,2025-08-26 06:50:00,8.3161,9.209,0.0009000000000000341
EWR-1,8/26/2025,07:00:00 am,0,2025-08-26 07:00:00,8.3147,9.2,0.0007999999999999119
EWR-1,8/26/2025,07:10:00 am,0,2025-08-26 07:10:00,8.3137,9.192,0.0009000000000000341
EWR-1,8/26/2025,07:20:00 am,0,2025-08-26 07:20:00,8.313,9.183,0.0006999999999999674
EWR-1,8/26/2025,07:30:00 am,0,2025-08-26 07:30:00,8.3129,9.176,0.0006000000000000227
EWR-1,8/26/2025,07:40:00 am,0,2025-08-26 07:40:00,8.3129,9.17,0.0005000000000000782
EWR-1,8/26/2025,07:50:00 am,0,2025-08-26 07:50:00,8.312,9.165,0.0005999999999998451
EWR-1,8/26/2025,08:00:00 am,0,2025-08-26 08:00:00,8.312,9.159,0.0004000000000001336
EWR-1,8/26/2025,08:10:00 am,0,2025-08-26 08:10:00,8.3113,9.155,0.00039999999999995595
EWR-1,8/26/2025,08:20:00 am,0,2025-08-26 08:20:00,8.3102,9.151,0.0002000000000000668
EWR-1,8/26/2025,08:30:00 am,0,2025-08-26 08:30:00,8.3094,9.149,0.0002999999999998337
EWR-1,8/26/2025,08:40:00 am,0,2025-08-26 08:40:00,8.3085,9.146,0.0002000000000000668
EWR-1,8/26/2025,08:50:00 am,0,2025-08-26 08:50:00,8.308,9.144,0.0
EWR-1,8/26/2025,09:00:00 am,0,2025-08-26 09:00:00,8.3076,9.144,0.0
EWR-1,8/26/2025,09:10:00 am,0,2025-08-26 09:10:00,8.3077,9.144,9.999999999994457e-05
EWR-1,8/26/2025,09:20:00 am,0,2025-08-26 09:20:00,8.3072,9.145,0.00010000000000012221
EWR-1,8/26/2025,09:30:00 am,0,2025-08-26 09:30:00,8.3068,9.146,0.0002999999999998337
EWR-1,8/26/2025,09:40:00 am,0,2025-08-26 09:40:00,8.3065,9.149,0.0002000000000000668
EWR-1,8/26/2025,09:50:00 am,0,2025-08-26 09:50:00,8.3059,9.151,0.0002000000000000668
EWR-1,8/26/2025,10:00:00 am,0,2025-08-26 10:00:00,8.3059,9.153,0.00039999999999995595
EWR-1,8/26/2025,10:10:00 am,0,2025-08-26 10:10:00,8.305,9.157,0.00039999999999995595
EWR-1,8/26/2025,10:20:00 am,0,2025-08-26 10:20:00,8.3043,9.161,0.00030000000000001136
EWR-1,8/26/2025,10:30:00 am,0,2025-08-26 10:30:00,8.304,9.164,0.00039999999999995595
EWR-1,8/26/2025,10:40:00 am,0,2025-08-26 10:40:00,8.3024,9.168,0.0004000000000001336
EWR-1,8/26/2025,10:50:00 am,0,2025-08-26 10:50:00,8.3017,9.172,0.0004999999999999005
EWR-1,8/26/2025,11:00:00 am,0,2025-08-26 11:00:00,8.301,9.177,0.0005000000000000782
EWR-1,8/26/2025,11:10:00 am,0,2025-08-26 11:10:00,8.3003,9.182,0.0004999999999999005
EWR-1,8/26/2025,11:20:00 am,0,2025-08-26 11:20:00,8.2996,9.187,0.0006000000000000227
EWR-1,8/26/2025,11:30:00 am,0,2025-08-26 11:30:00,8.2991,9.193,0.0006999999999999674
EWR-1,8/26/2025,11:40:00 am,0,2025-08-26 11:40:00,8.2986,9.2,0.000700000000000145
EWR-1,8/26/2025,11:50:00 am,0,2025-08-26 11:50:00,8.2971,9.207,0.0006999999999999674
EWR-1,8/26/2025,12:00:00 pm,0,2025-08-26 12:00:00,8.2959,9.214,0.0007999999999999119
EWR-1,8/26/2025,12:10:00 pm,0,2025-08-26 12:10:00,8.2945,9.222,0.0009000000000000341
EWR-1,8/26/2025,12:20:00 pm,0,2025-08-26 12:20:00,8.2926,9.231,0.0009999999999999788
EWR-1,8/26/2025,12:30:00 pm,0,2025-08-26 12:30:00,8.2916,9.241,0.0009999999999999788
EWR-1,8/26/2025,12:40:00 pm,0,2025-08-26 12:40:00,8.2915,9.251,0.001100000000000101
EWR-1,8/26/2025,12:50:00 pm,0,2025-08-26 12:50:00,8.2902,9.262,0.0010999999999999233
EWR-1,8/26/2025,01:00:00 pm,0,2025-08-26 13:00:00,8.2894,9.273,0.00129999999999999
EWR-1,8/26/2025,01:10:00 pm,0,2025-08-26 13:10:00,8.2885,9.286,0.00129999999999999
EWR-1,8/26/2025,01:20:00 pm,0,2025-08-26 13:20:00,8.2878,9.299,0.0017000000000001237
EWR-1,8/26/2025,01:30:00 pm,0,2025-08-26 13:30:00,8.2861,9.316,0.0016000000000000014
EWR-1,8/26/2025,01:40:00 pm,0,2025-08-26 13:40:00,8.2843,9.332,0.001699999999999946
EWR-1,8/26/2025,01:50:00 pm,0,2025-08-26 13:50:00,8.2827,9.349,0.0016000000000000014
EWR-1,8/26/2025,02:00:00 pm,0,2025-08-26 14:00:00,8.2811,9.365,0.0016000000000000014
EWR-1,8/26/2025,02:10:00 pm,0,2025-08-26 14:10:00,8.2802,9.381,0.0015000000000000568
EWR-1,8/26/2025,02:20:00 pm,0,2025-08-26 14:20:00,8.2808,9.396,0.0014999999999998793
EWR-1,8/26/2025,02:30:00 pm,0,2025-08-26 14:30:00,8.2808,9.411,0.0015000000000000568
EWR-1,8/26/2025,02:40:00 pm,0,2025-08-26 14:40:00,8.2799,9.426,0.0015000000000000568
EWR-1,8/26/2025,02:50:00 pm,0,2025-08-26 14:50:00,8.2795,9.441,0.0016000000000000014
EWR-1,8/26/2025,03:00:00 pm,0,2025-08-26 15:00:00,8.2777,9.457,0.0014999999999998793
EWR-1,8/26/2025,03:10:00 pm,0,2025-08-26 15:10:00,8.2765,9.472,0.0015000000000000568
EWR-1,8/26/2025,03:20:00 pm,0,2025-08-26 15:20:00,8.275,9.487,0.0013999999999999347
EWR-1,8/26/2025,03:30:00 pm,0,2025-08-26 15:30:00,8.2771,9.501,0.0014000000000001123
EWR-1,8/26/2025,03:40:00 pm,0,2025-08-26 15:40:00,8.2753,9.515,0.00129999999999999
EWR-1,8/26/2025,03:50:00 pm,0,2025-08-26 15:50:00,8.2761,9.528,0.0013999999999999347
EWR-1,8/26/2025,04:00:00 pm,0,2025-08-26 16:00:00,8.281,9.542,0.0012000000000000454
EWR-1,8/26/2025,04:10:00 pm,0,2025-08-26 16:10:00,8.28,9.554,0.0009999999999999788
EWR-1,8/26/2025,04:20:00 pm,0,2025-08-26 16:20:00,8.281,9.564,0.0009000000000000341
EWR-1,8/26/2025,04:30:00 pm,0,2025-08-26 16:30:00,8.2818,9.573,0.0007999999999999119
EWR-1,8/26/2025,04:40:00 pm,0,2025-08-26 16:40:00,8.2826,9.581,0.0002000000000000668
EWR-1,8/26/2025,04:50:00 pm,0,2025-08-26 16:50:00,8.2896,9.583,0.0006999999999999674
EWR-1,8/26/2025,05:00:00 pm,0,2025-08-26 17:00:00,8.2923,9.59,0.0009000000000000341
EWR-1,8/26/2025,05:10:00 pm,0,2025-08-26 17:10:00,8.2951,9.599,0.0007999999999999119
EWR-1,8/26/2025,05:20:00 pm,0,2025-08-26 17:20:00,8.2958,9.607,0.000700000000000145
EWR-1,8/26/2025,05:30:00 pm,0,2025-08-26 17:30:00,8.2992,9.614,0.0005999999999998451
EWR-1,8/26/2025,05:40:00 pm,0,2025-08-26 17:40:00,8.3008,9.62,0.00030000000000001136
EWR-1,8/26/2025,05:50:00 pm,0,2025-08-26 17:50:00,8.3032,9.623,0.0
EWR-1,8/26/2025,06:00:00 pm,0,2025-08-26 18:00:00,8.3096,9.623,0.0004999999999999005
EWR-1,8/26/2025,06:10:00 pm,0,2025-08-26 18:10:00,8.318,9.618,0.0006000000000000227
EWR-1,8/26/2025,06:20:00 pm,0,2025-08-26 18:20:00,8.3194,9.624,0.0008999999999998564
EWR-1,8/26/2025,06:30:00 pm,0,2025-08-26 18:30:00,8.3252,9.633,0.001100000000000101
EWR-1,8/26/2025,06:40:00 pm,0,2025-08-26 18:40:00,8.3288,9.644,0.0012000000000000454
EWR-1,8/26/2025,06:50:00 pm,0,2025-08-26 18:50:00,8.3314,9.656,0.0009999999999999788
EWR-1,8/26/2025,07:00:00 pm,0,2025-08-26 19:00:00,8.3328,9.666,0.0009000000000000341
EWR-1,8/26/2025,07:10:00 pm,0,2025-08-26 19:10:00,8.3339,9.675,0.0008999999999998564
EWR-1,8/26/2025,07:20:00 pm,0,2025-08-26 19:20:00,8.3342,9.684,0.000700000000000145
EWR-1,8/26/2025,07:30:00 pm,0,2025-08-26 19:30:00,8.3357,9.691,0.0005999999999998451
EWR-1,8/26/2025,07:40:00 pm,0,2025-08-26 19:40:00,8.336,9.697,0.000700000000000145
EWR-1,8/26/2025,07:50:00 pm,0,2025-08-26 19:50:00,8.3365,9.704,0.0006000000000000227
EWR-1,8/26/2025,08:00:00 pm,0,2025-08-26 20:00:00,8.3361,9.71,0.0005999999999998451
EWR-1,8/26/2025,08:10:00 pm,0,2025-08-26 20:10:00,8.3346,9.716,0.0005000000000000782
EWR-1,8/26/2025,08:20:00 pm,0,2025-08-26 20:20:00,8.3332,9.721,0.0005000000000000782
EWR-1,8/26/2025,08:30:00 pm,0,2025-08-26 20:30:00,8.3336,9.726,0.00039999999999995595
EWR-1,8/26/2025,08:40:00 pm,0,2025-08-26 20:40:00,8.3332,9.73,0.00030000000000001136
EWR-1,8/26/2025,08:50:00 pm,0,2025-08-26 20:50:00,8.3307,9.733,0.00030000000000001136
EWR-1,8/26/2025,09:00:00 pm,0,2025-08-26 21:00:00,8.3286,9.736,0.00030000000000001136
EWR-1,8/26/2025,09:10:00 pm,0,2025-08-26 21:10:00,8.327,9.739,0.00039999999999995595
EWR-1,8/26/2025,09:20:00 pm,0,2025-08-26 21:20:00,8.3245,9.743,0.00019999999999988915
EWR-1,8/26/2025,09:30:00 pm,0,2025-08-26 21:30:00,8.3218,9.745,0.0002000000000000668
EWR-1,8/26/2025,09:40:00 pm,0,2025-08-26 21:40:00,8.3214,9.747,0.00030000000000001136
EWR-1,8/26/2025,09:50:00 pm,0,2025-08-26 21:50:00,8.3201,9.75,0.0002000000000000668
EWR-1,8/26/2025,10:00:00 pm,0,2025-08-26 22:00:00,8.3201,9.752,0.00019999999999988915
EWR-1,8/26/2025,10:10:00 pm,0,2025-08-26 22:10:00,8.32,9.754,0.0002000000000000668
EWR-1,8/26/2025,10:20:00 pm,0,2025-08-26 22:20:00,8.3206,9.756,0.00019999999999988915
EWR-1,8/26/2025,10:30:00 pm,0,2025-08-26 22:30:00,8.3212,9.758,0.00010000000000012221
EWR-1,8/26/2025,10:40:00 pm,0,2025-08-26 22:40:00,8.321,9.759,0.00019999999999988915
EWR-1,8/26/2025,10:50:00 pm,0,2025-08-26 22:50:00,8.3205,9.761,0.00010000000000012221
EWR-1,8/26/2025,11:00:00 pm,0,2025-08-26 23:00:00,8.3202,9.762,9.999999999994457e-05
EWR-1,8/26/2025,11:10:00 pm,0,2025-08-26 23:10:00,8.3216,9.763,9.999999999994457e-05
EWR-1,8/26/2025,11:20:00 pm,0,2025-08-26 23:20:00,8.324,9.764,0.0
EWR-1,8/26/2025,11:30:00 pm,0,2025-08-26 23:30:00,8.3245,9.764,0.0
EWR-1,8/26/2025,11:40:00 pm,0,2025-08-26 23:40:00,8.3241,9.764,0.0
EWR-1,8/26/2025,11:50:00 pm,0,2025-08-26 23:50:00,8.3243,9.764,0.0
EWR-1,8/27/2025,12:00:00 am,0,2025-08-27 00:00:00,8.323,9.764,0.0
EWR-1,8/27/2025,12:10:00 am,0,2025-08-27 00:10:00,8.3218,9.764,0.0
EWR-1,8/27/2025,12:20:00 am,0,2025-08-27 00:20:00,8.3216,9.764,0.0
EWR-1,8/27/2025,12:30:00 am,0,2025-08-27 00:30:00,8.3199,9.764,0.0
EWR-1,8/27/2025,12:40:00 am,0,2025-08-27 00:40:00,8.3195,9.764,0.00010000000000012221
EWR-1,8/27/2025,12:50:00 am,0,2025-08-27 00:50:00,8.3183,9.765,0.0
EWR-1,8/27/2025,01:00:00 am,0,2025-08-27 01:00:00,8.3168,9.765,0.0
EWR-1,8/27/2025,01:10:00 am,0,2025-08-27 01:10:00,8.315,9.765,0.0
EWR-1,8/27/2025,01:20:00 am,0,2025-08-27 01:20:00,8.314,9.765,0.0
EWR-1,8/27/2025,01:30:00 am,0,2025-08-27 01:30:00,8.3139,9.765,0.0
EWR-1,8/27/2025,01:40:00 am,0,2025-08-27 01:40:00,8.312,9.765,0.0
EWR-1,8/27/2025,01:50:00 am,0,2025-08-27 01:50:00,8.3104,9.765,0.0
EWR-1,8/27/2025,02:00:00 am,0,2025-08-27 02:00:00,8.3082,9.765,0.0
EWR-1,8/27/2025,02:10:00 am,0,2025-08-27 02:10:00,8.3055,9.765,0.00010000000000012221
EWR-1,8/27/2025,02:20:00 am,0,2025-08-27 02:20:00,8.3054,9.764,0.0
EWR-1,8/27/2025,02:30:00 am,0,2025-08-27 02:30:00,8.3065,9.764,0.0
EWR-1,8/27/2025,02:40:00 am,0,2025-08-27 02:40:00,8.3058,9.764,0.0
EWR-1,8/27/2025,02:50:00 am,0,2025-08-27 02:50:00,8.3035,9.764,9.999999999994457e-05
EWR-1,8/27/2025,03:00:00 am,0,2025-08-27 03:00:00,8.3022,9.763,9.999999999994457e-05
EWR-1,8/27/2025,03:10:00 am,0,2025-08-27 03:10:00,8.3026,9.762,0.0
EWR-1,8/27/2025,03:20:00 am,0,2025-08-27 03:20:00,8.3015,9.762,0.00010000000000012221
EWR-1,8/27/2025,03:30:00 am,0,2025-08-27 03:30:00,8.2991,9.761,9.999999999994457e-05
EWR-1,8/27/2025,03:40:00 am,0,2025-08-27 03:40:00,8.2972,9.76,0.0
EWR-1,8/27/2025,03:50:00 am,0,2025-08-27 03:50:00,8.2972,9.76,9.999999999994457e-05
EWR-1,8/27/2025,04:00:00 am,0,2025-08-27 04:00:00,8.2979,9.759,0.00010000000000012221
EWR-1,8/27/2025,04:10:00 am,0,2025-08-27 04:10:00,8.2972,9.758,0.0
EWR-1,8/27/2025,04:20:00 am,0,2025-08-27 04:20:00,8.2956,9.758,0.00019999999999988915
EWR-1,8/27/2025,04:30:00 am,0,2025-08-27 04:30:00,8.2957,9.756,9.999999999994457e-05
EWR-1,8/27/2025,04:40:00 am,0,2025-08-27 04:40:00,8.2962,9.755,0.00030000000000001136
EWR-1,8/27/2025,04:50:00 am,0,2025-08-27 04:50:00,8.2964,9.752,0.0002000000000000668
EWR-1,8/27/2025,05:00:00 am,0,2025-08-27 05:00:00,8.2956,9.75,0.0002000000000000668
EWR-1,8/27/2025,05:10:00 am,0,2025-08-27 05:10:00,8.296,9.748,0.00030000000000001136
EWR-1,8/27/2025,05:20:00 am,0,2025-08-27 05:20:00,8.2965,9.745,0.0002999999999998337
EWR-1,8/27/2025,05:30:00 am,0,2025-08-27 05:30:00,8.2964,9.742,0.00030000000000001136
EWR-1,8/27/2025,05:40:00 am,0,2025-08-27 05:40:00,8.297,9.739,0.00030000000000001136
EWR-1,8/27/2025,05:50:00 am,0,2025-08-27 05:50:00,8.2971,9.736,0.0004000000000001336
EWR-1,8/27/2025,06:00:00 am,0,2025-08-27 06:00:00,8.2975,9.732,0.00039999999999995595
EWR-1,8/27/2025,06:10:00 am,0,2025-08-27 06:10:00,8.2977,9.728,0.00039999999999995595
EWR-1,8/27/2025,06:20:00 am,0,2025-08-27 06:20:00,8.2976,9.724,0.00039999999999995595
EWR-1,8/27/2025,06:30:00 am,0,2025-08-27 06:30:00,8.2977,9.72,0.0004000000000001336
EWR-1,8/27/2025,06:40:00 am,0,2025-08-27 06:40:00,8.2983,9.716,0.0004999999999999005
EWR-1,8/27/2025,06:50:00 am,0,2025-08-27 06:50:00,8.2992,9.711,0.00030000000000001136
EWR-1,8/27/2025,07:00:00 am,0,2025-08-27 07:00:00,8.2996,9.708,0.00039999999999995595
EWR-1,8/27/2025,07:10:00 am,0,2025-08-27 07:10:00,8.3,9.704,0.0004000000000001336
EWR-1,8/27/2025,07:20:00 am,0,2025-08-27 07:20:00,8.3005,9.7,0.00039999999999995595
EWR-1,8/27/2025,07:30:00 am,0,2025-08-27 07:30:00,8.3007,9.696,0.00030000000000001136
EWR-1,8/27/2025,07:40:00 am,0,2025-08-27 07:40:00,8.3016,9.693,0.00030000000000001136
EWR-1,8/27/2025,07:50:00 am,0,2025-08-27 07:50:00,8.302,9.69,0.00030000000000001136
EWR-1,8/27/2025,08:00:00 am,0,2025-08-27 08:00:00,8.3023,9.687,0.00030000000000001136
EWR-1,8/27/2025,08:10:00 am,0,2025-08-27 08:10:00,8.3026,9.684,0.00030000000000001136
EWR-1,8/27/2025,08:20:00 am,0,2025-08-27 08:20:00,8.3035,9.681,9.999999999994457e-05
EWR-1,8/27/2025,08:30:00 am,0,2025-08-27 08:30:00,8.3031,9.68,0.00019999999999988915
EWR-1,8/27/2025,08:40:00 am,0,2025-08-27 08:40:00,8.3031,9.678,0.00010000000000012221
EWR-1,8/27/2025,08:50:00 am,0,2025-08-27 08:50:00,8.3034,9.677,9.999999999994457e-05
EWR-1,8/27/2025,09:00:00 am,0,2025-08-27 09:00:00,8.303,9.676,9.999999999994457e-05
EWR-1,8/27/2025,09:10:00 am,0,2025-08-27 09:10:00,8.3035,9.675,0.0
EWR-1,8/27/2025,09:20:00 am,0,2025-08-27 09:20:00,8.3027,9.675,0.00010000000000012221
EWR-1,8/27/2025,09:30:00 am,0,2025-08-27 09:30:00,8.3027,9.674,0.0
EWR-1,8/27/2025,09:40:00 am,0,2025-08-27 09:40:00,8.3028,9.674,0.0
EWR-1,8/27/2025,09:50:00 am,0,2025-08-27 09:50:00,8.3024,9.674,0.00010000000000012221
EWR-1,8/27/2025,10:00:00 am,0,2025-08-27 10:00:00,8.3018,9.675,9.999999999994457e-05
EWR-1,8/27/2025,10:10:00 am,0,2025-08-27 10:10:00,8.3022,9.676,0.00030000000000001136
EWR-1,8/27/2025,10:20:00 am,0,2025-08-27 10:20:00,8.303,9.679,0.00019999999999988915
EWR-1,8/27/2025,10:30:00 am,0,2025-08-27 10:30:00,8.303,9.681,0.0004000000000001336
EWR-1,8/27/2025,10:40:00 am,0,2025-08-27 10:40:00,8.3033,9.685,0.00039999999999995595
EWR-1,8/27/2025,10:50:00 am,0,2025-08-27 10:50:00,8.3031,9.689,0.00039999999999995595
EWR-1,8/27/2025,11:00:00 am,0,2025-08-27 11:00:00,8.3032,9.693,0.0005000000000000782
EWR-1,8/27/2025,11:10:00 am,0,2025-08-27 11:10:00,8.3029,9.698,0.0004999999999999005
EWR-1,8/27/2025,11:20:00 am,0,2025-08-27 11:20:00,8.3027,9.703,0.0006000000000000227
EWR-1,8/27/2025,11:30:00 am,0,2025-08-27 11:30:00,8.3011,9.709,0.0006000000000000227
EWR-1,8/27/2025,11:40:00 am,0,2025-08-27 11:40:00,8.3009,9.715,0.0006999999999999674
EWR-1,8/27/2025,11:50:00 am,0,2025-08-27 11:50:00,8.2997,9.722,0.0009000000000000341
EWR-1,8/27/2025,12:00:00 pm,0,2025-08-27 12:00:00,8.2988,9.731,0.0009000000000000341
EWR-1,8/27/2025,12:10:00 pm,0,2025-08-27 12:10:00,8.2985,9.74,0.0009000000000000341
EWR-1,8/27/2025,12:20:00 pm,0,2025-08-27 12:20:00,8.2973,9.749,0.0011999999999998678
EWR-1,8/27/2025,12:30:00 pm,0,2025-08-27 12:30:00,8.2952,9.761,0.0012000000000000454
EWR-1,8/27/2025,12:40:00 pm,0,2025-08-27 12:40:00,8.2932,9.773,0.0015000000000000568
EWR-1,8/27/2025,12:50:00 pm,0,2025-08-27 12:50:00,8.2904,9.788,0.001699999999999946
EWR-1,8/27/2025,01:00:00 pm,0,2025-08-27 13:00:00,8.2878,9.805,0.0016000000000000014
EWR-1,8/27/2025,01:10:00 pm,0,2025-08-27 13:10:00,8.2861,9.821,0.001699999999999946
EWR-1,8/27/2025,01:20:00 pm,0,2025-08-27 13:20:00,8.286,9.838,0.0018000000000000683
EWR-1,8/27/2025,01:30:00 pm,0,2025-08-27 13:30:00,8.2838,9.856,0.0013999999999999347
EWR-1,8/27/2025,01:40:00 pm,0,2025-08-27 13:40:00,8.2827,9.87,0.00129999999999999
EWR-1,8/27/2025,01:50:00 pm,0,2025-08-27 13:50:00,8.28,9.883,0.0012000000000000454
EWR-1,8/27/2025,02:00:00 pm,0,2025-08-27 14:00:00,8.2802,9.895,0.0009999999999999788
EWR-1,8/27/2025,02:10:00 pm,0,2025-08-27 14:10:00,8.2818,9.905,0.0009000000000000341
EWR-1,8/27/2025,02:20:00 pm,0,2025-08-27 14:20:00,8.2833,9.914,0.0009000000000000341
EWR-1,8/27/2025,02:30:00 pm,0,2025-08-27 14:30:00,8.2843,9.923,0.0006999999999999674
EWR-1,8/27/2025,02:40:00 pm,0,2025-08-27 14:40:00,8.2838,9.93,0.0006999999999999674
EWR-1,8/27/2025,02:50:00 pm,0,2025-08-27 14:50:00,8.2857,9.937,0.0006000000000000227
EWR-1,8/27/2025,03:00:00 pm,0,2025-08-27 15:00:00,8.2858,9.943,0.0005000000000000782
EWR-1,8/27/2025,03:10:00 pm,0,2025-08-27 15:10:00,8.2875,9.948,0.00039999999999995595
EWR-1,8/27/2025,03:20:00 pm,0,2025-08-27 15:20:00,8.2884,9.952,0.00039999999999995595
EWR-1,8/27/2025,03:30:00 pm,0,2025-08-27 15:30:00,8.289,9.956,0.0004000000000001336
EWR-1,8/27/2025,03:40:00 pm,0,2025-08-27 15:40:00,8.2881,9.96,0.0002999999999998337
EWR-1,8/27/2025,03:50:00 pm,0,2025-08-27 15:50:00,8.287,9.963,0.0004000000000001336
EWR-1,8/27/2025,04:00:00 pm,0,2025-08-27 16:00:00,8.2865,9.967,0.00039999999999995595
EWR-1,8/27/2025,04:10:00 pm,0,2025-08-27 16:10:00,8.2872,9.971,0.0005000000000000782
EWR-1,8/27/2025,04:20:00 pm,0,2025-08-27 16:20:00,8.2878,9.976,0.0005999999999998451
EWR-1,8/27/2025,04:30:00 pm,0,2025-08-27 16:30:00,8.2876,9.982,0.0006000000000000227
EWR-1,8/27/2025,04:40:00 pm,0,2025-08-27 16:40:00,8.286,9.988,0.0006000000000000227
EWR-1,8/27/2025,04:50:00 pm,0,2025-08-27 16:50:00,8.2853,9.994,0.0006000000000000227
EWR-1,8/27/2025,05:00:00 pm,0,2025-08-27 17:00:00,8.2851,10.0,0.0006999999999999674
EWR-1,8/27/2025,05:10:00 pm,0,2025-08-27 17:10:00,8.2851,10.007,0.0005000000000000782
EWR-1,8/27/2025,05:20:00 pm,0,2025-08-27 17:20:00,8.2851,10.012,0.0006000000000000227
EWR-1,8/27/2025,05:30:00 pm,0,2025-08-27 17:30:00,8.2845,10.018,0.0004999999999999005
EWR-1,8/27/2025,05:40:00 pm,0,2025-08-27 17:40:00,8.2849,10.023,0.0006000000000000227
EWR-1,8/27/2025,05:50:00 pm,0,2025-08-27 17:50:00,8.2854,10.029,0.0006000000000000227
EWR-1,8/27/2025,06:00:00 pm,0,2025-08-27 18:00:00,8.2867,10.035,0.0006000000000000227
EWR-1,8/27/2025,06:10:00 pm,0,2025-08-27 18:10:00,8.2857,10.041,0.0006999999999999674
EWR-1,8/27/2025,06:20:00 pm,0,2025-08-27 18:20:00,8.2852,10.048,0.0005000000000000782
EWR-1,8/27/2025,06:30:00 pm,0,2025-08-27 18:30:00,8.2843,10.053,0.0006999999999999674
EWR-1,8/27/2025,06:40:00 pm,0,2025-08-27 18:40:00,8.285,10.06,0.0004999999999999005
EWR-1,8/27/2025,06:50:00 pm,0,2025-08-27 18:50:00,8.2851,10.065,0.0005000000000000782
EWR-1,8/27/2025,07:00:00 pm,0,2025-08-27 19:00:00,8.285,10.07,0.0004999999999999005
EWR-1,8/27/2025,07:10:00 pm,0,2025-08-27 19:10:00,8.285,10.075,0.0004000000000001336
EWR-1,8/27/2025,07:20:00 pm,0,2025-08-27 19:20:00,8.2853,10.079,0.00039999999999995595
EWR-1,8/27/2025,07:30:00 pm,0,2025-08-27 19:30:00,8.2861,10.083,0.0002000000000000668
EWR-1,8/27/2025,07:40:00 pm,0,2025-08-27 19:40:00,8.2863,10.085,0.00019999999999988915
EWR-1,8/27/2025,07:50:00 pm,0,2025-08-27 19:50:00,8.2866,10.087,9.999999999994457e-05
EWR-1,8/27/2025,08:00:00 pm,0,2025-08-27 20:00:00,8.2882,10.088,0.0
EWR-1,8/27/2025,08:10:00 pm,0,2025-08-27 20:10:00,8.29,10.088,0.00019999999999988915
EWR-1,8/27/2025,08:20:00 pm,0,2025-08-27 20:20:00,8.2915,10.086,0.0002000000000000668
EWR-1,8/27/2025,08:30:00 pm,0,2025-08-27 20:30:00,8.2928,10.084,0.00030000000000001136
EWR-1,8/27/2025,08:40:00 pm,0,2025-08-27 20:40:00,8.2937,10.081,0.00019999999999988915
EWR-1,8/27/2025,08:50:00 pm,0,2025-08-27 20:50:00,8.2947,10.079,0.00030000000000001136
EWR-1,8/27/2025,09:00:00 pm,0,2025-08-27 21:00:00,8.2947,10.076,0.0004000000000001336
EWR-1,8/27/2025,09:10:00 pm,0,2025-08-27 21:10:00,8.2944,10.072,0.0002999999999998337
EWR-1,8/27/2025,09:20:00 pm,0,2025-08-27 21:20:00,8.2949,10.069,0.0004000000000001336
EWR-1,8/27/2025,09:30:00 pm,0,2025-08-27 21:30:00,8.2961,10.065,0.00039999999999995595
EWR-1,8/27/2025,09:40:00 pm,0,2025-08-27 21:40:00,8.2973,10.061,0.00039999999999995595
EWR-1,8/27/2025,09:50:00 pm,0,2025-08-27 21:50:00,8.2975,10.057,0.0005000000000000782
EWR-1,8/27/2025,10:00:00 pm,0,2025-08-27 22:00:00,8.2969,10.052,0.00039999999999995595
EWR-1,8/27/2025,10:10:00 pm,0,2025-08-27 22:10:00,8.2964,10.048,0.00030000000000001136
EWR-1,8/27/2025,10:20:00 pm,0,2025-08-27 22:20:00,8.2955,10.045,0.00030000000000001136
EWR-1,8/27/2025,10:30:00 pm,0,2025-08-27 22:30:00,8.2953,10.042,0.00030000000000001136
EWR-1,8/27/2025,10:40:00 pm,0,2025-08-27 22:40:00,8.2963,10.039,0.0004999999999999005
EWR-1,8/27/2025,10:50:00 pm,0,2025-08-27 22:50:00,8.2961,10.034,0.0006000000000000227
EWR-1,8/27/2025,11:00:00 pm,0,2025-08-27 23:00:00,8.2957,10.028,0.0005000000000000782
EWR-1,8/27/2025,11:10:00 pm,0,2025-08-27 23:10:00,8.2955,10.023,0.0006000000000000227
EWR-1,8/27/2025,11:20:00 pm,0,2025-08-27 23:20:00,8.2952,10.017,0.0004999999999999005
EWR-1,8/27/2025,11:30:00 pm,0,2025-08-27 23:30:00,8.2951,10.012,0.0006999999999999674
EWR-1,8/27/2025,11:40:00 pm,0,2025-08-27 23:40:00,8.2954,10.005,0.0006000000000000227
EWR-1,8/27/2025,11:50:00 pm,0,2025-08-27 23:50:00,8.2961,9.999,0.0006000000000000227
EWR-1,8/28/2025,12:00:00 am,0,2025-08-28 00:00:00,8.2962,9.993,0.0006999999999999674
EWR-1,8/28/2025,12:10:00 am,0,2025-08-28 00:10:00,8.2966,9.986,0.0008000000000000895
EWR-1,8/28/2025,12:20:00 am,0,2025-08-28 00:20:00,8.2965,9.978,0.0006999999999999674
EWR-1,8/28/2025,12:30:00 am,0,2025-08-28 00:30:00,8.2967,9.971,0.0006000000000000227
EWR-1,8/28/2025,12:40:00 am,0,2025-08-28 00:40:00,8.2969,9.965,0.0006999999999999674
EWR-1,8/28/2025,12:50:00 am,0,2025-08-28 00:50:00,8.297,9.958,0.0006999999999999674
EWR-1,8/28/2025,01:00:00 am,0,2025-08-28 01:00:00,8.2971,9.951,0.0008000000000000895
EWR-1,8/28/2025,01:10:00 am,0,2025-08-28 01:10:00,8.2968,9.943,0.0007999999999999119
EWR-1,8/28/2025,01:20:00 am,0,2025-08-28 01:20:00,8.2962,9.935,0.0008000000000000895
EWR-1,8/28/2025,01:30:00 am,0,2025-08-28 01:30:00,8.2954,9.927,0.0007999999999999119
EWR-1,8/28/2025,01:40:00 am,0,2025-08-28 01:40:00,8.2945,9.919,0.0006999999999999674
EWR-1,8/28/2025,01:50:00 am,0,2025-08-28 01:50:00,8.2941,9.912,0.0009000000000000341
EWR-1,8/28/2025,02:00:00 am,0,2025-08-28 02:00:00,8.2942,9.903,0.0008000000000000895
EWR-1,8/28/2025,02:10:00 am,0,2025-08-28 02:10:00,8.2932,9.895,0.0007999999999999119
EWR-1,8/28/2025,02:20:00 am,0,2025-08-28 02:20:00,8.2918,9.887,0.0008000000000000895
EWR-1,8/28/2025,02:30:00 am,0,2025-08-28 02:30:00,8.2916,9.879,0.0009000000000000341
EWR-1,8/28/2025,02:40:00 am,0,2025-08-28 02:40:00,8.2915,9.87,0.0007999999999999119
EWR-1,8/28/2025,02:50:00 am,0,2025-08-28 02:50:00,8.2913,9.862,0.0009999999999999788
EWR-1,8/28/2025,03:00:00 am,0,2025-08-28 03:00:00,8.2911,9.852,0.0009000000000000341
EWR-1,8/28/2025,03:10:00 am,0,2025-08-28 03:10:00,8.2917,9.843,0.0007999999999999119
EWR-1,8/28/2025,03:20:00 am,0,2025-08-28 03:20:00,8.2912,9.835,0.0009000000000000341
EWR-1,8/28/2025,03:30:00 am,0,2025-08-28 03:30:00,8.2906,9.826,0.0008000000000000895
EWR-1,8/28/2025,03:40:00 am,0,2025-08-28 03:40:00,8.2901,9.818,0.0009999999999999788
EWR-1,8/28/2025,03:50:00 am,0,2025-08-28 03:50:00,8.2901,9.808,0.0009000000000000341
EWR-1,8/28/2025,04:00:00 am,0,2025-08-28 04:00:00,8.2909,9.799,0.0010999999999999233
EWR-1,8/28/2025,04:10:00 am,0,2025-08-28 04:10:00,8.2911,9.788,0.0012000000000000454
EWR-1,8/28/2025,04:20:00 am,0,2025-08-28 04:20:00,8.2911,9.776,0.0010999999999999233
EWR-1,8/28/2025,04:30:00 am,0,2025-08-28 04:30:00,8.2909,9.765,0.001100000000000101
EWR-1,8/28/2025,04:40:00 am,0,2025-08-28 04:40:00,8.2913,9.754,0.0010999999999999233
EWR-1,8/28/2025,04:50:00 am,0,2025-08-28 04:50:00,8.292,9.743,0.0012000000000000454
EWR-1,8/28/2025,05:00:00 am,0,2025-08-28 05:00:00,8.2916,9.731,0.0012000000000000454
EWR-1,8/28/2025,05:10:00 am,0,2025-08-28 05:10:00,8.2917,9.719,0.0010999999999999233
EWR-1,8/28/2025,05:20:00 am,0,2025-08-28 05:20:00,8.2915,9.708,0.0012000000000000454
EWR-1,8/28/2025,05:30:00 am,0,2025-08-28 05:30:00,8.2909,9.696,0.0010999999999999233
EWR-1,8/28/2025,05:40:00 am,0,2025-08-28 05:40:00,8.2914,9.685,0.001100000000000101
EWR-1,8/28/2025,05:50:00 am,0,2025-08-28 05:50:00,8.2919,9.674,0.0009000000000000341
EWR-1,8/28/2025,06:00:00 am,0,2025-08-28 06:00:00,8.2925,9.665,0.0011999999999998678
EWR-1,8/28/2025,06:10:00 am,0,2025-08-28 06:10:00,8.2922,9.653,0.0012000000000000454
EWR-1,8/28/2025,06:20:00 am,0,2025-08-28 06:20:00,8.2931,9.641,0.0012000000000000454
EWR-1,8/28/2025,06:30:00 am,0,2025-08-28 06:30:00,8.2934,9.629,0.0011999999999998678
EWR-1,8/28/2025,06:40:00 am,0,2025-08-28 06:40:00,8.2943,9.617,0.001100000000000101
EWR-1,8/28/2025,06:50:00 am,0,2025-08-28 06:50:00,8.2947,9.606,0.0010999999999999233
EWR-1,8/28/2025,07:00:00 am,0,2025-08-28 07:00:00,8.2957,9.595,0.0009999999999999788
EWR-1,8/28/2025,07:10:00 am,0,2025-08-28 07:10:00,8.296,9.585,0.001100000000000101
EWR-1,8/28/2025,07:20:00 am,0,2025-08-28 07:20:00,8.2965,9.574,0.0009999999999999788
EWR-1,8/28/2025,07:30:00 am,0,2025-08-28 07:30:00,8.2961,9.564,0.0009000000000000341
EWR-1,8/28/2025,07:40:00 am,0,2025-08-28 07:40:00,8.2967,9.555,0.0010999999999999233
EWR-1,8/28/2025,07:50:00 am,0,2025-08-28 07:50:00,8.2971,9.544,0.0009000000000000341
EWR-1,8/28/2025,08:00:00 am,0,2025-08-28 08:00:00,8.2966,9.535,0.0009000000000000341
EWR-1,8/28/2025,08:10:00 am,0,2025-08-28 08:10:00,8.2967,9.526,0.0006999999999999674
EWR-1,8/28/2025,08:20:00 am,0,2025-08-28 08:20:00,8.2967,9.519,0.0008000000000000895
EWR-1,8/28/2025,08:30:00 am,0,2025-08-28 08:30:00,8.2971,9.511,0.0008999999999998564
EWR-1,8/28/2025,08:40:00 am,0,2025-08-28 08:40:00,8.2975,9.502,0.000700000000000145
EWR-1,8/28/2025,08:50:00 am,0,2025-08-28 08:50:00,8.2974,9.495,0.0005999999999998451
EWR-1,8/28/2025,09:00:00 am,0,2025-08-28 09:00:00,8.2981,9.489,0.0004000000000001336
EWR-1,8/28/2025,09:10:00 am,0,2025-08-28 09:10:00,8.2978,9.485,0.0004999999999999005
EWR-1,8/28/2025,09:20:00 am,0,2025-08-28 09:20:00,8.2979,9.48,0.00039999999999995595
EWR-1,8/28/2025,09:30:00 am,0,2025-08-28 09:30:00,8.2983,9.476,0.00030000000000001136
EWR-1,8/28/2025,09:40:00 am,0,2025-08-28 09:40:00,8.2984,9.473,0.00030000000000001136
EWR-1,8/28/2025,09:50:00 am,0,2025-08-28 09:50:00,8.2979,9.47,0.0002000000000000668
EWR-1,8/28/2025,10:00:00 am,0,2025-08-28 10:00:00,8.2984,9.468,0.00030000000000001136
EWR-1,8/28/2025,10:10:00 am,0,2025-08-28 10:10:00,8.2979,9.465,0.0002000000000000668
EWR-1,8/28/2025,10:20:00 am,0,2025-08-28 10:20:00,8.2974,9.463,0.0
EWR-1,8/28/2025,10:30:00 am,0,2025-08-28 10:30:00,8.2974,9.463,0.00019999999999988915
EWR-1,8/28/2025,10:40:00 am,0,2025-08-28 10:40:00,8.2972,9.461,0.0
EWR-1,8/28/2025,10:50:00 am,0,2025-08-28 10:50:00,8.2975,9.461,0.0
EWR-1,8/28/2025,11:00:00 am,0,2025-08-28 11:00:00,8.2966,9.461,9.999999999994457e-05
EWR-1,8/28/2025,11:10:00 am,0,2025-08-28 11:10:00,8.2958,9.462,0.0002000000000000668
EWR-1,8/28/2025,11:20:00 am,0,2025-08-28 11:20:00,8.2952,9.464,0.00019999999999988915
EWR-1,8/28/2025,11:30:00 am,0,2025-08-28 11:30:00,8.2938,9.466,0.0004000000000001336
EWR-1,8/28/2025,11:40:00 am,0,2025-08-28 11:40:00,8.2926,9.47,0.0006000000000000227
EWR-1,8/28/2025,11:50:00 am,0,2025-08-28 11:50:00,8.2907,9.476,0.0004999999999999005
EWR-1,8/28/2025,12:00:00 pm,0,2025-08-28 12:00:00,8.2889,9.481,0.0008000000000000895
EWR-1,8/28/2025,12:10:00 pm,0,2025-08-28 12:10:00,8.2864,9.489,0.0007999999999999119
EWR-1,8/28/2025,12:20:00 pm,0,2025-08-28 12:20:00,8.284,9.497,0.0009999999999999788
EWR-1,8/28/2025,12:30:00 pm,0,2025-08-28 12:30:00,8.2819,9.507,0.0012000000000000454
EWR-1,8/28/2025,12:40:00 pm,0,2025-08-28 12:40:00,8.2797,9.519,0.0013999999999999347
EWR-1,8/28/2025,12:50:00 pm,0,2025-08-28 12:50:00,8.2774,9.533,0.0015000000000000568
EWR-1,8/28/2025,01:00:00 pm,0,2025-08-28 13:00:00,8.2757,9.548,0.0016000000000000014
EWR-1,8/28/2025,01:10:00 pm,0,2025-08-28 13:10:00,8.2731,9.564,0.001699999999999946
EWR-1,8/28/2025,01:20:00 pm,0,2025-08-28 13:20:00,8.2713,9.581,0.0016000000000000014
EWR-1,8/28/2025,01:30:00 pm,0,2025-08-28 13:30:00,8.269,9.597,0.0015000000000000568
EWR-1,8/28/2025,01:40:00 pm,0,2025-08-28 13:40:00,8.2673,9.612,0.0013999999999999347
EWR-1,8/28/2025,01:50:00 pm,0,2025-08-28 13:50:00,8.2657,9.626,0.0012000000000000454
EWR-1,8/28/2025,02:00:00 pm,0,2025-08-28 14:00:00,8.2639,9.638,0.00129999999999999
EWR-1,8/28/2025,02:10:00 pm,0,2025-08-28 14:10:00,8.2619,9.651,0.00129999999999999
EWR-1,8/28/2025,02:20:00 pm,0,2025-08-28 14:20:00,8.26,9.664,0.00129999999999999
EWR-1,8/28/2025,02:30:00 pm,0,2025-08-28 14:30:00,8.2568,9.677,0.0015000000000000568
EWR-1,8/28/2025,02:40:00 pm,0,2025-08-28 14:40:00,8.2548,9.692,0.0013999999999999347
EWR-1,8/28/2025,02:50:00 pm,0,2025-08-28 14:50:00,8.2531,9.706,0.00129999999999999
EWR-1,8/28/2025,03:00:00 pm,0,2025-08-28 15:00:00,8.2523,9.719,0.0012000000000000454
EWR-1,8/28/2025,03:10:00 pm,0,2025-08-28 15:10:00,8.2505,9.731,0.0012000000000000454
EWR-1,8/28/2025,03:20:00 pm,0,2025-08-28 15:20:00,8.2485,9.743,0.0010999999999999233
EWR-1,8/28/2025,03:30:00 pm,0,2025-08-28 15:30:00,8.2466,9.754,0.00129999999999999
EWR-1,8/28/2025,03:40:00 pm,0,2025-08-28 15:40:00,8.2444,9.767,0.0014000000000001123
EWR-1,8/28/2025,03:50:00 pm,0,2025-08-28 15:50:00,8.2431,9.781,0.001699999999999946
EWR-1,8/28/2025,04:00:00 pm,0,2025-08-28 16:00:00,8.2424,9.798,0.0015000000000000568
EWR-1,8/28/2025,04:10:00 pm,0,2025-08-28 16:10:00,8.2422,9.813,0.00129999999999999
EWR-1,8/28/2025,04:20:00 pm,0,2025-08-28 16:20:00,8.2421,9.826,0.0010999999999999233
EWR-1,8/28/2025,04:30:00 pm,0,2025-08-28 16:30:00,8.2416,9.837,0.0009000000000000341
EWR-1,8/28/2025,04:40:00 pm,0,2025-08-28 16:40:00,8.2411,9.846,0.0007999999999999119
EWR-1,8/28/2025,04:50:00 pm,0,2025-08-28 16:50:00,8.2405,9.854,0.0010000000000001564
EWR-1,8/28/2025,05:00:00 pm,0,2025-08-28 17:00:00,8.2399,9.864,0.0009999999999999788
EWR-1,8/28/2025,05:10:00 pm,0,2025-08-28 17:10:00,8.2391,9.874,0.0010999999999999233
EWR-1,8/28/2025,05:20:00 pm,0,2025-08-28 17:20:00,8.2385,9.885,0.00129999999999999
EWR-1,8/28/2025,05:30:00 pm,0,2025-08-28 17:30:00,8.2376,9.898,0.00129999999999999
EWR-1,8/28/2025,05:40:00 pm,0,2025-08-28 17:40:00,8.2369,9.911,0.0014000000000001123
EWR-1,8/28/2025,05:50:00 pm,0,2025-08-28 17:50:00,8.2358,9.925,0.0011999999999998678
EWR-1,8/28/2025,06:00:00 pm,0,2025-08-28 18:00:00,8.2353,9.937,0.0012000000000000454
EWR-1,8/28/2025,06:10:00 pm,0,2025-08-28 18:10:00,8.2345,9.949,0.0009999999999999788
EWR-1,8/28/2025,06:20:00 pm,0,2025-08-28 18:20:00,8.2343,9.959,0.0009999999999999788
EWR-1,8/28/2025,06:30:00 pm,0,2025-08-28 18:30:00,8.2341,9.969,0.0008000000000000895
EWR-1,8/28/2025,06:40:00 pm,0,2025-08-28 18:40:00,8.2343,9.977,0.0007999999999999119
EWR-1,8/28/2025,06:50:00 pm,0,2025-08-28 18:50:00,8.2343,9.985,0.000700000000000145
EWR-1,8/28/2025,07:00:00 pm,0,2025-08-28 19:00:00,8.2346,9.992,0.00039999999999995595
EWR-1,8/28/2025,07:10:00 pm,0,2025-08-28 19:10:00,8.2354,9.996,0.00039999999999995595
EWR-1,8/28/2025,07:20:00 pm,0,2025-08-28 19:20:00,8.2367,10.0,0.0002000000000000668
EWR-1,8/28/2025,07:30:00 pm,0,2025-08-28 19:30:00,8.2377,10.002,0.0
EWR-1,8/28/2025,07:40:00 pm,0,2025-08-28 19:40:00,8.2394,10.002,0.00010000000000012221
EWR-1,8/28/2025,07:50:00 pm,0,2025-08-28 19:50:00,8.2429,10.001,0.00019999999999988915
EWR-1,8/28/2025,08:00:00 pm,0,2025-08-28 20:00:00,8.2453,9.999,0.0002000000000000668
EWR-1,8/28/2025,08:10:00 pm,0,2025-08-28 20:10:00,8.2471,9.997,0.00030000000000001136
EWR-1,8/28/2025,08:20:00 pm,0,2025-08-28 20:20:00,8.2495,9.994,0.00030000000000001136
EWR-1,8/28/2025,08:30:00 pm,0,2025-08-28 20:30:00,8.2514,9.991,0.00030000000000001136
EWR-1,8/28/2025,08:40:00 pm,0,2025-08-28 20:40:00,8.2539,9.988,0.00039999999999995595
EWR-1,8/28/2025,08:50:00 pm,0,2025-08-28 20:50:00,8.2562,9.984,0.0005000000000000782
EWR-1,8/28/2025,09:00:00 pm,0,2025-08-28 21:00:00,8.2576,9.979,0.00039999999999995595
EWR-1,8/28/2025,09:10:00 pm,0,2025-08-28 21:10:00,8.2586,9.975,0.0004999999999999005
EWR-1,8/28/2025,09:20:00 pm,0,2025-08-28 21:20:00,8.2596,9.97,0.0006000000000000227
EWR-1,8/28/2025,09:30:00 pm,0,2025-08-28 21:30:00,8.2599,9.964,0.0006000000000000227
EWR-1,8/28/2025,09:40:00 pm,0,2025-08-28 21:40:00,8.26,9.958,0.0006000000000000227
EWR-1,8/28/2025,09:50:00 pm,0,2025-08-28 21:50:00,8.2613,9.952,0.0005000000000000782
EWR-1,8/28/2025,10:00:00 pm,0,2025-08-28 22:00:00,8.262,9.947,0.0006999999999999674
EWR-1,8/28/2025,10:10:00 pm,0,2025-08-28 22:10:00,8.262,9.94,0.0006999999999999674
EWR-1,8/28/2025,10:20:00 pm,0,2025-08-28 22:20:00,8.2626,9.933,0.0006999999999999674
EWR-1,8/28/2025,10:30:00 pm,0,2025-08-28 22:30:00,8.2628,9.926,0.0006999999999999674
EWR-1,8/28/2025,10:40:00 pm,0,2025-08-28 22:40:00,8.2634,9.919,0.0006999999999999674
EWR-1,8/28/2025,10:50:00 pm,0,2025-08-28 22:50:00,8.2638,9.912,0.000700000000000145
EWR-1,8/28/2025,11:00:00 pm,0,2025-08-28 23:00:00,8.2638,9.905,0.0007999999999999119
EWR-1,8/28/2025,11:10:00 pm,0,2025-08-28 23:10:00,8.2645,9.897,0.0008000000000000895
EWR-1,8/28/2025,11:20:00 pm,0,2025-08-28 23:20:00,8.2654,9.889,0.0006999999999999674
EWR-1,8/28/2025,11:30:00 pm,0,2025-08-28 23:30:00,8.2655,9.882,0.0007999999999999119
EWR-1,8/28/2025,11:40:00 pm,0,2025-08-28 23:40:00,8.2665,9.874,0.0008000000000000895
EWR-1,8/28/2025,11:50:00 pm,0,2025-08-28 23:50:00,8.2671,9.866,0.0007999999999999119
EWR-1,8/29/2025,12:00:00 am,0,2025-08-29 00:00:00,8.267,9.858,0.0008000000000000895
EWR-1,8/29/2025,12:10:00 am,0,2025-08-29 00:10:00,8.2667,9.85,0.0009000000000000341
EWR-1,8/29/2025,12:20:00 am,0,2025-08-29 00:20:00,8.2665,9.841,0.0007999999999999119
EWR-1,8/29/2025,12:30:00 am,0,2025-08-29 00:30:00,8.2668,9.833,0.0008000000000000895
EWR-1,8/29/2025,12:40:00 am,0,2025-08-29 00:40:00,8.2675,9.825,0.0008999999999998564
EWR-1,8/29/2025,12:50:00 am,0,2025-08-29 00:50:00,8.2673,9.816,0.0009000000000000341
EWR-1,8/29/2025,01:00:00 am,0,2025-08-29 01:00:00,8.2669,9.807,0.0009000000000000341
EWR-1,8/29/2025,01:10:00 am,0,2025-08-29 01:10:00,8.2668,9.798,0.0009000000000000341
EWR-1,8/29/2025,01:20:00 am,0,2025-08-29 01:20:00,8.2674,9.789,0.0009999999999999788
EWR-1,8/29/2025,01:30:00 am,0,2025-08-29 01:30:00,8.2674,9.779,0.0009000000000000341
EWR-1,8/29/2025,01:40:00 am,0,2025-08-29 01:40:00,8.2674,9.77,0.0009999999999999788
EWR-1,8/29/2025,01:50:00 am,0,2025-08-29 01:50:00,8.2681,9.76,0.0010999999999999233
EWR-1,8/29/2025,02:00:00 am,0,2025-08-29 02:00:00,8.2681,9.749,0.0012000000000000454
EWR-1,8/29/2025,02:10:00 am,0,2025-08-29 02:10:00,8.2676,9.737,0.0010999999999999233
EWR-1,8/29/2025,02:20:00 am,0,2025-08-29 02:20:00,8.268,9.726,0.0010000000000001564
EWR-1,8/29/2025,02:30:00 am,0,2025-08-29 02:30:00,8.2681,9.716,0.0010999999999999233
EWR-1,8/29/2025,02:40:00 am,0,2025-08-29 02:40:00,8.2684,9.705,0.0012000000000000454
EWR-1,8/29/2025,02:50:00 am,0,2025-08-29 02:50:00,8.2684,9.693,0.0009999999999999788
EWR-1,8/29/2025,03:00:00 am,0,2025-08-29 03:00:00,8.2688,9.683,0.0009999999999999788
EWR-1,8/29/2025,03:10:00 am,0,2025-08-29 03:10:00,8.2685,9.673,0.0009999999999999788
EWR-1,8/29/2025,03:20:00 am,0,2025-08-29 03:20:00,8.2687,9.663,0.0009999999999999788
EWR-1,8/29/2025,03:30:00 am,0,2025-08-29 03:30:00,8.2693,9.653,0.001100000000000101
EWR-1,8/29/2025,03:40:00 am,0,2025-08-29 03:40:00,8.2695,9.642,0.0009999999999999788
EWR-1,8/29/2025,03:50:00 am,0,2025-08-29 03:50:00,8.269,9.632,0.0010999999999999233
EWR-1,8/29/2025,04:00:00 am,0,2025-08-29 04:00:00,8.2684,9.621,0.001100000000000101
EWR-1,8/29/2025,04:10:00 am,0,2025-08-29 04:10:00,8.2685,9.61,0.0009999999999999788
EWR-1,8/29/2025,04:20:00 am,0,2025-08-29 04:20:00,8.2685,9.6,0.0012000000000000454
EWR-1,8/29/2025,04:30:00 am,0,2025-08-29 04:30:00,8.2691,9.588,0.0011999999999998678
EWR-1,8/29/2025,04:40:00 am,0,2025-08-29 04:40:00,8.2689,9.576,0.001100000000000101
EWR-1,8/29/2025,04:50:00 am,0,2025-08-29 04:50:00,8.2688,9.565,0.0010999999999999233
EWR-1,8/29/2025,05:00:00 am,0,2025-08-29 05:00:00,8.2689,9.554,0.001100000000000101
EWR-1,8/29/2025,05:10:00 am,0,2025-08-29 05:10:00,8.2687,9.543,0.0010999999999999233
EWR-1,8/29/2025,05:20:00 am,0,2025-08-29 05:20:00,8.2693,9.532,0.0012000000000000454
EWR-1,8/29/2025,05:30:00 am,0,2025-08-29 05:30:00,8.27,9.52,0.00129999999999999
EWR-1,8/29/2025,05:40:00 am,0,2025-08-29 05:40:00,8.2708,9.507,0.0012000000000000454
EWR-1,8/29/2025,05:50:00 am,0,2025-08-29 05:50:00,8.271,9.495,0.0010999999999999233
EWR-1,8/29/2025,06:00:00 am,0,2025-08-29 06:00:00,8.2716,9.484,0.0012000000000000454
EWR-1,8/29/2025,06:10:00 am,0,2025-08-29 06:10:00,8.2725,9.472,0.0010999999999999233
EWR-1,8/29/2025,06:20:00 am,0,2025-08-29 06:20:00,8.2734,9.461,0.0012000000000000454
EWR-1,8/29/2025,06:30:00 am,0,2025-08-29 06:30:00,8.2743,9.449,0.0012000000000000454
EWR-1,8/29/2025,06:40:00 am,0,2025-08-29 06:40:00,8.2749,9.437,0.0009999999999999788
EWR-1,8/29/2025,06:50:00 am,0,2025-08-29 06:50:00,8.2752,9.427,0.0012000000000000454
EWR-1,8/29/2025,07:00:00 am,0,2025-08-29 07:00:00,8.2756,9.415,0.0008999999999998564
EWR-1,8/29/2025,07:10:00 am,0,2025-08-29 07:10:00,8.2753,9.406,0.0008000000000000895
EWR-1,8/29/2025,07:20:00 am,0,2025-08-29 07:20:00,8.2758,9.398,0.0009000000000000341
EWR-1,8/29/2025,07:30:00 am,0,2025-08-29 07:30:00,8.2764,9.389,0.0008999999999998564
EWR-1,8/29/2025,07:40:00 am,0,2025-08-29 07:40:00,8.2769,9.38,0.000700000000000145
EWR-1,8/29/2025,07:50:00 am,0,2025-08-29 07:50:00,8.277,9.373,0.0007999999999999119
EWR-1,8/29/2025,08:00:00 am,0,2025-08-29 08:00:00,8.2775,9.365,0.0008000000000000895
EWR-1,8/29/2025,08:10:00 am,0,2025-08-29 08:10:00,8.2775,9.357,0.0007999999999999119
EWR-1,8/29/2025,08:20:00 am,0,2025-08-29 08:20:00,8.2778,9.349,0.0008000000000000895
EWR-1,8/29/2025,08:30:00 am,0,2025-08-29 08:30:00,8.2782,9.341,0.0005999999999998451
EWR-1,8/29/2025,08:40:00 am,0,2025-08-29 08:40:00,8.2783,9.335,0.0004000000000001336
EWR-1,8/29/2025,08:50:00 am,0,2025-08-29 08:50:00,8.278,9.331,0.00039999999999995595
EWR-1,8/29/2025,09:00:00 am,0,2025-08-29 09:00:00,8.2785,9.327,0.00039999999999995595
EWR-1,8/29/2025,09:10:00 am,0,2025-08-29 09:10:00,8.2784,9.323,0.00030000000000001136
EWR-1,8/29/2025,09:20:00 am,0,2025-08-29 09:20:00,8.2783,9.32,0.00030000000000001136
EWR-1,8/29/2025,09:30:00 am,0,2025-08-29 09:30:00,8.2791,9.317,0.0002000000000000668
EWR-1,8/29/2025,09:40:00 am,0,2025-08-29 09:40:00,8.28,9.315,0.00030000000000001136
EWR-1,8/29/2025,09:50:00 am,0,2025-08-29 09:50:00,8.28,9.312,9.999999999994457e-05
EWR-1,8/29/2025,10:00:00 am,0,2025-08-29 10:00:00,8.2801,9.311,0.0002000000000000668
EWR-1,8/29/2025,10:10:00 am,0,2025-08-29 10:10:00,8.2802,9.309,9.999999999994457e-05
EWR-1,8/29/2025,10:20:00 am,0,2025-08-29 10:20:00,8.2806,9.308,0.0
EWR-1,8/29/2025,10:30:00 am,0,2025-08-29 10:30:00,8.2806,9.308,9.999999999994457e-05
EWR-1,8/29/2025,10:40:00 am,0,2025-08-29 10:40:00,8.2808,9.307,9.999999999994457e-05
EWR-1,8/29/2025,10:50:00 am,0,2025-08-29 10:50:00,8.2801,9.308,0.0002000000000000668
EWR-1,8/29/2025,11:00:00 am,0,2025-08-29 11:00:00,8.2788,9.31,0.00019999999999988915
EWR-1,8/29/2025,11:10:00 am,0,2025-08-29 11:10:00,8.2773,9.312,0.00030000000000001136
EWR-1,8/29/2025,11:20:00 am,0,2025-08-29 11:20:00,8.275,9.315,0.0004000000000001336
EWR-1,8/29/2025,11:30:00 am,0,2025-08-29 11:30:00,8.2728,9.319,0.0005999999999998451
EWR-1,8/29/2025,11:40:00 am,0,2025-08-29 11:40:00,8.27,9.325,0.0006000000000000227
EWR-1,8/29/2025,11:50:00 am,0,2025-08-29 11:50:00,8.2668,9.331,0.0008000000000000895
EWR-1,8/29/2025,12:00:00 pm,0,2025-08-29 12:00:00,8.264,9.339,0.0009000000000000341
EWR-1,8/29/2025,12:10:00 pm,0,2025-08-29 12:10:00,8.261,9.348,0.0010999999999999233
EWR-1,8/29/2025,12:20:00 pm,0,2025-08-29 12:20:00,8.2584,9.359,0.00129999999999999
EWR-1,8/29/2025,12:30:00 pm,0,2025-08-29 12:30:00,8.2554,9.372,0.0016000000000000014
EWR-1,8/29/2025,12:40:00 pm,0,2025-08-29 12:40:00,8.2532,9.388,0.001699999999999946
EWR-1,8/29/2025,12:50:00 pm,0,2025-08-29 12:50:00,8.2523,9.405,0.0019000000000000128
EWR-1,8/29/2025,01:00:00 pm,0,2025-08-29 13:00:00,8.2507,9.424,0.0021000000000000797
EWR-1,8/29/2025,01:10:00 pm,0,2025-08-29 13:10:00,8.2495,9.445,0.002099999999999902
EWR-1,8/29/2025,01:20:00 pm,0,2025-08-29 13:20:00,8.249,9.466,0.0021000000000000797
EWR-1,8/29/2025,01:30:00 pm,0,2025-08-29 13:30:00,8.2481,9.487,0.0019000000000000128
EWR-1,8/29/2025,01:40:00 pm,0,2025-08-29 13:40:00,8.2478,9.506,0.0015000000000000568
EWR-1,8/29/2025,01:50:00 pm,0,2025-08-29 13:50:00,8.2475,9.521,0.0011999999999998678
EWR-1,8/29/2025,02:00:00 pm,0,2025-08-29 14:00:00,8.2465,9.533,0.0012000000000000454
EWR-1,8/29/2025,02:10:00 pm,0,2025-08-29 14:10:00,8.2455,9.545,0.0010999999999999233
EWR-1,8/29/2025,02:20:00 pm,0,2025-08-29 14:20:00,8.2444,9.556,0.0010000000000001564
EWR-1,8/29/2025,02:30:00 pm,0,2025-08-29 14:30:00,8.2436,9.566,0.00129999999999999
EWR-1,8/29/2025,02:40:00 pm,0,2025-08-29 14:40:00,8.2428,9.579,0.00129999999999999
EWR-1,8/29/2025,02:50:00 pm,0,2025-08-29 14:50:00,8.2422,9.592,0.0013999999999999347
EWR-1,8/29/2025,03:00:00 pm,0,2025-08-29 15:00:00,8.241,9.606,0.0013999999999999347
EWR-1,8/29/2025,03:10:00 pm,0,2025-08-29 15:10:00,8.2403,9.62,0.00129999999999999
EWR-1,8/29/2025,03:20:00 pm,0,2025-08-29 15:20:00,8.2395,9.633,0.0012000000000000454
EWR-1,8/29/2025,03:30:00 pm,0,2025-08-29 15:30:00,8.239,9.645,0.0009999999999999788
EWR-1,8/29/2025,03:40:00 pm,0,2025-08-29 15:40:00,8.238,9.655,0.0009999999999999788
EWR-1,8/29/2025,03:50:00 pm,0,2025-08-29 15:50:00,8.2375,9.665,0.0009000000000000341
EWR-1,8/29/2025,04:00:00 pm,0,2025-08-29 16:00:00,8.237,9.674,0.0008000000000000895
EWR-1,8/29/2025,04:10:00 pm,0,2025-08-29 16:10:00,8.2364,9.682,0.0007999999999999119
EWR-1,8/29/2025,04:20:00 pm,0,2025-08-29 16:20:00,8.2359,9.69,0.0009000000000000341
EWR-1,8/29/2025,04:30:00 pm,0,2025-08-29 16:30:00,8.2355,9.699,0.0008000000000000895
EWR-1,8/29/2025,04:40:00 pm,0,2025-08-29 16:40:00,8.2355,9.707,0.0007999999999999119
EWR-1,8/29/2025,04:50:00 pm,0,2025-08-29 16:50:00,8.2353,9.715,0.0006999999999999674
EWR-1,8/29/2025,05:00:00 pm,0,2025-08-29 17:00:00,8.2349,9.722,0.0008000000000000895
EWR-1,8/29/2025,05:10:00 pm,0,2025-08-29 17:10:00,8.2345,9.73,0.0009000000000000341
EWR-1,8/29/2025,05:20:00 pm,0,2025-08-29 17:20:00,8.2346,9.739,0.0009999999999999788
EWR-1,8/29/2025,05:30:00 pm,0,2025-08-29 17:30:00,8.2343,9.749,0.0011999999999998678
EWR-1,8/29/2025,05:40:00 pm,0,2025-08-29 17:40:00,8.2339,9.761,0.001100000000000101
EWR-1,8/29/2025,05:50:00 pm,0,2025-08-29 17:50:00,8.2333,9.772,0.0012000000000000454
EWR-1,8/29/2025,06:00:00 pm,0,2025-08-29 18:00:00,8.2329,9.784,0.0009999999999999788
EWR-1,8/29/2025,06:10:00 pm,0,2025-08-29 18:10:00,8.2332,9.794,0.0009000000000000341
EWR-1,8/29/2025,06:20:00 pm,0,2025-08-29 18:20:00,8.2325,9.803,0.0008999999999998564
EWR-1,8/29/2025,06:30:00 pm,0,2025-08-29 18:30:00,8.2322,9.812,0.0008000000000000895
EWR-1,8/29/2025,06:40:00 pm,0,2025-08-29 18:40:00,8.2319,9.82,0.0006999999999999674
EWR-1,8/29/2025,06:50:00 pm,0,2025-08-29 18:50:00,8.2316,9.827,0.0005000000000000782
EWR-1,8/29/2025,07:00:00 pm,0,2025-08-29 19:00:00,8.2321,9.832,0.0005999999999998451
EWR-1,8/29/2025,07:10:00 pm,0,2025-08-29 19:10:00,8.2322,9.838,0.00030000000000001136
EWR-1,8/29/2025,07:20:00 pm,0,2025-08-29 19:20:00,8.2325,9.841,0.0002000000000000668
EWR-1,8/29/2025,07:30:00 pm,0,2025-08-29 19:30:00,8.2331,9.843,0.0002000000000000668
EWR-1,8/29/2025,07:40:00 pm,0,2025-08-29 19:40:00,8.2341,9.845,0.0
EWR-1,8/29/2025,07:50:00 pm,0,2025-08-29 19:50:00,8.2353,9.845,0.00010000000000012221
EWR-1,8/29/2025,08:00:00 pm,0,2025-08-29 20:00:00,8.2364,9.844,0.00019999999999988915
EWR-1,8/29/2025,08:10:00 pm,0,2025-08-29 20:10:00,8.2384,9.842,0.0002000000000000668
EWR-1,8/29/2025,08:20:00 pm,0,2025-08-29 20:20:00,8.2407,9.84,0.00039999999999995595
EWR-1,8/29/2025,08:30:00 pm,0,2025-08-29 20:30:00,8.2437,9.836,0.00039999999999995595
EWR-1,8/29/2025,08:40:00 pm,0,2025-08-29 20:40:00,8.2457,9.832,0.0005000000000000782
EWR-1,8/29/2025,08:50:00 pm,0,2025-08-29 20:50:00,8.2476,9.827,0.00039999999999995595
EWR-1,8/29/2025,09:00:00 pm,0,2025-08-29 21:00:00,8.2495,9.823,0.0006000000000000227
EWR-1,8/29/2025,09:10:00 pm,0,2025-08-29 21:10:00,8.2516,9.817,0.0005000000000000782
EWR-1,8/29/2025,09:20:00 pm,0,2025-08-29 21:20:00,8.2538,9.812,0.0004999999999999005
EWR-1,8/29/2025,09:30:00 pm,0,2025-08-29 21:30:00,8.256,9.807,0.0006999999999999674
EWR-1,8/29/2025,09:40:00 pm,0,2025-08-29 21:40:00,8.2577,9.8,0.0006000000000000227
EWR-1,8/29/2025,09:50:00 pm,0,2025-08-29 21:50:00,8.2609,9.794,0.0006000000000000227
EWR-1,8/29/2025,10:00:00 pm,0,2025-08-29 22:00:00,8.262,9.788,0.0006999999999999674
EWR-1,8/29/2025,10:10:00 pm,0,2025-08-29 22:10:00,8.2623,9.781,0.0006000000000000227
EWR-1,8/29/2025,10:20:00 pm,0,2025-08-29 22:20:00,8.2624,9.775,0.0006999999999999674
EWR-1,8/29/2025,10:30:00 pm,0,2025-08-29 22:30:00,8.2623,9.768,0.000700000000000145
EWR-1,8/29/2025,10:40:00 pm,0,2025-08-29 22:40:00,8.2625,9.761,0.0006999999999999674
EWR-1,8/29/2025,10:50:00 pm,0,2025-08-29 22:50:00,8.2631,9.754,0.0006999999999999674
EWR-1,8/29/2025,11:00:00 pm,0,2025-08-29 23:00:00,8.2642,9.747,0.0006999999999999674
EWR-1,8/29/2025,11:10:00 pm,0,2025-08-29 23:10:00,8.2646,9.74,0.0008000000000000895
EWR-1,8/29/2025,11:20:00 pm,0,2025-08-29 23:20:00,8.2643,9.732,0.0006999999999999674
EWR-1,8/29/2025,11:30:00 pm,0,2025-08-29 23:30:00,8.265,9.725,0.0007999999999999119
EWR-1,8/29/2025,11:40:00 pm,0,2025-08-29 23:40:00,8.2651,9.717,0.0008000000000000895
EWR-1,8/29/2025,11:50:00 pm,0,2025-08-29 23:50:00,8.2647,9.709,0.0006999999999999674
EWR-1,8/30/2025,12:00:00 am,0,2025-08-30 00:00:00,8.2649,9.702,0.0009000000000000341
EWR-1,8/30/2025,12:10:00 am,0,2025-08-30 00:10:00,8.2652,9.693,0.0007999999999999119
EWR-1,8/30/2025,12:20:00 am,0,2025-08-30 00:20:00,8.2651,9.685,0.0009000000000000341
EWR-1,8/30/2025,12:30:00 am,0,2025-08-30 00:30:00,8.2653,9.676,0.0009000000000000341
EWR-1,8/30/2025,12:40:00 am,0,2025-08-30 00:40:00,8.2657,9.667,0.0007999999999999119
EWR-1,8/30/2025,12:50:00 am,0,2025-08-30 00:50:00,8.2659,9.659,0.0009000000000000341
EWR-1,8/30/2025,01:00:00 am,0,2025-08-30 01:00:00,8.2658,9.65,0.0009000000000000341
EWR-1,8/30/2025,01:10:00 am,0,2025-08-30 01:10:00,8.2655,9.641,0.0009000000000000341
EWR-1,8/30/2025,01:20:00 am,0,2025-08-30 01:20:00,8.2653,9.632,0.0009000000000000341
EWR-1,8/30/2025,01:30:00 am,0,2025-08-30 01:30:00,8.2649,9.623,0.0008999999999998564
EWR-1,8/30/2025,01:40:00 am,0,2025-08-30 01:40:00,8.265,9.614,0.0009000000000000341
EWR-1,8/30/2025,01:50:00 am,0,2025-08-30 01:50:00,8.2656,9.605,0.0009999999999999788
EWR-1,8/30/2025,02:00:00 am,0,2025-08-30 02:00:00,8.2655,9.595,0.0009999999999999788
EWR-1,8/30/2025,02:10:00 am,0,2025-08-30 02:10:00,8.2654,9.585,0.0009000000000000341
EWR-1,8/30/2025,02:20:00 am,0,2025-08-30 02:20:00,8.2647,9.576,0.001100000000000101
EWR-1,8/30/2025,02:30:00 am,0,2025-08-30 02:30:00,8.2651,9.565,0.0009999999999999788
EWR-1,8/30/2025,02:40:00 am,0,2025-08-30 02:40:00,8.2657,9.555,0.0009000000000000341
EWR-1,8/30/2025,02:50:00 am,0,2025-08-30 02:50:00,8.2662,9.546,0.0009999999999999788
EWR-1,8/30/2025,03:00:00 am,0,2025-08-30 03:00:00,8.2668,9.536,0.0010999999999999233
EWR-1,8/30/2025,03:10:00 am,0,2025-08-30 03:10:00,8.2671,9.525,0.0009999999999999788
EWR-1,8/30/2025,03:20:00 am,0,2025-08-30 03:20:00,8.2672,9.515,0.0009999999999999788
EWR-1,8/30/2025,03:30:00 am,0,2025-08-30 03:30:00,8.2674,9.505,0.0010000000000001564
EWR-1,8/30/2025,03:40:00 am,0,2025-08-30 03:40:00,8.2678,9.495,0.0010999999999999233
EWR-1,8/30/2025,03:50:00 am,0,2025-08-30 03:50:00,8.2676,9.484,0.0009999999999999788
EWR-1,8/30/2025,04:00:00 am,0,2025-08-30 04:00:00,8.2669,9.474,0.0009999999999999788
EWR-1,8/30/2025,04:10:00 am,0,2025-08-30 04:10:00,8.266,9.464,0.0009999999999999788
EWR-1,8/30/2025,04:20:00 am,0,2025-08-30 04:20:00,8.2662,9.454,0.0009999999999999788
EWR-1,8/30/2025,04:30:00 am,0,2025-08-30 04:30:00,8.2663,9.444,0.001100000000000101
EWR-1,8/30/2025,04:40:00 am,0,2025-08-30 04:40:00,8.2658,9.433,0.0009999999999999788
EWR-1,8/30/2025,04:50:00 am,0,2025-08-30 04:50:00,8.266,9.423,0.0010999999999999233
EWR-1,8/30/2025,05:00:00 am,0,2025-08-30 05:00:00,8.2662,9.412,0.0010000000000001564
EWR-1,8/30/2025,05:10:00 am,0,2025-08-30 05:10:00,8.2662,9.402,0.0010999999999999233
EWR-1,8/30/2025,05:20:00 am,0,2025-08-30 05:20:00,8.2667,9.391,0.0009999999999999788
EWR-1,8/30/2025,05:30:00 am,0,2025-08-30 05:30:00,8.2673,9.381,0.001100000000000101
EWR-1,8/30/2025,05:40:00 am,0,2025-08-30 05:40:00,8.2678,9.37,0.0010999999999999233
EWR-1,8/30/2025,05:50:00 am,0,2025-08-30 05:50:00,8.2681,9.359,0.0010999999999999233
EWR-1,8/30/2025,06:00:00 am,0,2025-08-30 06:00:00,8.2689,9.348,0.001100000000000101
EWR-1,8/30/2025,06:10:00 am,0,2025-08-30 06:10:00,8.2695,9.337,0.0010999999999999233
EWR-1,8/30/2025,06:20:00 am,0,2025-08-30 06:20:00,8.27,9.326,0.00129999999999999
EWR-1,8/30/2025,06:30:00 am,0,2025-08-30 06:30:00,8.27,9.313,0.0012000000000000454
EWR-1,8/30/2025,06:40:00 am,0,2025-08-30 06:40:00,8.27,9.301,0.001100000000000101
EWR-1,8/30/2025,06:50:00 am,0,2025-08-30 06:50:00,8.2707,9.29,0.0010999999999999233
EWR-1,8/30/2025,07:00:00 am,0,2025-08-30 07:00:00,8.2714,9.279,0.0009999999999999788
EWR-1,8/30/2025,07:10:00 am,0,2025-08-30 07:10:00,8.272,9.269,0.0009999999999999788
EWR-1,8/30/2025,07:20:00 am,0,2025-08-30 07:20:00,8.2724,9.259,0.0009999999999999788
EWR-1,8/30/2025,07:30:00 am,0,2025-08-30 07:30:00,8.2722,9.249,0.0008000000000000895
EWR-1,8/30/2025,07:40:00 am,0,2025-08-30 07:40:00,8.2719,9.241,0.0007999999999999119
EWR-1,8/30/2025,07:50:00 am,0,2025-08-30 07:50:00,8.2718,9.233,0.0006999999999999674
EWR-1,8/30/2025,08:00:00 am,0,2025-08-30 08:00:00,8.2722,9.226,0.0006000000000000227
EWR-1,8/30/2025,08:10:00 am,0,2025-08-30 08:10:00,8.2725,9.22,0.0008000000000000895
EWR-1,8/30/2025,08:20:00 am,0,2025-08-30 08:20:00,8.2728,9.212,0.0007999999999999119
EWR-1,8/30/2025,08:30:00 am,0,2025-08-30 08:30:00,8.2727,9.204,0.0006000000000000227
EWR-1,8/30/2025,08:40:00 am,0,2025-08-30 08:40:00,8.2725,9.198,0.0005000000000000782
EWR-1,8/30/2025,08:50:00 am,0,2025-08-30 08:50:00,8.2729,9.193,0.00039999999999995595
EWR-1,8/30/2025,09:00:00 am,0,2025-08-30 09:00:00,8.2731,9.189,0.00030000000000001136
EWR-1,8/30/2025,09:10:00 am,0,2025-08-30 09:10:00,8.2738,9.186,0.00030000000000001136
EWR-1,8/30/2025,09:20:00 am,0,2025-08-30 09:20:00,8.274,9.183,0.00030000000000001136
EWR-1,8/30/2025,09:30:00 am,0,2025-08-30 09:30:00,8.2739,9.18,0.00030000000000001136
EWR-1,8/30/2025,09:40:00 am,0,2025-08-30 09:40:00,8.2739,9.177,0.00019999999999988915
EWR-1,8/30/2025,09:50:00 am,0,2025-08-30 09:50:00,8.2733,9.175,0.00010000000000012221
EWR-1,8/30/2025,10:00:00 am,0,2025-08-30 10:00:00,8.2731,9.174,0.00019999999999988915
EWR-1,8/30/2025,10:10:00 am,0,2025-08-30 10:10:00,8.273,9.172,0.00010000000000012221
EWR-1,8/30/2025,10:20:00 am,0,2025-08-30 10:20:00,8.2723,9.171,0.0
EWR-1,8/30/2025,10:30:00 am,0,2025-08-30 10:30:00,8.2719,9.171,0.0
EWR-1,8/30/2025,10:40:00 am,0,2025-08-30 10:40:00,8.2715,9.171,0.0
EWR-1,8/30/2025,10:50:00 am,0,2025-08-30 10:50:00,8.2715,9.171,0.0002000000000000668
EWR-1,8/30/2025,11:00:00 am,0,2025-08-30 11:00:00,8.2705,9.173,0.00030000000000001136
EWR-1,8/30/2025,11:10:00 am,0,2025-08-30 11:10:00,8.2688,9.176,0.00030000000000001136
EWR-1,8/30/2025,11:20:00 am,0,2025-08-30 11:20:00,8.266,9.179,0.00039999999999995595
EWR-1,8/30/2025,11:30:00 am,0,2025-08-30 11:30:00,8.2632,9.183,0.0005000000000000782
EWR-1,8/30/2025,11:40:00 am,0,2025-08-30 11:40:00,8.2602,9.188,0.0006999999999999674
EWR-1,8/30/2025,11:50:00 am,0,2025-08-30 11:50:00,8.2572,9.195,0.0007999999999999119
EWR-1,8/30/2025,12:00:00 pm,0,2025-08-30 12:00:00,8.2536,9.203,0.0009999999999999788
EWR-1,8/30/2025,12:10:00 pm,0,2025-08-30 12:10:00,8.2506,9.213,0.0012000000000000454
EWR-1,8/30/2025,12:20:00 pm,0,2025-08-30 12:20:00,8.2474,9.225,0.00129999999999999
EWR-1,8/30/2025,12:30:00 pm,0,2025-08-30 12:30:00,8.2452,9.238,0.0017000000000001237
EWR-1,8/30/2025,12:40:00 pm,0,2025-08-30 12:40:00,8.2434,9.255,0.0017999999999998907
EWR-1,8/30/2025,12:50:00 pm,0,2025-08-30 12:50:00,8.2415,9.273,0.0018000000000000683
EWR-1,8/30/2025,01:00:00 pm,0,2025-08-30 13:00:00,8.2407,9.291,0.0019000000000000128
EWR-1,8/30/2025,01:10:00 pm,0,2025-08-30 13:10:00,8.239,9.31,0.0017999999999998907
EWR-1,8/30/2025,01:20:00 pm,0,2025-08-30 13:20:00,8.2381,9.328,0.0016000000000000014
EWR-1,8/30/2025,01:30:00 pm,0,2025-08-30 13:30:00,8.237,9.344,0.00129999999999999
EWR-1,8/30/2025,01:40:00 pm,0,2025-08-30 13:40:00,8.2355,9.357,0.00129999999999999
EWR-1,8/30/2025,01:50:00 pm,0,2025-08-30 13:50:00,8.2348,9.37,0.0012000000000000454
EWR-1,8/30/2025,02:00:00 pm,0,2025-08-30 14:00:00,8.2334,9.382,0.00129999999999999
EWR-1,8/30/2025,02:10:00 pm,0,2025-08-30 14:10:00,8.232,9.395,0.0015000000000000568
EWR-1,8/30/2025,02:20:00 pm,0,2025-08-30 14:20:00,8.2313,9.41,0.001699999999999946
EWR-1,8/30/2025,02:30:00 pm,0,2025-08-30 14:30:00,8.2303,9.427,0.0017000000000001237
EWR-1,8/30/2025,02:40:00 pm,0,2025-08-30 14:40:00,8.2292,9.444,0.001699999999999946
EWR-1,8/30/2025,02:50:00 pm,0,2025-08-30 14:50:00,8.2275,9.461,0.001699999999999946
EWR-1,8/30/2025,03:00:00 pm,0,2025-08-30 15:00:00,8.2276,9.478,0.0015000000000000568
EWR-1,8/30/2025,03:10:00 pm,0,2025-08-30 15:10:00,8.2273,9.493,0.0014999999999998793
EWR-1,8/30/2025,03:20:00 pm,0,2025-08-30 15:20:00,8.2262,9.508,0.0016000000000000014
EWR-1,8/30/2025,03:30:00 pm,0,2025-08-30 15:30:00,8.2256,9.524,0.0016000000000000014
EWR-1,8/30/2025,03:40:00 pm,0,2025-08-30 15:40:00,8.2243,9.54,0.0017000000000001237
EWR-1,8/30/2025,03:50:00 pm,0,2025-08-30 15:50:00,8.2237,9.557,0.0019000000000000128
EWR-1,8/30/2025,04:00:00 pm,0,2025-08-30 16:00:00,8.2227,9.576,0.0017999999999998907
EWR-1,8/30/2025,04:10:00 pm,0,2025-08-30 16:10:00,8.2216,9.594,0.0016000000000000014
EWR-1,8/30/2025,04:20:00 pm,0,2025-08-30 16:20:00,8.2206,9.61,0.0016000000000000014
EWR-1,8/30/2025,04:30:00 pm,0,2025-08-30 16:30:00,8.2194,9.626,0.0015000000000000568
EWR-1,8/30/2025,04:40:00 pm,0,2025-08-30 16:40:00,8.2184,9.641,0.0013999999999999347
EWR-1,8/30/2025,04:50:00 pm,0,2025-08-30 16:50:00,8.2172,9.655,0.0014000000000001123
EWR-1,8/30/2025,05:00:00 pm,0,2025-08-30 17:00:00,8.216,9.669,0.0013999999999999347
EWR-1,8/30/2025,05:10:00 pm,0,2025-08-30 17:10:00,8.2152,9.683,0.00129999999999999
EWR-1,8/30/2025,05:20:00 pm,0,2025-08-30 17:20:00,8.2141,9.696,0.00129999999999999
EWR-1,8/30/2025,05:30:00 pm,0,2025-08-30 17:30:00,8.2131,9.709,0.0014000000000001123
EWR-1,8/30/2025,05:40:00 pm,0,2025-08-30 17:40:00,8.2123,9.723,0.00129999999999999
EWR-1,8/30/2025,05:50:00 pm,0,2025-08-30 17:50:00,8.2115,9.736,0.0011999999999998678
EWR-1,8/30/2025,06:00:00 pm,0,2025-08-30 18:00:00,8.2105,9.748,0.00129999999999999
EWR-1,8/30/2025,06:10:00 pm,0,2025-08-30 18:10:00,8.2093,9.761,0.001100000000000101
EWR-1,8/30/2025,06:20:00 pm,0,2025-08-30 18:20:00,8.2084,9.772,0.0009000000000000341
EWR-1,8/30/2025,06:30:00 pm,0,2025-08-30 18:30:00,8.2074,9.781,0.0009999999999999788
EWR-1,8/30/2025,06:40:00 pm,0,2025-08-30 18:40:00,8.207,9.791,0.0009000000000000341
EWR-1,8/30/2025,06:50:00 pm,0,2025-08-30 18:50:00,8.2065,9.8,0.0006999999999999674
EWR-1,8/30/2025,07:00:00 pm,0,2025-08-30 19:00:00,8.2059,9.807,0.0006999999999999674
EWR-1,8/30/2025,07:10:00 pm,0,2025-08-30 19:10:00,8.2057,9.814,0.0005000000000000782
EWR-1,8/30/2025,07:20:00 pm,0,2025-08-30 19:20:00,8.2059,9.819,0.0004999999999999005
EWR-1,8/30/2025,07:30:00 pm,0,2025-08-30 19:30:00,8.2061,9.824,0.00030000000000001136
EWR-1,8/30/2025,07:40:00 pm,0,2025-08-30 19:40:00,8.2067,9.827,0.00030000000000001136
EWR-1,8/30/2025,07:50:00 pm,0,2025-08-30 19:50:00,8.2072,9.83,0.0002000000000000668
EWR-1,8/30/2025,08:00:00 pm,0,2025-08-30 20:00:00,8.2086,9.832,0.0
EWR-1,8/30/2025,08:10:00 pm,0,2025-08-30 20:10:00,8.2095,9.832,9.999999999994457e-05
EWR-1,8/30/2025,08:20:00 pm,0,2025-08-30 20:20:00,8.2115,9.833,0.0
EWR-1,8/30/2025,08:30:00 pm,0,2025-08-30 20:30:00,8.2127,9.833,9.999999999994457e-05
EWR-1,8/30/2025,08:40:00 pm,0,2025-08-30 20:40:00,8.2144,9.832,0.0002000000000000668
EWR-1,8/30/2025,08:50:00 pm,0,2025-08-30 20:50:00,8.2159,9.83,9.999999999994457e-05
EWR-1,8/30/2025,09:00:00 pm,0,2025-08-30 21:00:00,8.2178,9.829,0.0002000000000000668
EWR-1,8/30/2025,09:10:00 pm,0,2025-08-30 21:10:00,8.2195,9.827,0.00030000000000001136
EWR-1,8/30/2025,09:20:00 pm,0,2025-08-30 21:20:00,8.2217,9.824,0.00030000000000001136
EWR-1,8/30/2025,09:30:00 pm,0,2025-08-30 21:30:00,8.2235,9.821,0.00030000000000001136
EWR-1,8/30/2025,09:40:00 pm,0,2025-08-30 21:40:00,8.2253,9.818,0.00030000000000001136
EWR-1,8/30/2025,09:50:00 pm,0,2025-08-30 21:50:00,8.227,9.815,0.00039999999999995595
EWR-1,8/30/2025,10:00:00 pm,0,2025-08-30 22:00:00,8.2284,9.811,0.00039999999999995595
EWR-1,8/30/2025,10:10:00 pm,0,2025-08-30 22:10:00,8.2299,9.807,0.0005000000000000782
EWR-1,8/30/2025,10:20:00 pm,0,2025-08-30 22:20:00,8.2317,9.802,0.0004999999999999005
EWR-1,8/30/2025,10:30:00 pm,0,2025-08-30 22:30:00,8.2331,9.797,0.0006000000000000227
EWR-1,8/30/2025,10:40:00 pm,0,2025-08-30 22:40:00,8.2344,9.791,0.0005000000000000782
EWR-1,8/30/2025,10:50:00 pm,0,2025-08-30 22:50:00,8.2354,9.786,0.0006000000000000227
EWR-1,8/30/2025,11:00:00 pm,0,2025-08-30 23:00:00,8.2363,9.78,0.0006000000000000227
EWR-1,8/30/2025,11:10:00 pm,0,2025-08-30 23:10:00,8.2368,9.774,0.0006999999999999674
EWR-1,8/30/2025,11:20:00 pm,0,2025-08-30 23:20:00,8.2381,9.767,0.0004999999999999005
EWR-1,8/30/2025,11:30:00 pm,0,2025-08-30 23:30:00,8.2385,9.762,0.0006999999999999674
EWR-1,8/30/2025,11:40:00 pm,0,2025-08-30 23:40:00,8.2395,9.755,0.0006000000000000227
EWR-1,8/30/2025,11:50:00 pm,0,2025-08-30 23:50:00,8.2403,9.749,0.0006999999999999674
EWR-1,8/31/2025,12:00:00 am,0,2025-08-31 00:00:00,8.2417,9.742,0.0006000000000000227
EWR-1,8/31/2025,12:10:00 am,0,2025-08-31 00:10:00,8.2434,9.736,0.0008000000000000895
EWR-1,8/31/2025,12:20:00 am,0,2025-08-31 00:20:00,8.2439,9.728,0.0006999999999999674
EWR-1,8/31/2025,12:30:00 am,0,2025-08-31 00:30:00,8.2442,9.721,0.0006999999999999674
EWR-1,8/31/2025,12:40:00 am,0,2025-08-31 00:40:00,8.245,9.714,0.0008000000000000895
EWR-1,8/31/2025,12:50:00 am,0,2025-08-31 00:50:00,8.2451,9.706,0.0007999999999999119
EWR-1,8/31/2025,01:00:00 am,0,2025-08-31 01:00:00,8.245,9.698,0.0008000000000000895
EWR-1,8/31/2025,01:10:00 am,0,2025-08-31 01:10:00,8.2451,9.69,0.0007999999999999119
EWR-1,8/31/2025,01:20:00 am,0,2025-08-31 01:20:00,8.2455,9.682,0.0008000000000000895
EWR-1,8/31/2025,01:30:00 am,0,2025-08-31 01:30:00,8.245,9.674,0.0007999999999999119
EWR-1,8/31/2025,01:40:00 am,0,2025-08-31 01:40:00,8.2441,9.666,0.0009000000000000341
EWR-1,8/31/2025,01:50:00 am,0,2025-08-31 01:50:00,8.2441,9.657,0.0009000000000000341
EWR-1,8/31/2025,02:00:00 am,0,2025-08-31 02:00:00,8.2447,9.648,0.0007999999999999119
EWR-1,8/31/2025,02:10:00 am,0,2025-08-31 02:10:00,8.245,9.64,0.0009999999999999788
EWR-1,8/31/2025,02:20:00 am,0,2025-08-31 02:20:00,8.2447,9.63,0.0009000000000000341
EWR-1,8/31/2025,02:30:00 am,0,2025-08-31 02:30:00,8.245,9.621,0.0009999999999999788
EWR-1,8/31/2025,02:40:00 am,0,2025-08-31 02:40:00,8.2451,9.611,0.0009999999999999788
EWR-1,8/31/2025,02:50:00 am,0,2025-08-31 02:50:00,8.2452,9.601,0.0010000000000001564
EWR-1,8/31/2025,03:00:00 am,0,2025-08-31 03:00:00,8.2453,9.591,0.0008999999999998564
EWR-1,8/31/2025,03:10:00 am,0,2025-08-31 03:10:00,8.2455,9.582,0.0010000000000001564
EWR-1,8/31/2025,03:20:00 am,0,2025-08-31 03:20:00,8.2464,9.572,0.0009999999999999788
EWR-1,8/31/2025,03:30:00 am,0,2025-08-31 03:30:00,8.2465,9.562,0.0008999999999998564
EWR-1,8/31/2025,03:40:00 am,0,2025-08-31 03:40:00,8.2464,9.553,0.0010000000000001564
EWR-1,8/31/2025,03:50:00 am,0,2025-08-31 03:50:00,8.2464,9.543,0.0009999999999999788
EWR-1,8/31/2025,04:00:00 am,0,2025-08-31 04:00:00,8.2469,9.533,0.0009999999999999788
EWR-1,8/31/2025,04:10:00 am,0,2025-08-31 04:10:00,8.2471,9.523,0.0010999999999999233
EWR-1,8/31/2025,04:20:00 am,0,2025-08-31 04:20:00,8.2471,9.512,0.0009000000000000341
EWR-1,8/31/2025,04:30:00 am,0,2025-08-31 04:30:00,8.2474,9.503,0.0010999999999999233
EWR-1,8/31/2025,04:40:00 am,0,2025-08-31 04:40:00,8.248,9.492,0.0010000000000001564
EWR-1,8/31/2025,04:50:00 am,0,2025-08-31 04:50:00,8.2484,9.482,0.0010999999999999233
EWR-1,8/31/2025,05:00:00 am,0,2025-08-31 05:00:00,8.2488,9.471,0.0009999999999999788
EWR-1,8/31/2025,05:10:00 am,0,2025-08-31 05:10:00,8.2495,9.461,0.0009999999999999788
EWR-1,8/31/2025,05:20:00 am,0,2025-08-31 05:20:00,8.2496,9.451,0.001100000000000101
EWR-1,8/31/2025,05:30:00 am,0,2025-08-31 05:30:00,8.25,9.44,0.0009999999999999788
EWR-1,8/31/2025,05:40:00 am,0,2025-08-31 05:40:00,8.2496,9.43,0.0009999999999999788
EWR-1,8/31/2025,05:50:00 am,0,2025-08-31 05:50:00,8.2503,9.42,0.0010999999999999233
EWR-1,8/31/2025,06:00:00 am,0,2025-08-31 06:00:00,8.2509,9.409,0.001100000000000101
EWR-1,8/31/2025,06:10:00 am,0,2025-08-31 06:10:00,8.2513,9.398,0.0012000000000000454
EWR-1,8/31/2025,06:20:00 am,0,2025-08-31 06:20:00,8.2525,9.386,0.0011999999999998678
EWR-1,8/31/2025,06:30:00 am,0,2025-08-31 06:30:00,8.253,9.374,0.0012000000000000454
EWR-1,8/31/2025,06:40:00 am,0,2025-08-31 06:40:00,8.2538,9.362,0.0010999999999999233
EWR-1,8/31/2025,06:50:00 am,0,2025-08-31 06:50:00,8.2543,9.351,0.0010000000000001564
EWR-1,8/31/2025,07:00:00 am,0,2025-08-31 07:00:00,8.2548,9.341,0.0009999999999999788
EWR-1,8/31/2025,07:10:00 am,0,2025-08-31 07:10:00,8.2556,9.331,0.0009000000000000341
EWR-1,8/31/2025,07:20:00 am,0,2025-08-31 07:20:00,8.2556,9.322,0.0007999999999999119
EWR-1,8/31/2025,07:30:00 am,0,2025-08-31 07:30:00,8.2559,9.314,0.0008000000000000895
EWR-1,8/31/2025,07:40:00 am,0,2025-08-31 07:40:00,8.2561,9.306,0.0006999999999999674
EWR-1,8/31/2025,07:50:00 am,0,2025-08-31 07:50:00,8.2567,9.299,0.0009999999999999788
EWR-1,8/31/2025,08:00:00 am,0,2025-08-31 08:00:00,8.2569,9.289,0.0006999999999999674
EWR-1,8/31/2025,08:10:00 am,0,2025-08-31 08:10:00,8.2567,9.282,0.0006999999999999674
EWR-1,8/31/2025,08:20:00 am,0,2025-08-31 08:20:00,8.2567,9.275,0.0005000000000000782
EWR-1,8/31/2025,08:30:00 am,0,2025-08-31 08:30:00,8.257,9.27,0.00039999999999995595
EWR-1,8/31/2025,08:40:00 am,0,2025-08-31 08:40:00,8.2576,9.266,0.00039999999999995595
EWR-1,8/31/2025,08:50:00 am,0,2025-08-31 08:50:00,8.2572,9.262,0.00030000000000001136
EWR-1,8/31/2025,09:00:00 am,0,2025-08-31 09:00:00,8.2574,9.259,0.0002000000000000668
EWR-1,8/31/2025,09:10:00 am,0,2025-08-31 09:10:00,8.2577,9.257,0.00030000000000001136
EWR-1,8/31/2025,09:20:00 am,0,2025-08-31 09:20:00,8.2572,9.254,0.00030000000000001136
EWR-1,8/31/2025,09:30:00 am,0,2025-08-31 09:30:00,8.2575,9.251,9.999999999994457e-05
EWR-1,8/31/2025,09:40:00 am,0,2025-08-31 09:40:00,8.2576,9.25,0.0002000000000000668
EWR-1,8/31/2025,09:50:00 am,0,2025-08-31 09:50:00,8.2572,9.248,9.999999999994457e-05
EWR-1,8/31/2025,10:00:00 am,0,2025-08-31 10:00:00,8.2568,9.247,0.0
EWR-1,8/31/2025,10:10:00 am,0,2025-08-31 10:10:00,8.2571,9.247,0.0
EWR-1,8/31/2025,10:20:00 am,0,2025-08-31 10:20:00,8.2567,9.247,9.999999999994457e-05
EWR-1,8/31/2025,10:30:00 am,0,2025-08-31 10:30:00,8.2568,9.246,9.999999999994457e-05
EWR-1,8/31/2025,10:40:00 am,0,2025-08-31 10:40:00,8.2562,9.247,9.999999999994457e-05
EWR-1,8/31/2025,10:50:00 am,0,2025-08-31 10:50:00,8.2555,9.248,0.0002000000000000668
EWR-1,8/31/2025,11:00:00 am,0,2025-08-31 11:00:00,8.2541,9.25,0.00039999999999995595
EWR-1,8/31/2025,11:10:00 am,0,2025-08-31 11:10:00,8.2529,9.254,0.00039999999999995595
EWR-1,8/31/2025,11:20:00 am,0,2025-08-31 11:20:00,8.2499,9.258,0.000700000000000145
EWR-1,8/31/2025,11:30:00 am,0,2025-08-31 11:30:00,8.2472,9.265,0.0006999999999999674
EWR-1,8/31/2025,11:40:00 am,0,2025-08-31 11:40:00,8.2442,9.272,0.0007999999999999119
EWR-1,8/31/2025,11:50:00 am,0,2025-08-31 11:50:00,8.2421,9.28,0.001100000000000101
EWR-1,8/31/2025,12:00:00 pm,0,2025-08-31 12:00:00,8.2383,9.291,0.0010999999999999233
EWR-1,8/31/2025,12:10:00 pm,0,2025-08-31 12:10:00,8.2379,9.302,0.00129999999999999
EWR-1,8/31/2025,12:20:00 pm,0,2025-08-31 12:20:00,8.2364,9.315,0.0015000000000000568
EWR-1,8/31/2025,12:30:00 pm,0,2025-08-31 12:30:00,8.235,9.33,0.001699999999999946
EWR-1,8/31/2025,12:40:00 pm,0,2025-08-31 12:40:00,8.2336,9.347,0.0019000000000000128
EWR-1,8/31/2025,12:50:00 pm,0,2025-08-31 12:50:00,8.2327,9.366,0.0019000000000000128
EWR-1,8/31/2025,01:00:00 pm,0,2025-08-31 13:00:00,8.2314,9.385,0.0021000000000000797
EWR-1,8/31/2025,01:10:00 pm,0,2025-08-31 13:10:00,8.2305,9.406,0.002200000000000024
EWR-1,8/31/2025,01:20:00 pm,0,2025-08-31 13:20:00,8.2297,9.428,0.0019999999999999575
EWR-1,8/31/2025,01:30:00 pm,0,2025-08-31 13:30:00,8.2289,9.448,0.0017999999999998907
EWR-1,8/31/2025,01:40:00 pm,0,2025-08-31 13:40:00,8.2278,9.466,0.0017000000000001237
EWR-1,8/31/2025,01:50:00 pm,0,2025-08-31 13:50:00,8.2267,9.483,0.0014999999999998793
EWR-1,8/31/2025,02:00:00 pm,0,2025-08-31 14:00:00,8.2256,9.498,0.0015000000000000568
EWR-1,8/31/2025,02:10:00 pm,0,2025-08-31 14:10:00,8.2246,9.513,0.0016000000000000014
EWR-1,8/31/2025,02:20:00 pm,0,2025-08-31 14:20:00,8.2235,9.529,0.0016000000000000014
EWR-1,8/31/2025,02:30:00 pm,0,2025-08-31 14:30:00,8.2221,9.545,0.0018000000000000683
EWR-1,8/31/2025,02:40:00 pm,0,2025-08-31 14:40:00,8.221,9.563,0.001699999999999946
EWR-1,8/31/2025,02:50:00 pm,0,2025-08-31 14:50:00,8.2207,9.58,0.0016000000000000014
EWR-1,8/31/2025,03:00:00 pm,0,2025-08-31 15:00:00,8.2216,9.596,0.0016000000000000014
EWR-1,8/31/2025,03:10:00 pm,0,2025-08-31 15:10:00,8.222,9.612,0.0015000000000000568
EWR-1,8/31/2025,03:20:00 pm,0,2025-08-31 15:20:00,8.2216,9.627,0.0014999999999998793
EWR-1,8/31/2025,03:30:00 pm,0,2025-08-31 15:30:00,8.2217,9.642,0.0016000000000000014
EWR-1,8/31/2025,03:40:00 pm,0,2025-08-31 15:40:00,8.2212,9.658,0.0018000000000000683
EWR-1,8/31/2025,03:50:00 pm,0,2025-08-31 15:50:00,8.2212,9.676,0.0018000000000000683
EWR-1,8/31/2025,04:00:00 pm,0,2025-08-31 16:00:00,8.2204,9.694,0.0016000000000000014
EWR-1,8/31/2025,04:10:00 pm,0,2025-08-31 16:10:00,8.2194,9.71,0.0016000000000000014
EWR-1,8/31/2025,04:20:00 pm,0,2025-08-31 16:20:00,8.2181,9.726,0.0016000000000000014
EWR-1,8/31/2025,04:30:00 pm,0,2025-08-31 16:30:00,8.2174,9.742,0.00129999999999999
EWR-1,8/31/2025,04:40:00 pm,0,2025-08-31 16:40:00,8.2157,9.755,0.00129999999999999
EWR-1,8/31/2025,04:50:00 pm,0,2025-08-31 16:50:00,8.2145,9.768,0.0011999999999998678
EWR-1,8/31/2025,05:00:00 pm,0,2025-08-31 17:00:00,8.2136,9.78,0.0012000000000000454
EWR-1,8/31/2025,05:10:00 pm,0,2025-08-31 17:10:00,8.2123,9.792,0.0012000000000000454
EWR-1,8/31/2025,05:20:00 pm,0,2025-08-31 17:20:00,8.2112,9.804,0.0012000000000000454
EWR-1,8/31/2025,05:30:00 pm,0,2025-08-31 17:30:00,8.2104,9.816,0.0011999999999998678
EWR-1,8/31/2025,05:40:00 pm,0,2025-08-31 17:40:00,8.2096,9.828,0.0012000000000000454
EWR-1,8/31/2025,05:50:00 pm,0,2025-08-31 17:50:00,8.208,9.84,0.001100000000000101
EWR-1,8/31/2025,06:00:00 pm,0,2025-08-31 18:00:00,8.2075,9.851,0.0009999999999999788
EWR-1,8/31/2025,06:10:00 pm,0,2025-08-31 18:10:00,8.2067,9.861,0.0009999999999999788
EWR-1,8/31/2025,06:20:00 pm,0,2025-08-31 18:20:00,8.2057,9.871,0.0007999999999999119
EWR-1,8/31/2025,06:30:00 pm,0,2025-08-31 18:30:00,8.205,9.879,0.0009000000000000341
EWR-1,8/31/2025,06:40:00 pm,0,2025-08-31 18:40:00,8.2042,9.888,0.0008000000000000895
EWR-1,8/31/2025,06:50:00 pm,0,2025-08-31 18:50:00,8.2036,9.896,0.0006999999999999674
EWR-1,8/31/2025,07:00:00 pm,0,2025-08-31 19:00:00,8.203,9.903,0.0004999999999999005
EWR-1,8/31/2025,07:10:00 pm,0,2025-08-31 19:10:00,8.2024,9.908,0.0004000000000001336
EWR-1,8/31/2025,07:20:00 pm,0,2025-08-31 19:20:00,8.202,9.912,0.00039999999999995595
EWR-1,8/31/2025,07:30:00 pm,0,2025-08-31 19:30:00,8.2017,9.916,0.00019999999999988915
EWR-1,8/31/2025,07:40:00 pm,0,2025-08-31 19:40:00,8.2014,9.918,0.00010000000000012221
EWR-1,8/31/2025,07:50:00 pm,0,2025-08-31 19:50:00,8.2014,9.919,9.999999999994457e-05
EWR-1,8/31/2025,08:00:00 pm,0,2025-08-31 20:00:00,8.2011,9.92,9.999999999994457e-05
EWR-1,8/31/2025,08:10:00 pm,0,2025-08-31 20:10:00,8.2012,9.919,0.0
EWR-1,8/31/2025,08:20:00 pm,0,2025-08-31 20:20:00,8.2013,9.919,0.0002000000000000668
EWR-1,8/31/2025,08:30:00 pm,0,2025-08-31 20:30:00,8.2019,9.917,0.0002000000000000668
EWR-1,8/31/2025,08:40:00 pm,0,2025-08-31 20:40:00,8.2026,9.915,0.00019999999999988915
EWR-1,8/31/2025,08:50:00 pm,0,2025-08-31 20:50:00,8.2038,9.913,0.00030000000000001136
EWR-1,8/31/2025,09:00:00 pm,0,2025-08-31 21:00:00,8.2052,9.91,0.00030000000000001136
EWR-1,8/31/2025,09:10:00 pm,0,2025-08-31 21:10:00,8.2068,9.907,0.00030000000000001136
EWR-1,8/31/2025,09:20:00 pm,0,2025-08-31 21:20:00,8.2085,9.904,0.00039999999999995595
EWR-1,8/31/2025,09:30:00 pm,0,2025-08-31 21:30:00,8.2097,9.9,0.00039999999999995595
EWR-1,8/31/2025,09:40:00 pm,0,2025-08-31 21:40:00,8.2113,9.896,0.0005000000000000782
EWR-1,8/31/2025,09:50:00 pm,0,2025-08-31 21:50:00,8.2131,9.891,0.0005000000000000782
EWR-1,8/31/2025,10:00:00 pm,0,2025-08-31 22:00:00,8.2147,9.886,0.00039999999999995595
EWR-1,8/31/2025,10:10:00 pm,0,2025-08-31 22:10:00,8.2165,9.882,0.0006000000000000227
EWR-1,8/31/2025,10:20:00 pm,0,2025-08-31 22:20:00,8.218,9.876,0.0004999999999999005
EWR-1,8/31/2025,10:30:00 pm,0,2025-08-31 22:30:00,8.2194,9.871,0.0005000000000000782
EWR-1,8/31/2025,10:40:00 pm,0,2025-08-31 22:40:00,8.2207,9.866,0.0006000000000000227
EWR-1,8/31/2025,10:50:00 pm,0,2025-08-31 22:50:00,8.222,9.86,0.0006000000000000227
EWR-1,8/31/2025,11:00:00 pm,0,2025-08-31 23:00:00,8.2234,9.854,0.0004999999999999005
EWR-1,8/31/2025,11:10:00 pm,0,2025-08-31 23:10:00,8.2244,9.849,0.0006000000000000227
EWR-1,8/31/2025,11:20:00 pm,0,2025-08-31 23:20:00,8.2256,9.843,0.0006000000000000227
EWR-1,8/31/2025,11:30:00 pm,0,2025-08-31 23:30:00,8.2264,9.837,0.0006999999999999674
EWR-1,8/31/2025,11:40:00 pm,0,2025-08-31 23:40:00,8.2279,9.83,0.0006999999999999674
EWR-1,8/31/2025,11:50:00 pm,0,2025-08-31 23:50:00,8.2289,9.823,0.0006999999999999674
EWR-1,9/1/2025,12:00:00 am,0,2025-09-01 00:00:00,8.2301,9.816,0.000700000000000145
EWR-1,9/1/2025,12:10:00 am,0,2025-09-01 00:10:00,8.2311,9.809,0.0006999999999999674
EWR-1,9/1/2025,12:20:00 am,0,2025-09-01 00:20:00,8.2324,9.802,0.0007999999999999119
EWR-1,9/1/2025,12:30:00 am,0,2025-09-01 00:30:00,8.2339,9.794,0.0008000000000000895
EWR-1,9/1/2025,12:40:00 am,0,2025-09-01 00:40:00,8.2348,9.786,0.0007999999999999119
EWR-1,9/1/2025,12:50:00 am,0,2025-09-01 00:50:00,8.2359,9.778,0.0008000000000000895
EWR-1,9/1/2025,01:00:00 am,0,2025-09-01 01:00:00,8.2365,9.77,0.0007999999999999119
EWR-1,9/1/2025,01:10:00 am,0,2025-09-01 01:10:00,8.2373,9.762,0.0009000000000000341
EWR-1,9/1/2025,01:20:00 am,0,2025-09-01 01:20:00,8.2378,9.753,0.0009000000000000341
EWR-1,9/1/2025,01:30:00 am,0,2025-09-01 01:30:00,8.2378,9.744,0.0007999999999999119
EWR-1,9/1/2025,01:40:00 am,0,2025-09-01 01:40:00,8.2382,9.736,0.0008000000000000895
EWR-1,9/1/2025,01:50:00 am,0,2025-09-01 01:50:00,8.2391,9.728,0.0009000000000000341
EWR-1,9/1/2025,02:00:00 am,0,2025-09-01 02:00:00,8.2391,9.719,0.0008999999999998564
EWR-1,9/1/2025,02:10:00 am,0,2025-09-01 02:10:00,8.2401,9.71,0.0009000000000000341
EWR-1,9/1/2025,02:20:00 am,0,2025-09-01 02:20:00,8.2406,9.701,0.0009999999999999788
EWR-1,9/1/2025,02:30:00 am,0,2025-09-01 02:30:00,8.241,9.691,0.0009000000000000341
EWR-1,9/1/2025,02:40:00 am,0,2025-09-01 02:40:00,8.2419,9.682,0.0009000000000000341
EWR-1,9/1/2025,02:50:00 am,0,2025-09-01 02:50:00,8.242,9.673,0.0009000000000000341
EWR-1,9/1/2025,03:00:00 am,0,2025-09-01 03:00:00,8.2425,9.664,0.0009000000000000341
EWR-1,9/1/2025,03:10:00 am,0,2025-09-01 03:10:00,8.2425,9.655,0.0009999999999999788
EWR-1,9/1/2025,03:20:00 am,0,2025-09-01 03:20:00,8.243,9.645,0.0009000000000000341
EWR-1,9/1/2025,03:30:00 am,0,2025-09-01 03:30:00,8.2438,9.636,0.0009999999999999788
EWR-1,9/1/2025,03:40:00 am,0,2025-09-01 03:40:00,8.2441,9.626,0.0010999999999999233
EWR-1,9/1/2025,03:50:00 am,0,2025-09-01 03:50:00,8.245,9.615,0.0009000000000000341
EWR-1,9/1/2025,04:00:00 am,0,2025-09-01 04:00:00,8.2451,9.606,0.0009999999999999788
EWR-1,9/1/2025,04:10:00 am,0,2025-09-01 04:10:00,8.2456,9.596,0.0010999999999999233
EWR-1,9/1/2025,04:20:00 am,0,2025-09-01 04:20:00,8.246,9.585,0.0010000000000001564
EWR-1,9/1/2025,04:30:00 am,0,2025-09-01 04:30:00,8.2463,9.575,0.0009999999999999788
EWR-1,9/1/2025,04:40:00 am,0,2025-09-01 04:40:00,8.247,9.565,0.0009999999999999788
EWR-1,9/1/2025,04:50:00 am,0,2025-09-01 04:50:00,8.2476,9.555,0.0009999999999999788
EWR-1,9/1/2025,05:00:00 am,0,2025-09-01 05:00:00,8.2484,9.545,0.0010999999999999233
EWR-1,9/1/2025,05:10:00 am,0,2025-09-01 05:10:00,8.2483,9.534,0.001100000000000101
EWR-1,9/1/2025,05:20:00 am,0,2025-09-01 05:20:00,8.2489,9.523,0.0009999999999999788
EWR-1,9/1/2025,05:30:00 am,0,2025-09-01 05:30:00,8.2493,9.513,0.0009999999999999788
EWR-1,9/1/2025,05:40:00 am,0,2025-09-01 05:40:00,8.2495,9.503,0.0010999999999999233
EWR-1,9/1/2025,05:50:00 am,0,2025-09-01 05:50:00,8.2502,9.492,0.0010000000000001564
EWR-1,9/1/2025,06:00:00 am,0,2025-09-01 06:00:00,8.2507,9.482,0.0010999999999999233
EWR-1,9/1/2025,06:10:00 am,0,2025-09-01 06:10:00,8.2519,9.471,0.0010999999999999233
EWR-1,9/1/2025,06:20:00 am,0,2025-09-01 06:20:00,8.2531,9.46,0.001100000000000101
EWR-1,9/1/2025,06:30:00 am,0,2025-09-01 06:30:00,8.2534,9.449,0.0010999999999999233
EWR-1,9/1/2025,06:40:00 am,0,2025-09-01 06:40:00,8.2545,9.438,0.001100000000000101
EWR-1,9/1/2025,06:50:00 am,0,2025-09-01 06:50:00,8.2548,9.427,0.0010999999999999233
EWR-1,9/1/2025,07:00:00 am,0,2025-09-01 07:00:00,8.2557,9.416,0.0009999999999999788
EWR-1,9/1/2025,07:10:00 am,0,2025-09-01 07:10:00,8.2561,9.406,0.0009999999999999788
EWR-1,9/1/2025,07:20:00 am,0,2025-09-01 07:20:00,8.2565,9.396,0.0009000000000000341
EWR-1,9/1/2025,07:30:00 am,0,2025-09-01 07:30:00,8.2567,9.387,0.0009999999999999788
EWR-1,9/1/2025,07:40:00 am,0,2025-09-01 07:40:00,8.2573,9.377,0.0008000000000000895
EWR-1,9/1/2025,07:50:00 am,0,2025-09-01 07:50:00,8.2574,9.369,0.0007999999999999119
EWR-1,9/1/2025,08:00:00 am,0,2025-09-01 08:00:00,8.2575,9.361,0.000700000000000145
EWR-1,9/1/2025,08:10:00 am,0,2025-09-01 08:10:00,8.2578,9.354,0.0005999999999998451
EWR-1,9/1/2025,08:20:00 am,0,2025-09-01 08:20:00,8.2575,9.348,0.0005000000000000782
EWR-1,9/1/2025,08:30:00 am,0,2025-09-01 08:30:00,8.2568,9.343,0.00039999999999995595
EWR-1,9/1/2025,08:40:00 am,0,2025-09-01 08:40:00,8.2569,9.339,0.00039999999999995595
EWR-1,9/1/2025,08:50:00 am,0,2025-09-01 08:50:00,8.2565,9.335,0.00030000000000001136
EWR-1,9/1/2025,09:00:00 am,0,2025-09-01 09:00:00,8.2566,9.332,0.00030000000000001136
EWR-1,9/1/2025,09:10:00 am,0,2025-09-01 09:10:00,8.2569,9.329,0.00030000000000001136
EWR-1,9/1/2025,09:20:00 am,0,2025-09-01 09:20:00,8.2566,9.326,0.0002000000000000668
EWR-1,9/1/2025,09:30:00 am,0,2025-09-01 09:30:00,8.256,9.324,0.0002000000000000668
EWR-1,9/1/2025,09:40:00 am,0,2025-09-01 09:40:00,8.2565,9.322,9.999999999994457e-05
EWR-1,9/1/2025,09:50:00 am,0,2025-09-01 09:50:00,8.257,9.321,9.999999999994457e-05
EWR-1,9/1/2025,10:00:00 am,0,2025-09-01 10:00:00,8.2564,9.32,0.0
EWR-1,9/1/2025,10:10:00 am,0,2025-09-01 10:10:00,8.2565,9.32,0.0
EWR-1,9/1/2025,10:20:00 am,0,2025-09-01 10:20:00,8.2561,9.32,9.999999999994457e-05
EWR-1,9/1/2025,10:30:00 am,0,2025-09-01 10:30:00,8.2554,9.321,9.999999999994457e-05
EWR-1,9/1/2025,10:40:00 am,0,2025-09-01 10:40:00,8.2552,9.322,0.0002000000000000668
EWR-1,9/1/2025,10:50:00 am,0,2025-09-01 10:50:00,8.2549,9.324,0.00030000000000001136
EWR-1,9/1/2025,11:00:00 am,0,2025-09-01 11:00:00,8.2528,9.327,0.00039999999999995595
EWR-1,9/1/2025,11:10:00 am,0,2025-09-01 11:10:00,8.2508,9.331,0.0006999999999999674
EWR-1,9/1/2025,11:20:00 am,0,2025-09-01 11:20:00,8.2482,9.338,0.000700000000000145
EWR-1,9/1/2025,11:30:00 am,0,2025-09-01 11:30:00,8.2458,9.345,0.0008999999999998564
EWR-1,9/1/2025,11:40:00 am,0,2025-09-01 11:40:00,8.243,9.354,0.0010000000000001564
EWR-1,9/1/2025,11:50:00 am,0,2025-09-01 11:50:00,8.242,9.364,0.0010999999999999233
EWR-1,9/1/2025,12:00:00 pm,0,2025-09-01 12:00:00,8.2406,9.375,0.0012000000000000454
EWR-1,9/1/2025,12:10:00 pm,0,2025-09-01 12:10:00,8.2391,9.387,0.0013999999999999347
EWR-1,9/1/2025,12:20:00 pm,0,2025-09-01 12:20:00,8.2382,9.401,0.0016000000000000014
EWR-1,9/1/2025,12:30:00 pm,0,2025-09-01 12:30:00,8.2373,9.417,0.001699999999999946
EWR-1,9/1/2025,12:40:00 pm,0,2025-09-01 12:40:00,8.2357,9.434,0.0019000000000000128
EWR-1,9/1/2025,12:50:00 pm,0,2025-09-01 12:50:00,8.2351,9.453,0.0019000000000000128
EWR-1,9/1/2025,01:00:00 pm,0,2025-09-01 13:00:00,8.2349,9.472,0.0021000000000000797
EWR-1,9/1/2025,01:10:00 pm,0,2025-09-01 13:10:00,8.2338,9.493,0.0023999999999999135
EWR-1,9/1/2025,01:20:00 pm,0,2025-09-01 13:20:00,8.2334,9.517,0.0021000000000000797
EWR-1,9/1/2025,01:30:00 pm,0,2025-09-01 13:30:00,8.2323,9.538,0.0017999999999998907
EWR-1,9/1/2025,01:40:00 pm,0,2025-09-01 13:40:00,8.2315,9.556,0.0017000000000001237
EWR-1,9/1/2025,01:50:00 pm,0,2025-09-01 13:50:00,8.2303,9.573,0.0014999999999998793
EWR-1,9/1/2025,02:00:00 pm,0,2025-09-01 14:00:00,8.2299,9.588,0.0014000000000001123
EWR-1,9/1/2025,02:10:00 pm,0,2025-09-01 14:10:00,8.2305,9.602,0.0015000000000000568
EWR-1,9/1/2025,02:20:00 pm,0,2025-09-01 14:20:00,8.2301,9.617,0.001699999999999946
EWR-1,9/1/2025,02:30:00 pm,0,2025-09-01 14:30:00,8.2293,9.634,0.0016000000000000014
EWR-1,9/1/2025,02:40:00 pm,0,2025-09-01 14:40:00,8.2284,9.65,0.001699999999999946
EWR-1,9/1/2025,02:50:00 pm,0,2025-09-01 14:50:00,8.2278,9.667,0.0016000000000000014
EWR-1,9/1/2025,03:00:00 pm,0,2025-09-01 15:00:00,8.2276,9.683,0.0015000000000000568
EWR-1,9/1/2025,03:10:00 pm,0,2025-09-01 15:10:00,8.2274,9.698,0.0014999999999998793
EWR-1,9/1/2025,03:20:00 pm,0,2025-09-01 15:20:00,8.2276,9.713,0.0016000000000000014
EWR-1,9/1/2025,03:30:00 pm,0,2025-09-01 15:30:00,8.2273,9.729,0.0017000000000001237
EWR-1,9/1/2025,03:40:00 pm,0,2025-09-01 15:40:00,8.2266,9.746,0.0017999999999998907
EWR-1,9/1/2025,03:50:00 pm,0,2025-09-01 15:50:00,8.2266,9.764,0.0018000000000000683
EWR-1,9/1/2025,04:00:00 pm,0,2025-09-01 16:00:00,8.2263,9.782,0.0018000000000000683
EWR-1,9/1/2025,04:10:00 pm,0,2025-09-01 16:10:00,8.2258,9.8,0.0016000000000000014
EWR-1,9/1/2025,04:20:00 pm,0,2025-09-01 16:20:00,8.2252,9.816,0.0016000000000000014
EWR-1,9/1/2025,04:30:00 pm,0,2025-09-01 16:30:00,8.2238,9.832,0.0013999999999999347
EWR-1,9/1/2025,04:40:00 pm,0,2025-09-01 16:40:00,8.2219,9.846,0.0013999999999999347
EWR-1,9/1/2025,04:50:00 pm,0,2025-09-01 16:50:00,8.2205,9.86,0.0012000000000000454
EWR-1,9/1/2025,05:00:00 pm,0,2025-09-01 17:00:00,8.2189,9.872,0.0012000000000000454
EWR-1,9/1/2025,05:10:00 pm,0,2025-09-01 17:10:00,8.2174,9.884,0.00129999999999999
EWR-1,9/1/2025,05:20:00 pm,0,2025-09-01 17:20:00,8.2162,9.897,0.0012000000000000454
EWR-1,9/1/2025,05:30:00 pm,0,2025-09-01 17:30:00,8.2155,9.909,0.0011999999999998678
EWR-1,9/1/2025,05:40:00 pm,0,2025-09-01 17:40:00,8.214,9.921,0.001100000000000101
EWR-1,9/1/2025,05:50:00 pm,0,2025-09-01 17:50:00,8.2126,9.932,0.0010999999999999233
EWR-1,9/1/2025,06:00:00 pm,0,2025-09-01 18:00:00,8.2111,9.943,0.0009999999999999788
EWR-1,9/1/2025,06:10:00 pm,0,2025-09-01 18:10:00,8.2101,9.953,0.0009000000000000341
EWR-1,9/1/2025,06:20:00 pm,0,2025-09-01 18:20:00,8.2091,9.962,0.0008000000000000895
EWR-1,9/1/2025,06:30:00 pm,0,2025-09-01 18:30:00,8.2081,9.97,0.0007999999999999119
EWR-1,9/1/2025,06:40:00 pm,0,2025-09-01 18:40:00,8.207,9.978,0.0006999999999999674
EWR-1,9/1/2025,06:50:00 pm,0,2025-09-01 18:50:00,8.2061,9.985,0.000700000000000145
EWR-1,9/1/2025,07:00:00 pm,0,2025-09-01 19:00:00,8.2055,9.992,0.00039999999999995595
EWR-1,9/1/2025,07:10:00 pm,0,2025-09-01 19:10:00,8.2052,9.996,0.00039999999999995595
EWR-1,9/1/2025,07:20:00 pm,0,2025-09-01 19:20:00,8.2043,10.0,0.0002000000000000668
EWR-1,9/1/2025,07:30:00 pm,0,2025-09-01 19:30:00,8.2041,10.002,0.00019999999999988915
EWR-1,9/1/2025,07:40:00 pm,0,2025-09-01 19:40:00,8.2037,10.004,0.00010000000000012221
EWR-1,9/1/2025,07:50:00 pm,0,2025-09-01 19:50:00,8.2032,10.005,0.0
EWR-1,9/1/2025,08:00:00 pm,0,2025-09-01 20:00:00,8.2036,10.005,0.00010000000000012221
EWR-1,9/1/2025,08:10:00 pm,0,2025-09-01 20:10:00,8.2034,10.004,0.00019999999999988915
EWR-1,9/1/2025,08:20:00 pm,0,2025-09-01 20:20:00,8.2037,10.002,0.0002000000000000668
EWR-1,9/1/2025,08:30:00 pm,0,2025-09-01 20:30:00,8.2035,10.0,0.0002000000000000668
EWR-1,9/1/2025,08:40:00 pm,0,2025-09-01 20:40:00,8.2043,9.998,0.00030000000000001136
EWR-1,9/1/2025,08:50:00 pm,0,2025-09-01 20:50:00,8.2048,9.995,0.0002999999999998337
EWR-1,9/1/2025,09:00:00 pm,0,2025-09-01 21:00:00,8.2063,9.992,0.0004000000000001336
EWR-1,9/1/2025,09:10:00 pm,0,2025-09-01 21:10:00,8.2077,9.988,0.00039999999999995595
EWR-1,9/1/2025,09:20:00 pm,0,2025-09-01 21:20:00,8.2097,9.984,0.00039999999999995595
EWR-1,9/1/2025,09:30:00 pm,0,2025-09-01 21:30:00,8.2116,9.98,0.0005000000000000782
EWR-1,9/1/2025,09:40:00 pm,0,2025-09-01 21:40:00,8.2137,9.975,0.0004999999999999005
EWR-1,9/1/2025,09:50:00 pm,0,2025-09-01 21:50:00,8.2154,9.97,0.0005000000000000782
EWR-1,9/1/2025,10:00:00 pm,0,2025-09-01 22:00:00,8.217,9.965,0.0004999999999999005
EWR-1,9/1/2025,10:10:00 pm,0,2025-09-01 22:10:00,8.2187,9.96,0.0006000000000000227
EWR-1,9/1/2025,10:20:00 pm,0,2025-09-01 22:20:00,8.2207,9.954,0.0005000000000000782
EWR-1,9/1/2025,10:30:00 pm,0,2025-09-01 22:30:00,8.222,9.949,0.0006000000000000227
EWR-1,9/1/2025,10:40:00 pm,0,2025-09-01 22:40:00,8.2235,9.943,0.0004999999999999005
EWR-1,9/1/2025,10:50:00 pm,0,2025-09-01 22:50:00,8.225,9.938,0.0006000000000000227
EWR-1,9/1/2025,11:00:00 pm,0,2025-09-01 23:00:00,8.2269,9.932,0.0006999999999999674
EWR-1,9/1/2025,11:10:00 pm,0,2025-09-01 23:10:00,8.2283,9.925,0.0006000000000000227
EWR-1,9/1/2025,11:20:00 pm,0,2025-09-01 23:20:00,8.2291,9.919,0.0006000000000000227
EWR-1,9/1/2025,11:30:00 pm,0,2025-09-01 23:30:00,8.2303,9.913,0.0006999999999999674
EWR-1,9/1/2025,11:40:00 pm,0,2025-09-01 23:40:00,8.2315,9.906,0.000700000000000145
EWR-1,9/1/2025,11:50:00 pm,0,2025-09-01 23:50:00,8.2325,9.899,0.0005999999999998451
EWR-1,9/2/2025,12:00:00 am,0,2025-09-02 00:00:00,8.2325,9.893,0.0008000000000000895
EWR-1,9/2/2025,12:10:00 am,0,2025-09-02 00:10:00,8.2337,9.885,0.0006999999999999674
EWR-1,9/2/2025,12:20:00 am,0,2025-09-02 00:20:00,8.235,9.878,0.0008000000000000895
EWR-1,9/2/2025,12:30:00 am,0,2025-09-02 00:30:00,8.236,9.87,0.0007999999999999119
EWR-1,9/2/2025,12:40:00 am,0,2025-09-02 00:40:00,8.2368,9.862,0.0008000000000000895
EWR-1,9/2/2025,12:50:00 am,0,2025-09-02 00:50:00,8.2374,9.854,0.0007999999999999119
EWR-1,9/2/2025,01:00:00 am,0,2025-09-02 01:00:00,8.2383,9.846,0.0008000000000000895
EWR-1,9/2/2025,01:10:00 am,0,2025-09-02 01:10:00,8.2392,9.838,0.0008999999999998564
EWR-1,9/2/2025,01:20:00 am,0,2025-09-02 01:20:00,8.2405,9.829,0.0008000000000000895
EWR-1,9/2/2025,01:30:00 am,0,2025-09-02 01:30:00,8.2414,9.821,0.0009000000000000341
EWR-1,9/2/2025,01:40:00 am,0,2025-09-02 01:40:00,8.2424,9.812,0.0008999999999998564
EWR-1,9/2/2025,01:50:00 am,0,2025-09-02 01:50:00,8.2431,9.803,0.0009000000000000341
EWR-1,9/2/2025,02:00:00 am,0,2025-09-02 02:00:00,8.2435,9.794,0.0009000000000000341
EWR-1,9/2/2025,02:10:00 am,0,2025-09-02 02:10:00,8.2439,9.785,0.0009000000000000341
EWR-1,9/2/2025,02:20:00 am,0,2025-09-02 02:20:00,8.2448,9.776,0.0009000000000000341
EWR-1,9/2/2025,02:30:00 am,0,2025-09-02 02:30:00,8.246,9.767,0.0009999999999999788
EWR-1,9/2/2025,02:40:00 am,0,2025-09-02 02:40:00,8.2466,9.757,0.0009999999999999788
EWR-1,9/2/2025,02:50:00 am,0,2025-09-02 02:50:00,8.2468,9.747,0.0009000000000000341
EWR-1,9/2/2025,03:00:00 am,0,2025-09-02 03:00:00,8.2472,9.738,0.0009999999999999788
EWR-1,9/2/2025,03:10:00 am,0,2025-09-02 03:10:00,8.248,9.728,0.0009000000000000341
EWR-1,9/2/2025,03:20:00 am,0,2025-09-02 03:20:00,8.2483,9.719,0.0009999999999999788
EWR-1,9/2/2025,03:30:00 am,0,2025-09-02 03:30:00,8.2488,9.709,0.0009999999999999788
EWR-1,9/2/2025,03:40:00 am,0,2025-09-02 03:40:00,8.2486,9.699,0.0009999999999999788
EWR-1,9/2/2025,03:50:00 am,0,2025-09-02 03:50:00,8.2487,9.689,0.0009999999999999788
EWR-1,9/2/2025,04:00:00 am,0,2025-09-02 04:00:00,8.2487,9.679,0.0009999999999999788
EWR-1,9/2/2025,04:10:00 am,0,2025-09-02 04:10:00,8.2494,9.669,0.001100000000000101
EWR-1,9/2/2025,04:20:00 am,0,2025-09-02 04:20:00,8.2487,9.658,0.0009999999999999788
EWR-1,9/2/2025,04:30:00 am,0,2025-09-02 04:30:00,8.2493,9.648,0.0009999999999999788
EWR-1,9/2/2025,04:40:00 am,0,2025-09-02 04:40:00,8.2486,9.638,0.0009999999999999788
EWR-1,9/2/2025,04:50:00 am,0,2025-09-02 04:50:00,8.2479,9.628,0.0009999999999999788
EWR-1,9/2/2025,05:00:00 am,0,2025-09-02 05:00:00,8.2479,9.618,0.0009999999999999788
EWR-1,9/2/2025,05:10:00 am,0,2025-09-02 05:10:00,8.2475,9.608,0.001100000000000101
EWR-1,9/2/2025,05:20:00 am,0,2025-09-02 05:20:00,8.2476,9.597,0.0009999999999999788
EWR-1,9/2/2025,05:30:00 am,0,2025-09-02 05:30:00,8.2478,9.587,0.0009999999999999788
EWR-1,9/2/2025,05:40:00 am,0,2025-09-02 05:40:00,8.248,9.577,0.0009000000000000341
EWR-1,9/2/2025,05:50:00 am,0,2025-09-02 05:50:00,8.2479,9.568,0.0009999999999999788
EWR-1,9/2/2025,06:00:00 am,0,2025-09-02 06:00:00,8.2484,9.558,0.0007999999999999119
EWR-1,9/2/2025,06:10:00 am,0,2025-09-02 06:10:00,8.2488,9.55,0.0010000000000001564
EWR-1,9/2/2025,06:20:00 am,0,2025-09-02 06:20:00,8.2495,9.54,0.0007999999999999119
EWR-1,9/2/2025,06:30:00 am,0,2025-09-02 06:30:00,8.2511,9.532,0.0009000000000000341
EWR-1,9/2/2025,06:40:00 am,0,2025-09-02 06:40:00,8.2521,9.523,0.0009000000000000341
EWR-1,9/2/2025,06:50:00 am,0,2025-09-02 06:50:00,8.2527,9.514,0.0009999999999999788
EWR-1,9/2/2025,07:00:00 am,0,2025-09-02 07:00:00,8.2537,9.504,0.0009999999999999788
EWR-1,9/2/2025,07:10:00 am,0,2025-09-02 07:10:00,8.2534,9.494,0.0009999999999999788
EWR-1,9/2/2025,07:20:00 am,0,2025-09-02 07:20:00,8.2531,9.484,0.0009000000000000341
EWR-1,9/2/2025,07:30:00 am,0,2025-09-02 07:30:00,8.2539,9.475,0.0007999999999999119
EWR-1,9/2/2025,07:40:00 am,0,2025-09-02 07:40:00,8.2544,9.467,0.0006000000000000227
EWR-1,9/2/2025,07:50:00 am,0,2025-09-02 07:50:00,8.2561,9.461,0.0006000000000000227
EWR-1,9/2/2025,08:00:00 am,0,2025-09-02 08:00:00,8.2601,9.455,0.00030000000000001136
EWR-1,9/2/2025,08:10:00 am,0,2025-09-02 08:10:00,8.2611,9.452,0.00030000000000001136
EWR-1,9/2/2025,08:20:00 am,0,2025-09-02 08:20:00,8.2614,9.449,0.0002000000000000668
EWR-1,9/2/2025,08:30:00 am,0,2025-09-02 08:30:00,8.2594,9.447,0.00019999999999988915
EWR-1,9/2/2025,08:40:00 am,0,2025-09-02 08:40:00,8.2598,9.445,9.999999999994457e-05
EWR-1,9/2/2025,08:50:00 am,0,2025-09-02 08:50:00,8.2604,9.444,0.0
EWR-1,9/2/2025,09:00:00 am,0,2025-09-02 09:00:00,8.2618,9.444,9.999999999994457e-05
EWR-1,9/2/2025,09:10:00 am,0,2025-09-02 09:10:00,8.2626,9.445,9.999999999994457e-05
EWR-1,9/2/2025,09:20:00 am,0,2025-09-02 09:20:00,8.2631,9.446,0.0002000000000000668
EWR-1,9/2/2025,09:30:00 am,0,2025-09-02 09:30:00,8.2631,9.448,0.00019999999999988915
EWR-1,9/2/2025,09:40:00 am,0,2025-09-02 09:40:00,8.2648,9.45,0.0002000000000000668
EWR-1,9/2/2025,09:50:00 am,0,2025-09-02 09:50:00,8.2657,9.452,0.00039999999999995595
EWR-1,9/2/2025,10:00:00 am,0,2025-09-02 10:00:00,8.2665,9.456,0.0004000000000001336
EWR-1,9/2/2025,10:10:00 am,0,2025-09-02 10:10:00,8.2669,9.46,0.00039999999999995595
EWR-1,9/2/2025,10:20:00 am,0,2025-09-02 10:20:00,8.2669,9.464,0.0006000000000000227
EWR-1,9/2/2025,10:30:00 am,0,2025-09-02 10:30:00,8.265,9.47,0.0006000000000000227
EWR-1,9/2/2025,10:40:00 am,0,2025-09-02 10:40:00,8.2649,9.476,0.0005999999999998451
EWR-1,9/2/2025,10:50:00 am,0,2025-09-02 10:50:00,8.2665,9.482,0.000700000000000145
EWR-1,9/2/2025,11:00:00 am,0,2025-09-02 11:00:00,8.267,9.489,0.0007999999999999119
EWR-1,9/2/2025,11:10:00 am,0,2025-09-02 11:10:00,8.2659,9.497,0.0008000000000000895
EWR-1,9/2/2025,11:20:00 am,0,2025-09-02 11:20:00,8.2659,9.505,0.0008999999999998564
EWR-1,9/2/2025,11:30:00 am,0,2025-09-02 11:30:00,8.2639,9.514,0.0009000000000000341
EWR-1,9/2/2025,11:40:00 am,0,2025-09-02 11:40:00,8.2597,9.523,0.001100000000000101
EWR-1,9/2/2025,11:50:00 am,0,2025-09-02 11:50:00,8.2557,9.534,0.0011999999999998678
EWR-1,9/2/2025,12:00:00 pm,0,2025-09-02 12:00:00,8.255,9.546,0.0012000000000000454
EWR-1,9/2/2025,12:10:00 pm,0,2025-09-02 12:10:00,8.2531,9.558,0.00129999999999999
EWR-1,9/2/2025,12:20:00 pm,0,2025-09-02 12:20:00,8.2512,9.571,0.0014000000000001123
EWR-1,9/2/2025,12:30:00 pm,0,2025-09-02 12:30:00,8.2487,9.585,0.0013999999999999347
EWR-1,9/2/2025,12:40:00 pm,0,2025-09-02 12:40:00,8.2458,9.599,0.0015000000000000568
EWR-1,9/2/2025,12:50:00 pm,0,2025-09-02 12:50:00,8.2447,9.614,0.0014999999999998793
EWR-1,9/2/2025,01:00:00 pm,0,2025-09-02 13:00:00,8.2429,9.629,0.0017000000000001237
EWR-1,9/2/2025,01:10:00 pm,0,2025-09-02 13:10:00,8.2417,9.646,0.0014999999999998793
EWR-1,9/2/2025,01:20:00 pm,0,2025-09-02 13:20:00,8.2403,9.661,0.0014000000000001123
EWR-1,9/2/2025,01:30:00 pm,0,2025-09-02 13:30:00,8.2394,9.675,0.0014999999999998793
EWR-1,9/2/2025,01:40:00 pm,0,2025-09-02 13:40:00,8.2384,9.69,0.00129999999999999
EWR-1,9/2/2025,01:50:00 pm,0,2025-09-02 13:50:00,8.2374,9.703,0.00129999999999999
EWR-1,9/2/2025,02:00:00 pm,0,2025-09-02 14:00:00,8.2355,9.716,0.0014000000000001123
EWR-1,9/2/2025,02:10:00 pm,0,2025-09-02 14:10:00,8.2335,9.73,0.00129999999999999
EWR-1,9/2/2025,02:20:00 pm,0,2025-09-02 14:20:00,8.2322,9.743,0.00129999999999999
EWR-1,9/2/2025,02:30:00 pm,0,2025-09-02 14:30:00,8.2305,9.756,0.00129999999999999
EWR-1,9/2/2025,02:40:00 pm,0,2025-09-02 14:40:00,8.2287,9.769,0.0012000000000000454
EWR-1,9/2/2025,02:50:00 pm,0,2025-09-02 14:50:00,8.2278,9.781,0.0008999999999998564
EWR-1,9/2/2025,03:00:00 pm,0,2025-09-02 15:00:00,8.2269,9.79,0.0009000000000000341
EWR-1,9/2/2025,03:10:00 pm,0,2025-09-02 15:10:00,8.2256,9.799,0.0008000000000000895
EWR-1,9/2/2025,03:20:00 pm,0,2025-09-02 15:20:00,8.2251,9.807,0.0006000000000000227
EWR-1,9/2/2025,03:30:00 pm,0,2025-09-02 15:30:00,8.2247,9.813,0.0006000000000000227
EWR-1,9/2/2025,03:40:00 pm,0,2025-09-02 15:40:00,8.2283,9.819,0.0005999999999998451
EWR-1,9/2/2025,03:50:00 pm,0,2025-09-02 15:50:00,8.2267,9.825,0.0004000000000001336
EWR-1,9/2/2025,04:00:00 pm,0,2025-09-02 16:00:00,8.2246,9.829,0.00039999999999995595
EWR-1,9/2/2025,04:10:00 pm,0,2025-09-02 16:10:00,8.2259,9.833,0.0002000000000000668
EWR-1,9/2/2025,04:20:00 pm,0,2025-09-02 16:20:00,8.2272,9.835,0.0002999999999998337
EWR-1,9/2/2025,04:30:00 pm,0,2025-09-02 16:30:00,8.2304,9.838,0.00030000000000001136
EWR-1,9/2/2025,04:40:00 pm,0,2025-09-02 16:40:00,8.2335,9.841,0.0002000000000000668
EWR-1,9/2/2025,04:50:00 pm,0,2025-09-02 16:50:00,8.2362,9.843,0.00030000000000001136
EWR-1,9/2/2025,05:00:00 pm,0,2025-09-02 17:00:00,8.2396,9.846,0.00030000000000001136
EWR-1,9/2/2025,05:10:00 pm,0,2025-09-02 17:10:00,8.2432,9.849,0.00030000000000001136
EWR-1,9/2/2025,05:20:00 pm,0,2025-09-02 17:20:00,8.2473,9.852,0.00039999999999995595
EWR-1,9/2/2025,05:30:00 pm,0,2025-09-02 17:30:00,8.2531,9.856,0.00030000000000001136
EWR-1,9/2/2025,05:40:00 pm,0,2025-09-02 17:40:00,8.2684,9.853,0.0010999999999999233
EWR-1,9/2/2025,05:50:00 pm,0,2025-09-02 17:50:00,8.2787,9.842,0.00259999999999998
EWR-1,9/2/2025,06:00:00 pm,0,2025-09-02 18:00:00,8.2919,9.816,0.00010000000000012221
EWR-1,9/2/2025,06:10:00 pm,0,2025-09-02 18:10:00,8.2968,9.815,0.0009000000000000341
EWR-1,9/2/2025,06:20:00 pm,0,2025-09-02 18:20:00,8.3062,9.824,0.001100000000000101
EWR-1,9/2/2025,06:30:00 pm,0,2025-09-02 18:30:00,8.3159,9.835,0.0009999999999999788
EWR-1,9/2/2025,06:40:00 pm,0,2025-09-02 18:40:00,8.3225,9.845,0.0013999999999999347
EWR-1,9/2/2025,06:50:00 pm,0,2025-09-02 18:50:00,8.3277,9.859,0.0016000000000000014
EWR-1,9/2/2025,07:00:00 pm,0,2025-09-02 19:00:00,8.3355,9.875,0.0009999999999999788
EWR-1,9/2/2025,07:10:00 pm,0,2025-09-02 19:10:00,8.3421,9.885,0.0009999999999999788
EWR-1,9/2/2025,07:20:00 pm,0,2025-09-02 19:20:00,8.3487,9.895,0.0008000000000000895
EWR-1,9/2/2025,07:30:00 pm,0,2025-09-02 19:30:00,8.353,9.903,0.0006999999999999674
EWR-1,9/2/2025,07:40:00 pm,0,2025-09-02 19:40:00,8.3575,9.91,0.0004999999999999005
EWR-1,9/2/2025,07:50:00 pm,0,2025-09-02 19:50:00,8.3589,9.915,0.0004000000000001336
EWR-1,9/2/2025,08:00:00 pm,0,2025-09-02 20:00:00,8.3613,9.919,0.00030000000000001136
EWR-1,9/2/2025,08:10:00 pm,0,2025-09-02 20:10:00,8.3623,9.922,0.0004999999999999005
EWR-1,9/2/2025,08:20:00 pm,0,2025-09-02 20:20:00,8.3632,9.927,0.0005000000000000782
EWR-1,9/2/2025,08:30:00 pm,0,2025-09-02 20:30:00,8.3608,9.932,0.00039999999999995595
EWR-1,9/2/2025,08:40:00 pm,0,2025-09-02 20:40:00,8.3573,9.936,0.00030000000000001136
EWR-1,9/2/2025,08:50:00 pm,0,2025-09-02 20:50:00,8.3557,9.939,9.999999999994457e-05
EWR-1,9/2/2025,09:00:00 pm,0,2025-09-02 21:00:00,8.3522,9.94,0.0002000000000000668
EWR-1,9/2/2025,09:10:00 pm,0,2025-09-02 21:10:00,8.352,9.942,0.0
EWR-1,9/2/2025,09:20:00 pm,0,2025-09-02 21:20:00,8.3507,9.942,0.0
EWR-1,9/2/2025,09:30:00 pm,0,2025-09-02 21:30:00,8.3502,9.942,9.999999999994457e-05
EWR-1,9/2/2025,09:40:00 pm,0,2025-09-02 21:40:00,8.3495,9.941,0.00010000000000012221
EWR-1,9/2/2025,09:50:00 pm,0,2025-09-02 21:50:00,8.3462,9.94,0.00030000000000001136
EWR-1,9/2/2025,10:00:00 pm,0,2025-09-02 22:00:00,8.3459,9.937,0.00019999999999988915
EWR-1,9/2/2025,10:10:00 pm,0,2025-09-02 22:10:00,8.3453,9.935,0.0004000000000001336
EWR-1,9/2/2025,10:20:00 pm,0,2025-09-02 22:20:00,8.3438,9.931,0.00039999999999995595
EWR-1,9/2/2025,10:30:00 pm,0,2025-09-02 22:30:00,8.343,9.927,0.00030000000000001136
EWR-1,9/2/2025,10:40:00 pm,0,2025-09-02 22:40:00,8.3423,9.924,0.00039999999999995595
EWR-1,9/2/2025,10:50:00 pm,0,2025-09-02 22:50:00,8.3404,9.92,0.00039999999999995595
EWR-1,9/2/2025,11:00:00 pm,0,2025-09-02 23:00:00,8.3386,9.916,0.00030000000000001136
EWR-1,9/2/2025,11:10:00 pm,0,2025-09-02 23:10:00,8.3367,9.913,0.00039999999999995595
EWR-1,9/2/2025,11:20:00 pm,0,2025-09-02 23:20:00,8.3361,9.909,0.0004000000000001336
EWR-1,9/2/2025,11:30:00 pm,0,2025-09-02 23:30:00,8.3354,9.905,0.0004999999999999005
EWR-1,9/2/2025,11:40:00 pm,0,2025-09-02 23:40:00,8.334,9.9,0.00039999999999995595
EWR-1,9/2/2025,11:50:00 pm,0,2025-09-02 23:50:00,8.3302,9.896,0.0005000000000000782
EWR-1,9/3/2025,12:00:00 am,0,2025-09-03 00:00:00,8.3318,9.891,0.00039999999999995595
EWR-1,9/3/2025,12:10:00 am,0,2025-09-03 00:10:00,8.3328,9.887,0.0006000000000000227
EWR-1,9/3/2025,12:20:00 am,0,2025-09-03 00:20:00,8.3336,9.881,0.0006000000000000227
EWR-1,9/3/2025,12:30:00 am,0,2025-09-03 00:30:00,8.3344,9.875,0.0005000000000000782
EWR-1,9/3/2025,12:40:00 am,0,2025-09-03 00:40:00,8.3338,9.87,0.0005999999999998451
EWR-1,9/3/2025,12:50:00 am,0,2025-09-03 00:50:00,8.3329,9.864,0.0006000000000000227
EWR-1,9/3/2025,01:00:00 am,0,2025-09-03 01:00:00,8.3312,9.858,0.0004000000000001336
EWR-1,9/3/2025,01:10:00 am,0,2025-09-03 01:10:00,8.3309,9.854,0.0004999999999999005
EWR-1,9/3/2025,01:20:00 am,0,2025-09-03 01:20:00,8.3304,9.849,0.00039999999999995595
EWR-1,9/3/2025,01:30:00 am,0,2025-09-03 01:30:00,8.3297,9.845,0.0005000000000000782
EWR-1,9/3/2025,01:40:00 am,0,2025-09-03 01:40:00,8.3276,9.84,0.00039999999999995595
EWR-1,9/3/2025,01:50:00 am,0,2025-09-03 01:50:00,8.3264,9.836,0.00030000000000001136
EWR-1,9/3/2025,02:00:00 am,0,2025-09-03 02:00:00,8.3252,9.833,0.00039999999999995595
EWR-1,9/3/2025,02:10:00 am,0,2025-09-03 02:10:00,8.3255,9.829,0.0005000000000000782
EWR-1,9/3/2025,02:20:00 am,0,2025-09-03 02:20:00,8.3246,9.824,0.00039999999999995595
EWR-1,9/3/2025,02:30:00 am,0,2025-09-03 02:30:00,8.3235,9.82,0.0005000000000000782
EWR-1,9/3/2025,02:40:00 am,0,2025-09-03 02:40:00,8.3225,9.815,0.0006000000000000227
EWR-1,9/3/2025,02:50:00 am,0,2025-09-03 02:50:00,8.3218,9.809,0.0005999999999998451
EWR-1,9/3/2025,03:00:00 am,0,2025-09-03 03:00:00,8.321,9.803,0.0006000000000000227
EWR-1,9/3/2025,03:10:00 am,0,2025-09-03 03:10:00,8.3197,9.797,0.000700000000000145
EWR-1,9/3/2025,03:20:00 am,0,2025-09-03 03:20:00,8.3175,9.79,0.0006999999999999674
EWR-1,9/3/2025,03:30:00 am,0,2025-09-03 03:30:00,8.3166,9.783,0.0006999999999999674
EWR-1,9/3/2025,03:40:00 am,0,2025-09-03 03:40:00,8.3168,9.776,0.0006999999999999674
EWR-1,9/3/2025,03:50:00 am,0,2025-09-03 03:50:00,8.3155,9.769,0.0008000000000000895
EWR-1,9/3/2025,04:00:00 am,0,2025-09-03 04:00:00,8.3145,9.761,0.0006999999999999674
EWR-1,9/3/2025,04:10:00 am,0,2025-09-03 04:10:00,8.3141,9.754,0.0006999999999999674
EWR-1,9/3/2025,04:20:00 am,0,2025-09-03 04:20:00,8.3136,9.747,0.0006999999999999674
EWR-1,9/3/2025,04:30:00 am,0,2025-09-03 04:30:00,8.3132,9.74,0.0006999999999999674
EWR-1,9/3/2025,04:40:00 am,0,2025-09-03 04:40:00,8.313,9.733,0.0008000000000000895
EWR-1,9/3/2025,04:50:00 am,0,2025-09-03 04:50:00,8.3123,9.725,0.0007999999999999119
EWR-1,9/3/2025,05:00:00 am,0,2025-09-03 05:00:00,8.312,9.717,0.0006999999999999674
EWR-1,9/3/2025,05:10:00 am,0,2025-09-03 05:10:00,8.3112,9.71,0.000700000000000145
EWR-1,9/3/2025,05:20:00 am,0,2025-09-03 05:20:00,8.3099,9.703,0.0006999999999999674
EWR-1,9/3/2025,05:30:00 am,0,2025-09-03 05:30:00,8.3095,9.696,0.0006000000000000227
EWR-1,9/3/2025,05:40:00 am,0,2025-09-03 05:40:00,8.3086,9.69,0.0006000000000000227
EWR-1,9/3/2025,05:50:00 am,0,2025-09-03 05:50:00,8.3094,9.684,0.0004999999999999005
EWR-1,9/3/2025,06:00:00 am,0,2025-09-03 06:00:00,8.3093,9.679,0.0005000000000000782
EWR-1,9/3/2025,06:10:00 am,0,2025-09-03 06:10:00,8.3082,9.674,0.0004999999999999005
EWR-1,9/3/2025,06:20:00 am,0,2025-09-03 06:20:00,8.3081,9.669,0.0005000000000000782
EWR-1,9/3/2025,06:30:00 am,0,2025-09-03 06:30:00,8.308,9.664,0.00039999999999995595
EWR-1,9/3/2025,06:40:00 am,0,2025-09-03 06:40:00,8.3083,9.66,0.0005000000000000782
EWR-1,9/3/2025,06:50:00 am,0,2025-09-03 06:50:00,8.3088,9.655,0.0004999999999999005
EWR-1,9/3/2025,07:00:00 am,0,2025-09-03 07:00:00,8.3091,9.65,0.00039999999999995595
EWR-1,9/3/2025,07:10:00 am,0,2025-09-03 07:10:00,8.3097,9.646,0.0005000000000000782
EWR-1,9/3/2025,07:20:00 am,0,2025-09-03 07:20:00,8.3091,9.641,0.00039999999999995595
EWR-1,9/3/2025,07:30:00 am,0,2025-09-03 07:30:00,8.3082,9.637,0.0004000000000001336
EWR-1,9/3/2025,07:40:00 am,0,2025-09-03 07:40:00,8.3085,9.633,0.00039999999999995595
EWR-1,9/3/2025,07:50:00 am,0,2025-09-03 07:50:00,8.3093,9.629,0.00039999999999995595
EWR-1,9/3/2025,08:00:00 am,0,2025-09-03 08:00:00,8.3104,9.625,0.00039999999999995595
EWR-1,9/3/2025,08:10:00 am,0,2025-09-03 08:10:00,8.3099,9.621,0.00030000000000001136
EWR-1,9/3/2025,08:20:00 am,0,2025-09-03 08:20:00,8.3109,9.618,0.0002000000000000668
EWR-1,9/3/2025,08:30:00 am,0,2025-09-03 08:30:00,8.3096,9.616,0.00030000000000001136
EWR-1,9/3/2025,08:40:00 am,0,2025-09-03 08:40:00,8.3107,9.613,9.999999999994457e-05
EWR-1,9/3/2025,08:50:00 am,0,2025-09-03 08:50:00,8.3104,9.612,0.0002000000000000668
EWR-1,9/3/2025,09:00:00 am,0,2025-09-03 09:00:00,8.3112,9.61,9.999999999994457e-05
EWR-1,9/3/2025,09:10:00 am,0,2025-09-03 09:10:00,8.3111,9.609,9.999999999994457e-05
EWR-1,9/3/2025,09:20:00 am,0,2025-09-03 09:20:00,8.3116,9.608,0.0
EWR-1,9/3/2025,09:30:00 am,0,2025-09-03 09:30:00,8.311,9.608,9.999999999994457e-05
EWR-1,9/3/2025,09:40:00 am,0,2025-09-03 09:40:00,8.3105,9.609,9.999999999994457e-05
EWR-1,9/3/2025,09:50:00 am,0,2025-09-03 09:50:00,8.3106,9.61,0.0002000000000000668
EWR-1,9/3/2025,10:00:00 am,0,2025-09-03 10:00:00,8.3115,9.612,9.999999999994457e-05
EWR-1,9/3/2025,10:10:00 am,0,2025-09-03 10:10:00,8.3114,9.613,0.0002000000000000668
EWR-1,9/3/2025,10:20:00 am,0,2025-09-03 10:20:00,8.3112,9.615,0.0002000000000000668
EWR-1,9/3/2025,10:30:00 am,0,2025-09-03 10:30:00,8.3108,9.617,0.0002999999999998337
EWR-1,9/3/2025,10:40:00 am,0,2025-09-03 10:40:00,8.3101,9.62,0.0002000000000000668
EWR-1,9/3/2025,10:50:00 am,0,2025-09-03 10:50:00,8.3087,9.622,0.00039999999999995595
EWR-1,9/3/2025,11:00:00 am,0,2025-09-03 11:00:00,8.3071,9.626,0.0004000000000001336
EWR-1,9/3/2025,11:10:00 am,0,2025-09-03 11:10:00,8.305,9.63,0.0004999999999999005
EWR-1,9/3/2025,11:20:00 am,0,2025-09-03 11:20:00,8.3027,9.635,0.0005000000000000782
EWR-1,9/3/2025,11:30:00 am,0,2025-09-03 11:30:00,8.3024,9.64,0.0004999999999999005
EWR-1,9/3/2025,11:40:00 am,0,2025-09-03 11:40:00,8.3025,9.645,0.0005000000000000782
EWR-1,9/3/2025,11:50:00 am,0,2025-09-03 11:50:00,8.3024,9.65,0.0006000000000000227
EWR-1,9/3/2025,12:00:00 pm,0,2025-09-03 12:00:00,8.3015,9.656,0.0006000000000000227
EWR-1,9/3/2025,12:10:00 pm,0,2025-09-03 12:10:00,8.3003,9.662,0.0007999999999999119
EWR-1,9/3/2025,12:20:00 pm,0,2025-09-03 12:20:00,8.2995,9.67,0.0008000000000000895
EWR-1,9/3/2025,12:30:00 pm,0,2025-09-03 12:30:00,8.2988,9.678,0.0007999999999999119
EWR-1,9/3/2025,12:40:00 pm,0,2025-09-03 12:40:00,8.2976,9.686,0.0009999999999999788
EWR-1,9/3/2025,12:50:00 pm,0,2025-09-03 12:50:00,8.2964,9.696,0.0009000000000000341
EWR-1,9/3/2025,01:00:00 pm,0,2025-09-03 13:00:00,8.2941,9.705,0.0009999999999999788
EWR-1,9/3/2025,01:10:00 pm,0,2025-09-03 13:10:00,8.2928,9.715,0.0012000000000000454
EWR-1,9/3/2025,01:20:00 pm,0,2025-09-03 13:20:00,8.2916,9.727,0.0015000000000000568
EWR-1,9/3/2025,01:30:00 pm,0,2025-09-03 13:30:00,8.2885,9.742,0.0015999999999998238
EWR-1,9/3/2025,01:40:00 pm,0,2025-09-03 13:40:00,8.2857,9.758,0.0016000000000000014
EWR-1,9/3/2025,01:50:00 pm,0,2025-09-03 13:50:00,8.2826,9.774,0.0015000000000000568
EWR-1,9/3/2025,02:00:00 pm,0,2025-09-03 14:00:00,8.2813,9.789,0.0012000000000000454
EWR-1,9/3/2025,02:10:00 pm,0,2025-09-03 14:10:00,8.2788,9.801,0.00129999999999999
EWR-1,9/3/2025,02:20:00 pm,0,2025-09-03 14:20:00,8.2773,9.814,0.00129999999999999
EWR-1,9/3/2025,02:30:00 pm,0,2025-09-03 14:30:00,8.2748,9.827,0.0013999999999999347
EWR-1,9/3/2025,02:40:00 pm,0,2025-09-03 14:40:00,8.2708,9.841,0.0015000000000000568
EWR-1,9/3/2025,02:50:00 pm,0,2025-09-03 14:50:00,8.268,9.856,0.0013999999999999347
EWR-1,9/3/2025,03:00:00 pm,0,2025-09-03 15:00:00,8.2649,9.87,0.00129999999999999
EWR-1,9/3/2025,03:10:00 pm,0,2025-09-03 15:10:00,8.2624,9.883,0.0014000000000001123
EWR-1,9/3/2025,03:20:00 pm,0,2025-09-03 15:20:00,8.2605,9.897,0.0013999999999999347
EWR-1,9/3/2025,03:30:00 pm,0,2025-09-03 15:30:00,8.2574,9.911,0.0014000000000001123
EWR-1,9/3/2025,03:40:00 pm,0,2025-09-03 15:40:00,8.2565,9.925,0.0013999999999999347
EWR-1,9/3/2025,03:50:00 pm,0,2025-09-03 15:50:00,8.2565,9.939,0.0010999999999999233
EWR-1,9/3/2025,04:00:00 pm,0,2025-09-03 16:00:00,8.2554,9.95,0.0009000000000000341
EWR-1,9/3/2025,04:10:00 pm,0,2025-09-03 16:10:00,8.2547,9.959,0.0006999999999999674
EWR-1,9/3/2025,04:20:00 pm,0,2025-09-03 16:20:00,8.2533,9.966,0.000700000000000145
EWR-1,9/3/2025,04:30:00 pm,0,2025-09-03 16:30:00,8.2553,9.973,0.0005999999999998451
EWR-1,9/3/2025,04:40:00 pm,0,2025-09-03 16:40:00,8.2552,9.979,0.0006000000000000227
EWR-1,9/3/2025,04:50:00 pm,0,2025-09-03 16:50:00,8.2556,9.985,0.000700000000000145
EWR-1,9/3/2025,05:00:00 pm,0,2025-09-03 17:00:00,8.2571,9.992,0.0006999999999999674
EWR-1,9/3/2025,05:10:00 pm,0,2025-09-03 17:10:00,8.2559,9.999,0.0006999999999999674
EWR-1,9/3/2025,05:20:00 pm,0,2025-09-03 17:20:00,8.2544,10.006,0.0009000000000000341
EWR-1,9/3/2025,05:30:00 pm,0,2025-09-03 17:30:00,8.2549,10.015,0.0008999999999998564
EWR-1,9/3/2025,05:40:00 pm,0,2025-09-03 17:40:00,8.2559,10.024,0.0010000000000001564
EWR-1,9/3/2025,05:50:00 pm,0,2025-09-03 17:50:00,8.2553,10.034,0.0008999999999998564
EWR-1,9/3/2025,06:00:00 pm,0,2025-09-03 18:00:00,8.2539,10.043,0.0010000000000001564
EWR-1,9/3/2025,06:10:00 pm,0,2025-09-03 18:10:00,8.2536,10.053,0.0008999999999998564
EWR-1,9/3/2025,06:20:00 pm,0,2025-09-03 18:20:00,8.2532,10.062,0.0008000000000000895
EWR-1,9/3/2025,06:30:00 pm,0,2025-09-03 18:30:00,8.2539,10.07,0.0006999999999999674
EWR-1,9/3/2025,06:40:00 pm,0,2025-09-03 18:40:00,8.2542,10.077,0.0006999999999999674
EWR-1,9/3/2025,06:50:00 pm,0,2025-09-03 18:50:00,8.2543,10.084,0.00039999999999995595
EWR-1,9/3/2025,07:00:00 pm,0,2025-09-03 19:00:00,8.255,10.088,0.0004000000000001336
EWR-1,9/3/2025,07:10:00 pm,0,2025-09-03 19:10:00,8.2558,10.092,0.00030000000000001136
EWR-1,9/3/2025,07:20:00 pm,0,2025-09-03 19:20:00,8.2561,10.095,0.00019999999999988915
EWR-1,9/3/2025,07:30:00 pm,0,2025-09-03 19:30:00,8.2579,10.097,0.0002000000000000668
EWR-1,9/3/2025,07:40:00 pm,0,2025-09-03 19:40:00,8.2588,10.099,9.999999999994457e-05
EWR-1,9/3/2025,07:50:00 pm,0,2025-09-03 19:50:00,8.2602,10.1,0.0002000000000000668
EWR-1,9/3/2025,08:00:00 pm,0,2025-09-03 20:00:00,8.2615,10.102,0.0
EWR-1,9/3/2025,08:10:00 pm,0,2025-09-03 20:10:00,8.2626,10.102,9.999999999994457e-05
EWR-1,9/3/2025,08:20:00 pm,0,2025-09-03 20:20:00,8.2645,10.103,9.999999999994457e-05
EWR-1,9/3/2025,08:30:00 pm,0,2025-09-03 20:30:00,8.2659,10.104,9.999999999994457e-05
EWR-1,9/3/2025,08:40:00 pm,0,2025-09-03 20:40:00,8.2671,10.103,0.0
EWR-1,9/3/2025,08:50:00 pm,0,2025-09-03 20:50:00,8.268,10.103,0.0
EWR-1,9/3/2025,09:00:00 pm,0,2025-09-03 21:00:00,8.2689,10.103,0.0
EWR-1,9/3/2025,09:10:00 pm,0,2025-09-03 21:10:00,8.2702,10.103,9.999999999994457e-05
EWR-1,9/3/2025,09:20:00 pm,0,2025-09-03 21:20:00,8.2707,10.102,0.00030000000000001136
EWR-1,9/3/2025,09:30:00 pm,0,2025-09-03 21:30:00,8.2706,10.099,9.999999999994457e-05
EWR-1,9/3/2025,09:40:00 pm,0,2025-09-03 21:40:00,8.2704,10.098,0.00010000000000012221
EWR-1,9/3/2025,09:50:00 pm,0,2025-09-03 21:50:00,8.2708,10.097,0.00019999999999988915
EWR-1,9/3/2025,10:00:00 pm,0,2025-09-03 22:00:00,8.2714,10.095,0.0004000000000001336
EWR-1,9/3/2025,10:10:00 pm,0,2025-09-03 22:10:00,8.2716,10.091,0.00039999999999995595
EWR-1,9/3/2025,10:20:00 pm,0,2025-09-03 22:20:00,8.2721,10.087,0.00039999999999995595
EWR-1,9/3/2025,10:30:00 pm,0,2025-09-03 22:30:00,8.2713,10.083,0.00039999999999995595
EWR-1,9/3/2025,10:40:00 pm,0,2025-09-03 22:40:00,8.2709,10.079,0.0004000000000001336
EWR-1,9/3/2025,10:50:00 pm,0,2025-09-03 22:50:00,8.2702,10.075,0.00030000000000001136
EWR-1,9/3/2025,11:00:00 pm,0,2025-09-03 23:00:00,8.2704,10.072,0.0002999999999998337
EWR-1,9/3/2025,11:10:00 pm,0,2025-09-03 23:10:00,8.2707,10.069,0.0004000000000001336
EWR-1,9/3/2025,11:20:00 pm,0,2025-09-03 23:20:00,8.2701,10.065,0.00039999999999995595
EWR-1,9/3/2025,11:30:00 pm,0,2025-09-03 23:30:00,8.2701,10.061,0.0005000000000000782
EWR-1,9/3/2025,11:40:00 pm,0,2025-09-03 23:40:00,8.2705,10.056,0.00039999999999995595
EWR-1,9/3/2025,11:50:00 pm,0,2025-09-03 23:50:00,8.2702,10.052,0.00039999999999995595
EWR-1,9/4/2025,12:00:00 am,0,2025-09-04 00:00:00,8.2702,10.048,0.0006000000000000227
EWR-1,9/4/2025,12:10:00 am,0,2025-09-04 00:10:00,8.2697,10.042,0.0004999999999999005
EWR-1,9/4/2025,12:20:00 am,0,2025-09-04 00:20:00,8.2694,10.037,0.0005000000000000782
EWR-1,9/4/2025,12:30:00 am,0,2025-09-04 00:30:00,8.2687,10.032,0.0006000000000000227
EWR-1,9/4/2025,12:40:00 am,0,2025-09-04 00:40:00,8.2687,10.026,0.0004999999999999005
EWR-1,9/4/2025,12:50:00 am,0,2025-09-04 00:50:00,8.2684,10.021,0.0006000000000000227
EWR-1,9/4/2025,01:00:00 am,0,2025-09-04 01:00:00,8.2685,10.015,0.0006000000000000227
EWR-1,9/4/2025,01:10:00 am,0,2025-09-04 01:10:00,8.2681,10.009,0.0006999999999999674
EWR-1,9/4/2025,01:20:00 am,0,2025-09-04 01:20:00,8.2681,10.002,0.0006000000000000227
EWR-1,9/4/2025,01:30:00 am,0,2025-09-04 01:30:00,8.2676,9.996,0.0006000000000000227
EWR-1,9/4/2025,01:40:00 am,0,2025-09-04 01:40:00,8.2666,9.99,0.0006000000000000227
EWR-1,9/4/2025,01:50:00 am,0,2025-09-04 01:50:00,8.2664,9.984,0.0006000000000000227
EWR-1,9/4/2025,02:00:00 am,0,2025-09-04 02:00:00,8.2667,9.978,0.0006000000000000227
EWR-1,9/4/2025,02:10:00 am,0,2025-09-04 02:10:00,8.2672,9.972,0.0006000000000000227
EWR-1,9/4/2025,02:20:00 am,0,2025-09-04 02:20:00,8.2678,9.966,0.0006999999999999674
EWR-1,9/4/2025,02:30:00 am,0,2025-09-04 02:30:00,8.2671,9.959,0.0007999999999999119
EWR-1,9/4/2025,02:40:00 am,0,2025-09-04 02:40:00,8.2672,9.951,0.0008000000000000895
EWR-1,9/4/2025,02:50:00 am,0,2025-09-04 02:50:00,8.267,9.943,0.0006000000000000227
EWR-1,9/4/2025,03:00:00 am,0,2025-09-04 03:00:00,8.2668,9.937,0.0006999999999999674
EWR-1,9/4/2025,03:10:00 am,0,2025-09-04 03:10:00,8.2668,9.93,0.0006999999999999674
EWR-1,9/4/2025,03:20:00 am,0,2025-09-04 03:20:00,8.2666,9.923,0.0006999999999999674
EWR-1,9/4/2025,03:30:00 am,0,2025-09-04 03:30:00,8.2666,9.916,0.0006999999999999674
EWR-1,9/4/2025,03:40:00 am,0,2025-09-04 03:40:00,8.2669,9.909,0.0008000000000000895
EWR-1,9/4/2025,03:50:00 am,0,2025-09-04 03:50:00,8.2672,9.901,0.0007999999999999119
EWR-1,9/4/2025,04:00:00 am,0,2025-09-04 04:00:00,8.2666,9.893,0.000700000000000145
EWR-1,9/4/2025,04:10:00 am,0,2025-09-04 04:10:00,8.2664,9.886,0.0007999999999999119
EWR-1,9/4/2025,04:20:00 am,0,2025-09-04 04:20:00,8.266,9.878,0.0006999999999999674
EWR-1,9/4/2025,04:30:00 am,0,2025-09-04 04:30:00,8.2654,9.871,0.0009000000000000341
EWR-1,9/4/2025,04:40:00 am,0,2025-09-04 04:40:00,8.2653,9.862,0.0006999999999999674
EWR-1,9/4/2025,04:50:00 am,0,2025-09-04 04:50:00,8.2648,9.855,0.0008000000000000895
EWR-1,9/4/2025,05:00:00 am,0,2025-09-04 05:00:00,8.2641,9.847,0.0006999999999999674
EWR-1,9/4/2025,05:10:00 am,0,2025-09-04 05:10:00,8.2634,9.84,0.0007999999999999119
EWR-1,9/4/2025,05:20:00 am,0,2025-09-04 05:20:00,8.2626,9.832,0.0008000000000000895
EWR-1,9/4/2025,05:30:00 am,0,2025-09-04 05:30:00,8.2629,9.824,0.0006999999999999674
EWR-1,9/4/2025,05:40:00 am,0,2025-09-04 05:40:00,8.2627,9.817,0.0008000000000000895
EWR-1,9/4/2025,05:50:00 am,0,2025-09-04 05:50:00,8.2623,9.809,0.0007999999999999119
EWR-1,9/4/2025,06:00:00 am,0,2025-09-04 06:00:00,8.2618,9.801,0.0006999999999999674
EWR-1,9/4/2025,06:10:00 am,0,2025-09-04 06:10:00,8.262,9.794,0.0006999999999999674
EWR-1,9/4/2025,06:20:00 am,0,2025-09-04 06:20:00,8.2619,9.787,0.000700000000000145
EWR-1,9/4/2025,06:30:00 am,0,2025-09-04 06:30:00,8.2614,9.78,0.0007999999999999119
EWR-1,9/4/2025,06:40:00 am,0,2025-09-04 06:40:00,8.262,9.772,0.0009000000000000341
EWR-1,9/4/2025,06:50:00 am,0,2025-09-04 06:50:00,8.262,9.763,0.0007999999999999119
EWR-1,9/4/2025,07:00:00 am,0,2025-09-04 07:00:00,8.2625,9.755,0.0009000000000000341
EWR-1,9/4/2025,07:10:00 am,0,2025-09-04 07:10:00,8.2626,9.746,0.0009000000000000341
EWR-1,9/4/2025,07:20:00 am,0,2025-09-04 07:20:00,8.2631,9.737,0.0009000000000000341
EWR-1,9/4/2025,07:30:00 am,0,2025-09-04 07:30:00,8.2628,9.728,0.0006999999999999674
EWR-1,9/4/2025,07:40:00 am,0,2025-09-04 07:40:00,8.2629,9.721,0.0008000000000000895
EWR-1,9/4/2025,07:50:00 am,0,2025-09-04 07:50:00,8.2631,9.713,0.0007999999999999119
EWR-1,9/4/2025,08:00:00 am,0,2025-09-04 08:00:00,8.2631,9.705,0.0006000000000000227
EWR-1,9/4/2025,08:10:00 am,0,2025-09-04 08:10:00,8.2626,9.699,0.0004999999999999005
EWR-1,9/4/2025,08:20:00 am,0,2025-09-04 08:20:00,8.2614,9.694,0.0006000000000000227
EWR-1,9/4/2025,08:30:00 am,0,2025-09-04 08:30:00,8.262,9.688,0.0004000000000001336
EWR-1,9/4/2025,08:40:00 am,0,2025-09-04 08:40:00,8.2615,9.684,0.0004999999999999005
EWR-1,9/4/2025,08:50:00 am,0,2025-09-04 08:50:00,8.2612,9.679,0.00039999999999995595
EWR-1,9/4/2025,09:00:00 am,0,2025-09-04 09:00:00,8.2609,9.675,0.0002000000000000668
EWR-1,9/4/2025,09:10:00 am,0,2025-09-04 09:10:00,8.2608,9.673,0.00030000000000001136
EWR-1,9/4/2025,09:20:00 am,0,2025-09-04 09:20:00,8.2607,9.67,0.0002000000000000668
EWR-1,9/4/2025,09:30:00 am,0,2025-09-04 09:30:00,8.2614,9.668,0.00019999999999988915
EWR-1,9/4/2025,09:40:00 am,0,2025-09-04 09:40:00,8.2613,9.666,0.00010000000000012221
EWR-1,9/4/2025,09:50:00 am,0,2025-09-04 09:50:00,8.2611,9.665,0.0
EWR-1,9/4/2025,10:00:00 am,0,2025-09-04 10:00:00,8.2611,9.665,9.999999999994457e-05
EWR-1,9/4/2025,10:10:00 am,0,2025-09-04 10:10:00,8.2605,9.664,9.999999999994457e-05
EWR-1,9/4/2025,10:20:00 am,0,2025-09-04 10:20:00,8.2598,9.665,0.0
EWR-1,9/4/2025,10:30:00 am,0,2025-09-04 10:30:00,8.2599,9.665,0.00010000000000012221
EWR-1,9/4/2025,10:40:00 am,0,2025-09-04 10:40:00,8.2593,9.666,0.00019999999999988915
EWR-1,9/4/2025,10:50:00 am,0,2025-09-04 10:50:00,8.2584,9.668,0.0002000000000000668
EWR-1,9/4/2025,11:00:00 am,0,2025-09-04 11:00:00,8.2579,9.67,0.00039999999999995595
EWR-1,9/4/2025,11:10:00 am,0,2025-09-04 11:10:00,8.2567,9.674,0.0004000000000001336
EWR-1,9/4/2025,11:20:00 am,0,2025-09-04 11:20:00,8.256,9.678,0.00039999999999995595
EWR-1,9/4/2025,11:30:00 am,0,2025-09-04 11:30:00,8.2551,9.682,0.0006000000000000227
EWR-1,9/4/2025,11:40:00 am,0,2025-09-04 11:40:00,8.2535,9.688,0.0007999999999999119
EWR-1,9/4/2025,11:50:00 am,0,2025-09-04 11:50:00,8.2518,9.696,0.0009000000000000341
EWR-1,9/4/2025,12:00:00 pm,0,2025-09-04 12:00:00,8.2482,9.705,0.0009999999999999788
EWR-1,9/4/2025,12:10:00 pm,0,2025-09-04 12:10:00,8.2458,9.715,0.0009999999999999788
EWR-1,9/4/2025,12:20:00 pm,0,2025-09-04 12:20:00,8.2434,9.725,0.0009999999999999788
EWR-1,9/4/2025,12:30:00 pm,0,2025-09-04 12:30:00,8.2413,9.735,0.0009000000000000341
EWR-1,9/4/2025,12:40:00 pm,0,2025-09-04 12:40:00,8.2387,9.744,0.0009000000000000341
EWR-1,9/4/2025,12:50:00 pm,0,2025-09-04 12:50:00,8.2374,9.753,0.0009000000000000341
EWR-1,9/4/2025,01:00:00 pm,0,2025-09-04 13:00:00,8.2347,9.762,0.0011999999999998678
EWR-1,9/4/2025,01:10:00 pm,0,2025-09-04 13:10:00,8.2321,9.774,0.0013000000000001678
EWR-1,9/4/2025,01:20:00 pm,0,2025-09-04 13:20:00,8.2307,9.787,0.0016000000000000014
EWR-1,9/4/2025,01:30:00 pm,0,2025-09-04 13:30:00,8.229,9.803,0.0014999999999998793
EWR-1,9/4/2025,01:40:00 pm,0,2025-09-04 13:40:00,8.2266,9.818,0.0016000000000000014
EWR-1,9/4/2025,01:50:00 pm,0,2025-09-04 13:50:00,8.2246,9.834,0.0015000000000000568
EWR-1,9/4/2025,02:00:00 pm,0,2025-09-04 14:00:00,8.2222,9.849,0.0015000000000000568
EWR-1,9/4/2025,02:10:00 pm,0,2025-09-04 14:10:00,8.2194,9.864,0.0016000000000000014
EWR-1,9/4/2025,02:20:00 pm,0,2025-09-04 14:20:00,8.2167,9.88,0.0018999999999998352
EWR-1,9/4/2025,02:30:00 pm,0,2025-09-04 14:30:00,8.214,9.899,0.002000000000000135
EWR-1,9/4/2025,02:40:00 pm,0,2025-09-04 14:40:00,8.2122,9.919,0.0017999999999998907
EWR-1,9/4/2025,02:50:00 pm,0,2025-09-04 14:50:00,8.2097,9.937,0.0016000000000000014
EWR-1,9/4/2025,03:00:00 pm,0,2025-09-04 15:00:00,8.2081,9.953,0.0015000000000000568
EWR-1,9/4/2025,03:10:00 pm,0,2025-09-04 15:10:00,8.2059,9.968,0.0015000000000000568
EWR-1,9/4/2025,03:20:00 pm,0,2025-09-04 15:20:00,8.2053,9.983,0.0016000000000000014
EWR-1,9/4/2025,03:30:00 pm,0,2025-09-04 15:30:00,8.2037,9.999,0.0016000000000000014
EWR-1,9/4/2025,03:40:00 pm,0,2025-09-04 15:40:00,8.2013,10.015,0.0017999999999998907
EWR-1,9/4/2025,03:50:00 pm,0,2025-09-04 15:50:00,8.2001,10.033,0.0017000000000001237
EWR-1,9/4/2025,04:00:00 pm,0,2025-09-04 16:00:00,8.1984,10.05,0.0016000000000000014
EWR-1,9/4/2025,04:10:00 pm,0,2025-09-04 16:10:00,8.1976,10.066,0.0016000000000000014
EWR-1,9/4/2025,04:20:00 pm,0,2025-09-04 16:20:00,8.1969,10.082,0.0013999999999999347
EWR-1,9/4/2025,04:30:00 pm,0,2025-09-04 16:30:00,8.196,10.096,0.0015000000000000568
EWR-1,9/4/2025,04:40:00 pm,0,2025-09-04 16:40:00,8.1956,10.111,0.0011999999999998678
EWR-1,9/4/2025,04:50:00 pm,0,2025-09-04 16:50:00,8.1942,10.123,0.00129999999999999
EWR-1,9/4/2025,05:00:00 pm,0,2025-09-04 17:00:00,8.1937,10.136,0.0012000000000000454
EWR-1,9/4/2025,05:10:00 pm,0,2025-09-04 17:10:00,8.192,10.148,0.00129999999999999
EWR-1,9/4/2025,05:20:00 pm,0,2025-09-04 17:20:00,8.1914,10.161,0.0009999999999999788
EWR-1,9/4/2025,05:30:00 pm,0,2025-09-04 17:30:00,8.1903,10.171,0.001100000000000101
EWR-1,9/4/2025,05:40:00 pm,0,2025-09-04 17:40:00,8.1898,10.182,0.0010999999999999233
EWR-1,9/4/2025,05:50:00 pm,0,2025-09-04 17:50:00,8.1896,10.193,0.0009999999999999788
EWR-1,9/4/2025,06:00:00 pm,0,2025-09-04 18:00:00,8.189,10.203,0.0009000000000000341
EWR-1,9/4/2025,06:10:00 pm,0,2025-09-04 18:10:00,8.1886,10.212,0.0009000000000000341
EWR-1,9/4/2025,06:20:00 pm,0,2025-09-04 18:20:00,8.1886,10.221,0.0006999999999999674
EWR-1,9/4/2025,06:30:00 pm,0,2025-09-04 18:30:00,8.1891,10.228,0.0008000000000000895
EWR-1,9/4/2025,06:40:00 pm,0,2025-09-04 18:40:00,8.1889,10.236,0.0004999999999999005
EWR-1,9/4/2025,06:50:00 pm,0,2025-09-04 18:50:00,8.1897,10.241,0.00030000000000001136
EWR-1,9/4/2025,07:00:00 pm,0,2025-09-04 19:00:00,8.1905,10.244,0.00030000000000001136
EWR-1,9/4/2025,07:10:00 pm,0,2025-09-04 19:10:00,8.1918,10.247,9.999999999994457e-05
EWR-1,9/4/2025,07:20:00 pm,0,2025-09-04 19:20:00,8.1936,10.248,0.0
EWR-1,9/4/2025,07:30:00 pm,0,2025-09-04 19:30:00,8.1953,10.248,9.999999999994457e-05
EWR-1,9/4/2025,07:40:00 pm,0,2025-09-04 19:40:00,8.1969,10.247,9.999999999994457e-05
EWR-1,9/4/2025,07:50:00 pm,0,2025-09-04 19:50:00,8.1986,10.246,0.0002000000000000668
EWR-1,9/4/2025,08:00:00 pm,0,2025-09-04 20:00:00,8.2006,10.244,0.00019999999999988915
EWR-1,9/4/2025,08:10:00 pm,0,2025-09-04 20:10:00,8.2018,10.242,0.0004000000000001336
EWR-1,9/4/2025,08:20:00 pm,0,2025-09-04 20:20:00,8.2033,10.238,0.00030000000000001136
EWR-1,9/4/2025,08:30:00 pm,0,2025-09-04 20:30:00,8.2059,10.235,0.00039999999999995595
EWR-1,9/4/2025,08:40:00 pm,0,2025-09-04 20:40:00,8.2075,10.231,0.00039999999999995595
EWR-1,9/4/2025,08:50:00 pm,0,2025-09-04 20:50:00,8.2086,10.227,0.0005000000000000782
EWR-1,9/4/2025,09:00:00 pm,0,2025-09-04 21:00:00,8.2105,10.222,0.0004999999999999005
EWR-1,9/4/2025,09:10:00 pm,0,2025-09-04 21:10:00,8.2125,10.217,0.0006000000000000227
EWR-1,9/4/2025,09:20:00 pm,0,2025-09-04 21:20:00,8.2138,10.211,0.0006000000000000227
EWR-1,9/4/2025,09:30:00 pm,0,2025-09-04 21:30:00,8.2147,10.205,0.0006999999999999674
EWR-1,9/4/2025,09:40:00 pm,0,2025-09-04 21:40:00,8.2149,10.198,0.0008000000000000895
EWR-1,9/4/2025,09:50:00 pm,0,2025-09-04 21:50:00,8.215,10.19,0.0006999999999999674
EWR-1,9/4/2025,10:00:00 pm,0,2025-09-04 22:00:00,8.2146,10.183,0.0006999999999999674
EWR-1,9/4/2025,10:10:00 pm,0,2025-09-04 22:10:00,8.2156,10.176,0.0006999999999999674
EWR-1,9/4/2025,10:20:00 pm,0,2025-09-04 22:20:00,8.2159,10.169,0.0006999999999999674
EWR-1,9/4/2025,10:30:00 pm,0,2025-09-04 22:30:00,8.2164,10.162,0.000700000000000145
EWR-1,9/4/2025,10:40:00 pm,0,2025-09-04 22:40:00,8.2172,10.155,0.0006999999999999674
EWR-1,9/4/2025,10:50:00 pm,0,2025-09-04 22:50:00,8.2175,10.148,0.0007999999999999119
EWR-1,9/4/2025,11:00:00 pm,0,2025-09-04 23:00:00,8.2175,10.14,0.000700000000000145
EWR-1,9/4/2025,11:10:00 pm,0,2025-09-04 23:10:00,8.2172,10.133,0.0007999999999999119
EWR-1,9/4/2025,11:20:00 pm,0,2025-09-04 23:20:00,8.218,10.125,0.0006999999999999674
EWR-1,9/4/2025,11:30:00 pm,0,2025-09-04 23:30:00,8.2189,10.118,0.0008000000000000895
EWR-1,9/4/2025,11:40:00 pm,0,2025-09-04 23:40:00,8.2197,10.11,0.0006999999999999674
EWR-1,9/4/2025,11:50:00 pm,0,2025-09-04 23:50:00,8.2195,10.103,0.0006999999999999674
EWR-1,9/5/2025,12:00:00 am,0,2025-09-05 00:00:00,8.2194,10.096,0.0008000000000000895
EWR-1,9/5/2025,12:10:00 am,0,2025-09-05 00:10:00,8.2193,10.088,0.0007999999999999119
EWR-1,9/5/2025,12:20:00 am,0,2025-09-05 00:20:00,8.2195,10.08,0.0008000000000000895
EWR-1,9/5/2025,12:30:00 am,0,2025-09-05 00:30:00,8.2198,10.072,0.0007999999999999119
EWR-1,9/5/2025,12:40:00 am,0,2025-09-05 00:40:00,8.2195,10.064,0.0008000000000000895
EWR-1,9/5/2025,12:50:00 am,0,2025-09-05 00:50:00,8.2195,10.056,0.0008999999999998564
EWR-1,9/5/2025,01:00:00 am,0,2025-09-05 01:00:00,8.2196,10.047,0.0008000000000000895
EWR-1,9/5/2025,01:10:00 am,0,2025-09-05 01:10:00,8.2196,10.039,0.0009000000000000341
EWR-1,9/5/2025,01:20:00 am,0,2025-09-05 01:20:00,8.2196,10.03,0.0007999999999999119
EWR-1,9/5/2025,01:30:00 am,0,2025-09-05 01:30:00,8.2195,10.022,0.0009000000000000341
EWR-1,9/5/2025,01:40:00 am,0,2025-09-05 01:40:00,8.2194,10.013,0.0007999999999999119
EWR-1,9/5/2025,01:50:00 am,0,2025-09-05 01:50:00,8.2192,10.005,0.0010000000000001564
EWR-1,9/5/2025,02:00:00 am,0,2025-09-05 02:00:00,8.2191,9.995,0.0008999999999998564
EWR-1,9/5/2025,02:10:00 am,0,2025-09-05 02:10:00,8.2186,9.986,0.0009000000000000341
EWR-1,9/5/2025,02:20:00 am,0,2025-09-05 02:20:00,8.2182,9.977,0.0008000000000000895
EWR-1,9/5/2025,02:30:00 am,0,2025-09-05 02:30:00,8.2179,9.969,0.0008999999999998564
EWR-1,9/5/2025,02:40:00 am,0,2025-09-05 02:40:00,8.2177,9.96,0.0008000000000000895
EWR-1,9/5/2025,02:50:00 am,0,2025-09-05 02:50:00,8.218,9.952,0.0007999999999999119
EWR-1,9/5/2025,03:00:00 am,0,2025-09-05 03:00:00,8.2186,9.944,0.0009000000000000341
EWR-1,9/5/2025,03:10:00 am,0,2025-09-05 03:10:00,8.2184,9.935,0.0006999999999999674
EWR-1,9/5/2025,03:20:00 am,0,2025-09-05 03:20:00,8.2177,9.928,0.0008000000000000895
EWR-1,9/5/2025,03:30:00 am,0,2025-09-05 03:30:00,8.2173,9.92,0.0007999999999999119
EWR-1,9/5/2025,03:40:00 am,0,2025-09-05 03:40:00,8.2173,9.912,0.0008000000000000895
EWR-1,9/5/2025,03:50:00 am,0,2025-09-05 03:50:00,8.2172,9.904,0.0009000000000000341
EWR-1,9/5/2025,04:00:00 am,0,2025-09-05 04:00:00,8.2168,9.895,0.0009000000000000341
EWR-1,9/5/2025,04:10:00 am,0,2025-09-05 04:10:00,8.2171,9.886,0.0009999999999999788
EWR-1,9/5/2025,04:20:00 am,0,2025-09-05 04:20:00,8.2169,9.876,0.0009999999999999788
EWR-1,9/5/2025,04:30:00 am,0,2025-09-05 04:30:00,8.2167,9.866,0.0009000000000000341
EWR-1,9/5/2025,04:40:00 am,0,2025-09-05 04:40:00,8.2162,9.857,0.0009999999999999788
EWR-1,9/5/2025,04:50:00 am,0,2025-09-05 04:50:00,8.2161,9.847,0.0009999999999999788
EWR-1,9/5/2025,05:00:00 am,0,2025-09-05 05:00:00,8.2163,9.837,0.0009999999999999788
EWR-1,9/5/2025,05:10:00 am,0,2025-09-05 05:10:00,8.2162,9.827,0.0010999999999999233
EWR-1,9/5/2025,05:20:00 am,0,2025-09-05 05:20:00,8.217,9.816,0.0010000000000001564
EWR-1,9/5/2025,05:30:00 am,0,2025-09-05 05:30:00,8.2173,9.806,0.0010999999999999233
EWR-1,9/5/2025,05:40:00 am,0,2025-09-05 05:40:00,8.2179,9.795,0.0009999999999999788
EWR-1,9/5/2025,05:50:00 am,0,2025-09-05 05:50:00,8.218,9.785,0.0009999999999999788
EWR-1,9/5/2025,06:00:00 am,0,2025-09-05 06:00:00,8.2184,9.775,0.0009999999999999788
EWR-1,9/5/2025,06:10:00 am,0,2025-09-05 06:10:00,8.2185,9.765,0.001100000000000101
EWR-1,9/5/2025,06:20:00 am,0,2025-09-05 06:20:00,8.2186,9.754,0.0010999999999999233
EWR-1,9/5/2025,06:30:00 am,0,2025-09-05 06:30:00,8.2196,9.743,0.0009999999999999788
EWR-1,9/5/2025,06:40:00 am,0,2025-09-05 06:40:00,8.2202,9.733,0.0012000000000000454
EWR-1,9/5/2025,06:50:00 am,0,2025-09-05 06:50:00,8.2209,9.721,0.0010999999999999233
EWR-1,9/5/2025,07:00:00 am,0,2025-09-05 07:00:00,8.2214,9.71,0.0012000000000000454
EWR-1,9/5/2025,07:10:00 am,0,2025-09-05 07:10:00,8.2217,9.698,0.0009999999999999788
EWR-1,9/5/2025,07:20:00 am,0,2025-09-05 07:20:00,8.2224,9.688,0.0009999999999999788
EWR-1,9/5/2025,07:30:00 am,0,2025-09-05 07:30:00,8.2235,9.678,0.0010000000000001564
EWR-1,9/5/2025,07:40:00 am,0,2025-09-05 07:40:00,8.2239,9.668,0.0008999999999998564
EWR-1,9/5/2025,07:50:00 am,0,2025-09-05 07:50:00,8.2235,9.659,0.0009000000000000341
EWR-1,9/5/2025,08:00:00 am,0,2025-09-05 08:00:00,8.2238,9.65,0.0009999999999999788
EWR-1,9/5/2025,08:10:00 am,0,2025-09-05 08:10:00,8.224,9.64,0.0009000000000000341
EWR-1,9/5/2025,08:20:00 am,0,2025-09-05 08:20:00,8.2233,9.631,0.0006999999999999674
EWR-1,9/5/2025,08:30:00 am,0,2025-09-05 08:30:00,8.2225,9.624,0.0006999999999999674
EWR-1,9/5/2025,08:40:00 am,0,2025-09-05 08:40:00,8.2223,9.617,0.0006000000000000227
EWR-1,9/5/2025,08:50:00 am,0,2025-09-05 08:50:00,8.222,9.611,0.0004000000000001336
EWR-1,9/5/2025,09:00:00 am,0,2025-09-05 09:00:00,8.2221,9.607,0.00039999999999995595
EWR-1,9/5/2025,09:10:00 am,0,2025-09-05 09:10:00,8.222,9.603,0.00039999999999995595
EWR-1,9/5/2025,09:20:00 am,0,2025-09-05 09:20:00,8.2216,9.599,0.00039999999999995595
EWR-1,9/5/2025,09:30:00 am,0,2025-09-05 09:30:00,8.2223,9.595,0.00030000000000001136
EWR-1,9/5/2025,09:40:00 am,0,2025-09-05 09:40:00,8.2222,9.592,0.0002000000000000668
EWR-1,9/5/2025,09:50:00 am,0,2025-09-05 09:50:00,8.223,9.59,0.0002000000000000668
EWR-1,9/5/2025,10:00:00 am,0,2025-09-05 10:00:00,8.2225,9.588,9.999999999994457e-05
EWR-1,9/5/2025,10:10:00 am,0,2025-09-05 10:10:00,8.2231,9.587,9.999999999994457e-05
EWR-1,9/5/2025,10:20:00 am,0,2025-09-05 10:20:00,8.2231,9.586,0.0002000000000000668
EWR-1,9/5/2025,10:30:00 am,0,2025-09-05 10:30:00,8.2233,9.584,0.0
EWR-1,9/5/2025,10:40:00 am,0,2025-09-05 10:40:00,8.2239,9.584,0.0
EWR-1,9/5/2025,10:50:00 am,0,2025-09-05 10:50:00,8.223,9.584,0.00010000000000012221
EWR-1,9/5/2025,11:00:00 am,0,2025-09-05 11:00:00,8.2216,9.585,0.00019999999999988915
EWR-1,9/5/2025,11:10:00 am,0,2025-09-05 11:10:00,8.2196,9.587,0.00039999999999995595
EWR-1,9/5/2025,11:20:00 am,0,2025-09-05 11:20:00,8.218,9.591,0.0004000000000001336
EWR-1,9/5/2025,11:30:00 am,0,2025-09-05 11:30:00,8.2149,9.595,0.0006000000000000227
EWR-1,9/5/2025,11:40:00 am,0,2025-09-05 11:40:00,8.2123,9.601,0.0004999999999999005
EWR-1,9/5/2025,11:50:00 am,0,2025-09-05 11:50:00,8.2093,9.606,0.0008000000000000895
EWR-1,9/5/2025,12:00:00 pm,0,2025-09-05 12:00:00,8.2069,9.614,0.0009999999999999788
EWR-1,9/5/2025,12:10:00 pm,0,2025-09-05 12:10:00,8.2039,9.624,0.0010999999999999233
EWR-1,9/5/2025,12:20:00 pm,0,2025-09-05 12:20:00,8.2008,9.635,0.0012000000000000454
EWR-1,9/5/2025,12:30:00 pm,0,2025-09-05 12:30:00,8.1982,9.647,0.00129999999999999
EWR-1,9/5/2025,12:40:00 pm,0,2025-09-05 12:40:00,8.1952,9.66,0.0013999999999999347
EWR-1,9/5/2025,12:50:00 pm,0,2025-09-05 12:50:00,8.1928,9.674,0.0017000000000001237
EWR-1,9/5/2025,01:00:00 pm,0,2025-09-05 13:00:00,8.19,9.691,0.0017999999999998907
EWR-1,9/5/2025,01:10:00 pm,0,2025-09-05 13:10:00,8.1871,9.709,0.0019000000000000128
EWR-1,9/5/2025,01:20:00 pm,0,2025-09-05 13:20:00,8.1861,9.728,0.0019000000000000128
EWR-1,9/5/2025,01:30:00 pm,0,2025-09-05 13:30:00,8.1845,9.747,0.0016000000000000014
EWR-1,9/5/2025,01:40:00 pm,0,2025-09-05 13:40:00,8.1832,9.763,0.0016000000000000014
EWR-1,9/5/2025,01:50:00 pm,0,2025-09-05 13:50:00,8.1818,9.779,0.0013999999999999347
EWR-1,9/5/2025,02:00:00 pm,0,2025-09-05 14:00:00,8.1808,9.793,0.00129999999999999
EWR-1,9/5/2025,02:10:00 pm,0,2025-09-05 14:10:00,8.1794,9.806,0.0015000000000000568
EWR-1,9/5/2025,02:20:00 pm,0,2025-09-05 14:20:00,8.1783,9.821,0.001699999999999946
EWR-1,9/5/2025,02:30:00 pm,0,2025-09-05 14:30:00,8.1768,9.838,0.002000000000000135
EWR-1,9/5/2025,02:40:00 pm,0,2025-09-05 14:40:00,8.1757,9.858,0.0017999999999998907
EWR-1,9/5/2025,02:50:00 pm,0,2025-09-05 14:50:00,8.175,9.876,0.0016000000000000014
EWR-1,9/5/2025,03:00:00 pm,0,2025-09-05 15:00:00,8.174,9.892,0.0014000000000001123
EWR-1,9/5/2025,03:10:00 pm,0,2025-09-05 15:10:00,8.173,9.906,0.0013999999999999347
EWR-1,9/5/2025,03:20:00 pm,0,2025-09-05 15:20:00,8.1723,9.92,0.0013999999999999347
EWR-1,9/5/2025,03:30:00 pm,0,2025-09-05 15:30:00,8.1715,9.934,0.0016000000000000014
EWR-1,9/5/2025,03:40:00 pm,0,2025-09-05 15:40:00,8.1706,9.95,0.0015000000000000568
EWR-1,9/5/2025,03:50:00 pm,0,2025-09-05 15:50:00,8.1699,9.965,0.001699999999999946
EWR-1,9/5/2025,04:00:00 pm,0,2025-09-05 16:00:00,8.1696,9.982,0.0015000000000000568
EWR-1,9/5/2025,04:10:00 pm,0,2025-09-05 16:10:00,8.1693,9.997,0.0013999999999999347
EWR-1,9/5/2025,04:20:00 pm,0,2025-09-05 16:20:00,8.1692,10.011,0.00129999999999999
EWR-1,9/5/2025,04:30:00 pm,0,2025-09-05 16:30:00,8.1687,10.024,0.0012000000000000454
EWR-1,9/5/2025,04:40:00 pm,0,2025-09-05 16:40:00,8.1682,10.036,0.0012000000000000454
EWR-1,9/5/2025,04:50:00 pm,0,2025-09-05 16:50:00,8.168,10.048,0.0010999999999999233
EWR-1,9/5/2025,05:00:00 pm,0,2025-09-05 17:00:00,8.167,10.059,0.0010000000000001564
EWR-1,9/5/2025,05:10:00 pm,0,2025-09-05 17:10:00,8.1662,10.069,0.0009999999999999788
EWR-1,9/5/2025,05:20:00 pm,0,2025-09-05 17:20:00,8.1659,10.079,0.0009999999999999788
EWR-1,9/5/2025,05:30:00 pm,0,2025-09-05 17:30:00,8.1648,10.089,0.0009000000000000341
EWR-1,9/5/2025,05:40:00 pm,0,2025-09-05 17:40:00,8.1645,10.098,0.0008999999999998564
EWR-1,9/5/2025,05:50:00 pm,0,2025-09-05 17:50:00,8.164,10.107,0.0008000000000000895
EWR-1,9/5/2025,06:00:00 pm,0,2025-09-05 18:00:00,8.1638,10.115,0.0009000000000000341
EWR-1,9/5/2025,06:10:00 pm,0,2025-09-05 18:10:00,8.1634,10.124,0.0006999999999999674
EWR-1,9/5/2025,06:20:00 pm,0,2025-09-05 18:20:00,8.1631,10.131,0.0006999999999999674
EWR-1,9/5/2025,06:30:00 pm,0,2025-09-05 18:30:00,8.1632,10.138,0.0006000000000000227
EWR-1,9/5/2025,06:40:00 pm,0,2025-09-05 18:40:00,8.1634,10.144,0.0004999999999999005
EWR-1,9/5/2025,06:50:00 pm,0,2025-09-05 18:50:00,8.1642,10.149,0.00030000000000001136
EWR-1,9/5/2025,07:00:00 pm,0,2025-09-05 19:00:00,8.1652,10.152,0.0002000000000000668
EWR-1,9/5/2025,07:10:00 pm,0,2025-09-05 19:10:00,8.1664,10.154,9.999999999994457e-05
EWR-1,9/5/2025,07:20:00 pm,0,2025-09-05 19:20:00,8.1681,10.155,0.0
EWR-1,9/5/2025,07:30:00 pm,0,2025-09-05 19:30:00,8.1693,10.155,0.00019999999999988915
EWR-1,9/5/2025,07:40:00 pm,0,2025-09-05 19:40:00,8.1718,10.153,0.00030000000000001136
EWR-1,9/5/2025,07:50:00 pm,0,2025-09-05 19:50:00,8.1744,10.15,0.00039999999999995595
EWR-1,9/5/2025,08:00:00 pm,0,2025-09-05 20:00:00,8.1768,10.146,0.0006000000000000227
EWR-1,9/5/2025,08:10:00 pm,0,2025-09-05 20:10:00,8.1796,10.14,0.0006000000000000227
EWR-1,9/5/2025,08:20:00 pm,0,2025-09-05 20:20:00,8.1819,10.134,0.0006000000000000227
EWR-1,9/5/2025,08:30:00 pm,0,2025-09-05 20:30:00,8.1856,10.128,0.0006999999999999674
EWR-1,9/5/2025,08:40:00 pm,0,2025-09-05 20:40:00,8.1887,10.121,0.0006999999999999674
EWR-1,9/5/2025,08:50:00 pm,0,2025-09-05 20:50:00,8.1901,10.114,0.0008000000000000895
EWR-1,9/5/2025,09:00:00 pm,0,2025-09-05 21:00:00,8.1924,10.106,0.0007999999999999119
EWR-1,9/5/2025,09:10:00 pm,0,2025-09-05 21:10:00,8.1945,10.098,0.0008000000000000895
EWR-1,9/5/2025,09:20:00 pm,0,2025-09-05 21:20:00,8.1963,10.09,0.0006999999999999674
EWR-1,9/5/2025,09:30:00 pm,0,2025-09-05 21:30:00,8.1974,10.083,0.0009000000000000341
EWR-1,9/5/2025,09:40:00 pm,0,2025-09-05 21:40:00,8.1983,10.074,0.0006999999999999674
EWR-1,9/5/2025,09:50:00 pm,0,2025-09-05 21:50:00,8.1997,10.067,0.0008000000000000895
EWR-1,9/5/2025,10:00:00 pm,0,2025-09-05 22:00:00,8.2011,10.059,0.0007999999999999119
EWR-1,9/5/2025,10:10:00 pm,0,2025-09-05 22:10:00,8.2015,10.051,0.0006999999999999674
EWR-1,9/5/2025,10:20:00 pm,0,2025-09-05 22:20:00,8.2025,10.044,0.0008000000000000895
EWR-1,9/5/2025,10:30:00 pm,0,2025-09-05 22:30:00,8.2028,10.036,0.0007999999999999119
EWR-1,9/5/2025,10:40:00 pm,0,2025-09-05 22:40:00,8.2039,10.028,0.0008000000000000895
EWR-1,9/5/2025,10:50:00 pm,0,2025-09-05 22:50:00,8.2048,10.02,0.0009000000000000341
EWR-1,9/5/2025,11:00:00 pm,0,2025-09-05 23:00:00,8.2053,10.011,0.0007999999999999119
EWR-1,9/5/2025,11:10:00 pm,0,2025-09-05 23:10:00,8.2058,10.003,0.0008000000000000895
EWR-1,9/5/2025,11:20:00 pm,0,2025-09-05 23:20:00,8.2064,9.995,0.0008999999999998564
EWR-1,9/5/2025,11:30:00 pm,0,2025-09-05 23:30:00,8.2072,9.986,0.0009000000000000341
EWR-1,9/5/2025,11:40:00 pm,0,2025-09-05 23:40:00,8.2074,9.977,0.0008000000000000895
EWR-1,9/5/2025,11:50:00 pm,0,2025-09-05 23:50:00,8.2079,9.969,0.0007999999999999119
EWR-1,9/6/2025,12:00:00 am,0,2025-09-06 00:00:00,8.209,9.961,0.0008000000000000895
EWR-1,9/6/2025,12:10:00 am,0,2025-09-06 00:10:00,8.2093,9.953,0.0007999999999999119
EWR-1,9/6/2025,12:20:00 am,0,2025-09-06 00:20:00,8.2094,9.945,0.0008000000000000895
EWR-1,9/6/2025,12:30:00 am,0,2025-09-06 00:30:00,8.2101,9.937,0.0008999999999998564
EWR-1,9/6/2025,12:40:00 am,0,2025-09-06 00:40:00,8.2109,9.928,0.000700000000000145
EWR-1,9/6/2025,12:50:00 am,0,2025-09-06 00:50:00,8.2117,9.921,0.0007999999999999119
EWR-1,9/6/2025,01:00:00 am,0,2025-09-06 01:00:00,8.212,9.913,0.0006999999999999674
EWR-1,9/6/2025,01:10:00 am,0,2025-09-06 01:10:00,8.2124,9.906,0.0008000000000000895
EWR-1,9/6/2025,01:20:00 am,0,2025-09-06 01:20:00,8.2128,9.898,0.0007999999999999119
EWR-1,9/6/2025,01:30:00 am,0,2025-09-06 01:30:00,8.2129,9.89,0.000700000000000145
EWR-1,9/6/2025,01:40:00 am,0,2025-09-06 01:40:00,8.213,9.883,0.0007999999999999119
EWR-1,9/6/2025,01:50:00 am,0,2025-09-06 01:50:00,8.213,9.875,0.0007999999999999119
EWR-1,9/6/2025,02:00:00 am,0,2025-09-06 02:00:00,8.213,9.867,0.0009000000000000341
EWR-1,9/6/2025,02:10:00 am,0,2025-09-06 02:10:00,8.213,9.858,0.0008000000000000895
EWR-1,9/6/2025,02:20:00 am,0,2025-09-06 02:20:00,8.213,9.85,0.0007999999999999119
EWR-1,9/6/2025,02:30:00 am,0,2025-09-06 02:30:00,8.213,9.842,0.0009000000000000341
EWR-1,9/6/2025,02:40:00 am,0,2025-09-06 02:40:00,8.2128,9.833,0.0009000000000000341
EWR-1,9/6/2025,02:50:00 am,0,2025-09-06 02:50:00,8.2121,9.824,0.0009999999999999788
EWR-1,9/6/2025,03:00:00 am,0,2025-09-06 03:00:00,8.212,9.814,0.0010999999999999233
EWR-1,9/6/2025,03:10:00 am,0,2025-09-06 03:10:00,8.2129,9.803,0.0010000000000001564
EWR-1,9/6/2025,03:20:00 am,0,2025-09-06 03:20:00,8.2132,9.793,0.0010999999999999233
EWR-1,9/6/2025,03:30:00 am,0,2025-09-06 03:30:00,8.2132,9.782,0.0009999999999999788
EWR-1,9/6/2025,03:40:00 am,0,2025-09-06 03:40:00,8.2133,9.772,0.001100000000000101
EWR-1,9/6/2025,03:50:00 am,0,2025-09-06 03:50:00,8.2125,9.761,0.0010999999999999233
EWR-1,9/6/2025,04:00:00 am,0,2025-09-06 04:00:00,8.2129,9.75,0.0012000000000000454
EWR-1,9/6/2025,04:10:00 am,0,2025-09-06 04:10:00,8.2128,9.738,0.0011999999999998678
EWR-1,9/6/2025,04:20:00 am,0,2025-09-06 04:20:00,8.2133,9.726,0.0012000000000000454
EWR-1,9/6/2025,04:30:00 am,0,2025-09-06 04:30:00,8.2134,9.714,0.001100000000000101
EWR-1,9/6/2025,04:40:00 am,0,2025-09-06 04:40:00,8.2134,9.703,0.0010999999999999233
EWR-1,9/6/2025,04:50:00 am,0,2025-09-06 04:50:00,8.2131,9.692,0.001100000000000101
EWR-1,9/6/2025,05:00:00 am,0,2025-09-06 05:00:00,8.2138,9.681,0.0010999999999999233
EWR-1,9/6/2025,05:10:00 am,0,2025-09-06 05:10:00,8.2144,9.67,0.0009999999999999788
EWR-1,9/6/2025,05:20:00 am,0,2025-09-06 05:20:00,8.215,9.66,0.001100000000000101
EWR-1,9/6/2025,05:30:00 am,0,2025-09-06 05:30:00,8.2153,9.649,0.0011999999999998678
EWR-1,9/6/2025,05:40:00 am,0,2025-09-06 05:40:00,8.2158,9.637,0.0012000000000000454
EWR-1,9/6/2025,05:50:00 am,0,2025-09-06 05:50:00,8.2153,9.625,0.0010999999999999233
EWR-1,9/6/2025,06:00:00 am,0,2025-09-06 06:00:00,8.2162,9.614,0.001100000000000101
EWR-1,9/6/2025,06:10:00 am,0,2025-09-06 06:10:00,8.2171,9.603,0.0012000000000000454
EWR-1,9/6/2025,06:20:00 am,0,2025-09-06 06:20:00,8.2178,9.591,0.0011999999999998678
EWR-1,9/6/2025,06:30:00 am,0,2025-09-06 06:30:00,8.2188,9.579,0.0014000000000001123
EWR-1,9/6/2025,06:40:00 am,0,2025-09-06 06:40:00,8.22,9.565,0.0011999999999998678
EWR-1,9/6/2025,06:50:00 am,0,2025-09-06 06:50:00,8.2208,9.553,0.001100000000000101
EWR-1,9/6/2025,07:00:00 am,0,2025-09-06 07:00:00,8.2221,9.542,0.0010999999999999233
EWR-1,9/6/2025,07:10:00 am,0,2025-09-06 07:10:00,8.222,9.531,0.001100000000000101
EWR-1,9/6/2025,07:20:00 am,0,2025-09-06 07:20:00,8.2229,9.52,0.0010999999999999233
EWR-1,9/6/2025,07:30:00 am,0,2025-09-06 07:30:00,8.2231,9.509,0.0009999999999999788
EWR-1,9/6/2025,07:40:00 am,0,2025-09-06 07:40:00,8.2234,9.499,0.0009000000000000341
EWR-1,9/6/2025,07:50:00 am,0,2025-09-06 07:50:00,8.2241,9.49,0.0009000000000000341
EWR-1,9/6/2025,08:00:00 am,0,2025-09-06 08:00:00,8.2244,9.481,0.0007999999999999119
EWR-1,9/6/2025,08:10:00 am,0,2025-09-06 08:10:00,8.2247,9.473,0.0008000000000000895
EWR-1,9/6/2025,08:20:00 am,0,2025-09-06 08:20:00,8.225,9.465,0.0009000000000000341
EWR-1,9/6/2025,08:30:00 am,0,2025-09-06 08:30:00,8.2252,9.456,0.0007999999999999119
EWR-1,9/6/2025,08:40:00 am,0,2025-09-06 08:40:00,8.2255,9.448,0.0005000000000000782
EWR-1,9/6/2025,08:50:00 am,0,2025-09-06 08:50:00,8.2253,9.443,0.00039999999999995595
EWR-1,9/6/2025,09:00:00 am,0,2025-09-06 09:00:00,8.2259,9.439,0.00039999999999995595
EWR-1,9/6/2025,09:10:00 am,0,2025-09-06 09:10:00,8.2267,9.435,0.0002000000000000668
EWR-1,9/6/2025,09:20:00 am,0,2025-09-06 09:20:00,8.2276,9.433,0.0002000000000000668
EWR-1,9/6/2025,09:30:00 am,0,2025-09-06 09:30:00,8.2285,9.431,9.999999999994457e-05
EWR-1,9/6/2025,09:40:00 am,0,2025-09-06 09:40:00,8.2295,9.43,0.00019999999999988915
EWR-1,9/6/2025,09:50:00 am,0,2025-09-06 09:50:00,8.2303,9.428,0.0
EWR-1,9/6/2025,10:00:00 am,0,2025-09-06 10:00:00,8.2312,9.428,0.0
EWR-1,9/6/2025,10:10:00 am,0,2025-09-06 10:10:00,8.2309,9.428,0.0
EWR-1,9/6/2025,10:20:00 am,0,2025-09-06 10:20:00,8.2317,9.428,9.999999999994457e-05
EWR-1,9/6/2025,10:30:00 am,0,2025-09-06 10:30:00,8.2321,9.429,9.999999999994457e-05
EWR-1,9/6/2025,10:40:00 am,0,2025-09-06 10:40:00,8.2321,9.43,9.999999999994457e-05
EWR-1,9/6/2025,10:50:00 am,0,2025-09-06 10:50:00,8.2317,9.431,0.0002000000000000668
EWR-1,9/6/2025,11:00:00 am,0,2025-09-06 11:00:00,8.2305,9.433,0.00039999999999995595
EWR-1,9/6/2025,11:10:00 am,0,2025-09-06 11:10:00,8.2296,9.437,0.0004000000000001336
EWR-1,9/6/2025,11:20:00 am,0,2025-09-06 11:20:00,8.2279,9.441,0.0004999999999999005
EWR-1,9/6/2025,11:30:00 am,0,2025-09-06 11:30:00,8.227,9.446,0.0006000000000000227
EWR-1,9/6/2025,11:40:00 am,0,2025-09-06 11:40:00,8.2246,9.452,0.0006999999999999674
EWR-1,9/6/2025,11:50:00 am,0,2025-09-06 11:50:00,8.2222,9.459,0.0008000000000000895
EWR-1,9/6/2025,12:00:00 pm,0,2025-09-06 12:00:00,8.2205,9.467,0.0010999999999999233
EWR-1,9/6/2025,12:10:00 pm,0,2025-09-06 12:10:00,8.2193,9.478,0.001100000000000101
EWR-1,9/6/2025,12:20:00 pm,0,2025-09-06 12:20:00,8.2177,9.489,0.0011999999999998678
EWR-1,9/6/2025,12:30:00 pm,0,2025-09-06 12:30:00,8.2162,9.501,0.0014000000000001123
EWR-1,9/6/2025,12:40:00 pm,0,2025-09-06 12:40:00,8.2144,9.515,0.0013999999999999347
EWR-1,9/6/2025,12:50:00 pm,0,2025-09-06 12:50:00,8.2127,9.529,0.001699999999999946
EWR-1,9/6/2025,01:00:00 pm,0,2025-09-06 13:00:00,8.2112,9.546,0.0018000000000000683
EWR-1,9/6/2025,01:10:00 pm,0,2025-09-06 13:10:00,8.2105,9.564,0.0019999999999999575
EWR-1,9/6/2025,01:20:00 pm,0,2025-09-06 13:20:00,8.2093,9.584,0.0019000000000000128
EWR-1,9/6/2025,01:30:00 pm,0,2025-09-06 13:30:00,8.2088,9.603,0.0018000000000000683
EWR-1,9/6/2025,01:40:00 pm,0,2025-09-06 13:40:00,8.2075,9.621,0.0016000000000000014
EWR-1,9/6/2025,01:50:00 pm,0,2025-09-06 13:50:00,8.2069,9.637,0.0016000000000000014
EWR-1,9/6/2025,02:00:00 pm,0,2025-09-06 14:00:00,8.2063,9.653,0.0013999999999999347
EWR-1,9/6/2025,02:10:00 pm,0,2025-09-06 14:10:00,8.2052,9.667,0.00129999999999999
EWR-1,9/6/2025,02:20:00 pm,0,2025-09-06 14:20:00,8.2045,9.68,0.0014000000000001123
EWR-1,9/6/2025,02:30:00 pm,0,2025-09-06 14:30:00,8.2033,9.694,0.001699999999999946
EWR-1,9/6/2025,02:40:00 pm,0,2025-09-06 14:40:00,8.2025,9.711,0.0016000000000000014
EWR-1,9/6/2025,02:50:00 pm,0,2025-09-06 14:50:00,8.2014,9.727,0.0016000000000000014
EWR-1,9/6/2025,03:00:00 pm,0,2025-09-06 15:00:00,8.2006,9.743,0.0013999999999999347
EWR-1,9/6/2025,03:10:00 pm,0,2025-09-06 15:10:00,8.2005,9.757,0.00129999999999999
EWR-1,9/6/2025,03:20:00 pm,0,2025-09-06 15:20:00,8.2003,9.77,0.00129999999999999
EWR-1,9/6/2025,03:30:00 pm,0,2025-09-06 15:30:00,8.1999,9.783,0.0015000000000000568
EWR-1,9/6/2025,03:40:00 pm,0,2025-09-06 15:40:00,8.1992,9.798,0.0013999999999999347
EWR-1,9/6/2025,03:50:00 pm,0,2025-09-06 15:50:00,8.1986,9.812,0.0015000000000000568
EWR-1,9/6/2025,04:00:00 pm,0,2025-09-06 16:00:00,8.198,9.827,0.0013999999999999347
EWR-1,9/6/2025,04:10:00 pm,0,2025-09-06 16:10:00,8.1972,9.841,0.00129999999999999
EWR-1,9/6/2025,04:20:00 pm,0,2025-09-06 16:20:00,8.1967,9.854,0.0012000000000000454
EWR-1,9/6/2025,04:30:00 pm,0,2025-09-06 16:30:00,8.1961,9.866,0.001100000000000101
EWR-1,9/6/2025,04:40:00 pm,0,2025-09-06 16:40:00,8.1957,9.877,0.0010999999999999233
EWR-1,9/6/2025,04:50:00 pm,0,2025-09-06 16:50:00,8.1953,9.888,0.0009999999999999788
EWR-1,9/6/2025,05:00:00 pm,0,2025-09-06 17:00:00,8.1953,9.898,0.0009999999999999788
EWR-1,9/6/2025,05:10:00 pm,0,2025-09-06 17:10:00,8.195,9.908,0.0009000000000000341
EWR-1,9/6/2025,05:20:00 pm,0,2025-09-06 17:20:00,8.1948,9.917,0.0009000000000000341
EWR-1,9/6/2025,05:30:00 pm,0,2025-09-06 17:30:00,8.1944,9.926,0.0007999999999999119
EWR-1,9/6/2025,05:40:00 pm,0,2025-09-06 17:40:00,8.1947,9.934,0.0008000000000000895
EWR-1,9/6/2025,05:50:00 pm,0,2025-09-06 17:50:00,8.1948,9.942,0.0007999999999999119
EWR-1,9/6/2025,06:00:00 pm,0,2025-09-06 18:00:00,8.1951,9.95,0.0006000000000000227
EWR-1,9/6/2025,06:10:00 pm,0,2025-09-06 18:10:00,8.1948,9.956,0.0006999999999999674
EWR-1,9/6/2025,06:20:00 pm,0,2025-09-06 18:20:00,8.1951,9.963,0.0006000000000000227
EWR-1,9/6/2025,06:30:00 pm,0,2025-09-06 18:30:00,8.1954,9.969,0.0005000000000000782
EWR-1,9/6/2025,06:40:00 pm,0,2025-09-06 18:40:00,8.196,9.974,0.0004999999999999005
EWR-1,9/6/2025,06:50:00 pm,0,2025-09-06 18:50:00,8.197,9.979,0.00030000000000001136
EWR-1,9/6/2025,07:00:00 pm,0,2025-09-06 19:00:00,8.1979,9.982,0.0002000000000000668
EWR-1,9/6/2025,07:10:00 pm,0,2025-09-06 19:10:00,8.199,9.984,0.0
EWR-1,9/6/2025,07:20:00 pm,0,2025-09-06 19:20:00,8.2007,9.984,0.0
EWR-1,9/6/2025,07:30:00 pm,0,2025-09-06 19:30:00,8.2026,9.984,9.999999999994457e-05
EWR-1,9/6/2025,07:40:00 pm,0,2025-09-06 19:40:00,8.205,9.983,0.0002000000000000668
EWR-1,9/6/2025,07:50:00 pm,0,2025-09-06 19:50:00,8.2075,9.981,0.00030000000000001136
EWR-1,9/6/2025,08:00:00 pm,0,2025-09-06 20:00:00,8.21,9.978,0.00039999999999995595
EWR-1,9/6/2025,08:10:00 pm,0,2025-09-06 20:10:00,8.2128,9.974,0.0005000000000000782
EWR-1,9/6/2025,08:20:00 pm,0,2025-09-06 20:20:00,8.2149,9.969,0.0004999999999999005
EWR-1,9/6/2025,08:30:00 pm,0,2025-09-06 20:30:00,8.2163,9.964,0.0006000000000000227
EWR-1,9/6/2025,08:40:00 pm,0,2025-09-06 20:40:00,8.2186,9.958,0.0006000000000000227
EWR-1,9/6/2025,08:50:00 pm,0,2025-09-06 20:50:00,8.2208,9.952,0.0006999999999999674
EWR-1,9/6/2025,09:00:00 pm,0,2025-09-06 21:00:00,8.2221,9.945,0.0006000000000000227
EWR-1,9/6/2025,09:10:00 pm,0,2025-09-06 21:10:00,8.2238,9.939,0.0006999999999999674
EWR-1,9/6/2025,09:20:00 pm,0,2025-09-06 21:20:00,8.2248,9.932,0.0006999999999999674
EWR-1,9/6/2025,09:30:00 pm,0,2025-09-06 21:30:00,8.225,9.925,0.000700000000000145
EWR-1,9/6/2025,09:40:00 pm,0,2025-09-06 21:40:00,8.2258,9.918,0.0006999999999999674
EWR-1,9/6/2025,09:50:00 pm,0,2025-09-06 21:50:00,8.2266,9.911,0.0006999999999999674
EWR-1,9/6/2025,10:00:00 pm,0,2025-09-06 22:00:00,8.2274,9.904,0.0006000000000000227
EWR-1,9/6/2025,10:10:00 pm,0,2025-09-06 22:10:00,8.2281,9.898,0.0006000000000000227
EWR-1,9/6/2025,10:20:00 pm,0,2025-09-06 22:20:00,8.2293,9.892,0.0006000000000000227
EWR-1,9/6/2025,10:30:00 pm,0,2025-09-06 22:30:00,8.2297,9.886,0.0005999999999998451
EWR-1,9/6/2025,10:40:00 pm,0,2025-09-06 22:40:00,8.2306,9.88,0.0005000000000000782
EWR-1,9/6/2025,10:50:00 pm,0,2025-09-06 22:50:00,8.2306,9.875,0.0005000000000000782
EWR-1,9/6/2025,11:00:00 pm,0,2025-09-06 23:00:00,8.2313,9.87,0.0002999999999998337
EWR-1,9/6/2025,11:10:00 pm,0,2025-09-06 23:10:00,8.2316,9.867,0.0004000000000001336
EWR-1,9/6/2025,11:20:00 pm,0,2025-09-06 23:20:00,8.232,9.863,0.00039999999999995595
EWR-1,9/6/2025,11:30:00 pm,0,2025-09-06 23:30:00,8.2333,9.859,0.00039999999999995595
EWR-1,9/6/2025,11:40:00 pm,0,2025-09-06 23:40:00,8.2341,9.855,0.00039999999999995595
EWR-1,9/6/2025,11:50:00 pm,0,2025-09-06 23:50:00,8.2357,9.851,0.0006000000000000227
EWR-1,9/7/2025,12:00:00 am,0,2025-09-07 00:00:00,8.236,9.845,0.000700000000000145
EWR-1,9/7/2025,12:10:00 am,0,2025-09-07 00:10:00,8.2366,9.838,0.0007999999999999119
EWR-1,9/7/2025,12:20:00 am,0,2025-09-07 00:20:00,8.2374,9.83,0.0008000000000000895
EWR-1,9/7/2025,12:30:00 am,0,2025-09-07 00:30:00,8.2384,9.822,0.0009999999999999788
EWR-1,9/7/2025,12:40:00 am,0,2025-09-07 00:40:00,8.2392,9.812,0.0008999999999998564
EWR-1,9/7/2025,12:50:00 am,0,2025-09-07 00:50:00,8.24,9.803,0.0009000000000000341
EWR-1,9/7/2025,01:00:00 am,0,2025-09-07 01:00:00,8.2413,9.794,0.0009999999999999788
EWR-1,9/7/2025,01:10:00 am,0,2025-09-07 01:10:00,8.242,9.784,0.0010000000000001564
EWR-1,9/7/2025,01:20:00 am,0,2025-09-07 01:20:00,8.2424,9.774,0.0010999999999999233
EWR-1,9/7/2025,01:30:00 am,0,2025-09-07 01:30:00,8.2422,9.763,0.0010999999999999233
EWR-1,9/7/2025,01:40:00 am,0,2025-09-07 01:40:00,8.2425,9.752,0.0009999999999999788
EWR-1,9/7/2025,01:50:00 am,0,2025-09-07 01:50:00,8.2425,9.742,0.0010000000000001564
EWR-1,9/7/2025,02:00:00 am,0,2025-09-07 02:00:00,8.2419,9.732,0.0008999999999998564
EWR-1,9/7/2025,02:10:00 am,0,2025-09-07 02:10:00,8.2417,9.723,0.0009000000000000341
EWR-1,9/7/2025,02:20:00 am,0,2025-09-07 02:20:00,8.2413,9.714,0.001100000000000101
EWR-1,9/7/2025,02:30:00 am,0,2025-09-07 02:30:00,8.2418,9.703,0.0010999999999999233
EWR-1,9/7/2025,02:40:00 am,0,2025-09-07 02:40:00,8.2417,9.692,0.00129999999999999
EWR-1,9/7/2025,02:50:00 am,0,2025-09-07 02:50:00,8.242,9.679,0.001100000000000101
EWR-1,9/7/2025,03:00:00 am,0,2025-09-07 03:00:00,8.2421,9.668,0.0011999999999998678
EWR-1,9/7/2025,03:10:00 am,0,2025-09-07 03:10:00,8.2411,9.656,0.00129999999999999
EWR-1,9/7/2025,03:20:00 am,0,2025-09-07 03:20:00,8.2414,9.643,0.001100000000000101
EWR-1,9/7/2025,03:30:00 am,0,2025-09-07 03:30:00,8.241,9.632,0.0010999999999999233
EWR-1,9/7/2025,03:40:00 am,0,2025-09-07 03:40:00,8.2416,9.621,0.00129999999999999
EWR-1,9/7/2025,03:50:00 am,0,2025-09-07 03:50:00,8.2422,9.608,0.0012000000000000454
EWR-1,9/7/2025,04:00:00 am,0,2025-09-07 04:00:00,8.2424,9.596,0.00129999999999999
EWR-1,9/7/2025,04:10:00 am,0,2025-09-07 04:10:00,8.2429,9.583,0.0012000000000000454
EWR-1,9/7/2025,04:20:00 am,0,2025-09-07 04:20:00,8.2431,9.571,0.0012000000000000454
EWR-1,9/7/2025,04:30:00 am,0,2025-09-07 04:30:00,8.2435,9.559,0.0011999999999998678
EWR-1,9/7/2025,04:40:00 am,0,2025-09-07 04:40:00,8.2434,9.547,0.00129999999999999
EWR-1,9/7/2025,04:50:00 am,0,2025-09-07 04:50:00,8.2437,9.534,0.00129999999999999
EWR-1,9/7/2025,05:00:00 am,0,2025-09-07 05:00:00,8.2442,9.521,0.0013000000000001678
EWR-1,9/7/2025,05:10:00 am,0,2025-09-07 05:10:00,8.2453,9.508,0.00129999999999999
EWR-1,9/7/2025,05:20:00 am,0,2025-09-07 05:20:00,8.2458,9.495,0.00129999999999999
EWR-1,9/7/2025,05:30:00 am,0,2025-09-07 05:30:00,8.2466,9.482,0.0013999999999999347
EWR-1,9/7/2025,05:40:00 am,0,2025-09-07 05:40:00,8.2474,9.468,0.00129999999999999
EWR-1,9/7/2025,05:50:00 am,0,2025-09-07 05:50:00,8.2479,9.455,0.00129999999999999
EWR-1,9/7/2025,06:00:00 am,0,2025-09-07 06:00:00,8.2471,9.442,0.00129999999999999
EWR-1,9/7/2025,06:10:00 am,0,2025-09-07 06:10:00,8.247,9.429,0.00129999999999999
EWR-1,9/7/2025,06:20:00 am,0,2025-09-07 06:20:00,8.2475,9.416,0.00129999999999999
EWR-1,9/7/2025,06:30:00 am,0,2025-09-07 06:30:00,8.2477,9.403,0.0014000000000001123
EWR-1,9/7/2025,06:40:00 am,0,2025-09-07 06:40:00,8.2475,9.389,0.00129999999999999
EWR-1,9/7/2025,06:50:00 am,0,2025-09-07 06:50:00,8.2471,9.376,0.0011999999999998678
EWR-1,9/7/2025,07:00:00 am,0,2025-09-07 07:00:00,8.2472,9.364,0.0012000000000000454
EWR-1,9/7/2025,07:10:00 am,0,2025-09-07 07:10:00,8.2477,9.352,0.001100000000000101
EWR-1,9/7/2025,07:20:00 am,0,2025-09-07 07:20:00,8.2472,9.341,0.0009999999999999788
EWR-1,9/7/2025,07:30:00 am,0,2025-09-07 07:30:00,8.2483,9.331,0.0007999999999999119
EWR-1,9/7/2025,07:40:00 am,0,2025-09-07 07:40:00,8.2483,9.323,0.0008000000000000895
EWR-1,9/7/2025,07:50:00 am,0,2025-09-07 07:50:00,8.2483,9.315,0.0006999999999999674
EWR-1,9/7/2025,08:00:00 am,0,2025-09-07 08:00:00,8.2487,9.308,0.0006999999999999674
EWR-1,9/7/2025,08:10:00 am,0,2025-09-07 08:10:00,8.2494,9.301,0.0006999999999999674
EWR-1,9/7/2025,08:20:00 am,0,2025-09-07 08:20:00,8.2508,9.294,0.0009000000000000341
EWR-1,9/7/2025,08:30:00 am,0,2025-09-07 08:30:00,8.2508,9.285,0.0008000000000000895
EWR-1,9/7/2025,08:40:00 am,0,2025-09-07 08:40:00,8.2509,9.277,0.0004999999999999005
EWR-1,9/7/2025,08:50:00 am,0,2025-09-07 08:50:00,8.2519,9.272,0.0002000000000000668
EWR-1,9/7/2025,09:00:00 am,0,2025-09-07 09:00:00,8.2526,9.27,0.00019999999999988915
EWR-1,9/7/2025,09:10:00 am,0,2025-09-07 09:10:00,8.2536,9.268,0.00010000000000012221
EWR-1,9/7/2025,09:20:00 am,0,2025-09-07 09:20:00,8.2548,9.267,9.999999999994457e-05
EWR-1,9/7/2025,09:30:00 am,0,2025-09-07 09:30:00,8.2556,9.266,0.0002000000000000668
EWR-1,9/7/2025,09:40:00 am,0,2025-09-07 09:40:00,8.2565,9.264,0.0
EWR-1,9/7/2025,09:50:00 am,0,2025-09-07 09:50:00,8.2564,9.264,9.999999999994457e-05
EWR-1,9/7/2025,10:00:00 am,0,2025-09-07 10:00:00,8.2556,9.263,9.999999999994457e-05
EWR-1,9/7/2025,10:10:00 am,0,2025-09-07 10:10:00,8.2552,9.264,0.0
EWR-1,9/7/2025,10:20:00 am,0,2025-09-07 10:20:00,8.2552,9.264,0.00010000000000012221
EWR-1,9/7/2025,10:30:00 am,0,2025-09-07 10:30:00,8.2536,9.265,9.999999999994457e-05
EWR-1,9/7/2025,10:40:00 am,0,2025-09-07 10:40:00,8.2531,9.266,9.999999999994457e-05
EWR-1,9/7/2025,10:50:00 am,0,2025-09-07 10:50:00,8.2519,9.267,0.0002000000000000668
EWR-1,9/7/2025,11:00:00 am,0,2025-09-07 11:00:00,8.2515,9.269,0.00030000000000001136
EWR-1,9/7/2025,11:10:00 am,0,2025-09-07 11:10:00,8.2501,9.272,0.00039999999999995595
EWR-1,9/7/2025,11:20:00 am,0,2025-09-07 11:20:00,8.2496,9.276,0.0005000000000000782
EWR-1,9/7/2025,11:30:00 am,0,2025-09-07 11:30:00,8.2482,9.281,0.00039999999999995595
EWR-1,9/7/2025,11:40:00 am,0,2025-09-07 11:40:00,8.2476,9.285,0.0006000000000000227
EWR-1,9/7/2025,11:50:00 am,0,2025-09-07 11:50:00,8.2451,9.291,0.0007999999999999119
EWR-1,9/7/2025,12:00:00 pm,0,2025-09-07 12:00:00,8.2437,9.299,0.0009000000000000341
EWR-1,9/7/2025,12:10:00 pm,0,2025-09-07 12:10:00,8.2418,9.308,0.0009999999999999788
EWR-1,9/7/2025,12:20:00 pm,0,2025-09-07 12:20:00,8.2402,9.318,0.0009000000000000341
EWR-1,9/7/2025,12:30:00 pm,0,2025-09-07 12:30:00,8.2392,9.327,0.0012000000000000454
EWR-1,9/7/2025,12:40:00 pm,0,2025-09-07 12:40:00,8.2376,9.339,0.0013999999999999347
EWR-1,9/7/2025,12:50:00 pm,0,2025-09-07 12:50:00,8.2369,9.353,0.0016000000000000014
EWR-1,9/7/2025,01:00:00 pm,0,2025-09-07 13:00:00,8.2369,9.369,0.0018000000000000683
EWR-1,9/7/2025,01:10:00 pm,0,2025-09-07 13:10:00,8.2363,9.387,0.0019000000000000128
EWR-1,9/7/2025,01:20:00 pm,0,2025-09-07 13:20:00,8.236,9.406,0.001699999999999946
EWR-1,9/7/2025,01:30:00 pm,0,2025-09-07 13:30:00,8.2351,9.423,0.001699999999999946
EWR-1,9/7/2025,01:40:00 pm,0,2025-09-07 13:40:00,8.2343,9.44,0.0015000000000000568
EWR-1,9/7/2025,01:50:00 pm,0,2025-09-07 13:50:00,8.2335,9.455,0.0013999999999999347
EWR-1,9/7/2025,02:00:00 pm,0,2025-09-07 14:00:00,8.2325,9.469,0.00129999999999999
EWR-1,9/7/2025,02:10:00 pm,0,2025-09-07 14:10:00,8.232,9.482,0.0012000000000000454
EWR-1,9/7/2025,02:20:00 pm,0,2025-09-07 14:20:00,8.2306,9.494,0.0015000000000000568
EWR-1,9/7/2025,02:30:00 pm,0,2025-09-07 14:30:00,8.2301,9.509,0.00129999999999999
EWR-1,9/7/2025,02:40:00 pm,0,2025-09-07 14:40:00,8.2288,9.522,0.0013999999999999347
EWR-1,9/7/2025,02:50:00 pm,0,2025-09-07 14:50:00,8.2282,9.536,0.00129999999999999
EWR-1,9/7/2025,03:00:00 pm,0,2025-09-07 15:00:00,8.227,9.549,0.00129999999999999
EWR-1,9/7/2025,03:10:00 pm,0,2025-09-07 15:10:00,8.2261,9.562,0.001100000000000101
EWR-1,9/7/2025,03:20:00 pm,0,2025-09-07 15:20:00,8.2255,9.573,0.00129999999999999
EWR-1,9/7/2025,03:30:00 pm,0,2025-09-07 15:30:00,8.2247,9.586,0.0012000000000000454
EWR-1,9/7/2025,03:40:00 pm,0,2025-09-07 15:40:00,8.2236,9.598,0.0013999999999999347
EWR-1,9/7/2025,03:50:00 pm,0,2025-09-07 15:50:00,8.2228,9.612,0.00129999999999999
EWR-1,9/7/2025,04:00:00 pm,0,2025-09-07 16:00:00,8.2221,9.625,0.0012000000000000454
EWR-1,9/7/2025,04:10:00 pm,0,2025-09-07 16:10:00,8.2213,9.637,0.0011999999999998678
EWR-1,9/7/2025,04:20:00 pm,0,2025-09-07 16:20:00,8.2211,9.649,0.0010000000000001564
EWR-1,9/7/2025,04:30:00 pm,0,2025-09-07 16:30:00,8.2211,9.659,0.0008999999999998564
EWR-1,9/7/2025,04:40:00 pm,0,2025-09-07 16:40:00,8.2199,9.668,0.0009000000000000341
EWR-1,9/7/2025,04:50:00 pm,0,2025-09-07 16:50:00,8.2191,9.677,0.0009000000000000341
EWR-1,9/7/2025,05:00:00 pm,0,2025-09-07 17:00:00,8.2185,9.686,0.0009000000000000341
EWR-1,9/7/2025,05:10:00 pm,0,2025-09-07 17:10:00,8.2177,9.695,0.0007999999999999119
EWR-1,9/7/2025,05:20:00 pm,0,2025-09-07 17:20:00,8.2168,9.703,0.000700000000000145
EWR-1,9/7/2025,05:30:00 pm,0,2025-09-07 17:30:00,8.2162,9.71,0.0007999999999999119
EWR-1,9/7/2025,05:40:00 pm,0,2025-09-07 17:40:00,8.2157,9.718,0.0006000000000000227
EWR-1,9/7/2025,05:50:00 pm,0,2025-09-07 17:50:00,8.2152,9.724,0.0006000000000000227
EWR-1,9/7/2025,06:00:00 pm,0,2025-09-07 18:00:00,8.2151,9.73,0.0006999999999999674
EWR-1,9/7/2025,06:10:00 pm,0,2025-09-07 18:10:00,8.2148,9.737,0.0005000000000000782
EWR-1,9/7/2025,06:20:00 pm,0,2025-09-07 18:20:00,8.2147,9.742,0.0005999999999998451
EWR-1,9/7/2025,06:30:00 pm,0,2025-09-07 18:30:00,8.2146,9.748,0.0005000000000000782
EWR-1,9/7/2025,06:40:00 pm,0,2025-09-07 18:40:00,8.2146,9.753,0.00030000000000001136
EWR-1,9/7/2025,06:50:00 pm,0,2025-09-07 18:50:00,8.2144,9.756,0.00019999999999988915
EWR-1,9/7/2025,07:00:00 pm,0,2025-09-07 19:00:00,8.2148,9.758,0.0002000000000000668
EWR-1,9/7/2025,07:10:00 pm,0,2025-09-07 19:10:00,8.2154,9.76,0.0
EWR-1,9/7/2025,07:20:00 pm,0,2025-09-07 19:20:00,8.2161,9.76,9.999999999994457e-05
EWR-1,9/7/2025,07:30:00 pm,0,2025-09-07 19:30:00,8.2172,9.759,0.00010000000000012221
EWR-1,9/7/2025,07:40:00 pm,0,2025-09-07 19:40:00,8.219,9.758,0.0002999999999998337
EWR-1,9/7/2025,07:50:00 pm,0,2025-09-07 19:50:00,8.2204,9.755,0.0004000000000001336
EWR-1,9/7/2025,08:00:00 pm,0,2025-09-07 20:00:00,8.2222,9.751,0.0006000000000000227
EWR-1,9/7/2025,08:10:00 pm,0,2025-09-07 20:10:00,8.2244,9.745,0.0006999999999999674
EWR-1,9/7/2025,08:20:00 pm,0,2025-09-07 20:20:00,8.2263,9.738,0.0006999999999999674
EWR-1,9/7/2025,08:30:00 pm,0,2025-09-07 20:30:00,8.2285,9.731,0.0007999999999999119
EWR-1,9/7/2025,08:40:00 pm,0,2025-09-07 20:40:00,8.2306,9.723,0.000700000000000145
EWR-1,9/7/2025,08:50:00 pm,0,2025-09-07 20:50:00,8.2326,9.716,0.0007999999999999119
EWR-1,9/7/2025,09:00:00 pm,0,2025-09-07 21:00:00,8.2341,9.708,0.0008000000000000895
EWR-1,9/7/2025,09:10:00 pm,0,2025-09-07 21:10:00,8.235,9.7,0.0007999999999999119
EWR-1,9/7/2025,09:20:00 pm,0,2025-09-07 21:20:00,8.2358,9.692,0.0008000000000000895
EWR-1,9/7/2025,09:30:00 pm,0,2025-09-07 21:30:00,8.2369,9.684,0.0008999999999998564
EWR-1,9/7/2025,09:40:00 pm,0,2025-09-07 21:40:00,8.2372,9.675,0.000700000000000145
EWR-1,9/7/2025,09:50:00 pm,0,2025-09-07 21:50:00,8.2375,9.668,0.0005999999999998451
EWR-1,9/7/2025,10:00:00 pm,0,2025-09-07 22:00:00,8.2382,9.662,0.000700000000000145
EWR-1,9/7/2025,10:10:00 pm,0,2025-09-07 22:10:00,8.2391,9.655,0.0004999999999999005
EWR-1,9/7/2025,10:20:00 pm,0,2025-09-07 22:20:00,8.2395,9.65,0.0006000000000000227
EWR-1,9/7/2025,10:30:00 pm,0,2025-09-07 22:30:00,8.2402,9.644,0.0005000000000000782
EWR-1,9/7/2025,10:40:00 pm,0,2025-09-07 22:40:00,8.2403,9.639,0.0004999999999999005
EWR-1,9/7/2025,10:50:00 pm,0,2025-09-07 22:50:00,8.2407,9.634,0.0005000000000000782
EWR-1,9/7/2025,11:00:00 pm,0,2025-09-07 23:00:00,8.2413,9.629,0.00039999999999995595
EWR-1,9/7/2025,11:10:00 pm,0,2025-09-07 23:10:00,8.2414,9.625,0.00039999999999995595
EWR-1,9/7/2025,11:20:00 pm,0,2025-09-07 23:20:00,8.2413,9.621,0.00039999999999995595
EWR-1,9/7/2025,11:30:00 pm,0,2025-09-07 23:30:00,8.2415,9.617,0.0004000000000001336
EWR-1,9/7/2025,11:40:00 pm,0,2025-09-07 23:40:00,8.2411,9.613,0.00030000000000001136
EWR-1,9/7/2025,11:50:00 pm,0,2025-09-07 23:50:00,8.2411,9.61,0.00030000000000001136
EWR-1,9/8/2025,12:00:00 am,0,2025-09-08 00:00:00,8.2407,9.607,0.00030000000000001136
EWR-1,9/8/2025,12:10:00 am,0,2025-09-08 00:10:00,8.2411,9.604,0.0002999999999998337
EWR-1,9/8/2025,12:20:00 am,0,2025-09-08 00:20:00,8.2414,9.601,0.00030000000000001136
EWR-1,9/8/2025,12:30:00 am,0,2025-09-08 00:30:00,8.2407,9.598,0.00030000000000001136
EWR-1,9/8/2025,12:40:00 am,0,2025-09-08 00:40:00,8.2415,9.595,0.0004000000000001336
EWR-1,9/8/2025,12:50:00 am,0,2025-09-08 00:50:00,8.2426,9.591,0.00039999999999995595
EWR-1,9/8/2025,01:00:00 am,0,2025-09-08 01:00:00,8.2424,9.587,0.0006000000000000227
EWR-1,9/8/2025,01:10:00 am,0,2025-09-08 01:10:00,8.2428,9.581,0.0006000000000000227
EWR-1,9/8/2025,01:20:00 am,0,2025-09-08 01:20:00,8.2419,9.575,0.0005999999999998451
EWR-1,9/8/2025,01:30:00 am,0,2025-09-08 01:30:00,8.2415,9.569,0.0006000000000000227
EWR-1,9/8/2025,01:40:00 am,0,2025-09-08 01:40:00,8.2409,9.563,0.0006000000000000227
EWR-1,9/8/2025,01:50:00 am,0,2025-09-08 01:50:00,8.2405,9.557,0.0005000000000000782
EWR-1,9/8/2025,02:00:00 am,0,2025-09-08 02:00:00,8.2405,9.552,0.0006000000000000227
EWR-1,9/8/2025,02:10:00 am,0,2025-09-08 02:10:00,8.2406,9.546,0.0006999999999999674
EWR-1,9/8/2025,02:20:00 am,0,2025-09-08 02:20:00,8.2406,9.539,0.0006999999999999674
EWR-1,9/8/2025,02:30:00 am,0,2025-09-08 02:30:00,8.2406,9.532,0.0008000000000000895
EWR-1,9/8/2025,02:40:00 am,0,2025-09-08 02:40:00,8.2406,9.524,0.0007999999999999119
EWR-1,9/8/2025,02:50:00 am,0,2025-09-08 02:50:00,8.2402,9.516,0.0006999999999999674
EWR-1,9/8/2025,03:00:00 am,0,2025-09-08 03:00:00,8.2402,9.509,0.0006999999999999674
EWR-1,9/8/2025,03:10:00 am,0,2025-09-08 03:10:00,8.2404,9.502,0.0008000000000000895
EWR-1,9/8/2025,03:20:00 am,0,2025-09-08 03:20:00,8.24,9.494,0.0007999999999999119
EWR-1,9/8/2025,03:30:00 am,0,2025-09-08 03:30:00,8.2403,9.486,0.000700000000000145
EWR-1,9/8/2025,03:40:00 am,0,2025-09-08 03:40:00,8.2403,9.479,0.0007999999999999119
EWR-1,9/8/2025,03:50:00 am,0,2025-09-08 03:50:00,8.2398,9.471,0.0006999999999999674
EWR-1,9/8/2025,04:00:00 am,0,2025-09-08 04:00:00,8.2394,9.464,0.0006999999999999674
EWR-1,9/8/2025,04:10:00 am,0,2025-09-08 04:10:00,8.2392,9.457,0.0008000000000000895
EWR-1,9/8/2025,04:20:00 am,0,2025-09-08 04:20:00,8.2392,9.449,0.0007999999999999119
EWR-1,9/8/2025,04:30:00 am,0,2025-09-08 04:30:00,8.2387,9.441,0.000700000000000145
EWR-1,9/8/2025,04:40:00 am,0,2025-09-08 04:40:00,8.238,9.434,0.0008999999999998564
EWR-1,9/8/2025,04:50:00 am,0,2025-09-08 04:50:00,8.2379,9.425,0.000700000000000145
EWR-1,9/8/2025,05:00:00 am,0,2025-09-08 05:00:00,8.2379,9.418,0.0008999999999998564
EWR-1,9/8/2025,05:10:00 am,0,2025-09-08 05:10:00,8.2376,9.409,0.0008000000000000895
EWR-1,9/8/2025,05:20:00 am,0,2025-09-08 05:20:00,8.2378,9.401,0.0007999999999999119
EWR-1,9/8/2025,05:30:00 am,0,2025-09-08 05:30:00,8.2383,9.393,0.0008000000000000895
EWR-1,9/8/2025,05:40:00 am,0,2025-09-08 05:40:00,8.2385,9.385,0.0009000000000000341
EWR-1,9/8/2025,05:50:00 am,0,2025-09-08 05:50:00,8.2389,9.376,0.0007999999999999119
EWR-1,9/8/2025,06:00:00 am,0,2025-09-08 06:00:00,8.2393,9.368,0.0008000000000000895
EWR-1,9/8/2025,06:10:00 am,0,2025-09-08 06:10:00,8.2397,9.36,0.0008999999999998564
EWR-1,9/8/2025,06:20:00 am,0,2025-09-08 06:20:00,8.2395,9.351,0.0008000000000000895
EWR-1,9/8/2025,06:30:00 am,0,2025-09-08 06:30:00,8.2399,9.343,0.0007999999999999119
EWR-1,9/8/2025,06:40:00 am,0,2025-09-08 06:40:00,8.241,9.335,0.0009000000000000341
EWR-1,9/8/2025,06:50:00 am,0,2025-09-08 06:50:00,8.2423,9.326,0.0009000000000000341
EWR-1,9/8/2025,07:00:00 am,0,2025-09-08 07:00:00,8.2421,9.317,0.0008000000000000895
EWR-1,9/8/2025,07:10:00 am,0,2025-09-08 07:10:00,8.242,9.309,0.0008999999999998564
EWR-1,9/8/2025,07:20:00 am,0,2025-09-08 07:20:00,8.2423,9.3,0.000700000000000145
EWR-1,9/8/2025,07:30:00 am,0,2025-09-08 07:30:00,8.2415,9.293,0.0007999999999999119
EWR-1,9/8/2025,07:40:00 am,0,2025-09-08 07:40:00,8.2416,9.285,0.0006999999999999674
EWR-1,9/8/2025,07:50:00 am,0,2025-09-08 07:50:00,8.2417,9.278,0.0006999999999999674
EWR-1,9/8/2025,08:00:00 am,0,2025-09-08 08:00:00,8.2422,9.271,0.0006000000000000227
EWR-1,9/8/2025,08:10:00 am,0,2025-09-08 08:10:00,8.2424,9.265,0.0004000000000001336
EWR-1,9/8/2025,08:20:00 am,0,2025-09-08 08:20:00,8.2425,9.261,0.00030000000000001136
EWR-1,9/8/2025,08:30:00 am,0,2025-09-08 08:30:00,8.2429,9.258,0.00019999999999988915
EWR-1,9/8/2025,08:40:00 am,0,2025-09-08 08:40:00,8.2428,9.256,9.999999999994457e-05
EWR-1,9/8/2025,08:50:00 am,0,2025-09-08 08:50:00,8.2427,9.255,0.00010000000000012221
EWR-1,9/8/2025,09:00:00 am,0,2025-09-08 09:00:00,8.2424,9.254,9.999999999994457e-05
EWR-1,9/8/2025,09:10:00 am,0,2025-09-08 09:10:00,8.243,9.253,9.999999999994457e-05
EWR-1,9/8/2025,09:20:00 am,0,2025-09-08 09:20:00,8.2424,9.252,0.00010000000000012221
EWR-1,9/8/2025,09:30:00 am,0,2025-09-08 09:30:00,8.2428,9.251,9.999999999994457e-05
EWR-1,9/8/2025,09:40:00 am,0,2025-09-08 09:40:00,8.2422,9.25,0.0
EWR-1,9/8/2025,09:50:00 am,0,2025-09-08 09:50:00,8.242,9.25,9.999999999994457e-05
EWR-1,9/8/2025,10:00:00 am,0,2025-09-08 10:00:00,8.2418,9.249,0.0
EWR-1,9/8/2025,10:10:00 am,0,2025-09-08 10:10:00,8.2407,9.249,0.00010000000000012221
EWR-1,9/8/2025,10:20:00 am,0,2025-09-08 10:20:00,8.2398,9.248,0.0
EWR-1,9/8/2025,10:30:00 am,0,2025-09-08 10:30:00,8.2397,9.248,0.0
EWR-1,9/8/2025,10:40:00 am,0,2025-09-08 10:40:00,8.2376,9.248,0.00010000000000012221
EWR-1,9/8/2025,10:50:00 am,0,2025-09-08 10:50:00,8.2368,9.249,9.999999999994457e-05
EWR-1,9/8/2025,11:00:00 am,0,2025-09-08 11:00:00,8.2354,9.25,0.00030000000000001136
EWR-1,9/8/2025,11:10:00 am,0,2025-09-08 11:10:00,8.2338,9.253,0.00039999999999995595
EWR-1,9/8/2025,11:20:00 am,0,2025-09-08 11:20:00,8.2324,9.257,0.00039999999999995595
EWR-1,9/8/2025,11:30:00 am,0,2025-09-08 11:30:00,8.2303,9.261,0.0005000000000000782
EWR-1,9/8/2025,11:40:00 am,0,2025-09-08 11:40:00,8.2287,9.266,0.0006999999999999674
EWR-1,9/8/2025,11:50:00 am,0,2025-09-08 11:50:00,8.227,9.273,0.0008000000000000895
EWR-1,9/8/2025,12:00:00 pm,0,2025-09-08 12:00:00,8.2249,9.281,0.0009999999999999788
EWR-1,9/8/2025,12:10:00 pm,0,2025-09-08 12:10:00,8.2229,9.291,0.0009999999999999788
EWR-1,9/8/2025,12:20:00 pm,0,2025-09-08 12:20:00,8.2204,9.301,0.0009999999999999788
EWR-1,9/8/2025,12:30:00 pm,0,2025-09-08 12:30:00,8.2184,9.311,0.0013999999999999347
EWR-1,9/8/2025,12:40:00 pm,0,2025-09-08 12:40:00,8.216,9.325,0.0014000000000001123
EWR-1,9/8/2025,12:50:00 pm,0,2025-09-08 12:50:00,8.2149,9.339,0.0016000000000000014
EWR-1,9/8/2025,01:00:00 pm,0,2025-09-08 13:00:00,8.2137,9.355,0.0017999999999998907
EWR-1,9/8/2025,01:10:00 pm,0,2025-09-08 13:10:00,8.2118,9.373,0.002000000000000135
EWR-1,9/8/2025,01:20:00 pm,0,2025-09-08 13:20:00,8.2095,9.393,0.0019000000000000128
EWR-1,9/8/2025,01:30:00 pm,0,2025-09-08 13:30:00,8.2084,9.412,0.0018999999999998352
EWR-1,9/8/2025,01:40:00 pm,0,2025-09-08 13:40:00,8.2072,9.431,0.0018000000000000683
EWR-1,9/8/2025,01:50:00 pm,0,2025-09-08 13:50:00,8.2068,9.449,0.0015000000000000568
EWR-1,9/8/2025,02:00:00 pm,0,2025-09-08 14:00:00,8.206,9.464,0.0013999999999999347
EWR-1,9/8/2025,02:10:00 pm,0,2025-09-08 14:10:00,8.2044,9.478,0.00129999999999999
EWR-1,9/8/2025,02:20:00 pm,0,2025-09-08 14:20:00,8.2028,9.491,0.0015000000000000568
EWR-1,9/8/2025,02:30:00 pm,0,2025-09-08 14:30:00,8.2015,9.506,0.0016000000000000014
EWR-1,9/8/2025,02:40:00 pm,0,2025-09-08 14:40:00,8.1998,9.522,0.0016000000000000014
EWR-1,9/8/2025,02:50:00 pm,0,2025-09-08 14:50:00,8.1989,9.538,0.0015000000000000568
EWR-1,9/8/2025,03:00:00 pm,0,2025-09-08 15:00:00,8.1979,9.553,0.0013999999999999347
EWR-1,9/8/2025,03:10:00 pm,0,2025-09-08 15:10:00,8.197,9.567,0.00129999999999999
EWR-1,9/8/2025,03:20:00 pm,0,2025-09-08 15:20:00,8.1954,9.58,0.00129999999999999
EWR-1,9/8/2025,03:30:00 pm,0,2025-09-08 15:30:00,8.1945,9.593,0.0013999999999999347
EWR-1,9/8/2025,03:40:00 pm,0,2025-09-08 15:40:00,8.1932,9.607,0.00129999999999999
EWR-1,9/8/2025,03:50:00 pm,0,2025-09-08 15:50:00,8.1921,9.62,0.00129999999999999
EWR-1,9/8/2025,04:00:00 pm,0,2025-09-08 16:00:00,8.1911,9.633,0.001100000000000101
EWR-1,9/8/2025,04:10:00 pm,0,2025-09-08 16:10:00,8.1902,9.644,0.0010999999999999233
EWR-1,9/8/2025,04:20:00 pm,0,2025-09-08 16:20:00,8.1895,9.655,0.0009000000000000341
EWR-1,9/8/2025,04:30:00 pm,0,2025-09-08 16:30:00,8.188,9.664,0.0009000000000000341
EWR-1,9/8/2025,04:40:00 pm,0,2025-09-08 16:40:00,8.1874,9.673,0.0009000000000000341
EWR-1,9/8/2025,04:50:00 pm,0,2025-09-08 16:50:00,8.187,9.682,0.0007999999999999119
EWR-1,9/8/2025,05:00:00 pm,0,2025-09-08 17:00:00,8.1866,9.69,0.0008000000000000895
EWR-1,9/8/2025,05:10:00 pm,0,2025-09-08 17:10:00,8.1856,9.698,0.0006999999999999674
EWR-1,9/8/2025,05:20:00 pm,0,2025-09-08 17:20:00,8.1846,9.705,0.0005000000000000782
EWR-1,9/8/2025,05:30:00 pm,0,2025-09-08 17:30:00,8.1837,9.71,0.0005999999999998451
EWR-1,9/8/2025,05:40:00 pm,0,2025-09-08 17:40:00,8.1836,9.716,0.0006000000000000227
EWR-1,9/8/2025,05:50:00 pm,0,2025-09-08 17:50:00,8.1831,9.722,0.0005000000000000782
EWR-1,9/8/2025,06:00:00 pm,0,2025-09-08 18:00:00,8.183,9.727,0.0004999999999999005
EWR-1,9/8/2025,06:10:00 pm,0,2025-09-08 18:10:00,8.1826,9.732,0.0005000000000000782
EWR-1,9/8/2025,06:20:00 pm,0,2025-09-08 18:20:00,8.1826,9.737,0.0005000000000000782
EWR-1,9/8/2025,06:30:00 pm,0,2025-09-08 18:30:00,8.1827,9.742,0.00039999999999995595
EWR-1,9/8/2025,06:40:00 pm,0,2025-09-08 18:40:00,8.1828,9.746,0.00030000000000001136
EWR-1,9/8/2025,06:50:00 pm,0,2025-09-08 18:50:00,8.1833,9.749,0.00019999999999988915
EWR-1,9/8/2025,07:00:00 pm,0,2025-09-08 19:00:00,8.1843,9.751,0.0
EWR-1,9/8/2025,07:10:00 pm,0,2025-09-08 19:10:00,8.185,9.751,0.0
EWR-1,9/8/2025,07:20:00 pm,0,2025-09-08 19:20:00,8.1854,9.751,9.999999999994457e-05
EWR-1,9/8/2025,07:30:00 pm,0,2025-09-08 19:30:00,8.1865,9.75,0.0002000000000000668
EWR-1,9/8/2025,07:40:00 pm,0,2025-09-08 19:40:00,8.1874,9.748,0.00019999999999988915
EWR-1,9/8/2025,07:50:00 pm,0,2025-09-08 19:50:00,8.1886,9.746,0.00030000000000001136
EWR-1,9/8/2025,08:00:00 pm,0,2025-09-08 20:00:00,8.19,9.743,0.00030000000000001136
EWR-1,9/8/2025,08:10:00 pm,0,2025-09-08 20:10:00,8.1917,9.74,0.00039999999999995595
EWR-1,9/8/2025,08:20:00 pm,0,2025-09-08 20:20:00,8.1933,9.736,0.0004000000000001336
EWR-1,9/8/2025,08:30:00 pm,0,2025-09-08 20:30:00,8.195,9.732,0.00030000000000001136
EWR-1,9/8/2025,08:40:00 pm,0,2025-09-08 20:40:00,8.196,9.729,0.0004999999999999005
EWR-1,9/8/2025,08:50:00 pm,0,2025-09-08 20:50:00,8.1973,9.724,0.00039999999999995595
EWR-1,9/8/2025,09:00:00 pm,0,2025-09-08 21:00:00,8.1989,9.72,0.0004000000000001336
EWR-1,9/8/2025,09:10:00 pm,0,2025-09-08 21:10:00,8.2002,9.716,0.00039999999999995595
EWR-1,9/8/2025,09:20:00 pm,0,2025-09-08 21:20:00,8.2018,9.712,0.00039999999999995595
EWR-1,9/8/2025,09:30:00 pm,0,2025-09-08 21:30:00,8.2028,9.708,0.00039999999999995595
EWR-1,9/8/2025,09:40:00 pm,0,2025-09-08 21:40:00,8.2034,9.704,0.0005000000000000782
EWR-1,9/8/2025,09:50:00 pm,0,2025-09-08 21:50:00,8.2033,9.699,0.00039999999999995595
EWR-1,9/8/2025,10:00:00 pm,0,2025-09-08 22:00:00,8.2042,9.695,0.00039999999999995595
EWR-1,9/8/2025,10:10:00 pm,0,2025-09-08 22:10:00,8.2042,9.691,0.0004000000000001336
EWR-1,9/8/2025,10:20:00 pm,0,2025-09-08 22:20:00,8.2046,9.687,0.00039999999999995595
EWR-1,9/8/2025,10:30:00 pm,0,2025-09-08 22:30:00,8.2046,9.683,0.0004999999999999005
EWR-1,9/8/2025,10:40:00 pm,0,2025-09-08 22:40:00,8.205,9.678,0.0004000000000001336
EWR-1,9/8/2025,10:50:00 pm,0,2025-09-08 22:50:00,8.2045,9.674,0.0006000000000000227
EWR-1,9/8/2025,11:00:00 pm,0,2025-09-08 23:00:00,8.2048,9.668,0.0004999999999999005
EWR-1,9/8/2025,11:10:00 pm,0,2025-09-08 23:10:00,8.2046,9.663,0.0006000000000000227
EWR-1,9/8/2025,11:20:00 pm,0,2025-09-08 23:20:00,8.2041,9.657,0.0006000000000000227
EWR-1,9/8/2025,11:30:00 pm,0,2025-09-08 23:30:00,8.2035,9.651,0.0004999999999999005
EWR-1,9/8/2025,11:40:00 pm,0,2025-09-08 23:40:00,8.2033,9.646,0.0004000000000001336
EWR-1,9/8/2025,11:50:00 pm,0,2025-09-08 23:50:00,8.2034,9.642,0.0004999999999999005
EWR-1,9/9/2025,12:00:00 am,0,2025-09-09 00:00:00,8.2041,9.637,0.0004000000000001336
EWR-1,9/9/2025,12:10:00 am,0,2025-09-09 00:10:00,8.204,9.633,0.0004999999999999005
EWR-1,9/9/2025,12:20:00 am,0,2025-09-09 00:20:00,8.2034,9.628,0.0005000000000000782
EWR-1,9/9/2025,12:30:00 am,0,2025-09-09 00:30:00,8.2034,9.623,0.0004999999999999005
EWR-1,9/9/2025,12:40:00 am,0,2025-09-09 00:40:00,8.2034,9.618,0.0005000000000000782
EWR-1,9/9/2025,12:50:00 am,0,2025-09-09 00:50:00,8.2042,9.613,0.00039999999999995595
EWR-1,9/9/2025,01:00:00 am,0,2025-09-09 01:00:00,8.2038,9.609,0.00039999999999995595
EWR-1,9/9/2025,01:10:00 am,0,2025-09-09 01:10:00,8.2039,9.605,0.00030000000000001136
EWR-1,9/9/2025,01:20:00 am,0,2025-09-09 01:20:00,8.2045,9.602,0.00030000000000001136
EWR-1,9/9/2025,01:30:00 am,0,2025-09-09 01:30:00,8.2036,9.599,0.00039999999999995595
EWR-1,9/9/2025,01:40:00 am,0,2025-09-09 01:40:00,8.2036,9.595,0.0004000000000001336
EWR-1,9/9/2025,01:50:00 am,0,2025-09-09 01:50:00,8.2035,9.591,0.00030000000000001136
EWR-1,9/9/2025,02:00:00 am,0,2025-09-09 02:00:00,8.2033,9.588,0.00039999999999995595
EWR-1,9/9/2025,02:10:00 am,0,2025-09-09 02:10:00,8.2025,9.584,0.00039999999999995595
EWR-1,9/9/2025,02:20:00 am,0,2025-09-09 02:20:00,8.2021,9.58,0.00030000000000001136
EWR-1,9/9/2025,02:30:00 am,0,2025-09-09 02:30:00,8.2011,9.577,0.00039999999999995595
EWR-1,9/9/2025,02:40:00 am,0,2025-09-09 02:40:00,8.2014,9.573,0.00039999999999995595
EWR-1,9/9/2025,02:50:00 am,0,2025-09-09 02:50:00,8.2007,9.569,0.0004000000000001336
EWR-1,9/9/2025,03:00:00 am,0,2025-09-09 03:00:00,8.2005,9.565,0.00030000000000001136
EWR-1,9/9/2025,03:10:00 am,0,2025-09-09 03:10:00,8.2009,9.562,0.00019999999999988915
EWR-1,9/9/2025,03:20:00 am,0,2025-09-09 03:20:00,8.2007,9.56,0.00030000000000001136
EWR-1,9/9/2025,03:30:00 am,0,2025-09-09 03:30:00,8.2008,9.557,0.00030000000000001136
EWR-1,9/9/2025,03:40:00 am,0,2025-09-09 03:40:00,8.2007,9.554,0.0002000000000000668
EWR-1,9/9/2025,03:50:00 am,0,2025-09-09 03:50:00,8.1994,9.552,0.00019999999999988915
EWR-1,9/9/2025,04:00:00 am,0,2025-09-09 04:00:00,8.1992,9.55,0.0002000000000000668
EWR-1,9/9/2025,04:10:00 am,0,2025-09-09 04:10:00,8.1984,9.548,0.0002000000000000668
EWR-1,9/9/2025,04:20:00 am,0,2025-09-09 04:20:00,8.1989,9.546,0.00030000000000001136
EWR-1,9/9/2025,04:30:00 am,0,2025-09-09 04:30:00,8.1986,9.543,0.00030000000000001136
EWR-1,9/9/2025,04:40:00 am,0,2025-09-09 04:40:00,8.1983,9.54,0.0004999999999999005
EWR-1,9/9/2025,04:50:00 am,0,2025-09-09 04:50:00,8.198,9.535,0.00039999999999995595
EWR-1,9/9/2025,05:00:00 am,0,2025-09-09 05:00:00,8.1988,9.531,0.0005000000000000782
EWR-1,9/9/2025,05:10:00 am,0,2025-09-09 05:10:00,8.2,9.526,0.0006000000000000227
EWR-1,9/9/2025,05:20:00 am,0,2025-09-09 05:20:00,8.1999,9.52,0.0004999999999999005
EWR-1,9/9/2025,05:30:00 am,0,2025-09-09 05:30:00,8.1992,9.515,0.0005000000000000782
EWR-1,9/9/2025,05:40:00 am,0,2025-09-09 05:40:00,8.1991,9.51,0.0004999999999999005
EWR-1,9/9/2025,05:50:00 am,0,2025-09-09 05:50:00,8.1993,9.505,0.0005000000000000782
EWR-1,9/9/2025,06:00:00 am,0,2025-09-09 06:00:00,8.1991,9.5,0.0005000000000000782
EWR-1,9/9/2025,06:10:00 am,0,2025-09-09 06:10:00,8.1993,9.495,0.0004999999999999005
EWR-1,9/9/2025,06:20:00 am,0,2025-09-09 06:20:00,8.1988,9.49,0.0005000000000000782
EWR-1,9/9/2025,06:30:00 am,0,2025-09-09 06:30:00,8.2,9.485,0.0004999999999999005
EWR-1,9/9/2025,06:40:00 am,0,2025-09-09 06:40:00,8.1998,9.48,0.0005000000000000782
EWR-1,9/9/2025,06:50:00 am,0,2025-09-09 06:50:00,8.1991,9.475,0.0004999999999999005
EWR-1,9/9/2025,07:00:00 am,0,2025-09-09 07:00:00,8.1992,9.47,0.00030000000000001136
EWR-1,9/9/2025,07:10:00 am,0,2025-09-09 07:10:00,8.1983,9.467,0.0005000000000000782
EWR-1,9/9/2025,07:20:00 am,0,2025-09-09 07:20:00,8.1987,9.462,0.00030000000000001136
EWR-1,9/9/2025,07:30:00 am,0,2025-09-09 07:30:00,8.199,9.459,0.00039999999999995595
EWR-1,9/9/2025,07:40:00 am,0,2025-09-09 07:40:00,8.1982,9.455,0.00030000000000001136
EWR-1,9/9/2025,07:50:00 am,0,2025-09-09 07:50:00,8.1982,9.452,0.00030000000000001136
EWR-1,9/9/2025,08:00:00 am,0,2025-09-09 08:00:00,8.1982,9.449,0.00030000000000001136
EWR-1,9/9/2025,08:10:00 am,0,2025-09-09 08:10:00,8.199,9.446,0.00019999999999988915
EWR-1,9/9/2025,08:20:00 am,0,2025-09-09 08:20:00,8.1988,9.444,0.00010000000000012221
EWR-1,9/9/2025,08:30:00 am,0,2025-09-09 08:30:00,8.1989,9.443,0.00019999999999988915
EWR-1,9/9/2025,08:40:00 am,0,2025-09-09 08:40:00,8.198,9.441,0.0
EWR-1,9/9/2025,08:50:00 am,0,2025-09-09 08:50:00,8.1978,9.441,0.0
EWR-1,9/9/2025,09:00:00 am,0,2025-09-09 09:00:00,8.1976,9.441,9.999999999994457e-05
EWR-1,9/9/2025,09:10:00 am,0,2025-09-09 09:10:00,8.198,9.442,0.0
EWR-1,9/9/2025,09:20:00 am,0,2025-09-09 09:20:00,8.197,9.442,0.0002000000000000668
EWR-1,9/9/2025,09:30:00 am,0,2025-09-09 09:30:00,8.1962,9.444,0.0002999999999998337
EWR-1,9/9/2025,09:40:00 am,0,2025-09-09 09:40:00,8.1955,9.447,0.0002000000000000668
EWR-1,9/9/2025,09:50:00 am,0,2025-09-09 09:50:00,8.1936,9.449,0.00030000000000001136
EWR-1,9/9/2025,10:00:00 am,0,2025-09-09 10:00:00,8.1929,9.452,0.00039999999999995595
EWR-1,9/9/2025,10:10:00 am,0,2025-09-09 10:10:00,8.1916,9.456,0.00030000000000001136
EWR-1,9/9/2025,10:20:00 am,0,2025-09-09 10:20:00,8.1904,9.459,0.00039999999999995595
EWR-1,9/9/2025,10:30:00 am,0,2025-09-09 10:30:00,8.1904,9.463,0.0004000000000001336
EWR-1,9/9/2025,10:40:00 am,0,2025-09-09 10:40:00,8.19,9.467,0.00039999999999995595
EWR-1,9/9/2025,10:50:00 am,0,2025-09-09 10:50:00,8.1892,9.471,0.0006000000000000227
EWR-1,9/9/2025,11:00:00 am,0,2025-09-09 11:00:00,8.1879,9.477,0.0004999999999999005
EWR-1,9/9/2025,11:10:00 am,0,2025-09-09 11:10:00,8.1868,9.482,0.000700000000000145
EWR-1,9/9/2025,11:20:00 am,0,2025-09-09 11:20:00,8.1851,9.489,0.0005999999999998451
EWR-1,9/9/2025,11:30:00 am,0,2025-09-09 11:30:00,8.1846,9.495,0.000700000000000145
EWR-1,9/9/2025,11:40:00 am,0,2025-09-09 11:40:00,8.1841,9.502,0.0006999999999999674
EWR-1,9/9/2025,11:50:00 am,0,2025-09-09 11:50:00,8.183,9.509,0.0006999999999999674
EWR-1,9/9/2025,12:00:00 pm,0,2025-09-09 12:00:00,8.182,9.516,0.0006999999999999674
EWR-1,9/9/2025,12:10:00 pm,0,2025-09-09 12:10:00,8.1807,9.523,0.0008000000000000895
EWR-1,9/9/2025,12:20:00 pm,0,2025-09-09 12:20:00,8.1791,9.531,0.0008999999999998564
EWR-1,9/9/2025,12:30:00 pm,0,2025-09-09 12:30:00,8.1771,9.54,0.0009000000000000341
EWR-1,9/9/2025,12:40:00 pm,0,2025-09-09 12:40:00,8.1764,9.549,0.0009000000000000341
EWR-1,9/9/2025,12:50:00 pm,0,2025-09-09 12:50:00,8.1738,9.558,0.0009999999999999788
EWR-1,9/9/2025,01:00:00 pm,0,2025-09-09 13:00:00,8.1724,9.568,0.0012000000000000454
EWR-1,9/9/2025,01:10:00 pm,0,2025-09-09 13:10:00,8.1718,9.58,0.0012000000000000454
EWR-1,9/9/2025,01:20:00 pm,0,2025-09-09 13:20:00,8.17,9.592,0.00129999999999999
EWR-1,9/9/2025,01:30:00 pm,0,2025-09-09 13:30:00,8.1685,9.605,0.0014999999999998793
EWR-1,9/9/2025,01:40:00 pm,0,2025-09-09 13:40:00,8.1664,9.62,0.0014000000000001123
EWR-1,9/9/2025,01:50:00 pm,0,2025-09-09 13:50:00,8.165,9.634,0.0012000000000000454
EWR-1,9/9/2025,02:00:00 pm,0,2025-09-09 14:00:00,8.1634,9.646,0.0010999999999999233
EWR-1,9/9/2025,02:10:00 pm,0,2025-09-09 14:10:00,8.1623,9.657,0.0012000000000000454
EWR-1,9/9/2025,02:20:00 pm,0,2025-09-09 14:20:00,8.1618,9.669,0.0010999999999999233
EWR-1,9/9/2025,02:30:00 pm,0,2025-09-09 14:30:00,8.1609,9.68,0.001100000000000101
EWR-1,9/9/2025,02:40:00 pm,0,2025-09-09 14:40:00,8.1599,9.691,0.0009999999999999788
EWR-1,9/9/2025,02:50:00 pm,0,2025-09-09 14:50:00,8.1584,9.701,0.0009999999999999788
EWR-1,9/9/2025,03:00:00 pm,0,2025-09-09 15:00:00,8.1577,9.711,0.0009000000000000341
EWR-1,9/9/2025,03:10:00 pm,0,2025-09-09 15:10:00,8.1571,9.72,0.0006999999999999674
EWR-1,9/9/2025,03:20:00 pm,0,2025-09-09 15:20:00,8.1571,9.727,0.0006999999999999674
EWR-1,9/9/2025,03:30:00 pm,0,2025-09-09 15:30:00,8.1576,9.734,0.0006999999999999674
EWR-1,9/9/2025,03:40:00 pm,0,2025-09-09 15:40:00,8.1584,9.741,0.0005000000000000782
EWR-1,9/9/2025,03:50:00 pm,0,2025-09-09 15:50:00,8.1578,9.746,0.0006999999999999674
EWR-1,9/9/2025,04:00:00 pm,0,2025-09-09 16:00:00,8.1575,9.753,0.0006000000000000227
EWR-1,9/9/2025,04:10:00 pm,0,2025-09-09 16:10:00,8.1567,9.759,0.0006999999999999674
EWR-1,9/9/2025,04:20:00 pm,0,2025-09-09 16:20:00,8.1558,9.766,0.0006999999999999674
EWR-1,9/9/2025,04:30:00 pm,0,2025-09-09 16:30:00,8.1557,9.773,0.0006000000000000227
EWR-1,9/9/2025,04:40:00 pm,0,2025-09-09 16:40:00,8.1561,9.779,0.0006000000000000227
EWR-1,9/9/2025,04:50:00 pm,0,2025-09-09 16:50:00,8.1552,9.785,0.0004999999999999005
EWR-1,9/9/2025,05:00:00 pm,0,2025-09-09 17:00:00,8.1558,9.79,0.0006000000000000227
EWR-1,9/9/2025,05:10:00 pm,0,2025-09-09 17:10:00,8.1558,9.796,0.0004000000000001336
EWR-1,9/9/2025,05:20:00 pm,0,2025-09-09 17:20:00,8.1553,9.8,0.0004999999999999005
EWR-1,9/9/2025,05:30:00 pm,0,2025-09-09 17:30:00,8.1551,9.805,0.00039999999999995595
EWR-1,9/9/2025,05:40:00 pm,0,2025-09-09 17:40:00,8.1547,9.809,0.0004000000000001336
EWR-1,9/9/2025,05:50:00 pm,0,2025-09-09 17:50:00,8.154,9.813,0.00039999999999995595
EWR-1,9/9/2025,06:00:00 pm,0,2025-09-09 18:00:00,8.155,9.817,0.00030000000000001136
EWR-1,9/9/2025,06:10:00 pm,0,2025-09-09 18:10:00,8.1557,9.82,0.00019999999999988915
EWR-1,9/9/2025,06:20:00 pm,0,2025-09-09 18:20:00,8.1561,9.822,0.00010000000000012221
EWR-1,9/9/2025,06:30:00 pm,0,2025-09-09 18:30:00,8.1566,9.823,0.0
EWR-1,9/9/2025,06:40:00 pm,0,2025-09-09 18:40:00,8.1564,9.823,0.0
EWR-1,9/9/2025,06:50:00 pm,0,2025-09-09 18:50:00,8.1569,9.823,0.0
EWR-1,9/9/2025,07:00:00 pm,0,2025-09-09 19:00:00,8.158,9.823,0.0002000000000000668
EWR-1,9/9/2025,07:10:00 pm,0,2025-09-09 19:10:00,8.1587,9.821,0.0
EWR-1,9/9/2025,07:20:00 pm,0,2025-09-09 19:20:00,8.1595,9.821,0.00019999999999988915
EWR-1,9/9/2025,07:30:00 pm,0,2025-09-09 19:30:00,8.1595,9.819,0.00010000000000012221
EWR-1,9/9/2025,07:40:00 pm,0,2025-09-09 19:40:00,8.1604,9.818,0.00019999999999988915
EWR-1,9/9/2025,07:50:00 pm,0,2025-09-09 19:50:00,8.1632,9.816,0.00010000000000012221
EWR-1,9/9/2025,08:00:00 pm,0,2025-09-09 20:00:00,8.1646,9.815,0.00019999999999988915
EWR-1,9/9/2025,08:10:00 pm,0,2025-09-09 20:10:00,8.1662,9.813,0.0002000000000000668
EWR-1,9/9/2025,08:20:00 pm,0,2025-09-09 20:20:00,8.1677,9.811,0.0002000000000000668
EWR-1,9/9/2025,08:30:00 pm,0,2025-09-09 20:30:00,8.1687,9.809,0.00019999999999988915
EWR-1,9/9/2025,08:40:00 pm,0,2025-09-09 20:40:00,8.1693,9.807,0.00010000000000012221
EWR-1,9/9/2025,08:50:00 pm,0,2025-09-09 20:50:00,8.1706,9.806,0.00019999999999988915
EWR-1,9/9/2025,09:00:00 pm,0,2025-09-09 21:00:00,8.1711,9.804,0.0002000000000000668
EWR-1,9/9/2025,09:10:00 pm,0,2025-09-09 21:10:00,8.1708,9.802,0.00019999999999988915
EWR-1,9/9/2025,09:20:00 pm,0,2025-09-09 21:20:00,8.1715,9.8,0.00010000000000012221
EWR-1,9/9/2025,09:30:00 pm,0,2025-09-09 21:30:00,8.1706,9.799,0.00030000000000001136
EWR-1,9/9/2025,09:40:00 pm,0,2025-09-09 21:40:00,8.1704,9.796,0.00019999999999988915
EWR-1,9/9/2025,09:50:00 pm,0,2025-09-09 21:50:00,8.1705,9.794,0.0002000000000000668
EWR-1,9/9/2025,10:00:00 pm,0,2025-09-09 22:00:00,8.1694,9.792,0.0002000000000000668
EWR-1,9/9/2025,10:10:00 pm,0,2025-09-09 22:10:00,8.17,9.79,0.00019999999999988915
EWR-1,9/9/2025,10:20:00 pm,0,2025-09-09 22:20:00,8.1692,9.788,0.0002000000000000668
EWR-1,9/9/2025,10:30:00 pm,0,2025-09-09 22:30:00,8.1691,9.786,0.00030000000000001136
EWR-1,9/9/2025,10:40:00 pm,0,2025-09-09 22:40:00,8.169,9.783,0.00030000000000001136
EWR-1,9/9/2025,10:50:00 pm,0,2025-09-09 22:50:00,8.1685,9.78,0.00030000000000001136
EWR-1,9/9/2025,11:00:00 pm,0,2025-09-09 23:00:00,8.1688,9.777,0.00019999999999988915
EWR-1,9/9/2025,11:10:00 pm,0,2025-09-09 23:10:00,8.1693,9.775,0.00030000000000001136
EWR-1,9/9/2025,11:20:00 pm,0,2025-09-09 23:20:00,8.1704,9.772,0.00030000000000001136
EWR-1,9/9/2025,11:30:00 pm,0,2025-09-09 23:30:00,8.1712,9.769,0.0005000000000000782
EWR-1,9/9/2025,11:40:00 pm,0,2025-09-09 23:40:00,8.1714,9.764,0.00039999999999995595
EWR-1,9/9/2025,11:50:00 pm,0,2025-09-09 23:50:00,8.1717,9.76,0.0004999999999999005
EWR-1,9/10/2025,12:00:00 am,0,2025-09-10 00:00:00,8.1715,9.755,0.000700000000000145
EWR-1,9/10/2025,12:10:00 am,0,2025-09-10 00:10:00,8.1717,9.748,0.0006999999999999674
EWR-1,9/10/2025,12:20:00 am,0,2025-09-10 00:20:00,8.1717,9.741,0.0007999999999999119
EWR-1,9/10/2025,12:30:00 am,0,2025-09-10 00:30:00,8.172,9.733,0.0009000000000000341
EWR-1,9/10/2025,12:40:00 am,0,2025-09-10 00:40:00,8.1723,9.724,0.0009000000000000341
EWR-1,9/10/2025,12:50:00 am,0,2025-09-10 00:50:00,8.1724,9.715,0.0009999999999999788
EWR-1,9/10/2025,01:00:00 am,0,2025-09-10 01:00:00,8.1726,9.705,0.0009999999999999788
EWR-1,9/10/2025,01:10:00 am,0,2025-09-10 01:10:00,8.1728,9.695,0.0009999999999999788
EWR-1,9/10/2025,01:20:00 am,0,2025-09-10 01:20:00,8.1727,9.685,0.0012000000000000454
EWR-1,9/10/2025,01:30:00 am,0,2025-09-10 01:30:00,8.1731,9.673,0.0010999999999999233
EWR-1,9/10/2025,01:40:00 am,0,2025-09-10 01:40:00,8.1735,9.662,0.0013000000000001678
EWR-1,9/10/2025,01:50:00 am,0,2025-09-10 01:50:00,8.1737,9.649,0.0011999999999998678
EWR-1,9/10/2025,02:00:00 am,0,2025-09-10 02:00:00,8.1743,9.637,0.001100000000000101
EWR-1,9/10/2025,02:10:00 am,0,2025-09-10 02:10:00,8.1746,9.626,0.00129999999999999
EWR-1,9/10/2025,02:20:00 am,0,2025-09-10 02:20:00,8.1747,9.613,0.0014999999999998793
EWR-1,9/10/2025,02:30:00 am,0,2025-09-10 02:30:00,8.1745,9.598,0.0014000000000001123
EWR-1,9/10/2025,02:40:00 am,0,2025-09-10 02:40:00,8.1747,9.584,0.00129999999999999
EWR-1,9/10/2025,02:50:00 am,0,2025-09-10 02:50:00,8.1736,9.571,0.00129999999999999
EWR-1,9/10/2025,03:00:00 am,0,2025-09-10 03:00:00,8.1733,9.558,0.00129999999999999
EWR-1,9/10/2025,03:10:00 am,0,2025-09-10 03:10:00,8.1731,9.545,0.0013999999999999347
EWR-1,9/10/2025,03:20:00 am,0,2025-09-10 03:20:00,8.173,9.531,0.00129999999999999
EWR-1,9/10/2025,03:30:00 am,0,2025-09-10 03:30:00,8.1725,9.518,0.0014000000000001123
EWR-1,9/10/2025,03:40:00 am,0,2025-09-10 03:40:00,8.1729,9.504,0.0013999999999999347
EWR-1,9/10/2025,03:50:00 am,0,2025-09-10 03:50:00,8.1731,9.49,0.00129999999999999
EWR-1,9/10/2025,04:00:00 am,0,2025-09-10 04:00:00,8.1726,9.477,0.00129999999999999
EWR-1,9/10/2025,04:10:00 am,0,2025-09-10 04:10:00,8.1724,9.464,0.0014000000000001123
EWR-1,9/10/2025,04:20:00 am,0,2025-09-10 04:20:00,8.1717,9.45,0.00129999999999999
EWR-1,9/10/2025,04:30:00 am,0,2025-09-10 04:30:00,8.1718,9.437,0.0013999999999999347
EWR-1,9/10/2025,04:40:00 am,0,2025-09-10 04:40:00,8.1722,9.423,0.00129999999999999
EWR-1,9/10/2025,04:50:00 am,0,2025-09-10 04:50:00,8.172,9.41,0.00129999999999999
EWR-1,9/10/2025,05:00:00 am,0,2025-09-10 05:00:00,8.1721,9.397,0.0014000000000001123
EWR-1,9/10/2025,05:10:00 am,0,2025-09-10 05:10:00,8.1725,9.383,0.00129999999999999
EWR-1,9/10/2025,05:20:00 am,0,2025-09-10 05:20:00,8.1727,9.37,0.0013999999999999347
EWR-1,9/10/2025,05:30:00 am,0,2025-09-10 05:30:00,8.1732,9.356,0.0013999999999999347
EWR-1,9/10/2025,05:40:00 am,0,2025-09-10 05:40:00,8.1737,9.342,0.0014000000000001123
EWR-1,9/10/2025,05:50:00 am,0,2025-09-10 05:50:00,8.1745,9.328,0.0013999999999999347
EWR-1,9/10/2025,06:00:00 am,0,2025-09-10 06:00:00,8.1745,9.314,0.0015000000000000568
EWR-1,9/10/2025,06:10:00 am,0,2025-09-10 06:10:00,8.1749,9.299,0.00129999999999999
EWR-1,9/10/2025,06:20:00 am,0,2025-09-10 06:20:00,8.1747,9.286,0.0014999999999998793
EWR-1,9/10/2025,06:30:00 am,0,2025-09-10 06:30:00,8.1756,9.271,0.0015000000000000568
EWR-1,9/10/2025,06:40:00 am,0,2025-09-10 06:40:00,8.1771,9.256,0.00129999999999999
EWR-1,9/10/2025,06:50:00 am,0,2025-09-10 06:50:00,8.1784,9.243,0.0014000000000001123
EWR-1,9/10/2025,07:00:00 am,0,2025-09-10 07:00:00,8.1792,9.229,0.0013999999999999347
EWR-1,9/10/2025,07:10:00 am,0,2025-09-10 07:10:00,8.1788,9.215,0.00129999999999999
EWR-1,9/10/2025,07:20:00 am,0,2025-09-10 07:20:00,8.1795,9.202,0.0010999999999999233
EWR-1,9/10/2025,07:30:00 am,0,2025-09-10 07:30:00,8.1796,9.191,0.001100000000000101
EWR-1,9/10/2025,07:40:00 am,0,2025-09-10 07:40:00,8.1798,9.18,0.0009000000000000341
EWR-1,9/10/2025,07:50:00 am,0,2025-09-10 07:50:00,8.1789,9.171,0.0008999999999998564
EWR-1,9/10/2025,08:00:00 am,0,2025-09-10 08:00:00,8.1789,9.162,0.0009000000000000341
EWR-1,9/10/2025,08:10:00 am,0,2025-09-10 08:10:00,8.1787,9.153,0.0006999999999999674
EWR-1,9/10/2025,08:20:00 am,0,2025-09-10 08:20:00,8.1782,9.146,0.000700000000000145
EWR-1,9/10/2025,08:30:00 am,0,2025-09-10 08:30:00,8.178,9.139,0.0006999999999999674
EWR-1,9/10/2025,08:40:00 am,0,2025-09-10 08:40:00,8.1787,9.132,0.0009000000000000341
EWR-1,9/10/2025,08:50:00 am,0,2025-09-10 08:50:00,8.1792,9.123,0.0005999999999998451
EWR-1,9/10/2025,09:00:00 am,0,2025-09-10 09:00:00,8.1791,9.117,0.00030000000000001136
EWR-1,9/10/2025,09:10:00 am,0,2025-09-10 09:10:00,8.1793,9.114,0.00010000000000012221
EWR-1,9/10/2025,09:20:00 am,0,2025-09-10 09:20:00,8.1799,9.113,0.00019999999999988915
EWR-1,9/10/2025,09:30:00 am,0,2025-09-10 09:30:00,8.1798,9.111,0.0
EWR-1,9/10/2025,09:40:00 am,0,2025-09-10 09:40:00,8.1796,9.111,0.0002000000000000668
EWR-1,9/10/2025,09:50:00 am,0,2025-09-10 09:50:00,8.1804,9.109,0.0
EWR-1,9/10/2025,10:00:00 am,0,2025-09-10 10:00:00,8.1807,9.109,0.0002000000000000668
EWR-1,9/10/2025,10:10:00 am,0,2025-09-10 10:10:00,8.1809,9.107,9.999999999994457e-05
EWR-1,9/10/2025,10:20:00 am,0,2025-09-10 10:20:00,8.1814,9.106,0.0
EWR-1,9/10/2025,10:30:00 am,0,2025-09-10 10:30:00,8.1818,9.106,9.999999999994457e-05
EWR-1,9/10/2025,10:40:00 am,0,2025-09-10 10:40:00,8.182,9.105,9.999999999994457e-05
EWR-1,9/10/2025,10:50:00 am,0,2025-09-10 10:50:00,8.1819,9.106,0.0002000000000000668
EWR-1,9/10/2025,11:00:00 am,0,2025-09-10 11:00:00,8.1835,9.108,0.00030000000000001136
EWR-1,9/10/2025,11:10:00 am,0,2025-09-10 11:10:00,8.183,9.111,0.00039999999999995595
EWR-1,9/10/2025,11:20:00 am,0,2025-09-10 11:20:00,8.1828,9.115,0.00039999999999995595
EWR-1,9/10/2025,11:30:00 am,0,2025-09-10 11:30:00,8.1815,9.119,0.00039999999999995595
EWR-1,9/10/2025,11:40:00 am,0,2025-09-10 11:40:00,8.181,9.123,0.0004000000000001336
EWR-1,9/10/2025,11:50:00 am,0,2025-09-10 11:50:00,8.1798,9.127,0.00030000000000001136
EWR-1,9/10/2025,12:00:00 pm,0,2025-09-10 12:00:00,8.1779,9.13,0.00039999999999995595
EWR-1,9/10/2025,12:10:00 pm,0,2025-09-10 12:10:00,8.1771,9.134,0.00039999999999995595
EWR-1,9/10/2025,12:20:00 pm,0,2025-09-10 12:20:00,8.1757,9.138,0.0006000000000000227
EWR-1,9/10/2025,12:30:00 pm,0,2025-09-10 12:30:00,8.1738,9.144,0.0009000000000000341
EWR-1,9/10/2025,12:40:00 pm,0,2025-09-10 12:40:00,8.1715,9.153,0.0010999999999999233
EWR-1,9/10/2025,12:50:00 pm,0,2025-09-10 12:50:00,8.1712,9.164,0.001100000000000101
EWR-1,9/10/2025,01:00:00 pm,0,2025-09-10 13:00:00,8.1707,9.175,0.0009999999999999788
EWR-1,9/10/2025,01:10:00 pm,0,2025-09-10 13:10:00,8.1693,9.185,0.0007999999999999119
EWR-1,9/10/2025,01:20:00 pm,0,2025-09-10 13:20:00,8.1691,9.193,0.0006999999999999674
EWR-1,9/10/2025,01:30:00 pm,0,2025-09-10 13:30:00,8.1697,9.2,0.0006000000000000227
EWR-1,9/10/2025,01:40:00 pm,0,2025-09-10 13:40:00,8.1676,9.206,0.0008000000000000895
EWR-1,9/10/2025,01:50:00 pm,0,2025-09-10 13:50:00,8.1668,9.214,0.0006999999999999674
EWR-1,9/10/2025,02:00:00 pm,0,2025-09-10 14:00:00,8.167,9.221,0.0006999999999999674
EWR-1,9/10/2025,02:10:00 pm,0,2025-09-10 14:10:00,8.1684,9.228,0.0005000000000000782
EWR-1,9/10/2025,02:20:00 pm,0,2025-09-10 14:20:00,8.1678,9.233,0.0004999999999999005
EWR-1,9/10/2025,02:30:00 pm,0,2025-09-10 14:30:00,8.1681,9.238,0.0005000000000000782
EWR-1,9/10/2025,02:40:00 pm,0,2025-09-10 14:40:00,8.1689,9.243,0.00039999999999995595
EWR-1,9/10/2025,02:50:00 pm,0,2025-09-10 14:50:00,8.1688,9.247,0.0006000000000000227
EWR-1,9/10/2025,03:00:00 pm,0,2025-09-10 15:00:00,8.1687,9.253,0.0006000000000000227
EWR-1,9/10/2025,03:10:00 pm,0,2025-09-10 15:10:00,8.1682,9.259,0.0006000000000000227
EWR-1,9/10/2025,03:20:00 pm,0,2025-09-10 15:20:00,8.168,9.265,0.0008999999999998564
EWR-1,9/10/2025,03:30:00 pm,0,2025-09-10 15:30:00,8.1671,9.274,0.0010000000000001564
EWR-1,9/10/2025,03:40:00 pm,0,2025-09-10 15:40:00,8.1676,9.284,0.0009999999999999788
EWR-1,9/10/2025,03:50:00 pm,0,2025-09-10 15:50:00,8.1671,9.294,0.0009999999999999788
EWR-1,9/10/2025,04:00:00 pm,0,2025-09-10 16:00:00,8.1665,9.304,0.0009000000000000341
EWR-1,9/10/2025,04:10:00 pm,0,2025-09-10 16:10:00,8.1653,9.313,0.0008999999999998564
EWR-1,9/10/2025,04:20:00 pm,0,2025-09-10 16:20:00,8.1652,9.322,0.0008000000000000895
EWR-1,9/10/2025,04:30:00 pm,0,2025-09-10 16:30:00,8.1668,9.33,0.0007999999999999119
EWR-1,9/10/2025,04:40:00 pm,0,2025-09-10 16:40:00,8.1672,9.338,0.0005000000000000782
EWR-1,9/10/2025,04:50:00 pm,0,2025-09-10 16:50:00,8.1688,9.343,0.0006000000000000227
EWR-1,9/10/2025,05:00:00 pm,0,2025-09-10 17:00:00,8.1693,9.349,0.00039999999999995595
EWR-1,9/10/2025,05:10:00 pm,0,2025-09-10 17:10:00,8.1695,9.353,0.00030000000000001136
EWR-1,9/10/2025,05:20:00 pm,0,2025-09-10 17:20:00,8.1709,9.356,0.0005000000000000782
EWR-1,9/10/2025,05:30:00 pm,0,2025-09-10 17:30:00,8.1712,9.361,0.0004999999999999005
EWR-1,9/10/2025,05:40:00 pm,0,2025-09-10 17:40:00,8.1722,9.366,0.0006000000000000227
EWR-1,9/10/2025,05:50:00 pm,0,2025-09-10 17:50:00,8.1719,9.372,0.0006000000000000227
EWR-1,9/10/2025,06:00:00 pm,0,2025-09-10 18:00:00,8.1725,9.378,0.0004999999999999005
EWR-1,9/10/2025,06:10:00 pm,0,2025-09-10 18:10:00,8.1726,9.383,0.0005000000000000782
EWR-1,9/10/2025,06:20:00 pm,0,2025-09-10 18:20:00,8.1735,9.388,0.00030000000000001136
EWR-1,9/10/2025,06:30:00 pm,0,2025-09-10 18:30:00,8.1744,9.391,0.0002000000000000668
EWR-1,9/10/2025,06:40:00 pm,0,2025-09-10 18:40:00,8.1758,9.393,9.999999999994457e-05
EWR-1,9/10/2025,06:50:00 pm,0,2025-09-10 18:50:00,8.1777,9.394,9.999999999994457e-05
EWR-1,9/10/2025,07:00:00 pm,0,2025-09-10 19:00:00,8.1786,9.395,0.00019999999999988915
EWR-1,9/10/2025,07:10:00 pm,0,2025-09-10 19:10:00,8.1797,9.393,0.00030000000000001136
EWR-1,9/10/2025,07:20:00 pm,0,2025-09-10 19:20:00,8.1809,9.39,0.0004000000000001336
EWR-1,9/10/2025,07:30:00 pm,0,2025-09-10 19:30:00,8.1827,9.386,0.00039999999999995595
EWR-1,9/10/2025,07:40:00 pm,0,2025-09-10 19:40:00,8.1841,9.382,0.0006000000000000227
EWR-1,9/10/2025,07:50:00 pm,0,2025-09-10 19:50:00,8.186,9.376,0.0006999999999999674
EWR-1,9/10/2025,08:00:00 pm,0,2025-09-10 20:00:00,8.1876,9.369,0.0006000000000000227
EWR-1,9/10/2025,08:10:00 pm,0,2025-09-10 20:10:00,8.1882,9.363,0.0006999999999999674
EWR-1,9/10/2025,08:20:00 pm,0,2025-09-10 20:20:00,8.188,9.356,0.0006999999999999674
EWR-1,9/10/2025,08:30:00 pm,0,2025-09-10 20:30:00,8.188,9.349,0.0006999999999999674
EWR-1,9/10/2025,08:40:00 pm,0,2025-09-10 20:40:00,8.189,9.342,0.0006999999999999674
EWR-1,9/10/2025,08:50:00 pm,0,2025-09-10 20:50:00,8.1906,9.335,0.000700000000000145
EWR-1,9/10/2025,09:00:00 pm,0,2025-09-10 21:00:00,8.1926,9.328,0.0006999999999999674
EWR-1,9/10/2025,09:10:00 pm,0,2025-09-10 21:10:00,8.1939,9.321,0.0007999999999999119
EWR-1,9/10/2025,09:20:00 pm,0,2025-09-10 21:20:00,8.1946,9.313,0.0009000000000000341
EWR-1,9/10/2025,09:30:00 pm,0,2025-09-10 21:30:00,8.1954,9.304,0.0006999999999999674
EWR-1,9/10/2025,09:40:00 pm,0,2025-09-10 21:40:00,8.1952,9.297,0.000700000000000145
EWR-1,9/10/2025,09:50:00 pm,0,2025-09-10 21:50:00,8.1957,9.29,0.0007999999999999119
EWR-1,9/10/2025,10:00:00 pm,0,2025-09-10 22:00:00,8.1961,9.282,0.0009000000000000341
EWR-1,9/10/2025,10:10:00 pm,0,2025-09-10 22:10:00,8.196,9.273,0.0006999999999999674
EWR-1,9/10/2025,10:20:00 pm,0,2025-09-10 22:20:00,8.196,9.266,0.0009000000000000341
EWR-1,9/10/2025,10:30:00 pm,0,2025-09-10 22:30:00,8.1953,9.257,0.0007999999999999119
EWR-1,9/10/2025,10:40:00 pm,0,2025-09-10 22:40:00,8.1958,9.249,0.0009000000000000341
EWR-1,9/10/2025,10:50:00 pm,0,2025-09-10 22:50:00,8.1961,9.24,0.0009000000000000341
EWR-1,9/10/2025,11:00:00 pm,0,2025-09-10 23:00:00,8.1965,9.231,0.0007999999999999119
EWR-1,9/10/2025,11:10:00 pm,0,2025-09-10 23:10:00,8.1964,9.223,0.0009000000000000341
EWR-1,9/10/2025,11:20:00 pm,0,2025-09-10 23:20:00,8.1976,9.214,0.0009999999999999788
EWR-1,9/10/2025,11:30:00 pm,0,2025-09-10 23:30:00,8.1988,9.204,0.0009999999999999788
EWR-1,9/10/2025,11:40:00 pm,0,2025-09-10 23:40:00,8.1993,9.194,0.0010000000000001564
EWR-1,9/10/2025,11:50:00 pm,0,2025-09-10 23:50:00,8.1992,9.184,0.0009999999999999788
EWR-1,9/11/2025,12:00:00 am,0,2025-09-11 00:00:00,8.1992,9.174,0.0010999999999999233
EWR-1,9/11/2025,12:10:00 am,0,2025-09-11 00:10:00,8.1989,9.163,0.0014000000000001123
EWR-1,9/11/2025,12:20:00 am,0,2025-09-11 00:20:00,8.1988,9.149,0.00129999999999999
EWR-1,9/11/2025,12:30:00 am,0,2025-09-11 00:30:00,8.1995,9.136,0.0011999999999998678
EWR-1,9/11/2025,12:40:00 am,0,2025-09-11 00:40:00,8.1995,9.124,0.0012000000000000454
EWR-1,9/11/2025,12:50:00 am,0,2025-09-11 00:50:00,8.1995,9.112,0.0012000000000000454
EWR-1,9/11/2025,01:00:00 am,0,2025-09-11 01:00:00,8.199,9.1,0.0010999999999999233
EWR-1,9/11/2025,01:10:00 am,0,2025-09-11 01:10:00,8.1987,9.089,0.0012000000000000454
EWR-1,9/11/2025,01:20:00 am,0,2025-09-11 01:20:00,8.1991,9.077,0.0010999999999999233
EWR-1,9/11/2025,01:30:00 am,0,2025-09-11 01:30:00,8.1997,9.066,0.00129999999999999
EWR-1,9/11/2025,01:40:00 am,0,2025-09-11 01:40:00,8.2001,9.053,0.0012000000000000454
EWR-1,9/11/2025,01:50:00 am,0,2025-09-11 01:50:00,8.2005,9.041,0.0012000000000000454
EWR-1,9/11/2025,02:00:00 am,0,2025-09-11 02:00:00,8.2014,9.029,0.0012000000000000454
EWR-1,9/11/2025,02:10:00 am,0,2025-09-11 02:10:00,8.2013,9.017,0.0011999999999998678
EWR-1,9/11/2025,02:20:00 am,0,2025-09-11 02:20:00,8.2017,9.005,0.0012000000000000454
EWR-1,9/11/2025,02:30:00 am,0,2025-09-11 02:30:00,8.2023,8.993,0.001100000000000101
EWR-1,9/11/2025,02:40:00 am,0,2025-09-11 02:40:00,8.2032,8.982,0.0010999999999999233
EWR-1,9/11/2025,02:50:00 am,0,2025-09-11 02:50:00,8.2042,8.971,0.00129999999999999
EWR-1,9/11/2025,03:00:00 am,0,2025-09-11 03:00:00,8.2041,8.958,0.0012000000000000454
EWR-1,9/11/2025,03:10:00 am,0,2025-09-11 03:10:00,8.2037,8.946,0.0012000000000000454
EWR-1,9/11/2025,03:20:00 am,0,2025-09-11 03:20:00,8.2034,8.934,0.00129999999999999
EWR-1,9/11/2025,03:30:00 am,0,2025-09-11 03:30:00,8.2044,8.921,0.00129999999999999
EWR-1,9/11/2025,03:40:00 am,0,2025-09-11 03:40:00,8.2056,8.908,0.0010999999999999233
EWR-1,9/11/2025,03:50:00 am,0,2025-09-11 03:50:00,8.2062,8.897,0.0012000000000000454
EWR-1,9/11/2025,04:00:00 am,0,2025-09-11 04:00:00,8.2071,8.885,0.0012000000000000454
EWR-1,9/11/2025,04:10:00 am,0,2025-09-11 04:10:00,8.2071,8.873,0.0010999999999999233
EWR-1,9/11/2025,04:20:00 am,0,2025-09-11 04:20:00,8.2069,8.862,0.0009000000000000341
EWR-1,9/11/2025,04:30:00 am,0,2025-09-11 04:30:00,8.2113,8.853,0.0006999999999999674
EWR-1,9/11/2025,04:40:00 am,0,2025-09-11 04:40:00,8.2085,8.846,0.0006999999999999674
EWR-1,9/11/2025,04:50:00 am,0,2025-09-11 04:50:00,8.2092,8.839,0.0006999999999999674
EWR-1,9/11/2025,05:00:00 am,0,2025-09-11 05:00:00,8.209,8.832,0.000700000000000145
EWR-1,9/11/2025,05:10:00 am,0,2025-09-11 05:10:00,8.2084,8.825,0.0008999999999998564
EWR-1,9/11/2025,05:20:00 am,0,2025-09-11 05:20:00,8.2086,8.816,0.001100000000000101
EWR-1,9/11/2025,05:30:00 am,0,2025-09-11 05:30:00,8.2082,8.805,0.0010999999999999233
EWR-1,9/11/2025,05:40:00 am,0,2025-09-11 05:40:00,8.2079,8.794,0.001100000000000101
EWR-1,9/11/2025,05:50:00 am,0,2025-09-11 05:50:00,8.2086,8.783,0.0010999999999999233
EWR-1,9/11/2025,06:00:00 am,0,2025-09-11 06:00:00,8.2091,8.772,0.0009999999999999788
EWR-1,9/11/2025,06:10:00 am,0,2025-09-11 06:10:00,8.2093,8.762,0.001100000000000101
EWR-1,9/11/2025,06:20:00 am,0,2025-09-11 06:20:00,8.2081,8.751,0.0010999999999999233
EWR-1,9/11/2025,06:30:00 am,0,2025-09-11 06:30:00,8.2081,8.74,0.0012000000000000454
EWR-1,9/11/2025,06:40:00 am,0,2025-09-11 06:40:00,8.2097,8.728,0.0012000000000000454
EWR-1,9/11/2025,06:50:00 am,0,2025-09-11 06:50:00,8.2114,8.716,0.0008999999999998564
EWR-1,9/11/2025,07:00:00 am,0,2025-09-11 07:00:00,8.2127,8.707,0.0008000000000000895
EWR-1,9/11/2025,07:10:00 am,0,2025-09-11 07:10:00,8.2142,8.699,0.0004999999999999005
EWR-1,9/11/2025,07:20:00 am,0,2025-09-11 07:20:00,8.2157,8.694,0.0006000000000000227
EWR-1,9/11/2025,07:30:00 am,0,2025-09-11 07:30:00,8.2168,8.688,0.0006000000000000227
EWR-1,9/11/2025,07:40:00 am,0,2025-09-11 07:40:00,8.2176,8.682,0.0009000000000000341
EWR-1,9/11/2025,07:50:00 am,0,2025-09-11 07:50:00,8.2175,8.673,0.0008000000000000895
EWR-1,9/11/2025,08:00:00 am,0,2025-09-11 08:00:00,8.2171,8.665,0.0007999999999999119
EWR-1,9/11/2025,08:10:00 am,0,2025-09-11 08:10:00,8.2176,8.657,0.0006999999999999674
EWR-1,9/11/2025,08:20:00 am,0,2025-09-11 08:20:00,8.2174,8.65,0.0006000000000000227
EWR-1,9/11/2025,08:30:00 am,0,2025-09-11 08:30:00,8.2182,8.644,0.0005000000000000782
EWR-1,9/11/2025,08:40:00 am,0,2025-09-11 08:40:00,8.2182,8.639,0.0004999999999999005
EWR-1,9/11/2025,08:50:00 am,0,2025-09-11 08:50:00,8.2188,8.634,0.0006000000000000227
EWR-1,9/11/2025,09:00:00 am,0,2025-09-11 09:00:00,8.219,8.628,0.0005000000000000782
EWR-1,9/11/2025,09:10:00 am,0,2025-09-11 09:10:00,8.2202,8.623,0.00030000000000001136
EWR-1,9/11/2025,09:20:00 am,0,2025-09-11 09:20:00,8.2206,8.62,0.00039999999999995595
EWR-1,9/11/2025,09:30:00 am,0,2025-09-11 09:30:00,8.2202,8.616,0.00030000000000001136
EWR-1,9/11/2025,09:40:00 am,0,2025-09-11 09:40:00,8.22,8.613,0.00019999999999988915
EWR-1,9/11/2025,09:50:00 am,0,2025-09-11 09:50:00,8.2203,8.611,0.00030000000000001136
EWR-1,9/11/2025,10:00:00 am,0,2025-09-11 10:00:00,8.2203,8.608,0.0002000000000000668
EWR-1,9/11/2025,10:10:00 am,0,2025-09-11 10:10:00,8.2208,8.606,0.0002000000000000668
EWR-1,9/11/2025,10:20:00 am,0,2025-09-11 10:20:00,8.2213,8.604,9.999999999994457e-05
EWR-1,9/11/2025,10:30:00 am,0,2025-09-11 10:30:00,8.2213,8.603,0.0
EWR-1,9/11/2025,10:40:00 am,0,2025-09-11 10:40:00,8.2217,8.603,9.999999999994457e-05
EWR-1,9/11/2025,10:50:00 am,0,2025-09-11 10:50:00,8.2226,8.604,0.00010000000000012221
EWR-1,9/11/2025,11:00:00 am,0,2025-09-11 11:00:00,8.2225,8.605,0.00019999999999988915
EWR-1,9/11/2025,11:10:00 am,0,2025-09-11 11:10:00,8.2223,8.607,0.00030000000000001136
EWR-1,9/11/2025,11:20:00 am,0,2025-09-11 11:20:00,8.2218,8.61,0.00030000000000001136
EWR-1,9/11/2025,11:30:00 am,0,2025-09-11 11:30:00,8.2218,8.613,0.00030000000000001136
EWR-1,9/11/2025,11:40:00 am,0,2025-09-11 11:40:00,8.222,8.616,0.0005000000000000782
EWR-1,9/11/2025,11:50:00 am,0,2025-09-11 11:50:00,8.2214,8.621,0.0004999999999999005
EWR-1,9/11/2025,12:00:00 pm,0,2025-09-11 12:00:00,8.2205,8.626,0.0006000000000000227
EWR-1,9/11/2025,12:10:00 pm,0,2025-09-11 12:10:00,8.2189,8.632,0.0006999999999999674
EWR-1,9/11/2025,12:20:00 pm,0,2025-09-11 12:20:00,8.2188,8.639,0.0009000000000000341
EWR-1,9/11/2025,12:30:00 pm,0,2025-09-11 12:30:00,8.2181,8.648,0.001100000000000101
EWR-1,9/11/2025,12:40:00 pm,0,2025-09-11 12:40:00,8.216,8.659,0.0011999999999998678
EWR-1,9/11/2025,12:50:00 pm,0,2025-09-11 12:50:00,8.2145,8.671,0.0014000000000001123
EWR-1,9/11/2025,01:00:00 pm,0,2025-09-11 13:00:00,8.2125,8.685,0.00129999999999999
EWR-1,9/11/2025,01:10:00 pm,0,2025-09-11 13:10:00,8.211,8.698,0.0014999999999998793
EWR-1,9/11/2025,01:20:00 pm,0,2025-09-11 13:20:00,8.2083,8.713,0.0015000000000000568
EWR-1,9/11/2025,01:30:00 pm,0,2025-09-11 13:30:00,8.2063,8.728,0.0012000000000000454
EWR-1,9/11/2025,01:40:00 pm,0,2025-09-11 13:40:00,8.2056,8.74,0.0012000000000000454
EWR-1,9/11/2025,01:50:00 pm,0,2025-09-11 13:50:00,8.2043,8.752,0.0009999999999999788
EWR-1,9/11/2025,02:00:00 pm,0,2025-09-11 14:00:00,8.2034,8.762,0.0009000000000000341
EWR-1,9/11/2025,02:10:00 pm,0,2025-09-11 14:10:00,8.2021,8.771,0.0008999999999998564
EWR-1,9/11/2025,02:20:00 pm,0,2025-09-11 14:20:00,8.2006,8.78,0.001100000000000101
EWR-1,9/11/2025,02:30:00 pm,0,2025-09-11 14:30:00,8.1994,8.791,0.0014999999999998793
EWR-1,9/11/2025,02:40:00 pm,0,2025-09-11 14:40:00,8.1975,8.806,0.0015000000000000568
EWR-1,9/11/2025,02:50:00 pm,0,2025-09-11 14:50:00,8.1963,8.821,0.0014000000000001123
EWR-1,9/11/2025,03:00:00 pm,0,2025-09-11 15:00:00,8.1956,8.835,0.0013999999999999347
EWR-1,9/11/2025,03:10:00 pm,0,2025-09-11 15:10:00,8.1956,8.849,0.0010999999999999233
EWR-1,9/11/2025,03:20:00 pm,0,2025-09-11 15:20:00,8.1962,8.86,0.0008000000000000895
EWR-1,9/11/2025,03:30:00 pm,0,2025-09-11 15:30:00,8.1963,8.868,0.0006999999999999674
EWR-1,9/11/2025,03:40:00 pm,0,2025-09-11 15:40:00,8.1977,8.875,0.0006999999999999674
EWR-1,9/11/2025,03:50:00 pm,0,2025-09-11 15:50:00,8.1984,8.882,0.00039999999999995595
EWR-1,9/11/2025,04:00:00 pm,0,2025-09-11 16:00:00,8.1984,8.886,0.0005000000000000782
EWR-1,9/11/2025,04:10:00 pm,0,2025-09-11 16:10:00,8.1992,8.891,0.0005000000000000782
EWR-1,9/11/2025,04:20:00 pm,0,2025-09-11 16:20:00,8.1989,8.896,0.0004999999999999005
EWR-1,9/11/2025,04:30:00 pm,0,2025-09-11 16:30:00,8.2006,8.901,0.0005000000000000782
EWR-1,9/11/2025,04:40:00 pm,0,2025-09-11 16:40:00,8.2025,8.906,0.00039999999999995595
EWR-1,9/11/2025,04:50:00 pm,0,2025-09-11 16:50:00,8.2044,8.91,0.00030000000000001136
EWR-1,9/11/2025,05:00:00 pm,0,2025-09-11 17:00:00,8.2058,8.913,0.00039999999999995595
EWR-1,9/11/2025,05:10:00 pm,0,2025-09-11 17:10:00,8.2079,8.917,0.0002000000000000668
EWR-1,9/11/2025,05:20:00 pm,0,2025-09-11 17:20:00,8.21,8.919,0.00030000000000001136
EWR-1,9/11/2025,05:30:00 pm,0,2025-09-11 17:30:00,8.2101,8.922,0.00019999999999988915
EWR-1,9/11/2025,05:40:00 pm,0,2025-09-11 17:40:00,8.2112,8.924,0.00030000000000001136
EWR-1,9/11/2025,05:50:00 pm,0,2025-09-11 17:50:00,8.2108,8.927,0.00030000000000001136
EWR-1,9/11/2025,06:00:00 pm,0,2025-09-11 18:00:00,8.2118,8.93,0.00030000000000001136
EWR-1,9/11/2025,06:10:00 pm,0,2025-09-11 18:10:00,8.2119,8.933,0.00039999999999995595
EWR-1,9/11/2025,06:20:00 pm,0,2025-09-11 18:20:00,8.2126,8.937,0.00030000000000001136
EWR-1,9/11/2025,06:30:00 pm,0,2025-09-11 18:30:00,8.2127,8.94,0.00030000000000001136
EWR-1,9/11/2025,06:40:00 pm,0,2025-09-11 18:40:00,8.2132,8.943,0.00030000000000001136
EWR-1,9/11/2025,06:50:00 pm,0,2025-09-11 18:50:00,8.2141,8.946,0.00030000000000001136
EWR-1,9/11/2025,07:00:00 pm,0,2025-09-11 19:00:00,8.214,8.949,0.00030000000000001136
EWR-1,9/11/2025,07:10:00 pm,0,2025-09-11 19:10:00,8.2141,8.952,0.0002000000000000668
EWR-1,9/11/2025,07:20:00 pm,0,2025-09-11 19:20:00,8.2145,8.954,0.00019999999999988915
EWR-1,9/11/2025,07:30:00 pm,0,2025-09-11 19:30:00,8.2155,8.956,0.0002000000000000668
EWR-1,9/11/2025,07:40:00 pm,0,2025-09-11 19:40:00,8.2166,8.958,9.999999999994457e-05
EWR-1,9/11/2025,07:50:00 pm,0,2025-09-11 19:50:00,8.2176,8.959,0.00010000000000012221
EWR-1,9/11/2025,08:00:00 pm,0,2025-09-11 20:00:00,8.219,8.96,0.0
EWR-1,9/11/2025,08:10:00 pm,0,2025-09-11 20:10:00,8.2194,8.96,9.999999999994457e-05
EWR-1,9/11/2025,08:20:00 pm,0,2025-09-11 20:20:00,8.2198,8.961,0.0
EWR-1,9/11/2025,08:30:00 pm,0,2025-09-11 20:30:00,8.2213,8.961,9.999999999994457e-05
EWR-1,9/11/2025,08:40:00 pm,0,2025-09-11 20:40:00,8.2224,8.96,0.00010000000000012221
EWR-1,9/11/2025,08:50:00 pm,0,2025-09-11 20:50:00,8.2229,8.959,9.999999999994457e-05
EWR-1,9/11/2025,09:00:00 pm,0,2025-09-11 21:00:00,8.2237,8.958,0.0002000000000000668
EWR-1,9/11/2025,09:10:00 pm,0,2025-09-11 21:10:00,8.2245,8.956,9.999999999994457e-05
EWR-1,9/11/2025,09:20:00 pm,0,2025-09-11 21:20:00,8.2253,8.955,0.0002000000000000668
EWR-1,9/11/2025,09:30:00 pm,0,2025-09-11 21:30:00,8.226,8.953,0.00030000000000001136
EWR-1,9/11/2025,09:40:00 pm,0,2025-09-11 21:40:00,8.226,8.95,0.00019999999999988915
EWR-1,9/11/2025,09:50:00 pm,0,2025-09-11 21:50:00,8.2269,8.948,0.00030000000000001136
EWR-1,9/11/2025,10:00:00 pm,0,2025-09-11 22:00:00,8.2269,8.945,0.00030000000000001136
EWR-1,9/11/2025,10:10:00 pm,0,2025-09-11 22:10:00,8.2274,8.942,0.00039999999999995595
EWR-1,9/11/2025,10:20:00 pm,0,2025-09-11 22:20:00,8.2278,8.938,0.0004000000000001336
EWR-1,9/11/2025,10:30:00 pm,0,2025-09-11 22:30:00,8.2275,8.934,0.00039999999999995595
EWR-1,9/11/2025,10:40:00 pm,0,2025-09-11 22:40:00,8.2286,8.93,0.00039999999999995595
EWR-1,9/11/2025,10:50:00 pm,0,2025-09-11 22:50:00,8.2281,8.926,0.00039999999999995595
EWR-1,9/11/2025,11:00:00 pm,0,2025-09-11 23:00:00,8.228,8.922,0.00030000000000001136
EWR-1,9/11/2025,11:10:00 pm,0,2025-09-11 23:10:00,8.2274,8.919,0.0004000000000001336
EWR-1,9/11/2025,11:20:00 pm,0,2025-09-11 23:20:00,8.2272,8.915,0.00019999999999988915
EWR-1,9/11/2025,11:30:00 pm,0,2025-09-11 23:30:00,8.2261,8.913,0.00030000000000001136
EWR-1,9/11/2025,11:40:00 pm,0,2025-09-11 23:40:00,8.2256,8.91,0.0002000000000000668
EWR-1,9/11/2025,11:50:00 pm,0,2025-09-11 23:50:00,8.226,8.908,0.00030000000000001136
EWR-1,9/12/2025,12:00:00 am,0,2025-09-12 00:00:00,8.226,8.905,0.00030000000000001136
EWR-1,9/12/2025,12:10:00 am,0,2025-09-12 00:10:00,8.2259,8.902,0.00039999999999995595
EWR-1,9/12/2025,12:20:00 am,0,2025-09-12 00:20:00,8.2261,8.898,0.0006999999999999674
EWR-1,9/12/2025,12:30:00 am,0,2025-09-12 00:30:00,8.2257,8.891,0.0006999999999999674
EWR-1,9/12/2025,12:40:00 am,0,2025-09-12 00:40:00,8.2265,8.884,0.0008000000000000895
EWR-1,9/12/2025,12:50:00 am,0,2025-09-12 00:50:00,8.2273,8.876,0.0006999999999999674
EWR-1,9/12/2025,01:00:00 am,0,2025-09-12 01:00:00,8.2271,8.869,0.0007999999999999119
EWR-1,9/12/2025,01:10:00 am,0,2025-09-12 01:10:00,8.2264,8.861,0.000700000000000145
EWR-1,9/12/2025,01:20:00 am,0,2025-09-12 01:20:00,8.2259,8.854,0.0005999999999998451
EWR-1,9/12/2025,01:30:00 am,0,2025-09-12 01:30:00,8.2256,8.848,0.0005000000000000782
EWR-1,9/12/2025,01:40:00 am,0,2025-09-12 01:40:00,8.2254,8.843,0.0005000000000000782
EWR-1,9/12/2025,01:50:00 am,0,2025-09-12 01:50:00,8.2251,8.838,0.0004999999999999005
EWR-1,9/12/2025,02:00:00 am,0,2025-09-12 02:00:00,8.2247,8.833,0.0005000000000000782
EWR-1,9/12/2025,02:10:00 am,0,2025-09-12 02:10:00,8.2246,8.828,0.0004999999999999005
EWR-1,9/12/2025,02:20:00 am,0,2025-09-12 02:20:00,8.224,8.823,0.0006000000000000227
EWR-1,9/12/2025,02:30:00 am,0,2025-09-12 02:30:00,8.2233,8.817,0.0005000000000000782
EWR-1,9/12/2025,02:40:00 am,0,2025-09-12 02:40:00,8.2223,8.812,0.0006999999999999674
EWR-1,9/12/2025,02:50:00 am,0,2025-09-12 02:50:00,8.2232,8.805,0.0007999999999999119
EWR-1,9/12/2025,03:00:00 am,0,2025-09-12 03:00:00,8.2228,8.797,0.0008000000000000895
EWR-1,9/12/2025,03:10:00 am,0,2025-09-12 03:10:00,8.2235,8.789,0.0009000000000000341
EWR-1,9/12/2025,03:20:00 am,0,2025-09-12 03:20:00,8.2243,8.78,0.0008999999999998564
EWR-1,9/12/2025,03:30:00 am,0,2025-09-12 03:30:00,8.2243,8.771,0.0008000000000000895
EWR-1,9/12/2025,03:40:00 am,0,2025-09-12 03:40:00,8.2247,8.763,0.0007999999999999119
EWR-1,9/12/2025,03:50:00 am,0,2025-09-12 03:50:00,8.225,8.755,0.000700000000000145
EWR-1,9/12/2025,04:00:00 am,0,2025-09-12 04:00:00,8.2254,8.748,0.0006999999999999674
EWR-1,9/12/2025,04:10:00 am,0,2025-09-12 04:10:00,8.2247,8.741,0.0006000000000000227
EWR-1,9/12/2025,04:20:00 am,0,2025-09-12 04:20:00,8.2242,8.735,0.0006000000000000227
EWR-1,9/12/2025,04:30:00 am,0,2025-09-12 04:30:00,8.2242,8.729,0.0005999999999998451
EWR-1,9/12/2025,04:40:00 am,0,2025-09-12 04:40:00,8.2234,8.723,0.0005000000000000782
EWR-1,9/12/2025,04:50:00 am,0,2025-09-12 04:50:00,8.2234,8.718,0.0005000000000000782
EWR-1,9/12/2025,05:00:00 am,0,2025-09-12 05:00:00,8.2229,8.713,0.0004999999999999005
EWR-1,9/12/2025,05:10:00 am,0,2025-09-12 05:10:00,8.2232,8.708,0.0005000000000000782
EWR-1,9/12/2025,05:20:00 am,0,2025-09-12 05:20:00,8.2232,8.703,0.0006000000000000227
EWR-1,9/12/2025,05:30:00 am,0,2025-09-12 05:30:00,8.2224,8.697,0.0005999999999998451
EWR-1,9/12/2025,05:40:00 am,0,2025-09-12 05:40:00,8.2223,8.691,0.0008000000000000895
EWR-1,9/12/2025,05:50:00 am,0,2025-09-12 05:50:00,8.2229,8.683,0.0007999999999999119
EWR-1,9/12/2025,06:00:00 am,0,2025-09-12 06:00:00,8.2233,8.675,0.0008000000000000895
EWR-1,9/12/2025,06:10:00 am,0,2025-09-12 06:10:00,8.2235,8.667,0.0007999999999999119
EWR-1,9/12/2025,06:20:00 am,0,2025-09-12 06:20:00,8.2237,8.659,0.0008000000000000895
EWR-1,9/12/2025,06:30:00 am,0,2025-09-12 06:30:00,8.2237,8.651,0.0009000000000000341
EWR-1,9/12/2025,06:40:00 am,0,2025-09-12 06:40:00,8.2247,8.642,0.0009000000000000341
EWR-1,9/12/2025,06:50:00 am,0,2025-09-12 06:50:00,8.2255,8.633,0.0007999999999999119
EWR-1,9/12/2025,07:00:00 am,0,2025-09-12 07:00:00,8.2262,8.625,0.0009000000000000341
EWR-1,9/12/2025,07:10:00 am,0,2025-09-12 07:10:00,8.2257,8.616,0.0009000000000000341
EWR-1,9/12/2025,07:20:00 am,0,2025-09-12 07:20:00,8.2265,8.607,0.0008999999999998564
EWR-1,9/12/2025,07:30:00 am,0,2025-09-12 07:30:00,8.228,8.598,0.000700000000000145
EWR-1,9/12/2025,07:40:00 am,0,2025-09-12 07:40:00,8.229,8.591,0.0006999999999999674
EWR-1,9/12/2025,07:50:00 am,0,2025-09-12 07:50:00,8.229,8.584,0.0006000000000000227
EWR-1,9/12/2025,08:00:00 am,0,2025-09-12 08:00:00,8.2298,8.578,0.0006999999999999674
EWR-1,9/12/2025,08:10:00 am,0,2025-09-12 08:10:00,8.2305,8.571,0.0007999999999999119
EWR-1,9/12/2025,08:20:00 am,0,2025-09-12 08:20:00,8.2306,8.563,0.0005000000000000782
EWR-1,9/12/2025,08:30:00 am,0,2025-09-12 08:30:00,8.2306,8.558,0.00030000000000001136
EWR-1,9/12/2025,08:40:00 am,0,2025-09-12 08:40:00,8.229,8.555,0.00030000000000001136
EWR-1,9/12/2025,08:50:00 am,0,2025-09-12 08:50:00,8.2293,8.552,9.999999999994457e-05
EWR-1,9/12/2025,09:00:00 am,0,2025-09-12 09:00:00,8.2298,8.551,9.999999999994457e-05
EWR-1,9/12/2025,09:10:00 am,0,2025-09-12 09:10:00,8.2305,8.55,0.00010000000000012221
EWR-1,9/12/2025,09:20:00 am,0,2025-09-12 09:20:00,8.2301,8.549,0.00030000000000001136
EWR-1,9/12/2025,09:30:00 am,0,2025-09-12 09:30:00,8.2306,8.546,0.00019999999999988915
EWR-1,9/12/2025,09:40:00 am,0,2025-09-12 09:40:00,8.2312,8.544,0.00010000000000012221
EWR-1,9/12/2025,09:50:00 am,0,2025-09-12 09:50:00,8.2314,8.543,0.0
EWR-1,9/12/2025,10:00:00 am,0,2025-09-12 10:00:00,8.2314,8.543,9.999999999994457e-05
EWR-1,9/12/2025,10:10:00 am,0,2025-09-12 10:10:00,8.2315,8.542,0.0002000000000000668
EWR-1,9/12/2025,10:20:00 am,0,2025-09-12 10:20:00,8.2306,8.54,9.999999999994457e-05
EWR-1,9/12/2025,10:30:00 am,0,2025-09-12 10:30:00,8.2308,8.539,0.0
EWR-1,9/12/2025,10:40:00 am,0,2025-09-12 10:40:00,8.2306,8.539,0.0
EWR-1,9/12/2025,10:50:00 am,0,2025-09-12 10:50:00,8.2306,8.539,0.0
EWR-1,9/12/2025,11:00:00 am,0,2025-09-12 11:00:00,8.2301,8.539,9.999999999994457e-05
EWR-1,9/12/2025,11:10:00 am,0,2025-09-12 11:10:00,8.2303,8.54,0.00030000000000001136
EWR-1,9/12/2025,11:20:00 am,0,2025-09-12 11:20:00,8.2305,8.543,0.0004000000000001336
EWR-1,9/12/2025,11:30:00 am,0,2025-09-12 11:30:00,8.2304,8.547,0.00039999999999995595
EWR-1,9/12/2025,11:40:00 am,0,2025-09-12 11:40:00,8.2296,8.551,0.00030000000000001136
EWR-1,9/12/2025,11:50:00 am,0,2025-09-12 11:50:00,8.23,8.554,0.00030000000000001136
EWR-1,9/12/2025,12:00:00 pm,0,2025-09-12 12:00:00,8.2297,8.557,0.0006000000000000227
EWR-1,9/12/2025,12:10:00 pm,0,2025-09-12 12:10:00,8.2289,8.563,0.0006000000000000227
EWR-1,9/12/2025,12:20:00 pm,0,2025-09-12 12:20:00,8.2284,8.569,0.0005999999999998451
EWR-1,9/12/2025,12:30:00 pm,0,2025-09-12 12:30:00,8.2283,8.575,0.000700000000000145
EWR-1,9/12/2025,12:40:00 pm,0,2025-09-12 12:40:00,8.2278,8.582,0.0007999999999999119
EWR-1,9/12/2025,12:50:00 pm,0,2025-09-12 12:50:00,8.2269,8.59,0.0009000000000000341
EWR-1,9/12/2025,01:00:00 pm,0,2025-09-12 13:00:00,8.2263,8.599,0.0010999999999999233
EWR-1,9/12/2025,01:10:00 pm,0,2025-09-12 13:10:00,8.225,8.61,0.0012000000000000454
EWR-1,9/12/2025,01:20:00 pm,0,2025-09-12 13:20:00,8.2239,8.622,0.0012000000000000454
EWR-1,9/12/2025,01:30:00 pm,0,2025-09-12 13:30:00,8.2225,8.634,0.0012000000000000454
EWR-1,9/12/2025,01:40:00 pm,0,2025-09-12 13:40:00,8.2209,8.646,0.0010999999999999233
EWR-1,9/12/2025,01:50:00 pm,0,2025-09-12 13:50:00,8.2186,8.657,0.0009999999999999788
EWR-1,9/12/2025,02:00:00 pm,0,2025-09-12 14:00:00,8.216,8.667,0.0009999999999999788
EWR-1,9/12/2025,02:10:00 pm,0,2025-09-12 14:10:00,8.215,8.677,0.0009000000000000341
EWR-1,9/12/2025,02:20:00 pm,0,2025-09-12 14:20:00,8.2134,8.686,0.0009000000000000341
EWR-1,9/12/2025,02:30:00 pm,0,2025-09-12 14:30:00,8.2122,8.695,0.0009000000000000341
EWR-1,9/12/2025,02:40:00 pm,0,2025-09-12 14:40:00,8.2107,8.704,0.0007999999999999119
EWR-1,9/12/2025,02:50:00 pm,0,2025-09-12 14:50:00,8.2092,8.712,0.001100000000000101
EWR-1,9/12/2025,03:00:00 pm,0,2025-09-12 15:00:00,8.208,8.723,0.0009999999999999788
EWR-1,9/12/2025,03:10:00 pm,0,2025-09-12 15:10:00,8.2074,8.733,0.0011999999999998678
EWR-1,9/12/2025,03:20:00 pm,0,2025-09-12 15:20:00,8.2062,8.745,0.00129999999999999
EWR-1,9/12/2025,03:30:00 pm,0,2025-09-12 15:30:00,8.2046,8.758,0.0015000000000000568
EWR-1,9/12/2025,03:40:00 pm,0,2025-09-12 15:40:00,8.2035,8.773,0.0015000000000000568
EWR-1,9/12/2025,03:50:00 pm,0,2025-09-12 15:50:00,8.2026,8.788,0.0013999999999999347
EWR-1,9/12/2025,04:00:00 pm,0,2025-09-12 16:00:00,8.2016,8.802,0.00129999999999999
EWR-1,9/12/2025,04:10:00 pm,0,2025-09-12 16:10:00,8.2011,8.815,0.001100000000000101
EWR-1,9/12/2025,04:20:00 pm,0,2025-09-12 16:20:00,8.2009,8.826,0.0011999999999998678
EWR-1,9/12/2025,04:30:00 pm,0,2025-09-12 16:30:00,8.201,8.838,0.001100000000000101
EWR-1,9/12/2025,04:40:00 pm,0,2025-09-12 16:40:00,8.2013,8.849,0.0010999999999999233
EWR-1,9/12/2025,04:50:00 pm,0,2025-09-12 16:50:00,8.2013,8.86,0.00129999999999999
EWR-1,9/12/2025,05:00:00 pm,0,2025-09-12 17:00:00,8.2008,8.873,0.00129999999999999
EWR-1,9/12/2025,05:10:00 pm,0,2025-09-12 17:10:00,8.2007,8.886,0.0012000000000000454
EWR-1,9/12/2025,05:20:00 pm,0,2025-09-12 17:20:00,8.2002,8.898,0.001100000000000101
EWR-1,9/12/2025,05:30:00 pm,0,2025-09-12 17:30:00,8.2006,8.909,0.0009999999999999788
EWR-1,9/12/2025,05:40:00 pm,0,2025-09-12 17:40:00,8.2005,8.919,0.0009999999999999788
EWR-1,9/12/2025,05:50:00 pm,0,2025-09-12 17:50:00,8.2015,8.929,0.0010999999999999233
EWR-1,9/12/2025,06:00:00 pm,0,2025-09-12 18:00:00,8.2018,8.94,0.0009999999999999788
EWR-1,9/12/2025,06:10:00 pm,0,2025-09-12 18:10:00,8.2027,8.95,0.0009000000000000341
EWR-1,9/12/2025,06:20:00 pm,0,2025-09-12 18:20:00,8.2038,8.959,0.0008000000000000895
EWR-1,9/12/2025,06:30:00 pm,0,2025-09-12 18:30:00,8.2048,8.967,0.0006999999999999674
EWR-1,9/12/2025,06:40:00 pm,0,2025-09-12 18:40:00,8.2059,8.974,0.0006999999999999674
EWR-1,9/12/2025,06:50:00 pm,0,2025-09-12 18:50:00,8.2074,8.981,0.0005000000000000782
EWR-1,9/12/2025,07:00:00 pm,0,2025-09-12 19:00:00,8.2084,8.986,0.0004999999999999005
EWR-1,9/12/2025,07:10:00 pm,0,2025-09-12 19:10:00,8.2086,8.991,0.00039999999999995595
EWR-1,9/12/2025,07:20:00 pm,0,2025-09-12 19:20:00,8.2097,8.995,0.0004000000000001336
EWR-1,9/12/2025,07:30:00 pm,0,2025-09-12 19:30:00,8.2106,8.999,0.00030000000000001136
EWR-1,9/12/2025,07:40:00 pm,0,2025-09-12 19:40:00,8.2114,9.002,0.00019999999999988915
EWR-1,9/12/2025,07:50:00 pm,0,2025-09-12 19:50:00,8.2124,9.004,0.00030000000000001136
EWR-1,9/12/2025,08:00:00 pm,0,2025-09-12 20:00:00,8.2133,9.007,0.00030000000000001136
EWR-1,9/12/2025,08:10:00 pm,0,2025-09-12 20:10:00,8.2148,9.01,0.0002000000000000668
EWR-1,9/12/2025,08:20:00 pm,0,2025-09-12 20:20:00,8.2162,9.012,9.999999999994457e-05
EWR-1,9/12/2025,08:30:00 pm,0,2025-09-12 20:30:00,8.2173,9.013,9.999999999994457e-05
EWR-1,9/12/2025,08:40:00 pm,0,2025-09-12 20:40:00,8.2188,9.014,9.999999999994457e-05
EWR-1,9/12/2025,08:50:00 pm,0,2025-09-12 20:50:00,8.2198,9.013,9.999999999994457e-05
EWR-1,9/12/2025,09:00:00 pm,0,2025-09-12 21:00:00,8.2212,9.012,0.0002000000000000668
EWR-1,9/12/2025,09:10:00 pm,0,2025-09-12 21:10:00,8.222,9.01,0.0002000000000000668
EWR-1,9/12/2025,09:20:00 pm,0,2025-09-12 21:20:00,8.2225,9.008,0.0002999999999998337
EWR-1,9/12/2025,09:30:00 pm,0,2025-09-12 21:30:00,8.2232,9.005,0.0002000000000000668
EWR-1,9/12/2025,09:40:00 pm,0,2025-09-12 21:40:00,8.2243,9.003,0.00030000000000001136
EWR-1,9/12/2025,09:50:00 pm,0,2025-09-12 21:50:00,8.2247,9.0,0.00030000000000001136
EWR-1,9/12/2025,10:00:00 pm,0,2025-09-12 22:00:00,8.2248,8.997,0.00039999999999995595
EWR-1,9/12/2025,10:10:00 pm,0,2025-09-12 22:10:00,8.2259,8.993,0.00030000000000001136
EWR-1,9/12/2025,10:20:00 pm,0,2025-09-12 22:20:00,8.2265,8.99,0.0005000000000000782
EWR-1,9/12/2025,10:30:00 pm,0,2025-09-12 22:30:00,8.2271,8.985,0.00039999999999995595
EWR-1,9/12/2025,10:40:00 pm,0,2025-09-12 22:40:00,8.2273,8.981,0.0004999999999999005
EWR-1,9/12/2025,10:50:00 pm,0,2025-09-12 22:50:00,8.2272,8.976,0.0005000000000000782
EWR-1,9/12/2025,11:00:00 pm,0,2025-09-12 23:00:00,8.2279,8.971,0.0005000000000000782
EWR-1,9/12/2025,11:10:00 pm,0,2025-09-12 23:10:00,8.2288,8.966,0.0005999999999998451
EWR-1,9/12/2025,11:20:00 pm,0,2025-09-12 23:20:00,8.2291,8.96,0.0006000000000000227
EWR-1,9/12/2025,11:30:00 pm,0,2025-09-12 23:30:00,8.2291,8.954,0.0005000000000000782
EWR-1,9/12/2025,11:40:00 pm,0,2025-09-12 23:40:00,8.2293,8.949,0.0006000000000000227
EWR-1,9/12/2025,11:50:00 pm,0,2025-09-12 23:50:00,8.2296,8.943,0.0006000000000000227
EWR-1,9/13/2025,12:00:00 am,0,2025-09-13 00:00:00,8.2302,8.937,0.0006000000000000227
EWR-1,9/13/2025,12:10:00 am,0,2025-09-13 00:10:00,8.2303,8.931,0.0005999999999998451
EWR-1,9/13/2025,12:20:00 am,0,2025-09-13 00:20:00,8.2305,8.925,0.000700000000000145
EWR-1,9/13/2025,12:30:00 am,0,2025-09-13 00:30:00,8.2297,8.918,0.0007999999999999119
EWR-1,9/13/2025,12:40:00 am,0,2025-09-13 00:40:00,8.2301,8.91,0.0006000000000000227
EWR-1,9/13/2025,12:50:00 am,0,2025-09-13 00:50:00,8.2302,8.904,0.0007999999999999119
EWR-1,9/13/2025,01:00:00 am,0,2025-09-13 01:00:00,8.2303,8.896,0.000700000000000145
EWR-1,9/13/2025,01:10:00 am,0,2025-09-13 01:10:00,8.2303,8.889,0.0007999999999999119
EWR-1,9/13/2025,01:20:00 am,0,2025-09-13 01:20:00,8.2302,8.881,0.0006000000000000227
EWR-1,9/13/2025,01:30:00 am,0,2025-09-13 01:30:00,8.2301,8.875,0.0006999999999999674
EWR-1,9/13/2025,01:40:00 am,0,2025-09-13 01:40:00,8.23,8.868,0.0006999999999999674
EWR-1,9/13/2025,01:50:00 am,0,2025-09-13 01:50:00,8.2305,8.861,0.000700000000000145
EWR-1,9/13/2025,02:00:00 am,0,2025-09-13 02:00:00,8.23,8.854,0.0006999999999999674
EWR-1,9/13/2025,02:10:00 am,0,2025-09-13 02:10:00,8.2301,8.847,0.0007999999999999119
EWR-1,9/13/2025,02:20:00 am,0,2025-09-13 02:20:00,8.2301,8.839,0.0008000000000000895
EWR-1,9/13/2025,02:30:00 am,0,2025-09-13 02:30:00,8.2305,8.831,0.0007999999999999119
EWR-1,9/13/2025,02:40:00 am,0,2025-09-13 02:40:00,8.231,8.823,0.0008000000000000895
EWR-1,9/13/2025,02:50:00 am,0,2025-09-13 02:50:00,8.2311,8.815,0.0009000000000000341
EWR-1,9/13/2025,03:00:00 am,0,2025-09-13 03:00:00,8.2312,8.806,0.0007999999999999119
EWR-1,9/13/2025,03:10:00 am,0,2025-09-13 03:10:00,8.2308,8.798,0.0009000000000000341
EWR-1,9/13/2025,03:20:00 am,0,2025-09-13 03:20:00,8.2312,8.789,0.0009000000000000341
EWR-1,9/13/2025,03:30:00 am,0,2025-09-13 03:30:00,8.2313,8.78,0.0008999999999998564
EWR-1,9/13/2025,03:40:00 am,0,2025-09-13 03:40:00,8.2316,8.771,0.0009000000000000341
EWR-1,9/13/2025,03:50:00 am,0,2025-09-13 03:50:00,8.2316,8.762,0.0009000000000000341
EWR-1,9/13/2025,04:00:00 am,0,2025-09-13 04:00:00,8.2318,8.753,0.0009999999999999788
EWR-1,9/13/2025,04:10:00 am,0,2025-09-13 04:10:00,8.232,8.743,0.0009000000000000341
EWR-1,9/13/2025,04:20:00 am,0,2025-09-13 04:20:00,8.2329,8.734,0.0009999999999999788
EWR-1,9/13/2025,04:30:00 am,0,2025-09-13 04:30:00,8.2331,8.724,0.0009000000000000341
EWR-1,9/13/2025,04:40:00 am,0,2025-09-13 04:40:00,8.2328,8.715,0.0009000000000000341
EWR-1,9/13/2025,04:50:00 am,0,2025-09-13 04:50:00,8.2325,8.706,0.0009000000000000341
EWR-1,9/13/2025,05:00:00 am,0,2025-09-13 05:00:00,8.2327,8.697,0.0008999999999998564
EWR-1,9/13/2025,05:10:00 am,0,2025-09-13 05:10:00,8.2326,8.688,0.0009999999999999788
EWR-1,9/13/2025,05:20:00 am,0,2025-09-13 05:20:00,8.2332,8.678,0.0009000000000000341
EWR-1,9/13/2025,05:30:00 am,0,2025-09-13 05:30:00,8.2334,8.669,0.0009000000000000341
EWR-1,9/13/2025,05:40:00 am,0,2025-09-13 05:40:00,8.2335,8.66,0.0009000000000000341
EWR-1,9/13/2025,05:50:00 am,0,2025-09-13 05:50:00,8.2335,8.651,0.0009000000000000341
EWR-1,9/13/2025,06:00:00 am,0,2025-09-13 06:00:00,8.2334,8.642,0.0009000000000000341
EWR-1,9/13/2025,06:10:00 am,0,2025-09-13 06:10:00,8.2337,8.633,0.0008999999999998564
EWR-1,9/13/2025,06:20:00 am,0,2025-09-13 06:20:00,8.2341,8.624,0.0009000000000000341
EWR-1,9/13/2025,06:30:00 am,0,2025-09-13 06:30:00,8.2349,8.615,0.0009000000000000341
EWR-1,9/13/2025,06:40:00 am,0,2025-09-13 06:40:00,8.235,8.606,0.0009000000000000341
EWR-1,9/13/2025,06:50:00 am,0,2025-09-13 06:50:00,8.2356,8.597,0.0009000000000000341
EWR-1,9/13/2025,07:00:00 am,0,2025-09-13 07:00:00,8.2366,8.588,0.0007999999999999119
EWR-1,9/13/2025,07:10:00 am,0,2025-09-13 07:10:00,8.2371,8.58,0.0009999999999999788
EWR-1,9/13/2025,07:20:00 am,0,2025-09-13 07:20:00,8.2381,8.57,0.0008000000000000895
EWR-1,9/13/2025,07:30:00 am,0,2025-09-13 07:30:00,8.2389,8.562,0.0008999999999998564
EWR-1,9/13/2025,07:40:00 am,0,2025-09-13 07:40:00,8.239,8.553,0.0008000000000000895
EWR-1,9/13/2025,07:50:00 am,0,2025-09-13 07:50:00,8.2393,8.545,0.0006000000000000227
EWR-1,9/13/2025,08:00:00 am,0,2025-09-13 08:00:00,8.2384,8.539,0.0006999999999999674
EWR-1,9/13/2025,08:10:00 am,0,2025-09-13 08:10:00,8.2383,8.532,0.0006999999999999674
EWR-1,9/13/2025,08:20:00 am,0,2025-09-13 08:20:00,8.2373,8.525,0.0006999999999999674
EWR-1,9/13/2025,08:30:00 am,0,2025-09-13 08:30:00,8.237,8.518,0.0006000000000000227
EWR-1,9/13/2025,08:40:00 am,0,2025-09-13 08:40:00,8.237,8.512,0.0004000000000001336
EWR-1,9/13/2025,08:50:00 am,0,2025-09-13 08:50:00,8.2369,8.508,0.0006999999999999674
EWR-1,9/13/2025,09:00:00 am,0,2025-09-13 09:00:00,8.2371,8.501,0.0004999999999999005
EWR-1,9/13/2025,09:10:00 am,0,2025-09-13 09:10:00,8.2371,8.496,0.00039999999999995595
EWR-1,9/13/2025,09:20:00 am,0,2025-09-13 09:20:00,8.2368,8.492,0.00030000000000001136
EWR-1,9/13/2025,09:30:00 am,0,2025-09-13 09:30:00,8.2374,8.489,0.00010000000000012221
EWR-1,9/13/2025,09:40:00 am,0,2025-09-13 09:40:00,8.2375,8.488,0.00019999999999988915
EWR-1,9/13/2025,09:50:00 am,0,2025-09-13 09:50:00,8.2377,8.486,0.0002000000000000668
EWR-1,9/13/2025,10:00:00 am,0,2025-09-13 10:00:00,8.2369,8.484,9.999999999994457e-05
EWR-1,9/13/2025,10:10:00 am,0,2025-09-13 10:10:00,8.2368,8.483,0.00010000000000012221
EWR-1,9/13/2025,10:20:00 am,0,2025-09-13 10:20:00,8.2365,8.482,9.999999999994457e-05
EWR-1,9/13/2025,10:30:00 am,0,2025-09-13 10:30:00,8.2366,8.481,9.999999999994457e-05
EWR-1,9/13/2025,10:40:00 am,0,2025-09-13 10:40:00,8.2364,8.48,0.0
EWR-1,9/13/2025,10:50:00 am,0,2025-09-13 10:50:00,8.2358,8.48,0.00010000000000012221
EWR-1,9/13/2025,11:00:00 am,0,2025-09-13 11:00:00,8.235,8.479,0.0
EWR-1,9/13/2025,11:10:00 am,0,2025-09-13 11:10:00,8.2348,8.479,0.00010000000000012221
EWR-1,9/13/2025,11:20:00 am,0,2025-09-13 11:20:00,8.234,8.48,9.999999999994457e-05
EWR-1,9/13/2025,11:30:00 am,0,2025-09-13 11:30:00,8.2333,8.481,0.0002000000000000668
EWR-1,9/13/2025,11:40:00 am,0,2025-09-13 11:40:00,8.233,8.483,0.00039999999999995595
EWR-1,9/13/2025,11:50:00 am,0,2025-09-13 11:50:00,8.2318,8.487,0.0006999999999999674
EWR-1,9/13/2025,12:00:00 pm,0,2025-09-13 12:00:00,8.2308,8.494,0.0009000000000000341
EWR-1,9/13/2025,12:10:00 pm,0,2025-09-13 12:10:00,8.229,8.503,0.0007999999999999119
EWR-1,9/13/2025,12:20:00 pm,0,2025-09-13 12:20:00,8.2277,8.511,0.0009000000000000341
EWR-1,9/13/2025,12:30:00 pm,0,2025-09-13 12:30:00,8.2254,8.52,0.0009999999999999788
EWR-1,9/13/2025,12:40:00 pm,0,2025-09-13 12:40:00,8.2225,8.53,0.001100000000000101
EWR-1,9/13/2025,12:50:00 pm,0,2025-09-13 12:50:00,8.2194,8.541,0.0012000000000000454
EWR-1,9/13/2025,01:00:00 pm,0,2025-09-13 13:00:00,8.2159,8.553,0.0013999999999999347
EWR-1,9/13/2025,01:10:00 pm,0,2025-09-13 13:10:00,8.2143,8.567,0.0015000000000000568
EWR-1,9/13/2025,01:20:00 pm,0,2025-09-13 13:20:00,8.2126,8.582,0.0016000000000000014
EWR-1,9/13/2025,01:30:00 pm,0,2025-09-13 13:30:00,8.2114,8.598,0.00129999999999999
EWR-1,9/13/2025,01:40:00 pm,0,2025-09-13 13:40:00,8.2104,8.611,0.0010999999999999233
EWR-1,9/13/2025,01:50:00 pm,0,2025-09-13 13:50:00,8.2085,8.622,0.0010999999999999233
EWR-1,9/13/2025,02:00:00 pm,0,2025-09-13 14:00:00,8.2069,8.633,0.0010000000000001564
EWR-1,9/13/2025,02:10:00 pm,0,2025-09-13 14:10:00,8.2061,8.643,0.0009999999999999788
EWR-1,9/13/2025,02:20:00 pm,0,2025-09-13 14:20:00,8.2051,8.653,0.0009000000000000341
EWR-1,9/13/2025,02:30:00 pm,0,2025-09-13 14:30:00,8.2043,8.662,0.0008999999999998564
EWR-1,9/13/2025,02:40:00 pm,0,2025-09-13 14:40:00,8.2046,8.671,0.0009999999999999788
EWR-1,9/13/2025,02:50:00 pm,0,2025-09-13 14:50:00,8.2038,8.681,0.0010000000000001564
EWR-1,9/13/2025,03:00:00 pm,0,2025-09-13 15:00:00,8.2044,8.691,0.0007999999999999119
EWR-1,9/13/2025,03:10:00 pm,0,2025-09-13 15:10:00,8.2038,8.699,0.0009000000000000341
EWR-1,9/13/2025,03:20:00 pm,0,2025-09-13 15:20:00,8.2038,8.708,0.0007999999999999119
EWR-1,9/13/2025,03:30:00 pm,0,2025-09-13 15:30:00,8.2038,8.716,0.000700000000000145
EWR-1,9/13/2025,03:40:00 pm,0,2025-09-13 15:40:00,8.2039,8.723,0.0009999999999999788
EWR-1,9/13/2025,03:50:00 pm,0,2025-09-13 15:50:00,8.204,8.733,0.0009999999999999788
EWR-1,9/13/2025,04:00:00 pm,0,2025-09-13 16:00:00,8.2036,8.743,0.0010999999999999233
EWR-1,9/13/2025,04:10:00 pm,0,2025-09-13 16:10:00,8.2035,8.754,0.00129999999999999
EWR-1,9/13/2025,04:20:00 pm,0,2025-09-13 16:20:00,8.2025,8.767,0.0014000000000001123
EWR-1,9/13/2025,04:30:00 pm,0,2025-09-13 16:30:00,8.2012,8.781,0.0013999999999999347
EWR-1,9/13/2025,04:40:00 pm,0,2025-09-13 16:40:00,8.2006,8.795,0.0013999999999999347
EWR-1,9/13/2025,04:50:00 pm,0,2025-09-13 16:50:00,8.1995,8.809,0.00129999999999999
EWR-1,9/13/2025,05:00:00 pm,0,2025-09-13 17:00:00,8.1986,8.822,0.0012000000000000454
EWR-1,9/13/2025,05:10:00 pm,0,2025-09-13 17:10:00,8.1983,8.834,0.0012000000000000454
EWR-1,9/13/2025,05:20:00 pm,0,2025-09-13 17:20:00,8.1981,8.846,0.0009999999999999788
EWR-1,9/13/2025,05:30:00 pm,0,2025-09-13 17:30:00,8.1979,8.856,0.0009000000000000341
EWR-1,9/13/2025,05:40:00 pm,0,2025-09-13 17:40:00,8.1984,8.865,0.0007999999999999119
EWR-1,9/13/2025,05:50:00 pm,0,2025-09-13 17:50:00,8.199,8.873,0.0008000000000000895
EWR-1,9/13/2025,06:00:00 pm,0,2025-09-13 18:00:00,8.1998,8.881,0.0007999999999999119
EWR-1,9/13/2025,06:10:00 pm,0,2025-09-13 18:10:00,8.1999,8.889,0.000700000000000145
EWR-1,9/13/2025,06:20:00 pm,0,2025-09-13 18:20:00,8.2009,8.896,0.0006999999999999674
EWR-1,9/13/2025,06:30:00 pm,0,2025-09-13 18:30:00,8.2013,8.903,0.0004999999999999005
EWR-1,9/13/2025,06:40:00 pm,0,2025-09-13 18:40:00,8.2019,8.908,0.0005000000000000782
EWR-1,9/13/2025,06:50:00 pm,0,2025-09-13 18:50:00,8.202,8.913,0.00030000000000001136
EWR-1,9/13/2025,07:00:00 pm,0,2025-09-13 19:00:00,8.2026,8.916,0.00030000000000001136
EWR-1,9/13/2025,07:10:00 pm,0,2025-09-13 19:10:00,8.2041,8.919,0.00019999999999988915
EWR-1,9/13/2025,07:20:00 pm,0,2025-09-13 19:20:00,8.2054,8.921,0.00010000000000012221
EWR-1,9/13/2025,07:30:00 pm,0,2025-09-13 19:30:00,8.2072,8.922,0.0
EWR-1,9/13/2025,07:40:00 pm,0,2025-09-13 19:40:00,8.2085,8.922,0.0
EWR-1,9/13/2025,07:50:00 pm,0,2025-09-13 19:50:00,8.2099,8.922,0.00010000000000012221
EWR-1,9/13/2025,08:00:00 pm,0,2025-09-13 20:00:00,8.2112,8.921,9.999999999994457e-05
EWR-1,9/13/2025,08:10:00 pm,0,2025-09-13 20:10:00,8.2119,8.92,0.0002000000000000668
EWR-1,9/13/2025,08:20:00 pm,0,2025-09-13 20:20:00,8.2133,8.918,0.00030000000000001136
EWR-1,9/13/2025,08:30:00 pm,0,2025-09-13 20:30:00,8.2139,8.915,0.0002999999999998337
EWR-1,9/13/2025,08:40:00 pm,0,2025-09-13 20:40:00,8.2154,8.912,0.0002000000000000668
EWR-1,9/13/2025,08:50:00 pm,0,2025-09-13 20:50:00,8.2167,8.91,0.00039999999999995595
EWR-1,9/13/2025,09:00:00 pm,0,2025-09-13 21:00:00,8.2169,8.906,0.0004000000000001336
EWR-1,9/13/2025,09:10:00 pm,0,2025-09-13 21:10:00,8.218,8.902,0.00039999999999995595
EWR-1,9/13/2025,09:20:00 pm,0,2025-09-13 21:20:00,8.2194,8.898,0.00039999999999995595
EWR-1,9/13/2025,09:30:00 pm,0,2025-09-13 21:30:00,8.2206,8.894,0.00039999999999995595
EWR-1,9/13/2025,09:40:00 pm,0,2025-09-13 21:40:00,8.2201,8.89,0.0004000000000001336
EWR-1,9/13/2025,09:50:00 pm,0,2025-09-13 21:50:00,8.2199,8.886,0.0004999999999999005
EWR-1,9/13/2025,10:00:00 pm,0,2025-09-13 22:00:00,8.2207,8.881,0.0005000000000000782
EWR-1,9/13/2025,10:10:00 pm,0,2025-09-13 22:10:00,8.2214,8.876,0.0004999999999999005
EWR-1,9/13/2025,10:20:00 pm,0,2025-09-13 22:20:00,8.222,8.871,0.0005000000000000782
EWR-1,9/13/2025,10:30:00 pm,0,2025-09-13 22:30:00,8.2227,8.866,0.0006000000000000227
EWR-1,9/13/2025,10:40:00 pm,0,2025-09-13 22:40:00,8.2222,8.86,0.0004999999999999005
EWR-1,9/13/2025,10:50:00 pm,0,2025-09-13 22:50:00,8.2218,8.855,0.0006000000000000227
EWR-1,9/13/2025,11:00:00 pm,0,2025-09-13 23:00:00,8.2215,8.849,0.0006000000000000227
EWR-1,9/13/2025,11:10:00 pm,0,2025-09-13 23:10:00,8.2214,8.843,0.0006999999999999674
EWR-1,9/13/2025,11:20:00 pm,0,2025-09-13 23:20:00,8.2221,8.836,0.0006000000000000227
EWR-1,9/13/2025,11:30:00 pm,0,2025-09-13 23:30:00,8.2218,8.83,0.0006999999999999674
EWR-1,9/13/2025,11:40:00 pm,0,2025-09-13 23:40:00,8.222,8.823,0.0006999999999999674
EWR-1,9/13/2025,11:50:00 pm,0,2025-09-13 23:50:00,8.2216,8.816,0.0006000000000000227
EWR-1,9/14/2025,12:00:00 am,0,2025-09-14 00:00:00,8.2214,8.81,0.0006999999999999674
EWR-1,9/14/2025,12:10:00 am,0,2025-09-14 00:10:00,8.221,8.803,0.0008000000000000895
EWR-1,9/14/2025,12:20:00 am,0,2025-09-14 00:20:00,8.2199,8.795,0.0006999999999999674
EWR-1,9/14/2025,12:30:00 am,0,2025-09-14 00:30:00,8.2188,8.788,0.0008000000000000895
EWR-1,9/14/2025,12:40:00 am,0,2025-09-14 00:40:00,8.2189,8.78,0.0007999999999999119
EWR-1,9/14/2025,12:50:00 am,0,2025-09-14 00:50:00,8.2181,8.772,0.0008000000000000895
EWR-1,9/14/2025,01:00:00 am,0,2025-09-14 01:00:00,8.2171,8.764,0.0009999999999999788
EWR-1,9/14/2025,01:10:00 am,0,2025-09-14 01:10:00,8.2184,8.754,0.0010999999999999233
EWR-1,9/14/2025,01:20:00 am,0,2025-09-14 01:20:00,8.2183,8.743,0.0009000000000000341
EWR-1,9/14/2025,01:30:00 am,0,2025-09-14 01:30:00,8.2183,8.734,0.0009999999999999788
EWR-1,9/14/2025,01:40:00 am,0,2025-09-14 01:40:00,8.2187,8.724,0.0009999999999999788
EWR-1,9/14/2025,01:50:00 am,0,2025-09-14 01:50:00,8.2172,8.714,0.0009000000000000341
EWR-1,9/14/2025,02:00:00 am,0,2025-09-14 02:00:00,8.2176,8.705,0.0009999999999999788
EWR-1,9/14/2025,02:10:00 am,0,2025-09-14 02:10:00,8.2174,8.695,0.0009999999999999788
EWR-1,9/14/2025,02:20:00 am,0,2025-09-14 02:20:00,8.2168,8.685,0.0009000000000000341
EWR-1,9/14/2025,02:30:00 am,0,2025-09-14 02:30:00,8.2163,8.676,0.0009999999999999788
EWR-1,9/14/2025,02:40:00 am,0,2025-09-14 02:40:00,8.2161,8.666,0.0009999999999999788
EWR-1,9/14/2025,02:50:00 am,0,2025-09-14 02:50:00,8.2153,8.656,0.0009000000000000341
EWR-1,9/14/2025,03:00:00 am,0,2025-09-14 03:00:00,8.215,8.647,0.0009999999999999788
EWR-1,9/14/2025,03:10:00 am,0,2025-09-14 03:10:00,8.2149,8.637,0.0009999999999999788
EWR-1,9/14/2025,03:20:00 am,0,2025-09-14 03:20:00,8.2152,8.627,0.0009999999999999788
EWR-1,9/14/2025,03:30:00 am,0,2025-09-14 03:30:00,8.2151,8.617,0.0010000000000001564
EWR-1,9/14/2025,03:40:00 am,0,2025-09-14 03:40:00,8.2161,8.607,0.0010999999999999233
EWR-1,9/14/2025,03:50:00 am,0,2025-09-14 03:50:00,8.2167,8.596,0.0010999999999999233
EWR-1,9/14/2025,04:00:00 am,0,2025-09-14 04:00:00,8.2164,8.585,0.0010000000000001564
EWR-1,9/14/2025,04:10:00 am,0,2025-09-14 04:10:00,8.2167,8.575,0.0010999999999999233
EWR-1,9/14/2025,04:20:00 am,0,2025-09-14 04:20:00,8.2178,8.564,0.0009999999999999788
EWR-1,9/14/2025,04:30:00 am,0,2025-09-14 04:30:00,8.2179,8.554,0.0009999999999999788
EWR-1,9/14/2025,04:40:00 am,0,2025-09-14 04:40:00,8.2176,8.544,0.0009999999999999788
EWR-1,9/14/2025,04:50:00 am,0,2025-09-14 04:50:00,8.2174,8.534,0.0010000000000001564
EWR-1,9/14/2025,05:00:00 am,0,2025-09-14 05:00:00,8.2171,8.524,0.0010999999999999233
EWR-1,9/14/2025,05:10:00 am,0,2025-09-14 05:10:00,8.2176,8.513,0.0009999999999999788
EWR-1,9/14/2025,05:20:00 am,0,2025-09-14 05:20:00,8.2173,8.503,0.0009000000000000341
EWR-1,9/14/2025,05:30:00 am,0,2025-09-14 05:30:00,8.2174,8.494,0.0007999999999999119
EWR-1,9/14/2025,05:40:00 am,0,2025-09-14 05:40:00,8.218,8.486,0.0009000000000000341
EWR-1,9/14/2025,05:50:00 am,0,2025-09-14 05:50:00,8.2183,8.477,0.0008000000000000895
EWR-1,9/14/2025,06:00:00 am,0,2025-09-14 06:00:00,8.2186,8.469,0.0008999999999998564
EWR-1,9/14/2025,06:10:00 am,0,2025-09-14 06:10:00,8.2184,8.46,0.0009000000000000341
EWR-1,9/14/2025,06:20:00 am,0,2025-09-14 06:20:00,8.2186,8.451,0.0009000000000000341
EWR-1,9/14/2025,06:30:00 am,0,2025-09-14 06:30:00,8.2196,8.442,0.0008000000000000895
EWR-1,9/14/2025,06:40:00 am,0,2025-09-14 06:40:00,8.2202,8.434,0.0007999999999999119
EWR-1,9/14/2025,06:50:00 am,0,2025-09-14 06:50:00,8.2202,8.426,0.0006999999999999674
EWR-1,9/14/2025,07:00:00 am,0,2025-09-14 07:00:00,8.2206,8.419,0.0008000000000000895
EWR-1,9/14/2025,07:10:00 am,0,2025-09-14 07:10:00,8.2213,8.411,0.0006999999999999674
EWR-1,9/14/2025,07:20:00 am,0,2025-09-14 07:20:00,8.2227,8.404,0.0006999999999999674
EWR-1,9/14/2025,07:30:00 am,0,2025-09-14 07:30:00,8.224,8.397,0.0006999999999999674
EWR-1,9/14/2025,07:40:00 am,0,2025-09-14 07:40:00,8.2249,8.39,0.0006000000000000227
EWR-1,9/14/2025,07:50:00 am,0,2025-09-14 07:50:00,8.2251,8.384,0.0006000000000000227
EWR-1,9/14/2025,08:00:00 am,0,2025-09-14 08:00:00,8.2256,8.378,0.0005000000000000782
EWR-1,9/14/2025,08:10:00 am,0,2025-09-14 08:10:00,8.2249,8.373,0.0004999999999999005
EWR-1,9/14/2025,08:20:00 am,0,2025-09-14 08:20:00,8.225,8.368,0.0006999999999999674
EWR-1,9/14/2025,08:30:00 am,0,2025-09-14 08:30:00,8.2256,8.361,0.0006000000000000227
EWR-1,9/14/2025,08:40:00 am,0,2025-09-14 08:40:00,8.226,8.355,0.0002000000000000668
EWR-1,9/14/2025,08:50:00 am,0,2025-09-14 08:50:00,8.227,8.353,0.00019999999999988915
EWR-1,9/14/2025,09:00:00 am,0,2025-09-14 09:00:00,8.2269,8.351,0.00010000000000012221
EWR-1,9/14/2025,09:10:00 am,0,2025-09-14 09:10:00,8.2272,8.35,0.00010000000000012221
EWR-1,9/14/2025,09:20:00 am,0,2025-09-14 09:20:00,8.2278,8.351,0.00010000000000012221
EWR-1,9/14/2025,09:30:00 am,0,2025-09-14 09:30:00,8.2283,8.35,0.00010000000000012221
EWR-1,9/14/2025,09:40:00 am,0,2025-09-14 09:40:00,8.2279,8.351,0.0
EWR-1,9/14/2025,09:50:00 am,0,2025-09-14 09:50:00,8.2283,8.351,0.0
EWR-1,9/14/2025,10:00:00 am,0,2025-09-14 10:00:00,8.2285,8.351,0.0
EWR-1,9/14/2025,10:10:00 am,0,2025-09-14 10:10:00,8.2289,8.351,9.999999999994457e-05
EWR-1,9/14/2025,10:20:00 am,0,2025-09-14 10:20:00,8.2283,8.352,9.999999999994457e-05
EWR-1,9/14/2025,10:30:00 am,0,2025-09-14 10:30:00,8.2281,8.353,9.999999999994457e-05
EWR-1,9/14/2025,10:40:00 am,0,2025-09-14 10:40:00,8.2288,8.354,0.00010000000000012221
EWR-1,9/14/2025,10:50:00 am,0,2025-09-14 10:50:00,8.2281,8.355,0.00019999999999988915
EWR-1,9/14/2025,11:00:00 am,0,2025-09-14 11:00:00,8.2275,8.357,0.00010000000000012221
EWR-1,9/14/2025,11:10:00 am,0,2025-09-14 11:10:00,8.2276,8.358,0.00019999999999988915
EWR-1,9/14/2025,11:20:00 am,0,2025-09-14 11:20:00,8.2269,8.36,0.00030000000000001136
EWR-1,9/14/2025,11:30:00 am,0,2025-09-14 11:30:00,8.2271,8.363,0.0005000000000000782
EWR-1,9/14/2025,11:40:00 am,0,2025-09-14 11:40:00,8.227,8.368,0.0006000000000000227
EWR-1,9/14/2025,11:50:00 am,0,2025-09-14 11:50:00,8.2246,8.374,0.0007999999999999119
EWR-1,9/14/2025,12:00:00 pm,0,2025-09-14 12:00:00,8.2229,8.382,0.0009000000000000341
EWR-1,9/14/2025,12:10:00 pm,0,2025-09-14 12:10:00,8.2211,8.391,0.0009000000000000341
EWR-1,9/14/2025,12:20:00 pm,0,2025-09-14 12:20:00,8.2184,8.4,0.0009999999999999788
EWR-1,9/14/2025,12:30:00 pm,0,2025-09-14 12:30:00,8.2161,8.41,0.0012000000000000454
EWR-1,9/14/2025,12:40:00 pm,0,2025-09-14 12:40:00,8.214,8.422,0.0011999999999998678
EWR-1,9/14/2025,12:50:00 pm,0,2025-09-14 12:50:00,8.2119,8.434,0.0014000000000001123
EWR-1,9/14/2025,01:00:00 pm,0,2025-09-14 13:00:00,8.2095,8.448,0.001699999999999946
EWR-1,9/14/2025,01:10:00 pm,0,2025-09-14 13:10:00,8.208,8.465,0.0018000000000000683
EWR-1,9/14/2025,01:20:00 pm,0,2025-09-14 13:20:00,8.2068,8.483,0.0017999999999998907
EWR-1,9/14/2025,01:30:00 pm,0,2025-09-14 13:30:00,8.2043,8.501,0.0018000000000000683
EWR-1,9/14/2025,01:40:00 pm,0,2025-09-14 13:40:00,8.2021,8.519,0.0018000000000000683
EWR-1,9/14/2025,01:50:00 pm,0,2025-09-14 13:50:00,8.2002,8.537,0.001699999999999946
EWR-1,9/14/2025,02:00:00 pm,0,2025-09-14 14:00:00,8.1991,8.554,0.0015000000000000568
EWR-1,9/14/2025,02:10:00 pm,0,2025-09-14 14:10:00,8.1971,8.569,0.0014999999999998793
EWR-1,9/14/2025,02:20:00 pm,0,2025-09-14 14:20:00,8.196,8.584,0.0015000000000000568
EWR-1,9/14/2025,02:30:00 pm,0,2025-09-14 14:30:00,8.1949,8.599,0.0016000000000000014
EWR-1,9/14/2025,02:40:00 pm,0,2025-09-14 14:40:00,8.1942,8.615,0.0015000000000000568
EWR-1,9/14/2025,02:50:00 pm,0,2025-09-14 14:50:00,8.1937,8.63,0.00129999999999999
EWR-1,9/14/2025,03:00:00 pm,0,2025-09-14 15:00:00,8.1926,8.643,0.0013999999999999347
EWR-1,9/14/2025,03:10:00 pm,0,2025-09-14 15:10:00,8.1912,8.657,0.0013999999999999347
EWR-1,9/14/2025,03:20:00 pm,0,2025-09-14 15:20:00,8.1902,8.671,0.0015000000000000568
EWR-1,9/14/2025,03:30:00 pm,0,2025-09-14 15:30:00,8.1893,8.686,0.0015000000000000568
EWR-1,9/14/2025,03:40:00 pm,0,2025-09-14 15:40:00,8.1888,8.701,0.0014999999999998793
EWR-1,9/14/2025,03:50:00 pm,0,2025-09-14 15:50:00,8.1887,8.716,0.0014000000000001123
EWR-1,9/14/2025,04:00:00 pm,0,2025-09-14 16:00:00,8.1886,8.73,0.0012000000000000454
EWR-1,9/14/2025,04:10:00 pm,0,2025-09-14 16:10:00,8.1881,8.742,0.00129999999999999
EWR-1,9/14/2025,04:20:00 pm,0,2025-09-14 16:20:00,8.1883,8.755,0.00129999999999999
EWR-1,9/14/2025,04:30:00 pm,0,2025-09-14 16:30:00,8.1883,8.768,0.00129999999999999
EWR-1,9/14/2025,04:40:00 pm,0,2025-09-14 16:40:00,8.189,8.781,0.0011999999999998678
EWR-1,9/14/2025,04:50:00 pm,0,2025-09-14 16:50:00,8.1888,8.793,0.0012000000000000454
EWR-1,9/14/2025,05:00:00 pm,0,2025-09-14 17:00:00,8.1889,8.805,0.0012000000000000454
EWR-1,9/14/2025,05:10:00 pm,0,2025-09-14 17:10:00,8.1889,8.817,0.0009999999999999788
EWR-1,9/14/2025,05:20:00 pm,0,2025-09-14 17:20:00,8.1891,8.827,0.0009000000000000341
EWR-1,9/14/2025,05:30:00 pm,0,2025-09-14 17:30:00,8.1894,8.836,0.0007999999999999119
EWR-1,9/14/2025,05:40:00 pm,0,2025-09-14 17:40:00,8.1902,8.844,0.000700000000000145
EWR-1,9/14/2025,05:50:00 pm,0,2025-09-14 17:50:00,8.19,8.851,0.0006999999999999674
EWR-1,9/14/2025,06:00:00 pm,0,2025-09-14 18:00:00,8.1909,8.858,0.0006000000000000227
EWR-1,9/14/2025,06:10:00 pm,0,2025-09-14 18:10:00,8.1913,8.864,0.0006999999999999674
EWR-1,9/14/2025,06:20:00 pm,0,2025-09-14 18:20:00,8.192,8.871,0.00039999999999995595
EWR-1,9/14/2025,06:30:00 pm,0,2025-09-14 18:30:00,8.1933,8.875,0.00030000000000001136
EWR-1,9/14/2025,06:40:00 pm,0,2025-09-14 18:40:00,8.1944,8.878,0.0002000000000000668
EWR-1,9/14/2025,06:50:00 pm,0,2025-09-14 18:50:00,8.1953,8.88,9.999999999994457e-05
EWR-1,9/14/2025,07:00:00 pm,0,2025-09-14 19:00:00,8.1967,8.881,0.0
EWR-1,9/14/2025,07:10:00 pm,0,2025-09-14 19:10:00,8.1984,8.881,0.0002000000000000668
EWR-1,9/14/2025,07:20:00 pm,0,2025-09-14 19:20:00,8.2,8.879,0.00019999999999988915
EWR-1,9/14/2025,07:30:00 pm,0,2025-09-14 19:30:00,8.2024,8.877,0.0004000000000001336
EWR-1,9/14/2025,07:40:00 pm,0,2025-09-14 19:40:00,8.2035,8.873,0.0004999999999999005
EWR-1,9/14/2025,07:50:00 pm,0,2025-09-14 19:50:00,8.2042,8.868,0.0005000000000000782
EWR-1,9/14/2025,08:00:00 pm,0,2025-09-14 20:00:00,8.206,8.863,0.0004999999999999005
EWR-1,9/14/2025,08:10:00 pm,0,2025-09-14 20:10:00,8.2076,8.858,0.0005000000000000782
EWR-1,9/14/2025,08:20:00 pm,0,2025-09-14 20:20:00,8.2098,8.853,0.0006000000000000227
EWR-1,9/14/2025,08:30:00 pm,0,2025-09-14 20:30:00,8.2107,8.847,0.0006999999999999674
EWR-1,9/14/2025,08:40:00 pm,0,2025-09-14 20:40:00,8.2116,8.84,0.0006000000000000227
EWR-1,9/14/2025,08:50:00 pm,0,2025-09-14 20:50:00,8.2128,8.834,0.0006999999999999674
EWR-1,9/14/2025,09:00:00 pm,0,2025-09-14 21:00:00,8.2136,8.827,0.0006999999999999674
EWR-1,9/14/2025,09:10:00 pm,0,2025-09-14 21:10:00,8.215,8.82,0.0006999999999999674
EWR-1,9/14/2025,09:20:00 pm,0,2025-09-14 21:20:00,8.2178,8.813,0.000700000000000145
EWR-1,9/14/2025,09:30:00 pm,0,2025-09-14 21:30:00,8.2189,8.806,0.0006999999999999674
EWR-1,9/14/2025,09:40:00 pm,0,2025-09-14 21:40:00,8.219,8.799,0.0006999999999999674
EWR-1,9/14/2025,09:50:00 pm,0,2025-09-14 21:50:00,8.2195,8.792,0.0007999999999999119
EWR-1,9/14/2025,10:00:00 pm,0,2025-09-14 22:00:00,8.2207,8.784,0.0008000000000000895
EWR-1,9/14/2025,10:10:00 pm,0,2025-09-14 22:10:00,8.221,8.776,0.0007999999999999119
EWR-1,9/14/2025,10:20:00 pm,0,2025-09-14 22:20:00,8.2216,8.768,0.0008000000000000895
EWR-1,9/14/2025,10:30:00 pm,0,2025-09-14 22:30:00,8.222,8.76,0.0009000000000000341
EWR-1,9/14/2025,10:40:00 pm,0,2025-09-14 22:40:00,8.2219,8.751,0.0007999999999999119
EWR-1,9/14/2025,10:50:00 pm,0,2025-09-14 22:50:00,8.2225,8.743,0.001100000000000101
EWR-1,9/14/2025,11:00:00 pm,0,2025-09-14 23:00:00,8.2226,8.732,0.0010999999999999233
EWR-1,9/14/2025,11:10:00 pm,0,2025-09-14 23:10:00,8.2231,8.721,0.0012000000000000454
EWR-1,9/14/2025,11:20:00 pm,0,2025-09-14 23:20:00,8.2231,8.709,0.0012000000000000454
EWR-1,9/14/2025,11:30:00 pm,0,2025-09-14 23:30:00,8.2232,8.697,0.00129999999999999
EWR-1,9/14/2025,11:40:00 pm,0,2025-09-14 23:40:00,8.2236,8.684,0.0008999999999998564
EWR-1,9/14/2025,11:50:00 pm,0,2025-09-14 23:50:00,8.2242,8.675,0.0009000000000000341
EWR-1,9/15/2025,12:00:00 am,0,2025-09-15 00:00:00,8.2251,8.666,0.0008000000000000895
EWR-1,9/15/2025,12:10:00 am,0,2025-09-15 00:10:00,8.2246,8.658,0.0009000000000000341
EWR-1,9/15/2025,12:20:00 am,0,2025-09-15 00:20:00,8.2251,8.649,0.0008999999999998564
EWR-1,9/15/2025,12:30:00 am,0,2025-09-15 00:30:00,8.2263,8.64,0.0009999999999999788
EWR-1,9/15/2025,12:40:00 am,0,2025-09-15 00:40:00,8.2271,8.63,0.0010000000000001564
EWR-1,9/15/2025,12:50:00 am,0,2025-09-15 00:50:00,8.228,8.62,0.0009999999999999788
EWR-1,9/15/2025,01:00:00 am,0,2025-09-15 01:00:00,8.2288,8.61,0.0009999999999999788
EWR-1,9/15/2025,01:10:00 am,0,2025-09-15 01:10:00,8.2286,8.6,0.0009999999999999788
EWR-1,9/15/2025,01:20:00 am,0,2025-09-15 01:20:00,8.2291,8.59,0.0009999999999999788
EWR-1,9/15/2025,01:30:00 am,0,2025-09-15 01:30:00,8.2293,8.58,0.0009999999999999788
EWR-1,9/15/2025,01:40:00 am,0,2025-09-15 01:40:00,8.2293,8.57,0.001100000000000101
EWR-1,9/15/2025,01:50:00 am,0,2025-09-15 01:50:00,8.2295,8.559,0.0010999999999999233
EWR-1,9/15/2025,02:00:00 am,0,2025-09-15 02:00:00,8.23,8.548,0.0010999999999999233
EWR-1,9/15/2025,02:10:00 am,0,2025-09-15 02:10:00,8.2303,8.537,0.001100000000000101
EWR-1,9/15/2025,02:20:00 am,0,2025-09-15 02:20:00,8.2303,8.526,0.0012000000000000454
EWR-1,9/15/2025,02:30:00 am,0,2025-09-15 02:30:00,8.2303,8.514,0.0011999999999998678
EWR-1,9/15/2025,02:40:00 am,0,2025-09-15 02:40:00,8.2302,8.502,0.001100000000000101
EWR-1,9/15/2025,02:50:00 am,0,2025-09-15 02:50:00,8.2294,8.491,0.0012000000000000454
EWR-1,9/15/2025,03:00:00 am,0,2025-09-15 03:00:00,8.2286,8.479,0.0010999999999999233
EWR-1,9/15/2025,03:10:00 am,0,2025-09-15 03:10:00,8.2283,8.468,0.0012000000000000454
EWR-1,9/15/2025,03:20:00 am,0,2025-09-15 03:20:00,8.2281,8.456,0.00129999999999999
EWR-1,9/15/2025,03:30:00 am,0,2025-09-15 03:30:00,8.2284,8.443,0.0014999999999998793
EWR-1,9/15/2025,03:40:00 am,0,2025-09-15 03:40:00,8.2286,8.428,0.0016000000000000014
EWR-1,9/15/2025,03:50:00 am,0,2025-09-15 03:50:00,8.2284,8.412,0.0014000000000001123
EWR-1,9/15/2025,04:00:00 am,0,2025-09-15 04:00:00,8.2282,8.398,0.00129999999999999
EWR-1,9/15/2025,04:10:00 am,0,2025-09-15 04:10:00,8.2279,8.385,0.0012000000000000454
EWR-1,9/15/2025,04:20:00 am,0,2025-09-15 04:20:00,8.2277,8.373,0.00129999999999999
EWR-1,9/15/2025,04:30:00 am,0,2025-09-15 04:30:00,8.227,8.36,0.0011999999999998678
EWR-1,9/15/2025,04:40:00 am,0,2025-09-15 04:40:00,8.2274,8.348,0.00129999999999999
EWR-1,9/15/2025,04:50:00 am,0,2025-09-15 04:50:00,8.2275,8.335,0.0016000000000000014
EWR-1,9/15/2025,05:00:00 am,0,2025-09-15 05:00:00,8.2281,8.319,0.002000000000000135
EWR-1,9/15/2025,05:10:00 am,0,2025-09-15 05:10:00,8.2285,8.299,0.0013999999999999347
EWR-1,9/15/2025,05:20:00 am,0,2025-09-15 05:20:00,8.2291,8.285,0.0016000000000000014
EWR-1,9/15/2025,05:30:00 am,0,2025-09-15 05:30:00,8.2295,8.269,0.0013999999999999347
EWR-1,9/15/2025,05:40:00 am,0,2025-09-15 05:40:00,8.2285,8.255,0.00129999999999999
EWR-1,9/15/2025,05:50:00 am,0,2025-09-15 05:50:00,8.2289,8.242,0.0013000000000001678
EWR-1,9/15/2025,06:00:00 am,0,2025-09-15 06:00:00,8.2301,8.229,0.0010999999999999233
EWR-1,9/15/2025,06:10:00 am,0,2025-09-15 06:10:00,8.2306,8.218,0.00129999999999999
EWR-1,9/15/2025,06:20:00 am,0,2025-09-15 06:20:00,8.2315,8.205,0.0013999999999999347
EWR-1,9/15/2025,06:30:00 am,0,2025-09-15 06:30:00,8.2323,8.191,0.001100000000000101
EWR-1,9/15/2025,06:40:00 am,0,2025-09-15 06:40:00,8.2337,8.18,0.0010999999999999233
EWR-1,9/15/2025,06:50:00 am,0,2025-09-15 06:50:00,8.2349,8.169,0.001100000000000101
EWR-1,9/15/2025,07:00:00 am,0,2025-09-15 07:00:00,8.2356,8.158,0.0010999999999999233
EWR-1,9/15/2025,07:10:00 am,0,2025-09-15 07:10:00,8.2368,8.147,0.0008000000000000895
EWR-1,9/15/2025,07:20:00 am,0,2025-09-15 07:20:00,8.2376,8.139,0.0006999999999999674
EWR-1,9/15/2025,07:30:00 am,0,2025-09-15 07:30:00,8.2386,8.132,0.0007999999999999119
EWR-1,9/15/2025,07:40:00 am,0,2025-09-15 07:40:00,8.2391,8.124,0.00010000000000012221
EWR-1,9/15/2025,07:50:00 am,0,2025-09-15 07:50:00,8.2393,8.123,0.00019999999999988915
EWR-1,9/15/2025,08:00:00 am,0,2025-09-15 08:00:00,8.239,8.121,0.00039999999999995595
EWR-1,9/15/2025,08:10:00 am,0,2025-09-15 08:10:00,8.2399,8.117,0.0005000000000000782
EWR-1,9/15/2025,08:20:00 am,0,2025-09-15 08:20:00,8.2403,8.112,0.00039999999999995595
EWR-1,9/15/2025,08:30:00 am,0,2025-09-15 08:30:00,8.2399,8.108,0.0006000000000000227
EWR-1,9/15/2025,08:40:00 am,0,2025-09-15 08:40:00,8.2397,8.102,0.00039999999999995595
EWR-1,9/15/2025,08:50:00 am,0,2025-09-15 08:50:00,8.2392,8.098,0.0005000000000000782
EWR-1,9/15/2025,09:00:00 am,0,2025-09-15 09:00:00,8.2399,8.093,0.00039999999999995595
EWR-1,9/15/2025,09:10:00 am,0,2025-09-15 09:10:00,8.2402,8.089,0.0005000000000000782
EWR-1,9/15/2025,09:20:00 am,0,2025-09-15 09:20:00,8.2403,8.084,0.0006000000000000227
EWR-1,9/15/2025,09:30:00 am,0,2025-09-15 09:30:00,8.2409,8.078,0.00019999999999988915
EWR-1,9/15/2025,09:40:00 am,0,2025-09-15 09:40:00,8.2409,8.076,0.00030000000000001136
EWR-1,9/15/2025,09:50:00 am,0,2025-09-15 09:50:00,8.2431,8.079,0.0002000000000000668
EWR-1,9/15/2025,10:00:00 am,0,2025-09-15 10:00:00,8.243,8.077,0.0006000000000000227
EWR-1,9/15/2025,10:10:00 am,0,2025-09-15 10:10:00,8.2421,8.071,0.00039999999999995595
EWR-1,9/15/2025,10:20:00 am,0,2025-09-15 10:20:00,8.2416,8.067,0.0
EWR-1,9/15/2025,10:30:00 am,0,2025-09-15 10:30:00,8.242,8.067,9.999999999994457e-05
EWR-1,9/15/2025,10:40:00 am,0,2025-09-15 10:40:00,8.2415,8.066,0.00010000000000012221
EWR-1,9/15/2025,10:50:00 am,0,2025-09-15 10:50:00,8.2412,8.065,9.999999999994457e-05
EWR-1,9/15/2025,11:00:00 am,0,2025-09-15 11:00:00,8.2408,8.064,0.0
EWR-1,9/15/2025,11:10:00 am,0,2025-09-15 11:10:00,8.2403,8.064,0.00030000000000001136
EWR-1,9/15/2025,11:20:00 am,0,2025-09-15 11:20:00,8.2399,8.067,0.0002000000000000668
EWR-1,9/15/2025,11:30:00 am,0,2025-09-15 11:30:00,8.2385,8.069,0.0002999999999998337
EWR-1,9/15/2025,11:40:00 am,0,2025-09-15 11:40:00,8.2376,8.072,0.00030000000000001136
EWR-1,9/15/2025,11:50:00 am,0,2025-09-15 11:50:00,8.2354,8.075,0.0004000000000001336
EWR-1,9/15/2025,12:00:00 pm,0,2025-09-15 12:00:00,8.2337,8.079,0.0004999999999999005
EWR-1,9/15/2025,12:10:00 pm,0,2025-09-15 12:10:00,8.2322,8.084,0.0005000000000000782
EWR-1,9/15/2025,12:20:00 pm,0,2025-09-15 12:20:00,8.2297,8.089,0.0006000000000000227
EWR-1,9/15/2025,12:30:00 pm,0,2025-09-15 12:30:00,8.228,8.095,0.0009999999999999788
EWR-1,9/15/2025,12:40:00 pm,0,2025-09-15 12:40:00,8.2253,8.105,0.0012000000000000454
EWR-1,9/15/2025,12:50:00 pm,0,2025-09-15 12:50:00,8.2231,8.117,0.0011999999999998678
EWR-1,9/15/2025,01:00:00 pm,0,2025-09-15 13:00:00,8.2199,8.129,0.0016000000000000014
EWR-1,9/15/2025,01:10:00 pm,0,2025-09-15 13:10:00,8.2178,8.145,0.0018000000000000683
EWR-1,9/15/2025,01:20:00 pm,0,2025-09-15 13:20:00,8.2158,8.163,0.0017999999999998907
EWR-1,9/15/2025,01:30:00 pm,0,2025-09-15 13:30:00,8.2139,8.181,0.0018000000000000683
EWR-1,9/15/2025,01:40:00 pm,0,2025-09-15 13:40:00,8.2119,8.199,0.0019999999999999575
EWR-1,9/15/2025,01:50:00 pm,0,2025-09-15 13:50:00,8.2099,8.219,0.0018000000000000683
EWR-1,9/15/2025,02:00:00 pm,0,2025-09-15 14:00:00,8.2081,8.237,0.0016000000000000014
EWR-1,9/15/2025,02:10:00 pm,0,2025-09-15 14:10:00,8.2073,8.253,0.001699999999999946
EWR-1,9/15/2025,02:20:00 pm,0,2025-09-15 14:20:00,8.2057,8.27,0.0018000000000000683
EWR-1,9/15/2025,02:30:00 pm,0,2025-09-15 14:30:00,8.2041,8.288,0.0017999999999998907
EWR-1,9/15/2025,02:40:00 pm,0,2025-09-15 14:40:00,8.203,8.306,0.0018000000000000683
EWR-1,9/15/2025,02:50:00 pm,0,2025-09-15 14:50:00,8.2021,8.324,0.0016000000000000014
EWR-1,9/15/2025,03:00:00 pm,0,2025-09-15 15:00:00,8.2006,8.34,0.001699999999999946
EWR-1,9/15/2025,03:10:00 pm,0,2025-09-15 15:10:00,8.1994,8.357,0.0016000000000000014
EWR-1,9/15/2025,03:20:00 pm,0,2025-09-15 15:20:00,8.1985,8.373,0.0018000000000000683
EWR-1,9/15/2025,03:30:00 pm,0,2025-09-15 15:30:00,8.1976,8.391,0.0018000000000000683
EWR-1,9/15/2025,03:40:00 pm,0,2025-09-15 15:40:00,8.1971,8.409,0.0017999999999998907
EWR-1,9/15/2025,03:50:00 pm,0,2025-09-15 15:50:00,8.1969,8.427,0.0017000000000001237
EWR-1,9/15/2025,04:00:00 pm,0,2025-09-15 16:00:00,8.1968,8.444,0.0014999999999998793
EWR-1,9/15/2025,04:10:00 pm,0,2025-09-15 16:10:00,8.1964,8.459,0.0017000000000001237
EWR-1,9/15/2025,04:20:00 pm,0,2025-09-15 16:20:00,8.1963,8.476,0.0014999999999998793
EWR-1,9/15/2025,04:30:00 pm,0,2025-09-15 16:30:00,8.1962,8.491,0.0016000000000000014
EWR-1,9/15/2025,04:40:00 pm,0,2025-09-15 16:40:00,8.1961,8.507,0.0015000000000000568
EWR-1,9/15/2025,04:50:00 pm,0,2025-09-15 16:50:00,8.1969,8.522,0.0015000000000000568
EWR-1,9/15/2025,05:00:00 pm,0,2025-09-15 17:00:00,8.1977,8.537,0.0011999999999998678
EWR-1,9/15/2025,05:10:00 pm,0,2025-09-15 17:10:00,8.1984,8.549,0.00129999999999999
EWR-1,9/15/2025,05:20:00 pm,0,2025-09-15 17:20:00,8.1987,8.562,0.001100000000000101
EWR-1,9/15/2025,05:30:00 pm,0,2025-09-15 17:30:00,8.1994,8.573,0.0009999999999999788
EWR-1,9/15/2025,05:40:00 pm,0,2025-09-15 17:40:00,8.2001,8.583,0.0009999999999999788
EWR-1,9/15/2025,05:50:00 pm,0,2025-09-15 17:50:00,8.2016,8.593,0.0009999999999999788
EWR-1,9/15/2025,06:00:00 pm,0,2025-09-15 18:00:00,8.2026,8.603,0.0009000000000000341
EWR-1,9/15/2025,06:10:00 pm,0,2025-09-15 18:10:00,8.2042,8.612,0.0009000000000000341
EWR-1,9/15/2025,06:20:00 pm,0,2025-09-15 18:20:00,8.2055,8.621,0.0006999999999999674
EWR-1,9/15/2025,06:30:00 pm,0,2025-09-15 18:30:00,8.2073,8.628,0.0006999999999999674
EWR-1,9/15/2025,06:40:00 pm,0,2025-09-15 18:40:00,8.2092,8.635,0.0005000000000000782
EWR-1,9/15/2025,06:50:00 pm,0,2025-09-15 18:50:00,8.2107,8.64,0.00039999999999995595
EWR-1,9/15/2025,07:00:00 pm,0,2025-09-15 19:00:00,8.2123,8.644,0.00030000000000001136
EWR-1,9/15/2025,07:10:00 pm,0,2025-09-15 19:10:00,8.2135,8.647,0.00019999999999988915
EWR-1,9/15/2025,07:20:00 pm,0,2025-09-15 19:20:00,8.2152,8.649,0.00010000000000012221
EWR-1,9/15/2025,07:30:00 pm,0,2025-09-15 19:30:00,8.2169,8.65,9.999999999994457e-05
EWR-1,9/15/2025,07:40:00 pm,0,2025-09-15 19:40:00,8.2185,8.651,0.0
EWR-1,9/15/2025,07:50:00 pm,0,2025-09-15 19:50:00,8.2201,8.651,9.999999999994457e-05
EWR-1,9/15/2025,08:00:00 pm,0,2025-09-15 20:00:00,8.222,8.65,0.00010000000000012221
EWR-1,9/15/2025,08:10:00 pm,0,2025-09-15 20:10:00,8.224,8.649,0.0002999999999998337
EWR-1,9/15/2025,08:20:00 pm,0,2025-09-15 20:20:00,8.2264,8.646,0.0002000000000000668
EWR-1,9/15/2025,08:30:00 pm,0,2025-09-15 20:30:00,8.2285,8.644,0.0002000000000000668
EWR-1,9/15/2025,08:40:00 pm,0,2025-09-15 20:40:00,8.2302,8.642,0.00039999999999995595
EWR-1,9/15/2025,08:50:00 pm,0,2025-09-15 20:50:00,8.2316,8.638,0.00030000000000001136
EWR-1,9/15/2025,09:00:00 pm,0,2025-09-15 21:00:00,8.2334,8.635,0.00030000000000001136
EWR-1,9/15/2025,09:10:00 pm,0,2025-09-15 21:10:00,8.2346,8.632,0.00039999999999995595
EWR-1,9/15/2025,09:20:00 pm,0,2025-09-15 21:20:00,8.2353,8.628,0.00030000000000001136
EWR-1,9/15/2025,09:30:00 pm,0,2025-09-15 21:30:00,8.2362,8.625,0.00039999999999995595
EWR-1,9/15/2025,09:40:00 pm,0,2025-09-15 21:40:00,8.2374,8.621,0.00039999999999995595
EWR-1,9/15/2025,09:50:00 pm,0,2025-09-15 21:50:00,8.2377,8.617,0.0004000000000001336
EWR-1,9/15/2025,10:00:00 pm,0,2025-09-15 22:00:00,8.2387,8.613,0.00039999999999995595
EWR-1,9/15/2025,10:10:00 pm,0,2025-09-15 22:10:00,8.2392,8.609,0.0005000000000000782
EWR-1,9/15/2025,10:20:00 pm,0,2025-09-15 22:20:00,8.2396,8.604,0.00039999999999995595
EWR-1,9/15/2025,10:30:00 pm,0,2025-09-15 22:30:00,8.2395,8.6,0.00039999999999995595
EWR-1,9/15/2025,10:40:00 pm,0,2025-09-15 22:40:00,8.2402,8.596,0.0005000000000000782
EWR-1,9/15/2025,10:50:00 pm,0,2025-09-15 22:50:00,8.2404,8.591,0.0004999999999999005
EWR-1,9/15/2025,11:00:00 pm,0,2025-09-15 23:00:00,8.2409,8.586,0.0006000000000000227
EWR-1,9/15/2025,11:10:00 pm,0,2025-09-15 23:10:00,8.2414,8.58,0.0006000000000000227
EWR-1,9/15/2025,11:20:00 pm,0,2025-09-15 23:20:00,8.2422,8.574,0.0006000000000000227
EWR-1,9/15/2025,11:30:00 pm,0,2025-09-15 23:30:00,8.2426,8.568,0.0006000000000000227
EWR-1,9/15/2025,11:40:00 pm,0,2025-09-15 23:40:00,8.2429,8.562,0.0004999999999999005
EWR-1,9/15/2025,11:50:00 pm,0,2025-09-15 23:50:00,8.2436,8.557,0.0005000000000000782
EWR-1,9/16/2025,12:00:00 am,0,2025-09-16 00:00:00,8.2439,8.552,0.0007999999999999119
EWR-1,9/16/2025,12:10:00 am,0,2025-09-16 00:10:00,8.2439,8.544,0.0008000000000000895
EWR-1,9/16/2025,12:20:00 am,0,2025-09-16 00:20:00,8.2449,8.536,0.0009000000000000341
EWR-1,9/16/2025,12:30:00 am,0,2025-09-16 00:30:00,8.245,8.527,0.0007999999999999119
EWR-1,9/16/2025,12:40:00 am,0,2025-09-16 00:40:00,8.2448,8.519,0.0006000000000000227
EWR-1,9/16/2025,12:50:00 am,0,2025-09-16 00:50:00,8.2453,8.513,0.0006000000000000227
EWR-1,9/16/2025,01:00:00 am,0,2025-09-16 01:00:00,8.245,8.507,0.0006999999999999674
EWR-1,9/16/2025,01:10:00 am,0,2025-09-16 01:10:00,8.246,8.5,0.0006999999999999674
EWR-1,9/16/2025,01:20:00 am,0,2025-09-16 01:20:00,8.2464,8.493,0.0006000000000000227
EWR-1,9/16/2025,01:30:00 am,0,2025-09-16 01:30:00,8.2468,8.487,0.0006999999999999674
EWR-1,9/16/2025,01:40:00 am,0,2025-09-16 01:40:00,8.2471,8.48,0.0006999999999999674
EWR-1,9/16/2025,01:50:00 am,0,2025-09-16 01:50:00,8.2478,8.473,0.0008000000000000895
EWR-1,9/16/2025,02:00:00 am,0,2025-09-16 02:00:00,8.2482,8.465,0.0007999999999999119
EWR-1,9/16/2025,02:10:00 am,0,2025-09-16 02:10:00,8.2477,8.457,0.000700000000000145
EWR-1,9/16/2025,02:20:00 am,0,2025-09-16 02:20:00,8.2475,8.45,0.0008999999999998564
EWR-1,9/16/2025,02:30:00 am,0,2025-09-16 02:30:00,8.2478,8.441,0.001100000000000101
EWR-1,9/16/2025,02:40:00 am,0,2025-09-16 02:40:00,8.2484,8.43,0.0007999999999999119
EWR-1,9/16/2025,02:50:00 am,0,2025-09-16 02:50:00,8.2492,8.422,0.000700000000000145
EWR-1,9/16/2025,03:00:00 am,0,2025-09-16 03:00:00,8.2494,8.415,0.0007999999999999119
EWR-1,9/16/2025,03:10:00 am,0,2025-09-16 03:10:00,8.2493,8.407,0.0009000000000000341
EWR-1,9/16/2025,03:20:00 am,0,2025-09-16 03:20:00,8.2488,8.398,0.0007999999999999119
EWR-1,9/16/2025,03:30:00 am,0,2025-09-16 03:30:00,8.2485,8.39,0.0009000000000000341
EWR-1,9/16/2025,03:40:00 am,0,2025-09-16 03:40:00,8.2484,8.381,0.0009000000000000341
EWR-1,9/16/2025,03:50:00 am,0,2025-09-16 03:50:00,8.2487,8.372,0.0007999999999999119
EWR-1,9/16/2025,04:00:00 am,0,2025-09-16 04:00:00,8.2482,8.364,0.0008000000000000895
EWR-1,9/16/2025,04:10:00 am,0,2025-09-16 04:10:00,8.2478,8.356,0.0009000000000000341
EWR-1,9/16/2025,04:20:00 am,0,2025-09-16 04:20:00,8.2472,8.347,0.0009000000000000341
EWR-1,9/16/2025,04:30:00 am,0,2025-09-16 04:30:00,8.2472,8.338,0.0009999999999999788
EWR-1,9/16/2025,04:40:00 am,0,2025-09-16 04:40:00,8.2478,8.328,0.0009999999999999788
EWR-1,9/16/2025,04:50:00 am,0,2025-09-16 04:50:00,8.2482,8.318,0.0007999999999999119
EWR-1,9/16/2025,05:00:00 am,0,2025-09-16 05:00:00,8.2488,8.31,0.0009000000000000341
EWR-1,9/16/2025,05:10:00 am,0,2025-09-16 05:10:00,8.2493,8.301,0.0009000000000000341
EWR-1,9/16/2025,05:20:00 am,0,2025-09-16 05:20:00,8.2495,8.292,0.0009000000000000341
EWR-1,9/16/2025,05:30:00 am,0,2025-09-16 05:30:00,8.2501,8.283,0.0009999999999999788
EWR-1,9/16/2025,05:40:00 am,0,2025-09-16 05:40:00,8.2513,8.273,0.0010999999999999233
EWR-1,9/16/2025,05:50:00 am,0,2025-09-16 05:50:00,8.2519,8.262,0.0009999999999999788
EWR-1,9/16/2025,06:00:00 am,0,2025-09-16 06:00:00,8.2526,8.252,0.0009999999999999788
EWR-1,9/16/2025,06:10:00 am,0,2025-09-16 06:10:00,8.2532,8.242,0.0009000000000000341
EWR-1,9/16/2025,06:20:00 am,0,2025-09-16 06:20:00,8.2535,8.233,0.0009000000000000341
EWR-1,9/16/2025,06:30:00 am,0,2025-09-16 06:30:00,8.2534,8.224,0.0009999999999999788
EWR-1,9/16/2025,06:40:00 am,0,2025-09-16 06:40:00,8.2545,8.214,0.001100000000000101
EWR-1,9/16/2025,06:50:00 am,0,2025-09-16 06:50:00,8.256,8.203,0.0010999999999999233
EWR-1,9/16/2025,07:00:00 am,0,2025-09-16 07:00:00,8.2565,8.192,0.0008000000000000895
EWR-1,9/16/2025,07:10:00 am,0,2025-09-16 07:10:00,8.2574,8.184,0.0008999999999998564
EWR-1,9/16/2025,07:20:00 am,0,2025-09-16 07:20:00,8.2582,8.175,0.0009000000000000341
EWR-1,9/16/2025,07:30:00 am,0,2025-09-16 07:30:00,8.2586,8.166,0.0008000000000000895
EWR-1,9/16/2025,07:40:00 am,0,2025-09-16 07:40:00,8.2594,8.158,0.0006999999999999674
EWR-1,9/16/2025,07:50:00 am,0,2025-09-16 07:50:00,8.2601,8.151,0.0006999999999999674
EWR-1,9/16/2025,08:00:00 am,0,2025-09-16 08:00:00,8.2606,8.144,0.0006999999999999674
EWR-1,9/16/2025,08:10:00 am,0,2025-09-16 08:10:00,8.2609,8.137,0.0006000000000000227
EWR-1,9/16/2025,08:20:00 am,0,2025-09-16 08:20:00,8.2607,8.131,0.0005000000000000782
EWR-1,9/16/2025,08:30:00 am,0,2025-09-16 08:30:00,8.2608,8.126,0.0004999999999999005
EWR-1,9/16/2025,08:40:00 am,0,2025-09-16 08:40:00,8.261,8.121,0.0008000000000000895
EWR-1,9/16/2025,08:50:00 am,0,2025-09-16 08:50:00,8.2616,8.113,0.0006000000000000227
EWR-1,9/16/2025,09:00:00 am,0,2025-09-16 09:00:00,8.2617,8.107,0.00039999999999995595
EWR-1,9/16/2025,09:10:00 am,0,2025-09-16 09:10:00,8.2622,8.103,0.00030000000000001136
EWR-1,9/16/2025,09:20:00 am,0,2025-09-16 09:20:00,8.2633,8.1,0.00030000000000001136
EWR-1,9/16/2025,09:30:00 am,0,2025-09-16 09:30:00,8.2639,8.097,9.999999999994457e-05
EWR-1,9/16/2025,09:40:00 am,0,2025-09-16 09:40:00,8.2637,8.096,0.0002000000000000668
EWR-1,9/16/2025,09:50:00 am,0,2025-09-16 09:50:00,8.2639,8.094,0.00019999999999988915
EWR-1,9/16/2025,10:00:00 am,0,2025-09-16 10:00:00,8.2642,8.092,0.00010000000000012221
EWR-1,9/16/2025,10:10:00 am,0,2025-09-16 10:10:00,8.2643,8.091,9.999999999994457e-05
EWR-1,9/16/2025,10:20:00 am,0,2025-09-16 10:20:00,8.264,8.09,0.0
EWR-1,9/16/2025,10:30:00 am,0,2025-09-16 10:30:00,8.2639,8.09,9.999999999994457e-05
EWR-1,9/16/2025,10:40:00 am,0,2025-09-16 10:40:00,8.2638,8.091,0.00010000000000012221
EWR-1,9/16/2025,10:50:00 am,0,2025-09-16 10:50:00,8.2637,8.092,0.00019999999999988915
EWR-1,9/16/2025,11:00:00 am,0,2025-09-16 11:00:00,8.2632,8.094,0.00030000000000001136
EWR-1,9/16/2025,11:10:00 am,0,2025-09-16 11:10:00,8.2631,8.097,0.0004000000000001336
EWR-1,9/16/2025,11:20:00 am,0,2025-09-16 11:20:00,8.2621,8.101,0.0002999999999998337
EWR-1,9/16/2025,11:30:00 am,0,2025-09-16 11:30:00,8.2609,8.104,0.0006000000000000227
EWR-1,9/16/2025,11:40:00 am,0,2025-09-16 11:40:00,8.2587,8.11,0.0008000000000000895
EWR-1,9/16/2025,11:50:00 am,0,2025-09-16 11:50:00,8.2564,8.118,0.0009999999999999788
EWR-1,9/16/2025,12:00:00 pm,0,2025-09-16 12:00:00,8.2548,8.128,0.0009999999999999788
EWR-1,9/16/2025,12:10:00 pm,0,2025-09-16 12:10:00,8.2524,8.138,0.0012000000000000454
EWR-1,9/16/2025,12:20:00 pm,0,2025-09-16 12:20:00,8.2499,8.15,0.0009999999999999788
EWR-1,9/16/2025,12:30:00 pm,0,2025-09-16 12:30:00,8.2477,8.16,0.00129999999999999
EWR-1,9/16/2025,12:40:00 pm,0,2025-09-16 12:40:00,8.2456,8.173,0.00129999999999999
EWR-1,9/16/2025,12:50:00 pm,0,2025-09-16 12:50:00,8.2433,8.186,0.0016000000000000014
EWR-1,9/16/2025,01:00:00 pm,0,2025-09-16 13:00:00,8.2422,8.202,0.001699999999999946
EWR-1,9/16/2025,01:10:00 pm,0,2025-09-16 13:10:00,8.2405,8.219,0.002000000000000135
EWR-1,9/16/2025,01:20:00 pm,0,2025-09-16 13:20:00,8.2392,8.239,0.0018999999999998352
EWR-1,9/16/2025,01:30:00 pm,0,2025-09-16 13:30:00,8.2381,8.258,0.002200000000000024
EWR-1,9/16/2025,01:40:00 pm,0,2025-09-16 13:40:00,8.237,8.28,0.0021000000000000797
EWR-1,9/16/2025,01:50:00 pm,0,2025-09-16 13:50:00,8.2353,8.301,0.0019000000000000128
EWR-1,9/16/2025,02:00:00 pm,0,2025-09-16 14:00:00,8.2344,8.32,0.0017999999999998907
EWR-1,9/16/2025,02:10:00 pm,0,2025-09-16 14:10:00,8.233,8.338,0.0017000000000001237
EWR-1,9/16/2025,02:20:00 pm,0,2025-09-16 14:20:00,8.2316,8.355,0.0017999999999998907
EWR-1,9/16/2025,02:30:00 pm,0,2025-09-16 14:30:00,8.2304,8.373,0.0017000000000001237
EWR-1,9/16/2025,02:40:00 pm,0,2025-09-16 14:40:00,8.2293,8.39,0.0016000000000000014
EWR-1,9/16/2025,02:50:00 pm,0,2025-09-16 14:50:00,8.2281,8.406,0.001699999999999946
EWR-1,9/16/2025,03:00:00 pm,0,2025-09-16 15:00:00,8.2275,8.423,0.0016000000000000014
EWR-1,9/16/2025,03:10:00 pm,0,2025-09-16 15:10:00,8.2267,8.439,0.0016000000000000014
EWR-1,9/16/2025,03:20:00 pm,0,2025-09-16 15:20:00,8.2257,8.455,0.001699999999999946
EWR-1,9/16/2025,03:30:00 pm,0,2025-09-16 15:30:00,8.2248,8.472,0.0017000000000001237
EWR-1,9/16/2025,03:40:00 pm,0,2025-09-16 15:40:00,8.2238,8.489,0.001699999999999946
EWR-1,9/16/2025,03:50:00 pm,0,2025-09-16 15:50:00,8.2235,8.506,0.0016000000000000014
EWR-1,9/16/2025,04:00:00 pm,0,2025-09-16 16:00:00,8.223,8.522,0.0015000000000000568
EWR-1,9/16/2025,04:10:00 pm,0,2025-09-16 16:10:00,8.2232,8.537,0.0016000000000000014
EWR-1,9/16/2025,04:20:00 pm,0,2025-09-16 16:20:00,8.2228,8.553,0.0014999999999998793
EWR-1,9/16/2025,04:30:00 pm,0,2025-09-16 16:30:00,8.2223,8.568,0.0015000000000000568
EWR-1,9/16/2025,04:40:00 pm,0,2025-09-16 16:40:00,8.2224,8.583,0.0015000000000000568
EWR-1,9/16/2025,04:50:00 pm,0,2025-09-16 16:50:00,8.2221,8.598,0.0013999999999999347
EWR-1,9/16/2025,05:00:00 pm,0,2025-09-16 17:00:00,8.2228,8.612,0.0012000000000000454
EWR-1,9/16/2025,05:10:00 pm,0,2025-09-16 17:10:00,8.2231,8.624,0.0011999999999998678
EWR-1,9/16/2025,05:20:00 pm,0,2025-09-16 17:20:00,8.2234,8.636,0.0010000000000001564
EWR-1,9/16/2025,05:30:00 pm,0,2025-09-16 17:30:00,8.2243,8.646,0.0008999999999998564
EWR-1,9/16/2025,05:40:00 pm,0,2025-09-16 17:40:00,8.2253,8.655,0.0009000000000000341
EWR-1,9/16/2025,05:50:00 pm,0,2025-09-16 17:50:00,8.2262,8.664,0.0009000000000000341
EWR-1,9/16/2025,06:00:00 pm,0,2025-09-16 18:00:00,8.2269,8.673,0.0007999999999999119
EWR-1,9/16/2025,06:10:00 pm,0,2025-09-16 18:10:00,8.2276,8.681,0.0008000000000000895
EWR-1,9/16/2025,06:20:00 pm,0,2025-09-16 18:20:00,8.2287,8.689,0.0006000000000000227
EWR-1,9/16/2025,06:30:00 pm,0,2025-09-16 18:30:00,8.2297,8.695,0.0006999999999999674
EWR-1,9/16/2025,06:40:00 pm,0,2025-09-16 18:40:00,8.2307,8.702,0.00039999999999995595
EWR-1,9/16/2025,06:50:00 pm,0,2025-09-16 18:50:00,8.2316,8.706,0.0004000000000001336
EWR-1,9/16/2025,07:00:00 pm,0,2025-09-16 19:00:00,8.2326,8.71,0.00019999999999988915
EWR-1,9/16/2025,07:10:00 pm,0,2025-09-16 19:10:00,8.2342,8.712,0.0002000000000000668
EWR-1,9/16/2025,07:20:00 pm,0,2025-09-16 19:20:00,8.2355,8.714,0.0
EWR-1,9/16/2025,07:30:00 pm,0,2025-09-16 19:30:00,8.2372,8.714,0.0
EWR-1,9/16/2025,07:40:00 pm,0,2025-09-16 19:40:00,8.2388,8.714,0.0002000000000000668
EWR-1,9/16/2025,07:50:00 pm,0,2025-09-16 19:50:00,8.2408,8.712,9.999999999994457e-05
EWR-1,9/16/2025,08:00:00 pm,0,2025-09-16 20:00:00,8.2423,8.711,0.0002000000000000668
EWR-1,9/16/2025,08:10:00 pm,0,2025-09-16 20:10:00,8.2441,8.709,0.00030000000000001136
EWR-1,9/16/2025,08:20:00 pm,0,2025-09-16 20:20:00,8.2457,8.706,0.00019999999999988915
EWR-1,9/16/2025,08:30:00 pm,0,2025-09-16 20:30:00,8.2478,8.704,0.0004000000000001336
EWR-1,9/16/2025,08:40:00 pm,0,2025-09-16 20:40:00,8.2492,8.7,0.00030000000000001136
EWR-1,9/16/2025,08:50:00 pm,0,2025-09-16 20:50:00,8.2502,8.697,0.00039999999999995595
EWR-1,9/16/2025,09:00:00 pm,0,2025-09-16 21:00:00,8.2511,8.693,0.00039999999999995595
EWR-1,9/16/2025,09:10:00 pm,0,2025-09-16 21:10:00,8.2514,8.689,0.00039999999999995595
EWR-1,9/16/2025,09:20:00 pm,0,2025-09-16 21:20:00,8.2525,8.685,0.0004000000000001336
EWR-1,9/16/2025,09:30:00 pm,0,2025-09-16 21:30:00,8.2528,8.681,0.00039999999999995595
EWR-1,9/16/2025,09:40:00 pm,0,2025-09-16 21:40:00,8.2536,8.677,0.0004999999999999005
EWR-1,9/16/2025,09:50:00 pm,0,2025-09-16 21:50:00,8.2546,8.672,0.0005000000000000782
EWR-1,9/16/2025,10:00:00 pm,0,2025-09-16 22:00:00,8.2549,8.667,0.00039999999999995595
EWR-1,9/16/2025,10:10:00 pm,0,2025-09-16 22:10:00,8.256,8.663,0.0006000000000000227
EWR-1,9/16/2025,10:20:00 pm,0,2025-09-16 22:20:00,8.2565,8.657,0.00039999999999995595
EWR-1,9/16/2025,10:30:00 pm,0,2025-09-16 22:30:00,8.2569,8.653,0.0006000000000000227
EWR-1,9/16/2025,10:40:00 pm,0,2025-09-16 22:40:00,8.2572,8.647,0.0005000000000000782
EWR-1,9/16/2025,10:50:00 pm,0,2025-09-16 22:50:00,8.2574,8.642,0.0004999999999999005
EWR-1,9/16/2025,11:00:00 pm,0,2025-09-16 23:00:00,8.2578,8.637,0.0006000000000000227
EWR-1,9/16/2025,11:10:00 pm,0,2025-09-16 23:10:00,8.2579,8.631,0.0005000000000000782
EWR-1,9/16/2025,11:20:00 pm,0,2025-09-16 23:20:00,8.2581,8.626,0.0006000000000000227
EWR-1,9/16/2025,11:30:00 pm,0,2025-09-16 23:30:00,8.2586,8.62,0.0005999999999998451
EWR-1,9/16/2025,11:40:00 pm,0,2025-09-16 23:40:00,8.2588,8.614,0.0006000000000000227
EWR-1,9/16/2025,11:50:00 pm,0,2025-09-16 23:50:00,8.2588,8.608,0.0006999999999999674
EWR-1,9/17/2025,12:00:00 am,0,2025-09-17 00:00:00,8.2591,8.601,0.000700000000000145
EWR-1,9/17/2025,12:10:00 am,0,2025-09-17 00:10:00,8.259,8.594,0.0006999999999999674
EWR-1,9/17/2025,12:20:00 am,0,2025-09-17 00:20:00,8.2587,8.587,0.0006999999999999674
EWR-1,9/17/2025,12:30:00 am,0,2025-09-17 00:30:00,8.2587,8.58,0.0008000000000000895
EWR-1,9/17/2025,12:40:00 am,0,2025-09-17 00:40:00,8.259,8.572,0.0007999999999999119
EWR-1,9/17/2025,12:50:00 am,0,2025-09-17 00:50:00,8.2596,8.564,0.0006999999999999674
EWR-1,9/17/2025,01:00:00 am,0,2025-09-17 01:00:00,8.2599,8.557,0.0008000000000000895
EWR-1,9/17/2025,01:10:00 am,0,2025-09-17 01:10:00,8.2599,8.549,0.0007999999999999119
EWR-1,9/17/2025,01:20:00 am,0,2025-09-17 01:20:00,8.2597,8.541,0.0008000000000000895
EWR-1,9/17/2025,01:30:00 am,0,2025-09-17 01:30:00,8.26,8.533,0.0006999999999999674
EWR-1,9/17/2025,01:40:00 am,0,2025-09-17 01:40:00,8.2606,8.526,0.0009000000000000341
EWR-1,9/17/2025,01:50:00 am,0,2025-09-17 01:50:00,8.2607,8.517,0.0006000000000000227
EWR-1,9/17/2025,02:00:00 am,0,2025-09-17 02:00:00,8.2607,8.511,0.0004999999999999005
EWR-1,9/17/2025,02:10:00 am,0,2025-09-17 02:10:00,8.261,8.506,0.0008000000000000895
EWR-1,9/17/2025,02:20:00 am,0,2025-09-17 02:20:00,8.2612,8.498,0.0006999999999999674
EWR-1,9/17/2025,02:30:00 am,0,2025-09-17 02:30:00,8.2613,8.491,0.0007999999999999119
EWR-1,9/17/2025,02:40:00 am,0,2025-09-17 02:40:00,8.2614,8.483,0.0006999999999999674
EWR-1,9/17/2025,02:50:00 am,0,2025-09-17 02:50:00,8.2607,8.476,0.0008000000000000895
EWR-1,9/17/2025,03:00:00 am,0,2025-09-17 03:00:00,8.261,8.468,0.0007999999999999119
EWR-1,9/17/2025,03:10:00 am,0,2025-09-17 03:10:00,8.2605,8.46,0.0008000000000000895
EWR-1,9/17/2025,03:20:00 am,0,2025-09-17 03:20:00,8.2608,8.452,0.0007999999999999119
EWR-1,9/17/2025,03:30:00 am,0,2025-09-17 03:30:00,8.2606,8.444,0.0009000000000000341
EWR-1,9/17/2025,03:40:00 am,0,2025-09-17 03:40:00,8.2602,8.435,0.0008000000000000895
EWR-1,9/17/2025,03:50:00 am,0,2025-09-17 03:50:00,8.2594,8.427,0.0007999999999999119
EWR-1,9/17/2025,04:00:00 am,0,2025-09-17 04:00:00,8.2603,8.419,0.0009000000000000341
EWR-1,9/17/2025,04:10:00 am,0,2025-09-17 04:10:00,8.2608,8.41,0.0008000000000000895
EWR-1,9/17/2025,04:20:00 am,0,2025-09-17 04:20:00,8.2604,8.402,0.0007999999999999119
EWR-1,9/17/2025,04:30:00 am,0,2025-09-17 04:30:00,8.2603,8.394,0.0009000000000000341
EWR-1,9/17/2025,04:40:00 am,0,2025-09-17 04:40:00,8.2602,8.385,0.0007999999999999119
EWR-1,9/17/2025,04:50:00 am,0,2025-09-17 04:50:00,8.2603,8.377,0.0009000000000000341
EWR-1,9/17/2025,05:00:00 am,0,2025-09-17 05:00:00,8.2609,8.368,0.0009000000000000341
EWR-1,9/17/2025,05:10:00 am,0,2025-09-17 05:10:00,8.2606,8.359,0.0009000000000000341
EWR-1,9/17/2025,05:20:00 am,0,2025-09-17 05:20:00,8.2602,8.35,0.0009000000000000341
EWR-1,9/17/2025,05:30:00 am,0,2025-09-17 05:30:00,8.261,8.341,0.0008999999999998564
EWR-1,9/17/2025,05:40:00 am,0,2025-09-17 05:40:00,8.2615,8.332,0.0009000000000000341
EWR-1,9/17/2025,05:50:00 am,0,2025-09-17 05:50:00,8.2617,8.323,0.0009000000000000341
EWR-1,9/17/2025,06:00:00 am,0,2025-09-17 06:00:00,8.2621,8.314,0.0009000000000000341
EWR-1,9/17/2025,06:10:00 am,0,2025-09-17 06:10:00,8.262,8.305,0.0009000000000000341
EWR-1,9/17/2025,06:20:00 am,0,2025-09-17 06:20:00,8.2617,8.296,0.0008999999999998564
EWR-1,9/17/2025,06:30:00 am,0,2025-09-17 06:30:00,8.2621,8.287,0.0009000000000000341
EWR-1,9/17/2025,06:40:00 am,0,2025-09-17 06:40:00,8.2632,8.278,0.0009999999999999788
EWR-1,9/17/2025,06:50:00 am,0,2025-09-17 06:50:00,8.2643,8.268,0.0009000000000000341
EWR-1,9/17/2025,07:00:00 am,0,2025-09-17 07:00:00,8.2643,8.259,0.0009000000000000341
EWR-1,9/17/2025,07:10:00 am,0,2025-09-17 07:10:00,8.2643,8.25,0.0009000000000000341
EWR-1,9/17/2025,07:20:00 am,0,2025-09-17 07:20:00,8.2654,8.241,0.0007999999999999119
EWR-1,9/17/2025,07:30:00 am,0,2025-09-17 07:30:00,8.2658,8.233,0.0009000000000000341
EWR-1,9/17/2025,07:40:00 am,0,2025-09-17 07:40:00,8.2665,8.224,0.0009000000000000341
EWR-1,9/17/2025,07:50:00 am,0,2025-09-17 07:50:00,8.2671,8.215,0.0007999999999999119
EWR-1,9/17/2025,08:00:00 am,0,2025-09-17 08:00:00,8.2664,8.207,0.0009000000000000341
EWR-1,9/17/2025,08:10:00 am,0,2025-09-17 08:10:00,8.266,8.198,0.0009000000000000341
EWR-1,9/17/2025,08:20:00 am,0,2025-09-17 08:20:00,8.266,8.189,0.0006999999999999674
EWR-1,9/17/2025,08:30:00 am,0,2025-09-17 08:30:00,8.2661,8.182,0.0006000000000000227
EWR-1,9/17/2025,08:40:00 am,0,2025-09-17 08:40:00,8.2657,8.176,0.0005000000000000782
EWR-1,9/17/2025,08:50:00 am,0,2025-09-17 08:50:00,8.2664,8.171,0.00039999999999995595
EWR-1,9/17/2025,09:00:00 am,0,2025-09-17 09:00:00,8.2662,8.167,0.00030000000000001136
EWR-1,9/17/2025,09:10:00 am,0,2025-09-17 09:10:00,8.2665,8.164,0.00030000000000001136
EWR-1,9/17/2025,09:20:00 am,0,2025-09-17 09:20:00,8.2674,8.161,0.00019999999999988915
EWR-1,9/17/2025,09:30:00 am,0,2025-09-17 09:30:00,8.2669,8.159,0.00030000000000001136
EWR-1,9/17/2025,09:40:00 am,0,2025-09-17 09:40:00,8.2665,8.156,0.00010000000000012221
EWR-1,9/17/2025,09:50:00 am,0,2025-09-17 09:50:00,8.2671,8.155,0.00019999999999988915
EWR-1,9/17/2025,10:00:00 am,0,2025-09-17 10:00:00,8.267,8.153,0.0
EWR-1,9/17/2025,10:10:00 am,0,2025-09-17 10:10:00,8.2664,8.153,0.00010000000000012221
EWR-1,9/17/2025,10:20:00 am,0,2025-09-17 10:20:00,8.2662,8.152,0.00010000000000012221
EWR-1,9/17/2025,10:30:00 am,0,2025-09-17 10:30:00,8.2652,8.153,9.999999999994457e-05
EWR-1,9/17/2025,10:40:00 am,0,2025-09-17 10:40:00,8.2643,8.154,9.999999999994457e-05
EWR-1,9/17/2025,10:50:00 am,0,2025-09-17 10:50:00,8.2643,8.155,0.0004000000000001336
EWR-1,9/17/2025,11:00:00 am,0,2025-09-17 11:00:00,8.2638,8.159,0.00030000000000001136
EWR-1,9/17/2025,11:10:00 am,0,2025-09-17 11:10:00,8.2623,8.162,0.0004999999999999005
EWR-1,9/17/2025,11:20:00 am,0,2025-09-17 11:20:00,8.2618,8.167,0.0006000000000000227
EWR-1,9/17/2025,11:30:00 am,0,2025-09-17 11:30:00,8.2601,8.173,0.0006000000000000227
EWR-1,9/17/2025,11:40:00 am,0,2025-09-17 11:40:00,8.2587,8.179,0.0009000000000000341
EWR-1,9/17/2025,11:50:00 am,0,2025-09-17 11:50:00,8.2562,8.188,0.0010999999999999233
EWR-1,9/17/2025,12:00:00 pm,0,2025-09-17 12:00:00,8.2536,8.199,0.0012000000000000454
EWR-1,9/17/2025,12:10:00 pm,0,2025-09-17 12:10:00,8.2502,8.211,0.0010999999999999233
EWR-1,9/17/2025,12:20:00 pm,0,2025-09-17 12:20:00,8.2479,8.222,0.001100000000000101
EWR-1,9/17/2025,12:30:00 pm,0,2025-09-17 12:30:00,8.2453,8.233,0.0011999999999998678
EWR-1,9/17/2025,12:40:00 pm,0,2025-09-17 12:40:00,8.2428,8.245,0.00129999999999999
EWR-1,9/17/2025,12:50:00 pm,0,2025-09-17 12:50:00,8.2405,8.258,0.0015000000000000568
EWR-1,9/17/2025,01:00:00 pm,0,2025-09-17 13:00:00,8.2381,8.273,0.0019000000000000128
EWR-1,9/17/2025,01:10:00 pm,0,2025-09-17 13:10:00,8.2358,8.292,0.0019000000000000128
EWR-1,9/17/2025,01:20:00 pm,0,2025-09-17 13:20:00,8.2342,8.311,0.002200000000000024
EWR-1,9/17/2025,01:30:00 pm,0,2025-09-17 13:30:00,8.2321,8.333,0.002200000000000024
EWR-1,9/17/2025,01:40:00 pm,0,2025-09-17 13:40:00,8.2304,8.355,0.002200000000000024
EWR-1,9/17/2025,01:50:00 pm,0,2025-09-17 13:50:00,8.2284,8.377,0.0019000000000000128
EWR-1,9/17/2025,02:00:00 pm,0,2025-09-17 14:00:00,8.2265,8.396,0.0017999999999998907
EWR-1,9/17/2025,02:10:00 pm,0,2025-09-17 14:10:00,8.2248,8.414,0.001699999999999946
EWR-1,9/17/2025,02:20:00 pm,0,2025-09-17 14:20:00,8.2229,8.431,0.0018000000000000683
EWR-1,9/17/2025,02:30:00 pm,0,2025-09-17 14:30:00,8.2215,8.449,0.0018000000000000683
EWR-1,9/17/2025,02:40:00 pm,0,2025-09-17 14:40:00,8.2201,8.467,0.0016000000000000014
EWR-1,9/17/2025,02:50:00 pm,0,2025-09-17 14:50:00,8.2188,8.483,0.001699999999999946
EWR-1,9/17/2025,03:00:00 pm,0,2025-09-17 15:00:00,8.2173,8.5,0.0016000000000000014
EWR-1,9/17/2025,03:10:00 pm,0,2025-09-17 15:10:00,8.2156,8.516,0.0015000000000000568
EWR-1,9/17/2025,03:20:00 pm,0,2025-09-17 15:20:00,8.2147,8.531,0.0017999999999998907
EWR-1,9/17/2025,03:30:00 pm,0,2025-09-17 15:30:00,8.2132,8.549,0.0017000000000001237
EWR-1,9/17/2025,03:40:00 pm,0,2025-09-17 15:40:00,8.2119,8.566,0.001699999999999946
EWR-1,9/17/2025,03:50:00 pm,0,2025-09-17 15:50:00,8.2108,8.583,0.001699999999999946
EWR-1,9/17/2025,04:00:00 pm,0,2025-09-17 16:00:00,8.2098,8.6,0.0014000000000001123
EWR-1,9/17/2025,04:10:00 pm,0,2025-09-17 16:10:00,8.2088,8.614,0.0016000000000000014
EWR-1,9/17/2025,04:20:00 pm,0,2025-09-17 16:20:00,8.2076,8.63,0.0014999999999998793
EWR-1,9/17/2025,04:30:00 pm,0,2025-09-17 16:30:00,8.207,8.645,0.0016000000000000014
EWR-1,9/17/2025,04:40:00 pm,0,2025-09-17 16:40:00,8.2061,8.661,0.0015000000000000568
EWR-1,9/17/2025,04:50:00 pm,0,2025-09-17 16:50:00,8.2054,8.676,0.0013999999999999347
EWR-1,9/17/2025,05:00:00 pm,0,2025-09-17 17:00:00,8.2049,8.69,0.00129999999999999
EWR-1,9/17/2025,05:10:00 pm,0,2025-09-17 17:10:00,8.2052,8.703,0.00129999999999999
EWR-1,9/17/2025,05:20:00 pm,0,2025-09-17 17:20:00,8.2049,8.716,0.0010000000000001564
EWR-1,9/17/2025,05:30:00 pm,0,2025-09-17 17:30:00,8.205,8.726,0.0009999999999999788
EWR-1,9/17/2025,05:40:00 pm,0,2025-09-17 17:40:00,8.2062,8.736,0.0009999999999999788
EWR-1,9/17/2025,05:50:00 pm,0,2025-09-17 17:50:00,8.2072,8.746,0.0009000000000000341
EWR-1,9/17/2025,06:00:00 pm,0,2025-09-17 18:00:00,8.2078,8.755,0.0008999999999998564
EWR-1,9/17/2025,06:10:00 pm,0,2025-09-17 18:10:00,8.2086,8.764,0.0008000000000000895
EWR-1,9/17/2025,06:20:00 pm,0,2025-09-17 18:20:00,8.209,8.772,0.0006999999999999674
EWR-1,9/17/2025,06:30:00 pm,0,2025-09-17 18:30:00,8.2099,8.779,0.0006999999999999674
EWR-1,9/17/2025,06:40:00 pm,0,2025-09-17 18:40:00,8.211,8.786,0.0005000000000000782
EWR-1,9/17/2025,06:50:00 pm,0,2025-09-17 18:50:00,8.2112,8.791,0.00030000000000001136
EWR-1,9/17/2025,07:00:00 pm,0,2025-09-17 19:00:00,8.2119,8.794,0.00030000000000001136
EWR-1,9/17/2025,07:10:00 pm,0,2025-09-17 19:10:00,8.214,8.797,9.999999999994457e-05
EWR-1,9/17/2025,07:20:00 pm,0,2025-09-17 19:20:00,8.2158,8.798,9.999999999994457e-05
EWR-1,9/17/2025,07:30:00 pm,0,2025-09-17 19:30:00,8.2175,8.799,0.0
EWR-1,9/17/2025,07:40:00 pm,0,2025-09-17 19:40:00,8.2186,8.799,0.0
EWR-1,9/17/2025,07:50:00 pm,0,2025-09-17 19:50:00,8.2195,8.799,0.0
EWR-1,9/17/2025,08:00:00 pm,0,2025-09-17 20:00:00,8.2206,8.799,0.00030000000000001136
EWR-1,9/17/2025,08:10:00 pm,0,2025-09-17 20:10:00,8.2222,8.796,9.999999999994457e-05
EWR-1,9/17/2025,08:20:00 pm,0,2025-09-17 20:20:00,8.2234,8.795,0.00030000000000001136
EWR-1,9/17/2025,08:30:00 pm,0,2025-09-17 20:30:00,8.2242,8.792,0.0002000000000000668
EWR-1,9/17/2025,08:40:00 pm,0,2025-09-17 20:40:00,8.226,8.79,0.00039999999999995595
EWR-1,9/17/2025,08:50:00 pm,0,2025-09-17 20:50:00,8.2275,8.786,0.00030000000000001136
EWR-1,9/17/2025,09:00:00 pm,0,2025-09-17 21:00:00,8.2277,8.783,0.00039999999999995595
EWR-1,9/17/2025,09:10:00 pm,0,2025-09-17 21:10:00,8.2281,8.779,0.00030000000000001136
EWR-1,9/17/2025,09:20:00 pm,0,2025-09-17 21:20:00,8.2287,8.776,0.00039999999999995595
EWR-1,9/17/2025,09:30:00 pm,0,2025-09-17 21:30:00,8.2294,8.772,0.0005000000000000782
EWR-1,9/17/2025,09:40:00 pm,0,2025-09-17 21:40:00,8.2305,8.767,0.00039999999999995595
EWR-1,9/17/2025,09:50:00 pm,0,2025-09-17 21:50:00,8.2313,8.763,0.00039999999999995595
EWR-1,9/17/2025,10:00:00 pm,0,2025-09-17 22:00:00,8.2318,8.759,0.0005000000000000782
EWR-1,9/17/2025,10:10:00 pm,0,2025-09-17 22:10:00,8.2319,8.754,0.0004999999999999005
EWR-1,9/17/2025,10:20:00 pm,0,2025-09-17 22:20:00,8.232,8.749,0.0004000000000001336
EWR-1,9/17/2025,10:30:00 pm,0,2025-09-17 22:30:00,8.2318,8.745,0.0004999999999999005
EWR-1,9/17/2025,10:40:00 pm,0,2025-09-17 22:40:00,8.2311,8.74,0.0005000000000000782
EWR-1,9/17/2025,10:50:00 pm,0,2025-09-17 22:50:00,8.231,8.735,0.0004999999999999005
EWR-1,9/17/2025,11:00:00 pm,0,2025-09-17 23:00:00,8.2312,8.73,0.0006000000000000227
EWR-1,9/17/2025,11:10:00 pm,0,2025-09-17 23:10:00,8.2313,8.724,0.0005000000000000782
EWR-1,9/17/2025,11:20:00 pm,0,2025-09-17 23:20:00,8.2308,8.719,0.0004999999999999005
EWR-1,9/17/2025,11:30:00 pm,0,2025-09-17 23:30:00,8.2299,8.714,0.0005000000000000782
EWR-1,9/17/2025,11:40:00 pm,0,2025-09-17 23:40:00,8.2303,8.709,0.0004999999999999005
EWR-1,9/17/2025,11:50:00 pm,0,2025-09-17 23:50:00,8.2302,8.704,0.0004000000000001336
EWR-1,9/18/2025,12:00:00 am,0,2025-09-18 00:00:00,8.2299,8.7,0.0004999999999999005
EWR-1,9/18/2025,12:10:00 am,0,2025-09-18 00:10:00,8.229,8.695,0.00039999999999995595
EWR-1,9/18/2025,12:20:00 am,0,2025-09-18 00:20:00,8.2284,8.691,0.0005000000000000782
EWR-1,9/18/2025,12:30:00 am,0,2025-09-18 00:30:00,8.2283,8.686,0.00039999999999995595
EWR-1,9/18/2025,12:40:00 am,0,2025-09-18 00:40:00,8.2276,8.682,0.0005000000000000782
EWR-1,9/18/2025,12:50:00 am,0,2025-09-18 00:50:00,8.2277,8.677,0.0004999999999999005
EWR-1,9/18/2025,01:00:00 am,0,2025-09-18 01:00:00,8.2273,8.672,0.0005000000000000782
EWR-1,9/18/2025,01:10:00 am,0,2025-09-18 01:10:00,8.2268,8.667,0.0004999999999999005
EWR-1,9/18/2025,01:20:00 am,0,2025-09-18 01:20:00,8.2265,8.662,0.0005000000000000782
EWR-1,9/18/2025,01:30:00 am,0,2025-09-18 01:30:00,8.2261,8.657,0.0005000000000000782
EWR-1,9/18/2025,01:40:00 am,0,2025-09-18 01:40:00,8.2254,8.652,0.0005999999999998451
EWR-1,9/18/2025,01:50:00 am,0,2025-09-18 01:50:00,8.2249,8.646,0.0005000000000000782
EWR-1,9/18/2025,02:00:00 am,0,2025-09-18 02:00:00,8.2243,8.641,0.0005000000000000782
EWR-1,9/18/2025,02:10:00 am,0,2025-09-18 02:10:00,8.2238,8.636,0.0005999999999998451
EWR-1,9/18/2025,02:20:00 am,0,2025-09-18 02:20:00,8.2234,8.63,0.0005000000000000782
EWR-1,9/18/2025,02:30:00 am,0,2025-09-18 02:30:00,8.2234,8.625,0.0006000000000000227
EWR-1,9/18/2025,02:40:00 am,0,2025-09-18 02:40:00,8.2236,8.619,0.0004999999999999005
EWR-1,9/18/2025,02:50:00 am,0,2025-09-18 02:50:00,8.2235,8.614,0.0006000000000000227
EWR-1,9/18/2025,03:00:00 am,0,2025-09-18 03:00:00,8.2234,8.608,0.0006000000000000227
EWR-1,9/18/2025,03:10:00 am,0,2025-09-18 03:10:00,8.2228,8.602,0.0006000000000000227
EWR-1,9/18/2025,03:20:00 am,0,2025-09-18 03:20:00,8.2224,8.596,0.0006999999999999674
EWR-1,9/18/2025,03:30:00 am,0,2025-09-18 03:30:00,8.2218,8.589,0.0006999999999999674
EWR-1,9/18/2025,03:40:00 am,0,2025-09-18 03:40:00,8.2212,8.582,0.0008000000000000895
EWR-1,9/18/2025,03:50:00 am,0,2025-09-18 03:50:00,8.2209,8.574,0.0006999999999999674
EWR-1,9/18/2025,04:00:00 am,0,2025-09-18 04:00:00,8.2211,8.567,0.0009000000000000341
EWR-1,9/18/2025,04:10:00 am,0,2025-09-18 04:10:00,8.2212,8.558,0.0006999999999999674
EWR-1,9/18/2025,04:20:00 am,0,2025-09-18 04:20:00,8.2214,8.551,0.0006999999999999674
EWR-1,9/18/2025,04:30:00 am,0,2025-09-18 04:30:00,8.2215,8.544,0.0006999999999999674
EWR-1,9/18/2025,04:40:00 am,0,2025-09-18 04:40:00,8.2215,8.537,0.000700000000000145
EWR-1,9/18/2025,04:50:00 am,0,2025-09-18 04:50:00,8.2214,8.53,0.0006999999999999674
EWR-1,9/18/2025,05:00:00 am,0,2025-09-18 05:00:00,8.2207,8.523,0.0006000000000000227
EWR-1,9/18/2025,05:10:00 am,0,2025-09-18 05:10:00,8.2203,8.517,0.0009999999999999788
EWR-1,9/18/2025,05:20:00 am,0,2025-09-18 05:20:00,8.2201,8.507,0.0009999999999999788
EWR-1,9/18/2025,05:30:00 am,0,2025-09-18 05:30:00,8.2198,8.497,0.0007999999999999119
EWR-1,9/18/2025,05:40:00 am,0,2025-09-18 05:40:00,8.2198,8.489,0.000700000000000145
EWR-1,9/18/2025,05:50:00 am,0,2025-09-18 05:50:00,8.2195,8.482,0.0007999999999999119
EWR-1,9/18/2025,06:00:00 am,0,2025-09-18 06:00:00,8.2196,8.474,0.0009000000000000341
EWR-1,9/18/2025,06:10:00 am,0,2025-09-18 06:10:00,8.2195,8.465,0.0007999999999999119
EWR-1,9/18/2025,06:20:00 am,0,2025-09-18 06:20:00,8.2186,8.457,0.0009000000000000341
EWR-1,9/18/2025,06:30:00 am,0,2025-09-18 06:30:00,8.2188,8.448,0.0008000000000000895
EWR-1,9/18/2025,06:40:00 am,0,2025-09-18 06:40:00,8.2182,8.44,0.0009000000000000341
EWR-1,9/18/2025,06:50:00 am,0,2025-09-18 06:50:00,8.2187,8.431,0.0008999999999998564
EWR-1,9/18/2025,07:00:00 am,0,2025-09-18 07:00:00,8.2189,8.422,0.0009000000000000341
EWR-1,9/18/2025,07:10:00 am,0,2025-09-18 07:10:00,8.219,8.413,0.001100000000000101
EWR-1,9/18/2025,07:20:00 am,0,2025-09-18 07:20:00,8.2193,8.402,0.0008999999999998564
EWR-1,9/18/2025,07:30:00 am,0,2025-09-18 07:30:00,8.2191,8.393,0.0008000000000000895
EWR-1,9/18/2025,07:40:00 am,0,2025-09-18 07:40:00,8.2195,8.385,0.0006000000000000227
EWR-1,9/18/2025,07:50:00 am,0,2025-09-18 07:50:00,8.2201,8.379,0.00039999999999995595
EWR-1,9/18/2025,08:00:00 am,0,2025-09-18 08:00:00,8.2199,8.375,0.00030000000000001136
EWR-1,9/18/2025,08:10:00 am,0,2025-09-18 08:10:00,8.2204,8.372,0.00030000000000001136
EWR-1,9/18/2025,08:20:00 am,0,2025-09-18 08:20:00,8.2197,8.369,0.00030000000000001136
EWR-1,9/18/2025,08:30:00 am,0,2025-09-18 08:30:00,8.2195,8.366,9.999999999994457e-05
EWR-1,9/18/2025,08:40:00 am,0,2025-09-18 08:40:00,8.2196,8.365,0.0002000000000000668
EWR-1,9/18/2025,08:50:00 am,0,2025-09-18 08:50:00,8.2196,8.363,9.999999999994457e-05
EWR-1,9/18/2025,09:00:00 am,0,2025-09-18 09:00:00,8.2199,8.362,0.0
EWR-1,9/18/2025,09:10:00 am,0,2025-09-18 09:10:00,8.2194,8.362,0.0
EWR-1,9/18/2025,09:20:00 am,0,2025-09-18 09:20:00,8.2189,8.362,9.999999999994457e-05
EWR-1,9/18/2025,09:30:00 am,0,2025-09-18 09:30:00,8.2189,8.363,0.0002000000000000668
EWR-1,9/18/2025,09:40:00 am,0,2025-09-18 09:40:00,8.2188,8.365,0.0002000000000000668
EWR-1,9/18/2025,09:50:00 am,0,2025-09-18 09:50:00,8.2188,8.367,0.0002999999999998337
EWR-1,9/18/2025,10:00:00 am,0,2025-09-18 10:00:00,8.218,8.37,0.00030000000000001136
EWR-1,9/18/2025,10:10:00 am,0,2025-09-18 10:10:00,8.2174,8.373,0.0004000000000001336
EWR-1,9/18/2025,10:20:00 am,0,2025-09-18 10:20:00,8.2176,8.377,0.0004999999999999005
EWR-1,9/18/2025,10:30:00 am,0,2025-09-18 10:30:00,8.2172,8.382,0.0005000000000000782
EWR-1,9/18/2025,10:40:00 am,0,2025-09-18 10:40:00,8.217,8.387,0.0006000000000000227
EWR-1,9/18/2025,10:50:00 am,0,2025-09-18 10:50:00,8.2156,8.393,0.0005999999999998451
EWR-1,9/18/2025,11:00:00 am,0,2025-09-18 11:00:00,8.2142,8.399,0.0008000000000000895
EWR-1,9/18/2025,11:10:00 am,0,2025-09-18 11:10:00,8.2131,8.407,0.0006999999999999674
EWR-1,9/18/2025,11:20:00 am,0,2025-09-18 11:20:00,8.2123,8.414,0.0006999999999999674
EWR-1,9/18/2025,11:30:00 am,0,2025-09-18 11:30:00,8.2115,8.421,0.0008000000000000895
EWR-1,9/18/2025,11:40:00 am,0,2025-09-18 11:40:00,8.2103,8.429,0.0007999999999999119
EWR-1,9/18/2025,11:50:00 am,0,2025-09-18 11:50:00,8.2084,8.437,0.0009000000000000341
EWR-1,9/18/2025,12:00:00 pm,0,2025-09-18 12:00:00,8.2062,8.446,0.0009999999999999788
EWR-1,9/18/2025,12:10:00 pm,0,2025-09-18 12:10:00,8.2039,8.456,0.0009999999999999788
EWR-1,9/18/2025,12:20:00 pm,0,2025-09-18 12:20:00,8.2015,8.466,0.001100000000000101
EWR-1,9/18/2025,12:30:00 pm,0,2025-09-18 12:30:00,8.1991,8.477,0.0012000000000000454
EWR-1,9/18/2025,12:40:00 pm,0,2025-09-18 12:40:00,8.1975,8.489,0.00129999999999999
EWR-1,9/18/2025,12:50:00 pm,0,2025-09-18 12:50:00,8.1955,8.502,0.0011999999999998678
EWR-1,9/18/2025,01:00:00 pm,0,2025-09-18 13:00:00,8.1933,8.514,0.0015000000000000568
EWR-1,9/18/2025,01:10:00 pm,0,2025-09-18 13:10:00,8.1912,8.529,0.0015000000000000568
EWR-1,9/18/2025,01:20:00 pm,0,2025-09-18 13:20:00,8.1893,8.544,0.001699999999999946
EWR-1,9/18/2025,01:30:00 pm,0,2025-09-18 13:30:00,8.1879,8.561,0.001699999999999946
EWR-1,9/18/2025,01:40:00 pm,0,2025-09-18 13:40:00,8.1868,8.578,0.0017000000000001237
EWR-1,9/18/2025,01:50:00 pm,0,2025-09-18 13:50:00,8.1859,8.595,0.0016000000000000014
EWR-1,9/18/2025,02:00:00 pm,0,2025-09-18 14:00:00,8.1842,8.611,0.0016000000000000014
EWR-1,9/18/2025,02:10:00 pm,0,2025-09-18 14:10:00,8.1826,8.627,0.0016000000000000014
EWR-1,9/18/2025,02:20:00 pm,0,2025-09-18 14:20:00,8.1813,8.643,0.001699999999999946
EWR-1,9/18/2025,02:30:00 pm,0,2025-09-18 14:30:00,8.18,8.66,0.0016000000000000014
EWR-1,9/18/2025,02:40:00 pm,0,2025-09-18 14:40:00,8.179,8.676,0.0016000000000000014
EWR-1,9/18/2025,02:50:00 pm,0,2025-09-18 14:50:00,8.1778,8.692,0.001699999999999946
EWR-1,9/18/2025,03:00:00 pm,0,2025-09-18 15:00:00,8.1769,8.709,0.0017000000000001237
EWR-1,9/18/2025,03:10:00 pm,0,2025-09-18 15:10:00,8.176,8.726,0.001699999999999946
EWR-1,9/18/2025,03:20:00 pm,0,2025-09-18 15:20:00,8.1753,8.743,0.0016000000000000014
EWR-1,9/18/2025,03:30:00 pm,0,2025-09-18 15:30:00,8.175,8.759,0.0016000000000000014
EWR-1,9/18/2025,03:40:00 pm,0,2025-09-18 15:40:00,8.1751,8.775,0.0014999999999998793
EWR-1,9/18/2025,03:50:00 pm,0,2025-09-18 15:50:00,8.1758,8.79,0.0014000000000001123
EWR-1,9/18/2025,04:00:00 pm,0,2025-09-18 16:00:00,8.1763,8.804,0.0013999999999999347
EWR-1,9/18/2025,04:10:00 pm,0,2025-09-18 16:10:00,8.1765,8.818,0.0012000000000000454
EWR-1,9/18/2025,04:20:00 pm,0,2025-09-18 16:20:00,8.1769,8.83,0.0010999999999999233
EWR-1,9/18/2025,04:30:00 pm,0,2025-09-18 16:30:00,8.1781,8.841,0.0012000000000000454
EWR-1,9/18/2025,04:40:00 pm,0,2025-09-18 16:40:00,8.1781,8.853,0.0009999999999999788
EWR-1,9/18/2025,04:50:00 pm,0,2025-09-18 16:50:00,8.1784,8.863,0.0009999999999999788
EWR-1,9/18/2025,05:00:00 pm,0,2025-09-18 17:00:00,8.1786,8.873,0.0009000000000000341
EWR-1,9/18/2025,05:10:00 pm,0,2025-09-18 17:10:00,8.1794,8.882,0.0009999999999999788
EWR-1,9/18/2025,05:20:00 pm,0,2025-09-18 17:20:00,8.1804,8.892,0.0009000000000000341
EWR-1,9/18/2025,05:30:00 pm,0,2025-09-18 17:30:00,8.1815,8.901,0.0009000000000000341
EWR-1,9/18/2025,05:40:00 pm,0,2025-09-18 17:40:00,8.1817,8.91,0.0009000000000000341
EWR-1,9/18/2025,05:50:00 pm,0,2025-09-18 17:50:00,8.1817,8.919,0.0007999999999999119
EWR-1,9/18/2025,06:00:00 pm,0,2025-09-18 18:00:00,8.1819,8.927,0.0008000000000000895
EWR-1,9/18/2025,06:10:00 pm,0,2025-09-18 18:10:00,8.1823,8.935,0.0007999999999999119
EWR-1,9/18/2025,06:20:00 pm,0,2025-09-18 18:20:00,8.1826,8.943,0.0006000000000000227
EWR-1,9/18/2025,06:30:00 pm,0,2025-09-18 18:30:00,8.1825,8.949,0.0006999999999999674
EWR-1,9/18/2025,06:40:00 pm,0,2025-09-18 18:40:00,8.1832,8.956,0.0006000000000000227
EWR-1,9/18/2025,06:50:00 pm,0,2025-09-18 18:50:00,8.1847,8.962,0.0006000000000000227
EWR-1,9/18/2025,07:00:00 pm,0,2025-09-18 19:00:00,8.1864,8.968,0.0006000000000000227
EWR-1,9/18/2025,07:10:00 pm,0,2025-09-18 19:10:00,8.1879,8.974,0.00039999999999995595
EWR-1,9/18/2025,07:20:00 pm,0,2025-09-18 19:20:00,8.1894,8.978,0.00039999999999995595
EWR-1,9/18/2025,07:30:00 pm,0,2025-09-18 19:30:00,8.1907,8.982,0.00030000000000001136
EWR-1,9/18/2025,07:40:00 pm,0,2025-09-18 19:40:00,8.1923,8.985,0.00030000000000001136
EWR-1,9/18/2025,07:50:00 pm,0,2025-09-18 19:50:00,8.1931,8.988,0.00030000000000001136
EWR-1,9/18/2025,08:00:00 pm,0,2025-09-18 20:00:00,8.1935,8.991,0.00030000000000001136
EWR-1,9/18/2025,08:10:00 pm,0,2025-09-18 20:10:00,8.1948,8.994,0.00030000000000001136
EWR-1,9/18/2025,08:20:00 pm,0,2025-09-18 20:20:00,8.1962,8.997,0.0002000000000000668
EWR-1,9/18/2025,08:30:00 pm,0,2025-09-18 20:30:00,8.1968,8.999,0.00030000000000001136
EWR-1,9/18/2025,08:40:00 pm,0,2025-09-18 20:40:00,8.1979,9.002,0.00030000000000001136
EWR-1,9/18/2025,08:50:00 pm,0,2025-09-18 20:50:00,8.1989,9.005,0.00019999999999988915
EWR-1,9/18/2025,09:00:00 pm,0,2025-09-18 21:00:00,8.1981,9.007,0.0002000000000000668
EWR-1,9/18/2025,09:10:00 pm,0,2025-09-18 21:10:00,8.1988,9.009,0.00019999999999988915
EWR-1,9/18/2025,09:20:00 pm,0,2025-09-18 21:20:00,8.1998,9.011,0.0002000000000000668
EWR-1,9/18/2025,09:30:00 pm,0,2025-09-18 21:30:00,8.2007,9.013,9.999999999994457e-05
EWR-1,9/18/2025,09:40:00 pm,0,2025-09-18 21:40:00,8.2029,9.014,0.0002000000000000668
EWR-1,9/18/2025,09:50:00 pm,0,2025-09-18 21:50:00,8.2031,9.016,9.999999999994457e-05
EWR-1,9/18/2025,10:00:00 pm,0,2025-09-18 22:00:00,8.2042,9.017,0.00010000000000012221
EWR-1,9/18/2025,10:10:00 pm,0,2025-09-18 22:10:00,8.2045,9.018,9.999999999994457e-05
EWR-1,9/18/2025,10:20:00 pm,0,2025-09-18 22:20:00,8.2049,9.019,9.999999999994457e-05
EWR-1,9/18/2025,10:30:00 pm,0,2025-09-18 22:30:00,8.205,9.02,0.0
EWR-1,9/18/2025,10:40:00 pm,0,2025-09-18 22:40:00,8.2054,9.02,0.00010000000000012221
EWR-1,9/18/2025,10:50:00 pm,0,2025-09-18 22:50:00,8.207,9.021,9.999999999994457e-05
EWR-1,9/18/2025,11:00:00 pm,0,2025-09-18 23:00:00,8.2081,9.022,0.0
EWR-1,9/18/2025,11:10:00 pm,0,2025-09-18 23:10:00,8.2084,9.022,9.999999999994457e-05
EWR-1,9/18/2025,11:20:00 pm,0,2025-09-18 23:20:00,8.209,9.023,0.0
EWR-1,9/18/2025,11:30:00 pm,0,2025-09-18 23:30:00,8.2107,9.023,9.999999999994457e-05
EWR-1,9/18/2025,11:40:00 pm,0,2025-09-18 23:40:00,8.2117,9.024,0.00010000000000012221
EWR-1,9/18/2025,11:50:00 pm,0,2025-09-18 23:50:00,8.2114,9.025,9.999999999994457e-05
EWR-1,9/19/2025,12:00:00 am,0,2025-09-19 00:00:00,8.2116,9.026,0.00030000000000001136
EWR-1,9/19/2025,12:10:00 am,0,2025-09-19 00:10:00,8.2115,9.029,0.0002000000000000668
EWR-1,9/19/2025,12:20:00 am,0,2025-09-19 00:20:00,8.2122,9.031,0.00030000000000001136
EWR-1,9/19/2025,12:30:00 am,0,2025-09-19 00:30:00,8.2128,9.034,0.00019999999999988915
EWR-1,9/19/2025,12:40:00 am,0,2025-09-19 00:40:00,8.2122,9.036,0.00030000000000001136
EWR-1,9/19/2025,12:50:00 am,0,2025-09-19 00:50:00,8.2134,9.039,9.999999999994457e-05
EWR-1,9/19/2025,01:00:00 am,0,2025-09-19 01:00:00,8.213,9.04,0.0002000000000000668
EWR-1,9/19/2025,01:10:00 am,0,2025-09-19 01:10:00,8.2109,9.042,9.999999999994457e-05
EWR-1,9/19/2025,01:20:00 am,0,2025-09-19 01:20:00,8.2081,9.043,0.0
EWR-1,9/19/2025,01:30:00 am,0,2025-09-19 01:30:00,8.2076,9.043,0.00010000000000012221
EWR-1,9/19/2025,01:40:00 am,0,2025-09-19 01:40:00,8.2055,9.044,0.0
EWR-1,9/19/2025,01:50:00 am,0,2025-09-19 01:50:00,8.2051,9.044,0.0
EWR-1,9/19/2025,02:00:00 am,0,2025-09-19 02:00:00,8.2036,9.044,9.999999999994457e-05
EWR-1,9/19/2025,02:10:00 am,0,2025-09-19 02:10:00,8.2038,9.045,0.0
EWR-1,9/19/2025,02:20:00 am,0,2025-09-19 02:20:00,8.2021,9.045,9.999999999994457e-05
EWR-1,9/19/2025,02:30:00 am,0,2025-09-19 02:30:00,8.2017,9.044,0.0
EWR-1,9/19/2025,02:40:00 am,0,2025-09-19 02:40:00,8.2001,9.044,0.0
EWR-1,9/19/2025,02:50:00 am,0,2025-09-19 02:50:00,8.1993,9.044,0.00010000000000012221
EWR-1,9/19/2025,03:00:00 am,0,2025-09-19 03:00:00,8.1999,9.043,0.0
EWR-1,9/19/2025,03:10:00 am,0,2025-09-19 03:10:00,8.1986,9.043,0.0
EWR-1,9/19/2025,03:20:00 am,0,2025-09-19 03:20:00,8.198,9.043,9.999999999994457e-05
EWR-1,9/19/2025,03:30:00 am,0,2025-09-19 03:30:00,8.1999,9.042,0.0
EWR-1,9/19/2025,03:40:00 am,0,2025-09-19 03:40:00,8.2016,9.042,9.999999999994457e-05
EWR-1,9/19/2025,03:50:00 am,0,2025-09-19 03:50:00,8.2019,9.041,0.00010000000000012221
EWR-1,9/19/2025,04:00:00 am,0,2025-09-19 04:00:00,8.2019,9.04,0.0
EWR-1,9/19/2025,04:10:00 am,0,2025-09-19 04:10:00,8.2021,9.04,9.999999999994457e-05
EWR-1,9/19/2025,04:20:00 am,0,2025-09-19 04:20:00,8.2019,9.039,0.00019999999999988915
EWR-1,9/19/2025,04:30:00 am,0,2025-09-19 04:30:00,8.2019,9.037,0.00010000000000012221
EWR-1,9/19/2025,04:40:00 am,0,2025-09-19 04:40:00,8.2023,9.036,0.0
EWR-1,9/19/2025,04:50:00 am,0,2025-09-19 04:50:00,8.2023,9.036,0.00019999999999988915
EWR-1,9/19/2025,05:00:00 am,0,2025-09-19 05:00:00,8.2029,9.034,0.00010000000000012221
EWR-1,9/19/2025,05:10:00 am,0,2025-09-19 05:10:00,8.2027,9.033,0.00019999999999988915
EWR-1,9/19/2025,05:20:00 am,0,2025-09-19 05:20:00,8.2036,9.031,0.00010000000000012221
EWR-1,9/19/2025,05:30:00 am,0,2025-09-19 05:30:00,8.2037,9.03,0.00019999999999988915
EWR-1,9/19/2025,05:40:00 am,0,2025-09-19 05:40:00,8.2034,9.028,0.00010000000000012221
EWR-1,9/19/2025,05:50:00 am,0,2025-09-19 05:50:00,8.2034,9.027,9.999999999994457e-05
EWR-1,9/19/2025,06:00:00 am,0,2025-09-19 06:00:00,8.2041,9.026,0.0002000000000000668
EWR-1,9/19/2025,06:10:00 am,0,2025-09-19 06:10:00,8.2045,9.024,9.999999999994457e-05
EWR-1,9/19/2025,06:20:00 am,0,2025-09-19 06:20:00,8.2051,9.023,0.00019999999999988915
EWR-1,9/19/2025,06:30:00 am,0,2025-09-19 06:30:00,8.205,9.021,0.0002000000000000668
EWR-1,9/19/2025,06:40:00 am,0,2025-09-19 06:40:00,8.206,9.019,0.0002000000000000668
EWR-1,9/19/2025,06:50:00 am,0,2025-09-19 06:50:00,8.2055,9.017,9.999999999994457e-05
EWR-1,9/19/2025,07:00:00 am,0,2025-09-19 07:00:00,8.2058,9.016,0.0002000000000000668
EWR-1,9/19/2025,07:10:00 am,0,2025-09-19 07:10:00,8.207,9.014,0.00019999999999988915
EWR-1,9/19/2025,07:20:00 am,0,2025-09-19 07:20:00,8.2077,9.012,0.0002000000000000668
EWR-1,9/19/2025,07:30:00 am,0,2025-09-19 07:30:00,8.2074,9.01,0.0002000000000000668
EWR-1,9/19/2025,07:40:00 am,0,2025-09-19 07:40:00,8.2083,9.008,0.00019999999999988915
EWR-1,9/19/2025,07:50:00 am,0,2025-09-19 07:50:00,8.2093,9.006,9.999999999994457e-05
EWR-1,9/19/2025,08:00:00 am,0,2025-09-19 08:00:00,8.2098,9.005,0.00010000000000012221
EWR-1,9/19/2025,08:10:00 am,0,2025-09-19 08:10:00,8.2095,9.004,0.0
EWR-1,9/19/2025,08:20:00 am,0,2025-09-19 08:20:00,8.2092,9.004,0.00010000000000012221
EWR-1,9/19/2025,08:30:00 am,0,2025-09-19 08:30:00,8.2086,9.005,0.00019999999999988915
EWR-1,9/19/2025,08:40:00 am,0,2025-09-19 08:40:00,8.2098,9.007,0.0002000000000000668
EWR-1,9/19/2025,08:50:00 am,0,2025-09-19 08:50:00,8.2102,9.009,0.00030000000000001136
EWR-1,9/19/2025,09:00:00 am,0,2025-09-19 09:00:00,8.2107,9.012,0.00030000000000001136
EWR-1,9/19/2025,09:10:00 am,0,2025-09-19 09:10:00,8.2115,9.015,0.0004999999999999005
EWR-1,9/19/2025,09:20:00 am,0,2025-09-19 09:20:00,8.2121,9.02,0.00039999999999995595
EWR-1,9/19/2025,09:30:00 am,0,2025-09-19 09:30:00,8.2128,9.024,0.0005000000000000782
EWR-1,9/19/2025,09:40:00 am,0,2025-09-19 09:40:00,8.2123,9.029,0.0005000000000000782
EWR-1,9/19/2025,09:50:00 am,0,2025-09-19 09:50:00,8.2128,9.034,0.0004999999999999005
EWR-1,9/19/2025,10:00:00 am,0,2025-09-19 10:00:00,8.2128,9.039,0.0006000000000000227
EWR-1,9/19/2025,10:10:00 am,0,2025-09-19 10:10:00,8.2128,9.045,0.0006000000000000227
EWR-1,9/19/2025,10:20:00 am,0,2025-09-19 10:20:00,8.2129,9.051,0.0006999999999999674
EWR-1,9/19/2025,10:30:00 am,0,2025-09-19 10:30:00,8.2125,9.058,0.0006000000000000227
EWR-1,9/19/2025,10:40:00 am,0,2025-09-19 10:40:00,8.2126,9.064,0.0006999999999999674
EWR-1,9/19/2025,10:50:00 am,0,2025-09-19 10:50:00,8.2131,9.071,0.0008000000000000895
EWR-1,9/19/2025,11:00:00 am,0,2025-09-19 11:00:00,8.2128,9.079,0.0006000000000000227
EWR-1,9/19/2025,11:10:00 am,0,2025-09-19 11:10:00,8.2125,9.085,0.0006999999999999674
EWR-1,9/19/2025,11:20:00 am,0,2025-09-19 11:20:00,8.2116,9.092,0.0006999999999999674
EWR-1,9/19/2025,11:30:00 am,0,2025-09-19 11:30:00,8.2113,9.099,0.0007999999999999119
EWR-1,9/19/2025,11:40:00 am,0,2025-09-19 11:40:00,8.2106,9.107,0.000700000000000145
EWR-1,9/19/2025,11:50:00 am,0,2025-09-19 11:50:00,8.21,9.114,0.0009999999999999788
EWR-1,9/19/2025,12:00:00 pm,0,2025-09-19 12:00:00,8.2091,9.124,0.0008999999999998564
EWR-1,9/19/2025,12:10:00 pm,0,2025-09-19 12:10:00,8.2078,9.133,0.001100000000000101
EWR-1,9/19/2025,12:20:00 pm,0,2025-09-19 12:20:00,8.207,9.144,0.0009999999999999788
EWR-1,9/19/2025,12:30:00 pm,0,2025-09-19 12:30:00,8.2062,9.154,0.0010999999999999233
EWR-1,9/19/2025,12:40:00 pm,0,2025-09-19 12:40:00,8.2052,9.165,0.0010000000000001564
EWR-1,9/19/2025,12:50:00 pm,0,2025-09-19 12:50:00,8.2042,9.175,0.0010999999999999233
EWR-1,9/19/2025,01:00:00 pm,0,2025-09-19 13:00:00,8.2038,9.186,0.0009000000000000341
EWR-1,9/19/2025,01:10:00 pm,0,2025-09-19 13:10:00,8.2032,9.195,0.0009999999999999788
EWR-1,9/19/2025,01:20:00 pm,0,2025-09-19 13:20:00,8.2025,9.205,0.0009000000000000341
EWR-1,9/19/2025,01:30:00 pm,0,2025-09-19 13:30:00,8.2024,9.214,0.0007999999999999119
EWR-1,9/19/2025,01:40:00 pm,0,2025-09-19 13:40:00,8.2017,9.222,0.0008000000000000895
EWR-1,9/19/2025,01:50:00 pm,0,2025-09-19 13:50:00,8.2018,9.23,0.0007999999999999119
EWR-1,9/19/2025,02:00:00 pm,0,2025-09-19 14:00:00,8.2018,9.238,0.0008000000000000895
EWR-1,9/19/2025,02:10:00 pm,0,2025-09-19 14:10:00,8.2016,9.246,0.0007999999999999119
EWR-1,9/19/2025,02:20:00 pm,0,2025-09-19 14:20:00,8.2026,9.254,0.0008000000000000895
EWR-1,9/19/2025,02:30:00 pm,0,2025-09-19 14:30:00,8.2032,9.262,0.0006999999999999674
EWR-1,9/19/2025,02:40:00 pm,0,2025-09-19 14:40:00,8.2034,9.269,0.0006999999999999674
EWR-1,9/19/2025,02:50:00 pm,0,2025-09-19 14:50:00,8.2035,9.276,0.0006999999999999674
EWR-1,9/19/2025,03:00:00 pm,0,2025-09-19 15:00:00,8.2037,9.283,0.0006999999999999674
EWR-1,9/19/2025,03:10:00 pm,0,2025-09-19 15:10:00,8.2043,9.29,0.0009000000000000341
EWR-1,9/19/2025,03:20:00 pm,0,2025-09-19 15:20:00,8.2049,9.299,0.0008000000000000895
EWR-1,9/19/2025,03:30:00 pm,0,2025-09-19 15:30:00,8.2048,9.307,0.0007999999999999119
EWR-1,9/19/2025,03:40:00 pm,0,2025-09-19 15:40:00,8.205,9.315,0.0009000000000000341
EWR-1,9/19/2025,03:50:00 pm,0,2025-09-19 15:50:00,8.2055,9.324,0.0006999999999999674
EWR-1,9/19/2025,04:00:00 pm,0,2025-09-19 16:00:00,8.2062,9.331,0.0009000000000000341
EWR-1,9/19/2025,04:10:00 pm,0,2025-09-19 16:10:00,8.2065,9.34,0.0008000000000000895
EWR-1,9/19/2025,04:20:00 pm,0,2025-09-19 16:20:00,8.2077,9.348,0.0006999999999999674
EWR-1,9/19/2025,04:30:00 pm,0,2025-09-19 16:30:00,8.2079,9.355,0.0006999999999999674
EWR-1,9/19/2025,04:40:00 pm,0,2025-09-19 16:40:00,8.2083,9.362,0.0007999999999999119
EWR-1,9/19/2025,04:50:00 pm,0,2025-09-19 16:50:00,8.2087,9.37,0.0008000000000000895
EWR-1,9/19/2025,05:00:00 pm,0,2025-09-19 17:00:00,8.2098,9.378,0.0009000000000000341
EWR-1,9/19/2025,05:10:00 pm,0,2025-09-19 17:10:00,8.2106,9.387,0.0007999999999999119
EWR-1,9/19/2025,05:20:00 pm,0,2025-09-19 17:20:00,8.2124,9.395,0.0006999999999999674
EWR-1,9/19/2025,05:30:00 pm,0,2025-09-19 17:30:00,8.2127,9.402,0.000700000000000145
EWR-1,9/19/2025,05:40:00 pm,0,2025-09-19 17:40:00,8.2135,9.409,0.0006999999999999674
EWR-1,9/19/2025,05:50:00 pm,0,2025-09-19 17:50:00,8.2146,9.416,0.0006000000000000227
EWR-1,9/19/2025,06:00:00 pm,0,2025-09-19 18:00:00,8.2154,9.422,0.0006000000000000227
EWR-1,9/19/2025,06:10:00 pm,0,2025-09-19 18:10:00,8.2159,9.428,0.0004999999999999005
EWR-1,9/19/2025,06:20:00 pm,0,2025-09-19 18:20:00,8.2169,9.433,0.0005000000000000782
EWR-1,9/19/2025,06:30:00 pm,0,2025-09-19 18:30:00,8.2184,9.438,0.00039999999999995595
EWR-1,9/19/2025,06:40:00 pm,0,2025-09-19 18:40:00,8.2188,9.442,0.00030000000000001136
EWR-1,9/19/2025,06:50:00 pm,0,2025-09-19 18:50:00,8.2198,9.445,0.00030000000000001136
EWR-1,9/19/2025,07:00:00 pm,0,2025-09-19 19:00:00,8.2202,9.448,0.00030000000000001136
EWR-1,9/19/2025,07:10:00 pm,0,2025-09-19 19:10:00,8.2213,9.451,0.00030000000000001136
EWR-1,9/19/2025,07:20:00 pm,0,2025-09-19 19:20:00,8.2223,9.454,0.00030000000000001136
EWR-1,9/19/2025,07:30:00 pm,0,2025-09-19 19:30:00,8.2232,9.457,0.00030000000000001136
EWR-1,9/19/2025,07:40:00 pm,0,2025-09-19 19:40:00,8.2237,9.46,0.00019999999999988915
EWR-1,9/19/2025,07:50:00 pm,0,2025-09-19 19:50:00,8.2249,9.462,0.0002000000000000668
EWR-1,9/19/2025,08:00:00 pm,0,2025-09-19 20:00:00,8.2259,9.464,0.00019999999999988915
EWR-1,9/19/2025,08:10:00 pm,0,2025-09-19 20:10:00,8.2269,9.466,0.0002000000000000668
EWR-1,9/19/2025,08:20:00 pm,0,2025-09-19 20:20:00,8.2274,9.468,9.999999999994457e-05
EWR-1,9/19/2025,08:30:00 pm,0,2025-09-19 20:30:00,8.2282,9.469,0.0
EWR-1,9/19/2025,08:40:00 pm,0,2025-09-19 20:40:00,8.2291,9.469,0.0
EWR-1,9/19/2025,08:50:00 pm,0,2025-09-19 20:50:00,8.2303,9.469,9.999999999994457e-05
EWR-1,9/19/2025,09:00:00 pm,0,2025-09-19 21:00:00,8.2315,9.468,0.00030000000000001136
EWR-1,9/19/2025,09:10:00 pm,0,2025-09-19 21:10:00,8.2321,9.465,0.0002000000000000668
EWR-1,9/19/2025,09:20:00 pm,0,2025-09-19 21:20:00,8.2343,9.463,0.0002999999999998337
EWR-1,9/19/2025,09:30:00 pm,0,2025-09-19 21:30:00,8.2354,9.46,0.00030000000000001136
EWR-1,9/19/2025,09:40:00 pm,0,2025-09-19 21:40:00,8.2361,9.457,0.0002000000000000668
EWR-1,9/19/2025,09:50:00 pm,0,2025-09-19 21:50:00,8.2363,9.455,0.00030000000000001136
EWR-1,9/19/2025,10:00:00 pm,0,2025-09-19 22:00:00,8.2366,9.452,9.999999999994457e-05
EWR-1,9/19/2025,10:10:00 pm,0,2025-09-19 22:10:00,8.2379,9.451,0.0002000000000000668
EWR-1,9/19/2025,10:20:00 pm,0,2025-09-19 22:20:00,8.238,9.449,9.999999999994457e-05
EWR-1,9/19/2025,10:30:00 pm,0,2025-09-19 22:30:00,8.238,9.448,0.00010000000000012221
EWR-1,9/19/2025,10:40:00 pm,0,2025-09-19 22:40:00,8.2387,9.447,9.999999999994457e-05
EWR-1,9/19/2025,10:50:00 pm,0,2025-09-19 22:50:00,8.2393,9.446,9.999999999994457e-05
EWR-1,9/19/2025,11:00:00 pm,0,2025-09-19 23:00:00,8.2395,9.445,9.999999999994457e-05
EWR-1,9/19/2025,11:10:00 pm,0,2025-09-19 23:10:00,8.2405,9.444,0.00010000000000012221
EWR-1,9/19/2025,11:20:00 pm,0,2025-09-19 23:20:00,8.2411,9.443,0.0
EWR-1,9/19/2025,11:30:00 pm,0,2025-09-19 23:30:00,8.2418,9.443,9.999999999994457e-05
EWR-1,9/19/2025,11:40:00 pm,0,2025-09-19 23:40:00,8.2419,9.442,9.999999999994457e-05
EWR-1,9/19/2025,11:50:00 pm,0,2025-09-19 23:50:00,8.2418,9.441,0.00010000000000012221
EWR-1,9/20/2025,12:00:00 am,0,2025-09-20 00:00:00,8.2415,9.44,9.999999999994457e-05
EWR-1,9/20/2025,12:10:00 am,0,2025-09-20 00:10:00,8.2413,9.439,9.999999999994457e-05
EWR-1,9/20/2025,12:20:00 am,0,2025-09-20 00:20:00,8.2417,9.438,0.0002000000000000668
EWR-1,9/20/2025,12:30:00 am,0,2025-09-20 00:30:00,8.2421,9.436,0.0002000000000000668
EWR-1,9/20/2025,12:40:00 am,0,2025-09-20 00:40:00,8.242,9.434,0.00030000000000001136
EWR-1,9/20/2025,12:50:00 am,0,2025-09-20 00:50:00,8.2416,9.431,0.00039999999999995595
EWR-1,9/20/2025,01:00:00 am,0,2025-09-20 01:00:00,8.2421,9.427,0.00030000000000001136
EWR-1,9/20/2025,01:10:00 am,0,2025-09-20 01:10:00,8.2413,9.424,0.00030000000000001136
EWR-1,9/20/2025,01:20:00 am,0,2025-09-20 01:20:00,8.2421,9.421,0.00039999999999995595
EWR-1,9/20/2025,01:30:00 am,0,2025-09-20 01:30:00,8.2421,9.417,0.00039999999999995595
EWR-1,9/20/2025,01:40:00 am,0,2025-09-20 01:40:00,8.2424,9.413,0.0005000000000000782
EWR-1,9/20/2025,01:50:00 am,0,2025-09-20 01:50:00,8.2425,9.408,0.00039999999999995595
EWR-1,9/20/2025,02:00:00 am,0,2025-09-20 02:00:00,8.2426,9.404,0.0005000000000000782
EWR-1,9/20/2025,02:10:00 am,0,2025-09-20 02:10:00,8.2428,9.399,0.0004999999999999005
EWR-1,9/20/2025,02:20:00 am,0,2025-09-20 02:20:00,8.2424,9.394,0.0006000000000000227
EWR-1,9/20/2025,02:30:00 am,0,2025-09-20 02:30:00,8.2426,9.388,0.0006000000000000227
EWR-1,9/20/2025,02:40:00 am,0,2025-09-20 02:40:00,8.2421,9.382,0.0004999999999999005
EWR-1,9/20/2025,02:50:00 am,0,2025-09-20 02:50:00,8.2422,9.377,0.0004000000000001336
EWR-1,9/20/2025,03:00:00 am,0,2025-09-20 03:00:00,8.2419,9.373,0.00039999999999995595
EWR-1,9/20/2025,03:10:00 am,0,2025-09-20 03:10:00,8.2421,9.369,0.0004999999999999005
EWR-1,9/20/2025,03:20:00 am,0,2025-09-20 03:20:00,8.2423,9.364,0.00030000000000001136
EWR-1,9/20/2025,03:30:00 am,0,2025-09-20 03:30:00,8.2419,9.361,0.00030000000000001136
EWR-1,9/20/2025,03:40:00 am,0,2025-09-20 03:40:00,8.2414,9.358,0.0004000000000001336
EWR-1,9/20/2025,03:50:00 am,0,2025-09-20 03:50:00,8.2409,9.354,0.0002999999999998337
EWR-1,9/20/2025,04:00:00 am,0,2025-09-20 04:00:00,8.2413,9.351,0.00030000000000001136
EWR-1,9/20/2025,04:10:00 am,0,2025-09-20 04:10:00,8.2412,9.348,0.0005000000000000782
EWR-1,9/20/2025,04:20:00 am,0,2025-09-20 04:20:00,8.2413,9.343,0.0005000000000000782
EWR-1,9/20/2025,04:30:00 am,0,2025-09-20 04:30:00,8.2413,9.338,0.0006999999999999674
EWR-1,9/20/2025,04:40:00 am,0,2025-09-20 04:40:00,8.2409,9.331,0.0007999999999999119
EWR-1,9/20/2025,04:50:00 am,0,2025-09-20 04:50:00,8.2413,9.323,0.0009000000000000341
EWR-1,9/20/2025,05:00:00 am,0,2025-09-20 05:00:00,8.241,9.314,0.0009999999999999788
EWR-1,9/20/2025,05:10:00 am,0,2025-09-20 05:10:00,8.241,9.304,0.0009000000000000341
EWR-1,9/20/2025,05:20:00 am,0,2025-09-20 05:20:00,8.242,9.295,0.0010999999999999233
EWR-1,9/20/2025,05:30:00 am,0,2025-09-20 05:30:00,8.2421,9.284,0.0010000000000001564
EWR-1,9/20/2025,05:40:00 am,0,2025-09-20 05:40:00,8.2419,9.274,0.0010999999999999233
EWR-1,9/20/2025,05:50:00 am,0,2025-09-20 05:50:00,8.2422,9.263,0.0010999999999999233
EWR-1,9/20/2025,06:00:00 am,0,2025-09-20 06:00:00,8.2423,9.252,0.0009999999999999788
EWR-1,9/20/2025,06:10:00 am,0,2025-09-20 06:10:00,8.2432,9.242,0.001100000000000101
EWR-1,9/20/2025,06:20:00 am,0,2025-09-20 06:20:00,8.2436,9.231,0.0010999999999999233
EWR-1,9/20/2025,06:30:00 am,0,2025-09-20 06:30:00,8.2443,9.22,0.001100000000000101
EWR-1,9/20/2025,06:40:00 am,0,2025-09-20 06:40:00,8.2451,9.209,0.0010999999999999233
EWR-1,9/20/2025,06:50:00 am,0,2025-09-20 06:50:00,8.2459,9.198,0.001100000000000101
EWR-1,9/20/2025,07:00:00 am,0,2025-09-20 07:00:00,8.2476,9.187,0.0010999999999999233
EWR-1,9/20/2025,07:10:00 am,0,2025-09-20 07:10:00,8.2491,9.176,0.0009999999999999788
EWR-1,9/20/2025,07:20:00 am,0,2025-09-20 07:20:00,8.2492,9.166,0.0009999999999999788
EWR-1,9/20/2025,07:30:00 am,0,2025-09-20 07:30:00,8.2495,9.156,0.0009000000000000341
EWR-1,9/20/2025,07:40:00 am,0,2025-09-20 07:40:00,8.2491,9.147,0.0009000000000000341
EWR-1,9/20/2025,07:50:00 am,0,2025-09-20 07:50:00,8.2497,9.138,0.0009000000000000341
EWR-1,9/20/2025,08:00:00 am,0,2025-09-20 08:00:00,8.2506,9.129,0.0007999999999999119
EWR-1,9/20/2025,08:10:00 am,0,2025-09-20 08:10:00,8.2505,9.121,0.0008000000000000895
EWR-1,9/20/2025,08:20:00 am,0,2025-09-20 08:20:00,8.2506,9.113,0.0006999999999999674
EWR-1,9/20/2025,08:30:00 am,0,2025-09-20 08:30:00,8.2505,9.106,0.0006999999999999674
EWR-1,9/20/2025,08:40:00 am,0,2025-09-20 08:40:00,8.2505,9.099,0.0006000000000000227
EWR-1,9/20/2025,08:50:00 am,0,2025-09-20 08:50:00,8.2511,9.093,0.0005000000000000782
EWR-1,9/20/2025,09:00:00 am,0,2025-09-20 09:00:00,8.2516,9.088,0.0004999999999999005
EWR-1,9/20/2025,09:10:00 am,0,2025-09-20 09:10:00,8.2518,9.083,0.00039999999999995595
EWR-1,9/20/2025,09:20:00 am,0,2025-09-20 09:20:00,8.2522,9.079,0.00030000000000001136
EWR-1,9/20/2025,09:30:00 am,0,2025-09-20 09:30:00,8.253,9.076,0.0002000000000000668
EWR-1,9/20/2025,09:40:00 am,0,2025-09-20 09:40:00,8.2531,9.074,0.0002000000000000668
EWR-1,9/20/2025,09:50:00 am,0,2025-09-20 09:50:00,8.253,9.072,0.00019999999999988915
EWR-1,9/20/2025,10:00:00 am,0,2025-09-20 10:00:00,8.2527,9.07,9.999999999994457e-05
EWR-1,9/20/2025,10:10:00 am,0,2025-09-20 10:10:00,8.253,9.069,0.00010000000000012221
EWR-1,9/20/2025,10:20:00 am,0,2025-09-20 10:20:00,8.2535,9.068,9.999999999994457e-05
EWR-1,9/20/2025,10:30:00 am,0,2025-09-20 10:30:00,8.2541,9.067,0.0
EWR-1,9/20/2025,10:40:00 am,0,2025-09-20 10:40:00,8.2534,9.067,0.0
EWR-1,9/20/2025,10:50:00 am,0,2025-09-20 10:50:00,8.2532,9.067,0.0002000000000000668
EWR-1,9/20/2025,11:00:00 am,0,2025-09-20 11:00:00,8.2533,9.069,0.00019999999999988915
EWR-1,9/20/2025,11:10:00 am,0,2025-09-20 11:10:00,8.2526,9.071,0.00030000000000001136
EWR-1,9/20/2025,11:20:00 am,0,2025-09-20 11:20:00,8.2525,9.074,0.00030000000000001136
EWR-1,9/20/2025,11:30:00 am,0,2025-09-20 11:30:00,8.2525,9.077,0.00039999999999995595
EWR-1,9/20/2025,11:40:00 am,0,2025-09-20 11:40:00,8.2525,9.081,0.0005000000000000782
EWR-1,9/20/2025,11:50:00 am,0,2025-09-20 11:50:00,8.2518,9.086,0.0006999999999999674
EWR-1,9/20/2025,12:00:00 pm,0,2025-09-20 12:00:00,8.2514,9.093,0.0006000000000000227
EWR-1,9/20/2025,12:10:00 pm,0,2025-09-20 12:10:00,8.2505,9.099,0.0006000000000000227
EWR-1,9/20/2025,12:20:00 pm,0,2025-09-20 12:20:00,8.2498,9.105,0.0007999999999999119
EWR-1,9/20/2025,12:30:00 pm,0,2025-09-20 12:30:00,8.2491,9.113,0.0009000000000000341
EWR-1,9/20/2025,12:40:00 pm,0,2025-09-20 12:40:00,8.2483,9.122,0.0012000000000000454
EWR-1,9/20/2025,12:50:00 pm,0,2025-09-20 12:50:00,8.2475,9.134,0.0010999999999999233
EWR-1,9/20/2025,01:00:00 pm,0,2025-09-20 13:00:00,8.246,9.145,0.0014000000000001123
EWR-1,9/20/2025,01:10:00 pm,0,2025-09-20 13:10:00,8.2446,9.159,0.0013999999999999347
EWR-1,9/20/2025,01:20:00 pm,0,2025-09-20 13:20:00,8.2432,9.173,0.0015000000000000568
EWR-1,9/20/2025,01:30:00 pm,0,2025-09-20 13:30:00,8.2419,9.188,0.00129999999999999
EWR-1,9/20/2025,01:40:00 pm,0,2025-09-20 13:40:00,8.24,9.201,0.0011999999999998678
EWR-1,9/20/2025,01:50:00 pm,0,2025-09-20 13:50:00,8.2382,9.213,0.001100000000000101
EWR-1,9/20/2025,02:00:00 pm,0,2025-09-20 14:00:00,8.2359,9.224,0.0012000000000000454
EWR-1,9/20/2025,02:10:00 pm,0,2025-09-20 14:10:00,8.2339,9.236,0.0010999999999999233
EWR-1,9/20/2025,02:20:00 pm,0,2025-09-20 14:20:00,8.2323,9.247,0.0012000000000000454
EWR-1,9/20/2025,02:30:00 pm,0,2025-09-20 14:30:00,8.2322,9.259,0.00129999999999999
EWR-1,9/20/2025,02:40:00 pm,0,2025-09-20 14:40:00,8.2315,9.272,0.0012000000000000454
EWR-1,9/20/2025,02:50:00 pm,0,2025-09-20 14:50:00,8.2305,9.284,0.0010999999999999233
EWR-1,9/20/2025,03:00:00 pm,0,2025-09-20 15:00:00,8.2296,9.295,0.0010999999999999233
EWR-1,9/20/2025,03:10:00 pm,0,2025-09-20 15:10:00,8.2295,9.306,0.0012000000000000454
EWR-1,9/20/2025,03:20:00 pm,0,2025-09-20 15:20:00,8.2281,9.318,0.0012000000000000454
EWR-1,9/20/2025,03:30:00 pm,0,2025-09-20 15:30:00,8.2276,9.33,0.0010999999999999233
EWR-1,9/20/2025,03:40:00 pm,0,2025-09-20 15:40:00,8.2267,9.341,0.0010000000000001564
EWR-1,9/20/2025,03:50:00 pm,0,2025-09-20 15:50:00,8.2256,9.351,0.0009999999999999788
EWR-1,9/20/2025,04:00:00 pm,0,2025-09-20 16:00:00,8.2245,9.361,0.0008999999999998564
EWR-1,9/20/2025,04:10:00 pm,0,2025-09-20 16:10:00,8.224,9.37,0.0009000000000000341
EWR-1,9/20/2025,04:20:00 pm,0,2025-09-20 16:20:00,8.2236,9.379,0.0009999999999999788
EWR-1,9/20/2025,04:30:00 pm,0,2025-09-20 16:30:00,8.2233,9.389,0.0009999999999999788
EWR-1,9/20/2025,04:40:00 pm,0,2025-09-20 16:40:00,8.2237,9.399,0.0009000000000000341
EWR-1,9/20/2025,04:50:00 pm,0,2025-09-20 16:50:00,8.224,9.408,0.0008000000000000895
EWR-1,9/20/2025,05:00:00 pm,0,2025-09-20 17:00:00,8.2244,9.416,0.0006000000000000227
EWR-1,9/20/2025,05:10:00 pm,0,2025-09-20 17:10:00,8.2236,9.422,0.0004999999999999005
EWR-1,9/20/2025,05:20:00 pm,0,2025-09-20 17:20:00,8.2244,9.427,0.0005000000000000782
EWR-1,9/20/2025,05:30:00 pm,0,2025-09-20 17:30:00,8.2249,9.432,0.00030000000000001136
EWR-1,9/20/2025,05:40:00 pm,0,2025-09-20 17:40:00,8.2248,9.435,0.00019999999999988915
EWR-1,9/20/2025,05:50:00 pm,0,2025-09-20 17:50:00,8.2251,9.437,0.00030000000000001136
EWR-1,9/20/2025,06:00:00 pm,0,2025-09-20 18:00:00,8.2254,9.44,0.0002000000000000668
EWR-1,9/20/2025,06:10:00 pm,0,2025-09-20 18:10:00,8.2256,9.442,9.999999999994457e-05
EWR-1,9/20/2025,06:20:00 pm,0,2025-09-20 18:20:00,8.2259,9.443,0.0002000000000000668
EWR-1,9/20/2025,06:30:00 pm,0,2025-09-20 18:30:00,8.2261,9.445,0.0
EWR-1,9/20/2025,06:40:00 pm,0,2025-09-20 18:40:00,8.2264,9.445,0.0
EWR-1,9/20/2025,06:50:00 pm,0,2025-09-20 18:50:00,8.2267,9.445,9.999999999994457e-05
EWR-1,9/20/2025,07:00:00 pm,0,2025-09-20 19:00:00,8.2275,9.444,0.0002000000000000668
EWR-1,9/20/2025,07:10:00 pm,0,2025-09-20 19:10:00,8.2277,9.442,9.999999999994457e-05
EWR-1,9/20/2025,07:20:00 pm,0,2025-09-20 19:20:00,8.228,9.441,0.0002000000000000668
EWR-1,9/20/2025,07:30:00 pm,0,2025-09-20 19:30:00,8.2294,9.439,0.00030000000000001136
EWR-1,9/20/2025,07:40:00 pm,0,2025-09-20 19:40:00,8.2312,9.436,0.00030000000000001136
EWR-1,9/20/2025,07:50:00 pm,0,2025-09-20 19:50:00,8.2319,9.433,0.00039999999999995595
EWR-1,9/20/2025,08:00:00 pm,0,2025-09-20 20:00:00,8.2326,9.429,0.00030000000000001136
EWR-1,9/20/2025,08:10:00 pm,0,2025-09-20 20:10:00,8.2332,9.426,0.00039999999999995595
EWR-1,9/20/2025,08:20:00 pm,0,2025-09-20 20:20:00,8.2348,9.422,0.0005000000000000782
EWR-1,9/20/2025,08:30:00 pm,0,2025-09-20 20:30:00,8.2357,9.417,0.0004999999999999005
EWR-1,9/20/2025,08:40:00 pm,0,2025-09-20 20:40:00,8.2371,9.412,0.0005000000000000782
EWR-1,9/20/2025,08:50:00 pm,0,2025-09-20 20:50:00,8.2381,9.407,0.0006999999999999674
EWR-1,9/20/2025,09:00:00 pm,0,2025-09-20 21:00:00,8.239,9.4,0.0005000000000000782
EWR-1,9/20/2025,09:10:00 pm,0,2025-09-20 21:10:00,8.2402,9.395,0.0006999999999999674
EWR-1,9/20/2025,09:20:00 pm,0,2025-09-20 21:20:00,8.2414,9.388,0.0006000000000000227
EWR-1,9/20/2025,09:30:00 pm,0,2025-09-20 21:30:00,8.2425,9.382,0.0007999999999999119
EWR-1,9/20/2025,09:40:00 pm,0,2025-09-20 21:40:00,8.243,9.374,0.0006999999999999674
EWR-1,9/20/2025,09:50:00 pm,0,2025-09-20 21:50:00,8.2435,9.367,0.0008000000000000895
EWR-1,9/20/2025,10:00:00 pm,0,2025-09-20 22:00:00,8.2435,9.359,0.0006999999999999674
EWR-1,9/20/2025,10:10:00 pm,0,2025-09-20 22:10:00,8.2435,9.352,0.0008000000000000895
EWR-1,9/20/2025,10:20:00 pm,0,2025-09-20 22:20:00,8.2429,9.344,0.0007999999999999119
EWR-1,9/20/2025,10:30:00 pm,0,2025-09-20 22:30:00,8.2436,9.336,0.0006999999999999674
EWR-1,9/20/2025,10:40:00 pm,0,2025-09-20 22:40:00,8.2441,9.329,0.0009000000000000341
EWR-1,9/20/2025,10:50:00 pm,0,2025-09-20 22:50:00,8.2443,9.32,0.0006999999999999674
EWR-1,9/20/2025,11:00:00 pm,0,2025-09-20 23:00:00,8.244,9.313,0.0008000000000000895
EWR-1,9/20/2025,11:10:00 pm,0,2025-09-20 23:10:00,8.2443,9.305,0.0009000000000000341
EWR-1,9/20/2025,11:20:00 pm,0,2025-09-20 23:20:00,8.2443,9.296,0.0008999999999998564
EWR-1,9/20/2025,11:30:00 pm,0,2025-09-20 23:30:00,8.2436,9.287,0.0009000000000000341
EWR-1,9/20/2025,11:40:00 pm,0,2025-09-20 23:40:00,8.2432,9.278,0.0009999999999999788
EWR-1,9/20/2025,11:50:00 pm,0,2025-09-20 23:50:00,8.2432,9.268,0.0008000000000000895
EWR-1,9/21/2025,12:00:00 am,0,2025-09-21 00:00:00,8.2431,9.26,0.0009999999999999788
EWR-1,9/21/2025,12:10:00 am,0,2025-09-21 00:10:00,8.2426,9.25,0.0010999999999999233
EWR-1,9/21/2025,12:20:00 am,0,2025-09-21 00:20:00,8.2427,9.239,0.0010000000000001564
EWR-1,9/21/2025,12:30:00 am,0,2025-09-21 00:30:00,8.243,9.229,0.0011999999999998678
EWR-1,9/21/2025,12:40:00 am,0,2025-09-21 00:40:00,8.2427,9.217,0.0012000000000000454
EWR-1,9/21/2025,12:50:00 am,0,2025-09-21 00:50:00,8.2429,9.205,0.00129999999999999
EWR-1,9/21/2025,01:00:00 am,0,2025-09-21 01:00:00,8.242,9.192,0.001100000000000101
EWR-1,9/21/2025,01:10:00 am,0,2025-09-21 01:10:00,8.2419,9.181,0.0009999999999999788
EWR-1,9/21/2025,01:20:00 am,0,2025-09-21 01:20:00,8.2417,9.171,0.0010999999999999233
EWR-1,9/21/2025,01:30:00 am,0,2025-09-21 01:30:00,8.242,9.16,0.0012000000000000454
EWR-1,9/21/2025,01:40:00 am,0,2025-09-21 01:40:00,8.2425,9.148,0.0012000000000000454
EWR-1,9/21/2025,01:50:00 am,0,2025-09-21 01:50:00,8.2428,9.136,0.0008999999999998564
EWR-1,9/21/2025,02:00:00 am,0,2025-09-21 02:00:00,8.2425,9.127,0.0005000000000000782
EWR-1,9/21/2025,02:10:00 am,0,2025-09-21 02:10:00,8.2415,9.122,0.0006000000000000227
EWR-1,9/21/2025,02:20:00 am,0,2025-09-21 02:20:00,8.2415,9.116,0.0009999999999999788
EWR-1,9/21/2025,02:30:00 am,0,2025-09-21 02:30:00,8.241,9.106,0.0010999999999999233
EWR-1,9/21/2025,02:40:00 am,0,2025-09-21 02:40:00,8.2404,9.095,0.0009000000000000341
EWR-1,9/21/2025,02:50:00 am,0,2025-09-21 02:50:00,8.2398,9.086,0.0008000000000000895
EWR-1,9/21/2025,03:00:00 am,0,2025-09-21 03:00:00,8.2396,9.078,0.0009999999999999788
EWR-1,9/21/2025,03:10:00 am,0,2025-09-21 03:10:00,8.2397,9.068,0.0010999999999999233
EWR-1,9/21/2025,03:20:00 am,0,2025-09-21 03:20:00,8.2393,9.057,0.0012000000000000454
EWR-1,9/21/2025,03:30:00 am,0,2025-09-21 03:30:00,8.2399,9.045,0.0012000000000000454
EWR-1,9/21/2025,03:40:00 am,0,2025-09-21 03:40:00,8.2393,9.033,0.0009000000000000341
EWR-1,9/21/2025,03:50:00 am,0,2025-09-21 03:50:00,8.2388,9.024,0.0009999999999999788
EWR-1,9/21/2025,04:00:00 am,0,2025-09-21 04:00:00,8.2387,9.014,0.0010999999999999233
EWR-1,9/21/2025,04:10:00 am,0,2025-09-21 04:10:00,8.2382,9.003,0.0012000000000000454
EWR-1,9/21/2025,04:20:00 am,0,2025-09-21 04:20:00,8.2382,8.991,0.0012000000000000454
EWR-1,9/21/2025,04:30:00 am,0,2025-09-21 04:30:00,8.2378,8.979,0.0010999999999999233
EWR-1,9/21/2025,04:40:00 am,0,2025-09-21 04:40:00,8.2383,8.968,0.0010999999999999233
EWR-1,9/21/2025,04:50:00 am,0,2025-09-21 04:50:00,8.2381,8.957,0.00129999999999999
EWR-1,9/21/2025,05:00:00 am,0,2025-09-21 05:00:00,8.238,8.944,0.001100000000000101
EWR-1,9/21/2025,05:10:00 am,0,2025-09-21 05:10:00,8.2371,8.933,0.0012000000000000454
EWR-1,9/21/2025,05:20:00 am,0,2025-09-21 05:20:00,8.2374,8.921,0.0011999999999998678
EWR-1,9/21/2025,05:30:00 am,0,2025-09-21 05:30:00,8.2377,8.909,0.001100000000000101
EWR-1,9/21/2025,05:40:00 am,0,2025-09-21 05:40:00,8.2378,8.898,0.0010999999999999233
EWR-1,9/21/2025,05:50:00 am,0,2025-09-21 05:50:00,8.2371,8.887,0.0012000000000000454
EWR-1,9/21/2025,06:00:00 am,0,2025-09-21 06:00:00,8.2374,8.875,0.001699999999999946
EWR-1,9/21/2025,06:10:00 am,0,2025-09-21 06:10:00,8.238,8.858,0.0016000000000000014
EWR-1,9/21/2025,06:20:00 am,0,2025-09-21 06:20:00,8.2382,8.842,0.0014000000000001123
EWR-1,9/21/2025,06:30:00 am,0,2025-09-21 06:30:00,8.2383,8.828,0.0007999999999999119
EWR-1,9/21/2025,06:40:00 am,0,2025-09-21 06:40:00,8.2392,8.82,0.0009000000000000341
EWR-1,9/21/2025,06:50:00 am,0,2025-09-21 06:50:00,8.2404,8.811,0.0009999999999999788
EWR-1,9/21/2025,07:00:00 am,0,2025-09-21 07:00:00,8.2399,8.801,0.001100000000000101
EWR-1,9/21/2025,07:10:00 am,0,2025-09-21 07:10:00,8.2399,8.79,0.0009999999999999788
EWR-1,9/21/2025,07:20:00 am,0,2025-09-21 07:20:00,8.2406,8.78,0.00129999999999999
EWR-1,9/21/2025,07:30:00 am,0,2025-09-21 07:30:00,8.2413,8.767,0.0009000000000000341
EWR-1,9/21/2025,07:40:00 am,0,2025-09-21 07:40:00,8.2421,8.758,0.0009999999999999788
EWR-1,9/21/2025,07:50:00 am,0,2025-09-21 07:50:00,8.242,8.748,0.0007999999999999119
EWR-1,9/21/2025,08:00:00 am,0,2025-09-21 08:00:00,8.2423,8.74,0.0009000000000000341
EWR-1,9/21/2025,08:10:00 am,0,2025-09-21 08:10:00,8.242,8.731,0.0007999999999999119
EWR-1,9/21/2025,08:20:00 am,0,2025-09-21 08:20:00,8.2423,8.723,0.0008000000000000895
EWR-1,9/21/2025,08:30:00 am,0,2025-09-21 08:30:00,8.2421,8.715,0.0007999999999999119
EWR-1,9/21/2025,08:40:00 am,0,2025-09-21 08:40:00,8.2422,8.707,0.0006000000000000227
EWR-1,9/21/2025,08:50:00 am,0,2025-09-21 08:50:00,8.2426,8.701,0.0006999999999999674
EWR-1,9/21/2025,09:00:00 am,0,2025-09-21 09:00:00,8.243,8.694,0.0010000000000001564
EWR-1,9/21/2025,09:10:00 am,0,2025-09-21 09:10:00,8.2435,8.684,0.0007999999999999119
EWR-1,9/21/2025,09:20:00 am,0,2025-09-21 09:20:00,8.2441,8.676,0.0006000000000000227
EWR-1,9/21/2025,09:30:00 am,0,2025-09-21 09:30:00,8.2438,8.67,0.00039999999999995595
EWR-1,9/21/2025,09:40:00 am,0,2025-09-21 09:40:00,8.2434,8.666,0.00030000000000001136
EWR-1,9/21/2025,09:50:00 am,0,2025-09-21 09:50:00,8.2435,8.663,0.0002000000000000668
EWR-1,9/21/2025,10:00:00 am,0,2025-09-21 10:00:00,8.2435,8.661,0.00030000000000001136
EWR-1,9/21/2025,10:10:00 am,0,2025-09-21 10:10:00,8.2431,8.658,9.999999999994457e-05
EWR-1,9/21/2025,10:20:00 am,0,2025-09-21 10:20:00,8.2433,8.657,9.999999999994457e-05
EWR-1,9/21/2025,10:30:00 am,0,2025-09-21 10:30:00,8.2435,8.656,0.00010000000000012221
EWR-1,9/21/2025,10:40:00 am,0,2025-09-21 10:40:00,8.2433,8.655,0.0
EWR-1,9/21/2025,10:50:00 am,0,2025-09-21 10:50:00,8.2423,8.655,0.00010000000000012221
EWR-1,9/21/2025,11:00:00 am,0,2025-09-21 11:00:00,8.2427,8.656,0.00019999999999988915
EWR-1,9/21/2025,11:10:00 am,0,2025-09-21 11:10:00,8.2424,8.658,0.00030000000000001136
EWR-1,9/21/2025,11:20:00 am,0,2025-09-21 11:20:00,8.2421,8.661,0.00039999999999995595
EWR-1,9/21/2025,11:30:00 am,0,2025-09-21 11:30:00,8.2415,8.665,0.0005000000000000782
EWR-1,9/21/2025,11:40:00 am,0,2025-09-21 11:40:00,8.241,8.67,0.0006999999999999674
EWR-1,9/21/2025,11:50:00 am,0,2025-09-21 11:50:00,8.2405,8.677,0.0006999999999999674
EWR-1,9/21/2025,12:00:00 pm,0,2025-09-21 12:00:00,8.2401,8.684,0.000700000000000145
EWR-1,9/21/2025,12:10:00 pm,0,2025-09-21 12:10:00,8.2391,8.691,0.0006999999999999674
EWR-1,9/21/2025,12:20:00 pm,0,2025-09-21 12:20:00,8.2382,8.698,0.0006999999999999674
EWR-1,9/21/2025,12:30:00 pm,0,2025-09-21 12:30:00,8.2376,8.705,0.0005000000000000782
EWR-1,9/21/2025,12:40:00 pm,0,2025-09-21 12:40:00,8.2368,8.71,0.0004999999999999005
EWR-1,9/21/2025,12:50:00 pm,0,2025-09-21 12:50:00,8.2354,8.715,0.0005000000000000782
EWR-1,9/21/2025,01:00:00 pm,0,2025-09-21 13:00:00,8.2351,8.72,0.0004999999999999005
EWR-1,9/21/2025,01:10:00 pm,0,2025-09-21 13:10:00,8.2334,8.725,0.007000000000000029
EWR-1,9/21/2025,01:20:00 pm,0,2025-09-21 13:20:00,8.2317,8.795,0.00259999999999998
EWR-1,9/21/2025,01:30:00 pm,0,2025-09-21 13:30:00,8.2308,8.769,0.0006000000000000227
EWR-1,9/21/2025,01:40:00 pm,0,2025-09-21 13:40:00,8.2292,8.763,0.0
EWR-1,9/21/2025,01:50:00 pm,0,2025-09-21 13:50:00,8.2273,8.763,0.0005000000000000782
EWR-1,9/21/2025,02:00:00 pm,0,2025-09-21 14:00:00,8.225,8.768,0.0006999999999999674
EWR-1,9/21/2025,02:10:00 pm,0,2025-09-21 14:10:00,8.2234,8.775,0.0007999999999999119
EWR-1,9/21/2025,02:20:00 pm,0,2025-09-21 14:20:00,8.2217,8.783,0.0009999999999999788
EWR-1,9/21/2025,02:30:00 pm,0,2025-09-21 14:30:00,8.2192,8.793,0.001100000000000101
EWR-1,9/21/2025,02:40:00 pm,0,2025-09-21 14:40:00,8.2176,8.804,0.0009999999999999788
EWR-1,9/21/2025,02:50:00 pm,0,2025-09-21 14:50:00,8.216,8.814,0.0009000000000000341
EWR-1,9/21/2025,03:00:00 pm,0,2025-09-21 15:00:00,8.214,8.823,0.0009000000000000341
EWR-1,9/21/2025,03:10:00 pm,0,2025-09-21 15:10:00,8.2135,8.832,0.0007999999999999119
EWR-1,9/21/2025,03:20:00 pm,0,2025-09-21 15:20:00,8.2132,8.84,0.0008000000000000895
EWR-1,9/21/2025,03:30:00 pm,0,2025-09-21 15:30:00,8.2121,8.848,0.0007999999999999119
EWR-1,9/21/2025,03:40:00 pm,0,2025-09-21 15:40:00,8.2119,8.856,0.0009999999999999788
EWR-1,9/21/2025,03:50:00 pm,0,2025-09-21 15:50:00,8.2109,8.866,0.0008000000000000895
EWR-1,9/21/2025,04:00:00 pm,0,2025-09-21 16:00:00,8.2101,8.874,0.0009999999999999788
EWR-1,9/21/2025,04:10:00 pm,0,2025-09-21 16:10:00,8.2097,8.884,0.0009000000000000341
EWR-1,9/21/2025,04:20:00 pm,0,2025-09-21 16:20:00,8.2093,8.893,0.0009999999999999788
EWR-1,9/21/2025,04:30:00 pm,0,2025-09-21 16:30:00,8.2081,8.903,0.0009999999999999788
EWR-1,9/21/2025,04:40:00 pm,0,2025-09-21 16:40:00,8.2074,8.913,0.0009000000000000341
EWR-1,9/21/2025,04:50:00 pm,0,2025-09-21 16:50:00,8.2075,8.922,0.0009999999999999788
EWR-1,9/21/2025,05:00:00 pm,0,2025-09-21 17:00:00,8.2078,8.932,0.0006999999999999674
EWR-1,9/21/2025,05:10:00 pm,0,2025-09-21 17:10:00,8.208,8.939,0.0006999999999999674
EWR-1,9/21/2025,05:20:00 pm,0,2025-09-21 17:20:00,8.209,8.946,0.0006000000000000227
EWR-1,9/21/2025,05:30:00 pm,0,2025-09-21 17:30:00,8.2087,8.952,0.0006000000000000227
EWR-1,9/21/2025,05:40:00 pm,0,2025-09-21 17:40:00,8.2088,8.958,0.0004999999999999005
EWR-1,9/21/2025,05:50:00 pm,0,2025-09-21 17:50:00,8.2097,8.963,0.0006000000000000227
EWR-1,9/21/2025,06:00:00 pm,0,2025-09-21 18:00:00,8.2104,8.969,0.0004000000000001336
EWR-1,9/21/2025,06:10:00 pm,0,2025-09-21 18:10:00,8.2116,8.973,0.00039999999999995595
EWR-1,9/21/2025,06:20:00 pm,0,2025-09-21 18:20:00,8.2119,8.977,0.00030000000000001136
EWR-1,9/21/2025,06:30:00 pm,0,2025-09-21 18:30:00,8.2122,8.98,0.00019999999999988915
EWR-1,9/21/2025,06:40:00 pm,0,2025-09-21 18:40:00,8.2133,8.982,0.00010000000000012221
EWR-1,9/21/2025,06:50:00 pm,0,2025-09-21 18:50:00,8.2137,8.983,9.999999999994457e-05
EWR-1,9/21/2025,07:00:00 pm,0,2025-09-21 19:00:00,8.2144,8.984,0.0
EWR-1,9/21/2025,07:10:00 pm,0,2025-09-21 19:10:00,8.2158,8.984,0.0002000000000000668
EWR-1,9/21/2025,07:20:00 pm,0,2025-09-21 19:20:00,8.2165,8.982,0.00019999999999988915
EWR-1,9/21/2025,07:30:00 pm,0,2025-09-21 19:30:00,8.2168,8.98,0.00030000000000001136
EWR-1,9/21/2025,07:40:00 pm,0,2025-09-21 19:40:00,8.2174,8.977,0.00030000000000001136
EWR-1,9/21/2025,07:50:00 pm,0,2025-09-21 19:50:00,8.2194,8.974,0.00039999999999995595
EWR-1,9/21/2025,08:00:00 pm,0,2025-09-21 20:00:00,8.2196,8.97,0.0004000000000001336
EWR-1,9/21/2025,08:10:00 pm,0,2025-09-21 20:10:00,8.2207,8.966,0.0004999999999999005
EWR-1,9/21/2025,08:20:00 pm,0,2025-09-21 20:20:00,8.2223,8.961,0.0005000000000000782
EWR-1,9/21/2025,08:30:00 pm,0,2025-09-21 20:30:00,8.2225,8.956,0.0006000000000000227
EWR-1,9/21/2025,08:40:00 pm,0,2025-09-21 20:40:00,8.2237,8.95,0.0004999999999999005
EWR-1,9/21/2025,08:50:00 pm,0,2025-09-21 20:50:00,8.2246,8.945,0.0006000000000000227
EWR-1,9/21/2025,09:00:00 pm,0,2025-09-21 21:00:00,8.2265,8.939,0.0006000000000000227
EWR-1,9/21/2025,09:10:00 pm,0,2025-09-21 21:10:00,8.2265,8.933,0.0006999999999999674
EWR-1,9/21/2025,09:20:00 pm,0,2025-09-21 21:20:00,8.2281,8.926,0.0006999999999999674
EWR-1,9/21/2025,09:30:00 pm,0,2025-09-21 21:30:00,8.2301,8.919,0.0006999999999999674
EWR-1,9/21/2025,09:40:00 pm,0,2025-09-21 21:40:00,8.2315,8.912,0.000700000000000145
EWR-1,9/21/2025,09:50:00 pm,0,2025-09-21 21:50:00,8.2325,8.905,0.0007999999999999119
EWR-1,9/21/2025,10:00:00 pm,0,2025-09-21 22:00:00,8.2322,8.897,0.0006999999999999674
EWR-1,9/21/2025,10:10:00 pm,0,2025-09-21 22:10:00,8.2335,8.89,0.0008000000000000895
EWR-1,9/21/2025,10:20:00 pm,0,2025-09-21 22:20:00,8.2334,8.882,0.0006999999999999674
EWR-1,9/21/2025,10:30:00 pm,0,2025-09-21 22:30:00,8.2329,8.875,0.0007999999999999119
EWR-1,9/21/2025,10:40:00 pm,0,2025-09-21 22:40:00,8.2339,8.867,0.0008000000000000895
EWR-1,9/21/2025,10:50:00 pm,0,2025-09-21 22:50:00,8.2345,8.859,0.0007999999999999119
EWR-1,9/21/2025,11:00:00 pm,0,2025-09-21 23:00:00,8.234,8.851,0.000700000000000145
EWR-1,9/21/2025,11:10:00 pm,0,2025-09-21 23:10:00,8.2346,8.844,0.0007999999999999119
EWR-1,9/21/2025,11:20:00 pm,0,2025-09-21 23:20:00,8.2352,8.836,0.0008000000000000895
EWR-1,9/21/2025,11:30:00 pm,0,2025-09-21 23:30:00,8.2348,8.828,0.0007999999999999119
EWR-1,9/21/2025,11:40:00 pm,0,2025-09-21 23:40:00,8.2349,8.82,0.0006999999999999674
EWR-1,9/21/2025,11:50:00 pm,0,2025-09-21 23:50:00,8.2356,8.813,0.0009000000000000341
EWR-1,9/22/2025,12:00:00 am,0,2025-09-22 00:00:00,8.2358,8.804,0.0006999999999999674
EWR-1,9/22/2025,12:10:00 am,0,2025-09-22 00:10:00,8.2349,8.797,0.0008000000000000895
EWR-1,9/22/2025,12:20:00 am,0,2025-09-22 00:20:00,8.2355,8.789,0.0007999999999999119
EWR-1,9/22/2025,12:30:00 am,0,2025-09-22 00:30:00,8.2351,8.781,0.0008000000000000895
EWR-1,9/22/2025,12:40:00 am,0,2025-09-22 00:40:00,8.2354,8.773,0.0007999999999999119
EWR-1,9/22/2025,12:50:00 am,0,2025-09-22 00:50:00,8.2356,8.765,0.0009000000000000341
EWR-1,9/22/2025,01:00:00 am,0,2025-09-22 01:00:00,8.2361,8.756,0.0008000000000000895
EWR-1,9/22/2025,01:10:00 am,0,2025-09-22 01:10:00,8.2367,8.748,0.0008999999999998564
EWR-1,9/22/2025,01:20:00 am,0,2025-09-22 01:20:00,8.2376,8.739,0.0008000000000000895
EWR-1,9/22/2025,01:30:00 am,0,2025-09-22 01:30:00,8.2384,8.731,0.0009000000000000341
EWR-1,9/22/2025,01:40:00 am,0,2025-09-22 01:40:00,8.2391,8.722,0.0009000000000000341
EWR-1,9/22/2025,01:50:00 am,0,2025-09-22 01:50:00,8.2388,8.713,0.0009999999999999788
EWR-1,9/22/2025,02:00:00 am,0,2025-09-22 02:00:00,8.239,8.703,0.0007999999999999119
EWR-1,9/22/2025,02:10:00 am,0,2025-09-22 02:10:00,8.2388,8.695,0.0009000000000000341
EWR-1,9/22/2025,02:20:00 am,0,2025-09-22 02:20:00,8.2389,8.686,0.0009000000000000341
EWR-1,9/22/2025,02:30:00 am,0,2025-09-22 02:30:00,8.2388,8.677,0.0007999999999999119
EWR-1,9/22/2025,02:40:00 am,0,2025-09-22 02:40:00,8.2382,8.669,0.0009999999999999788
EWR-1,9/22/2025,02:50:00 am,0,2025-09-22 02:50:00,8.2384,8.659,0.0008000000000000895
EWR-1,9/22/2025,03:00:00 am,0,2025-09-22 03:00:00,8.2387,8.651,0.0007999999999999119
EWR-1,9/22/2025,03:10:00 am,0,2025-09-22 03:10:00,8.2385,8.643,0.0009000000000000341
EWR-1,9/22/2025,03:20:00 am,0,2025-09-22 03:20:00,8.2386,8.634,0.0009000000000000341
EWR-1,9/22/2025,03:30:00 am,0,2025-09-22 03:30:00,8.2395,8.625,0.0009000000000000341
EWR-1,9/22/2025,03:40:00 am,0,2025-09-22 03:40:00,8.2392,8.616,0.0009000000000000341
EWR-1,9/22/2025,03:50:00 am,0,2025-09-22 03:50:00,8.2389,8.607,0.0007999999999999119
EWR-1,9/22/2025,04:00:00 am,0,2025-09-22 04:00:00,8.239,8.599,0.0009000000000000341
EWR-1,9/22/2025,04:10:00 am,0,2025-09-22 04:10:00,8.2395,8.59,0.0009000000000000341
EWR-1,9/22/2025,04:20:00 am,0,2025-09-22 04:20:00,8.2396,8.581,0.0009999999999999788
EWR-1,9/22/2025,04:30:00 am,0,2025-09-22 04:30:00,8.239,8.571,0.0009999999999999788
EWR-1,9/22/2025,04:40:00 am,0,2025-09-22 04:40:00,8.239,8.561,0.0009999999999999788
EWR-1,9/22/2025,04:50:00 am,0,2025-09-22 04:50:00,8.2396,8.551,0.0009999999999999788
EWR-1,9/22/2025,05:00:00 am,0,2025-09-22 05:00:00,8.2399,8.541,0.0009999999999999788
EWR-1,9/22/2025,05:10:00 am,0,2025-09-22 05:10:00,8.2402,8.531,0.0012000000000000454
EWR-1,9/22/2025,05:20:00 am,0,2025-09-22 05:20:00,8.2403,8.519,0.0009999999999999788
EWR-1,9/22/2025,05:30:00 am,0,2025-09-22 05:30:00,8.241,8.509,0.0009999999999999788
EWR-1,9/22/2025,05:40:00 am,0,2025-09-22 05:40:00,8.2411,8.499,0.0012000000000000454
EWR-1,9/22/2025,05:50:00 am,0,2025-09-22 05:50:00,8.2418,8.487,0.0010999999999999233
EWR-1,9/22/2025,06:00:00 am,0,2025-09-22 06:00:00,8.2424,8.476,0.0010000000000001564
EWR-1,9/22/2025,06:10:00 am,0,2025-09-22 06:10:00,8.2421,8.466,0.0009999999999999788
EWR-1,9/22/2025,06:20:00 am,0,2025-09-22 06:20:00,8.2428,8.456,0.0010999999999999233
EWR-1,9/22/2025,06:30:00 am,0,2025-09-22 06:30:00,8.2432,8.445,0.001100000000000101
EWR-1,9/22/2025,06:40:00 am,0,2025-09-22 06:40:00,8.2448,8.434,0.0009999999999999788
EWR-1,9/22/2025,06:50:00 am,0,2025-09-22 06:50:00,8.2464,8.424,0.0009999999999999788
EWR-1,9/22/2025,07:00:00 am,0,2025-09-22 07:00:00,8.2478,8.414,0.0009000000000000341
EWR-1,9/22/2025,07:10:00 am,0,2025-09-22 07:10:00,8.2479,8.405,0.0009999999999999788
EWR-1,9/22/2025,07:20:00 am,0,2025-09-22 07:20:00,8.2484,8.395,0.0009999999999999788
EWR-1,9/22/2025,07:30:00 am,0,2025-09-22 07:30:00,8.2493,8.385,0.0009000000000000341
EWR-1,9/22/2025,07:40:00 am,0,2025-09-22 07:40:00,8.2493,8.376,0.0007999999999999119
EWR-1,9/22/2025,07:50:00 am,0,2025-09-22 07:50:00,8.2493,8.368,0.0008000000000000895
EWR-1,9/22/2025,08:00:00 am,0,2025-09-22 08:00:00,8.2495,8.36,0.0006999999999999674
EWR-1,9/22/2025,08:10:00 am,0,2025-09-22 08:10:00,8.2499,8.353,0.0006000000000000227
EWR-1,9/22/2025,08:20:00 am,0,2025-09-22 08:20:00,8.2504,8.347,0.0006999999999999674
EWR-1,9/22/2025,08:30:00 am,0,2025-09-22 08:30:00,8.2504,8.34,0.0004999999999999005
EWR-1,9/22/2025,08:40:00 am,0,2025-09-22 08:40:00,8.2499,8.335,0.0006000000000000227
EWR-1,9/22/2025,08:50:00 am,0,2025-09-22 08:50:00,8.2506,8.329,0.0006000000000000227
EWR-1,9/22/2025,09:00:00 am,0,2025-09-22 09:00:00,8.2506,8.323,0.0006000000000000227
EWR-1,9/22/2025,09:10:00 am,0,2025-09-22 09:10:00,8.2507,8.317,0.0006000000000000227
EWR-1,9/22/2025,09:20:00 am,0,2025-09-22 09:20:00,8.2512,8.311,0.0005000000000000782
EWR-1,9/22/2025,09:30:00 am,0,2025-09-22 09:30:00,8.2521,8.306,0.00019999999999988915
EWR-1,9/22/2025,09:40:00 am,0,2025-09-22 09:40:00,8.2528,8.304,0.0002000000000000668
EWR-1,9/22/2025,09:50:00 am,0,2025-09-22 09:50:00,8.253,8.302,0.00030000000000001136
EWR-1,9/22/2025,10:00:00 am,0,2025-09-22 10:00:00,8.2533,8.299,0.0
EWR-1,9/22/2025,10:10:00 am,0,2025-09-22 10:10:00,8.2531,8.299,0.0
EWR-1,9/22/2025,10:20:00 am,0,2025-09-22 10:20:00,8.2534,8.299,0.00019999999999988915
EWR-1,9/22/2025,10:30:00 am,0,2025-09-22 10:30:00,8.2533,8.297,0.00010000000000012221
EWR-1,9/22/2025,10:40:00 am,0,2025-09-22 10:40:00,8.2533,8.296,0.0
EWR-1,9/22/2025,10:50:00 am,0,2025-09-22 10:50:00,8.2536,8.296,0.0
EWR-1,9/22/2025,11:00:00 am,0,2025-09-22 11:00:00,8.2528,8.296,0.0
EWR-1,9/22/2025,11:10:00 am,0,2025-09-22 11:10:00,8.2527,8.296,0.00010000000000012221
EWR-1,9/22/2025,11:20:00 am,0,2025-09-22 11:20:00,8.2528,8.297,9.999999999994457e-05
EWR-1,9/22/2025,11:30:00 am,0,2025-09-22 11:30:00,8.2523,8.298,0.00039999999999995595
EWR-1,9/22/2025,11:40:00 am,0,2025-09-22 11:40:00,8.2521,8.302,0.0002000000000000668
EWR-1,9/22/2025,11:50:00 am,0,2025-09-22 11:50:00,8.2514,8.304,0.00030000000000001136
EWR-1,9/22/2025,12:00:00 pm,0,2025-09-22 12:00:00,8.2514,8.307,0.00030000000000001136
EWR-1,9/22/2025,12:10:00 pm,0,2025-09-22 12:10:00,8.2508,8.31,0.0004999999999999005
EWR-1,9/22/2025,12:20:00 pm,0,2025-09-22 12:20:00,8.2492,8.315,0.0004000000000001336
EWR-1,9/22/2025,12:30:00 pm,0,2025-09-22 12:30:00,8.249,8.319,0.0007999999999999119
EWR-1,9/22/2025,12:40:00 pm,0,2025-09-22 12:40:00,8.2476,8.327,0.0009999999999999788
EWR-1,9/22/2025,12:50:00 pm,0,2025-09-22 12:50:00,8.2463,8.337,0.0012000000000000454
EWR-1,9/22/2025,01:00:00 pm,0,2025-09-22 13:00:00,8.2453,8.349,0.00129999999999999
EWR-1,9/22/2025,01:10:00 pm,0,2025-09-22 13:10:00,8.2433,8.362,0.0018000000000000683
EWR-1,9/22/2025,01:20:00 pm,0,2025-09-22 13:20:00,8.2416,8.38,0.0017999999999998907
EWR-1,9/22/2025,01:30:00 pm,0,2025-09-22 13:30:00,8.2396,8.398,0.0019000000000000128
EWR-1,9/22/2025,01:40:00 pm,0,2025-09-22 13:40:00,8.2379,8.417,0.001699999999999946
EWR-1,9/22/2025,01:50:00 pm,0,2025-09-22 13:50:00,8.2355,8.434,0.0014000000000001123
EWR-1,9/22/2025,02:00:00 pm,0,2025-09-22 14:00:00,8.2329,8.448,0.00129999999999999
EWR-1,9/22/2025,02:10:00 pm,0,2025-09-22 14:10:00,8.2304,8.461,0.00129999999999999
EWR-1,9/22/2025,02:20:00 pm,0,2025-09-22 14:20:00,8.2287,8.474,0.00129999999999999
EWR-1,9/22/2025,02:30:00 pm,0,2025-09-22 14:30:00,8.227,8.487,0.0012000000000000454
EWR-1,9/22/2025,02:40:00 pm,0,2025-09-22 14:40:00,8.2258,8.499,0.0011999999999998678
EWR-1,9/22/2025,02:50:00 pm,0,2025-09-22 14:50:00,8.2248,8.511,0.0012000000000000454
EWR-1,9/22/2025,03:00:00 pm,0,2025-09-22 15:00:00,8.2231,8.523,0.0012000000000000454
EWR-1,9/22/2025,03:10:00 pm,0,2025-09-22 15:10:00,8.2219,8.535,0.0013999999999999347
EWR-1,9/22/2025,03:20:00 pm,0,2025-09-22 15:20:00,8.2213,8.549,0.00129999999999999
EWR-1,9/22/2025,03:30:00 pm,0,2025-09-22 15:30:00,8.2205,8.562,0.00129999999999999
EWR-1,9/22/2025,03:40:00 pm,0,2025-09-22 15:40:00,8.2197,8.575,0.0012000000000000454
EWR-1,9/22/2025,03:50:00 pm,0,2025-09-22 15:50:00,8.2188,8.587,0.0012000000000000454
EWR-1,9/22/2025,04:00:00 pm,0,2025-09-22 16:00:00,8.2179,8.599,0.0010999999999999233
EWR-1,9/22/2025,04:10:00 pm,0,2025-09-22 16:10:00,8.2174,8.61,0.001100000000000101
EWR-1,9/22/2025,04:20:00 pm,0,2025-09-22 16:20:00,8.2171,8.621,0.0010999999999999233
EWR-1,9/22/2025,04:30:00 pm,0,2025-09-22 16:30:00,8.2164,8.632,0.0012000000000000454
EWR-1,9/22/2025,04:40:00 pm,0,2025-09-22 16:40:00,8.2159,8.644,0.0010999999999999233
EWR-1,9/22/2025,04:50:00 pm,0,2025-09-22 16:50:00,8.2156,8.655,0.001100000000000101
EWR-1,9/22/2025,05:00:00 pm,0,2025-09-22 17:00:00,8.2159,8.666,0.0009000000000000341
EWR-1,9/22/2025,05:10:00 pm,0,2025-09-22 17:10:00,8.2153,8.675,0.0006999999999999674
EWR-1,9/22/2025,05:20:00 pm,0,2025-09-22 17:20:00,8.2156,8.682,0.0006999999999999674
EWR-1,9/22/2025,05:30:00 pm,0,2025-09-22 17:30:00,8.2156,8.689,0.0005000000000000782
EWR-1,9/22/2025,05:40:00 pm,0,2025-09-22 17:40:00,8.2165,8.694,0.0004999999999999005
EWR-1,9/22/2025,05:50:00 pm,0,2025-09-22 17:50:00,8.2171,8.699,0.00039999999999995595
EWR-1,9/22/2025,06:00:00 pm,0,2025-09-22 18:00:00,8.2174,8.703,0.0004000000000001336
EWR-1,9/22/2025,06:10:00 pm,0,2025-09-22 18:10:00,8.2186,8.707,0.00030000000000001136
EWR-1,9/22/2025,06:20:00 pm,0,2025-09-22 18:20:00,8.2188,8.71,0.0002999999999998337
EWR-1,9/22/2025,06:30:00 pm,0,2025-09-22 18:30:00,8.219,8.713,0.00010000000000012221
EWR-1,9/22/2025,06:40:00 pm,0,2025-09-22 18:40:00,8.22,8.714,9.999999999994457e-05
EWR-1,9/22/2025,06:50:00 pm,0,2025-09-22 18:50:00,8.2211,8.715,0.0
EWR-1,9/22/2025,07:00:00 pm,0,2025-09-22 19:00:00,8.2221,8.715,9.999999999994457e-05
EWR-1,9/22/2025,07:10:00 pm,0,2025-09-22 19:10:00,8.2234,8.714,0.0002000000000000668
EWR-1,9/22/2025,07:20:00 pm,0,2025-09-22 19:20:00,8.2247,8.712,0.00019999999999988915
EWR-1,9/22/2025,07:30:00 pm,0,2025-09-22 19:30:00,8.2257,8.71,0.00030000000000001136
EWR-1,9/22/2025,07:40:00 pm,0,2025-09-22 19:40:00,8.2273,8.707,0.0004000000000001336
EWR-1,9/22/2025,07:50:00 pm,0,2025-09-22 19:50:00,8.2282,8.703,0.0004999999999999005
EWR-1,9/22/2025,08:00:00 pm,0,2025-09-22 20:00:00,8.2297,8.698,0.0005000000000000782
EWR-1,9/22/2025,08:10:00 pm,0,2025-09-22 20:10:00,8.2311,8.693,0.00039999999999995595
EWR-1,9/22/2025,08:20:00 pm,0,2025-09-22 20:20:00,8.2326,8.689,0.0006000000000000227
EWR-1,9/22/2025,08:30:00 pm,0,2025-09-22 20:30:00,8.2335,8.683,0.0004999999999999005
EWR-1,9/22/2025,08:40:00 pm,0,2025-09-22 20:40:00,8.2351,8.678,0.0006000000000000227
EWR-1,9/22/2025,08:50:00 pm,0,2025-09-22 20:50:00,8.2365,8.672,0.0006000000000000227
EWR-1,9/22/2025,09:00:00 pm,0,2025-09-22 21:00:00,8.2379,8.666,0.0006999999999999674
EWR-1,9/22/2025,09:10:00 pm,0,2025-09-22 21:10:00,8.2387,8.659,0.0005000000000000782
EWR-1,9/22/2025,09:20:00 pm,0,2025-09-22 21:20:00,8.2396,8.654,0.0006999999999999674
EWR-1,9/22/2025,09:30:00 pm,0,2025-09-22 21:30:00,8.2406,8.647,0.0006999999999999674
EWR-1,9/22/2025,09:40:00 pm,0,2025-09-22 21:40:00,8.2412,8.64,0.0006000000000000227
EWR-1,9/22/2025,09:50:00 pm,0,2025-09-22 21:50:00,8.2417,8.634,0.0006999999999999674
EWR-1,9/22/2025,10:00:00 pm,0,2025-09-22 22:00:00,8.2421,8.627,0.000700000000000145
EWR-1,9/22/2025,10:10:00 pm,0,2025-09-22 22:10:00,8.2433,8.62,0.0006999999999999674
EWR-1,9/22/2025,10:20:00 pm,0,2025-09-22 22:20:00,8.244,8.613,0.0006999999999999674
EWR-1,9/22/2025,10:30:00 pm,0,2025-09-22 22:30:00,8.2444,8.606,0.0007999999999999119
EWR-1,9/22/2025,10:40:00 pm,0,2025-09-22 22:40:00,8.2446,8.598,0.0008000000000000895
EWR-1,9/22/2025,10:50:00 pm,0,2025-09-22 22:50:00,8.2449,8.59,0.0006999999999999674
EWR-1,9/22/2025,11:00:00 pm,0,2025-09-22 23:00:00,8.2453,8.583,0.0009000000000000341
EWR-1,9/22/2025,11:10:00 pm,0,2025-09-22 23:10:00,8.2456,8.574,0.0009000000000000341
EWR-1,9/22/2025,11:20:00 pm,0,2025-09-22 23:20:00,8.2465,8.565,0.0009000000000000341
EWR-1,9/22/2025,11:30:00 pm,0,2025-09-22 23:30:00,8.2466,8.556,0.0009999999999999788
EWR-1,9/22/2025,11:40:00 pm,0,2025-09-22 23:40:00,8.2469,8.546,0.0008999999999998564
EWR-1,9/22/2025,11:50:00 pm,0,2025-09-22 23:50:00,8.247,8.537,0.0009000000000000341
EWR-1,9/23/2025,12:00:00 am,0,2025-09-23 00:00:00,8.2477,8.528,0.0008000000000000895
EWR-1,9/23/2025,12:10:00 am,0,2025-09-23 00:10:00,8.2478,8.52,0.0007999999999999119
EWR-1,9/23/2025,12:20:00 am,0,2025-09-23 00:20:00,8.2479,8.512,0.0009000000000000341
EWR-1,9/23/2025,12:30:00 am,0,2025-09-23 00:30:00,8.2483,8.503,0.0008000000000000895
EWR-1,9/23/2025,12:40:00 am,0,2025-09-23 00:40:00,8.2491,8.495,0.0008999999999998564
EWR-1,9/23/2025,12:50:00 am,0,2025-09-23 00:50:00,8.2491,8.486,0.0008000000000000895
EWR-1,9/23/2025,01:00:00 am,0,2025-09-23 01:00:00,8.249,8.478,0.0009000000000000341
EWR-1,9/23/2025,01:10:00 am,0,2025-09-23 01:10:00,8.2502,8.469,0.0008999999999998564
EWR-1,9/23/2025,01:20:00 am,0,2025-09-23 01:20:00,8.251,8.46,0.0008000000000000895
EWR-1,9/23/2025,01:30:00 am,0,2025-09-23 01:30:00,8.2522,8.452,0.0009000000000000341
EWR-1,9/23/2025,01:40:00 am,0,2025-09-23 01:40:00,8.2529,8.443,0.0009000000000000341
EWR-1,9/23/2025,01:50:00 am,0,2025-09-23 01:50:00,8.2536,8.434,0.0008999999999998564
EWR-1,9/23/2025,02:00:00 am,0,2025-09-23 02:00:00,8.2543,8.425,0.0008000000000000895
EWR-1,9/23/2025,02:10:00 am,0,2025-09-23 02:10:00,8.2538,8.417,0.0009000000000000341
EWR-1,9/23/2025,02:20:00 am,0,2025-09-23 02:20:00,8.254,8.408,0.0007999999999999119
EWR-1,9/23/2025,02:30:00 am,0,2025-09-23 02:30:00,8.253,8.4,0.0009000000000000341
EWR-1,9/23/2025,02:40:00 am,0,2025-09-23 02:40:00,8.2534,8.391,0.0009000000000000341
EWR-1,9/23/2025,02:50:00 am,0,2025-09-23 02:50:00,8.2536,8.382,0.0009999999999999788
EWR-1,9/23/2025,03:00:00 am,0,2025-09-23 03:00:00,8.2538,8.372,0.0007999999999999119
EWR-1,9/23/2025,03:10:00 am,0,2025-09-23 03:10:00,8.2534,8.364,0.001100000000000101
EWR-1,9/23/2025,03:20:00 am,0,2025-09-23 03:20:00,8.2536,8.353,0.0009999999999999788
EWR-1,9/23/2025,03:30:00 am,0,2025-09-23 03:30:00,8.2534,8.343,0.0009000000000000341
EWR-1,9/23/2025,03:40:00 am,0,2025-09-23 03:40:00,8.2534,8.334,0.0009000000000000341
EWR-1,9/23/2025,03:50:00 am,0,2025-09-23 03:50:00,8.2539,8.325,0.0009999999999999788
EWR-1,9/23/2025,04:00:00 am,0,2025-09-23 04:00:00,8.2537,8.315,0.0010999999999999233
EWR-1,9/23/2025,04:10:00 am,0,2025-09-23 04:10:00,8.2537,8.304,0.0012000000000000454
EWR-1,9/23/2025,04:20:00 am,0,2025-09-23 04:20:00,8.2537,8.292,0.0009000000000000341
EWR-1,9/23/2025,04:30:00 am,0,2025-09-23 04:30:00,8.2541,8.283,0.0010999999999999233
EWR-1,9/23/2025,04:40:00 am,0,2025-09-23 04:40:00,8.2539,8.272,0.0009999999999999788
EWR-1,9/23/2025,04:50:00 am,0,2025-09-23 04:50:00,8.2542,8.262,0.0009999999999999788
EWR-1,9/23/2025,05:00:00 am,0,2025-09-23 05:00:00,8.255,8.252,0.0009999999999999788
EWR-1,9/23/2025,05:10:00 am,0,2025-09-23 05:10:00,8.2549,8.242,0.001100000000000101
EWR-1,9/23/2025,05:20:00 am,0,2025-09-23 05:20:00,8.2558,8.231,0.0010999999999999233
EWR-1,9/23/2025,05:30:00 am,0,2025-09-23 05:30:00,8.2558,8.22,0.0009999999999999788
EWR-1,9/23/2025,05:40:00 am,0,2025-09-23 05:40:00,8.2562,8.21,0.0008000000000000895
EWR-1,9/23/2025,05:50:00 am,0,2025-09-23 05:50:00,8.256,8.202,0.0009000000000000341
EWR-1,9/23/2025,06:00:00 am,0,2025-09-23 06:00:00,8.2563,8.193,0.0009999999999999788
EWR-1,9/23/2025,06:10:00 am,0,2025-09-23 06:10:00,8.2561,8.183,0.0009000000000000341
EWR-1,9/23/2025,06:20:00 am,0,2025-09-23 06:20:00,8.2569,8.174,0.0010999999999999233
EWR-1,9/23/2025,06:30:00 am,0,2025-09-23 06:30:00,8.2572,8.163,0.0009999999999999788
EWR-1,9/23/2025,06:40:00 am,0,2025-09-23 06:40:00,8.2583,8.153,0.0009999999999999788
EWR-1,9/23/2025,06:50:00 am,0,2025-09-23 06:50:00,8.2592,8.143,0.0010000000000001564
EWR-1,9/23/2025,07:00:00 am,0,2025-09-23 07:00:00,8.2597,8.133,0.0010999999999999233
EWR-1,9/23/2025,07:10:00 am,0,2025-09-23 07:10:00,8.261,8.122,0.0009000000000000341
EWR-1,9/23/2025,07:20:00 am,0,2025-09-23 07:20:00,8.2614,8.113,0.0009999999999999788
EWR-1,9/23/2025,07:30:00 am,0,2025-09-23 07:30:00,8.2621,8.103,0.0009000000000000341
EWR-1,9/23/2025,07:40:00 am,0,2025-09-23 07:40:00,8.2628,8.094,0.0006999999999999674
EWR-1,9/23/2025,07:50:00 am,0,2025-09-23 07:50:00,8.2634,8.087,0.0004999999999999005
EWR-1,9/23/2025,08:00:00 am,0,2025-09-23 08:00:00,8.2635,8.082,0.0005000000000000782
EWR-1,9/23/2025,08:10:00 am,0,2025-09-23 08:10:00,8.2642,8.077,0.0006000000000000227
EWR-1,9/23/2025,08:20:00 am,0,2025-09-23 08:20:00,8.2648,8.071,0.0006999999999999674
EWR-1,9/23/2025,08:30:00 am,0,2025-09-23 08:30:00,8.2649,8.064,0.0006999999999999674
EWR-1,9/23/2025,08:40:00 am,0,2025-09-23 08:40:00,8.2652,8.057,0.0006000000000000227
EWR-1,9/23/2025,08:50:00 am,0,2025-09-23 08:50:00,8.2655,8.051,0.0005000000000000782
EWR-1,9/23/2025,09:00:00 am,0,2025-09-23 09:00:00,8.2653,8.046,0.0004999999999999005
EWR-1,9/23/2025,09:10:00 am,0,2025-09-23 09:10:00,8.2655,8.041,0.00039999999999995595
EWR-1,9/23/2025,09:20:00 am,0,2025-09-23 09:20:00,8.265,8.037,0.0005000000000000782
EWR-1,9/23/2025,09:30:00 am,0,2025-09-23 09:30:00,8.265,8.032,0.0006999999999999674
EWR-1,9/23/2025,09:40:00 am,0,2025-09-23 09:40:00,8.2653,8.025,0.0005000000000000782
EWR-1,9/23/2025,09:50:00 am,0,2025-09-23 09:50:00,8.2662,8.02,0.00030000000000001136
EWR-1,9/23/2025,10:00:00 am,0,2025-09-23 10:00:00,8.2659,8.017,0.00019999999999988915
EWR-1,9/23/2025,10:10:00 am,0,2025-09-23 10:10:00,8.2668,8.015,0.00030000000000001136
EWR-1,9/23/2025,10:20:00 am,0,2025-09-23 10:20:00,8.2669,8.012,0.00030000000000001136
EWR-1,9/23/2025,10:30:00 am,0,2025-09-23 10:30:00,8.2668,8.009,0.00010000000000012221
EWR-1,9/23/2025,10:40:00 am,0,2025-09-23 10:40:00,8.2665,8.008,0.0
EWR-1,9/23/2025,10:50:00 am,0,2025-09-23 10:50:00,8.2663,8.008,0.00019999999999988915
EWR-1,9/23/2025,11:00:00 am,0,2025-09-23 11:00:00,8.2669,8.006,9.999999999994457e-05
EWR-1,9/23/2025,11:10:00 am,0,2025-09-23 11:10:00,8.2666,8.007,9.999999999994457e-05
EWR-1,9/23/2025,11:20:00 am,0,2025-09-23 11:20:00,8.2661,8.006,0.0
EWR-1,9/23/2025,11:30:00 am,0,2025-09-23 11:30:00,8.266,8.006,9.999999999994457e-05
EWR-1,9/23/2025,11:40:00 am,0,2025-09-23 11:40:00,8.2655,8.007,0.0002000000000000668
EWR-1,9/23/2025,11:50:00 am,0,2025-09-23 11:50:00,8.265,8.009,0.00019999999999988915
EWR-1,9/23/2025,12:00:00 pm,0,2025-09-23 12:00:00,8.2642,8.011,0.00030000000000001136
EWR-1,9/23/2025,12:10:00 pm,0,2025-09-23 12:10:00,8.2631,8.014,0.0002000000000000668
EWR-1,9/23/2025,12:20:00 pm,0,2025-09-23 12:20:00,8.2618,8.016,0.0005000000000000782
EWR-1,9/23/2025,12:30:00 pm,0,2025-09-23 12:30:00,8.2606,8.021,0.0005999999999998451
EWR-1,9/23/2025,12:40:00 pm,0,2025-09-23 12:40:00,8.259,8.027,0.000700000000000145
EWR-1,9/23/2025,12:50:00 pm,0,2025-09-23 12:50:00,8.2576,8.034,0.0008999999999998564
EWR-1,9/23/2025,01:00:00 pm,0,2025-09-23 13:00:00,8.2562,8.043,0.0014000000000001123
EWR-1,9/23/2025,01:10:00 pm,0,2025-09-23 13:10:00,8.2534,8.057,0.001699999999999946
EWR-1,9/23/2025,01:20:00 pm,0,2025-09-23 13:20:00,8.2509,8.074,0.0018000000000000683
EWR-1,9/23/2025,01:30:00 pm,0,2025-09-23 13:30:00,8.249,8.092,0.0017999999999998907
EWR-1,9/23/2025,01:40:00 pm,0,2025-09-23 13:40:00,8.2467,8.11,0.0015000000000000568
EWR-1,9/23/2025,01:50:00 pm,0,2025-09-23 13:50:00,8.2453,8.125,0.0013999999999999347
EWR-1,9/23/2025,02:00:00 pm,0,2025-09-23 14:00:00,8.2439,8.139,0.00129999999999999
EWR-1,9/23/2025,02:10:00 pm,0,2025-09-23 14:10:00,8.2418,8.152,0.0012000000000000454
EWR-1,9/23/2025,02:20:00 pm,0,2025-09-23 14:20:00,8.2414,8.164,0.00129999999999999
EWR-1,9/23/2025,02:30:00 pm,0,2025-09-23 14:30:00,8.2392,8.177,0.00129999999999999
EWR-1,9/23/2025,02:40:00 pm,0,2025-09-23 14:40:00,8.2385,8.19,0.00129999999999999
EWR-1,9/23/2025,02:50:00 pm,0,2025-09-23 14:50:00,8.2381,8.203,0.0012000000000000454
EWR-1,9/23/2025,03:00:00 pm,0,2025-09-23 15:00:00,8.238,8.215,0.0012000000000000454
EWR-1,9/23/2025,03:10:00 pm,0,2025-09-23 15:10:00,8.2366,8.227,0.00129999999999999
EWR-1,9/23/2025,03:20:00 pm,0,2025-09-23 15:20:00,8.2355,8.24,0.00129999999999999
EWR-1,9/23/2025,03:30:00 pm,0,2025-09-23 15:30:00,8.2345,8.253,0.00129999999999999
EWR-1,9/23/2025,03:40:00 pm,0,2025-09-23 15:40:00,8.2341,8.266,0.00129999999999999
EWR-1,9/23/2025,03:50:00 pm,0,2025-09-23 15:50:00,8.2335,8.279,0.0012000000000000454
EWR-1,9/23/2025,04:00:00 pm,0,2025-09-23 16:00:00,8.2336,8.291,0.0009999999999999788
EWR-1,9/23/2025,04:10:00 pm,0,2025-09-23 16:10:00,8.2328,8.301,0.00129999999999999
EWR-1,9/23/2025,04:20:00 pm,0,2025-09-23 16:20:00,8.2318,8.314,0.0012000000000000454
EWR-1,9/23/2025,04:30:00 pm,0,2025-09-23 16:30:00,8.2319,8.326,0.0011999999999998678
EWR-1,9/23/2025,04:40:00 pm,0,2025-09-23 16:40:00,8.2317,8.338,0.0012000000000000454
EWR-1,9/23/2025,04:50:00 pm,0,2025-09-23 16:50:00,8.2314,8.35,0.001100000000000101
EWR-1,9/23/2025,05:00:00 pm,0,2025-09-23 17:00:00,8.2313,8.361,0.0009999999999999788
EWR-1,9/23/2025,05:10:00 pm,0,2025-09-23 17:10:00,8.2319,8.371,0.0007999999999999119
EWR-1,9/23/2025,05:20:00 pm,0,2025-09-23 17:20:00,8.2324,8.379,0.0006999999999999674
EWR-1,9/23/2025,05:30:00 pm,0,2025-09-23 17:30:00,8.2332,8.386,0.0006000000000000227
EWR-1,9/23/2025,05:40:00 pm,0,2025-09-23 17:40:00,8.2333,8.392,0.0006000000000000227
EWR-1,9/23/2025,05:50:00 pm,0,2025-09-23 17:50:00,8.2341,8.398,0.0006000000000000227
EWR-1,9/23/2025,06:00:00 pm,0,2025-09-23 18:00:00,8.2349,8.404,0.0005000000000000782
EWR-1,9/23/2025,06:10:00 pm,0,2025-09-23 18:10:00,8.236,8.409,0.0004999999999999005
EWR-1,9/23/2025,06:20:00 pm,0,2025-09-23 18:20:00,8.2371,8.414,0.00039999999999995595
EWR-1,9/23/2025,06:30:00 pm,0,2025-09-23 18:30:00,8.2384,8.418,0.0004000000000001336
EWR-1,9/23/2025,06:40:00 pm,0,2025-09-23 18:40:00,8.2397,8.422,0.00019999999999988915
EWR-1,9/23/2025,06:50:00 pm,0,2025-09-23 18:50:00,8.2406,8.424,0.00010000000000012221
EWR-1,9/23/2025,07:00:00 pm,0,2025-09-23 19:00:00,8.2419,8.425,0.00010000000000012221
EWR-1,9/23/2025,07:10:00 pm,0,2025-09-23 19:10:00,8.2431,8.424,9.999999999994457e-05
EWR-1,9/23/2025,07:20:00 pm,0,2025-09-23 19:20:00,8.2436,8.423,0.0002000000000000668
EWR-1,9/23/2025,07:30:00 pm,0,2025-09-23 19:30:00,8.2448,8.421,0.00030000000000001136
EWR-1,9/23/2025,07:40:00 pm,0,2025-09-23 19:40:00,8.2455,8.418,0.00039999999999995595
EWR-1,9/23/2025,07:50:00 pm,0,2025-09-23 19:50:00,8.2464,8.414,0.00039999999999995595
EWR-1,9/23/2025,08:00:00 pm,0,2025-09-23 20:00:00,8.2477,8.41,0.0005000000000000782
EWR-1,9/23/2025,08:10:00 pm,0,2025-09-23 20:10:00,8.2492,8.405,0.0006000000000000227
EWR-1,9/23/2025,08:20:00 pm,0,2025-09-23 20:20:00,8.2507,8.399,0.0004999999999999005
EWR-1,9/23/2025,08:30:00 pm,0,2025-09-23 20:30:00,8.2519,8.394,0.0005000000000000782
EWR-1,9/23/2025,08:40:00 pm,0,2025-09-23 20:40:00,8.2533,8.389,0.0006000000000000227
EWR-1,9/23/2025,08:50:00 pm,0,2025-09-23 20:50:00,8.2538,8.383,0.0005999999999998451
EWR-1,9/23/2025,09:00:00 pm,0,2025-09-23 21:00:00,8.2548,8.377,0.000700000000000145
EWR-1,9/23/2025,09:10:00 pm,0,2025-09-23 21:10:00,8.2553,8.37,0.0005999999999998451
EWR-1,9/23/2025,09:20:00 pm,0,2025-09-23 21:20:00,8.2563,8.364,0.000700000000000145
EWR-1,9/23/2025,09:30:00 pm,0,2025-09-23 21:30:00,8.2575,8.357,0.0006999999999999674
EWR-1,9/23/2025,09:40:00 pm,0,2025-09-23 21:40:00,8.2584,8.35,0.0007999999999999119
EWR-1,9/23/2025,09:50:00 pm,0,2025-09-23 21:50:00,8.2589,8.342,0.0006999999999999674
EWR-1,9/23/2025,10:00:00 pm,0,2025-09-23 22:00:00,8.2588,8.335,0.0008000000000000895
EWR-1,9/23/2025,10:10:00 pm,0,2025-09-23 22:10:00,8.2589,8.327,0.0007999999999999119
EWR-1,9/23/2025,10:20:00 pm,0,2025-09-23 22:20:00,8.2589,8.319,0.0009000000000000341
EWR-1,9/23/2025,10:30:00 pm,0,2025-09-23 22:30:00,8.2585,8.31,0.0008000000000000895
EWR-1,9/23/2025,10:40:00 pm,0,2025-09-23 22:40:00,8.2594,8.302,0.0007999999999999119
EWR-1,9/23/2025,10:50:00 pm,0,2025-09-23 22:50:00,8.26,8.294,0.0009000000000000341
EWR-1,9/23/2025,11:00:00 pm,0,2025-09-23 23:00:00,8.2604,8.285,0.0008000000000000895
EWR-1,9/23/2025,11:10:00 pm,0,2025-09-23 23:10:00,8.2604,8.277,0.0007999999999999119
EWR-1,9/23/2025,11:20:00 pm,0,2025-09-23 23:20:00,8.2609,8.269,0.0009000000000000341
EWR-1,9/23/2025,11:30:00 pm,0,2025-09-23 23:30:00,8.2614,8.26,0.0007999999999999119
EWR-1,9/23/2025,11:40:00 pm,0,2025-09-23 23:40:00,8.2612,8.252,0.0008000000000000895
EWR-1,9/23/2025,11:50:00 pm,0,2025-09-23 23:50:00,8.2616,8.244,0.0009000000000000341
EWR-1,9/24/2025,12:00:00 am,0,2025-09-24 00:00:00,8.2624,8.235,0.0007999999999999119
EWR-1,9/24/2025,12:10:00 am,0,2025-09-24 00:10:00,8.2628,8.227,0.0009000000000000341
EWR-1,9/24/2025,12:20:00 am,0,2025-09-24 00:20:00,8.2621,8.218,0.0007999999999999119
EWR-1,9/24/2025,12:30:00 am,0,2025-09-24 00:30:00,8.262,8.21,0.0010000000000001564
EWR-1,9/24/2025,12:40:00 am,0,2025-09-24 00:40:00,8.2616,8.2,0.0009999999999999788
EWR-1,9/24/2025,12:50:00 am,0,2025-09-24 00:50:00,8.2616,8.19,0.0009000000000000341
EWR-1,9/24/2025,01:00:00 am,0,2025-09-24 01:00:00,8.2616,8.181,0.0007999999999999119
EWR-1,9/24/2025,01:10:00 am,0,2025-09-24 01:10:00,8.2631,8.173,0.0009999999999999788
EWR-1,9/24/2025,01:20:00 am,0,2025-09-24 01:20:00,8.2634,8.163,0.001100000000000101
EWR-1,9/24/2025,01:30:00 am,0,2025-09-24 01:30:00,8.2638,8.152,0.0008999999999998564
EWR-1,9/24/2025,01:40:00 am,0,2025-09-24 01:40:00,8.2642,8.143,0.0009000000000000341
EWR-1,9/24/2025,01:50:00 am,0,2025-09-24 01:50:00,8.2647,8.134,0.0009999999999999788
EWR-1,9/24/2025,02:00:00 am,0,2025-09-24 02:00:00,8.2649,8.124,0.0009000000000000341
EWR-1,9/24/2025,02:10:00 am,0,2025-09-24 02:10:00,8.264,8.115,0.0008000000000000895
EWR-1,9/24/2025,02:20:00 am,0,2025-09-24 02:20:00,8.2638,8.107,0.0007999999999999119
EWR-1,9/24/2025,02:30:00 am,0,2025-09-24 02:30:00,8.2634,8.099,0.0009999999999999788
EWR-1,9/24/2025,02:40:00 am,0,2025-09-24 02:40:00,8.2636,8.089,0.0008000000000000895
EWR-1,9/24/2025,02:50:00 am,0,2025-09-24 02:50:00,8.2638,8.081,0.0009000000000000341
EWR-1,9/24/2025,03:00:00 am,0,2025-09-24 03:00:00,8.2641,8.072,0.0007999999999999119
EWR-1,9/24/2025,03:10:00 am,0,2025-09-24 03:10:00,8.264,8.064,0.0006000000000000227
EWR-1,9/24/2025,03:20:00 am,0,2025-09-24 03:20:00,8.2636,8.058,0.0006999999999999674
EWR-1,9/24/2025,03:30:00 am,0,2025-09-24 03:30:00,8.2636,8.051,0.0008000000000000895
EWR-1,9/24/2025,03:40:00 am,0,2025-09-24 03:40:00,8.2637,8.043,0.0008999999999998564
EWR-1,9/24/2025,03:50:00 am,0,2025-09-24 03:50:00,8.2638,8.034,0.000700000000000145
EWR-1,9/24/2025,04:00:00 am,0,2025-09-24 04:00:00,8.2642,8.027,0.0007999999999999119
EWR-1,9/24/2025,04:10:00 am,0,2025-09-24 04:10:00,8.2639,8.019,0.0006999999999999674
EWR-1,9/24/2025,04:20:00 am,0,2025-09-24 04:20:00,8.2634,8.012,0.0006999999999999674
EWR-1,9/24/2025,04:30:00 am,0,2025-09-24 04:30:00,8.264,8.005,0.0009000000000000341
EWR-1,9/24/2025,04:40:00 am,0,2025-09-24 04:40:00,8.2637,7.996,0.0009000000000000341
EWR-1,9/24/2025,04:50:00 am,0,2025-09-24 04:50:00,8.2636,7.987,0.0008000000000000007
EWR-1,9/24/2025,05:00:00 am,0,2025-09-24 05:00:00,8.2635,7.979,0.0008000000000000007
EWR-1,9/24/2025,05:10:00 am,0,2025-09-24 05:10:00,8.2637,7.971,0.0008000000000000007
EWR-1,9/24/2025,05:20:00 am,0,2025-09-24 05:20:00,8.2638,7.963,0.0009000000000000341
EWR-1,9/24/2025,05:30:00 am,0,2025-09-24 05:30:00,8.2636,7.954,0.0005999999999999339
EWR-1,9/24/2025,05:40:00 am,0,2025-09-24 05:40:00,8.2638,7.948,0.0007000000000000562
EWR-1,9/24/2025,05:50:00 am,0,2025-09-24 05:50:00,8.2635,7.941,0.0008999999999999453
EWR-1,9/24/2025,06:00:00 am,0,2025-09-24 06:00:00,8.2644,7.932,0.0009000000000000341
EWR-1,9/24/2025,06:10:00 am,0,2025-09-24 06:10:00,8.2651,7.923,0.0008000000000000007
EWR-1,9/24/2025,06:20:00 am,0,2025-09-24 06:20:00,8.2654,7.915,0.0008000000000000007
EWR-1,9/24/2025,06:30:00 am,0,2025-09-24 06:30:00,8.2647,7.907,0.0008000000000000007
EWR-1,9/24/2025,06:40:00 am,0,2025-09-24 06:40:00,8.2653,7.899,0.0009000000000000341
EWR-1,9/24/2025,06:50:00 am,0,2025-09-24 06:50:00,8.2666,7.89,0.0009999999999999788
EWR-1,9/24/2025,07:00:00 am,0,2025-09-24 07:00:00,8.2666,7.88,0.0008999999999999453
EWR-1,9/24/2025,07:10:00 am,0,2025-09-24 07:10:00,8.267,7.871,0.0008000000000000007
EWR-1,9/24/2025,07:20:00 am,0,2025-09-24 07:20:00,8.2674,7.863,0.0008000000000000007
EWR-1,9/24/2025,07:30:00 am,0,2025-09-24 07:30:00,8.2675,7.855,0.0008000000000000007
EWR-1,9/24/2025,07:40:00 am,0,2025-09-24 07:40:00,8.2673,7.847,0.0007000000000000562
EWR-1,9/24/2025,07:50:00 am,0,2025-09-24 07:50:00,8.2673,7.84,0.0006000000000000227
EWR-1,9/24/2025,08:00:00 am,0,2025-09-24 08:00:00,8.2665,7.834,0.0004999999999999894
EWR-1,9/24/2025,08:10:00 am,0,2025-09-24 08:10:00,8.2671,7.829,0.0005999999999999339
EWR-1,9/24/2025,08:20:00 am,0,2025-09-24 08:20:00,8.2669,7.823,0.0005000000000000782
EWR-1,9/24/2025,08:30:00 am,0,2025-09-24 08:30:00,8.2665,7.818,0.0004999999999999894
EWR-1,9/24/2025,08:40:00 am,0,2025-09-24 08:40:00,8.2666,7.813,0.0004999999999999894
EWR-1,9/24/2025,08:50:00 am,0,2025-09-24 08:50:00,8.2667,7.808,0.0004999999999999894
EWR-1,9/24/2025,09:00:00 am,0,2025-09-24 09:00:00,8.2674,7.803,0.00039999999999995595
EWR-1,9/24/2025,09:10:00 am,0,2025-09-24 09:10:00,8.2674,7.799,0.0005000000000000782
EWR-1,9/24/2025,09:20:00 am,0,2025-09-24 09:20:00,8.2687,7.794,0.0005999999999999339
EWR-1,9/24/2025,09:30:00 am,0,2025-09-24 09:30:00,8.2687,7.788,0.00040000000000004474
EWR-1,9/24/2025,09:40:00 am,0,2025-09-24 09:40:00,8.2688,7.784,0.00030000000000001136
EWR-1,9/24/2025,09:50:00 am,0,2025-09-24 09:50:00,8.2683,7.781,0.00019999999999997797
EWR-1,9/24/2025,10:00:00 am,0,2025-09-24 10:00:00,8.2675,7.779,0.00030000000000001136
EWR-1,9/24/2025,10:10:00 am,0,2025-09-24 10:10:00,8.2683,7.776,0.00019999999999997797
EWR-1,9/24/2025,10:20:00 am,0,2025-09-24 10:20:00,8.2678,7.774,0.00019999999999997797
EWR-1,9/24/2025,10:30:00 am,0,2025-09-24 10:30:00,8.2669,7.772,0.0001000000000000334
EWR-1,9/24/2025,10:40:00 am,0,2025-09-24 10:40:00,8.2662,7.771,0.0001000000000000334
EWR-1,9/24/2025,10:50:00 am,0,2025-09-24 10:50:00,8.2657,7.77,0.0001000000000000334
EWR-1,9/24/2025,11:00:00 am,0,2025-09-24 11:00:00,8.265,7.771,0.0
EWR-1,9/24/2025,11:10:00 am,0,2025-09-24 11:10:00,8.2648,7.771,0.0001000000000000334
EWR-1,9/24/2025,11:20:00 am,0,2025-09-24 11:20:00,8.2641,7.772,9.999999999994457e-05
EWR-1,9/24/2025,11:30:00 am,0,2025-09-24 11:30:00,8.2634,7.773,0.00040000000000004474
EWR-1,9/24/2025,11:40:00 am,0,2025-09-24 11:40:00,8.2622,7.777,0.00030000000000001136
EWR-1,9/24/2025,11:50:00 am,0,2025-09-24 11:50:00,8.2608,7.78,0.00039999999999995595
EWR-1,9/24/2025,12:00:00 pm,0,2025-09-24 12:00:00,8.2593,7.784,0.00030000000000001136
EWR-1,9/24/2025,12:10:00 pm,0,2025-09-24 12:10:00,8.2584,7.787,0.00030000000000001136
EWR-1,9/24/2025,12:20:00 pm,0,2025-09-24 12:20:00,8.2564,7.79,0.0004999999999999894
EWR-1,9/24/2025,12:30:00 pm,0,2025-09-24 12:30:00,8.2542,7.795,0.0008000000000000007
EWR-1,9/24/2025,12:40:00 pm,0,2025-09-24 12:40:00,8.2523,7.803,0.0009000000000000341
EWR-1,9/24/2025,12:50:00 pm,0,2025-09-24 12:50:00,8.2498,7.812,0.001100000000000012
EWR-1,9/24/2025,01:00:00 pm,0,2025-09-24 13:00:00,8.2481,7.823,0.00129999999999999
EWR-1,9/24/2025,01:10:00 pm,0,2025-09-24 13:10:00,8.2462,7.836,0.001699999999999946
EWR-1,9/24/2025,01:20:00 pm,0,2025-09-24 13:20:00,8.2439,7.853,0.0019000000000000128
EWR-1,9/24/2025,01:30:00 pm,0,2025-09-24 13:30:00,8.242,7.872,0.0017999999999999794
EWR-1,9/24/2025,01:40:00 pm,0,2025-09-24 13:40:00,8.24,7.89,0.0017000000000000348
EWR-1,9/24/2025,01:50:00 pm,0,2025-09-24 13:50:00,8.2382,7.907,0.0016000000000000014
EWR-1,9/24/2025,02:00:00 pm,0,2025-09-24 14:00:00,8.2366,7.923,0.00129999999999999
EWR-1,9/24/2025,02:10:00 pm,0,2025-09-24 14:10:00,8.2353,7.936,0.0014000000000000234
EWR-1,9/24/2025,02:20:00 pm,0,2025-09-24 14:20:00,8.2335,7.95,0.0014000000000000234
EWR-1,9/24/2025,02:30:00 pm,0,2025-09-24 14:30:00,8.2325,7.964,0.00129999999999999
EWR-1,9/24/2025,02:40:00 pm,0,2025-09-24 14:40:00,8.232,7.977,0.00129999999999999
EWR-1,9/24/2025,02:50:00 pm,0,2025-09-24 14:50:00,8.2315,7.99,0.0010999999999999233
EWR-1,9/24/2025,03:00:00 pm,0,2025-09-24 15:00:00,8.2301,8.001,0.001100000000000101
EWR-1,9/24/2025,03:10:00 pm,0,2025-09-24 15:10:00,8.2291,8.012,0.0011999999999998678
EWR-1,9/24/2025,03:20:00 pm,0,2025-09-24 15:20:00,8.2283,8.024,0.0014000000000001123
EWR-1,9/24/2025,03:30:00 pm,0,2025-09-24 15:30:00,8.227,8.038,0.0013999999999999347
EWR-1,9/24/2025,03:40:00 pm,0,2025-09-24 15:40:00,8.2262,8.052,0.0015000000000000568
EWR-1,9/24/2025,03:50:00 pm,0,2025-09-24 15:50:00,8.2259,8.067,0.0015000000000000568
EWR-1,9/24/2025,04:00:00 pm,0,2025-09-24 16:00:00,8.2265,8.082,0.0014999999999998793
EWR-1,9/24/2025,04:10:00 pm,0,2025-09-24 16:10:00,8.2274,8.097,0.00129999999999999
EWR-1,9/24/2025,04:20:00 pm,0,2025-09-24 16:20:00,8.2275,8.11,0.0012000000000000454
EWR-1,9/24/2025,04:30:00 pm,0,2025-09-24 16:30:00,8.2271,8.122,0.0012000000000000454
EWR-1,9/24/2025,04:40:00 pm,0,2025-09-24 16:40:00,8.2276,8.134,0.0012000000000000454
EWR-1,9/24/2025,04:50:00 pm,0,2025-09-24 16:50:00,8.2276,8.146,0.0011999999999998678
EWR-1,9/24/2025,05:00:00 pm,0,2025-09-24 17:00:00,8.2279,8.158,0.00129999999999999
EWR-1,9/24/2025,05:10:00 pm,0,2025-09-24 17:10:00,8.2284,8.171,0.0012000000000000454
EWR-1,9/24/2025,05:20:00 pm,0,2025-09-24 17:20:00,8.2293,8.183,0.001100000000000101
EWR-1,9/24/2025,05:30:00 pm,0,2025-09-24 17:30:00,8.2303,8.194,0.0010999999999999233
EWR-1,9/24/2025,05:40:00 pm,0,2025-09-24 17:40:00,8.2307,8.205,0.0010999999999999233
EWR-1,9/24/2025,05:50:00 pm,0,2025-09-24 17:50:00,8.2313,8.216,0.0010000000000001564
EWR-1,9/24/2025,06:00:00 pm,0,2025-09-24 18:00:00,8.2321,8.226,0.0008999999999998564
EWR-1,9/24/2025,06:10:00 pm,0,2025-09-24 18:10:00,8.233,8.235,0.0009000000000000341
EWR-1,9/24/2025,06:20:00 pm,0,2025-09-24 18:20:00,8.2335,8.244,0.0006000000000000227
EWR-1,9/24/2025,06:30:00 pm,0,2025-09-24 18:30:00,8.234,8.25,0.0006000000000000227
EWR-1,9/24/2025,06:40:00 pm,0,2025-09-24 18:40:00,8.2349,8.256,0.00039999999999995595
EWR-1,9/24/2025,06:50:00 pm,0,2025-09-24 18:50:00,8.2362,8.26,0.00030000000000001136
EWR-1,9/24/2025,07:00:00 pm,0,2025-09-24 19:00:00,8.2367,8.263,0.0002000000000000668
EWR-1,9/24/2025,07:10:00 pm,0,2025-09-24 19:10:00,8.2381,8.265,9.999999999994457e-05
EWR-1,9/24/2025,07:20:00 pm,0,2025-09-24 19:20:00,8.2389,8.266,9.999999999994457e-05
EWR-1,9/24/2025,07:30:00 pm,0,2025-09-24 19:30:00,8.2404,8.267,0.0
EWR-1,9/24/2025,07:40:00 pm,0,2025-09-24 19:40:00,8.2417,8.267,0.0
EWR-1,9/24/2025,07:50:00 pm,0,2025-09-24 19:50:00,8.2437,8.267,9.999999999994457e-05
EWR-1,9/24/2025,08:00:00 pm,0,2025-09-24 20:00:00,8.2458,8.266,0.0002000000000000668
EWR-1,9/24/2025,08:10:00 pm,0,2025-09-24 20:10:00,8.2475,8.264,0.00019999999999988915
EWR-1,9/24/2025,08:20:00 pm,0,2025-09-24 20:20:00,8.249,8.262,0.00010000000000012221
EWR-1,9/24/2025,08:30:00 pm,0,2025-09-24 20:30:00,8.2502,8.261,0.00019999999999988915
EWR-1,9/24/2025,08:40:00 pm,0,2025-09-24 20:40:00,8.2509,8.259,0.00010000000000012221
EWR-1,9/24/2025,08:50:00 pm,0,2025-09-24 20:50:00,8.2524,8.258,9.999999999994457e-05
EWR-1,9/24/2025,09:00:00 pm,0,2025-09-24 21:00:00,8.2534,8.257,0.0
EWR-1,9/24/2025,09:10:00 pm,0,2025-09-24 21:10:00,8.2549,8.257,9.999999999994457e-05
EWR-1,9/24/2025,09:20:00 pm,0,2025-09-24 21:20:00,8.2565,8.256,9.999999999994457e-05
EWR-1,9/24/2025,09:30:00 pm,0,2025-09-24 21:30:00,8.2576,8.255,0.00010000000000012221
EWR-1,9/24/2025,09:40:00 pm,0,2025-09-24 21:40:00,8.2584,8.254,9.999999999994457e-05
EWR-1,9/24/2025,09:50:00 pm,0,2025-09-24 21:50:00,8.2574,8.253,9.999999999994457e-05
EWR-1,9/24/2025,10:00:00 pm,0,2025-09-24 22:00:00,8.2567,8.252,0.00010000000000012221
EWR-1,9/24/2025,10:10:00 pm,0,2025-09-24 22:10:00,8.2575,8.251,0.00019999999999988915
EWR-1,9/24/2025,10:20:00 pm,0,2025-09-24 22:20:00,8.2578,8.249,0.0002000000000000668
EWR-1,9/24/2025,10:30:00 pm,0,2025-09-24 22:30:00,8.2588,8.247,0.0002000000000000668
EWR-1,9/24/2025,10:40:00 pm,0,2025-09-24 22:40:00,8.2593,8.245,0.0002999999999998337
EWR-1,9/24/2025,10:50:00 pm,0,2025-09-24 22:50:00,8.2591,8.242,0.00030000000000001136
EWR-1,9/24/2025,11:00:00 pm,0,2025-09-24 23:00:00,8.2589,8.239,0.0004000000000001336
EWR-1,9/24/2025,11:10:00 pm,0,2025-09-24 23:10:00,8.258,8.235,0.0004999999999999005
EWR-1,9/24/2025,11:20:00 pm,0,2025-09-24 23:20:00,8.2577,8.23,0.00030000000000001136
EWR-1,9/24/2025,11:30:00 pm,0,2025-09-24 23:30:00,8.2573,8.227,0.0005000000000000782
EWR-1,9/24/2025,11:40:00 pm,0,2025-09-24 23:40:00,8.2575,8.222,0.00039999999999995595
EWR-1,9/24/2025,11:50:00 pm,0,2025-09-24 23:50:00,8.2568,8.218,0.00039999999999995595
EWR-1,9/25/2025,12:00:00 am,0,2025-09-25 00:00:00,8.2565,8.214,0.0005000000000000782
EWR-1,9/25/2025,12:10:00 am,0,2025-09-25 00:10:00,8.2559,8.209,0.0006000000000000227
EWR-1,9/25/2025,12:20:00 am,0,2025-09-25 00:20:00,8.2553,8.203,0.0004999999999999005
EWR-1,9/25/2025,12:30:00 am,0,2025-09-25 00:30:00,8.2552,8.198,0.0006999999999999674
EWR-1,9/25/2025,12:40:00 am,0,2025-09-25 00:40:00,8.2546,8.191,0.0006000000000000227
EWR-1,9/25/2025,12:50:00 am,0,2025-09-25 00:50:00,8.2533,8.185,0.0006999999999999674
EWR-1,9/25/2025,01:00:00 am,0,2025-09-25 01:00:00,8.2529,8.178,0.0006000000000000227
EWR-1,9/25/2025,01:10:00 am,0,2025-09-25 01:10:00,8.2529,8.172,0.000700000000000145
EWR-1,9/25/2025,01:20:00 am,0,2025-09-25 01:20:00,8.2518,8.165,0.0006999999999999674
EWR-1,9/25/2025,01:30:00 am,0,2025-09-25 01:30:00,8.2518,8.158,0.0007999999999999119
EWR-1,9/25/2025,01:40:00 am,0,2025-09-25 01:40:00,8.2523,8.15,0.0006999999999999674
EWR-1,9/25/2025,01:50:00 am,0,2025-09-25 01:50:00,8.2518,8.143,0.000700000000000145
EWR-1,9/25/2025,02:00:00 am,0,2025-09-25 02:00:00,8.2514,8.136,0.0006999999999999674
EWR-1,9/25/2025,02:10:00 am,0,2025-09-25 02:10:00,8.2508,8.129,0.0006999999999999674
EWR-1,9/25/2025,02:20:00 am,0,2025-09-25 02:20:00,8.2515,8.122,0.0006999999999999674
EWR-1,9/25/2025,02:30:00 am,0,2025-09-25 02:30:00,8.2513,8.115,0.0008000000000000895
EWR-1,9/25/2025,02:40:00 am,0,2025-09-25 02:40:00,8.2506,8.107,0.0006999999999999674
EWR-1,9/25/2025,02:50:00 am,0,2025-09-25 02:50:00,8.2498,8.1,0.0006999999999999674
EWR-1,9/25/2025,03:00:00 am,0,2025-09-25 03:00:00,8.2494,8.093,0.0006999999999999674
EWR-1,9/25/2025,03:10:00 am,0,2025-09-25 03:10:00,8.2492,8.086,0.0006000000000000227
EWR-1,9/25/2025,03:20:00 am,0,2025-09-25 03:20:00,8.2485,8.08,0.0005000000000000782
EWR-1,9/25/2025,03:30:00 am,0,2025-09-25 03:30:00,8.2485,8.075,0.00039999999999995595
EWR-1,9/25/2025,03:40:00 am,0,2025-09-25 03:40:00,8.2491,8.071,0.00039999999999995595
EWR-1,9/25/2025,03:50:00 am,0,2025-09-25 03:50:00,8.2494,8.067,0.00039999999999995595
EWR-1,9/25/2025,04:00:00 am,0,2025-09-25 04:00:00,8.2503,8.063,0.0005000000000000782
EWR-1,9/25/2025,04:10:00 am,0,2025-09-25 04:10:00,8.2511,8.058,0.0004999999999999005
EWR-1,9/25/2025,04:20:00 am,0,2025-09-25 04:20:00,8.2509,8.053,0.0004000000000001336
EWR-1,9/25/2025,04:30:00 am,0,2025-09-25 04:30:00,8.2507,8.049,0.00039999999999995595
EWR-1,9/25/2025,04:40:00 am,0,2025-09-25 04:40:00,8.2505,8.045,0.00039999999999995595
EWR-1,9/25/2025,04:50:00 am,0,2025-09-25 04:50:00,8.249,8.041,0.00039999999999995595
EWR-1,9/25/2025,05:00:00 am,0,2025-09-25 05:00:00,8.2489,8.037,0.0002000000000000668
EWR-1,9/25/2025,05:10:00 am,0,2025-09-25 05:10:00,8.2492,8.035,0.00039999999999995595
EWR-1,9/25/2025,05:20:00 am,0,2025-09-25 05:20:00,8.2509,8.031,0.0004000000000001336
EWR-1,9/25/2025,05:30:00 am,0,2025-09-25 05:30:00,8.2519,8.027,0.0004999999999999005
EWR-1,9/25/2025,05:40:00 am,0,2025-09-25 05:40:00,8.2524,8.022,0.00039999999999995595
EWR-1,9/25/2025,05:50:00 am,0,2025-09-25 05:50:00,8.2518,8.018,0.0005000000000000782
EWR-1,9/25/2025,06:00:00 am,0,2025-09-25 06:00:00,8.2512,8.013,0.00039999999999995595
EWR-1,9/25/2025,06:10:00 am,0,2025-09-25 06:10:00,8.2513,8.009,0.0005000000000000782
EWR-1,9/25/2025,06:20:00 am,0,2025-09-25 06:20:00,8.2518,8.004,0.00039999999999995595
EWR-1,9/25/2025,06:30:00 am,0,2025-09-25 06:30:00,8.2516,8.0,0.00039999999999995595
EWR-1,9/25/2025,06:40:00 am,0,2025-09-25 06:40:00,8.2515,7.996,0.0005000000000000782
EWR-1,9/25/2025,06:50:00 am,0,2025-09-25 06:50:00,8.2516,7.991,0.0004999999999999894
EWR-1,9/25/2025,07:00:00 am,0,2025-09-25 07:00:00,8.2515,7.986,0.00039999999999995595
EWR-1,9/25/2025,07:10:00 am,0,2025-09-25 07:10:00,8.2519,7.982,0.0004999999999999894
EWR-1,9/25/2025,07:20:00 am,0,2025-09-25 07:20:00,8.2516,7.977,0.00040000000000004474
EWR-1,9/25/2025,07:30:00 am,0,2025-09-25 07:30:00,8.2528,7.973,0.00039999999999995595
EWR-1,9/25/2025,07:40:00 am,0,2025-09-25 07:40:00,8.254,7.969,0.00030000000000001136
EWR-1,9/25/2025,07:50:00 am,0,2025-09-25 07:50:00,8.2549,7.966,0.00019999999999997797
EWR-1,9/25/2025,08:00:00 am,0,2025-09-25 08:00:00,8.256,7.964,0.0002000000000000668
EWR-1,9/25/2025,08:10:00 am,0,2025-09-25 08:10:00,8.2564,7.962,0.00019999999999997797
EWR-1,9/25/2025,08:20:00 am,0,2025-09-25 08:20:00,8.2566,7.96,0.0001000000000000334
EWR-1,9/25/2025,08:30:00 am,0,2025-09-25 08:30:00,8.2566,7.959,0.00019999999999997797
EWR-1,9/25/2025,08:40:00 am,0,2025-09-25 08:40:00,8.2569,7.957,0.0
EWR-1,9/25/2025,08:50:00 am,0,2025-09-25 08:50:00,8.2565,7.957,9.999999999994457e-05
EWR-1,9/25/2025,09:00:00 am,0,2025-09-25 09:00:00,8.2571,7.956,9.999999999994457e-05
EWR-1,9/25/2025,09:10:00 am,0,2025-09-25 09:10:00,8.2581,7.957,0.0
EWR-1,9/25/2025,09:20:00 am,0,2025-09-25 09:20:00,8.2577,7.957,0.00019999999999997797
EWR-1,9/25/2025,09:30:00 am,0,2025-09-25 09:30:00,8.2582,7.959,0.0002000000000000668
EWR-1,9/25/2025,09:40:00 am,0,2025-09-25 09:40:00,8.2588,7.961,0.00030000000000001136
EWR-1,9/25/2025,09:50:00 am,0,2025-09-25 09:50:00,8.2606,7.964,0.00039999999999995595
EWR-1,9/25/2025,10:00:00 am,0,2025-09-25 10:00:00,8.2613,7.968,0.00040000000000004474
EWR-1,9/25/2025,10:10:00 am,0,2025-09-25 10:10:00,8.2631,7.972,0.0004999999999999894
EWR-1,9/25/2025,10:20:00 am,0,2025-09-25 10:20:00,8.2634,7.977,0.0005999999999999339
EWR-1,9/25/2025,10:30:00 am,0,2025-09-25 10:30:00,8.2632,7.983,0.0005000000000000782
EWR-1,9/25/2025,10:40:00 am,0,2025-09-25 10:40:00,8.2623,7.988,0.0005999999999999339
EWR-1,9/25/2025,10:50:00 am,0,2025-09-25 10:50:00,8.2612,7.994,0.0006000000000000227
EWR-1,9/25/2025,11:00:00 am,0,2025-09-25 11:00:00,8.2606,8.0,0.0006999999999999674
EWR-1,9/25/2025,11:10:00 am,0,2025-09-25 11:10:00,8.2591,8.007,0.0006999999999999674
EWR-1,9/25/2025,11:20:00 am,0,2025-09-25 11:20:00,8.2576,8.014,0.0008000000000000895
EWR-1,9/25/2025,11:30:00 am,0,2025-09-25 11:30:00,8.258,8.022,0.0007999999999999119
EWR-1,9/25/2025,11:40:00 am,0,2025-09-25 11:40:00,8.2566,8.03,0.0009999999999999788
EWR-1,9/25/2025,11:50:00 am,0,2025-09-25 11:50:00,8.2564,8.04,0.0010000000000001564
EWR-1,9/25/2025,12:00:00 pm,0,2025-09-25 12:00:00,8.2561,8.05,0.0009999999999999788
EWR-1,9/25/2025,12:10:00 pm,0,2025-09-25 12:10:00,8.2539,8.06,0.0010999999999999233
EWR-1,9/25/2025,12:20:00 pm,0,2025-09-25 12:20:00,8.2525,8.071,0.0009000000000000341
EWR-1,9/25/2025,12:30:00 pm,0,2025-09-25 12:30:00,8.2518,8.08,0.0009999999999999788
EWR-1,9/25/2025,12:40:00 pm,0,2025-09-25 12:40:00,8.2518,8.09,0.0008000000000000895
EWR-1,9/25/2025,12:50:00 pm,0,2025-09-25 12:50:00,8.2511,8.098,0.0009999999999999788
EWR-1,9/25/2025,01:00:00 pm,0,2025-09-25 13:00:00,8.25,8.108,0.0009999999999999788
EWR-1,9/25/2025,01:10:00 pm,0,2025-09-25 13:10:00,8.2489,8.118,0.0010999999999999233
EWR-1,9/25/2025,01:20:00 pm,0,2025-09-25 13:20:00,8.2471,8.129,0.0012000000000000454
EWR-1,9/25/2025,01:30:00 pm,0,2025-09-25 13:30:00,8.2451,8.141,0.00129999999999999
EWR-1,9/25/2025,01:40:00 pm,0,2025-09-25 13:40:00,8.2429,8.154,0.0015000000000000568
EWR-1,9/25/2025,01:50:00 pm,0,2025-09-25 13:50:00,8.2419,8.169,0.0016000000000000014
EWR-1,9/25/2025,02:00:00 pm,0,2025-09-25 14:00:00,8.2397,8.185,0.0016000000000000014
EWR-1,9/25/2025,02:10:00 pm,0,2025-09-25 14:10:00,8.2379,8.201,0.0014999999999998793
EWR-1,9/25/2025,02:20:00 pm,0,2025-09-25 14:20:00,8.236,8.216,0.0017000000000001237
EWR-1,9/25/2025,02:30:00 pm,0,2025-09-25 14:30:00,8.2347,8.233,0.0014999999999998793
EWR-1,9/25/2025,02:40:00 pm,0,2025-09-25 14:40:00,8.2332,8.248,0.0016000000000000014
EWR-1,9/25/2025,02:50:00 pm,0,2025-09-25 14:50:00,8.2308,8.264,0.0014000000000001123
EWR-1,9/25/2025,03:00:00 pm,0,2025-09-25 15:00:00,8.2293,8.278,0.0014999999999998793
EWR-1,9/25/2025,03:10:00 pm,0,2025-09-25 15:10:00,8.2276,8.293,0.0015000000000000568
EWR-1,9/25/2025,03:20:00 pm,0,2025-09-25 15:20:00,8.2259,8.308,0.0016000000000000014
EWR-1,9/25/2025,03:30:00 pm,0,2025-09-25 15:30:00,8.2243,8.324,0.0015000000000000568
EWR-1,9/25/2025,03:40:00 pm,0,2025-09-25 15:40:00,8.2234,8.339,0.0013999999999999347
EWR-1,9/25/2025,03:50:00 pm,0,2025-09-25 15:50:00,8.2231,8.353,0.00129999999999999
EWR-1,9/25/2025,04:00:00 pm,0,2025-09-25 16:00:00,8.2217,8.366,0.0012000000000000454
EWR-1,9/25/2025,04:10:00 pm,0,2025-09-25 16:10:00,8.2212,8.378,0.0012000000000000454
EWR-1,9/25/2025,04:20:00 pm,0,2025-09-25 16:20:00,8.2213,8.39,0.00129999999999999
EWR-1,9/25/2025,04:30:00 pm,0,2025-09-25 16:30:00,8.2213,8.403,0.0009999999999999788
EWR-1,9/25/2025,04:40:00 pm,0,2025-09-25 16:40:00,8.2202,8.413,0.0009999999999999788
EWR-1,9/25/2025,04:50:00 pm,0,2025-09-25 16:50:00,8.2201,8.423,0.0009000000000000341
EWR-1,9/25/2025,05:00:00 pm,0,2025-09-25 17:00:00,8.2188,8.432,0.0009000000000000341
EWR-1,9/25/2025,05:10:00 pm,0,2025-09-25 17:10:00,8.2187,8.441,0.0007999999999999119
EWR-1,9/25/2025,05:20:00 pm,0,2025-09-25 17:20:00,8.2189,8.449,0.0006999999999999674
EWR-1,9/25/2025,05:30:00 pm,0,2025-09-25 17:30:00,8.2195,8.456,0.0006999999999999674
EWR-1,9/25/2025,05:40:00 pm,0,2025-09-25 17:40:00,8.2196,8.463,0.000700000000000145
EWR-1,9/25/2025,05:50:00 pm,0,2025-09-25 17:50:00,8.2197,8.47,0.0006999999999999674
EWR-1,9/25/2025,06:00:00 pm,0,2025-09-25 18:00:00,8.221,8.477,0.0006999999999999674
EWR-1,9/25/2025,06:10:00 pm,0,2025-09-25 18:10:00,8.2206,8.484,0.0006999999999999674
EWR-1,9/25/2025,06:20:00 pm,0,2025-09-25 18:20:00,8.2208,8.491,0.0006999999999999674
EWR-1,9/25/2025,06:30:00 pm,0,2025-09-25 18:30:00,8.2217,8.498,0.0006000000000000227
EWR-1,9/25/2025,06:40:00 pm,0,2025-09-25 18:40:00,8.2224,8.504,0.0006000000000000227
EWR-1,9/25/2025,06:50:00 pm,0,2025-09-25 18:50:00,8.2231,8.51,0.0005000000000000782
EWR-1,9/25/2025,07:00:00 pm,0,2025-09-25 19:00:00,8.2243,8.515,0.00030000000000001136
EWR-1,9/25/2025,07:10:00 pm,0,2025-09-25 19:10:00,8.2256,8.518,0.00030000000000001136
EWR-1,9/25/2025,07:20:00 pm,0,2025-09-25 19:20:00,8.2261,8.521,9.999999999994457e-05
EWR-1,9/25/2025,07:30:00 pm,0,2025-09-25 19:30:00,8.2258,8.522,9.999999999994457e-05
EWR-1,9/25/2025,07:40:00 pm,0,2025-09-25 19:40:00,8.2265,8.523,0.0
EWR-1,9/25/2025,07:50:00 pm,0,2025-09-25 19:50:00,8.2278,8.523,9.999999999994457e-05
EWR-1,9/25/2025,08:00:00 pm,0,2025-09-25 20:00:00,8.2279,8.522,9.999999999994457e-05
EWR-1,9/25/2025,08:10:00 pm,0,2025-09-25 20:10:00,8.2282,8.521,0.0002000000000000668
EWR-1,9/25/2025,08:20:00 pm,0,2025-09-25 20:20:00,8.2292,8.519,0.0002000000000000668
EWR-1,9/25/2025,08:30:00 pm,0,2025-09-25 20:30:00,8.2302,8.517,0.00019999999999988915
EWR-1,9/25/2025,08:40:00 pm,0,2025-09-25 20:40:00,8.2307,8.515,0.00030000000000001136
EWR-1,9/25/2025,08:50:00 pm,0,2025-09-25 20:50:00,8.2309,8.512,0.00030000000000001136
EWR-1,9/25/2025,09:00:00 pm,0,2025-09-25 21:00:00,8.2318,8.509,0.00039999999999995595
EWR-1,9/25/2025,09:10:00 pm,0,2025-09-25 21:10:00,8.2322,8.505,0.0004000000000001336
EWR-1,9/25/2025,09:20:00 pm,0,2025-09-25 21:20:00,8.2334,8.501,0.0004999999999999005
EWR-1,9/25/2025,09:30:00 pm,0,2025-09-25 21:30:00,8.2343,8.496,0.00039999999999995595
EWR-1,9/25/2025,09:40:00 pm,0,2025-09-25 21:40:00,8.2343,8.492,0.0005000000000000782
EWR-1,9/25/2025,09:50:00 pm,0,2025-09-25 21:50:00,8.2349,8.487,0.0005000000000000782
EWR-1,9/25/2025,10:00:00 pm,0,2025-09-25 22:00:00,8.2354,8.482,0.0005999999999998451
EWR-1,9/25/2025,10:10:00 pm,0,2025-09-25 22:10:00,8.235,8.476,0.0005000000000000782
EWR-1,9/25/2025,10:20:00 pm,0,2025-09-25 22:20:00,8.2349,8.471,0.0006000000000000227
EWR-1,9/25/2025,10:30:00 pm,0,2025-09-25 22:30:00,8.2351,8.465,0.0006000000000000227
EWR-1,9/25/2025,10:40:00 pm,0,2025-09-25 22:40:00,8.2347,8.459,0.0006000000000000227
EWR-1,9/25/2025,10:50:00 pm,0,2025-09-25 22:50:00,8.2353,8.453,0.0006999999999999674
EWR-1,9/25/2025,11:00:00 pm,0,2025-09-25 23:00:00,8.235,8.446,0.0006000000000000227
EWR-1,9/25/2025,11:10:00 pm,0,2025-09-25 23:10:00,8.2349,8.44,0.0006999999999999674
EWR-1,9/25/2025,11:20:00 pm,0,2025-09-25 23:20:00,8.2346,8.433,0.0006999999999999674
EWR-1,9/25/2025,11:30:00 pm,0,2025-09-25 23:30:00,8.2348,8.426,0.0008000000000000895
EWR-1,9/25/2025,11:40:00 pm,0,2025-09-25 23:40:00,8.2354,8.418,0.0007999999999999119
EWR-1,9/25/2025,11:50:00 pm,0,2025-09-25 23:50:00,8.2347,8.41,0.0008000000000000895
EWR-1,9/26/2025,12:00:00 am,0,2025-09-26 00:00:00,8.2353,8.402,0.0006999999999999674
EWR-1,9/26/2025,12:10:00 am,0,2025-09-26 00:10:00,8.235,8.395,0.0006999999999999674
EWR-1,9/26/2025,12:20:00 am,0,2025-09-26 00:20:00,8.2356,8.388,0.0006000000000000227
EWR-1,9/26/2025,12:30:00 am,0,2025-09-26 00:30:00,8.236,8.382,0.0006999999999999674
EWR-1,9/26/2025,12:40:00 am,0,2025-09-26 00:40:00,8.237,8.375,0.0006999999999999674
EWR-1,9/26/2025,12:50:00 am,0,2025-09-26 00:50:00,8.2375,8.368,0.0008000000000000895
EWR-1,9/26/2025,01:00:00 am,0,2025-09-26 01:00:00,8.238,8.36,0.0006999999999999674
EWR-1,9/26/2025,01:10:00 am,0,2025-09-26 01:10:00,8.2375,8.353,0.0007999999999999119
EWR-1,9/26/2025,01:20:00 am,0,2025-09-26 01:20:00,8.2373,8.345,0.000700000000000145
EWR-1,9/26/2025,01:30:00 am,0,2025-09-26 01:30:00,8.2379,8.338,0.0008999999999998564
EWR-1,9/26/2025,01:40:00 am,0,2025-09-26 01:40:00,8.2386,8.329,0.0008000000000000895
EWR-1,9/26/2025,01:50:00 am,0,2025-09-26 01:50:00,8.239,8.321,0.0007999999999999119
EWR-1,9/26/2025,02:00:00 am,0,2025-09-26 02:00:00,8.2391,8.313,0.0009000000000000341
EWR-1,9/26/2025,02:10:00 am,0,2025-09-26 02:10:00,8.2401,8.304,0.0009000000000000341
EWR-1,9/26/2025,02:20:00 am,0,2025-09-26 02:20:00,8.2403,8.295,0.0009000000000000341
EWR-1,9/26/2025,02:30:00 am,0,2025-09-26 02:30:00,8.2411,8.286,0.0006999999999999674
EWR-1,9/26/2025,02:40:00 am,0,2025-09-26 02:40:00,8.2422,8.279,0.0006999999999999674
EWR-1,9/26/2025,02:50:00 am,0,2025-09-26 02:50:00,8.2418,8.272,0.0008000000000000895
EWR-1,9/26/2025,03:00:00 am,0,2025-09-26 03:00:00,8.2417,8.264,0.0006999999999999674
EWR-1,9/26/2025,03:10:00 am,0,2025-09-26 03:10:00,8.2409,8.257,0.0009000000000000341
EWR-1,9/26/2025,03:20:00 am,0,2025-09-26 03:20:00,8.2405,8.248,0.0007999999999999119
EWR-1,9/26/2025,03:30:00 am,0,2025-09-26 03:30:00,8.2412,8.24,0.0009000000000000341
EWR-1,9/26/2025,03:40:00 am,0,2025-09-26 03:40:00,8.2412,8.231,0.0007999999999999119
EWR-1,9/26/2025,03:50:00 am,0,2025-09-26 03:50:00,8.2413,8.223,0.0009000000000000341
EWR-1,9/26/2025,04:00:00 am,0,2025-09-26 04:00:00,8.2402,8.214,0.0008000000000000895
EWR-1,9/26/2025,04:10:00 am,0,2025-09-26 04:10:00,8.2399,8.206,0.0007999999999999119
EWR-1,9/26/2025,04:20:00 am,0,2025-09-26 04:20:00,8.2389,8.198,0.0009000000000000341
EWR-1,9/26/2025,04:30:00 am,0,2025-09-26 04:30:00,8.2376,8.189,0.0009000000000000341
EWR-1,9/26/2025,04:40:00 am,0,2025-09-26 04:40:00,8.2366,8.18,0.0009000000000000341
EWR-1,9/26/2025,04:50:00 am,0,2025-09-26 04:50:00,8.2361,8.171,0.0008999999999998564
EWR-1,9/26/2025,05:00:00 am,0,2025-09-26 05:00:00,8.237,8.162,0.0010000000000001564
EWR-1,9/26/2025,05:10:00 am,0,2025-09-26 05:10:00,8.2365,8.152,0.0009999999999999788
EWR-1,9/26/2025,05:20:00 am,0,2025-09-26 05:20:00,8.2356,8.142,0.0009999999999999788
EWR-1,9/26/2025,05:30:00 am,0,2025-09-26 05:30:00,8.2365,8.132,0.0009000000000000341
EWR-1,9/26/2025,05:40:00 am,0,2025-09-26 05:40:00,8.237,8.123,0.0009999999999999788
EWR-1,9/26/2025,05:50:00 am,0,2025-09-26 05:50:00,8.2376,8.113,0.0009000000000000341
EWR-1,9/26/2025,06:00:00 am,0,2025-09-26 06:00:00,8.2384,8.104,0.0009999999999999788
EWR-1,9/26/2025,06:10:00 am,0,2025-09-26 06:10:00,8.2398,8.094,0.0009999999999999788
EWR-1,9/26/2025,06:20:00 am,0,2025-09-26 06:20:00,8.24,8.084,0.0009999999999999788
EWR-1,9/26/2025,06:30:00 am,0,2025-09-26 06:30:00,8.2416,8.074,0.0010999999999999233
EWR-1,9/26/2025,06:40:00 am,0,2025-09-26 06:40:00,8.2415,8.063,0.0009000000000000341
EWR-1,9/26/2025,06:50:00 am,0,2025-09-26 06:50:00,8.2416,8.054,0.0009999999999999788
EWR-1,9/26/2025,07:00:00 am,0,2025-09-26 07:00:00,8.2421,8.044,0.0009999999999999788
EWR-1,9/26/2025,07:10:00 am,0,2025-09-26 07:10:00,8.2425,8.034,0.0010000000000001564
EWR-1,9/26/2025,07:20:00 am,0,2025-09-26 07:20:00,8.2432,8.024,0.0008999999999998564
EWR-1,9/26/2025,07:30:00 am,0,2025-09-26 07:30:00,8.2442,8.015,0.0009000000000000341
EWR-1,9/26/2025,07:40:00 am,0,2025-09-26 07:40:00,8.2448,8.006,0.0009999999999999788
EWR-1,9/26/2025,07:50:00 am,0,2025-09-26 07:50:00,8.2449,7.996,0.0009000000000000341
EWR-1,9/26/2025,08:00:00 am,0,2025-09-26 08:00:00,8.2464,7.987,0.0006999999999999674
EWR-1,9/26/2025,08:10:00 am,0,2025-09-26 08:10:00,8.246,7.98,0.0006000000000000227
EWR-1,9/26/2025,08:20:00 am,0,2025-09-26 08:20:00,8.2459,7.974,0.0004999999999999894
EWR-1,9/26/2025,08:30:00 am,0,2025-09-26 08:30:00,8.2466,7.969,0.0006000000000000227
EWR-1,9/26/2025,08:40:00 am,0,2025-09-26 08:40:00,8.2468,7.963,0.0004999999999999894
EWR-1,9/26/2025,08:50:00 am,0,2025-09-26 08:50:00,8.2472,7.958,0.0007000000000000562
EWR-1,9/26/2025,09:00:00 am,0,2025-09-26 09:00:00,8.2473,7.951,0.0004999999999999894
EWR-1,9/26/2025,09:10:00 am,0,2025-09-26 09:10:00,8.247,7.946,0.0004999999999999894
EWR-1,9/26/2025,09:20:00 am,0,2025-09-26 09:20:00,8.2471,7.941,0.0006999999999999674
EWR-1,9/26/2025,09:30:00 am,0,2025-09-26 09:30:00,8.246,7.934,0.0004999999999999894
EWR-1,9/26/2025,09:40:00 am,0,2025-09-26 09:40:00,8.2463,7.929,0.00030000000000001136
EWR-1,9/26/2025,09:50:00 am,0,2025-09-26 09:50:00,8.2464,7.926,0.00030000000000001136
EWR-1,9/26/2025,10:00:00 am,0,2025-09-26 10:00:00,8.2473,7.923,0.00040000000000004474
EWR-1,9/26/2025,10:10:00 am,0,2025-09-26 10:10:00,8.2474,7.919,0.00029999999999992256
EWR-1,9/26/2025,10:20:00 am,0,2025-09-26 10:20:00,8.2483,7.916,0.0002000000000000668
EWR-1,9/26/2025,10:30:00 am,0,2025-09-26 10:30:00,8.2486,7.914,9.999999999994457e-05
EWR-1,9/26/2025,10:40:00 am,0,2025-09-26 10:40:00,8.2474,7.913,0.0001000000000000334
EWR-1,9/26/2025,10:50:00 am,0,2025-09-26 10:50:00,8.2472,7.912,0.0001000000000000334
EWR-1,9/26/2025,11:00:00 am,0,2025-09-26 11:00:00,8.2465,7.911,0.00019999999999997797
EWR-1,9/26/2025,11:10:00 am,0,2025-09-26 11:10:00,8.2459,7.909,0.0
EWR-1,9/26/2025,11:20:00 am,0,2025-09-26 11:20:00,8.2451,7.909,0.0
EWR-1,9/26/2025,11:30:00 am,0,2025-09-26 11:30:00,8.2442,7.909,0.00019999999999997797
EWR-1,9/26/2025,11:40:00 am,0,2025-09-26 11:40:00,8.243,7.911,0.0005000000000000782
EWR-1,9/26/2025,11:50:00 am,0,2025-09-26 11:50:00,8.2424,7.916,0.0004999999999999894
EWR-1,9/26/2025,12:00:00 pm,0,2025-09-26 12:00:00,8.242,7.921,0.0004999999999999894
EWR-1,9/26/2025,12:10:00 pm,0,2025-09-26 12:10:00,8.2413,7.926,0.0004999999999999894
EWR-1,9/26/2025,12:20:00 pm,0,2025-09-26 12:20:00,8.2405,7.931,0.0006000000000000227
EWR-1,9/26/2025,12:30:00 pm,0,2025-09-26 12:30:00,8.2395,7.937,0.0008999999999999453
EWR-1,9/26/2025,12:40:00 pm,0,2025-09-26 12:40:00,8.2391,7.946,0.0010000000000000675
EWR-1,9/26/2025,12:50:00 pm,0,2025-09-26 12:50:00,8.2383,7.956,0.0011999999999999567
EWR-1,9/26/2025,01:00:00 pm,0,2025-09-26 13:00:00,8.2371,7.968,0.00129999999999999
EWR-1,9/26/2025,01:10:00 pm,0,2025-09-26 13:10:00,8.2354,7.981,0.0016000000000000014
EWR-1,9/26/2025,01:20:00 pm,0,2025-09-26 13:20:00,8.2339,7.997,0.0018000000000000683
EWR-1,9/26/2025,01:30:00 pm,0,2025-09-26 13:30:00,8.2327,8.015,0.0017999999999998907
EWR-1,9/26/2025,01:40:00 pm,0,2025-09-26 13:40:00,8.2315,8.033,0.0016000000000000014
EWR-1,9/26/2025,01:50:00 pm,0,2025-09-26 13:50:00,8.2294,8.049,0.0015000000000000568
EWR-1,9/26/2025,02:00:00 pm,0,2025-09-26 14:00:00,8.228,8.064,0.0013999999999999347
EWR-1,9/26/2025,02:10:00 pm,0,2025-09-26 14:10:00,8.2263,8.078,0.00129999999999999
EWR-1,9/26/2025,02:20:00 pm,0,2025-09-26 14:20:00,8.2252,8.091,0.0014000000000001123
EWR-1,9/26/2025,02:30:00 pm,0,2025-09-26 14:30:00,8.2232,8.105,0.00129999999999999
EWR-1,9/26/2025,02:40:00 pm,0,2025-09-26 14:40:00,8.2216,8.118,0.00129999999999999
EWR-1,9/26/2025,02:50:00 pm,0,2025-09-26 14:50:00,8.2199,8.131,0.0012000000000000454
EWR-1,9/26/2025,03:00:00 pm,0,2025-09-26 15:00:00,8.2187,8.143,0.00129999999999999
EWR-1,9/26/2025,03:10:00 pm,0,2025-09-26 15:10:00,8.2175,8.156,0.00129999999999999
EWR-1,9/26/2025,03:20:00 pm,0,2025-09-26 15:20:00,8.2172,8.169,0.0013999999999999347
EWR-1,9/26/2025,03:30:00 pm,0,2025-09-26 15:30:00,8.2159,8.183,0.0013999999999999347
EWR-1,9/26/2025,03:40:00 pm,0,2025-09-26 15:40:00,8.2145,8.197,0.0013000000000001678
EWR-1,9/26/2025,03:50:00 pm,0,2025-09-26 15:50:00,8.2139,8.21,0.0011999999999998678
EWR-1,9/26/2025,04:00:00 pm,0,2025-09-26 16:00:00,8.2128,8.222,0.001100000000000101
EWR-1,9/26/2025,04:10:00 pm,0,2025-09-26 16:10:00,8.2124,8.233,0.0010999999999999233
EWR-1,9/26/2025,04:20:00 pm,0,2025-09-26 16:20:00,8.2118,8.244,0.001100000000000101
EWR-1,9/26/2025,04:30:00 pm,0,2025-09-26 16:30:00,8.2117,8.255,0.0011999999999998678
EWR-1,9/26/2025,04:40:00 pm,0,2025-09-26 16:40:00,8.2122,8.267,0.0009999999999999788
EWR-1,9/26/2025,04:50:00 pm,0,2025-09-26 16:50:00,8.212,8.277,0.001100000000000101
EWR-1,9/26/2025,05:00:00 pm,0,2025-09-26 17:00:00,8.2115,8.288,0.0007999999999999119
EWR-1,9/26/2025,05:10:00 pm,0,2025-09-26 17:10:00,8.2114,8.296,0.0006000000000000227
EWR-1,9/26/2025,05:20:00 pm,0,2025-09-26 17:20:00,8.2112,8.302,0.0006999999999999674
EWR-1,9/26/2025,05:30:00 pm,0,2025-09-26 17:30:00,8.2111,8.309,0.0005000000000000782
EWR-1,9/26/2025,05:40:00 pm,0,2025-09-26 17:40:00,8.2106,8.314,0.0005000000000000782
EWR-1,9/26/2025,05:50:00 pm,0,2025-09-26 17:50:00,8.2104,8.319,0.00039999999999995595
EWR-1,9/26/2025,06:00:00 pm,0,2025-09-26 18:00:00,8.2109,8.323,0.00039999999999995595
EWR-1,9/26/2025,06:10:00 pm,0,2025-09-26 18:10:00,8.2114,8.327,0.0002000000000000668
EWR-1,9/26/2025,06:20:00 pm,0,2025-09-26 18:20:00,8.2121,8.329,0.00019999999999988915
EWR-1,9/26/2025,06:30:00 pm,0,2025-09-26 18:30:00,8.213,8.331,0.00010000000000012221
EWR-1,9/26/2025,06:40:00 pm,0,2025-09-26 18:40:00,8.2132,8.332,0.0
EWR-1,9/26/2025,06:50:00 pm,0,2025-09-26 18:50:00,8.2143,8.332,0.00010000000000012221
EWR-1,9/26/2025,07:00:00 pm,0,2025-09-26 19:00:00,8.2154,8.331,9.999999999994457e-05
EWR-1,9/26/2025,07:10:00 pm,0,2025-09-26 19:10:00,8.2163,8.33,9.999999999994457e-05
EWR-1,9/26/2025,07:20:00 pm,0,2025-09-26 19:20:00,8.2164,8.329,0.0004000000000001336
EWR-1,9/26/2025,07:30:00 pm,0,2025-09-26 19:30:00,8.2173,8.325,0.00039999999999995595
EWR-1,9/26/2025,07:40:00 pm,0,2025-09-26 19:40:00,8.2183,8.321,0.00030000000000001136
EWR-1,9/26/2025,07:50:00 pm,0,2025-09-26 19:50:00,8.2198,8.318,0.0004999999999999005
EWR-1,9/26/2025,08:00:00 pm,0,2025-09-26 20:00:00,8.2207,8.313,0.0004000000000001336
EWR-1,9/26/2025,08:10:00 pm,0,2025-09-26 20:10:00,8.221,8.309,0.0004999999999999005
EWR-1,9/26/2025,08:20:00 pm,0,2025-09-26 20:20:00,8.222,8.304,0.0005000000000000782
EWR-1,9/26/2025,08:30:00 pm,0,2025-09-26 20:30:00,8.2232,8.299,0.0006000000000000227
EWR-1,9/26/2025,08:40:00 pm,0,2025-09-26 20:40:00,8.2238,8.293,0.0004999999999999005
EWR-1,9/26/2025,08:50:00 pm,0,2025-09-26 20:50:00,8.2247,8.288,0.0006000000000000227
EWR-1,9/26/2025,09:00:00 pm,0,2025-09-26 21:00:00,8.2261,8.282,0.0006000000000000227
EWR-1,9/26/2025,09:10:00 pm,0,2025-09-26 21:10:00,8.2268,8.276,0.0006000000000000227
EWR-1,9/26/2025,09:20:00 pm,0,2025-09-26 21:20:00,8.2271,8.27,0.0006000000000000227
EWR-1,9/26/2025,09:30:00 pm,0,2025-09-26 21:30:00,8.2276,8.264,0.0006000000000000227
EWR-1,9/26/2025,09:40:00 pm,0,2025-09-26 21:40:00,8.2275,8.258,0.0006999999999999674
EWR-1,9/26/2025,09:50:00 pm,0,2025-09-26 21:50:00,8.2273,8.251,0.0006999999999999674
EWR-1,9/26/2025,10:00:00 pm,0,2025-09-26 22:00:00,8.2283,8.244,0.0006999999999999674
EWR-1,9/26/2025,10:10:00 pm,0,2025-09-26 22:10:00,8.2282,8.237,0.0006000000000000227
EWR-1,9/26/2025,10:20:00 pm,0,2025-09-26 22:20:00,8.2273,8.231,0.0006999999999999674
EWR-1,9/26/2025,10:30:00 pm,0,2025-09-26 22:30:00,8.2274,8.224,0.0009000000000000341
EWR-1,9/26/2025,10:40:00 pm,0,2025-09-26 22:40:00,8.2282,8.215,0.0007999999999999119
EWR-1,9/26/2025,10:50:00 pm,0,2025-09-26 22:50:00,8.2284,8.207,0.000700000000000145
EWR-1,9/26/2025,11:00:00 pm,0,2025-09-26 23:00:00,8.2283,8.2,0.0007999999999999119
EWR-1,9/26/2025,11:10:00 pm,0,2025-09-26 23:10:00,8.228,8.192,0.0008000000000000895
EWR-1,9/26/2025,11:20:00 pm,0,2025-09-26 23:20:00,8.228,8.184,0.0007999999999999119
EWR-1,9/26/2025,11:30:00 pm,0,2025-09-26 23:30:00,8.2282,8.176,0.0008000000000000895
EWR-1,9/26/2025,11:40:00 pm,0,2025-09-26 23:40:00,8.2277,8.168,0.0007999999999999119
EWR-1,9/26/2025,11:50:00 pm,0,2025-09-26 23:50:00,8.2279,8.16,0.0008000000000000895
EWR-1,9/27/2025,12:00:00 am,0,2025-09-27 00:00:00,8.2278,8.152,0.0008999999999998564
EWR-1,9/27/2025,12:10:00 am,0,2025-09-27 00:10:00,8.2274,8.143,0.000700000000000145
EWR-1,9/27/2025,12:20:00 am,0,2025-09-27 00:20:00,8.227,8.136,0.0007999999999999119
EWR-1,9/27/2025,12:30:00 am,0,2025-09-27 00:30:00,8.2269,8.128,0.0008000000000000895
EWR-1,9/27/2025,12:40:00 am,0,2025-09-27 00:40:00,8.2269,8.12,0.0007999999999999119
EWR-1,9/27/2025,12:50:00 am,0,2025-09-27 00:50:00,8.227,8.112,0.0009000000000000341
EWR-1,9/27/2025,01:00:00 am,0,2025-09-27 01:00:00,8.2281,8.103,0.0007999999999999119
EWR-1,9/27/2025,01:10:00 am,0,2025-09-27 01:10:00,8.2283,8.095,0.0008000000000000895
EWR-1,9/27/2025,01:20:00 am,0,2025-09-27 01:20:00,8.2286,8.087,0.0009000000000000341
EWR-1,9/27/2025,01:30:00 am,0,2025-09-27 01:30:00,8.2281,8.078,0.0009999999999999788
EWR-1,9/27/2025,01:40:00 am,0,2025-09-27 01:40:00,8.228,8.068,0.0009999999999999788
EWR-1,9/27/2025,01:50:00 am,0,2025-09-27 01:50:00,8.2277,8.058,0.0007999999999999119
EWR-1,9/27/2025,02:00:00 am,0,2025-09-27 02:00:00,8.2281,8.05,0.0008000000000000895
EWR-1,9/27/2025,02:10:00 am,0,2025-09-27 02:10:00,8.2279,8.042,0.0007999999999999119
EWR-1,9/27/2025,02:20:00 am,0,2025-09-27 02:20:00,8.2273,8.034,0.0009000000000000341
EWR-1,9/27/2025,02:30:00 am,0,2025-09-27 02:30:00,8.2277,8.025,0.0008000000000000895
EWR-1,9/27/2025,02:40:00 am,0,2025-09-27 02:40:00,8.2275,8.017,0.0009000000000000341
EWR-1,9/27/2025,02:50:00 am,0,2025-09-27 02:50:00,8.2264,8.008,0.0008999999999999453
EWR-1,9/27/2025,03:00:00 am,0,2025-09-27 03:00:00,8.2266,7.999,0.0008999999999999453
EWR-1,9/27/2025,03:10:00 am,0,2025-09-27 03:10:00,8.2261,7.99,0.0009000000000000341
EWR-1,9/27/2025,03:20:00 am,0,2025-09-27 03:20:00,8.2257,7.981,0.0008999999999999453
EWR-1,9/27/2025,03:30:00 am,0,2025-09-27 03:30:00,8.2257,7.972,0.0008000000000000007
EWR-1,9/27/2025,03:40:00 am,0,2025-09-27 03:40:00,8.2256,7.964,0.0010000000000000675
EWR-1,9/27/2025,03:50:00 am,0,2025-09-27 03:50:00,8.2247,7.954,0.0008000000000000007
EWR-1,9/27/2025,04:00:00 am,0,2025-09-27 04:00:00,8.2238,7.946,0.0008999999999999453
EWR-1,9/27/2025,04:10:00 am,0,2025-09-27 04:10:00,8.2237,7.937,0.0008000000000000007
EWR-1,9/27/2025,04:20:00 am,0,2025-09-27 04:20:00,8.2238,7.929,0.0010000000000000675
EWR-1,9/27/2025,04:30:00 am,0,2025-09-27 04:30:00,8.2237,7.919,0.0008999999999999453
EWR-1,9/27/2025,04:40:00 am,0,2025-09-27 04:40:00,8.2233,7.91,0.0008000000000000007
EWR-1,9/27/2025,04:50:00 am,0,2025-09-27 04:50:00,8.2226,7.902,0.0009000000000000341
EWR-1,9/27/2025,05:00:00 am,0,2025-09-27 05:00:00,8.2228,7.893,0.0008999999999999453
EWR-1,9/27/2025,05:10:00 am,0,2025-09-27 05:10:00,8.2229,7.884,0.0010000000000000675
EWR-1,9/27/2025,05:20:00 am,0,2025-09-27 05:20:00,8.2225,7.874,0.0008000000000000007
EWR-1,9/27/2025,05:30:00 am,0,2025-09-27 05:30:00,8.2219,7.866,0.0008999999999999453
EWR-1,9/27/2025,05:40:00 am,0,2025-09-27 05:40:00,8.2216,7.857,0.0008000000000000007
EWR-1,9/27/2025,05:50:00 am,0,2025-09-27 05:50:00,8.2216,7.849,0.0009000000000000341
EWR-1,9/27/2025,06:00:00 am,0,2025-09-27 06:00:00,8.2219,7.84,0.0008999999999999453
EWR-1,9/27/2025,06:10:00 am,0,2025-09-27 06:10:00,8.2222,7.831,0.0009000000000000341
EWR-1,9/27/2025,06:20:00 am,0,2025-09-27 06:20:00,8.2228,7.822,0.0009999999999999788
EWR-1,9/27/2025,06:30:00 am,0,2025-09-27 06:30:00,8.2233,7.812,0.0008000000000000007
EWR-1,9/27/2025,06:40:00 am,0,2025-09-27 06:40:00,8.2238,7.804,0.0010000000000000675
EWR-1,9/27/2025,06:50:00 am,0,2025-09-27 06:50:00,8.2239,7.794,0.0008999999999999453
EWR-1,9/27/2025,07:00:00 am,0,2025-09-27 07:00:00,8.2243,7.785,0.0008000000000000007
EWR-1,9/27/2025,07:10:00 am,0,2025-09-27 07:10:00,8.2247,7.777,0.0009000000000000341
EWR-1,9/27/2025,07:20:00 am,0,2025-09-27 07:20:00,8.2252,7.768,0.0006999999999999674
EWR-1,9/27/2025,07:30:00 am,0,2025-09-27 07:30:00,8.2256,7.761,0.0007000000000000562
EWR-1,9/27/2025,07:40:00 am,0,2025-09-27 07:40:00,8.225,7.754,0.0007999999999999119
EWR-1,9/27/2025,07:50:00 am,0,2025-09-27 07:50:00,8.2256,7.746,0.0006000000000000227
EWR-1,9/27/2025,08:00:00 am,0,2025-09-27 08:00:00,8.2259,7.74,0.0006000000000000227
EWR-1,9/27/2025,08:10:00 am,0,2025-09-27 08:10:00,8.2259,7.734,0.0006000000000000227
EWR-1,9/27/2025,08:20:00 am,0,2025-09-27 08:20:00,8.2259,7.728,0.0005999999999999339
EWR-1,9/27/2025,08:30:00 am,0,2025-09-27 08:30:00,8.2259,7.722,0.0006000000000000227
EWR-1,9/27/2025,08:40:00 am,0,2025-09-27 08:40:00,8.2258,7.716,0.00040000000000004474
EWR-1,9/27/2025,08:50:00 am,0,2025-09-27 08:50:00,8.2254,7.712,0.0005999999999999339
EWR-1,9/27/2025,09:00:00 am,0,2025-09-27 09:00:00,8.2245,7.706,0.0005000000000000782
EWR-1,9/27/2025,09:10:00 am,0,2025-09-27 09:10:00,8.2245,7.701,0.0004999999999999894
EWR-1,9/27/2025,09:20:00 am,0,2025-09-27 09:20:00,8.2247,7.696,0.0004999999999999894
EWR-1,9/27/2025,09:30:00 am,0,2025-09-27 09:30:00,8.2248,7.691,0.00039999999999995595
EWR-1,9/27/2025,09:40:00 am,0,2025-09-27 09:40:00,8.2249,7.687,0.0002000000000000668
EWR-1,9/27/2025,09:50:00 am,0,2025-09-27 09:50:00,8.2247,7.685,0.00019999999999997797
EWR-1,9/27/2025,10:00:00 am,0,2025-09-27 10:00:00,8.2241,7.683,0.00019999999999997797
EWR-1,9/27/2025,10:10:00 am,0,2025-09-27 10:10:00,8.2238,7.681,0.00019999999999997797
EWR-1,9/27/2025,10:20:00 am,0,2025-09-27 10:20:00,8.2232,7.679,9.999999999994457e-05
EWR-1,9/27/2025,10:30:00 am,0,2025-09-27 10:30:00,8.2228,7.68,0.0001000000000000334
EWR-1,9/27/2025,10:40:00 am,0,2025-09-27 10:40:00,8.2225,7.681,0.00030000000000001136
EWR-1,9/27/2025,10:50:00 am,0,2025-09-27 10:50:00,8.2213,7.684,9.999999999994457e-05
EWR-1,9/27/2025,11:00:00 am,0,2025-09-27 11:00:00,8.2202,7.685,0.0001000000000000334
EWR-1,9/27/2025,11:10:00 am,0,2025-09-27 11:10:00,8.2194,7.686,0.0
EWR-1,9/27/2025,11:20:00 am,0,2025-09-27 11:20:00,8.2186,7.686,0.0001000000000000334
EWR-1,9/27/2025,11:30:00 am,0,2025-09-27 11:30:00,8.2175,7.687,0.00030000000000001136
EWR-1,9/27/2025,11:40:00 am,0,2025-09-27 11:40:00,8.216,7.69,0.00039999999999995595
EWR-1,9/27/2025,11:50:00 am,0,2025-09-27 11:50:00,8.2142,7.694,0.00040000000000004474
EWR-1,9/27/2025,12:00:00 pm,0,2025-09-27 12:00:00,8.2128,7.698,0.00029999999999992256
EWR-1,9/27/2025,12:10:00 pm,0,2025-09-27 12:10:00,8.2113,7.701,0.00040000000000004474
EWR-1,9/27/2025,12:20:00 pm,0,2025-09-27 12:20:00,8.2101,7.705,0.0004999999999999894
EWR-1,9/27/2025,12:30:00 pm,0,2025-09-27 12:30:00,8.2092,7.71,0.0008000000000000007
EWR-1,9/27/2025,12:40:00 pm,0,2025-09-27 12:40:00,8.2072,7.718,0.0009999999999999788
EWR-1,9/27/2025,12:50:00 pm,0,2025-09-27 12:50:00,8.2046,7.728,0.0012000000000000454
EWR-1,9/27/2025,01:00:00 pm,0,2025-09-27 13:00:00,8.2034,7.74,0.0013999999999999347
EWR-1,9/27/2025,01:10:00 pm,0,2025-09-27 13:10:00,8.2019,7.754,0.0016000000000000014
EWR-1,9/27/2025,01:20:00 pm,0,2025-09-27 13:20:00,8.1998,7.77,0.0019000000000000128
EWR-1,9/27/2025,01:30:00 pm,0,2025-09-27 13:30:00,8.1975,7.789,0.0019000000000000128
EWR-1,9/27/2025,01:40:00 pm,0,2025-09-27 13:40:00,8.1951,7.808,0.0017999999999999794
EWR-1,9/27/2025,01:50:00 pm,0,2025-09-27 13:50:00,8.1933,7.826,0.0016000000000000014
EWR-1,9/27/2025,02:00:00 pm,0,2025-09-27 14:00:00,8.1915,7.842,0.0014000000000000234
EWR-1,9/27/2025,02:10:00 pm,0,2025-09-27 14:10:00,8.1899,7.856,0.0012000000000000454
EWR-1,9/27/2025,02:20:00 pm,0,2025-09-27 14:20:00,8.1884,7.868,0.0009999999999999788
EWR-1,9/27/2025,02:30:00 pm,0,2025-09-27 14:30:00,8.1875,7.878,0.00129999999999999
EWR-1,9/27/2025,02:40:00 pm,0,2025-09-27 14:40:00,8.1864,7.891,0.00129999999999999
EWR-1,9/27/2025,02:50:00 pm,0,2025-09-27 14:50:00,8.1855,7.904,0.00129999999999999
EWR-1,9/27/2025,03:00:00 pm,0,2025-09-27 15:00:00,8.1852,7.917,0.0012000000000000454
EWR-1,9/27/2025,03:10:00 pm,0,2025-09-27 15:10:00,8.184,7.929,0.001100000000000012
EWR-1,9/27/2025,03:20:00 pm,0,2025-09-27 15:20:00,8.1833,7.94,0.0011999999999999567
EWR-1,9/27/2025,03:30:00 pm,0,2025-09-27 15:30:00,8.1835,7.952,0.001100000000000012
EWR-1,9/27/2025,03:40:00 pm,0,2025-09-27 15:40:00,8.183,7.963,0.001100000000000012
EWR-1,9/27/2025,03:50:00 pm,0,2025-09-27 15:50:00,8.1834,7.974,0.001100000000000012
EWR-1,9/27/2025,04:00:00 pm,0,2025-09-27 16:00:00,8.1831,7.985,0.0008999999999999453
EWR-1,9/27/2025,04:10:00 pm,0,2025-09-27 16:10:00,8.1838,7.994,0.0009000000000000341
EWR-1,9/27/2025,04:20:00 pm,0,2025-09-27 16:20:00,8.1835,8.003,0.0007999999999999119
EWR-1,9/27/2025,04:30:00 pm,0,2025-09-27 16:30:00,8.1836,8.011,0.0008000000000000895
EWR-1,9/27/2025,04:40:00 pm,0,2025-09-27 16:40:00,8.1835,8.019,0.0007999999999999119
EWR-1,9/27/2025,04:50:00 pm,0,2025-09-27 16:50:00,8.1836,8.027,0.0008000000000000895
EWR-1,9/27/2025,05:00:00 pm,0,2025-09-27 17:00:00,8.1832,8.035,0.0007999999999999119
EWR-1,9/27/2025,05:10:00 pm,0,2025-09-27 17:10:00,8.1835,8.043,0.000700000000000145
EWR-1,9/27/2025,05:20:00 pm,0,2025-09-27 17:20:00,8.1835,8.05,0.0006999999999999674
EWR-1,9/27/2025,05:30:00 pm,0,2025-09-27 17:30:00,8.1827,8.057,0.0006999999999999674
EWR-1,9/27/2025,05:40:00 pm,0,2025-09-27 17:40:00,8.1833,8.064,0.0006000000000000227
EWR-1,9/27/2025,05:50:00 pm,0,2025-09-27 17:50:00,8.1839,8.07,0.0006000000000000227
EWR-1,9/27/2025,06:00:00 pm,0,2025-09-27 18:00:00,8.1844,8.076,0.0006000000000000227
EWR-1,9/27/2025,06:10:00 pm,0,2025-09-27 18:10:00,8.1856,8.082,0.0004999999999999005
EWR-1,9/27/2025,06:20:00 pm,0,2025-09-27 18:20:00,8.1862,8.087,0.0006000000000000227
EWR-1,9/27/2025,06:30:00 pm,0,2025-09-27 18:30:00,8.1871,8.093,0.0005000000000000782
EWR-1,9/27/2025,06:40:00 pm,0,2025-09-27 18:40:00,8.1881,8.098,0.0004999999999999005
EWR-1,9/27/2025,06:50:00 pm,0,2025-09-27 18:50:00,8.1894,8.103,0.00039999999999995595
EWR-1,9/27/2025,07:00:00 pm,0,2025-09-27 19:00:00,8.1898,8.107,0.00030000000000001136
EWR-1,9/27/2025,07:10:00 pm,0,2025-09-27 19:10:00,8.1911,8.11,0.00030000000000001136
EWR-1,9/27/2025,07:20:00 pm,0,2025-09-27 19:20:00,8.1923,8.113,0.0002000000000000668
EWR-1,9/27/2025,07:30:00 pm,0,2025-09-27 19:30:00,8.1934,8.115,0.0002000000000000668
EWR-1,9/27/2025,07:40:00 pm,0,2025-09-27 19:40:00,8.1946,8.117,0.0002999999999998337
EWR-1,9/27/2025,07:50:00 pm,0,2025-09-27 19:50:00,8.1966,8.12,0.0002000000000000668
EWR-1,9/27/2025,08:00:00 pm,0,2025-09-27 20:00:00,8.1982,8.122,0.0002000000000000668
EWR-1,9/27/2025,08:10:00 pm,0,2025-09-27 20:10:00,8.1995,8.124,0.00030000000000001136
EWR-1,9/27/2025,08:20:00 pm,0,2025-09-27 20:20:00,8.2006,8.127,0.00019999999999988915
EWR-1,9/27/2025,08:30:00 pm,0,2025-09-27 20:30:00,8.2021,8.129,0.0002000000000000668
EWR-1,9/27/2025,08:40:00 pm,0,2025-09-27 20:40:00,8.2029,8.131,0.00019999999999988915
EWR-1,9/27/2025,08:50:00 pm,0,2025-09-27 20:50:00,8.2042,8.133,0.00010000000000012221
EWR-1,9/27/2025,09:00:00 pm,0,2025-09-27 21:00:00,8.2053,8.134,0.00019999999999988915
EWR-1,9/27/2025,09:10:00 pm,0,2025-09-27 21:10:00,8.2063,8.136,0.0002000000000000668
EWR-1,9/27/2025,09:20:00 pm,0,2025-09-27 21:20:00,8.2075,8.138,9.999999999994457e-05
EWR-1,9/27/2025,09:30:00 pm,0,2025-09-27 21:30:00,8.2088,8.139,0.0002000000000000668
EWR-1,9/27/2025,09:40:00 pm,0,2025-09-27 21:40:00,8.2102,8.141,0.0
EWR-1,9/27/2025,09:50:00 pm,0,2025-09-27 21:50:00,8.2117,8.141,9.999999999994457e-05
EWR-1,9/27/2025,10:00:00 pm,0,2025-09-27 22:00:00,8.2125,8.142,0.0
EWR-1,9/27/2025,10:10:00 pm,0,2025-09-27 22:10:00,8.2133,8.142,0.0
EWR-1,9/27/2025,10:20:00 pm,0,2025-09-27 22:20:00,8.2137,8.142,0.00010000000000012221
EWR-1,9/27/2025,10:30:00 pm,0,2025-09-27 22:30:00,8.214,8.143,0.0
EWR-1,9/27/2025,10:40:00 pm,0,2025-09-27 22:40:00,8.2153,8.143,0.00010000000000012221
EWR-1,9/27/2025,10:50:00 pm,0,2025-09-27 22:50:00,8.2159,8.142,9.999999999994457e-05
EWR-1,9/27/2025,11:00:00 pm,0,2025-09-27 23:00:00,8.2157,8.141,9.999999999994457e-05
EWR-1,9/27/2025,11:10:00 pm,0,2025-09-27 23:10:00,8.2162,8.14,0.00030000000000001136
EWR-1,9/27/2025,11:20:00 pm,0,2025-09-27 23:20:00,8.2164,8.137,0.0002000000000000668
EWR-1,9/27/2025,11:30:00 pm,0,2025-09-27 23:30:00,8.2166,8.135,9.999999999994457e-05
EWR-1,9/27/2025,11:40:00 pm,0,2025-09-27 23:40:00,8.2163,8.134,0.00010000000000012221
EWR-1,9/27/2025,11:50:00 pm,0,2025-09-27 23:50:00,8.2163,8.133,9.999999999994457e-05
EWR-1,9/28/2025,12:00:00 am,0,2025-09-28 00:00:00,8.2157,8.132,0.0
EWR-1,9/28/2025,12:10:00 am,0,2025-09-28 00:10:00,8.216,8.132,0.0
EWR-1,9/28/2025,12:20:00 am,0,2025-09-28 00:20:00,8.2148,8.132,9.999999999994457e-05
EWR-1,9/28/2025,12:30:00 am,0,2025-09-28 00:30:00,8.2148,8.133,9.999999999994457e-05
EWR-1,9/28/2025,12:40:00 am,0,2025-09-28 00:40:00,8.2146,8.132,0.0
EWR-1,9/28/2025,12:50:00 am,0,2025-09-28 00:50:00,8.2152,8.132,0.0
EWR-1,9/28/2025,01:00:00 am,0,2025-09-28 01:00:00,8.2151,8.132,9.999999999994457e-05
EWR-1,9/28/2025,01:10:00 am,0,2025-09-28 01:10:00,8.2163,8.131,9.999999999994457e-05
EWR-1,9/28/2025,01:20:00 am,0,2025-09-28 01:20:00,8.2156,8.13,0.00010000000000012221
EWR-1,9/28/2025,01:30:00 am,0,2025-09-28 01:30:00,8.2152,8.129,9.999999999994457e-05
EWR-1,9/28/2025,01:40:00 am,0,2025-09-28 01:40:00,8.2155,8.128,0.0002000000000000668
EWR-1,9/28/2025,01:50:00 am,0,2025-09-28 01:50:00,8.216,8.126,0.00019999999999988915
EWR-1,9/28/2025,02:00:00 am,0,2025-09-28 02:00:00,8.2163,8.124,0.0002000000000000668
EWR-1,9/28/2025,02:10:00 am,0,2025-09-28 02:10:00,8.2169,8.122,0.00039999999999995595
EWR-1,9/28/2025,02:20:00 am,0,2025-09-28 02:20:00,8.2162,8.118,0.00039999999999995595
EWR-1,9/28/2025,02:30:00 am,0,2025-09-28 02:30:00,8.2165,8.114,0.0004000000000001336
EWR-1,9/28/2025,02:40:00 am,0,2025-09-28 02:40:00,8.2168,8.11,0.0006000000000000227
EWR-1,9/28/2025,02:50:00 am,0,2025-09-28 02:50:00,8.2164,8.104,0.0004999999999999005
EWR-1,9/28/2025,03:00:00 am,0,2025-09-28 03:00:00,8.2163,8.099,0.0006000000000000227
EWR-1,9/28/2025,03:10:00 am,0,2025-09-28 03:10:00,8.216,8.093,0.0006000000000000227
EWR-1,9/28/2025,03:20:00 am,0,2025-09-28 03:20:00,8.2165,8.087,0.0004999999999999005
EWR-1,9/28/2025,03:30:00 am,0,2025-09-28 03:30:00,8.2163,8.082,0.0006000000000000227
EWR-1,9/28/2025,03:40:00 am,0,2025-09-28 03:40:00,8.2166,8.076,0.0006000000000000227
EWR-1,9/28/2025,03:50:00 am,0,2025-09-28 03:50:00,8.2164,8.07,0.0005000000000000782
EWR-1,9/28/2025,04:00:00 am,0,2025-09-28 04:00:00,8.2167,8.065,0.0006000000000000227
EWR-1,9/28/2025,04:10:00 am,0,2025-09-28 04:10:00,8.2158,8.059,0.0004999999999999005
EWR-1,9/28/2025,04:20:00 am,0,2025-09-28 04:20:00,8.2157,8.054,0.0006000000000000227
EWR-1,9/28/2025,04:30:00 am,0,2025-09-28 04:30:00,8.216,8.048,0.0006000000000000227
EWR-1,9/28/2025,04:40:00 am,0,2025-09-28 04:40:00,8.216,8.042,0.0004999999999999005
EWR-1,9/28/2025,04:50:00 am,0,2025-09-28 04:50:00,8.2151,8.037,0.0006000000000000227
EWR-1,9/28/2025,05:00:00 am,0,2025-09-28 05:00:00,8.216,8.031,0.0006000000000000227
EWR-1,9/28/2025,05:10:00 am,0,2025-09-28 05:10:00,8.2165,8.025,0.0006999999999999674
EWR-1,9/28/2025,05:20:00 am,0,2025-09-28 05:20:00,8.2167,8.018,0.0005000000000000782
EWR-1,9/28/2025,05:30:00 am,0,2025-09-28 05:30:00,8.2182,8.013,0.0007999999999999119
EWR-1,9/28/2025,05:40:00 am,0,2025-09-28 05:40:00,8.2189,8.005,0.0007000000000000562
EWR-1,9/28/2025,05:50:00 am,0,2025-09-28 05:50:00,8.2192,7.998,0.0007000000000000562
EWR-1,9/28/2025,06:00:00 am,0,2025-09-28 06:00:00,8.2202,7.991,0.0005999999999999339
EWR-1,9/28/2025,06:10:00 am,0,2025-09-28 06:10:00,8.2218,7.985,0.0007000000000000562
EWR-1,9/28/2025,06:20:00 am,0,2025-09-28 06:20:00,8.2225,7.978,0.0005999999999999339
EWR-1,9/28/2025,06:30:00 am,0,2025-09-28 06:30:00,8.2229,7.972,0.0006000000000000227
EWR-1,9/28/2025,06:40:00 am,0,2025-09-28 06:40:00,8.2236,7.966,0.0007000000000000562
EWR-1,9/28/2025,06:50:00 am,0,2025-09-28 06:50:00,8.2246,7.959,0.0004999999999999894
EWR-1,9/28/2025,07:00:00 am,0,2025-09-28 07:00:00,8.2251,7.954,0.0005999999999999339
EWR-1,9/28/2025,07:10:00 am,0,2025-09-28 07:10:00,8.2249,7.948,0.0005000000000000782
EWR-1,9/28/2025,07:20:00 am,0,2025-09-28 07:20:00,8.226,7.943,0.0005999999999999339
EWR-1,9/28/2025,07:30:00 am,0,2025-09-28 07:30:00,8.2273,7.937,0.00030000000000001136
EWR-1,9/28/2025,07:40:00 am,0,2025-09-28 07:40:00,8.2287,7.934,0.00040000000000004474
EWR-1,9/28/2025,07:50:00 am,0,2025-09-28 07:50:00,8.2291,7.93,0.00019999999999997797
EWR-1,9/28/2025,08:00:00 am,0,2025-09-28 08:00:00,8.2299,7.928,0.00030000000000001136
EWR-1,9/28/2025,08:10:00 am,0,2025-09-28 08:10:00,8.2296,7.925,9.999999999994457e-05
EWR-1,9/28/2025,08:20:00 am,0,2025-09-28 08:20:00,8.2305,7.924,0.0001000000000000334
EWR-1,9/28/2025,08:30:00 am,0,2025-09-28 08:30:00,8.2311,7.923,0.0
EWR-1,9/28/2025,08:40:00 am,0,2025-09-28 08:40:00,8.2318,7.923,0.0
EWR-1,9/28/2025,08:50:00 am,0,2025-09-28 08:50:00,8.2324,7.923,0.0
EWR-1,9/28/2025,09:00:00 am,0,2025-09-28 09:00:00,8.2334,7.923,0.0001000000000000334
EWR-1,9/28/2025,09:10:00 am,0,2025-09-28 09:10:00,8.2338,7.924,0.00019999999999997797
EWR-1,9/28/2025,09:20:00 am,0,2025-09-28 09:20:00,8.2342,7.926,0.00019999999999997797
EWR-1,9/28/2025,09:30:00 am,0,2025-09-28 09:30:00,8.2353,7.928,0.00019999999999997797
EWR-1,9/28/2025,09:40:00 am,0,2025-09-28 09:40:00,8.2356,7.93,0.00030000000000001136
EWR-1,9/28/2025,09:50:00 am,0,2025-09-28 09:50:00,8.2361,7.933,0.00030000000000001136
EWR-1,9/28/2025,10:00:00 am,0,2025-09-28 10:00:00,8.2357,7.936,0.00019999999999997797
EWR-1,9/28/2025,10:10:00 am,0,2025-09-28 10:10:00,8.2355,7.938,0.00030000000000001136
EWR-1,9/28/2025,10:20:00 am,0,2025-09-28 10:20:00,8.2359,7.941,0.00030000000000001136
EWR-1,9/28/2025,10:30:00 am,0,2025-09-28 10:30:00,8.2359,7.944,0.00019999999999997797
EWR-1,9/28/2025,10:40:00 am,0,2025-09-28 10:40:00,8.2359,7.946,0.00030000000000001136
EWR-1,9/28/2025,10:50:00 am,0,2025-09-28 10:50:00,8.2365,7.949,0.00030000000000001136
EWR-1,9/28/2025,11:00:00 am,0,2025-09-28 11:00:00,8.2362,7.952,0.00040000000000004474
EWR-1,9/28/2025,11:10:00 am,0,2025-09-28 11:10:00,8.2363,7.956,0.00039999999999995595
EWR-1,9/28/2025,11:20:00 am,0,2025-09-28 11:20:00,8.2369,7.96,0.0004999999999999894
EWR-1,9/28/2025,11:30:00 am,0,2025-09-28 11:30:00,8.236,7.965,0.0007000000000000562
EWR-1,9/28/2025,11:40:00 am,0,2025-09-28 11:40:00,8.2355,7.972,0.0008000000000000007
EWR-1,9/28/2025,11:50:00 am,0,2025-09-28 11:50:00,8.2361,7.98,0.0008000000000000007
EWR-1,9/28/2025,12:00:00 pm,0,2025-09-28 12:00:00,8.2356,7.988,0.0008000000000000007
EWR-1,9/28/2025,12:10:00 pm,0,2025-09-28 12:10:00,8.2348,7.996,0.0007999999999999119
EWR-1,9/28/2025,12:20:00 pm,0,2025-09-28 12:20:00,8.2332,8.004,0.0009999999999999788
EWR-1,9/28/2025,12:30:00 pm,0,2025-09-28 12:30:00,8.2315,8.014,0.001100000000000101
EWR-1,9/28/2025,12:40:00 pm,0,2025-09-28 12:40:00,8.231,8.025,0.00129999999999999
EWR-1,9/28/2025,12:50:00 pm,0,2025-09-28 12:50:00,8.2312,8.038,0.00129999999999999
EWR-1,9/28/2025,01:00:00 pm,0,2025-09-28 13:00:00,8.2299,8.051,0.0015000000000000568
EWR-1,9/28/2025,01:10:00 pm,0,2025-09-28 13:10:00,8.2281,8.066,0.001699999999999946
EWR-1,9/28/2025,01:20:00 pm,0,2025-09-28 13:20:00,8.2267,8.083,0.0019999999999999575
EWR-1,9/28/2025,01:30:00 pm,0,2025-09-28 13:30:00,8.2251,8.103,0.0019000000000000128
EWR-1,9/28/2025,01:40:00 pm,0,2025-09-28 13:40:00,8.223,8.122,0.0019000000000000128
EWR-1,9/28/2025,01:50:00 pm,0,2025-09-28 13:50:00,8.2223,8.141,0.0016000000000000014
EWR-1,9/28/2025,02:00:00 pm,0,2025-09-28 14:00:00,8.2215,8.157,0.0015000000000000568
EWR-1,9/28/2025,02:10:00 pm,0,2025-09-28 14:10:00,8.221,8.172,0.0014999999999998793
EWR-1,9/28/2025,02:20:00 pm,0,2025-09-28 14:20:00,8.2209,8.187,0.0014000000000001123
EWR-1,9/28/2025,02:30:00 pm,0,2025-09-28 14:30:00,8.2191,8.201,0.0014999999999998793
EWR-1,9/28/2025,02:40:00 pm,0,2025-09-28 14:40:00,8.2182,8.216,0.0014000000000001123
EWR-1,9/28/2025,02:50:00 pm,0,2025-09-28 14:50:00,8.2176,8.23,0.00129999999999999
EWR-1,9/28/2025,03:00:00 pm,0,2025-09-28 15:00:00,8.2166,8.243,0.00129999999999999
EWR-1,9/28/2025,03:10:00 pm,0,2025-09-28 15:10:00,8.215,8.256,0.00129999999999999
EWR-1,9/28/2025,03:20:00 pm,0,2025-09-28 15:20:00,8.2153,8.269,0.0013999999999999347
EWR-1,9/28/2025,03:30:00 pm,0,2025-09-28 15:30:00,8.2142,8.283,0.00129999999999999
EWR-1,9/28/2025,03:40:00 pm,0,2025-09-28 15:40:00,8.2147,8.296,0.00129999999999999
EWR-1,9/28/2025,03:50:00 pm,0,2025-09-28 15:50:00,8.2155,8.309,0.00129999999999999
EWR-1,9/28/2025,04:00:00 pm,0,2025-09-28 16:00:00,8.2152,8.322,0.001100000000000101
EWR-1,9/28/2025,04:10:00 pm,0,2025-09-28 16:10:00,8.2149,8.333,0.0012000000000000454
EWR-1,9/28/2025,04:20:00 pm,0,2025-09-28 16:20:00,8.2148,8.345,0.0010999999999999233
EWR-1,9/28/2025,04:30:00 pm,0,2025-09-28 16:30:00,8.2148,8.356,0.0009999999999999788
EWR-1,9/28/2025,04:40:00 pm,0,2025-09-28 16:40:00,8.2145,8.366,0.0009999999999999788
EWR-1,9/28/2025,04:50:00 pm,0,2025-09-28 16:50:00,8.2144,8.376,0.0009000000000000341
EWR-1,9/28/2025,05:00:00 pm,0,2025-09-28 17:00:00,8.2138,8.385,0.0006999999999999674
EWR-1,9/28/2025,05:10:00 pm,0,2025-09-28 17:10:00,8.2149,8.392,0.0006000000000000227
EWR-1,9/28/2025,05:20:00 pm,0,2025-09-28 17:20:00,8.2152,8.398,0.0005000000000000782
EWR-1,9/28/2025,05:30:00 pm,0,2025-09-28 17:30:00,8.2163,8.403,0.00039999999999995595
EWR-1,9/28/2025,05:40:00 pm,0,2025-09-28 17:40:00,8.2162,8.407,0.00039999999999995595
EWR-1,9/28/2025,05:50:00 pm,0,2025-09-28 17:50:00,8.2164,8.411,0.00030000000000001136
EWR-1,9/28/2025,06:00:00 pm,0,2025-09-28 18:00:00,8.2165,8.414,0.00030000000000001136
EWR-1,9/28/2025,06:10:00 pm,0,2025-09-28 18:10:00,8.2167,8.417,0.0002000000000000668
EWR-1,9/28/2025,06:20:00 pm,0,2025-09-28 18:20:00,8.2171,8.419,9.999999999994457e-05
EWR-1,9/28/2025,06:30:00 pm,0,2025-09-28 18:30:00,8.2172,8.42,0.0002000000000000668
EWR-1,9/28/2025,06:40:00 pm,0,2025-09-28 18:40:00,8.2178,8.422,9.999999999994457e-05
EWR-1,9/28/2025,06:50:00 pm,0,2025-09-28 18:50:00,8.2184,8.423,0.0
EWR-1,9/28/2025,07:00:00 pm,0,2025-09-28 19:00:00,8.2195,8.423,0.0
EWR-1,9/28/2025,07:10:00 pm,0,2025-09-28 19:10:00,8.2201,8.423,9.999999999994457e-05
EWR-1,9/28/2025,07:20:00 pm,0,2025-09-28 19:20:00,8.2205,8.422,0.00010000000000012221
EWR-1,9/28/2025,07:30:00 pm,0,2025-09-28 19:30:00,8.2213,8.421,0.00019999999999988915
EWR-1,9/28/2025,07:40:00 pm,0,2025-09-28 19:40:00,8.2221,8.419,0.00010000000000012221
EWR-1,9/28/2025,07:50:00 pm,0,2025-09-28 19:50:00,8.2232,8.418,0.00019999999999988915
EWR-1,9/28/2025,08:00:00 pm,0,2025-09-28 20:00:00,8.2236,8.416,0.0002000000000000668
EWR-1,9/28/2025,08:10:00 pm,0,2025-09-28 20:10:00,8.2254,8.414,9.999999999994457e-05
EWR-1,9/28/2025,08:20:00 pm,0,2025-09-28 20:20:00,8.2258,8.413,0.0002000000000000668
EWR-1,9/28/2025,08:30:00 pm,0,2025-09-28 20:30:00,8.226,8.411,9.999999999994457e-05
EWR-1,9/28/2025,08:40:00 pm,0,2025-09-28 20:40:00,8.227,8.41,0.0
EWR-1,9/28/2025,08:50:00 pm,0,2025-09-28 20:50:00,8.2271,8.41,9.999999999994457e-05
EWR-1,9/28/2025,09:00:00 pm,0,2025-09-28 21:00:00,8.228,8.409,0.00010000000000012221
EWR-1,9/28/2025,09:10:00 pm,0,2025-09-28 21:10:00,8.2291,8.408,0.0
EWR-1,9/28/2025,09:20:00 pm,0,2025-09-28 21:20:00,8.2302,8.408,0.0
EWR-1,9/28/2025,09:30:00 pm,0,2025-09-28 21:30:00,8.2311,8.408,0.0
EWR-1,9/28/2025,09:40:00 pm,0,2025-09-28 21:40:00,8.2309,8.408,0.0
EWR-1,9/28/2025,09:50:00 pm,0,2025-09-28 21:50:00,8.2308,8.408,0.0
EWR-1,9/28/2025,10:00:00 pm,0,2025-09-28 22:00:00,8.2302,8.408,0.00010000000000012221
EWR-1,9/28/2025,10:10:00 pm,0,2025-09-28 22:10:00,8.2306,8.409,0.0
EWR-1,9/28/2025,10:20:00 pm,0,2025-09-28 22:20:00,8.2302,8.409,0.0
EWR-1,9/28/2025,10:30:00 pm,0,2025-09-28 22:30:00,8.2309,8.409,0.0
EWR-1,9/28/2025,10:40:00 pm,0,2025-09-28 22:40:00,8.2309,8.409,0.0
EWR-1,9/28/2025,10:50:00 pm,0,2025-09-28 22:50:00,8.2302,8.409,0.0
EWR-1,9/28/2025,11:00:00 pm,0,2025-09-28 23:00:00,8.2308,8.409,0.00010000000000012221
EWR-1,9/28/2025,11:10:00 pm,0,2025-09-28 23:10:00,8.2298,8.408,0.0
EWR-1,9/28/2025,11:20:00 pm,0,2025-09-28 23:20:00,8.2303,8.408,9.999999999994457e-05
EWR-1,9/28/2025,11:30:00 pm,0,2025-09-28 23:30:00,8.2302,8.407,0.0
EWR-1,9/28/2025,11:40:00 pm,0,2025-09-28 23:40:00,8.2291,8.407,0.0
EWR-1,9/28/2025,11:50:00 pm,0,2025-09-28 23:50:00,8.2284,8.407,9.999999999994457e-05
EWR-1,9/29/2025,12:00:00 am,0,2025-09-29 00:00:00,8.2271,8.406,0.0
EWR-1,9/29/2025,12:10:00 am,0,2025-09-29 00:10:00,8.2271,8.406,9.999999999994457e-05
EWR-1,9/29/2025,12:20:00 am,0,2025-09-29 00:20:00,8.2269,8.407,0.0
EWR-1,9/29/2025,12:30:00 am,0,2025-09-29 00:30:00,8.2269,8.407,0.0
EWR-1,9/29/2025,12:40:00 am,0,2025-09-29 00:40:00,8.2265,8.407,0.0
EWR-1,9/29/2025,12:50:00 am,0,2025-09-29 00:50:00,8.2259,8.407,0.0
EWR-1,9/29/2025,01:00:00 am,0,2025-09-29 01:00:00,8.2254,8.407,9.999999999994457e-05
EWR-1,9/29/2025,01:10:00 am,0,2025-09-29 01:10:00,8.2245,8.406,0.00010000000000012221
EWR-1,9/29/2025,01:20:00 am,0,2025-09-29 01:20:00,8.2248,8.405,0.00019999999999988915
EWR-1,9/29/2025,01:30:00 am,0,2025-09-29 01:30:00,8.2233,8.403,0.00010000000000012221
EWR-1,9/29/2025,01:40:00 am,0,2025-09-29 01:40:00,8.2226,8.402,0.00030000000000001136
EWR-1,9/29/2025,01:50:00 am,0,2025-09-29 01:50:00,8.2223,8.399,9.999999999994457e-05
EWR-1,9/29/2025,02:00:00 am,0,2025-09-29 02:00:00,8.2224,8.398,0.00019999999999988915
EWR-1,9/29/2025,02:10:00 am,0,2025-09-29 02:10:00,8.2217,8.396,0.0002000000000000668
EWR-1,9/29/2025,02:20:00 am,0,2025-09-29 02:20:00,8.2213,8.394,9.999999999994457e-05
EWR-1,9/29/2025,02:30:00 am,0,2025-09-29 02:30:00,8.2209,8.393,0.00010000000000012221
EWR-1,9/29/2025,02:40:00 am,0,2025-09-29 02:40:00,8.2196,8.392,0.00019999999999988915
EWR-1,9/29/2025,02:50:00 am,0,2025-09-29 02:50:00,8.2195,8.39,0.00010000000000012221
EWR-1,9/29/2025,03:00:00 am,0,2025-09-29 03:00:00,8.2187,8.389,0.00019999999999988915
EWR-1,9/29/2025,03:10:00 am,0,2025-09-29 03:10:00,8.2181,8.387,0.00010000000000012221
EWR-1,9/29/2025,03:20:00 am,0,2025-09-29 03:20:00,8.2172,8.386,0.0
EWR-1,9/29/2025,03:30:00 am,0,2025-09-29 03:30:00,8.2168,8.386,9.999999999994457e-05
EWR-1,9/29/2025,03:40:00 am,0,2025-09-29 03:40:00,8.2175,8.385,9.999999999994457e-05
EWR-1,9/29/2025,03:50:00 am,0,2025-09-29 03:50:00,8.2172,8.384,0.0002000000000000668
EWR-1,9/29/2025,04:00:00 am,0,2025-09-29 04:00:00,8.2175,8.382,9.999999999994457e-05
EWR-1,9/29/2025,04:10:00 am,0,2025-09-29 04:10:00,8.2172,8.381,0.0
EWR-1,9/29/2025,04:20:00 am,0,2025-09-29 04:20:00,8.2168,8.381,9.999999999994457e-05
EWR-1,9/29/2025,04:30:00 am,0,2025-09-29 04:30:00,8.2176,8.38,0.00010000000000012221
EWR-1,9/29/2025,04:40:00 am,0,2025-09-29 04:40:00,8.217,8.379,9.999999999994457e-05
EWR-1,9/29/2025,04:50:00 am,0,2025-09-29 04:50:00,8.2172,8.378,0.0
EWR-1,9/29/2025,05:00:00 am,0,2025-09-29 05:00:00,8.2173,8.378,9.999999999994457e-05
EWR-1,9/29/2025,05:10:00 am,0,2025-09-29 05:10:00,8.2184,8.377,0.0002000000000000668
EWR-1,9/29/2025,05:20:00 am,0,2025-09-29 05:20:00,8.2186,8.375,0.0
EWR-1,9/29/2025,05:30:00 am,0,2025-09-29 05:30:00,8.2191,8.375,9.999999999994457e-05
EWR-1,9/29/2025,05:40:00 am,0,2025-09-29 05:40:00,8.2196,8.374,0.00010000000000012221
EWR-1,9/29/2025,05:50:00 am,0,2025-09-29 05:50:00,8.219,8.373,0.0
EWR-1,9/29/2025,06:00:00 am,0,2025-09-29 06:00:00,8.2192,8.373,0.0
EWR-1,9/29/2025,06:10:00 am,0,2025-09-29 06:10:00,8.2192,8.373,0.00010000000000012221
EWR-1,9/29/2025,06:20:00 am,0,2025-09-29 06:20:00,8.2192,8.374,9.999999999994457e-05
EWR-1,9/29/2025,06:30:00 am,0,2025-09-29 06:30:00,8.219,8.375,9.999999999994457e-05
EWR-1,9/29/2025,06:40:00 am,0,2025-09-29 06:40:00,8.2197,8.376,0.00010000000000012221
EWR-1,9/29/2025,06:50:00 am,0,2025-09-29 06:50:00,8.2194,8.377,9.999999999994457e-05
EWR-1,9/29/2025,07:00:00 am,0,2025-09-29 07:00:00,8.2204,8.378,9.999999999994457e-05
EWR-1,9/29/2025,07:10:00 am,0,2025-09-29 07:10:00,8.2213,8.379,0.00010000000000012221
EWR-1,9/29/2025,07:20:00 am,0,2025-09-29 07:20:00,8.2218,8.38,9.999999999994457e-05
EWR-1,9/29/2025,07:30:00 am,0,2025-09-29 07:30:00,8.2223,8.381,9.999999999994457e-05
EWR-1,9/29/2025,07:40:00 am,0,2025-09-29 07:40:00,8.2224,8.382,9.999999999994457e-05
EWR-1,9/29/2025,07:50:00 am,0,2025-09-29 07:50:00,8.2229,8.383,0.0002000000000000668
EWR-1,9/29/2025,08:00:00 am,0,2025-09-29 08:00:00,8.2239,8.385,9.999999999994457e-05
EWR-1,9/29/2025,08:10:00 am,0,2025-09-29 08:10:00,8.2241,8.386,0.00010000000000012221
EWR-1,9/29/2025,08:20:00 am,0,2025-09-29 08:20:00,8.224,8.387,0.00019999999999988915
EWR-1,9/29/2025,08:30:00 am,0,2025-09-29 08:30:00,8.2243,8.389,0.00010000000000012221
EWR-1,9/29/2025,08:40:00 am,0,2025-09-29 08:40:00,8.2237,8.39,0.00019999999999988915
EWR-1,9/29/2025,08:50:00 am,0,2025-09-29 08:50:00,8.2242,8.392,0.0002000000000000668
EWR-1,9/29/2025,09:00:00 am,0,2025-09-29 09:00:00,8.2248,8.394,0.00030000000000001136
EWR-1,9/29/2025,09:10:00 am,0,2025-09-29 09:10:00,8.2245,8.397,0.00030000000000001136
EWR-1,9/29/2025,09:20:00 am,0,2025-09-29 09:20:00,8.2243,8.4,0.00030000000000001136
EWR-1,9/29/2025,09:30:00 am,0,2025-09-29 09:30:00,8.2245,8.403,0.00039999999999995595
EWR-1,9/29/2025,09:40:00 am,0,2025-09-29 09:40:00,8.2243,8.407,0.00039999999999995595
EWR-1,9/29/2025,09:50:00 am,0,2025-09-29 09:50:00,8.2247,8.411,0.00039999999999995595
EWR-1,9/29/2025,10:00:00 am,0,2025-09-29 10:00:00,8.2242,8.415,0.0004000000000001336
EWR-1,9/29/2025,10:10:00 am,0,2025-09-29 10:10:00,8.2242,8.419,0.00039999999999995595
EWR-1,9/29/2025,10:20:00 am,0,2025-09-29 10:20:00,8.2234,8.423,0.0005000000000000782
EWR-1,9/29/2025,10:30:00 am,0,2025-09-29 10:30:00,8.2232,8.428,0.0004999999999999005
EWR-1,9/29/2025,10:40:00 am,0,2025-09-29 10:40:00,8.2231,8.433,0.0006000000000000227
EWR-1,9/29/2025,10:50:00 am,0,2025-09-29 10:50:00,8.2232,8.439,0.0006999999999999674
EWR-1,9/29/2025,11:00:00 am,0,2025-09-29 11:00:00,8.2224,8.446,0.0006999999999999674
EWR-1,9/29/2025,11:10:00 am,0,2025-09-29 11:10:00,8.2218,8.453,0.000700000000000145
EWR-1,9/29/2025,11:20:00 am,0,2025-09-29 11:20:00,8.222,8.46,0.0007999999999999119
EWR-1,9/29/2025,11:30:00 am,0,2025-09-29 11:30:00,8.2223,8.468,0.0006999999999999674
EWR-1,9/29/2025,11:40:00 am,0,2025-09-29 11:40:00,8.2226,8.475,0.0006999999999999674
EWR-1,9/29/2025,11:50:00 am,0,2025-09-29 11:50:00,8.222,8.482,0.0008000000000000895
EWR-1,9/29/2025,12:00:00 pm,0,2025-09-29 12:00:00,8.2214,8.49,0.0007999999999999119
EWR-1,9/29/2025,12:10:00 pm,0,2025-09-29 12:10:00,8.22,8.498,0.0008000000000000895
EWR-1,9/29/2025,12:20:00 pm,0,2025-09-29 12:20:00,8.2183,8.506,0.0009999999999999788
EWR-1,9/29/2025,12:30:00 pm,0,2025-09-29 12:30:00,8.2181,8.516,0.0009000000000000341
EWR-1,9/29/2025,12:40:00 pm,0,2025-09-29 12:40:00,8.2172,8.525,0.0009000000000000341
EWR-1,9/29/2025,12:50:00 pm,0,2025-09-29 12:50:00,8.2172,8.534,0.0008999999999998564
EWR-1,9/29/2025,01:00:00 pm,0,2025-09-29 13:00:00,8.2161,8.543,0.0010000000000001564
EWR-1,9/29/2025,01:10:00 pm,0,2025-09-29 13:10:00,8.214,8.553,0.0009999999999999788
EWR-1,9/29/2025,01:20:00 pm,0,2025-09-29 13:20:00,8.2132,8.563,0.0009999999999999788
EWR-1,9/29/2025,01:30:00 pm,0,2025-09-29 13:30:00,8.2131,8.573,0.0009000000000000341
EWR-1,9/29/2025,01:40:00 pm,0,2025-09-29 13:40:00,8.2121,8.582,0.0007999999999999119
EWR-1,9/29/2025,01:50:00 pm,0,2025-09-29 13:50:00,8.2107,8.59,0.0008000000000000895
EWR-1,9/29/2025,02:00:00 pm,0,2025-09-29 14:00:00,8.2102,8.598,0.0008999999999998564
EWR-1,9/29/2025,02:10:00 pm,0,2025-09-29 14:10:00,8.2101,8.607,0.0009000000000000341
EWR-1,9/29/2025,02:20:00 pm,0,2025-09-29 14:20:00,8.208,8.616,0.0009999999999999788
EWR-1,9/29/2025,02:30:00 pm,0,2025-09-29 14:30:00,8.2081,8.626,0.0009999999999999788
EWR-1,9/29/2025,02:40:00 pm,0,2025-09-29 14:40:00,8.2087,8.636,0.0009000000000000341
EWR-1,9/29/2025,02:50:00 pm,0,2025-09-29 14:50:00,8.2088,8.645,0.0006999999999999674
EWR-1,9/29/2025,03:00:00 pm,0,2025-09-29 15:00:00,8.2088,8.652,0.000700000000000145
EWR-1,9/29/2025,03:10:00 pm,0,2025-09-29 15:10:00,8.2088,8.659,0.0004999999999999005
EWR-1,9/29/2025,03:20:00 pm,0,2025-09-29 15:20:00,8.2104,8.664,0.00039999999999995595
EWR-1,9/29/2025,03:30:00 pm,0,2025-09-29 15:30:00,8.2095,8.668,0.00030000000000001136
EWR-1,9/29/2025,03:40:00 pm,0,2025-09-29 15:40:00,8.2071,8.671,0.0005000000000000782
EWR-1,9/29/2025,03:50:00 pm,0,2025-09-29 15:50:00,8.2046,8.676,0.0004999999999999005
EWR-1,9/29/2025,04:00:00 pm,0,2025-09-29 16:00:00,8.2045,8.681,0.000700000000000145
EWR-1,9/29/2025,04:10:00 pm,0,2025-09-29 16:10:00,8.204,8.688,0.0006999999999999674
EWR-1,9/29/2025,04:20:00 pm,0,2025-09-29 16:20:00,8.2037,8.695,0.0006999999999999674
EWR-1,9/29/2025,04:30:00 pm,0,2025-09-29 16:30:00,8.2026,8.702,0.0006000000000000227
EWR-1,9/29/2025,04:40:00 pm,0,2025-09-29 16:40:00,8.2013,8.708,0.0006999999999999674
EWR-1,9/29/2025,04:50:00 pm,0,2025-09-29 16:50:00,8.1989,8.715,0.0006000000000000227
EWR-1,9/29/2025,05:00:00 pm,0,2025-09-29 17:00:00,8.1968,8.721,0.0005000000000000782
EWR-1,9/29/2025,05:10:00 pm,0,2025-09-29 17:10:00,8.1957,8.726,0.00039999999999995595
EWR-1,9/29/2025,05:20:00 pm,0,2025-09-29 17:20:00,8.1954,8.73,0.00039999999999995595
EWR-1,9/29/2025,05:30:00 pm,0,2025-09-29 17:30:00,8.1966,8.734,0.0002000000000000668
EWR-1,9/29/2025,05:40:00 pm,0,2025-09-29 17:40:00,8.1971,8.736,0.00019999999999988915
EWR-1,9/29/2025,05:50:00 pm,0,2025-09-29 17:50:00,8.1961,8.738,0.00010000000000012221
EWR-1,9/29/2025,06:00:00 pm,0,2025-09-29 18:00:00,8.1968,8.739,0.0
EWR-1,9/29/2025,06:10:00 pm,0,2025-09-29 18:10:00,8.1956,8.739,0.00019999999999988915
EWR-1,9/29/2025,06:20:00 pm,0,2025-09-29 18:20:00,8.1965,8.741,0.00010000000000012221
EWR-1,9/29/2025,06:30:00 pm,0,2025-09-29 18:30:00,8.197,8.742,9.999999999994457e-05
EWR-1,9/29/2025,06:40:00 pm,0,2025-09-29 18:40:00,8.1991,8.743,0.0
EWR-1,9/29/2025,06:50:00 pm,0,2025-09-29 18:50:00,8.2005,8.743,9.999999999994457e-05
EWR-1,9/29/2025,07:00:00 pm,0,2025-09-29 19:00:00,8.2009,8.744,9.999999999994457e-05
EWR-1,9/29/2025,07:10:00 pm,0,2025-09-29 19:10:00,8.2014,8.743,0.0
EWR-1,9/29/2025,07:20:00 pm,0,2025-09-29 19:20:00,8.2006,8.743,0.0
EWR-1,9/29/2025,07:30:00 pm,0,2025-09-29 19:30:00,8.2015,8.743,9.999999999994457e-05
EWR-1,9/29/2025,07:40:00 pm,0,2025-09-29 19:40:00,8.2008,8.742,0.0
EWR-1,9/29/2025,07:50:00 pm,0,2025-09-29 19:50:00,8.2011,8.742,0.00010000000000012221
EWR-1,9/29/2025,08:00:00 pm,0,2025-09-29 20:00:00,8.2011,8.741,9.999999999994457e-05
EWR-1,9/29/2025,08:10:00 pm,0,2025-09-29 20:10:00,8.2016,8.74,0.0
EWR-1,9/29/2025,08:20:00 pm,0,2025-09-29 20:20:00,8.203,8.74,9.999999999994457e-05
EWR-1,9/29/2025,08:30:00 pm,0,2025-09-29 20:30:00,8.2037,8.739,0.00010000000000012221
EWR-1,9/29/2025,08:40:00 pm,0,2025-09-29 20:40:00,8.204,8.738,9.999999999994457e-05
EWR-1,9/29/2025,08:50:00 pm,0,2025-09-29 20:50:00,8.2041,8.737,0.0
EWR-1,9/29/2025,09:00:00 pm,0,2025-09-29 21:00:00,8.2043,8.737,0.0002000000000000668
EWR-1,9/29/2025,09:10:00 pm,0,2025-09-29 21:10:00,8.2028,8.735,9.999999999994457e-05
EWR-1,9/29/2025,09:20:00 pm,0,2025-09-29 21:20:00,8.2034,8.734,9.999999999994457e-05
EWR-1,9/29/2025,09:30:00 pm,0,2025-09-29 21:30:00,8.2033,8.733,0.0002000000000000668
EWR-1,9/29/2025,09:40:00 pm,0,2025-09-29 21:40:00,8.2032,8.731,9.999999999994457e-05
EWR-1,9/29/2025,09:50:00 pm,0,2025-09-29 21:50:00,8.2044,8.73,0.0002000000000000668
EWR-1,9/29/2025,10:00:00 pm,0,2025-09-29 22:00:00,8.204,8.728,9.999999999994457e-05
EWR-1,9/29/2025,10:10:00 pm,0,2025-09-29 22:10:00,8.2032,8.727,0.0002000000000000668
EWR-1,9/29/2025,10:20:00 pm,0,2025-09-29 22:20:00,8.2033,8.725,0.0
EWR-1,9/29/2025,10:30:00 pm,0,2025-09-29 22:30:00,8.2037,8.725,0.00019999999999988915
EWR-1,9/29/2025,10:40:00 pm,0,2025-09-29 22:40:00,8.2039,8.723,0.0002000000000000668
EWR-1,9/29/2025,10:50:00 pm,0,2025-09-29 22:50:00,8.2042,8.721,0.0002000000000000668
EWR-1,9/29/2025,11:00:00 pm,0,2025-09-29 23:00:00,8.2051,8.719,0.00019999999999988915
EWR-1,9/29/2025,11:10:00 pm,0,2025-09-29 23:10:00,8.2055,8.717,0.0002000000000000668
EWR-1,9/29/2025,11:20:00 pm,0,2025-09-29 23:20:00,8.2064,8.715,0.00030000000000001136
EWR-1,9/29/2025,11:30:00 pm,0,2025-09-29 23:30:00,8.2063,8.712,0.00019999999999988915
EWR-1,9/29/2025,11:40:00 pm,0,2025-09-29 23:40:00,8.206,8.71,0.00030000000000001136
EWR-1,9/29/2025,11:50:00 pm,0,2025-09-29 23:50:00,8.2061,8.707,0.0004000000000001336
EWR-1,9/30/2025,12:00:00 am,0,2025-09-30 00:00:00,8.2061,8.703,0.00030000000000001136
EWR-1,9/30/2025,12:10:00 am,0,2025-09-30 00:10:00,8.2061,8.7,0.00039999999999995595
EWR-1,9/30/2025,12:20:00 am,0,2025-09-30 00:20:00,8.2063,8.696,0.00039999999999995595
EWR-1,9/30/2025,12:30:00 am,0,2025-09-30 00:30:00,8.2063,8.692,0.0005000000000000782
EWR-1,9/30/2025,12:40:00 am,0,2025-09-30 00:40:00,8.2069,8.687,0.0006000000000000227
EWR-1,9/30/2025,12:50:00 am,0,2025-09-30 00:50:00,8.2059,8.681,0.0005999999999998451
EWR-1,9/30/2025,01:00:00 am,0,2025-09-30 01:00:00,8.2063,8.675,0.0005000000000000782
EWR-1,9/30/2025,01:10:00 am,0,2025-09-30 01:10:00,8.206,8.67,0.0005000000000000782
EWR-1,9/30/2025,01:20:00 am,0,2025-09-30 01:20:00,8.2074,8.665,0.00039999999999995595
EWR-1,9/30/2025,01:30:00 am,0,2025-09-30 01:30:00,8.2068,8.661,0.00039999999999995595
EWR-1,9/30/2025,01:40:00 am,0,2025-09-30 01:40:00,8.2073,8.657,0.00030000000000001136
EWR-1,9/30/2025,01:50:00 am,0,2025-09-30 01:50:00,8.2079,8.654,0.00039999999999995595
EWR-1,9/30/2025,02:00:00 am,0,2025-09-30 02:00:00,8.2079,8.65,0.00030000000000001136
EWR-1,9/30/2025,02:10:00 am,0,2025-09-30 02:10:00,8.207,8.647,0.0002000000000000668
EWR-1,9/30/2025,02:20:00 am,0,2025-09-30 02:20:00,8.2064,8.645,0.00030000000000001136
EWR-1,9/30/2025,02:30:00 am,0,2025-09-30 02:30:00,8.2071,8.642,0.00019999999999988915
EWR-1,9/30/2025,02:40:00 am,0,2025-09-30 02:40:00,8.2069,8.64,0.0002000000000000668
EWR-1,9/30/2025,02:50:00 am,0,2025-09-30 02:50:00,8.2071,8.638,0.00030000000000001136
EWR-1,9/30/2025,03:00:00 am,0,2025-09-30 03:00:00,8.2061,8.635,0.0002000000000000668
EWR-1,9/30/2025,03:10:00 am,0,2025-09-30 03:10:00,8.2069,8.633,0.00019999999999988915
EWR-1,9/30/2025,03:20:00 am,0,2025-09-30 03:20:00,8.2062,8.631,0.00030000000000001136
EWR-1,9/30/2025,03:30:00 am,0,2025-09-30 03:30:00,8.2059,8.628,0.00030000000000001136
EWR-1,9/30/2025,03:40:00 am,0,2025-09-30 03:40:00,8.2061,8.625,0.00039999999999995595
EWR-1,9/30/2025,03:50:00 am,0,2025-09-30 03:50:00,8.2058,8.621,0.00030000000000001136
EWR-1,9/30/2025,04:00:00 am,0,2025-09-30 04:00:00,8.2047,8.618,0.00030000000000001136
EWR-1,9/30/2025,04:10:00 am,0,2025-09-30 04:10:00,8.2041,8.615,0.00039999999999995595
EWR-1,9/30/2025,04:20:00 am,0,2025-09-30 04:20:00,8.204,8.611,0.0004000000000001336
EWR-1,9/30/2025,04:30:00 am,0,2025-09-30 04:30:00,8.2046,8.607,0.00039999999999995595
EWR-1,9/30/2025,04:40:00 am,0,2025-09-30 04:40:00,8.2043,8.603,0.0004999999999999005
EWR-1,9/30/2025,04:50:00 am,0,2025-09-30 04:50:00,8.2036,8.598,0.0004000000000001336
EWR-1,9/30/2025,05:00:00 am,0,2025-09-30 05:00:00,8.2044,8.594,0.00039999999999995595
EWR-1,9/30/2025,05:10:00 am,0,2025-09-30 05:10:00,8.2052,8.59,0.0004999999999999005
EWR-1,9/30/2025,05:20:00 am,0,2025-09-30 05:20:00,8.2047,8.585,0.0004000000000001336
EWR-1,9/30/2025,05:30:00 am,0,2025-09-30 05:30:00,8.2051,8.581,0.0004999999999999005
EWR-1,9/30/2025,05:40:00 am,0,2025-09-30 05:40:00,8.2056,8.576,0.0005000000000000782
EWR-1,9/30/2025,05:50:00 am,0,2025-09-30 05:50:00,8.2064,8.571,0.0006000000000000227
EWR-1,9/30/2025,06:00:00 am,0,2025-09-30 06:00:00,8.2067,8.565,0.0006000000000000227
EWR-1,9/30/2025,06:10:00 am,0,2025-09-30 06:10:00,8.2073,8.559,0.0005999999999998451
EWR-1,9/30/2025,06:20:00 am,0,2025-09-30 06:20:00,8.2071,8.553,0.0006000000000000227
EWR-1,9/30/2025,06:30:00 am,0,2025-09-30 06:30:00,8.2082,8.547,0.0005000000000000782
EWR-1,9/30/2025,06:40:00 am,0,2025-09-30 06:40:00,8.2081,8.542,0.0004999999999999005
EWR-1,9/30/2025,06:50:00 am,0,2025-09-30 06:50:00,8.2086,8.537,0.0005000000000000782
EWR-1,9/30/2025,07:00:00 am,0,2025-09-30 07:00:00,8.2092,8.532,0.00039999999999995595
EWR-1,9/30/2025,07:10:00 am,0,2025-09-30 07:10:00,8.2094,8.528,0.0005000000000000782
EWR-1,9/30/2025,07:20:00 am,0,2025-09-30 07:20:00,8.2099,8.523,0.00039999999999995595
EWR-1,9/30/2025,07:30:00 am,0,2025-09-30 07:30:00,8.2109,8.519,0.00039999999999995595
EWR-1,9/30/2025,07:40:00 am,0,2025-09-30 07:40:00,8.2116,8.515,0.00030000000000001136
EWR-1,9/30/2025,07:50:00 am,0,2025-09-30 07:50:00,8.2117,8.512,0.0004000000000001336
EWR-1,9/30/2025,08:00:00 am,0,2025-09-30 08:00:00,8.2128,8.508,0.0002999999999998337
EWR-1,9/30/2025,08:10:00 am,0,2025-09-30 08:10:00,8.2133,8.505,0.00030000000000001136
EWR-1,9/30/2025,08:20:00 am,0,2025-09-30 08:20:00,8.214,8.502,0.00010000000000012221
EWR-1,9/30/2025,08:30:00 am,0,2025-09-30 08:30:00,8.215,8.501,0.00019999999999988915
EWR-1,9/30/2025,08:40:00 am,0,2025-09-30 08:40:00,8.2158,8.499,0.0002000000000000668
EWR-1,9/30/2025,08:50:00 am,0,2025-09-30 08:50:00,8.215,8.497,0.0
EWR-1,9/30/2025,09:00:00 am,0,2025-09-30 09:00:00,8.2145,8.497,9.999999999994457e-05
EWR-1,9/30/2025,09:10:00 am,0,2025-09-30 09:10:00,8.2151,8.496,0.0
EWR-1,9/30/2025,09:20:00 am,0,2025-09-30 09:20:00,8.2155,8.496,0.0
EWR-1,9/30/2025,09:30:00 am,0,2025-09-30 09:30:00,8.2155,8.496,9.999999999994457e-05
EWR-1,9/30/2025,09:40:00 am,0,2025-09-30 09:40:00,8.2152,8.497,0.0
EWR-1,9/30/2025,09:50:00 am,0,2025-09-30 09:50:00,8.2153,8.497,0.0002000000000000668
EWR-1,9/30/2025,10:00:00 am,0,2025-09-30 10:00:00,8.2154,8.499,0.00019999999999988915
EWR-1,9/30/2025,10:10:00 am,0,2025-09-30 10:10:00,8.2163,8.501,0.0002000000000000668
EWR-1,9/30/2025,10:20:00 am,0,2025-09-30 10:20:00,8.2175,8.503,0.0002000000000000668
EWR-1,9/30/2025,10:30:00 am,0,2025-09-30 10:30:00,8.2165,8.505,0.00019999999999988915
EWR-1,9/30/2025,10:40:00 am,0,2025-09-30 10:40:00,8.2168,8.507,0.0002000000000000668
EWR-1,9/30/2025,10:50:00 am,0,2025-09-30 10:50:00,8.2182,8.509,0.00019999999999988915
EWR-1,9/30/2025,11:00:00 am,0,2025-09-30 11:00:00,8.2175,8.511,0.00030000000000001136
EWR-1,9/30/2025,11:10:00 am,0,2025-09-30 11:10:00,8.2167,8.514,0.0004000000000001336
EWR-1,9/30/2025,11:20:00 am,0,2025-09-30 11:20:00,8.2152,8.518,0.0004999999999999005
EWR-1,9/30/2025,11:30:00 am,0,2025-09-30 11:30:00,8.2167,8.523,0.0006999999999999674
EWR-1,9/30/2025,11:40:00 am,0,2025-09-30 11:40:00,8.2171,8.53,0.0008000000000000895
EWR-1,9/30/2025,11:50:00 am,0,2025-09-30 11:50:00,8.218,8.538,0.0006999999999999674
EWR-1,9/30/2025,12:00:00 pm,0,2025-09-30 12:00:00,8.2177,8.545,0.0006000000000000227
EWR-1,9/30/2025,12:10:00 pm,0,2025-09-30 12:10:00,8.2176,8.551,0.0004999999999999005
EWR-1,9/30/2025,12:20:00 pm,0,2025-09-30 12:20:00,8.2166,8.556,0.0005000000000000782
EWR-1,9/30/2025,12:30:00 pm,0,2025-09-30 12:30:00,8.2151,8.561,0.0006999999999999674
EWR-1,9/30/2025,12:40:00 pm,0,2025-09-30 12:40:00,8.2163,8.568,0.0006999999999999674
EWR-1,9/30/2025,12:50:00 pm,0,2025-09-30 12:50:00,8.2168,8.575,0.0005000000000000782
EWR-1,9/30/2025,01:00:00 pm,0,2025-09-30 13:00:00,8.2139,8.58,0.0006000000000000227
EWR-1,9/30/2025,01:10:00 pm,0,2025-09-30 13:10:00,8.2146,8.586,0.0006999999999999674
EWR-1,9/30/2025,01:20:00 pm,0,2025-09-30 13:20:00,8.2117,8.593,0.0006999999999999674
EWR-1,9/30/2025,01:30:00 pm,0,2025-09-30 13:30:00,8.2117,8.6,0.0006999999999999674
EWR-1,9/30/2025,01:40:00 pm,0,2025-09-30 13:40:00,8.2106,8.607,0.000700000000000145
EWR-1,9/30/2025,01:50:00 pm,0,2025-09-30 13:50:00,8.2099,8.614,0.0005999999999998451
EWR-1,9/30/2025,02:00:00 pm,0,2025-09-30 14:00:00,8.2112,8.62,0.0006000000000000227
EWR-1,9/30/2025,02:10:00 pm,0,2025-09-30 14:10:00,8.2116,8.626,0.0004000000000001336
EWR-1,9/30/2025,02:20:00 pm,0,2025-09-30 14:20:00,8.2108,8.63,0.0004999999999999005
EWR-1,9/30/2025,02:30:00 pm,0,2025-09-30 14:30:00,8.211,8.635,0.00039999999999995595
EWR-1,9/30/2025,02:40:00 pm,0,2025-09-30 14:40:00,8.2123,8.639,0.00030000000000001136
EWR-1,9/30/2025,02:50:00 pm,0,2025-09-30 14:50:00,8.2145,8.642,0.0002000000000000668
EWR-1,9/30/2025,03:00:00 pm,0,2025-09-30 15:00:00,8.2137,8.644,9.999999999994457e-05
EWR-1,9/30/2025,03:10:00 pm,0,2025-09-30 15:10:00,8.2144,8.645,0.00010000000000012221
EWR-1,9/30/2025,03:20:00 pm,0,2025-09-30 15:20:00,8.2144,8.646,0.00019999999999988915
EWR-1,9/30/2025,03:30:00 pm,0,2025-09-30 15:30:00,8.2152,8.648,9.999999999994457e-05
EWR-1,9/30/2025,03:40:00 pm,0,2025-09-30 15:40:00,8.2143,8.649,0.0002000000000000668
EWR-1,9/30/2025,03:50:00 pm,0,2025-09-30 15:50:00,8.2146,8.651,0.0002000000000000668
EWR-1,9/30/2025,04:00:00 pm,0,2025-09-30 16:00:00,8.2159,8.653,0.00030000000000001136
EWR-1,9/30/2025,04:10:00 pm,0,2025-09-30 16:10:00,8.2177,8.656,0.00019999999999988915
EWR-1,9/30/2025,04:20:00 pm,0,2025-09-30 16:20:00,8.2176,8.658,0.00010000000000012221
EWR-1,9/30/2025,04:30:00 pm,0,2025-09-30 16:30:00,8.22,8.659,9.999999999994457e-05
EWR-1,9/30/2025,04:40:00 pm,0,2025-09-30 16:40:00,8.2201,8.66,9.999999999994457e-05
EWR-1,9/30/2025,04:50:00 pm,0,2025-09-30 16:50:00,8.2219,8.661,0.0
EWR-1,9/30/2025,05:00:00 pm,0,2025-09-30 17:00:00,8.2211,8.661,0.0
EWR-1,9/30/2025,05:10:00 pm,0,2025-09-30 17:10:00,8.2223,8.661,0.0
EWR-1,9/30/2025,05:20:00 pm,0,2025-09-30 17:20:00,8.2241,8.661,0.0
EWR-1,9/30/2025,05:30:00 pm,0,2025-09-30 17:30:00,8.2245,8.661,0.0
EWR-1,9/30/2025,05:40:00 pm,0,2025-09-30 17:40:00,8.2234,8.661,0.0
EWR-1,9/30/2025,05:50:00 pm,0,2025-09-30 17:50:00,8.222,8.661,9.999999999994457e-05
EWR-1,9/30/2025,06:00:00 pm,0,2025-09-30 18:00:00,8.2219,8.66,0.0
EWR-1,9/30/2025,06:10:00 pm,0,2025-09-30 18:10:00,8.2228,8.66,9.999999999994457e-05
EWR-1,9/30/2025,06:20:00 pm,0,2025-09-30 18:20:00,8.2235,8.659,0.0002000000000000668
EWR-1,9/30/2025,06:30:00 pm,0,2025-09-30 18:30:00,8.2252,8.657,0.0002000000000000668
EWR-1,9/30/2025,06:40:00 pm,0,2025-09-30 18:40:00,8.2256,8.655,0.00030000000000001136
EWR-1,9/30/2025,06:50:00 pm,0,2025-09-30 18:50:00,8.2255,8.652,0.00030000000000001136
EWR-1,9/30/2025,07:00:00 pm,0,2025-09-30 19:00:00,8.2261,8.649,0.0002999999999998337
EWR-1,9/30/2025,07:10:00 pm,0,2025-09-30 19:10:00,8.2266,8.646,0.0004000000000001336
EWR-1,9/30/2025,07:20:00 pm,0,2025-09-30 19:20:00,8.2278,8.642,0.00030000000000001136
EWR-1,9/30/2025,07:30:00 pm,0,2025-09-30 19:30:00,8.228,8.639,0.00039999999999995595
EWR-1,9/30/2025,07:40:00 pm,0,2025-09-30 19:40:00,8.2286,8.635,0.00030000000000001136
EWR-1,9/30/2025,07:50:00 pm,0,2025-09-30 19:50:00,8.2291,8.632,0.00030000000000001136
EWR-1,9/30/2025,08:00:00 pm,0,2025-09-30 20:00:00,8.2291,8.629,0.00039999999999995595
EWR-1,9/30/2025,08:10:00 pm,0,2025-09-30 20:10:00,8.2305,8.625,0.00039999999999995595
EWR-1,9/30/2025,08:20:00 pm,0,2025-09-30 20:20:00,8.2303,8.621,0.00039999999999995595
EWR-1,9/30/2025,08:30:00 pm,0,2025-09-30 20:30:00,8.2308,8.617,0.0004000000000001336
EWR-1,9/30/2025,08:40:00 pm,0,2025-09-30 20:40:00,8.2317,8.613,0.00039999999999995595
EWR-1,9/30/2025,08:50:00 pm,0,2025-09-30 20:50:00,8.2317,8.609,0.00039999999999995595
EWR-1,9/30/2025,09:00:00 pm,0,2025-09-30 21:00:00,8.2325,8.605,0.00039999999999995595
EWR-1,9/30/2025,09:10:00 pm,0,2025-09-30 21:10:00,8.2331,8.601,0.0005000000000000782
EWR-1,9/30/2025,09:20:00 pm,0,2025-09-30 21:20:00,8.2338,8.596,0.00030000000000001136
EWR-1,9/30/2025,09:30:00 pm,0,2025-09-30 21:30:00,8.2353,8.593,0.0005000000000000782
EWR-1,9/30/2025,09:40:00 pm,0,2025-09-30 21:40:00,8.2366,8.588,0.0004999999999999005
EWR-1,9/30/2025,09:50:00 pm,0,2025-09-30 21:50:00,8.2371,8.583,0.0005000000000000782
EWR-1,9/30/2025,10:00:00 pm,0,2025-09-30 22:00:00,8.2373,8.578,0.0004999999999999005
EWR-1,9/30/2025,10:10:00 pm,0,2025-09-30 22:10:00,8.2379,8.573,0.0005000000000000782
EWR-1,9/30/2025,10:20:00 pm,0,2025-09-30 22:20:00,8.2379,8.568,0.0004999999999999005
EWR-1,9/30/2025,10:30:00 pm,0,2025-09-30 22:30:00,8.2376,8.563,0.0006000000000000227
EWR-1,9/30/2025,10:40:00 pm,0,2025-09-30 22:40:00,8.2365,8.557,0.00039999999999995595
EWR-1,9/30/2025,10:50:00 pm,0,2025-09-30 22:50:00,8.2362,8.553,0.0005000000000000782
EWR-1,9/30/2025,11:00:00 pm,0,2025-09-30 23:00:00,8.2355,8.548,0.00039999999999995595
EWR-1,9/30/2025,11:10:00 pm,0,2025-09-30 23:10:00,8.2359,8.544,0.0005000000000000782
EWR-1,9/30/2025,11:20:00 pm,0,2025-09-30 23:20:00,8.2366,8.539,0.00039999999999995595
EWR-1,9/30/2025,11:30:00 pm,0,2025-09-30 23:30:00,8.2368,8.535,0.0005000000000000782
EWR-1,9/30/2025,11:40:00 pm,0,2025-09-30 23:40:00,8.2363,8.53,0.0004999999999999005
EWR-1,9/30/2025,11:50:00 pm,0,2025-09-30 23:50:00,8.2362,8.525,0.0005000000000000782
EWR-1,10/1/2025,12:00:00 am,0,2025-10-01 00:00:00,8.2358,8.52,0.0004999999999999005
EWR-1,10/1/2025,12:10:00 am,0,2025-10-01 00:10:00,8.2357,8.515,0.0005000000000000782
EWR-1,10/1/2025,12:20:00 am,0,2025-10-01 00:20:00,8.2362,8.51,0.0004999999999999005
EWR-1,10/1/2025,12:30:00 am,0,2025-10-01 00:30:00,8.236,8.505,0.0005000000000000782
EWR-1,10/1/2025,12:40:00 am,0,2025-10-01 00:40:00,8.2361,8.5,0.0005000000000000782
EWR-1,10/1/2025,12:50:00 am,0,2025-10-01 00:50:00,8.2367,8.495,0.00039999999999995595
EWR-1,10/1/2025,01:00:00 am,0,2025-10-01 01:00:00,8.2363,8.491,0.00030000000000001136
EWR-1,10/1/2025,01:10:00 am,0,2025-10-01 01:10:00,8.2371,8.488,0.00039999999999995595
EWR-1,10/1/2025,01:20:00 am,0,2025-10-01 01:20:00,8.2381,8.484,0.00039999999999995595
EWR-1,10/1/2025,01:30:00 am,0,2025-10-01 01:30:00,8.2383,8.48,0.00039999999999995595
EWR-1,10/1/2025,01:40:00 am,0,2025-10-01 01:40:00,8.2386,8.476,0.0004000000000001336
EWR-1,10/1/2025,01:50:00 am,0,2025-10-01 01:50:00,8.239,8.472,0.00039999999999995595
EWR-1,10/1/2025,02:00:00 am,0,2025-10-01 02:00:00,8.2382,8.468,0.00039999999999995595
EWR-1,10/1/2025,02:10:00 am,0,2025-10-01 02:10:00,8.2376,8.464,0.00039999999999995595
EWR-1,10/1/2025,02:20:00 am,0,2025-10-01 02:20:00,8.237,8.46,0.00030000000000001136
EWR-1,10/1/2025,02:30:00 am,0,2025-10-01 02:30:00,8.2375,8.457,0.0004000000000001336
EWR-1,10/1/2025,02:40:00 am,0,2025-10-01 02:40:00,8.2378,8.453,0.00030000000000001136
EWR-1,10/1/2025,02:50:00 am,0,2025-10-01 02:50:00,8.2363,8.45,0.00030000000000001136
EWR-1,10/1/2025,03:00:00 am,0,2025-10-01 03:00:00,8.2372,8.447,0.0002999999999998337
EWR-1,10/1/2025,03:10:00 am,0,2025-10-01 03:10:00,8.2368,8.444,0.00030000000000001136
EWR-1,10/1/2025,03:20:00 am,0,2025-10-01 03:20:00,8.2363,8.441,0.00030000000000001136
EWR-1,10/1/2025,03:30:00 am,0,2025-10-01 03:30:00,8.2363,8.438,0.0002000000000000668
EWR-1,10/1/2025,03:40:00 am,0,2025-10-01 03:40:00,8.2365,8.436,0.0002000000000000668
EWR-1,10/1/2025,03:50:00 am,0,2025-10-01 03:50:00,8.2365,8.434,0.00030000000000001136
EWR-1,10/1/2025,04:00:00 am,0,2025-10-01 04:00:00,8.2356,8.431,0.00019999999999988915
EWR-1,10/1/2025,04:10:00 am,0,2025-10-01 04:10:00,8.2363,8.429,0.0002000000000000668
EWR-1,10/1/2025,04:20:00 am,0,2025-10-01 04:20:00,8.2363,8.427,0.00030000000000001136
EWR-1,10/1/2025,04:30:00 am,0,2025-10-01 04:30:00,8.2366,8.424,0.00019999999999988915
EWR-1,10/1/2025,04:40:00 am,0,2025-10-01 04:40:00,8.237,8.422,0.0002000000000000668
EWR-1,10/1/2025,04:50:00 am,0,2025-10-01 04:50:00,8.2376,8.42,0.00030000000000001136
EWR-1,10/1/2025,05:00:00 am,0,2025-10-01 05:00:00,8.2379,8.417,0.0002000000000000668
EWR-1,10/1/2025,05:10:00 am,0,2025-10-01 05:10:00,8.2388,8.415,0.00019999999999988915
EWR-1,10/1/2025,05:20:00 am,0,2025-10-01 05:20:00,8.2419,8.413,0.0002000000000000668
EWR-1,10/1/2025,05:30:00 am,0,2025-10-01 05:30:00,8.2463,8.411,9.999999999994457e-05
EWR-1,10/1/2025,05:40:00 am,0,2025-10-01 05:40:00,8.2517,8.41,0.00030000000000001136
EWR-1,10/1/2025,05:50:00 am,0,2025-10-01 05:50:00,8.2559,8.407,0.00030000000000001136
EWR-1,10/1/2025,06:00:00 am,0,2025-10-01 06:00:00,8.2597,8.404,0.00039999999999995595
EWR-1,10/1/2025,06:10:00 am,0,2025-10-01 06:10:00,8.262,8.4,0.0005000000000000782
EWR-1,10/1/2025,06:20:00 am,0,2025-10-01 06:20:00,8.265,8.395,0.00030000000000001136
EWR-1,10/1/2025,06:30:00 am,0,2025-10-01 06:30:00,8.2678,8.392,0.00039999999999995595
EWR-1,10/1/2025,06:40:00 am,0,2025-10-01 06:40:00,8.2717,8.388,0.00039999999999995595
EWR-1,10/1/2025,06:50:00 am,0,2025-10-01 06:50:00,8.2736,8.384,0.0005000000000000782
EWR-1,10/1/2025,07:00:00 am,0,2025-10-01 07:00:00,8.2755,8.379,0.00030000000000001136
EWR-1,10/1/2025,07:10:00 am,0,2025-10-01 07:10:00,8.2773,8.376,0.00039999999999995595
EWR-1,10/1/2025,07:20:00 am,0,2025-10-01 07:20:00,8.279,8.372,0.00030000000000001136
EWR-1,10/1/2025,07:30:00 am,0,2025-10-01 07:30:00,8.2809,8.369,0.00019999999999988915
EWR-1,10/1/2025,07:40:00 am,0,2025-10-01 07:40:00,8.2821,8.367,0.00030000000000001136
EWR-1,10/1/2025,07:50:00 am,0,2025-10-01 07:50:00,8.2832,8.364,0.00010000000000012221
EWR-1,10/1/2025,08:00:00 am,0,2025-10-01 08:00:00,8.2848,8.363,0.00019999999999988915
EWR-1,10/1/2025,08:10:00 am,0,2025-10-01 08:10:00,8.2866,8.361,0.0002000000000000668
EWR-1,10/1/2025,08:20:00 am,0,2025-10-01 08:20:00,8.288,8.359,0.0002000000000000668
EWR-1,10/1/2025,08:30:00 am,0,2025-10-01 08:30:00,8.2889,8.357,0.00019999999999988915
EWR-1,10/1/2025,08:40:00 am,0,2025-10-01 08:40:00,8.2902,8.355,0.0
EWR-1,10/1/2025,08:50:00 am,0,2025-10-01 08:50:00,8.2913,8.355,0.00010000000000012221
EWR-1,10/1/2025,09:00:00 am,0,2025-10-01 09:00:00,8.2906,8.354,9.999999999994457e-05
EWR-1,10/1/2025,09:10:00 am,0,2025-10-01 09:10:00,8.291,8.353,0.0
EWR-1,10/1/2025,09:20:00 am,0,2025-10-01 09:20:00,8.2918,8.353,9.999999999994457e-05
EWR-1,10/1/2025,09:30:00 am,0,2025-10-01 09:30:00,8.2923,8.354,0.0
EWR-1,10/1/2025,09:40:00 am,0,2025-10-01 09:40:00,8.2931,8.354,0.00010000000000012221
EWR-1,10/1/2025,09:50:00 am,0,2025-10-01 09:50:00,8.2938,8.355,9.999999999994457e-05
EWR-1,10/1/2025,10:00:00 am,0,2025-10-01 10:00:00,8.2944,8.356,9.999999999994457e-05
EWR-1,10/1/2025,10:10:00 am,0,2025-10-01 10:10:00,8.2951,8.357,0.00010000000000012221
EWR-1,10/1/2025,10:20:00 am,0,2025-10-01 10:20:00,8.2959,8.358,0.00030000000000001136
EWR-1,10/1/2025,10:30:00 am,0,2025-10-01 10:30:00,8.2969,8.361,0.00039999999999995595
EWR-1,10/1/2025,10:40:00 am,0,2025-10-01 10:40:00,8.2975,8.365,0.00030000000000001136
EWR-1,10/1/2025,10:50:00 am,0,2025-10-01 10:50:00,8.2977,8.368,0.00030000000000001136
EWR-1,10/1/2025,11:00:00 am,0,2025-10-01 11:00:00,8.2978,8.371,0.0004999999999999005
EWR-1,10/1/2025,11:10:00 am,0,2025-10-01 11:10:00,8.2971,8.376,0.00030000000000001136
EWR-1,10/1/2025,11:20:00 am,0,2025-10-01 11:20:00,8.2976,8.379,0.0005000000000000782
EWR-1,10/1/2025,11:30:00 am,0,2025-10-01 11:30:00,8.2971,8.384,0.00039999999999995595
EWR-1,10/1/2025,11:40:00 am,0,2025-10-01 11:40:00,8.2971,8.388,0.0005000000000000782
EWR-1,10/1/2025,11:50:00 am,0,2025-10-01 11:50:00,8.2966,8.393,0.00039999999999995595
EWR-1,10/1/2025,12:00:00 pm,0,2025-10-01 12:00:00,8.2966,8.397,0.0006000000000000227
EWR-1,10/1/2025,12:10:00 pm,0,2025-10-01 12:10:00,8.2966,8.403,0.0004999999999999005
EWR-1,10/1/2025,12:20:00 pm,0,2025-10-01 12:20:00,8.2964,8.408,0.0006000000000000227
EWR-1,10/1/2025,12:30:00 pm,0,2025-10-01 12:30:00,8.296,8.414,0.0006000000000000227
EWR-1,10/1/2025,12:40:00 pm,0,2025-10-01 12:40:00,8.2953,8.42,0.0005000000000000782
EWR-1,10/1/2025,12:50:00 pm,0,2025-10-01 12:50:00,8.2948,8.425,0.0005999999999998451
EWR-1,10/1/2025,01:00:00 pm,0,2025-10-01 13:00:00,8.294,8.431,0.000700000000000145
EWR-1,10/1/2025,01:10:00 pm,0,2025-10-01 13:10:00,8.2933,8.438,0.0006999999999999674
EWR-1,10/1/2025,01:20:00 pm,0,2025-10-01 13:20:00,8.2923,8.445,0.0006000000000000227
EWR-1,10/1/2025,01:30:00 pm,0,2025-10-01 13:30:00,8.2912,8.451,0.0006000000000000227
EWR-1,10/1/2025,01:40:00 pm,0,2025-10-01 13:40:00,8.2901,8.457,0.0005999999999998451
EWR-1,10/1/2025,01:50:00 pm,0,2025-10-01 13:50:00,8.289,8.463,0.0006000000000000227
EWR-1,10/1/2025,02:00:00 pm,0,2025-10-01 14:00:00,8.2883,8.469,0.0006000000000000227
EWR-1,10/1/2025,02:10:00 pm,0,2025-10-01 14:10:00,8.2876,8.475,0.0006999999999999674
EWR-1,10/1/2025,02:20:00 pm,0,2025-10-01 14:20:00,8.2869,8.482,0.0006000000000000227
EWR-1,10/1/2025,02:30:00 pm,0,2025-10-01 14:30:00,8.2862,8.488,0.0006999999999999674
EWR-1,10/1/2025,02:40:00 pm,0,2025-10-01 14:40:00,8.2862,8.495,0.000700000000000145
EWR-1,10/1/2025,02:50:00 pm,0,2025-10-01 14:50:00,8.2856,8.502,0.0006999999999999674
EWR-1,10/1/2025,03:00:00 pm,0,2025-10-01 15:00:00,8.2848,8.509,0.0007999999999999119
EWR-1,10/1/2025,03:10:00 pm,0,2025-10-01 15:10:00,8.2842,8.517,0.0006999999999999674
EWR-1,10/1/2025,03:20:00 pm,0,2025-10-01 15:20:00,8.2828,8.524,0.0008000000000000895
EWR-1,10/1/2025,03:30:00 pm,0,2025-10-01 15:30:00,8.2826,8.532,0.0006000000000000227
EWR-1,10/1/2025,03:40:00 pm,0,2025-10-01 15:40:00,8.2824,8.538,0.0006999999999999674
EWR-1,10/1/2025,03:50:00 pm,0,2025-10-01 15:50:00,8.2817,8.545,0.0006999999999999674
EWR-1,10/1/2025,04:00:00 pm,0,2025-10-01 16:00:00,8.2811,8.552,0.0006000000000000227
EWR-1,10/1/2025,04:10:00 pm,0,2025-10-01 16:10:00,8.2815,8.558,0.0006000000000000227
EWR-1,10/1/2025,04:20:00 pm,0,2025-10-01 16:20:00,8.2815,8.564,0.0006000000000000227
EWR-1,10/1/2025,04:30:00 pm,0,2025-10-01 16:30:00,8.2802,8.57,0.0004999999999999005
EWR-1,10/1/2025,04:40:00 pm,0,2025-10-01 16:40:00,8.2803,8.575,0.0006000000000000227
EWR-1,10/1/2025,04:50:00 pm,0,2025-10-01 16:50:00,8.2806,8.581,0.0004000000000001336
EWR-1,10/1/2025,05:00:00 pm,0,2025-10-01 17:00:00,8.2798,8.585,0.0004999999999999005
EWR-1,10/1/2025,05:10:00 pm,0,2025-10-01 17:10:00,8.2797,8.59,0.00039999999999995595
EWR-1,10/1/2025,05:20:00 pm,0,2025-10-01 17:20:00,8.2791,8.594,0.00030000000000001136
EWR-1,10/1/2025,05:30:00 pm,0,2025-10-01 17:30:00,8.2791,8.597,0.0002000000000000668
EWR-1,10/1/2025,05:40:00 pm,0,2025-10-01 17:40:00,8.2785,8.599,0.0002000000000000668
EWR-1,10/1/2025,05:50:00 pm,0,2025-10-01 17:50:00,8.2784,8.601,9.999999999994457e-05
EWR-1,10/1/2025,06:00:00 pm,0,2025-10-01 18:00:00,8.2781,8.602,0.0
EWR-1,10/1/2025,06:10:00 pm,0,2025-10-01 18:10:00,8.2774,8.602,0.0
EWR-1,10/1/2025,06:20:00 pm,0,2025-10-01 18:20:00,8.2765,8.602,0.0
EWR-1,10/1/2025,06:30:00 pm,0,2025-10-01 18:30:00,8.2771,8.602,9.999999999994457e-05
EWR-1,10/1/2025,06:40:00 pm,0,2025-10-01 18:40:00,8.2767,8.601,0.00010000000000012221
EWR-1,10/1/2025,06:50:00 pm,0,2025-10-01 18:50:00,8.2757,8.6,9.999999999994457e-05
EWR-1,10/1/2025,07:00:00 pm,0,2025-10-01 19:00:00,8.2753,8.599,0.0002000000000000668
EWR-1,10/1/2025,07:10:00 pm,0,2025-10-01 19:10:00,8.2734,8.597,0.00019999999999988915
EWR-1,10/1/2025,07:20:00 pm,0,2025-10-01 19:20:00,8.2728,8.595,0.00030000000000001136
EWR-1,10/1/2025,07:30:00 pm,0,2025-10-01 19:30:00,8.2722,8.592,0.0002000000000000668
EWR-1,10/1/2025,07:40:00 pm,0,2025-10-01 19:40:00,8.2722,8.59,0.00030000000000001136
EWR-1,10/1/2025,07:50:00 pm,0,2025-10-01 19:50:00,8.2727,8.587,0.00030000000000001136
EWR-1,10/1/2025,08:00:00 pm,0,2025-10-01 20:00:00,8.2723,8.584,0.00039999999999995595
EWR-1,10/1/2025,08:10:00 pm,0,2025-10-01 20:10:00,8.2724,8.58,0.0005000000000000782
EWR-1,10/1/2025,08:20:00 pm,0,2025-10-01 20:20:00,8.2715,8.575,0.0004999999999999005
EWR-1,10/1/2025,08:30:00 pm,0,2025-10-01 20:30:00,8.2731,8.57,0.0005000000000000782
EWR-1,10/1/2025,08:40:00 pm,0,2025-10-01 20:40:00,8.2739,8.565,0.0006000000000000227
EWR-1,10/1/2025,08:50:00 pm,0,2025-10-01 20:50:00,8.2736,8.559,0.0005999999999998451
EWR-1,10/1/2025,09:00:00 pm,0,2025-10-01 21:00:00,8.2737,8.553,0.0006000000000000227
EWR-1,10/1/2025,09:10:00 pm,0,2025-10-01 21:10:00,8.2733,8.547,0.0006000000000000227
EWR-1,10/1/2025,09:20:00 pm,0,2025-10-01 21:20:00,8.2744,8.541,0.0006000000000000227
EWR-1,10/1/2025,09:30:00 pm,0,2025-10-01 21:30:00,8.2746,8.535,0.0006000000000000227
EWR-1,10/1/2025,09:40:00 pm,0,2025-10-01 21:40:00,8.2749,8.529,0.0005000000000000782
EWR-1,10/1/2025,09:50:00 pm,0,2025-10-01 21:50:00,8.2745,8.524,0.0004999999999999005
EWR-1,10/1/2025,10:00:00 pm,0,2025-10-01 22:00:00,8.2741,8.519,0.00039999999999995595
EWR-1,10/1/2025,10:10:00 pm,0,2025-10-01 22:10:00,8.2728,8.515,0.0005000000000000782
EWR-1,10/1/2025,10:20:00 pm,0,2025-10-01 22:20:00,8.273,8.51,0.0004999999999999005
EWR-1,10/1/2025,10:30:00 pm,0,2025-10-01 22:30:00,8.2723,8.505,0.0005000000000000782
EWR-1,10/1/2025,10:40:00 pm,0,2025-10-01 22:40:00,8.2726,8.5,0.0005000000000000782
EWR-1,10/1/2025,10:50:00 pm,0,2025-10-01 22:50:00,8.2724,8.495,0.0004999999999999005
EWR-1,10/1/2025,11:00:00 pm,0,2025-10-01 23:00:00,8.2721,8.49,0.0005000000000000782
EWR-1,10/1/2025,11:10:00 pm,0,2025-10-01 23:10:00,8.2717,8.485,0.00039999999999995595
EWR-1,10/1/2025,11:20:00 pm,0,2025-10-01 23:20:00,8.2712,8.481,0.0004999999999999005
EWR-1,10/1/2025,11:30:00 pm,0,2025-10-01 23:30:00,8.2707,8.476,0.00030000000000001136
EWR-1,10/1/2025,11:40:00 pm,0,2025-10-01 23:40:00,8.2716,8.473,0.00030000000000001136
EWR-1,10/1/2025,11:50:00 pm,0,2025-10-01 23:50:00,8.2709,8.47,0.0002000000000000668
EWR-1,10/2/2025,12:00:00 am,0,2025-10-02 00:00:00,8.2715,8.468,0.00030000000000001136
EWR-1,10/2/2025,12:10:00 am,0,2025-10-02 00:10:00,8.271,8.465,0.0002000000000000668
EWR-1,10/2/2025,12:20:00 am,0,2025-10-02 00:20:00,8.2703,8.463,0.00019999999999988915
EWR-1,10/2/2025,12:30:00 am,0,2025-10-02 00:30:00,8.27,8.461,0.0002000000000000668
EWR-1,10/2/2025,12:40:00 am,0,2025-10-02 00:40:00,8.268,8.459,0.00019999999999988915
EWR-1,10/2/2025,12:50:00 am,0,2025-10-02 00:50:00,8.2678,8.457,0.00010000000000012221
EWR-1,10/2/2025,01:00:00 am,0,2025-10-02 01:00:00,8.2676,8.456,9.999999999994457e-05
EWR-1,10/2/2025,01:10:00 am,0,2025-10-02 01:10:00,8.2675,8.455,0.0002000000000000668
EWR-1,10/2/2025,01:20:00 am,0,2025-10-02 01:20:00,8.2666,8.453,9.999999999994457e-05
EWR-1,10/2/2025,01:30:00 am,0,2025-10-02 01:30:00,8.266,8.452,0.0002000000000000668
EWR-1,10/2/2025,01:40:00 am,0,2025-10-02 01:40:00,8.2661,8.45,9.999999999994457e-05
EWR-1,10/2/2025,01:50:00 am,0,2025-10-02 01:50:00,8.2661,8.449,9.999999999994457e-05
EWR-1,10/2/2025,02:00:00 am,0,2025-10-02 02:00:00,8.2662,8.448,0.00010000000000012221
EWR-1,10/2/2025,02:10:00 am,0,2025-10-02 02:10:00,8.2659,8.447,9.999999999994457e-05
EWR-1,10/2/2025,02:20:00 am,0,2025-10-02 02:20:00,8.2656,8.446,9.999999999994457e-05
EWR-1,10/2/2025,02:30:00 am,0,2025-10-02 02:30:00,8.2646,8.445,9.999999999994457e-05
EWR-1,10/2/2025,02:40:00 am,0,2025-10-02 02:40:00,8.264,8.444,0.0
EWR-1,10/2/2025,02:50:00 am,0,2025-10-02 02:50:00,8.2629,8.444,0.00010000000000012221
EWR-1,10/2/2025,03:00:00 am,0,2025-10-02 03:00:00,8.2623,8.443,9.999999999994457e-05
EWR-1,10/2/2025,03:10:00 am,0,2025-10-02 03:10:00,8.2617,8.442,0.0
EWR-1,10/2/2025,03:20:00 am,0,2025-10-02 03:20:00,8.2613,8.442,9.999999999994457e-05
EWR-1,10/2/2025,03:30:00 am,0,2025-10-02 03:30:00,8.2611,8.441,0.00010000000000012221
EWR-1,10/2/2025,03:40:00 am,0,2025-10-02 03:40:00,8.2608,8.44,9.999999999994457e-05
EWR-1,10/2/2025,03:50:00 am,0,2025-10-02 03:50:00,8.2606,8.439,9.999999999994457e-05
EWR-1,10/2/2025,04:00:00 am,0,2025-10-02 04:00:00,8.2614,8.438,0.00010000000000012221
EWR-1,10/2/2025,04:10:00 am,0,2025-10-02 04:10:00,8.2615,8.437,9.999999999994457e-05
EWR-1,10/2/2025,04:20:00 am,0,2025-10-02 04:20:00,8.2612,8.436,9.999999999994457e-05
EWR-1,10/2/2025,04:30:00 am,0,2025-10-02 04:30:00,8.2612,8.435,0.00010000000000012221
EWR-1,10/2/2025,04:40:00 am,0,2025-10-02 04:40:00,8.2613,8.434,9.999999999994457e-05
EWR-1,10/2/2025,04:50:00 am,0,2025-10-02 04:50:00,8.2614,8.433,0.0
EWR-1,10/2/2025,05:00:00 am,0,2025-10-02 05:00:00,8.2614,8.433,9.999999999994457e-05
EWR-1,10/2/2025,05:10:00 am,0,2025-10-02 05:10:00,8.2615,8.432,0.00010000000000012221
EWR-1,10/2/2025,05:20:00 am,0,2025-10-02 05:20:00,8.2613,8.431,9.999999999994457e-05
EWR-1,10/2/2025,05:30:00 am,0,2025-10-02 05:30:00,8.261,8.43,0.0
EWR-1,10/2/2025,05:40:00 am,0,2025-10-02 05:40:00,8.2621,8.43,9.999999999994457e-05
EWR-1,10/2/2025,05:50:00 am,0,2025-10-02 05:50:00,8.2626,8.429,9.999999999994457e-05
EWR-1,10/2/2025,06:00:00 am,0,2025-10-02 06:00:00,8.2624,8.428,0.00010000000000012221
EWR-1,10/2/2025,06:10:00 am,0,2025-10-02 06:10:00,8.2625,8.427,0.0
EWR-1,10/2/2025,06:20:00 am,0,2025-10-02 06:20:00,8.2635,8.427,9.999999999994457e-05
EWR-1,10/2/2025,06:30:00 am,0,2025-10-02 06:30:00,8.2639,8.426,0.0
EWR-1,10/2/2025,06:40:00 am,0,2025-10-02 06:40:00,8.264,8.426,9.999999999994457e-05
EWR-1,10/2/2025,06:50:00 am,0,2025-10-02 06:50:00,8.2635,8.425,0.00010000000000012221
EWR-1,10/2/2025,07:00:00 am,0,2025-10-02 07:00:00,8.2627,8.424,9.999999999994457e-05
EWR-1,10/2/2025,07:10:00 am,0,2025-10-02 07:10:00,8.2618,8.423,0.0
EWR-1,10/2/2025,07:20:00 am,0,2025-10-02 07:20:00,8.2625,8.423,0.0
EWR-1,10/2/2025,07:30:00 am,0,2025-10-02 07:30:00,8.2616,8.423,9.999999999994457e-05
EWR-1,10/2/2025,07:40:00 am,0,2025-10-02 07:40:00,8.261,8.422,0.0
EWR-1,10/2/2025,07:50:00 am,0,2025-10-02 07:50:00,8.2605,8.422,0.00010000000000012221
EWR-1,10/2/2025,08:00:00 am,0,2025-10-02 08:00:00,8.2598,8.421,0.00010000000000012221
EWR-1,10/2/2025,08:10:00 am,0,2025-10-02 08:10:00,8.2601,8.422,0.0
EWR-1,10/2/2025,08:20:00 am,0,2025-10-02 08:20:00,8.2612,8.422,9.999999999994457e-05
EWR-1,10/2/2025,08:30:00 am,0,2025-10-02 08:30:00,8.2613,8.423,9.999999999994457e-05
EWR-1,10/2/2025,08:40:00 am,0,2025-10-02 08:40:00,8.264,8.424,0.00010000000000012221
EWR-1,10/2/2025,08:50:00 am,0,2025-10-02 08:50:00,8.265,8.425,9.999999999994457e-05
EWR-1,10/2/2025,09:00:00 am,0,2025-10-02 09:00:00,8.267,8.426,0.0002000000000000668
EWR-1,10/2/2025,09:10:00 am,0,2025-10-02 09:10:00,8.2686,8.428,9.999999999994457e-05
EWR-1,10/2/2025,09:20:00 am,0,2025-10-02 09:20:00,8.2715,8.429,9.999999999994457e-05
EWR-1,10/2/2025,09:30:00 am,0,2025-10-02 09:30:00,8.2767,8.43,9.999999999994457e-05
EWR-1,10/2/2025,09:40:00 am,0,2025-10-02 09:40:00,8.2879,8.431,0.00010000000000012221
EWR-1,10/2/2025,09:50:00 am,0,2025-10-02 09:50:00,8.2995,8.432,0.00019999999999988915
EWR-1,10/2/2025,10:00:00 am,0,2025-10-02 10:00:00,8.3146,8.434,0.000700000000000145
EWR-1,10/2/2025,10:10:00 am,0,2025-10-02 10:10:00,8.3299,8.441,0.0005999999999998451
EWR-1,10/2/2025,10:20:00 am,0,2025-10-02 10:20:00,8.3374,8.447,0.00030000000000001136
EWR-1,10/2/2025,10:30:00 am,0,2025-10-02 10:30:00,8.3444,8.45,0.00030000000000001136
EWR-1,10/2/2025,10:40:00 am,0,2025-10-02 10:40:00,8.3514,8.453,0.00030000000000001136
EWR-1,10/2/2025,10:50:00 am,0,2025-10-02 10:50:00,8.3576,8.456,0.00030000000000001136
EWR-1,10/2/2025,11:00:00 am,0,2025-10-02 11:00:00,8.362,8.459,0.0002000000000000668
EWR-1,10/2/2025,11:10:00 am,0,2025-10-02 11:10:00,8.3664,8.461,0.00019999999999988915
EWR-1,10/2/2025,11:20:00 am,0,2025-10-02 11:20:00,8.3698,8.463,0.00030000000000001136
EWR-1,10/2/2025,11:30:00 am,0,2025-10-02 11:30:00,8.3731,8.466,0.0004000000000001336
EWR-1,10/2/2025,11:40:00 am,0,2025-10-02 11:40:00,8.3773,8.47,0.00039999999999995595
EWR-1,10/2/2025,11:50:00 am,0,2025-10-02 11:50:00,8.3821,8.474,0.00039999999999995595
EWR-1,10/2/2025,12:00:00 pm,0,2025-10-02 12:00:00,8.3846,8.478,0.00039999999999995595
EWR-1,10/2/2025,12:10:00 pm,0,2025-10-02 12:10:00,8.3886,8.482,0.0005000000000000782
EWR-1,10/2/2025,12:20:00 pm,0,2025-10-02 12:20:00,8.3916,8.487,0.00030000000000001136
EWR-1,10/2/2025,12:30:00 pm,0,2025-10-02 12:30:00,8.3957,8.49,0.00030000000000001136
EWR-1,10/2/2025,12:40:00 pm,0,2025-10-02 12:40:00,8.3983,8.493,0.00039999999999995595
EWR-1,10/2/2025,12:50:00 pm,0,2025-10-02 12:50:00,8.401,8.497,0.00030000000000001136
EWR-1,10/2/2025,01:00:00 pm,0,2025-10-02 13:00:00,8.4018,8.5,0.00039999999999995595
EWR-1,10/2/2025,01:10:00 pm,0,2025-10-02 13:10:00,8.4016,8.504,0.00039999999999995595
EWR-1,10/2/2025,01:20:00 pm,0,2025-10-02 13:20:00,8.4011,8.508,0.00030000000000001136
EWR-1,10/2/2025,01:30:00 pm,0,2025-10-02 13:30:00,8.4,8.511,0.0004000000000001336
EWR-1,10/2/2025,01:40:00 pm,0,2025-10-02 13:40:00,8.3988,8.515,0.0004999999999999005
EWR-1,10/2/2025,01:50:00 pm,0,2025-10-02 13:50:00,8.3978,8.52,0.00039999999999995595
EWR-1,10/2/2025,02:00:00 pm,0,2025-10-02 14:00:00,8.3972,8.524,0.00030000000000001136
EWR-1,10/2/2025,02:10:00 pm,0,2025-10-02 14:10:00,8.3985,8.527,0.0004000000000001336
EWR-1,10/2/2025,02:20:00 pm,0,2025-10-02 14:20:00,8.3995,8.531,0.0004999999999999005
EWR-1,10/2/2025,02:30:00 pm,0,2025-10-02 14:30:00,8.3981,8.536,0.00039999999999995595
EWR-1,10/2/2025,02:40:00 pm,0,2025-10-02 14:40:00,8.3976,8.54,0.0004000000000001336
EWR-1,10/2/2025,02:50:00 pm,0,2025-10-02 14:50:00,8.398,8.544,0.0004999999999999005
EWR-1,10/2/2025,03:00:00 pm,0,2025-10-02 15:00:00,8.4002,8.549,0.0005000000000000782
EWR-1,10/2/2025,03:10:00 pm,0,2025-10-02 15:10:00,8.4018,8.554,0.0004999999999999005
EWR-1,10/2/2025,03:20:00 pm,0,2025-10-02 15:20:00,8.4001,8.559,0.000700000000000145
EWR-1,10/2/2025,03:30:00 pm,0,2025-10-02 15:30:00,8.3999,8.566,0.0005999999999998451
EWR-1,10/2/2025,03:40:00 pm,0,2025-10-02 15:40:00,8.3992,8.572,0.0005000000000000782
EWR-1,10/2/2025,03:50:00 pm,0,2025-10-02 15:50:00,8.3993,8.577,0.0005000000000000782
EWR-1,10/2/2025,04:00:00 pm,0,2025-10-02 16:00:00,8.3971,8.582,0.0005999999999998451
EWR-1,10/2/2025,04:10:00 pm,0,2025-10-02 16:10:00,8.3951,8.588,0.0005000000000000782
EWR-1,10/2/2025,04:20:00 pm,0,2025-10-02 16:20:00,8.3944,8.593,0.00039999999999995595
EWR-1,10/2/2025,04:30:00 pm,0,2025-10-02 16:30:00,8.3937,8.597,0.0004000000000001336
EWR-1,10/2/2025,04:40:00 pm,0,2025-10-02 16:40:00,8.3956,8.601,0.0002999999999998337
EWR-1,10/2/2025,04:50:00 pm,0,2025-10-02 16:50:00,8.397,8.604,0.0005000000000000782
EWR-1,10/2/2025,05:00:00 pm,0,2025-10-02 17:00:00,8.3972,8.609,0.0005000000000000782
EWR-1,10/2/2025,05:10:00 pm,0,2025-10-02 17:10:00,8.3968,8.614,0.0004999999999999005
EWR-1,10/2/2025,05:20:00 pm,0,2025-10-02 17:20:00,8.3967,8.619,0.00039999999999995595
EWR-1,10/2/2025,05:30:00 pm,0,2025-10-02 17:30:00,8.3957,8.623,0.0005000000000000782
EWR-1,10/2/2025,05:40:00 pm,0,2025-10-02 17:40:00,8.3956,8.628,0.00030000000000001136
EWR-1,10/2/2025,05:50:00 pm,0,2025-10-02 17:50:00,8.3946,8.631,0.00039999999999995595
EWR-1,10/2/2025,06:00:00 pm,0,2025-10-02 18:00:00,8.3941,8.635,0.00030000000000001136
EWR-1,10/2/2025,06:10:00 pm,0,2025-10-02 18:10:00,8.3938,8.638,0.00039999999999995595
EWR-1,10/2/2025,06:20:00 pm,0,2025-10-02 18:20:00,8.3922,8.642,0.00030000000000001136
EWR-1,10/2/2025,06:30:00 pm,0,2025-10-02 18:30:00,8.3911,8.645,0.00039999999999995595
EWR-1,10/2/2025,06:40:00 pm,0,2025-10-02 18:40:00,8.3923,8.649,0.00030000000000001136
EWR-1,10/2/2025,06:50:00 pm,0,2025-10-02 18:50:00,8.3915,8.652,0.00030000000000001136
EWR-1,10/2/2025,07:00:00 pm,0,2025-10-02 19:00:00,8.392,8.655,0.0002000000000000668
EWR-1,10/2/2025,07:10:00 pm,0,2025-10-02 19:10:00,8.3899,8.657,0.0002000000000000668
EWR-1,10/2/2025,07:20:00 pm,0,2025-10-02 19:20:00,8.3915,8.659,0.00019999999999988915
EWR-1,10/2/2025,07:30:00 pm,0,2025-10-02 19:30:00,8.3918,8.661,0.0002000000000000668
EWR-1,10/2/2025,07:40:00 pm,0,2025-10-02 19:40:00,8.3876,8.663,9.999999999994457e-05
EWR-1,10/2/2025,07:50:00 pm,0,2025-10-02 19:50:00,8.3888,8.664,0.0
EWR-1,10/2/2025,08:00:00 pm,0,2025-10-02 20:00:00,8.3907,8.664,9.999999999994457e-05
EWR-1,10/2/2025,08:10:00 pm,0,2025-10-02 20:10:00,8.3909,8.663,9.999999999994457e-05
EWR-1,10/2/2025,08:20:00 pm,0,2025-10-02 20:20:00,8.3905,8.664,9.999999999994457e-05
EWR-1,10/2/2025,08:30:00 pm,0,2025-10-02 20:30:00,8.3885,8.665,9.999999999994457e-05
EWR-1,10/2/2025,08:40:00 pm,0,2025-10-02 20:40:00,8.3889,8.664,0.0
EWR-1,10/2/2025,08:50:00 pm,0,2025-10-02 20:50:00,8.389,8.664,0.0
EWR-1,10/2/2025,09:00:00 pm,0,2025-10-02 21:00:00,8.3893,8.664,0.00019999999999988915
EWR-1,10/2/2025,09:10:00 pm,0,2025-10-02 21:10:00,8.389,8.662,0.0002000000000000668
EWR-1,10/2/2025,09:20:00 pm,0,2025-10-02 21:20:00,8.3888,8.66,9.999999999994457e-05
EWR-1,10/2/2025,09:30:00 pm,0,2025-10-02 21:30:00,8.3889,8.659,0.0002000000000000668
EWR-1,10/2/2025,09:40:00 pm,0,2025-10-02 21:40:00,8.3878,8.657,0.00030000000000001136
EWR-1,10/2/2025,09:50:00 pm,0,2025-10-02 21:50:00,8.3881,8.654,0.00039999999999995595
EWR-1,10/2/2025,10:00:00 pm,0,2025-10-02 22:00:00,8.3884,8.65,0.00030000000000001136
EWR-1,10/2/2025,10:10:00 pm,0,2025-10-02 22:10:00,8.388,8.647,0.0005000000000000782
EWR-1,10/2/2025,10:20:00 pm,0,2025-10-02 22:20:00,8.3883,8.642,0.0006000000000000227
EWR-1,10/2/2025,10:30:00 pm,0,2025-10-02 22:30:00,8.3897,8.636,0.0007999999999999119
EWR-1,10/2/2025,10:40:00 pm,0,2025-10-02 22:40:00,8.3895,8.628,0.0009000000000000341
EWR-1,10/2/2025,10:50:00 pm,0,2025-10-02 22:50:00,8.3875,8.619,0.0009999999999999788
EWR-1,10/2/2025,11:00:00 pm,0,2025-10-02 23:00:00,8.3875,8.609,0.0009999999999999788
EWR-1,10/2/2025,11:10:00 pm,0,2025-10-02 23:10:00,8.3861,8.599,0.001100000000000101
EWR-1,10/2/2025,11:20:00 pm,0,2025-10-02 23:20:00,8.385,8.588,0.0011999999999998678
EWR-1,10/2/2025,11:30:00 pm,0,2025-10-02 23:30:00,8.3828,8.576,0.00129999999999999
EWR-1,10/2/2025,11:40:00 pm,0,2025-10-02 23:40:00,8.3825,8.563,0.00129999999999999
EWR-1,10/2/2025,11:50:00 pm,0,2025-10-02 23:50:00,8.3838,8.55,0.00129999999999999
EWR-1,10/3/2025,12:00:00 am,0,2025-10-03 00:00:00,8.3842,8.537,0.0014000000000001123
EWR-1,10/3/2025,12:10:00 am,0,2025-10-03 00:10:00,8.3825,8.523,0.0013999999999999347
EWR-1,10/3/2025,12:20:00 am,0,2025-10-03 00:20:00,8.3809,8.509,0.001699999999999946
EWR-1,10/3/2025,12:30:00 am,0,2025-10-03 00:30:00,8.3791,8.492,0.0017000000000001237
EWR-1,10/3/2025,12:40:00 am,0,2025-10-03 00:40:00,8.3789,8.475,0.001699999999999946
EWR-1,10/3/2025,12:50:00 am,0,2025-10-03 00:50:00,8.3783,8.458,0.0019000000000000128
EWR-1,10/3/2025,01:00:00 am,0,2025-10-03 01:00:00,8.3765,8.439,0.0019000000000000128
EWR-1,10/3/2025,01:10:00 am,0,2025-10-03 01:10:00,8.3763,8.42,0.0021000000000000797
EWR-1,10/3/2025,01:20:00 am,0,2025-10-03 01:20:00,8.3766,8.399,0.002099999999999902
EWR-1,10/3/2025,01:30:00 am,0,2025-10-03 01:30:00,8.3757,8.378,0.0022999999999999687
EWR-1,10/3/2025,01:40:00 am,0,2025-10-03 01:40:00,8.3751,8.355,0.002200000000000024
EWR-1,10/3/2025,01:50:00 am,0,2025-10-03 01:50:00,8.3755,8.333,0.0022999999999999687
EWR-1,10/3/2025,02:00:00 am,0,2025-10-03 02:00:00,8.3751,8.31,0.0022999999999999687
EWR-1,10/3/2025,02:10:00 am,0,2025-10-03 02:10:00,8.3727,8.287,0.0023000000000001465
EWR-1,10/3/2025,02:20:00 am,0,2025-10-03 02:20:00,8.371,8.264,0.0023999999999999135
EWR-1,10/3/2025,02:30:00 am,0,2025-10-03 02:30:00,8.3693,8.24,0.002400000000000091
EWR-1,10/3/2025,02:40:00 am,0,2025-10-03 02:40:00,8.3677,8.216,0.002499999999999858
EWR-1,10/3/2025,02:50:00 am,0,2025-10-03 02:50:00,8.3667,8.191,0.002400000000000091
EWR-1,10/3/2025,03:00:00 am,0,2025-10-03 03:00:00,8.3654,8.167,0.00259999999999998
EWR-1,10/3/2025,03:10:00 am,0,2025-10-03 03:10:00,8.3656,8.141,0.0025000000000000356
EWR-1,10/3/2025,03:20:00 am,0,2025-10-03 03:20:00,8.3651,8.116,0.0026999999999999247
EWR-1,10/3/2025,03:30:00 am,0,2025-10-03 03:30:00,8.365,8.089,0.00259999999999998
EWR-1,10/3/2025,03:40:00 am,0,2025-10-03 03:40:00,8.3639,8.063,0.0025000000000000356
EWR-1,10/3/2025,03:50:00 am,0,2025-10-03 03:50:00,8.3627,8.038,0.0025000000000000356
EWR-1,10/3/2025,04:00:00 am,0,2025-10-03 04:00:00,8.3622,8.013,0.002400000000000002
EWR-1,10/3/2025,04:10:00 am,0,2025-10-03 04:10:00,8.3611,7.989,0.00259999999999998
EWR-1,10/3/2025,04:20:00 am,0,2025-10-03 04:20:00,8.3613,7.963,0.0035000000000000144
EWR-1,10/3/2025,04:30:00 am,0,2025-10-03 04:30:00,8.3606,7.928,0.0036999999999999924
EWR-1,10/3/2025,04:40:00 am,0,2025-10-03 04:40:00,8.36,7.891,0.0030999999999999695
EWR-1,10/3/2025,04:50:00 am,0,2025-10-03 04:50:00,8.3595,7.86,0.0034000000000000696
EWR-1,10/3/2025,05:00:00 am,0,2025-10-03 05:00:00,8.3586,7.826,0.0026999999999999247
EWR-1,10/3/2025,05:10:00 am,0,2025-10-03 05:10:00,8.3572,7.799,0.0032000000000000028
EWR-1,10/3/2025,05:20:00 am,0,2025-10-03 05:20:00,8.3571,7.767,0.0028999999999999916
EWR-1,10/3/2025,05:30:00 am,0,2025-10-03 05:30:00,8.3579,7.738,0.002800000000000047
EWR-1,10/3/2025,05:40:00 am,0,2025-10-03 05:40:00,8.358,7.71,0.0022999999999999687
EWR-1,10/3/2025,05:50:00 am,0,2025-10-03 05:50:00,8.3598,7.687,0.0025000000000000356
EWR-1,10/3/2025,06:00:00 am,0,2025-10-03 06:00:00,8.359,7.662,0.0027000000000000136
EWR-1,10/3/2025,06:10:00 am,0,2025-10-03 06:10:00,8.3586,7.635,0.00259999999999998
EWR-1,10/3/2025,06:20:00 am,0,2025-10-03 06:20:00,8.3597,7.609,0.0032000000000000028
EWR-1,10/3/2025,06:30:00 am,0,2025-10-03 06:30:00,8.3593,7.577,0.0033000000000000364
EWR-1,10/3/2025,06:40:00 am,0,2025-10-03 06:40:00,8.3595,7.544,0.0022999999999999687
EWR-1,10/3/2025,06:50:00 am,0,2025-10-03 06:50:00,8.3603,7.521,0.0017000000000000348
EWR-1,10/3/2025,07:00:00 am,0,2025-10-03 07:00:00,8.3609,7.504,0.0019999999999999575
EWR-1,10/3/2025,07:10:00 am,0,2025-10-03 07:10:00,8.3613,7.484,0.0025000000000000356
EWR-1,10/3/2025,07:20:00 am,0,2025-10-03 07:20:00,8.3613,7.459,0.0016000000000000014
EWR-1,10/3/2025,07:30:00 am,0,2025-10-03 07:30:00,8.3611,7.443,0.0010999999999999233
EWR-1,10/3/2025,07:40:00 am,0,2025-10-03 07:40:00,8.3606,7.432,0.0007000000000000562
EWR-1,10/3/2025,07:50:00 am,0,2025-10-03 07:50:00,8.3593,7.425,0.0006000000000000227
EWR-1,10/3/2025,08:00:00 am,0,2025-10-03 08:00:00,8.3599,7.419,0.00039999999999995595
EWR-1,10/3/2025,08:10:00 am,0,2025-10-03 08:10:00,8.3598,7.415,0.0012000000000000454
EWR-1,10/3/2025,08:20:00 am,0,2025-10-03 08:20:00,8.3595,7.403,0.0011999999999999567
EWR-1,10/3/2025,08:30:00 am,0,2025-10-03 08:30:00,8.3598,7.391,0.0006000000000000227
EWR-1,10/3/2025,08:40:00 am,0,2025-10-03 08:40:00,8.3593,7.385,0.0006000000000000227
EWR-1,10/3/2025,08:50:00 am,0,2025-10-03 08:50:00,8.3593,7.379,0.00039999999999995595
EWR-1,10/3/2025,09:00:00 am,0,2025-10-03 09:00:00,8.3593,7.375,0.0001000000000000334
EWR-1,10/3/2025,09:10:00 am,0,2025-10-03 09:10:00,8.3597,7.376,0.0
EWR-1,10/3/2025,09:20:00 am,0,2025-10-03 09:20:00,8.3605,7.376,0.0008000000000000007
EWR-1,10/3/2025,09:30:00 am,0,2025-10-03 09:30:00,8.3602,7.368,0.0004999999999999894
EWR-1,10/3/2025,09:40:00 am,0,2025-10-03 09:40:00,8.359,7.363,0.0012000000000000454
EWR-1,10/3/2025,09:50:00 am,0,2025-10-03 09:50:00,8.3584,7.351,0.0020999999999999908
EWR-1,10/3/2025,10:00:00 am,0,2025-10-03 10:00:00,8.3594,7.33,0.0009999999999999788
EWR-1,10/3/2025,10:10:00 am,0,2025-10-03 10:10:00,8.3607,7.32,0.00129999999999999
EWR-1,10/3/2025,10:20:00 am,0,2025-10-03 10:20:00,8.3616,7.307,0.001100000000000012
EWR-1,10/3/2025,10:30:00 am,0,2025-10-03 10:30:00,8.3619,7.296,0.0012000000000000454
EWR-1,10/3/2025,10:40:00 am,0,2025-10-03 10:40:00,8.3618,7.284,0.0009999999999999788
EWR-1,10/3/2025,10:50:00 am,0,2025-10-03 10:50:00,8.3615,7.274,0.0006000000000000227
EWR-1,10/3/2025,11:00:00 am,0,2025-10-03 11:00:00,8.3616,7.268,0.00019999999999997797
EWR-1,10/3/2025,11:10:00 am,0,2025-10-03 11:10:00,8.3613,7.266,0.00039999999999995595
EWR-1,10/3/2025,11:20:00 am,0,2025-10-03 11:20:00,8.3615,7.27,0.0007000000000000562
EWR-1,10/3/2025,11:30:00 am,0,2025-10-03 11:30:00,8.361,7.277,0.00039999999999995595
EWR-1,10/3/2025,11:40:00 am,0,2025-10-03 11:40:00,8.3605,7.281,9.999999999994457e-05
EWR-1,10/3/2025,11:50:00 am,0,2025-10-03 11:50:00,8.3598,7.28,0.0004999999999999894
EWR-1,10/3/2025,12:00:00 pm,0,2025-10-03 12:00:00,8.3579,7.285,0.0008999999999999453
EWR-1,10/3/2025,12:10:00 pm,0,2025-10-03 12:10:00,8.3568,7.294,0.0012000000000000454
EWR-1,10/3/2025,12:20:00 pm,0,2025-10-03 12:20:00,8.3564,7.306,0.0011999999999999567
EWR-1,10/3/2025,12:30:00 pm,0,2025-10-03 12:30:00,8.3559,7.318,0.0015000000000000568
EWR-1,10/3/2025,12:40:00 pm,0,2025-10-03 12:40:00,8.3552,7.333,0.0016000000000000014
EWR-1,10/3/2025,12:50:00 pm,0,2025-10-03 12:50:00,8.3542,7.349,0.0016000000000000014
EWR-1,10/3/2025,01:00:00 pm,0,2025-10-03 13:00:00,8.3536,7.365,0.0016000000000000014
EWR-1,10/3/2025,01:10:00 pm,0,2025-10-03 13:10:00,8.3532,7.381,0.0017999999999999794
EWR-1,10/3/2025,01:20:00 pm,0,2025-10-03 13:20:00,8.3526,7.399,0.0019999999999999575
EWR-1,10/3/2025,01:30:00 pm,0,2025-10-03 13:30:00,8.3508,7.419,0.0019000000000000128
EWR-1,10/3/2025,01:40:00 pm,0,2025-10-03 13:40:00,8.3491,7.438,0.0018000000000000683
EWR-1,10/3/2025,01:50:00 pm,0,2025-10-03 13:50:00,8.3474,7.456,0.0018999999999999239
EWR-1,10/3/2025,02:00:00 pm,0,2025-10-03 14:00:00,8.3454,7.475,0.0019000000000000128
EWR-1,10/3/2025,02:10:00 pm,0,2025-10-03 14:10:00,8.3447,7.494,0.0020999999999999908
EWR-1,10/3/2025,02:20:00 pm,0,2025-10-03 14:20:00,8.3436,7.515,0.0023000000000000576
EWR-1,10/3/2025,02:30:00 pm,0,2025-10-03 14:30:00,8.3437,7.538,0.002400000000000002
EWR-1,10/3/2025,02:40:00 pm,0,2025-10-03 14:40:00,8.3453,7.562,0.0024999999999999467
EWR-1,10/3/2025,02:50:00 pm,0,2025-10-03 14:50:00,8.3475,7.587,0.0025000000000000356
EWR-1,10/3/2025,03:00:00 pm,0,2025-10-03 15:00:00,8.3483,7.612,0.0022999999999999687
EWR-1,10/3/2025,03:10:00 pm,0,2025-10-03 15:10:00,8.3472,7.635,0.002000000000000046
EWR-1,10/3/2025,03:20:00 pm,0,2025-10-03 15:20:00,8.3469,7.655,0.0017999999999999794
EWR-1,10/3/2025,03:30:00 pm,0,2025-10-03 15:30:00,8.3474,7.673,0.0017000000000000348
EWR-1,10/3/2025,03:40:00 pm,0,2025-10-03 15:40:00,8.3469,7.69,0.001699999999999946
EWR-1,10/3/2025,03:50:00 pm,0,2025-10-03 15:50:00,8.3467,7.707,0.0016000000000000014
EWR-1,10/3/2025,04:00:00 pm,0,2025-10-03 16:00:00,8.3452,7.723,0.0016000000000000014
EWR-1,10/3/2025,04:10:00 pm,0,2025-10-03 16:10:00,8.3449,7.739,0.0017000000000000348
EWR-1,10/3/2025,04:20:00 pm,0,2025-10-03 16:20:00,8.3457,7.756,0.0016000000000000014
EWR-1,10/3/2025,04:30:00 pm,0,2025-10-03 16:30:00,8.3464,7.772,0.001699999999999946
EWR-1,10/3/2025,04:40:00 pm,0,2025-10-03 16:40:00,8.347,7.789,0.0017000000000000348
EWR-1,10/3/2025,04:50:00 pm,0,2025-10-03 16:50:00,8.3471,7.806,0.0017000000000000348
EWR-1,10/3/2025,05:00:00 pm,0,2025-10-03 17:00:00,8.347,7.823,0.0016000000000000014
EWR-1,10/3/2025,05:10:00 pm,0,2025-10-03 17:10:00,8.3464,7.839,0.001499999999999968
EWR-1,10/3/2025,05:20:00 pm,0,2025-10-03 17:20:00,8.3464,7.854,0.00129999999999999
EWR-1,10/3/2025,05:30:00 pm,0,2025-10-03 17:30:00,8.3465,7.867,0.001100000000000012
EWR-1,10/3/2025,05:40:00 pm,0,2025-10-03 17:40:00,8.3457,7.878,0.001100000000000012
EWR-1,10/3/2025,05:50:00 pm,0,2025-10-03 17:50:00,8.3454,7.889,0.0008999999999999453
EWR-1,10/3/2025,06:00:00 pm,0,2025-10-03 18:00:00,8.345,7.898,0.0009000000000000341
EWR-1,10/3/2025,06:10:00 pm,0,2025-10-03 18:10:00,8.344,7.907,0.0008000000000000007
EWR-1,10/3/2025,06:20:00 pm,0,2025-10-03 18:20:00,8.3442,7.915,0.0008000000000000007
EWR-1,10/3/2025,06:30:00 pm,0,2025-10-03 18:30:00,8.3446,7.923,0.0006999999999999674
EWR-1,10/3/2025,06:40:00 pm,0,2025-10-03 18:40:00,8.3455,7.93,0.0006000000000000227
EWR-1,10/3/2025,06:50:00 pm,0,2025-10-03 18:50:00,8.3456,7.936,0.0004999999999999894
EWR-1,10/3/2025,07:00:00 pm,0,2025-10-03 19:00:00,8.3451,7.941,0.00030000000000001136
EWR-1,10/3/2025,07:10:00 pm,0,2025-10-03 19:10:00,8.3454,7.944,0.00030000000000001136
EWR-1,10/3/2025,07:20:00 pm,0,2025-10-03 19:20:00,8.3454,7.947,0.00019999999999997797
EWR-1,10/3/2025,07:30:00 pm,0,2025-10-03 19:30:00,8.3456,7.949,0.0001000000000000334
EWR-1,10/3/2025,07:40:00 pm,0,2025-10-03 19:40:00,8.3458,7.95,0.0
EWR-1,10/3/2025,07:50:00 pm,0,2025-10-03 19:50:00,8.3453,7.95,0.00019999999999997797
EWR-1,10/3/2025,08:00:00 pm,0,2025-10-03 20:00:00,8.3458,7.948,0.0005000000000000782
EWR-1,10/3/2025,08:10:00 pm,0,2025-10-03 20:10:00,8.3459,7.943,0.0004999999999999894
EWR-1,10/3/2025,08:20:00 pm,0,2025-10-03 20:20:00,8.3457,7.938,0.0004999999999999894
EWR-1,10/3/2025,08:30:00 pm,0,2025-10-03 20:30:00,8.3457,7.933,0.0004999999999999894
EWR-1,10/3/2025,08:40:00 pm,0,2025-10-03 20:40:00,8.3457,7.928,0.00030000000000001136
EWR-1,10/3/2025,08:50:00 pm,0,2025-10-03 20:50:00,8.3449,7.925,0.00039999999999995595
EWR-1,10/3/2025,09:00:00 pm,0,2025-10-03 21:00:00,8.3451,7.921,0.00030000000000001136
EWR-1,10/3/2025,09:10:00 pm,0,2025-10-03 21:10:00,8.3442,7.918,0.00030000000000001136
EWR-1,10/3/2025,09:20:00 pm,0,2025-10-03 21:20:00,8.3439,7.915,0.00019999999999997797
EWR-1,10/3/2025,09:30:00 pm,0,2025-10-03 21:30:00,8.3431,7.913,0.0001000000000000334
EWR-1,10/3/2025,09:40:00 pm,0,2025-10-03 21:40:00,8.3422,7.912,0.0004999999999999894
EWR-1,10/3/2025,09:50:00 pm,0,2025-10-03 21:50:00,8.342,7.907,0.00019999999999997797
EWR-1,10/3/2025,10:00:00 pm,0,2025-10-03 22:00:00,8.3416,7.905,0.00030000000000001136
EWR-1,10/3/2025,10:10:00 pm,0,2025-10-03 22:10:00,8.3401,7.902,0.0004999999999999894
EWR-1,10/3/2025,10:20:00 pm,0,2025-10-03 22:20:00,8.3387,7.897,0.00040000000000004474
EWR-1,10/3/2025,10:30:00 pm,0,2025-10-03 22:30:00,8.3385,7.893,0.0006000000000000227
EWR-1,10/3/2025,10:40:00 pm,0,2025-10-03 22:40:00,8.3377,7.887,0.0005999999999999339
EWR-1,10/3/2025,10:50:00 pm,0,2025-10-03 22:50:00,8.3371,7.881,0.0007000000000000562
EWR-1,10/3/2025,11:00:00 pm,0,2025-10-03 23:00:00,8.3376,7.874,0.0008999999999999453
EWR-1,10/3/2025,11:10:00 pm,0,2025-10-03 23:10:00,8.3366,7.865,0.0009999999999999788
EWR-1,10/3/2025,11:20:00 pm,0,2025-10-03 23:20:00,8.3351,7.855,0.0008000000000000007
EWR-1,10/3/2025,11:30:00 pm,0,2025-10-03 23:30:00,8.3338,7.847,0.0007000000000000562
EWR-1,10/3/2025,11:40:00 pm,0,2025-10-03 23:40:00,8.3338,7.84,0.0006999999999999674
EWR-1,10/3/2025,11:50:00 pm,0,2025-10-03 23:50:00,8.3329,7.833,0.00040000000000004474
EWR-1,10/4/2025,12:00:00 am,0,2025-10-04 00:00:00,8.3314,7.829,0.0008000000000000007
EWR-1,10/4/2025,12:10:00 am,0,2025-10-04 00:10:00,8.3302,7.821,0.0004999999999999894
EWR-1,10/4/2025,12:20:00 am,0,2025-10-04 00:20:00,8.3301,7.816,0.0006999999999999674
EWR-1,10/4/2025,12:30:00 am,0,2025-10-04 00:30:00,8.3291,7.809,0.0009000000000000341
EWR-1,10/4/2025,12:40:00 am,0,2025-10-04 00:40:00,8.3297,7.8,0.0006000000000000227
EWR-1,10/4/2025,12:50:00 am,0,2025-10-04 00:50:00,8.3287,7.794,0.0006999999999999674
EWR-1,10/4/2025,01:00:00 am,0,2025-10-04 01:00:00,8.3292,7.787,0.0004999999999999894
EWR-1,10/4/2025,01:10:00 am,0,2025-10-04 01:10:00,8.3291,7.782,0.0004999999999999894
EWR-1,10/4/2025,01:20:00 am,0,2025-10-04 01:20:00,8.3295,7.777,0.00040000000000004474
EWR-1,10/4/2025,01:30:00 am,0,2025-10-04 01:30:00,8.3293,7.773,0.00030000000000001136
EWR-1,10/4/2025,01:40:00 am,0,2025-10-04 01:40:00,8.329,7.77,0.00039999999999995595
EWR-1,10/4/2025,01:50:00 am,0,2025-10-04 01:50:00,8.3281,7.766,0.00030000000000001136
EWR-1,10/4/2025,02:00:00 am,0,2025-10-04 02:00:00,8.328,7.763,0.00019999999999997797
EWR-1,10/4/2025,02:10:00 am,0,2025-10-04 02:10:00,8.3273,7.761,0.00019999999999997797
EWR-1,10/4/2025,02:20:00 am,0,2025-10-04 02:20:00,8.327,7.759,0.00030000000000001136
EWR-1,10/4/2025,02:30:00 am,0,2025-10-04 02:30:00,8.3263,7.756,0.0004999999999999894
EWR-1,10/4/2025,02:40:00 am,0,2025-10-04 02:40:00,8.3256,7.751,0.0001000000000000334
EWR-1,10/4/2025,02:50:00 am,0,2025-10-04 02:50:00,8.3238,7.75,0.00030000000000001136
EWR-1,10/4/2025,03:00:00 am,0,2025-10-04 03:00:00,8.3243,7.747,9.999999999994457e-05
EWR-1,10/4/2025,03:10:00 am,0,2025-10-04 03:10:00,8.324,7.746,0.0005000000000000782
EWR-1,10/4/2025,03:20:00 am,0,2025-10-04 03:20:00,8.3235,7.741,0.00019999999999997797
EWR-1,10/4/2025,03:30:00 am,0,2025-10-04 03:30:00,8.3237,7.739,0.00039999999999995595
EWR-1,10/4/2025,03:40:00 am,0,2025-10-04 03:40:00,8.3231,7.735,0.00040000000000004474
EWR-1,10/4/2025,03:50:00 am,0,2025-10-04 03:50:00,8.3231,7.731,0.0008999999999999453
EWR-1,10/4/2025,04:00:00 am,0,2025-10-04 04:00:00,8.322,7.722,0.0006000000000000227
EWR-1,10/4/2025,04:10:00 am,0,2025-10-04 04:10:00,8.3217,7.716,0.0008000000000000007
EWR-1,10/4/2025,04:20:00 am,0,2025-10-04 04:20:00,8.3227,7.708,0.0008000000000000007
EWR-1,10/4/2025,04:30:00 am,0,2025-10-04 04:30:00,8.3218,7.7,0.0004999999999999894
EWR-1,10/4/2025,04:40:00 am,0,2025-10-04 04:40:00,8.3215,7.695,0.0006000000000000227
EWR-1,10/4/2025,04:50:00 am,0,2025-10-04 04:50:00,8.3212,7.689,0.0006000000000000227
EWR-1,10/4/2025,05:00:00 am,0,2025-10-04 05:00:00,8.321,7.683,0.00030000000000001136
EWR-1,10/4/2025,05:10:00 am,0,2025-10-04 05:10:00,8.3215,7.68,0.0006999999999999674
EWR-1,10/4/2025,05:20:00 am,0,2025-10-04 05:20:00,8.3207,7.673,0.0006999999999999674
EWR-1,10/4/2025,05:30:00 am,0,2025-10-04 05:30:00,8.3201,7.666,0.0007000000000000562
EWR-1,10/4/2025,05:40:00 am,0,2025-10-04 05:40:00,8.3199,7.659,0.0006000000000000227
EWR-1,10/4/2025,05:50:00 am,0,2025-10-04 05:50:00,8.32,7.653,0.0006999999999999674
EWR-1,10/4/2025,06:00:00 am,0,2025-10-04 06:00:00,8.3204,7.646,0.0009999999999999788
EWR-1,10/4/2025,06:10:00 am,0,2025-10-04 06:10:00,8.3195,7.636,0.001100000000000012
EWR-1,10/4/2025,06:20:00 am,0,2025-10-04 06:20:00,8.3197,7.625,0.0009000000000000341
EWR-1,10/4/2025,06:30:00 am,0,2025-10-04 06:30:00,8.3193,7.616,0.0006999999999999674
EWR-1,10/4/2025,06:40:00 am,0,2025-10-04 06:40:00,8.3199,7.609,0.0006000000000000227
EWR-1,10/4/2025,06:50:00 am,0,2025-10-04 06:50:00,8.3202,7.603,0.0016000000000000014
EWR-1,10/4/2025,07:00:00 am,0,2025-10-04 07:00:00,8.3206,7.587,0.001100000000000012
EWR-1,10/4/2025,07:10:00 am,0,2025-10-04 07:10:00,8.3196,7.576,0.0009999999999999788
EWR-1,10/4/2025,07:20:00 am,0,2025-10-04 07:20:00,8.3193,7.566,0.0008999999999999453
EWR-1,10/4/2025,07:30:00 am,0,2025-10-04 07:30:00,8.3194,7.557,0.0014000000000000234
EWR-1,10/4/2025,07:40:00 am,0,2025-10-04 07:40:00,8.3186,7.543,0.001100000000000012
EWR-1,10/4/2025,07:50:00 am,0,2025-10-04 07:50:00,8.3187,7.532,0.0009000000000000341
EWR-1,10/4/2025,08:00:00 am,0,2025-10-04 08:00:00,8.3186,7.523,0.0006999999999999674
EWR-1,10/4/2025,08:10:00 am,0,2025-10-04 08:10:00,8.3189,7.516,0.0008000000000000007
EWR-1,10/4/2025,08:20:00 am,0,2025-10-04 08:20:00,8.3191,7.508,0.0004999999999999894
EWR-1,10/4/2025,08:30:00 am,0,2025-10-04 08:30:00,8.3184,7.503,0.0014000000000000234
EWR-1,10/4/2025,08:40:00 am,0,2025-10-04 08:40:00,8.3189,7.489,0.0006000000000000227
EWR-1,10/4/2025,08:50:00 am,0,2025-10-04 08:50:00,8.3187,7.483,0.0005999999999999339
EWR-1,10/4/2025,09:00:00 am,0,2025-10-04 09:00:00,8.3189,7.477,0.0007000000000000562
EWR-1,10/4/2025,09:10:00 am,0,2025-10-04 09:10:00,8.3188,7.47,0.0008000000000000007
EWR-1,10/4/2025,09:20:00 am,0,2025-10-04 09:20:00,8.3188,7.462,0.0008000000000000007
EWR-1,10/4/2025,09:30:00 am,0,2025-10-04 09:30:00,8.3185,7.454,0.0006999999999999674
EWR-1,10/4/2025,09:40:00 am,0,2025-10-04 09:40:00,8.3182,7.447,0.00040000000000004474
EWR-1,10/4/2025,09:50:00 am,0,2025-10-04 09:50:00,8.3179,7.443,0.00019999999999997797
EWR-1,10/4/2025,10:00:00 am,0,2025-10-04 10:00:00,8.3182,7.441,0.0006000000000000227
EWR-1,10/4/2025,10:10:00 am,0,2025-10-04 10:10:00,8.318,7.435,0.0004999999999999894
EWR-1,10/4/2025,10:20:00 am,0,2025-10-04 10:20:00,8.3176,7.43,0.00019999999999997797
EWR-1,10/4/2025,10:30:00 am,0,2025-10-04 10:30:00,8.316,7.428,0.00039999999999995595
EWR-1,10/4/2025,10:40:00 am,0,2025-10-04 10:40:00,8.315,7.424,0.0006000000000000227
EWR-1,10/4/2025,10:50:00 am,0,2025-10-04 10:50:00,8.3138,7.418,0.0004999999999999894
EWR-1,10/4/2025,11:00:00 am,0,2025-10-04 11:00:00,8.3117,7.413,0.0001000000000000334
EWR-1,10/4/2025,11:10:00 am,0,2025-10-04 11:10:00,8.3116,7.412,0.00019999999999997797
EWR-1,10/4/2025,11:20:00 am,0,2025-10-04 11:20:00,8.3113,7.41,0.00030000000000001136
EWR-1,10/4/2025,11:30:00 am,0,2025-10-04 11:30:00,8.3106,7.407,0.0006000000000000227
EWR-1,10/4/2025,11:40:00 am,0,2025-10-04 11:40:00,8.3091,7.401,0.00030000000000001136
EWR-1,10/4/2025,11:50:00 am,0,2025-10-04 11:50:00,8.309,7.398,0.0
EWR-1,10/4/2025,12:00:00 pm,0,2025-10-04 12:00:00,8.3081,7.398,0.0001000000000000334
EWR-1,10/4/2025,12:10:00 pm,0,2025-10-04 12:10:00,8.308,7.399,0.0001000000000000334
EWR-1,10/4/2025,12:20:00 pm,0,2025-10-04 12:20:00,8.307,7.4,9.999999999994457e-05
EWR-1,10/4/2025,12:30:00 pm,0,2025-10-04 12:30:00,8.3061,7.401,0.0
EWR-1,10/4/2025,12:40:00 pm,0,2025-10-04 12:40:00,8.3063,7.401,0.00040000000000004474
EWR-1,10/4/2025,12:50:00 pm,0,2025-10-04 12:50:00,8.3063,7.405,0.00019999999999997797
EWR-1,10/4/2025,01:00:00 pm,0,2025-10-04 13:00:00,8.3048,7.407,0.00030000000000001136
EWR-1,10/4/2025,01:10:00 pm,0,2025-10-04 13:10:00,8.3033,7.41,0.00030000000000001136
EWR-1,10/4/2025,01:20:00 pm,0,2025-10-04 13:20:00,8.3032,7.413,0.00039999999999995595
EWR-1,10/4/2025,01:30:00 pm,0,2025-10-04 13:30:00,8.3019,7.417,0.0007000000000000562
EWR-1,10/4/2025,01:40:00 pm,0,2025-10-04 13:40:00,8.3011,7.424,0.0008000000000000007
EWR-1,10/4/2025,01:50:00 pm,0,2025-10-04 13:50:00,8.2994,7.432,0.0009999999999999788
EWR-1,10/4/2025,02:00:00 pm,0,2025-10-04 14:00:00,8.2973,7.442,0.0008000000000000007
EWR-1,10/4/2025,02:10:00 pm,0,2025-10-04 14:10:00,8.2969,7.45,0.0008999999999999453
EWR-1,10/4/2025,02:20:00 pm,0,2025-10-04 14:20:00,8.296,7.459,0.0010000000000000675
EWR-1,10/4/2025,02:30:00 pm,0,2025-10-04 14:30:00,8.296,7.469,0.001100000000000012
EWR-1,10/4/2025,02:40:00 pm,0,2025-10-04 14:40:00,8.2955,7.48,0.0008000000000000007
EWR-1,10/4/2025,02:50:00 pm,0,2025-10-04 14:50:00,8.2945,7.488,0.0008999999999999453
EWR-1,10/4/2025,03:00:00 pm,0,2025-10-04 15:00:00,8.2937,7.497,0.0009000000000000341
EWR-1,10/4/2025,03:10:00 pm,0,2025-10-04 15:10:00,8.2932,7.506,0.0008000000000000007
EWR-1,10/4/2025,03:20:00 pm,0,2025-10-04 15:20:00,8.2929,7.514,0.0005999999999999339
EWR-1,10/4/2025,03:30:00 pm,0,2025-10-04 15:30:00,8.2924,7.52,0.0008000000000000007
EWR-1,10/4/2025,03:40:00 pm,0,2025-10-04 15:40:00,8.292,7.528,0.0008000000000000007
EWR-1,10/4/2025,03:50:00 pm,0,2025-10-04 15:50:00,8.2904,7.536,0.0010000000000000675
EWR-1,10/4/2025,04:00:00 pm,0,2025-10-04 16:00:00,8.2901,7.546,0.0008000000000000007
EWR-1,10/4/2025,04:10:00 pm,0,2025-10-04 16:10:00,8.2885,7.554,0.0008000000000000007
EWR-1,10/4/2025,04:20:00 pm,0,2025-10-04 16:20:00,8.2881,7.562,0.0006999999999999674
EWR-1,10/4/2025,04:30:00 pm,0,2025-10-04 16:30:00,8.2875,7.569,0.0006999999999999674
EWR-1,10/4/2025,04:40:00 pm,0,2025-10-04 16:40:00,8.287,7.576,0.0007000000000000562
EWR-1,10/4/2025,04:50:00 pm,0,2025-10-04 16:50:00,8.2866,7.583,0.0006999999999999674
EWR-1,10/4/2025,05:00:00 pm,0,2025-10-04 17:00:00,8.2867,7.59,0.0004999999999999894
EWR-1,10/4/2025,05:10:00 pm,0,2025-10-04 17:10:00,8.287,7.595,0.00030000000000001136
EWR-1,10/4/2025,05:20:00 pm,0,2025-10-04 17:20:00,8.2869,7.598,0.00040000000000004474
EWR-1,10/4/2025,05:30:00 pm,0,2025-10-04 17:30:00,8.2867,7.602,0.00030000000000001136
EWR-1,10/4/2025,05:40:00 pm,0,2025-10-04 17:40:00,8.2856,7.605,9.999999999994457e-05
EWR-1,10/4/2025,05:50:00 pm,0,2025-10-04 17:50:00,8.2854,7.606,0.0001000000000000334
EWR-1,10/4/2025,06:00:00 pm,0,2025-10-04 18:00:00,8.2853,7.607,9.999999999994457e-05
EWR-1,10/4/2025,06:10:00 pm,0,2025-10-04 18:10:00,8.2857,7.608,0.0
EWR-1,10/4/2025,06:20:00 pm,0,2025-10-04 18:20:00,8.2855,7.608,0.0
EWR-1,10/4/2025,06:30:00 pm,0,2025-10-04 18:30:00,8.2864,7.608,9.999999999994457e-05
EWR-1,10/4/2025,06:40:00 pm,0,2025-10-04 18:40:00,8.2872,7.607,0.00019999999999997797
EWR-1,10/4/2025,06:50:00 pm,0,2025-10-04 18:50:00,8.2879,7.605,0.00030000000000001136
EWR-1,10/4/2025,07:00:00 pm,0,2025-10-04 19:00:00,8.2878,7.602,0.00040000000000004474
EWR-1,10/4/2025,07:10:00 pm,0,2025-10-04 19:10:00,8.2875,7.598,0.00039999999999995595
EWR-1,10/4/2025,07:20:00 pm,0,2025-10-04 19:20:00,8.2874,7.594,0.0004999999999999894
EWR-1,10/4/2025,07:30:00 pm,0,2025-10-04 19:30:00,8.2882,7.589,0.0005000000000000782
EWR-1,10/4/2025,07:40:00 pm,0,2025-10-04 19:40:00,8.2889,7.584,0.00039999999999995595
EWR-1,10/4/2025,07:50:00 pm,0,2025-10-04 19:50:00,8.289,7.58,0.0006000000000000227
EWR-1,10/4/2025,08:00:00 pm,0,2025-10-04 20:00:00,8.2886,7.574,0.0006000000000000227
EWR-1,10/4/2025,08:10:00 pm,0,2025-10-04 20:10:00,8.2879,7.568,0.0004999999999999894
EWR-1,10/4/2025,08:20:00 pm,0,2025-10-04 20:20:00,8.2879,7.563,0.00030000000000001136
EWR-1,10/4/2025,08:30:00 pm,0,2025-10-04 20:30:00,8.2876,7.56,0.00029999999999992256
EWR-1,10/4/2025,08:40:00 pm,0,2025-10-04 20:40:00,8.2878,7.557,0.00040000000000004474
EWR-1,10/4/2025,08:50:00 pm,0,2025-10-04 20:50:00,8.2879,7.553,0.0008000000000000007
EWR-1,10/4/2025,09:00:00 pm,0,2025-10-04 21:00:00,8.2884,7.545,0.0009000000000000341
EWR-1,10/4/2025,09:10:00 pm,0,2025-10-04 21:10:00,8.2887,7.536,0.0008999999999999453
EWR-1,10/4/2025,09:20:00 pm,0,2025-10-04 21:20:00,8.2882,7.527,0.0008000000000000007
EWR-1,10/4/2025,09:30:00 pm,0,2025-10-04 21:30:00,8.2882,7.519,0.0006000000000000227
EWR-1,10/4/2025,09:40:00 pm,0,2025-10-04 21:40:00,8.288,7.513,0.0006999999999999674
EWR-1,10/4/2025,09:50:00 pm,0,2025-10-04 21:50:00,8.2878,7.506,0.0007000000000000562
EWR-1,10/4/2025,10:00:00 pm,0,2025-10-04 22:00:00,8.2877,7.499,0.0008000000000000007
EWR-1,10/4/2025,10:10:00 pm,0,2025-10-04 22:10:00,8.2874,7.491,0.0010999999999999233
EWR-1,10/4/2025,10:20:00 pm,0,2025-10-04 22:20:00,8.287,7.48,0.001100000000000012
EWR-1,10/4/2025,10:30:00 pm,0,2025-10-04 22:30:00,8.287,7.469,0.0009000000000000341
EWR-1,10/4/2025,10:40:00 pm,0,2025-10-04 22:40:00,8.2874,7.46,0.0009999999999999788
EWR-1,10/4/2025,10:50:00 pm,0,2025-10-04 22:50:00,8.2863,7.45,0.0009000000000000341
EWR-1,10/4/2025,11:00:00 pm,0,2025-10-04 23:00:00,8.2854,7.441,0.0008999999999999453
EWR-1,10/4/2025,11:10:00 pm,0,2025-10-04 23:10:00,8.2854,7.432,0.0008000000000000007
EWR-1,10/4/2025,11:20:00 pm,0,2025-10-04 23:20:00,8.2851,7.424,0.0010000000000000675
EWR-1,10/4/2025,11:30:00 pm,0,2025-10-04 23:30:00,8.2845,7.414,0.001100000000000012
EWR-1,10/4/2025,11:40:00 pm,0,2025-10-04 23:40:00,8.2835,7.403,0.0011999999999999567
EWR-1,10/4/2025,11:50:00 pm,0,2025-10-04 23:50:00,8.2824,7.391,0.001100000000000012
EWR-1,10/5/2025,12:00:00 am,0,2025-10-05 00:00:00,8.2813,7.38,0.0011999999999999567
EWR-1,10/5/2025,12:10:00 am,0,2025-10-05 00:10:00,8.2817,7.368,0.0012000000000000454
EWR-1,10/5/2025,12:20:00 am,0,2025-10-05 00:20:00,8.2811,7.356,0.0009999999999999788
EWR-1,10/5/2025,12:30:00 am,0,2025-10-05 00:30:00,8.2801,7.346,0.0009999999999999788
EWR-1,10/5/2025,12:40:00 am,0,2025-10-05 00:40:00,8.2799,7.336,0.001100000000000012
EWR-1,10/5/2025,12:50:00 am,0,2025-10-05 00:50:00,8.2795,7.325,0.0009000000000000341
EWR-1,10/5/2025,01:00:00 am,0,2025-10-05 01:00:00,8.2778,7.316,0.0009999999999999788
EWR-1,10/5/2025,01:10:00 am,0,2025-10-05 01:10:00,8.2774,7.306,0.0006000000000000227
EWR-1,10/5/2025,01:20:00 am,0,2025-10-05 01:20:00,8.2777,7.3,0.0006000000000000227
EWR-1,10/5/2025,01:30:00 am,0,2025-10-05 01:30:00,8.2764,7.294,0.0008999999999999453
EWR-1,10/5/2025,01:40:00 am,0,2025-10-05 01:40:00,8.2771,7.285,0.0012000000000000454
EWR-1,10/5/2025,01:50:00 am,0,2025-10-05 01:50:00,8.276,7.273,0.001100000000000012
EWR-1,10/5/2025,02:00:00 am,0,2025-10-05 02:00:00,8.275,7.262,0.0010999999999999233
EWR-1,10/5/2025,02:10:00 am,0,2025-10-05 02:10:00,8.2741,7.251,0.00129999999999999
EWR-1,10/5/2025,02:20:00 am,0,2025-10-05 02:20:00,8.273,7.238,0.0015000000000000568
EWR-1,10/5/2025,02:30:00 am,0,2025-10-05 02:30:00,8.2721,7.223,0.001499999999999968
EWR-1,10/5/2025,02:40:00 am,0,2025-10-05 02:40:00,8.2715,7.208,0.00129999999999999
EWR-1,10/5/2025,02:50:00 am,0,2025-10-05 02:50:00,8.2712,7.195,0.0014000000000000234
EWR-1,10/5/2025,03:00:00 am,0,2025-10-05 03:00:00,8.2716,7.181,0.0008000000000000007
EWR-1,10/5/2025,03:10:00 am,0,2025-10-05 03:10:00,8.2721,7.173,0.00129999999999999
EWR-1,10/5/2025,03:20:00 am,0,2025-10-05 03:20:00,8.2717,7.16,0.001100000000000012
EWR-1,10/5/2025,03:30:00 am,0,2025-10-05 03:30:00,8.2714,7.149,0.0009000000000000341
EWR-1,10/5/2025,03:40:00 am,0,2025-10-05 03:40:00,8.2711,7.14,0.0009999999999999788
EWR-1,10/5/2025,03:50:00 am,0,2025-10-05 03:50:00,8.2702,7.13,0.0008999999999999453
EWR-1,10/5/2025,04:00:00 am,0,2025-10-05 04:00:00,8.2704,7.121,0.0012000000000000454
EWR-1,10/5/2025,04:10:00 am,0,2025-10-05 04:10:00,8.2707,7.109,0.001100000000000012
EWR-1,10/5/2025,04:20:00 am,0,2025-10-05 04:20:00,8.2704,7.098,0.0011999999999999567
EWR-1,10/5/2025,04:30:00 am,0,2025-10-05 04:30:00,8.2703,7.086,0.0010000000000000675
EWR-1,10/5/2025,04:40:00 am,0,2025-10-05 04:40:00,8.2699,7.076,0.0010999999999999233
EWR-1,10/5/2025,04:50:00 am,0,2025-10-05 04:50:00,8.2698,7.065,0.0009000000000000341
EWR-1,10/5/2025,05:00:00 am,0,2025-10-05 05:00:00,8.2696,7.056,0.0009999999999999788
EWR-1,10/5/2025,05:10:00 am,0,2025-10-05 05:10:00,8.2687,7.046,0.001100000000000012
EWR-1,10/5/2025,05:20:00 am,0,2025-10-05 05:20:00,8.268,7.035,0.001100000000000012
EWR-1,10/5/2025,05:30:00 am,0,2025-10-05 05:30:00,8.2674,7.024,0.001100000000000012
EWR-1,10/5/2025,05:40:00 am,0,2025-10-05 05:40:00,8.2669,7.013,0.0009999999999999788
EWR-1,10/5/2025,05:50:00 am,0,2025-10-05 05:50:00,8.2665,7.003,0.0008000000000000007
EWR-1,10/5/2025,06:00:00 am,0,2025-10-05 06:00:00,8.2664,6.995,0.00129999999999999
EWR-1,10/5/2025,06:10:00 am,0,2025-10-05 06:10:00,8.266,6.982,0.001100000000000012
EWR-1,10/5/2025,06:20:00 am,0,2025-10-05 06:20:00,8.2666,6.971,0.0009999999999999788
EWR-1,10/5/2025,06:30:00 am,0,2025-10-05 06:30:00,8.2675,6.961,0.0009000000000000341
EWR-1,10/5/2025,06:40:00 am,0,2025-10-05 06:40:00,8.2677,6.952,0.0008000000000000007
EWR-1,10/5/2025,06:50:00 am,0,2025-10-05 06:50:00,8.2677,6.944,0.00129999999999999
EWR-1,10/5/2025,07:00:00 am,0,2025-10-05 07:00:00,8.2675,6.931,0.0009000000000000341
EWR-1,10/5/2025,07:10:00 am,0,2025-10-05 07:10:00,8.2675,6.922,0.0008999999999999453
EWR-1,10/5/2025,07:20:00 am,0,2025-10-05 07:20:00,8.268,6.913,0.001100000000000012
EWR-1,10/5/2025,07:30:00 am,0,2025-10-05 07:30:00,8.2687,6.902,0.001100000000000012
EWR-1,10/5/2025,07:40:00 am,0,2025-10-05 07:40:00,8.2701,6.891,0.001100000000000012
EWR-1,10/5/2025,07:50:00 am,0,2025-10-05 07:50:00,8.2709,6.88,0.0008000000000000007
EWR-1,10/5/2025,08:00:00 am,0,2025-10-05 08:00:00,8.2711,6.872,0.0006999999999999674
EWR-1,10/5/2025,08:10:00 am,0,2025-10-05 08:10:00,8.2715,6.865,0.0007000000000000562
EWR-1,10/5/2025,08:20:00 am,0,2025-10-05 08:20:00,8.2715,6.858,0.0006999999999999674
EWR-1,10/5/2025,08:30:00 am,0,2025-10-05 08:30:00,8.2714,6.851,0.0008000000000000007
EWR-1,10/5/2025,08:40:00 am,0,2025-10-05 08:40:00,8.2714,6.843,0.0009000000000000341
EWR-1,10/5/2025,08:50:00 am,0,2025-10-05 08:50:00,8.2709,6.834,0.0005999999999999339
EWR-1,10/5/2025,09:00:00 am,0,2025-10-05 09:00:00,8.2723,6.828,0.001100000000000012
EWR-1,10/5/2025,09:10:00 am,0,2025-10-05 09:10:00,8.2733,6.817,0.00040000000000004474
EWR-1,10/5/2025,09:20:00 am,0,2025-10-05 09:20:00,8.2739,6.813,0.0008999999999999453
EWR-1,10/5/2025,09:30:00 am,0,2025-10-05 09:30:00,8.2745,6.804,0.0007000000000000562
EWR-1,10/5/2025,09:40:00 am,0,2025-10-05 09:40:00,8.2739,6.797,0.001100000000000012
EWR-1,10/5/2025,09:50:00 am,0,2025-10-05 09:50:00,8.2746,6.786,0.00039999999999995595
EWR-1,10/5/2025,10:00:00 am,0,2025-10-05 10:00:00,8.2744,6.782,0.00019999999999997797
EWR-1,10/5/2025,10:10:00 am,0,2025-10-05 10:10:00,8.2745,6.78,0.0009000000000000341
EWR-1,10/5/2025,10:20:00 am,0,2025-10-05 10:20:00,8.274,6.771,0.0008000000000000007
EWR-1,10/5/2025,10:30:00 am,0,2025-10-05 10:30:00,8.2735,6.763,0.0001000000000000334
EWR-1,10/5/2025,10:40:00 am,0,2025-10-05 10:40:00,8.2732,6.762,0.0006999999999999674
EWR-1,10/5/2025,10:50:00 am,0,2025-10-05 10:50:00,8.2732,6.755,0.0006000000000000227
EWR-1,10/5/2025,11:00:00 am,0,2025-10-05 11:00:00,8.2727,6.749,0.00019999999999997797
EWR-1,10/5/2025,11:10:00 am,0,2025-10-05 11:10:00,8.2722,6.747,0.0004999999999999894
EWR-1,10/5/2025,11:20:00 am,0,2025-10-05 11:20:00,8.2716,6.742,0.00019999999999997797
EWR-1,10/5/2025,11:30:00 am,0,2025-10-05 11:30:00,8.2716,6.74,9.999999999994457e-05
EWR-1,10/5/2025,11:40:00 am,0,2025-10-05 11:40:00,8.2709,6.741,9.999999999994457e-05
EWR-1,10/5/2025,11:50:00 am,0,2025-10-05 11:50:00,8.2703,6.74,9.999999999994457e-05
EWR-1,10/5/2025,12:00:00 pm,0,2025-10-05 12:00:00,8.2702,6.741,9.999999999994457e-05
EWR-1,10/5/2025,12:10:00 pm,0,2025-10-05 12:10:00,8.2699,6.74,0.0
EWR-1,10/5/2025,12:20:00 pm,0,2025-10-05 12:20:00,8.2693,6.74,0.00040000000000004474
EWR-1,10/5/2025,12:30:00 pm,0,2025-10-05 12:30:00,8.2686,6.736,0.0
EWR-1,10/5/2025,12:40:00 pm,0,2025-10-05 12:40:00,8.2677,6.736,9.999999999994457e-05
EWR-1,10/5/2025,12:50:00 pm,0,2025-10-05 12:50:00,8.267,6.735,0.00019999999999997797
EWR-1,10/5/2025,01:00:00 pm,0,2025-10-05 13:00:00,8.266,6.737,0.0001000000000000334
EWR-1,10/5/2025,01:10:00 pm,0,2025-10-05 13:10:00,8.2647,6.736,0.0001000000000000334
EWR-1,10/5/2025,01:20:00 pm,0,2025-10-05 13:20:00,8.2638,6.737,0.0004999999999999894
EWR-1,10/5/2025,01:30:00 pm,0,2025-10-05 13:30:00,8.2629,6.742,0.0004999999999999894
EWR-1,10/5/2025,01:40:00 pm,0,2025-10-05 13:40:00,8.2624,6.747,0.0008000000000000007
EWR-1,10/5/2025,01:50:00 pm,0,2025-10-05 13:50:00,8.2608,6.755,0.0006999999999999674
EWR-1,10/5/2025,02:00:00 pm,0,2025-10-05 14:00:00,8.2604,6.762,0.0012000000000000454
EWR-1,10/5/2025,02:10:00 pm,0,2025-10-05 14:10:00,8.2594,6.774,0.00039999999999995595
EWR-1,10/5/2025,02:20:00 pm,0,2025-10-05 14:20:00,8.259,6.778,0.0012000000000000454
EWR-1,10/5/2025,02:30:00 pm,0,2025-10-05 14:30:00,8.2585,6.79,0.0009999999999999788
EWR-1,10/5/2025,02:40:00 pm,0,2025-10-05 14:40:00,8.2581,6.8,0.0008000000000000007
EWR-1,10/5/2025,02:50:00 pm,0,2025-10-05 14:50:00,8.2576,6.808,0.0009999999999999788
EWR-1,10/5/2025,03:00:00 pm,0,2025-10-05 15:00:00,8.2577,6.818,0.0008000000000000007
EWR-1,10/5/2025,03:10:00 pm,0,2025-10-05 15:10:00,8.2573,6.826,0.0002000000000000668
EWR-1,10/5/2025,03:20:00 pm,0,2025-10-05 15:20:00,8.257,6.828,0.0009999999999999788
EWR-1,10/5/2025,03:30:00 pm,0,2025-10-05 15:30:00,8.257,6.838,0.0009999999999999788
EWR-1,10/5/2025,03:40:00 pm,0,2025-10-05 15:40:00,8.2561,6.848,0.0008000000000000007
EWR-1,10/5/2025,03:50:00 pm,0,2025-10-05 15:50:00,8.2561,6.856,0.0007000000000000562
EWR-1,10/5/2025,04:00:00 pm,0,2025-10-05 16:00:00,8.2566,6.863,0.0008000000000000007
EWR-1,10/5/2025,04:10:00 pm,0,2025-10-05 16:10:00,8.2564,6.871,0.0005999999999999339
EWR-1,10/5/2025,04:20:00 pm,0,2025-10-05 16:20:00,8.2565,6.877,0.0006000000000000227
EWR-1,10/5/2025,04:30:00 pm,0,2025-10-05 16:30:00,8.2564,6.883,0.0008000000000000007
EWR-1,10/5/2025,04:40:00 pm,0,2025-10-05 16:40:00,8.256,6.891,0.0006999999999999674
EWR-1,10/5/2025,04:50:00 pm,0,2025-10-05 16:50:00,8.2563,6.898,0.0006000000000000227
EWR-1,10/5/2025,05:00:00 pm,0,2025-10-05 17:00:00,8.2563,6.904,0.00030000000000001136
EWR-1,10/5/2025,05:10:00 pm,0,2025-10-05 17:10:00,8.2566,6.907,0.0004999999999999894
EWR-1,10/5/2025,05:20:00 pm,0,2025-10-05 17:20:00,8.2566,6.912,0.0001000000000000334
EWR-1,10/5/2025,05:30:00 pm,0,2025-10-05 17:30:00,8.2568,6.913,9.999999999994457e-05
EWR-1,10/5/2025,05:40:00 pm,0,2025-10-05 17:40:00,8.2564,6.914,0.0
EWR-1,10/5/2025,05:50:00 pm,0,2025-10-05 17:50:00,8.2566,6.914,0.0
EWR-1,10/5/2025,06:00:00 pm,0,2025-10-05 18:00:00,8.2564,6.914,0.0
EWR-1,10/5/2025,06:10:00 pm,0,2025-10-05 18:10:00,8.258,6.914,0.0
EWR-1,10/5/2025,06:20:00 pm,0,2025-10-05 18:20:00,8.2587,6.914,9.999999999994457e-05
EWR-1,10/5/2025,06:30:00 pm,0,2025-10-05 18:30:00,8.2593,6.913,0.0002000000000000668
EWR-1,10/5/2025,06:40:00 pm,0,2025-10-05 18:40:00,8.2607,6.911,0.0004999999999999894
EWR-1,10/5/2025,06:50:00 pm,0,2025-10-05 18:50:00,8.2615,6.906,0.00019999999999997797
EWR-1,10/5/2025,07:00:00 pm,0,2025-10-05 19:00:00,8.2631,6.904,0.0004999999999999894
EWR-1,10/5/2025,07:10:00 pm,0,2025-10-05 19:10:00,8.2647,6.899,0.0001000000000000334
EWR-1,10/5/2025,07:20:00 pm,0,2025-10-05 19:20:00,8.2654,6.898,9.999999999994457e-05
EWR-1,10/5/2025,07:30:00 pm,0,2025-10-05 19:30:00,8.2666,6.897,0.0007000000000000562
EWR-1,10/5/2025,07:40:00 pm,0,2025-10-05 19:40:00,8.2671,6.89,9.999999999994457e-05
EWR-1,10/5/2025,07:50:00 pm,0,2025-10-05 19:50:00,8.2677,6.889,9.999999999994457e-05
EWR-1,10/5/2025,08:00:00 pm,0,2025-10-05 20:00:00,8.2683,6.89,0.0001000000000000334
EWR-1,10/5/2025,08:10:00 pm,0,2025-10-05 20:10:00,8.2691,6.891,0.0001000000000000334
EWR-1,10/5/2025,08:20:00 pm,0,2025-10-05 20:20:00,8.27,6.892,0.0005000000000000782
EWR-1,10/5/2025,08:30:00 pm,0,2025-10-05 20:30:00,8.2708,6.887,0.0006999999999999674
EWR-1,10/5/2025,08:40:00 pm,0,2025-10-05 20:40:00,8.2715,6.88,0.0006999999999999674
EWR-1,10/5/2025,08:50:00 pm,0,2025-10-05 20:50:00,8.2721,6.873,0.0006000000000000227
EWR-1,10/5/2025,09:00:00 pm,0,2025-10-05 21:00:00,8.2725,6.867,0.00019999999999997797
EWR-1,10/5/2025,09:10:00 pm,0,2025-10-05 21:10:00,8.2733,6.865,0.00019999999999997797
EWR-1,10/5/2025,09:20:00 pm,0,2025-10-05 21:20:00,8.274,6.863,0.0006000000000000227
EWR-1,10/5/2025,09:30:00 pm,0,2025-10-05 21:30:00,8.2744,6.857,0.0007000000000000562
EWR-1,10/5/2025,09:40:00 pm,0,2025-10-05 21:40:00,8.275,6.85,0.0004999999999999894
EWR-1,10/5/2025,09:50:00 pm,0,2025-10-05 21:50:00,8.276,6.845,0.00030000000000001136
EWR-1,10/5/2025,10:00:00 pm,0,2025-10-05 22:00:00,8.2767,6.842,0.0005999999999999339
EWR-1,10/5/2025,10:10:00 pm,0,2025-10-05 22:10:00,8.2769,6.836,0.0004999999999999894
EWR-1,10/5/2025,10:20:00 pm,0,2025-10-05 22:20:00,8.277,6.831,0.0007000000000000562
EWR-1,10/5/2025,10:30:00 pm,0,2025-10-05 22:30:00,8.2768,6.824,0.0006999999999999674
EWR-1,10/5/2025,10:40:00 pm,0,2025-10-05 22:40:00,8.2768,6.817,0.0006000000000000227
EWR-1,10/5/2025,10:50:00 pm,0,2025-10-05 22:50:00,8.2774,6.811,0.0008000000000000007
EWR-1,10/5/2025,11:00:00 pm,0,2025-10-05 23:00:00,8.2766,6.803,0.0008000000000000007
EWR-1,10/5/2025,11:10:00 pm,0,2025-10-05 23:10:00,8.2769,6.795,0.0009000000000000341
EWR-1,10/5/2025,11:20:00 pm,0,2025-10-05 23:20:00,8.2773,6.786,0.0008000000000000007
EWR-1,10/5/2025,11:30:00 pm,0,2025-10-05 23:30:00,8.2777,6.778,0.0006999999999999674
EWR-1,10/5/2025,11:40:00 pm,0,2025-10-05 23:40:00,8.278,6.771,0.0006999999999999674
EWR-1,10/5/2025,11:50:00 pm,0,2025-10-05 23:50:00,8.2781,6.764,0.0008000000000000007
EWR-1,10/6/2025,12:00:00 am,0,2025-10-06 00:00:00,8.2784,6.756,0.0009000000000000341
EWR-1,10/6/2025,12:10:00 am,0,2025-10-06 00:10:00,8.2784,6.747,0.0006999999999999674
EWR-1,10/6/2025,12:20:00 am,0,2025-10-06 00:20:00,8.278,6.74,0.0009999999999999788
EWR-1,10/6/2025,12:30:00 am,0,2025-10-06 00:30:00,8.2779,6.73,0.0008000000000000007
EWR-1,10/6/2025,12:40:00 am,0,2025-10-06 00:40:00,8.2783,6.722,0.0006000000000000227
EWR-1,10/6/2025,12:50:00 am,0,2025-10-06 00:50:00,8.2771,6.716,0.001100000000000012
EWR-1,10/6/2025,01:00:00 am,0,2025-10-06 01:00:00,8.2776,6.705,0.0006999999999999674
EWR-1,10/6/2025,01:10:00 am,0,2025-10-06 01:10:00,8.2777,6.698,0.0009000000000000341
EWR-1,10/6/2025,01:20:00 am,0,2025-10-06 01:20:00,8.2781,6.689,0.0009999999999999788
EWR-1,10/6/2025,01:30:00 am,0,2025-10-06 01:30:00,8.2779,6.679,0.0004999999999999894
EWR-1,10/6/2025,01:40:00 am,0,2025-10-06 01:40:00,8.2787,6.674,0.0009000000000000341
EWR-1,10/6/2025,01:50:00 am,0,2025-10-06 01:50:00,8.2788,6.665,0.0009000000000000341
EWR-1,10/6/2025,02:00:00 am,0,2025-10-06 02:00:00,8.2789,6.656,0.0008999999999999453
EWR-1,10/6/2025,02:10:00 am,0,2025-10-06 02:10:00,8.2788,6.647,0.0010000000000000675
EWR-1,10/6/2025,02:20:00 am,0,2025-10-06 02:20:00,8.2779,6.637,0.0006999999999999674
EWR-1,10/6/2025,02:30:00 am,0,2025-10-06 02:30:00,8.2777,6.63,0.0008000000000000007
EWR-1,10/6/2025,02:40:00 am,0,2025-10-06 02:40:00,8.2771,6.622,0.001100000000000012
EWR-1,10/6/2025,02:50:00 am,0,2025-10-06 02:50:00,8.2773,6.611,0.0006999999999999674
EWR-1,10/6/2025,03:00:00 am,0,2025-10-06 03:00:00,8.2768,6.604,0.0009999999999999788
EWR-1,10/6/2025,03:10:00 am,0,2025-10-06 03:10:00,8.2762,6.594,0.0007000000000000562
EWR-1,10/6/2025,03:20:00 am,0,2025-10-06 03:20:00,8.2767,6.587,0.0009999999999999788
EWR-1,10/6/2025,03:30:00 am,0,2025-10-06 03:30:00,8.2763,6.577,0.0009000000000000341
EWR-1,10/6/2025,03:40:00 am,0,2025-10-06 03:40:00,8.2759,6.568,0.0006999999999999674
EWR-1,10/6/2025,03:50:00 am,0,2025-10-06 03:50:00,8.2761,6.561,0.00129999999999999
EWR-1,10/6/2025,04:00:00 am,0,2025-10-06 04:00:00,8.2754,6.548,0.0009000000000000341
EWR-1,10/6/2025,04:10:00 am,0,2025-10-06 04:10:00,8.2757,6.539,0.0005999999999999339
EWR-1,10/6/2025,04:20:00 am,0,2025-10-06 04:20:00,8.2751,6.533,0.0014000000000000234
EWR-1,10/6/2025,04:30:00 am,0,2025-10-06 04:30:00,8.2754,6.519,0.0007000000000000562
EWR-1,10/6/2025,04:40:00 am,0,2025-10-06 04:40:00,8.2752,6.512,0.0011999999999999567
EWR-1,10/6/2025,04:50:00 am,0,2025-10-06 04:50:00,8.2749,6.5,0.0006999999999999674
EWR-1,10/6/2025,05:00:00 am,0,2025-10-06 05:00:00,8.2746,6.493,0.0008000000000000007
EWR-1,10/6/2025,05:10:00 am,0,2025-10-06 05:10:00,8.2743,6.485,0.0010000000000000675
EWR-1,10/6/2025,05:20:00 am,0,2025-10-06 05:20:00,8.275,6.475,0.0005999999999999339
EWR-1,10/6/2025,05:30:00 am,0,2025-10-06 05:30:00,8.2755,6.469,0.001100000000000012
EWR-1,10/6/2025,05:40:00 am,0,2025-10-06 05:40:00,8.2755,6.458,0.0008000000000000007
EWR-1,10/6/2025,05:50:00 am,0,2025-10-06 05:50:00,8.2757,6.45,0.0009999999999999788
EWR-1,10/6/2025,06:00:00 am,0,2025-10-06 06:00:00,8.2768,6.44,0.0008000000000000007
EWR-1,10/6/2025,06:10:00 am,0,2025-10-06 06:10:00,8.2773,6.432,0.0012000000000000454
EWR-1,10/6/2025,06:20:00 am,0,2025-10-06 06:20:00,8.2781,6.42,0.0006999999999999674
EWR-1,10/6/2025,06:30:00 am,0,2025-10-06 06:30:00,8.2789,6.413,0.001100000000000012
EWR-1,10/6/2025,06:40:00 am,0,2025-10-06 06:40:00,8.279,6.402,0.0009999999999999788
EWR-1,10/6/2025,06:50:00 am,0,2025-10-06 06:50:00,8.2804,6.392,0.0007000000000000562
EWR-1,10/6/2025,07:00:00 am,0,2025-10-06 07:00:00,8.2805,6.385,0.0011999999999999567
EWR-1,10/6/2025,07:10:00 am,0,2025-10-06 07:10:00,8.2805,6.373,0.0007000000000000562
EWR-1,10/6/2025,07:20:00 am,0,2025-10-06 07:20:00,8.281,6.366,0.0008999999999999453
EWR-1,10/6/2025,07:30:00 am,0,2025-10-06 07:30:00,8.282,6.357,0.0009000000000000341
EWR-1,10/6/2025,07:40:00 am,0,2025-10-06 07:40:00,8.2826,6.348,0.0006000000000000227
EWR-1,10/6/2025,07:50:00 am,0,2025-10-06 07:50:00,8.2832,6.342,0.00129999999999999
EWR-1,10/6/2025,08:00:00 am,0,2025-10-06 08:00:00,8.2827,6.329,0.0006999999999999674
EWR-1,10/6/2025,08:10:00 am,0,2025-10-06 08:10:00,8.2836,6.322,0.00030000000000001136
EWR-1,10/6/2025,08:20:00 am,0,2025-10-06 08:20:00,8.2849,6.319,0.001100000000000012
EWR-1,10/6/2025,08:30:00 am,0,2025-10-06 08:30:00,8.2861,6.308,0.00039999999999995595
EWR-1,10/6/2025,08:40:00 am,0,2025-10-06 08:40:00,8.2872,6.304,0.0010000000000000675
EWR-1,10/6/2025,08:50:00 am,0,2025-10-06 08:50:00,8.2873,6.294,0.0008000000000000007
EWR-1,10/6/2025,09:00:00 am,0,2025-10-06 09:00:00,8.2876,6.286,0.00039999999999995595
EWR-1,10/6/2025,09:10:00 am,0,2025-10-06 09:10:00,8.2882,6.282,0.0006999999999999674
EWR-1,10/6/2025,09:20:00 am,0,2025-10-06 09:20:00,8.2892,6.275,0.0
EWR-1,10/6/2025,09:30:00 am,0,2025-10-06 09:30:00,8.2901,6.275,0.0009000000000000341
EWR-1,10/6/2025,09:40:00 am,0,2025-10-06 09:40:00,8.2905,6.266,0.00019999999999997797
EWR-1,10/6/2025,09:50:00 am,0,2025-10-06 09:50:00,8.2909,6.264,0.0007000000000000562
EWR-1,10/6/2025,10:00:00 am,0,2025-10-06 10:00:00,8.2906,6.257,0.0006999999999999674
EWR-1,10/6/2025,10:10:00 am,0,2025-10-06 10:10:00,8.2913,6.25,0.00019999999999997797
EWR-1,10/6/2025,10:20:00 am,0,2025-10-06 10:20:00,8.2918,6.248,0.0009999999999999788
EWR-1,10/6/2025,10:30:00 am,0,2025-10-06 10:30:00,8.2916,6.238,0.0001000000000000334
EWR-1,10/6/2025,10:40:00 am,0,2025-10-06 10:40:00,8.2919,6.237,0.0006999999999999674
EWR-1,10/6/2025,10:50:00 am,0,2025-10-06 10:50:00,8.2919,6.23,0.0007000000000000562
EWR-1,10/6/2025,11:00:00 am,0,2025-10-06 11:00:00,8.2915,6.223,0.00030000000000001136
EWR-1,10/6/2025,11:10:00 am,0,2025-10-06 11:10:00,8.2906,6.226,0.00039999999999995595
EWR-1,10/6/2025,11:20:00 am,0,2025-10-06 11:20:00,8.29,6.222,0.00040000000000004474
EWR-1,10/6/2025,11:30:00 am,0,2025-10-06 11:30:00,8.2901,6.218,0.00030000000000001136
EWR-1,10/6/2025,11:40:00 am,0,2025-10-06 11:40:00,8.2899,6.221,0.0006999999999999674
EWR-1,10/6/2025,11:50:00 am,0,2025-10-06 11:50:00,8.2888,6.214,0.0005000000000000782
EWR-1,10/6/2025,12:00:00 pm,0,2025-10-06 12:00:00,8.2887,6.209,0.0005000000000000782
EWR-1,10/6/2025,12:10:00 pm,0,2025-10-06 12:10:00,8.2879,6.214,0.0002000000000000668
EWR-1,10/6/2025,12:20:00 pm,0,2025-10-06 12:20:00,8.288,6.212,0.00030000000000001136
EWR-1,10/6/2025,12:30:00 pm,0,2025-10-06 12:30:00,8.2877,6.215,0.00019999999999997797
EWR-1,10/6/2025,12:40:00 pm,0,2025-10-06 12:40:00,8.287,6.213,0.00019999999999997797
EWR-1,10/6/2025,12:50:00 pm,0,2025-10-06 12:50:00,8.2871,6.211,0.0006999999999999674
EWR-1,10/6/2025,01:00:00 pm,0,2025-10-06 13:00:00,8.2865,6.218,0.00019999999999997797
EWR-1,10/6/2025,01:10:00 pm,0,2025-10-06 13:10:00,8.2866,6.22,0.0004999999999999894
EWR-1,10/6/2025,01:20:00 pm,0,2025-10-06 13:20:00,8.2864,6.225,0.00030000000000001136
EWR-1,10/6/2025,01:30:00 pm,0,2025-10-06 13:30:00,8.2858,6.228,0.0010000000000000675
EWR-1,10/6/2025,01:40:00 pm,0,2025-10-06 13:40:00,8.285,6.238,0.00039999999999995595
EWR-1,10/6/2025,01:50:00 pm,0,2025-10-06 13:50:00,8.2847,6.242,0.0008000000000000007
EWR-1,10/6/2025,02:00:00 pm,0,2025-10-06 14:00:00,8.2841,6.25,0.0014000000000000234
EWR-1,10/6/2025,02:10:00 pm,0,2025-10-06 14:10:00,8.2832,6.264,0.0005999999999999339
EWR-1,10/6/2025,02:20:00 pm,0,2025-10-06 14:20:00,8.2829,6.27,0.001100000000000012
EWR-1,10/6/2025,02:30:00 pm,0,2025-10-06 14:30:00,8.2827,6.281,0.0007000000000000562
EWR-1,10/6/2025,02:40:00 pm,0,2025-10-06 14:40:00,8.2818,6.288,0.001100000000000012
EWR-1,10/6/2025,02:50:00 pm,0,2025-10-06 14:50:00,8.2817,6.299,0.0010999999999999233
EWR-1,10/6/2025,03:00:00 pm,0,2025-10-06 15:00:00,8.2811,6.31,0.0008000000000000007
EWR-1,10/6/2025,03:10:00 pm,0,2025-10-06 15:10:00,8.2803,6.318,0.0008000000000000007
EWR-1,10/6/2025,03:20:00 pm,0,2025-10-06 15:20:00,8.2799,6.326,0.001100000000000012
EWR-1,10/6/2025,03:30:00 pm,0,2025-10-06 15:30:00,8.2801,6.337,0.0008000000000000007
EWR-1,10/6/2025,03:40:00 pm,0,2025-10-06 15:40:00,8.2809,6.345,0.0008000000000000007
EWR-1,10/6/2025,03:50:00 pm,0,2025-10-06 15:50:00,8.2813,6.353,0.0006000000000000227
EWR-1,10/6/2025,04:00:00 pm,0,2025-10-06 16:00:00,8.2811,6.359,0.0009999999999999788
EWR-1,10/6/2025,04:10:00 pm,0,2025-10-06 16:10:00,8.2806,6.369,0.0007000000000000562
EWR-1,10/6/2025,04:20:00 pm,0,2025-10-06 16:20:00,8.2797,6.376,0.0008000000000000007
EWR-1,10/6/2025,04:30:00 pm,0,2025-10-06 16:30:00,8.2796,6.384,0.0008000000000000007
EWR-1,10/6/2025,04:40:00 pm,0,2025-10-06 16:40:00,8.2792,6.392,0.0008000000000000007
EWR-1,10/6/2025,04:50:00 pm,0,2025-10-06 16:50:00,8.2789,6.4,0.0006999999999999674
EWR-1,10/6/2025,05:00:00 pm,0,2025-10-06 17:00:00,8.2789,6.407,0.0006999999999999674
EWR-1,10/6/2025,05:10:00 pm,0,2025-10-06 17:10:00,8.2782,6.414,0.00040000000000004474
EWR-1,10/6/2025,05:20:00 pm,0,2025-10-06 17:20:00,8.2779,6.418,0.00039999999999995595
EWR-1,10/6/2025,05:30:00 pm,0,2025-10-06 17:30:00,8.2781,6.422,0.00040000000000004474
EWR-1,10/6/2025,05:40:00 pm,0,2025-10-06 17:40:00,8.2782,6.426,9.999999999994457e-05
EWR-1,10/6/2025,05:50:00 pm,0,2025-10-06 17:50:00,8.2787,6.427,0.00040000000000004474
EWR-1,10/6/2025,06:00:00 pm,0,2025-10-06 18:00:00,8.279,6.431,0.00019999999999997797
EWR-1,10/6/2025,06:10:00 pm,0,2025-10-06 18:10:00,8.2793,6.433,0.00019999999999997797
EWR-1,10/6/2025,06:20:00 pm,0,2025-10-06 18:20:00,8.2796,6.435,0.0001000000000000334
EWR-1,10/6/2025,06:30:00 pm,0,2025-10-06 18:30:00,8.2804,6.436,0.0001000000000000334
EWR-1,10/6/2025,06:40:00 pm,0,2025-10-06 18:40:00,8.2807,6.437,0.0002000000000000668
EWR-1,10/6/2025,06:50:00 pm,0,2025-10-06 18:50:00,8.2813,6.435,0.00019999999999997797
EWR-1,10/6/2025,07:00:00 pm,0,2025-10-06 19:00:00,8.2818,6.433,0.00039999999999995595
EWR-1,10/6/2025,07:10:00 pm,0,2025-10-06 19:10:00,8.2822,6.429,0.00030000000000001136
EWR-1,10/6/2025,07:20:00 pm,0,2025-10-06 19:20:00,8.2831,6.426,0.00040000000000004474
EWR-1,10/6/2025,07:30:00 pm,0,2025-10-06 19:30:00,8.284,6.422,0.00030000000000001136
EWR-1,10/6/2025,07:40:00 pm,0,2025-10-06 19:40:00,8.2845,6.419,0.00029999999999992256
EWR-1,10/6/2025,07:50:00 pm,0,2025-10-06 19:50:00,8.2851,6.416,0.0005000000000000782
EWR-1,10/6/2025,08:00:00 pm,0,2025-10-06 20:00:00,8.2865,6.411,0.0006999999999999674
EWR-1,10/6/2025,08:10:00 pm,0,2025-10-06 20:10:00,8.2867,6.404,0.0009000000000000341
EWR-1,10/6/2025,08:20:00 pm,0,2025-10-06 20:20:00,8.2872,6.395,0.00029999999999992256
EWR-1,10/6/2025,08:30:00 pm,0,2025-10-06 20:30:00,8.2883,6.392,0.0007000000000000562
EWR-1,10/6/2025,08:40:00 pm,0,2025-10-06 20:40:00,8.2889,6.385,0.00030000000000001136
EWR-1,10/6/2025,08:50:00 pm,0,2025-10-06 20:50:00,8.2906,6.382,0.00019999999999997797
EWR-1,10/6/2025,09:00:00 pm,0,2025-10-06 21:00:00,8.2907,6.38,0.0006999999999999674
EWR-1,10/6/2025,09:10:00 pm,0,2025-10-06 21:10:00,8.2915,6.373,0.00040000000000004474
EWR-1,10/6/2025,09:20:00 pm,0,2025-10-06 21:20:00,8.2919,6.369,0.00030000000000001136
EWR-1,10/6/2025,09:30:00 pm,0,2025-10-06 21:30:00,8.2921,6.366,9.999999999994457e-05
EWR-1,10/6/2025,09:40:00 pm,0,2025-10-06 21:40:00,8.2931,6.365,0.00030000000000001136
EWR-1,10/6/2025,09:50:00 pm,0,2025-10-06 21:50:00,8.2935,6.362,0.00040000000000004474
EWR-1,10/6/2025,10:00:00 pm,0,2025-10-06 22:00:00,8.2946,6.358,9.999999999994457e-05
EWR-1,10/6/2025,10:10:00 pm,0,2025-10-06 22:10:00,8.2942,6.357,0.00030000000000001136
EWR-1,10/6/2025,10:20:00 pm,0,2025-10-06 22:20:00,8.2942,6.354,0.00040000000000004474
EWR-1,10/6/2025,10:30:00 pm,0,2025-10-06 22:30:00,8.2947,6.35,0.00029999999999992256
EWR-1,10/6/2025,10:40:00 pm,0,2025-10-06 22:40:00,8.2954,6.347,0.0002000000000000668
EWR-1,10/6/2025,10:50:00 pm,0,2025-10-06 22:50:00,8.2959,6.345,0.0008999999999999453
EWR-1,10/6/2025,11:00:00 pm,0,2025-10-06 23:00:00,8.2955,6.336,0.0008000000000000007
EWR-1,10/6/2025,11:10:00 pm,0,2025-10-06 23:10:00,8.2958,6.328,0.0004999999999999894
EWR-1,10/6/2025,11:20:00 pm,0,2025-10-06 23:20:00,8.2956,6.323,0.0005000000000000782
EWR-1,10/6/2025,11:30:00 pm,0,2025-10-06 23:30:00,8.2957,6.318,0.0004999999999999894
EWR-1,10/6/2025,11:40:00 pm,0,2025-10-06 23:40:00,8.2952,6.313,0.00039999999999995595
EWR-1,10/6/2025,11:50:00 pm,0,2025-10-06 23:50:00,8.2947,6.309,0.00019999999999997797
EWR-1,10/7/2025,12:00:00 am,0,2025-10-07 00:00:00,8.2952,6.307,0.0009000000000000341
EWR-1,10/7/2025,12:10:00 am,0,2025-10-07 00:10:00,8.2944,6.298,0.00040000000000004474
EWR-1,10/7/2025,12:20:00 am,0,2025-10-07 00:20:00,8.2946,6.294,0.0008999999999999453
EWR-1,10/7/2025,12:30:00 am,0,2025-10-07 00:30:00,8.2943,6.285,0.0009999999999999788
EWR-1,10/7/2025,12:40:00 am,0,2025-10-07 00:40:00,8.2938,6.275,0.0006000000000000227
EWR-1,10/7/2025,12:50:00 am,0,2025-10-07 00:50:00,8.2939,6.269,0.0009000000000000341
EWR-1,10/7/2025,01:00:00 am,0,2025-10-07 01:00:00,8.2936,6.26,0.0008000000000000007
EWR-1,10/7/2025,01:10:00 am,0,2025-10-07 01:10:00,8.2935,6.252,0.0006999999999999674
EWR-1,10/7/2025,01:20:00 am,0,2025-10-07 01:20:00,8.2939,6.245,0.0006999999999999674
EWR-1,10/7/2025,01:30:00 am,0,2025-10-07 01:30:00,8.294,6.238,0.0009000000000000341
EWR-1,10/7/2025,01:40:00 am,0,2025-10-07 01:40:00,8.2943,6.229,0.0009000000000000341
EWR-1,10/7/2025,01:50:00 am,0,2025-10-07 01:50:00,8.2942,6.22,0.0004999999999999894
EWR-1,10/7/2025,02:00:00 am,0,2025-10-07 02:00:00,8.2945,6.215,0.0008000000000000007
EWR-1,10/7/2025,02:10:00 am,0,2025-10-07 02:10:00,8.2947,6.207,0.0008999999999999453
EWR-1,10/7/2025,02:20:00 am,0,2025-10-07 02:20:00,8.294,6.198,0.0009000000000000341
EWR-1,10/7/2025,02:30:00 am,0,2025-10-07 02:30:00,8.2934,6.189,0.0006000000000000227
EWR-1,10/7/2025,02:40:00 am,0,2025-10-07 02:40:00,8.2926,6.183,0.0006999999999999674
EWR-1,10/7/2025,02:50:00 am,0,2025-10-07 02:50:00,8.2919,6.176,0.0009000000000000341
EWR-1,10/7/2025,03:00:00 am,0,2025-10-07 03:00:00,8.2913,6.167,0.0008000000000000007
EWR-1,10/7/2025,03:10:00 am,0,2025-10-07 03:10:00,8.2907,6.159,0.0008000000000000007
EWR-1,10/7/2025,03:20:00 am,0,2025-10-07 03:20:00,8.2905,6.151,0.0006000000000000227
EWR-1,10/7/2025,03:30:00 am,0,2025-10-07 03:30:00,8.29,6.145,0.0006999999999999674
EWR-1,10/7/2025,03:40:00 am,0,2025-10-07 03:40:00,8.2904,6.138,0.0009000000000000341
EWR-1,10/7/2025,03:50:00 am,0,2025-10-07 03:50:00,8.2908,6.129,0.0005999999999999339
EWR-1,10/7/2025,04:00:00 am,0,2025-10-07 04:00:00,8.2909,6.123,0.0008000000000000007
EWR-1,10/7/2025,04:10:00 am,0,2025-10-07 04:10:00,8.2907,6.115,0.0009999999999999788
EWR-1,10/7/2025,04:20:00 am,0,2025-10-07 04:20:00,8.2907,6.105,0.0006000000000000227
EWR-1,10/7/2025,04:30:00 am,0,2025-10-07 04:30:00,8.2906,6.099,0.0007000000000000562
EWR-1,10/7/2025,04:40:00 am,0,2025-10-07 04:40:00,8.2908,6.092,0.0008999999999999453
EWR-1,10/7/2025,04:50:00 am,0,2025-10-07 04:50:00,8.2915,6.083,0.0009000000000000341
EWR-1,10/7/2025,05:00:00 am,0,2025-10-07 05:00:00,8.2908,6.074,0.0008999999999999453
EWR-1,10/7/2025,05:10:00 am,0,2025-10-07 05:10:00,8.2901,6.065,0.0005000000000000782
EWR-1,10/7/2025,05:20:00 am,0,2025-10-07 05:20:00,8.2903,6.06,0.0009999999999999788
EWR-1,10/7/2025,05:30:00 am,0,2025-10-07 05:30:00,8.2905,6.05,0.0006999999999999674
EWR-1,10/7/2025,05:40:00 am,0,2025-10-07 05:40:00,8.2905,6.043,0.0006000000000000227
EWR-1,10/7/2025,05:50:00 am,0,2025-10-07 05:50:00,8.2907,6.037,0.0009999999999999788
EWR-1,10/7/2025,06:00:00 am,0,2025-10-07 06:00:00,8.2906,6.027,0.0009000000000000341
EWR-1,10/7/2025,06:10:00 am,0,2025-10-07 06:10:00,8.2906,6.018,0.0008000000000000007
EWR-1,10/7/2025,06:20:00 am,0,2025-10-07 06:20:00,8.2907,6.01,0.0006000000000000227
EWR-1,10/7/2025,06:30:00 am,0,2025-10-07 06:30:00,8.2908,6.004,0.0007999999999999119
EWR-1,10/7/2025,06:40:00 am,0,2025-10-07 06:40:00,8.2909,5.996,0.0007000000000000562
EWR-1,10/7/2025,06:50:00 am,0,2025-10-07 06:50:00,8.2909,5.989,0.0006999999999999674
EWR-1,10/7/2025,07:00:00 am,0,2025-10-07 07:00:00,8.2906,5.982,0.0008000000000000007
EWR-1,10/7/2025,07:10:00 am,0,2025-10-07 07:10:00,8.29,5.974,0.0008000000000000007
EWR-1,10/7/2025,07:20:00 am,0,2025-10-07 07:20:00,8.2894,5.966,0.0006000000000000227
EWR-1,10/7/2025,07:30:00 am,0,2025-10-07 07:30:00,8.2902,5.96,0.0009000000000000341
EWR-1,10/7/2025,07:40:00 am,0,2025-10-07 07:40:00,8.2901,5.951,0.0004999999999999894
EWR-1,10/7/2025,07:50:00 am,0,2025-10-07 07:50:00,8.2905,5.946,0.0006999999999999674
EWR-1,10/7/2025,08:00:00 am,0,2025-10-07 08:00:00,8.2907,5.939,0.0004999999999999894
EWR-1,10/7/2025,08:10:00 am,0,2025-10-07 08:10:00,8.2912,5.934,0.0007000000000000562
EWR-1,10/7/2025,08:20:00 am,0,2025-10-07 08:20:00,8.2913,5.927,0.0006999999999999674
EWR-1,10/7/2025,08:30:00 am,0,2025-10-07 08:30:00,8.2915,5.92,0.00039999999999995595
EWR-1,10/7/2025,08:40:00 am,0,2025-10-07 08:40:00,8.2911,5.916,0.0005000000000000782
EWR-1,10/7/2025,08:50:00 am,0,2025-10-07 08:50:00,8.2908,5.911,0.0004999999999999894
EWR-1,10/7/2025,09:00:00 am,0,2025-10-07 09:00:00,8.2907,5.906,0.00030000000000001136
EWR-1,10/7/2025,09:10:00 am,0,2025-10-07 09:10:00,8.29,5.903,0.0005999999999999339
EWR-1,10/7/2025,09:20:00 am,0,2025-10-07 09:20:00,8.2898,5.897,0.0004999999999999894
EWR-1,10/7/2025,09:30:00 am,0,2025-10-07 09:30:00,8.2897,5.892,0.00030000000000001136
EWR-1,10/7/2025,09:40:00 am,0,2025-10-07 09:40:00,8.2893,5.889,0.00040000000000004474
EWR-1,10/7/2025,09:50:00 am,0,2025-10-07 09:50:00,8.2889,5.885,0.0006999999999999674
EWR-1,10/7/2025,10:00:00 am,0,2025-10-07 10:00:00,8.2887,5.878,0.0006000000000000227
EWR-1,10/7/2025,10:10:00 am,0,2025-10-07 10:10:00,8.2885,5.872,0.0006000000000000227
EWR-1,10/7/2025,10:20:00 am,0,2025-10-07 10:20:00,8.2887,5.866,0.00039999999999995595
EWR-1,10/7/2025,10:30:00 am,0,2025-10-07 10:30:00,8.2886,5.862,0.00019999999999997797
EWR-1,10/7/2025,10:40:00 am,0,2025-10-07 10:40:00,8.2877,5.86,9.999999999994457e-05
EWR-1,10/7/2025,10:50:00 am,0,2025-10-07 10:50:00,8.2878,5.861,0.0006999999999999674
EWR-1,10/7/2025,11:00:00 am,0,2025-10-07 11:00:00,8.2875,5.854,0.0001000000000000334
EWR-1,10/7/2025,11:10:00 am,0,2025-10-07 11:10:00,8.2873,5.853,0.00030000000000001136
EWR-1,10/7/2025,11:20:00 am,0,2025-10-07 11:20:00,8.2865,5.856,0.0006000000000000227
EWR-1,10/7/2025,11:30:00 am,0,2025-10-07 11:30:00,8.286,5.85,0.0001000000000000334
EWR-1,10/7/2025,11:40:00 am,0,2025-10-07 11:40:00,8.2855,5.851,0.0004999999999999894
EWR-1,10/7/2025,11:50:00 am,0,2025-10-07 11:50:00,8.2856,5.856,0.0
EWR-1,10/7/2025,12:00:00 pm,0,2025-10-07 12:00:00,8.2851,5.856,0.00030000000000001136
EWR-1,10/7/2025,12:10:00 pm,0,2025-10-07 12:10:00,8.2849,5.859,0.00019999999999997797
EWR-1,10/7/2025,12:20:00 pm,0,2025-10-07 12:20:00,8.2847,5.861,0.00030000000000001136
EWR-1,10/7/2025,12:30:00 pm,0,2025-10-07 12:30:00,8.2836,5.864,0.00019999999999997797
EWR-1,10/7/2025,12:40:00 pm,0,2025-10-07 12:40:00,8.2827,5.862,0.0008000000000000007
EWR-1,10/7/2025,12:50:00 pm,0,2025-10-07 12:50:00,8.2818,5.87,0.0011999999999999567
EWR-1,10/7/2025,01:00:00 pm,0,2025-10-07 13:00:00,8.2807,5.882,9.999999999994457e-05
EWR-1,10/7/2025,01:10:00 pm,0,2025-10-07 13:10:00,8.2795,5.881,0.0008999999999999453
EWR-1,10/7/2025,01:20:00 pm,0,2025-10-07 13:20:00,8.2773,5.89,0.0009000000000000341
EWR-1,10/7/2025,01:30:00 pm,0,2025-10-07 13:30:00,8.2762,5.899,0.0001000000000000334
EWR-1,10/7/2025,01:40:00 pm,0,2025-10-07 13:40:00,8.2748,5.898,0.0018000000000000683
EWR-1,10/7/2025,01:50:00 pm,0,2025-10-07 13:50:00,8.2739,5.916,0.0016000000000000014
EWR-1,10/7/2025,02:00:00 pm,0,2025-10-07 14:00:00,8.2723,5.932,0.00029999999999992256
EWR-1,10/7/2025,02:10:00 pm,0,2025-10-07 14:10:00,8.2717,5.935,0.0012000000000000454
EWR-1,10/7/2025,02:20:00 pm,0,2025-10-07 14:20:00,8.2712,5.947,0.0016000000000000014
EWR-1,10/7/2025,02:30:00 pm,0,2025-10-07 14:30:00,8.271,5.963,0.0020999999999999908
EWR-1,10/7/2025,02:40:00 pm,0,2025-10-07 14:40:00,8.2705,5.984,0.0019999999999999575
EWR-1,10/7/2025,02:50:00 pm,0,2025-10-07 14:50:00,8.2696,6.004,0.0015000000000000568
EWR-1,10/7/2025,03:00:00 pm,0,2025-10-07 15:00:00,8.2695,6.019,0.0019000000000000128
EWR-1,10/7/2025,03:10:00 pm,0,2025-10-07 15:10:00,8.2695,6.038,0.0013999999999999347
EWR-1,10/7/2025,03:20:00 pm,0,2025-10-07 15:20:00,8.2694,6.052,0.0015000000000000568
EWR-1,10/7/2025,03:30:00 pm,0,2025-10-07 15:30:00,8.2687,6.067,0.00129999999999999
EWR-1,10/7/2025,03:40:00 pm,0,2025-10-07 15:40:00,8.2687,6.08,0.00129999999999999
EWR-1,10/7/2025,03:50:00 pm,0,2025-10-07 15:50:00,8.2694,6.093,0.00129999999999999
EWR-1,10/7/2025,04:00:00 pm,0,2025-10-07 16:00:00,8.2691,6.106,0.0012000000000000454
EWR-1,10/7/2025,04:10:00 pm,0,2025-10-07 16:10:00,8.2685,6.118,0.0011999999999999567
EWR-1,10/7/2025,04:20:00 pm,0,2025-10-07 16:20:00,8.2682,6.13,0.0009999999999999788
EWR-1,10/7/2025,04:30:00 pm,0,2025-10-07 16:30:00,8.2675,6.14,0.0014000000000000234
EWR-1,10/7/2025,04:40:00 pm,0,2025-10-07 16:40:00,8.2671,6.154,0.001100000000000012
EWR-1,10/7/2025,04:50:00 pm,0,2025-10-07 16:50:00,8.2669,6.165,0.0011999999999999567
EWR-1,10/7/2025,05:00:00 pm,0,2025-10-07 17:00:00,8.2665,6.177,0.0015000000000000568
EWR-1,10/7/2025,05:10:00 pm,0,2025-10-07 17:10:00,8.2667,6.192,0.0008999999999999453
EWR-1,10/7/2025,05:20:00 pm,0,2025-10-07 17:20:00,8.2669,6.201,0.001100000000000012
EWR-1,10/7/2025,05:30:00 pm,0,2025-10-07 17:30:00,8.2673,6.212,0.001100000000000012
EWR-1,10/7/2025,05:40:00 pm,0,2025-10-07 17:40:00,8.267,6.223,0.0009000000000000341
EWR-1,10/7/2025,05:50:00 pm,0,2025-10-07 17:50:00,8.2677,6.232,0.0009999999999999788
EWR-1,10/7/2025,06:00:00 pm,0,2025-10-07 18:00:00,8.2678,6.242,0.0009000000000000341
EWR-1,10/7/2025,06:10:00 pm,0,2025-10-07 18:10:00,8.2671,6.251,0.0008999999999999453
EWR-1,10/7/2025,06:20:00 pm,0,2025-10-07 18:20:00,8.2674,6.26,0.0007000000000000562
EWR-1,10/7/2025,06:30:00 pm,0,2025-10-07 18:30:00,8.2677,6.267,0.0006999999999999674
EWR-1,10/7/2025,06:40:00 pm,0,2025-10-07 18:40:00,8.2682,6.274,0.0006999999999999674
EWR-1,10/7/2025,06:50:00 pm,0,2025-10-07 18:50:00,8.2682,6.281,0.0004999999999999894
EWR-1,10/7/2025,07:00:00 pm,0,2025-10-07 19:00:00,8.2682,6.286,0.0006000000000000227
EWR-1,10/7/2025,07:10:00 pm,0,2025-10-07 19:10:00,8.2691,6.292,0.00040000000000004474
EWR-1,10/7/2025,07:20:00 pm,0,2025-10-07 19:20:00,8.2689,6.296,0.00030000000000001136
EWR-1,10/7/2025,07:30:00 pm,0,2025-10-07 19:30:00,8.2701,6.299,0.00029999999999992256
EWR-1,10/7/2025,07:40:00 pm,0,2025-10-07 19:40:00,8.2704,6.302,0.0001000000000000334
EWR-1,10/7/2025,07:50:00 pm,0,2025-10-07 19:50:00,8.2703,6.303,0.0001000000000000334
EWR-1,10/7/2025,08:00:00 pm,0,2025-10-07 20:00:00,8.2714,6.304,0.0
EWR-1,10/7/2025,08:10:00 pm,0,2025-10-07 20:10:00,8.2717,6.304,0.0
EWR-1,10/7/2025,08:20:00 pm,0,2025-10-07 20:20:00,8.272,6.304,0.0
EWR-1,10/7/2025,08:30:00 pm,0,2025-10-07 20:30:00,8.2727,6.304,0.0001000000000000334
EWR-1,10/7/2025,08:40:00 pm,0,2025-10-07 20:40:00,8.2736,6.303,0.0001000000000000334
EWR-1,10/7/2025,08:50:00 pm,0,2025-10-07 20:50:00,8.2743,6.302,9.999999999994457e-05
EWR-1,10/7/2025,09:00:00 pm,0,2025-10-07 21:00:00,8.275,6.301,0.00019999999999997797
EWR-1,10/7/2025,09:10:00 pm,0,2025-10-07 21:10:00,8.2755,6.299,0.00040000000000004474
EWR-1,10/7/2025,09:20:00 pm,0,2025-10-07 21:20:00,8.2758,6.295,0.00039999999999995595
EWR-1,10/7/2025,09:30:00 pm,0,2025-10-07 21:30:00,8.2756,6.291,0.00030000000000001136
EWR-1,10/7/2025,09:40:00 pm,0,2025-10-07 21:40:00,8.2758,6.288,0.00030000000000001136
EWR-1,10/7/2025,09:50:00 pm,0,2025-10-07 21:50:00,8.2763,6.285,0.00019999999999997797
EWR-1,10/7/2025,10:00:00 pm,0,2025-10-07 22:00:00,8.2764,6.283,0.00030000000000001136
EWR-1,10/7/2025,10:10:00 pm,0,2025-10-07 22:10:00,8.2764,6.28,0.0002000000000000668
EWR-1,10/7/2025,10:20:00 pm,0,2025-10-07 22:20:00,8.2768,6.278,0.00029999999999992256
EWR-1,10/7/2025,10:30:00 pm,0,2025-10-07 22:30:00,8.2771,6.275,0.0002000000000000668
EWR-1,10/7/2025,10:40:00 pm,0,2025-10-07 22:40:00,8.2769,6.273,0.0005999999999999339
EWR-1,10/7/2025,10:50:00 pm,0,2025-10-07 22:50:00,8.2767,6.267,0.0006000000000000227
EWR-1,10/7/2025,11:00:00 pm,0,2025-10-07 23:00:00,8.2766,6.261,0.0007000000000000562
EWR-1,10/7/2025,11:10:00 pm,0,2025-10-07 23:10:00,8.2764,6.254,0.0008999999999999453
EWR-1,10/7/2025,11:20:00 pm,0,2025-10-07 23:20:00,8.276,6.245,0.0001000000000000334
EWR-1,10/7/2025,11:30:00 pm,0,2025-10-07 23:30:00,8.2763,6.246,0.0002000000000000668
EWR-1,10/7/2025,11:40:00 pm,0,2025-10-07 23:40:00,8.2759,6.244,0.00019999999999997797
EWR-1,10/7/2025,11:50:00 pm,0,2025-10-07 23:50:00,8.276,6.242,0.00030000000000001136
EWR-1,10/8/2025,12:00:00 am,0,2025-10-08 00:00:00,8.2757,6.239,0.0006999999999999674
EWR-1,10/8/2025,12:10:00 am,0,2025-10-08 00:10:00,8.2748,6.232,0.00040000000000004474
EWR-1,10/8/2025,12:20:00 am,0,2025-10-08 00:20:00,8.2743,6.228,0.00019999999999997797
EWR-1,10/8/2025,12:30:00 am,0,2025-10-08 00:30:00,8.2746,6.226,0.00019999999999997797
EWR-1,10/8/2025,12:40:00 am,0,2025-10-08 00:40:00,8.2741,6.224,0.0001000000000000334
EWR-1,10/8/2025,12:50:00 am,0,2025-10-08 00:50:00,8.2731,6.223,0.0006000000000000227
EWR-1,10/8/2025,01:00:00 am,0,2025-10-08 01:00:00,8.2722,6.217,0.0005999999999999339
EWR-1,10/8/2025,01:10:00 am,0,2025-10-08 01:10:00,8.2721,6.211,0.00040000000000004474
EWR-1,10/8/2025,01:20:00 am,0,2025-10-08 01:20:00,8.2723,6.207,0.0006999999999999674
EWR-1,10/8/2025,01:30:00 am,0,2025-10-08 01:30:00,8.2722,6.2,0.00030000000000001136
EWR-1,10/8/2025,01:40:00 am,0,2025-10-08 01:40:00,8.2722,6.197,0.00040000000000004474
EWR-1,10/8/2025,01:50:00 am,0,2025-10-08 01:50:00,8.2717,6.193,0.00039999999999995595
EWR-1,10/8/2025,02:00:00 am,0,2025-10-08 02:00:00,8.2715,6.189,0.0006999999999999674
EWR-1,10/8/2025,02:10:00 am,0,2025-10-08 02:10:00,8.2718,6.182,0.0006000000000000227
EWR-1,10/8/2025,02:20:00 am,0,2025-10-08 02:20:00,8.272,6.176,0.0007000000000000562
EWR-1,10/8/2025,02:30:00 am,0,2025-10-08 02:30:00,8.2703,6.169,0.0008000000000000007
EWR-1,10/8/2025,02:40:00 am,0,2025-10-08 02:40:00,8.2692,6.161,0.0006999999999999674
EWR-1,10/8/2025,02:50:00 am,0,2025-10-08 02:50:00,8.268,6.154,0.0006000000000000227
EWR-1,10/8/2025,03:00:00 am,0,2025-10-08 03:00:00,8.2677,6.148,0.0004999999999999894
EWR-1,10/8/2025,03:10:00 am,0,2025-10-08 03:10:00,8.2672,6.143,0.0006000000000000227
EWR-1,10/8/2025,03:20:00 am,0,2025-10-08 03:20:00,8.2672,6.137,0.0006999999999999674
EWR-1,10/8/2025,03:30:00 am,0,2025-10-08 03:30:00,8.2668,6.13,0.0004999999999999894
EWR-1,10/8/2025,03:40:00 am,0,2025-10-08 03:40:00,8.2665,6.135,0.0008999999999999453
EWR-1,10/8/2025,03:50:00 am,0,2025-10-08 03:50:00,8.2662,6.126,0.00040000000000004474
EWR-1,10/8/2025,04:00:00 am,0,2025-10-08 04:00:00,8.2655,6.122,0.0004999999999999894
EWR-1,10/8/2025,04:10:00 am,0,2025-10-08 04:10:00,8.265,6.117,0.0006999999999999674
EWR-1,10/8/2025,04:20:00 am,0,2025-10-08 04:20:00,8.2647,6.11,0.0004999999999999894
EWR-1,10/8/2025,04:30:00 am,0,2025-10-08 04:30:00,8.2639,6.105,0.0007000000000000562
EWR-1,10/8/2025,04:40:00 am,0,2025-10-08 04:40:00,8.2636,6.098,0.0004999999999999894
EWR-1,10/8/2025,04:50:00 am,0,2025-10-08 04:50:00,8.263,6.093,0.0006999999999999674
EWR-1,10/8/2025,05:00:00 am,0,2025-10-08 05:00:00,8.2624,6.086,0.00040000000000004474
EWR-1,10/8/2025,05:10:00 am,0,2025-10-08 05:10:00,8.2624,6.082,0.0004999999999999894
EWR-1,10/8/2025,05:20:00 am,0,2025-10-08 05:20:00,8.2618,6.077,0.0006000000000000227
EWR-1,10/8/2025,05:30:00 am,0,2025-10-08 05:30:00,8.2613,6.071,0.0005999999999999339
EWR-1,10/8/2025,05:40:00 am,0,2025-10-08 05:40:00,8.2608,6.065,0.0005000000000000782
EWR-1,10/8/2025,05:50:00 am,0,2025-10-08 05:50:00,8.2612,6.06,0.0006999999999999674
EWR-1,10/8/2025,06:00:00 am,0,2025-10-08 06:00:00,8.2611,6.053,0.0008000000000000007
EWR-1,10/8/2025,06:10:00 am,0,2025-10-08 06:10:00,8.2611,6.045,0.0009000000000000341
EWR-1,10/8/2025,06:20:00 am,0,2025-10-08 06:20:00,8.2615,6.036,0.0008999999999999453
EWR-1,10/8/2025,06:30:00 am,0,2025-10-08 06:30:00,8.2614,6.027,0.0007000000000000562
EWR-1,10/8/2025,06:40:00 am,0,2025-10-08 06:40:00,8.2613,6.02,0.0005999999999999339
EWR-1,10/8/2025,06:50:00 am,0,2025-10-08 06:50:00,8.2615,6.014,0.0009000000000000341
EWR-1,10/8/2025,07:00:00 am,0,2025-10-08 07:00:00,8.2618,6.005,0.0008999999999999453
EWR-1,10/8/2025,07:10:00 am,0,2025-10-08 07:10:00,8.2618,5.996,0.0008000000000000007
EWR-1,10/8/2025,07:20:00 am,0,2025-10-08 07:20:00,8.2621,5.988,0.0010000000000000675
EWR-1,10/8/2025,07:30:00 am,0,2025-10-08 07:30:00,8.2628,5.978,0.0006999999999999674
EWR-1,10/8/2025,07:40:00 am,0,2025-10-08 07:40:00,8.2619,5.971,0.0006999999999999674
EWR-1,10/8/2025,07:50:00 am,0,2025-10-08 07:50:00,8.2621,5.964,0.0008000000000000007
EWR-1,10/8/2025,08:00:00 am,0,2025-10-08 08:00:00,8.2613,5.956,0.0006000000000000227
EWR-1,10/8/2025,08:10:00 am,0,2025-10-08 08:10:00,8.2611,5.95,0.0006000000000000227
EWR-1,10/8/2025,08:20:00 am,0,2025-10-08 08:20:00,8.2612,5.944,0.0006999999999999674
EWR-1,10/8/2025,08:30:00 am,0,2025-10-08 08:30:00,8.2614,5.937,0.0006000000000000227
EWR-1,10/8/2025,08:40:00 am,0,2025-10-08 08:40:00,8.2615,5.931,0.0004999999999999894
EWR-1,10/8/2025,08:50:00 am,0,2025-10-08 08:50:00,8.2611,5.926,0.0004999999999999894
EWR-1,10/8/2025,09:00:00 am,0,2025-10-08 09:00:00,8.2605,5.921,0.0004999999999999894
EWR-1,10/8/2025,09:10:00 am,0,2025-10-08 09:10:00,8.2597,5.916,0.0005000000000000782
EWR-1,10/8/2025,09:20:00 am,0,2025-10-08 09:20:00,8.259,5.911,0.00029999999999992256
EWR-1,10/8/2025,09:30:00 am,0,2025-10-08 09:30:00,8.2586,5.908,0.00030000000000001136
EWR-1,10/8/2025,09:40:00 am,0,2025-10-08 09:40:00,8.2585,5.905,0.0004999999999999894
EWR-1,10/8/2025,09:50:00 am,0,2025-10-08 09:50:00,8.2579,5.9,0.00030000000000001136
EWR-1,10/8/2025,10:00:00 am,0,2025-10-08 10:00:00,8.2571,5.897,0.0004999999999999894
EWR-1,10/8/2025,10:10:00 am,0,2025-10-08 10:10:00,8.2564,5.892,0.0002000000000000668
EWR-1,10/8/2025,10:20:00 am,0,2025-10-08 10:20:00,8.256,5.89,0.0004999999999999894
EWR-1,10/8/2025,10:30:00 am,0,2025-10-08 10:30:00,8.2554,5.885,9.999999999994457e-05
EWR-1,10/8/2025,10:40:00 am,0,2025-10-08 10:40:00,8.2547,5.884,0.0001000000000000334
EWR-1,10/8/2025,10:50:00 am,0,2025-10-08 10:50:00,8.2542,5.883,0.0004999999999999894
EWR-1,10/8/2025,11:00:00 am,0,2025-10-08 11:00:00,8.254,5.878,0.0
EWR-1,10/8/2025,11:10:00 am,0,2025-10-08 11:10:00,8.2537,5.878,0.00019999999999997797
EWR-1,10/8/2025,11:20:00 am,0,2025-10-08 11:20:00,8.2539,5.876,0.0001000000000000334
EWR-1,10/8/2025,11:30:00 am,0,2025-10-08 11:30:00,8.2526,5.875,0.00019999999999997797
EWR-1,10/8/2025,11:40:00 am,0,2025-10-08 11:40:00,8.2526,5.877,0.0004999999999999894
EWR-1,10/8/2025,11:50:00 am,0,2025-10-08 11:50:00,8.2515,5.882,0.0002000000000000668
EWR-1,10/8/2025,12:00:00 pm,0,2025-10-08 12:00:00,8.2513,5.884,9.999999999994457e-05
EWR-1,10/8/2025,12:10:00 pm,0,2025-10-08 12:10:00,8.2502,5.885,0.00040000000000004474
EWR-1,10/8/2025,12:20:00 pm,0,2025-10-08 12:20:00,8.2489,5.889,0.00039999999999995595
EWR-1,10/8/2025,12:30:00 pm,0,2025-10-08 12:30:00,8.2487,5.893,0.0004999999999999894
EWR-1,10/8/2025,12:40:00 pm,0,2025-10-08 12:40:00,8.2479,5.898,0.0012000000000000454
EWR-1,10/8/2025,12:50:00 pm,0,2025-10-08 12:50:00,8.2465,5.91,0.0004999999999999894
EWR-1,10/8/2025,01:00:00 pm,0,2025-10-08 13:00:00,8.2452,5.915,0.0008000000000000007
EWR-1,10/8/2025,01:10:00 pm,0,2025-10-08 13:10:00,8.2436,5.923,0.0009999999999999788
EWR-1,10/8/2025,01:20:00 pm,0,2025-10-08 13:20:00,8.2423,5.933,0.0006000000000000227
EWR-1,10/8/2025,01:30:00 pm,0,2025-10-08 13:30:00,8.2413,5.939,0.0014000000000000234
EWR-1,10/8/2025,01:40:00 pm,0,2025-10-08 13:40:00,8.2404,5.953,0.0006999999999999674
EWR-1,10/8/2025,01:50:00 pm,0,2025-10-08 13:50:00,8.2397,5.96,0.0009000000000000341
EWR-1,10/8/2025,02:00:00 pm,0,2025-10-08 14:00:00,8.2388,5.969,0.0019000000000000128
EWR-1,10/8/2025,02:10:00 pm,0,2025-10-08 14:10:00,8.2382,5.988,0.0011999999999999567
EWR-1,10/8/2025,02:20:00 pm,0,2025-10-08 14:20:00,8.2379,6.0,0.001499999999999968
EWR-1,10/8/2025,02:30:00 pm,0,2025-10-08 14:30:00,8.2358,6.015,0.00129999999999999
EWR-1,10/8/2025,02:40:00 pm,0,2025-10-08 14:40:00,8.2352,6.028,0.0014000000000000234
EWR-1,10/8/2025,02:50:00 pm,0,2025-10-08 14:50:00,8.2343,6.042,0.0014000000000000234
EWR-1,10/8/2025,03:00:00 pm,0,2025-10-08 15:00:00,8.2335,6.056,0.00129999999999999
EWR-1,10/8/2025,03:10:00 pm,0,2025-10-08 15:10:00,8.2327,6.069,0.0012000000000000454
EWR-1,10/8/2025,03:20:00 pm,0,2025-10-08 15:20:00,8.2323,6.081,0.0011999999999999567
EWR-1,10/8/2025,03:30:00 pm,0,2025-10-08 15:30:00,8.2314,6.093,0.0012000000000000454
EWR-1,10/8/2025,03:40:00 pm,0,2025-10-08 15:40:00,8.2316,6.105,0.0011999999999999567
EWR-1,10/8/2025,03:50:00 pm,0,2025-10-08 15:50:00,8.2307,6.117,0.0009999999999999788
EWR-1,10/8/2025,04:00:00 pm,0,2025-10-08 16:00:00,8.2303,6.127,0.001100000000000012
EWR-1,10/8/2025,04:10:00 pm,0,2025-10-08 16:10:00,8.2297,6.138,0.0012000000000000454
EWR-1,10/8/2025,04:20:00 pm,0,2025-10-08 16:20:00,8.229,6.15,0.0009999999999999788
EWR-1,10/8/2025,04:30:00 pm,0,2025-10-08 16:30:00,8.2292,6.16,0.0011999999999999567
EWR-1,10/8/2025,04:40:00 pm,0,2025-10-08 16:40:00,8.2284,6.172,0.0009000000000000341
EWR-1,10/8/2025,04:50:00 pm,0,2025-10-08 16:50:00,8.2281,6.181,0.0009999999999999788
EWR-1,10/8/2025,05:00:00 pm,0,2025-10-08 17:00:00,8.2274,6.191,0.0008000000000000007
EWR-1,10/8/2025,05:10:00 pm,0,2025-10-08 17:10:00,8.2268,6.199,0.0008000000000000007
EWR-1,10/8/2025,05:20:00 pm,0,2025-10-08 17:20:00,8.2266,6.207,0.0006000000000000227
EWR-1,10/8/2025,05:30:00 pm,0,2025-10-08 17:30:00,8.2262,6.213,0.0006000000000000227
EWR-1,10/8/2025,05:40:00 pm,0,2025-10-08 17:40:00,8.2254,6.219,0.0005999999999999339
EWR-1,10/8/2025,05:50:00 pm,0,2025-10-08 17:50:00,8.2251,6.225,0.00040000000000004474
EWR-1,10/8/2025,06:00:00 pm,0,2025-10-08 18:00:00,8.2252,6.229,0.0006000000000000227
EWR-1,10/8/2025,06:10:00 pm,0,2025-10-08 18:10:00,8.2251,6.235,0.00039999999999995595
EWR-1,10/8/2025,06:20:00 pm,0,2025-10-08 18:20:00,8.2253,6.239,0.00030000000000001136
EWR-1,10/8/2025,06:30:00 pm,0,2025-10-08 18:30:00,8.225,6.242,0.00030000000000001136
EWR-1,10/8/2025,06:40:00 pm,0,2025-10-08 18:40:00,8.2251,6.245,0.00030000000000001136
EWR-1,10/8/2025,06:50:00 pm,0,2025-10-08 18:50:00,8.2253,6.248,0.00030000000000001136
EWR-1,10/8/2025,07:00:00 pm,0,2025-10-08 19:00:00,8.2262,6.251,0.00029999999999992256
EWR-1,10/8/2025,07:10:00 pm,0,2025-10-08 19:10:00,8.2268,6.254,0.00030000000000001136
EWR-1,10/8/2025,07:20:00 pm,0,2025-10-08 19:20:00,8.2266,6.257,0.0002000000000000668
EWR-1,10/8/2025,07:30:00 pm,0,2025-10-08 19:30:00,8.2262,6.259,0.00019999999999997797
EWR-1,10/8/2025,07:40:00 pm,0,2025-10-08 19:40:00,8.2262,6.261,0.00019999999999997797
EWR-1,10/8/2025,07:50:00 pm,0,2025-10-08 19:50:00,8.2278,6.263,0.00030000000000001136
EWR-1,10/8/2025,08:00:00 pm,0,2025-10-08 20:00:00,8.2285,6.266,0.00030000000000001136
EWR-1,10/8/2025,08:10:00 pm,0,2025-10-08 20:10:00,8.2294,6.269,0.00019999999999997797
EWR-1,10/8/2025,08:20:00 pm,0,2025-10-08 20:20:00,8.2292,6.271,0.0001000000000000334
EWR-1,10/8/2025,08:30:00 pm,0,2025-10-08 20:30:00,8.2293,6.272,0.00019999999999997797
EWR-1,10/8/2025,08:40:00 pm,0,2025-10-08 20:40:00,8.2299,6.274,0.0001000000000000334
EWR-1,10/8/2025,08:50:00 pm,0,2025-10-08 20:50:00,8.2292,6.275,9.999999999994457e-05
EWR-1,10/8/2025,09:00:00 pm,0,2025-10-08 21:00:00,8.2292,6.276,9.999999999994457e-05
EWR-1,10/8/2025,09:10:00 pm,0,2025-10-08 21:10:00,8.2286,6.275,9.999999999994457e-05
EWR-1,10/8/2025,09:20:00 pm,0,2025-10-08 21:20:00,8.2281,6.276,0.0001000000000000334
EWR-1,10/8/2025,09:30:00 pm,0,2025-10-08 21:30:00,8.2288,6.277,0.0
EWR-1,10/8/2025,09:40:00 pm,0,2025-10-08 21:40:00,8.2287,6.277,0.0
EWR-1,10/8/2025,09:50:00 pm,0,2025-10-08 21:50:00,8.2292,6.277,0.0
EWR-1,10/8/2025,10:00:00 pm,0,2025-10-08 22:00:00,8.2294,6.277,0.0
EWR-1,10/8/2025,10:10:00 pm,0,2025-10-08 22:10:00,8.2298,6.277,0.0001000000000000334
EWR-1,10/8/2025,10:20:00 pm,0,2025-10-08 22:20:00,8.2301,6.276,0.0
EWR-1,10/8/2025,10:30:00 pm,0,2025-10-08 22:30:00,8.2306,6.276,9.999999999994457e-05
EWR-1,10/8/2025,10:40:00 pm,0,2025-10-08 22:40:00,8.2306,6.275,0.0001000000000000334
EWR-1,10/8/2025,10:50:00 pm,0,2025-10-08 22:50:00,8.2307,6.274,0.0001000000000000334
EWR-1,10/8/2025,11:00:00 pm,0,2025-10-08 23:00:00,8.231,6.273,0.0
EWR-1,10/8/2025,11:10:00 pm,0,2025-10-08 23:10:00,8.2306,6.273,0.0
EWR-1,10/8/2025,11:20:00 pm,0,2025-10-08 23:20:00,8.2315,6.273,0.0
EWR-1,10/8/2025,11:30:00 pm,0,2025-10-08 23:30:00,8.2311,6.273,0.0
EWR-1,10/8/2025,11:40:00 pm,0,2025-10-08 23:40:00,8.2304,6.273,9.999999999994457e-05
EWR-1,10/8/2025,11:50:00 pm,0,2025-10-08 23:50:00,8.231,6.272,0.0
EWR-1,10/9/2025,12:00:00 am,0,2025-10-09 00:00:00,8.2307,6.272,0.0
EWR-1,10/9/2025,12:10:00 am,0,2025-10-09 00:10:00,8.2306,6.272,0.0
EWR-1,10/9/2025,12:20:00 am,0,2025-10-09 00:20:00,8.2307,6.272,0.0001000000000000334
EWR-1,10/9/2025,12:30:00 am,0,2025-10-09 00:30:00,8.2305,6.271,0.0001000000000000334
EWR-1,10/9/2025,12:40:00 am,0,2025-10-09 00:40:00,8.2302,6.27,0.0001000000000000334
EWR-1,10/9/2025,12:50:00 am,0,2025-10-09 00:50:00,8.23,6.271,0.0
EWR-1,10/9/2025,01:00:00 am,0,2025-10-09 01:00:00,8.2305,6.271,0.0
EWR-1,10/9/2025,01:10:00 am,0,2025-10-09 01:10:00,8.2303,6.271,0.0
EWR-1,10/9/2025,01:20:00 am,0,2025-10-09 01:20:00,8.2299,6.271,0.0
EWR-1,10/9/2025,01:30:00 am,0,2025-10-09 01:30:00,8.23,6.271,0.0001000000000000334
EWR-1,10/9/2025,01:40:00 am,0,2025-10-09 01:40:00,8.2297,6.272,9.999999999994457e-05
EWR-1,10/9/2025,01:50:00 am,0,2025-10-09 01:50:00,8.2303,6.273,9.999999999994457e-05
EWR-1,10/9/2025,02:00:00 am,0,2025-10-09 02:00:00,8.23,6.272,0.0
EWR-1,10/9/2025,02:10:00 am,0,2025-10-09 02:10:00,8.2308,6.272,0.0
EWR-1,10/9/2025,02:20:00 am,0,2025-10-09 02:20:00,8.2307,6.272,9.999999999994457e-05
EWR-1,10/9/2025,02:30:00 am,0,2025-10-09 02:30:00,8.2305,6.273,9.999999999994457e-05
EWR-1,10/9/2025,02:40:00 am,0,2025-10-09 02:40:00,8.2307,6.272,0.0001000000000000334
EWR-1,10/9/2025,02:50:00 am,0,2025-10-09 02:50:00,8.2299,6.271,0.0
EWR-1,10/9/2025,03:00:00 am,0,2025-10-09 03:00:00,8.2293,6.271,0.0001000000000000334
EWR-1,10/9/2025,03:10:00 am,0,2025-10-09 03:10:00,8.2294,6.27,0.00019999999999997797
EWR-1,10/9/2025,03:20:00 am,0,2025-10-09 03:20:00,8.23,6.268,0.0
EWR-1,10/9/2025,03:30:00 am,0,2025-10-09 03:30:00,8.2293,6.268,9.999999999994457e-05
EWR-1,10/9/2025,03:40:00 am,0,2025-10-09 03:40:00,8.2294,6.267,0.0002000000000000668
EWR-1,10/9/2025,03:50:00 am,0,2025-10-09 03:50:00,8.2298,6.265,9.999999999994457e-05
EWR-1,10/9/2025,04:00:00 am,0,2025-10-09 04:00:00,8.2297,6.264,0.00030000000000001136
EWR-1,10/9/2025,04:10:00 am,0,2025-10-09 04:10:00,8.2298,6.261,0.0001000000000000334
EWR-1,10/9/2025,04:20:00 am,0,2025-10-09 04:20:00,8.2304,6.26,9.999999999994457e-05
EWR-1,10/9/2025,04:30:00 am,0,2025-10-09 04:30:00,8.2303,6.259,0.0002000000000000668
EWR-1,10/9/2025,04:40:00 am,0,2025-10-09 04:40:00,8.2311,6.257,0.00030000000000001136
EWR-1,10/9/2025,04:50:00 am,0,2025-10-09 04:50:00,8.2316,6.254,9.999999999994457e-05
EWR-1,10/9/2025,05:00:00 am,0,2025-10-09 05:00:00,8.2321,6.253,0.00030000000000001136
EWR-1,10/9/2025,05:10:00 am,0,2025-10-09 05:10:00,8.2328,6.25,0.00019999999999997797
EWR-1,10/9/2025,05:20:00 am,0,2025-10-09 05:20:00,8.2331,6.248,0.00030000000000001136
EWR-1,10/9/2025,05:30:00 am,0,2025-10-09 05:30:00,8.2333,6.245,0.00019999999999997797
EWR-1,10/9/2025,05:40:00 am,0,2025-10-09 05:40:00,8.2333,6.243,0.00030000000000001136
EWR-1,10/9/2025,05:50:00 am,0,2025-10-09 05:50:00,8.2332,6.24,0.0001000000000000334
EWR-1,10/9/2025,06:00:00 am,0,2025-10-09 06:00:00,8.2341,6.239,0.00019999999999997797
EWR-1,10/9/2025,06:10:00 am,0,2025-10-09 06:10:00,8.2346,6.237,0.00019999999999997797
EWR-1,10/9/2025,06:20:00 am,0,2025-10-09 06:20:00,8.2349,6.235,0.00030000000000001136
EWR-1,10/9/2025,06:30:00 am,0,2025-10-09 06:30:00,8.2352,6.232,0.0001000000000000334
EWR-1,10/9/2025,06:40:00 am,0,2025-10-09 06:40:00,8.2354,6.231,0.0004999999999999894
EWR-1,10/9/2025,06:50:00 am,0,2025-10-09 06:50:00,8.2348,6.226,0.00030000000000001136
EWR-1,10/9/2025,07:00:00 am,0,2025-10-09 07:00:00,8.2356,6.223,0.00039999999999995595
EWR-1,10/9/2025,07:10:00 am,0,2025-10-09 07:10:00,8.236,6.219,0.0001000000000000334
EWR-1,10/9/2025,07:20:00 am,0,2025-10-09 07:20:00,8.2369,6.218,0.00019999999999997797
EWR-1,10/9/2025,07:30:00 am,0,2025-10-09 07:30:00,8.2374,6.216,0.0009000000000000341
EWR-1,10/9/2025,07:40:00 am,0,2025-10-09 07:40:00,8.2372,6.207,0.0001000000000000334
EWR-1,10/9/2025,07:50:00 am,0,2025-10-09 07:50:00,8.2374,6.208,0.00019999999999997797
EWR-1,10/9/2025,08:00:00 am,0,2025-10-09 08:00:00,8.2384,6.206,0.0002000000000000668
EWR-1,10/9/2025,08:10:00 am,0,2025-10-09 08:10:00,8.2393,6.204,0.00019999999999997797
EWR-1,10/9/2025,08:20:00 am,0,2025-10-09 08:20:00,8.2393,6.202,0.00019999999999997797
EWR-1,10/9/2025,08:30:00 am,0,2025-10-09 08:30:00,8.2393,6.2,0.0
EWR-1,10/9/2025,08:40:00 am,0,2025-10-09 08:40:00,8.2399,6.2,0.0
EWR-1,10/9/2025,08:50:00 am,0,2025-10-09 08:50:00,8.2406,6.2,0.00019999999999997797
EWR-1,10/9/2025,09:00:00 am,0,2025-10-09 09:00:00,8.2411,6.202,0.0001000000000000334
EWR-1,10/9/2025,09:10:00 am,0,2025-10-09 09:10:00,8.2407,6.201,0.0
EWR-1,10/9/2025,09:20:00 am,0,2025-10-09 09:20:00,8.2411,6.201,0.00019999999999997797
EWR-1,10/9/2025,09:30:00 am,0,2025-10-09 09:30:00,8.2414,6.199,9.999999999994457e-05
EWR-1,10/9/2025,09:40:00 am,0,2025-10-09 09:40:00,8.2422,6.198,0.0
EWR-1,10/9/2025,09:50:00 am,0,2025-10-09 09:50:00,8.2424,6.198,0.00029999999999992256
EWR-1,10/9/2025,10:00:00 am,0,2025-10-09 10:00:00,8.2428,6.201,0.0002000000000000668
EWR-1,10/9/2025,10:10:00 am,0,2025-10-09 10:10:00,8.2429,6.203,0.00019999999999997797
EWR-1,10/9/2025,10:20:00 am,0,2025-10-09 10:20:00,8.2438,6.205,0.00019999999999997797
EWR-1,10/9/2025,10:30:00 am,0,2025-10-09 10:30:00,8.243,6.207,0.00019999999999997797
EWR-1,10/9/2025,10:40:00 am,0,2025-10-09 10:40:00,8.243,6.209,0.0001000000000000334
EWR-1,10/9/2025,10:50:00 am,0,2025-10-09 10:50:00,8.2422,6.21,0.00019999999999997797
EWR-1,10/9/2025,11:00:00 am,0,2025-10-09 11:00:00,8.2424,6.212,0.0002000000000000668
EWR-1,10/9/2025,11:10:00 am,0,2025-10-09 11:10:00,8.2426,6.214,0.00029999999999992256
EWR-1,10/9/2025,11:20:00 am,0,2025-10-09 11:20:00,8.2429,6.217,0.00030000000000001136
EWR-1,10/9/2025,11:30:00 am,0,2025-10-09 11:30:00,8.2428,6.22,0.0006000000000000227
EWR-1,10/9/2025,11:40:00 am,0,2025-10-09 11:40:00,8.2422,6.226,0.0006000000000000227
EWR-1,10/9/2025,11:50:00 am,0,2025-10-09 11:50:00,8.2424,6.232,0.0004999999999999894
EWR-1,10/9/2025,12:00:00 pm,0,2025-10-09 12:00:00,8.242,6.237,0.0004999999999999894
EWR-1,10/9/2025,12:10:00 pm,0,2025-10-09 12:10:00,8.2416,6.242,0.0006999999999999674
EWR-1,10/9/2025,12:20:00 pm,0,2025-10-09 12:20:00,8.2413,6.249,0.0004999999999999894
EWR-1,10/9/2025,12:30:00 pm,0,2025-10-09 12:30:00,8.2411,6.254,0.0008000000000000007
EWR-1,10/9/2025,12:40:00 pm,0,2025-10-09 12:40:00,8.2414,6.262,0.0008000000000000007
EWR-1,10/9/2025,12:50:00 pm,0,2025-10-09 12:50:00,8.2404,6.27,0.0008000000000000007
EWR-1,10/9/2025,01:00:00 pm,0,2025-10-09 13:00:00,8.2393,6.278,0.0008000000000000007
EWR-1,10/9/2025,01:10:00 pm,0,2025-10-09 13:10:00,8.2386,6.286,0.0008000000000000007
EWR-1,10/9/2025,01:20:00 pm,0,2025-10-09 13:20:00,8.2371,6.294,0.001100000000000012
EWR-1,10/9/2025,01:30:00 pm,0,2025-10-09 13:30:00,8.2365,6.305,0.0010000000000000675
EWR-1,10/9/2025,01:40:00 pm,0,2025-10-09 13:40:00,8.2356,6.315,0.0009999999999999788
EWR-1,10/9/2025,01:50:00 pm,0,2025-10-09 13:50:00,8.2347,6.325,0.001100000000000012
EWR-1,10/9/2025,02:00:00 pm,0,2025-10-09 14:00:00,8.2338,6.336,0.0011999999999999567
EWR-1,10/9/2025,02:10:00 pm,0,2025-10-09 14:10:00,8.2336,6.348,0.002000000000000046
EWR-1,10/9/2025,02:20:00 pm,0,2025-10-09 14:20:00,8.2343,6.368,0.0011999999999999567
EWR-1,10/9/2025,02:30:00 pm,0,2025-10-09 14:30:00,8.2332,6.38,0.0012000000000000454
EWR-1,10/9/2025,02:40:00 pm,0,2025-10-09 14:40:00,8.2333,6.392,0.00129999999999999
EWR-1,10/9/2025,02:50:00 pm,0,2025-10-09 14:50:00,8.2321,6.405,0.0013999999999999347
EWR-1,10/9/2025,03:00:00 pm,0,2025-10-09 15:00:00,8.2322,6.419,0.0012000000000000454
EWR-1,10/9/2025,03:10:00 pm,0,2025-10-09 15:10:00,8.232,6.431,0.0011999999999999567
EWR-1,10/9/2025,03:20:00 pm,0,2025-10-09 15:20:00,8.2323,6.443,0.0012000000000000454
EWR-1,10/9/2025,03:30:00 pm,0,2025-10-09 15:30:00,8.2316,6.455,0.00129999999999999
EWR-1,10/9/2025,03:40:00 pm,0,2025-10-09 15:40:00,8.2311,6.468,0.0012000000000000454
EWR-1,10/9/2025,03:50:00 pm,0,2025-10-09 15:50:00,8.2311,6.48,0.0010999999999999233
EWR-1,10/9/2025,04:00:00 pm,0,2025-10-09 16:00:00,8.2308,6.491,0.001100000000000012
EWR-1,10/9/2025,04:10:00 pm,0,2025-10-09 16:10:00,8.2297,6.502,0.001100000000000012
EWR-1,10/9/2025,04:20:00 pm,0,2025-10-09 16:20:00,8.2282,6.513,0.0009999999999999788
EWR-1,10/9/2025,04:30:00 pm,0,2025-10-09 16:30:00,8.228,6.523,0.0010000000000000675
EWR-1,10/9/2025,04:40:00 pm,0,2025-10-09 16:40:00,8.2276,6.533,0.0009999999999999788
EWR-1,10/9/2025,04:50:00 pm,0,2025-10-09 16:50:00,8.2271,6.543,0.0008999999999999453
EWR-1,10/9/2025,05:00:00 pm,0,2025-10-09 17:00:00,8.227,6.552,0.0007000000000000562
EWR-1,10/9/2025,05:10:00 pm,0,2025-10-09 17:10:00,8.227,6.559,0.0006000000000000227
EWR-1,10/9/2025,05:20:00 pm,0,2025-10-09 17:20:00,8.2277,6.565,0.0004999999999999894
EWR-1,10/9/2025,05:30:00 pm,0,2025-10-09 17:30:00,8.227,6.57,0.00039999999999995595
EWR-1,10/9/2025,05:40:00 pm,0,2025-10-09 17:40:00,8.2276,6.574,0.00040000000000004474
EWR-1,10/9/2025,05:50:00 pm,0,2025-10-09 17:50:00,8.2277,6.578,0.00030000000000001136
EWR-1,10/9/2025,06:00:00 pm,0,2025-10-09 18:00:00,8.2278,6.581,0.00029999999999992256
EWR-1,10/9/2025,06:10:00 pm,0,2025-10-09 18:10:00,8.2268,6.584,0.00030000000000001136
EWR-1,10/9/2025,06:20:00 pm,0,2025-10-09 18:20:00,8.2268,6.587,0.0002000000000000668
EWR-1,10/9/2025,06:30:00 pm,0,2025-10-09 18:30:00,8.2273,6.589,9.999999999994457e-05
EWR-1,10/9/2025,06:40:00 pm,0,2025-10-09 18:40:00,8.2273,6.59,0.00030000000000001136
EWR-1,10/9/2025,06:50:00 pm,0,2025-10-09 18:50:00,8.2267,6.593,0.0001000000000000334
EWR-1,10/9/2025,07:00:00 pm,0,2025-10-09 19:00:00,8.2263,6.594,9.999999999994457e-05
EWR-1,10/9/2025,07:10:00 pm,0,2025-10-09 19:10:00,8.2262,6.595,0.0002000000000000668
EWR-1,10/9/2025,07:20:00 pm,0,2025-10-09 19:20:00,8.2267,6.597,9.999999999994457e-05
EWR-1,10/9/2025,07:30:00 pm,0,2025-10-09 19:30:00,8.2265,6.598,0.0001000000000000334
EWR-1,10/9/2025,07:40:00 pm,0,2025-10-09 19:40:00,8.227,6.599,0.00019999999999997797
EWR-1,10/9/2025,07:50:00 pm,0,2025-10-09 19:50:00,8.2268,6.601,0.0001000000000000334
EWR-1,10/9/2025,08:00:00 pm,0,2025-10-09 20:00:00,8.2271,6.602,0.00019999999999997797
EWR-1,10/9/2025,08:10:00 pm,0,2025-10-09 20:10:00,8.2276,6.604,0.00019999999999997797
EWR-1,10/9/2025,08:20:00 pm,0,2025-10-09 20:20:00,8.2275,6.606,0.0001000000000000334
EWR-1,10/9/2025,08:30:00 pm,0,2025-10-09 20:30:00,8.2279,6.607,0.00030000000000001136
EWR-1,10/9/2025,08:40:00 pm,0,2025-10-09 20:40:00,8.2284,6.61,9.999999999994457e-05
EWR-1,10/9/2025,08:50:00 pm,0,2025-10-09 20:50:00,8.2298,6.611,0.0001000000000000334
EWR-1,10/9/2025,09:00:00 pm,0,2025-10-09 21:00:00,8.23,6.612,0.00019999999999997797
EWR-1,10/9/2025,09:10:00 pm,0,2025-10-09 21:10:00,8.2298,6.614,0.0001000000000000334
EWR-1,10/9/2025,09:20:00 pm,0,2025-10-09 21:20:00,8.2302,6.615,0.00019999999999997797
EWR-1,10/9/2025,09:30:00 pm,0,2025-10-09 21:30:00,8.2298,6.617,0.0001000000000000334
EWR-1,10/9/2025,09:40:00 pm,0,2025-10-09 21:40:00,8.2287,6.618,9.999999999994457e-05
EWR-1,10/9/2025,09:50:00 pm,0,2025-10-09 21:50:00,8.2286,6.619,9.999999999994457e-05
EWR-1,10/9/2025,10:00:00 pm,0,2025-10-09 22:00:00,8.2289,6.618,0.0
EWR-1,10/9/2025,10:10:00 pm,0,2025-10-09 22:10:00,8.2298,6.618,0.0002000000000000668
EWR-1,10/9/2025,10:20:00 pm,0,2025-10-09 22:20:00,8.2299,6.616,0.00019999999999997797
EWR-1,10/9/2025,10:30:00 pm,0,2025-10-09 22:30:00,8.2307,6.614,0.00019999999999997797
EWR-1,10/9/2025,10:40:00 pm,0,2025-10-09 22:40:00,8.2317,6.612,0.00030000000000001136
EWR-1,10/9/2025,10:50:00 pm,0,2025-10-09 22:50:00,8.2323,6.609,0.00019999999999997797
EWR-1,10/9/2025,11:00:00 pm,0,2025-10-09 23:00:00,8.233,6.607,0.00040000000000004474
EWR-1,10/9/2025,11:10:00 pm,0,2025-10-09 23:10:00,8.2333,6.603,9.999999999994457e-05
EWR-1,10/9/2025,11:20:00 pm,0,2025-10-09 23:20:00,8.2338,6.602,0.00030000000000001136
EWR-1,10/9/2025,11:30:00 pm,0,2025-10-09 23:30:00,8.234,6.599,0.00019999999999997797
EWR-1,10/9/2025,11:40:00 pm,0,2025-10-09 23:40:00,8.2351,6.597,0.0001000000000000334
EWR-1,10/9/2025,11:50:00 pm,0,2025-10-09 23:50:00,8.2363,6.596,0.00019999999999997797
EWR-1,10/10/2025,12:00:00 am,0,2025-10-10 00:00:00,8.2377,6.594,0.0001000000000000334
EWR-1,10/10/2025,12:10:00 am,0,2025-10-10 00:10:00,8.2384,6.593,0.0001000000000000334
EWR-1,10/10/2025,12:20:00 am,0,2025-10-10 00:20:00,8.239,6.592,0.00019999999999997797
EWR-1,10/10/2025,12:30:00 am,0,2025-10-10 00:30:00,8.2398,6.59,0.00030000000000001136
EWR-1,10/10/2025,12:40:00 am,0,2025-10-10 00:40:00,8.2399,6.587,9.999999999994457e-05
EWR-1,10/10/2025,12:50:00 am,0,2025-10-10 00:50:00,8.2398,6.586,0.00040000000000004474
EWR-1,10/10/2025,01:00:00 am,0,2025-10-10 01:00:00,8.2387,6.582,0.00019999999999997797
EWR-1,10/10/2025,01:10:00 am,0,2025-10-10 01:10:00,8.2402,6.58,0.00030000000000001136
EWR-1,10/10/2025,01:20:00 am,0,2025-10-10 01:20:00,8.2413,6.577,0.00039999999999995595
EWR-1,10/10/2025,01:30:00 am,0,2025-10-10 01:30:00,8.2423,6.573,0.00030000000000001136
EWR-1,10/10/2025,01:40:00 am,0,2025-10-10 01:40:00,8.2421,6.57,0.00040000000000004474
EWR-1,10/10/2025,01:50:00 am,0,2025-10-10 01:50:00,8.2424,6.566,0.00039999999999995595
EWR-1,10/10/2025,02:00:00 am,0,2025-10-10 02:00:00,8.2419,6.562,0.00040000000000004474
EWR-1,10/10/2025,02:10:00 am,0,2025-10-10 02:10:00,8.2412,6.558,0.00039999999999995595
EWR-1,10/10/2025,02:20:00 am,0,2025-10-10 02:20:00,8.2405,6.554,0.0006000000000000227
EWR-1,10/10/2025,02:30:00 am,0,2025-10-10 02:30:00,8.2407,6.548,0.0004999999999999894
EWR-1,10/10/2025,02:40:00 am,0,2025-10-10 02:40:00,8.2409,6.543,0.0006000000000000227
EWR-1,10/10/2025,02:50:00 am,0,2025-10-10 02:50:00,8.2413,6.537,0.0004999999999999894
EWR-1,10/10/2025,03:00:00 am,0,2025-10-10 03:00:00,8.2416,6.532,0.0004999999999999894
EWR-1,10/10/2025,03:10:00 am,0,2025-10-10 03:10:00,8.2412,6.527,0.0004999999999999894
EWR-1,10/10/2025,03:20:00 am,0,2025-10-10 03:20:00,8.2413,6.522,0.00040000000000004474
EWR-1,10/10/2025,03:30:00 am,0,2025-10-10 03:30:00,8.2412,6.518,0.00030000000000001136
EWR-1,10/10/2025,03:40:00 am,0,2025-10-10 03:40:00,8.2405,6.515,0.00030000000000001136
EWR-1,10/10/2025,03:50:00 am,0,2025-10-10 03:50:00,8.2402,6.512,0.00029999999999992256
EWR-1,10/10/2025,04:00:00 am,0,2025-10-10 04:00:00,8.2396,6.509,0.00030000000000001136
EWR-1,10/10/2025,04:10:00 am,0,2025-10-10 04:10:00,8.2389,6.506,0.00030000000000001136
EWR-1,10/10/2025,04:20:00 am,0,2025-10-10 04:20:00,8.2387,6.503,0.00019999999999997797
EWR-1,10/10/2025,04:30:00 am,0,2025-10-10 04:30:00,8.2381,6.501,0.00030000000000001136
EWR-1,10/10/2025,04:40:00 am,0,2025-10-10 04:40:00,8.2377,6.498,0.00030000000000001136
EWR-1,10/10/2025,04:50:00 am,0,2025-10-10 04:50:00,8.237,6.495,0.00019999999999997797
EWR-1,10/10/2025,05:00:00 am,0,2025-10-10 05:00:00,8.2372,6.493,0.00030000000000001136
EWR-1,10/10/2025,05:10:00 am,0,2025-10-10 05:10:00,8.2377,6.49,0.00030000000000001136
EWR-1,10/10/2025,05:20:00 am,0,2025-10-10 05:20:00,8.2381,6.487,0.00030000000000001136
EWR-1,10/10/2025,05:30:00 am,0,2025-10-10 05:30:00,8.2382,6.484,0.00019999999999997797
EWR-1,10/10/2025,05:40:00 am,0,2025-10-10 05:40:00,8.2379,6.482,0.00030000000000001136
EWR-1,10/10/2025,05:50:00 am,0,2025-10-10 05:50:00,8.2382,6.479,0.00040000000000004474
EWR-1,10/10/2025,06:00:00 am,0,2025-10-10 06:00:00,8.2378,6.475,0.00019999999999997797
EWR-1,10/10/2025,06:10:00 am,0,2025-10-10 06:10:00,8.2384,6.473,0.00039999999999995595
EWR-1,10/10/2025,06:20:00 am,0,2025-10-10 06:20:00,8.2387,6.469,0.00030000000000001136
EWR-1,10/10/2025,06:30:00 am,0,2025-10-10 06:30:00,8.2389,6.466,0.00019999999999997797
EWR-1,10/10/2025,06:40:00 am,0,2025-10-10 06:40:00,8.2389,6.464,0.00030000000000001136
EWR-1,10/10/2025,06:50:00 am,0,2025-10-10 06:50:00,8.2399,6.461,0.00030000000000001136
EWR-1,10/10/2025,07:00:00 am,0,2025-10-10 07:00:00,8.2408,6.458,0.00030000000000001136
EWR-1,10/10/2025,07:10:00 am,0,2025-10-10 07:10:00,8.2416,6.455,0.00030000000000001136
EWR-1,10/10/2025,07:20:00 am,0,2025-10-10 07:20:00,8.2415,6.452,0.00030000000000001136
EWR-1,10/10/2025,07:30:00 am,0,2025-10-10 07:30:00,8.2422,6.449,0.00030000000000001136
EWR-1,10/10/2025,07:40:00 am,0,2025-10-10 07:40:00,8.242,6.446,0.00030000000000001136
EWR-1,10/10/2025,07:50:00 am,0,2025-10-10 07:50:00,8.2421,6.443,0.00029999999999992256
EWR-1,10/10/2025,08:00:00 am,0,2025-10-10 08:00:00,8.2428,6.44,0.0002000000000000668
EWR-1,10/10/2025,08:10:00 am,0,2025-10-10 08:10:00,8.2435,6.438,0.00019999999999997797
EWR-1,10/10/2025,08:20:00 am,0,2025-10-10 08:20:00,8.2441,6.436,0.00019999999999997797
EWR-1,10/10/2025,08:30:00 am,0,2025-10-10 08:30:00,8.2445,6.434,0.00019999999999997797
EWR-1,10/10/2025,08:40:00 am,0,2025-10-10 08:40:00,8.2449,6.432,0.0002000000000000668
EWR-1,10/10/2025,08:50:00 am,0,2025-10-10 08:50:00,8.2448,6.43,0.00019999999999997797
EWR-1,10/10/2025,09:00:00 am,0,2025-10-10 09:00:00,8.2446,6.428,0.0001000000000000334
EWR-1,10/10/2025,09:10:00 am,0,2025-10-10 09:10:00,8.2436,6.427,0.00019999999999997797
EWR-1,10/10/2025,09:20:00 am,0,2025-10-10 09:20:00,8.2436,6.425,9.999999999994457e-05
EWR-1,10/10/2025,09:30:00 am,0,2025-10-10 09:30:00,8.2436,6.424,0.0001000000000000334
EWR-1,10/10/2025,09:40:00 am,0,2025-10-10 09:40:00,8.2437,6.423,0.0001000000000000334
EWR-1,10/10/2025,09:50:00 am,0,2025-10-10 09:50:00,8.2439,6.422,0.0
EWR-1,10/10/2025,10:00:00 am,0,2025-10-10 10:00:00,8.2443,6.422,0.0
EWR-1,10/10/2025,10:10:00 am,0,2025-10-10 10:10:00,8.2444,6.422,0.0
EWR-1,10/10/2025,10:20:00 am,0,2025-10-10 10:20:00,8.2437,6.422,9.999999999994457e-05
EWR-1,10/10/2025,10:30:00 am,0,2025-10-10 10:30:00,8.2433,6.421,0.0
EWR-1,10/10/2025,10:40:00 am,0,2025-10-10 10:40:00,8.2423,6.421,0.0
EWR-1,10/10/2025,10:50:00 am,0,2025-10-10 10:50:00,8.241,6.421,0.0
EWR-1,10/10/2025,11:00:00 am,0,2025-10-10 11:00:00,8.2411,6.421,9.999999999994457e-05
EWR-1,10/10/2025,11:10:00 am,0,2025-10-10 11:10:00,8.2414,6.422,0.0001000000000000334
EWR-1,10/10/2025,11:20:00 am,0,2025-10-10 11:20:00,8.2406,6.423,0.00019999999999997797
EWR-1,10/10/2025,11:30:00 am,0,2025-10-10 11:30:00,8.2404,6.425,0.00019999999999997797
EWR-1,10/10/2025,11:40:00 am,0,2025-10-10 11:40:00,8.2392,6.427,0.00030000000000001136
EWR-1,10/10/2025,11:50:00 am,0,2025-10-10 11:50:00,8.2397,6.43,0.00040000000000004474
EWR-1,10/10/2025,12:00:00 pm,0,2025-10-10 12:00:00,8.2389,6.434,0.00030000000000001136
EWR-1,10/10/2025,12:10:00 pm,0,2025-10-10 12:10:00,8.2389,6.437,0.00039999999999995595
EWR-1,10/10/2025,12:20:00 pm,0,2025-10-10 12:20:00,8.2377,6.441,0.0004999999999999894
EWR-1,10/10/2025,12:30:00 pm,0,2025-10-10 12:30:00,8.237,6.446,0.0007000000000000562
EWR-1,10/10/2025,12:40:00 pm,0,2025-10-10 12:40:00,8.2366,6.453,0.0005999999999999339
EWR-1,10/10/2025,12:50:00 pm,0,2025-10-10 12:50:00,8.2369,6.459,0.0008000000000000007
EWR-1,10/10/2025,01:00:00 pm,0,2025-10-10 13:00:00,8.2353,6.467,0.0007000000000000562
EWR-1,10/10/2025,01:10:00 pm,0,2025-10-10 13:10:00,8.2352,6.474,0.0006999999999999674
EWR-1,10/10/2025,01:20:00 pm,0,2025-10-10 13:20:00,8.2347,6.481,0.0008000000000000007
EWR-1,10/10/2025,01:30:00 pm,0,2025-10-10 13:30:00,8.2343,6.489,0.0008000000000000007
EWR-1,10/10/2025,01:40:00 pm,0,2025-10-10 13:40:00,8.2342,6.497,0.0008000000000000007
EWR-1,10/10/2025,01:50:00 pm,0,2025-10-10 13:50:00,8.2339,6.505,0.0008000000000000007
EWR-1,10/10/2025,02:00:00 pm,0,2025-10-10 14:00:00,8.2324,6.513,0.0009000000000000341
EWR-1,10/10/2025,02:10:00 pm,0,2025-10-10 14:10:00,8.2317,6.522,0.0008999999999999453
EWR-1,10/10/2025,02:20:00 pm,0,2025-10-10 14:20:00,8.2306,6.531,0.001100000000000012
EWR-1,10/10/2025,02:30:00 pm,0,2025-10-10 14:30:00,8.2304,6.542,0.001100000000000012
EWR-1,10/10/2025,02:40:00 pm,0,2025-10-10 14:40:00,8.2305,6.553,0.0009999999999999788
EWR-1,10/10/2025,02:50:00 pm,0,2025-10-10 14:50:00,8.2294,6.563,0.0009000000000000341
EWR-1,10/10/2025,03:00:00 pm,0,2025-10-10 15:00:00,8.2288,6.572,0.0009000000000000341
EWR-1,10/10/2025,03:10:00 pm,0,2025-10-10 15:10:00,8.2281,6.581,0.0008999999999999453
EWR-1,10/10/2025,03:20:00 pm,0,2025-10-10 15:20:00,8.227,6.59,0.0008000000000000007
EWR-1,10/10/2025,03:30:00 pm,0,2025-10-10 15:30:00,8.2262,6.598,0.0009000000000000341
EWR-1,10/10/2025,03:40:00 pm,0,2025-10-10 15:40:00,8.2258,6.607,0.0008000000000000007
EWR-1,10/10/2025,03:50:00 pm,0,2025-10-10 15:50:00,8.2252,6.615,0.0006999999999999674
EWR-1,10/10/2025,04:00:00 pm,0,2025-10-10 16:00:00,8.2251,6.622,0.0006999999999999674
EWR-1,10/10/2025,04:10:00 pm,0,2025-10-10 16:10:00,8.2254,6.629,0.0006000000000000227
EWR-1,10/10/2025,04:20:00 pm,0,2025-10-10 16:20:00,8.2249,6.635,0.0006000000000000227
EWR-1,10/10/2025,04:30:00 pm,0,2025-10-10 16:30:00,8.224,6.641,0.0006000000000000227
EWR-1,10/10/2025,04:40:00 pm,0,2025-10-10 16:40:00,8.2238,6.647,0.0005999999999999339
EWR-1,10/10/2025,04:50:00 pm,0,2025-10-10 16:50:00,8.2227,6.653,0.00040000000000004474
EWR-1,10/10/2025,05:00:00 pm,0,2025-10-10 17:00:00,8.2228,6.657,0.00030000000000001136
EWR-1,10/10/2025,05:10:00 pm,0,2025-10-10 17:10:00,8.2232,6.66,0.00030000000000001136
EWR-1,10/10/2025,05:20:00 pm,0,2025-10-10 17:20:00,8.2245,6.663,9.999999999994457e-05
EWR-1,10/10/2025,05:30:00 pm,0,2025-10-10 17:30:00,8.2247,6.664,0.0002000000000000668
EWR-1,10/10/2025,05:40:00 pm,0,2025-10-10 17:40:00,8.2246,6.666,9.999999999994457e-05
EWR-1,10/10/2025,05:50:00 pm,0,2025-10-10 17:50:00,8.2241,6.667,0.0
EWR-1,10/10/2025,06:00:00 pm,0,2025-10-10 18:00:00,8.2247,6.667,0.0
EWR-1,10/10/2025,06:10:00 pm,0,2025-10-10 18:10:00,8.2252,6.667,9.999999999994457e-05
EWR-1,10/10/2025,06:20:00 pm,0,2025-10-10 18:20:00,8.2265,6.666,0.0002000000000000668
EWR-1,10/10/2025,06:30:00 pm,0,2025-10-10 18:30:00,8.2258,6.664,0.00019999999999997797
EWR-1,10/10/2025,06:40:00 pm,0,2025-10-10 18:40:00,8.2249,6.662,0.00019999999999997797
EWR-1,10/10/2025,06:50:00 pm,0,2025-10-10 18:50:00,8.2253,6.66,0.00030000000000001136
EWR-1,10/10/2025,07:00:00 pm,0,2025-10-10 19:00:00,8.2254,6.657,0.00019999999999997797
EWR-1,10/10/2025,07:10:00 pm,0,2025-10-10 19:10:00,8.2262,6.655,0.00030000000000001136
EWR-1,10/10/2025,07:20:00 pm,0,2025-10-10 19:20:00,8.2268,6.652,0.00040000000000004474
EWR-1,10/10/2025,07:30:00 pm,0,2025-10-10 19:30:00,8.227,6.648,0.00030000000000001136
EWR-1,10/10/2025,07:40:00 pm,0,2025-10-10 19:40:00,8.2276,6.645,0.00029999999999992256
EWR-1,10/10/2025,07:50:00 pm,0,2025-10-10 19:50:00,8.2272,6.642,0.00030000000000001136
EWR-1,10/10/2025,08:00:00 pm,0,2025-10-10 20:00:00,8.2276,6.639,0.00030000000000001136
EWR-1,10/10/2025,08:10:00 pm,0,2025-10-10 20:10:00,8.2286,6.636,0.00040000000000004474
EWR-1,10/10/2025,08:20:00 pm,0,2025-10-10 20:20:00,8.229,6.632,0.00039999999999995595
EWR-1,10/10/2025,08:30:00 pm,0,2025-10-10 20:30:00,8.2288,6.628,0.00040000000000004474
EWR-1,10/10/2025,08:40:00 pm,0,2025-10-10 20:40:00,8.2285,6.624,0.00029999999999992256
EWR-1,10/10/2025,08:50:00 pm,0,2025-10-10 20:50:00,8.2287,6.621,0.00040000000000004474
EWR-1,10/10/2025,09:00:00 pm,0,2025-10-10 21:00:00,8.2276,6.617,0.00030000000000001136
EWR-1,10/10/2025,09:10:00 pm,0,2025-10-10 21:10:00,8.2274,6.614,0.00019999999999997797
EWR-1,10/10/2025,09:20:00 pm,0,2025-10-10 21:20:00,8.2275,6.612,0.00019999999999997797
EWR-1,10/10/2025,09:30:00 pm,0,2025-10-10 21:30:00,8.2268,6.61,0.00030000000000001136
EWR-1,10/10/2025,09:40:00 pm,0,2025-10-10 21:40:00,8.2267,6.607,0.00019999999999997797
EWR-1,10/10/2025,09:50:00 pm,0,2025-10-10 21:50:00,8.2261,6.605,0.0001000000000000334
EWR-1,10/10/2025,10:00:00 pm,0,2025-10-10 22:00:00,8.2255,6.604,0.00019999999999997797
EWR-1,10/10/2025,10:10:00 pm,0,2025-10-10 22:10:00,8.2258,6.602,0.0001000000000000334
EWR-1,10/10/2025,10:20:00 pm,0,2025-10-10 22:20:00,8.2258,6.601,0.00019999999999997797
EWR-1,10/10/2025,10:30:00 pm,0,2025-10-10 22:30:00,8.2256,6.599,0.0001000000000000334
EWR-1,10/10/2025,10:40:00 pm,0,2025-10-10 22:40:00,8.2264,6.598,0.00019999999999997797
EWR-1,10/10/2025,10:50:00 pm,0,2025-10-10 22:50:00,8.2264,6.596,0.00019999999999997797
EWR-1,10/10/2025,11:00:00 pm,0,2025-10-10 23:00:00,8.2261,6.594,0.0001000000000000334
EWR-1,10/10/2025,11:10:00 pm,0,2025-10-10 23:10:00,8.2256,6.593,0.0001000000000000334
EWR-1,10/10/2025,11:20:00 pm,0,2025-10-10 23:20:00,8.2256,6.592,0.00019999999999997797
EWR-1,10/10/2025,11:30:00 pm,0,2025-10-10 23:30:00,8.2252,6.59,9.999999999994457e-05
EWR-1,10/10/2025,11:40:00 pm,0,2025-10-10 23:40:00,8.2247,6.589,0.0001000000000000334
EWR-1,10/10/2025,11:50:00 pm,0,2025-10-10 23:50:00,8.2242,6.588,0.0001000000000000334
EWR-1,10/11/2025,12:00:00 am,0,2025-10-11 00:00:00,8.2233,6.587,9.999999999994457e-05
EWR-1,10/11/2025,12:10:00 am,0,2025-10-11 00:10:00,8.2239,6.586,0.0001000000000000334
EWR-1,10/11/2025,12:20:00 am,0,2025-10-11 00:20:00,8.2225,6.585,0.0001000000000000334
EWR-1,10/11/2025,12:30:00 am,0,2025-10-11 00:30:00,8.2218,6.584,0.00019999999999997797
EWR-1,10/11/2025,12:40:00 am,0,2025-10-11 00:40:00,8.2218,6.582,9.999999999994457e-05
EWR-1,10/11/2025,12:50:00 am,0,2025-10-11 00:50:00,8.2219,6.581,0.0001000000000000334
EWR-1,10/11/2025,01:00:00 am,0,2025-10-11 01:00:00,8.221,6.58,0.00019999999999997797
EWR-1,10/11/2025,01:10:00 am,0,2025-10-11 01:10:00,8.2208,6.578,0.0001000000000000334
EWR-1,10/11/2025,01:20:00 am,0,2025-10-11 01:20:00,8.2209,6.577,0.0001000000000000334
EWR-1,10/11/2025,01:30:00 am,0,2025-10-11 01:30:00,8.2205,6.576,0.00019999999999997797
EWR-1,10/11/2025,01:40:00 am,0,2025-10-11 01:40:00,8.2202,6.574,9.999999999994457e-05
EWR-1,10/11/2025,01:50:00 am,0,2025-10-11 01:50:00,8.2201,6.573,0.0001000000000000334
EWR-1,10/11/2025,02:00:00 am,0,2025-10-11 02:00:00,8.2203,6.572,0.00019999999999997797
EWR-1,10/11/2025,02:10:00 am,0,2025-10-11 02:10:00,8.2198,6.57,0.0001000000000000334
EWR-1,10/11/2025,02:20:00 am,0,2025-10-11 02:20:00,8.2193,6.569,0.00019999999999997797
EWR-1,10/11/2025,02:30:00 am,0,2025-10-11 02:30:00,8.2187,6.567,0.0
EWR-1,10/11/2025,02:40:00 am,0,2025-10-11 02:40:00,8.2179,6.567,0.00019999999999997797
EWR-1,10/11/2025,02:50:00 am,0,2025-10-11 02:50:00,8.2178,6.565,0.0
EWR-1,10/11/2025,03:00:00 am,0,2025-10-11 03:00:00,8.2179,6.565,0.0002000000000000668
EWR-1,10/11/2025,03:10:00 am,0,2025-10-11 03:10:00,8.2173,6.563,9.999999999994457e-05
EWR-1,10/11/2025,03:20:00 am,0,2025-10-11 03:20:00,8.2161,6.562,0.0002000000000000668
EWR-1,10/11/2025,03:30:00 am,0,2025-10-11 03:30:00,8.2167,6.56,9.999999999994457e-05
EWR-1,10/11/2025,03:40:00 am,0,2025-10-11 03:40:00,8.2175,6.559,0.00019999999999997797
EWR-1,10/11/2025,03:50:00 am,0,2025-10-11 03:50:00,8.2175,6.557,0.0001000000000000334
EWR-1,10/11/2025,04:00:00 am,0,2025-10-11 04:00:00,8.2178,6.556,0.0001000000000000334
EWR-1,10/11/2025,04:10:00 am,0,2025-10-11 04:10:00,8.2162,6.555,0.00019999999999997797
EWR-1,10/11/2025,04:20:00 am,0,2025-10-11 04:20:00,8.2169,6.553,0.00019999999999997797
EWR-1,10/11/2025,04:30:00 am,0,2025-10-11 04:30:00,8.2194,6.551,0.00019999999999997797
EWR-1,10/11/2025,04:40:00 am,0,2025-10-11 04:40:00,8.2199,6.549,0.0002000000000000668
EWR-1,10/11/2025,04:50:00 am,0,2025-10-11 04:50:00,8.2203,6.547,0.00030000000000001136
EWR-1,10/11/2025,05:00:00 am,0,2025-10-11 05:00:00,8.2205,6.544,0.00019999999999997797
EWR-1,10/11/2025,05:10:00 am,0,2025-10-11 05:10:00,8.2205,6.542,0.00030000000000001136
EWR-1,10/11/2025,05:20:00 am,0,2025-10-11 05:20:00,8.2204,6.539,0.00030000000000001136
EWR-1,10/11/2025,05:30:00 am,0,2025-10-11 05:30:00,8.2208,6.536,0.00019999999999997797
EWR-1,10/11/2025,05:40:00 am,0,2025-10-11 05:40:00,8.2206,6.534,0.00030000000000001136
EWR-1,10/11/2025,05:50:00 am,0,2025-10-11 05:50:00,8.2206,6.531,0.00030000000000001136
EWR-1,10/11/2025,06:00:00 am,0,2025-10-11 06:00:00,8.221,6.528,0.00029999999999992256
EWR-1,10/11/2025,06:10:00 am,0,2025-10-11 06:10:00,8.2208,6.525,0.00030000000000001136
EWR-1,10/11/2025,06:20:00 am,0,2025-10-11 06:20:00,8.2212,6.522,0.00040000000000004474
EWR-1,10/11/2025,06:30:00 am,0,2025-10-11 06:30:00,8.221,6.518,0.0004999999999999894
EWR-1,10/11/2025,06:40:00 am,0,2025-10-11 06:40:00,8.222,6.513,0.0004999999999999894
EWR-1,10/11/2025,06:50:00 am,0,2025-10-11 06:50:00,8.222,6.508,0.0004999999999999894
EWR-1,10/11/2025,07:00:00 am,0,2025-10-11 07:00:00,8.2226,6.503,0.0004999999999999894
EWR-1,10/11/2025,07:10:00 am,0,2025-10-11 07:10:00,8.2227,6.498,0.0006000000000000227
EWR-1,10/11/2025,07:20:00 am,0,2025-10-11 07:20:00,8.2237,6.492,0.0006999999999999674
EWR-1,10/11/2025,07:30:00 am,0,2025-10-11 07:30:00,8.2253,6.485,0.0004999999999999894
EWR-1,10/11/2025,07:40:00 am,0,2025-10-11 07:40:00,8.2267,6.48,0.0008000000000000007
EWR-1,10/11/2025,07:50:00 am,0,2025-10-11 07:50:00,8.2274,6.472,0.0007000000000000562
EWR-1,10/11/2025,08:00:00 am,0,2025-10-11 08:00:00,8.2278,6.465,0.00039999999999995595
EWR-1,10/11/2025,08:10:00 am,0,2025-10-11 08:10:00,8.2297,6.461,0.0007000000000000562
EWR-1,10/11/2025,08:20:00 am,0,2025-10-11 08:20:00,8.2289,6.454,0.0004999999999999894
EWR-1,10/11/2025,08:30:00 am,0,2025-10-11 08:30:00,8.2291,6.449,0.0004999999999999894
EWR-1,10/11/2025,08:40:00 am,0,2025-10-11 08:40:00,8.2297,6.444,0.0009000000000000341
EWR-1,10/11/2025,08:50:00 am,0,2025-10-11 08:50:00,8.2301,6.435,0.0006999999999999674
EWR-1,10/11/2025,09:00:00 am,0,2025-10-11 09:00:00,8.2293,6.428,0.0006000000000000227
EWR-1,10/11/2025,09:10:00 am,0,2025-10-11 09:10:00,8.2295,6.422,0.0005999999999999339
EWR-1,10/11/2025,09:20:00 am,0,2025-10-11 09:20:00,8.2295,6.416,0.00030000000000001136
EWR-1,10/11/2025,09:30:00 am,0,2025-10-11 09:30:00,8.2294,6.413,0.00040000000000004474
EWR-1,10/11/2025,09:40:00 am,0,2025-10-11 09:40:00,8.2291,6.409,0.0004999999999999894
EWR-1,10/11/2025,09:50:00 am,0,2025-10-11 09:50:00,8.2292,6.404,0.0004999999999999894
EWR-1,10/11/2025,10:00:00 am,0,2025-10-11 10:00:00,8.2286,6.399,0.0006000000000000227
EWR-1,10/11/2025,10:10:00 am,0,2025-10-11 10:10:00,8.229,6.393,0.0004999999999999894
EWR-1,10/11/2025,10:20:00 am,0,2025-10-11 10:20:00,8.229,6.388,0.0004999999999999894
EWR-1,10/11/2025,10:30:00 am,0,2025-10-11 10:30:00,8.2298,6.383,0.00030000000000001136
EWR-1,10/11/2025,10:40:00 am,0,2025-10-11 10:40:00,8.2295,6.38,0.00039999999999995595
EWR-1,10/11/2025,10:50:00 am,0,2025-10-11 10:50:00,8.229,6.376,0.00030000000000001136
EWR-1,10/11/2025,11:00:00 am,0,2025-10-11 11:00:00,8.2297,6.373,0.00019999999999997797
EWR-1,10/11/2025,11:10:00 am,0,2025-10-11 11:10:00,8.2298,6.371,0.0002000000000000668
EWR-1,10/11/2025,11:20:00 am,0,2025-10-11 11:20:00,8.2297,6.369,0.00019999999999997797
EWR-1,10/11/2025,11:30:00 am,0,2025-10-11 11:30:00,8.2297,6.367,0.0001000000000000334
EWR-1,10/11/2025,11:40:00 am,0,2025-10-11 11:40:00,8.2295,6.366,9.999999999994457e-05
EWR-1,10/11/2025,11:50:00 am,0,2025-10-11 11:50:00,8.2299,6.365,0.00019999999999997797
EWR-1,10/11/2025,12:00:00 pm,0,2025-10-11 12:00:00,8.2292,6.363,0.0002000000000000668
EWR-1,10/11/2025,12:10:00 pm,0,2025-10-11 12:10:00,8.2293,6.361,0.0001000000000000334
EWR-1,10/11/2025,12:20:00 pm,0,2025-10-11 12:20:00,8.2281,6.362,0.0
EWR-1,10/11/2025,12:30:00 pm,0,2025-10-11 12:30:00,8.2278,6.362,0.0001000000000000334
EWR-1,10/11/2025,12:40:00 pm,0,2025-10-11 12:40:00,8.2265,6.363,9.999999999994457e-05
EWR-1,10/11/2025,12:50:00 pm,0,2025-10-11 12:50:00,8.2263,6.364,0.0004999999999999894
EWR-1,10/11/2025,01:00:00 pm,0,2025-10-11 13:00:00,8.226,6.369,0.0006000000000000227
EWR-1,10/11/2025,01:10:00 pm,0,2025-10-11 13:10:00,8.2255,6.375,0.0004999999999999894
EWR-1,10/11/2025,01:20:00 pm,0,2025-10-11 13:20:00,8.2258,6.38,0.0004999999999999894
EWR-1,10/11/2025,01:30:00 pm,0,2025-10-11 13:30:00,8.2256,6.385,0.0004999999999999894
EWR-1,10/11/2025,01:40:00 pm,0,2025-10-11 13:40:00,8.2263,6.39,0.00040000000000004474
EWR-1,10/11/2025,01:50:00 pm,0,2025-10-11 13:50:00,8.2248,6.394,0.00039999999999995595
EWR-1,10/11/2025,02:00:00 pm,0,2025-10-11 14:00:00,8.2239,6.398,0.0004999999999999894
EWR-1,10/11/2025,02:10:00 pm,0,2025-10-11 14:10:00,8.2243,6.403,0.0006000000000000227
EWR-1,10/11/2025,02:20:00 pm,0,2025-10-11 14:20:00,8.2252,6.409,0.0007000000000000562
EWR-1,10/11/2025,02:30:00 pm,0,2025-10-11 14:30:00,8.2249,6.416,0.0008999999999999453
EWR-1,10/11/2025,02:40:00 pm,0,2025-10-11 14:40:00,8.2252,6.425,0.0009999999999999788
EWR-1,10/11/2025,02:50:00 pm,0,2025-10-11 14:50:00,8.2258,6.435,0.0009000000000000341
EWR-1,10/11/2025,03:00:00 pm,0,2025-10-11 15:00:00,8.2261,6.444,0.0009999999999999788
EWR-1,10/11/2025,03:10:00 pm,0,2025-10-11 15:10:00,8.2259,6.454,0.0009000000000000341
EWR-1,10/11/2025,03:20:00 pm,0,2025-10-11 15:20:00,8.2254,6.463,0.0008000000000000007
EWR-1,10/11/2025,03:30:00 pm,0,2025-10-11 15:30:00,8.2249,6.471,0.0006999999999999674
EWR-1,10/11/2025,03:40:00 pm,0,2025-10-11 15:40:00,8.2255,6.478,0.0006000000000000227
EWR-1,10/11/2025,03:50:00 pm,0,2025-10-11 15:50:00,8.2263,6.484,0.0006000000000000227
EWR-1,10/11/2025,04:00:00 pm,0,2025-10-11 16:00:00,8.226,6.49,0.0006000000000000227
EWR-1,10/11/2025,04:10:00 pm,0,2025-10-11 16:10:00,8.227,6.496,0.0005999999999999339
EWR-1,10/11/2025,04:20:00 pm,0,2025-10-11 16:20:00,8.2284,6.502,0.00040000000000004474
EWR-1,10/11/2025,04:30:00 pm,0,2025-10-11 16:30:00,8.2295,6.506,0.00039999999999995595
EWR-1,10/11/2025,04:40:00 pm,0,2025-10-11 16:40:00,8.2315,6.51,0.00040000000000004474
EWR-1,10/11/2025,04:50:00 pm,0,2025-10-11 16:50:00,8.2347,6.514,0.00030000000000001136
EWR-1,10/11/2025,05:00:00 pm,0,2025-10-11 17:00:00,8.2352,6.517,0.00019999999999997797
EWR-1,10/11/2025,05:10:00 pm,0,2025-10-11 17:10:00,8.2368,6.519,9.999999999994457e-05
EWR-1,10/11/2025,05:20:00 pm,0,2025-10-11 17:20:00,8.2352,6.52,0.0
EWR-1,10/11/2025,05:30:00 pm,0,2025-10-11 17:30:00,8.2359,6.52,0.0
EWR-1,10/11/2025,05:40:00 pm,0,2025-10-11 17:40:00,8.2353,6.52,0.0
EWR-1,10/11/2025,05:50:00 pm,0,2025-10-11 17:50:00,8.2353,6.52,0.00019999999999997797
EWR-1,10/11/2025,06:00:00 pm,0,2025-10-11 18:00:00,8.2349,6.518,9.999999999994457e-05
EWR-1,10/11/2025,06:10:00 pm,0,2025-10-11 18:10:00,8.2357,6.517,0.00040000000000004474
EWR-1,10/11/2025,06:20:00 pm,0,2025-10-11 18:20:00,8.2359,6.513,0.00030000000000001136
EWR-1,10/11/2025,06:30:00 pm,0,2025-10-11 18:30:00,8.2356,6.51,0.00039999999999995595
EWR-1,10/11/2025,06:40:00 pm,0,2025-10-11 18:40:00,8.235,6.506,0.0006000000000000227
EWR-1,10/11/2025,06:50:00 pm,0,2025-10-11 18:50:00,8.2355,6.5,0.0006000000000000227
EWR-1,10/11/2025,07:00:00 pm,0,2025-10-11 19:00:00,8.2366,6.494,0.0008000000000000007
EWR-1,10/11/2025,07:10:00 pm,0,2025-10-11 19:10:00,8.2381,6.486,0.0008999999999999453
EWR-1,10/11/2025,07:20:00 pm,0,2025-10-11 19:20:00,8.2387,6.477,0.0008000000000000007
EWR-1,10/11/2025,07:30:00 pm,0,2025-10-11 19:30:00,8.2396,6.469,0.0008000000000000007
EWR-1,10/11/2025,07:40:00 pm,0,2025-10-11 19:40:00,8.2408,6.461,0.0010000000000000675
EWR-1,10/11/2025,07:50:00 pm,0,2025-10-11 19:50:00,8.2415,6.451,0.0008000000000000007
EWR-1,10/11/2025,08:00:00 pm,0,2025-10-11 20:00:00,8.2419,6.443,0.0008999999999999453
EWR-1,10/11/2025,08:10:00 pm,0,2025-10-11 20:10:00,8.2425,6.434,0.0009999999999999788
EWR-1,10/11/2025,08:20:00 pm,0,2025-10-11 20:20:00,8.2436,6.424,0.0012000000000000454
EWR-1,10/11/2025,08:30:00 pm,0,2025-10-11 20:30:00,8.2435,6.412,0.0011999999999999567
EWR-1,10/11/2025,08:40:00 pm,0,2025-10-11 20:40:00,8.2442,6.4,0.001100000000000012
EWR-1,10/11/2025,08:50:00 pm,0,2025-10-11 20:50:00,8.2453,6.389,0.0009000000000000341
EWR-1,10/11/2025,09:00:00 pm,0,2025-10-11 21:00:00,8.2469,6.38,0.0008999999999999453
EWR-1,10/11/2025,09:10:00 pm,0,2025-10-11 21:10:00,8.2478,6.371,0.0008000000000000007
EWR-1,10/11/2025,09:20:00 pm,0,2025-10-11 21:20:00,8.25,6.363,0.0009000000000000341
EWR-1,10/11/2025,09:30:00 pm,0,2025-10-11 21:30:00,8.251,6.354,0.0009999999999999788
EWR-1,10/11/2025,09:40:00 pm,0,2025-10-11 21:40:00,8.2513,6.344,0.0010000000000000675
EWR-1,10/11/2025,09:50:00 pm,0,2025-10-11 21:50:00,8.2508,6.334,0.0010999999999999233
EWR-1,10/11/2025,10:00:00 pm,0,2025-10-11 22:00:00,8.2519,6.323,0.0010000000000000675
EWR-1,10/11/2025,10:10:00 pm,0,2025-10-11 22:10:00,8.2534,6.313,0.0008999999999999453
EWR-1,10/11/2025,10:20:00 pm,0,2025-10-11 22:20:00,8.2533,6.304,0.0010000000000000675
EWR-1,10/11/2025,10:30:00 pm,0,2025-10-11 22:30:00,8.2534,6.294,0.0008999999999999453
EWR-1,10/11/2025,10:40:00 pm,0,2025-10-11 22:40:00,8.2539,6.285,0.001100000000000012
EWR-1,10/11/2025,10:50:00 pm,0,2025-10-11 22:50:00,8.2537,6.274,0.0009000000000000341
EWR-1,10/11/2025,11:00:00 pm,0,2025-10-11 23:00:00,8.2534,6.265,0.0013999999999999347
EWR-1,10/11/2025,11:10:00 pm,0,2025-10-11 23:10:00,8.254,6.251,0.0009000000000000341
EWR-1,10/11/2025,11:20:00 pm,0,2025-10-11 23:20:00,8.2542,6.242,0.001100000000000012
EWR-1,10/11/2025,11:30:00 pm,0,2025-10-11 23:30:00,8.2543,6.231,0.0011999999999999567
EWR-1,10/11/2025,11:40:00 pm,0,2025-10-11 23:40:00,8.2535,6.219,0.001100000000000012
EWR-1,10/11/2025,11:50:00 pm,0,2025-10-11 23:50:00,8.2529,6.208,0.0009999999999999788
EWR-1,10/12/2025,12:00:00 am,0,2025-10-12 00:00:00,8.252,6.198,0.0010000000000000675
EWR-1,10/12/2025,12:10:00 am,0,2025-10-12 00:10:00,8.2515,6.188,0.0008999999999999453
EWR-1,10/12/2025,12:20:00 am,0,2025-10-12 00:20:00,8.2514,6.179,0.0009000000000000341
EWR-1,10/12/2025,12:30:00 am,0,2025-10-12 00:30:00,8.2506,6.17,0.001100000000000012
EWR-1,10/12/2025,12:40:00 am,0,2025-10-12 00:40:00,8.251,6.159,0.0014000000000000234
EWR-1,10/12/2025,12:50:00 am,0,2025-10-12 00:50:00,8.2511,6.145,0.00129999999999999
EWR-1,10/12/2025,01:00:00 am,0,2025-10-12 01:00:00,8.251,6.132,0.00129999999999999
EWR-1,10/12/2025,01:10:00 am,0,2025-10-12 01:10:00,8.2504,6.119,0.0008000000000000007
EWR-1,10/12/2025,01:20:00 am,0,2025-10-12 01:20:00,8.2508,6.111,0.0008999999999999453
EWR-1,10/12/2025,01:30:00 am,0,2025-10-12 01:30:00,8.2502,6.102,0.0012000000000000454
EWR-1,10/12/2025,01:40:00 am,0,2025-10-12 01:40:00,8.2506,6.09,0.0014000000000000234
EWR-1,10/12/2025,01:50:00 am,0,2025-10-12 01:50:00,8.2511,6.076,0.00129999999999999
EWR-1,10/12/2025,02:00:00 am,0,2025-10-12 02:00:00,8.2507,6.063,0.0011999999999999567
EWR-1,10/12/2025,02:10:00 am,0,2025-10-12 02:10:00,8.2491,6.051,0.0008000000000000007
EWR-1,10/12/2025,02:20:00 am,0,2025-10-12 02:20:00,8.2489,6.043,0.0009999999999999788
EWR-1,10/12/2025,02:30:00 am,0,2025-10-12 02:30:00,8.2491,6.033,0.0012000000000000454
EWR-1,10/12/2025,02:40:00 am,0,2025-10-12 02:40:00,8.2497,6.021,0.0011999999999999567
EWR-1,10/12/2025,02:50:00 am,0,2025-10-12 02:50:00,8.2496,6.009,0.0012000000000000454
EWR-1,10/12/2025,03:00:00 am,0,2025-10-12 03:00:00,8.2496,5.997,0.001100000000000012
EWR-1,10/12/2025,03:10:00 am,0,2025-10-12 03:10:00,8.2499,5.986,0.0004999999999999894
EWR-1,10/12/2025,03:20:00 am,0,2025-10-12 03:20:00,8.2496,5.981,0.0004999999999999894
EWR-1,10/12/2025,03:30:00 am,0,2025-10-12 03:30:00,8.2487,5.986,0.001100000000000012
EWR-1,10/12/2025,03:40:00 am,0,2025-10-12 03:40:00,8.2477,5.975,0.0017999999999999794
EWR-1,10/12/2025,03:50:00 am,0,2025-10-12 03:50:00,8.2478,5.957,0.0008000000000000007
EWR-1,10/12/2025,04:00:00 am,0,2025-10-12 04:00:00,8.2479,5.949,0.0006000000000000227
EWR-1,10/12/2025,04:10:00 am,0,2025-10-12 04:10:00,8.2475,5.943,0.00039999999999995595
EWR-1,10/12/2025,04:20:00 am,0,2025-10-12 04:20:00,8.2466,5.939,0.0006999999999999674
EWR-1,10/12/2025,04:30:00 am,0,2025-10-12 04:30:00,8.2452,5.932,0.0010000000000000675
EWR-1,10/12/2025,04:40:00 am,0,2025-10-12 04:40:00,8.2449,5.922,0.001100000000000012
EWR-1,10/12/2025,04:50:00 am,0,2025-10-12 04:50:00,8.244,5.911,0.0010999999999999233
EWR-1,10/12/2025,05:00:00 am,0,2025-10-12 05:00:00,8.2431,5.9,0.0012000000000000454
EWR-1,10/12/2025,05:10:00 am,0,2025-10-12 05:10:00,8.243,5.888,0.001100000000000012
EWR-1,10/12/2025,05:20:00 am,0,2025-10-12 05:20:00,8.2423,5.877,0.0011999999999999567
EWR-1,10/12/2025,05:30:00 am,0,2025-10-12 05:30:00,8.2433,5.865,0.0009999999999999788
EWR-1,10/12/2025,05:40:00 am,0,2025-10-12 05:40:00,8.2439,5.855,0.0013000000000000789
EWR-1,10/12/2025,05:50:00 am,0,2025-10-12 05:50:00,8.2445,5.842,0.0010999999999999233
EWR-1,10/12/2025,06:00:00 am,0,2025-10-12 06:00:00,8.2448,5.831,0.001100000000000012
EWR-1,10/12/2025,06:10:00 am,0,2025-10-12 06:10:00,8.2445,5.82,0.0012000000000000454
EWR-1,10/12/2025,06:20:00 am,0,2025-10-12 06:20:00,8.2447,5.808,0.0009999999999999788
EWR-1,10/12/2025,06:30:00 am,0,2025-10-12 06:30:00,8.2446,5.798,0.00129999999999999
EWR-1,10/12/2025,06:40:00 am,0,2025-10-12 06:40:00,8.2448,5.785,0.001100000000000012
EWR-1,10/12/2025,06:50:00 am,0,2025-10-12 06:50:00,8.2434,5.774,0.0009999999999999788
EWR-1,10/12/2025,07:00:00 am,0,2025-10-12 07:00:00,8.2431,5.764,0.00129999999999999
EWR-1,10/12/2025,07:10:00 am,0,2025-10-12 07:10:00,8.2416,5.751,0.0012000000000000454
EWR-1,10/12/2025,07:20:00 am,0,2025-10-12 07:20:00,8.2412,5.739,0.00129999999999999
EWR-1,10/12/2025,07:30:00 am,0,2025-10-12 07:30:00,8.2401,5.726,0.00129999999999999
EWR-1,10/12/2025,07:40:00 am,0,2025-10-12 07:40:00,8.2395,5.713,0.0012000000000000454
EWR-1,10/12/2025,07:50:00 am,0,2025-10-12 07:50:00,8.2402,5.701,0.0009999999999999788
EWR-1,10/12/2025,08:00:00 am,0,2025-10-12 08:00:00,8.2398,5.691,0.0006000000000000227
EWR-1,10/12/2025,08:10:00 am,0,2025-10-12 08:10:00,8.2393,5.685,0.0010999999999999233
EWR-1,10/12/2025,08:20:00 am,0,2025-10-12 08:20:00,8.2387,5.674,0.0009000000000000341
EWR-1,10/12/2025,08:30:00 am,0,2025-10-12 08:30:00,8.238,5.665,0.001100000000000012
EWR-1,10/12/2025,08:40:00 am,0,2025-10-12 08:40:00,8.2374,5.654,0.0006999999999999674
EWR-1,10/12/2025,08:50:00 am,0,2025-10-12 08:50:00,8.237,5.647,0.0006000000000000227
EWR-1,10/12/2025,09:00:00 am,0,2025-10-12 09:00:00,8.2364,5.641,0.0008000000000000007
EWR-1,10/12/2025,09:10:00 am,0,2025-10-12 09:10:00,8.2363,5.633,0.0008000000000000007
EWR-1,10/12/2025,09:20:00 am,0,2025-10-12 09:20:00,8.235,5.625,0.0006999999999999674
EWR-1,10/12/2025,09:30:00 am,0,2025-10-12 09:30:00,8.2339,5.618,0.0007000000000000562
EWR-1,10/12/2025,09:40:00 am,0,2025-10-12 09:40:00,8.2345,5.611,0.0005999999999999339
EWR-1,10/12/2025,09:50:00 am,0,2025-10-12 09:50:00,8.2343,5.605,0.0007000000000000562
EWR-1,10/12/2025,10:00:00 am,0,2025-10-12 10:00:00,8.233,5.598,0.0006999999999999674
EWR-1,10/12/2025,10:10:00 am,0,2025-10-12 10:10:00,8.232,5.591,0.0006000000000000227
EWR-1,10/12/2025,10:20:00 am,0,2025-10-12 10:20:00,8.2303,5.585,0.00030000000000001136
EWR-1,10/12/2025,10:30:00 am,0,2025-10-12 10:30:00,8.2299,5.582,0.0008000000000000007
EWR-1,10/12/2025,10:40:00 am,0,2025-10-12 10:40:00,8.2284,5.574,0.00039999999999995595
EWR-1,10/12/2025,10:50:00 am,0,2025-10-12 10:50:00,8.2267,5.57,0.00030000000000001136
EWR-1,10/12/2025,11:00:00 am,0,2025-10-12 11:00:00,8.2258,5.567,0.0004999999999999894
EWR-1,10/12/2025,11:10:00 am,0,2025-10-12 11:10:00,8.2251,5.562,0.0006000000000000227
EWR-1,10/12/2025,11:20:00 am,0,2025-10-12 11:20:00,8.2242,5.556,0.0008000000000000007
EWR-1,10/12/2025,11:30:00 am,0,2025-10-12 11:30:00,8.2241,5.548,0.0009999999999999788
EWR-1,10/12/2025,11:40:00 am,0,2025-10-12 11:40:00,8.2239,5.538,0.0001000000000000334
EWR-1,10/12/2025,11:50:00 am,0,2025-10-12 11:50:00,8.2236,5.537,0.00030000000000001136
EWR-1,10/12/2025,12:00:00 pm,0,2025-10-12 12:00:00,8.2224,5.534,0.0
EWR-1,10/12/2025,12:10:00 pm,0,2025-10-12 12:10:00,8.2213,5.534,0.0
EWR-1,10/12/2025,12:20:00 pm,0,2025-10-12 12:20:00,8.2205,5.534,9.999999999994457e-05
EWR-1,10/12/2025,12:30:00 pm,0,2025-10-12 12:30:00,8.2191,5.533,0.0002000000000000668
EWR-1,10/12/2025,12:40:00 pm,0,2025-10-12 12:40:00,8.2175,5.531,0.0
EWR-1,10/12/2025,12:50:00 pm,0,2025-10-12 12:50:00,8.2157,5.531,0.0
EWR-1,10/12/2025,01:00:00 pm,0,2025-10-12 13:00:00,8.2149,5.531,0.0002000000000000668
EWR-1,10/12/2025,01:10:00 pm,0,2025-10-12 13:10:00,8.2134,5.533,0.0
EWR-1,10/12/2025,01:20:00 pm,0,2025-10-12 13:20:00,8.212,5.533,0.0008000000000000007
EWR-1,10/12/2025,01:30:00 pm,0,2025-10-12 13:30:00,8.2108,5.541,0.0005999999999999339
EWR-1,10/12/2025,01:40:00 pm,0,2025-10-12 13:40:00,8.2105,5.547,0.0010000000000000675
EWR-1,10/12/2025,01:50:00 pm,0,2025-10-12 13:50:00,8.21,5.557,0.0001000000000000334
EWR-1,10/12/2025,02:00:00 pm,0,2025-10-12 14:00:00,8.2091,5.556,0.00039999999999995595
EWR-1,10/12/2025,02:10:00 pm,0,2025-10-12 14:10:00,8.2087,5.56,0.00040000000000004474
EWR-1,10/12/2025,02:20:00 pm,0,2025-10-12 14:20:00,8.2076,5.564,0.0006999999999999674
EWR-1,10/12/2025,02:30:00 pm,0,2025-10-12 14:30:00,8.2073,5.571,0.00040000000000004474
EWR-1,10/12/2025,02:40:00 pm,0,2025-10-12 14:40:00,8.2058,5.575,0.00030000000000001136
EWR-1,10/12/2025,02:50:00 pm,0,2025-10-12 14:50:00,8.2052,5.578,0.0005999999999999339
EWR-1,10/12/2025,03:00:00 pm,0,2025-10-12 15:00:00,8.2035,5.584,0.0005000000000000782
EWR-1,10/12/2025,03:10:00 pm,0,2025-10-12 15:10:00,8.2029,5.589,0.0006999999999999674
EWR-1,10/12/2025,03:20:00 pm,0,2025-10-12 15:20:00,8.2018,5.596,0.00039999999999995595
EWR-1,10/12/2025,03:30:00 pm,0,2025-10-12 15:30:00,8.2008,5.6,0.0007000000000000562
EWR-1,10/12/2025,03:40:00 pm,0,2025-10-12 15:40:00,8.1995,5.607,0.0006000000000000227
EWR-1,10/12/2025,03:50:00 pm,0,2025-10-12 15:50:00,8.1981,5.613,0.00039999999999995595
EWR-1,10/12/2025,04:00:00 pm,0,2025-10-12 16:00:00,8.1974,5.617,0.0008000000000000007
EWR-1,10/12/2025,04:10:00 pm,0,2025-10-12 16:10:00,8.1968,5.625,0.00039999999999995595
EWR-1,10/12/2025,04:20:00 pm,0,2025-10-12 16:20:00,8.1951,5.629,0.0005000000000000782
EWR-1,10/12/2025,04:30:00 pm,0,2025-10-12 16:30:00,8.1946,5.634,0.0008000000000000007
EWR-1,10/12/2025,04:40:00 pm,0,2025-10-12 16:40:00,8.1946,5.642,0.0004999999999999894
EWR-1,10/12/2025,04:50:00 pm,0,2025-10-12 16:50:00,8.1939,5.647,0.00039999999999995595
EWR-1,10/12/2025,05:00:00 pm,0,2025-10-12 17:00:00,8.1924,5.651,0.0006000000000000227
EWR-1,10/12/2025,05:10:00 pm,0,2025-10-12 17:10:00,8.191,5.657,0.0
EWR-1,10/12/2025,05:20:00 pm,0,2025-10-12 17:20:00,8.1899,5.657,0.00039999999999995595
EWR-1,10/12/2025,05:30:00 pm,0,2025-10-12 17:30:00,8.1893,5.661,9.999999999994457e-05
EWR-1,10/12/2025,05:40:00 pm,0,2025-10-12 17:40:00,8.1884,5.66,0.0
EWR-1,10/12/2025,05:50:00 pm,0,2025-10-12 17:50:00,8.1873,5.66,0.00030000000000001136
EWR-1,10/12/2025,06:00:00 pm,0,2025-10-12 18:00:00,8.1877,5.663,9.999999999994457e-05
EWR-1,10/12/2025,06:10:00 pm,0,2025-10-12 18:10:00,8.1872,5.664,0.0
EWR-1,10/12/2025,06:20:00 pm,0,2025-10-12 18:20:00,8.1861,5.664,0.00030000000000001136
EWR-1,10/12/2025,06:30:00 pm,0,2025-10-12 18:30:00,8.1847,5.661,0.0
EWR-1,10/12/2025,06:40:00 pm,0,2025-10-12 18:40:00,8.1844,5.661,9.999999999994457e-05
EWR-1,10/12/2025,06:50:00 pm,0,2025-10-12 18:50:00,8.1842,5.66,0.0001000000000000334
EWR-1,10/12/2025,07:00:00 pm,0,2025-10-12 19:00:00,8.1841,5.659,0.00019999999999997797
EWR-1,10/12/2025,07:10:00 pm,0,2025-10-12 19:10:00,8.183,5.657,0.00019999999999997797
EWR-1,10/12/2025,07:20:00 pm,0,2025-10-12 19:20:00,8.1833,5.655,0.0001000000000000334
EWR-1,10/12/2025,07:30:00 pm,0,2025-10-12 19:30:00,8.1827,5.654,0.00030000000000001136
EWR-1,10/12/2025,07:40:00 pm,0,2025-10-12 19:40:00,8.1816,5.651,0.00030000000000001136
EWR-1,10/12/2025,07:50:00 pm,0,2025-10-12 19:50:00,8.1813,5.648,0.00030000000000001136
EWR-1,10/12/2025,08:00:00 pm,0,2025-10-12 20:00:00,8.1806,5.645,9.999999999994457e-05
EWR-1,10/12/2025,08:10:00 pm,0,2025-10-12 20:10:00,8.1807,5.644,0.00030000000000001136
EWR-1,10/12/2025,08:20:00 pm,0,2025-10-12 20:20:00,8.1798,5.641,0.00030000000000001136
EWR-1,10/12/2025,08:30:00 pm,0,2025-10-12 20:30:00,8.1814,5.638,0.0001000000000000334
EWR-1,10/12/2025,08:40:00 pm,0,2025-10-12 20:40:00,8.1809,5.637,9.999999999994457e-05
EWR-1,10/12/2025,08:50:00 pm,0,2025-10-12 20:50:00,8.182,5.636,0.00030000000000001136
EWR-1,10/12/2025,09:00:00 pm,0,2025-10-12 21:00:00,8.1813,5.633,0.0
EWR-1,10/12/2025,09:10:00 pm,0,2025-10-12 21:10:00,8.1818,5.633,0.00030000000000001136
EWR-1,10/12/2025,09:20:00 pm,0,2025-10-12 21:20:00,8.1817,5.63,0.00019999999999997797
EWR-1,10/12/2025,09:30:00 pm,0,2025-10-12 21:30:00,8.1808,5.628,0.00040000000000004474
EWR-1,10/12/2025,09:40:00 pm,0,2025-10-12 21:40:00,8.1807,5.624,0.00029999999999992256
EWR-1,10/12/2025,09:50:00 pm,0,2025-10-12 21:50:00,8.1813,5.621,0.0005000000000000782
EWR-1,10/12/2025,10:00:00 pm,0,2025-10-12 22:00:00,8.18,5.616,0.00039999999999995595
EWR-1,10/12/2025,10:10:00 pm,0,2025-10-12 22:10:00,8.1793,5.612,0.00019999999999997797
EWR-1,10/12/2025,10:20:00 pm,0,2025-10-12 22:20:00,8.1782,5.61,0.0004999999999999894
EWR-1,10/12/2025,10:30:00 pm,0,2025-10-12 22:30:00,8.1769,5.605,0.00030000000000001136
EWR-1,10/12/2025,10:40:00 pm,0,2025-10-12 22:40:00,8.1758,5.602,0.00030000000000001136
EWR-1,10/12/2025,10:50:00 pm,0,2025-10-12 22:50:00,8.1739,5.599,0.00030000000000001136
EWR-1,10/12/2025,11:00:00 pm,0,2025-10-12 23:00:00,8.1731,5.596,0.00019999999999997797
EWR-1,10/12/2025,11:10:00 pm,0,2025-10-12 23:10:00,8.1739,5.594,0.00030000000000001136
EWR-1,10/12/2025,11:20:00 pm,0,2025-10-12 23:20:00,8.1725,5.591,0.00030000000000001136
EWR-1,10/12/2025,11:30:00 pm,0,2025-10-12 23:30:00,8.1724,5.588,0.0001000000000000334
EWR-1,10/12/2025,11:40:00 pm,0,2025-10-12 23:40:00,8.1713,5.587,0.00030000000000001136
EWR-1,10/12/2025,11:50:00 pm,0,2025-10-12 23:50:00,8.1709,5.584,0.00029999999999992256
EWR-1,10/13/2025,12:00:00 am,0,2025-10-13 00:00:00,8.1712,5.581,0.00030000000000001136
EWR-1,10/13/2025,12:10:00 am,0,2025-10-13 00:10:00,8.1715,5.578,0.0002000000000000668
EWR-1,10/13/2025,12:20:00 am,0,2025-10-13 00:20:00,8.1711,5.576,0.00039999999999995595
EWR-1,10/13/2025,12:30:00 am,0,2025-10-13 00:30:00,8.1703,5.572,0.0004999999999999894
EWR-1,10/13/2025,12:40:00 am,0,2025-10-13 00:40:00,8.1699,5.567,0.00030000000000001136
EWR-1,10/13/2025,12:50:00 am,0,2025-10-13 00:50:00,8.1691,5.564,0.0006999999999999674
EWR-1,10/13/2025,01:00:00 am,0,2025-10-13 01:00:00,8.1683,5.557,0.0008000000000000007
EWR-1,10/13/2025,01:10:00 am,0,2025-10-13 01:10:00,8.167,5.549,0.0008000000000000007
EWR-1,10/13/2025,01:20:00 am,0,2025-10-13 01:20:00,8.1664,5.541,0.0008000000000000007
EWR-1,10/13/2025,01:30:00 am,0,2025-10-13 01:30:00,8.1658,5.533,0.0009000000000000341
EWR-1,10/13/2025,01:40:00 am,0,2025-10-13 01:40:00,8.1654,5.524,0.0006999999999999674
EWR-1,10/13/2025,01:50:00 am,0,2025-10-13 01:50:00,8.1647,5.517,0.0008000000000000007
EWR-1,10/13/2025,02:00:00 am,0,2025-10-13 02:00:00,8.1649,5.509,0.0008000000000000007
EWR-1,10/13/2025,02:10:00 am,0,2025-10-13 02:10:00,8.1653,5.501,0.0007000000000000562
EWR-1,10/13/2025,02:20:00 am,0,2025-10-13 02:20:00,8.1649,5.494,0.0004999999999999894
EWR-1,10/13/2025,02:30:00 am,0,2025-10-13 02:30:00,8.1635,5.489,0.0006999999999999674
EWR-1,10/13/2025,02:40:00 am,0,2025-10-13 02:40:00,8.1626,5.482,0.0008000000000000007
EWR-1,10/13/2025,02:50:00 am,0,2025-10-13 02:50:00,8.161,5.474,0.0004999999999999894
EWR-1,10/13/2025,03:00:00 am,0,2025-10-13 03:00:00,8.1602,5.469,0.00040000000000004474
EWR-1,10/13/2025,03:10:00 am,0,2025-10-13 03:10:00,8.1589,5.465,0.00039999999999995595
EWR-1,10/13/2025,03:20:00 am,0,2025-10-13 03:20:00,8.1575,5.461,0.0002000000000000668
EWR-1,10/13/2025,03:30:00 am,0,2025-10-13 03:30:00,8.157,5.459,0.00039999999999995595
EWR-1,10/13/2025,03:40:00 am,0,2025-10-13 03:40:00,8.1564,5.455,0.00030000000000001136
EWR-1,10/13/2025,03:50:00 am,0,2025-10-13 03:50:00,8.1575,5.452,0.00030000000000001136
EWR-1,10/13/2025,04:00:00 am,0,2025-10-13 04:00:00,8.1579,5.449,9.999999999994457e-05
EWR-1,10/13/2025,04:10:00 am,0,2025-10-13 04:10:00,8.158,5.448,0.0005000000000000782
EWR-1,10/13/2025,04:20:00 am,0,2025-10-13 04:20:00,8.1577,5.443,0.00039999999999995595
EWR-1,10/13/2025,04:30:00 am,0,2025-10-13 04:30:00,8.1578,5.439,0.00030000000000001136
EWR-1,10/13/2025,04:40:00 am,0,2025-10-13 04:40:00,8.1577,5.436,0.00030000000000001136
EWR-1,10/13/2025,04:50:00 am,0,2025-10-13 04:50:00,8.157,5.433,0.0004999999999999894
EWR-1,10/13/2025,05:00:00 am,0,2025-10-13 05:00:00,8.1564,5.428,0.0006000000000000227
EWR-1,10/13/2025,05:10:00 am,0,2025-10-13 05:10:00,8.1562,5.422,0.00019999999999997797
EWR-1,10/13/2025,05:20:00 am,0,2025-10-13 05:20:00,8.1554,5.42,0.0006000000000000227
EWR-1,10/13/2025,05:30:00 am,0,2025-10-13 05:30:00,8.1553,5.414,0.00030000000000001136
EWR-1,10/13/2025,05:40:00 am,0,2025-10-13 05:40:00,8.1556,5.411,0.00039999999999995595
EWR-1,10/13/2025,05:50:00 am,0,2025-10-13 05:50:00,8.1559,5.407,0.00030000000000001136
EWR-1,10/13/2025,06:00:00 am,0,2025-10-13 06:00:00,8.156,5.404,0.00039999999999995595
EWR-1,10/13/2025,06:10:00 am,0,2025-10-13 06:10:00,8.1559,5.4,0.0005000000000000782
EWR-1,10/13/2025,06:20:00 am,0,2025-10-13 06:20:00,8.1561,5.395,0.0004999999999999894
EWR-1,10/13/2025,06:30:00 am,0,2025-10-13 06:30:00,8.1559,5.39,9.999999999994457e-05
EWR-1,10/13/2025,06:40:00 am,0,2025-10-13 06:40:00,8.1552,5.389,0.00030000000000001136
EWR-1,10/13/2025,06:50:00 am,0,2025-10-13 06:50:00,8.1541,5.386,0.00040000000000004474
EWR-1,10/13/2025,07:00:00 am,0,2025-10-13 07:00:00,8.1523,5.382,0.00039999999999995595
EWR-1,10/13/2025,07:10:00 am,0,2025-10-13 07:10:00,8.1528,5.378,0.00030000000000001136
EWR-1,10/13/2025,07:20:00 am,0,2025-10-13 07:20:00,8.1519,5.375,0.00019999999999997797
EWR-1,10/13/2025,07:30:00 am,0,2025-10-13 07:30:00,8.1515,5.373,0.0004999999999999894
EWR-1,10/13/2025,07:40:00 am,0,2025-10-13 07:40:00,8.1513,5.368,0.0002000000000000668
EWR-1,10/13/2025,07:50:00 am,0,2025-10-13 07:50:00,8.1516,5.366,0.00039999999999995595
EWR-1,10/13/2025,08:00:00 am,0,2025-10-13 08:00:00,8.1511,5.362,0.00019999999999997797
EWR-1,10/13/2025,08:10:00 am,0,2025-10-13 08:10:00,8.151,5.36,0.0002000000000000668
EWR-1,10/13/2025,08:20:00 am,0,2025-10-13 08:20:00,8.1502,5.358,0.00029999999999992256
EWR-1,10/13/2025,08:30:00 am,0,2025-10-13 08:30:00,8.1503,5.355,0.00030000000000001136
EWR-1,10/13/2025,08:40:00 am,0,2025-10-13 08:40:00,8.1504,5.352,0.0001000000000000334
EWR-1,10/13/2025,08:50:00 am,0,2025-10-13 08:50:00,8.1507,5.351,0.00019999999999997797
EWR-1,10/13/2025,09:00:00 am,0,2025-10-13 09:00:00,8.1501,5.349,0.0001000000000000334
EWR-1,10/13/2025,09:10:00 am,0,2025-10-13 09:10:00,8.1504,5.348,0.0
EWR-1,10/13/2025,09:20:00 am,0,2025-10-13 09:20:00,8.1509,5.348,9.999999999994457e-05
EWR-1,10/13/2025,09:30:00 am,0,2025-10-13 09:30:00,8.1515,5.347,0.0001000000000000334
EWR-1,10/13/2025,09:40:00 am,0,2025-10-13 09:40:00,8.1519,5.346,0.0001000000000000334
EWR-1,10/13/2025,09:50:00 am,0,2025-10-13 09:50:00,8.152,5.347,0.0
EWR-1,10/13/2025,10:00:00 am,0,2025-10-13 10:00:00,8.1543,5.347,0.0001000000000000334
EWR-1,10/13/2025,10:10:00 am,0,2025-10-13 10:10:00,8.1562,5.346,0.00030000000000001136
EWR-1,10/13/2025,10:20:00 am,0,2025-10-13 10:20:00,8.1593,5.343,0.0008000000000000007
EWR-1,10/13/2025,10:30:00 am,0,2025-10-13 10:30:00,8.1609,5.335,0.001100000000000012
EWR-1,10/13/2025,10:40:00 am,0,2025-10-13 10:40:00,8.1622,5.324,0.0006999999999999674
EWR-1,10/13/2025,10:50:00 am,0,2025-10-13 10:50:00,8.1633,5.317,0.00040000000000004474
EWR-1,10/13/2025,11:00:00 am,0,2025-10-13 11:00:00,8.1644,5.313,0.0
EWR-1,10/13/2025,11:10:00 am,0,2025-10-13 11:10:00,8.1652,5.313,9.999999999994457e-05
EWR-1,10/13/2025,11:20:00 am,0,2025-10-13 11:20:00,8.165,5.312,9.999999999994457e-05
EWR-1,10/13/2025,11:30:00 am,0,2025-10-13 11:30:00,8.1658,5.313,0.00030000000000001136
EWR-1,10/13/2025,11:40:00 am,0,2025-10-13 11:40:00,8.166,5.316,0.00040000000000004474
EWR-1,10/13/2025,11:50:00 am,0,2025-10-13 11:50:00,8.1669,5.32,0.00019999999999997797
EWR-1,10/13/2025,12:00:00 pm,0,2025-10-13 12:00:00,8.1654,5.322,0.00039999999999995595
EWR-1,10/13/2025,12:10:00 pm,0,2025-10-13 12:10:00,8.1647,5.326,0.00030000000000001136
EWR-1,10/13/2025,12:20:00 pm,0,2025-10-13 12:20:00,8.1648,5.329,0.00030000000000001136
EWR-1,10/13/2025,12:30:00 pm,0,2025-10-13 12:30:00,8.1635,5.332,0.0004999999999999894
EWR-1,10/13/2025,12:40:00 pm,0,2025-10-13 12:40:00,8.1624,5.337,0.00040000000000004474
EWR-1,10/13/2025,12:50:00 pm,0,2025-10-13 12:50:00,8.1622,5.341,0.00030000000000001136
EWR-1,10/13/2025,01:00:00 pm,0,2025-10-13 13:00:00,8.1616,5.344,0.0005999999999999339
EWR-1,10/13/2025,01:10:00 pm,0,2025-10-13 13:10:00,8.1609,5.35,0.0002000000000000668
EWR-1,10/13/2025,01:20:00 pm,0,2025-10-13 13:20:00,8.1609,5.352,0.00039999999999995595
EWR-1,10/13/2025,01:30:00 pm,0,2025-10-13 13:30:00,8.16,5.356,0.0001000000000000334
EWR-1,10/13/2025,01:40:00 pm,0,2025-10-13 13:40:00,8.1599,5.357,0.00030000000000001136
EWR-1,10/13/2025,01:50:00 pm,0,2025-10-13 13:50:00,8.1589,5.36,9.999999999994457e-05
EWR-1,10/13/2025,02:00:00 pm,0,2025-10-13 14:00:00,8.1578,5.361,0.0001000000000000334
EWR-1,10/13/2025,02:10:00 pm,0,2025-10-13 14:10:00,8.1571,5.362,0.00019999999999997797
EWR-1,10/13/2025,02:20:00 pm,0,2025-10-13 14:20:00,8.1572,5.364,0.00030000000000001136
EWR-1,10/13/2025,02:30:00 pm,0,2025-10-13 14:30:00,8.1574,5.367,0.0001000000000000334
EWR-1,10/13/2025,02:40:00 pm,0,2025-10-13 14:40:00,8.1566,5.368,0.00019999999999997797
EWR-1,10/13/2025,02:50:00 pm,0,2025-10-13 14:50:00,8.1564,5.37,0.00030000000000001136
EWR-1,10/13/2025,03:00:00 pm,0,2025-10-13 15:00:00,8.157,5.373,0.00039999999999995595
EWR-1,10/13/2025,03:10:00 pm,0,2025-10-13 15:10:00,8.158,5.377,0.00040000000000004474
EWR-1,10/13/2025,03:20:00 pm,0,2025-10-13 15:20:00,8.1576,5.381,0.00039999999999995595
EWR-1,10/13/2025,03:30:00 pm,0,2025-10-13 15:30:00,8.1581,5.385,0.00030000000000001136
EWR-1,10/13/2025,03:40:00 pm,0,2025-10-13 15:40:00,8.157,5.388,0.00030000000000001136
EWR-1,10/13/2025,03:50:00 pm,0,2025-10-13 15:50:00,8.1575,5.391,0.0004999999999999894
EWR-1,10/13/2025,04:00:00 pm,0,2025-10-13 16:00:00,8.1582,5.396,0.00040000000000004474
EWR-1,10/13/2025,04:10:00 pm,0,2025-10-13 16:10:00,8.1575,5.4,0.0004999999999999894
EWR-1,10/13/2025,04:20:00 pm,0,2025-10-13 16:20:00,8.1565,5.405,0.00039999999999995595
EWR-1,10/13/2025,04:30:00 pm,0,2025-10-13 16:30:00,8.1563,5.409,0.0004999999999999894
EWR-1,10/13/2025,04:40:00 pm,0,2025-10-13 16:40:00,8.1573,5.414,0.00030000000000001136
EWR-1,10/13/2025,04:50:00 pm,0,2025-10-13 16:50:00,8.1583,5.417,0.0004999999999999894
EWR-1,10/13/2025,05:00:00 pm,0,2025-10-13 17:00:00,8.1589,5.422,0.0001000000000000334
EWR-1,10/13/2025,05:10:00 pm,0,2025-10-13 17:10:00,8.1589,5.423,0.00030000000000001136
EWR-1,10/13/2025,05:20:00 pm,0,2025-10-13 17:20:00,8.1591,5.426,0.0
EWR-1,10/13/2025,05:30:00 pm,0,2025-10-13 17:30:00,8.1589,5.426,0.00019999999999997797
EWR-1,10/13/2025,05:40:00 pm,0,2025-10-13 17:40:00,8.1591,5.428,0.0
EWR-1,10/13/2025,05:50:00 pm,0,2025-10-13 17:50:00,8.1588,5.428,0.0
EWR-1,10/13/2025,06:00:00 pm,0,2025-10-13 18:00:00,8.1598,5.428,0.0001000000000000334
EWR-1,10/13/2025,06:10:00 pm,0,2025-10-13 18:10:00,8.1607,5.429,0.0001000000000000334
EWR-1,10/13/2025,06:20:00 pm,0,2025-10-13 18:20:00,8.1608,5.428,0.0
EWR-1,10/13/2025,06:30:00 pm,0,2025-10-13 18:30:00,8.1599,5.428,0.0
EWR-1,10/13/2025,06:40:00 pm,0,2025-10-13 18:40:00,8.1601,5.428,0.0001000000000000334
EWR-1,10/13/2025,06:50:00 pm,0,2025-10-13 18:50:00,8.1604,5.427,9.999999999994457e-05
EWR-1,10/13/2025,07:00:00 pm,0,2025-10-13 19:00:00,8.1616,5.426,0.00019999999999997797
EWR-1,10/13/2025,07:10:00 pm,0,2025-10-13 19:10:00,8.1623,5.424,0.00030000000000001136
EWR-1,10/13/2025,07:20:00 pm,0,2025-10-13 19:20:00,8.1639,5.421,0.00040000000000004474
EWR-1,10/13/2025,07:30:00 pm,0,2025-10-13 19:30:00,8.1647,5.417,0.00019999999999997797
EWR-1,10/13/2025,07:40:00 pm,0,2025-10-13 19:40:00,8.1655,5.415,0.00030000000000001136
EWR-1,10/13/2025,07:50:00 pm,0,2025-10-13 19:50:00,8.1655,5.412,0.00039999999999995595
EWR-1,10/13/2025,08:00:00 pm,0,2025-10-13 20:00:00,8.1667,5.408,0.00040000000000004474
EWR-1,10/13/2025,08:10:00 pm,0,2025-10-13 20:10:00,8.1684,5.404,0.0006000000000000227
EWR-1,10/13/2025,08:20:00 pm,0,2025-10-13 20:20:00,8.1689,5.398,0.00030000000000001136
EWR-1,10/13/2025,08:30:00 pm,0,2025-10-13 20:30:00,8.1694,5.395,0.00039999999999995595
EWR-1,10/13/2025,08:40:00 pm,0,2025-10-13 20:40:00,8.17,5.391,0.00030000000000001136
EWR-1,10/13/2025,08:50:00 pm,0,2025-10-13 20:50:00,8.1712,5.388,0.00030000000000001136
EWR-1,10/13/2025,09:00:00 pm,0,2025-10-13 21:00:00,8.1716,5.385,9.999999999994457e-05
EWR-1,10/13/2025,09:10:00 pm,0,2025-10-13 21:10:00,8.1723,5.384,0.0002000000000000668
EWR-1,10/13/2025,09:20:00 pm,0,2025-10-13 21:20:00,8.1734,5.382,0.00019999999999997797
EWR-1,10/13/2025,09:30:00 pm,0,2025-10-13 21:30:00,8.1737,5.38,0.0001000000000000334
EWR-1,10/13/2025,09:40:00 pm,0,2025-10-13 21:40:00,8.1745,5.379,0.00019999999999997797
EWR-1,10/13/2025,09:50:00 pm,0,2025-10-13 21:50:00,8.1766,5.377,9.999999999994457e-05
EWR-1,10/13/2025,10:00:00 pm,0,2025-10-13 22:00:00,8.1776,5.376,0.0001000000000000334
EWR-1,10/13/2025,10:10:00 pm,0,2025-10-13 22:10:00,8.1783,5.375,0.0001000000000000334
EWR-1,10/13/2025,10:20:00 pm,0,2025-10-13 22:20:00,8.1788,5.374,9.999999999994457e-05
EWR-1,10/13/2025,10:30:00 pm,0,2025-10-13 22:30:00,8.1784,5.373,0.00019999999999997797
EWR-1,10/13/2025,10:40:00 pm,0,2025-10-13 22:40:00,8.1775,5.371,0.0002000000000000668
EWR-1,10/13/2025,10:50:00 pm,0,2025-10-13 22:50:00,8.1777,5.369,0.00019999999999997797
EWR-1,10/13/2025,11:00:00 pm,0,2025-10-13 23:00:00,8.1776,5.367,0.0
EWR-1,10/13/2025,11:10:00 pm,0,2025-10-13 23:10:00,8.1782,5.367,0.00019999999999997797
EWR-1,10/13/2025,11:20:00 pm,0,2025-10-13 23:20:00,8.1786,5.365,0.00019999999999997797
EWR-1,10/13/2025,11:30:00 pm,0,2025-10-13 23:30:00,8.1785,5.363,0.0
EWR-1,10/13/2025,11:40:00 pm,0,2025-10-13 23:40:00,8.1776,5.363,0.00030000000000001136
EWR-1,10/13/2025,11:50:00 pm,0,2025-10-13 23:50:00,8.1772,5.36,0.0001000000000000334
EWR-1,10/14/2025,12:00:00 am,0,2025-10-14 00:00:00,8.1781,5.359,0.00019999999999997797
EWR-1,10/14/2025,12:10:00 am,0,2025-10-14 00:10:00,8.1784,5.357,0.00019999999999997797
EWR-1,10/14/2025,12:20:00 am,0,2025-10-14 00:20:00,8.1785,5.355,0.0001000000000000334
EWR-1,10/14/2025,12:30:00 am,0,2025-10-14 00:30:00,8.1801,5.354,0.00030000000000001136
EWR-1,10/14/2025,12:40:00 am,0,2025-10-14 00:40:00,8.1802,5.351,0.00019999999999997797
EWR-1,10/14/2025,12:50:00 am,0,2025-10-14 00:50:00,8.1808,5.349,0.00019999999999997797
EWR-1,10/14/2025,01:00:00 am,0,2025-10-14 01:00:00,8.1815,5.347,0.0002000000000000668
EWR-1,10/14/2025,01:10:00 am,0,2025-10-14 01:10:00,8.1804,5.345,9.999999999994457e-05
EWR-1,10/14/2025,01:20:00 am,0,2025-10-14 01:20:00,8.1793,5.344,0.00030000000000001136
EWR-1,10/14/2025,01:30:00 am,0,2025-10-14 01:30:00,8.18,5.341,0.00019999999999997797
EWR-1,10/14/2025,01:40:00 am,0,2025-10-14 01:40:00,8.1807,5.339,0.00030000000000001136
EWR-1,10/14/2025,01:50:00 am,0,2025-10-14 01:50:00,8.1813,5.336,0.0002000000000000668
EWR-1,10/14/2025,02:00:00 am,0,2025-10-14 02:00:00,8.1817,5.334,0.00019999999999997797
EWR-1,10/14/2025,02:10:00 am,0,2025-10-14 02:10:00,8.1819,5.332,0.00019999999999997797
EWR-1,10/14/2025,02:20:00 am,0,2025-10-14 02:20:00,8.1828,5.33,0.0001000000000000334
EWR-1,10/14/2025,02:30:00 am,0,2025-10-14 02:30:00,8.183,5.329,0.00030000000000001136
EWR-1,10/14/2025,02:40:00 am,0,2025-10-14 02:40:00,8.1824,5.326,0.0
EWR-1,10/14/2025,02:50:00 am,0,2025-10-14 02:50:00,8.1818,5.326,0.00029999999999992256
EWR-1,10/14/2025,03:00:00 am,0,2025-10-14 03:00:00,8.181,5.323,0.0002000000000000668
EWR-1,10/14/2025,03:10:00 am,0,2025-10-14 03:10:00,8.1819,5.321,0.00030000000000001136
EWR-1,10/14/2025,03:20:00 am,0,2025-10-14 03:20:00,8.1815,5.318,0.00029999999999992256
EWR-1,10/14/2025,03:30:00 am,0,2025-10-14 03:30:00,8.1829,5.315,0.00030000000000001136
EWR-1,10/14/2025,03:40:00 am,0,2025-10-14 03:40:00,8.1828,5.312,0.0002000000000000668
EWR-1,10/14/2025,03:50:00 am,0,2025-10-14 03:50:00,8.1824,5.31,0.00029999999999992256
EWR-1,10/14/2025,04:00:00 am,0,2025-10-14 04:00:00,8.1824,5.307,0.00040000000000004474
EWR-1,10/14/2025,04:10:00 am,0,2025-10-14 04:10:00,8.1818,5.303,0.00019999999999997797
EWR-1,10/14/2025,04:20:00 am,0,2025-10-14 04:20:00,8.1816,5.301,0.00030000000000001136
EWR-1,10/14/2025,04:30:00 am,0,2025-10-14 04:30:00,8.1801,5.298,0.00030000000000001136
EWR-1,10/14/2025,04:40:00 am,0,2025-10-14 04:40:00,8.1794,5.295,0.00030000000000001136
EWR-1,10/14/2025,04:50:00 am,0,2025-10-14 04:50:00,8.1817,5.292,0.00039999999999995595
EWR-1,10/14/2025,05:00:00 am,0,2025-10-14 05:00:00,8.1823,5.288,0.00030000000000001136
EWR-1,10/14/2025,05:10:00 am,0,2025-10-14 05:10:00,8.1829,5.285,0.00030000000000001136
EWR-1,10/14/2025,05:20:00 am,0,2025-10-14 05:20:00,8.1841,5.282,0.00040000000000004474
EWR-1,10/14/2025,05:30:00 am,0,2025-10-14 05:30:00,8.1853,5.278,0.0004999999999999894
EWR-1,10/14/2025,05:40:00 am,0,2025-10-14 05:40:00,8.1855,5.273,0.00019999999999997797
EWR-1,10/14/2025,05:50:00 am,0,2025-10-14 05:50:00,8.1855,5.271,0.00039999999999995595
EWR-1,10/14/2025,06:00:00 am,0,2025-10-14 06:00:00,8.1864,5.267,0.00030000000000001136
EWR-1,10/14/2025,06:10:00 am,0,2025-10-14 06:10:00,8.1865,5.264,0.00030000000000001136
EWR-1,10/14/2025,06:20:00 am,0,2025-10-14 06:20:00,8.1867,5.261,0.00040000000000004474
EWR-1,10/14/2025,06:30:00 am,0,2025-10-14 06:30:00,8.187,5.257,9.999999999994457e-05
EWR-1,10/14/2025,06:40:00 am,0,2025-10-14 06:40:00,8.1864,5.256,0.00040000000000004474
EWR-1,10/14/2025,06:50:00 am,0,2025-10-14 06:50:00,8.188,5.252,0.00030000000000001136
EWR-1,10/14/2025,07:00:00 am,0,2025-10-14 07:00:00,8.1879,5.249,0.00029999999999992256
EWR-1,10/14/2025,07:10:00 am,0,2025-10-14 07:10:00,8.1886,5.246,0.0002000000000000668
EWR-1,10/14/2025,07:20:00 am,0,2025-10-14 07:20:00,8.19,5.244,0.00030000000000001136
EWR-1,10/14/2025,07:30:00 am,0,2025-10-14 07:30:00,8.1897,5.241,0.00019999999999997797
EWR-1,10/14/2025,07:40:00 am,0,2025-10-14 07:40:00,8.1913,5.239,0.00039999999999995595
EWR-1,10/14/2025,07:50:00 am,0,2025-10-14 07:50:00,8.1929,5.235,0.0002000000000000668
EWR-1,10/14/2025,08:00:00 am,0,2025-10-14 08:00:00,8.1932,5.233,0.00019999999999997797
EWR-1,10/14/2025,08:10:00 am,0,2025-10-14 08:10:00,8.1934,5.231,0.00030000000000001136
EWR-1,10/14/2025,08:20:00 am,0,2025-10-14 08:20:00,8.1944,5.228,9.999999999994457e-05
EWR-1,10/14/2025,08:30:00 am,0,2025-10-14 08:30:00,8.1942,5.227,0.00030000000000001136
EWR-1,10/14/2025,08:40:00 am,0,2025-10-14 08:40:00,8.1959,5.224,0.0001000000000000334
EWR-1,10/14/2025,08:50:00 am,0,2025-10-14 08:50:00,8.1964,5.223,0.00019999999999997797
EWR-1,10/14/2025,09:00:00 am,0,2025-10-14 09:00:00,8.1968,5.221,0.0001000000000000334
EWR-1,10/14/2025,09:10:00 am,0,2025-10-14 09:10:00,8.1966,5.22,9.999999999994457e-05
EWR-1,10/14/2025,09:20:00 am,0,2025-10-14 09:20:00,8.1977,5.219,0.0001000000000000334
EWR-1,10/14/2025,09:30:00 am,0,2025-10-14 09:30:00,8.1985,5.218,0.0001000000000000334
EWR-1,10/14/2025,09:40:00 am,0,2025-10-14 09:40:00,8.1989,5.219,0.0
EWR-1,10/14/2025,09:50:00 am,0,2025-10-14 09:50:00,8.1988,5.219,0.00019999999999997797
EWR-1,10/14/2025,10:00:00 am,0,2025-10-14 10:00:00,8.1996,5.221,0.0001000000000000334
EWR-1,10/14/2025,10:10:00 am,0,2025-10-14 10:10:00,8.2018,5.222,0.00019999999999997797
EWR-1,10/14/2025,10:20:00 am,0,2025-10-14 10:20:00,8.1999,5.224,0.00030000000000001136
EWR-1,10/14/2025,10:30:00 am,0,2025-10-14 10:30:00,8.1969,5.227,9.999999999994457e-05
EWR-1,10/14/2025,10:40:00 am,0,2025-10-14 10:40:00,8.198,5.228,0.00030000000000001136
EWR-1,10/14/2025,10:50:00 am,0,2025-10-14 10:50:00,8.1986,5.231,0.00019999999999997797
EWR-1,10/14/2025,11:00:00 am,0,2025-10-14 11:00:00,8.1986,5.233,0.00040000000000004474
EWR-1,10/14/2025,11:10:00 am,0,2025-10-14 11:10:00,8.1999,5.237,0.0004999999999999894
EWR-1,10/14/2025,11:20:00 am,0,2025-10-14 11:20:00,8.1996,5.242,0.0004999999999999894
EWR-1,10/14/2025,11:30:00 am,0,2025-10-14 11:30:00,8.2009,5.247,0.0004999999999999894
EWR-1,10/14/2025,11:40:00 am,0,2025-10-14 11:40:00,8.201,5.252,0.0004999999999999894
EWR-1,10/14/2025,11:50:00 am,0,2025-10-14 11:50:00,8.2011,5.257,0.00040000000000004474
EWR-1,10/14/2025,12:00:00 pm,0,2025-10-14 12:00:00,8.2017,5.261,0.0004999999999999894
EWR-1,10/14/2025,12:10:00 pm,0,2025-10-14 12:10:00,8.2014,5.266,0.0004999999999999894
EWR-1,10/14/2025,12:20:00 pm,0,2025-10-14 12:20:00,8.2022,5.271,0.00040000000000004474
EWR-1,10/14/2025,12:30:00 pm,0,2025-10-14 12:30:00,8.2029,5.275,0.0004999999999999894
EWR-1,10/14/2025,12:40:00 pm,0,2025-10-14 12:40:00,8.2022,5.28,0.00039999999999995595
EWR-1,10/14/2025,12:50:00 pm,0,2025-10-14 12:50:00,8.202,5.284,0.00040000000000004474
EWR-1,10/14/2025,01:00:00 pm,0,2025-10-14 13:00:00,8.2002,5.288,9.999999999994457e-05
EWR-1,10/14/2025,01:10:00 pm,0,2025-10-14 13:10:00,8.1991,5.289,0.0006000000000000227
EWR-1,10/14/2025,01:20:00 pm,0,2025-10-14 13:20:00,8.1978,5.295,0.00040000000000004474
EWR-1,10/14/2025,01:30:00 pm,0,2025-10-14 13:30:00,8.1975,5.299,0.00029999999999992256
EWR-1,10/14/2025,01:40:00 pm,0,2025-10-14 13:40:00,8.1971,5.302,0.0005000000000000782
EWR-1,10/14/2025,01:50:00 pm,0,2025-10-14 13:50:00,8.1954,5.307,0.00039999999999995595
EWR-1,10/14/2025,02:00:00 pm,0,2025-10-14 14:00:00,8.197,5.311,0.0006000000000000227
EWR-1,10/14/2025,02:10:00 pm,0,2025-10-14 14:10:00,8.1978,5.317,0.0004999999999999894
EWR-1,10/14/2025,02:20:00 pm,0,2025-10-14 14:20:00,8.1977,5.322,0.0004999999999999894
EWR-1,10/14/2025,02:30:00 pm,0,2025-10-14 14:30:00,8.1982,5.327,0.00040000000000004474
EWR-1,10/14/2025,02:40:00 pm,0,2025-10-14 14:40:00,8.1982,5.331,0.0004999999999999894
EWR-1,10/14/2025,02:50:00 pm,0,2025-10-14 14:50:00,8.1992,5.336,0.00039999999999995595
EWR-1,10/14/2025,03:00:00 pm,0,2025-10-14 15:00:00,8.1996,5.34,0.00040000000000004474
EWR-1,10/14/2025,03:10:00 pm,0,2025-10-14 15:10:00,8.2001,5.344,0.00030000000000001136
EWR-1,10/14/2025,03:20:00 pm,0,2025-10-14 15:20:00,8.2004,5.347,0.00029999999999992256
EWR-1,10/14/2025,03:30:00 pm,0,2025-10-14 15:30:00,8.2004,5.35,0.00040000000000004474
EWR-1,10/14/2025,03:40:00 pm,0,2025-10-14 15:40:00,8.2009,5.354,0.00039999999999995595
EWR-1,10/14/2025,03:50:00 pm,0,2025-10-14 15:50:00,8.2012,5.358,0.00030000000000001136
EWR-1,10/14/2025,04:00:00 pm,0,2025-10-14 16:00:00,8.2016,5.361,0.0004999999999999894
EWR-1,10/14/2025,04:10:00 pm,0,2025-10-14 16:10:00,8.2025,5.366,0.00030000000000001136
EWR-1,10/14/2025,04:20:00 pm,0,2025-10-14 16:20:00,8.2028,5.369,0.00030000000000001136
EWR-1,10/14/2025,04:30:00 pm,0,2025-10-14 16:30:00,8.2033,5.372,0.00030000000000001136
EWR-1,10/14/2025,04:40:00 pm,0,2025-10-14 16:40:00,8.204,5.375,0.00019999999999997797
EWR-1,10/14/2025,04:50:00 pm,0,2025-10-14 16:50:00,8.2043,5.377,0.00019999999999997797
EWR-1,10/14/2025,05:00:00 pm,0,2025-10-14 17:00:00,8.204,5.379,0.00040000000000004474
EWR-1,10/14/2025,05:10:00 pm,0,2025-10-14 17:10:00,8.2048,5.383,0.00030000000000001136
EWR-1,10/14/2025,05:20:00 pm,0,2025-10-14 17:20:00,8.2052,5.386,0.00039999999999995595
EWR-1,10/14/2025,05:30:00 pm,0,2025-10-14 17:30:00,8.2061,5.39,0.00030000000000001136
EWR-1,10/14/2025,05:40:00 pm,0,2025-10-14 17:40:00,8.2077,5.393,0.00030000000000001136
EWR-1,10/14/2025,05:50:00 pm,0,2025-10-14 17:50:00,8.2092,5.396,0.00030000000000001136
EWR-1,10/14/2025,06:00:00 pm,0,2025-10-14 18:00:00,8.2099,5.399,0.00030000000000001136
EWR-1,10/14/2025,06:10:00 pm,0,2025-10-14 18:10:00,8.2117,5.402,0.00030000000000001136
EWR-1,10/14/2025,06:20:00 pm,0,2025-10-14 18:20:00,8.2128,5.405,0.00019999999999997797
EWR-1,10/14/2025,06:30:00 pm,0,2025-10-14 18:30:00,8.2146,5.407,0.00019999999999997797
EWR-1,10/14/2025,06:40:00 pm,0,2025-10-14 18:40:00,8.2159,5.409,0.00019999999999997797
EWR-1,10/14/2025,06:50:00 pm,0,2025-10-14 18:50:00,8.2169,5.411,0.0002000000000000668
EWR-1,10/14/2025,07:00:00 pm,0,2025-10-14 19:00:00,8.2181,5.413,9.999999999994457e-05
EWR-1,10/14/2025,07:10:00 pm,0,2025-10-14 19:10:00,8.2194,5.414,0.0002000000000000668
EWR-1,10/14/2025,07:20:00 pm,0,2025-10-14 19:20:00,8.2202,5.416,9.999999999994457e-05
EWR-1,10/14/2025,07:30:00 pm,0,2025-10-14 19:30:00,8.2209,5.417,0.00019999999999997797
EWR-1,10/14/2025,07:40:00 pm,0,2025-10-14 19:40:00,8.2219,5.419,0.0001000000000000334
EWR-1,10/14/2025,07:50:00 pm,0,2025-10-14 19:50:00,8.223,5.42,0.00019999999999997797
EWR-1,10/14/2025,08:00:00 pm,0,2025-10-14 20:00:00,8.2247,5.422,0.00030000000000001136
EWR-1,10/14/2025,08:10:00 pm,0,2025-10-14 20:10:00,8.2271,5.425,0.00019999999999997797
EWR-1,10/14/2025,08:20:00 pm,0,2025-10-14 20:20:00,8.2288,5.427,0.0001000000000000334
EWR-1,10/14/2025,08:30:00 pm,0,2025-10-14 20:30:00,8.2308,5.428,0.00019999999999997797
EWR-1,10/14/2025,08:40:00 pm,0,2025-10-14 20:40:00,8.2329,5.43,0.0002000000000000668
EWR-1,10/14/2025,08:50:00 pm,0,2025-10-14 20:50:00,8.2352,5.432,9.999999999994457e-05
EWR-1,10/14/2025,09:00:00 pm,0,2025-10-14 21:00:00,8.2374,5.433,0.0004999999999999894
EWR-1,10/14/2025,09:10:00 pm,0,2025-10-14 21:10:00,8.2415,5.438,0.0004999999999999894
EWR-1,10/14/2025,09:20:00 pm,0,2025-10-14 21:20:00,8.2469,5.443,0.0010000000000000675
EWR-1,10/14/2025,09:30:00 pm,0,2025-10-14 21:30:00,8.2547,5.453,9.999999999994457e-05
EWR-1,10/14/2025,09:40:00 pm,0,2025-10-14 21:40:00,8.2616,5.454,0.0004999999999999894
EWR-1,10/14/2025,09:50:00 pm,0,2025-10-14 21:50:00,8.2678,5.449,0.00039999999999995595
EWR-1,10/14/2025,10:00:00 pm,0,2025-10-14 22:00:00,8.273,5.445,0.0006000000000000227
EWR-1,10/14/2025,10:10:00 pm,0,2025-10-14 22:10:00,8.2771,5.439,0.0004999999999999894
EWR-1,10/14/2025,10:20:00 pm,0,2025-10-14 22:20:00,8.2801,5.434,0.0004999999999999894
EWR-1,10/14/2025,10:30:00 pm,0,2025-10-14 22:30:00,8.2831,5.429,0.0006000000000000227
EWR-1,10/14/2025,10:40:00 pm,0,2025-10-14 22:40:00,8.286,5.423,0.0004999999999999894
EWR-1,10/14/2025,10:50:00 pm,0,2025-10-14 22:50:00,8.288,5.418,0.00040000000000004474
EWR-1,10/14/2025,11:00:00 pm,0,2025-10-14 23:00:00,8.2896,5.414,0.0004999999999999894
EWR-1,10/14/2025,11:10:00 pm,0,2025-10-14 23:10:00,8.2924,5.409,0.0006000000000000227
EWR-1,10/14/2025,11:20:00 pm,0,2025-10-14 23:20:00,8.295,5.403,0.0006999999999999674
EWR-1,10/14/2025,11:30:00 pm,0,2025-10-14 23:30:00,8.2971,5.396,0.0006999999999999674
EWR-1,10/14/2025,11:40:00 pm,0,2025-10-14 23:40:00,8.299,5.389,0.0006000000000000227
EWR-1,10/14/2025,11:50:00 pm,0,2025-10-14 23:50:00,8.301,5.383,0.0006999999999999674
EWR-1,10/15/2025,12:00:00 am,0,2025-10-15 00:00:00,8.3016,5.376,0.0008000000000000007
EWR-1,10/15/2025,12:10:00 am,0,2025-10-15 00:10:00,8.303,5.368,0.0007000000000000562
EWR-1,10/15/2025,12:20:00 am,0,2025-10-15 00:20:00,8.3042,5.361,0.0008000000000000007
EWR-1,10/15/2025,12:30:00 am,0,2025-10-15 00:30:00,8.3052,5.353,0.0008999999999999453
EWR-1,10/15/2025,12:40:00 am,0,2025-10-15 00:40:00,8.3062,5.344,0.0008000000000000007
EWR-1,10/15/2025,12:50:00 am,0,2025-10-15 00:50:00,8.3074,5.336,0.0008000000000000007
EWR-1,10/15/2025,01:00:00 am,0,2025-10-15 01:00:00,8.3081,5.328,0.0008000000000000007
EWR-1,10/15/2025,01:10:00 am,0,2025-10-15 01:10:00,8.3088,5.32,0.0009000000000000341
EWR-1,10/15/2025,01:20:00 am,0,2025-10-15 01:20:00,8.3114,5.311,0.0008000000000000007
EWR-1,10/15/2025,01:30:00 am,0,2025-10-15 01:30:00,8.3118,5.303,0.0008000000000000007
EWR-1,10/15/2025,01:40:00 am,0,2025-10-15 01:40:00,8.313,5.295,0.0008000000000000007
EWR-1,10/15/2025,01:50:00 am,0,2025-10-15 01:50:00,8.3145,5.287,0.0008000000000000007
EWR-1,10/15/2025,02:00:00 am,0,2025-10-15 02:00:00,8.3156,5.279,0.0008000000000000007
EWR-1,10/15/2025,02:10:00 am,0,2025-10-15 02:10:00,8.3163,5.271,0.0008000000000000007
EWR-1,10/15/2025,02:20:00 am,0,2025-10-15 02:20:00,8.3173,5.263,0.0009000000000000341
EWR-1,10/15/2025,02:30:00 am,0,2025-10-15 02:30:00,8.3176,5.254,0.0006999999999999674
EWR-1,10/15/2025,02:40:00 am,0,2025-10-15 02:40:00,8.3189,5.247,0.0008000000000000007
EWR-1,10/15/2025,02:50:00 am,0,2025-10-15 02:50:00,8.3189,5.239,0.0008000000000000007
EWR-1,10/15/2025,03:00:00 am,0,2025-10-15 03:00:00,8.3189,5.231,0.0008000000000000007
EWR-1,10/15/2025,03:10:00 am,0,2025-10-15 03:10:00,8.3188,5.223,0.0006999999999999674
EWR-1,10/15/2025,03:20:00 am,0,2025-10-15 03:20:00,8.3188,5.216,0.0006000000000000227
EWR-1,10/15/2025,03:30:00 am,0,2025-10-15 03:30:00,8.3197,5.21,0.0006999999999999674
EWR-1,10/15/2025,03:40:00 am,0,2025-10-15 03:40:00,8.3204,5.203,0.0007000000000000562
EWR-1,10/15/2025,03:50:00 am,0,2025-10-15 03:50:00,8.3218,5.196,0.0005999999999999339
EWR-1,10/15/2025,04:00:00 am,0,2025-10-15 04:00:00,8.3221,5.19,0.0006000000000000227
EWR-1,10/15/2025,04:10:00 am,0,2025-10-15 04:10:00,8.3232,5.184,0.0006000000000000227
EWR-1,10/15/2025,04:20:00 am,0,2025-10-15 04:20:00,8.323,5.178,0.00039999999999995595
EWR-1,10/15/2025,04:30:00 am,0,2025-10-15 04:30:00,8.3235,5.174,0.0007000000000000562
EWR-1,10/15/2025,04:40:00 am,0,2025-10-15 04:40:00,8.3239,5.167,0.00039999999999995595
EWR-1,10/15/2025,04:50:00 am,0,2025-10-15 04:50:00,8.324,5.163,0.0007000000000000562
EWR-1,10/15/2025,05:00:00 am,0,2025-10-15 05:00:00,8.3239,5.156,0.0006999999999999674
EWR-1,10/15/2025,05:10:00 am,0,2025-10-15 05:10:00,8.3247,5.149,0.0006000000000000227
EWR-1,10/15/2025,05:20:00 am,0,2025-10-15 05:20:00,8.3256,5.143,0.0006000000000000227
EWR-1,10/15/2025,05:30:00 am,0,2025-10-15 05:30:00,8.3263,5.137,0.0004999999999999894
EWR-1,10/15/2025,05:40:00 am,0,2025-10-15 05:40:00,8.3275,5.132,0.0005999999999999339
EWR-1,10/15/2025,05:50:00 am,0,2025-10-15 05:50:00,8.3288,5.126,0.0008000000000000007
EWR-1,10/15/2025,06:00:00 am,0,2025-10-15 06:00:00,8.3298,5.118,0.00030000000000001136
EWR-1,10/15/2025,06:10:00 am,0,2025-10-15 06:10:00,8.3308,5.115,0.0006000000000000227
EWR-1,10/15/2025,06:20:00 am,0,2025-10-15 06:20:00,8.3318,5.109,0.0006000000000000227
EWR-1,10/15/2025,06:30:00 am,0,2025-10-15 06:30:00,8.3323,5.103,0.00039999999999995595
EWR-1,10/15/2025,06:40:00 am,0,2025-10-15 06:40:00,8.3338,5.099,0.0004999999999999894
EWR-1,10/15/2025,06:50:00 am,0,2025-10-15 06:50:00,8.3343,5.094,0.0006000000000000227
EWR-1,10/15/2025,07:00:00 am,0,2025-10-15 07:00:00,8.3345,5.088,0.0004999999999999894
EWR-1,10/15/2025,07:10:00 am,0,2025-10-15 07:10:00,8.335,5.083,0.0004999999999999894
EWR-1,10/15/2025,07:20:00 am,0,2025-10-15 07:20:00,8.3353,5.078,0.0006000000000000227
EWR-1,10/15/2025,07:30:00 am,0,2025-10-15 07:30:00,8.3364,5.072,0.0008000000000000007
EWR-1,10/15/2025,07:40:00 am,0,2025-10-15 07:40:00,8.3371,5.064,0.0006999999999999674
EWR-1,10/15/2025,07:50:00 am,0,2025-10-15 07:50:00,8.338,5.057,0.0007000000000000562
EWR-1,10/15/2025,08:00:00 am,0,2025-10-15 08:00:00,8.3396,5.05,0.0008000000000000007
EWR-1,10/15/2025,08:10:00 am,0,2025-10-15 08:10:00,8.3406,5.042,0.0006000000000000227
EWR-1,10/15/2025,08:20:00 am,0,2025-10-15 08:20:00,8.3406,5.036,0.0005999999999999339
EWR-1,10/15/2025,08:30:00 am,0,2025-10-15 08:30:00,8.3414,5.03,0.0006000000000000227
EWR-1,10/15/2025,08:40:00 am,0,2025-10-15 08:40:00,8.3423,5.024,0.0006999999999999674
EWR-1,10/15/2025,08:50:00 am,0,2025-10-15 08:50:00,8.343,5.017,0.0006000000000000227
EWR-1,10/15/2025,09:00:00 am,0,2025-10-15 09:00:00,8.3426,5.011,0.0006000000000000227
EWR-1,10/15/2025,09:10:00 am,0,2025-10-15 09:10:00,8.3438,5.005,0.0006000000000000227
EWR-1,10/15/2025,09:20:00 am,0,2025-10-15 09:20:00,8.3447,4.999,0.0008000000000000007
EWR-1,10/15/2025,09:30:00 am,0,2025-10-15 09:30:00,8.3446,4.991,0.0005999999999999339
EWR-1,10/15/2025,09:40:00 am,0,2025-10-15 09:40:00,8.3451,4.985,0.0006000000000000227
EWR-1,10/15/2025,09:50:00 am,0,2025-10-15 09:50:00,8.3453,4.979,0.0006999999999999674
EWR-1,10/15/2025,10:00:00 am,0,2025-10-15 10:00:00,8.3458,4.972,0.0006000000000000227
EWR-1,10/15/2025,10:10:00 am,0,2025-10-15 10:10:00,8.3472,4.966,0.00040000000000004474
EWR-1,10/15/2025,10:20:00 am,0,2025-10-15 10:20:00,8.3481,4.962,0.0004999999999999894
EWR-1,10/15/2025,10:30:00 am,0,2025-10-15 10:30:00,8.3485,4.957,0.0006999999999999674
EWR-1,10/15/2025,10:40:00 am,0,2025-10-15 10:40:00,8.3495,4.95,0.00030000000000001136
EWR-1,10/15/2025,10:50:00 am,0,2025-10-15 10:50:00,8.3505,4.947,0.00030000000000001136
EWR-1,10/15/2025,11:00:00 am,0,2025-10-15 11:00:00,8.3522,4.944,0.00039999999999995595
EWR-1,10/15/2025,11:10:00 am,0,2025-10-15 11:10:00,8.3525,4.94,0.0007000000000000562
EWR-1,10/15/2025,11:20:00 am,0,2025-10-15 11:20:00,8.3539,4.933,0.0004999999999999894
EWR-1,10/15/2025,11:30:00 am,0,2025-10-15 11:30:00,8.3554,4.928,0.0006999999999999674
EWR-1,10/15/2025,11:40:00 am,0,2025-10-15 11:40:00,8.3567,4.921,0.0002000000000000668
EWR-1,10/15/2025,11:50:00 am,0,2025-10-15 11:50:00,8.358,4.919,0.0006999999999999674
EWR-1,10/15/2025,12:00:00 pm,0,2025-10-15 12:00:00,8.3592,4.912,0.00019999999999997797
EWR-1,10/15/2025,12:10:00 pm,0,2025-10-15 12:10:00,8.3598,4.91,0.0001000000000000334
EWR-1,10/15/2025,12:20:00 pm,0,2025-10-15 12:20:00,8.3607,4.909,0.0001000000000000334
EWR-1,10/15/2025,12:30:00 pm,0,2025-10-15 12:30:00,8.3626,4.91,9.999999999994457e-05
EWR-1,10/15/2025,12:40:00 pm,0,2025-10-15 12:40:00,8.3641,4.911,0.0002000000000000668
EWR-1,10/15/2025,12:50:00 pm,0,2025-10-15 12:50:00,8.3655,4.913,0.0
EWR-1,10/15/2025,01:00:00 pm,0,2025-10-15 13:00:00,8.3672,4.913,0.0
EWR-1,10/15/2025,01:10:00 pm,0,2025-10-15 13:10:00,8.3682,4.913,0.0
EWR-1,10/15/2025,01:20:00 pm,0,2025-10-15 13:20:00,8.3702,4.913,0.0001000000000000334
EWR-1,10/15/2025,01:30:00 pm,0,2025-10-15 13:30:00,8.3709,4.912,0.0
EWR-1,10/15/2025,01:40:00 pm,0,2025-10-15 13:40:00,8.3711,4.912,0.0001000000000000334
EWR-1,10/15/2025,01:50:00 pm,0,2025-10-15 13:50:00,8.3725,4.913,0.00019999999999997797
EWR-1,10/15/2025,02:00:00 pm,0,2025-10-15 14:00:00,8.3732,4.915,0.00019999999999997797
EWR-1,10/15/2025,02:10:00 pm,0,2025-10-15 14:10:00,8.3745,4.917,0.0001000000000000334
EWR-1,10/15/2025,02:20:00 pm,0,2025-10-15 14:20:00,8.3758,4.918,9.999999999994457e-05
EWR-1,10/15/2025,02:30:00 pm,0,2025-10-15 14:30:00,8.3772,4.919,0.0001000000000000334
EWR-1,10/15/2025,02:40:00 pm,0,2025-10-15 14:40:00,8.3777,4.92,0.00019999999999997797
EWR-1,10/15/2025,02:50:00 pm,0,2025-10-15 14:50:00,8.379,4.922,9.999999999994457e-05
EWR-1,10/15/2025,03:00:00 pm,0,2025-10-15 15:00:00,8.3805,4.921,0.0
EWR-1,10/15/2025,03:10:00 pm,0,2025-10-15 15:10:00,8.3816,4.921,0.0
EWR-1,10/15/2025,03:20:00 pm,0,2025-10-15 15:20:00,8.3828,4.921,9.999999999994457e-05
EWR-1,10/15/2025,03:30:00 pm,0,2025-10-15 15:30:00,8.3845,4.922,0.0001000000000000334
EWR-1,10/15/2025,03:40:00 pm,0,2025-10-15 15:40:00,8.3849,4.923,0.0
EWR-1,10/15/2025,03:50:00 pm,0,2025-10-15 15:50:00,8.386,4.923,0.0001000000000000334
EWR-1,10/15/2025,04:00:00 pm,0,2025-10-15 16:00:00,8.3864,4.924,9.999999999994457e-05
EWR-1,10/15/2025,04:10:00 pm,0,2025-10-15 16:10:00,8.3865,4.925,0.0001000000000000334
EWR-1,10/15/2025,04:20:00 pm,0,2025-10-15 16:20:00,8.3868,4.926,0.00019999999999997797
EWR-1,10/15/2025,04:30:00 pm,0,2025-10-15 16:30:00,8.388,4.928,0.0001000000000000334
EWR-1,10/15/2025,04:40:00 pm,0,2025-10-15 16:40:00,8.3892,4.929,0.00019999999999997797
EWR-1,10/15/2025,04:50:00 pm,0,2025-10-15 16:50:00,8.3897,4.931,0.0001000000000000334
EWR-1,10/15/2025,05:00:00 pm,0,2025-10-15 17:00:00,8.3898,4.932,0.00019999999999997797
EWR-1,10/15/2025,05:10:00 pm,0,2025-10-15 17:10:00,8.3898,4.934,9.999999999994457e-05
EWR-1,10/15/2025,05:20:00 pm,0,2025-10-15 17:20:00,8.3904,4.935,0.0002000000000000668
EWR-1,10/15/2025,05:30:00 pm,0,2025-10-15 17:30:00,8.3907,4.937,9.999999999994457e-05
EWR-1,10/15/2025,05:40:00 pm,0,2025-10-15 17:40:00,8.3915,4.938,0.0001000000000000334
EWR-1,10/15/2025,05:50:00 pm,0,2025-10-15 17:50:00,8.3918,4.939,0.0001000000000000334
EWR-1,10/15/2025,06:00:00 pm,0,2025-10-15 18:00:00,8.3916,4.94,0.00019999999999997797
EWR-1,10/15/2025,06:10:00 pm,0,2025-10-15 18:10:00,8.3917,4.942,0.0
EWR-1,10/15/2025,06:20:00 pm,0,2025-10-15 18:20:00,8.3921,4.942,9.999999999994457e-05
EWR-1,10/15/2025,06:30:00 pm,0,2025-10-15 18:30:00,8.3923,4.943,0.0001000000000000334
EWR-1,10/15/2025,06:40:00 pm,0,2025-10-15 18:40:00,8.3925,4.944,0.0
EWR-1,10/15/2025,06:50:00 pm,0,2025-10-15 18:50:00,8.3928,4.944,0.0001000000000000334
EWR-1,10/15/2025,07:00:00 pm,0,2025-10-15 19:00:00,8.3939,4.945,0.0001000000000000334
EWR-1,10/15/2025,07:10:00 pm,0,2025-10-15 19:10:00,8.3947,4.944,0.0001000000000000334
EWR-1,10/15/2025,07:20:00 pm,0,2025-10-15 19:20:00,8.3954,4.945,0.0001000000000000334
EWR-1,10/15/2025,07:30:00 pm,0,2025-10-15 19:30:00,8.3957,4.944,0.0
EWR-1,10/15/2025,07:40:00 pm,0,2025-10-15 19:40:00,8.396,4.944,0.0
EWR-1,10/15/2025,07:50:00 pm,0,2025-10-15 19:50:00,8.3964,4.944,0.00019999999999997797
EWR-1,10/15/2025,08:00:00 pm,0,2025-10-15 20:00:00,8.3961,4.942,0.0
EWR-1,10/15/2025,08:10:00 pm,0,2025-10-15 20:10:00,8.3968,4.942,0.0
EWR-1,10/15/2025,08:20:00 pm,0,2025-10-15 20:20:00,8.398,4.942,0.00019999999999997797
EWR-1,10/15/2025,08:30:00 pm,0,2025-10-15 20:30:00,8.3985,4.94,0.0001000000000000334
EWR-1,10/15/2025,08:40:00 pm,0,2025-10-15 20:40:00,8.3989,4.939,0.00019999999999997797
EWR-1,10/15/2025,08:50:00 pm,0,2025-10-15 20:50:00,8.3993,4.937,0.0002000000000000668
EWR-1,10/15/2025,09:00:00 pm,0,2025-10-15 21:00:00,8.3999,4.935,0.00019999999999997797
EWR-1,10/15/2025,09:10:00 pm,0,2025-10-15 21:10:00,8.3995,4.933,0.00030000000000001136
EWR-1,10/15/2025,09:20:00 pm,0,2025-10-15 21:20:00,8.3994,4.93,0.00019999999999997797
EWR-1,10/15/2025,09:30:00 pm,0,2025-10-15 21:30:00,8.3989,4.928,0.00030000000000001136
EWR-1,10/15/2025,09:40:00 pm,0,2025-10-15 21:40:00,8.3992,4.925,0.00030000000000001136
EWR-1,10/15/2025,09:50:00 pm,0,2025-10-15 21:50:00,8.3996,4.922,0.00019999999999997797
EWR-1,10/15/2025,10:00:00 pm,0,2025-10-15 22:00:00,8.3981,4.92,0.00030000000000001136
EWR-1,10/15/2025,10:10:00 pm,0,2025-10-15 22:10:00,8.3984,4.917,0.00030000000000001136
EWR-1,10/15/2025,10:20:00 pm,0,2025-10-15 22:20:00,8.3985,4.914,0.00030000000000001136
EWR-1,10/15/2025,10:30:00 pm,0,2025-10-15 22:30:00,8.3989,4.911,0.00039999999999995595
EWR-1,10/15/2025,10:40:00 pm,0,2025-10-15 22:40:00,8.3985,4.907,0.00030000000000001136
EWR-1,10/15/2025,10:50:00 pm,0,2025-10-15 22:50:00,8.3986,4.904,0.00030000000000001136
EWR-1,10/15/2025,11:00:00 pm,0,2025-10-15 23:00:00,8.3982,4.901,0.00039999999999995595
EWR-1,10/15/2025,11:10:00 pm,0,2025-10-15 23:10:00,8.3975,4.897,0.00030000000000001136
EWR-1,10/15/2025,11:20:00 pm,0,2025-10-15 23:20:00,8.3969,4.894,0.00040000000000004474
EWR-1,10/15/2025,11:30:00 pm,0,2025-10-15 23:30:00,8.3959,4.89,0.00039999999999995595
EWR-1,10/15/2025,11:40:00 pm,0,2025-10-15 23:40:00,8.3965,4.886,0.00040000000000004474
EWR-1,10/15/2025,11:50:00 pm,0,2025-10-15 23:50:00,8.3965,4.882,0.00039999999999995595
EWR-1,10/16/2025,12:00:00 am,0,2025-10-16 00:00:00,8.3963,4.878,0.00040000000000004474
EWR-1,10/16/2025,12:10:00 am,0,2025-10-16 00:10:00,8.3956,4.874,0.0004999999999999894
EWR-1,10/16/2025,12:20:00 am,0,2025-10-16 00:20:00,8.3949,4.869,0.00039999999999995595
EWR-1,10/16/2025,12:30:00 am,0,2025-10-16 00:30:00,8.3948,4.865,0.0004999999999999894
EWR-1,10/16/2025,12:40:00 am,0,2025-10-16 00:40:00,8.3948,4.86,0.0004999999999999894
EWR-1,10/16/2025,12:50:00 am,0,2025-10-16 00:50:00,8.3951,4.855,0.0005000000000000782
EWR-1,10/16/2025,01:00:00 am,0,2025-10-16 01:00:00,8.3949,4.85,0.0004999999999999894
EWR-1,10/16/2025,01:10:00 am,0,2025-10-16 01:10:00,8.3945,4.845,0.0005999999999999339
EWR-1,10/16/2025,01:20:00 am,0,2025-10-16 01:20:00,8.3942,4.839,0.0005000000000000782
EWR-1,10/16/2025,01:30:00 am,0,2025-10-16 01:30:00,8.3944,4.834,0.0005999999999999339
EWR-1,10/16/2025,01:40:00 am,0,2025-10-16 01:40:00,8.394,4.828,0.0006000000000000227
EWR-1,10/16/2025,01:50:00 am,0,2025-10-16 01:50:00,8.3932,4.822,0.0006000000000000227
EWR-1,10/16/2025,02:00:00 am,0,2025-10-16 02:00:00,8.3935,4.816,0.0004999999999999894
EWR-1,10/16/2025,02:10:00 am,0,2025-10-16 02:10:00,8.3933,4.811,0.0006000000000000227
EWR-1,10/16/2025,02:20:00 am,0,2025-10-16 02:20:00,8.3936,4.805,0.0004999999999999894
EWR-1,10/16/2025,02:30:00 am,0,2025-10-16 02:30:00,8.3932,4.8,0.0006000000000000227
EWR-1,10/16/2025,02:40:00 am,0,2025-10-16 02:40:00,8.3921,4.794,0.0004999999999999894
EWR-1,10/16/2025,02:50:00 am,0,2025-10-16 02:50:00,8.3913,4.789,0.0004999999999999894
EWR-1,10/16/2025,03:00:00 am,0,2025-10-16 03:00:00,8.3904,4.784,0.00039999999999995595
EWR-1,10/16/2025,03:10:00 am,0,2025-10-16 03:10:00,8.3891,4.78,0.0004999999999999894
EWR-1,10/16/2025,03:20:00 am,0,2025-10-16 03:20:00,8.3888,4.775,0.00040000000000004474
EWR-1,10/16/2025,03:30:00 am,0,2025-10-16 03:30:00,8.3881,4.771,0.0004999999999999894
EWR-1,10/16/2025,03:40:00 am,0,2025-10-16 03:40:00,8.3871,4.766,0.0004999999999999894
EWR-1,10/16/2025,03:50:00 am,0,2025-10-16 03:50:00,8.3871,4.761,0.0004999999999999894
EWR-1,10/16/2025,04:00:00 am,0,2025-10-16 04:00:00,8.3864,4.756,0.0006000000000000227
EWR-1,10/16/2025,04:10:00 am,0,2025-10-16 04:10:00,8.386,4.75,0.00019999999999997797
EWR-1,10/16/2025,04:20:00 am,0,2025-10-16 04:20:00,8.3857,4.748,0.0006000000000000227
EWR-1,10/16/2025,04:30:00 am,0,2025-10-16 04:30:00,8.3853,4.742,0.00030000000000001136
EWR-1,10/16/2025,04:40:00 am,0,2025-10-16 04:40:00,8.385,4.739,0.00039999999999995595
EWR-1,10/16/2025,04:50:00 am,0,2025-10-16 04:50:00,8.3845,4.735,0.00040000000000004474
EWR-1,10/16/2025,05:00:00 am,0,2025-10-16 05:00:00,8.3842,4.731,0.00039999999999995595
EWR-1,10/16/2025,05:10:00 am,0,2025-10-16 05:10:00,8.3844,4.727,0.00040000000000004474
EWR-1,10/16/2025,05:20:00 am,0,2025-10-16 05:20:00,8.3836,4.723,0.0004999999999999894
EWR-1,10/16/2025,05:30:00 am,0,2025-10-16 05:30:00,8.3841,4.718,0.00039999999999995595
EWR-1,10/16/2025,05:40:00 am,0,2025-10-16 05:40:00,8.3836,4.714,0.0005000000000000782
EWR-1,10/16/2025,05:50:00 am,0,2025-10-16 05:50:00,8.3838,4.709,0.00029999999999992256
EWR-1,10/16/2025,06:00:00 am,0,2025-10-16 06:00:00,8.383,4.706,0.00040000000000004474
EWR-1,10/16/2025,06:10:00 am,0,2025-10-16 06:10:00,8.3831,4.702,0.00039999999999995595
EWR-1,10/16/2025,06:20:00 am,0,2025-10-16 06:20:00,8.3828,4.698,0.0005000000000000782
EWR-1,10/16/2025,06:30:00 am,0,2025-10-16 06:30:00,8.3835,4.693,0.00039999999999995595
EWR-1,10/16/2025,06:40:00 am,0,2025-10-16 06:40:00,8.3834,4.689,0.0004999999999999894
EWR-1,10/16/2025,06:50:00 am,0,2025-10-16 06:50:00,8.3842,4.684,0.0004999999999999894
EWR-1,10/16/2025,07:00:00 am,0,2025-10-16 07:00:00,8.3845,4.679,0.0006000000000000227
EWR-1,10/16/2025,07:10:00 am,0,2025-10-16 07:10:00,8.3844,4.673,0.0004999999999999894
EWR-1,10/16/2025,07:20:00 am,0,2025-10-16 07:20:00,8.3844,4.668,0.0004999999999999894
EWR-1,10/16/2025,07:30:00 am,0,2025-10-16 07:30:00,8.3843,4.663,0.0006000000000000227
EWR-1,10/16/2025,07:40:00 am,0,2025-10-16 07:40:00,8.385,4.657,0.0004999999999999894
EWR-1,10/16/2025,07:50:00 am,0,2025-10-16 07:50:00,8.3852,4.652,0.0006000000000000227
EWR-1,10/16/2025,08:00:00 am,0,2025-10-16 08:00:00,8.3846,4.646,0.0006000000000000227
EWR-1,10/16/2025,08:10:00 am,0,2025-10-16 08:10:00,8.385,4.64,0.0004999999999999894
EWR-1,10/16/2025,08:20:00 am,0,2025-10-16 08:20:00,8.3853,4.635,0.0006000000000000227
EWR-1,10/16/2025,08:30:00 am,0,2025-10-16 08:30:00,8.3855,4.629,0.0005999999999999339
EWR-1,10/16/2025,08:40:00 am,0,2025-10-16 08:40:00,8.386,4.623,0.0006000000000000227
EWR-1,10/16/2025,08:50:00 am,0,2025-10-16 08:50:00,8.3863,4.617,0.0006000000000000227
EWR-1,10/16/2025,09:00:00 am,0,2025-10-16 09:00:00,8.3861,4.611,0.0005999999999999339
EWR-1,10/16/2025,09:10:00 am,0,2025-10-16 09:10:00,8.3858,4.605,0.0006000000000000227
EWR-1,10/16/2025,09:20:00 am,0,2025-10-16 09:20:00,8.3857,4.599,0.0006000000000000227
EWR-1,10/16/2025,09:30:00 am,0,2025-10-16 09:30:00,8.3849,4.593,0.0006000000000000227
EWR-1,10/16/2025,09:40:00 am,0,2025-10-16 09:40:00,8.3846,4.587,0.0005999999999999339
EWR-1,10/16/2025,09:50:00 am,0,2025-10-16 09:50:00,8.3851,4.581,0.0005000000000000782
EWR-1,10/16/2025,10:00:00 am,0,2025-10-16 10:00:00,8.3845,4.576,0.0004999999999999894
EWR-1,10/16/2025,10:10:00 am,0,2025-10-16 10:10:00,8.3845,4.571,0.0005999999999999339
EWR-1,10/16/2025,10:20:00 am,0,2025-10-16 10:20:00,8.3837,4.565,0.00040000000000004474
EWR-1,10/16/2025,10:30:00 am,0,2025-10-16 10:30:00,8.384,4.561,0.0006000000000000227
EWR-1,10/16/2025,10:40:00 am,0,2025-10-16 10:40:00,8.3844,4.555,0.00039999999999995595
EWR-1,10/16/2025,10:50:00 am,0,2025-10-16 10:50:00,8.3849,4.551,0.0004999999999999894
EWR-1,10/16/2025,11:00:00 am,0,2025-10-16 11:00:00,8.3854,4.546,0.00030000000000001136
EWR-1,10/16/2025,11:10:00 am,0,2025-10-16 11:10:00,8.3857,4.543,0.00030000000000001136
EWR-1,10/16/2025,11:20:00 am,0,2025-10-16 11:20:00,8.386,4.54,0.00019999999999997797
EWR-1,10/16/2025,11:30:00 am,0,2025-10-16 11:30:00,8.3861,4.538,0.0002000000000000668
EWR-1,10/16/2025,11:40:00 am,0,2025-10-16 11:40:00,8.3869,4.536,9.999999999994457e-05
EWR-1,10/16/2025,11:50:00 am,0,2025-10-16 11:50:00,8.3868,4.535,0.00019999999999997797
EWR-1,10/16/2025,12:00:00 pm,0,2025-10-16 12:00:00,8.3866,4.533,0.0
EWR-1,10/16/2025,12:10:00 pm,0,2025-10-16 12:10:00,8.3859,4.533,0.0
EWR-1,10/16/2025,12:20:00 pm,0,2025-10-16 12:20:00,8.3843,4.533,9.999999999994457e-05
EWR-1,10/16/2025,12:30:00 pm,0,2025-10-16 12:30:00,8.3836,4.534,0.00040000000000004474
EWR-1,10/16/2025,12:40:00 pm,0,2025-10-16 12:40:00,8.3833,4.538,0.00030000000000001136
EWR-1,10/16/2025,12:50:00 pm,0,2025-10-16 12:50:00,8.3832,4.541,0.00039999999999995595
EWR-1,10/16/2025,01:00:00 pm,0,2025-10-16 13:00:00,8.3819,4.545,0.00019999999999997797
EWR-1,10/16/2025,01:10:00 pm,0,2025-10-16 13:10:00,8.3819,4.547,0.00040000000000004474
EWR-1,10/16/2025,01:20:00 pm,0,2025-10-16 13:20:00,8.3816,4.551,0.0004999999999999894
EWR-1,10/16/2025,01:30:00 pm,0,2025-10-16 13:30:00,8.3827,4.556,0.0004999999999999894
EWR-1,10/16/2025,01:40:00 pm,0,2025-10-16 13:40:00,8.3823,4.561,0.00040000000000004474
EWR-1,10/16/2025,01:50:00 pm,0,2025-10-16 13:50:00,8.3819,4.565,0.0004999999999999894
EWR-1,10/16/2025,02:00:00 pm,0,2025-10-16 14:00:00,8.3829,4.57,0.00039999999999995595
EWR-1,10/16/2025,02:10:00 pm,0,2025-10-16 14:10:00,8.3837,4.574,0.0004999999999999894
EWR-1,10/16/2025,02:20:00 pm,0,2025-10-16 14:20:00,8.3842,4.579,0.0006000000000000227
EWR-1,10/16/2025,02:30:00 pm,0,2025-10-16 14:30:00,8.3853,4.585,0.0009000000000000341
EWR-1,10/16/2025,02:40:00 pm,0,2025-10-16 14:40:00,8.3863,4.594,0.0009999999999999788
EWR-1,10/16/2025,02:50:00 pm,0,2025-10-16 14:50:00,8.3858,4.604,0.0009999999999999788
EWR-1,10/16/2025,03:00:00 pm,0,2025-10-16 15:00:00,8.3871,4.614,0.0009999999999999788
EWR-1,10/16/2025,03:10:00 pm,0,2025-10-16 15:10:00,8.3876,4.624,0.0009000000000000341
EWR-1,10/16/2025,03:20:00 pm,0,2025-10-16 15:20:00,8.3884,4.633,0.0006999999999999674
EWR-1,10/16/2025,03:30:00 pm,0,2025-10-16 15:30:00,8.3884,4.64,0.0008000000000000007
EWR-1,10/16/2025,03:40:00 pm,0,2025-10-16 15:40:00,8.3897,4.648,0.0007000000000000562
EWR-1,10/16/2025,03:50:00 pm,0,2025-10-16 15:50:00,8.3904,4.655,0.0006999999999999674
EWR-1,10/16/2025,04:00:00 pm,0,2025-10-16 16:00:00,8.3906,4.662,0.0006999999999999674
EWR-1,10/16/2025,04:10:00 pm,0,2025-10-16 16:10:00,8.3909,4.669,0.0007000000000000562
EWR-1,10/16/2025,04:20:00 pm,0,2025-10-16 16:20:00,8.3912,4.676,0.0006999999999999674
EWR-1,10/16/2025,04:30:00 pm,0,2025-10-16 16:30:00,8.3921,4.683,0.0006000000000000227
EWR-1,10/16/2025,04:40:00 pm,0,2025-10-16 16:40:00,8.3923,4.689,0.0006999999999999674
EWR-1,10/16/2025,04:50:00 pm,0,2025-10-16 16:50:00,8.3931,4.696,0.0007000000000000562
EWR-1,10/16/2025,05:00:00 pm,0,2025-10-16 17:00:00,8.3937,4.703,0.0005999999999999339
EWR-1,10/16/2025,05:10:00 pm,0,2025-10-16 17:10:00,8.394,4.709,0.0007000000000000562
EWR-1,10/16/2025,05:20:00 pm,0,2025-10-16 17:20:00,8.3938,4.716,0.0004999999999999894
EWR-1,10/16/2025,05:30:00 pm,0,2025-10-16 17:30:00,8.3942,4.721,0.0004999999999999894
EWR-1,10/16/2025,05:40:00 pm,0,2025-10-16 17:40:00,8.3958,4.726,0.00040000000000004474
EWR-1,10/16/2025,05:50:00 pm,0,2025-10-16 17:50:00,8.3953,4.73,0.00039999999999995595
EWR-1,10/16/2025,06:00:00 pm,0,2025-10-16 18:00:00,8.3954,4.734,0.00030000000000001136
EWR-1,10/16/2025,06:10:00 pm,0,2025-10-16 18:10:00,8.395,4.737,0.00030000000000001136
EWR-1,10/16/2025,06:20:00 pm,0,2025-10-16 18:20:00,8.3956,4.74,0.00019999999999997797
EWR-1,10/16/2025,06:30:00 pm,0,2025-10-16 18:30:00,8.3968,4.742,0.00019999999999997797
EWR-1,10/16/2025,06:40:00 pm,0,2025-10-16 18:40:00,8.3977,4.744,0.0001000000000000334
EWR-1,10/16/2025,06:50:00 pm,0,2025-10-16 18:50:00,8.3978,4.745,0.0001000000000000334
EWR-1,10/16/2025,07:00:00 pm,0,2025-10-16 19:00:00,8.398,4.746,0.0
EWR-1,10/16/2025,07:10:00 pm,0,2025-10-16 19:10:00,8.3978,4.746,0.0
EWR-1,10/16/2025,07:20:00 pm,0,2025-10-16 19:20:00,8.3989,4.746,0.0
EWR-1,10/16/2025,07:30:00 pm,0,2025-10-16 19:30:00,8.3999,4.746,0.0
EWR-1,10/16/2025,07:40:00 pm,0,2025-10-16 19:40:00,8.4,4.746,0.0002000000000000668
EWR-1,10/16/2025,07:50:00 pm,0,2025-10-16 19:50:00,8.4001,4.744,9.999999999994457e-05
EWR-1,10/16/2025,08:00:00 pm,0,2025-10-16 20:00:00,8.4001,4.743,0.0001000000000000334
EWR-1,10/16/2025,08:10:00 pm,0,2025-10-16 20:10:00,8.3997,4.742,0.00030000000000001136
EWR-1,10/16/2025,08:20:00 pm,0,2025-10-16 20:20:00,8.3983,4.739,0.00030000000000001136
EWR-1,10/16/2025,08:30:00 pm,0,2025-10-16 20:30:00,8.3986,4.736,0.00030000000000001136
EWR-1,10/16/2025,08:40:00 pm,0,2025-10-16 20:40:00,8.3979,4.733,0.00029999999999992256
EWR-1,10/16/2025,08:50:00 pm,0,2025-10-16 20:50:00,8.3975,4.73,0.00030000000000001136
EWR-1,10/16/2025,09:00:00 pm,0,2025-10-16 21:00:00,8.3956,4.727,0.00040000000000004474
EWR-1,10/16/2025,09:10:00 pm,0,2025-10-16 21:10:00,8.3954,4.723,0.00039999999999995595
EWR-1,10/16/2025,09:20:00 pm,0,2025-10-16 21:20:00,8.3953,4.719,0.00040000000000004474
EWR-1,10/16/2025,09:30:00 pm,0,2025-10-16 21:30:00,8.3947,4.715,0.0004999999999999894
EWR-1,10/16/2025,09:40:00 pm,0,2025-10-16 21:40:00,8.3964,4.71,0.0004999999999999894
EWR-1,10/16/2025,09:50:00 pm,0,2025-10-16 21:50:00,8.3956,4.705,0.00040000000000004474
EWR-1,10/16/2025,10:00:00 pm,0,2025-10-16 22:00:00,8.3936,4.701,0.0004999999999999894
EWR-1,10/16/2025,10:10:00 pm,0,2025-10-16 22:10:00,8.3929,4.696,0.0005999999999999339
EWR-1,10/16/2025,10:20:00 pm,0,2025-10-16 22:20:00,8.3941,4.69,0.0006000000000000227
EWR-1,10/16/2025,10:30:00 pm,0,2025-10-16 22:30:00,8.3955,4.684,0.0006000000000000227
EWR-1,10/16/2025,10:40:00 pm,0,2025-10-16 22:40:00,8.3966,4.678,0.0006999999999999674
EWR-1,10/16/2025,10:50:00 pm,0,2025-10-16 22:50:00,8.3972,4.671,0.0007000000000000562
EWR-1,10/16/2025,11:00:00 pm,0,2025-10-16 23:00:00,8.3973,4.664,0.0008000000000000007
EWR-1,10/16/2025,11:10:00 pm,0,2025-10-16 23:10:00,8.3966,4.656,0.0008000000000000007
EWR-1,10/16/2025,11:20:00 pm,0,2025-10-16 23:20:00,8.3966,4.648,0.0008999999999999453
EWR-1,10/16/2025,11:30:00 pm,0,2025-10-16 23:30:00,8.4005,4.639,0.0008000000000000007
EWR-1,10/16/2025,11:40:00 pm,0,2025-10-16 23:40:00,8.3997,4.631,0.0009000000000000341
EWR-1,10/16/2025,11:50:00 pm,0,2025-10-16 23:50:00,8.3975,4.622,0.0009999999999999788
EWR-1,10/17/2025,12:00:00 am,0,2025-10-17 00:00:00,8.3976,4.612,0.0009000000000000341
EWR-1,10/17/2025,12:10:00 am,0,2025-10-17 00:10:00,8.397,4.603,0.0009999999999999788
EWR-1,10/17/2025,12:20:00 am,0,2025-10-17 00:20:00,8.3986,4.593,0.0009000000000000341
EWR-1,10/17/2025,12:30:00 am,0,2025-10-17 00:30:00,8.3956,4.584,0.0009999999999999788
EWR-1,10/17/2025,12:40:00 am,0,2025-10-17 00:40:00,8.395,4.574,0.0009999999999999788
EWR-1,10/17/2025,12:50:00 am,0,2025-10-17 00:50:00,8.3953,4.564,0.0009999999999999788
EWR-1,10/17/2025,01:00:00 am,0,2025-10-17 01:00:00,8.3965,4.554,0.0010000000000000675
EWR-1,10/17/2025,01:10:00 am,0,2025-10-17 01:10:00,8.3956,4.544,0.0008999999999999453
EWR-1,10/17/2025,01:20:00 am,0,2025-10-17 01:20:00,8.3957,4.535,0.0008000000000000007
EWR-1,10/17/2025,01:30:00 am,0,2025-10-17 01:30:00,8.3955,4.527,0.0009999999999999788
EWR-1,10/17/2025,01:40:00 am,0,2025-10-17 01:40:00,8.3955,4.517,0.0009000000000000341
EWR-1,10/17/2025,01:50:00 am,0,2025-10-17 01:50:00,8.3945,4.508,0.0008000000000000007
EWR-1,10/17/2025,02:00:00 am,0,2025-10-17 02:00:00,8.3936,4.5,0.001100000000000012
EWR-1,10/17/2025,02:10:00 am,0,2025-10-17 02:10:00,8.3919,4.489,0.0008000000000000007
EWR-1,10/17/2025,02:20:00 am,0,2025-10-17 02:20:00,8.3901,4.481,0.001100000000000012
EWR-1,10/17/2025,02:30:00 am,0,2025-10-17 02:30:00,8.3889,4.47,0.0008000000000000007
EWR-1,10/17/2025,02:40:00 am,0,2025-10-17 02:40:00,8.3875,4.462,0.0011999999999999567
EWR-1,10/17/2025,02:50:00 am,0,2025-10-17 02:50:00,8.3876,4.45,0.0009999999999999788
EWR-1,10/17/2025,03:00:00 am,0,2025-10-17 03:00:00,8.39,4.44,0.001100000000000012
EWR-1,10/17/2025,03:10:00 am,0,2025-10-17 03:10:00,8.3902,4.429,0.001100000000000012
EWR-1,10/17/2025,03:20:00 am,0,2025-10-17 03:20:00,8.3887,4.418,0.0009999999999999788
EWR-1,10/17/2025,03:30:00 am,0,2025-10-17 03:30:00,8.3868,4.408,0.001100000000000012
EWR-1,10/17/2025,03:40:00 am,0,2025-10-17 03:40:00,8.387,4.397,0.0010000000000000675
EWR-1,10/17/2025,03:50:00 am,0,2025-10-17 03:50:00,8.3862,4.387,0.0009999999999999788
EWR-1,10/17/2025,04:00:00 am,0,2025-10-17 04:00:00,8.3863,4.377,0.0009999999999999788
EWR-1,10/17/2025,04:10:00 am,0,2025-10-17 04:10:00,8.3853,4.367,0.0009999999999999788
EWR-1,10/17/2025,04:20:00 am,0,2025-10-17 04:20:00,8.3856,4.357,0.001100000000000012
EWR-1,10/17/2025,04:30:00 am,0,2025-10-17 04:30:00,8.3852,4.346,0.0009999999999999788
EWR-1,10/17/2025,04:40:00 am,0,2025-10-17 04:40:00,8.385,4.336,0.0009000000000000341
EWR-1,10/17/2025,04:50:00 am,0,2025-10-17 04:50:00,8.3841,4.327,0.001100000000000012
EWR-1,10/17/2025,05:00:00 am,0,2025-10-17 05:00:00,8.384,4.316,0.0009999999999999788
EWR-1,10/17/2025,05:10:00 am,0,2025-10-17 05:10:00,8.3837,4.306,0.0009999999999999788
EWR-1,10/17/2025,05:20:00 am,0,2025-10-17 05:20:00,8.3836,4.296,0.001100000000000012
EWR-1,10/17/2025,05:30:00 am,0,2025-10-17 05:30:00,8.3834,4.285,0.001100000000000012
EWR-1,10/17/2025,05:40:00 am,0,2025-10-17 05:40:00,8.3845,4.274,0.0009000000000000341
EWR-1,10/17/2025,05:50:00 am,0,2025-10-17 05:50:00,8.386,4.265,0.0008999999999999453
EWR-1,10/17/2025,06:00:00 am,0,2025-10-17 06:00:00,8.3874,4.256,0.0009999999999999788
EWR-1,10/17/2025,06:10:00 am,0,2025-10-17 06:10:00,8.3884,4.246,0.0009000000000000341
EWR-1,10/17/2025,06:20:00 am,0,2025-10-17 06:20:00,8.3889,4.237,0.0006999999999999674
EWR-1,10/17/2025,06:30:00 am,0,2025-10-17 06:30:00,8.3883,4.23,0.0009000000000000341
EWR-1,10/17/2025,06:40:00 am,0,2025-10-17 06:40:00,8.388,4.221,0.0008000000000000007
EWR-1,10/17/2025,06:50:00 am,0,2025-10-17 06:50:00,8.388,4.213,0.0009000000000000341
EWR-1,10/17/2025,07:00:00 am,0,2025-10-17 07:00:00,8.3884,4.204,0.0005999999999999339
EWR-1,10/17/2025,07:10:00 am,0,2025-10-17 07:10:00,8.3871,4.198,0.0008000000000000007
EWR-1,10/17/2025,07:20:00 am,0,2025-10-17 07:20:00,8.3874,4.19,0.0006000000000000227
EWR-1,10/17/2025,07:30:00 am,0,2025-10-17 07:30:00,8.3864,4.184,0.0006000000000000227
EWR-1,10/17/2025,07:40:00 am,0,2025-10-17 07:40:00,8.3855,4.178,0.0009000000000000341
EWR-1,10/17/2025,07:50:00 am,0,2025-10-17 07:50:00,8.3851,4.169,0.0005999999999999339
EWR-1,10/17/2025,08:00:00 am,0,2025-10-17 08:00:00,8.3853,4.163,0.0006000000000000227
EWR-1,10/17/2025,08:10:00 am,0,2025-10-17 08:10:00,8.3864,4.157,0.0004999999999999894
EWR-1,10/17/2025,08:20:00 am,0,2025-10-17 08:20:00,8.3874,4.152,0.0006000000000000227
EWR-1,10/17/2025,08:30:00 am,0,2025-10-17 08:30:00,8.3877,4.146,0.0004999999999999894
EWR-1,10/17/2025,08:40:00 am,0,2025-10-17 08:40:00,8.3881,4.141,0.00040000000000004474
EWR-1,10/17/2025,08:50:00 am,0,2025-10-17 08:50:00,8.3875,4.137,0.00029999999999992256
EWR-1,10/17/2025,09:00:00 am,0,2025-10-17 09:00:00,8.387,4.134,0.00030000000000001136
EWR-1,10/17/2025,09:10:00 am,0,2025-10-17 09:10:00,8.3861,4.131,0.00030000000000001136
EWR-1,10/17/2025,09:20:00 am,0,2025-10-17 09:20:00,8.385,4.128,0.0001000000000000334
EWR-1,10/17/2025,09:30:00 am,0,2025-10-17 09:30:00,8.3848,4.127,9.999999999994457e-05
EWR-1,10/17/2025,09:40:00 am,0,2025-10-17 09:40:00,8.3852,4.126,0.0002000000000000668
EWR-1,10/17/2025,09:50:00 am,0,2025-10-17 09:50:00,8.3837,4.124,0.00019999999999997797
EWR-1,10/17/2025,10:00:00 am,0,2025-10-17 10:00:00,8.3834,4.122,9.999999999994457e-05
EWR-1,10/17/2025,10:10:00 am,0,2025-10-17 10:10:00,8.3827,4.121,0.0001000000000000334
EWR-1,10/17/2025,10:20:00 am,0,2025-10-17 10:20:00,8.382,4.12,0.0
EWR-1,10/17/2025,10:30:00 am,0,2025-10-17 10:30:00,8.3814,4.12,0.0
EWR-1,10/17/2025,10:40:00 am,0,2025-10-17 10:40:00,8.3808,4.12,0.0
EWR-1,10/17/2025,10:50:00 am,0,2025-10-17 10:50:00,8.3802,4.12,0.00019999999999997797
EWR-1,10/17/2025,11:00:00 am,0,2025-10-17 11:00:00,8.3793,4.122,0.00019999999999997797
EWR-1,10/17/2025,11:10:00 am,0,2025-10-17 11:10:00,8.3774,4.124,0.00040000000000004474
EWR-1,10/17/2025,11:20:00 am,0,2025-10-17 11:20:00,8.3752,4.128,0.00019999999999997797
EWR-1,10/17/2025,11:30:00 am,0,2025-10-17 11:30:00,8.374,4.126,0.00039999999999995595
EWR-1,10/17/2025,11:40:00 am,0,2025-10-17 11:40:00,8.3728,4.13,0.00019999999999997797
EWR-1,10/17/2025,11:50:00 am,0,2025-10-17 11:50:00,8.372,4.132,0.00040000000000004474
EWR-1,10/17/2025,12:00:00 pm,0,2025-10-17 12:00:00,8.3723,4.136,0.00019999999999997797
EWR-1,10/17/2025,12:10:00 pm,0,2025-10-17 12:10:00,8.3721,4.138,0.00030000000000001136
EWR-1,10/17/2025,12:20:00 pm,0,2025-10-17 12:20:00,8.3711,4.141,0.0004999999999999894
EWR-1,10/17/2025,12:30:00 pm,0,2025-10-17 12:30:00,8.369,4.146,0.0006999999999999674
EWR-1,10/17/2025,12:40:00 pm,0,2025-10-17 12:40:00,8.3668,4.153,0.0007000000000000562
EWR-1,10/17/2025,12:50:00 pm,0,2025-10-17 12:50:00,8.3656,4.16,0.0006999999999999674
EWR-1,10/17/2025,01:00:00 pm,0,2025-10-17 13:00:00,8.3651,4.167,0.0007000000000000562
EWR-1,10/17/2025,01:10:00 pm,0,2025-10-17 13:10:00,8.3642,4.174,0.0006999999999999674
EWR-1,10/17/2025,01:20:00 pm,0,2025-10-17 13:20:00,8.3641,4.181,0.0006999999999999674
EWR-1,10/17/2025,01:30:00 pm,0,2025-10-17 13:30:00,8.364,4.188,0.0004999999999999894
EWR-1,10/17/2025,01:40:00 pm,0,2025-10-17 13:40:00,8.3642,4.193,0.0008000000000000007
EWR-1,10/17/2025,01:50:00 pm,0,2025-10-17 13:50:00,8.3633,4.201,0.0007000000000000562
EWR-1,10/17/2025,02:00:00 pm,0,2025-10-17 14:00:00,8.3625,4.208,0.0006000000000000227
EWR-1,10/17/2025,02:10:00 pm,0,2025-10-17 14:10:00,8.362,4.214,0.0008000000000000007
EWR-1,10/17/2025,02:20:00 pm,0,2025-10-17 14:20:00,8.3616,4.222,0.0008000000000000007
EWR-1,10/17/2025,02:30:00 pm,0,2025-10-17 14:30:00,8.3606,4.23,0.0010999999999999233
EWR-1,10/17/2025,02:40:00 pm,0,2025-10-17 14:40:00,8.3595,4.241,0.0010000000000000675
EWR-1,10/17/2025,02:50:00 pm,0,2025-10-17 14:50:00,8.3591,4.251,0.0010999999999999233
EWR-1,10/17/2025,03:00:00 pm,0,2025-10-17 15:00:00,8.3594,4.262,0.001100000000000012
EWR-1,10/17/2025,03:10:00 pm,0,2025-10-17 15:10:00,8.3593,4.273,0.0009000000000000341
EWR-1,10/17/2025,03:20:00 pm,0,2025-10-17 15:20:00,8.3593,4.282,0.0009000000000000341
EWR-1,10/17/2025,03:30:00 pm,0,2025-10-17 15:30:00,8.3583,4.291,0.0008999999999999453
EWR-1,10/17/2025,03:40:00 pm,0,2025-10-17 15:40:00,8.3579,4.3,0.0009000000000000341
EWR-1,10/17/2025,03:50:00 pm,0,2025-10-17 15:50:00,8.358,4.309,0.0009999999999999788
EWR-1,10/17/2025,04:00:00 pm,0,2025-10-17 16:00:00,8.3575,4.319,0.0009000000000000341
EWR-1,10/17/2025,04:10:00 pm,0,2025-10-17 16:10:00,8.3576,4.328,0.0009999999999999788
EWR-1,10/17/2025,04:20:00 pm,0,2025-10-17 16:20:00,8.3575,4.338,0.0009000000000000341
EWR-1,10/17/2025,04:30:00 pm,0,2025-10-17 16:30:00,8.3579,4.347,0.0006999999999999674
EWR-1,10/17/2025,04:40:00 pm,0,2025-10-17 16:40:00,8.3575,4.354,0.0006000000000000227
EWR-1,10/17/2025,04:50:00 pm,0,2025-10-17 16:50:00,8.3569,4.36,0.0008000000000000007
EWR-1,10/17/2025,05:00:00 pm,0,2025-10-17 17:00:00,8.357,4.368,0.0008000000000000007
EWR-1,10/17/2025,05:10:00 pm,0,2025-10-17 17:10:00,8.357,4.376,0.0008000000000000007
EWR-1,10/17/2025,05:20:00 pm,0,2025-10-17 17:20:00,8.3569,4.384,0.0006999999999999674
EWR-1,10/17/2025,05:30:00 pm,0,2025-10-17 17:30:00,8.3564,4.391,0.0006000000000000227
EWR-1,10/17/2025,05:40:00 pm,0,2025-10-17 17:40:00,8.3573,4.397,0.0005999999999999339
EWR-1,10/17/2025,05:50:00 pm,0,2025-10-17 17:50:00,8.3576,4.403,0.0006000000000000227
EWR-1,10/17/2025,06:00:00 pm,0,2025-10-17 18:00:00,8.3579,4.409,0.0006000000000000227
EWR-1,10/17/2025,06:10:00 pm,0,2025-10-17 18:10:00,8.3581,4.415,0.00030000000000001136
EWR-1,10/17/2025,06:20:00 pm,0,2025-10-17 18:20:00,8.3586,4.418,0.00030000000000001136
EWR-1,10/17/2025,06:30:00 pm,0,2025-10-17 18:30:00,8.3589,4.421,0.00019999999999997797
EWR-1,10/17/2025,06:40:00 pm,0,2025-10-17 18:40:00,8.3591,4.423,0.00019999999999997797
EWR-1,10/17/2025,06:50:00 pm,0,2025-10-17 18:50:00,8.3592,4.425,0.00019999999999997797
EWR-1,10/17/2025,07:00:00 pm,0,2025-10-17 19:00:00,8.3594,4.427,0.0
EWR-1,10/17/2025,07:10:00 pm,0,2025-10-17 19:10:00,8.36,4.427,0.0001000000000000334
EWR-1,10/17/2025,07:20:00 pm,0,2025-10-17 19:20:00,8.3599,4.428,0.0
EWR-1,10/17/2025,07:30:00 pm,0,2025-10-17 19:30:00,8.3588,4.428,0.0001000000000000334
EWR-1,10/17/2025,07:40:00 pm,0,2025-10-17 19:40:00,8.36,4.427,9.999999999994457e-05
EWR-1,10/17/2025,07:50:00 pm,0,2025-10-17 19:50:00,8.361,4.426,0.0
EWR-1,10/17/2025,08:00:00 pm,0,2025-10-17 20:00:00,8.3611,4.426,0.0001000000000000334
EWR-1,10/17/2025,08:10:00 pm,0,2025-10-17 20:10:00,8.3611,4.425,0.0
EWR-1,10/17/2025,08:20:00 pm,0,2025-10-17 20:20:00,8.3615,4.425,9.999999999994457e-05
EWR-1,10/17/2025,08:30:00 pm,0,2025-10-17 20:30:00,8.3616,4.424,0.0001000000000000334
EWR-1,10/17/2025,08:40:00 pm,0,2025-10-17 20:40:00,8.3619,4.423,0.00019999999999997797
EWR-1,10/17/2025,08:50:00 pm,0,2025-10-17 20:50:00,8.3617,4.421,0.0002000000000000668
EWR-1,10/17/2025,09:00:00 pm,0,2025-10-17 21:00:00,8.3622,4.419,9.999999999994457e-05
EWR-1,10/17/2025,09:10:00 pm,0,2025-10-17 21:10:00,8.3631,4.418,0.00030000000000001136
EWR-1,10/17/2025,09:20:00 pm,0,2025-10-17 21:20:00,8.3636,4.415,0.0001000000000000334
EWR-1,10/17/2025,09:30:00 pm,0,2025-10-17 21:30:00,8.3646,4.414,0.00030000000000001136
EWR-1,10/17/2025,09:40:00 pm,0,2025-10-17 21:40:00,8.3644,4.411,0.00019999999999997797
EWR-1,10/17/2025,09:50:00 pm,0,2025-10-17 21:50:00,8.3647,4.409,0.00030000000000001136
EWR-1,10/17/2025,10:00:00 pm,0,2025-10-17 22:00:00,8.365,4.406,0.00030000000000001136
EWR-1,10/17/2025,10:10:00 pm,0,2025-10-17 22:10:00,8.3638,4.403,0.00019999999999997797
EWR-1,10/17/2025,10:20:00 pm,0,2025-10-17 22:20:00,8.3635,4.401,0.00019999999999997797
EWR-1,10/17/2025,10:30:00 pm,0,2025-10-17 22:30:00,8.3627,4.399,0.00019999999999997797
EWR-1,10/17/2025,10:40:00 pm,0,2025-10-17 22:40:00,8.3616,4.397,0.0002000000000000668
EWR-1,10/17/2025,10:50:00 pm,0,2025-10-17 22:50:00,8.3613,4.395,0.00029999999999992256
EWR-1,10/17/2025,11:00:00 pm,0,2025-10-17 23:00:00,8.3621,4.392,0.0002000000000000668
EWR-1,10/17/2025,11:10:00 pm,0,2025-10-17 23:10:00,8.3626,4.39,0.00039999999999995595
EWR-1,10/17/2025,11:20:00 pm,0,2025-10-17 23:20:00,8.3625,4.386,0.00030000000000001136
EWR-1,10/17/2025,11:30:00 pm,0,2025-10-17 23:30:00,8.3627,4.383,0.00030000000000001136
EWR-1,10/17/2025,11:40:00 pm,0,2025-10-17 23:40:00,8.362,4.38,0.00039999999999995595
EWR-1,10/17/2025,11:50:00 pm,0,2025-10-17 23:50:00,8.362,4.376,0.00040000000000004474
EWR-1,10/18/2025,12:00:00 am,0,2025-10-18 00:00:00,8.3617,4.372,0.00039999999999995595
EWR-1,10/18/2025,12:10:00 am,0,2025-10-18 00:10:00,8.3618,4.368,0.00030000000000001136
EWR-1,10/18/2025,12:20:00 am,0,2025-10-18 00:20:00,8.3613,4.365,0.00040000000000004474
EWR-1,10/18/2025,12:30:00 am,0,2025-10-18 00:30:00,8.3612,4.361,0.00030000000000001136
EWR-1,10/18/2025,12:40:00 am,0,2025-10-18 00:40:00,8.3608,4.358,0.00039999999999995595
EWR-1,10/18/2025,12:50:00 am,0,2025-10-18 00:50:00,8.3612,4.354,0.00040000000000004474
EWR-1,10/18/2025,01:00:00 am,0,2025-10-18 01:00:00,8.3613,4.35,0.00039999999999995595
EWR-1,10/18/2025,01:10:00 am,0,2025-10-18 01:10:00,8.3616,4.346,0.00030000000000001136
EWR-1,10/18/2025,01:20:00 am,0,2025-10-18 01:20:00,8.362,4.343,0.00030000000000001136
EWR-1,10/18/2025,01:30:00 am,0,2025-10-18 01:30:00,8.3613,4.34,0.00039999999999995595
EWR-1,10/18/2025,01:40:00 am,0,2025-10-18 01:40:00,8.3618,4.336,0.0004999999999999894
EWR-1,10/18/2025,01:50:00 am,0,2025-10-18 01:50:00,8.3623,4.331,0.00040000000000004474
EWR-1,10/18/2025,02:00:00 am,0,2025-10-18 02:00:00,8.3627,4.327,0.00039999999999995595
EWR-1,10/18/2025,02:10:00 am,0,2025-10-18 02:10:00,8.3623,4.323,0.0005000000000000782
EWR-1,10/18/2025,02:20:00 am,0,2025-10-18 02:20:00,8.362,4.318,0.00039999999999995595
EWR-1,10/18/2025,02:30:00 am,0,2025-10-18 02:30:00,8.3619,4.314,0.00040000000000004474
EWR-1,10/18/2025,02:40:00 am,0,2025-10-18 02:40:00,8.3616,4.31,0.0004999999999999894
EWR-1,10/18/2025,02:50:00 am,0,2025-10-18 02:50:00,8.3607,4.305,0.0004999999999999894
EWR-1,10/18/2025,03:00:00 am,0,2025-10-18 03:00:00,8.3602,4.3,0.00039999999999995595
EWR-1,10/18/2025,03:10:00 am,0,2025-10-18 03:10:00,8.36,4.296,0.0006000000000000227
EWR-1,10/18/2025,03:20:00 am,0,2025-10-18 03:20:00,8.3596,4.29,0.00040000000000004474
EWR-1,10/18/2025,03:30:00 am,0,2025-10-18 03:30:00,8.3592,4.286,0.0005999999999999339
EWR-1,10/18/2025,03:40:00 am,0,2025-10-18 03:40:00,8.3598,4.28,0.0004999999999999894
EWR-1,10/18/2025,03:50:00 am,0,2025-10-18 03:50:00,8.3603,4.275,0.0007000000000000562
EWR-1,10/18/2025,04:00:00 am,0,2025-10-18 04:00:00,8.3599,4.268,0.0006999999999999674
EWR-1,10/18/2025,04:10:00 am,0,2025-10-18 04:10:00,8.3595,4.261,0.0006000000000000227
EWR-1,10/18/2025,04:20:00 am,0,2025-10-18 04:20:00,8.3595,4.255,0.0006000000000000227
EWR-1,10/18/2025,04:30:00 am,0,2025-10-18 04:30:00,8.3584,4.249,0.0005999999999999339
EWR-1,10/18/2025,04:40:00 am,0,2025-10-18 04:40:00,8.3584,4.243,0.00040000000000004474
EWR-1,10/18/2025,04:50:00 am,0,2025-10-18 04:50:00,8.3592,4.239,0.0006000000000000227
EWR-1,10/18/2025,05:00:00 am,0,2025-10-18 05:00:00,8.3596,4.233,0.0005999999999999339
EWR-1,10/18/2025,05:10:00 am,0,2025-10-18 05:10:00,8.3598,4.227,0.0004999999999999894
EWR-1,10/18/2025,05:20:00 am,0,2025-10-18 05:20:00,8.3597,4.222,0.0005000000000000782
EWR-1,10/18/2025,05:30:00 am,0,2025-10-18 05:30:00,8.3596,4.217,0.0005999999999999339
EWR-1,10/18/2025,05:40:00 am,0,2025-10-18 05:40:00,8.3595,4.211,0.0004999999999999894
EWR-1,10/18/2025,05:50:00 am,0,2025-10-18 05:50:00,8.3586,4.206,0.0006000000000000227
EWR-1,10/18/2025,06:00:00 am,0,2025-10-18 06:00:00,8.359,4.2,0.0004999999999999894
EWR-1,10/18/2025,06:10:00 am,0,2025-10-18 06:10:00,8.3603,4.195,0.0006000000000000227
EWR-1,10/18/2025,06:20:00 am,0,2025-10-18 06:20:00,8.3608,4.189,0.0006000000000000227
EWR-1,10/18/2025,06:30:00 am,0,2025-10-18 06:30:00,8.3609,4.183,0.0004999999999999894
EWR-1,10/18/2025,06:40:00 am,0,2025-10-18 06:40:00,8.3601,4.178,0.00039999999999995595
EWR-1,10/18/2025,06:50:00 am,0,2025-10-18 06:50:00,8.3604,4.174,0.0005000000000000782
EWR-1,10/18/2025,07:00:00 am,0,2025-10-18 07:00:00,8.361,4.169,0.0006999999999999674
EWR-1,10/18/2025,07:10:00 am,0,2025-10-18 07:10:00,8.3613,4.162,0.0004999999999999894
EWR-1,10/18/2025,07:20:00 am,0,2025-10-18 07:20:00,8.3622,4.157,0.0004999999999999894
EWR-1,10/18/2025,07:30:00 am,0,2025-10-18 07:30:00,8.3623,4.152,0.0006000000000000227
EWR-1,10/18/2025,07:40:00 am,0,2025-10-18 07:40:00,8.3626,4.146,0.0004999999999999894
EWR-1,10/18/2025,07:50:00 am,0,2025-10-18 07:50:00,8.3627,4.141,0.0004999999999999894
EWR-1,10/18/2025,08:00:00 am,0,2025-10-18 08:00:00,8.364,4.136,0.00040000000000004474
EWR-1,10/18/2025,08:10:00 am,0,2025-10-18 08:10:00,8.3642,4.132,0.0005999999999999339
EWR-1,10/18/2025,08:20:00 am,0,2025-10-18 08:20:00,8.365,4.126,0.00040000000000004474
EWR-1,10/18/2025,08:30:00 am,0,2025-10-18 08:30:00,8.3645,4.122,0.00039999999999995595
EWR-1,10/18/2025,08:40:00 am,0,2025-10-18 08:40:00,8.3645,4.118,0.0004999999999999894
EWR-1,10/18/2025,08:50:00 am,0,2025-10-18 08:50:00,8.364,4.113,0.00040000000000004474
EWR-1,10/18/2025,09:00:00 am,0,2025-10-18 09:00:00,8.3642,4.109,0.0004999999999999894
EWR-1,10/18/2025,09:10:00 am,0,2025-10-18 09:10:00,8.3639,4.104,0.00040000000000004474
EWR-1,10/18/2025,09:20:00 am,0,2025-10-18 09:20:00,8.3634,4.1,0.00039999999999995595
EWR-1,10/18/2025,09:30:00 am,0,2025-10-18 09:30:00,8.3632,4.096,0.00030000000000001136
EWR-1,10/18/2025,09:40:00 am,0,2025-10-18 09:40:00,8.3638,4.093,0.00030000000000001136
EWR-1,10/18/2025,09:50:00 am,0,2025-10-18 09:50:00,8.3637,4.09,0.00019999999999997797
EWR-1,10/18/2025,10:00:00 am,0,2025-10-18 10:00:00,8.3638,4.088,0.00040000000000004474
EWR-1,10/18/2025,10:10:00 am,0,2025-10-18 10:10:00,8.364,4.084,0.00039999999999995595
EWR-1,10/18/2025,10:20:00 am,0,2025-10-18 10:20:00,8.3639,4.08,0.00030000000000001136
EWR-1,10/18/2025,10:30:00 am,0,2025-10-18 10:30:00,8.3629,4.077,0.00019999999999997797
EWR-1,10/18/2025,10:40:00 am,0,2025-10-18 10:40:00,8.3631,4.075,0.00030000000000001136
EWR-1,10/18/2025,10:50:00 am,0,2025-10-18 10:50:00,8.363,4.072,0.00030000000000001136
EWR-1,10/18/2025,11:00:00 am,0,2025-10-18 11:00:00,8.3627,4.069,0.0001000000000000334
EWR-1,10/18/2025,11:10:00 am,0,2025-10-18 11:10:00,8.3627,4.068,0.00019999999999997797
EWR-1,10/18/2025,11:20:00 am,0,2025-10-18 11:20:00,8.362,4.066,0.0001000000000000334
EWR-1,10/18/2025,11:30:00 am,0,2025-10-18 11:30:00,8.3617,4.067,9.999999999994457e-05
EWR-1,10/18/2025,11:40:00 am,0,2025-10-18 11:40:00,8.3614,4.068,0.0
EWR-1,10/18/2025,11:50:00 am,0,2025-10-18 11:50:00,8.361,4.068,0.0002000000000000668
EWR-1,10/18/2025,12:00:00 pm,0,2025-10-18 12:00:00,8.3604,4.07,9.999999999994457e-05
EWR-1,10/18/2025,12:10:00 pm,0,2025-10-18 12:10:00,8.3597,4.071,0.0
EWR-1,10/18/2025,12:20:00 pm,0,2025-10-18 12:20:00,8.3595,4.071,0.0004999999999999894
EWR-1,10/18/2025,12:30:00 pm,0,2025-10-18 12:30:00,8.359,4.076,0.0005000000000000782
EWR-1,10/18/2025,12:40:00 pm,0,2025-10-18 12:40:00,8.3582,4.081,0.0006999999999999674
EWR-1,10/18/2025,12:50:00 pm,0,2025-10-18 12:50:00,8.3572,4.088,0.0006999999999999674
EWR-1,10/18/2025,01:00:00 pm,0,2025-10-18 13:00:00,8.356,4.095,0.0007000000000000562
EWR-1,10/18/2025,01:10:00 pm,0,2025-10-18 13:10:00,8.3551,4.102,0.0006999999999999674
EWR-1,10/18/2025,01:20:00 pm,0,2025-10-18 13:20:00,8.354,4.109,0.0008000000000000007
EWR-1,10/18/2025,01:30:00 pm,0,2025-10-18 13:30:00,8.3536,4.117,0.0006999999999999674
EWR-1,10/18/2025,01:40:00 pm,0,2025-10-18 13:40:00,8.3525,4.124,0.0009000000000000341
EWR-1,10/18/2025,01:50:00 pm,0,2025-10-18 13:50:00,8.3519,4.133,0.0009000000000000341
EWR-1,10/18/2025,02:00:00 pm,0,2025-10-18 14:00:00,8.351,4.142,0.0008999999999999453
EWR-1,10/18/2025,02:10:00 pm,0,2025-10-18 14:10:00,8.3506,4.151,0.0009999999999999788
EWR-1,10/18/2025,02:20:00 pm,0,2025-10-18 14:20:00,8.3506,4.161,0.0012000000000000454
EWR-1,10/18/2025,02:30:00 pm,0,2025-10-18 14:30:00,8.35,4.173,0.00129999999999999
EWR-1,10/18/2025,02:40:00 pm,0,2025-10-18 14:40:00,8.3491,4.186,0.0014000000000000234
EWR-1,10/18/2025,02:50:00 pm,0,2025-10-18 14:50:00,8.3486,4.2,0.0014000000000000234
EWR-1,10/18/2025,03:00:00 pm,0,2025-10-18 15:00:00,8.3482,4.214,0.001499999999999968
EWR-1,10/18/2025,03:10:00 pm,0,2025-10-18 15:10:00,8.3478,4.229,0.00129999999999999
EWR-1,10/18/2025,03:20:00 pm,0,2025-10-18 15:20:00,8.3477,4.242,0.0014000000000000234
EWR-1,10/18/2025,03:30:00 pm,0,2025-10-18 15:30:00,8.3477,4.256,0.0013999999999999347
EWR-1,10/18/2025,03:40:00 pm,0,2025-10-18 15:40:00,8.3476,4.27,0.0013000000000000789
EWR-1,10/18/2025,03:50:00 pm,0,2025-10-18 15:50:00,8.3476,4.283,0.0011999999999999567
EWR-1,10/18/2025,04:00:00 pm,0,2025-10-18 16:00:00,8.3478,4.295,0.001100000000000012
EWR-1,10/18/2025,04:10:00 pm,0,2025-10-18 16:10:00,8.3479,4.306,0.001100000000000012
EWR-1,10/18/2025,04:20:00 pm,0,2025-10-18 16:20:00,8.3477,4.317,0.0009999999999999788
EWR-1,10/18/2025,04:30:00 pm,0,2025-10-18 16:30:00,8.3474,4.327,0.001100000000000012
EWR-1,10/18/2025,04:40:00 pm,0,2025-10-18 16:40:00,8.3472,4.338,0.001100000000000012
EWR-1,10/18/2025,04:50:00 pm,0,2025-10-18 16:50:00,8.3468,4.349,0.001100000000000012
EWR-1,10/18/2025,05:00:00 pm,0,2025-10-18 17:00:00,8.3463,4.36,0.001100000000000012
EWR-1,10/18/2025,05:10:00 pm,0,2025-10-18 17:10:00,8.3463,4.371,0.0009999999999999788
EWR-1,10/18/2025,05:20:00 pm,0,2025-10-18 17:20:00,8.3465,4.381,0.0008999999999999453
EWR-1,10/18/2025,05:30:00 pm,0,2025-10-18 17:30:00,8.3461,4.39,0.0009000000000000341
EWR-1,10/18/2025,05:40:00 pm,0,2025-10-18 17:40:00,8.3464,4.399,0.0006999999999999674
EWR-1,10/18/2025,05:50:00 pm,0,2025-10-18 17:50:00,8.3468,4.406,0.0006000000000000227
EWR-1,10/18/2025,06:00:00 pm,0,2025-10-18 18:00:00,8.3471,4.412,0.0006000000000000227
EWR-1,10/18/2025,06:10:00 pm,0,2025-10-18 18:10:00,8.3472,4.418,0.0004999999999999894
EWR-1,10/18/2025,06:20:00 pm,0,2025-10-18 18:20:00,8.3473,4.423,0.00039999999999995595
EWR-1,10/18/2025,06:30:00 pm,0,2025-10-18 18:30:00,8.348,4.427,0.00040000000000004474
EWR-1,10/18/2025,06:40:00 pm,0,2025-10-18 18:40:00,8.3491,4.431,0.00019999999999997797
EWR-1,10/18/2025,06:50:00 pm,0,2025-10-18 18:50:00,8.3497,4.433,0.00030000000000001136
EWR-1,10/18/2025,07:00:00 pm,0,2025-10-18 19:00:00,8.3497,4.436,0.00019999999999997797
EWR-1,10/18/2025,07:10:00 pm,0,2025-10-18 19:10:00,8.351,4.438,0.0002000000000000668
EWR-1,10/18/2025,07:20:00 pm,0,2025-10-18 19:20:00,8.3525,4.44,9.999999999994457e-05
EWR-1,10/18/2025,07:30:00 pm,0,2025-10-18 19:30:00,8.3535,4.441,0.0001000000000000334
EWR-1,10/18/2025,07:40:00 pm,0,2025-10-18 19:40:00,8.3542,4.442,9.999999999994457e-05
EWR-1,10/18/2025,07:50:00 pm,0,2025-10-18 19:50:00,8.3547,4.443,0.0
EWR-1,10/18/2025,08:00:00 pm,0,2025-10-18 20:00:00,8.3552,4.443,9.999999999994457e-05
EWR-1,10/18/2025,08:10:00 pm,0,2025-10-18 20:10:00,8.3558,4.442,0.0001000000000000334
EWR-1,10/18/2025,08:20:00 pm,0,2025-10-18 20:20:00,8.356,4.441,9.999999999994457e-05
EWR-1,10/18/2025,08:30:00 pm,0,2025-10-18 20:30:00,8.3562,4.44,0.0
EWR-1,10/18/2025,08:40:00 pm,0,2025-10-18 20:40:00,8.3567,4.44,0.0002000000000000668
EWR-1,10/18/2025,08:50:00 pm,0,2025-10-18 20:50:00,8.3561,4.438,9.999999999994457e-05
EWR-1,10/18/2025,09:00:00 pm,0,2025-10-18 21:00:00,8.3563,4.437,0.0002000000000000668
EWR-1,10/18/2025,09:10:00 pm,0,2025-10-18 21:10:00,8.3563,4.435,9.999999999994457e-05
EWR-1,10/18/2025,09:20:00 pm,0,2025-10-18 21:20:00,8.3562,4.434,0.0001000000000000334
EWR-1,10/18/2025,09:30:00 pm,0,2025-10-18 21:30:00,8.3569,4.433,9.999999999994457e-05
EWR-1,10/18/2025,09:40:00 pm,0,2025-10-18 21:40:00,8.3564,4.432,0.0002000000000000668
EWR-1,10/18/2025,09:50:00 pm,0,2025-10-18 21:50:00,8.3555,4.43,9.999999999994457e-05
EWR-1,10/18/2025,10:00:00 pm,0,2025-10-18 22:00:00,8.3558,4.429,0.0002000000000000668
EWR-1,10/18/2025,10:10:00 pm,0,2025-10-18 22:10:00,8.3551,4.427,0.00019999999999997797
EWR-1,10/18/2025,10:20:00 pm,0,2025-10-18 22:20:00,8.3549,4.425,0.00019999999999997797
EWR-1,10/18/2025,10:30:00 pm,0,2025-10-18 22:30:00,8.3545,4.423,0.00019999999999997797
EWR-1,10/18/2025,10:40:00 pm,0,2025-10-18 22:40:00,8.3543,4.421,0.0001000000000000334
EWR-1,10/18/2025,10:50:00 pm,0,2025-10-18 22:50:00,8.3543,4.42,0.00019999999999997797
EWR-1,10/18/2025,11:00:00 pm,0,2025-10-18 23:00:00,8.3542,4.418,0.00019999999999997797
EWR-1,10/18/2025,11:10:00 pm,0,2025-10-18 23:10:00,8.354,4.416,0.00030000000000001136
EWR-1,10/18/2025,11:20:00 pm,0,2025-10-18 23:20:00,8.3538,4.413,0.0002000000000000668
EWR-1,10/18/2025,11:30:00 pm,0,2025-10-18 23:30:00,8.3539,4.411,0.00019999999999997797
EWR-1,10/18/2025,11:40:00 pm,0,2025-10-18 23:40:00,8.3533,4.409,0.00030000000000001136
EWR-1,10/18/2025,11:50:00 pm,0,2025-10-18 23:50:00,8.352,4.406,0.00019999999999997797
EWR-1,10/19/2025,12:00:00 am,0,2025-10-19 00:00:00,8.3512,4.404,0.00030000000000001136
EWR-1,10/19/2025,12:10:00 am,0,2025-10-19 00:10:00,8.3499,4.401,0.00030000000000001136
EWR-1,10/19/2025,12:20:00 am,0,2025-10-19 00:20:00,8.3482,4.398,0.00030000000000001136
EWR-1,10/19/2025,12:30:00 am,0,2025-10-19 00:30:00,8.3469,4.395,0.00039999999999995595
EWR-1,10/19/2025,12:40:00 am,0,2025-10-19 00:40:00,8.3456,4.391,0.00019999999999997797
EWR-1,10/19/2025,12:50:00 am,0,2025-10-19 00:50:00,8.3451,4.389,0.00030000000000001136
EWR-1,10/19/2025,01:00:00 am,0,2025-10-19 01:00:00,8.3444,4.386,0.00030000000000001136
EWR-1,10/19/2025,01:10:00 am,0,2025-10-19 01:10:00,8.3441,4.383,0.00030000000000001136
EWR-1,10/19/2025,01:20:00 am,0,2025-10-19 01:20:00,8.3452,4.38,0.00019999999999997797
EWR-1,10/19/2025,01:30:00 am,0,2025-10-19 01:30:00,8.347,4.378,0.00040000000000004474
EWR-1,10/19/2025,01:40:00 am,0,2025-10-19 01:40:00,8.3472,4.374,0.00029999999999992256
EWR-1,10/19/2025,01:50:00 am,0,2025-10-19 01:50:00,8.347,4.371,0.00030000000000001136
EWR-1,10/19/2025,02:00:00 am,0,2025-10-19 02:00:00,8.3471,4.368,0.00030000000000001136
EWR-1,10/19/2025,02:10:00 am,0,2025-10-19 02:10:00,8.3458,4.365,0.00030000000000001136
EWR-1,10/19/2025,02:20:00 am,0,2025-10-19 02:20:00,8.3462,4.362,0.00030000000000001136
EWR-1,10/19/2025,02:30:00 am,0,2025-10-19 02:30:00,8.3466,4.359,0.00039999999999995595
EWR-1,10/19/2025,02:40:00 am,0,2025-10-19 02:40:00,8.345,4.355,0.00030000000000001136
EWR-1,10/19/2025,02:50:00 am,0,2025-10-19 02:50:00,8.3441,4.352,0.00040000000000004474
EWR-1,10/19/2025,03:00:00 am,0,2025-10-19 03:00:00,8.3422,4.348,0.00030000000000001136
EWR-1,10/19/2025,03:10:00 am,0,2025-10-19 03:10:00,8.3415,4.345,0.00030000000000001136
EWR-1,10/19/2025,03:20:00 am,0,2025-10-19 03:20:00,8.3416,4.342,0.00029999999999992256
EWR-1,10/19/2025,03:30:00 am,0,2025-10-19 03:30:00,8.3416,4.339,0.00040000000000004474
EWR-1,10/19/2025,03:40:00 am,0,2025-10-19 03:40:00,8.342,4.335,0.00039999999999995595
EWR-1,10/19/2025,03:50:00 am,0,2025-10-19 03:50:00,8.3406,4.331,0.0002000000000000668
EWR-1,10/19/2025,04:00:00 am,0,2025-10-19 04:00:00,8.3404,4.329,0.00039999999999995595
EWR-1,10/19/2025,04:10:00 am,0,2025-10-19 04:10:00,8.3396,4.325,0.00030000000000001136
EWR-1,10/19/2025,04:20:00 am,0,2025-10-19 04:20:00,8.3399,4.322,0.00030000000000001136
EWR-1,10/19/2025,04:30:00 am,0,2025-10-19 04:30:00,8.3391,4.319,0.00030000000000001136
EWR-1,10/19/2025,04:40:00 am,0,2025-10-19 04:40:00,8.3397,4.316,0.0004999999999999894
EWR-1,10/19/2025,04:50:00 am,0,2025-10-19 04:50:00,8.3396,4.311,0.00039999999999995595
EWR-1,10/19/2025,05:00:00 am,0,2025-10-19 05:00:00,8.34,4.307,0.0005000000000000782
EWR-1,10/19/2025,05:10:00 am,0,2025-10-19 05:10:00,8.3418,4.302,0.0004999999999999894
EWR-1,10/19/2025,05:20:00 am,0,2025-10-19 05:20:00,8.3439,4.297,0.0004999999999999894
EWR-1,10/19/2025,05:30:00 am,0,2025-10-19 05:30:00,8.3433,4.292,0.00039999999999995595
EWR-1,10/19/2025,05:40:00 am,0,2025-10-19 05:40:00,8.344,4.288,0.0004999999999999894
EWR-1,10/19/2025,05:50:00 am,0,2025-10-19 05:50:00,8.3455,4.283,0.00040000000000004474
EWR-1,10/19/2025,06:00:00 am,0,2025-10-19 06:00:00,8.3454,4.279,0.0004999999999999894
EWR-1,10/19/2025,06:10:00 am,0,2025-10-19 06:10:00,8.3444,4.274,0.0006000000000000227
EWR-1,10/19/2025,06:20:00 am,0,2025-10-19 06:20:00,8.3426,4.268,0.0004999999999999894
EWR-1,10/19/2025,06:30:00 am,0,2025-10-19 06:30:00,8.3397,4.263,0.00039999999999995595
EWR-1,10/19/2025,06:40:00 am,0,2025-10-19 06:40:00,8.3399,4.259,0.00040000000000004474
EWR-1,10/19/2025,06:50:00 am,0,2025-10-19 06:50:00,8.3395,4.255,0.00039999999999995595
EWR-1,10/19/2025,07:00:00 am,0,2025-10-19 07:00:00,8.339,4.251,0.00040000000000004474
EWR-1,10/19/2025,07:10:00 am,0,2025-10-19 07:10:00,8.3392,4.247,0.00039999999999995595
EWR-1,10/19/2025,07:20:00 am,0,2025-10-19 07:20:00,8.3408,4.243,0.0004999999999999894
EWR-1,10/19/2025,07:30:00 am,0,2025-10-19 07:30:00,8.3423,4.238,0.00040000000000004474
EWR-1,10/19/2025,07:40:00 am,0,2025-10-19 07:40:00,8.3419,4.234,0.0004999999999999894
EWR-1,10/19/2025,07:50:00 am,0,2025-10-19 07:50:00,8.343,4.229,0.0004999999999999894
EWR-1,10/19/2025,08:00:00 am,0,2025-10-19 08:00:00,8.3416,4.224,0.0004999999999999894
EWR-1,10/19/2025,08:10:00 am,0,2025-10-19 08:10:00,8.3411,4.219,0.00040000000000004474
EWR-1,10/19/2025,08:20:00 am,0,2025-10-19 08:20:00,8.342,4.215,0.00030000000000001136
EWR-1,10/19/2025,08:30:00 am,0,2025-10-19 08:30:00,8.3426,4.212,0.0004999999999999894
EWR-1,10/19/2025,08:40:00 am,0,2025-10-19 08:40:00,8.3434,4.207,0.00030000000000001136
EWR-1,10/19/2025,08:50:00 am,0,2025-10-19 08:50:00,8.3442,4.204,0.00030000000000001136
EWR-1,10/19/2025,09:00:00 am,0,2025-10-19 09:00:00,8.3446,4.201,0.00029999999999992256
EWR-1,10/19/2025,09:10:00 am,0,2025-10-19 09:10:00,8.3438,4.198,0.0002000000000000668
EWR-1,10/19/2025,09:20:00 am,0,2025-10-19 09:20:00,8.3432,4.196,0.00019999999999997797
EWR-1,10/19/2025,09:30:00 am,0,2025-10-19 09:30:00,8.3425,4.194,0.0001000000000000334
EWR-1,10/19/2025,09:40:00 am,0,2025-10-19 09:40:00,8.3422,4.193,0.0
EWR-1,10/19/2025,09:50:00 am,0,2025-10-19 09:50:00,8.3403,4.193,0.0
EWR-1,10/19/2025,10:00:00 am,0,2025-10-19 10:00:00,8.3404,4.193,0.0
EWR-1,10/19/2025,10:10:00 am,0,2025-10-19 10:10:00,8.3406,4.193,0.0002000000000000668
EWR-1,10/19/2025,10:20:00 am,0,2025-10-19 10:20:00,8.3416,4.195,0.00030000000000001136
EWR-1,10/19/2025,10:30:00 am,0,2025-10-19 10:30:00,8.3421,4.198,9.999999999994457e-05
EWR-1,10/19/2025,10:40:00 am,0,2025-10-19 10:40:00,8.3427,4.199,0.00019999999999997797
EWR-1,10/19/2025,10:50:00 am,0,2025-10-19 10:50:00,8.3441,4.201,0.0002000000000000668
EWR-1,10/19/2025,11:00:00 am,0,2025-10-19 11:00:00,8.3434,4.203,9.999999999994457e-05
EWR-1,10/19/2025,11:10:00 am,0,2025-10-19 11:10:00,8.342,4.204,0.0001000000000000334
EWR-1,10/19/2025,11:20:00 am,0,2025-10-19 11:20:00,8.341,4.205,0.00039999999999995595
EWR-1,10/19/2025,11:30:00 am,0,2025-10-19 11:30:00,8.3412,4.209,0.00040000000000004474
EWR-1,10/19/2025,11:40:00 am,0,2025-10-19 11:40:00,8.341,4.213,0.0004999999999999894
EWR-1,10/19/2025,11:50:00 am,0,2025-10-19 11:50:00,8.3404,4.218,0.00040000000000004474
EWR-1,10/19/2025,12:00:00 pm,0,2025-10-19 12:00:00,8.3407,4.222,0.0004999999999999894
EWR-1,10/19/2025,12:10:00 pm,0,2025-10-19 12:10:00,8.3416,4.227,0.0006999999999999674
EWR-1,10/19/2025,12:20:00 pm,0,2025-10-19 12:20:00,8.3406,4.234,0.0006999999999999674
EWR-1,10/19/2025,12:30:00 pm,0,2025-10-19 12:30:00,8.3391,4.241,0.0010000000000000675
EWR-1,10/19/2025,12:40:00 pm,0,2025-10-19 12:40:00,8.3383,4.251,0.0009999999999999788
EWR-1,10/19/2025,12:50:00 pm,0,2025-10-19 12:50:00,8.3372,4.261,0.001100000000000012
EWR-1,10/19/2025,01:00:00 pm,0,2025-10-19 13:00:00,8.3362,4.272,0.0009999999999999788
EWR-1,10/19/2025,01:10:00 pm,0,2025-10-19 13:10:00,8.3353,4.282,0.001100000000000012
EWR-1,10/19/2025,01:20:00 pm,0,2025-10-19 13:20:00,8.3347,4.293,0.0009999999999999788
EWR-1,10/19/2025,01:30:00 pm,0,2025-10-19 13:30:00,8.3334,4.303,0.0009999999999999788
EWR-1,10/19/2025,01:40:00 pm,0,2025-10-19 13:40:00,8.3338,4.313,0.0009000000000000341
EWR-1,10/19/2025,01:50:00 pm,0,2025-10-19 13:50:00,8.334,4.322,0.0009999999999999788
EWR-1,10/19/2025,02:00:00 pm,0,2025-10-19 14:00:00,8.3336,4.332,0.001100000000000012
EWR-1,10/19/2025,02:10:00 pm,0,2025-10-19 14:10:00,8.3327,4.343,0.0012000000000000454
EWR-1,10/19/2025,02:20:00 pm,0,2025-10-19 14:20:00,8.333,4.355,0.00129999999999999
EWR-1,10/19/2025,02:30:00 pm,0,2025-10-19 14:30:00,8.3327,4.368,0.00129999999999999
EWR-1,10/19/2025,02:40:00 pm,0,2025-10-19 14:40:00,8.3327,4.381,0.001499999999999968
EWR-1,10/19/2025,02:50:00 pm,0,2025-10-19 14:50:00,8.3343,4.396,0.0014000000000000234
EWR-1,10/19/2025,03:00:00 pm,0,2025-10-19 15:00:00,8.3348,4.41,0.001499999999999968
EWR-1,10/19/2025,03:10:00 pm,0,2025-10-19 15:10:00,8.3342,4.425,0.0014000000000000234
EWR-1,10/19/2025,03:20:00 pm,0,2025-10-19 15:20:00,8.3358,4.439,0.00129999999999999
EWR-1,10/19/2025,03:30:00 pm,0,2025-10-19 15:30:00,8.3354,4.452,0.00129999999999999
EWR-1,10/19/2025,03:40:00 pm,0,2025-10-19 15:40:00,8.3368,4.465,0.00129999999999999
EWR-1,10/19/2025,03:50:00 pm,0,2025-10-19 15:50:00,8.3379,4.478,0.0012000000000000454
EWR-1,10/19/2025,04:00:00 pm,0,2025-10-19 16:00:00,8.3376,4.49,0.0009999999999999788
EWR-1,10/19/2025,04:10:00 pm,0,2025-10-19 16:10:00,8.3369,4.5,0.001100000000000012
EWR-1,10/19/2025,04:20:00 pm,0,2025-10-19 16:20:00,8.3352,4.511,0.0009999999999999788
EWR-1,10/19/2025,04:30:00 pm,0,2025-10-19 16:30:00,8.3347,4.521,0.0009999999999999788
EWR-1,10/19/2025,04:40:00 pm,0,2025-10-19 16:40:00,8.3351,4.531,0.001100000000000012
EWR-1,10/19/2025,04:50:00 pm,0,2025-10-19 16:50:00,8.3343,4.542,0.0009999999999999788
EWR-1,10/19/2025,05:00:00 pm,0,2025-10-19 17:00:00,8.3337,4.552,0.0010000000000000675
EWR-1,10/19/2025,05:10:00 pm,0,2025-10-19 17:10:00,8.334,4.562,0.0008999999999999453
EWR-1,10/19/2025,05:20:00 pm,0,2025-10-19 17:20:00,8.3336,4.571,0.0009000000000000341
EWR-1,10/19/2025,05:30:00 pm,0,2025-10-19 17:30:00,8.3335,4.58,0.0006999999999999674
EWR-1,10/19/2025,05:40:00 pm,0,2025-10-19 17:40:00,8.3322,4.587,0.0008000000000000007
EWR-1,10/19/2025,05:50:00 pm,0,2025-10-19 17:50:00,8.3312,4.595,0.00040000000000004474
EWR-1,10/19/2025,06:00:00 pm,0,2025-10-19 18:00:00,8.3303,4.599,0.0006000000000000227
EWR-1,10/19/2025,06:10:00 pm,0,2025-10-19 18:10:00,8.3301,4.605,0.0004999999999999894
EWR-1,10/19/2025,06:20:00 pm,0,2025-10-19 18:20:00,8.3315,4.61,0.00039999999999995595
EWR-1,10/19/2025,06:30:00 pm,0,2025-10-19 18:30:00,8.3342,4.614,0.00040000000000004474
EWR-1,10/19/2025,06:40:00 pm,0,2025-10-19 18:40:00,8.336,4.618,0.00030000000000001136
EWR-1,10/19/2025,06:50:00 pm,0,2025-10-19 18:50:00,8.3375,4.621,0.00029999999999992256
EWR-1,10/19/2025,07:00:00 pm,0,2025-10-19 19:00:00,8.3377,4.624,0.00030000000000001136
EWR-1,10/19/2025,07:10:00 pm,0,2025-10-19 19:10:00,8.3375,4.627,0.0001000000000000334
EWR-1,10/19/2025,07:20:00 pm,0,2025-10-19 19:20:00,8.3383,4.628,9.999999999994457e-05
EWR-1,10/19/2025,07:30:00 pm,0,2025-10-19 19:30:00,8.3398,4.629,0.0
EWR-1,10/19/2025,07:40:00 pm,0,2025-10-19 19:40:00,8.3427,4.629,0.0
EWR-1,10/19/2025,07:50:00 pm,0,2025-10-19 19:50:00,8.344,4.629,9.999999999994457e-05
EWR-1,10/19/2025,08:00:00 pm,0,2025-10-19 20:00:00,8.3444,4.628,0.0001000000000000334
EWR-1,10/19/2025,08:10:00 pm,0,2025-10-19 20:10:00,8.3451,4.627,9.999999999994457e-05
EWR-1,10/19/2025,08:20:00 pm,0,2025-10-19 20:20:00,8.3459,4.626,0.0002000000000000668
EWR-1,10/19/2025,08:30:00 pm,0,2025-10-19 20:30:00,8.3459,4.624,0.00029999999999992256
EWR-1,10/19/2025,08:40:00 pm,0,2025-10-19 20:40:00,8.3456,4.621,0.0002000000000000668
EWR-1,10/19/2025,08:50:00 pm,0,2025-10-19 20:50:00,8.346,4.619,0.00030000000000001136
EWR-1,10/19/2025,09:00:00 pm,0,2025-10-19 21:00:00,8.346,4.616,0.00039999999999995595
EWR-1,10/19/2025,09:10:00 pm,0,2025-10-19 21:10:00,8.3469,4.612,0.00030000000000001136
EWR-1,10/19/2025,09:20:00 pm,0,2025-10-19 21:20:00,8.3472,4.609,0.00030000000000001136
EWR-1,10/19/2025,09:30:00 pm,0,2025-10-19 21:30:00,8.3495,4.606,0.00039999999999995595
EWR-1,10/19/2025,09:40:00 pm,0,2025-10-19 21:40:00,8.3508,4.602,0.00030000000000001136
EWR-1,10/19/2025,09:50:00 pm,0,2025-10-19 21:50:00,8.3521,4.599,0.00040000000000004474
EWR-1,10/19/2025,10:00:00 pm,0,2025-10-19 22:00:00,8.3528,4.595,0.0004999999999999894
EWR-1,10/19/2025,10:10:00 pm,0,2025-10-19 22:10:00,8.3529,4.59,0.0004999999999999894
EWR-1,10/19/2025,10:20:00 pm,0,2025-10-19 22:20:00,8.353,4.585,0.00039999999999995595
EWR-1,10/19/2025,10:30:00 pm,0,2025-10-19 22:30:00,8.3532,4.581,0.0005000000000000782
EWR-1,10/19/2025,10:40:00 pm,0,2025-10-19 22:40:00,8.3525,4.576,0.0004999999999999894
EWR-1,10/19/2025,10:50:00 pm,0,2025-10-19 22:50:00,8.351,4.571,0.0004999999999999894
EWR-1,10/19/2025,11:00:00 pm,0,2025-10-19 23:00:00,8.3507,4.566,0.0004999999999999894
EWR-1,10/19/2025,11:10:00 pm,0,2025-10-19 23:10:00,8.3501,4.561,0.0004999999999999894
EWR-1,10/19/2025,11:20:00 pm,0,2025-10-19 23:20:00,8.3507,4.556,0.0004999999999999894
EWR-1,10/19/2025,11:30:00 pm,0,2025-10-19 23:30:00,8.351,4.551,0.0004999999999999894
EWR-1,10/19/2025,11:40:00 pm,0,2025-10-19 23:40:00,8.3517,4.546,0.0004999999999999894
EWR-1,10/19/2025,11:50:00 pm,0,2025-10-19 23:50:00,8.3526,4.541,0.0005000000000000782
EWR-1,10/20/2025,12:00:00 am,0,2025-10-20 00:00:00,8.3527,4.536,0.0004999999999999894
EWR-1,10/20/2025,12:10:00 am,0,2025-10-20 00:10:00,8.3531,4.531,0.0005999999999999339
EWR-1,10/20/2025,12:20:00 am,0,2025-10-20 00:20:00,8.3541,4.525,0.0006000000000000227
EWR-1,10/20/2025,12:30:00 am,0,2025-10-20 00:30:00,8.3546,4.519,0.0007000000000000562
EWR-1,10/20/2025,12:40:00 am,0,2025-10-20 00:40:00,8.3548,4.512,0.0005999999999999339
EWR-1,10/20/2025,12:50:00 am,0,2025-10-20 00:50:00,8.3546,4.506,0.0006000000000000227
EWR-1,10/20/2025,01:00:00 am,0,2025-10-20 01:00:00,8.3552,4.5,0.0006999999999999674
EWR-1,10/20/2025,01:10:00 am,0,2025-10-20 01:10:00,8.3554,4.493,0.0007000000000000562
EWR-1,10/20/2025,01:20:00 am,0,2025-10-20 01:20:00,8.3545,4.486,0.0005999999999999339
EWR-1,10/20/2025,01:30:00 am,0,2025-10-20 01:30:00,8.3546,4.48,0.0007000000000000562
EWR-1,10/20/2025,01:40:00 am,0,2025-10-20 01:40:00,8.3548,4.473,0.0006000000000000227
EWR-1,10/20/2025,01:50:00 am,0,2025-10-20 01:50:00,8.3549,4.467,0.0006999999999999674
EWR-1,10/20/2025,02:00:00 am,0,2025-10-20 02:00:00,8.3554,4.46,0.0006999999999999674
EWR-1,10/20/2025,02:10:00 am,0,2025-10-20 02:10:00,8.3554,4.453,0.0007000000000000562
EWR-1,10/20/2025,02:20:00 am,0,2025-10-20 02:20:00,8.3555,4.446,0.0006999999999999674
EWR-1,10/20/2025,02:30:00 am,0,2025-10-20 02:30:00,8.3542,4.439,0.0008000000000000007
EWR-1,10/20/2025,02:40:00 am,0,2025-10-20 02:40:00,8.3537,4.431,0.0008000000000000007
EWR-1,10/20/2025,02:50:00 am,0,2025-10-20 02:50:00,8.3533,4.423,0.0006999999999999674
EWR-1,10/20/2025,03:00:00 am,0,2025-10-20 03:00:00,8.3539,4.416,0.0007000000000000562
EWR-1,10/20/2025,03:10:00 am,0,2025-10-20 03:10:00,8.3525,4.409,0.0008000000000000007
EWR-1,10/20/2025,03:20:00 am,0,2025-10-20 03:20:00,8.3517,4.401,0.0008999999999999453
EWR-1,10/20/2025,03:30:00 am,0,2025-10-20 03:30:00,8.3508,4.392,0.0007000000000000562
EWR-1,10/20/2025,03:40:00 am,0,2025-10-20 03:40:00,8.3509,4.385,0.0008000000000000007
EWR-1,10/20/2025,03:50:00 am,0,2025-10-20 03:50:00,8.3515,4.377,0.0006999999999999674
EWR-1,10/20/2025,04:00:00 am,0,2025-10-20 04:00:00,8.3509,4.37,0.0006999999999999674
EWR-1,10/20/2025,04:10:00 am,0,2025-10-20 04:10:00,8.3502,4.363,0.0008000000000000007
EWR-1,10/20/2025,04:20:00 am,0,2025-10-20 04:20:00,8.3495,4.355,0.0007000000000000562
EWR-1,10/20/2025,04:30:00 am,0,2025-10-20 04:30:00,8.3506,4.348,0.0008000000000000007
EWR-1,10/20/2025,04:40:00 am,0,2025-10-20 04:40:00,8.3509,4.34,0.0008000000000000007
EWR-1,10/20/2025,04:50:00 am,0,2025-10-20 04:50:00,8.3511,4.332,0.0006999999999999674
EWR-1,10/20/2025,05:00:00 am,0,2025-10-20 05:00:00,8.352,4.325,0.0008000000000000007
EWR-1,10/20/2025,05:10:00 am,0,2025-10-20 05:10:00,8.3524,4.317,0.0006000000000000227
EWR-1,10/20/2025,05:20:00 am,0,2025-10-20 05:20:00,8.3528,4.311,0.0008000000000000007
EWR-1,10/20/2025,05:30:00 am,0,2025-10-20 05:30:00,8.3542,4.303,0.0008000000000000007
EWR-1,10/20/2025,05:40:00 am,0,2025-10-20 05:40:00,8.355,4.295,0.0008000000000000007
EWR-1,10/20/2025,05:50:00 am,0,2025-10-20 05:50:00,8.3557,4.287,0.0009000000000000341
EWR-1,10/20/2025,06:00:00 am,0,2025-10-20 06:00:00,8.3564,4.278,0.0006999999999999674
EWR-1,10/20/2025,06:10:00 am,0,2025-10-20 06:10:00,8.3567,4.271,0.0008000000000000007
EWR-1,10/20/2025,06:20:00 am,0,2025-10-20 06:20:00,8.3562,4.263,0.0006999999999999674
EWR-1,10/20/2025,06:30:00 am,0,2025-10-20 06:30:00,8.3568,4.256,0.0008000000000000007
EWR-1,10/20/2025,06:40:00 am,0,2025-10-20 06:40:00,8.3575,4.248,0.0007000000000000562
EWR-1,10/20/2025,06:50:00 am,0,2025-10-20 06:50:00,8.3566,4.241,0.0008000000000000007
EWR-1,10/20/2025,07:00:00 am,0,2025-10-20 07:00:00,8.3563,4.233,0.0006999999999999674
EWR-1,10/20/2025,07:10:00 am,0,2025-10-20 07:10:00,8.3562,4.226,0.0006999999999999674
EWR-1,10/20/2025,07:20:00 am,0,2025-10-20 07:20:00,8.3569,4.219,0.0007000000000000562
EWR-1,10/20/2025,07:30:00 am,0,2025-10-20 07:30:00,8.3565,4.212,0.0006999999999999674
EWR-1,10/20/2025,07:40:00 am,0,2025-10-20 07:40:00,8.3573,4.205,0.0008000000000000007
EWR-1,10/20/2025,07:50:00 am,0,2025-10-20 07:50:00,8.3573,4.197,0.0008000000000000007
EWR-1,10/20/2025,08:00:00 am,0,2025-10-20 08:00:00,8.3584,4.189,0.0006999999999999674
EWR-1,10/20/2025,08:10:00 am,0,2025-10-20 08:10:00,8.3598,4.182,0.0007000000000000562
EWR-1,10/20/2025,08:20:00 am,0,2025-10-20 08:20:00,8.3606,4.175,0.0006000000000000227
EWR-1,10/20/2025,08:30:00 am,0,2025-10-20 08:30:00,8.363,4.169,0.0006999999999999674
EWR-1,10/20/2025,08:40:00 am,0,2025-10-20 08:40:00,8.363,4.162,0.0004999999999999894
EWR-1,10/20/2025,08:50:00 am,0,2025-10-20 08:50:00,8.3633,4.157,0.0006000000000000227
EWR-1,10/20/2025,09:00:00 am,0,2025-10-20 09:00:00,8.3641,4.151,0.0004999999999999894
EWR-1,10/20/2025,09:10:00 am,0,2025-10-20 09:10:00,8.3649,4.146,0.00039999999999995595
EWR-1,10/20/2025,09:20:00 am,0,2025-10-20 09:20:00,8.365,4.142,0.0005000000000000782
EWR-1,10/20/2025,09:30:00 am,0,2025-10-20 09:30:00,8.3652,4.137,0.0004999999999999894
EWR-1,10/20/2025,09:40:00 am,0,2025-10-20 09:40:00,8.3652,4.132,0.00039999999999995595
EWR-1,10/20/2025,09:50:00 am,0,2025-10-20 09:50:00,8.3661,4.128,0.00030000000000001136
EWR-1,10/20/2025,10:00:00 am,0,2025-10-20 10:00:00,8.3669,4.125,0.00030000000000001136
EWR-1,10/20/2025,10:10:00 am,0,2025-10-20 10:10:00,8.3669,4.122,0.00030000000000001136
EWR-1,10/20/2025,10:20:00 am,0,2025-10-20 10:20:00,8.3667,4.119,0.00030000000000001136
EWR-1,10/20/2025,10:30:00 am,0,2025-10-20 10:30:00,8.367,4.116,0.00039999999999995595
EWR-1,10/20/2025,10:40:00 am,0,2025-10-20 10:40:00,8.3672,4.112,0.00019999999999997797
EWR-1,10/20/2025,10:50:00 am,0,2025-10-20 10:50:00,8.3671,4.11,0.0002000000000000668
EWR-1,10/20/2025,11:00:00 am,0,2025-10-20 11:00:00,8.3671,4.108,0.00019999999999997797
EWR-1,10/20/2025,11:10:00 am,0,2025-10-20 11:10:00,8.367,4.106,9.999999999994457e-05
EWR-1,10/20/2025,11:20:00 am,0,2025-10-20 11:20:00,8.3665,4.105,0.0
EWR-1,10/20/2025,11:30:00 am,0,2025-10-20 11:30:00,8.3669,4.105,9.999999999994457e-05
EWR-1,10/20/2025,11:40:00 am,0,2025-10-20 11:40:00,8.3664,4.106,0.0001000000000000334
EWR-1,10/20/2025,11:50:00 am,0,2025-10-20 11:50:00,8.366,4.107,0.00019999999999997797
EWR-1,10/20/2025,12:00:00 pm,0,2025-10-20 12:00:00,8.3659,4.109,0.00019999999999997797
EWR-1,10/20/2025,12:10:00 pm,0,2025-10-20 12:10:00,8.3659,4.111,0.00030000000000001136
EWR-1,10/20/2025,12:20:00 pm,0,2025-10-20 12:20:00,8.3662,4.114,0.00040000000000004474
EWR-1,10/20/2025,12:30:00 pm,0,2025-10-20 12:30:00,8.3664,4.118,0.00039999999999995595
EWR-1,10/20/2025,12:40:00 pm,0,2025-10-20 12:40:00,8.3668,4.122,0.00040000000000004474
EWR-1,10/20/2025,12:50:00 pm,0,2025-10-20 12:50:00,8.3665,4.126,0.0005999999999999339
EWR-1,10/20/2025,01:00:00 pm,0,2025-10-20 13:00:00,8.3654,4.132,0.0004999999999999894
EWR-1,10/20/2025,01:10:00 pm,0,2025-10-20 13:10:00,8.365,4.137,0.0007000000000000562
EWR-1,10/20/2025,01:20:00 pm,0,2025-10-20 13:20:00,8.3643,4.144,0.0004999999999999894
EWR-1,10/20/2025,01:30:00 pm,0,2025-10-20 13:30:00,8.3642,4.149,0.0006000000000000227
EWR-1,10/20/2025,01:40:00 pm,0,2025-10-20 13:40:00,8.3632,4.155,0.0004999999999999894
EWR-1,10/20/2025,01:50:00 pm,0,2025-10-20 13:50:00,8.3629,4.16,0.0006000000000000227
EWR-1,10/20/2025,02:00:00 pm,0,2025-10-20 14:00:00,8.3625,4.166,0.0005999999999999339
EWR-1,10/20/2025,02:10:00 pm,0,2025-10-20 14:10:00,8.3619,4.172,0.0007000000000000562
EWR-1,10/20/2025,02:20:00 pm,0,2025-10-20 14:20:00,8.3612,4.179,0.0008999999999999453
EWR-1,10/20/2025,02:30:00 pm,0,2025-10-20 14:30:00,8.3605,4.188,0.0009000000000000341
EWR-1,10/20/2025,02:40:00 pm,0,2025-10-20 14:40:00,8.3597,4.197,0.0009000000000000341
EWR-1,10/20/2025,02:50:00 pm,0,2025-10-20 14:50:00,8.3591,4.206,0.0011999999999999567
EWR-1,10/20/2025,03:00:00 pm,0,2025-10-20 15:00:00,8.3588,4.218,0.0009999999999999788
EWR-1,10/20/2025,03:10:00 pm,0,2025-10-20 15:10:00,8.3584,4.228,0.0010000000000000675
EWR-1,10/20/2025,03:20:00 pm,0,2025-10-20 15:20:00,8.3581,4.238,0.005499999999999972
EWR-1,10/20/2025,03:30:00 pm,0,2025-10-20 15:30:00,8.3606,4.293,0.007399999999999985
EWR-1,10/20/2025,03:40:00 pm,0,2025-10-20 15:40:00,8.3617,4.367,0.0014000000000000234
EWR-1,10/20/2025,03:50:00 pm,0,2025-10-20 15:50:00,8.3612,4.353,0.0
EWR-1,10/20/2025,04:00:00 pm,0,2025-10-20 16:00:00,8.3611,4.353,0.0001000000000000334
EWR-1,10/20/2025,04:10:00 pm,0,2025-10-20 16:10:00,8.3604,4.354,0.00030000000000001136
EWR-1,10/20/2025,04:20:00 pm,0,2025-10-20 16:20:00,8.3596,4.357,0.0004999999999999894
EWR-1,10/20/2025,04:30:00 pm,0,2025-10-20 16:30:00,8.3595,4.362,0.0006999999999999674
EWR-1,10/20/2025,04:40:00 pm,0,2025-10-20 16:40:00,8.3603,4.369,0.0008000000000000007
EWR-1,10/20/2025,04:50:00 pm,0,2025-10-20 16:50:00,8.3589,4.377,0.0009999999999999788
EWR-1,10/20/2025,05:00:00 pm,0,2025-10-20 17:00:00,8.3591,4.387,0.0009000000000000341
EWR-1,10/20/2025,05:10:00 pm,0,2025-10-20 17:10:00,8.3591,4.396,0.0009000000000000341
EWR-1,10/20/2025,05:20:00 pm,0,2025-10-20 17:20:00,8.3595,4.405,0.0006999999999999674
EWR-1,10/20/2025,05:30:00 pm,0,2025-10-20 17:30:00,8.3595,4.412,0.0004999999999999894
EWR-1,10/20/2025,05:40:00 pm,0,2025-10-20 17:40:00,8.3602,4.417,0.0006000000000000227
EWR-1,10/20/2025,05:50:00 pm,0,2025-10-20 17:50:00,8.3605,4.423,0.00039999999999995595
EWR-1,10/20/2025,06:00:00 pm,0,2025-10-20 18:00:00,8.3604,4.427,0.00040000000000004474
EWR-1,10/20/2025,06:10:00 pm,0,2025-10-20 18:10:00,8.3607,4.431,0.00019999999999997797
EWR-1,10/20/2025,06:20:00 pm,0,2025-10-20 18:20:00,8.3615,4.433,0.0001000000000000334
EWR-1,10/20/2025,06:30:00 pm,0,2025-10-20 18:30:00,8.3618,4.434,0.0
EWR-1,10/20/2025,06:40:00 pm,0,2025-10-20 18:40:00,8.3625,4.434,0.0
EWR-1,10/20/2025,06:50:00 pm,0,2025-10-20 18:50:00,8.3624,4.434,0.0
EWR-1,10/20/2025,07:00:00 pm,0,2025-10-20 19:00:00,8.3633,4.434,0.0001000000000000334
EWR-1,10/20/2025,07:10:00 pm,0,2025-10-20 19:10:00,8.3635,4.433,0.00019999999999997797
EWR-1,10/20/2025,07:20:00 pm,0,2025-10-20 19:20:00,8.3641,4.431,0.0001000000000000334
EWR-1,10/20/2025,07:30:00 pm,0,2025-10-20 19:30:00,8.3651,4.43,0.00019999999999997797
EWR-1,10/20/2025,07:40:00 pm,0,2025-10-20 19:40:00,8.3654,4.428,0.0001000000000000334
EWR-1,10/20/2025,07:50:00 pm,0,2025-10-20 19:50:00,8.3659,4.427,0.00029999999999992256
EWR-1,10/20/2025,08:00:00 pm,0,2025-10-20 20:00:00,8.3667,4.424,0.00030000000000001136
EWR-1,10/20/2025,08:10:00 pm,0,2025-10-20 20:10:00,8.3671,4.421,0.00030000000000001136
EWR-1,10/20/2025,08:20:00 pm,0,2025-10-20 20:20:00,8.367,4.418,0.00030000000000001136
EWR-1,10/20/2025,08:30:00 pm,0,2025-10-20 20:30:00,8.3671,4.415,0.00030000000000001136
EWR-1,10/20/2025,08:40:00 pm,0,2025-10-20 20:40:00,8.3682,4.412,0.00039999999999995595
EWR-1,10/20/2025,08:50:00 pm,0,2025-10-20 20:50:00,8.368,4.408,0.0005000000000000782
EWR-1,10/20/2025,09:00:00 pm,0,2025-10-20 21:00:00,8.3687,4.403,0.00039999999999995595
EWR-1,10/20/2025,09:10:00 pm,0,2025-10-20 21:10:00,8.369,4.399,0.00040000000000004474
EWR-1,10/20/2025,09:20:00 pm,0,2025-10-20 21:20:00,8.369,4.395,0.00039999999999995595
EWR-1,10/20/2025,09:30:00 pm,0,2025-10-20 21:30:00,8.3688,4.391,0.00040000000000004474
EWR-1,10/20/2025,09:40:00 pm,0,2025-10-20 21:40:00,8.369,4.387,0.00039999999999995595
EWR-1,10/20/2025,09:50:00 pm,0,2025-10-20 21:50:00,8.3699,4.383,0.0004999999999999894
EWR-1,10/20/2025,10:00:00 pm,0,2025-10-20 22:00:00,8.37,4.378,0.00040000000000004474
EWR-1,10/20/2025,10:10:00 pm,0,2025-10-20 22:10:00,8.3699,4.374,0.00039999999999995595
EWR-1,10/20/2025,10:20:00 pm,0,2025-10-20 22:20:00,8.3703,4.37,0.00040000000000004474
EWR-1,10/20/2025,10:30:00 pm,0,2025-10-20 22:30:00,8.3702,4.366,0.0004999999999999894
EWR-1,10/20/2025,10:40:00 pm,0,2025-10-20 22:40:00,8.3698,4.361,0.00039999999999995595
EWR-1,10/20/2025,10:50:00 pm,0,2025-10-20 22:50:00,8.3702,4.357,0.00030000000000001136
EWR-1,10/20/2025,11:00:00 pm,0,2025-10-20 23:00:00,8.3705,4.354,0.0004999999999999894
EWR-1,10/20/2025,11:10:00 pm,0,2025-10-20 23:10:00,8.3705,4.349,0.0006000000000000227
EWR-1,10/20/2025,11:20:00 pm,0,2025-10-20 23:20:00,8.3702,4.343,0.0004999999999999894
EWR-1,10/20/2025,11:30:00 pm,0,2025-10-20 23:30:00,8.3705,4.338,0.00040000000000004474
EWR-1,10/20/2025,11:40:00 pm,0,2025-10-20 23:40:00,8.3706,4.334,0.0005999999999999339
EWR-1,10/20/2025,11:50:00 pm,0,2025-10-20 23:50:00,8.3704,4.328,0.0006000000000000227
EWR-1,10/21/2025,12:00:00 am,0,2025-10-21 00:00:00,8.3707,4.322,0.0006000000000000227
EWR-1,10/21/2025,12:10:00 am,0,2025-10-21 00:10:00,8.3697,4.316,0.0004999999999999894
EWR-1,10/21/2025,12:20:00 am,0,2025-10-21 00:20:00,8.3693,4.311,0.0008000000000000007
EWR-1,10/21/2025,12:30:00 am,0,2025-10-21 00:30:00,8.3689,4.303,0.0006000000000000227
EWR-1,10/21/2025,12:40:00 am,0,2025-10-21 00:40:00,8.3683,4.297,0.0005999999999999339
EWR-1,10/21/2025,12:50:00 am,0,2025-10-21 00:50:00,8.3678,4.291,0.0006000000000000227
EWR-1,10/21/2025,01:00:00 am,0,2025-10-21 01:00:00,8.3672,4.285,0.0004999999999999894
EWR-1,10/21/2025,01:10:00 am,0,2025-10-21 01:10:00,8.3666,4.28,0.0006000000000000227
EWR-1,10/21/2025,01:20:00 am,0,2025-10-21 01:20:00,8.3664,4.274,0.0004999999999999894
EWR-1,10/21/2025,01:30:00 am,0,2025-10-21 01:30:00,8.3661,4.269,0.00040000000000004474
EWR-1,10/21/2025,01:40:00 am,0,2025-10-21 01:40:00,8.3655,4.265,0.0004999999999999894
EWR-1,10/21/2025,01:50:00 am,0,2025-10-21 01:50:00,8.3656,4.26,0.0006999999999999674
EWR-1,10/21/2025,02:00:00 am,0,2025-10-21 02:00:00,8.3653,4.253,0.0006000000000000227
EWR-1,10/21/2025,02:10:00 am,0,2025-10-21 02:10:00,8.3649,4.247,0.0004999999999999894
EWR-1,10/21/2025,02:20:00 am,0,2025-10-21 02:20:00,8.3644,4.242,0.0006000000000000227
EWR-1,10/21/2025,02:30:00 am,0,2025-10-21 02:30:00,8.3638,4.236,0.0004999999999999894
EWR-1,10/21/2025,02:40:00 am,0,2025-10-21 02:40:00,8.3637,4.231,0.0004999999999999894
EWR-1,10/21/2025,02:50:00 am,0,2025-10-21 02:50:00,8.3633,4.226,0.0006000000000000227
EWR-1,10/21/2025,03:00:00 am,0,2025-10-21 03:00:00,8.3629,4.22,0.0004999999999999894
EWR-1,10/21/2025,03:10:00 am,0,2025-10-21 03:10:00,8.3618,4.215,0.0006999999999999674
EWR-1,10/21/2025,03:20:00 am,0,2025-10-21 03:20:00,8.3605,4.208,0.0006000000000000227
EWR-1,10/21/2025,03:30:00 am,0,2025-10-21 03:30:00,8.3603,4.202,0.0006999999999999674
EWR-1,10/21/2025,03:40:00 am,0,2025-10-21 03:40:00,8.3601,4.195,0.0006000000000000227
EWR-1,10/21/2025,03:50:00 am,0,2025-10-21 03:50:00,8.3597,4.189,0.0006000000000000227
EWR-1,10/21/2025,04:00:00 am,0,2025-10-21 04:00:00,8.3596,4.183,0.0004999999999999894
EWR-1,10/21/2025,04:10:00 am,0,2025-10-21 04:10:00,8.3593,4.178,0.0006000000000000227
EWR-1,10/21/2025,04:20:00 am,0,2025-10-21 04:20:00,8.3586,4.172,0.0005999999999999339
EWR-1,10/21/2025,04:30:00 am,0,2025-10-21 04:30:00,8.3581,4.166,0.0006000000000000227
EWR-1,10/21/2025,04:40:00 am,0,2025-10-21 04:40:00,8.3581,4.16,0.0007000000000000562
EWR-1,10/21/2025,04:50:00 am,0,2025-10-21 04:50:00,8.3575,4.153,0.0005999999999999339
EWR-1,10/21/2025,05:00:00 am,0,2025-10-21 05:00:00,8.3576,4.147,0.0008000000000000007
EWR-1,10/21/2025,05:10:00 am,0,2025-10-21 05:10:00,8.3579,4.139,0.0007000000000000562
EWR-1,10/21/2025,05:20:00 am,0,2025-10-21 05:20:00,8.3578,4.132,0.0005999999999999339
EWR-1,10/21/2025,05:30:00 am,0,2025-10-21 05:30:00,8.3571,4.126,0.0006000000000000227
EWR-1,10/21/2025,05:40:00 am,0,2025-10-21 05:40:00,8.3566,4.12,0.0006999999999999674
EWR-1,10/21/2025,05:50:00 am,0,2025-10-21 05:50:00,8.3567,4.113,0.0006000000000000227
EWR-1,10/21/2025,06:00:00 am,0,2025-10-21 06:00:00,8.3566,4.107,0.0004999999999999894
EWR-1,10/21/2025,06:10:00 am,0,2025-10-21 06:10:00,8.356,4.102,0.0007000000000000562
EWR-1,10/21/2025,06:20:00 am,0,2025-10-21 06:20:00,8.3566,4.095,0.0004999999999999894
EWR-1,10/21/2025,06:30:00 am,0,2025-10-21 06:30:00,8.3565,4.09,0.0006999999999999674
EWR-1,10/21/2025,06:40:00 am,0,2025-10-21 06:40:00,8.3567,4.083,0.0004999999999999894
EWR-1,10/21/2025,06:50:00 am,0,2025-10-21 06:50:00,8.3563,4.078,0.0007000000000000562
EWR-1,10/21/2025,07:00:00 am,0,2025-10-21 07:00:00,8.3561,4.071,0.0005999999999999339
EWR-1,10/21/2025,07:10:00 am,0,2025-10-21 07:10:00,8.3564,4.065,0.0006000000000000227
EWR-1,10/21/2025,07:20:00 am,0,2025-10-21 07:20:00,8.3565,4.059,0.0004999999999999894
EWR-1,10/21/2025,07:30:00 am,0,2025-10-21 07:30:00,8.3568,4.054,0.0006000000000000227
EWR-1,10/21/2025,07:40:00 am,0,2025-10-21 07:40:00,8.3572,4.048,0.00040000000000004474
EWR-1,10/21/2025,07:50:00 am,0,2025-10-21 07:50:00,8.3577,4.044,0.0005999999999999339
EWR-1,10/21/2025,08:00:00 am,0,2025-10-21 08:00:00,8.3582,4.038,0.0006000000000000227
EWR-1,10/21/2025,08:10:00 am,0,2025-10-21 08:10:00,8.3584,4.032,0.0006000000000000227
EWR-1,10/21/2025,08:20:00 am,0,2025-10-21 08:20:00,8.3582,4.026,0.00039999999999995595
EWR-1,10/21/2025,08:30:00 am,0,2025-10-21 08:30:00,8.3584,4.022,0.0004999999999999894
EWR-1,10/21/2025,08:40:00 am,0,2025-10-21 08:40:00,8.3588,4.017,0.0005000000000000782
EWR-1,10/21/2025,08:50:00 am,0,2025-10-21 08:50:00,8.3593,4.012,0.00039999999999995595
EWR-1,10/21/2025,09:00:00 am,0,2025-10-21 09:00:00,8.3596,4.008,0.0004999999999999894
EWR-1,10/21/2025,09:10:00 am,0,2025-10-21 09:10:00,8.36,4.003,0.0004999999999999894
EWR-1,10/21/2025,09:20:00 am,0,2025-10-21 09:20:00,8.3593,3.998,0.00030000000000001136
EWR-1,10/21/2025,09:30:00 am,0,2025-10-21 09:30:00,8.3586,3.995,0.00030000000000001136
EWR-1,10/21/2025,09:40:00 am,0,2025-10-21 09:40:00,8.3584,3.992,0.00030000000000001136
EWR-1,10/21/2025,09:50:00 am,0,2025-10-21 09:50:00,8.3586,3.989,0.00029999999999996696
EWR-1,10/21/2025,10:00:00 am,0,2025-10-21 10:00:00,8.3586,3.986,0.00030000000000001136
EWR-1,10/21/2025,10:10:00 am,0,2025-10-21 10:10:00,8.3587,3.983,0.00030000000000001136
EWR-1,10/21/2025,10:20:00 am,0,2025-10-21 10:20:00,8.3581,3.98,0.00019999999999997797
EWR-1,10/21/2025,10:30:00 am,0,2025-10-21 10:30:00,8.3579,3.978,0.00040000000000000034
EWR-1,10/21/2025,10:40:00 am,0,2025-10-21 10:40:00,8.3574,3.974,0.00030000000000001136
EWR-1,10/21/2025,10:50:00 am,0,2025-10-21 10:50:00,8.3572,3.971,0.00030000000000001136
EWR-1,10/21/2025,11:00:00 am,0,2025-10-21 11:00:00,8.3568,3.968,0.00040000000000000034
EWR-1,10/21/2025,11:10:00 am,0,2025-10-21 11:10:00,8.356,3.964,0.00019999999999997797
EWR-1,10/21/2025,11:20:00 am,0,2025-10-21 11:20:00,8.3556,3.962,0.00019999999999997797
EWR-1,10/21/2025,11:30:00 am,0,2025-10-21 11:30:00,8.3552,3.964,0.0
EWR-1,10/21/2025,11:40:00 am,0,2025-10-21 11:40:00,8.3543,3.964,0.0
EWR-1,10/21/2025,11:50:00 am,0,2025-10-21 11:50:00,8.3538,3.964,0.00019999999999997797
EWR-1,10/21/2025,12:00:00 pm,0,2025-10-21 12:00:00,8.3522,3.962,0.00020000000000002237
EWR-1,10/21/2025,12:10:00 pm,0,2025-10-21 12:10:00,8.3519,3.96,0.00019999999999997797
EWR-1,10/21/2025,12:20:00 pm,0,2025-10-21 12:20:00,8.3505,3.958,9.999999999998899e-05
EWR-1,10/21/2025,12:30:00 pm,0,2025-10-21 12:30:00,8.3494,3.959,0.00019999999999997797
EWR-1,10/21/2025,12:40:00 pm,0,2025-10-21 12:40:00,8.3491,3.961,0.00040000000000000034
EWR-1,10/21/2025,12:50:00 pm,0,2025-10-21 12:50:00,8.3477,3.965,0.0005000000000000337
EWR-1,10/21/2025,01:00:00 pm,0,2025-10-21 13:00:00,8.3462,3.97,0.0005999999999999784
EWR-1,10/21/2025,01:10:00 pm,0,2025-10-21 13:10:00,8.3455,3.976,0.0004999999999999894
EWR-1,10/21/2025,01:20:00 pm,0,2025-10-21 13:20:00,8.3449,3.981,0.0005000000000000337
EWR-1,10/21/2025,01:30:00 pm,0,2025-10-21 13:30:00,8.3448,3.986,0.00040000000000000034
EWR-1,10/21/2025,01:40:00 pm,0,2025-10-21 13:40:00,8.3442,3.99,9.999999999998899e-05
EWR-1,10/21/2025,01:50:00 pm,0,2025-10-21 13:50:00,8.3435,3.991,0.00040000000000000034
EWR-1,10/21/2025,02:00:00 pm,0,2025-10-21 14:00:00,8.3426,3.995,0.00040000000000000034
EWR-1,10/21/2025,02:10:00 pm,0,2025-10-21 14:10:00,8.3422,3.999,0.0004999999999999449
EWR-1,10/21/2025,02:20:00 pm,0,2025-10-21 14:20:00,8.3412,4.004,0.0007000000000000562
EWR-1,10/21/2025,02:30:00 pm,0,2025-10-21 14:30:00,8.3403,4.011,0.0008999999999999453
EWR-1,10/21/2025,02:40:00 pm,0,2025-10-21 14:40:00,8.3393,4.02,0.0009000000000000341
EWR-1,10/21/2025,02:50:00 pm,0,2025-10-21 14:50:00,8.3384,4.029,0.001100000000000012
EWR-1,10/21/2025,03:00:00 pm,0,2025-10-21 15:00:00,8.338,4.04,0.001100000000000012
EWR-1,10/21/2025,03:10:00 pm,0,2025-10-21 15:10:00,8.3371,4.051,0.001100000000000012
EWR-1,10/21/2025,03:20:00 pm,0,2025-10-21 15:20:00,8.3363,4.062,0.0011999999999999567
EWR-1,10/21/2025,03:30:00 pm,0,2025-10-21 15:30:00,8.3355,4.074,0.001100000000000012
EWR-1,10/21/2025,03:40:00 pm,0,2025-10-21 15:40:00,8.3346,4.085,0.00129999999999999
EWR-1,10/21/2025,03:50:00 pm,0,2025-10-21 15:50:00,8.3344,4.098,0.0009999999999999788
EWR-1,10/21/2025,04:00:00 pm,0,2025-10-21 16:00:00,8.3337,4.108,0.0008000000000000007
EWR-1,10/21/2025,04:10:00 pm,0,2025-10-21 16:10:00,8.333,4.116,0.0008000000000000007
EWR-1,10/21/2025,04:20:00 pm,0,2025-10-21 16:20:00,8.3326,4.124,0.0008000000000000007
EWR-1,10/21/2025,04:30:00 pm,0,2025-10-21 16:30:00,8.3323,4.132,0.0008000000000000007
EWR-1,10/21/2025,04:40:00 pm,0,2025-10-21 16:40:00,8.3314,4.14,0.0010000000000000675
EWR-1,10/21/2025,04:50:00 pm,0,2025-10-21 16:50:00,8.3306,4.15,0.0011999999999999567
EWR-1,10/21/2025,05:00:00 pm,0,2025-10-21 17:00:00,8.33,4.162,0.0012000000000000454
EWR-1,10/21/2025,05:10:00 pm,0,2025-10-21 17:10:00,8.329,4.174,0.0008999999999999453
EWR-1,10/21/2025,05:20:00 pm,0,2025-10-21 17:20:00,8.328,4.183,0.0009000000000000341
EWR-1,10/21/2025,05:30:00 pm,0,2025-10-21 17:30:00,8.3277,4.192,0.0006999999999999674
EWR-1,10/21/2025,05:40:00 pm,0,2025-10-21 17:40:00,8.3273,4.199,0.0006000000000000227
EWR-1,10/21/2025,05:50:00 pm,0,2025-10-21 17:50:00,8.327,4.205,0.00039999999999995595
EWR-1,10/21/2025,06:00:00 pm,0,2025-10-21 18:00:00,8.3266,4.209,0.0002000000000000668
EWR-1,10/21/2025,06:10:00 pm,0,2025-10-21 18:10:00,8.3268,4.211,9.999999999994457e-05
EWR-1,10/21/2025,06:20:00 pm,0,2025-10-21 18:20:00,8.3278,4.212,0.0001000000000000334
EWR-1,10/21/2025,06:30:00 pm,0,2025-10-21 18:30:00,8.3289,4.213,0.0001000000000000334
EWR-1,10/21/2025,06:40:00 pm,0,2025-10-21 18:40:00,8.3294,4.214,0.0
EWR-1,10/21/2025,06:50:00 pm,0,2025-10-21 18:50:00,8.3296,4.214,0.0002000000000000668
EWR-1,10/21/2025,07:00:00 pm,0,2025-10-21 19:00:00,8.3305,4.212,9.999999999994457e-05
EWR-1,10/21/2025,07:10:00 pm,0,2025-10-21 19:10:00,8.3315,4.211,0.00040000000000004474
EWR-1,10/21/2025,07:20:00 pm,0,2025-10-21 19:20:00,8.3324,4.207,9.999999999994457e-05
EWR-1,10/21/2025,07:30:00 pm,0,2025-10-21 19:30:00,8.3332,4.206,0.0002000000000000668
EWR-1,10/21/2025,07:40:00 pm,0,2025-10-21 19:40:00,8.3339,4.204,0.00030000000000001136
EWR-1,10/21/2025,07:50:00 pm,0,2025-10-21 19:50:00,8.3338,4.201,0.00029999999999992256
EWR-1,10/21/2025,08:00:00 pm,0,2025-10-21 20:00:00,8.3338,4.198,0.0002000000000000668
EWR-1,10/21/2025,08:10:00 pm,0,2025-10-21 20:10:00,8.3341,4.196,0.00030000000000001136
EWR-1,10/21/2025,08:20:00 pm,0,2025-10-21 20:20:00,8.3336,4.193,0.00029999999999992256
EWR-1,10/21/2025,08:30:00 pm,0,2025-10-21 20:30:00,8.3339,4.19,0.00040000000000004474
EWR-1,10/21/2025,08:40:00 pm,0,2025-10-21 20:40:00,8.3337,4.186,0.00030000000000001136
EWR-1,10/21/2025,08:50:00 pm,0,2025-10-21 20:50:00,8.3327,4.183,0.00030000000000001136
EWR-1,10/21/2025,09:00:00 pm,0,2025-10-21 21:00:00,8.3329,4.18,0.00030000000000001136
EWR-1,10/21/2025,09:10:00 pm,0,2025-10-21 21:10:00,8.3329,4.177,0.00029999999999992256
EWR-1,10/21/2025,09:20:00 pm,0,2025-10-21 21:20:00,8.3329,4.174,0.00040000000000004474
EWR-1,10/21/2025,09:30:00 pm,0,2025-10-21 21:30:00,8.3334,4.17,0.00030000000000001136
EWR-1,10/21/2025,09:40:00 pm,0,2025-10-21 21:40:00,8.3325,4.167,0.00030000000000001136
EWR-1,10/21/2025,09:50:00 pm,0,2025-10-21 21:50:00,8.3319,4.164,0.00030000000000001136
EWR-1,10/21/2025,10:00:00 pm,0,2025-10-21 22:00:00,8.3326,4.161,0.00039999999999995595
EWR-1,10/21/2025,10:10:00 pm,0,2025-10-21 22:10:00,8.3329,4.157,0.00030000000000001136
EWR-1,10/21/2025,10:20:00 pm,0,2025-10-21 22:20:00,8.333,4.154,0.00039999999999995595
EWR-1,10/21/2025,10:30:00 pm,0,2025-10-21 22:30:00,8.3322,4.15,0.0002000000000000668
EWR-1,10/21/2025,10:40:00 pm,0,2025-10-21 22:40:00,8.3325,4.148,0.00039999999999995595
EWR-1,10/21/2025,10:50:00 pm,0,2025-10-21 22:50:00,8.3326,4.144,0.00040000000000004474
EWR-1,10/21/2025,11:00:00 pm,0,2025-10-21 23:00:00,8.3322,4.14,0.00039999999999995595
EWR-1,10/21/2025,11:10:00 pm,0,2025-10-21 23:10:00,8.3322,4.136,0.00040000000000004474
EWR-1,10/21/2025,11:20:00 pm,0,2025-10-21 23:20:00,8.3319,4.132,0.00039999999999995595
EWR-1,10/21/2025,11:30:00 pm,0,2025-10-21 23:30:00,8.3315,4.128,0.00030000000000001136
EWR-1,10/21/2025,11:40:00 pm,0,2025-10-21 23:40:00,8.3308,4.125,0.00039999999999995595
EWR-1,10/21/2025,11:50:00 pm,0,2025-10-21 23:50:00,8.3303,4.121,0.00040000000000004474
EWR-1,10/22/2025,12:00:00 am,0,2025-10-22 00:00:00,8.3299,4.117,0.00039999999999995595
EWR-1,10/22/2025,12:10:00 am,0,2025-10-22 00:10:00,8.3301,4.113,0.00040000000000004474
EWR-1,10/22/2025,12:20:00 am,0,2025-10-22 00:20:00,8.3301,4.109,0.00019999999999997797
EWR-1,10/22/2025,12:30:00 am,0,2025-10-22 00:30:00,8.3296,4.107,0.00040000000000004474
EWR-1,10/22/2025,12:40:00 am,0,2025-10-22 00:40:00,8.33,4.103,0.00039999999999995595
EWR-1,10/22/2025,12:50:00 am,0,2025-10-22 00:50:00,8.3299,4.099,0.00040000000000004474
EWR-1,10/22/2025,01:00:00 am,0,2025-10-22 01:00:00,8.3288,4.095,0.00039999999999995595
EWR-1,10/22/2025,01:10:00 am,0,2025-10-22 01:10:00,8.3284,4.091,0.00030000000000001136
EWR-1,10/22/2025,01:20:00 am,0,2025-10-22 01:20:00,8.3282,4.088,0.00030000000000001136
EWR-1,10/22/2025,01:30:00 am,0,2025-10-22 01:30:00,8.3285,4.085,0.00030000000000001136
EWR-1,10/22/2025,01:40:00 am,0,2025-10-22 01:40:00,8.3283,4.082,0.0004999999999999894
EWR-1,10/22/2025,01:50:00 am,0,2025-10-22 01:50:00,8.3282,4.077,0.00030000000000001136
EWR-1,10/22/2025,02:00:00 am,0,2025-10-22 02:00:00,8.3277,4.074,0.00030000000000001136
EWR-1,10/22/2025,02:10:00 am,0,2025-10-22 02:10:00,8.3266,4.071,0.00030000000000001136
EWR-1,10/22/2025,02:20:00 am,0,2025-10-22 02:20:00,8.3268,4.068,0.00039999999999995595
EWR-1,10/22/2025,02:30:00 am,0,2025-10-22 02:30:00,8.3276,4.064,0.00040000000000004474
EWR-1,10/22/2025,02:40:00 am,0,2025-10-22 02:40:00,8.3273,4.06,0.00029999999999992256
EWR-1,10/22/2025,02:50:00 am,0,2025-10-22 02:50:00,8.3268,4.057,0.0005000000000000782
EWR-1,10/22/2025,03:00:00 am,0,2025-10-22 03:00:00,8.3262,4.052,0.00039999999999995595
EWR-1,10/22/2025,03:10:00 am,0,2025-10-22 03:10:00,8.3252,4.048,0.00030000000000001136
EWR-1,10/22/2025,03:20:00 am,0,2025-10-22 03:20:00,8.3246,4.045,0.00030000000000001136
EWR-1,10/22/2025,03:30:00 am,0,2025-10-22 03:30:00,8.3238,4.042,0.00019999999999997797
EWR-1,10/22/2025,03:40:00 am,0,2025-10-22 03:40:00,8.3242,4.04,0.00030000000000001136
EWR-1,10/22/2025,03:50:00 am,0,2025-10-22 03:50:00,8.3233,4.037,0.00019999999999997797
EWR-1,10/22/2025,04:00:00 am,0,2025-10-22 04:00:00,8.3227,4.035,0.00030000000000001136
EWR-1,10/22/2025,04:10:00 am,0,2025-10-22 04:10:00,8.3218,4.032,0.00019999999999997797
EWR-1,10/22/2025,04:20:00 am,0,2025-10-22 04:20:00,8.3205,4.03,0.00030000000000001136
EWR-1,10/22/2025,04:30:00 am,0,2025-10-22 04:30:00,8.3191,4.027,0.00030000000000001136
EWR-1,10/22/2025,04:40:00 am,0,2025-10-22 04:40:00,8.32,4.024,0.00019999999999997797
EWR-1,10/22/2025,04:50:00 am,0,2025-10-22 04:50:00,8.3192,4.022,0.00040000000000004474
EWR-1,10/22/2025,05:00:00 am,0,2025-10-22 05:00:00,8.3192,4.018,0.00019999999999997797
EWR-1,10/22/2025,05:10:00 am,0,2025-10-22 05:10:00,8.3199,4.016,0.00030000000000001136
EWR-1,10/22/2025,05:20:00 am,0,2025-10-22 05:20:00,8.3199,4.013,0.00019999999999997797
EWR-1,10/22/2025,05:30:00 am,0,2025-10-22 05:30:00,8.3198,4.011,0.00019999999999997797
EWR-1,10/22/2025,05:40:00 am,0,2025-10-22 05:40:00,8.3204,4.009,0.0002000000000000668
EWR-1,10/22/2025,05:50:00 am,0,2025-10-22 05:50:00,8.3202,4.007,0.00030000000000001136
EWR-1,10/22/2025,06:00:00 am,0,2025-10-22 06:00:00,8.3208,4.004,0.00019999999999997797
EWR-1,10/22/2025,06:10:00 am,0,2025-10-22 06:10:00,8.3229,4.002,9.999999999994457e-05
EWR-1,10/22/2025,06:20:00 am,0,2025-10-22 06:20:00,8.3225,4.001,0.0001000000000000334
EWR-1,10/22/2025,06:30:00 am,0,2025-10-22 06:30:00,8.3249,4.0,0.00019999999999997797
EWR-1,10/22/2025,06:40:00 am,0,2025-10-22 06:40:00,8.3256,3.998,0.0
EWR-1,10/22/2025,06:50:00 am,0,2025-10-22 06:50:00,8.3245,3.998,0.00020000000000002237
EWR-1,10/22/2025,07:00:00 am,0,2025-10-22 07:00:00,8.3219,3.996,9.999999999998899e-05
EWR-1,10/22/2025,07:10:00 am,0,2025-10-22 07:10:00,8.3194,3.995,9.999999999998899e-05
EWR-1,10/22/2025,07:20:00 am,0,2025-10-22 07:20:00,8.3188,3.994,0.0001000000000000334
EWR-1,10/22/2025,07:30:00 am,0,2025-10-22 07:30:00,8.3196,3.993,0.00019999999999997797
EWR-1,10/22/2025,07:40:00 am,0,2025-10-22 07:40:00,8.3205,3.991,0.00020000000000002237
EWR-1,10/22/2025,07:50:00 am,0,2025-10-22 07:50:00,8.3221,3.989,9.999999999998899e-05
EWR-1,10/22/2025,08:00:00 am,0,2025-10-22 08:00:00,8.3234,3.988,9.999999999998899e-05
EWR-1,10/22/2025,08:10:00 am,0,2025-10-22 08:10:00,8.325,3.987,0.00020000000000002237
EWR-1,10/22/2025,08:20:00 am,0,2025-10-22 08:20:00,8.3262,3.985,0.0
EWR-1,10/22/2025,08:30:00 am,0,2025-10-22 08:30:00,8.327,3.985,0.00029999999999996696
EWR-1,10/22/2025,08:40:00 am,0,2025-10-22 08:40:00,8.3285,3.982,0.0
EWR-1,10/22/2025,08:50:00 am,0,2025-10-22 08:50:00,8.3305,3.982,0.00020000000000002237
EWR-1,10/22/2025,09:00:00 am,0,2025-10-22 09:00:00,8.3316,3.98,0.0
EWR-1,10/22/2025,09:10:00 am,0,2025-10-22 09:10:00,8.332,3.98,9.999999999998899e-05
EWR-1,10/22/2025,09:20:00 am,0,2025-10-22 09:20:00,8.333,3.981,0.0
EWR-1,10/22/2025,09:30:00 am,0,2025-10-22 09:30:00,8.3324,3.981,0.0
EWR-1,10/22/2025,09:40:00 am,0,2025-10-22 09:40:00,8.3322,3.981,0.0001000000000000334
EWR-1,10/22/2025,09:50:00 am,0,2025-10-22 09:50:00,8.3327,3.982,0.00019999999999997797
EWR-1,10/22/2025,10:00:00 am,0,2025-10-22 10:00:00,8.332,3.984,0.00020000000000002237
EWR-1,10/22/2025,10:10:00 am,0,2025-10-22 10:10:00,8.3325,3.986,0.00019999999999997797
EWR-1,10/22/2025,10:20:00 am,0,2025-10-22 10:20:00,8.3324,3.988,0.00020000000000002237
EWR-1,10/22/2025,10:30:00 am,0,2025-10-22 10:30:00,8.3325,3.99,0.00040000000000000034
EWR-1,10/22/2025,10:40:00 am,0,2025-10-22 10:40:00,8.3321,3.994,0.00029999999999996696
EWR-1,10/22/2025,10:50:00 am,0,2025-10-22 10:50:00,8.3322,3.997,0.00040000000000004474
EWR-1,10/22/2025,11:00:00 am,0,2025-10-22 11:00:00,8.3325,4.001,0.0004999999999999894
EWR-1,10/22/2025,11:10:00 am,0,2025-10-22 11:10:00,8.332,4.006,0.0004999999999999894
EWR-1,10/22/2025,11:20:00 am,0,2025-10-22 11:20:00,8.3311,4.011,0.0006000000000000227
EWR-1,10/22/2025,11:30:00 am,0,2025-10-22 11:30:00,8.3308,4.017,0.0005999999999999339
EWR-1,10/22/2025,11:40:00 am,0,2025-10-22 11:40:00,8.3301,4.023,0.0006000000000000227
EWR-1,10/22/2025,11:50:00 am,0,2025-10-22 11:50:00,8.3295,4.029,0.0006000000000000227
EWR-1,10/22/2025,12:00:00 pm,0,2025-10-22 12:00:00,8.3294,4.035,0.0008000000000000007
EWR-1,10/22/2025,12:10:00 pm,0,2025-10-22 12:10:00,8.3282,4.043,0.0006999999999999674
EWR-1,10/22/2025,12:20:00 pm,0,2025-10-22 12:20:00,8.3269,4.05,0.0007000000000000562
EWR-1,10/22/2025,12:30:00 pm,0,2025-10-22 12:30:00,8.3261,4.057,0.0008999999999999453
EWR-1,10/22/2025,12:40:00 pm,0,2025-10-22 12:40:00,8.3254,4.066,0.0008000000000000007
EWR-1,10/22/2025,12:50:00 pm,0,2025-10-22 12:50:00,8.3249,4.074,0.0009000000000000341
EWR-1,10/22/2025,01:00:00 pm,0,2025-10-22 13:00:00,8.325,4.083,0.001100000000000012
EWR-1,10/22/2025,01:10:00 pm,0,2025-10-22 13:10:00,8.325,4.094,0.0011999999999999567
EWR-1,10/22/2025,01:20:00 pm,0,2025-10-22 13:20:00,8.3248,4.106,0.0012000000000000454
EWR-1,10/22/2025,01:30:00 pm,0,2025-10-22 13:30:00,8.3251,4.118,0.0011999999999999567
EWR-1,10/22/2025,01:40:00 pm,0,2025-10-22 13:40:00,8.3251,4.13,0.0012000000000000454
EWR-1,10/22/2025,01:50:00 pm,0,2025-10-22 13:50:00,8.3244,4.142,0.0011999999999999567
EWR-1,10/22/2025,02:00:00 pm,0,2025-10-22 14:00:00,8.3243,4.154,0.001100000000000012
EWR-1,10/22/2025,02:10:00 pm,0,2025-10-22 14:10:00,8.324,4.165,0.00129999999999999
EWR-1,10/22/2025,02:20:00 pm,0,2025-10-22 14:20:00,8.3243,4.178,0.0012000000000000454
EWR-1,10/22/2025,02:30:00 pm,0,2025-10-22 14:30:00,8.324,4.19,0.0011999999999999567
EWR-1,10/22/2025,02:40:00 pm,0,2025-10-22 14:40:00,8.324,4.202,0.0012000000000000454
EWR-1,10/22/2025,02:50:00 pm,0,2025-10-22 14:50:00,8.3238,4.214,0.0011999999999999567
EWR-1,10/22/2025,03:00:00 pm,0,2025-10-22 15:00:00,8.3239,4.226,0.00129999999999999
EWR-1,10/22/2025,03:10:00 pm,0,2025-10-22 15:10:00,8.3242,4.239,0.0012000000000000454
EWR-1,10/22/2025,03:20:00 pm,0,2025-10-22 15:20:00,8.3247,4.251,0.00129999999999999
EWR-1,10/22/2025,03:30:00 pm,0,2025-10-22 15:30:00,8.3251,4.264,0.0011999999999999567
EWR-1,10/22/2025,03:40:00 pm,0,2025-10-22 15:40:00,8.3264,4.276,0.00129999999999999
EWR-1,10/22/2025,03:50:00 pm,0,2025-10-22 15:50:00,8.3265,4.289,0.00129999999999999
EWR-1,10/22/2025,04:00:00 pm,0,2025-10-22 16:00:00,8.3266,4.302,0.0012000000000000454
EWR-1,10/22/2025,04:10:00 pm,0,2025-10-22 16:10:00,8.3272,4.314,0.00129999999999999
EWR-1,10/22/2025,04:20:00 pm,0,2025-10-22 16:20:00,8.3287,4.327,0.0012000000000000454
EWR-1,10/22/2025,04:30:00 pm,0,2025-10-22 16:30:00,8.3291,4.339,0.0011999999999999567
EWR-1,10/22/2025,04:40:00 pm,0,2025-10-22 16:40:00,8.3278,4.351,0.001100000000000012
EWR-1,10/22/2025,04:50:00 pm,0,2025-10-22 16:50:00,8.3279,4.362,0.001100000000000012
EWR-1,10/22/2025,05:00:00 pm,0,2025-10-22 17:00:00,8.3282,4.373,0.0011999999999999567
EWR-1,10/22/2025,05:10:00 pm,0,2025-10-22 17:10:00,8.3275,4.385,0.001100000000000012
EWR-1,10/22/2025,05:20:00 pm,0,2025-10-22 17:20:00,8.3282,4.396,0.0012000000000000454
EWR-1,10/22/2025,05:30:00 pm,0,2025-10-22 17:30:00,8.328,4.408,0.0008999999999999453
EWR-1,10/22/2025,05:40:00 pm,0,2025-10-22 17:40:00,8.3273,4.417,0.0009999999999999788
EWR-1,10/22/2025,05:50:00 pm,0,2025-10-22 17:50:00,8.3272,4.427,0.0010000000000000675
EWR-1,10/22/2025,06:00:00 pm,0,2025-10-22 18:00:00,8.3285,4.437,0.0008999999999999453
EWR-1,10/22/2025,06:10:00 pm,0,2025-10-22 18:10:00,8.3276,4.446,0.0008000000000000007
EWR-1,10/22/2025,06:20:00 pm,0,2025-10-22 18:20:00,8.3276,4.454,0.0008000000000000007
EWR-1,10/22/2025,06:30:00 pm,0,2025-10-22 18:30:00,8.3291,4.462,0.0007000000000000562
EWR-1,10/22/2025,06:40:00 pm,0,2025-10-22 18:40:00,8.3291,4.469,0.0006999999999999674
EWR-1,10/22/2025,06:50:00 pm,0,2025-10-22 18:50:00,8.3297,4.476,0.0008000000000000007
EWR-1,10/22/2025,07:00:00 pm,0,2025-10-22 19:00:00,8.3311,4.484,0.0006999999999999674
EWR-1,10/22/2025,07:10:00 pm,0,2025-10-22 19:10:00,8.332,4.491,0.0006000000000000227
EWR-1,10/22/2025,07:20:00 pm,0,2025-10-22 19:20:00,8.3324,4.497,0.0006999999999999674
EWR-1,10/22/2025,07:30:00 pm,0,2025-10-22 19:30:00,8.3323,4.504,0.0007000000000000562
EWR-1,10/22/2025,07:40:00 pm,0,2025-10-22 19:40:00,8.3335,4.511,0.0006999999999999674
EWR-1,10/22/2025,07:50:00 pm,0,2025-10-22 19:50:00,8.3343,4.518,0.0006000000000000227
EWR-1,10/22/2025,08:00:00 pm,0,2025-10-22 20:00:00,8.3354,4.524,0.0006000000000000227
EWR-1,10/22/2025,08:10:00 pm,0,2025-10-22 20:10:00,8.3359,4.53,0.0005999999999999339
EWR-1,10/22/2025,08:20:00 pm,0,2025-10-22 20:20:00,8.3365,4.536,0.0006000000000000227
EWR-1,10/22/2025,08:30:00 pm,0,2025-10-22 20:30:00,8.337,4.542,0.0006000000000000227
EWR-1,10/22/2025,08:40:00 pm,0,2025-10-22 20:40:00,8.338,4.548,0.0006000000000000227
EWR-1,10/22/2025,08:50:00 pm,0,2025-10-22 20:50:00,8.3383,4.554,0.0005999999999999339
EWR-1,10/22/2025,09:00:00 pm,0,2025-10-22 21:00:00,8.3389,4.56,0.0006000000000000227
EWR-1,10/22/2025,09:10:00 pm,0,2025-10-22 21:10:00,8.3394,4.566,0.0004999999999999894
EWR-1,10/22/2025,09:20:00 pm,0,2025-10-22 21:20:00,8.3409,4.571,0.0004999999999999894
EWR-1,10/22/2025,09:30:00 pm,0,2025-10-22 21:30:00,8.3416,4.576,0.0005000000000000782
EWR-1,10/22/2025,09:40:00 pm,0,2025-10-22 21:40:00,8.3418,4.581,0.0004999999999999894
EWR-1,10/22/2025,09:50:00 pm,0,2025-10-22 21:50:00,8.342,4.586,0.00039999999999995595
EWR-1,10/22/2025,10:00:00 pm,0,2025-10-22 22:00:00,8.3428,4.59,0.00040000000000004474
EWR-1,10/22/2025,10:10:00 pm,0,2025-10-22 22:10:00,8.3429,4.594,0.00039999999999995595
EWR-1,10/22/2025,10:20:00 pm,0,2025-10-22 22:20:00,8.3429,4.598,0.00019999999999997797
EWR-1,10/22/2025,10:30:00 pm,0,2025-10-22 22:30:00,8.3434,4.6,0.0002000000000000668
EWR-1,10/22/2025,10:40:00 pm,0,2025-10-22 22:40:00,8.3438,4.602,0.00019999999999997797
EWR-1,10/22/2025,10:50:00 pm,0,2025-10-22 22:50:00,8.3441,4.604,0.0001000000000000334
EWR-1,10/22/2025,11:00:00 pm,0,2025-10-22 23:00:00,8.3449,4.605,0.0
EWR-1,10/22/2025,11:10:00 pm,0,2025-10-22 23:10:00,8.3461,4.605,9.999999999994457e-05
EWR-1,10/22/2025,11:20:00 pm,0,2025-10-22 23:20:00,8.3478,4.606,9.999999999994457e-05
EWR-1,10/22/2025,11:30:00 pm,0,2025-10-22 23:30:00,8.3484,4.605,0.0
EWR-1,10/22/2025,11:40:00 pm,0,2025-10-22 23:40:00,8.3491,4.605,0.0001000000000000334
EWR-1,10/22/2025,11:50:00 pm,0,2025-10-22 23:50:00,8.3492,4.604,0.0001000000000000334
EWR-1,10/23/2025,12:00:00 am,0,2025-10-23 00:00:00,8.349,4.603,9.999999999994457e-05
EWR-1,10/23/2025,12:10:00 am,0,2025-10-23 00:10:00,8.3484,4.602,0.0002000000000000668
EWR-1,10/23/2025,12:20:00 am,0,2025-10-23 00:20:00,8.3474,4.6,0.00019999999999997797
EWR-1,10/23/2025,12:30:00 am,0,2025-10-23 00:30:00,8.3468,4.598,0.00030000000000001136
EWR-1,10/23/2025,12:40:00 am,0,2025-10-23 00:40:00,8.3474,4.595,0.00019999999999997797
EWR-1,10/23/2025,12:50:00 am,0,2025-10-23 00:50:00,8.3474,4.593,0.00019999999999997797
EWR-1,10/23/2025,01:00:00 am,0,2025-10-23 01:00:00,8.3466,4.591,0.00030000000000001136
EWR-1,10/23/2025,01:10:00 am,0,2025-10-23 01:10:00,8.3471,4.588,0.00030000000000001136
EWR-1,10/23/2025,01:20:00 am,0,2025-10-23 01:20:00,8.3473,4.585,0.00030000000000001136
EWR-1,10/23/2025,01:30:00 am,0,2025-10-23 01:30:00,8.3469,4.582,0.00039999999999995595
EWR-1,10/23/2025,01:40:00 am,0,2025-10-23 01:40:00,8.3463,4.578,0.00030000000000001136
EWR-1,10/23/2025,01:50:00 am,0,2025-10-23 01:50:00,8.3461,4.575,0.00040000000000004474
EWR-1,10/23/2025,02:00:00 am,0,2025-10-23 02:00:00,8.3463,4.571,0.00039999999999995595
EWR-1,10/23/2025,02:10:00 am,0,2025-10-23 02:10:00,8.3464,4.567,0.00040000000000004474
EWR-1,10/23/2025,02:20:00 am,0,2025-10-23 02:20:00,8.3466,4.563,0.00039999999999995595
EWR-1,10/23/2025,02:30:00 am,0,2025-10-23 02:30:00,8.3462,4.559,0.0004999999999999894
EWR-1,10/23/2025,02:40:00 am,0,2025-10-23 02:40:00,8.3455,4.554,0.0004999999999999894
EWR-1,10/23/2025,02:50:00 am,0,2025-10-23 02:50:00,8.3456,4.549,0.00040000000000004474
EWR-1,10/23/2025,03:00:00 am,0,2025-10-23 03:00:00,8.3457,4.545,0.0004999999999999894
EWR-1,10/23/2025,03:10:00 am,0,2025-10-23 03:10:00,8.3461,4.54,0.00040000000000004474
EWR-1,10/23/2025,03:20:00 am,0,2025-10-23 03:20:00,8.3464,4.536,0.0004999999999999894
EWR-1,10/23/2025,03:30:00 am,0,2025-10-23 03:30:00,8.3466,4.531,0.0004999999999999894
EWR-1,10/23/2025,03:40:00 am,0,2025-10-23 03:40:00,8.3466,4.526,0.0006000000000000227
EWR-1,10/23/2025,03:50:00 am,0,2025-10-23 03:50:00,8.3465,4.52,0.0005999999999999339
EWR-1,10/23/2025,04:00:00 am,0,2025-10-23 04:00:00,8.3456,4.514,0.0004999999999999894
EWR-1,10/23/2025,04:10:00 am,0,2025-10-23 04:10:00,8.345,4.509,0.0006000000000000227
EWR-1,10/23/2025,04:20:00 am,0,2025-10-23 04:20:00,8.3452,4.503,0.0004999999999999894
EWR-1,10/23/2025,04:30:00 am,0,2025-10-23 04:30:00,8.3454,4.498,0.0006000000000000227
EWR-1,10/23/2025,04:40:00 am,0,2025-10-23 04:40:00,8.3452,4.492,0.0004999999999999894
EWR-1,10/23/2025,04:50:00 am,0,2025-10-23 04:50:00,8.3456,4.487,0.0006000000000000227
EWR-1,10/23/2025,05:00:00 am,0,2025-10-23 05:00:00,8.3454,4.481,0.0006000000000000227
EWR-1,10/23/2025,05:10:00 am,0,2025-10-23 05:10:00,8.3453,4.475,0.0005999999999999339
EWR-1,10/23/2025,05:20:00 am,0,2025-10-23 05:20:00,8.3458,4.469,0.0006000000000000227
EWR-1,10/23/2025,05:30:00 am,0,2025-10-23 05:30:00,8.3461,4.463,0.0004999999999999894
EWR-1,10/23/2025,05:40:00 am,0,2025-10-23 05:40:00,8.347,4.458,0.0006000000000000227
EWR-1,10/23/2025,05:50:00 am,0,2025-10-23 05:50:00,8.3473,4.452,0.0006000000000000227
EWR-1,10/23/2025,06:00:00 am,0,2025-10-23 06:00:00,8.3476,4.446,0.0005999999999999339
EWR-1,10/23/2025,06:10:00 am,0,2025-10-23 06:10:00,8.348,4.44,0.0006000000000000227
EWR-1,10/23/2025,06:20:00 am,0,2025-10-23 06:20:00,8.3478,4.434,0.0004999999999999894
EWR-1,10/23/2025,06:30:00 am,0,2025-10-23 06:30:00,8.3473,4.429,0.0007000000000000562
EWR-1,10/23/2025,06:40:00 am,0,2025-10-23 06:40:00,8.3469,4.422,0.0005999999999999339
EWR-1,10/23/2025,06:50:00 am,0,2025-10-23 06:50:00,8.3473,4.416,0.0007000000000000562
EWR-1,10/23/2025,07:00:00 am,0,2025-10-23 07:00:00,8.3483,4.409,0.0006000000000000227
EWR-1,10/23/2025,07:10:00 am,0,2025-10-23 07:10:00,8.3477,4.403,0.0006999999999999674
EWR-1,10/23/2025,07:20:00 am,0,2025-10-23 07:20:00,8.3476,4.396,0.0006999999999999674
EWR-1,10/23/2025,07:30:00 am,0,2025-10-23 07:30:00,8.348,4.389,0.0007000000000000562
EWR-1,10/23/2025,07:40:00 am,0,2025-10-23 07:40:00,8.3484,4.382,0.0005999999999999339
EWR-1,10/23/2025,07:50:00 am,0,2025-10-23 07:50:00,8.3491,4.376,0.0006000000000000227
EWR-1,10/23/2025,08:00:00 am,0,2025-10-23 08:00:00,8.3497,4.37,0.0006999999999999674
EWR-1,10/23/2025,08:10:00 am,0,2025-10-23 08:10:00,8.3506,4.363,0.0007000000000000562
EWR-1,10/23/2025,08:20:00 am,0,2025-10-23 08:20:00,8.3503,4.356,0.0006000000000000227
EWR-1,10/23/2025,08:30:00 am,0,2025-10-23 08:30:00,8.3511,4.35,0.0004999999999999894
EWR-1,10/23/2025,08:40:00 am,0,2025-10-23 08:40:00,8.3509,4.345,0.0005999999999999339
EWR-1,10/23/2025,08:50:00 am,0,2025-10-23 08:50:00,8.3522,4.339,0.0005000000000000782
EWR-1,10/23/2025,09:00:00 am,0,2025-10-23 09:00:00,8.3522,4.334,0.0004999999999999894
EWR-1,10/23/2025,09:10:00 am,0,2025-10-23 09:10:00,8.3523,4.329,0.0004999999999999894
EWR-1,10/23/2025,09:20:00 am,0,2025-10-23 09:20:00,8.3521,4.324,0.0004999999999999894
EWR-1,10/23/2025,09:30:00 am,0,2025-10-23 09:30:00,8.3521,4.319,0.0004999999999999894
EWR-1,10/23/2025,09:40:00 am,0,2025-10-23 09:40:00,8.3516,4.314,0.00040000000000004474
EWR-1,10/23/2025,09:50:00 am,0,2025-10-23 09:50:00,8.352,4.31,0.00029999999999992256
EWR-1,10/23/2025,10:00:00 am,0,2025-10-23 10:00:00,8.3516,4.307,0.00030000000000001136
EWR-1,10/23/2025,10:10:00 am,0,2025-10-23 10:10:00,8.3511,4.304,0.0004999999999999894
EWR-1,10/23/2025,10:20:00 am,0,2025-10-23 10:20:00,8.3508,4.299,0.00040000000000004474
EWR-1,10/23/2025,10:30:00 am,0,2025-10-23 10:30:00,8.3506,4.295,0.00039999999999995595
EWR-1,10/23/2025,10:40:00 am,0,2025-10-23 10:40:00,8.3502,4.291,0.00040000000000004474
EWR-1,10/23/2025,10:50:00 am,0,2025-10-23 10:50:00,8.3505,4.287,0.00030000000000001136
EWR-1,10/23/2025,11:00:00 am,0,2025-10-23 11:00:00,8.3507,4.284,0.00019999999999997797
EWR-1,10/23/2025,11:10:00 am,0,2025-10-23 11:10:00,8.3508,4.282,0.0001000000000000334
EWR-1,10/23/2025,11:20:00 am,0,2025-10-23 11:20:00,8.3508,4.281,0.00019999999999997797
EWR-1,10/23/2025,11:30:00 am,0,2025-10-23 11:30:00,8.3508,4.279,0.0001000000000000334
EWR-1,10/23/2025,11:40:00 am,0,2025-10-23 11:40:00,8.3511,4.278,0.0
EWR-1,10/23/2025,11:50:00 am,0,2025-10-23 11:50:00,8.3515,4.278,0.0
EWR-1,10/23/2025,12:00:00 pm,0,2025-10-23 12:00:00,8.3516,4.278,0.0
EWR-1,10/23/2025,12:10:00 pm,0,2025-10-23 12:10:00,8.3507,4.278,0.0
EWR-1,10/23/2025,12:20:00 pm,0,2025-10-23 12:20:00,8.3504,4.278,0.0001000000000000334
EWR-1,10/23/2025,12:30:00 pm,0,2025-10-23 12:30:00,8.3505,4.279,0.00030000000000001136
EWR-1,10/23/2025,12:40:00 pm,0,2025-10-23 12:40:00,8.3502,4.282,0.00030000000000001136
EWR-1,10/23/2025,12:50:00 pm,0,2025-10-23 12:50:00,8.3493,4.285,0.0004999999999999894
EWR-1,10/23/2025,01:00:00 pm,0,2025-10-23 13:00:00,8.3492,4.29,0.0004999999999999894
EWR-1,10/23/2025,01:10:00 pm,0,2025-10-23 13:10:00,8.3484,4.295,0.00030000000000001136
EWR-1,10/23/2025,01:20:00 pm,0,2025-10-23 13:20:00,8.3471,4.298,0.0004999999999999894
EWR-1,10/23/2025,01:30:00 pm,0,2025-10-23 13:30:00,8.3464,4.303,0.0006000000000000227
EWR-1,10/23/2025,01:40:00 pm,0,2025-10-23 13:40:00,8.3459,4.309,0.00039999999999995595
EWR-1,10/23/2025,01:50:00 pm,0,2025-10-23 13:50:00,8.3445,4.313,0.0004999999999999894
EWR-1,10/23/2025,02:00:00 pm,0,2025-10-23 14:00:00,8.3437,4.318,0.0005000000000000782
EWR-1,10/23/2025,02:10:00 pm,0,2025-10-23 14:10:00,8.3434,4.323,0.0005999999999999339
EWR-1,10/23/2025,02:20:00 pm,0,2025-10-23 14:20:00,8.343,4.329,0.0007000000000000562
EWR-1,10/23/2025,02:30:00 pm,0,2025-10-23 14:30:00,8.3425,4.336,0.0008999999999999453
EWR-1,10/23/2025,02:40:00 pm,0,2025-10-23 14:40:00,8.3426,4.345,0.0009000000000000341
EWR-1,10/23/2025,02:50:00 pm,0,2025-10-23 14:50:00,8.3417,4.354,0.0009000000000000341
EWR-1,10/23/2025,03:00:00 pm,0,2025-10-23 15:00:00,8.3419,4.363,0.0009999999999999788
EWR-1,10/23/2025,03:10:00 pm,0,2025-10-23 15:10:00,8.3418,4.373,0.0008000000000000007
EWR-1,10/23/2025,03:20:00 pm,0,2025-10-23 15:20:00,8.3416,4.381,0.0008000000000000007
EWR-1,10/23/2025,03:30:00 pm,0,2025-10-23 15:30:00,8.3411,4.389,0.0008000000000000007
EWR-1,10/23/2025,03:40:00 pm,0,2025-10-23 15:40:00,8.3413,4.397,0.0008999999999999453
EWR-1,10/23/2025,03:50:00 pm,0,2025-10-23 15:50:00,8.3419,4.406,0.0007000000000000562
EWR-1,10/23/2025,04:00:00 pm,0,2025-10-23 16:00:00,8.3414,4.413,0.0006999999999999674
EWR-1,10/23/2025,04:10:00 pm,0,2025-10-23 16:10:00,8.3406,4.42,0.0006000000000000227
EWR-1,10/23/2025,04:20:00 pm,0,2025-10-23 16:20:00,8.3402,4.426,0.0006000000000000227
EWR-1,10/23/2025,04:30:00 pm,0,2025-10-23 16:30:00,8.3401,4.432,0.0005999999999999339
EWR-1,10/23/2025,04:40:00 pm,0,2025-10-23 16:40:00,8.3399,4.438,0.0007000000000000562
EWR-1,10/23/2025,04:50:00 pm,0,2025-10-23 16:50:00,8.3396,4.445,0.0008000000000000007
EWR-1,10/23/2025,05:00:00 pm,0,2025-10-23 17:00:00,8.3402,4.453,0.0006999999999999674
EWR-1,10/23/2025,05:10:00 pm,0,2025-10-23 17:10:00,8.3403,4.46,0.0008000000000000007
EWR-1,10/23/2025,05:20:00 pm,0,2025-10-23 17:20:00,8.3411,4.468,0.0006000000000000227
EWR-1,10/23/2025,05:30:00 pm,0,2025-10-23 17:30:00,8.3414,4.474,0.0006000000000000227
EWR-1,10/23/2025,05:40:00 pm,0,2025-10-23 17:40:00,8.3413,4.48,0.00039999999999995595
EWR-1,10/23/2025,05:50:00 pm,0,2025-10-23 17:50:00,8.3412,4.484,0.00040000000000004474
EWR-1,10/23/2025,06:00:00 pm,0,2025-10-23 18:00:00,8.3414,4.488,0.00019999999999997797
EWR-1,10/23/2025,06:10:00 pm,0,2025-10-23 18:10:00,8.3418,4.49,0.00019999999999997797
EWR-1,10/23/2025,06:20:00 pm,0,2025-10-23 18:20:00,8.3424,4.492,0.00019999999999997797
EWR-1,10/23/2025,06:30:00 pm,0,2025-10-23 18:30:00,8.343,4.494,0.0001000000000000334
EWR-1,10/23/2025,06:40:00 pm,0,2025-10-23 18:40:00,8.3427,4.495,0.0001000000000000334
EWR-1,10/23/2025,06:50:00 pm,0,2025-10-23 18:50:00,8.343,4.494,0.0
EWR-1,10/23/2025,07:00:00 pm,0,2025-10-23 19:00:00,8.3432,4.494,0.00019999999999997797
EWR-1,10/23/2025,07:10:00 pm,0,2025-10-23 19:10:00,8.3437,4.492,0.0001000000000000334
EWR-1,10/23/2025,07:20:00 pm,0,2025-10-23 19:20:00,8.3445,4.491,0.00019999999999997797
EWR-1,10/23/2025,07:30:00 pm,0,2025-10-23 19:30:00,8.3447,4.489,0.00019999999999997797
EWR-1,10/23/2025,07:40:00 pm,0,2025-10-23 19:40:00,8.3448,4.487,0.00019999999999997797
EWR-1,10/23/2025,07:50:00 pm,0,2025-10-23 19:50:00,8.3456,4.485,0.00030000000000001136
EWR-1,10/23/2025,08:00:00 pm,0,2025-10-23 20:00:00,8.3465,4.482,0.00019999999999997797
EWR-1,10/23/2025,08:10:00 pm,0,2025-10-23 20:10:00,8.3471,4.48,0.00040000000000004474
EWR-1,10/23/2025,08:20:00 pm,0,2025-10-23 20:20:00,8.3467,4.476,0.00030000000000001136
EWR-1,10/23/2025,08:30:00 pm,0,2025-10-23 20:30:00,8.3468,4.473,0.00039999999999995595
EWR-1,10/23/2025,08:40:00 pm,0,2025-10-23 20:40:00,8.3473,4.469,0.00040000000000004474
EWR-1,10/23/2025,08:50:00 pm,0,2025-10-23 20:50:00,8.3472,4.465,0.00030000000000001136
EWR-1,10/23/2025,09:00:00 pm,0,2025-10-23 21:00:00,8.3467,4.462,0.00039999999999995595
EWR-1,10/23/2025,09:10:00 pm,0,2025-10-23 21:10:00,8.3472,4.458,0.00040000000000004474
EWR-1,10/23/2025,09:20:00 pm,0,2025-10-23 21:20:00,8.3472,4.454,0.00039999999999995595
EWR-1,10/23/2025,09:30:00 pm,0,2025-10-23 21:30:00,8.3472,4.45,0.00040000000000004474
EWR-1,10/23/2025,09:40:00 pm,0,2025-10-23 21:40:00,8.3479,4.446,0.00039999999999995595
EWR-1,10/23/2025,09:50:00 pm,0,2025-10-23 21:50:00,8.3478,4.442,0.00040000000000004474
EWR-1,10/23/2025,10:00:00 pm,0,2025-10-23 22:00:00,8.3479,4.438,0.0004999999999999894
EWR-1,10/23/2025,10:10:00 pm,0,2025-10-23 22:10:00,8.3488,4.433,0.0004999999999999894
EWR-1,10/23/2025,10:20:00 pm,0,2025-10-23 22:20:00,8.3486,4.428,0.00039999999999995595
EWR-1,10/23/2025,10:30:00 pm,0,2025-10-23 22:30:00,8.3485,4.424,0.0005000000000000782
EWR-1,10/23/2025,10:40:00 pm,0,2025-10-23 22:40:00,8.3485,4.419,0.00039999999999995595
EWR-1,10/23/2025,10:50:00 pm,0,2025-10-23 22:50:00,8.349,4.415,0.0004999999999999894
EWR-1,10/23/2025,11:00:00 pm,0,2025-10-23 23:00:00,8.3494,4.41,0.0004999999999999894
EWR-1,10/23/2025,11:10:00 pm,0,2025-10-23 23:10:00,8.3493,4.405,0.0004999999999999894
EWR-1,10/23/2025,11:20:00 pm,0,2025-10-23 23:20:00,8.3486,4.4,0.0005000000000000782
EWR-1,10/23/2025,11:30:00 pm,0,2025-10-23 23:30:00,8.3482,4.395,0.0005999999999999339
EWR-1,10/23/2025,11:40:00 pm,0,2025-10-23 23:40:00,8.3479,4.389,0.0004999999999999894
EWR-1,10/23/2025,11:50:00 pm,0,2025-10-23 23:50:00,8.3479,4.384,0.0005000000000000782
EWR-1,10/24/2025,12:00:00 am,0,2025-10-24 00:00:00,8.347,4.379,0.0005999999999999339
EWR-1,10/24/2025,12:10:00 am,0,2025-10-24 00:10:00,8.3466,4.373,0.0004999999999999894
EWR-1,10/24/2025,12:20:00 am,0,2025-10-24 00:20:00,8.3463,4.368,0.0006000000000000227
EWR-1,10/24/2025,12:30:00 am,0,2025-10-24 00:30:00,8.3464,4.362,0.0006000000000000227
EWR-1,10/24/2025,12:40:00 am,0,2025-10-24 00:40:00,8.346,4.356,0.0004999999999999894
EWR-1,10/24/2025,12:50:00 am,0,2025-10-24 00:50:00,8.3452,4.351,0.0006000000000000227
EWR-1,10/24/2025,01:00:00 am,0,2025-10-24 01:00:00,8.3449,4.345,0.0005999999999999339
EWR-1,10/24/2025,01:10:00 am,0,2025-10-24 01:10:00,8.3449,4.339,0.0005000000000000782
EWR-1,10/24/2025,01:20:00 am,0,2025-10-24 01:20:00,8.3449,4.334,0.0006999999999999674
EWR-1,10/24/2025,01:30:00 am,0,2025-10-24 01:30:00,8.3446,4.327,0.0004999999999999894
EWR-1,10/24/2025,01:40:00 am,0,2025-10-24 01:40:00,8.3433,4.322,0.0006000000000000227
EWR-1,10/24/2025,01:50:00 am,0,2025-10-24 01:50:00,8.3426,4.316,0.0004999999999999894
EWR-1,10/24/2025,02:00:00 am,0,2025-10-24 02:00:00,8.3419,4.311,0.0006000000000000227
EWR-1,10/24/2025,02:10:00 am,0,2025-10-24 02:10:00,8.3408,4.305,0.0005999999999999339
EWR-1,10/24/2025,02:20:00 am,0,2025-10-24 02:20:00,8.3405,4.299,0.0007000000000000562
EWR-1,10/24/2025,02:30:00 am,0,2025-10-24 02:30:00,8.3405,4.292,0.0004999999999999894
EWR-1,10/24/2025,02:40:00 am,0,2025-10-24 02:40:00,8.3407,4.287,0.0006000000000000227
EWR-1,10/24/2025,02:50:00 am,0,2025-10-24 02:50:00,8.3403,4.281,0.0004999999999999894
EWR-1,10/24/2025,03:00:00 am,0,2025-10-24 03:00:00,8.34,4.276,0.0006000000000000227
EWR-1,10/24/2025,03:10:00 am,0,2025-10-24 03:10:00,8.339,4.27,0.0005999999999999339
EWR-1,10/24/2025,03:20:00 am,0,2025-10-24 03:20:00,8.338,4.264,0.0007000000000000562
EWR-1,10/24/2025,03:30:00 am,0,2025-10-24 03:30:00,8.3377,4.257,0.0006999999999999674
EWR-1,10/24/2025,03:40:00 am,0,2025-10-24 03:40:00,8.3369,4.25,0.0004999999999999894
EWR-1,10/24/2025,03:50:00 am,0,2025-10-24 03:50:00,8.3374,4.245,0.0006000000000000227
EWR-1,10/24/2025,04:00:00 am,0,2025-10-24 04:00:00,8.3372,4.239,0.0006000000000000227
EWR-1,10/24/2025,04:10:00 am,0,2025-10-24 04:10:00,8.3357,4.233,0.0005999999999999339
EWR-1,10/24/2025,04:20:00 am,0,2025-10-24 04:20:00,8.3355,4.227,0.0007000000000000562
EWR-1,10/24/2025,04:30:00 am,0,2025-10-24 04:30:00,8.3345,4.22,0.0005999999999999339
EWR-1,10/24/2025,04:40:00 am,0,2025-10-24 04:40:00,8.334,4.214,0.0007000000000000562
EWR-1,10/24/2025,04:50:00 am,0,2025-10-24 04:50:00,8.3342,4.207,0.0006000000000000227
EWR-1,10/24/2025,05:00:00 am,0,2025-10-24 05:00:00,8.3341,4.201,0.0006999999999999674
EWR-1,10/24/2025,05:10:00 am,0,2025-10-24 05:10:00,8.3336,4.194,0.0006000000000000227
EWR-1,10/24/2025,05:20:00 am,0,2025-10-24 05:20:00,8.334,4.188,0.0005999999999999339
EWR-1,10/24/2025,05:30:00 am,0,2025-10-24 05:30:00,8.3343,4.182,0.0007000000000000562
EWR-1,10/24/2025,05:40:00 am,0,2025-10-24 05:40:00,8.3343,4.175,0.0006000000000000227
EWR-1,10/24/2025,05:50:00 am,0,2025-10-24 05:50:00,8.334,4.169,0.0005999999999999339
EWR-1,10/24/2025,06:00:00 am,0,2025-10-24 06:00:00,8.3344,4.163,0.0006000000000000227
EWR-1,10/24/2025,06:10:00 am,0,2025-10-24 06:10:00,8.3341,4.157,0.0006999999999999674
EWR-1,10/24/2025,06:20:00 am,0,2025-10-24 06:20:00,8.3338,4.15,0.0006000000000000227
EWR-1,10/24/2025,06:30:00 am,0,2025-10-24 06:30:00,8.3345,4.144,0.0006000000000000227
EWR-1,10/24/2025,06:40:00 am,0,2025-10-24 06:40:00,8.334,4.138,0.0006999999999999674
EWR-1,10/24/2025,06:50:00 am,0,2025-10-24 06:50:00,8.3334,4.131,0.0007000000000000562
EWR-1,10/24/2025,07:00:00 am,0,2025-10-24 07:00:00,8.3336,4.124,0.0006999999999999674
EWR-1,10/24/2025,07:10:00 am,0,2025-10-24 07:10:00,8.3334,4.117,0.0006999999999999674
EWR-1,10/24/2025,07:20:00 am,0,2025-10-24 07:20:00,8.333,4.11,0.0007000000000000562
EWR-1,10/24/2025,07:30:00 am,0,2025-10-24 07:30:00,8.3336,4.103,0.0006999999999999674
EWR-1,10/24/2025,07:40:00 am,0,2025-10-24 07:40:00,8.3328,4.096,0.0006000000000000227
EWR-1,10/24/2025,07:50:00 am,0,2025-10-24 07:50:00,8.333,4.09,0.0006000000000000227
EWR-1,10/24/2025,08:00:00 am,0,2025-10-24 08:00:00,8.333,4.084,0.0006999999999999674
EWR-1,10/24/2025,08:10:00 am,0,2025-10-24 08:10:00,8.3328,4.077,0.0004999999999999894
EWR-1,10/24/2025,08:20:00 am,0,2025-10-24 08:20:00,8.333,4.072,0.0006999999999999674
EWR-1,10/24/2025,08:30:00 am,0,2025-10-24 08:30:00,8.3332,4.065,0.0007000000000000562
EWR-1,10/24/2025,08:40:00 am,0,2025-10-24 08:40:00,8.3341,4.058,0.0006999999999999674
EWR-1,10/24/2025,08:50:00 am,0,2025-10-24 08:50:00,8.334,4.051,0.0004999999999999894
EWR-1,10/24/2025,09:00:00 am,0,2025-10-24 09:00:00,8.3346,4.046,0.0004999999999999894
EWR-1,10/24/2025,09:10:00 am,0,2025-10-24 09:10:00,8.3345,4.041,0.00030000000000001136
EWR-1,10/24/2025,09:20:00 am,0,2025-10-24 09:20:00,8.3341,4.038,0.00040000000000004474
EWR-1,10/24/2025,09:30:00 am,0,2025-10-24 09:30:00,8.3339,4.034,0.00039999999999995595
EWR-1,10/24/2025,09:40:00 am,0,2025-10-24 09:40:00,8.3344,4.03,0.00040000000000004474
EWR-1,10/24/2025,09:50:00 am,0,2025-10-24 09:50:00,8.3345,4.026,0.00030000000000001136
EWR-1,10/24/2025,10:00:00 am,0,2025-10-24 10:00:00,8.334,4.023,0.00030000000000001136
EWR-1,10/24/2025,10:10:00 am,0,2025-10-24 10:10:00,8.333,4.02,0.00039999999999995595
EWR-1,10/24/2025,10:20:00 am,0,2025-10-24 10:20:00,8.3324,4.016,0.0001000000000000334
EWR-1,10/24/2025,10:30:00 am,0,2025-10-24 10:30:00,8.3311,4.015,9.999999999994457e-05
EWR-1,10/24/2025,10:40:00 am,0,2025-10-24 10:40:00,8.3306,4.014,0.0001000000000000334
EWR-1,10/24/2025,10:50:00 am,0,2025-10-24 10:50:00,8.3302,4.013,0.0001000000000000334
EWR-1,10/24/2025,11:00:00 am,0,2025-10-24 11:00:00,8.3305,4.012,0.0
EWR-1,10/24/2025,11:10:00 am,0,2025-10-24 11:10:00,8.3306,4.012,0.0
EWR-1,10/24/2025,11:20:00 am,0,2025-10-24 11:20:00,8.3305,4.012,0.0001000000000000334
EWR-1,10/24/2025,11:30:00 am,0,2025-10-24 11:30:00,8.3314,4.013,0.0001000000000000334
EWR-1,10/24/2025,11:40:00 am,0,2025-10-24 11:40:00,8.3312,4.014,9.999999999994457e-05
EWR-1,10/24/2025,11:50:00 am,0,2025-10-24 11:50:00,8.331,4.015,0.0002000000000000668
EWR-1,10/24/2025,12:00:00 pm,0,2025-10-24 12:00:00,8.3309,4.017,0.0001000000000000334
EWR-1,10/24/2025,12:10:00 pm,0,2025-10-24 12:10:00,8.3303,4.016,0.00019999999999997797
EWR-1,10/24/2025,12:20:00 pm,0,2025-10-24 12:20:00,8.3295,4.018,0.0
EWR-1,10/24/2025,12:30:00 pm,0,2025-10-24 12:30:00,8.3293,4.018,0.00040000000000004474
EWR-1,10/24/2025,12:40:00 pm,0,2025-10-24 12:40:00,8.3292,4.022,0.0004999999999999894
EWR-1,10/24/2025,12:50:00 pm,0,2025-10-24 12:50:00,8.3285,4.027,0.00039999999999995595
EWR-1,10/24/2025,01:00:00 pm,0,2025-10-24 13:00:00,8.3272,4.031,0.0007000000000000562
EWR-1,10/24/2025,01:10:00 pm,0,2025-10-24 13:10:00,8.3266,4.038,0.0006999999999999674
EWR-1,10/24/2025,01:20:00 pm,0,2025-10-24 13:20:00,8.3257,4.045,0.0009000000000000341
EWR-1,10/24/2025,01:30:00 pm,0,2025-10-24 13:30:00,8.3241,4.054,0.0008000000000000007
EWR-1,10/24/2025,01:40:00 pm,0,2025-10-24 13:40:00,8.3238,4.062,0.0008000000000000007
EWR-1,10/24/2025,01:50:00 pm,0,2025-10-24 13:50:00,8.3226,4.07,0.0008999999999999453
EWR-1,10/24/2025,02:00:00 pm,0,2025-10-24 14:00:00,8.321,4.079,0.0009000000000000341
EWR-1,10/24/2025,02:10:00 pm,0,2025-10-24 14:10:00,8.3196,4.088,0.0008000000000000007
EWR-1,10/24/2025,02:20:00 pm,0,2025-10-24 14:20:00,8.3187,4.096,0.0009999999999999788
EWR-1,10/24/2025,02:30:00 pm,0,2025-10-24 14:30:00,8.3167,4.106,0.0009000000000000341
EWR-1,10/24/2025,02:40:00 pm,0,2025-10-24 14:40:00,8.3151,4.115,0.0011999999999999567
EWR-1,10/24/2025,02:50:00 pm,0,2025-10-24 14:50:00,8.3149,4.127,0.0012000000000000454
EWR-1,10/24/2025,03:00:00 pm,0,2025-10-24 15:00:00,8.314,4.139,0.0013999999999999347
EWR-1,10/24/2025,03:10:00 pm,0,2025-10-24 15:10:00,8.3137,4.153,0.0013000000000000789
EWR-1,10/24/2025,03:20:00 pm,0,2025-10-24 15:20:00,8.3117,4.166,0.00129999999999999
EWR-1,10/24/2025,03:30:00 pm,0,2025-10-24 15:30:00,8.3104,4.179,0.00129999999999999
EWR-1,10/24/2025,03:40:00 pm,0,2025-10-24 15:40:00,8.3094,4.192,0.0011999999999999567
EWR-1,10/24/2025,03:50:00 pm,0,2025-10-24 15:50:00,8.308,4.204,0.0012000000000000454
EWR-1,10/24/2025,04:00:00 pm,0,2025-10-24 16:00:00,8.3066,4.216,0.001100000000000012
EWR-1,10/24/2025,04:10:00 pm,0,2025-10-24 16:10:00,8.3072,4.227,0.001100000000000012
EWR-1,10/24/2025,04:20:00 pm,0,2025-10-24 16:20:00,8.3071,4.238,0.0009999999999999788
EWR-1,10/24/2025,04:30:00 pm,0,2025-10-24 16:30:00,8.3065,4.248,0.0011999999999999567
EWR-1,10/24/2025,04:40:00 pm,0,2025-10-24 16:40:00,8.3072,4.26,0.001100000000000012
EWR-1,10/24/2025,04:50:00 pm,0,2025-10-24 16:50:00,8.3078,4.271,0.0009999999999999788
EWR-1,10/24/2025,05:00:00 pm,0,2025-10-24 17:00:00,8.3087,4.281,0.001100000000000012
EWR-1,10/24/2025,05:10:00 pm,0,2025-10-24 17:10:00,8.3089,4.292,0.0009999999999999788
EWR-1,10/24/2025,05:20:00 pm,0,2025-10-24 17:20:00,8.31,4.302,0.0010000000000000675
EWR-1,10/24/2025,05:30:00 pm,0,2025-10-24 17:30:00,8.3108,4.312,0.0008000000000000007
EWR-1,10/24/2025,05:40:00 pm,0,2025-10-24 17:40:00,8.3123,4.32,0.0006999999999999674
EWR-1,10/24/2025,05:50:00 pm,0,2025-10-24 17:50:00,8.3131,4.327,0.0006000000000000227
EWR-1,10/24/2025,06:00:00 pm,0,2025-10-24 18:00:00,8.3147,4.333,0.0006999999999999674
EWR-1,10/24/2025,06:10:00 pm,0,2025-10-24 18:10:00,8.3151,4.34,0.0004999999999999894
EWR-1,10/24/2025,06:20:00 pm,0,2025-10-24 18:20:00,8.3166,4.345,0.00040000000000004474
EWR-1,10/24/2025,06:30:00 pm,0,2025-10-24 18:30:00,8.3148,4.349,0.00030000000000001136
EWR-1,10/24/2025,06:40:00 pm,0,2025-10-24 18:40:00,8.3144,4.352,9.999999999994457e-05
EWR-1,10/24/2025,06:50:00 pm,0,2025-10-24 18:50:00,8.3142,4.353,0.0001000000000000334
EWR-1,10/24/2025,07:00:00 pm,0,2025-10-24 19:00:00,8.3134,4.354,0.0
EWR-1,10/24/2025,07:10:00 pm,0,2025-10-24 19:10:00,8.313,4.354,0.0
EWR-1,10/24/2025,07:20:00 pm,0,2025-10-24 19:20:00,8.3129,4.354,0.0001000000000000334
EWR-1,10/24/2025,07:30:00 pm,0,2025-10-24 19:30:00,8.3119,4.353,9.999999999994457e-05
EWR-1,10/24/2025,07:40:00 pm,0,2025-10-24 19:40:00,8.3104,4.352,0.00030000000000001136
EWR-1,10/24/2025,07:50:00 pm,0,2025-10-24 19:50:00,8.31,4.349,0.00019999999999997797
EWR-1,10/24/2025,08:00:00 pm,0,2025-10-24 20:00:00,8.3093,4.347,0.0002000000000000668
EWR-1,10/24/2025,08:10:00 pm,0,2025-10-24 20:10:00,8.3092,4.345,0.00030000000000001136
EWR-1,10/24/2025,08:20:00 pm,0,2025-10-24 20:20:00,8.3076,4.342,0.00029999999999992256
EWR-1,10/24/2025,08:30:00 pm,0,2025-10-24 20:30:00,8.3081,4.339,0.00040000000000004474
EWR-1,10/24/2025,08:40:00 pm,0,2025-10-24 20:40:00,8.3071,4.335,0.00039999999999995595
EWR-1,10/24/2025,08:50:00 pm,0,2025-10-24 20:50:00,8.308,4.331,0.00030000000000001136
EWR-1,10/24/2025,09:00:00 pm,0,2025-10-24 21:00:00,8.3078,4.328,0.00040000000000004474
EWR-1,10/24/2025,09:10:00 pm,0,2025-10-24 21:10:00,8.307,4.324,0.00039999999999995595
EWR-1,10/24/2025,09:20:00 pm,0,2025-10-24 21:20:00,8.3062,4.32,0.00040000000000004474
EWR-1,10/24/2025,09:30:00 pm,0,2025-10-24 21:30:00,8.306,4.316,0.00039999999999995595
EWR-1,10/24/2025,09:40:00 pm,0,2025-10-24 21:40:00,8.3077,4.312,0.00030000000000001136
EWR-1,10/24/2025,09:50:00 pm,0,2025-10-24 21:50:00,8.3075,4.309,0.00030000000000001136
EWR-1,10/24/2025,10:00:00 pm,0,2025-10-24 22:00:00,8.3079,4.306,0.00030000000000001136
EWR-1,10/24/2025,10:10:00 pm,0,2025-10-24 22:10:00,8.3079,4.303,0.00030000000000001136
EWR-1,10/24/2025,10:20:00 pm,0,2025-10-24 22:20:00,8.307,4.3,0.00030000000000001136
EWR-1,10/24/2025,10:30:00 pm,0,2025-10-24 22:30:00,8.3076,4.297,0.00030000000000001136
EWR-1,10/24/2025,10:40:00 pm,0,2025-10-24 22:40:00,8.3072,4.294,0.00019999999999997797
EWR-1,10/24/2025,10:50:00 pm,0,2025-10-24 22:50:00,8.305,4.292,0.00019999999999997797
EWR-1,10/24/2025,11:00:00 pm,0,2025-10-24 23:00:00,8.3041,4.29,0.00019999999999997797
EWR-1,10/24/2025,11:10:00 pm,0,2025-10-24 23:10:00,8.304,4.288,0.0002000000000000668
EWR-1,10/24/2025,11:20:00 pm,0,2025-10-24 23:20:00,8.3041,4.286,0.00019999999999997797
EWR-1,10/24/2025,11:30:00 pm,0,2025-10-24 23:30:00,8.304,4.284,9.999999999994457e-05
EWR-1,10/24/2025,11:40:00 pm,0,2025-10-24 23:40:00,8.3032,4.283,0.0001000000000000334
EWR-1,10/24/2025,11:50:00 pm,0,2025-10-24 23:50:00,8.3021,4.282,0.0001000000000000334
EWR-1,10/25/2025,12:00:00 am,0,2025-10-25 00:00:00,8.3014,4.281,0.00019999999999997797
EWR-1,10/25/2025,12:10:00 am,0,2025-10-25 00:10:00,8.3005,4.279,0.0001000000000000334
EWR-1,10/25/2025,12:20:00 am,0,2025-10-25 00:20:00,8.3003,4.278,9.999999999994457e-05
EWR-1,10/25/2025,12:30:00 am,0,2025-10-25 00:30:00,8.2995,4.277,0.00019999999999997797
EWR-1,10/25/2025,12:40:00 am,0,2025-10-25 00:40:00,8.3005,4.275,0.0001000000000000334
EWR-1,10/25/2025,12:50:00 am,0,2025-10-25 00:50:00,8.3007,4.274,0.00030000000000001136
EWR-1,10/25/2025,01:00:00 am,0,2025-10-25 01:00:00,8.3004,4.271,0.0001000000000000334
EWR-1,10/25/2025,01:10:00 am,0,2025-10-25 01:10:00,8.2989,4.27,0.00019999999999997797
EWR-1,10/25/2025,01:20:00 am,0,2025-10-25 01:20:00,8.2985,4.268,0.00019999999999997797
EWR-1,10/25/2025,01:30:00 am,0,2025-10-25 01:30:00,8.2985,4.266,0.0001000000000000334
EWR-1,10/25/2025,01:40:00 am,0,2025-10-25 01:40:00,8.2985,4.265,9.999999999994457e-05
EWR-1,10/25/2025,01:50:00 am,0,2025-10-25 01:50:00,8.2971,4.264,0.0002000000000000668
EWR-1,10/25/2025,02:00:00 am,0,2025-10-25 02:00:00,8.2945,4.262,0.00019999999999997797
EWR-1,10/25/2025,02:10:00 am,0,2025-10-25 02:10:00,8.2943,4.26,0.00019999999999997797
EWR-1,10/25/2025,02:20:00 am,0,2025-10-25 02:20:00,8.2935,4.258,0.00019999999999997797
EWR-1,10/25/2025,02:30:00 am,0,2025-10-25 02:30:00,8.2919,4.256,0.0002000000000000668
EWR-1,10/25/2025,02:40:00 am,0,2025-10-25 02:40:00,8.2898,4.254,9.999999999994457e-05
EWR-1,10/25/2025,02:50:00 am,0,2025-10-25 02:50:00,8.2918,4.253,0.00019999999999997797
EWR-1,10/25/2025,03:00:00 am,0,2025-10-25 03:00:00,8.2914,4.251,0.0002000000000000668
EWR-1,10/25/2025,03:10:00 am,0,2025-10-25 03:10:00,8.2912,4.249,9.999999999994457e-05
EWR-1,10/25/2025,03:20:00 am,0,2025-10-25 03:20:00,8.292,4.248,0.00019999999999997797
EWR-1,10/25/2025,03:30:00 am,0,2025-10-25 03:30:00,8.2913,4.246,0.0002000000000000668
EWR-1,10/25/2025,03:40:00 am,0,2025-10-25 03:40:00,8.2899,4.244,0.00030000000000001136
EWR-1,10/25/2025,03:50:00 am,0,2025-10-25 03:50:00,8.291,4.241,0.00019999999999997797
EWR-1,10/25/2025,04:00:00 am,0,2025-10-25 04:00:00,8.2908,4.239,0.00030000000000001136
EWR-1,10/25/2025,04:10:00 am,0,2025-10-25 04:10:00,8.2891,4.236,0.00019999999999997797
EWR-1,10/25/2025,04:20:00 am,0,2025-10-25 04:20:00,8.2866,4.234,0.00030000000000001136
EWR-1,10/25/2025,04:30:00 am,0,2025-10-25 04:30:00,8.2851,4.231,0.00030000000000001136
EWR-1,10/25/2025,04:40:00 am,0,2025-10-25 04:40:00,8.2847,4.228,0.00030000000000001136
EWR-1,10/25/2025,04:50:00 am,0,2025-10-25 04:50:00,8.2809,4.225,0.00029999999999992256
EWR-1,10/25/2025,05:00:00 am,0,2025-10-25 05:00:00,8.281,4.222,0.0002000000000000668
EWR-1,10/25/2025,05:10:00 am,0,2025-10-25 05:10:00,8.2816,4.22,0.00039999999999995595
EWR-1,10/25/2025,05:20:00 am,0,2025-10-25 05:20:00,8.2861,4.216,0.00019999999999997797
EWR-1,10/25/2025,05:30:00 am,0,2025-10-25 05:30:00,8.2858,4.214,0.0002000000000000668
EWR-1,10/25/2025,05:40:00 am,0,2025-10-25 05:40:00,8.2854,4.212,0.00019999999999997797
EWR-1,10/25/2025,05:50:00 am,0,2025-10-25 05:50:00,8.2862,4.21,0.0001000000000000334
EWR-1,10/25/2025,06:00:00 am,0,2025-10-25 06:00:00,8.2866,4.209,0.0
EWR-1,10/25/2025,06:10:00 am,0,2025-10-25 06:10:00,8.2881,4.209,0.0
EWR-1,10/25/2025,06:20:00 am,0,2025-10-25 06:20:00,8.288,4.209,0.0
EWR-1,10/25/2025,06:30:00 am,0,2025-10-25 06:30:00,8.2876,4.209,9.999999999994457e-05
EWR-1,10/25/2025,06:40:00 am,0,2025-10-25 06:40:00,8.2876,4.208,9.999999999994457e-05
EWR-1,10/25/2025,06:50:00 am,0,2025-10-25 06:50:00,8.2875,4.209,0.0
EWR-1,10/25/2025,07:00:00 am,0,2025-10-25 07:00:00,8.2892,4.209,0.0
EWR-1,10/25/2025,07:10:00 am,0,2025-10-25 07:10:00,8.2892,4.209,0.0
EWR-1,10/25/2025,07:20:00 am,0,2025-10-25 07:20:00,8.2903,4.209,0.0001000000000000334
EWR-1,10/25/2025,07:30:00 am,0,2025-10-25 07:30:00,8.2886,4.21,0.0001000000000000334
EWR-1,10/25/2025,07:40:00 am,0,2025-10-25 07:40:00,8.2868,4.209,9.999999999994457e-05
EWR-1,10/25/2025,07:50:00 am,0,2025-10-25 07:50:00,8.2878,4.208,0.0001000000000000334
EWR-1,10/25/2025,08:00:00 am,0,2025-10-25 08:00:00,8.2854,4.207,9.999999999994457e-05
EWR-1,10/25/2025,08:10:00 am,0,2025-10-25 08:10:00,8.2874,4.206,0.0
EWR-1,10/25/2025,08:20:00 am,0,2025-10-25 08:20:00,8.2865,4.206,0.0001000000000000334
EWR-1,10/25/2025,08:30:00 am,0,2025-10-25 08:30:00,8.2859,4.205,0.0001000000000000334
EWR-1,10/25/2025,08:40:00 am,0,2025-10-25 08:40:00,8.2872,4.204,0.0
EWR-1,10/25/2025,08:50:00 am,0,2025-10-25 08:50:00,8.2891,4.204,0.0
EWR-1,10/25/2025,09:00:00 am,0,2025-10-25 09:00:00,8.2899,4.204,0.0001000000000000334
EWR-1,10/25/2025,09:10:00 am,0,2025-10-25 09:10:00,8.2891,4.205,0.0001000000000000334
EWR-1,10/25/2025,09:20:00 am,0,2025-10-25 09:20:00,8.2889,4.206,9.999999999994457e-05
EWR-1,10/25/2025,09:30:00 am,0,2025-10-25 09:30:00,8.2869,4.207,0.00019999999999997797
EWR-1,10/25/2025,09:40:00 am,0,2025-10-25 09:40:00,8.2858,4.209,0.0002000000000000668
EWR-1,10/25/2025,09:50:00 am,0,2025-10-25 09:50:00,8.2862,4.211,0.00030000000000001136
EWR-1,10/25/2025,10:00:00 am,0,2025-10-25 10:00:00,8.2859,4.214,0.00039999999999995595
EWR-1,10/25/2025,10:10:00 am,0,2025-10-25 10:10:00,8.2854,4.218,0.00040000000000004474
EWR-1,10/25/2025,10:20:00 am,0,2025-10-25 10:20:00,8.2889,4.222,0.0008000000000000007
EWR-1,10/25/2025,10:30:00 am,0,2025-10-25 10:30:00,8.292,4.23,0.0005999999999999339
EWR-1,10/25/2025,10:40:00 am,0,2025-10-25 10:40:00,8.2931,4.236,0.00030000000000001136
EWR-1,10/25/2025,10:50:00 am,0,2025-10-25 10:50:00,8.2931,4.239,0.00019999999999997797
EWR-1,10/25/2025,11:00:00 am,0,2025-10-25 11:00:00,8.2931,4.241,0.0002000000000000668
EWR-1,10/25/2025,11:10:00 am,0,2025-10-25 11:10:00,8.2966,4.243,0.00039999999999995595
EWR-1,10/25/2025,11:20:00 am,0,2025-10-25 11:20:00,8.3014,4.247,0.00040000000000004474
EWR-1,10/25/2025,11:30:00 am,0,2025-10-25 11:30:00,8.3043,4.251,0.00019999999999997797
EWR-1,10/25/2025,11:40:00 am,0,2025-10-25 11:40:00,8.3071,4.253,0.00019999999999997797
EWR-1,10/25/2025,11:50:00 am,0,2025-10-25 11:50:00,8.3096,4.255,0.00030000000000001136
EWR-1,10/25/2025,12:00:00 pm,0,2025-10-25 12:00:00,8.3127,4.258,0.0001000000000000334
EWR-1,10/25/2025,12:10:00 pm,0,2025-10-25 12:10:00,8.3134,4.259,0.00029999999999992256
EWR-1,10/25/2025,12:20:00 pm,0,2025-10-25 12:20:00,8.3154,4.262,0.0005000000000000782
EWR-1,10/25/2025,12:30:00 pm,0,2025-10-25 12:30:00,8.3185,4.267,0.00029999999999992256
EWR-1,10/25/2025,12:40:00 pm,0,2025-10-25 12:40:00,8.3208,4.27,0.0001000000000000334
EWR-1,10/25/2025,12:50:00 pm,0,2025-10-25 12:50:00,8.322,4.271,0.00030000000000001136
EWR-1,10/25/2025,01:00:00 pm,0,2025-10-25 13:00:00,8.3235,4.274,0.00039999999999995595
EWR-1,10/25/2025,01:10:00 pm,0,2025-10-25 13:10:00,8.3254,4.278,0.0006000000000000227
EWR-1,10/25/2025,01:20:00 pm,0,2025-10-25 13:20:00,8.3269,4.284,0.00040000000000004474
EWR-1,10/25/2025,01:30:00 pm,0,2025-10-25 13:30:00,8.3278,4.288,0.0004999999999999894
EWR-1,10/25/2025,01:40:00 pm,0,2025-10-25 13:40:00,8.3298,4.293,0.0006999999999999674
EWR-1,10/25/2025,01:50:00 pm,0,2025-10-25 13:50:00,8.3306,4.3,0.0006000000000000227
EWR-1,10/25/2025,02:00:00 pm,0,2025-10-25 14:00:00,8.333,4.306,0.0006999999999999674
EWR-1,10/25/2025,02:10:00 pm,0,2025-10-25 14:10:00,8.3351,4.313,0.0007000000000000562
EWR-1,10/25/2025,02:20:00 pm,0,2025-10-25 14:20:00,8.3355,4.32,0.0006999999999999674
EWR-1,10/25/2025,02:30:00 pm,0,2025-10-25 14:30:00,8.3364,4.327,0.0008000000000000007
EWR-1,10/25/2025,02:40:00 pm,0,2025-10-25 14:40:00,8.3372,4.335,0.0006999999999999674
EWR-1,10/25/2025,02:50:00 pm,0,2025-10-25 14:50:00,8.3379,4.342,0.0007000000000000562
EWR-1,10/25/2025,03:00:00 pm,0,2025-10-25 15:00:00,8.3388,4.349,0.0004999999999999894
EWR-1,10/25/2025,03:10:00 pm,0,2025-10-25 15:10:00,8.3389,4.354,0.0008000000000000007
EWR-1,10/25/2025,03:20:00 pm,0,2025-10-25 15:20:00,8.3395,4.362,0.0006999999999999674
EWR-1,10/25/2025,03:30:00 pm,0,2025-10-25 15:30:00,8.3389,4.369,0.0004999999999999894
EWR-1,10/25/2025,03:40:00 pm,0,2025-10-25 15:40:00,8.3375,4.374,0.0007000000000000562
EWR-1,10/25/2025,03:50:00 pm,0,2025-10-25 15:50:00,8.337,4.381,0.0005999999999999339
EWR-1,10/25/2025,04:00:00 pm,0,2025-10-25 16:00:00,8.3371,4.387,0.0005000000000000782
EWR-1,10/25/2025,04:10:00 pm,0,2025-10-25 16:10:00,8.3378,4.392,0.0004999999999999894
EWR-1,10/25/2025,04:20:00 pm,0,2025-10-25 16:20:00,8.3391,4.397,0.0004999999999999894
EWR-1,10/25/2025,04:30:00 pm,0,2025-10-25 16:30:00,8.34,4.402,0.0004999999999999894
EWR-1,10/25/2025,04:40:00 pm,0,2025-10-25 16:40:00,8.3403,4.407,0.0004999999999999894
EWR-1,10/25/2025,04:50:00 pm,0,2025-10-25 16:50:00,8.3421,4.412,0.0006000000000000227
EWR-1,10/25/2025,05:00:00 pm,0,2025-10-25 17:00:00,8.3417,4.418,0.00039999999999995595
EWR-1,10/25/2025,05:10:00 pm,0,2025-10-25 17:10:00,8.342,4.422,0.00040000000000004474
EWR-1,10/25/2025,05:20:00 pm,0,2025-10-25 17:20:00,8.3415,4.426,0.00039999999999995595
EWR-1,10/25/2025,05:30:00 pm,0,2025-10-25 17:30:00,8.3419,4.43,0.00040000000000004474
EWR-1,10/25/2025,05:40:00 pm,0,2025-10-25 17:40:00,8.3429,4.434,0.00039999999999995595
EWR-1,10/25/2025,05:50:00 pm,0,2025-10-25 17:50:00,8.342,4.438,0.00030000000000001136
EWR-1,10/25/2025,06:00:00 pm,0,2025-10-25 18:00:00,8.3415,4.441,0.00030000000000001136
EWR-1,10/25/2025,06:10:00 pm,0,2025-10-25 18:10:00,8.3416,4.444,0.00040000000000004474
EWR-1,10/25/2025,06:20:00 pm,0,2025-10-25 18:20:00,8.342,4.448,0.00029999999999992256
EWR-1,10/25/2025,06:30:00 pm,0,2025-10-25 18:30:00,8.3417,4.451,0.00030000000000001136
EWR-1,10/25/2025,06:40:00 pm,0,2025-10-25 18:40:00,8.3413,4.454,0.00030000000000001136
EWR-1,10/25/2025,06:50:00 pm,0,2025-10-25 18:50:00,8.3406,4.457,0.00030000000000001136
EWR-1,10/25/2025,07:00:00 pm,0,2025-10-25 19:00:00,8.3402,4.46,0.00030000000000001136
EWR-1,10/25/2025,07:10:00 pm,0,2025-10-25 19:10:00,8.3402,4.463,0.00030000000000001136
EWR-1,10/25/2025,07:20:00 pm,0,2025-10-25 19:20:00,8.3405,4.466,0.00019999999999997797
EWR-1,10/25/2025,07:30:00 pm,0,2025-10-25 19:30:00,8.3395,4.468,0.00030000000000001136
EWR-1,10/25/2025,07:40:00 pm,0,2025-10-25 19:40:00,8.3391,4.471,0.0001000000000000334
EWR-1,10/25/2025,07:50:00 pm,0,2025-10-25 19:50:00,8.3375,4.472,0.00039999999999995595
EWR-1,10/25/2025,08:00:00 pm,0,2025-10-25 20:00:00,8.3394,4.476,0.00019999999999997797
EWR-1,10/25/2025,08:10:00 pm,0,2025-10-25 20:10:00,8.3383,4.478,0.00040000000000004474
EWR-1,10/25/2025,08:20:00 pm,0,2025-10-25 20:20:00,8.3374,4.482,0.00019999999999997797
EWR-1,10/25/2025,08:30:00 pm,0,2025-10-25 20:30:00,8.3367,4.484,0.00019999999999997797
EWR-1,10/25/2025,08:40:00 pm,0,2025-10-25 20:40:00,8.336,4.486,0.0002000000000000668
EWR-1,10/25/2025,08:50:00 pm,0,2025-10-25 20:50:00,8.3378,4.488,9.999999999994457e-05
EWR-1,10/25/2025,09:00:00 pm,0,2025-10-25 21:00:00,8.3392,4.489,0.00019999999999997797
EWR-1,10/25/2025,09:10:00 pm,0,2025-10-25 21:10:00,8.3384,4.491,0.0001000000000000334
EWR-1,10/25/2025,09:20:00 pm,0,2025-10-25 21:20:00,8.3381,4.492,0.00019999999999997797
EWR-1,10/25/2025,09:30:00 pm,0,2025-10-25 21:30:00,8.3373,4.494,0.0001000000000000334
EWR-1,10/25/2025,09:40:00 pm,0,2025-10-25 21:40:00,8.3357,4.495,0.0001000000000000334
EWR-1,10/25/2025,09:50:00 pm,0,2025-10-25 21:50:00,8.3337,4.496,9.999999999994457e-05
EWR-1,10/25/2025,10:00:00 pm,0,2025-10-25 22:00:00,8.3326,4.497,0.0001000000000000334
EWR-1,10/25/2025,10:10:00 pm,0,2025-10-25 22:10:00,8.3329,4.498,9.999999999994457e-05
EWR-1,10/25/2025,10:20:00 pm,0,2025-10-25 22:20:00,8.3309,4.499,0.0001000000000000334
EWR-1,10/25/2025,10:30:00 pm,0,2025-10-25 22:30:00,8.3322,4.5,0.0
EWR-1,10/25/2025,10:40:00 pm,0,2025-10-25 22:40:00,8.3327,4.5,0.0001000000000000334
EWR-1,10/25/2025,10:50:00 pm,0,2025-10-25 22:50:00,8.3349,4.501,9.999999999994457e-05
EWR-1,10/25/2025,11:00:00 pm,0,2025-10-25 23:00:00,8.3355,4.502,0.0
EWR-1,10/25/2025,11:10:00 pm,0,2025-10-25 23:10:00,8.3351,4.502,0.0
EWR-1,10/25/2025,11:20:00 pm,0,2025-10-25 23:20:00,8.3353,4.502,0.0
EWR-1,10/25/2025,11:30:00 pm,0,2025-10-25 23:30:00,8.3347,4.502,0.0001000000000000334
EWR-1,10/25/2025,11:40:00 pm,0,2025-10-25 23:40:00,8.3319,4.503,0.0
EWR-1,10/25/2025,11:50:00 pm,0,2025-10-25 23:50:00,8.3314,4.503,9.999999999994457e-05
EWR-1,10/26/2025,12:00:00 am,0,2025-10-26 00:00:00,8.3286,4.504,9.999999999994457e-05
EWR-1,10/26/2025,12:10:00 am,0,2025-10-26 00:10:00,8.3289,4.503,0.0
EWR-1,10/26/2025,12:20:00 am,0,2025-10-26 00:20:00,8.3303,4.503,0.0
EWR-1,10/26/2025,12:30:00 am,0,2025-10-26 00:30:00,8.3305,4.503,9.999999999994457e-05
EWR-1,10/26/2025,12:40:00 am,0,2025-10-26 00:40:00,8.3267,4.504,9.999999999994457e-05
EWR-1,10/26/2025,12:50:00 am,0,2025-10-26 00:50:00,8.3255,4.503,0.0
EWR-1,10/26/2025,01:00:00 am,0,2025-10-26 01:00:00,8.3249,4.503,0.0
EWR-1,10/26/2025,01:10:00 am,0,2025-10-26 01:10:00,8.3236,4.503,0.0
EWR-1,10/26/2025,01:20:00 am,0,2025-10-26 01:20:00,8.3291,4.503,0.0001000000000000334
EWR-1,10/26/2025,01:30:00 am,0,2025-10-26 01:30:00,8.3302,4.502,0.0
EWR-1,10/26/2025,01:40:00 am,0,2025-10-26 01:40:00,8.3294,4.502,0.00019999999999997797
EWR-1,10/26/2025,01:50:00 am,0,2025-10-26 01:50:00,8.3276,4.5,0.0
EWR-1,10/26/2025,02:00:00 am,0,2025-10-26 02:00:00,8.3261,4.5,0.0
EWR-1,10/26/2025,02:10:00 am,0,2025-10-26 02:10:00,8.3279,4.5,0.0
EWR-1,10/26/2025,02:20:00 am,0,2025-10-26 02:20:00,8.3272,4.5,0.0001000000000000334
EWR-1,10/26/2025,02:30:00 am,0,2025-10-26 02:30:00,8.3304,4.499,0.0001000000000000334
EWR-1,10/26/2025,02:40:00 am,0,2025-10-26 02:40:00,8.3323,4.5,0.0
EWR-1,10/26/2025,02:50:00 am,0,2025-10-26 02:50:00,8.3306,4.5,0.0
EWR-1,10/26/2025,03:00:00 am,0,2025-10-26 03:00:00,8.3263,4.5,0.0
EWR-1,10/26/2025,03:10:00 am,0,2025-10-26 03:10:00,8.3243,4.5,0.0
EWR-1,10/26/2025,03:20:00 am,0,2025-10-26 03:20:00,8.3237,4.5,0.0
EWR-1,10/26/2025,03:30:00 am,0,2025-10-26 03:30:00,8.3277,4.5,0.0
EWR-1,10/26/2025,03:40:00 am,0,2025-10-26 03:40:00,8.3279,4.5,0.0001000000000000334
EWR-1,10/26/2025,03:50:00 am,0,2025-10-26 03:50:00,8.3276,4.501,0.00019999999999997797
EWR-1,10/26/2025,04:00:00 am,0,2025-10-26 04:00:00,8.3301,4.503,0.00019999999999997797
EWR-1,10/26/2025,04:10:00 am,0,2025-10-26 04:10:00,8.3322,4.505,0.00019999999999997797
EWR-1,10/26/2025,04:20:00 am,0,2025-10-26 04:20:00,8.3338,4.507,0.0
EWR-1,10/26/2025,04:30:00 am,0,2025-10-26 04:30:00,8.3368,4.507,9.999999999994457e-05
EWR-1,10/26/2025,04:40:00 am,0,2025-10-26 04:40:00,8.3389,4.506,0.00030000000000001136
EWR-1,10/26/2025,04:50:00 am,0,2025-10-26 04:50:00,8.3416,4.503,0.00040000000000004474
EWR-1,10/26/2025,05:00:00 am,0,2025-10-26 05:00:00,8.3444,4.499,0.0004999999999999894
EWR-1,10/26/2025,05:10:00 am,0,2025-10-26 05:10:00,8.348,4.494,0.0004999999999999894
EWR-1,10/26/2025,05:20:00 am,0,2025-10-26 05:20:00,8.3501,4.489,0.0004999999999999894
EWR-1,10/26/2025,05:30:00 am,0,2025-10-26 05:30:00,8.3554,4.484,0.0006999999999999674
EWR-1,10/26/2025,05:40:00 am,0,2025-10-26 05:40:00,8.357,4.477,0.0008000000000000007
EWR-1,10/26/2025,05:50:00 am,0,2025-10-26 05:50:00,8.3579,4.469,0.0009000000000000341
EWR-1,10/26/2025,06:00:00 am,0,2025-10-26 06:00:00,8.3571,4.46,0.0008000000000000007
EWR-1,10/26/2025,06:10:00 am,0,2025-10-26 06:10:00,8.3569,4.452,0.0006000000000000227
EWR-1,10/26/2025,06:20:00 am,0,2025-10-26 06:20:00,8.3585,4.446,0.0004999999999999894
EWR-1,10/26/2025,06:30:00 am,0,2025-10-26 06:30:00,8.3601,4.441,0.0004999999999999894
EWR-1,10/26/2025,06:40:00 am,0,2025-10-26 06:40:00,8.3635,4.436,0.0006000000000000227
EWR-1,10/26/2025,06:50:00 am,0,2025-10-26 06:50:00,8.3652,4.43,0.00039999999999995595
EWR-1,10/26/2025,07:00:00 am,0,2025-10-26 07:00:00,8.369,4.426,0.00030000000000001136
EWR-1,10/26/2025,07:10:00 am,0,2025-10-26 07:10:00,8.3733,4.423,0.0006000000000000227
EWR-1,10/26/2025,07:20:00 am,0,2025-10-26 07:20:00,8.3722,4.417,0.0006999999999999674
EWR-1,10/26/2025,07:30:00 am,0,2025-10-26 07:30:00,8.3726,4.41,0.0004999999999999894
EWR-1,10/26/2025,07:40:00 am,0,2025-10-26 07:40:00,8.3734,4.405,0.0002000000000000668
EWR-1,10/26/2025,07:50:00 am,0,2025-10-26 07:50:00,8.3751,4.403,0.00039999999999995595
EWR-1,10/26/2025,08:00:00 am,0,2025-10-26 08:00:00,8.3753,4.399,0.0004999999999999894
EWR-1,10/26/2025,08:10:00 am,0,2025-10-26 08:10:00,8.3759,4.394,0.0004999999999999894
EWR-1,10/26/2025,08:20:00 am,0,2025-10-26 08:20:00,8.3769,4.389,0.0004999999999999894
EWR-1,10/26/2025,08:30:00 am,0,2025-10-26 08:30:00,8.3786,4.384,0.0005000000000000782
EWR-1,10/26/2025,08:40:00 am,0,2025-10-26 08:40:00,8.3794,4.379,0.0005999999999999339
EWR-1,10/26/2025,08:50:00 am,0,2025-10-26 08:50:00,8.3807,4.373,0.00040000000000004474
EWR-1,10/26/2025,09:00:00 am,0,2025-10-26 09:00:00,8.3811,4.369,0.00030000000000001136
EWR-1,10/26/2025,09:10:00 am,0,2025-10-26 09:10:00,8.3801,4.366,0.00029999999999992256
EWR-1,10/26/2025,09:20:00 am,0,2025-10-26 09:20:00,8.3816,4.363,0.00040000000000004474
EWR-1,10/26/2025,09:30:00 am,0,2025-10-26 09:30:00,8.3833,4.359,0.00019999999999997797
EWR-1,10/26/2025,09:40:00 am,0,2025-10-26 09:40:00,8.3827,4.357,0.0001000000000000334
EWR-1,10/26/2025,09:50:00 am,0,2025-10-26 09:50:00,8.3824,4.356,0.00019999999999997797
EWR-1,10/26/2025,10:00:00 am,0,2025-10-26 10:00:00,8.3829,4.354,0.0
EWR-1,10/26/2025,10:10:00 am,0,2025-10-26 10:10:00,8.3824,4.354,0.0001000000000000334
EWR-1,10/26/2025,10:20:00 am,0,2025-10-26 10:20:00,8.3831,4.353,0.0
EWR-1,10/26/2025,10:30:00 am,0,2025-10-26 10:30:00,8.3836,4.353,0.0
EWR-1,10/26/2025,10:40:00 am,0,2025-10-26 10:40:00,8.3826,4.353,0.0
EWR-1,10/26/2025,10:50:00 am,0,2025-10-26 10:50:00,8.3834,4.353,0.0001000000000000334
EWR-1,10/26/2025,11:00:00 am,0,2025-10-26 11:00:00,8.3815,4.354,0.0001000000000000334
EWR-1,10/26/2025,11:10:00 am,0,2025-10-26 11:10:00,8.3793,4.355,9.999999999994457e-05
EWR-1,10/26/2025,11:20:00 am,0,2025-10-26 11:20:00,8.3791,4.356,0.0001000000000000334
EWR-1,10/26/2025,11:30:00 am,0,2025-10-26 11:30:00,8.3778,4.357,0.00039999999999995595
EWR-1,10/26/2025,11:40:00 am,0,2025-10-26 11:40:00,8.3727,4.361,0.00030000000000001136
EWR-1,10/26/2025,11:50:00 am,0,2025-10-26 11:50:00,8.3745,4.364,0.00019999999999997797
EWR-1,10/26/2025,12:00:00 pm,0,2025-10-26 12:00:00,8.3747,4.366,0.00040000000000004474
EWR-1,10/26/2025,12:10:00 pm,0,2025-10-26 12:10:00,8.373,4.37,0.00030000000000001136
EWR-1,10/26/2025,12:20:00 pm,0,2025-10-26 12:20:00,8.3725,4.373,0.00039999999999995595
EWR-1,10/26/2025,12:30:00 pm,0,2025-10-26 12:30:00,8.3706,4.377,0.00040000000000004474
EWR-1,10/26/2025,12:40:00 pm,0,2025-10-26 12:40:00,8.368,4.381,0.0004999999999999894
EWR-1,10/26/2025,12:50:00 pm,0,2025-10-26 12:50:00,8.367,4.386,0.0004999999999999894
EWR-1,10/26/2025,01:00:00 pm,0,2025-10-26 13:00:00,8.3672,4.391,0.0006000000000000227
EWR-1,10/26/2025,01:10:00 pm,0,2025-10-26 13:10:00,8.3684,4.397,0.0005999999999999339
EWR-1,10/26/2025,01:20:00 pm,0,2025-10-26 13:20:00,8.3684,4.403,0.0005000000000000782
EWR-1,10/26/2025,01:30:00 pm,0,2025-10-26 13:30:00,8.3692,4.408,0.00039999999999995595
EWR-1,10/26/2025,01:40:00 pm,0,2025-10-26 13:40:00,8.3705,4.412,0.0006999999999999674
EWR-1,10/26/2025,01:50:00 pm,0,2025-10-26 13:50:00,8.37,4.419,0.0005000000000000782
EWR-1,10/26/2025,02:00:00 pm,0,2025-10-26 14:00:00,8.3672,4.424,0.0004999999999999894
EWR-1,10/26/2025,02:10:00 pm,0,2025-10-26 14:10:00,8.3657,4.429,0.0006999999999999674
EWR-1,10/26/2025,02:20:00 pm,0,2025-10-26 14:20:00,8.3659,4.436,0.0006999999999999674
EWR-1,10/26/2025,02:30:00 pm,0,2025-10-26 14:30:00,8.3638,4.443,0.0007000000000000562
EWR-1,10/26/2025,02:40:00 pm,0,2025-10-26 14:40:00,8.3628,4.45,0.0006000000000000227
EWR-1,10/26/2025,02:50:00 pm,0,2025-10-26 14:50:00,8.3608,4.456,0.0006999999999999674
EWR-1,10/26/2025,03:00:00 pm,0,2025-10-26 15:00:00,8.3615,4.463,0.0006999999999999674
EWR-1,10/26/2025,03:10:00 pm,0,2025-10-26 15:10:00,8.3616,4.47,0.0004999999999999894
EWR-1,10/26/2025,03:20:00 pm,0,2025-10-26 15:20:00,8.3631,4.475,0.0007000000000000562
EWR-1,10/26/2025,03:30:00 pm,0,2025-10-26 15:30:00,8.365,4.482,0.0006999999999999674
EWR-1,10/26/2025,03:40:00 pm,0,2025-10-26 15:40:00,8.3653,4.489,0.0007000000000000562
EWR-1,10/26/2025,03:50:00 pm,0,2025-10-26 15:50:00,8.3645,4.496,0.0005999999999999339
EWR-1,10/26/2025,04:00:00 pm,0,2025-10-26 16:00:00,8.3658,4.502,0.0006000000000000227
EWR-1,10/26/2025,04:10:00 pm,0,2025-10-26 16:10:00,8.3645,4.508,0.0006999999999999674
EWR-1,10/26/2025,04:20:00 pm,0,2025-10-26 16:20:00,8.3638,4.515,0.0006000000000000227
EWR-1,10/26/2025,04:30:00 pm,0,2025-10-26 16:30:00,8.3627,4.521,0.0006999999999999674
EWR-1,10/26/2025,04:40:00 pm,0,2025-10-26 16:40:00,8.3642,4.528,0.0007000000000000562
EWR-1,10/26/2025,04:50:00 pm,0,2025-10-26 16:50:00,8.3624,4.535,0.0006999999999999674
EWR-1,10/26/2025,05:00:00 pm,0,2025-10-26 17:00:00,8.3615,4.542,0.0007000000000000562
EWR-1,10/26/2025,05:10:00 pm,0,2025-10-26 17:10:00,8.3637,4.549,0.0006999999999999674
EWR-1,10/26/2025,05:20:00 pm,0,2025-10-26 17:20:00,8.364,4.556,0.0006000000000000227
EWR-1,10/26/2025,05:30:00 pm,0,2025-10-26 17:30:00,8.3644,4.562,0.0005999999999999339
EWR-1,10/26/2025,05:40:00 pm,0,2025-10-26 17:40:00,8.3648,4.568,0.0006000000000000227
EWR-1,10/26/2025,05:50:00 pm,0,2025-10-26 17:50:00,8.3649,4.574,0.0006000000000000227
EWR-1,10/26/2025,06:00:00 pm,0,2025-10-26 18:00:00,8.3674,4.58,0.0006000000000000227
EWR-1,10/26/2025,06:10:00 pm,0,2025-10-26 18:10:00,8.3701,4.586,0.0004999999999999894
EWR-1,10/26/2025,06:20:00 pm,0,2025-10-26 18:20:00,8.3712,4.591,0.0006000000000000227
EWR-1,10/26/2025,06:30:00 pm,0,2025-10-26 18:30:00,8.3744,4.597,0.0004999999999999894
EWR-1,10/26/2025,06:40:00 pm,0,2025-10-26 18:40:00,8.3758,4.602,0.00039999999999995595
EWR-1,10/26/2025,06:50:00 pm,0,2025-10-26 18:50:00,8.376,4.606,0.0004999999999999894
EWR-1,10/26/2025,07:00:00 pm,0,2025-10-26 19:00:00,8.3789,4.611,0.0006000000000000227
EWR-1,10/26/2025,07:10:00 pm,0,2025-10-26 19:10:00,8.3793,4.617,0.00040000000000004474
EWR-1,10/26/2025,07:20:00 pm,0,2025-10-26 19:20:00,8.3831,4.621,0.00039999999999995595
EWR-1,10/26/2025,07:30:00 pm,0,2025-10-26 19:30:00,8.3826,4.625,0.0001000000000000334
EWR-1,10/26/2025,07:40:00 pm,0,2025-10-26 19:40:00,8.3821,4.624,0.0012000000000000454
EWR-1,10/26/2025,07:50:00 pm,0,2025-10-26 19:50:00,8.3827,4.636,0.00039999999999995595
EWR-1,10/26/2025,08:00:00 pm,0,2025-10-26 20:00:00,8.3827,4.64,0.0001000000000000334
EWR-1,10/26/2025,08:10:00 pm,0,2025-10-26 20:10:00,8.3817,4.641,0.0004999999999999894
EWR-1,10/26/2025,08:20:00 pm,0,2025-10-26 20:20:00,8.3821,4.646,0.00030000000000001136
EWR-1,10/26/2025,08:30:00 pm,0,2025-10-26 20:30:00,8.3834,4.649,0.00030000000000001136
EWR-1,10/26/2025,08:40:00 pm,0,2025-10-26 20:40:00,8.3852,4.652,0.00039999999999995595
EWR-1,10/26/2025,08:50:00 pm,0,2025-10-26 20:50:00,8.388,4.656,0.0002000000000000668
EWR-1,10/26/2025,09:00:00 pm,0,2025-10-26 21:00:00,8.3892,4.658,0.00029999999999992256
EWR-1,10/26/2025,09:10:00 pm,0,2025-10-26 21:10:00,8.3908,4.661,0.00030000000000001136
EWR-1,10/26/2025,09:20:00 pm,0,2025-10-26 21:20:00,8.3936,4.664,0.0002000000000000668
EWR-1,10/26/2025,09:30:00 pm,0,2025-10-26 21:30:00,8.3976,4.666,0.00019999999999997797
EWR-1,10/26/2025,09:40:00 pm,0,2025-10-26 21:40:00,8.4016,4.668,0.00019999999999997797
EWR-1,10/26/2025,09:50:00 pm,0,2025-10-26 21:50:00,8.4009,4.67,0.0001000000000000334
EWR-1,10/26/2025,10:00:00 pm,0,2025-10-26 22:00:00,8.4003,4.671,9.999999999994457e-05
EWR-1,10/26/2025,10:10:00 pm,0,2025-10-26 22:10:00,8.3985,4.672,0.0001000000000000334
EWR-1,10/26/2025,10:20:00 pm,0,2025-10-26 22:20:00,8.3991,4.673,0.0001000000000000334
EWR-1,10/26/2025,10:30:00 pm,0,2025-10-26 22:30:00,8.3986,4.674,9.999999999994457e-05
EWR-1,10/26/2025,10:40:00 pm,0,2025-10-26 22:40:00,8.3998,4.675,0.0
EWR-1,10/26/2025,10:50:00 pm,0,2025-10-26 22:50:00,8.401,4.675,0.0
EWR-1,10/26/2025,11:00:00 pm,0,2025-10-26 23:00:00,8.403,4.675,0.0
EWR-1,10/26/2025,11:10:00 pm,0,2025-10-26 23:10:00,8.4061,4.675,0.0
EWR-1,10/26/2025,11:20:00 pm,0,2025-10-26 23:20:00,8.4084,4.675,0.0
EWR-1,10/26/2025,11:30:00 pm,0,2025-10-26 23:30:00,8.4087,4.675,9.999999999994457e-05
EWR-1,10/26/2025,11:40:00 pm,0,2025-10-26 23:40:00,8.4096,4.674,0.0002000000000000668
EWR-1,10/26/2025,11:50:00 pm,0,2025-10-26 23:50:00,8.4099,4.672,0.0
EWR-1,10/27/2025,12:00:00 am,0,2025-10-27 00:00:00,8.4114,4.672,0.00019999999999997797
EWR-1,10/27/2025,12:10:00 am,0,2025-10-27 00:10:00,8.4115,4.67,0.00019999999999997797
EWR-1,10/27/2025,12:20:00 am,0,2025-10-27 00:20:00,8.4108,4.668,0.00019999999999997797
EWR-1,10/27/2025,12:30:00 am,0,2025-10-27 00:30:00,8.4113,4.666,0.0002000000000000668
EWR-1,10/27/2025,12:40:00 am,0,2025-10-27 00:40:00,8.4104,4.664,0.00030000000000001136
EWR-1,10/27/2025,12:50:00 am,0,2025-10-27 00:50:00,8.4119,4.661,0.00019999999999997797
EWR-1,10/27/2025,01:00:00 am,0,2025-10-27 01:00:00,8.4104,4.659,0.00019999999999997797
EWR-1,10/27/2025,01:10:00 am,0,2025-10-27 01:10:00,8.4112,4.657,0.00030000000000001136
EWR-1,10/27/2025,01:20:00 am,0,2025-10-27 01:20:00,8.4105,4.654,0.00030000000000001136
EWR-1,10/27/2025,01:30:00 am,0,2025-10-27 01:30:00,8.4097,4.651,0.00039999999999995595
EWR-1,10/27/2025,01:40:00 am,0,2025-10-27 01:40:00,8.4088,4.647,0.00030000000000001136
EWR-1,10/27/2025,01:50:00 am,0,2025-10-27 01:50:00,8.4097,4.644,0.00030000000000001136
EWR-1,10/27/2025,02:00:00 am,0,2025-10-27 02:00:00,8.4103,4.641,0.00040000000000004474
EWR-1,10/27/2025,02:10:00 am,0,2025-10-27 02:10:00,8.4107,4.637,0.00039999999999995595
EWR-1,10/27/2025,02:20:00 am,0,2025-10-27 02:20:00,8.4122,4.633,0.00040000000000004474
EWR-1,10/27/2025,02:30:00 am,0,2025-10-27 02:30:00,8.414,4.629,0.00039999999999995595
EWR-1,10/27/2025,02:40:00 am,0,2025-10-27 02:40:00,8.4152,4.625,0.00039999999999995595
EWR-1,10/27/2025,02:50:00 am,0,2025-10-27 02:50:00,8.4149,4.621,0.0005000000000000782
EWR-1,10/27/2025,03:00:00 am,0,2025-10-27 03:00:00,8.4169,4.616,0.00039999999999995595
EWR-1,10/27/2025,03:10:00 am,0,2025-10-27 03:10:00,8.4177,4.612,0.0004999999999999894
EWR-1,10/27/2025,03:20:00 am,0,2025-10-27 03:20:00,8.4168,4.607,0.00040000000000004474
EWR-1,10/27/2025,03:30:00 am,0,2025-10-27 03:30:00,8.4154,4.603,0.0004999999999999894
EWR-1,10/27/2025,03:40:00 am,0,2025-10-27 03:40:00,8.4154,4.598,0.0006000000000000227
EWR-1,10/27/2025,03:50:00 am,0,2025-10-27 03:50:00,8.4149,4.592,0.0004999999999999894
EWR-1,10/27/2025,04:00:00 am,0,2025-10-27 04:00:00,8.4134,4.587,0.0005999999999999339
EWR-1,10/27/2025,04:10:00 am,0,2025-10-27 04:10:00,8.4143,4.581,0.0006000000000000227
EWR-1,10/27/2025,04:20:00 am,0,2025-10-27 04:20:00,8.413,4.575,0.0006000000000000227
EWR-1,10/27/2025,04:30:00 am,0,2025-10-27 04:30:00,8.4121,4.569,0.0006999999999999674
EWR-1,10/27/2025,04:40:00 am,0,2025-10-27 04:40:00,8.4105,4.562,0.0006000000000000227
EWR-1,10/27/2025,04:50:00 am,0,2025-10-27 04:50:00,8.4124,4.556,0.0006000000000000227
EWR-1,10/27/2025,05:00:00 am,0,2025-10-27 05:00:00,8.4131,4.55,0.0006000000000000227
EWR-1,10/27/2025,05:10:00 am,0,2025-10-27 05:10:00,8.4153,4.544,0.0006999999999999674
EWR-1,10/27/2025,05:20:00 am,0,2025-10-27 05:20:00,8.4158,4.537,0.0006999999999999674
EWR-1,10/27/2025,05:30:00 am,0,2025-10-27 05:30:00,8.4185,4.53,0.0007000000000000562
EWR-1,10/27/2025,05:40:00 am,0,2025-10-27 05:40:00,8.4184,4.523,0.0006999999999999674
EWR-1,10/27/2025,05:50:00 am,0,2025-10-27 05:50:00,8.4184,4.516,0.0006999999999999674
EWR-1,10/27/2025,06:00:00 am,0,2025-10-27 06:00:00,8.4202,4.509,0.0007000000000000562
EWR-1,10/27/2025,06:10:00 am,0,2025-10-27 06:10:00,8.4206,4.502,0.0008000000000000007
EWR-1,10/27/2025,06:20:00 am,0,2025-10-27 06:20:00,8.4206,4.494,0.0006999999999999674
EWR-1,10/27/2025,06:30:00 am,0,2025-10-27 06:30:00,8.4216,4.487,0.0008000000000000007
EWR-1,10/27/2025,06:40:00 am,0,2025-10-27 06:40:00,8.4229,4.479,0.0008000000000000007
EWR-1,10/27/2025,06:50:00 am,0,2025-10-27 06:50:00,8.4227,4.471,0.0006999999999999674
EWR-1,10/27/2025,07:00:00 am,0,2025-10-27 07:00:00,8.4217,4.464,0.0008000000000000007
EWR-1,10/27/2025,07:10:00 am,0,2025-10-27 07:10:00,8.4219,4.456,0.0009000000000000341
EWR-1,10/27/2025,07:20:00 am,0,2025-10-27 07:20:00,8.4218,4.447,0.0008000000000000007
EWR-1,10/27/2025,07:30:00 am,0,2025-10-27 07:30:00,8.4226,4.439,0.0008000000000000007
EWR-1,10/27/2025,07:40:00 am,0,2025-10-27 07:40:00,8.4245,4.431,0.0008000000000000007
EWR-1,10/27/2025,07:50:00 am,0,2025-10-27 07:50:00,8.4263,4.423,0.0009000000000000341
EWR-1,10/27/2025,08:00:00 am,0,2025-10-27 08:00:00,8.4269,4.414,0.0008000000000000007
EWR-1,10/27/2025,08:10:00 am,0,2025-10-27 08:10:00,8.4276,4.406,0.0008999999999999453
EWR-1,10/27/2025,08:20:00 am,0,2025-10-27 08:20:00,8.428,4.397,0.0009000000000000341
EWR-1,10/27/2025,08:30:00 am,0,2025-10-27 08:30:00,8.4305,4.388,0.0008000000000000007
EWR-1,10/27/2025,08:40:00 am,0,2025-10-27 08:40:00,8.432,4.38,0.0008999999999999453
EWR-1,10/27/2025,08:50:00 am,0,2025-10-27 08:50:00,8.4321,4.371,0.0008000000000000007
EWR-1,10/27/2025,09:00:00 am,0,2025-10-27 09:00:00,8.4315,4.363,0.0009000000000000341
EWR-1,10/27/2025,09:10:00 am,0,2025-10-27 09:10:00,8.432,4.354,0.0008000000000000007
EWR-1,10/27/2025,09:20:00 am,0,2025-10-27 09:20:00,8.4314,4.346,0.0008000000000000007
EWR-1,10/27/2025,09:30:00 am,0,2025-10-27 09:30:00,8.431,4.338,0.0008000000000000007
EWR-1,10/27/2025,09:40:00 am,0,2025-10-27 09:40:00,8.4321,4.33,0.0009000000000000341
EWR-1,10/27/2025,09:50:00 am,0,2025-10-27 09:50:00,8.4324,4.321,0.0006999999999999674
EWR-1,10/27/2025,10:00:00 am,0,2025-10-27 10:00:00,8.4313,4.314,0.0008000000000000007
EWR-1,10/27/2025,10:10:00 am,0,2025-10-27 10:10:00,8.4308,4.306,0.0008000000000000007
EWR-1,10/27/2025,10:20:00 am,0,2025-10-27 10:20:00,8.4318,4.298,0.0006999999999999674
EWR-1,10/27/2025,10:30:00 am,0,2025-10-27 10:30:00,8.4291,4.291,0.0007000000000000562
EWR-1,10/27/2025,10:40:00 am,0,2025-10-27 10:40:00,8.428,4.284,0.0006999999999999674
EWR-1,10/27/2025,10:50:00 am,0,2025-10-27 10:50:00,8.4284,4.277,0.0008000000000000007
EWR-1,10/27/2025,11:00:00 am,0,2025-10-27 11:00:00,8.4301,4.269,0.0006000000000000227
EWR-1,10/27/2025,11:10:00 am,0,2025-10-27 11:10:00,8.4299,4.263,0.0006999999999999674
EWR-1,10/27/2025,11:20:00 am,0,2025-10-27 11:20:00,8.4287,4.256,0.0007000000000000562
EWR-1,10/27/2025,11:30:00 am,0,2025-10-27 11:30:00,8.4284,4.249,0.0005999999999999339
EWR-1,10/27/2025,11:40:00 am,0,2025-10-27 11:40:00,8.4286,4.243,0.0004999999999999894
EWR-1,10/27/2025,11:50:00 am,0,2025-10-27 11:50:00,8.4277,4.238,0.0005000000000000782
EWR-1,10/27/2025,12:00:00 pm,0,2025-10-27 12:00:00,8.4271,4.233,0.00039999999999995595
EWR-1,10/27/2025,12:10:00 pm,0,2025-10-27 12:10:00,8.4265,4.229,0.0004999999999999894
EWR-1,10/27/2025,12:20:00 pm,0,2025-10-27 12:20:00,8.4254,4.224,0.00030000000000001136
EWR-1,10/27/2025,12:30:00 pm,0,2025-10-27 12:30:00,8.4253,4.221,0.00040000000000004474
EWR-1,10/27/2025,12:40:00 pm,0,2025-10-27 12:40:00,8.4251,4.217,0.00019999999999997797
EWR-1,10/27/2025,12:50:00 pm,0,2025-10-27 12:50:00,8.4231,4.215,9.999999999994457e-05
EWR-1,10/27/2025,01:00:00 pm,0,2025-10-27 13:00:00,8.4225,4.214,0.0002000000000000668
EWR-1,10/27/2025,01:10:00 pm,0,2025-10-27 13:10:00,8.4215,4.212,9.999999999994457e-05
EWR-1,10/27/2025,01:20:00 pm,0,2025-10-27 13:20:00,8.4197,4.211,0.0001000000000000334
EWR-1,10/27/2025,01:30:00 pm,0,2025-10-27 13:30:00,8.4208,4.21,0.00019999999999997797
EWR-1,10/27/2025,01:40:00 pm,0,2025-10-27 13:40:00,8.4213,4.208,0.0001000000000000334
EWR-1,10/27/2025,01:50:00 pm,0,2025-10-27 13:50:00,8.4208,4.207,9.999999999994457e-05
EWR-1,10/27/2025,02:00:00 pm,0,2025-10-27 14:00:00,8.4202,4.206,0.0001000000000000334
EWR-1,10/27/2025,02:10:00 pm,0,2025-10-27 14:10:00,8.4198,4.205,0.0001000000000000334
EWR-1,10/27/2025,02:20:00 pm,0,2025-10-27 14:20:00,8.4198,4.204,9.999999999994457e-05
EWR-1,10/27/2025,02:30:00 pm,0,2025-10-27 14:30:00,8.4198,4.203,9.999999999994457e-05
EWR-1,10/27/2025,02:40:00 pm,0,2025-10-27 14:40:00,8.4189,4.204,0.0001000000000000334
EWR-1,10/27/2025,02:50:00 pm,0,2025-10-27 14:50:00,8.4181,4.205,0.0001000000000000334
EWR-1,10/27/2025,03:00:00 pm,0,2025-10-27 15:00:00,8.4176,4.206,9.999999999994457e-05
EWR-1,10/27/2025,03:10:00 pm,0,2025-10-27 15:10:00,8.4185,4.207,0.0001000000000000334
EWR-1,10/27/2025,03:20:00 pm,0,2025-10-27 15:20:00,8.4186,4.208,9.999999999994457e-05
EWR-1,10/27/2025,03:30:00 pm,0,2025-10-27 15:30:00,8.4187,4.209,0.0002000000000000668
EWR-1,10/27/2025,03:40:00 pm,0,2025-10-27 15:40:00,8.4197,4.211,9.999999999994457e-05
EWR-1,10/27/2025,03:50:00 pm,0,2025-10-27 15:50:00,8.4199,4.212,0.0001000000000000334
EWR-1,10/27/2025,04:00:00 pm,0,2025-10-27 16:00:00,8.4202,4.213,0.0001000000000000334
EWR-1,10/27/2025,04:10:00 pm,0,2025-10-27 16:10:00,8.4202,4.214,9.999999999994457e-05
EWR-1,10/27/2025,04:20:00 pm,0,2025-10-27 16:20:00,8.42,4.215,0.00019999999999997797
EWR-1,10/27/2025,04:30:00 pm,0,2025-10-27 16:30:00,8.4205,4.217,0.0
EWR-1,10/27/2025,04:40:00 pm,0,2025-10-27 16:40:00,8.4206,4.217,0.0002000000000000668
EWR-1,10/27/2025,04:50:00 pm,0,2025-10-27 16:50:00,8.42,4.219,9.999999999994457e-05
EWR-1,10/27/2025,05:00:00 pm,0,2025-10-27 17:00:00,8.4195,4.22,0.0001000000000000334
EWR-1,10/27/2025,05:10:00 pm,0,2025-10-27 17:10:00,8.4216,4.221,0.0001000000000000334
EWR-1,10/27/2025,05:20:00 pm,0,2025-10-27 17:20:00,8.4226,4.222,9.999999999994457e-05
EWR-1,10/27/2025,05:30:00 pm,0,2025-10-27 17:30:00,8.4233,4.223,0.0001000000000000334
EWR-1,10/27/2025,05:40:00 pm,0,2025-10-27 17:40:00,8.4249,4.224,9.999999999994457e-05
EWR-1,10/27/2025,05:50:00 pm,0,2025-10-27 17:50:00,8.4268,4.225,0.0
EWR-1,10/27/2025,06:00:00 pm,0,2025-10-27 18:00:00,8.4265,4.225,0.0
EWR-1,10/27/2025,06:10:00 pm,0,2025-10-27 18:10:00,8.4276,4.225,0.0
EWR-1,10/27/2025,06:20:00 pm,0,2025-10-27 18:20:00,8.429,4.225,9.999999999994457e-05
EWR-1,10/27/2025,06:30:00 pm,0,2025-10-27 18:30:00,8.4292,4.224,0.0001000000000000334
EWR-1,10/27/2025,06:40:00 pm,0,2025-10-27 18:40:00,8.4304,4.223,9.999999999994457e-05
EWR-1,10/27/2025,06:50:00 pm,0,2025-10-27 18:50:00,8.4312,4.222,0.0002000000000000668
EWR-1,10/27/2025,07:00:00 pm,0,2025-10-27 19:00:00,8.4312,4.22,0.00019999999999997797
EWR-1,10/27/2025,07:10:00 pm,0,2025-10-27 19:10:00,8.4322,4.218,0.00019999999999997797
EWR-1,10/27/2025,07:20:00 pm,0,2025-10-27 19:20:00,8.4334,4.216,0.00019999999999997797
EWR-1,10/27/2025,07:30:00 pm,0,2025-10-27 19:30:00,8.435,4.214,0.00030000000000001136
EWR-1,10/27/2025,07:40:00 pm,0,2025-10-27 19:40:00,8.4364,4.211,0.0002000000000000668
EWR-1,10/27/2025,07:50:00 pm,0,2025-10-27 19:50:00,8.4365,4.209,0.00029999999999992256
EWR-1,10/27/2025,08:00:00 pm,0,2025-10-27 20:00:00,8.4377,4.206,0.0002000000000000668
EWR-1,10/27/2025,08:10:00 pm,0,2025-10-27 20:10:00,8.4388,4.204,0.00030000000000001136
EWR-1,10/27/2025,08:20:00 pm,0,2025-10-27 20:20:00,8.4389,4.201,0.00039999999999995595
EWR-1,10/27/2025,08:30:00 pm,0,2025-10-27 20:30:00,8.4392,4.197,0.00030000000000001136
EWR-1,10/27/2025,08:40:00 pm,0,2025-10-27 20:40:00,8.4394,4.194,0.00039999999999995595
EWR-1,10/27/2025,08:50:00 pm,0,2025-10-27 20:50:00,8.4373,4.19,0.00040000000000004474
EWR-1,10/27/2025,09:00:00 pm,0,2025-10-27 21:00:00,8.4369,4.186,0.00039999999999995595
EWR-1,10/27/2025,09:10:00 pm,0,2025-10-27 21:10:00,8.4382,4.182,0.00040000000000004474
EWR-1,10/27/2025,09:20:00 pm,0,2025-10-27 21:20:00,8.4379,4.178,0.00039999999999995595
EWR-1,10/27/2025,09:30:00 pm,0,2025-10-27 21:30:00,8.4382,4.174,0.0005000000000000782
EWR-1,10/27/2025,09:40:00 pm,0,2025-10-27 21:40:00,8.438,4.169,0.0004999999999999894
EWR-1,10/27/2025,09:50:00 pm,0,2025-10-27 21:50:00,8.4396,4.164,0.0004999999999999894
EWR-1,10/27/2025,10:00:00 pm,0,2025-10-27 22:00:00,8.4396,4.159,0.0004999999999999894
EWR-1,10/27/2025,10:10:00 pm,0,2025-10-27 22:10:00,8.441,4.154,0.0006000000000000227
EWR-1,10/27/2025,10:20:00 pm,0,2025-10-27 22:20:00,8.4414,4.148,0.0004999999999999894
EWR-1,10/27/2025,10:30:00 pm,0,2025-10-27 22:30:00,8.4421,4.143,0.0006000000000000227
EWR-1,10/27/2025,10:40:00 pm,0,2025-10-27 22:40:00,8.4428,4.137,0.0005999999999999339
EWR-1,10/27/2025,10:50:00 pm,0,2025-10-27 22:50:00,8.4429,4.131,0.0006000000000000227
EWR-1,10/27/2025,11:00:00 pm,0,2025-10-27 23:00:00,8.4443,4.125,0.0006000000000000227
EWR-1,10/27/2025,11:10:00 pm,0,2025-10-27 23:10:00,8.4444,4.119,0.0005999999999999339
EWR-1,10/27/2025,11:20:00 pm,0,2025-10-27 23:20:00,8.4433,4.113,0.0007000000000000562
EWR-1,10/27/2025,11:30:00 pm,0,2025-10-27 23:30:00,8.4427,4.106,0.0006999999999999674
EWR-1,10/27/2025,11:40:00 pm,0,2025-10-27 23:40:00,8.4417,4.099,0.0007000000000000562
EWR-1,10/27/2025,11:50:00 pm,0,2025-10-27 23:50:00,8.4417,4.092,0.0008000000000000007
EWR-1,10/28/2025,12:00:00 am,0,2025-10-28 00:00:00,8.4412,4.084,0.0008000000000000007
EWR-1,10/28/2025,12:10:00 am,0,2025-10-28 00:10:00,8.4403,4.076,0.0006999999999999674
EWR-1,10/28/2025,12:20:00 am,0,2025-10-28 00:20:00,8.4402,4.069,0.0008000000000000007
EWR-1,10/28/2025,12:30:00 am,0,2025-10-28 00:30:00,8.4406,4.061,0.0008000000000000007
EWR-1,10/28/2025,12:40:00 am,0,2025-10-28 00:40:00,8.4402,4.053,0.0008000000000000007
EWR-1,10/28/2025,12:50:00 am,0,2025-10-28 00:50:00,8.4399,4.045,0.0008000000000000007
EWR-1,10/28/2025,01:00:00 am,0,2025-10-28 01:00:00,8.4398,4.037,0.0008000000000000007
EWR-1,10/28/2025,01:10:00 am,0,2025-10-28 01:10:00,8.4406,4.029,0.0009000000000000341
EWR-1,10/28/2025,01:20:00 am,0,2025-10-28 01:20:00,8.4405,4.02,0.0008999999999999453
EWR-1,10/28/2025,01:30:00 am,0,2025-10-28 01:30:00,8.4411,4.011,0.0008000000000000007
EWR-1,10/28/2025,01:40:00 am,0,2025-10-28 01:40:00,8.4398,4.003,0.0008000000000000007
EWR-1,10/28/2025,01:50:00 am,0,2025-10-28 01:50:00,8.4392,3.995,0.0008999999999999897
EWR-1,10/28/2025,02:00:00 am,0,2025-10-28 02:00:00,8.4382,3.986,0.0009000000000000341
EWR-1,10/28/2025,02:10:00 am,0,2025-10-28 02:10:00,8.4379,3.977,0.0008999999999999897
EWR-1,10/28/2025,02:20:00 am,0,2025-10-28 02:20:00,8.4373,3.968,0.0008999999999999897
EWR-1,10/28/2025,02:30:00 am,0,2025-10-28 02:30:00,8.4377,3.959,0.0008999999999999897
EWR-1,10/28/2025,02:40:00 am,0,2025-10-28 02:40:00,8.4374,3.95,0.0008000000000000007
EWR-1,10/28/2025,02:50:00 am,0,2025-10-28 02:50:00,8.436,3.942,0.0009000000000000341
EWR-1,10/28/2025,03:00:00 am,0,2025-10-28 03:00:00,8.4357,3.933,0.0008000000000000007
EWR-1,10/28/2025,03:10:00 am,0,2025-10-28 03:10:00,8.4361,3.925,0.0008999999999999897
EWR-1,10/28/2025,03:20:00 am,0,2025-10-28 03:20:00,8.436,3.916,0.0009999999999999788
EWR-1,10/28/2025,03:30:00 am,0,2025-10-28 03:30:00,8.4366,3.906,0.001000000000000023
EWR-1,10/28/2025,03:40:00 am,0,2025-10-28 03:40:00,8.4361,3.896,0.0007000000000000117
EWR-1,10/28/2025,03:50:00 am,0,2025-10-28 03:50:00,8.4357,3.889,0.0008999999999999897
EWR-1,10/28/2025,04:00:00 am,0,2025-10-28 04:00:00,8.4354,3.88,0.0008000000000000007
EWR-1,10/28/2025,04:10:00 am,0,2025-10-28 04:10:00,8.4346,3.872,0.0006999999999999674
EWR-1,10/28/2025,04:20:00 am,0,2025-10-28 04:20:00,8.4344,3.865,0.0009000000000000341
EWR-1,10/28/2025,04:30:00 am,0,2025-10-28 04:30:00,8.4336,3.856,0.0008000000000000007
EWR-1,10/28/2025,04:40:00 am,0,2025-10-28 04:40:00,8.4333,3.848,0.0008999999999999897
EWR-1,10/28/2025,04:50:00 am,0,2025-10-28 04:50:00,8.4339,3.839,0.0008999999999999897
EWR-1,10/28/2025,05:00:00 am,0,2025-10-28 05:00:00,8.4339,3.83,0.001000000000000023
EWR-1,10/28/2025,05:10:00 am,0,2025-10-28 05:10:00,8.4344,3.82,0.0008999999999999897
EWR-1,10/28/2025,05:20:00 am,0,2025-10-28 05:20:00,8.4345,3.811,0.0008999999999999897
EWR-1,10/28/2025,05:30:00 am,0,2025-10-28 05:30:00,8.4342,3.802,0.0008999999999999897
EWR-1,10/28/2025,05:40:00 am,0,2025-10-28 05:40:00,8.435,3.793,0.0009000000000000341
EWR-1,10/28/2025,05:50:00 am,0,2025-10-28 05:50:00,8.4358,3.784,0.0008999999999999897
EWR-1,10/28/2025,06:00:00 am,0,2025-10-28 06:00:00,8.4365,3.775,0.0008999999999999897
EWR-1,10/28/2025,06:10:00 am,0,2025-10-28 06:10:00,8.4365,3.766,0.0008000000000000007
EWR-1,10/28/2025,06:20:00 am,0,2025-10-28 06:20:00,8.4373,3.758,0.0009999999999999788
EWR-1,10/28/2025,06:30:00 am,0,2025-10-28 06:30:00,8.4374,3.748,0.0008000000000000007
EWR-1,10/28/2025,06:40:00 am,0,2025-10-28 06:40:00,8.4371,3.74,0.0009000000000000341
EWR-1,10/28/2025,06:50:00 am,0,2025-10-28 06:50:00,8.437,3.731,0.0008999999999999897
EWR-1,10/28/2025,07:00:00 am,0,2025-10-28 07:00:00,8.4365,3.722,0.0008999999999999897
EWR-1,10/28/2025,07:10:00 am,0,2025-10-28 07:10:00,8.4372,3.713,0.0008999999999999897
EWR-1,10/28/2025,07:20:00 am,0,2025-10-28 07:20:00,8.4383,3.704,0.001000000000000023
EWR-1,10/28/2025,07:30:00 am,0,2025-10-28 07:30:00,8.4379,3.694,0.0008000000000000007
EWR-1,10/28/2025,07:40:00 am,0,2025-10-28 07:40:00,8.4381,3.686,0.0007000000000000117
EWR-1,10/28/2025,07:50:00 am,0,2025-10-28 07:50:00,8.4387,3.679,0.0008000000000000007
EWR-1,10/28/2025,08:00:00 am,0,2025-10-28 08:00:00,8.4381,3.671,0.0008000000000000007
EWR-1,10/28/2025,08:10:00 am,0,2025-10-28 08:10:00,8.4392,3.663,0.0008999999999999897
EWR-1,10/28/2025,08:20:00 am,0,2025-10-28 08:20:00,8.4398,3.654,0.0008000000000000007
EWR-1,10/28/2025,08:30:00 am,0,2025-10-28 08:30:00,8.44,3.646,0.0008000000000000007
EWR-1,10/28/2025,08:40:00 am,0,2025-10-28 08:40:00,8.4402,3.638,0.0008000000000000007
EWR-1,10/28/2025,08:50:00 am,0,2025-10-28 08:50:00,8.4403,3.63,0.0009999999999999788
EWR-1,10/28/2025,09:00:00 am,0,2025-10-28 09:00:00,8.4408,3.62,0.0008999999999999897
EWR-1,10/28/2025,09:10:00 am,0,2025-10-28 09:10:00,8.441,3.611,0.0009000000000000341
EWR-1,10/28/2025,09:20:00 am,0,2025-10-28 09:20:00,8.4413,3.602,0.0008000000000000007
EWR-1,10/28/2025,09:30:00 am,0,2025-10-28 09:30:00,8.4415,3.594,0.0008000000000000007
EWR-1,10/28/2025,09:40:00 am,0,2025-10-28 09:40:00,8.4418,3.586,0.0006999999999999674
EWR-1,10/28/2025,09:50:00 am,0,2025-10-28 09:50:00,8.4422,3.579,0.0007000000000000117
EWR-1,10/28/2025,10:00:00 am,0,2025-10-28 10:00:00,8.4425,3.572,0.0006000000000000227
EWR-1,10/28/2025,10:10:00 am,0,2025-10-28 10:10:00,8.4421,3.566,0.0005999999999999784
EWR-1,10/28/2025,10:20:00 am,0,2025-10-28 10:20:00,8.4422,3.56,0.0007000000000000117
EWR-1,10/28/2025,10:30:00 am,0,2025-10-28 10:30:00,8.4416,3.553,0.0004999999999999894
EWR-1,10/28/2025,10:40:00 am,0,2025-10-28 10:40:00,8.4409,3.548,0.0004999999999999894
EWR-1,10/28/2025,10:50:00 am,0,2025-10-28 10:50:00,8.4413,3.543,0.00040000000000000034
EWR-1,10/28/2025,11:00:00 am,0,2025-10-28 11:00:00,8.4405,3.539,0.0005000000000000337
EWR-1,10/28/2025,11:10:00 am,0,2025-10-28 11:10:00,8.4401,3.534,0.0005999999999999784
EWR-1,10/28/2025,11:20:00 am,0,2025-10-28 11:20:00,8.4391,3.528,0.0006000000000000227
EWR-1,10/28/2025,11:30:00 am,0,2025-10-28 11:30:00,8.4384,3.522,0.00019999999999997797
EWR-1,10/28/2025,11:40:00 am,0,2025-10-28 11:40:00,8.4377,3.52,0.00030000000000001136
EWR-1,10/28/2025,11:50:00 am,0,2025-10-28 11:50:00,8.4372,3.517,0.00019999999999997797
EWR-1,10/28/2025,12:00:00 pm,0,2025-10-28 12:00:00,8.4361,3.515,0.00020000000000002237
EWR-1,10/28/2025,12:10:00 pm,0,2025-10-28 12:10:00,8.4356,3.513,0.00019999999999997797
EWR-1,10/28/2025,12:20:00 pm,0,2025-10-28 12:20:00,8.4352,3.511,0.0
EWR-1,10/28/2025,12:30:00 pm,0,2025-10-28 12:30:00,8.4349,3.511,0.0
EWR-1,10/28/2025,12:40:00 pm,0,2025-10-28 12:40:00,8.434,3.511,9.999999999998899e-05
EWR-1,10/28/2025,12:50:00 pm,0,2025-10-28 12:50:00,8.4329,3.512,0.00019999999999997797
EWR-1,10/28/2025,01:00:00 pm,0,2025-10-28 13:00:00,8.4326,3.514,0.00020000000000002237
EWR-1,10/28/2025,01:10:00 pm,0,2025-10-28 13:10:00,8.4322,3.516,0.00030000000000001136
EWR-1,10/28/2025,01:20:00 pm,0,2025-10-28 13:20:00,8.4307,3.519,0.00040000000000000034
EWR-1,10/28/2025,01:30:00 pm,0,2025-10-28 13:30:00,8.4297,3.523,0.00019999999999997797
EWR-1,10/28/2025,01:40:00 pm,0,2025-10-28 13:40:00,8.4291,3.525,0.00030000000000001136
EWR-1,10/28/2025,01:50:00 pm,0,2025-10-28 13:50:00,8.4285,3.528,0.00040000000000000034
EWR-1,10/28/2025,02:00:00 pm,0,2025-10-28 14:00:00,8.428,3.532,0.00040000000000000034
EWR-1,10/28/2025,02:10:00 pm,0,2025-10-28 14:10:00,8.428,3.536,0.00030000000000001136
EWR-1,10/28/2025,02:20:00 pm,0,2025-10-28 14:20:00,8.4271,3.539,0.0004999999999999894
EWR-1,10/28/2025,02:30:00 pm,0,2025-10-28 14:30:00,8.4269,3.544,0.0004999999999999894
EWR-1,10/28/2025,02:40:00 pm,0,2025-10-28 14:40:00,8.426,3.549,0.0007000000000000117
EWR-1,10/28/2025,02:50:00 pm,0,2025-10-28 14:50:00,8.4263,3.556,0.0008000000000000007
EWR-1,10/28/2025,03:00:00 pm,0,2025-10-28 15:00:00,8.4263,3.564,0.0004999999999999894
EWR-1,10/28/2025,03:10:00 pm,0,2025-10-28 15:10:00,8.4257,3.569,0.0007000000000000117
EWR-1,10/28/2025,03:20:00 pm,0,2025-10-28 15:20:00,8.4264,3.576,0.0005999999999999784
EWR-1,10/28/2025,03:30:00 pm,0,2025-10-28 15:30:00,8.4267,3.582,0.0009000000000000341
EWR-1,10/28/2025,03:40:00 pm,0,2025-10-28 15:40:00,8.4275,3.591,0.0006999999999999674
EWR-1,10/28/2025,03:50:00 pm,0,2025-10-28 15:50:00,8.4281,3.598,0.0007000000000000117
EWR-1,10/28/2025,04:00:00 pm,0,2025-10-28 16:00:00,8.4285,3.605,0.0006000000000000227
EWR-1,10/28/2025,04:10:00 pm,0,2025-10-28 16:10:00,8.4283,3.611,0.0005999999999999784
EWR-1,10/28/2025,04:20:00 pm,0,2025-10-28 16:20:00,8.4289,3.617,0.0007000000000000117
EWR-1,10/28/2025,04:30:00 pm,0,2025-10-28 16:30:00,8.4295,3.624,0.0005999999999999784
EWR-1,10/28/2025,04:40:00 pm,0,2025-10-28 16:40:00,8.4297,3.63,0.0004999999999999894
EWR-1,10/28/2025,04:50:00 pm,0,2025-10-28 16:50:00,8.4304,3.635,0.0007000000000000117
EWR-1,10/28/2025,05:00:00 pm,0,2025-10-28 17:00:00,8.4305,3.642,0.0006000000000000227
EWR-1,10/28/2025,05:10:00 pm,0,2025-10-28 17:10:00,8.4307,3.648,0.0005999999999999784
EWR-1,10/28/2025,05:20:00 pm,0,2025-10-28 17:20:00,8.4312,3.654,0.0006000000000000227
EWR-1,10/28/2025,05:30:00 pm,0,2025-10-28 17:30:00,8.4325,3.66,0.0004999999999999894
EWR-1,10/28/2025,05:40:00 pm,0,2025-10-28 17:40:00,8.4325,3.665,0.0004999999999999894
EWR-1,10/28/2025,05:50:00 pm,0,2025-10-28 17:50:00,8.4332,3.67,0.00030000000000001136
EWR-1,10/28/2025,06:00:00 pm,0,2025-10-28 18:00:00,8.4335,3.673,0.00030000000000001136
EWR-1,10/28/2025,06:10:00 pm,0,2025-10-28 18:10:00,8.4344,3.676,0.00029999999999996696
EWR-1,10/28/2025,06:20:00 pm,0,2025-10-28 18:20:00,8.4348,3.679,0.00030000000000001136
EWR-1,10/28/2025,06:30:00 pm,0,2025-10-28 18:30:00,8.4354,3.682,0.00030000000000001136
EWR-1,10/28/2025,06:40:00 pm,0,2025-10-28 18:40:00,8.4366,3.685,0.00030000000000001136
EWR-1,10/28/2025,06:50:00 pm,0,2025-10-28 18:50:00,8.437,3.688,0.00019999999999997797
EWR-1,10/28/2025,07:00:00 pm,0,2025-10-28 19:00:00,8.4376,3.69,9.999999999998899e-05
EWR-1,10/28/2025,07:10:00 pm,0,2025-10-28 19:10:00,8.4379,3.691,0.00020000000000002237
EWR-1,10/28/2025,07:20:00 pm,0,2025-10-28 19:20:00,8.439,3.693,9.999999999998899e-05
EWR-1,10/28/2025,07:30:00 pm,0,2025-10-28 19:30:00,8.4393,3.694,0.0
EWR-1,10/28/2025,07:40:00 pm,0,2025-10-28 19:40:00,8.4396,3.694,0.0
EWR-1,10/28/2025,07:50:00 pm,0,2025-10-28 19:50:00,8.4397,3.694,9.999999999998899e-05
EWR-1,10/28/2025,08:00:00 pm,0,2025-10-28 20:00:00,8.4398,3.695,0.0001000000000000334
EWR-1,10/28/2025,08:10:00 pm,0,2025-10-28 20:10:00,8.4399,3.696,0.0001000000000000334
EWR-1,10/28/2025,08:20:00 pm,0,2025-10-28 20:20:00,8.44,3.695,9.999999999998899e-05
EWR-1,10/28/2025,08:30:00 pm,0,2025-10-28 20:30:00,8.4401,3.694,0.0
EWR-1,10/28/2025,08:40:00 pm,0,2025-10-28 20:40:00,8.4398,3.694,0.0
EWR-1,10/28/2025,08:50:00 pm,0,2025-10-28 20:50:00,8.4401,3.694,0.00019999999999997797
EWR-1,10/28/2025,09:00:00 pm,0,2025-10-28 21:00:00,8.4405,3.692,0.0001000000000000334
EWR-1,10/28/2025,09:10:00 pm,0,2025-10-28 21:10:00,8.4406,3.691,9.999999999998899e-05
EWR-1,10/28/2025,09:20:00 pm,0,2025-10-28 21:20:00,8.441,3.69,0.00019999999999997797
EWR-1,10/28/2025,09:30:00 pm,0,2025-10-28 21:30:00,8.4414,3.688,0.0001000000000000334
EWR-1,10/28/2025,09:40:00 pm,0,2025-10-28 21:40:00,8.4422,3.687,0.00029999999999996696
EWR-1,10/28/2025,09:50:00 pm,0,2025-10-28 21:50:00,8.4428,3.684,0.00020000000000002237
EWR-1,10/28/2025,10:00:00 pm,0,2025-10-28 22:00:00,8.4431,3.682,0.00019999999999997797
EWR-1,10/28/2025,10:10:00 pm,0,2025-10-28 22:10:00,8.4434,3.68,0.00020000000000002237
EWR-1,10/28/2025,10:20:00 pm,0,2025-10-28 22:20:00,8.4439,3.678,9.999999999998899e-05
EWR-1,10/28/2025,10:30:00 pm,0,2025-10-28 22:30:00,8.4437,3.677,0.00020000000000002237
EWR-1,10/28/2025,10:40:00 pm,0,2025-10-28 22:40:00,8.4435,3.675,9.999999999998899e-05
EWR-1,10/28/2025,10:50:00 pm,0,2025-10-28 22:50:00,8.4436,3.674,0.00019999999999997797
EWR-1,10/28/2025,11:00:00 pm,0,2025-10-28 23:00:00,8.4431,3.672,0.00020000000000002237
EWR-1,10/28/2025,11:10:00 pm,0,2025-10-28 23:10:00,8.4439,3.67,0.00030000000000001136
EWR-1,10/28/2025,11:20:00 pm,0,2025-10-28 23:20:00,8.4441,3.667,0.00029999999999996696
EWR-1,10/28/2025,11:30:00 pm,0,2025-10-28 23:30:00,8.4443,3.664,0.00030000000000001136
EWR-1,10/28/2025,11:40:00 pm,0,2025-10-28 23:40:00,8.4442,3.661,0.00030000000000001136
EWR-1,10/28/2025,11:50:00 pm,0,2025-10-28 23:50:00,8.4435,3.658,0.00030000000000001136
EWR-1,10/29/2025,12:00:00 am,0,2025-10-29 00:00:00,8.4432,3.655,0.00029999999999996696
EWR-1,10/29/2025,12:10:00 am,0,2025-10-29 00:10:00,8.442,3.652,0.00030000000000001136
EWR-1,10/29/2025,12:20:00 am,0,2025-10-29 00:20:00,8.442,3.649,0.00030000000000001136
EWR-1,10/29/2025,12:30:00 am,0,2025-10-29 00:30:00,8.4425,3.646,0.00019999999999997797
EWR-1,10/29/2025,12:40:00 am,0,2025-10-29 00:40:00,8.4426,3.644,0.00040000000000000034
EWR-1,10/29/2025,12:50:00 am,0,2025-10-29 00:50:00,8.4418,3.64,0.00030000000000001136
EWR-1,10/29/2025,01:00:00 am,0,2025-10-29 01:00:00,8.4418,3.637,0.00030000000000001136
EWR-1,10/29/2025,01:10:00 am,0,2025-10-29 01:10:00,8.441,3.634,0.00030000000000001136
EWR-1,10/29/2025,01:20:00 am,0,2025-10-29 01:20:00,8.4401,3.631,0.00029999999999996696
EWR-1,10/29/2025,01:30:00 am,0,2025-10-29 01:30:00,8.44,3.628,0.00030000000000001136
EWR-1,10/29/2025,01:40:00 am,0,2025-10-29 01:40:00,8.4404,3.625,0.00030000000000001136
EWR-1,10/29/2025,01:50:00 am,0,2025-10-29 01:50:00,8.4401,3.622,0.00029999999999996696
EWR-1,10/29/2025,02:00:00 am,0,2025-10-29 02:00:00,8.4402,3.619,0.00030000000000001136
EWR-1,10/29/2025,02:10:00 am,0,2025-10-29 02:10:00,8.4406,3.616,0.00030000000000001136
EWR-1,10/29/2025,02:20:00 am,0,2025-10-29 02:20:00,8.4407,3.613,0.00040000000000000034
EWR-1,10/29/2025,02:30:00 am,0,2025-10-29 02:30:00,8.4404,3.609,0.00030000000000001136
EWR-1,10/29/2025,02:40:00 am,0,2025-10-29 02:40:00,8.4404,3.606,0.00040000000000000034
EWR-1,10/29/2025,02:50:00 am,0,2025-10-29 02:50:00,8.4407,3.602,0.00040000000000000034
EWR-1,10/29/2025,03:00:00 am,0,2025-10-29 03:00:00,8.4405,3.598,0.00040000000000000034
EWR-1,10/29/2025,03:10:00 am,0,2025-10-29 03:10:00,8.4409,3.594,0.00040000000000000034
EWR-1,10/29/2025,03:20:00 am,0,2025-10-29 03:20:00,8.4406,3.59,0.00040000000000000034
EWR-1,10/29/2025,03:30:00 am,0,2025-10-29 03:30:00,8.441,3.586,0.00040000000000000034
EWR-1,10/29/2025,03:40:00 am,0,2025-10-29 03:40:00,8.4405,3.582,0.00040000000000000034
EWR-1,10/29/2025,03:50:00 am,0,2025-10-29 03:50:00,8.4397,3.578,0.00029999999999996696
EWR-1,10/29/2025,04:00:00 am,0,2025-10-29 04:00:00,8.4384,3.575,0.00040000000000000034
EWR-1,10/29/2025,04:10:00 am,0,2025-10-29 04:10:00,8.4381,3.571,0.00040000000000000034
EWR-1,10/29/2025,04:20:00 am,0,2025-10-29 04:20:00,8.4378,3.567,0.00030000000000001136
EWR-1,10/29/2025,04:30:00 am,0,2025-10-29 04:30:00,8.4376,3.564,0.0004999999999999894
EWR-1,10/29/2025,04:40:00 am,0,2025-10-29 04:40:00,8.4361,3.559,0.00030000000000001136
EWR-1,10/29/2025,04:50:00 am,0,2025-10-29 04:50:00,8.4351,3.556,0.00040000000000000034
EWR-1,10/29/2025,05:00:00 am,0,2025-10-29 05:00:00,8.4345,3.552,0.0004999999999999894
EWR-1,10/29/2025,05:10:00 am,0,2025-10-29 05:10:00,8.4352,3.547,0.00040000000000000034
EWR-1,10/29/2025,05:20:00 am,0,2025-10-29 05:20:00,8.4364,3.543,0.0001000000000000334
EWR-1,10/29/2025,05:30:00 am,0,2025-10-29 05:30:00,8.4369,3.542,0.00029999999999996696
EWR-1,10/29/2025,05:40:00 am,0,2025-10-29 05:40:00,8.4363,3.539,0.00040000000000000034
EWR-1,10/29/2025,05:50:00 am,0,2025-10-29 05:50:00,8.4372,3.535,0.00040000000000000034
EWR-1,10/29/2025,06:00:00 am,0,2025-10-29 06:00:00,8.4368,3.531,0.00040000000000000034
EWR-1,10/29/2025,06:10:00 am,0,2025-10-29 06:10:00,8.4371,3.527,0.0001000000000000334
EWR-1,10/29/2025,06:20:00 am,0,2025-10-29 06:20:00,8.4369,3.526,0.0004999999999999894
EWR-1,10/29/2025,06:30:00 am,0,2025-10-29 06:30:00,8.4375,3.521,0.0004999999999999894
EWR-1,10/29/2025,06:40:00 am,0,2025-10-29 06:40:00,8.4372,3.516,0.0004999999999999894
EWR-1,10/29/2025,06:50:00 am,0,2025-10-29 06:50:00,8.4373,3.511,0.00030000000000001136
EWR-1,10/29/2025,07:00:00 am,0,2025-10-29 07:00:00,8.4372,3.508,0.00030000000000001136
EWR-1,10/29/2025,07:10:00 am,0,2025-10-29 07:10:00,8.4366,3.505,0.00030000000000001136
EWR-1,10/29/2025,07:20:00 am,0,2025-10-29 07:20:00,8.436,3.502,0.00039999999999995595
EWR-1,10/29/2025,07:30:00 am,0,2025-10-29 07:30:00,8.4356,3.498,0.00040000000000000034
EWR-1,10/29/2025,07:40:00 am,0,2025-10-29 07:40:00,8.4356,3.494,0.00030000000000001136
EWR-1,10/29/2025,07:50:00 am,0,2025-10-29 07:50:00,8.4365,3.491,0.00040000000000000034
EWR-1,10/29/2025,08:00:00 am,0,2025-10-29 08:00:00,8.4358,3.487,0.00040000000000000034
EWR-1,10/29/2025,08:10:00 am,0,2025-10-29 08:10:00,8.4359,3.483,0.00030000000000001136
EWR-1,10/29/2025,08:20:00 am,0,2025-10-29 08:20:00,8.4367,3.48,0.00040000000000000034
EWR-1,10/29/2025,08:30:00 am,0,2025-10-29 08:30:00,8.4385,3.476,0.00030000000000001136
EWR-1,10/29/2025,08:40:00 am,0,2025-10-29 08:40:00,8.4398,3.473,0.00029999999999996696
EWR-1,10/29/2025,08:50:00 am,0,2025-10-29 08:50:00,8.4399,3.47,0.00020000000000002237
EWR-1,10/29/2025,09:00:00 am,0,2025-10-29 09:00:00,8.4392,3.468,0.00040000000000000034
EWR-1,10/29/2025,09:10:00 am,0,2025-10-29 09:10:00,8.4381,3.464,0.00040000000000000034
EWR-1,10/29/2025,09:20:00 am,0,2025-10-29 09:20:00,8.4381,3.46,0.00030000000000001136
EWR-1,10/29/2025,09:30:00 am,0,2025-10-29 09:30:00,8.4382,3.457,0.00029999999999996696
EWR-1,10/29/2025,09:40:00 am,0,2025-10-29 09:40:00,8.4369,3.454,0.00030000000000001136
EWR-1,10/29/2025,09:50:00 am,0,2025-10-29 09:50:00,8.4366,3.451,0.00030000000000001136
EWR-1,10/29/2025,10:00:00 am,0,2025-10-29 10:00:00,8.436,3.448,0.00030000000000001136
EWR-1,10/29/2025,10:10:00 am,0,2025-10-29 10:10:00,8.4357,3.445,9.999999999998899e-05
EWR-1,10/29/2025,10:20:00 am,0,2025-10-29 10:20:00,8.4356,3.444,0.00040000000000000034
EWR-1,10/29/2025,10:30:00 am,0,2025-10-29 10:30:00,8.4349,3.44,0.00030000000000001136
EWR-1,10/29/2025,10:40:00 am,0,2025-10-29 10:40:00,8.4346,3.437,0.00029999999999996696
EWR-1,10/29/2025,10:50:00 am,0,2025-10-29 10:50:00,8.4336,3.434,0.0
EWR-1,10/29/2025,11:00:00 am,0,2025-10-29 11:00:00,8.4316,3.434,0.0
EWR-1,10/29/2025,11:10:00 am,0,2025-10-29 11:10:00,8.4311,3.434,0.00030000000000001136
EWR-1,10/29/2025,11:20:00 am,0,2025-10-29 11:20:00,8.4308,3.431,9.999999999998899e-05
EWR-1,10/29/2025,11:30:00 am,0,2025-10-29 11:30:00,8.4304,3.43,0.0001000000000000334
EWR-1,10/29/2025,11:40:00 am,0,2025-10-29 11:40:00,8.4301,3.429,9.999999999998899e-05
EWR-1,10/29/2025,11:50:00 am,0,2025-10-29 11:50:00,8.4289,3.428,0.0
EWR-1,10/29/2025,12:00:00 pm,0,2025-10-29 12:00:00,8.4274,3.428,0.00020000000000002237
EWR-1,10/29/2025,12:10:00 pm,0,2025-10-29 12:10:00,8.4262,3.43,0.00019999999999997797
EWR-1,10/29/2025,12:20:00 pm,0,2025-10-29 12:20:00,8.4246,3.432,9.999999999998899e-05
EWR-1,10/29/2025,12:30:00 pm,0,2025-10-29 12:30:00,8.4239,3.433,0.00030000000000001136
EWR-1,10/29/2025,12:40:00 pm,0,2025-10-29 12:40:00,8.4226,3.436,9.999999999998899e-05
EWR-1,10/29/2025,12:50:00 pm,0,2025-10-29 12:50:00,8.422,3.437,0.00040000000000000034
EWR-1,10/29/2025,01:00:00 pm,0,2025-10-29 13:00:00,8.4206,3.441,0.0006000000000000227
EWR-1,10/29/2025,01:10:00 pm,0,2025-10-29 13:10:00,8.4197,3.447,0.0005999999999999784
EWR-1,10/29/2025,01:20:00 pm,0,2025-10-29 13:20:00,8.4179,3.453,0.00030000000000001136
EWR-1,10/29/2025,01:30:00 pm,0,2025-10-29 13:30:00,8.4173,3.456,0.0004999999999999894
EWR-1,10/29/2025,01:40:00 pm,0,2025-10-29 13:40:00,8.4164,3.461,0.0005000000000000337
EWR-1,10/29/2025,01:50:00 pm,0,2025-10-29 13:50:00,8.4154,3.466,0.00040000000000000034
EWR-1,10/29/2025,02:00:00 pm,0,2025-10-29 14:00:00,8.4145,3.47,0.0005999999999999784
EWR-1,10/29/2025,02:10:00 pm,0,2025-10-29 14:10:00,8.4132,3.476,0.00040000000000000034
EWR-1,10/29/2025,02:20:00 pm,0,2025-10-29 14:20:00,8.4128,3.48,0.0007000000000000117
EWR-1,10/29/2025,02:30:00 pm,0,2025-10-29 14:30:00,8.4123,3.487,0.0007000000000000117
EWR-1,10/29/2025,02:40:00 pm,0,2025-10-29 14:40:00,8.4117,3.494,0.0007999999999999563
EWR-1,10/29/2025,02:50:00 pm,0,2025-10-29 14:50:00,8.4104,3.502,0.0009000000000000341
EWR-1,10/29/2025,03:00:00 pm,0,2025-10-29 15:00:00,8.4098,3.511,0.0008000000000000007
EWR-1,10/29/2025,03:10:00 pm,0,2025-10-29 15:10:00,8.4093,3.519,0.0006999999999999674
EWR-1,10/29/2025,03:20:00 pm,0,2025-10-29 15:20:00,8.4092,3.526,0.0009000000000000341
EWR-1,10/29/2025,03:30:00 pm,0,2025-10-29 15:30:00,8.4091,3.535,0.0008999999999999897
EWR-1,10/29/2025,03:40:00 pm,0,2025-10-29 15:40:00,8.4085,3.544,0.0008999999999999897
EWR-1,10/29/2025,03:50:00 pm,0,2025-10-29 15:50:00,8.4082,3.553,0.0008000000000000007
EWR-1,10/29/2025,04:00:00 pm,0,2025-10-29 16:00:00,8.408,3.561,0.0008000000000000007
EWR-1,10/29/2025,04:10:00 pm,0,2025-10-29 16:10:00,8.4083,3.569,0.0007000000000000117
EWR-1,10/29/2025,04:20:00 pm,0,2025-10-29 16:20:00,8.4084,3.576,0.0008000000000000007
EWR-1,10/29/2025,04:30:00 pm,0,2025-10-29 16:30:00,8.4089,3.584,0.0008000000000000007
EWR-1,10/29/2025,04:40:00 pm,0,2025-10-29 16:40:00,8.4092,3.592,0.0008000000000000007
EWR-1,10/29/2025,04:50:00 pm,0,2025-10-29 16:50:00,8.4086,3.6,0.0007000000000000117
EWR-1,10/29/2025,05:00:00 pm,0,2025-10-29 17:00:00,8.4083,3.607,0.0005999999999999784
EWR-1,10/29/2025,05:10:00 pm,0,2025-10-29 17:10:00,8.4082,3.613,0.0006000000000000227
EWR-1,10/29/2025,05:20:00 pm,0,2025-10-29 17:20:00,8.4088,3.619,0.0004999999999999894
EWR-1,10/29/2025,05:30:00 pm,0,2025-10-29 17:30:00,8.4095,3.624,0.0005999999999999784
EWR-1,10/29/2025,05:40:00 pm,0,2025-10-29 17:40:00,8.4098,3.63,0.00040000000000000034
EWR-1,10/29/2025,05:50:00 pm,0,2025-10-29 17:50:00,8.4098,3.634,0.00040000000000000034
EWR-1,10/29/2025,06:00:00 pm,0,2025-10-29 18:00:00,8.4099,3.638,0.00030000000000001136
EWR-1,10/29/2025,06:10:00 pm,0,2025-10-29 18:10:00,8.4102,3.641,0.00030000000000001136
EWR-1,10/29/2025,06:20:00 pm,0,2025-10-29 18:20:00,8.4115,3.644,0.00019999999999997797
EWR-1,10/29/2025,06:30:00 pm,0,2025-10-29 18:30:00,8.4119,3.646,0.00020000000000002237
EWR-1,10/29/2025,06:40:00 pm,0,2025-10-29 18:40:00,8.4131,3.648,0.0
EWR-1,10/29/2025,06:50:00 pm,0,2025-10-29 18:50:00,8.4134,3.648,9.999999999998899e-05
EWR-1,10/29/2025,07:00:00 pm,0,2025-10-29 19:00:00,8.4133,3.649,9.999999999998899e-05
EWR-1,10/29/2025,07:10:00 pm,0,2025-10-29 19:10:00,8.4126,3.65,0.0
EWR-1,10/29/2025,07:20:00 pm,0,2025-10-29 19:20:00,8.4124,3.65,0.0
EWR-1,10/29/2025,07:30:00 pm,0,2025-10-29 19:30:00,8.4123,3.65,0.0
EWR-1,10/29/2025,07:40:00 pm,0,2025-10-29 19:40:00,8.4124,3.65,0.00019999999999997797
EWR-1,10/29/2025,07:50:00 pm,0,2025-10-29 19:50:00,8.4128,3.648,0.0001000000000000334
EWR-1,10/29/2025,08:00:00 pm,0,2025-10-29 20:00:00,8.4132,3.647,0.0
EWR-1,10/29/2025,08:10:00 pm,0,2025-10-29 20:10:00,8.413,3.647,9.999999999998899e-05
EWR-1,10/29/2025,08:20:00 pm,0,2025-10-29 20:20:00,8.4131,3.646,0.00019999999999997797
EWR-1,10/29/2025,08:30:00 pm,0,2025-10-29 20:30:00,8.4127,3.644,0.0001000000000000334
EWR-1,10/29/2025,08:40:00 pm,0,2025-10-29 20:40:00,8.4123,3.643,0.00019999999999997797
EWR-1,10/29/2025,08:50:00 pm,0,2025-10-29 20:50:00,8.4122,3.641,0.00020000000000002237
EWR-1,10/29/2025,09:00:00 pm,0,2025-10-29 21:00:00,8.4132,3.639,9.999999999998899e-05
EWR-1,10/29/2025,09:10:00 pm,0,2025-10-29 21:10:00,8.4138,3.638,0.00019999999999997797
EWR-1,10/29/2025,09:20:00 pm,0,2025-10-29 21:20:00,8.4136,3.636,0.00020000000000002237
EWR-1,10/29/2025,09:30:00 pm,0,2025-10-29 21:30:00,8.4138,3.634,0.00019999999999997797
EWR-1,10/29/2025,09:40:00 pm,0,2025-10-29 21:40:00,8.4134,3.632,0.00030000000000001136
EWR-1,10/29/2025,09:50:00 pm,0,2025-10-29 21:50:00,8.4138,3.629,0.00020000000000002237
EWR-1,10/29/2025,10:00:00 pm,0,2025-10-29 22:00:00,8.4127,3.627,0.00029999999999996696
EWR-1,10/29/2025,10:10:00 pm,0,2025-10-29 22:10:00,8.413,3.624,0.00020000000000002237
EWR-1,10/29/2025,10:20:00 pm,0,2025-10-29 22:20:00,8.4132,3.622,0.00029999999999996696
EWR-1,10/29/2025,10:30:00 pm,0,2025-10-29 22:30:00,8.413,3.619,0.00030000000000001136
EWR-1,10/29/2025,10:40:00 pm,0,2025-10-29 22:40:00,8.4124,3.616,0.00040000000000000034
EWR-1,10/29/2025,10:50:00 pm,0,2025-10-29 22:50:00,8.4123,3.612,0.00040000000000000034
EWR-1,10/29/2025,11:00:00 pm,0,2025-10-29 23:00:00,8.4114,3.608,0.00040000000000000034
EWR-1,10/29/2025,11:10:00 pm,0,2025-10-29 23:10:00,8.4103,3.604,0.00030000000000001136
EWR-1,10/29/2025,11:20:00 pm,0,2025-10-29 23:20:00,8.4092,3.601,0.00040000000000000034
EWR-1,10/29/2025,11:30:00 pm,0,2025-10-29 23:30:00,8.4089,3.597,0.00040000000000000034
EWR-1,10/29/2025,11:40:00 pm,0,2025-10-29 23:40:00,8.4084,3.593,0.00040000000000000034
EWR-1,10/29/2025,11:50:00 pm,0,2025-10-29 23:50:00,8.4074,3.589,0.00040000000000000034
EWR-1,10/30/2025,12:00:00 am,0,2025-10-30 00:00:00,8.4066,3.585,0.00040000000000000034
EWR-1,10/30/2025,12:10:00 am,0,2025-10-30 00:10:00,8.4064,3.581,0.00040000000000000034
EWR-1,10/30/2025,12:20:00 am,0,2025-10-30 00:20:00,8.4055,3.577,0.00040000000000000034
EWR-1,10/30/2025,12:30:00 am,0,2025-10-30 00:30:00,8.4044,3.573,0.00040000000000000034
EWR-1,10/30/2025,12:40:00 am,0,2025-10-30 00:40:00,8.4041,3.569,0.0005999999999999784
EWR-1,10/30/2025,12:50:00 am,0,2025-10-30 00:50:00,8.4029,3.563,0.00040000000000000034
EWR-1,10/30/2025,01:00:00 am,0,2025-10-30 01:00:00,8.4021,3.559,0.0005000000000000337
EWR-1,10/30/2025,01:10:00 am,0,2025-10-30 01:10:00,8.402,3.554,0.0004999999999999894
EWR-1,10/30/2025,01:20:00 am,0,2025-10-30 01:20:00,8.4015,3.549,0.0004999999999999894
EWR-1,10/30/2025,01:30:00 am,0,2025-10-30 01:30:00,8.4009,3.544,0.0004999999999999894
EWR-1,10/30/2025,01:40:00 am,0,2025-10-30 01:40:00,8.4013,3.539,0.0005000000000000337
EWR-1,10/30/2025,01:50:00 am,0,2025-10-30 01:50:00,8.4007,3.534,0.0004999999999999894
EWR-1,10/30/2025,02:00:00 am,0,2025-10-30 02:00:00,8.4009,3.529,0.0005999999999999784
EWR-1,10/30/2025,02:10:00 am,0,2025-10-30 02:10:00,8.4006,3.523,0.0005000000000000337
EWR-1,10/30/2025,02:20:00 am,0,2025-10-30 02:20:00,8.4005,3.518,0.0005999999999999784
EWR-1,10/30/2025,02:30:00 am,0,2025-10-30 02:30:00,8.4008,3.512,0.00040000000000000034
EWR-1,10/30/2025,02:40:00 am,0,2025-10-30 02:40:00,8.4005,3.508,0.0006000000000000227
EWR-1,10/30/2025,02:50:00 am,0,2025-10-30 02:50:00,8.3998,3.502,0.0004999999999999894
EWR-1,10/30/2025,03:00:00 am,0,2025-10-30 03:00:00,8.3993,3.497,0.0005999999999999784
EWR-1,10/30/2025,03:10:00 am,0,2025-10-30 03:10:00,8.3993,3.491,0.0004999999999999894
EWR-1,10/30/2025,03:20:00 am,0,2025-10-30 03:20:00,8.3989,3.486,0.0005000000000000337
EWR-1,10/30/2025,03:30:00 am,0,2025-10-30 03:30:00,8.3992,3.481,0.0004999999999999894
EWR-1,10/30/2025,03:40:00 am,0,2025-10-30 03:40:00,8.3981,3.476,0.0005999999999999784
EWR-1,10/30/2025,03:50:00 am,0,2025-10-30 03:50:00,8.3974,3.47,0.00040000000000000034
EWR-1,10/30/2025,04:00:00 am,0,2025-10-30 04:00:00,8.3972,3.466,0.0006000000000000227
EWR-1,10/30/2025,04:10:00 am,0,2025-10-30 04:10:00,8.3969,3.46,0.0004999999999999894
EWR-1,10/30/2025,04:20:00 am,0,2025-10-30 04:20:00,8.3962,3.455,0.0006000000000000227
EWR-1,10/30/2025,04:30:00 am,0,2025-10-30 04:30:00,8.3959,3.449,0.0004999999999999894
EWR-1,10/30/2025,04:40:00 am,0,2025-10-30 04:40:00,8.3948,3.444,0.0004999999999999894
EWR-1,10/30/2025,04:50:00 am,0,2025-10-30 04:50:00,8.3942,3.439,0.0004999999999999894
EWR-1,10/30/2025,05:00:00 am,0,2025-10-30 05:00:00,8.3941,3.434,0.0006000000000000227
EWR-1,10/30/2025,05:10:00 am,0,2025-10-30 05:10:00,8.3941,3.428,0.0004999999999999894
EWR-1,10/30/2025,05:20:00 am,0,2025-10-30 05:20:00,8.3937,3.423,0.0006000000000000227
EWR-1,10/30/2025,05:30:00 am,0,2025-10-30 05:30:00,8.3934,3.417,0.0005999999999999784
EWR-1,10/30/2025,05:40:00 am,0,2025-10-30 05:40:00,8.3927,3.411,0.0004999999999999894
EWR-1,10/30/2025,05:50:00 am,0,2025-10-30 05:50:00,8.3929,3.406,0.0005000000000000337
EWR-1,10/30/2025,06:00:00 am,0,2025-10-30 06:00:00,8.393,3.401,0.0005999999999999784
EWR-1,10/30/2025,06:10:00 am,0,2025-10-30 06:10:00,8.3929,3.395,0.0004999999999999894
EWR-1,10/30/2025,06:20:00 am,0,2025-10-30 06:20:00,8.3933,3.39,0.0006000000000000227
EWR-1,10/30/2025,06:30:00 am,0,2025-10-30 06:30:00,8.3924,3.384,0.0004999999999999894
EWR-1,10/30/2025,06:40:00 am,0,2025-10-30 06:40:00,8.3923,3.379,0.0005999999999999784
EWR-1,10/30/2025,06:50:00 am,0,2025-10-30 06:50:00,8.3917,3.373,0.0005000000000000337
EWR-1,10/30/2025,07:00:00 am,0,2025-10-30 07:00:00,8.3919,3.368,0.0004999999999999894
EWR-1,10/30/2025,07:10:00 am,0,2025-10-30 07:10:00,8.3918,3.363,0.0007000000000000117
EWR-1,10/30/2025,07:20:00 am,0,2025-10-30 07:20:00,8.3915,3.356,0.0004999999999999894
EWR-1,10/30/2025,07:30:00 am,0,2025-10-30 07:30:00,8.3921,3.351,0.0005999999999999784
EWR-1,10/30/2025,07:40:00 am,0,2025-10-30 07:40:00,8.3919,3.345,0.00040000000000000034
EWR-1,10/30/2025,07:50:00 am,0,2025-10-30 07:50:00,8.3918,3.341,0.0006000000000000227
EWR-1,10/30/2025,08:00:00 am,0,2025-10-30 08:00:00,8.3919,3.335,0.0004999999999999894
EWR-1,10/30/2025,08:10:00 am,0,2025-10-30 08:10:00,8.3919,3.33,0.0004999999999999894
EWR-1,10/30/2025,08:20:00 am,0,2025-10-30 08:20:00,8.3919,3.325,0.0005000000000000337
EWR-1,10/30/2025,08:30:00 am,0,2025-10-30 08:30:00,8.3915,3.32,0.0004999999999999894
EWR-1,10/30/2025,08:40:00 am,0,2025-10-30 08:40:00,8.3917,3.315,0.00040000000000000034
EWR-1,10/30/2025,08:50:00 am,0,2025-10-30 08:50:00,8.3916,3.311,0.00040000000000000034
EWR-1,10/30/2025,09:00:00 am,0,2025-10-30 09:00:00,8.3914,3.307,0.0004999999999999894
EWR-1,10/30/2025,09:10:00 am,0,2025-10-30 09:10:00,8.3905,3.302,0.00030000000000001136
EWR-1,10/30/2025,09:20:00 am,0,2025-10-30 09:20:00,8.3902,3.299,0.00040000000000000034
EWR-1,10/30/2025,09:30:00 am,0,2025-10-30 09:30:00,8.3902,3.295,0.00040000000000000034
EWR-1,10/30/2025,09:40:00 am,0,2025-10-30 09:40:00,8.3898,3.291,0.00030000000000001136
EWR-1,10/30/2025,09:50:00 am,0,2025-10-30 09:50:00,8.3889,3.288,0.00019999999999997797
EWR-1,10/30/2025,10:00:00 am,0,2025-10-30 10:00:00,8.3878,3.286,0.00030000000000001136
EWR-1,10/30/2025,10:10:00 am,0,2025-10-30 10:10:00,8.3867,3.283,0.00019999999999997797
EWR-1,10/30/2025,10:20:00 am,0,2025-10-30 10:20:00,8.386,3.281,0.00030000000000001136
EWR-1,10/30/2025,10:30:00 am,0,2025-10-30 10:30:00,8.385,3.278,0.00030000000000001136
EWR-1,10/30/2025,10:40:00 am,0,2025-10-30 10:40:00,8.3839,3.275,0.00040000000000000034
EWR-1,10/30/2025,10:50:00 am,0,2025-10-30 10:50:00,8.3834,3.271,0.00019999999999997797
EWR-1,10/30/2025,11:00:00 am,0,2025-10-30 11:00:00,8.3827,3.269,0.00040000000000000034
EWR-1,10/30/2025,11:10:00 am,0,2025-10-30 11:10:00,8.3822,3.265,0.00020000000000002237
EWR-1,10/30/2025,11:20:00 am,0,2025-10-30 11:20:00,8.3812,3.263,9.999999999998899e-05
EWR-1,10/30/2025,11:30:00 am,0,2025-10-30 11:30:00,8.3805,3.262,9.999999999998899e-05
EWR-1,10/30/2025,11:40:00 am,0,2025-10-30 11:40:00,8.3801,3.261,0.0
EWR-1,10/30/2025,11:50:00 am,0,2025-10-30 11:50:00,8.3789,3.261,0.0001000000000000334
EWR-1,10/30/2025,12:00:00 pm,0,2025-10-30 12:00:00,8.3771,3.26,0.0001000000000000334
EWR-1,10/30/2025,12:10:00 pm,0,2025-10-30 12:10:00,8.3755,3.261,0.0
EWR-1,10/30/2025,12:20:00 pm,0,2025-10-30 12:20:00,8.3737,3.261,9.999999999998899e-05
EWR-1,10/30/2025,12:30:00 pm,0,2025-10-30 12:30:00,8.3724,3.262,0.0004999999999999894
EWR-1,10/30/2025,12:40:00 pm,0,2025-10-30 12:40:00,8.3714,3.267,0.00030000000000001136
EWR-1,10/30/2025,12:50:00 pm,0,2025-10-30 12:50:00,8.3705,3.27,0.00040000000000000034
EWR-1,10/30/2025,01:00:00 pm,0,2025-10-30 13:00:00,8.3694,3.274,0.00040000000000000034
EWR-1,10/30/2025,01:10:00 pm,0,2025-10-30 13:10:00,8.3689,3.278,0.0004999999999999894
EWR-1,10/30/2025,01:20:00 pm,0,2025-10-30 13:20:00,8.368,3.283,0.00040000000000000034
EWR-1,10/30/2025,01:30:00 pm,0,2025-10-30 13:30:00,8.3669,3.287,0.00030000000000001136
EWR-1,10/30/2025,01:40:00 pm,0,2025-10-30 13:40:00,8.3666,3.29,0.00040000000000000034
EWR-1,10/30/2025,01:50:00 pm,0,2025-10-30 13:50:00,8.3664,3.294,0.00030000000000001136
EWR-1,10/30/2025,02:00:00 pm,0,2025-10-30 14:00:00,8.3659,3.297,0.00040000000000000034
EWR-1,10/30/2025,02:10:00 pm,0,2025-10-30 14:10:00,8.3655,3.301,0.0005999999999999784
EWR-1,10/30/2025,02:20:00 pm,0,2025-10-30 14:20:00,8.3652,3.307,0.0006000000000000227
EWR-1,10/30/2025,02:30:00 pm,0,2025-10-30 14:30:00,8.3648,3.313,0.0006999999999999674
EWR-1,10/30/2025,02:40:00 pm,0,2025-10-30 14:40:00,8.3644,3.32,0.0007000000000000117
EWR-1,10/30/2025,02:50:00 pm,0,2025-10-30 14:50:00,8.3643,3.327,0.0008000000000000007
EWR-1,10/30/2025,03:00:00 pm,0,2025-10-30 15:00:00,8.364,3.335,0.0007000000000000117
EWR-1,10/30/2025,03:10:00 pm,0,2025-10-30 15:10:00,8.3642,3.342,0.0007000000000000117
EWR-1,10/30/2025,03:20:00 pm,0,2025-10-30 15:20:00,8.3648,3.349,0.0006999999999999674
EWR-1,10/30/2025,03:30:00 pm,0,2025-10-30 15:30:00,8.3652,3.356,0.0007000000000000117
EWR-1,10/30/2025,03:40:00 pm,0,2025-10-30 15:40:00,8.365,3.363,0.0008000000000000007
EWR-1,10/30/2025,03:50:00 pm,0,2025-10-30 15:50:00,8.3649,3.371,0.0008999999999999897
EWR-1,10/30/2025,04:00:00 pm,0,2025-10-30 16:00:00,8.364,3.38,0.0008000000000000007
EWR-1,10/30/2025,04:10:00 pm,0,2025-10-30 16:10:00,8.3634,3.388,0.0007000000000000117
EWR-1,10/30/2025,04:20:00 pm,0,2025-10-30 16:20:00,8.3635,3.395,0.0008999999999999897
EWR-1,10/30/2025,04:30:00 pm,0,2025-10-30 16:30:00,8.3634,3.404,0.0008999999999999897
EWR-1,10/30/2025,04:40:00 pm,0,2025-10-30 16:40:00,8.3634,3.413,0.0009000000000000341
EWR-1,10/30/2025,04:50:00 pm,0,2025-10-30 16:50:00,8.3637,3.422,0.0008999999999999897
EWR-1,10/30/2025,05:00:00 pm,0,2025-10-30 17:00:00,8.3627,3.431,0.0009999999999999788
EWR-1,10/30/2025,05:10:00 pm,0,2025-10-30 17:10:00,8.3635,3.441,0.0008000000000000007
EWR-1,10/30/2025,05:20:00 pm,0,2025-10-30 17:20:00,8.3633,3.449,0.0007000000000000117
EWR-1,10/30/2025,05:30:00 pm,0,2025-10-30 17:30:00,8.3631,3.456,0.0007000000000000117
EWR-1,10/30/2025,05:40:00 pm,0,2025-10-30 17:40:00,8.3635,3.463,0.0005999999999999784
EWR-1,10/30/2025,05:50:00 pm,0,2025-10-30 17:50:00,8.3637,3.469,0.0006000000000000227
EWR-1,10/30/2025,06:00:00 pm,0,2025-10-30 18:00:00,8.364,3.475,0.0004999999999999894
EWR-1,10/30/2025,06:10:00 pm,0,2025-10-30 18:10:00,8.364,3.48,0.00040000000000000034
EWR-1,10/30/2025,06:20:00 pm,0,2025-10-30 18:20:00,8.3641,3.484,0.00040000000000000034
EWR-1,10/30/2025,06:30:00 pm,0,2025-10-30 18:30:00,8.365,3.488,0.00030000000000001136
EWR-1,10/30/2025,06:40:00 pm,0,2025-10-30 18:40:00,8.3658,3.491,0.00019999999999997797
EWR-1,10/30/2025,06:50:00 pm,0,2025-10-30 18:50:00,8.3658,3.493,0.0001000000000000334
EWR-1,10/30/2025,07:00:00 pm,0,2025-10-30 19:00:00,8.3661,3.494,0.00019999999999997797
EWR-1,10/30/2025,07:10:00 pm,0,2025-10-30 19:10:00,8.367,3.496,9.999999999998899e-05
EWR-1,10/30/2025,07:20:00 pm,0,2025-10-30 19:20:00,8.3671,3.497,0.0
EWR-1,10/30/2025,07:30:00 pm,0,2025-10-30 19:30:00,8.3681,3.497,0.0001000000000000334
EWR-1,10/30/2025,07:40:00 pm,0,2025-10-30 19:40:00,8.369,3.498,0.0
EWR-1,10/30/2025,07:50:00 pm,0,2025-10-30 19:50:00,8.369,3.498,0.0
EWR-1,10/30/2025,08:00:00 pm,0,2025-10-30 20:00:00,8.3684,3.498,0.0
EWR-1,10/30/2025,08:10:00 pm,0,2025-10-30 20:10:00,8.3688,3.498,0.0
EWR-1,10/30/2025,08:20:00 pm,0,2025-10-30 20:20:00,8.3686,3.498,0.0
EWR-1,10/30/2025,08:30:00 pm,0,2025-10-30 20:30:00,8.3685,3.498,0.0
EWR-1,10/30/2025,08:40:00 pm,0,2025-10-30 20:40:00,8.3685,3.498,0.0
EWR-1,10/30/2025,08:50:00 pm,0,2025-10-30 20:50:00,8.3688,3.498,0.0
EWR-1,10/30/2025,09:00:00 pm,0,2025-10-30 21:00:00,8.3679,3.498,0.0001000000000000334
EWR-1,10/30/2025,09:10:00 pm,0,2025-10-30 21:10:00,8.368,3.497,0.0
EWR-1,10/30/2025,09:20:00 pm,0,2025-10-30 21:20:00,8.3691,3.497,0.0
EWR-1,10/30/2025,09:30:00 pm,0,2025-10-30 21:30:00,8.3704,3.497,0.00019999999999997797
EWR-1,10/30/2025,09:40:00 pm,0,2025-10-30 21:40:00,8.3695,3.495,9.999999999998899e-05
EWR-1,10/30/2025,09:50:00 pm,0,2025-10-30 21:50:00,8.3695,3.494,0.0001000000000000334
EWR-1,10/30/2025,10:00:00 pm,0,2025-10-30 22:00:00,8.3691,3.493,9.999999999998899e-05
EWR-1,10/30/2025,10:10:00 pm,0,2025-10-30 22:10:00,8.3688,3.492,0.00019999999999997797
EWR-1,10/30/2025,10:20:00 pm,0,2025-10-30 22:20:00,8.3688,3.49,0.0001000000000000334
EWR-1,10/30/2025,10:30:00 pm,0,2025-10-30 22:30:00,8.3676,3.489,9.999999999998899e-05
EWR-1,10/30/2025,10:40:00 pm,0,2025-10-30 22:40:00,8.3672,3.488,9.999999999998899e-05
EWR-1,10/30/2025,10:50:00 pm,0,2025-10-30 22:50:00,8.3669,3.487,0.00020000000000002237
EWR-1,10/30/2025,11:00:00 pm,0,2025-10-30 23:00:00,8.367,3.485,9.999999999998899e-05
EWR-1,10/30/2025,11:10:00 pm,0,2025-10-30 23:10:00,8.3667,3.484,0.00019999999999997797
EWR-1,10/30/2025,11:20:00 pm,0,2025-10-30 23:20:00,8.3659,3.482,0.00020000000000002237
EWR-1,10/30/2025,11:30:00 pm,0,2025-10-30 23:30:00,8.3661,3.48,9.999999999998899e-05
EWR-1,10/30/2025,11:40:00 pm,0,2025-10-30 23:40:00,8.3666,3.479,0.00030000000000001136
EWR-1,10/30/2025,11:50:00 pm,0,2025-10-30 23:50:00,8.3672,3.476,0.00019999999999997797
EWR-1,10/31/2025,12:00:00 am,0,2025-10-31 00:00:00,8.3678,3.474,0.00020000000000002237
EWR-1,10/31/2025,12:10:00 am,0,2025-10-31 00:10:00,8.3676,3.472,0.00030000000000001136
EWR-1,10/31/2025,12:20:00 am,0,2025-10-31 00:20:00,8.3678,3.469,0.00029999999999996696
EWR-1,10/31/2025,12:30:00 am,0,2025-10-31 00:30:00,8.3688,3.466,0.0005000000000000337
EWR-1,10/31/2025,12:40:00 am,0,2025-10-31 00:40:00,8.3702,3.461,0.00040000000000000034
EWR-1,10/31/2025,12:50:00 am,0,2025-10-31 00:50:00,8.3713,3.457,0.00040000000000000034
EWR-1,10/31/2025,01:00:00 am,0,2025-10-31 01:00:00,8.3709,3.453,0.0004999999999999894
EWR-1,10/31/2025,01:10:00 am,0,2025-10-31 01:10:00,8.3703,3.448,0.00040000000000000034
EWR-1,10/31/2025,01:20:00 am,0,2025-10-31 01:20:00,8.3673,3.444,0.0004999999999999894
EWR-1,10/31/2025,01:30:00 am,0,2025-10-31 01:30:00,8.3675,3.439,0.00040000000000000034
EWR-1,10/31/2025,01:40:00 am,0,2025-10-31 01:40:00,8.3683,3.435,0.0006000000000000227
EWR-1,10/31/2025,01:50:00 am,0,2025-10-31 01:50:00,8.3681,3.429,0.0004999999999999894
EWR-1,10/31/2025,02:00:00 am,0,2025-10-31 02:00:00,8.3685,3.424,0.0004999999999999894
EWR-1,10/31/2025,02:10:00 am,0,2025-10-31 02:10:00,8.3698,3.419,0.0004999999999999894
EWR-1,10/31/2025,02:20:00 am,0,2025-10-31 02:20:00,8.3701,3.414,0.0006000000000000227
EWR-1,10/31/2025,02:30:00 am,0,2025-10-31 02:30:00,8.3705,3.408,0.0004999999999999894
EWR-1,10/31/2025,02:40:00 am,0,2025-10-31 02:40:00,8.37,3.403,0.0006000000000000227
EWR-1,10/31/2025,02:50:00 am,0,2025-10-31 02:50:00,8.3697,3.397,0.0004999999999999894
EWR-1,10/31/2025,03:00:00 am,0,2025-10-31 03:00:00,8.369,3.392,0.0005999999999999784
EWR-1,10/31/2025,03:10:00 am,0,2025-10-31 03:10:00,8.3685,3.386,0.0005000000000000337
EWR-1,10/31/2025,03:20:00 am,0,2025-10-31 03:20:00,8.3672,3.381,0.0005999999999999784
EWR-1,10/31/2025,03:30:00 am,0,2025-10-31 03:30:00,8.3659,3.375,0.0005999999999999784
EWR-1,10/31/2025,03:40:00 am,0,2025-10-31 03:40:00,8.3648,3.369,0.0006000000000000227
EWR-1,10/31/2025,03:50:00 am,0,2025-10-31 03:50:00,8.3641,3.363,0.0005999999999999784
EWR-1,10/31/2025,04:00:00 am,0,2025-10-31 04:00:00,8.3646,3.357,0.0005000000000000337
EWR-1,10/31/2025,04:10:00 am,0,2025-10-31 04:10:00,8.3651,3.352,0.0006999999999999674
EWR-1,10/31/2025,04:20:00 am,0,2025-10-31 04:20:00,8.3661,3.345,0.0006000000000000227
EWR-1,10/31/2025,04:30:00 am,0,2025-10-31 04:30:00,8.3665,3.339,0.0005999999999999784
EWR-1,10/31/2025,04:40:00 am,0,2025-10-31 04:40:00,8.3663,3.333,0.0006000000000000227
EWR-1,10/31/2025,04:50:00 am,0,2025-10-31 04:50:00,8.3667,3.327,0.0005999999999999784
EWR-1,10/31/2025,05:00:00 am,0,2025-10-31 05:00:00,8.3671,3.321,0.0006000000000000227
EWR-1,10/31/2025,05:10:00 am,0,2025-10-31 05:10:00,8.3672,3.315,0.0005999999999999784
EWR-1,10/31/2025,05:20:00 am,0,2025-10-31 05:20:00,8.3669,3.309,0.0006000000000000227
EWR-1,10/31/2025,05:30:00 am,0,2025-10-31 05:30:00,8.3664,3.303,0.0005999999999999784
EWR-1,10/31/2025,05:40:00 am,0,2025-10-31 05:40:00,8.3656,3.297,0.0006000000000000227
EWR-1,10/31/2025,05:50:00 am,0,2025-10-31 05:50:00,8.3662,3.291,0.0005999999999999784
EWR-1,10/31/2025,06:00:00 am,0,2025-10-31 06:00:00,8.3666,3.285,0.0005000000000000337
EWR-1,10/31/2025,06:10:00 am,0,2025-10-31 06:10:00,8.3683,3.28,0.0005999999999999784
EWR-1,10/31/2025,06:20:00 am,0,2025-10-31 06:20:00,8.3689,3.274,0.0007000000000000117
EWR-1,10/31/2025,06:30:00 am,0,2025-10-31 06:30:00,8.3694,3.267,0.0005999999999999784
EWR-1,10/31/2025,06:40:00 am,0,2025-10-31 06:40:00,8.3701,3.261,0.0006000000000000227
EWR-1,10/31/2025,06:50:00 am,0,2025-10-31 06:50:00,8.3712,3.255,0.0004999999999999894
EWR-1,10/31/2025,07:00:00 am,0,2025-10-31 07:00:00,8.3708,3.25,0.0004999999999999894
EWR-1,10/31/2025,07:10:00 am,0,2025-10-31 07:10:00,8.3708,3.245,0.0006000000000000227
EWR-1,10/31/2025,07:20:00 am,0,2025-10-31 07:20:00,8.3711,3.239,0.0004999999999999894
EWR-1,10/31/2025,07:30:00 am,0,2025-10-31 07:30:00,8.3714,3.234,0.0005999999999999784
EWR-1,10/31/2025,07:40:00 am,0,2025-10-31 07:40:00,8.3726,3.228,0.0006000000000000227
EWR-1,10/31/2025,07:50:00 am,0,2025-10-31 07:50:00,8.3734,3.222,0.0004999999999999894
EWR-1,10/31/2025,08:00:00 am,0,2025-10-31 08:00:00,8.3743,3.217,0.0004999999999999894
EWR-1,10/31/2025,08:10:00 am,0,2025-10-31 08:10:00,8.3739,3.212,0.0006000000000000227
EWR-1,10/31/2025,08:20:00 am,0,2025-10-31 08:20:00,8.3741,3.206,0.0004999999999999894
EWR-1,10/31/2025,08:30:00 am,0,2025-10-31 08:30:00,8.3742,3.201,0.0004999999999999894
EWR-1,10/31/2025,08:40:00 am,0,2025-10-31 08:40:00,8.3743,3.196,0.00040000000000000034
EWR-1,10/31/2025,08:50:00 am,0,2025-10-31 08:50:00,8.3749,3.192,0.0005000000000000337
EWR-1,10/31/2025,09:00:00 am,0,2025-10-31 09:00:00,8.3757,3.187,0.00040000000000000034
EWR-1,10/31/2025,09:10:00 am,0,2025-10-31 09:10:00,8.3768,3.183,0.00040000000000000034
EWR-1,10/31/2025,09:20:00 am,0,2025-10-31 09:20:00,8.3778,3.179,0.0004999999999999894
EWR-1,10/31/2025,09:30:00 am,0,2025-10-31 09:30:00,8.378,3.174,0.0004999999999999894
EWR-1,10/31/2025,09:40:00 am,0,2025-10-31 09:40:00,8.3778,3.169,0.00040000000000000034
EWR-1,10/31/2025,09:50:00 am,0,2025-10-31 09:50:00,8.3781,3.165,0.00040000000000000034
EWR-1,10/31/2025,10:00:00 am,0,2025-10-31 10:00:00,8.3784,3.161,0.0004999999999999894
EWR-1,10/31/2025,10:10:00 am,0,2025-10-31 10:10:00,8.3791,3.156,0.00020000000000002237
EWR-1,10/31/2025,10:20:00 am,0,2025-10-31 10:20:00,8.3779,3.154,0.00040000000000000034
EWR-1,10/31/2025,10:30:00 am,0,2025-10-31 10:30:00,8.3775,3.15,0.00040000000000000034
EWR-1,10/31/2025,10:40:00 am,0,2025-10-31 10:40:00,8.3774,3.146,0.00030000000000001136
EWR-1,10/31/2025,10:50:00 am,0,2025-10-31 10:50:00,8.3779,3.143,0.00029999999999996696
EWR-1,10/31/2025,11:00:00 am,0,2025-10-31 11:00:00,8.3784,3.14,0.00020000000000002237
EWR-1,10/31/2025,11:10:00 am,0,2025-10-31 11:10:00,8.3783,3.138,0.00030000000000001136
EWR-1,10/31/2025,11:20:00 am,0,2025-10-31 11:20:00,8.3771,3.135,0.00029999999999996696
EWR-1,10/31/2025,11:30:00 am,0,2025-10-31 11:30:00,8.377,3.132,0.00020000000000002237
EWR-1,10/31/2025,11:40:00 am,0,2025-10-31 11:40:00,8.3757,3.13,9.999999999998899e-05
EWR-1,10/31/2025,11:50:00 am,0,2025-10-31 11:50:00,8.3756,3.129,0.0
EWR-1,10/31/2025,12:00:00 pm,0,2025-10-31 12:00:00,8.3751,3.129,0.0
EWR-1,10/31/2025,12:10:00 pm,0,2025-10-31 12:10:00,8.375,3.129,0.0
EWR-1,10/31/2025,12:20:00 pm,0,2025-10-31 12:20:00,8.3747,3.129,0.0
EWR-1,10/31/2025,12:30:00 pm,0,2025-10-31 12:30:00,8.374,3.129,9.999999999998899e-05
EWR-1,10/31/2025,12:40:00 pm,0,2025-10-31 12:40:00,8.3734,3.13,9.999999999998899e-05
EWR-1,10/31/2025,12:50:00 pm,0,2025-10-31 12:50:00,8.3729,3.131,0.00040000000000000034
EWR-1,10/31/2025,01:00:00 pm,0,2025-10-31 13:00:00,8.372,3.135,0.00030000000000001136
EWR-1,10/31/2025,01:10:00 pm,0,2025-10-31 13:10:00,8.3715,3.138,0.0004999999999999894
EWR-1,10/31/2025,01:20:00 pm,0,2025-10-31 13:20:00,8.3702,3.143,0.0005000000000000337
EWR-1,10/31/2025,01:30:00 pm,0,2025-10-31 13:30:00,8.3696,3.148,0.00040000000000000034
EWR-1,10/31/2025,01:40:00 pm,0,2025-10-31 13:40:00,8.3693,3.152,0.0
EWR-1,10/31/2025,01:50:00 pm,0,2025-10-31 13:50:00,8.369,3.152,0.00029999999999996696
EWR-1,10/31/2025,02:00:00 pm,0,2025-10-31 14:00:00,8.3683,3.155,0.00020000000000002237
EWR-1,10/31/2025,02:10:00 pm,0,2025-10-31 14:10:00,8.3679,3.157,0.00030000000000001136
EWR-1,10/31/2025,02:20:00 pm,0,2025-10-31 14:20:00,8.3676,3.16,0.00040000000000000034
EWR-1,10/31/2025,02:30:00 pm,0,2025-10-31 14:30:00,8.3675,3.164,0.0005999999999999784
EWR-1,10/31/2025,02:40:00 pm,0,2025-10-31 14:40:00,8.3674,3.17,0.0006000000000000227
EWR-1,10/31/2025,02:50:00 pm,0,2025-10-31 14:50:00,8.3667,3.176,0.0004999999999999894
EWR-1,10/31/2025,03:00:00 pm,0,2025-10-31 15:00:00,8.3666,3.181,0.00040000000000000034
EWR-1,10/31/2025,03:10:00 pm,0,2025-10-31 15:10:00,8.3663,3.185,0.00040000000000000034
EWR-1,10/31/2025,03:20:00 pm,0,2025-10-31 15:20:00,8.3667,3.189,0.0004999999999999894
EWR-1,10/31/2025,03:30:00 pm,0,2025-10-31 15:30:00,8.3668,3.194,0.00040000000000000034
EWR-1,10/31/2025,03:40:00 pm,0,2025-10-31 15:40:00,8.3664,3.198,0.00030000000000001136
EWR-1,10/31/2025,03:50:00 pm,0,2025-10-31 15:50:00,8.3664,3.201,0.00040000000000000034
EWR-1,10/31/2025,04:00:00 pm,0,2025-10-31 16:00:00,8.367,3.205,0.00040000000000000034
EWR-1,10/31/2025,04:10:00 pm,0,2025-10-31 16:10:00,8.3669,3.209,0.00040000000000000034
EWR-1,10/31/2025,04:20:00 pm,0,2025-10-31 16:20:00,8.3671,3.213,0.341
