,DT,baro LEVEL,Date,Time,ms,TEMPERATURE,logger LEVEL,Compensated Level
0,2018-09-23 12:40:00,8.166366436799999,9/23/2018,12:40:00 pm,0,8.238,9.135,0.9686335632000009
1,2018-09-23 12:50:00,8.1662338732,9/23/2018,12:50:00 pm,0,8.255,9.133,0.9667661267999996
2,2018-09-23 13:00:00,8.1700782176,9/23/2018,01:00:00 pm,0,8.264,9.1353,0.9652217824000004
3,2018-09-23 13:10:00,8.169639737999999,9/23/2018,01:10:00 pm,0,8.269,9.1348,0.9651602620000013
4,2018-09-23 13:20:00,8.1705982748,9/23/2018,01:20:00 pm,0,8.272,9.1355,0.9649017252000007
5,2018-09-23 13:30:00,8.1710061628,9/23/2018,01:30:00 pm,0,8.275,9.134,0.9629938372000009
6,2018-09-23 13:40:00,8.1684772572,9/23/2018,01:40:00 pm,0,8.276,9.1336,0.9651227428000002
7,2018-09-23 13:50:00,8.169537766,9/23/2018,01:50:00 pm,0,8.277,9.1319,0.9623622340000004
8,2018-09-23 14:00:00,8.1716485864,9/23/2018,02:00:00 pm,0,8.277,9.1319,0.9602514136
9,2018-09-23 14:10:00,8.1707818244,9/23/2018,02:10:00 pm,0,8.278,9.1296,0.9588181755999994
10,2018-09-23 14:20:00,8.1685996236,9/23/2018,02:20:00 pm,0,8.278,9.127,0.9584003764000002
11,2018-09-23 14:30:00,8.169537766,9/23/2018,02:30:00 pm,0,8.278,9.127,0.9574622340000012
12,2018-09-23 14:40:00,8.1669272828,9/23/2018,02:40:00 pm,0,8.278,9.1256,0.9586727172000007
13,2018-09-23 14:50:00,8.166988466,9/23/2018,02:50:00 pm,0,8.277,9.1246,0.9576115339999998
14,2018-09-23 15:00:00,8.166356239599999,9/23/2018,03:00:00 pm,0,8.277,9.1238,0.9574437604000003
15,2018-09-23 15:10:00,8.1678654252,9/23/2018,03:10:00 pm,0,8.277,9.1227,0.9548345747999996
16,2018-09-23 15:20:00,8.167549312,9/23/2018,03:20:00 pm,0,8.276,9.1224,0.9548506880000005
17,2018-09-23 15:30:00,8.1661115068,9/23/2018,03:30:00 pm,0,8.276,9.1214,0.9552884931999994
18,2018-09-23 15:40:00,8.1632358964,9/23/2018,03:40:00 pm,0,8.275,9.1197,0.9564641036000001
19,2018-09-23 15:50:00,8.163388854399999,9/23/2018,03:50:00 pm,0,8.275,9.1198,0.9564111456000006
20,2018-09-23 16:00:00,8.1628280084,9/23/2018,04:00:00 pm,0,8.275,9.1188,0.9559719916000002
21,2018-09-23 16:10:00,8.1624915008,9/23/2018,04:10:00 pm,0,8.273,9.1174,0.9549084992000001
22,2018-09-23 16:20:00,8.164592123999999,9/23/2018,04:20:00 pm,0,8.273,9.1185,0.9539078760000006
23,2018-09-23 16:30:00,8.162777022399998,9/23/2018,04:30:00 pm,0,8.273,9.1165,0.9537229776000018
24,2018-09-23 16:40:00,8.163552009599998,9/23/2018,04:40:00 pm,0,8.272,9.1178,0.9542479904000025
25,2018-09-23 16:50:00,8.1655200692,9/23/2018,04:50:00 pm,0,8.272,9.1178,0.9522799308000014
26,2018-09-23 17:00:00,8.1654486888,9/23/2018,05:00:00 pm,0,8.271,9.1182,0.9527513112000001
27,2018-09-23 17:10:00,8.164989814799998,9/23/2018,05:10:00 pm,0,8.271,9.1183,0.9533101852000012
28,2018-09-23 17:20:00,8.16515297,9/23/2018,05:20:00 pm,0,8.27,9.1182,0.9530470300000005
29,2018-09-23 17:30:00,8.1654079,9/23/2018,05:30:00 pm,0,8.27,9.1184,0.9529920999999995
30,2018-09-23 17:40:00,8.1651733644,9/23/2018,05:40:00 pm,0,8.269,9.119,0.9538266356000005
31,2018-09-23 17:50:00,8.166346042399999,9/23/2018,05:50:00 pm,0,8.268,9.1196,0.9532539576000012
32,2018-09-23 18:00:00,8.1652855336,9/23/2018,06:00:00 pm,0,8.268,9.1203,0.9550144663999998
33,2018-09-23 18:10:00,8.16515297,9/23/2018,06:10:00 pm,0,8.267,9.1206,0.9554470300000002
34,2018-09-23 18:20:00,8.1654180972,9/23/2018,06:20:00 pm,0,8.266,9.1204,0.9549819028000002
35,2018-09-23 18:30:00,8.1656322384,9/23/2018,06:30:00 pm,0,8.266,9.1208,0.9551677615999985
36,2018-09-23 18:40:00,8.166366436799999,9/23/2018,06:40:00 pm,0,8.265,9.1221,0.9557335632000008
37,2018-09-23 18:50:00,8.1662032816,9/23/2018,06:50:00 pm,0,8.265,9.1226,0.9563967184000006
38,2018-09-23 19:00:00,8.1667233388,9/23/2018,07:00:00 pm,0,8.264,9.1239,0.9571766612000001
39,2018-09-23 19:10:00,8.1681305524,9/23/2018,07:10:00 pm,0,8.263,9.125,0.9568694476000008
40,2018-09-23 19:20:00,8.1684976516,9/23/2018,07:20:00 pm,0,8.263,9.1258,0.9573023484000007
41,2018-09-23 19:30:00,8.1696499352,9/23/2018,07:30:00 pm,0,8.262,9.1274,0.957750064799999
42,2018-09-23 19:40:00,8.169680526799999,9/23/2018,07:40:00 pm,0,8.261,9.1279,0.9582194732000016
43,2018-09-23 19:50:00,8.170414725199999,9/23/2018,07:50:00 pm,0,8.261,9.1292,0.9587852748000021
44,2018-09-23 20:00:00,8.1716077976,9/23/2018,08:00:00 pm,0,8.26,9.1309,0.9592922024000003
45,2018-09-23 20:10:00,8.1721482492,9/23/2018,08:10:00 pm,0,8.26,9.1313,0.9591517508000003
46,2018-09-23 20:20:00,8.172240023999999,9/23/2018,08:20:00 pm,0,8.259,9.1324,0.9601599760000017
47,2018-09-23 20:30:00,8.172760081199998,9/23/2018,08:30:00 pm,0,8.258,9.1333,0.9605399188000021
48,2018-09-23 20:40:00,8.173973548,9/23/2018,08:40:00 pm,0,8.258,9.1349,0.9609264520000007
49,2018-09-23 20:50:00,8.1749320848,9/23/2018,08:50:00 pm,0,8.257,9.1361,0.9611679152000008
50,2018-09-23 21:00:00,8.175125831599999,9/23/2018,09:00:00 pm,0,8.256,9.1364,0.961274168400001
51,2018-09-23 21:10:00,8.1753399728,9/23/2018,09:10:00 pm,0,8.256,9.1375,0.9621600271999995
52,2018-09-23 21:20:00,8.1763596928,9/23/2018,09:20:00 pm,0,8.255,9.1384,0.9620403072000006
53,2018-09-23 21:30:00,8.175880424399999,9/23/2018,09:30:00 pm,0,8.254,9.1388,0.9629195756000009
54,2018-09-23 21:40:00,8.1770734968,9/23/2018,09:40:00 pm,0,8.254,9.1399,0.9628265032000005
55,2018-09-23 21:50:00,8.178052427999999,9/23/2018,09:50:00 pm,0,8.253,9.1409,0.9628475720000012
56,2018-09-23 22:00:00,8.179378064,9/23/2018,10:00:00 pm,0,8.253,9.1426,0.9632219360000001
57,2018-09-23 22:10:00,8.1792149088,9/23/2018,10:10:00 pm,0,8.252,9.1432,0.9639850911999996
58,2018-09-23 22:20:00,8.179123134,9/23/2018,10:20:00 pm,0,8.252,9.1437,0.9645768660000016
59,2018-09-23 22:30:00,8.180703699999999,9/23/2018,10:30:00 pm,0,8.251,9.1446,0.9638963000000018
60,2018-09-23 22:40:00,8.179785952,9/23/2018,10:40:00 pm,0,8.25,9.1447,0.9649140480000007
61,2018-09-23 22:50:00,8.1790415564,9/23/2018,10:50:00 pm,0,8.25,9.1441,0.9650584436000003
62,2018-09-23 23:00:00,8.1786336684,9/23/2018,11:00:00 pm,0,8.249,9.144,0.9653663316000003
63,2018-09-23 23:10:00,8.179000767599998,9/23/2018,11:10:00 pm,0,8.249,9.1451,0.9660992324000013
64,2018-09-23 23:20:00,8.1786846544,9/23/2018,11:20:00 pm,0,8.248,9.145,0.9663153456
65,2018-09-23 23:30:00,8.178174794399999,9/23/2018,11:30:00 pm,0,8.247,9.1448,0.9666252056000015
66,2018-09-23 23:40:00,8.1787254432,9/23/2018,11:40:00 pm,0,8.247,9.1455,0.9667745568000008
67,2018-09-23 23:50:00,8.1786438656,9/23/2018,11:50:00 pm,0,8.246,9.1456,0.9669561344000002
68,2018-09-24 00:00:00,8.1779912448,9/24/2018,12:00:00 am,0,8.246,9.1449,0.9669087552000004
69,2018-09-24 00:10:00,8.17687975,9/24/2018,12:10:00 am,0,8.245,9.1436,0.9667202499999998
70,2018-09-24 00:20:00,8.17764454,9/24/2018,12:20:00 am,0,8.244,9.1451,0.96745546
71,2018-09-24 00:30:00,8.1780320336,9/24/2018,12:30:00 am,0,8.244,9.1452,0.9671679664000017
72,2018-09-24 00:40:00,8.178134005599999,9/24/2018,12:40:00 am,0,8.243,9.1455,0.9673659944000015
73,2018-09-24 00:50:00,8.1782359776,9/24/2018,12:50:00 am,0,8.243,9.146,0.9677640224000008
74,2018-09-24 01:00:00,8.178776429200001,9/24/2018,01:00:00 am,0,8.241,9.1466,0.9678235707999985
75,2018-09-24 01:10:00,8.1792455004,9/24/2018,01:10:00 am,0,8.241,9.1475,0.9682544996000004
76,2018-09-24 01:20:00,8.179979698799999,9/24/2018,01:20:00 am,0,8.241,9.148,0.968020301200001
77,2018-09-24 01:30:00,8.1798165436,9/24/2018,01:30:00 am,0,8.24,9.1485,0.9686834564000009
78,2018-09-24 01:40:00,8.1800816708,9/24/2018,01:40:00 am,0,8.24,9.1491,0.9690183292000007
79,2018-09-24 01:50:00,8.1807750804,9/24/2018,01:50:00 am,0,8.239,9.1492,0.9684249196000003
80,2018-09-24 02:00:00,8.1804283756,9/24/2018,02:00:00 am,0,8.238,9.1495,0.9690716243999997
81,2018-09-24 02:10:00,8.1799083184,9/24/2018,02:10:00 am,0,8.238,9.1498,0.9698916816
82,2018-09-24 02:20:00,8.179898121199999,9/24/2018,02:20:00 am,0,8.237,9.1494,0.9695018788000009
83,2018-09-24 02:30:00,8.180051079199998,9/24/2018,02:30:00 am,0,8.236,9.1495,0.9694489208000014
84,2018-09-24 02:40:00,8.179378064,9/24/2018,02:40:00 am,0,8.236,9.1491,0.9697219360000009
85,2018-09-24 02:50:00,8.1789497816,9/24/2018,02:50:00 am,0,8.235,9.149,0.970050218399999
86,2018-09-24 03:00:00,8.1790619508,9/24/2018,03:00:00 am,0,8.235,9.1491,0.9700380492000011
87,2018-09-24 03:10:00,8.1786744572,9/24/2018,03:10:00 am,0,8.234,9.1489,0.9702255427999997
88,2018-09-24 03:20:00,8.179959304399999,9/24/2018,03:20:00 am,0,8.233,9.1499,0.9699406956000018
89,2018-09-24 03:30:00,8.179928712799999,9/24/2018,03:30:00 am,0,8.233,9.15,0.9700712872000015
90,2018-09-24 03:40:00,8.179531021999999,9/24/2018,03:40:00 am,0,8.232,9.15,0.9704689780000013
91,2018-09-24 03:50:00,8.1790313592,9/24/2018,03:50:00 am,0,8.232,9.1492,0.9701686408000008
92,2018-09-24 04:00:00,8.179163922799999,9/24/2018,04:00:00 am,0,8.231,9.1492,0.9700360772000014
93,2018-09-24 04:10:00,8.1792455004,9/24/2018,04:10:00 am,0,8.231,9.1496,0.9703544995999991
94,2018-09-24 04:20:00,8.1782257804,9/24/2018,04:20:00 am,0,8.23,9.1491,0.9708742196000006
95,2018-09-24 04:30:00,8.1778586812,9/24/2018,04:30:00 am,0,8.229,9.1493,0.9714413188000002
96,2018-09-24 04:40:00,8.1778178924,9/24/2018,04:40:00 am,0,8.229,9.1489,0.9710821075999991
97,2018-09-24 04:50:00,8.1779198644,9/24/2018,04:50:00 am,0,8.228,9.1491,0.9711801356000009
98,2018-09-24 05:00:00,8.178052427999999,9/24/2018,05:00:00 am,0,8.228,9.1492,0.9711475720000013
99,2018-09-24 05:10:00,8.1776547372,9/24/2018,05:10:00 am,0,8.227,9.149,0.9713452627999999
100,2018-09-24 05:20:00,8.177746511999999,9/24/2018,05:20:00 am,0,8.226,9.1493,0.9715534880000014
101,2018-09-24 05:30:00,8.1779912448,9/24/2018,05:30:00 am,0,8.226,9.1494,0.9714087552000006
102,2018-09-24 05:40:00,8.1772978352,9/24/2018,05:40:00 am,0,8.225,9.1494,0.9721021648000008
103,2018-09-24 05:50:00,8.176726792,9/24/2018,05:50:00 am,0,8.224,9.1484,0.9716732080000003
104,2018-09-24 06:00:00,8.176624819999999,9/24/2018,06:00:00 am,0,8.224,9.1485,0.9718751800000014
105,2018-09-24 06:10:00,8.176349495599998,9/24/2018,06:10:00 am,0,8.224,9.1486,0.9722505044000016
106,2018-09-24 06:20:00,8.1771040884,9/24/2018,06:20:00 am,0,8.223,9.149,0.971895911599999
107,2018-09-24 06:30:00,8.177185666,9/24/2018,06:30:00 am,0,8.222,9.1495,0.972314334
108,2018-09-24 06:40:00,8.177053102399999,9/24/2018,06:40:00 am,0,8.222,9.1489,0.9718468976000008
109,2018-09-24 06:50:00,8.1770632996,9/24/2018,06:50:00 am,0,8.221,9.1494,0.9723367003999996
110,2018-09-24 07:00:00,8.1775119764,9/24/2018,07:00:00 am,0,8.221,9.1497,0.9721880235999993
111,2018-09-24 07:10:00,8.178062625199999,9/24/2018,07:10:00 am,0,8.22,9.1509,0.972837374800001
112,2018-09-24 07:20:00,8.1783787384,9/24/2018,07:20:00 am,0,8.219,9.1514,0.9730212616000014
113,2018-09-24 07:30:00,8.1782971608,9/24/2018,07:30:00 am,0,8.219,9.1514,0.973102839200001
114,2018-09-24 07:40:00,8.178715246,9/24/2018,07:40:00 am,0,8.218,9.1521,0.9733847540000014
115,2018-09-24 07:50:00,8.1794596416,9/24/2018,07:50:00 am,0,8.217,9.1532,0.9737403584000006
116,2018-09-24 08:00:00,8.179276091999998,9/24/2018,08:00:00 am,0,8.217,9.1538,0.9745239080000019
117,2018-09-24 08:10:00,8.1794392472,9/24/2018,08:10:00 am,0,8.216,9.1539,0.9744607528000007
118,2018-09-24 08:20:00,8.1790517536,9/24/2018,08:20:00 am,0,8.216,9.1542,0.9751482463999999
119,2018-09-24 08:30:00,8.1772570464,9/24/2018,08:30:00 am,0,8.215,9.1534,0.9761429536000001
120,2018-09-24 08:40:00,8.177032707999999,9/24/2018,08:40:00 am,0,8.215,9.1526,0.9755672920000009
121,2018-09-24 08:50:00,8.1765942284,9/24/2018,08:50:00 am,0,8.214,9.1533,0.9767057715999989
122,2018-09-24 09:00:00,8.176665608799999,9/24/2018,09:00:00 am,0,8.214,9.154,0.9773343912000012
123,2018-09-24 09:10:00,8.1746669576,9/24/2018,09:10:00 am,0,8.213,9.1548,0.9801330424000003
124,2018-09-24 09:20:00,8.1735044768,9/24/2018,09:20:00 am,0,8.212,9.1559,0.982395523200001
125,2018-09-24 09:30:00,8.174830112799999,9/24/2018,09:30:00 am,0,8.212,9.1556,0.980769887200001
126,2018-09-24 09:40:00,8.175860029999999,9/24/2018,09:40:00 am,0,8.211,9.1552,0.9793399700000016
127,2018-09-24 09:50:00,8.175645888799998,9/24/2018,09:50:00 am,0,8.21,9.1562,0.9805541112000018
128,2018-09-24 10:00:00,8.175452142,9/24/2018,10:00:00 am,0,8.21,9.1569,0.981447858000001
129,2018-09-24 10:10:00,8.1742590696,9/24/2018,10:10:00 am,0,8.209,9.1566,0.9823409303999995
130,2018-09-24 10:20:00,8.1747995212,9/24/2018,10:20:00 am,0,8.209,9.1559,0.9811004788000002
131,2018-09-24 10:30:00,8.176951130399999,9/24/2018,10:30:00 am,0,8.208,9.1552,0.9782488696000016
132,2018-09-24 10:40:00,8.176012988,9/24/2018,10:40:00 am,0,8.208,9.1549,0.9788870119999995
133,2018-09-24 10:50:00,8.177705723199999,9/24/2018,10:50:00 am,0,8.207,9.1547,0.9769942768000011
134,2018-09-24 11:00:00,8.1773080324,9/24/2018,11:00:00 am,0,8.207,9.1546,0.9772919676000011
135,2018-09-24 11:10:00,8.17356566,9/24/2018,11:10:00 am,0,8.206,9.1535,0.9799343399999998
136,2018-09-24 11:20:00,8.174850507199999,9/24/2018,11:20:00 am,0,8.205,9.154,0.9791494928000013
137,2018-09-24 11:30:00,8.178307358,9/24/2018,11:30:00 am,0,8.205,9.1537,0.975392642000001
138,2018-09-24 11:40:00,8.178103413999999,9/24/2018,11:40:00 am,0,8.204,9.1529,0.9747965860000019
139,2018-09-24 11:50:00,8.176522848,9/24/2018,11:50:00 am,0,8.203,9.1523,0.9757771520000009
140,2018-09-24 12:00:00,8.1741061116,9/24/2018,12:00:00 pm,0,8.203,9.1512,0.9770938883999989
141,2018-09-24 12:10:00,8.175900818799999,9/24/2018,12:10:00 pm,0,8.202,9.1498,0.973899181200002
142,2018-09-24 12:20:00,8.176624819999999,9/24/2018,12:20:00 pm,0,8.202,9.1488,0.9721751800000007
143,2018-09-24 12:30:00,8.1741061116,9/24/2018,12:30:00 pm,0,8.201,9.1466,0.972493888399999
144,2018-09-24 12:40:00,8.1732291524,9/24/2018,12:40:00 pm,0,8.201,9.1458,0.9725708476000001
145,2018-09-24 12:50:00,8.174024533999999,9/24/2018,12:50:00 pm,0,8.2,9.1449,0.9708754660000007
146,2018-09-24 13:00:00,8.1760537768,9/24/2018,01:00:00 pm,0,8.2,9.1439,0.9678462232000005
147,2018-09-24 13:10:00,8.1757376636,9/24/2018,01:10:00 pm,0,8.199,9.1434,0.9676623364000001
148,2018-09-24 13:20:00,8.175482733599999,9/24/2018,01:20:00 pm,0,8.199,9.1423,0.9668172664000014
149,2018-09-24 13:30:00,8.1743508444,9/24/2018,01:30:00 pm,0,8.198,9.1417,0.9673491556000009
150,2018-09-24 13:40:00,8.170710444,9/24/2018,01:40:00 pm,0,8.197,9.1396,0.9688895560000006
151,2018-09-24 13:50:00,8.171108134799999,9/24/2018,01:50:00 pm,0,8.197,9.1388,0.9676918652000008
152,2018-09-24 14:00:00,8.1721482492,9/24/2018,02:00:00 pm,0,8.197,9.1368,0.9646517507999999
153,2018-09-24 14:10:00,8.1716383892,9/24/2018,02:10:00 pm,0,8.195,9.1353,0.9636616108000009
154,2018-09-24 14:20:00,8.169986442799999,9/24/2018,02:20:00 pm,0,8.195,9.1339,0.9639135572000015
155,2018-09-24 14:30:00,8.170200584,9/24/2018,02:30:00 pm,0,8.195,9.1326,0.9623994160000002
156,2018-09-24 14:40:00,8.168528243199999,9/24/2018,02:40:00 pm,0,8.194,9.1316,0.9630717568000016
157,2018-09-24 14:50:00,8.1687117928,9/24/2018,02:50:00 pm,0,8.194,9.1311,0.9623882072000001
158,2018-09-24 15:00:00,8.1694561884,9/24/2018,03:00:00 pm,0,8.193,9.1307,0.9612438115999993
159,2018-09-24 15:10:00,8.170730838399999,9/24/2018,03:10:00 pm,0,8.193,9.1306,0.9598691616000004
160,2018-09-24 15:20:00,8.170792021599999,9/24/2018,03:20:00 pm,0,8.192,9.1305,0.9597079784000009
161,2018-09-24 15:30:00,8.169313427599999,9/24/2018,03:30:00 pm,0,8.191,9.1304,0.9610865724000011
162,2018-09-24 15:40:00,8.1700884148,9/24/2018,03:40:00 pm,0,8.191,9.1303,0.9602115851999997
163,2018-09-24 15:50:00,8.171067346,9/24/2018,03:50:00 pm,0,8.19,9.1307,0.959632654
164,2018-09-24 16:00:00,8.1716995724,9/24/2018,04:00:00 pm,0,8.19,9.1309,0.9592004276000008
165,2018-09-24 16:10:00,8.172535742800001,9/24/2018,04:10:00 pm,0,8.189,9.1322,0.9596642571999983
166,2018-09-24 16:20:00,8.173973548,9/24/2018,04:20:00 pm,0,8.188,9.1326,0.9586264520000007
167,2018-09-24 16:30:00,8.1738001956,9/24/2018,04:30:00 pm,0,8.188,9.1322,0.9583998043999991
168,2018-09-24 16:40:00,8.174779126799999,9/24/2018,04:40:00 pm,0,8.187,9.133,0.9582208732000002
169,2018-09-24 16:50:00,8.1757886496,9/24/2018,04:50:00 pm,0,8.187,9.1343,0.9585113504000002
170,2018-09-24 17:00:00,8.1768491584,9/24/2018,05:00:00 pm,0,8.186,9.1354,0.958550841600001
171,2018-09-24 17:10:00,8.177777103599999,9/24/2018,05:10:00 pm,0,8.185,9.1361,0.9583228964000021
172,2018-09-24 17:20:00,8.1785928796,9/24/2018,05:20:00 pm,0,8.185,9.137,0.9584071204000004
173,2018-09-24 17:30:00,8.1787050488,9/24/2018,05:30:00 pm,0,8.185,9.1371,0.9583949512000007
174,2018-09-24 17:40:00,8.178807020799999,9/24/2018,05:40:00 pm,0,8.184,9.1371,0.9582929792000012
175,2018-09-24 17:50:00,8.1791333312,9/24/2018,05:50:00 pm,0,8.184,9.1378,0.9586666688000012
176,2018-09-24 18:00:00,8.178786626399999,9/24/2018,06:00:00 pm,0,8.183,9.1379,0.959113373600001
177,2018-09-24 18:10:00,8.179153725599999,9/24/2018,06:10:00 pm,0,8.183,9.1388,0.9596462744000007
178,2018-09-24 18:20:00,8.1800714736,9/24/2018,06:20:00 pm,0,8.182,9.1399,0.9598285264000008
179,2018-09-24 18:30:00,8.1805609392,9/24/2018,06:30:00 pm,0,8.181,9.1405,0.9599390608
180,2018-09-24 18:40:00,8.1809484328,9/24/2018,06:40:00 pm,0,8.181,9.1415,0.9605515672000013
181,2018-09-24 18:50:00,8.182539195999999,9/24/2018,06:50:00 pm,0,8.181,9.1428,0.9602608040000007
182,2018-09-24 19:00:00,8.182692154,9/24/2018,07:00:00 pm,0,8.18,9.1437,0.9610078460000011
183,2018-09-24 19:10:00,8.1835793104,9/24/2018,07:10:00 pm,0,8.179,9.1443,0.9607206895999987
184,2018-09-24 19:20:00,8.1855371728,9/24/2018,07:20:00 pm,0,8.179,9.1463,0.9607628272
185,2018-09-24 19:30:00,8.186128610399999,9/24/2018,07:30:00 pm,0,8.179,9.1478,0.9616713896000011
186,2018-09-24 19:40:00,8.187178922,9/24/2018,07:40:00 pm,0,8.178,9.1494,0.9622210780000007
187,2018-09-24 19:50:00,8.187688781999999,9/24/2018,07:50:00 pm,0,8.177,9.1505,0.9628112180000006
188,2018-09-24 20:00:00,8.188392388799999,9/24/2018,08:00:00 pm,0,8.177,9.1511,0.9627076112000008
189,2018-09-24 20:10:00,8.1896466444,9/24/2018,08:10:00 pm,0,8.176,9.1522,0.9625533556000008
190,2018-09-24 20:20:00,8.1907581392,9/24/2018,08:20:00 pm,0,8.176,9.1536,0.9628418608000011
191,2018-09-24 20:30:00,8.1924712688,9/24/2018,08:30:00 pm,0,8.175,9.1555,0.9630287311999997
192,2018-09-24 20:40:00,8.19294034,9/24/2018,08:40:00 pm,0,8.174,9.1565,0.9635596599999996
193,2018-09-24 20:50:00,8.1946534696,9/24/2018,08:50:00 pm,0,8.174,9.1583,0.9636465304000001
194,2018-09-24 21:00:00,8.1956324008,9/24/2018,09:00:00 pm,0,8.173,9.1596,0.9639675992000001
195,2018-09-24 21:10:00,8.1961932468,9/24/2018,09:10:00 pm,0,8.173,9.1604,0.9642067531999992
196,2018-09-24 21:20:00,8.196815275999999,9/24/2018,09:20:00 pm,0,8.172,9.1616,0.9647847240000011
197,2018-09-24 21:30:00,8.1972333612,9/24/2018,09:30:00 pm,0,8.172,9.1624,0.9651666387999995
198,2018-09-24 21:40:00,8.1981613064,9/24/2018,09:40:00 pm,0,8.171,9.1632,0.9650386936000004
199,2018-09-24 21:50:00,8.1982122924,9/24/2018,09:50:00 pm,0,8.171,9.1636,0.9653877076000015
200,2018-09-24 22:00:00,8.1983652504,9/24/2018,10:00:00 pm,0,8.17,9.1641,0.9657347495999993
201,2018-09-24 22:10:00,8.1989362936,9/24/2018,10:10:00 pm,0,8.17,9.1647,0.9657637064000006
202,2018-09-24 22:20:00,8.20007838,9/24/2018,10:20:00 pm,0,8.169,9.166,0.9659216199999996
203,2018-09-24 22:30:00,8.2007615924,9/24/2018,10:30:00 pm,0,8.168,9.1669,0.9661384076000008
204,2018-09-24 22:40:00,8.2024135388,9/24/2018,10:40:00 pm,0,8.168,9.1684,0.9659864612
205,2018-09-24 22:50:00,8.202627679999999,9/24/2018,10:50:00 pm,0,8.168,9.1696,0.9669723200000018
206,2018-09-24 23:00:00,8.202719454799999,9/24/2018,11:00:00 pm,0,8.167,9.1695,0.9667805452000007
207,2018-09-24 23:10:00,8.202790835199998,9/24/2018,11:10:00 pm,0,8.167,9.1697,0.9669091648000023
208,2018-09-24 23:20:00,8.203769766399999,9/24/2018,11:20:00 pm,0,8.166,9.1707,0.9669302336000012
209,2018-09-24 23:30:00,8.2039431188,9/24/2018,11:30:00 pm,0,8.166,9.1713,0.9673568812000006
210,2018-09-24 23:40:00,8.204259232,9/24/2018,11:40:00 pm,0,8.165,9.1718,0.9675407679999992
211,2018-09-24 23:50:00,8.2046365284,9/24/2018,11:50:00 pm,0,8.164,9.1724,0.9677634715999996
212,2018-09-25 00:00:00,8.2056154596,9/25/2018,12:00:00 am,0,8.164,9.1735,0.9678845404
213,2018-09-25 00:10:00,8.2052993464,9/25/2018,12:10:00 am,0,8.163,9.1732,0.9679006535999992
214,2018-09-25 00:20:00,8.2054625016,9/25/2018,12:20:00 am,0,8.163,9.1739,0.9684374984000002
215,2018-09-25 00:30:00,8.205125994,9/25/2018,12:30:00 am,0,8.162,9.1741,0.9689740059999998
216,2018-09-25 00:40:00,8.205227966,9/25/2018,12:40:00 am,0,8.162,9.1737,0.9684720339999995
217,2018-09-25 00:50:00,8.205380924,9/25/2018,12:50:00 am,0,8.161,9.1739,0.9685190759999998
218,2018-09-25 01:00:00,8.2053095436,9/25/2018,01:00:00 am,0,8.161,9.174,0.9686904563999992
219,2018-09-25 01:10:00,8.207063462,9/25/2018,01:10:00 am,0,8.161,9.1759,0.9688365379999997
220,2018-09-25 01:20:00,8.2076650968,9/25/2018,01:20:00 am,0,8.16,9.1768,0.9691349032000005
221,2018-09-25 01:30:00,8.208990732799998,9/25/2018,01:30:00 am,0,8.159,9.178,0.9690092672000024
222,2018-09-25 01:40:00,8.21027558,9/25/2018,01:40:00 am,0,8.159,9.1796,0.9693244200000013
223,2018-09-25 01:50:00,8.2106732708,9/25/2018,01:50:00 am,0,8.158,9.1802,0.9695267292
224,2018-09-25 02:00:00,8.211652201999998,9/25/2018,02:00:00 am,0,8.158,9.1808,0.9691477980000016
225,2018-09-25 02:10:00,8.211101553199999,9/25/2018,02:10:00 am,0,8.157,9.1808,0.9696984468000007
226,2018-09-25 02:20:00,8.210632482,9/25/2018,02:20:00 am,0,8.157,9.1803,0.9696675180000014
227,2018-09-25 02:30:00,8.210693665199999,9/25/2018,02:30:00 am,0,8.157,9.181,0.9703063348000001
228,2018-09-25 02:40:00,8.2105407072,9/25/2018,02:40:00 am,0,8.156,9.1803,0.969759292800001
229,2018-09-25 02:50:00,8.2096841424,9/25/2018,02:50:00 am,0,8.155,9.1801,0.970415857599999
230,2018-09-25 03:00:00,8.208919352399999,9/25/2018,03:00:00 am,0,8.154,9.1789,0.9699806476000017
231,2018-09-25 03:10:00,8.209051916,9/25/2018,03:10:00 am,0,8.154,9.1794,0.9703480839999994
232,2018-09-25 03:20:00,8.210010452799999,9/25/2018,03:20:00 am,0,8.153,9.1805,0.9704895472000015
233,2018-09-25 03:30:00,8.209266057199999,9/25/2018,03:30:00 am,0,8.153,9.18,0.9707339428000008
234,2018-09-25 03:40:00,8.2076956884,9/25/2018,03:40:00 am,0,8.153,9.1789,0.9712043116000011
235,2018-09-25 03:50:00,8.2081239708,9/25/2018,03:50:00 am,0,8.152,9.1784,0.9702760292000008
236,2018-09-25 04:00:00,8.208083182,9/25/2018,04:00:00 am,0,8.152,9.1791,0.9710168180000007
237,2018-09-25 04:10:00,8.2077976604,9/25/2018,04:10:00 am,0,8.151,9.1791,0.9713023395999993
238,2018-09-25 04:20:00,8.2081035764,9/25/2018,04:20:00 am,0,8.151,9.1791,0.9709964236000008
239,2018-09-25 04:30:00,8.2082769288,9/25/2018,04:30:00 am,0,8.15,9.1792,0.9709230711999997
240,2018-09-25 04:40:00,8.2079506184,9/25/2018,04:40:00 am,0,8.15,9.1791,0.9711493816000001
241,2018-09-25 04:50:00,8.2088275776,9/25/2018,04:50:00 am,0,8.149,9.18,0.9711724224000005
242,2018-09-25 05:00:00,8.2095413816,9/25/2018,05:00:00 am,0,8.149,9.1812,0.9716586184000011
243,2018-09-25 05:10:00,8.2102347912,9/25/2018,05:10:00 am,0,8.148,9.1809,0.9706652087999998
244,2018-09-25 05:20:00,8.211611413199998,9/25/2018,05:20:00 am,0,8.148,9.1825,0.970888586800001
245,2018-09-25 05:30:00,8.212773894,9/25/2018,05:30:00 am,0,8.147,9.1841,0.9713261060000011
246,2018-09-25 05:40:00,8.2127534996,9/25/2018,05:40:00 am,0,8.146,9.1844,0.9716465004000003
247,2018-09-25 05:50:00,8.213181782,9/25/2018,05:50:00 am,0,8.146,9.1849,0.9717182180000012
248,2018-09-25 06:00:00,8.2131104016,9/25/2018,06:00:00 am,0,8.145,9.1848,0.9716895983999994
249,2018-09-25 06:10:00,8.2131511904,9/25/2018,06:10:00 am,0,8.145,9.1846,0.9714488096
250,2018-09-25 06:20:00,8.2126821192,9/25/2018,06:20:00 am,0,8.144,9.1844,0.9717178808
251,2018-09-25 06:30:00,8.212671922,9/25/2018,06:30:00 am,0,8.144,9.1841,0.9714280780000006
252,2018-09-25 06:40:00,8.213671247599999,9/25/2018,06:40:00 am,0,8.144,9.1858,0.9721287524000015
253,2018-09-25 06:50:00,8.213365331599999,9/25/2018,06:50:00 am,0,8.143,9.1856,0.9722346684000023
254,2018-09-25 07:00:00,8.2149560948,9/25/2018,07:00:00 am,0,8.142,9.1869,0.9719439051999998
255,2018-09-25 07:10:00,8.21460939,9/25/2018,07:10:00 am,0,8.142,9.1867,0.9720906100000004
256,2018-09-25 07:20:00,8.2149764892,9/25/2018,07:20:00 am,0,8.141,9.1872,0.972223510800001
257,2018-09-25 07:30:00,8.215863645599999,9/25/2018,07:30:00 am,0,8.141,9.1883,0.972436354400001
258,2018-09-25 07:40:00,8.2150580668,9/25/2018,07:40:00 am,0,8.14,9.1883,0.9732419332000006
259,2018-09-25 07:50:00,8.2149866864,9/25/2018,07:50:00 am,0,8.14,9.1881,0.9731133136000008
260,2018-09-25 08:00:00,8.214425840399999,9/25/2018,08:00:00 am,0,8.139,9.1881,0.9736741596000016
261,2018-09-25 08:10:00,8.2144360376,9/25/2018,08:10:00 am,0,8.139,9.1884,0.9739639623999992
262,2018-09-25 08:20:00,8.214201502,9/25/2018,08:20:00 am,0,8.138,9.1888,0.9745984980000006
263,2018-09-25 08:30:00,8.2152620108,9/25/2018,08:30:00 am,0,8.138,9.1903,0.9750379892000005
264,2018-09-25 08:40:00,8.2165162664,9/25/2018,08:40:00 am,0,8.137,9.1914,0.9748837336000005
265,2018-09-25 08:50:00,8.2172402676,9/25/2018,08:50:00 am,0,8.137,9.1932,0.9759597323999998
266,2018-09-25 09:00:00,8.2179846632,9/25/2018,09:00:00 am,0,8.137,9.1942,0.976215336800001
267,2018-09-25 09:10:00,8.215578123999999,9/25/2018,09:10:00 am,0,8.136,9.1942,0.9786218760000018
268,2018-09-25 09:20:00,8.2131613876,9/25/2018,09:20:00 am,0,8.135,9.1946,0.9814386123999999
269,2018-09-25 09:30:00,8.215537335199999,9/25/2018,09:30:00 am,0,8.135,9.1957,0.9801626648000017
270,2018-09-25 09:40:00,8.217617564,9/25/2018,09:40:00 am,0,8.134,9.196,0.9783824360000004
271,2018-09-25 09:50:00,8.2147215592,9/25/2018,09:50:00 am,0,8.134,9.1958,0.9810784408000011
272,2018-09-25 10:00:00,8.2138853888,9/25/2018,10:00:00 am,0,8.133,9.195,0.9811146112000007
273,2018-09-25 10:10:00,8.214405445999999,9/25/2018,10:10:00 am,0,8.133,9.1948,0.9803945540000019
274,2018-09-25 10:20:00,8.2157208848,9/25/2018,10:20:00 am,0,8.132,9.1956,0.979879115200001
275,2018-09-25 10:30:00,8.2187188616,9/25/2018,10:30:00 am,0,8.131,9.1959,0.9771811384000006
276,2018-09-25 10:40:00,8.2181886072,9/25/2018,10:40:00 am,0,8.131,9.1954,0.9772113927999992
277,2018-09-25 10:50:00,8.219514243199999,9/25/2018,10:50:00 am,0,8.131,9.1954,0.9758857568000003
278,2018-09-25 11:00:00,8.2175359864,9/25/2018,11:00:00 am,0,8.13,9.1941,0.9765640136000009
279,2018-09-25 11:10:00,8.2126821192,9/25/2018,11:10:00 am,0,8.129,9.1923,0.9796178807999993
280,2018-09-25 11:20:00,8.213722233599999,9/25/2018,11:20:00 am,0,8.129,9.1914,0.9776777664000011
281,2018-09-25 11:30:00,8.2165162664,9/25/2018,11:30:00 am,0,8.129,9.1915,0.9749837336000002
282,2018-09-25 11:40:00,8.2161185756,9/25/2018,11:40:00 am,0,8.128,9.1913,0.9751814244000006
283,2018-09-25 11:50:00,8.214538009599998,9/25/2018,11:50:00 am,0,8.127,9.1904,0.9758619904000021
284,2018-09-25 12:00:00,8.2110811588,9/25/2018,12:00:00 pm,0,8.127,9.1877,0.9766188411999988
285,2018-09-25 12:10:00,8.2129472464,9/25/2018,12:10:00 pm,0,8.127,9.1858,0.9728527535999998
286,2018-09-25 12:20:00,8.2129880352,9/25/2018,12:20:00 pm,0,8.126,9.1838,0.9708119647999993
287,2018-09-25 12:30:00,8.208644027999998,9/25/2018,12:30:00 pm,0,8.125,9.1818,0.9731559720000025
288,2018-09-25 12:40:00,8.208185153999999,9/25/2018,12:40:00 pm,0,8.125,9.1807,0.972514846000001
289,2018-09-25 12:50:00,8.2102653828,9/25/2018,12:50:00 pm,0,8.124,9.18,0.9697346172000003
290,2018-09-25 13:00:00,8.212784091199998,9/25/2018,01:00:00 pm,0,8.124,9.1796,0.9668159088000028
291,2018-09-25 13:10:00,8.2128452744,9/25/2018,01:10:00 pm,0,8.123,9.1789,0.9660547256000012
292,2018-09-25 13:20:00,8.2126413304,9/25/2018,01:20:00 pm,0,8.123,9.1784,0.9657586695999996
293,2018-09-25 13:30:00,8.212773894,9/25/2018,01:30:00 pm,0,8.122,9.1783,0.9655261060000004
294,2018-09-25 13:40:00,8.2090927048,9/25/2018,01:40:00 pm,0,8.122,9.177,0.9679072951999999
295,2018-09-25 13:50:00,8.2096739452,9/25/2018,01:50:00 pm,0,8.121,9.176,0.9663260547999997
296,2018-09-25 14:00:00,8.21027558,9/25/2018,02:00:00 pm,0,8.12,9.174,0.9637244200000001
297,2018-09-25 14:10:00,8.210071636,9/25/2018,02:10:00 pm,0,8.12,9.1722,0.9621283639999998
298,2018-09-25 14:20:00,8.2065332076,9/25/2018,02:20:00 pm,0,8.12,9.1695,0.9629667923999996
299,2018-09-25 14:30:00,8.2064720244,9/25/2018,02:30:00 pm,0,8.119,9.1676,0.9611279756000002
300,2018-09-25 14:40:00,8.205075008,9/25/2018,02:40:00 pm,0,8.118,9.1665,0.9614249919999995
301,2018-09-25 14:50:00,8.203851343999998,9/25/2018,02:50:00 pm,0,8.118,9.1651,0.9612486560000022
302,2018-09-25 15:00:00,8.204106273999999,9/25/2018,03:00:00 pm,0,8.117,9.164,0.9598937260000007
303,2018-09-25 15:10:00,8.205482896,9/25/2018,03:10:00 pm,0,8.117,9.1639,0.9584171040000005
304,2018-09-25 15:20:00,8.204840472399999,9/25/2018,03:20:00 pm,0,8.117,9.1632,0.9583595276000008
305,2018-09-25 15:30:00,8.202403341599998,9/25/2018,03:30:00 pm,0,8.116,9.1625,0.9600966584000012
306,2018-09-25 15:40:00,8.202760243599998,9/25/2018,03:40:00 pm,0,8.115,9.1624,0.9596397564000014
307,2018-09-25 15:50:00,8.2040756824,9/25/2018,03:50:00 pm,0,8.115,9.1626,0.9585243176000002
308,2018-09-25 16:00:00,8.204514161999999,9/25/2018,04:00:00 pm,0,8.115,9.1629,0.9583858380000017
309,2018-09-25 16:10:00,8.2050036276,9/25/2018,04:10:00 pm,0,8.114,9.1638,0.9587963724000002
310,2018-09-25 16:20:00,8.206390446799999,9/25/2018,04:20:00 pm,0,8.113,9.164,0.9576095532000011
311,2018-09-25 16:30:00,8.2073591808,9/25/2018,04:30:00 pm,0,8.113,9.1649,0.9575408192000001
312,2018-09-25 16:40:00,8.2068697152,9/25/2018,04:40:00 pm,0,8.112,9.1649,0.9580302847999995
313,2018-09-25 16:50:00,8.2073081948,9/25/2018,04:50:00 pm,0,8.112,9.1651,0.9577918052000012
314,2018-09-25 17:00:00,8.207787463199999,9/25/2018,05:00:00 pm,0,8.111,9.1657,0.9579125368000003
315,2018-09-25 17:10:00,8.2081545624,9/25/2018,05:10:00 pm,0,8.111,9.1659,0.9577454375999999
316,2018-09-25 17:20:00,8.207787463199999,9/25/2018,05:20:00 pm,0,8.11,9.1664,0.9586125368000005
317,2018-09-25 17:30:00,8.208644027999998,9/25/2018,05:30:00 pm,0,8.109,9.1665,0.9578559720000008
318,2018-09-25 17:40:00,8.2095821704,9/25/2018,05:40:00 pm,0,8.109,9.1678,0.9582178296000006
319,2018-09-25 17:50:00,8.2095923676,9/25/2018,05:50:00 pm,0,8.109,9.169,0.9594076323999996
320,2018-09-25 18:00:00,8.2095413816,9/25/2018,06:00:00 pm,0,8.108,9.1697,0.9601586184000013
321,2018-09-25 18:10:00,8.2102143968,9/25/2018,06:10:00 pm,0,8.107,9.1703,0.9600856031999996
322,2018-09-25 18:20:00,8.2108976092,9/25/2018,06:20:00 pm,0,8.107,9.1717,0.9608023907999996
323,2018-09-25 18:30:00,8.210367354799999,9/25/2018,06:30:00 pm,0,8.106,9.1723,0.961932645200001
324,2018-09-25 18:40:00,8.2101838052,9/25/2018,06:40:00 pm,0,8.106,9.1725,0.9623161947999996
325,2018-09-25 18:50:00,8.211397272,9/25/2018,06:50:00 pm,0,8.105,9.1733,0.9619027280000001
326,2018-09-25 19:00:00,8.212518964000001,9/25/2018,07:00:00 pm,0,8.104,9.1745,0.9619810359999992
327,2018-09-25 19:10:00,8.2140791356,9/25/2018,07:10:00 pm,0,8.104,9.1768,0.9627208643999996
328,2018-09-25 19:20:00,8.2138140084,9/25/2018,07:20:00 pm,0,8.104,9.177,0.9631859915999996
329,2018-09-25 19:30:00,8.215098855599999,9/25/2018,07:30:00 pm,0,8.103,9.1787,0.9636011444000001
330,2018-09-25 19:40:00,8.217026126399999,9/25/2018,07:40:00 pm,0,8.103,9.1803,0.9632738736000022
331,2018-09-25 19:50:00,8.217780719199999,9/25/2018,07:50:00 pm,0,8.102,9.1817,0.9639192808000008
332,2018-09-25 20:00:00,8.2189330028,9/25/2018,08:00:00 pm,0,8.101,9.1831,0.9641669971999995
333,2018-09-25 20:10:00,8.2196162152,9/25/2018,08:10:00 pm,0,8.101,9.1842,0.9645837848000003
334,2018-09-25 20:20:00,8.219993511599998,9/25/2018,08:20:00 pm,0,8.101,9.185,0.965006488400002
335,2018-09-25 20:30:00,8.220829682,9/25/2018,08:30:00 pm,0,8.1,9.1864,0.965570318000001
336,2018-09-25 20:40:00,8.2227773472,9/25/2018,08:40:00 pm,0,8.1,9.1881,0.9653226528000012
337,2018-09-25 20:50:00,8.2241845608,9/25/2018,08:50:00 pm,0,8.099,9.1898,0.9656154392000005
338,2018-09-25 21:00:00,8.225214478,9/25/2018,09:00:00 pm,0,8.098,9.1912,0.9659855220000004
339,2018-09-25 21:10:00,8.225418421999999,9/25/2018,09:10:00 pm,0,8.098,9.1918,0.9663815780000018
340,2018-09-25 21:20:00,8.2263055784,9/25/2018,09:20:00 pm,0,8.097,9.1924,0.9660944215999994
341,2018-09-25 21:30:00,8.2267134664,9/25/2018,09:30:00 pm,0,8.097,9.1931,0.9663865335999997
342,2018-09-25 21:40:00,8.228314426799999,9/25/2018,09:40:00 pm,0,8.096,9.195,0.9666855732000013
343,2018-09-25 21:50:00,8.227977919199999,9/25/2018,09:50:00 pm,0,8.096,9.1948,0.9668220808000019
344,2018-09-25 22:00:00,8.2275802284,9/25/2018,10:00:00 pm,0,8.095,9.1949,0.9673197715999997
345,2018-09-25 22:10:00,8.228681525999999,9/25/2018,10:10:00 pm,0,8.094,9.1956,0.9669184740000016
346,2018-09-25 22:20:00,8.2296196684,9/25/2018,10:20:00 pm,0,8.094,9.1964,0.9667803316000008
347,2018-09-25 22:30:00,8.229079216799999,9/25/2018,10:30:00 pm,0,8.094,9.1963,0.9672207832000019
348,2018-09-25 22:40:00,8.228814089599998,9/25/2018,10:40:00 pm,0,8.093,9.1967,0.9678859104000015
349,2018-09-25 22:50:00,8.2298745984,9/25/2018,10:50:00 pm,0,8.092,9.1976,0.9677254015999992
350,2018-09-25 23:00:00,8.229782823599999,9/25/2018,11:00:00 pm,0,8.092,9.1977,0.9679171764000003
351,2018-09-25 23:10:00,8.2300479508,9/25/2018,11:10:00 pm,0,8.091,9.1985,0.9684520491999997
352,2018-09-25 23:20:00,8.2305476136,9/25/2018,11:20:00 pm,0,8.091,9.199,0.9684523863999992
353,2018-09-25 23:30:00,8.229782823599999,9/25/2018,11:30:00 pm,0,8.091,9.1988,0.9690171764000013
354,2018-09-25 23:40:00,8.2298440068,9/25/2018,11:40:00 pm,0,8.089,9.1989,0.9690559931999996
355,2018-09-25 23:50:00,8.2296910488,9/25/2018,11:50:00 pm,0,8.089,9.199,0.9693089512000004
356,2018-09-26 00:00:00,8.2314143756,9/26/2018,12:00:00 am,0,8.088,9.2003,0.9688856244000004
357,2018-09-26 00:10:00,8.230720966,9/26/2018,12:10:00 am,0,8.088,9.2005,0.9697790340000001
358,2018-09-26 00:20:00,8.2292117804,9/26/2018,12:20:00 am,0,8.087,9.1991,0.9698882195999996
359,2018-09-26 00:30:00,8.230517021999999,9/26/2018,12:30:00 am,0,8.087,9.2005,0.9699829780000009
360,2018-09-26 00:40:00,8.2310472764,9/26/2018,12:40:00 am,0,8.086,9.2012,0.9701527236
361,2018-09-26 00:50:00,8.2304864304,9/26/2018,12:50:00 am,0,8.086,9.2009,0.9704135696000016
362,2018-09-26 01:00:00,8.230914712799999,9/26/2018,01:00:00 am,0,8.085,9.2006,0.9696852872000008
363,2018-09-26 01:10:00,8.231332798,9/26/2018,01:10:00 am,0,8.085,9.2014,0.9700672019999992
364,2018-09-26 01:20:00,8.231648911199999,9/26/2018,01:20:00 am,0,8.084,9.202,0.9703510888000011
365,2018-09-26 01:30:00,8.2324238984,9/26/2018,01:30:00 am,0,8.084,9.2027,0.9702761015999997
366,2018-09-26 01:40:00,8.232607448,9/26/2018,01:40:00 am,0,8.083,9.203,0.9703925519999999
367,2018-09-26 01:50:00,8.232790997599999,9/26/2018,01:50:00 am,0,8.083,9.2034,0.9706090024000016
368,2018-09-26 02:00:00,8.2333926324,9/26/2018,02:00:00 am,0,8.082,9.2044,0.9710073676000004
369,2018-09-26 02:10:00,8.2332090828,9/26/2018,02:10:00 am,0,8.082,9.2045,0.9712909171999993
370,2018-09-26 02:20:00,8.2332906604,9/26/2018,02:20:00 am,0,8.081,9.204,0.9707093396000008
371,2018-09-26 02:30:00,8.2332804632,9/26/2018,02:30:00 am,0,8.08,9.2047,0.9714195368000009
372,2018-09-26 02:40:00,8.2333620408,9/26/2018,02:40:00 am,0,8.08,9.205,0.9716379592000006
373,2018-09-26 02:50:00,8.233321252,9/26/2018,02:50:00 am,0,8.08,9.2046,0.9712787479999996
374,2018-09-26 03:00:00,8.233372238,9/26/2018,03:00:00 am,0,8.079,9.2051,0.9717277620000004
375,2018-09-26 03:10:00,8.234697873999998,9/26/2018,03:10:00 am,0,8.078,9.206,0.9713021260000012
376,2018-09-26 03:20:00,8.2345245216,9/26/2018,03:20:00 am,0,8.078,9.2064,0.9718754784000012
377,2018-09-26 03:30:00,8.2344225496,9/26/2018,03:30:00 am,0,8.077,9.2065,0.9720774504000005
378,2018-09-26 03:40:00,8.2342084084,9/26/2018,03:40:00 am,0,8.077,9.2062,0.9719915916000001
379,2018-09-26 03:50:00,8.2347386628,9/26/2018,03:50:00 am,0,8.076,9.2066,0.9718613372
380,2018-09-26 04:00:00,8.2339534784,9/26/2018,04:00:00 am,0,8.076,9.2064,0.9724465216000002
381,2018-09-26 04:10:00,8.2339738728,9/26/2018,04:10:00 am,0,8.075,9.2062,0.9722261272000008
382,2018-09-26 04:20:00,8.234228802799999,9/26/2018,04:20:00 am,0,8.075,9.2065,0.9722711972000013
383,2018-09-26 04:30:00,8.2348304376,9/26/2018,04:30:00 am,0,8.074,9.2073,0.9724695624000006
384,2018-09-26 04:40:00,8.2355034528,9/26/2018,04:40:00 am,0,8.074,9.2084,0.9728965471999995
385,2018-09-26 04:50:00,8.2352995088,9/26/2018,04:50:00 am,0,8.074,9.2084,0.9731004911999985
386,2018-09-26 05:00:00,8.2357379884,9/26/2018,05:00:00 am,0,8.072,9.2087,0.9729620116
387,2018-09-26 05:10:00,8.2356258192,9/26/2018,05:10:00 am,0,8.072,9.2087,0.9730741808000012
388,2018-09-26 05:20:00,8.2350241844,9/26/2018,05:20:00 am,0,8.071,9.2089,0.9738758155999996
389,2018-09-26 05:30:00,8.2351465508,9/26/2018,05:30:00 am,0,8.07,9.2087,0.9735534492000006
390,2018-09-26 05:40:00,8.2347794516,9/26/2018,05:40:00 am,0,8.07,9.2086,0.9738205484000009
391,2018-09-26 05:50:00,8.23551365,9/26/2018,05:50:00 am,0,8.069,9.2088,0.9732863500000004
392,2018-09-26 06:00:00,8.2362172568,9/26/2018,06:00:00 am,0,8.069,9.2099,0.9736827431999995
393,2018-09-26 06:10:00,8.236635342,9/26/2018,06:10:00 am,0,8.068,9.2101,0.973464658000001
394,2018-09-26 06:20:00,8.2371757936,9/26/2018,06:20:00 am,0,8.068,9.2109,0.9737242064
395,2018-09-26 06:30:00,8.238062949999998,9/26/2018,06:30:00 am,0,8.067,9.212,0.9739370500000017
396,2018-09-26 06:40:00,8.2384606408,9/26/2018,06:40:00 am,0,8.067,9.2125,0.9740393592000007
397,2018-09-26 06:50:00,8.2383892604,9/26/2018,06:50:00 am,0,8.066,9.2121,0.9737107395999995
398,2018-09-26 07:00:00,8.239347797199999,9/26/2018,07:00:00 am,0,8.066,9.213,0.9736522028000003
399,2018-09-26 07:10:00,8.2394089804,9/26/2018,07:10:00 am,0,8.065,9.2133,0.9738910195999999
400,2018-09-26 07:20:00,8.2388481344,9/26/2018,07:20:00 am,0,8.065,9.2128,0.9739518656000001
401,2018-09-26 07:30:00,8.239816868399998,9/26/2018,07:30:00 am,0,8.064,9.214,0.974183131600002
402,2018-09-26 07:40:00,8.239541544,9/26/2018,07:40:00 am,0,8.063,9.2147,0.9751584560000008
403,2018-09-26 07:50:00,8.2399290376,9/26/2018,07:50:00 am,0,8.063,9.2151,0.9751709624
404,2018-09-26 08:00:00,8.2401839676,9/26/2018,08:00:00 am,0,8.063,9.2155,0.9753160324000003
405,2018-09-26 08:10:00,8.2406020528,9/26/2018,08:10:00 am,0,8.062,9.2162,0.9755979472000007
406,2018-09-26 08:20:00,8.241020138,9/26/2018,08:20:00 am,0,8.061,9.2172,0.9761798620000004
407,2018-09-26 08:30:00,8.239857657199998,9/26/2018,08:30:00 am,0,8.061,9.2171,0.9772423428000021
408,2018-09-26 08:40:00,8.238674781999999,9/26/2018,08:40:00 am,0,8.06,9.216,0.9773252180000007
409,2018-09-26 08:50:00,8.2373797376,9/26/2018,08:50:00 am,0,8.059,9.2157,0.9783202624000005
410,2018-09-26 09:00:00,8.2368290888,9/26/2018,09:00:00 am,0,8.059,9.2154,0.9785709112000003
411,2018-09-26 09:10:00,8.2340452532,9/26/2018,09:10:00 am,0,8.058,9.2156,0.9815547468000005
412,2018-09-26 09:20:00,8.232607448,9/26/2018,09:20:00 am,0,8.058,9.2156,0.9829925520000007
413,2018-09-26 09:30:00,8.2337699288,9/26/2018,09:30:00 am,0,8.057,9.2158,0.9820300712000005
414,2018-09-26 09:40:00,8.2355238472,9/26/2018,09:40:00 am,0,8.056,9.2154,0.9798761528000011
415,2018-09-26 09:50:00,8.233831111999999,9/26/2018,09:50:00 am,0,8.056,9.2159,0.9820688880000006
416,2018-09-26 10:00:00,8.2331988856,9/26/2018,10:00:00 am,0,8.056,9.2158,0.9826011143999995
417,2018-09-26 10:10:00,8.234167619599999,9/26/2018,10:10:00 am,0,8.055,9.2154,0.9812323804000016
418,2018-09-26 10:20:00,8.2359521296,9/26/2018,10:20:00 am,0,8.054,9.2152,0.9792478704
419,2018-09-26 10:30:00,8.2373083572,9/26/2018,10:30:00 am,0,8.054,9.2148,0.9774916428000004
420,2018-09-26 10:40:00,8.236431398,9/26/2018,10:40:00 am,0,8.054,9.2143,0.9778686019999991
421,2018-09-26 10:50:00,8.2356971996,9/26/2018,10:50:00 am,0,8.053,9.2135,0.9778028003999992
422,2018-09-26 11:00:00,8.233922886799999,9/26/2018,11:00:00 am,0,8.052,9.2133,0.9793771132000018
423,2018-09-26 11:10:00,8.231077867999998,9/26/2018,11:10:00 am,0,8.052,9.2128,0.9817221320000016
424,2018-09-26 11:20:00,8.232434095599999,9/26/2018,11:20:00 am,0,8.051,9.2118,0.9793659044000016
425,2018-09-26 11:30:00,8.2343205776,9/26/2018,11:30:00 am,0,8.05,9.2111,0.9767794223999999
426,2018-09-26 11:40:00,8.232699222799999,9/26/2018,11:40:00 am,0,8.05,9.2103,0.977600777200001
427,2018-09-26 11:50:00,8.2326482368,9/26/2018,11:50:00 am,0,8.049,9.2095,0.9768517632000009
428,2018-09-26 12:00:00,8.2299765704,9/26/2018,12:00:00 pm,0,8.049,9.2075,0.9775234295999997
429,2018-09-26 12:10:00,8.2325768564,9/26/2018,12:10:00 pm,0,8.048,9.2064,0.9738231436000007
430,2018-09-26 12:20:00,8.2336373652,9/26/2018,12:20:00 pm,0,8.047,9.2053,0.9716626347999995
431,2018-09-26 12:30:00,8.2297216404,9/26/2018,12:30:00 pm,0,8.047,9.2039,0.9741783596000015
432,2018-09-26 12:40:00,8.229548287999998,9/26/2018,12:40:00 pm,0,8.047,9.2024,0.9728517120000024
433,2018-09-26 12:50:00,8.231638714,9/26/2018,12:50:00 pm,0,8.046,9.201,0.9693612859999998
434,2018-09-26 13:00:00,8.232699222799999,9/26/2018,01:00:00 pm,0,8.046,9.2001,0.9674007772000017
435,2018-09-26 13:10:00,8.232016010399999,9/26/2018,01:10:00 pm,0,8.045,9.199,0.966983989600001
436,2018-09-26 13:20:00,8.230771952,9/26/2018,01:20:00 pm,0,8.044,9.1985,0.9677280479999997
437,2018-09-26 13:30:00,8.2300683452,9/26/2018,01:30:00 pm,0,8.044,9.1973,0.9672316548000008
438,2018-09-26 13:40:00,8.2267338608,9/26/2018,01:40:00 pm,0,8.043,9.1964,0.969666139200001
439,2018-09-26 13:50:00,8.2265299168,9/26/2018,01:50:00 pm,0,8.042,9.1941,0.9675700832
440,2018-09-26 14:00:00,8.2283552156,9/26/2018,02:00:00 pm,0,8.042,9.1926,0.9642447843999999
441,2018-09-26 14:10:00,8.228763103599999,9/26/2018,02:10:00 pm,0,8.041,9.1922,0.9634368964000011
442,2018-09-26 14:20:00,8.226489128,9/26/2018,02:20:00 pm,0,8.041,9.1894,0.9629108719999984
443,2018-09-26 14:30:00,8.226193409199999,9/26/2018,02:30:00 pm,0,8.04,9.1877,0.9615065908000009
444,2018-09-26 14:40:00,8.2244292936,9/26/2018,02:40:00 pm,0,8.039,9.1864,0.9619707064000007
445,2018-09-26 14:50:00,8.223582925999999,9/26/2018,02:50:00 pm,0,8.039,9.1845,0.960917074000001
446,2018-09-26 15:00:00,8.2234605596,9/26/2018,03:00:00 pm,0,8.038,9.1833,0.9598394403999997
447,2018-09-26 15:10:00,8.223980616799999,9/26/2018,03:10:00 pm,0,8.038,9.183,0.9590193832000011
448,2018-09-26 15:20:00,8.223317798799998,9/26/2018,03:20:00 pm,0,8.037,9.1824,0.9590822012000011
449,2018-09-26 15:30:00,8.2212171756,9/26/2018,03:30:00 pm,0,8.037,9.1818,0.9605828244000012
450,2018-09-26 15:40:00,8.222145120799999,9/26/2018,03:40:00 pm,0,8.036,9.1815,0.9593548792000011
451,2018-09-26 15:50:00,8.2219309796,9/26/2018,03:50:00 pm,0,8.035,9.1816,0.9596690203999998
452,2018-09-26 16:00:00,8.2221145292,9/26/2018,04:00:00 pm,0,8.035,9.181,0.9588854707999985
453,2018-09-26 16:10:00,8.222145120799999,9/26/2018,04:10:00 pm,0,8.034,9.1807,0.9585548792000012
454,2018-09-26 16:20:00,8.2223184732,9/26/2018,04:20:00 pm,0,8.034,9.1806,0.9582815268000004
455,2018-09-26 16:30:00,8.222308276,9/26/2018,04:30:00 pm,0,8.033,9.1808,0.9584917239999999
456,2018-09-26 16:40:00,8.220605343599999,9/26/2018,04:40:00 pm,0,8.033,9.1802,0.9595946564000002
457,2018-09-26 16:50:00,8.221033626,9/26/2018,04:50:00 pm,0,8.032,9.18,0.9589663739999992
458,2018-09-26 17:00:00,8.2204421884,9/26/2018,05:00:00 pm,0,8.031,9.1799,0.9594578116000001
459,2018-09-26 17:10:00,8.2197385816,9/26/2018,05:10:00 pm,0,8.031,9.1792,0.9594614184000001
460,2018-09-26 17:20:00,8.2201566668,9/26/2018,05:20:00 pm,0,8.03,9.179,0.9588433332000008
461,2018-09-26 17:30:00,8.2207073156,9/26/2018,05:30:00 pm,0,8.029,9.1791,0.9583926843999997
462,2018-09-26 17:40:00,8.221472105599998,9/26/2018,05:40:00 pm,0,8.029,9.1797,0.958227894400002
463,2018-09-26 17:50:00,8.2214925,9/26/2018,05:50:00 pm,0,8.029,9.1805,0.9590075000000002
464,2018-09-26 18:00:00,8.221706641199999,9/26/2018,06:00:00 pm,0,8.028,9.1805,0.9587933588000013
465,2018-09-26 18:10:00,8.2217678244,9/26/2018,06:10:00 pm,0,8.027,9.1801,0.958332175599999
466,2018-09-26 18:20:00,8.2213803308,9/26/2018,06:20:00 pm,0,8.026,9.181,0.9596196691999985
467,2018-09-26 18:30:00,8.2223286704,9/26/2018,06:30:00 pm,0,8.026,9.1821,0.9597713296000006
468,2018-09-26 18:40:00,8.2237970672,9/26/2018,06:40:00 pm,0,8.025,9.1842,0.960402932800001
469,2018-09-26 18:50:00,8.2243885048,9/26/2018,06:50:00 pm,0,8.025,9.1853,0.9609114951999995
470,2018-09-26 19:00:00,8.2244700824,9/26/2018,07:00:00 pm,0,8.024,9.1859,0.9614299176000003
471,2018-09-26 19:10:00,8.2252450696,9/26/2018,07:10:00 pm,0,8.024,9.187,0.9617549303999997
472,2018-09-26 19:20:00,8.2258976904,9/26/2018,07:20:00 pm,0,8.023,9.1883,0.9624023095999998
473,2018-09-26 19:30:00,8.226030254,9/26/2018,07:30:00 pm,0,8.023,9.1888,0.9627697460000011
474,2018-09-26 19:40:00,8.226795044,9/26/2018,07:40:00 pm,0,8.022,9.19,0.9632049560000002
475,2018-09-26 19:50:00,8.2275394396,9/26/2018,07:50:00 pm,0,8.021,9.1911,0.9635605604000013
476,2018-09-26 20:00:00,8.228385807199999,9/26/2018,08:00:00 pm,0,8.021,9.1925,0.9641141928000021
477,2018-09-26 20:10:00,8.228701920399999,9/26/2018,08:10:00 pm,0,8.02,9.1934,0.9646980796000015
478,2018-09-26 20:20:00,8.2288752728,9/26/2018,08:20:00 pm,0,8.019,9.1936,0.9647247272000001
479,2018-09-26 20:30:00,8.2299357816,9/26/2018,08:30:00 pm,0,8.019,9.195,0.9650642184000002
480,2018-09-26 20:40:00,8.230955501599999,9/26/2018,08:40:00 pm,0,8.018,9.1962,0.9652444984000006
481,2018-09-26 20:50:00,8.2314143756,9/26/2018,08:50:00 pm,0,8.018,9.1974,0.9659856244
482,2018-09-26 21:00:00,8.2317610804,9/26/2018,09:00:00 pm,0,8.017,9.1977,0.9659389195999992
483,2018-09-26 21:10:00,8.2321587712,9/26/2018,09:10:00 pm,0,8.017,9.1986,0.9664412288000008
484,2018-09-26 21:20:00,8.2325462648,9/26/2018,09:20:00 pm,0,8.016,9.1992,0.9666537351999995
485,2018-09-26 21:30:00,8.2326380396,9/26/2018,09:30:00 pm,0,8.015,9.1998,0.9671619604000004
486,2018-09-26 21:40:00,8.2332906604,9/26/2018,09:40:00 pm,0,8.015,9.2002,0.9669093396000008
487,2018-09-26 21:50:00,8.2329745472,9/26/2018,09:50:00 pm,0,8.014,9.2004,0.9674254528000006
488,2018-09-26 22:00:00,8.2335557876,9/26/2018,10:00:00 pm,0,8.014,9.2012,0.9676442123999998
489,2018-09-26 22:10:00,8.2340554504,9/26/2018,10:10:00 pm,0,8.013,9.2017,0.967644549600001
490,2018-09-26 22:20:00,8.233800520399999,9/26/2018,10:20:00 pm,0,8.013,9.2021,0.9682994796000006
491,2018-09-26 22:30:00,8.2331988856,9/26/2018,10:30:00 pm,0,8.012,9.2015,0.9683011143999991
492,2018-09-26 22:40:00,8.233270266,9/26/2018,10:40:00 pm,0,8.011,9.202,0.9687297340000001
493,2018-09-26 22:50:00,8.2336883512,9/26/2018,10:50:00 pm,0,8.011,9.2022,0.9685116487999998
494,2018-09-26 23:00:00,8.2339024924,9/26/2018,11:00:00 pm,0,8.01,9.2027,0.9687975075999997
495,2018-09-26 23:10:00,8.2333110548,9/26/2018,11:10:00 pm,0,8.01,9.2025,0.9691889452000009
496,2018-09-26 23:20:00,8.232699222799999,9/26/2018,11:20:00 pm,0,8.009,9.2023,0.9696007772000002
497,2018-09-26 23:30:00,8.232689025600001,9/26/2018,11:30:00 pm,0,8.008,9.2024,0.9697109743999999
498,2018-09-26 23:40:00,8.2322301516,9/26/2018,11:40:00 pm,0,8.008,9.2017,0.969469848400001
499,2018-09-26 23:50:00,8.231669305599999,9/26/2018,11:50:00 pm,0,8.007,9.2017,0.9700306944000019
500,2018-09-27 00:00:00,8.231353192399999,9/27/2018,12:00:00 am,0,8.006,9.2012,0.9698468076000015
501,2018-09-27 00:10:00,8.2310982624,9/27/2018,12:10:00 am,0,8.006,9.2012,0.9701017376000003
502,2018-09-27 00:20:00,8.2310982624,9/27/2018,12:20:00 am,0,8.005,9.2013,0.9702017376000001
503,2018-09-27 00:30:00,8.230904515599999,9/27/2018,12:30:00 am,0,8.005,9.2016,0.9706954844000002
504,2018-09-27 00:40:00,8.2312920092,9/27/2018,12:40:00 am,0,8.004,9.2017,0.9704079908000001
505,2018-09-27 00:50:00,8.231587728,9/27/2018,12:50:00 am,0,8.003,9.2025,0.9709122720000014
506,2018-09-27 01:00:00,8.2309351072,9/27/2018,01:00:00 am,0,8.003,9.2017,0.9707648928000001
507,2018-09-27 01:10:00,8.230853529600001,9/27/2018,01:10:00 am,0,8.002,9.2017,0.9708464703999997
508,2018-09-27 01:20:00,8.230058148,9/27/2018,01:20:00 am,0,8.002,9.2018,0.971741852000001
509,2018-09-27 01:30:00,8.2299255844,9/27/2018,01:30:00 am,0,8.0,9.2017,0.9717744156000006
510,2018-09-27 01:40:00,8.2300173592,9/27/2018,01:40:00 am,0,8.0,9.2019,0.9718826408000005
511,2018-09-27 01:50:00,8.2298440068,9/27/2018,01:50:00 am,0,8.0,9.2015,0.9716559931999988
512,2018-09-27 02:00:00,8.2298745984,9/27/2018,02:00:00 am,0,7.999,9.2012,0.9713254015999997
513,2018-09-27 02:10:00,8.2293137524,9/27/2018,02:10:00 am,0,7.999,9.2012,0.9718862476000005
514,2018-09-27 02:20:00,8.228681525999999,9/27/2018,02:20:00 am,0,7.998,9.2013,0.9726184740000008
515,2018-09-27 02:30:00,8.2282532436,9/27/2018,02:30:00 am,0,7.998,9.2007,0.9724467564000001
516,2018-09-27 02:40:00,8.227294706799999,9/27/2018,02:40:00 am,0,7.997,9.2001,0.9728052932000022
517,2018-09-27 02:50:00,8.2271417488,9/27/2018,02:50:00 am,0,7.996,9.1995,0.9723582512000011
518,2018-09-27 03:00:00,8.226621691599998,9/27/2018,03:00:00 am,0,7.995,9.1994,0.9727783084000023
519,2018-09-27 03:10:00,8.225775323999999,9/27/2018,03:10:00 am,0,7.995,9.1991,0.9733246760000007
520,2018-09-27 03:20:00,8.2259588736,9/27/2018,03:20:00 am,0,7.994,9.1992,0.9732411263999996
521,2018-09-27 03:30:00,8.225734535199999,9/27/2018,03:30:00 am,0,7.994,9.1988,0.9730654648000012
522,2018-09-27 03:40:00,8.2252756612,9/27/2018,03:40:00 am,0,7.993,9.1983,0.9730243388000002
523,2018-09-27 03:50:00,8.225387830399999,9/27/2018,03:50:00 am,0,7.992,9.1986,0.9732121696000018
524,2018-09-27 04:00:00,8.2249901396,9/27/2018,04:00:00 am,0,7.992,9.1984,0.9734098604000003
525,2018-09-27 04:10:00,8.2248983648,9/27/2018,04:10:00 am,0,7.991,9.1983,0.9734016352000001
526,2018-09-27 04:20:00,8.2249697452,9/27/2018,04:20:00 am,0,7.991,9.1978,0.9728302548000016
527,2018-09-27 04:30:00,8.224347716,9/27/2018,04:30:00 am,0,7.99,9.1981,0.9737522839999997
528,2018-09-27 04:40:00,8.223888842,9/27/2018,04:40:00 am,0,7.99,9.1977,0.9738111580000002
529,2018-09-27 04:50:00,8.2238174616,9/27/2018,04:50:00 am,0,7.989,9.1976,0.9737825384000001
530,2018-09-27 05:00:00,8.2233993764,9/27/2018,05:00:00 am,0,7.989,9.1973,0.9739006236000005
531,2018-09-27 05:10:00,8.222879319199999,9/27/2018,05:10:00 am,0,7.988,9.1972,0.9743206808000018
532,2018-09-27 05:20:00,8.2231138548,9/27/2018,05:20:00 am,0,7.987,9.1973,0.9741861452000009
533,2018-09-27 05:30:00,8.223735884,9/27/2018,05:30:00 am,0,7.987,9.198,0.9742641160000005
534,2018-09-27 05:40:00,8.2226549808,9/27/2018,05:40:00 am,0,7.986,9.1971,0.9744450192000009
535,2018-09-27 05:50:00,8.2231138548,9/27/2018,05:50:00 am,0,7.985,9.1971,0.9739861452000014
536,2018-09-27 06:00:00,8.2236033204,9/27/2018,06:00:00 am,0,7.985,9.1979,0.9742966796000001
537,2018-09-27 06:10:00,8.224051997199998,9/27/2018,06:10:00 am,0,7.984,9.1983,0.9742480028000013
538,2018-09-27 06:20:00,8.2242559412,9/27/2018,06:20:00 am,0,7.983,9.1989,0.9746440588000009
539,2018-09-27 06:30:00,8.2247861956,9/27/2018,06:30:00 am,0,7.983,9.199,0.9742138043999997
540,2018-09-27 06:40:00,8.2245618572,9/27/2018,06:40:00 am,0,7.982,9.1989,0.9743381428000006
541,2018-09-27 06:50:00,8.2244700824,9/27/2018,06:50:00 am,0,7.982,9.1993,0.9748299175999993
542,2018-09-27 07:00:00,8.2244904768,9/27/2018,07:00:00 am,0,7.981,9.1989,0.9744095232000003
543,2018-09-27 07:10:00,8.224357913199999,9/27/2018,07:10:00 am,0,7.98,9.1993,0.9749420868000005
544,2018-09-27 07:20:00,8.224633237599999,9/27/2018,07:20:00 am,0,7.98,9.2,0.9753667624000002
545,2018-09-27 07:30:00,8.2245822516,9/27/2018,07:30:00 am,0,7.979,9.2001,0.9755177484000015
546,2018-09-27 07:40:00,8.2245924488,9/27/2018,07:40:00 am,0,7.979,9.2008,0.9762075511999999
547,2018-09-27 07:50:00,8.224704617999999,9/27/2018,07:50:00 am,0,7.978,9.2012,0.9764953820000013
548,2018-09-27 08:00:00,8.224643434799999,9/27/2018,08:00:00 am,0,7.978,9.2017,0.9770565652000016
549,2018-09-27 08:10:00,8.2241641664,9/27/2018,08:10:00 am,0,7.977,9.2009,0.9767358336000012
550,2018-09-27 08:20:00,8.2236441092,9/27/2018,08:20:00 am,0,7.976,9.2009,0.9772558908000004
551,2018-09-27 08:30:00,8.2226855724,9/27/2018,08:30:00 am,0,7.976,9.2006,0.9779144276
552,2018-09-27 08:40:00,8.222145120799999,9/27/2018,08:40:00 am,0,7.975,9.2003,0.9781548792000017
553,2018-09-27 08:50:00,8.221523091599998,9/27/2018,08:50:00 am,0,7.974,9.2001,0.9785769084000027
554,2018-09-27 09:00:00,8.2211050064,9/27/2018,09:00:00 am,0,7.974,9.2009,0.9797949936000006
555,2018-09-27 09:10:00,8.2180152548,9/27/2018,09:10:00 am,0,7.973,9.2008,0.9827847452
556,2018-09-27 09:20:00,8.217383028399999,9/27/2018,09:20:00 am,0,7.972,9.2007,0.9833169716000008
557,2018-09-27 09:30:00,8.2190757636,9/27/2018,09:30:00 am,0,7.972,9.2009,0.9818242364000014
558,2018-09-27 09:40:00,8.220279033199999,9/27/2018,09:40:00 am,0,7.972,9.2003,0.9800209668000015
559,2018-09-27 09:50:00,8.2175461836,9/27/2018,09:50:00 am,0,7.971,9.1993,0.9817538163999995
560,2018-09-27 10:00:00,8.2172810564,9/27/2018,10:00:00 am,0,7.97,9.1989,0.9816189436000009
561,2018-09-27 10:10:00,8.2157412792,9/27/2018,10:10:00 am,0,7.969,9.1979,0.9821587208000011
562,2018-09-27 10:20:00,8.217362634,9/27/2018,10:20:00 am,0,7.969,9.1967,0.9793373659999993
563,2018-09-27 10:30:00,8.2180968324,9/27/2018,10:30:00 am,0,7.968,9.1968,0.9787031675999991
564,2018-09-27 10:40:00,8.2174951976,9/27/2018,10:40:00 am,0,7.967,9.1963,0.9788048024000009
565,2018-09-27 10:50:00,8.2168629712,9/27/2018,10:50:00 am,0,7.967,9.1955,0.9786370287999997
566,2018-09-27 11:00:00,8.213875191599998,9/27/2018,11:00:00 am,0,7.966,9.194,0.9801248084000029
567,2018-09-27 11:10:00,8.2110199756,9/27/2018,11:10:00 am,0,7.966,9.1932,0.9821800243999999
568,2018-09-27 11:20:00,8.2129574436,9/27/2018,11:20:00 am,0,7.965,9.1919,0.9789425563999998
569,2018-09-27 11:30:00,8.2138547972,9/27/2018,11:30:00 am,0,7.964,9.1906,0.9767452028000001
570,2018-09-27 11:40:00,8.2115910188,9/27/2018,11:40:00 am,0,7.964,9.1892,0.9776089811999995
571,2018-09-27 11:50:00,8.21002065,9/27/2018,11:50:00 am,0,7.963,9.1872,0.9771793500000001
572,2018-09-27 12:00:00,8.2077160828,9/27/2018,12:00:00 pm,0,7.963,9.1854,0.9776839172000003
573,2018-09-27 12:10:00,8.210826228799998,9/27/2018,12:10:00 pm,0,7.962,9.1837,0.9728737712000015
574,2018-09-27 12:20:00,8.2102143968,9/27/2018,12:20:00 pm,0,7.961,9.1815,0.9712856032000001
575,2018-09-27 12:30:00,8.2062170944,9/27/2018,12:30:00 pm,0,7.961,9.1791,0.9728829056000006
576,2018-09-27 12:40:00,8.205125994,9/27/2018,12:40:00 pm,0,7.96,9.1772,0.9720740059999997
577,2018-09-27 12:50:00,8.206686165599999,9/27/2018,12:50:00 pm,0,7.96,9.1757,0.9690138344000019
578,2018-09-27 13:00:00,8.2069512928,9/27/2018,01:00:00 pm,0,7.959,9.174,0.9670487072
579,2018-09-27 13:10:00,8.2061049252,9/27/2018,01:10:00 pm,0,7.958,9.1725,0.9663950747999994
580,2018-09-27 13:20:00,8.204473373199999,9/27/2018,01:20:00 pm,0,7.958,9.1708,0.9663266268000008
581,2018-09-27 13:30:00,8.203147737199998,9/27/2018,01:30:00 pm,0,7.957,9.1699,0.9667522628000018
582,2018-09-27 13:40:00,8.1998438444,9/27/2018,01:40:00 pm,0,7.956,9.167,0.9671561555999997
583,2018-09-27 13:50:00,8.1990280684,9/27/2018,01:50:00 pm,0,7.956,9.1649,0.9658719315999988
584,2018-09-27 14:00:00,8.1990280684,9/27/2018,02:00:00 pm,0,7.955,9.1626,0.9635719315999989
585,2018-09-27 14:10:00,8.1984366308,9/27/2018,02:10:00 pm,0,7.954,9.1609,0.9624633692
586,2018-09-27 14:20:00,8.1970600088,9/27/2018,02:20:00 pm,0,7.954,9.1589,0.9618399911999997
587,2018-09-27 14:30:00,8.1961830496,9/27/2018,02:30:00 pm,0,7.953,9.156,0.9598169504000005
588,2018-09-27 14:40:00,8.195295893199999,9/27/2018,02:40:00 pm,0,7.953,9.1557,0.9604041068000004
589,2018-09-27 14:50:00,8.194164004,9/27/2018,02:50:00 pm,0,7.952,9.1539,0.9597359960000009
590,2018-09-27 15:00:00,8.1941742012,9/27/2018,03:00:00 pm,0,7.951,9.1531,0.9589257988000011
591,2018-09-27 15:10:00,8.1952653016,9/27/2018,03:10:00 pm,0,7.951,9.1527,0.9574346984000002
592,2018-09-27 15:20:00,8.1941028208,9/27/2018,03:20:00 pm,0,7.95,9.1513,0.9571971792000014
593,2018-09-27 15:30:00,8.1925630436,9/27/2018,03:30:00 pm,0,7.95,9.151,0.9584369563999999
594,2018-09-27 15:40:00,8.193042312,9/27/2018,03:40:00 pm,0,7.949,9.1501,0.9570576880000008
595,2018-09-27 15:50:00,8.1929505372,9/27/2018,03:50:00 pm,0,7.949,9.1502,0.9572494628000001
596,2018-09-27 16:00:00,8.1928587624,9/27/2018,04:00:00 pm,0,7.947,9.1499,0.9570412376000004
597,2018-09-27 16:10:00,8.1930321148,9/27/2018,04:10:00 pm,0,7.947,9.1494,0.9563678852000006
598,2018-09-27 16:20:00,8.192848565199998,9/27/2018,04:20:00 pm,0,7.947,9.1491,0.9562514348000022
599,2018-09-27 16:30:00,8.192573240799998,9/27/2018,04:30:00 pm,0,7.946,9.1486,0.956026759200002
600,2018-09-27 16:40:00,8.1922163388,9/27/2018,04:40:00 pm,0,7.945,9.1491,0.9568836612000009
601,2018-09-27 16:50:00,8.1916045068,9/27/2018,04:50:00 pm,0,7.944,9.1479,0.9562954932000007
602,2018-09-27 17:00:00,8.1920837752,9/27/2018,05:00:00 pm,0,7.944,9.148,0.9559162247999993
603,2018-09-27 17:10:00,8.192226535999998,9/27/2018,05:10:00 pm,0,7.943,9.1483,0.9560734640000028
604,2018-09-27 17:20:00,8.1922979164,9/27/2018,05:20:00 pm,0,7.943,9.1481,0.9558020836000001
605,2018-09-27 17:30:00,8.191614704,9/27/2018,05:30:00 pm,0,7.942,9.1471,0.9554852960000009
606,2018-09-27 17:40:00,8.1924712688,9/27/2018,05:40:00 pm,0,7.942,9.1477,0.9552287312000001
607,2018-09-27 17:50:00,8.1925222548,9/27/2018,05:50:00 pm,0,7.941,9.1484,0.9558777452000005
608,2018-09-27 18:00:00,8.1916045068,9/27/2018,06:00:00 pm,0,7.94,9.148,0.9563954932000005
609,2018-09-27 18:10:00,8.191716675999999,9/27/2018,06:10:00 pm,0,7.939,9.1477,0.9559833240000017
610,2018-09-27 18:20:00,8.1929097484,9/27/2018,06:20:00 pm,0,7.939,9.1486,0.9556902516000001
611,2018-09-27 18:30:00,8.1925222548,9/27/2018,06:30:00 pm,0,7.939,9.1495,0.9569777451999997
612,2018-09-27 18:40:00,8.192410085599999,9/27/2018,06:40:00 pm,0,7.938,9.1497,0.9572899144000004
613,2018-09-27 18:50:00,8.1927160016,9/27/2018,06:50:00 pm,0,7.937,9.1505,0.9577839984000001
614,2018-09-27 19:00:00,8.192766987599999,9/27/2018,07:00:00 pm,0,7.936,9.1511,0.9583330124000007
615,2018-09-27 19:10:00,8.191971606,9/27/2018,07:10:00 pm,0,7.936,9.1512,0.9592283940000002
616,2018-09-27 19:20:00,8.1923081136,9/27/2018,07:20:00 pm,0,7.935,9.1521,0.9597918864000015
617,2018-09-27 19:30:00,8.1928689596,9/27/2018,07:30:00 pm,0,7.934,9.153,0.9601310404000003
618,2018-09-27 19:40:00,8.193185072799999,9/27/2018,07:40:00 pm,0,7.934,9.153,0.9598149272000018
619,2018-09-27 19:50:00,8.1928995512,9/27/2018,07:50:00 pm,0,7.933,9.1535,0.9606004487999993
620,2018-09-27 20:00:00,8.1933788196,9/27/2018,08:00:00 pm,0,7.933,9.1548,0.9614211804000004
621,2018-09-27 20:10:00,8.1941538068,9/27/2018,08:10:00 pm,0,7.932,9.1554,0.9612461932000009
622,2018-09-27 20:20:00,8.194775836,9/27/2018,08:20:00 pm,0,7.931,9.1568,0.9620241640000007
623,2018-09-27 20:30:00,8.1955508232,9/27/2018,08:30:00 pm,0,7.931,9.1577,0.9621491768000006
624,2018-09-27 20:40:00,8.1955712176,9/27/2018,08:40:00 pm,0,7.93,9.1582,0.9626287824000013
625,2018-09-27 20:50:00,8.19574457,9/27/2018,08:50:00 pm,0,7.93,9.1591,0.96335543
626,2018-09-27 21:00:00,8.1963665992,9/27/2018,09:00:00 pm,0,7.929,9.1601,0.9637334008000007
627,2018-09-27 21:10:00,8.196917248,9/27/2018,09:10:00 pm,0,7.928,9.1609,0.9639827519999997
628,2018-09-27 21:20:00,8.1974678968,9/27/2018,09:20:00 pm,0,7.928,9.1614,0.9639321032000012
629,2018-09-27 21:30:00,8.196774487199999,9/27/2018,09:30:00 pm,0,7.927,9.1617,0.9649255128000007
630,2018-09-27 21:40:00,8.196611332,9/27/2018,09:40:00 pm,0,7.926,9.1615,0.9648886680000004
631,2018-09-27 21:50:00,8.1962136412,9/27/2018,09:50:00 pm,0,7.925,9.1618,0.9655863587999995
632,2018-09-27 22:00:00,8.195540626,9/27/2018,10:00:00 pm,0,7.925,9.1615,0.9659593740000005
633,2018-09-27 22:10:00,8.1955304288,9/27/2018,10:10:00 pm,0,7.925,9.1615,0.9659695712000005
634,2018-09-27 22:20:00,8.195642598,9/27/2018,10:20:00 pm,0,7.923,9.1622,0.9665574020000012
635,2018-09-27 22:30:00,8.1959791056,9/27/2018,10:30:00 pm,0,7.923,9.1625,0.9665208944000003
636,2018-09-27 22:40:00,8.196019894400001,9/27/2018,10:40:00 pm,0,7.923,9.1628,0.9667801055999998
637,2018-09-27 22:50:00,8.1956324008,9/27/2018,10:50:00 pm,0,7.922,9.1626,0.9669675992000002
638,2018-09-27 23:00:00,8.194928794,9/27/2018,11:00:00 pm,0,7.921,9.1626,0.9676712059999986
639,2018-09-27 23:10:00,8.19446992,9/27/2018,11:10:00 pm,0,7.921,9.1624,0.9679300800000004
640,2018-09-27 23:20:00,8.194724849999998,9/27/2018,11:20:00 pm,0,7.921,9.1628,0.9680751500000024
641,2018-09-27 23:30:00,8.1946942584,9/27/2018,11:30:00 pm,0,7.919,9.1627,0.968005741599999
642,2018-09-27 23:40:00,8.1944495256,9/27/2018,11:40:00 pm,0,7.919,9.1627,0.9682504743999996
643,2018-09-27 23:50:00,8.1941742012,9/27/2018,11:50:00 pm,0,7.918,9.163,0.9688257988000011
644,2018-09-28 00:00:00,8.1941538068,9/28/2018,12:00:00 am,0,7.917,9.163,0.968846193200001
645,2018-09-28 00:10:00,8.194775836,9/28/2018,12:10:00 am,0,7.917,9.1634,0.9686241639999995
646,2018-09-28 00:20:00,8.1947350472,9/28/2018,12:20:00 am,0,7.916,9.1638,0.9690649528000002
647,2018-09-28 00:30:00,8.1935317776,9/28/2018,12:30:00 am,0,7.916,9.163,0.9694682223999997
648,2018-09-28 00:40:00,8.193582763599998,9/28/2018,12:40:00 am,0,7.915,9.163,0.9694172364000018
649,2018-09-28 00:50:00,8.1936847356,9/28/2018,12:50:00 am,0,7.915,9.1628,0.969115264400001
650,2018-09-28 01:00:00,8.1931748756,9/28/2018,01:00:00 am,0,7.914,9.1631,0.9699251243999996
651,2018-09-28 01:10:00,8.192991326,9/28/2018,01:10:00 am,0,7.913,9.1633,0.970308674
652,2018-09-28 01:20:00,8.192532451999998,9/28/2018,01:20:00 am,0,7.913,9.1623,0.9697675480000019
653,2018-09-28 01:30:00,8.192777184799999,9/28/2018,01:30:00 am,0,7.912,9.163,0.9702228152000014
654,2018-09-28 01:40:00,8.1930015232,9/28/2018,01:40:00 am,0,7.912,9.1632,0.9701984768000003
655,2018-09-28 01:50:00,8.1928587624,9/28/2018,01:50:00 am,0,7.911,9.1635,0.9706412376000007
656,2018-09-28 02:00:00,8.1920837752,9/28/2018,02:00:00 am,0,7.91,9.1631,0.9710162247999996
657,2018-09-28 02:10:00,8.192277522,9/28/2018,02:10:00 am,0,7.91,9.1633,0.9710224780000001
658,2018-09-28 02:20:00,8.1923489024,9/28/2018,02:20:00 am,0,7.909,9.1633,0.9709510976000004
659,2018-09-28 02:30:00,8.191278196399999,9/28/2018,02:30:00 am,0,7.909,9.1624,0.9711218036000009
660,2018-09-28 02:40:00,8.1903706456,9/28/2018,02:40:00 am,0,7.908,9.1618,0.9714293543999997
661,2018-09-28 02:50:00,8.1895956584,9/28/2018,02:50:00 am,0,7.907,9.1612,0.9716043415999991
662,2018-09-28 03:00:00,8.1888920516,9/28/2018,03:00:00 am,0,7.907,9.1605,0.9716079484000009
663,2018-09-28 03:10:00,8.188086472799998,9/28/2018,03:10:00 am,0,7.906,9.1604,0.9723135272000007
664,2018-09-28 03:20:00,8.1870565556,9/28/2018,03:20:00 am,0,7.906,9.1593,0.9722434444000001
665,2018-09-28 03:30:00,8.186638470399998,9/28/2018,03:30:00 am,0,7.905,9.1588,0.972161529600001
666,2018-09-28 03:40:00,8.185894074799998,9/28/2018,03:40:00 am,0,7.904,9.1584,0.9725059252000019
667,2018-09-28 03:50:00,8.1848233688,9/28/2018,03:50:00 am,0,7.903,9.1577,0.9728766312000001
668,2018-09-28 04:00:00,8.1848947492,9/28/2018,04:00:00 am,0,7.903,9.1575,0.9726052508000009
669,2018-09-28 04:10:00,8.184660213599999,9/28/2018,04:10:00 am,0,7.902,9.1575,0.9728397864000016
670,2018-09-28 04:20:00,8.184425677999998,9/28/2018,04:20:00 am,0,7.902,9.1572,0.9727743220000011
671,2018-09-28 04:30:00,8.184425677999998,9/28/2018,04:30:00 am,0,7.901,9.1571,0.9726743220000014
672,2018-09-28 04:40:00,8.183977001199999,9/28/2018,04:40:00 am,0,7.9,9.157,0.9730229988000012
673,2018-09-28 04:50:00,8.1831204364,9/28/2018,04:50:00 am,0,7.9,9.1563,0.9731795636000005
674,2018-09-28 05:00:00,8.1827329428,9/28/2018,05:00:00 am,0,7.899,9.1567,0.9739670572000012
675,2018-09-28 05:10:00,8.1829164924,9/28/2018,05:10:00 am,0,7.899,9.1565,0.973583507599999
676,2018-09-28 05:20:00,8.1834875356,9/28/2018,05:20:00 am,0,7.898,9.1571,0.9736124644000004
677,2018-09-28 05:30:00,8.183997395599999,9/28/2018,05:30:00 am,0,7.897,9.1575,0.9735026044000019
678,2018-09-28 05:40:00,8.1840483816,9/28/2018,05:40:00 am,0,7.897,9.1583,0.9742516184000003
679,2018-09-28 05:50:00,8.184017789999999,9/28/2018,05:50:00 am,0,7.896,9.158,0.9739822100000008
680,2018-09-28 06:00:00,8.183589507599999,9/28/2018,06:00:00 am,0,7.896,9.1577,0.9741104924000012
681,2018-09-28 06:10:00,8.183324380399998,9/28/2018,06:10:00 am,0,7.895,9.158,0.974675619600001
682,2018-09-28 06:20:00,8.183599704799999,9/28/2018,06:20:00 am,0,7.895,9.1584,0.9748002952000014
683,2018-09-28 06:30:00,8.1842523256,9/28/2018,06:30:00 am,0,7.894,9.1582,0.9739476744000015
684,2018-09-28 06:40:00,8.1845072556,9/28/2018,06:40:00 am,0,7.894,9.1589,0.9743927443999993
685,2018-09-28 06:50:00,8.1846092276,9/28/2018,06:50:00 am,0,7.893,9.1594,0.9747907724000004
686,2018-09-28 07:00:00,8.1849967212,9/28/2018,07:00:00 am,0,7.893,9.1597,0.9747032788000016
687,2018-09-28 07:10:00,8.1857105252,9/28/2018,07:10:00 am,0,7.891,9.1603,0.9745894748000001
688,2018-09-28 07:20:00,8.1857309196,9/28/2018,07:20:00 am,0,7.891,9.1609,0.9751690804000006
689,2018-09-28 07:30:00,8.1852822428,9/28/2018,07:30:00 am,0,7.891,9.161,0.9757177572
690,2018-09-28 07:40:00,8.185496384,9/28/2018,07:40:00 am,0,7.89,9.1613,0.9758036160000003
691,2018-09-28 07:50:00,8.186210187999999,9/28/2018,07:50:00 am,0,7.889,9.1621,0.9758898120000019
692,2018-09-28 08:00:00,8.1855371728,9/28/2018,08:00:00 am,0,7.888,9.1618,0.9762628271999994
693,2018-09-28 08:10:00,8.185027312799999,9/28/2018,08:10:00 am,0,7.888,9.162,0.9769726872000017
694,2018-09-28 08:20:00,8.1848641576,9/28/2018,08:20:00 am,0,7.887,9.1621,0.9772358424000007
695,2018-09-28 08:30:00,8.1838546348,9/28/2018,08:30:00 am,0,7.887,9.161,0.9771453652000002
696,2018-09-28 08:40:00,8.182855309199999,9/28/2018,08:40:00 am,0,7.886,9.1613,0.9784446908000017
697,2018-09-28 08:50:00,8.182121110799999,9/28/2018,08:50:00 am,0,7.885,9.1612,0.9790788892000002
698,2018-09-28 09:00:00,8.1805609392,9/28/2018,09:00:00 am,0,7.885,9.1603,0.9797390608000001
699,2018-09-28 09:10:00,8.177042905199999,9/28/2018,09:10:00 am,0,7.884,9.1589,0.9818570948000005
700,2018-09-28 09:20:00,8.176665608799999,9/28/2018,09:20:00 am,0,7.883,9.159,0.982334391200002
701,2018-09-28 09:30:00,8.17866426,9/28/2018,09:30:00 am,0,7.883,9.1587,0.9800357399999999
702,2018-09-28 09:40:00,8.179174119999999,9/28/2018,09:40:00 am,0,7.882,9.1583,0.9791258800000016
703,2018-09-28 09:50:00,8.1767165948,9/28/2018,09:50:00 am,0,7.882,9.1581,0.981383405199999
704,2018-09-28 10:00:00,8.177236652,9/28/2018,10:00:00 am,0,7.881,9.1576,0.9803633480000009
705,2018-09-28 10:10:00,8.1759314104,9/28/2018,10:10:00 am,0,7.88,9.1576,0.9816685895999999
706,2018-09-28 10:20:00,8.1780320336,9/28/2018,10:20:00 am,0,7.88,9.1578,0.9797679664000007
707,2018-09-28 10:30:00,8.1787050488,9/28/2018,10:30:00 am,0,7.879,9.1566,0.9778949511999997
708,2018-09-28 10:40:00,8.1778586812,9/28/2018,10:40:00 am,0,7.879,9.1559,0.9780413188000008
709,2018-09-28 10:50:00,8.176930736,9/28/2018,10:50:00 am,0,7.879,9.1547,0.9777692640000009
710,2018-09-28 11:00:00,8.1735452656,9/28/2018,11:00:00 am,0,7.877,9.154,0.9804547344000003
711,2018-09-28 11:10:00,8.1719952912,9/28/2018,11:10:00 am,0,7.877,9.1528,0.9808047087999991
712,2018-09-28 11:20:00,8.174177492,9/28/2018,11:20:00 am,0,7.876,9.1525,0.9783225079999998
713,2018-09-28 11:30:00,8.173677829199999,9/28/2018,11:30:00 am,0,7.876,9.151,0.9773221708000008
714,2018-09-28 11:40:00,8.173891970399998,9/28/2018,11:40:00 am,0,7.875,9.1494,0.975508029600002
715,2018-09-28 11:50:00,8.171842333199999,9/28/2018,11:50:00 am,0,7.875,9.1475,0.9756576668000019
716,2018-09-28 12:00:00,8.170404527999999,9/28/2018,12:00:00 pm,0,7.874,9.146,0.975595472000002
717,2018-09-28 12:10:00,8.171189712399999,9/28/2018,12:10:00 pm,0,7.873,9.1447,0.9735102876000017
718,2018-09-28 12:20:00,8.170812415999999,9/28/2018,12:20:00 pm,0,7.873,9.1436,0.9727875840000006
719,2018-09-28 12:30:00,8.168589426399999,9/28/2018,12:30:00 pm,0,7.872,9.1425,0.9739105736000013
720,2018-09-28 12:40:00,8.167243396,9/28/2018,12:40:00 pm,0,7.871,9.1402,0.9729566040000002
721,2018-09-28 12:50:00,8.168885145199999,9/28/2018,12:50:00 pm,0,7.871,9.139,0.9701148548000003
722,2018-09-28 13:00:00,8.168273313199998,9/28/2018,01:00:00 pm,0,7.871,9.1372,0.9689266868000015
723,2018-09-28 13:10:00,8.167080240799999,9/28/2018,01:10:00 pm,0,7.869,9.1356,0.9685197592000012
724,2018-09-28 13:20:00,8.1654894776,9/28/2018,01:20:00 pm,0,7.869,9.1341,0.9686105224000006
725,2018-09-28 13:30:00,8.164683898799998,9/28/2018,01:30:00 pm,0,7.869,9.1326,0.9679161012000019
726,2018-09-28 13:40:00,8.163745756399999,9/28/2018,01:40:00 pm,0,7.867,9.1318,0.968054243600001
727,2018-09-28 13:50:00,8.162287556799999,9/28/2018,01:50:00 pm,0,7.867,9.129,0.9667124432000005
728,2018-09-28 14:00:00,8.1610944844,9/28/2018,02:00:00 pm,0,7.867,9.1271,0.9660055156000009
729,2018-09-28 14:10:00,8.1605234412,9/28/2018,02:10:00 pm,0,7.866,9.1244,0.9638765587999991
730,2018-09-28 14:20:00,8.1592181996,9/28/2018,02:20:00 pm,0,7.865,9.1219,0.9626818004000004
731,2018-09-28 14:30:00,8.159146819199998,9/28/2018,02:30:00 pm,0,7.865,9.1206,0.9614531808000013
732,2018-09-28 14:40:00,8.1574948728,9/28/2018,02:40:00 pm,0,7.864,9.1193,0.9618051272000017
733,2018-09-28 14:50:00,8.154394924,9/28/2018,02:50:00 pm,0,7.863,9.1172,0.9628050760000004
734,2018-09-28 15:00:00,8.15623042,9/28/2018,03:00:00 pm,0,7.863,9.1159,0.9596695799999999
735,2018-09-28 15:10:00,8.1563221948,9/28/2018,03:10:00 pm,0,7.863,9.1147,0.9583778051999996
736,2018-09-28 15:20:00,8.1561896312,9/28/2018,03:20:00 pm,0,7.862,9.1139,0.957710368799999
737,2018-09-28 15:30:00,8.1549149812,9/28/2018,03:30:00 pm,0,7.861,9.1139,0.9589850188
738,2018-09-28 15:40:00,8.1554962216,9/28/2018,03:40:00 pm,0,7.861,9.1135,0.9580037784000002
739,2018-09-28 15:50:00,8.1549863616,9/28/2018,03:50:00 pm,0,7.86,9.1126,0.9576136383999998
740,2018-09-28 16:00:00,8.154639656799999,9/28/2018,04:00:00 pm,0,7.859,9.1127,0.9580603432000014
741,2018-09-28 16:10:00,8.154272557599999,9/28/2018,04:10:00 pm,0,7.859,9.1119,0.9576274424000015
742,2018-09-28 16:20:00,8.154221571599999,9/28/2018,04:20:00 pm,0,7.858,9.1115,0.9572784284000004
743,2018-09-28 16:30:00,8.154139994,9/28/2018,04:30:00 pm,0,7.858,9.1112,0.9570600060000007
744,2018-09-28 16:40:00,8.153018302,9/28/2018,04:40:00 pm,0,7.857,9.1107,0.957681698
745,2018-09-28 16:50:00,8.153130471199999,9/28/2018,04:50:00 pm,0,7.857,9.1102,0.9570695288000017
746,2018-09-28 17:00:00,8.153171259999999,9/28/2018,05:00:00 pm,0,7.856,9.11,0.9568287400000006
747,2018-09-28 17:10:00,8.1533038236,9/28/2018,05:10:00 pm,0,7.855,9.11,0.9566961763999995
748,2018-09-28 17:20:00,8.1529979076,9/28/2018,05:20:00 pm,0,7.854,9.1095,0.956502092400001
749,2018-09-28 17:30:00,8.152753174799999,9/28/2018,05:30:00 pm,0,7.854,9.1093,0.9565468252000002
750,2018-09-28 17:40:00,8.1530284992,9/28/2018,05:40:00 pm,0,7.853,9.1088,0.955771500800001
751,2018-09-28 17:50:00,8.151723257599999,9/28/2018,05:50:00 pm,0,7.853,9.108,0.9562767424000018
752,2018-09-28 18:00:00,8.151692665999999,9/28/2018,06:00:00 pm,0,7.853,9.1084,0.9567073340000007
753,2018-09-28 18:10:00,8.1513561584,9/28/2018,06:10:00 pm,0,7.852,9.1076,0.9562438415999992
754,2018-09-28 18:20:00,8.1505301852,9/28/2018,06:20:00 pm,0,7.851,9.1077,0.9571698148000003
755,2018-09-28 18:30:00,8.1497144092,9/28/2018,06:30:00 pm,0,7.85,9.1073,0.9575855908000008
756,2018-09-28 18:40:00,8.1495206624,9/28/2018,06:40:00 pm,0,7.85,9.1072,0.9576793376000001
757,2018-09-28 18:50:00,8.149143365999999,9/28/2018,06:50:00 pm,0,7.849,9.1078,0.9586566340000005
758,2018-09-28 19:00:00,8.1486946892,9/28/2018,07:00:00 pm,0,7.849,9.1074,0.958705310800001
759,2018-09-28 19:10:00,8.1490209996,9/28/2018,07:10:00 pm,0,7.848,9.1086,0.9595790003999998
760,2018-09-28 19:20:00,8.1488170556,9/28/2018,07:20:00 pm,0,7.848,9.1085,0.959682944399999
761,2018-09-28 19:30:00,8.14960224,9/28/2018,07:30:00 pm,0,7.847,9.1099,0.9602977599999996
762,2018-09-28 19:40:00,8.1490311968,9/28/2018,07:40:00 pm,0,7.846,9.1098,0.9607688032000006
763,2018-09-28 19:50:00,8.1479298992,9/28/2018,07:50:00 pm,0,7.846,9.1094,0.9614701008000015
764,2018-09-28 20:00:00,8.1485927172,9/28/2018,08:00:00 pm,0,7.845,9.1101,0.9615072827999995
765,2018-09-28 20:10:00,8.148398970399999,9/28/2018,08:10:00 pm,0,7.845,9.1105,0.9621010296000012
766,2018-09-28 20:20:00,8.1489190276,9/28/2018,08:20:00 pm,0,7.844,9.1111,0.9621809724000006
767,2018-09-28 20:30:00,8.149897958799999,9/28/2018,08:30:00 pm,0,7.844,9.1124,0.9625020412000005
768,2018-09-28 20:40:00,8.1497857896,9/28/2018,08:40:00 pm,0,7.843,9.1129,0.9631142104000006
769,2018-09-28 20:50:00,8.1501426916,9/28/2018,08:50:00 pm,0,7.843,9.1139,0.9637573084
770,2018-09-28 21:00:00,8.1501222972,9/28/2018,09:00:00 pm,0,7.842,9.1142,0.9640777028000009
771,2018-09-28 21:10:00,8.1501834804,9/28/2018,09:10:00 pm,0,7.841,9.1145,0.9643165195999988
772,2018-09-28 21:20:00,8.1512133976,9/28/2018,09:20:00 pm,0,7.841,9.1157,0.964486602400001
773,2018-09-28 21:30:00,8.151294975199999,9/28/2018,09:30:00 pm,0,7.84,9.1163,0.9650050248000017
774,2018-09-28 21:40:00,8.151539708,9/28/2018,09:40:00 pm,0,7.84,9.117,0.9654602920000013
775,2018-09-28 21:50:00,8.150519988,9/28/2018,09:50:00 pm,0,7.839,9.1163,0.9657800120000015
776,2018-09-28 22:00:00,8.1500203252,9/28/2018,10:00:00 pm,0,7.838,9.1169,0.9668796747999995
777,2018-09-28 22:10:00,8.1494288876,9/28/2018,10:10:00 pm,0,7.838,9.1166,0.9671711124000009
778,2018-09-28 22:20:00,8.1493269156,9/28/2018,10:20:00 pm,0,7.837,9.1168,0.9674730843999999
779,2018-09-28 22:30:00,8.147715757999999,9/28/2018,10:30:00 pm,0,7.837,9.1163,0.9685842420000021
780,2018-09-28 22:40:00,8.148062462799999,9/28/2018,10:40:00 pm,0,7.836,9.1166,0.9685375372000014
781,2018-09-28 22:50:00,8.1464615024,9/28/2018,10:50:00 pm,0,7.835,9.1158,0.9693384976000008
782,2018-09-28 23:00:00,8.1468286016,9/28/2018,11:00:00 pm,0,7.835,9.1156,0.9687713984000013
783,2018-09-28 23:10:00,8.1468387988,9/28/2018,11:10:00 pm,0,7.835,9.1152,0.9683612012000005
784,2018-09-28 23:20:00,8.1453296132,9/28/2018,11:20:00 pm,0,7.834,9.1142,0.9688703868000008
785,2018-09-28 23:30:00,8.145482571199999,9/28/2018,11:30:00 pm,0,7.833,9.115,0.9695174288000015
786,2018-09-28 23:40:00,8.144320090399999,9/28/2018,11:40:00 pm,0,7.833,9.1142,0.9698799096000013
787,2018-09-28 23:50:00,8.142861890799999,9/28/2018,11:50:00 pm,0,7.833,9.1136,0.9707381092000009
788,2018-09-29 00:00:00,8.141138564,9/29/2018,12:00:00 am,0,7.832,9.1124,0.9712614359999989
789,2018-09-29 00:10:00,8.1408938312,9/29/2018,12:10:00 am,0,7.831,9.1123,0.9714061687999997
790,2018-09-29 00:20:00,8.141138564,9/29/2018,12:20:00 am,0,7.83,9.1113,0.9701614359999997
791,2018-09-29 00:30:00,8.1409652116,9/29/2018,12:30:00 am,0,7.83,9.1121,0.9711347884000006
792,2018-09-29 00:40:00,8.1409040284,9/29/2018,12:40:00 am,0,7.83,9.1123,0.9713959715999998
793,2018-09-29 00:50:00,8.1419951288,9/29/2018,12:50:00 am,0,7.829,9.1124,0.9704048711999995
794,2018-09-29 01:00:00,8.1406185068,9/29/2018,01:00:00 am,0,7.828,9.1125,0.9718814932000015
795,2018-09-29 01:10:00,8.1405165348,9/29/2018,01:10:00 am,0,7.828,9.1117,0.9711834652000011
796,2018-09-29 01:20:00,8.1389869548,9/29/2018,01:20:00 am,0,7.827,9.1108,0.9718130451999993
797,2018-09-29 01:30:00,8.13864025,9/29/2018,01:30:00 am,0,7.827,9.1104,0.9717597500000004
798,2018-09-29 01:40:00,8.1383445312,9/29/2018,01:40:00 am,0,7.827,9.1098,0.9714554688000003
799,2018-09-29 01:50:00,8.138099798399999,9/29/2018,01:50:00 am,0,7.825,9.1097,0.9716002016000012
800,2018-09-29 02:00:00,8.1376307272,9/29/2018,02:00:00 am,0,7.825,9.1098,0.9721692728000004
801,2018-09-29 02:10:00,8.1368863316,9/29/2018,02:10:00 am,0,7.824,9.1094,0.9725136684000013
802,2018-09-29 02:20:00,8.1365294296,9/29/2018,02:20:00 am,0,7.824,9.1096,0.9730705704000009
803,2018-09-29 02:30:00,8.136651796,9/29/2018,02:30:00 am,0,7.823,9.1099,0.973248203999999
804,2018-09-29 02:40:00,8.1361725276,9/29/2018,02:40:00 am,0,7.823,9.1098,0.9736274724000005
805,2018-09-29 02:50:00,8.135264976799998,9/29/2018,02:50:00 am,0,7.822,9.1097,0.9744350232000016
806,2018-09-29 03:00:00,8.1331949452,9/29/2018,03:00:00 am,0,7.822,9.1083,0.9751050548000002
807,2018-09-29 03:10:00,8.133398889199999,9/29/2018,03:10:00 am,0,7.821,9.1076,0.974201110800001
808,2018-09-29 03:20:00,8.13328672,9/29/2018,03:20:00 am,0,7.821,9.1077,0.9744132800000003
809,2018-09-29 03:30:00,8.1324913384,9/29/2018,03:30:00 am,0,7.82,9.1069,0.9744086616000001
810,2018-09-29 03:40:00,8.1317673372,9/29/2018,03:40:00 am,0,7.82,9.1063,0.9745326627999997
811,2018-09-29 03:50:00,8.130380517999999,9/29/2018,03:50:00 am,0,7.819,9.1056,0.9752194820000017
812,2018-09-29 04:00:00,8.1307068284,9/29/2018,04:00:00 am,0,7.819,9.1052,0.9744931716000007
813,2018-09-29 04:10:00,8.130839392,9/29/2018,04:10:00 am,0,7.818,9.1052,0.9743606079999996
814,2018-09-29 04:20:00,8.131400238,9/29/2018,04:20:00 am,0,7.817,9.1057,0.9742997620000011
815,2018-09-29 04:30:00,8.131706154,9/29/2018,04:30:00 am,0,7.817,9.1062,0.9744938459999997
816,2018-09-29 04:40:00,8.132256802799999,9/29/2018,04:40:00 am,0,7.817,9.1065,0.9742431972000016
817,2018-09-29 04:50:00,8.1320834504,9/29/2018,04:50:00 am,0,7.816,9.1065,0.9744165496000008
818,2018-09-29 05:00:00,8.1321242392,9/29/2018,05:00:00 am,0,7.815,9.1071,0.9749757608000014
819,2018-09-29 05:10:00,8.132073253199998,9/29/2018,05:10:00 am,0,7.815,9.1079,0.9758267468000028
820,2018-09-29 05:20:00,8.131838717599999,9/29/2018,05:20:00 am,0,7.814,9.1075,0.9756612824000008
821,2018-09-29 05:30:00,8.1320222672,9/29/2018,05:30:00 am,0,7.814,9.107,0.9749777327999993
822,2018-09-29 05:40:00,8.131838717599999,9/29/2018,05:40:00 am,0,7.813,9.1072,0.9753612824000015
823,2018-09-29 05:50:00,8.131920295199999,9/29/2018,05:50:00 am,0,7.813,9.1068,0.9748797048000011
824,2018-09-29 06:00:00,8.1318183232,9/29/2018,06:00:00 am,0,7.812,9.1071,0.9752816768000017
825,2018-09-29 06:10:00,8.131298266,9/29/2018,06:10:00 am,0,7.812,9.1072,0.9759017340000007
826,2018-09-29 06:20:00,8.130635448,9/29/2018,06:20:00 am,0,7.812,9.1061,0.975464552
827,2018-09-29 06:30:00,8.130074601999999,9/29/2018,06:30:00 am,0,7.811,9.1057,0.9756253980000018
828,2018-09-29 06:40:00,8.1295035588,9/29/2018,06:40:00 am,0,7.81,9.1061,0.9765964411999999
829,2018-09-29 06:50:00,8.129850263599998,9/29/2018,06:50:00 am,0,7.81,9.1057,0.9758497364000025
830,2018-09-29 07:00:00,8.1300542076,9/29/2018,07:00:00 am,0,7.809,9.1061,0.976045792399999
831,2018-09-29 07:10:00,8.130543673199998,9/29/2018,07:10:00 am,0,7.808,9.107,0.976456326800001
832,2018-09-29 07:20:00,8.130502884399998,9/29/2018,07:20:00 am,0,7.808,9.1072,0.9766971156000022
833,2018-09-29 07:30:00,8.1311045192,9/29/2018,07:30:00 am,0,7.808,9.1075,0.976395480799999
834,2018-09-29 07:40:00,8.130818997599999,9/29/2018,07:40:00 am,0,7.807,9.1075,0.9766810024000012
835,2018-09-29 07:50:00,8.1305640676,9/29/2018,07:50:00 am,0,7.806,9.1076,0.9770359323999998
836,2018-09-29 08:00:00,8.1301867712,9/29/2018,08:00:00 am,0,7.806,9.1073,0.9771132288000004
837,2018-09-29 08:10:00,8.1298808552,9/29/2018,08:10:00 am,0,7.805,9.107,0.9771191447999996
838,2018-09-29 08:20:00,8.1290854736,9/29/2018,08:20:00 am,0,7.804,9.1079,0.9788145264000008
839,2018-09-29 08:30:00,8.129330206399999,9/29/2018,08:30:00 am,0,7.804,9.1076,0.9782697936000009
840,2018-09-29 08:40:00,8.129421981199998,9/29/2018,08:40:00 am,0,7.804,9.1072,0.9777780188000023
841,2018-09-29 08:50:00,8.129370995199999,9/29/2018,08:50:00 am,0,7.803,9.1073,0.9779290048000018
842,2018-09-29 09:00:00,8.1273927384,9/29/2018,09:00:00 am,0,7.803,9.1087,0.9813072616000014
843,2018-09-29 09:10:00,8.1277496404,9/29/2018,09:10:00 am,0,7.802,9.1086,0.9808503595999998
844,2018-09-29 09:20:00,8.1277496404,9/29/2018,09:20:00 am,0,7.802,9.1093,0.9815503595999999
845,2018-09-29 09:30:00,8.1297890804,9/29/2018,09:30:00 am,0,7.801,9.1086,0.978810919599999
846,2018-09-29 09:40:00,8.1313084632,9/29/2018,09:40:00 am,0,7.801,9.1085,0.9771915367999995
847,2018-09-29 09:50:00,8.1313390548,9/29/2018,09:50:00 am,0,7.8,9.1075,0.9761609452000002
848,2018-09-29 10:00:00,8.1310025472,9/29/2018,10:00:00 am,0,7.8,9.108,0.9769974528000009
849,2018-09-29 10:10:00,8.129717699999999,9/29/2018,10:10:00 am,0,7.799,9.1076,0.977882300000001
850,2018-09-29 10:20:00,8.1308801808,9/29/2018,10:20:00 am,0,7.798,9.1066,0.9757198192000001
851,2018-09-29 10:30:00,8.1312370828,9/29/2018,10:30:00 am,0,7.798,9.1066,0.9753629172
852,2018-09-29 10:40:00,8.131869309199999,9/29/2018,10:40:00 am,0,7.798,9.1054,0.9735306908000005
853,2018-09-29 10:50:00,8.131655168,9/29/2018,10:50:00 am,0,7.797,9.1064,0.9747448320000007
854,2018-09-29 11:00:00,8.1298808552,9/29/2018,11:00:00 am,0,7.796,9.1072,0.9773191448000009
855,2018-09-29 11:10:00,8.1280045704,9/29/2018,11:10:00 am,0,7.796,9.106,0.9779954296
856,2018-09-29 11:20:00,8.1304926872,9/29/2018,11:20:00 am,0,7.795,9.1047,0.9742073127999991
857,2018-09-29 11:30:00,8.1312370828,9/29/2018,11:30:00 am,0,7.795,9.1049,0.9736629172000004
858,2018-09-29 11:40:00,8.129452572799998,9/29/2018,11:40:00 am,0,7.794,9.1038,0.9743474272000014
859,2018-09-29 11:50:00,8.127474315999999,9/29/2018,11:50:00 am,0,7.794,9.1022,0.9747256840000009
860,2018-09-29 12:00:00,8.1248026496,9/29/2018,12:00:00 pm,0,7.793,9.1012,0.976397350400001
861,2018-09-29 12:10:00,8.1276884572,9/29/2018,12:10:00 pm,0,7.793,9.1009,0.9732115427999997
862,2018-09-29 12:20:00,8.126485187599998,9/29/2018,12:20:00 pm,0,7.792,9.0997,0.973214812400002
863,2018-09-29 12:30:00,8.1236605632,9/29/2018,12:30:00 pm,0,7.792,9.0978,0.9741394367999998
864,2018-09-29 12:40:00,8.1244457476,9/29/2018,12:40:00 pm,0,7.791,9.0989,0.974454252400001
865,2018-09-29 12:50:00,8.1260874968,9/29/2018,12:50:00 pm,0,7.791,9.096,0.9699125031999998
866,2018-09-29 13:00:00,8.128392064,9/29/2018,01:00:00 pm,0,7.79,9.0941,0.9657079359999994
867,2018-09-29 13:10:00,8.1270256392,9/29/2018,01:10:00 pm,0,7.79,9.0954,0.9683743608000004
868,2018-09-29 13:20:00,8.127372344,9/29/2018,01:20:00 pm,0,7.789,9.0939,0.9665276560000002
869,2018-09-29 13:30:00,8.125047382399998,9/29/2018,01:30:00 pm,0,7.789,9.093,0.9679526176000017
870,2018-09-29 13:40:00,8.1222329552,9/29/2018,01:40:00 pm,0,7.788,9.0927,0.9704670448000012
871,2018-09-29 13:50:00,8.1227938012,9/29/2018,01:50:00 pm,0,7.787,9.0927,0.9699061988000004
872,2018-09-29 14:00:00,8.1240888456,9/29/2018,02:00:00 pm,0,7.787,9.0901,0.9660111544000003
873,2018-09-29 14:10:00,8.124170423199999,9/29/2018,02:10:00 pm,0,7.787,9.0882,0.9640295768000016
874,2018-09-29 14:20:00,8.124955607599999,9/29/2018,02:20:00 pm,0,7.786,9.0878,0.962844392400001
875,2018-09-29 14:30:00,8.124139831599999,9/29/2018,02:30:00 pm,0,7.786,9.086,0.9618601684000012
876,2018-09-29 14:40:00,8.1245885084,9/29/2018,02:40:00 pm,0,7.785,9.0864,0.9618114915999989
877,2018-09-29 14:50:00,8.122824392799998,9/29/2018,02:50:00 pm,0,7.785,9.085,0.9621756072000025
878,2018-09-29 15:00:00,8.126413807199999,9/29/2018,03:00:00 pm,0,7.784,9.0864,0.9599861928000006
879,2018-09-29 15:10:00,8.1273315552,9/29/2018,03:10:00 pm,0,7.784,9.0859,0.9585684448000009
880,2018-09-29 15:20:00,8.1262812436,9/29/2018,03:20:00 pm,0,7.783,9.0864,0.9601187564
881,2018-09-29 15:30:00,8.124466142,9/29/2018,03:30:00 pm,0,7.782,9.0859,0.9614338580000013
882,2018-09-29 15:40:00,8.124170423199999,9/29/2018,03:40:00 pm,0,7.782,9.0848,0.9606295768000006
883,2018-09-29 15:50:00,8.123568788399998,9/29/2018,03:50:00 pm,0,7.782,9.0839,0.9603312116000016
884,2018-09-29 16:00:00,8.1228141956,9/29/2018,04:00:00 pm,0,7.781,9.0843,0.9614858044000005
885,2018-09-29 16:10:00,8.12181487,9/29/2018,04:10:00 pm,0,7.78,9.0836,0.9617851300000009
886,2018-09-29 16:20:00,8.1199997684,9/29/2018,04:20:00 pm,0,7.78,9.0828,0.962800231600001
887,2018-09-29 16:30:00,8.1207747556,9/29/2018,04:30:00 pm,0,7.78,9.0826,0.9618252444
888,2018-09-29 16:40:00,8.120122134799999,9/29/2018,04:40:00 pm,0,7.779,9.0819,0.9617778652000002
889,2018-09-29 16:50:00,8.1189494568,9/29/2018,04:50:00 pm,0,7.779,9.0815,0.9625505432000008
890,2018-09-29 17:00:00,8.117552440399999,9/29/2018,05:00:00 pm,0,7.778,9.0801,0.9625475596000008
891,2018-09-29 17:10:00,8.118327427599999,9/29/2018,05:10:00 pm,0,7.778,9.0803,0.9619725724000006
892,2018-09-29 17:20:00,8.118551766,9/29/2018,05:20:00 pm,0,7.777,9.0813,0.9627482340000011
893,2018-09-29 17:30:00,8.121152052,9/29/2018,05:30:00 pm,0,7.777,9.0809,0.9597479480000004
894,2018-09-29 17:40:00,8.1195612888,9/29/2018,05:40:00 pm,0,7.776,9.0823,0.9627387112000001
895,2018-09-29 17:50:00,8.1201527264,9/29/2018,05:50:00 pm,0,7.776,9.0823,0.9621472735999994
896,2018-09-29 18:00:00,8.1192247812,9/29/2018,06:00:00 pm,0,7.775,9.082,0.9627752188000009
897,2018-09-29 18:10:00,8.120479036799999,9/29/2018,06:10:00 pm,0,7.775,9.0835,0.9630209632000017
898,2018-09-29 18:20:00,8.121029685599998,9/29/2018,06:20:00 pm,0,7.774,9.0844,0.9633703144000023
899,2018-09-29 18:30:00,8.121406982,9/29/2018,06:30:00 pm,0,7.774,9.0851,0.9636930180000007
900,2018-09-29 18:40:00,8.122671434799999,9/29/2018,06:40:00 pm,0,7.773,9.0856,0.9629285652000004
901,2018-09-29 18:50:00,8.1218862504,9/29/2018,06:50:00 pm,0,7.773,9.0858,0.9639137496000014
902,2018-09-29 19:00:00,8.121355996,9/29/2018,07:00:00 pm,0,7.772,9.086,0.9646440040000002
903,2018-09-29 19:10:00,8.121774081199998,9/29/2018,07:10:00 pm,0,7.772,9.087,0.9652259188000016
904,2018-09-29 19:20:00,8.122885576,9/29/2018,07:20:00 pm,0,7.771,9.0871,0.9642144239999997
905,2018-09-29 19:30:00,8.123915493199998,9/29/2018,07:30:00 pm,0,7.771,9.0886,0.9646845068000012
906,2018-09-29 19:40:00,8.123477013599999,9/29/2018,07:40:00 pm,0,7.77,9.0894,0.9659229864000007
907,2018-09-29 19:50:00,8.123956281999998,9/29/2018,07:50:00 pm,0,7.77,9.0899,0.9659437180000019
908,2018-09-29 20:00:00,8.1236299716,9/29/2018,08:00:00 pm,0,7.77,9.09,0.9663700284000001
909,2018-09-29 20:10:00,8.123609577199998,9/29/2018,08:10:00 pm,0,7.769,9.0903,0.9666904228000011
910,2018-09-29 20:20:00,8.124313184,9/29/2018,08:20:00 pm,0,7.768,9.0922,0.967886816
911,2018-09-29 20:30:00,8.124262197999998,9/29/2018,08:30:00 pm,0,7.768,9.0921,0.9678378020000018
912,2018-09-29 20:40:00,8.124313184,9/29/2018,08:40:00 pm,0,7.767,9.0921,0.9677868160000003
913,2018-09-29 20:50:00,8.1240684512,9/29/2018,08:50:00 pm,0,7.767,9.0926,0.9685315487999997
914,2018-09-29 21:00:00,8.1248434384,9/29/2018,09:00:00 pm,0,7.766,9.0938,0.9689565616000007
915,2018-09-29 21:10:00,8.123527999599998,9/29/2018,09:10:00 pm,0,7.766,9.0926,0.9690720004000006
916,2018-09-29 21:20:00,8.1243845644,9/29/2018,09:20:00 pm,0,7.765,9.0932,0.9688154355999998
917,2018-09-29 21:30:00,8.124058254,9/29/2018,09:30:00 pm,0,7.765,9.0926,0.9685417459999996
918,2018-09-29 21:40:00,8.122436899199998,9/29/2018,09:40:00 pm,0,7.765,9.0922,0.9697631008000016
919,2018-09-29 21:50:00,8.1235789856,9/29/2018,09:50:00 pm,0,7.764,9.0929,0.9693210144000002
920,2018-09-29 22:00:00,8.1237319436,9/29/2018,10:00:00 pm,0,7.764,9.0936,0.9698680564000011
921,2018-09-29 22:10:00,8.1232016892,9/29/2018,10:10:00 pm,0,7.763,9.0945,0.9712983108
922,2018-09-29 22:20:00,8.1236707604,9/29/2018,10:20:00 pm,0,7.763,9.095,0.9713292396000011
923,2018-09-29 22:30:00,8.124578311199999,9/29/2018,10:30:00 pm,0,7.762,9.0949,0.9703216888000021
924,2018-09-29 22:40:00,8.1244049588,9/29/2018,10:40:00 pm,0,7.762,9.0958,0.971395041200001
925,2018-09-29 22:50:00,8.1244457476,9/29/2018,10:50:00 pm,0,7.761,9.0957,0.9712542524000014
926,2018-09-29 23:00:00,8.1251187628,9/29/2018,11:00:00 pm,0,7.761,9.0964,0.9712812371999995
927,2018-09-29 23:10:00,8.1258733556,9/29/2018,11:10:00 pm,0,7.76,9.0961,0.9702266444000003
928,2018-09-29 23:20:00,8.1257305948,9/29/2018,11:20:00 pm,0,7.76,9.0971,0.971369405199999
929,2018-09-29 23:30:00,8.126138482799998,9/29/2018,11:30:00 pm,0,7.76,9.0974,0.9712615172000021
930,2018-09-29 23:40:00,8.1245579168,9/29/2018,11:40:00 pm,0,7.759,9.0974,0.9728420831999998
931,2018-09-29 23:50:00,8.123874704399999,9/29/2018,11:50:00 pm,0,7.759,9.097,0.9731252956000009
932,2018-09-30 00:00:00,8.1243845644,9/30/2018,12:00:00 am,0,7.758,9.0981,0.9737154356000008
933,2018-09-30 00:10:00,8.1254960592,9/30/2018,12:10:00 am,0,7.758,9.0995,0.9740039408000012
934,2018-09-30 00:20:00,8.127586485199998,9/30/2018,12:20:00 am,0,7.757,9.1006,0.9730135148000016
935,2018-09-30 00:30:00,8.1283512752,9/30/2018,12:30:00 am,0,7.757,9.1015,0.9731487247999997
936,2018-09-30 00:40:00,8.129513756,9/30/2018,12:40:00 am,0,7.756,9.1032,0.9736862439999996
937,2018-09-30 00:50:00,8.130176574,9/30/2018,12:50:00 am,0,7.756,9.1043,0.9741234260000002
938,2018-09-30 01:00:00,8.1313798436,9/30/2018,01:00:00 am,0,7.755,9.1057,0.974320156400001
939,2018-09-30 01:10:00,8.132205816799999,9/30/2018,01:10:00 am,0,7.755,9.1057,0.9734941832000015
940,2018-09-30 01:20:00,8.132256802799999,9/30/2018,01:20:00 am,0,7.754,9.1063,0.9740431972000003
941,2018-09-30 01:30:00,8.1334600724,9/30/2018,01:30:00 am,0,7.754,9.1072,0.9737399276000005
942,2018-09-30 01:40:00,8.133317311599999,9/30/2018,01:40:00 am,0,7.753,9.1073,0.9739826884000014
943,2018-09-30 01:50:00,8.132419957999998,9/30/2018,01:50:00 am,0,7.753,9.1087,0.9762800420000026
944,2018-09-30 02:00:00,8.134122890399999,9/30/2018,02:00:00 am,0,7.753,9.1094,0.9752771096000021
945,2018-09-30 02:10:00,8.1332051424,9/30/2018,02:10:00 am,0,7.753,9.1096,0.9763948576000008
946,2018-09-30 02:20:00,8.1347755112,9/30/2018,02:20:00 am,0,7.752,9.1102,0.9754244887999999
947,2018-09-30 02:30:00,8.1334498752,9/30/2018,02:30:00 am,0,7.751,9.1094,0.9759501248000007
948,2018-09-30 02:40:00,8.133307114399999,9/30/2018,02:40:00 am,0,7.751,9.1092,0.9758928856000004
949,2018-09-30 02:50:00,8.1343166372,9/30/2018,02:50:00 am,0,7.75,9.1097,0.9753833628000006
950,2018-09-30 03:00:00,8.1342962428,9/30/2018,03:00:00 am,0,7.75,9.1097,0.9754037572000005
951,2018-09-30 03:10:00,8.134357426,9/30/2018,03:10:00 am,0,7.75,9.1103,0.9759425740000012
952,2018-09-30 03:20:00,8.133388691999999,9/30/2018,03:20:00 am,0,7.749,9.1097,0.9763113080000014
953,2018-09-30 03:30:00,8.132827846,9/30/2018,03:30:00 am,0,7.749,9.1083,0.9754721540000002
954,2018-09-30 03:40:00,8.1332051424,9/30/2018,03:40:00 am,0,7.748,9.1086,0.9753948575999996
955,2018-09-30 03:50:00,8.1327462684,9/30/2018,03:50:00 am,0,7.748,9.109,0.9762537316
956,2018-09-30 04:00:00,8.134439003599999,9/30/2018,04:00:00 am,0,7.748,9.1107,0.9762609964000006
957,2018-09-30 04:10:00,8.1338781576,9/30/2018,04:10:00 am,0,7.747,9.11,0.9761218423999996
958,2018-09-30 04:20:00,8.134908074799998,9/30/2018,04:20:00 am,0,7.746,9.1108,0.9758919252000009
959,2018-09-30 04:30:00,8.133867960399998,9/30/2018,04:30:00 am,0,7.746,9.11,0.9761320396000013
960,2018-09-30 04:40:00,8.132929818,9/30/2018,04:40:00 am,0,7.746,9.1102,0.9772701820000016
961,2018-09-30 04:50:00,8.1335722416,9/30/2018,04:50:00 am,0,7.745,9.1097,0.9761277584000005
962,2018-09-30 05:00:00,8.133388691999999,9/30/2018,05:00:00 am,0,7.745,9.11,0.9766113080000007
963,2018-09-30 05:10:00,8.1331439592,9/30/2018,05:10:00 am,0,7.745,9.1096,0.9764560408000005
964,2018-09-30 05:20:00,8.1336640164,9/30/2018,05:20:00 am,0,7.744,9.11,0.9763359836000003
965,2018-09-30 05:30:00,8.134122890399999,9/30/2018,05:30:00 am,0,7.744,9.1105,0.9763771096000013
966,2018-09-30 05:40:00,8.134826497199999,9/30/2018,05:40:00 am,0,7.743,9.1115,0.9766735028000006
967,2018-09-30 05:50:00,8.1364070632,9/30/2018,05:50:00 am,0,7.743,9.1128,0.9763929367999999
968,2018-09-30 06:00:00,8.1373350084,9/30/2018,06:00:00 am,0,7.742,9.1132,0.9758649916000017
969,2018-09-30 06:10:00,8.137396191599999,9/30/2018,06:10:00 am,0,7.742,9.1144,0.977003808400001
970,2018-09-30 06:20:00,8.138823799599999,9/30/2018,06:20:00 am,0,7.742,9.116,0.9771762004000006
971,2018-09-30 06:30:00,8.1397823364,9/30/2018,06:30:00 am,0,7.741,9.117,0.9772176636000012
972,2018-09-30 06:40:00,8.141067183599999,9/30/2018,06:40:00 am,0,7.74,9.1183,0.9772328164000008
973,2018-09-30 06:50:00,8.141424085599999,9/30/2018,06:50:00 am,0,7.74,9.1191,0.9776759144000007
974,2018-09-30 07:00:00,8.1419951288,9/30/2018,07:00:00 am,0,7.74,9.1202,0.9782048712000009
975,2018-09-30 07:10:00,8.1428312992,9/30/2018,07:10:00 am,0,7.74,9.1212,0.9783687008000008
976,2018-09-30 07:20:00,8.144075357599998,9/30/2018,07:20:00 am,0,7.739,9.1223,0.9782246424000007
977,2018-09-30 07:30:00,8.1442283156,9/30/2018,07:30:00 am,0,7.739,9.1228,0.9785716844000003
978,2018-09-30 07:40:00,8.1453805992,9/30/2018,07:40:00 am,0,7.738,9.1241,0.9787194008000011
979,2018-09-30 07:50:00,8.145870064799999,9/30/2018,07:50:00 am,0,7.738,9.1248,0.9789299352000018
980,2018-09-30 08:00:00,8.1460128256,9/30/2018,08:00:00 am,0,7.737,9.1255,0.9794871744000009
981,2018-09-30 08:10:00,8.147399644799998,9/30/2018,08:10:00 am,0,7.737,9.1261,0.9787003552000009
982,2018-09-30 08:20:00,8.1471447148,9/30/2018,08:20:00 am,0,7.737,9.1271,0.9799552852000009
983,2018-09-30 08:30:00,8.147991082399999,9/30/2018,08:30:00 am,0,7.736,9.1269,0.9789089176000001
984,2018-09-30 08:40:00,8.148633506,9/30/2018,08:40:00 am,0,7.736,9.1272,0.9785664940000007
985,2018-09-30 08:50:00,8.1486742948,9/30/2018,08:50:00 am,0,7.735,9.1278,0.9791257052000013
986,2018-09-30 09:00:00,8.1471651092,9/30/2018,09:00:00 am,0,7.735,9.1279,0.9807348908000009
987,2018-09-30 09:10:00,8.147674969199999,9/30/2018,09:10:00 am,0,7.734,9.1291,0.9814250308000005
988,2018-09-30 09:20:00,8.1482154208,9/30/2018,09:20:00 am,0,7.734,9.1291,0.9808845791999996
989,2018-09-30 09:30:00,8.1508564956,9/30/2018,09:30:00 am,0,7.734,9.1293,0.9784435044000013
990,2018-09-30 09:40:00,8.151804835199998,9/30/2018,09:40:00 am,0,7.733,9.1302,0.978395164800002
991,2018-09-30 09:50:00,8.150519988,9/30/2018,09:50:00 am,0,7.733,9.13,0.9794800120000016
992,2018-09-30 10:00:00,8.151325566799999,9/30/2018,10:00:00 am,0,7.732,9.1298,0.9784744332000006
993,2018-09-30 10:10:00,8.150285452399999,9/30/2018,10:10:00 am,0,7.732,9.1293,0.9790145476000021
994,2018-09-30 10:20:00,8.1514785248,9/30/2018,10:20:00 am,0,7.731,9.1287,0.9772214752000004
995,2018-09-30 10:30:00,8.1519373988,9/30/2018,10:30:00 am,0,7.731,9.1291,0.9771626011999999
996,2018-09-30 10:40:00,8.15087689,9/30/2018,10:40:00 am,0,7.731,9.1287,0.977823110000001
997,2018-09-30 10:50:00,8.151080834,9/30/2018,10:50:00 am,0,7.731,9.1276,0.9765191659999992
998,2018-09-30 11:00:00,8.1481134488,9/30/2018,11:00:00 am,0,7.73,9.1277,0.9795865512000006
999,2018-09-30 11:10:00,8.1494288876,9/30/2018,11:10:00 am,0,7.729,9.1269,0.9774711124
1000,2018-09-30 11:20:00,8.150989059199999,9/30/2018,11:20:00 am,0,7.73,9.1263,0.9753109408000018
1001,2018-09-30 11:30:00,8.1503976216,9/30/2018,11:30:00 am,0,7.729,9.1254,0.975002378400001
1002,2018-09-30 11:40:00,8.149551253999999,9/30/2018,11:40:00 am,0,7.729,9.1255,0.975948746000002
1003,2018-09-30 11:50:00,8.147980885199999,9/30/2018,11:50:00 am,0,7.728,9.1245,0.9765191148000003
1004,2018-09-30 12:00:00,8.1490006052,9/30/2018,12:00:00 pm,0,7.728,9.1239,0.9748993948000013
1005,2018-09-30 12:10:00,8.151672271599999,9/30/2018,12:10:00 pm,0,7.727,9.1234,0.9717277284000012
1006,2018-09-30 12:20:00,8.151417341599998,9/30/2018,12:20:00 pm,0,7.727,9.1232,0.9717826584000022
1007,2018-09-30 12:30:00,8.147001953999998,9/30/2018,12:30:00 pm,0,7.727,9.1216,0.9745980460000023
1008,2018-09-30 12:40:00,8.1453500076,9/30/2018,12:40:00 pm,0,7.726,9.1207,0.9753499924
1009,2018-09-30 12:50:00,8.1476953636,9/30/2018,12:50:00 pm,0,7.726,9.1194,0.9717046364000002
1010,2018-09-30 13:00:00,8.1500203252,9/30/2018,01:00:00 pm,0,7.725,9.1186,0.9685796748000008
1011,2018-09-30 13:10:00,8.1501019028,9/30/2018,01:10:00 pm,0,7.725,9.1184,0.9682980971999999
1012,2018-09-30 13:20:00,8.1488680416,9/30/2018,01:20:00 pm,0,7.725,9.1177,0.9688319583999991
1013,2018-09-30 13:30:00,8.1480012796,9/30/2018,01:30:00 pm,0,7.724,9.1166,0.9685987203999993
1014,2018-09-30 13:40:00,8.1457476984,9/30/2018,01:40:00 pm,0,7.724,9.1167,0.9709523016000006
1015,2018-09-30 13:50:00,8.1481338432,9/30/2018,01:50:00 pm,0,7.724,9.1154,0.9672661567999992
1016,2018-09-30 14:00:00,8.1481950264,9/30/2018,02:00:00 pm,0,7.723,9.1152,0.9670049735999999
1017,2018-09-30 14:10:00,8.1477769412,9/30/2018,02:10:00 pm,0,7.723,9.1123,0.9645230587999993
1018,2018-09-30 14:20:00,8.146349333199998,9/30/2018,02:20:00 pm,0,7.722,9.1104,0.9640506668000022
1019,2018-09-30 14:30:00,8.1475016168,9/30/2018,02:30:00 pm,0,7.722,9.1095,0.961998383200001
1020,2018-09-30 14:40:00,8.1452480356,9/30/2018,02:40:00 pm,0,7.722,9.108,0.9627519644000007
1021,2018-09-30 14:50:00,8.1423520308,9/30/2018,02:50:00 pm,0,7.721,9.1077,0.9653479691999998
1022,2018-09-30 15:00:00,8.1438612164,9/30/2018,03:00:00 pm,0,7.721,9.107,0.9631387835999998
1023,2018-09-30 15:10:00,8.1443710764,9/30/2018,03:10:00 pm,0,7.721,9.1057,0.9613289236
1024,2018-09-30 15:20:00,8.145625332,9/30/2018,03:20:00 pm,0,7.72,9.1054,0.9597746679999997
1025,2018-09-30 15:30:00,8.144676992399999,9/30/2018,03:30:00 pm,0,7.72,9.1053,0.9606230076000006
1026,2018-09-30 15:40:00,8.1430556376,9/30/2018,03:40:00 pm,0,7.72,9.1047,0.9616443623999995
1027,2018-09-30 15:50:00,8.1441059492,9/30/2018,03:50:00 pm,0,7.719,9.105,0.9608940508000003
1028,2018-09-30 16:00:00,8.1438714136,9/30/2018,04:00:00 pm,0,7.719,9.1061,0.9622285864000002
1029,2018-09-30 16:10:00,8.1449421196,9/30/2018,04:10:00 pm,0,7.718,9.106,0.9610578804000003
1030,2018-09-30 16:20:00,8.1467776156,9/30/2018,04:20:00 pm,0,7.718,9.1063,0.9595223843999996
1031,2018-09-30 16:30:00,8.145431585199999,9/30/2018,04:30:00 pm,0,7.718,9.1056,0.9601684148000018
1032,2018-09-30 16:40:00,8.1446158092,9/30/2018,04:40:00 pm,0,7.717,9.1044,0.9597841908000007
1033,2018-09-30 16:50:00,8.144473048399998,9/30/2018,04:50:00 pm,0,7.717,9.1049,0.9604269516000024
1034,2018-09-30 17:00:00,8.1438510192,9/30/2018,05:00:00 pm,0,7.717,9.1042,0.960348980800001
1035,2018-09-30 17:10:00,8.143596089199999,9/30/2018,05:10:00 pm,0,7.716,9.1035,0.9599039108000014
1036,2018-09-30 17:20:00,8.1434023424,9/30/2018,05:20:00 pm,0,7.716,9.1036,0.9601976576000002
1037,2018-09-30 17:30:00,8.1437490472,9/30/2018,05:30:00 pm,0,7.716,9.104,0.9602509527999992
1038,2018-09-30 17:40:00,8.144167132399998,9/30/2018,05:40:00 pm,0,7.715,9.1051,0.9609328676000022
1039,2018-09-30 17:50:00,8.144473048399998,9/30/2018,05:50:00 pm,0,7.715,9.1059,0.9614269516000018
1040,2018-09-30 18:00:00,8.1448401476,9/30/2018,06:00:00 pm,0,7.714,9.1055,0.9606598523999992
1041,2018-09-30 18:10:00,8.145533557199998,9/30/2018,06:10:00 pm,0,7.714,9.1062,0.9606664428000009
1042,2018-09-30 18:20:00,8.1451868524,9/30/2018,06:20:00 pm,0,7.714,9.1064,0.9612131476000005
1043,2018-09-30 18:30:00,8.1452990216,9/30/2018,06:30:00 pm,0,7.713,9.1063,0.9610009783999995
1044,2018-09-30 18:40:00,8.1447687672,9/30/2018,06:40:00 pm,0,7.713,9.1061,0.9613312327999992
1045,2018-09-30 18:50:00,8.1455437544,9/30/2018,06:50:00 pm,0,7.712,9.1066,0.9610562456
1046,2018-09-30 19:00:00,8.1444628512,9/30/2018,07:00:00 pm,0,7.713,9.1065,0.9620371488000004
1047,2018-09-30 19:10:00,8.145044091599999,9/30/2018,07:10:00 pm,0,7.712,9.1071,0.9620559084000018
1048,2018-09-30 19:20:00,8.1450033028,9/30/2018,07:20:00 pm,0,7.712,9.1074,0.9623966972000009
1049,2018-09-30 19:30:00,8.145084880399999,9/30/2018,07:30:00 pm,0,7.712,9.1074,0.9623151196000013
1050,2018-09-30 19:40:00,8.146135192,9/30/2018,07:40:00 pm,0,7.711,9.1088,0.9626648080000013
1051,2018-09-30 19:50:00,8.147103926,9/30/2018,07:50:00 pm,0,7.711,9.1097,0.9625960740000004
1052,2018-09-30 20:00:00,8.1464513052,9/30/2018,08:00:00 pm,0,7.71,9.1103,0.9638486948000011
1053,2018-09-30 20:10:00,8.1453500076,9/30/2018,08:10:00 pm,0,7.71,9.1104,0.9650499924000009
1054,2018-09-30 20:20:00,8.1452072468,9/30/2018,08:20:00 pm,0,7.709,9.11,0.9647927531999994
1055,2018-09-30 20:30:00,8.146216769599999,9/30/2018,08:30:00 pm,0,7.71,9.1118,0.9655832304000018
1056,2018-09-30 20:40:00,8.1471651092,9/30/2018,08:40:00 pm,0,7.709,9.112,0.9648348908000006
1057,2018-09-30 20:50:00,8.146624657599999,9/30/2018,08:50:00 pm,0,7.709,9.1122,0.9655753424000011
1058,2018-09-30 21:00:00,8.1467062352,9/30/2018,09:00:00 pm,0,7.708,9.1134,0.9666937648000005
1059,2018-09-30 21:10:00,8.1471447148,9/30/2018,09:10:00 pm,0,7.708,9.1141,0.966955285200001
1060,2018-09-30 21:20:00,8.1468184044,9/30/2018,09:20:00 pm,0,7.708,9.1143,0.9674815956000007
1061,2018-09-30 21:30:00,8.146961165199999,9/30/2018,09:30:00 pm,0,7.707,9.115,0.9680388348000015
1062,2018-09-30 21:40:00,8.1474200392,9/30/2018,09:40:00 pm,0,7.707,9.1162,0.9687799607999992
1063,2018-09-30 21:50:00,8.1474200392,9/30/2018,09:50:00 pm,0,7.706,9.1168,0.9693799607999996
1064,2018-09-30 22:00:00,8.1470937288,9/30/2018,10:00:00 pm,0,7.706,9.1162,0.9691062711999994
1065,2018-09-30 22:10:00,8.147287475599999,9/30/2018,10:10:00 pm,0,7.706,9.1167,0.9694125244000009
1066,2018-09-30 22:20:00,8.1485417312,9/30/2018,10:20:00 pm,0,7.705,9.1179,0.9693582688000006
1067,2018-09-30 22:30:00,8.1489190276,9/30/2018,10:30:00 pm,0,7.706,9.1184,0.9694809723999995
1068,2018-09-30 22:40:00,8.1501019028,9/30/2018,10:40:00 pm,0,7.705,9.1198,0.9696980972000002
1069,2018-09-30 22:50:00,8.1510910312,9/30/2018,10:50:00 pm,0,7.705,9.1209,0.9698089688000007
1070,2018-09-30 23:00:00,8.151539708,9/30/2018,11:00:00 pm,0,7.704,9.122,0.9704602920000003
1071,2018-09-30 23:10:00,8.151070636799998,9/30/2018,11:10:00 pm,0,7.704,9.122,0.9709293632000016
1072,2018-09-30 23:20:00,8.149490070799999,9/30/2018,11:20:00 pm,0,7.703,9.1212,0.9717099292000011
1073,2018-09-30 23:30:00,8.150570974,9/30/2018,11:30:00 pm,0,7.703,9.1221,0.9715290259999989
1074,2018-09-30 23:40:00,8.1504282132,9/30/2018,11:40:00 pm,0,7.703,9.1218,0.9713717868000007
1075,2018-09-30 23:50:00,8.1504282132,9/30/2018,11:50:00 pm,0,7.703,9.1222,0.9717717867999998
1076,2018-10-01 00:00:00,8.150407818799998,10/1/2018,12:00:00 am,0,7.702,9.1224,0.9719921812000027
1077,2018-10-01 00:10:00,8.150754523599998,10/1/2018,12:10:00 am,0,7.702,9.1234,0.9726454764000021
1078,2018-10-01 00:20:00,8.1511726088,10/1/2018,12:20:00 am,0,7.702,9.1234,0.9722273912000006
1079,2018-10-01 00:30:00,8.151325566799999,10/1/2018,12:30:00 am,0,7.702,9.1246,0.9732744332000003
1080,2018-10-01 00:40:00,8.151029847999999,10/1/2018,12:40:00 am,0,7.701,9.1252,0.974170152000001
1081,2018-10-01 00:50:00,8.15113182,10/1/2018,12:50:00 am,0,7.701,9.1251,0.97396818
1082,2018-10-01 01:00:00,8.149897958799999,10/1/2018,01:00:00 am,0,7.701,9.124,0.9741020412000019
1083,2018-10-01 01:10:00,8.1507953124,10/1/2018,01:10:00 am,0,7.7,9.1247,0.973904687600001
1084,2018-10-01 01:20:00,8.1512439892,10/1/2018,01:20:00 am,0,7.7,9.1255,0.9742560108000013
1085,2018-10-01 01:30:00,8.150989059199999,10/1/2018,01:30:00 am,0,7.7,9.1254,0.9744109408000021
1086,2018-10-01 01:40:00,8.151029847999999,10/1/2018,01:40:00 am,0,7.699,9.1251,0.9740701520000012
1087,2018-10-01 01:50:00,8.151682468799999,10/1/2018,01:50:00 am,0,7.699,9.1265,0.9748175312000011
1088,2018-10-01 02:00:00,8.151539708,10/1/2018,02:00:00 am,0,7.699,9.1267,0.975160292
1089,2018-10-01 02:10:00,8.150723932,10/1/2018,02:10:00 am,0,7.698,9.1256,0.9748760680000004
1090,2018-10-01 02:20:00,8.148449956399999,10/1/2018,02:20:00 am,0,7.698,9.1238,0.9753500436000007
1091,2018-10-01 02:30:00,8.1493065212,10/1/2018,02:30:00 am,0,7.698,9.1241,0.9747934788000006
1092,2018-10-01 02:40:00,8.148398970399999,10/1/2018,02:40:00 am,0,7.697,9.1239,0.975501029600002
1093,2018-10-01 02:50:00,8.148174632,10/1/2018,02:50:00 am,0,7.697,9.1239,0.9757253680000009
1094,2018-10-01 03:00:00,8.1481338432,10/1/2018,03:00:00 am,0,7.697,9.123,0.9748661567999992
1095,2018-10-01 03:10:00,8.148531533999998,10/1/2018,03:10:00 am,0,7.696,9.1237,0.9751684660000013
1096,2018-10-01 03:20:00,8.147216095200001,10/1/2018,03:20:00 am,0,7.696,9.1231,0.9758839047999999
1097,2018-10-01 03:30:00,8.1458190788,10/1/2018,03:30:00 am,0,7.696,9.1218,0.9759809211999997
1098,2018-10-01 03:40:00,8.1460740088,10/1/2018,03:40:00 am,0,7.696,9.1212,0.9751259912000005
1099,2018-10-01 03:50:00,8.1466348548,10/1/2018,03:50:00 am,0,7.695,9.1218,0.9751651452000001
1100,2018-10-01 04:00:00,8.1467164324,10/1/2018,04:00:00 am,0,7.695,9.122,0.9752835676
1101,2018-10-01 04:10:00,8.145115472,10/1/2018,04:10:00 am,0,7.695,9.1211,0.9759845279999997
1102,2018-10-01 04:20:00,8.145054288799999,10/1/2018,04:20:00 am,0,7.694,9.1211,0.9760457112000012
1103,2018-10-01 04:30:00,8.1463595304,10/1/2018,04:30:00 am,0,7.694,9.1221,0.9757404695999998
1104,2018-10-01 04:40:00,8.1452378384,10/1/2018,04:40:00 am,0,7.694,9.1216,0.9763621616000009
1105,2018-10-01 04:50:00,8.145829275999999,10/1/2018,04:50:00 am,0,7.694,9.1219,0.9760707240000013
1106,2018-10-01 05:00:00,8.1455437544,10/1/2018,05:00:00 am,0,7.693,9.1226,0.9770562456
1107,2018-10-01 05:10:00,8.1459006564,10/1/2018,05:10:00 am,0,7.693,9.1227,0.9767993435999998
1108,2018-10-01 05:20:00,8.147307869999999,10/1/2018,05:20:00 am,0,7.692,9.1243,0.9769921300000011
1109,2018-10-01 05:30:00,8.148368378799999,10/1/2018,05:30:00 am,0,7.693,9.1254,0.9770316212000019
1110,2018-10-01 05:40:00,8.1486131116,10/1/2018,05:40:00 am,0,7.692,9.1251,0.9764868884000002
1111,2018-10-01 05:50:00,8.1490311968,10/1/2018,05:50:00 am,0,7.692,9.126,0.9769688032000001
1112,2018-10-01 06:00:00,8.14807266,10/1/2018,06:00:00 am,0,7.692,9.1254,0.9773273400000004
1113,2018-10-01 06:10:00,8.1486437032,10/1/2018,06:10:00 am,0,7.691,9.1253,0.9766562967999999
1114,2018-10-01 06:20:00,8.14909238,10/1/2018,06:20:00 am,0,7.691,9.1254,0.97630762
1115,2018-10-01 06:30:00,8.1506627488,10/1/2018,06:30:00 am,0,7.691,9.1265,0.9758372511999998
1116,2018-10-01 06:40:00,8.1510910312,10/1/2018,06:40:00 am,0,7.691,9.1279,0.9768089688000003
1117,2018-10-01 06:50:00,8.150713734799998,10/1/2018,06:50:00 am,0,7.69,9.1275,0.9767862652000012
1118,2018-10-01 07:00:00,8.151335763999999,10/1/2018,07:00:00 am,0,7.69,9.1283,0.9769642360000006
1119,2018-10-01 07:10:00,8.152763371999999,10/1/2018,07:10:00 am,0,7.69,9.1288,0.976036628000001
1120,2018-10-01 07:20:00,8.153599542399999,10/1/2018,07:20:00 am,0,7.69,9.13,0.9764004576000023
1121,2018-10-01 07:30:00,8.153946247199999,10/1/2018,07:30:00 am,0,7.689,9.1308,0.9768537528000021
1122,2018-10-01 07:40:00,8.1538952612,10/1/2018,07:40:00 am,0,7.689,9.131,0.9771047387999996
1123,2018-10-01 07:50:00,8.153640331199998,10/1/2018,07:50:00 am,0,7.688,9.1312,0.9775596688000014
1124,2018-10-01 08:00:00,8.154272557599999,10/1/2018,08:00:00 am,0,7.688,9.1323,0.978027442400002
1125,2018-10-01 08:10:00,8.154272557599999,10/1/2018,08:10:00 am,0,7.688,9.1331,0.9788274424000019
1126,2018-10-01 08:20:00,8.155006755999999,10/1/2018,08:20:00 am,0,7.687,9.1339,0.9788932440000018
1127,2018-10-01 08:30:00,8.155567602,10/1/2018,08:30:00 am,0,7.687,9.135,0.9794323980000001
1128,2018-10-01 08:40:00,8.154965967199999,10/1/2018,08:40:00 am,0,7.687,9.1349,0.979934032800001
1129,2018-10-01 08:50:00,8.1551393196,10/1/2018,08:50:00 am,0,7.687,9.1352,0.9800606803999994
1130,2018-10-01 09:00:00,8.1554554328,10/1/2018,09:00:00 am,0,7.685,9.1342,0.9787445671999997
1131,2018-10-01 09:10:00,8.1569850128,10/1/2018,09:10:00 am,0,7.685,9.1342,0.9772149872
1132,2018-10-01 09:20:00,8.1565975192,10/1/2018,09:20:00 am,0,7.685,9.1351,0.9785024807999996
1133,2018-10-01 09:30:00,8.155159714,10/1/2018,09:30:00 am,0,7.685,9.1347,0.9795402860000006
1134,2018-10-01 09:40:00,8.1540482192,10/1/2018,09:40:00 am,0,7.685,9.133,0.9789517807999992
1135,2018-10-01 09:50:00,8.152895935599998,10/1/2018,09:50:00 am,0,7.685,9.1326,0.9797040644000017
1136,2018-10-01 10:00:00,8.1552005028,10/1/2018,10:00:00 am,0,7.685,9.1338,0.9785994972000012
1137,2018-10-01 10:10:00,8.1577498028,10/1/2018,10:10:00 am,0,7.684,9.135,0.9772501972000001
1138,2018-10-01 10:20:00,8.157902760799999,10/1/2018,10:20:00 am,0,7.684,9.1349,0.976997239200001
1139,2018-10-01 10:30:00,8.1583922264,10/1/2018,10:30:00 am,0,7.684,9.1347,0.9763077736000003
1140,2018-10-01 10:40:00,8.1571277736,10/1/2018,10:40:00 am,0,7.684,9.1335,0.9763722264000005
1141,2018-10-01 10:50:00,8.1559856872,10/1/2018,10:50:00 am,0,7.683,9.1325,0.9765143128000009
1142,2018-10-01 11:00:00,8.153579148,10/1/2018,11:00:00 am,0,7.683,9.131,0.9774208519999998
1143,2018-10-01 11:10:00,8.1540992052,10/1/2018,11:10:00 am,0,7.683,9.1302,0.9761007948000007
1144,2018-10-01 11:20:00,8.1564241668,10/1/2018,11:20:00 am,0,7.683,9.1312,0.9747758331999989
1145,2018-10-01 11:30:00,8.1554860244,10/1/2018,11:30:00 am,0,7.682,9.1298,0.9743139755999994
1146,2018-10-01 11:40:00,8.153507767599999,10/1/2018,11:40:00 am,0,7.682,9.1277,0.9741922324000019
1147,2018-10-01 11:50:00,8.150285452399999,10/1/2018,11:50:00 am,0,7.682,9.1256,0.9753145476000018
1148,2018-10-01 12:00:00,8.1509074816,10/1/2018,12:00:00 pm,0,7.682,9.1255,0.9745925184000015
1149,2018-10-01 12:10:00,8.1515601024,10/1/2018,12:10:00 pm,0,7.681,9.1232,0.9716398976000011
1150,2018-10-01 12:20:00,8.1503976216,10/1/2018,12:20:00 pm,0,7.681,9.12,0.9696023783999994
1151,2018-10-01 12:30:00,8.1470223484,10/1/2018,12:30:00 pm,0,7.681,9.1198,0.9727776515999995
1152,2018-10-01 12:40:00,8.145676318,10/1/2018,12:40:00 pm,0,7.68,9.1183,0.972623682
1153,2018-10-01 12:50:00,8.148429562,10/1/2018,12:50:00 pm,0,7.68,9.1166,0.9681704379999996
1154,2018-10-01 13:00:00,8.15062196,10/1/2018,01:00:00 pm,0,7.68,9.1165,0.9658780399999998
1155,2018-10-01 13:10:00,8.1511216228,10/1/2018,01:10:00 pm,0,7.68,9.1165,0.9653783772000004
1156,2018-10-01 13:20:00,8.148735477999999,10/1/2018,01:20:00 pm,0,7.679,9.1159,0.9671645220000009
1157,2018-10-01 13:30:00,8.1470733344,10/1/2018,01:30:00 pm,0,7.679,9.114,0.9669266656000008
1158,2018-10-01 13:40:00,8.1442079212,10/1/2018,01:40:00 pm,0,7.679,9.1124,0.9681920787999996
1159,2018-10-01 13:50:00,8.1447687672,10/1/2018,01:50:00 pm,0,7.679,9.1111,0.9663312328
1160,2018-10-01 14:00:00,8.1448911336,10/1/2018,02:00:00 pm,0,7.678,9.1099,0.9650088663999998
1161,2018-10-01 14:10:00,8.1444220624,10/1/2018,02:10:00 pm,0,7.678,9.1088,0.9643779376000001
1162,2018-10-01 14:20:00,8.1430046516,10/1/2018,02:20:00 pm,0,7.678,9.105,0.9619953484000003
1163,2018-10-01 14:30:00,8.144513837199998,10/1/2018,02:30:00 pm,0,7.678,9.1045,0.9599861628000017
1164,2018-10-01 14:40:00,8.1400474636,10/1/2018,02:40:00 pm,0,7.677,9.1019,0.9618525364000003
1165,2018-10-01 14:50:00,8.1388339968,10/1/2018,02:50:00 pm,0,7.677,9.1016,0.9627660031999987
1166,2018-10-01 15:00:00,8.1388339968,10/1/2018,03:00:00 pm,0,7.677,9.0986,0.9597660031999986
1167,2018-10-01 15:10:00,8.1406083096,10/1/2018,03:10:00 pm,0,7.677,9.0978,0.9571916904000002
1168,2018-10-01 15:20:00,8.141342508,10/1/2018,03:20:00 pm,0,7.676,9.0983,0.9569574920000008
1169,2018-10-01 15:30:00,8.1408632396,10/1/2018,03:30:00 pm,0,7.676,9.0985,0.9576367603999998
1170,2018-10-01 15:40:00,8.1390277436,10/1/2018,03:40:00 pm,0,7.676,9.0979,0.9588722563999994
1171,2018-10-01 15:50:00,8.139364251199998,10/1/2018,03:50:00 pm,0,7.675,9.0976,0.9582357488000017
1172,2018-10-01 16:00:00,8.1378142768,10/1/2018,04:00:00 pm,0,7.675,9.0965,0.9586857232000003
1173,2018-10-01 16:10:00,8.1380080236,10/1/2018,04:10:00 pm,0,7.675,9.0971,0.9590919763999999
1174,2018-10-01 16:20:00,8.138548475199999,10/1/2018,04:20:00 pm,0,7.675,9.0961,0.9575515248000013
1175,2018-10-01 16:30:00,8.138273150799998,10/1/2018,04:30:00 pm,0,7.675,9.0958,0.9575268492000024
1176,2018-10-01 16:40:00,8.137885657199998,10/1/2018,04:40:00 pm,0,7.674,9.095,0.9571143428000024
1177,2018-10-01 16:50:00,8.1401902244,10/1/2018,04:50:00 pm,0,7.674,9.0952,0.9550097756000007
1178,2018-10-01 17:00:00,8.1406185068,10/1/2018,05:00:00 pm,0,7.674,9.0959,0.9552814932000011
1179,2018-10-01 17:10:00,8.142678341199998,10/1/2018,05:10:00 pm,0,7.673,9.0962,0.9535216588000015
1180,2018-10-01 17:20:00,8.141240535999998,10/1/2018,05:20:00 pm,0,7.673,9.0962,0.9549594640000016
1181,2018-10-01 17:30:00,8.141342508,10/1/2018,05:30:00 pm,0,7.673,9.0959,0.9545574920000011
1182,2018-10-01 17:40:00,8.1407408732,10/1/2018,05:40:00 pm,0,7.673,9.0965,0.9557591268000003
1183,2018-10-01 17:50:00,8.140730675999999,10/1/2018,05:50:00 pm,0,7.672,9.0966,0.9558693240000018
1184,2018-10-01 18:00:00,8.14118955,10/1/2018,06:00:00 pm,0,7.672,9.0971,0.9559104499999993
1185,2018-10-01 18:10:00,8.141597438,10/1/2018,06:10:00 pm,0,7.672,9.0977,0.9561025619999999
1186,2018-10-01 18:20:00,8.141862565199999,10/1/2018,06:20:00 pm,0,7.672,9.0985,0.9566374348000011
1187,2018-10-01 18:30:00,8.142504988799999,10/1/2018,06:30:00 pm,0,7.671,9.0992,0.9566950112000008
1188,2018-10-01 18:40:00,8.142668144,10/1/2018,06:40:00 pm,0,7.671,9.0995,0.9568318560000009
1189,2018-10-01 18:50:00,8.1420767064,10/1/2018,06:50:00 pm,0,7.671,9.1001,0.9580232936000002
1190,2018-10-01 19:00:00,8.1424642,10/1/2018,07:00:00 pm,0,7.671,9.1006,0.9581358000000009
1191,2018-10-01 19:10:00,8.143035243199998,10/1/2018,07:10:00 pm,0,7.67,9.1017,0.9586647568000011
1192,2018-10-01 19:20:00,8.1423826224,10/1/2018,07:20:00 pm,0,7.67,9.1019,0.959517377600001
1193,2018-10-01 19:30:00,8.141546451999998,10/1/2018,07:30:00 pm,0,7.67,9.1014,0.9598535480000017
1194,2018-10-01 19:40:00,8.140067857999998,10/1/2018,07:40:00 pm,0,7.67,9.1005,0.9604321420000019
1195,2018-10-01 19:50:00,8.1394764204,10/1/2018,07:50:00 pm,0,7.669,9.1006,0.9611235796000006
1196,2018-10-01 20:00:00,8.140118844,10/1/2018,08:00:00 pm,0,7.669,9.1016,0.9614811559999996
1197,2018-10-01 20:10:00,8.139884308400001,10/1/2018,08:10:00 pm,0,7.669,9.1026,0.9627156915999997
1198,2018-10-01 20:20:00,8.140832648,10/1/2018,08:20:00 pm,0,7.669,9.1032,0.9623673519999993
1199,2018-10-01 20:30:00,8.140455351599998,10/1/2018,08:30:00 pm,0,7.669,9.1038,0.9633446484000014
1200,2018-10-01 20:40:00,8.139710955999998,10/1/2018,08:40:00 pm,0,7.669,9.1031,0.9633890440000012
1201,2018-10-01 20:50:00,8.139976083199999,10/1/2018,08:50:00 pm,0,7.668,9.1035,0.9635239168000016
1202,2018-10-01 21:00:00,8.1400372664,10/1/2018,09:00:00 pm,0,7.668,9.1045,0.9644627335999996
1203,2018-10-01 21:10:00,8.1391603072,10/1/2018,09:10:00 pm,0,7.668,9.1047,0.9655396928000002
1204,2018-10-01 21:20:00,8.1391603072,10/1/2018,09:20:00 pm,0,7.667,9.1045,0.9653396928000006
1205,2018-10-01 21:30:00,8.139252081999999,10/1/2018,09:30:00 pm,0,7.667,9.105,0.9657479180000017
1206,2018-10-01 21:40:00,8.139282673599999,10/1/2018,09:40:00 pm,0,7.667,9.1056,0.9663173264000022
1207,2018-10-01 21:50:00,8.139863914,10/1/2018,09:50:00 pm,0,7.667,9.106,0.9661360860000006
1208,2018-10-01 22:00:00,8.140883634,10/1/2018,10:00:00 pm,0,7.666,9.1074,0.9665163660000005
1209,2018-10-01 22:10:00,8.140383971199999,10/1/2018,10:10:00 pm,0,7.666,9.1076,0.9672160288000011
1210,2018-10-01 22:20:00,8.1407408732,10/1/2018,10:20:00 pm,0,7.666,9.1082,0.9674591267999997
1211,2018-10-01 22:30:00,8.1408938312,10/1/2018,10:30:00 pm,0,7.666,9.1088,0.9679061688000008
1212,2018-10-01 22:40:00,8.1411487612,10/1/2018,10:40:00 pm,0,7.666,9.1091,0.9679512387999996
1213,2018-10-01 22:50:00,8.1411793528,10/1/2018,10:50:00 pm,0,7.665,9.1094,0.9682206472000008
1214,2018-10-01 23:00:00,8.141801382,10/1/2018,11:00:00 pm,0,7.665,9.1106,0.9687986179999992
1215,2018-10-01 23:10:00,8.1425355804,10/1/2018,11:10:00 pm,0,7.665,9.1113,0.9687644195999994
1216,2018-10-01 23:20:00,8.142158283999999,10/1/2018,11:20:00 pm,0,7.665,9.111,0.9688417160000018
1217,2018-10-01 23:30:00,8.142107298,10/1/2018,11:30:00 pm,0,7.665,9.1112,0.9690927019999993
1218,2018-10-01 23:40:00,8.1412303388,10/1/2018,11:40:00 pm,0,7.664,9.1112,0.9699696612000004
1219,2018-10-01 23:50:00,8.1417605932,10/1/2018,11:50:00 pm,0,7.664,9.1111,0.9693394067999996
1220,2018-10-02 00:00:00,8.14169941,10/2/2018,12:00:00 am,0,7.664,9.1114,0.9697005900000004
1221,2018-10-02 00:10:00,8.141648424,10/2/2018,12:10:00 am,0,7.664,9.1122,0.9705515760000001
1222,2018-10-02 00:20:00,8.1412099444,10/2/2018,12:20:00 am,0,7.663,9.1123,0.9710900555999995
1223,2018-10-02 00:30:00,8.141046789199999,10/2/2018,12:30:00 am,0,7.663,9.1119,0.9708532108000014
1224,2018-10-02 00:40:00,8.140292196399999,10/2/2018,12:40:00 am,0,7.663,9.1116,0.9713078036000002
1225,2018-10-02 00:50:00,8.1400474636,10/2/2018,12:50:00 am,0,7.662,9.1119,0.9718525364000001
1226,2018-10-02 01:00:00,8.140343182399999,10/2/2018,01:00:00 am,0,7.662,9.1122,0.9718568176000009
1227,2018-10-02 01:10:00,8.140883634,10/2/2018,01:10:00 am,0,7.662,9.1127,0.9718163660000005
1228,2018-10-02 01:20:00,8.139456026,10/2/2018,01:20:00 am,0,7.662,9.1123,0.9728439739999999
1229,2018-10-02 01:30:00,8.139608984,10/2/2018,01:30:00 am,0,7.662,9.112,0.9723910159999996
1230,2018-10-02 01:40:00,8.1390685324,10/2/2018,01:40:00 am,0,7.662,9.1123,0.9732314675999998
1231,2018-10-02 01:50:00,8.1387014332,10/2/2018,01:50:00 am,0,7.661,9.1116,0.9728985667999996
1232,2018-10-02 02:00:00,8.138823799599999,10/2/2018,02:00:00 am,0,7.661,9.1124,0.9735762004000001
1233,2018-10-02 02:10:00,8.139048138,10/2/2018,02:10:00 am,0,7.661,9.112,0.9729518620000004
1234,2018-10-02 02:20:00,8.138742222,10/2/2018,02:20:00 am,0,7.661,9.1118,0.9730577780000012
1235,2018-10-02 02:30:00,8.1382935452,10/2/2018,02:30:00 am,0,7.66,9.1116,0.9733064547999994
1236,2018-10-02 02:40:00,8.1391603072,10/2/2018,02:40:00 am,0,7.661,9.1124,0.9732396928
1237,2018-10-02 02:50:00,8.1390583352,10/2/2018,02:50:00 am,0,7.66,9.1121,0.9730416648000002
1238,2018-10-02 03:00:00,8.138589263999998,10/2/2018,03:00:00 am,0,7.66,9.1123,0.973710736000001
1239,2018-10-02 03:10:00,8.139252081999999,10/2/2018,03:10:00 am,0,7.66,9.1133,0.9740479180000019
1240,2018-10-02 03:20:00,8.138793208,10/2/2018,03:20:00 am,0,7.66,9.1126,0.9738067920000013
1241,2018-10-02 03:30:00,8.137834671199998,10/2/2018,03:30:00 am,0,7.659,9.1125,0.9746653288000022
1242,2018-10-02 03:40:00,8.137222839199998,10/2/2018,03:40:00 am,0,7.659,9.1116,0.9743771608000014
1243,2018-10-02 03:50:00,8.1368455428,10/2/2018,03:50:00 am,0,7.659,9.1117,0.9748544572000011
1244,2018-10-02 04:00:00,8.136305091199999,10/2/2018,04:00:00 am,0,7.659,9.1111,0.9747949088000016
1245,2018-10-02 04:10:00,8.1367843596,10/2/2018,04:10:00 am,0,7.658,9.1111,0.9743156404000004
1246,2018-10-02 04:20:00,8.1372840224,10/2/2018,04:20:00 am,0,7.658,9.1118,0.9745159776000012
1247,2018-10-02 04:30:00,8.1380386152,10/2/2018,04:30:00 am,0,7.658,9.1126,0.9745613848000012
1248,2018-10-02 04:40:00,8.1386708416,10/2/2018,04:40:00 am,0,7.658,9.1137,0.9750291583999999
1249,2018-10-02 04:50:00,8.139547800799999,10/2/2018,04:50:00 am,0,7.657,9.1144,0.9748521992000008
1250,2018-10-02 05:00:00,8.1395783924,10/2/2018,05:00:00 am,0,7.657,9.1144,0.9748216075999991
1251,2018-10-02 05:10:00,8.1401290412,10/2/2018,05:10:00 am,0,7.657,9.1151,0.9749709588000002
1252,2018-10-02 05:20:00,8.140108646799998,10/2/2018,05:20:00 am,0,7.657,9.1153,0.9751913532000014
1253,2018-10-02 05:30:00,8.1411691556,10/2/2018,05:30:00 am,0,7.657,9.1159,0.9747308443999998
1254,2018-10-02 05:40:00,8.141505663199998,10/2/2018,05:40:00 am,0,7.657,9.1165,0.9749943368000018
1255,2018-10-02 05:50:00,8.141903353999998,10/2/2018,05:50:00 am,0,7.656,9.1171,0.9751966460000023
1256,2018-10-02 06:00:00,8.142005326,10/2/2018,06:00:00 am,0,7.656,9.1175,0.9754946740000001
1257,2018-10-02 06:10:00,8.142117495199999,10/2/2018,06:10:00 am,0,7.656,9.1175,0.9753825048000007
1258,2018-10-02 06:20:00,8.1425457776,10/2/2018,06:20:00 am,0,7.656,9.1179,0.9753542224
1259,2018-10-02 06:30:00,8.1426579468,10/2/2018,06:30:00 am,0,7.656,9.1189,0.9762420532
1260,2018-10-02 06:40:00,8.1430862292,10/2/2018,06:40:00 am,0,7.655,9.1198,0.9767137708
1261,2018-10-02 06:50:00,8.1430556376,10/2/2018,06:50:00 am,0,7.656,9.1189,0.9758443624000002
1262,2018-10-02 07:00:00,8.1452378384,10/2/2018,07:00:00 am,0,7.655,9.1214,0.9761621615999996
1263,2018-10-02 07:10:00,8.144360879199999,10/2/2018,07:10:00 am,0,7.655,9.1213,0.9769391208000009
1264,2018-10-02 07:20:00,8.1450135,10/2/2018,07:20:00 am,0,7.655,9.1219,0.9768865000000009
1265,2018-10-02 07:30:00,8.1446158092,10/2/2018,07:30:00 am,0,7.654,9.1226,0.9779841908000009
1266,2018-10-02 07:40:00,8.1446260064,10/2/2018,07:40:00 am,0,7.654,9.1231,0.9784739936000015
1267,2018-10-02 07:50:00,8.1474710252,10/2/2018,07:50:00 am,0,7.654,9.1255,0.9780289748000008
1268,2018-10-02 08:00:00,8.148888435999998,10/2/2018,08:00:00 am,0,7.654,9.1269,0.9780115640000009
1269,2018-10-02 08:10:00,8.1475628,10/2/2018,08:10:00 am,0,7.653,9.1263,0.9787372000000012
1270,2018-10-02 08:20:00,8.1459924312,10/2/2018,08:20:00 am,0,7.654,9.1251,0.9791075687999999
1271,2018-10-02 08:30:00,8.1455029656,10/2/2018,08:30:00 am,0,7.654,9.1233,0.9777970344
1272,2018-10-02 08:40:00,8.146267755599998,10/2/2018,08:40:00 am,0,7.653,9.1244,0.9781322444000011
1273,2018-10-02 08:50:00,8.1451868524,10/2/2018,08:50:00 am,0,7.653,9.1237,0.9785131475999993
1274,2018-10-02 09:00:00,8.146492094,10/2/2018,09:00:00 am,0,7.652,9.1246,0.978107906
1275,2018-10-02 09:10:00,8.147246686799999,10/2/2018,09:10:00 am,0,7.653,9.1254,0.9781533132000018
1276,2018-10-02 09:20:00,8.1467368268,10/2/2018,09:20:00 am,0,7.652,9.1259,0.9791631731999999
1277,2018-10-02 09:30:00,8.147103926,10/2/2018,09:30:00 am,0,7.652,9.1265,0.9793960740000003
1278,2018-10-02 09:40:00,8.1467368268,10/2/2018,09:40:00 am,0,7.652,9.126,0.9792631731999997
1279,2018-10-02 09:50:00,8.1455437544,10/2/2018,09:50:00 am,0,7.651,9.1261,0.980556245599999
1280,2018-10-02 10:00:00,8.1471957008,10/2/2018,10:00:00 am,0,7.652,9.1262,0.9790042992000014
1281,2018-10-02 10:10:00,8.1469917568,10/2/2018,10:10:00 am,0,7.651,9.1265,0.9795082431999997
1282,2018-10-02 10:20:00,8.1479095048,10/2/2018,10:20:00 am,0,7.651,9.1265,0.9785904952000006
1283,2018-10-02 10:30:00,8.148766069599999,10/2/2018,10:30:00 am,0,7.651,9.1279,0.9791339304000015
1284,2018-10-02 10:40:00,8.150254860799999,10/2/2018,10:40:00 am,0,7.651,9.1299,0.9796451392000005
1285,2018-10-02 10:50:00,8.1503976216,10/2/2018,10:50:00 am,0,7.651,9.129,0.9786023783999998
1286,2018-10-02 11:00:00,8.1503568328,10/2/2018,11:00:00 am,0,7.651,9.129,0.9786431671999996
1287,2018-10-02 11:10:00,8.151294975199999,10/2/2018,11:10:00 am,0,7.65,9.1287,0.9774050248000012
1288,2018-10-02 11:20:00,8.1522433148,10/2/2018,11:20:00 am,0,7.65,9.1276,0.9753566851999995
1289,2018-10-02 11:30:00,8.1508055096,10/2/2018,11:30:00 am,0,7.65,9.1271,0.9762944904000008
1290,2018-10-02 11:40:00,8.146084206,10/2/2018,11:40:00 am,0,7.65,9.1245,0.978415794
1291,2018-10-02 11:50:00,8.147012151199998,10/2/2018,11:50:00 am,0,7.65,9.1231,0.9760878488000024
1292,2018-10-02 12:00:00,8.14603322,10/2/2018,12:00:00 pm,0,7.649,9.1219,0.9758667800000005
1293,2018-10-02 12:10:00,8.146124994800001,10/2/2018,12:10:00 pm,0,7.649,9.1209,0.9747750051999997
1294,2018-10-02 12:20:00,8.144432259599999,10/2/2018,12:20:00 pm,0,7.649,9.1198,0.9753677404000012
1295,2018-10-02 12:30:00,8.1445342316,10/2/2018,12:30:00 pm,0,7.649,9.1199,0.9753657683999997
1296,2018-10-02 12:40:00,8.1431372152,10/2/2018,12:40:00 pm,0,7.649,9.1184,0.9752627848
1297,2018-10-02 12:50:00,8.1445240344,10/2/2018,12:50:00 pm,0,7.649,9.1168,0.9722759655999997
1298,2018-10-02 13:00:00,8.1452276412,10/2/2018,01:00:00 pm,0,7.649,9.1169,0.9716723587999994
1299,2018-10-02 13:10:00,8.1439122024,10/2/2018,01:10:00 pm,0,7.648,9.1145,0.9705877976000004
1300,2018-10-02 13:20:00,8.142555974799999,10/2/2018,01:20:00 pm,0,7.648,9.1134,0.9708440252000017
1301,2018-10-02 13:30:00,8.14169941,10/2/2018,01:30:00 pm,0,7.647,9.1137,0.9720005900000004
1302,2018-10-02 13:40:00,8.1379468404,10/2/2018,01:40:00 pm,0,7.648,9.1103,0.9723531596000008
1303,2018-10-02 13:50:00,8.1387320248,10/2/2018,01:50:00 pm,0,7.648,9.11,0.9712679752
1304,2018-10-02 14:00:00,8.1405573236,10/2/2018,02:00:00 pm,0,7.647,9.1089,0.9683426764000007
1305,2018-10-02 14:10:00,8.1397823364,10/2/2018,02:10:00 pm,0,7.647,9.1071,0.9673176636000012
1306,2018-10-02 14:20:00,8.139231687599999,10/2/2018,02:20:00 pm,0,7.647,9.106,0.966768312400001
1307,2018-10-02 14:30:00,8.1386504472,10/2/2018,02:30:00 pm,0,7.647,9.1042,0.9655495528000007
1308,2018-10-02 14:40:00,8.1393438568,10/2/2018,02:40:00 pm,0,7.647,9.1037,0.9643561431999998
1309,2018-10-02 14:50:00,8.1386300528,10/2/2018,02:50:00 pm,0,7.646,9.1032,0.9645699471999993
1310,2018-10-02 15:00:00,8.137804079599999,10/2/2018,03:00:00 pm,0,7.646,9.1022,0.9643959204000012
1311,2018-10-02 15:10:00,8.1378958544,10/2/2018,03:10:00 pm,0,7.646,9.1023,0.9644041455999997
1312,2018-10-02 15:20:00,8.137844868399998,10/2/2018,03:20:00 pm,0,7.646,9.1014,0.9635551316000015
1313,2018-10-02 15:30:00,8.136356077199999,10/2/2018,03:30:00 pm,0,7.646,9.0998,0.9634439228000016
1314,2018-10-02 15:40:00,8.1351018216,10/2/2018,03:40:00 pm,0,7.646,9.0989,0.9637981784000011
1315,2018-10-02 15:50:00,8.1365702184,10/2/2018,03:50:00 pm,0,7.646,9.1004,0.9638297816000012
1316,2018-10-02 16:00:00,8.1357442452,10/2/2018,04:00:00 pm,0,7.646,9.1,0.9642557547999999
1317,2018-10-02 16:10:00,8.135866611600001,10/2/2018,04:10:00 pm,0,7.645,9.0999,0.964033388399999
1318,2018-10-02 16:20:00,8.1375491496,10/2/2018,04:20:00 pm,0,7.645,9.0999,0.9623508504
1319,2018-10-02 16:30:00,8.1378550656,10/2/2018,04:30:00 pm,0,7.645,9.0995,0.9616449344000007
1320,2018-10-02 16:40:00,8.137804079599999,10/2/2018,04:40:00 pm,0,7.645,9.099,0.9611959204000016
1321,2018-10-02 16:50:00,8.137753093599999,10/2/2018,04:50:00 pm,0,7.644,9.0991,0.9613469064000011
1322,2018-10-02 17:00:00,8.1379468404,10/2/2018,05:00:00 pm,0,7.645,9.0992,0.9612531596
1323,2018-10-02 17:10:00,8.1382017704,10/2/2018,05:10:00 pm,0,7.644,9.099,0.9607982295999999
1324,2018-10-02 17:20:00,8.13711067,10/2/2018,05:20:00 pm,0,7.644,9.0991,0.9619893299999998
1325,2018-10-02 17:30:00,8.1372738252,10/2/2018,05:30:00 pm,0,7.644,9.0982,0.9609261748000009
1326,2018-10-02 17:40:00,8.1372432336,10/2/2018,05:40:00 pm,0,7.644,9.0991,0.9618567664000004
1327,2018-10-02 17:50:00,8.1388034052,10/2/2018,05:50:00 pm,0,7.643,9.1004,0.9615965948000014
1328,2018-10-02 18:00:00,8.1395172092,10/2/2018,06:00:00 pm,0,7.643,9.1011,0.9615827908000014
1329,2018-10-02 18:10:00,8.1396497728,10/2/2018,06:10:00 pm,0,7.643,9.1015,0.9618502271999994
1330,2018-10-02 18:20:00,8.141046789199999,10/2/2018,06:20:00 pm,0,7.643,9.1023,0.9612532108000007
1331,2018-10-02 18:30:00,8.14093462,10/2/2018,06:30:00 pm,0,7.643,9.1025,0.9615653799999997
1332,2018-10-02 18:40:00,8.1407102816,10/2/2018,06:40:00 pm,0,7.643,9.103,0.9622897183999992
1333,2018-10-02 18:50:00,8.1413017192,10/2/2018,06:50:00 pm,0,7.643,9.1034,0.9620982808000011
1334,2018-10-02 19:00:00,8.1419645372,10/2/2018,07:00:00 pm,0,7.642,9.1042,0.9622354628000007
1335,2018-10-02 19:10:00,8.142137889599999,10/2/2018,07:10:00 pm,0,7.643,9.1051,0.9629621104000012
1336,2018-10-02 19:20:00,8.142861890799999,10/2/2018,07:20:00 pm,0,7.642,9.1056,0.9627381092000018
1337,2018-10-02 19:30:00,8.1431474124,10/2/2018,07:30:00 pm,0,7.642,9.1061,0.9629525876000002
1338,2018-10-02 19:40:00,8.1444118652,10/2/2018,07:40:00 pm,0,7.642,9.1077,0.9632881347999991
1339,2018-10-02 19:50:00,8.145961839599998,10/2/2018,07:50:00 pm,0,7.642,9.1092,0.9632381604000013
1340,2018-10-02 20:00:00,8.146899981999999,10/2/2018,08:00:00 pm,0,7.642,9.1099,0.9630000180000007
1341,2018-10-02 20:10:00,8.148633506,10/2/2018,08:10:00 pm,0,7.642,9.1117,0.9630664940000013
1342,2018-10-02 20:20:00,8.148460153599999,10/2/2018,08:20:00 pm,0,7.642,9.1128,0.9643398464000015
1343,2018-10-02 20:30:00,8.1497450008,10/2/2018,08:30:00 pm,0,7.641,9.1143,0.9645549992000007
1344,2018-10-02 20:40:00,8.151080834,10/2/2018,08:40:00 pm,0,7.641,9.1153,0.9642191659999995
1345,2018-10-02 20:50:00,8.1517130604,10/2/2018,08:50:00 pm,0,7.641,9.117,0.9652869396000003
1346,2018-10-02 21:00:00,8.1526614,10/2/2018,09:00:00 pm,0,7.641,9.1173,0.9646386000000007
1347,2018-10-02 21:10:00,8.152008779199999,10/2/2018,09:10:00 pm,0,7.641,9.1178,0.9657912208000017
1348,2018-10-02 21:20:00,8.151662074399999,10/2/2018,09:20:00 pm,0,7.64,9.1178,0.9661379256000018
1349,2018-10-02 21:30:00,8.152069962399999,10/2/2018,09:30:00 pm,0,7.641,9.1184,0.9663300376000006
1350,2018-10-02 21:40:00,8.153599542399999,10/2/2018,09:40:00 pm,0,7.64,9.1201,0.9665004576000022
1351,2018-10-02 21:50:00,8.153864669599999,10/2/2018,09:50:00 pm,0,7.641,9.1208,0.9669353304000001
1352,2018-10-02 22:00:00,8.1544866988,10/2/2018,10:00:00 pm,0,7.64,9.1223,0.9678133011999996
1353,2018-10-02 22:10:00,8.1544051212,10/2/2018,10:10:00 pm,0,7.639,9.1224,0.9679948788000008
1354,2018-10-02 22:20:00,8.1552107,10/2/2018,10:20:00 pm,0,7.64,9.1232,0.967989300000001
1355,2018-10-02 22:30:00,8.1560366732,10/2/2018,10:30:00 pm,0,7.64,9.1242,0.968163326800001
1356,2018-10-02 22:40:00,8.156832054799999,10/2/2018,10:40:00 pm,0,7.64,9.1254,0.968567945200002
1357,2018-10-02 22:50:00,8.157923155199999,10/2/2018,10:50:00 pm,0,7.64,9.1269,0.9689768448000002
1358,2018-10-02 23:00:00,8.157902760799999,10/2/2018,11:00:00 pm,0,7.64,9.1277,0.9697972392000018
1359,2018-10-02 23:10:00,8.1586063676,10/2/2018,11:10:00 pm,0,7.639,9.1284,0.9697936324
1360,2018-10-02 23:20:00,8.157658027999998,10/2/2018,11:20:00 pm,0,7.639,9.1279,0.970241972000002
1361,2018-10-02 23:30:00,8.1578007888,10/2/2018,11:30:00 pm,0,7.639,9.1285,0.9706992112000012
1362,2018-10-02 23:40:00,8.1581372964,10/2/2018,11:40:00 pm,0,7.639,9.1282,0.9700627036
1363,2018-10-02 23:50:00,8.1579843384,10/2/2018,11:50:00 pm,0,7.639,9.1286,0.9706156616000001
1364,2018-10-03 00:00:00,8.157627436399999,10/3/2018,12:00:00 am,0,7.639,9.1284,0.9707725636000006
1365,2018-10-03 00:10:00,8.1588001144,10/3/2018,12:10:00 am,0,7.639,9.1296,0.9707998856
1366,2018-10-03 00:20:00,8.1581882824,10/3/2018,12:20:00 am,0,7.639,9.13,0.9718117176000014
1367,2018-10-03 00:30:00,8.157607042,10/3/2018,12:30:00 am,0,7.638,9.1292,0.9715929580000005
1368,2018-10-03 00:40:00,8.1573419148,10/3/2018,12:40:00 am,0,7.638,9.1295,0.9721580852000002
1369,2018-10-03 00:50:00,8.15725014,10/3/2018,12:50:00 am,0,7.638,9.1301,0.9728498600000002
1370,2018-10-03 01:00:00,8.156791265999999,10/3/2018,01:00:00 am,0,7.638,9.1303,0.973508734000001
1371,2018-10-03 01:10:00,8.1570359988,10/3/2018,01:10:00 am,0,7.638,9.1302,0.9731640012000007
1372,2018-10-03 01:20:00,8.1570054072,10/3/2018,01:20:00 am,0,7.638,9.1304,0.9733945928000001
1373,2018-10-03 01:30:00,8.1572807316,10/3/2018,01:30:00 am,0,7.638,9.1302,0.9729192684000001
1374,2018-10-03 01:40:00,8.1572807316,10/3/2018,01:40:00 am,0,7.638,9.1304,0.9731192683999996
1375,2018-10-03 01:50:00,8.156281406,10/3/2018,01:50:00 am,0,7.638,9.1304,0.9741185940000001
1376,2018-10-03 02:00:00,8.1554452356,10/3/2018,02:00:00 am,0,7.637,9.1303,0.9748547643999999
1377,2018-10-03 02:10:00,8.1561488424,10/3/2018,02:10:00 am,0,7.637,9.1305,0.9743511575999992
1378,2018-10-03 02:20:00,8.1574132952,10/3/2018,02:20:00 am,0,7.637,9.1313,0.9738867048
1379,2018-10-03 02:30:00,8.155781743199999,10/3/2018,02:30:00 am,0,7.637,9.1304,0.9746182568000012
1380,2018-10-03 02:40:00,8.153568950799999,10/3/2018,02:40:00 am,0,7.637,9.1286,0.9750310492000018
1381,2018-10-03 02:50:00,8.1540482192,10/3/2018,02:50:00 am,0,7.637,9.1288,0.9747517808000001
1382,2018-10-03 03:00:00,8.1554554328,10/3/2018,03:00:00 am,0,7.637,9.1293,0.9738445672000005
1383,2018-10-03 03:10:00,8.155740954399999,10/3/2018,03:10:00 am,0,7.637,9.1304,0.974659045600001
1384,2018-10-03 03:20:00,8.1547824176,10/3/2018,03:20:00 am,0,7.637,9.1299,0.9751175823999993
1385,2018-10-03 03:30:00,8.153783092,10/3/2018,03:30:00 am,0,7.637,9.1285,0.9747169080000013
1386,2018-10-03 03:40:00,8.154772220399998,10/3/2018,03:40:00 am,0,7.637,9.1298,0.9750277796000013
1387,2018-10-03 03:50:00,8.156108053599999,10/3/2018,03:50:00 am,0,7.637,9.1307,0.9745919464000004
1388,2018-10-03 04:00:00,8.1563018004,10/3/2018,04:00:00 am,0,7.637,9.1311,0.9747981996000004
1389,2018-10-03 04:10:00,8.1559347012,10/3/2018,04:10:00 am,0,7.636,9.1315,0.9755652988000012
1390,2018-10-03 04:20:00,8.155781743199999,10/3/2018,04:20:00 am,0,7.636,9.1312,0.9754182568000012
1391,2018-10-03 04:30:00,8.153997233199998,10/3/2018,04:30:00 am,0,7.636,9.1301,0.9761027668000022
1392,2018-10-03 04:40:00,8.152895935599998,10/3/2018,04:40:00 am,0,7.637,9.1287,0.9758040644000019
1393,2018-10-03 04:50:00,8.1522739064,10/3/2018,04:50:00 am,0,7.636,9.128,0.9757260936000005
1394,2018-10-03 05:00:00,8.152049567999999,10/3/2018,05:00:00 am,0,7.635,9.1278,0.9757504320000017
1395,2018-10-03 05:10:00,8.1545172904,10/3/2018,05:10:00 am,0,7.636,9.1289,0.9743827096000004
1396,2018-10-03 05:20:00,8.1556083908,10/3/2018,05:20:00 am,0,7.636,9.1297,0.9740916092000003
1397,2018-10-03 05:30:00,8.1558123348,10/3/2018,05:30:00 am,0,7.636,9.1303,0.9744876651999999
1398,2018-10-03 05:40:00,8.1557613488,10/3/2018,05:40:00 am,0,7.636,9.1304,0.9746386511999994
1399,2018-10-03 05:50:00,8.1562712088,10/3/2018,05:50:00 am,0,7.636,9.1303,0.9740287912000003
1400,2018-10-03 06:00:00,8.156791265999999,10/3/2018,06:00:00 am,0,7.635,9.1312,0.9744087340000007
1401,2018-10-03 06:10:00,8.1561590396,10/3/2018,06:10:00 am,0,7.635,9.1306,0.9744409603999991
1402,2018-10-03 06:20:00,8.1568626464,10/3/2018,06:20:00 am,0,7.635,9.1312,0.9743373535999993
1403,2018-10-03 06:30:00,8.1573929008,10/3/2018,06:30:00 am,0,7.635,9.1314,0.9740070991999996
1404,2018-10-03 06:40:00,8.157576450399999,10/3/2018,06:40:00 am,0,7.635,9.1319,0.9743235496000011
1405,2018-10-03 06:50:00,8.159014255599999,10/3/2018,06:50:00 am,0,7.635,9.1329,0.9738857444000004
1406,2018-10-03 07:00:00,8.1585349872,10/3/2018,07:00:00 am,0,7.635,9.1333,0.9747650128000007
1407,2018-10-03 07:10:00,8.159106030399998,10/3/2018,07:10:00 am,0,7.635,9.1341,0.9749939696000016
1408,2018-10-03 07:20:00,8.1591774108,10/3/2018,07:20:00 am,0,7.635,9.1341,0.9749225892000002
1409,2018-10-03 07:30:00,8.1595547072,10/3/2018,07:30:00 am,0,7.635,9.1352,0.9756452927999995
1410,2018-10-03 07:40:00,8.1595547072,10/3/2018,07:40:00 am,0,7.635,9.1356,0.9760452928000003
1411,2018-10-03 07:50:00,8.1594731296,10/3/2018,07:50:00 am,0,7.635,9.1362,0.9767268704000003
1412,2018-10-03 08:00:00,8.1596158904,10/3/2018,08:00:00 am,0,7.635,9.1367,0.9770841095999998
1413,2018-10-03 08:10:00,8.159799439999999,10/3/2018,08:10:00 am,0,7.635,9.1372,0.9774005600000013
1414,2018-10-03 08:20:00,8.1603194972,10/3/2018,08:20:00 am,0,7.635,9.1383,0.9779805027999995
1415,2018-10-03 08:30:00,8.160543835599999,10/3/2018,08:30:00 am,0,7.634,9.1386,0.9780561644000016
1416,2018-10-03 08:40:00,8.1611556676,10/3/2018,08:40:00 am,0,7.634,9.14,0.9788443324000013
1417,2018-10-03 08:50:00,8.161930654799999,10/3/2018,08:50:00 am,0,7.634,9.1409,0.9789693452000012
1418,2018-10-03 09:00:00,8.1605234412,10/3/2018,09:00:00 am,0,7.634,9.1402,0.9796765587999996
1419,2018-10-03 09:10:00,8.160768174,10/3/2018,09:10:00 am,0,7.634,9.1404,0.9796318260000003
1420,2018-10-03 09:20:00,8.161798091199998,10/3/2018,09:20:00 am,0,7.634,9.1404,0.9786019088000018
1421,2018-10-03 09:30:00,8.1614921752,10/3/2018,09:30:00 am,0,7.634,9.14,0.9785078248000012
1422,2018-10-03 09:40:00,8.1603296944,10/3/2018,09:40:00 am,0,7.634,9.1398,0.9794703055999996
1423,2018-10-03 09:50:00,8.161481978,10/3/2018,09:50:00 am,0,7.634,9.1397,0.9782180220000001
1424,2018-10-03 10:00:00,8.161369808799998,10/3/2018,10:00:00 am,0,7.634,9.1399,0.9785301912000026
1425,2018-10-03 10:10:00,8.1606763992,10/3/2018,10:10:00 am,0,7.634,9.1394,0.9787236008000004
1426,2018-10-03 10:20:00,8.160227722399998,10/3/2018,10:20:00 am,0,7.634,9.1394,0.9791722776000018
1427,2018-10-03 10:30:00,8.1595139184,10/3/2018,10:30:00 am,0,7.634,9.1385,0.9789860816000004
1428,2018-10-03 10:40:00,8.1583412404,10/3/2018,10:40:00 am,0,7.634,9.1375,0.9791587595999989
1429,2018-10-03 10:50:00,8.1583922264,10/3/2018,10:50:00 am,0,7.634,9.1377,0.9793077736000004
1430,2018-10-03 11:00:00,8.1574642812,10/3/2018,11:00:00 am,0,7.633,9.1367,0.9792357188
1431,2018-10-03 11:10:00,8.157974141199999,10/3/2018,11:10:00 am,0,7.633,9.1365,0.9785258588000012
1432,2018-10-03 11:20:00,8.1587593256,10/3/2018,11:20:00 am,0,7.633,9.1371,0.9783406744
1433,2018-10-03 11:30:00,8.1573623092,10/3/2018,11:30:00 am,0,7.633,9.136,0.9786376907999994
1434,2018-10-03 11:40:00,8.1552208972,10/3/2018,11:40:00 am,0,7.633,9.1342,0.9789791028000003
1435,2018-10-03 11:50:00,8.154660051199999,10/3/2018,11:50:00 am,0,7.633,9.1325,0.9778399488000016
1436,2018-10-03 12:00:00,8.15419098,10/3/2018,12:00:00 pm,0,7.633,9.1316,0.9774090200000014
1437,2018-10-03 12:10:00,8.153517964799999,10/3/2018,12:10:00 pm,0,7.633,9.1303,0.9767820352000012
1438,2018-10-03 12:20:00,8.1530590908,10/3/2018,12:20:00 pm,0,7.633,9.1292,0.9761409092000015
1439,2018-10-03 12:30:00,8.1515804968,10/3/2018,12:30:00 pm,0,7.633,9.1278,0.9762195032000012
1440,2018-10-03 12:40:00,8.151294975199999,10/3/2018,12:40:00 pm,0,7.633,9.1272,0.9759050248000012
1441,2018-10-03 12:50:00,8.1503058468,10/3/2018,12:50:00 pm,0,7.633,9.1267,0.9763941531999993
1442,2018-10-03 13:00:00,8.1475016168,10/3/2018,01:00:00 pm,0,7.633,9.1245,0.9769983831999998
1443,2018-10-03 13:10:00,8.1462779528,10/3/2018,01:10:00 pm,0,7.633,9.1228,0.9765220471999996
1444,2018-10-03 13:20:00,8.1453398104,10/3/2018,01:20:00 pm,0,7.633,9.1216,0.9762601896000014
1445,2018-10-03 13:30:00,8.1476035888,10/3/2018,01:30:00 pm,0,7.632,9.1217,0.9740964112000015
1446,2018-10-03 13:40:00,8.15699521,10/3/2018,01:40:00 pm,0,7.633,9.1297,0.9727047899999999
1447,2018-10-03 13:50:00,8.157607042,10/3/2018,01:50:00 pm,0,7.633,9.1387,0.9810929579999996
1448,2018-10-03 14:00:00,8.1531916544,10/3/2018,02:00:00 pm,0,7.633,9.1421,0.9889083455999987
1449,2018-10-03 14:10:00,8.153273232,10/3/2018,02:10:00 pm,0,7.632,9.1455,0.9922267680000001
1450,2018-10-03 14:20:00,8.151692665999999,10/3/2018,02:20:00 pm,0,7.632,9.1456,0.9939073340000011
1451,2018-10-03 14:30:00,8.1499183532,10/3/2018,02:30:00 pm,0,7.633,9.1452,0.9952816468000005
1452,2018-10-03 14:40:00,8.148766069599999,10/3/2018,02:40:00 pm,0,7.632,9.1455,0.9967339304000014
1453,2018-10-03 14:50:00,8.1486233088,10/3/2018,02:50:00 pm,0,7.633,9.145,0.9963766912
1454,2018-10-03 15:00:00,8.148429562,10/3/2018,03:00:00 pm,0,7.633,9.1451,0.9966704379999989
1455,2018-10-03 15:10:00,8.14679801,10/3/2018,03:10:00 pm,0,7.632,9.1445,0.9977019900000013
1456,2018-10-03 15:20:00,8.1460740088,10/3/2018,03:20:00 pm,0,7.632,9.1432,0.9971259912000008
1457,2018-10-03 15:30:00,8.1451460636,10/3/2018,03:30:00 pm,0,7.633,9.1421,0.9969539363999989
1458,2018-10-03 15:40:00,8.145451979599999,10/3/2018,03:40:00 pm,0,7.632,9.1422,0.9967480204000019
1459,2018-10-03 15:50:00,8.145125669199999,10/3/2018,03:50:00 pm,0,7.632,9.1431,0.9979743308000018
1460,2018-10-03 16:00:00,8.1452378384,10/3/2018,04:00:00 pm,0,7.632,9.1419,0.9966621615999998
1461,2018-10-03 16:10:00,8.1458904592,10/3/2018,04:10:00 pm,0,7.632,9.1415,0.9956095408000003
1462,2018-10-03 16:20:00,8.146696037999998,10/3/2018,04:20:00 pm,0,7.633,9.142,0.9953039620000013
1463,2018-10-03 16:30:00,8.1464513052,10/3/2018,04:30:00 pm,0,7.632,9.1415,0.9950486948000012
1464,2018-10-03 16:40:00,8.1463595304,10/3/2018,04:40:00 pm,0,7.632,9.1415,0.9951404696000008
1465,2018-10-03 16:50:00,8.146930573599999,10/3/2018,04:50:00 pm,0,7.632,9.141,0.9940694264000012
1466,2018-10-03 17:00:00,8.1468591932,10/3/2018,05:00:00 pm,0,7.632,9.1407,0.9938408068000015
1467,2018-10-03 17:10:00,8.1471651092,10/3/2018,05:10:00 pm,0,7.632,9.1408,0.993634890800001
1468,2018-10-03 17:20:00,8.14807266,10/3/2018,05:20:00 pm,0,7.632,9.1423,0.9942273400000001
1469,2018-10-03 17:30:00,8.1471855036,10/3/2018,05:30:00 pm,0,7.632,9.1423,0.9951144964000012
1470,2018-10-03 17:40:00,8.148735477999999,10/3/2018,05:40:00 pm,0,7.632,9.1441,0.9953645220000009
1471,2018-10-03 17:50:00,8.1485009424,10/3/2018,05:50:00 pm,0,7.632,9.1443,0.9957990575999993
1472,2018-10-03 18:00:00,8.1485417312,10/3/2018,06:00:00 pm,0,7.632,9.1439,0.9953582688000004
1473,2018-10-03 18:10:00,8.1485417312,10/3/2018,06:10:00 pm,0,7.632,9.1434,0.9948582687999998
1474,2018-10-03 18:20:00,8.1480828572,10/3/2018,06:20:00 pm,0,7.632,9.1428,0.994717142799999
1475,2018-10-03 18:30:00,8.148011476799999,10/3/2018,06:30:00 pm,0,7.632,9.1418,0.993788523200001
1476,2018-10-03 18:40:00,8.148460153599999,10/3/2018,06:40:00 pm,0,7.632,9.1419,0.9934398464000012
1477,2018-10-03 18:50:00,8.148123646,10/3/2018,06:50:00 pm,0,7.632,9.1411,0.9929763539999996
1478,2018-10-03 19:00:00,8.148796661199999,10/3/2018,07:00:00 pm,0,7.632,9.1411,0.9923033388000011
1479,2018-10-03 19:10:00,8.148847647199998,10/3/2018,07:10:00 pm,0,7.632,9.1407,0.9918523528000023
1480,2018-10-03 19:20:00,8.1492555352,10/3/2018,07:20:00 pm,0,7.632,9.1408,0.9915444648000005
1481,2018-10-03 19:30:00,8.148715083599999,10/3/2018,07:30:00 pm,0,7.632,9.1396,0.9908849164000006
1482,2018-10-03 19:40:00,8.148806858399999,10/3/2018,07:40:00 pm,0,7.632,9.1391,0.9902931416000005
1483,2018-10-03 19:50:00,8.148796661199999,10/3/2018,07:50:00 pm,0,7.631,9.1386,0.9898033388000016
1484,2018-10-03 20:00:00,8.1482969984,10/3/2018,08:00:00 pm,0,7.632,9.1378,0.989503001600001
1485,2018-10-03 20:10:00,8.1488986332,10/3/2018,08:10:00 pm,0,7.632,9.1381,0.9892013667999997
1486,2018-10-03 20:20:00,8.1489190276,10/3/2018,08:20:00 pm,0,7.632,9.1381,0.9891809723999998
1487,2018-10-03 20:30:00,8.1493371128,10/3/2018,08:30:00 pm,0,7.632,9.1382,0.9888628871999998
1488,2018-10-03 20:40:00,8.150265058,10/3/2018,08:40:00 pm,0,7.631,9.139,0.9887349419999989
1489,2018-10-03 20:50:00,8.1504791992,10/3/2018,08:50:00 pm,0,7.632,9.1387,0.9882208008000006
1490,2018-10-03 21:00:00,8.149897958799999,10/3/2018,09:00:00 pm,0,7.632,9.1382,0.9883020412000008
1491,2018-10-03 21:10:00,8.1504282132,10/3/2018,09:10:00 pm,0,7.632,9.1378,0.9873717868000007
1492,2018-10-03 21:20:00,8.1507443264,10/3/2018,09:20:00 pm,0,7.632,9.1383,0.9875556735999993
1493,2018-10-03 21:30:00,8.150418016,10/3/2018,09:30:00 pm,0,7.632,9.1383,0.9878819839999995
1494,2018-10-03 21:40:00,8.1500815084,10/3/2018,09:40:00 pm,0,7.631,9.1371,0.9870184916000007
1495,2018-10-03 21:50:00,8.149541056799999,10/3/2018,09:50:00 pm,0,7.632,9.1367,0.9871589432000007
1496,2018-10-03 22:00:00,8.14960224,10/3/2018,10:00:00 pm,0,7.632,9.1361,0.9864977600000007
1497,2018-10-03 22:10:00,8.149969339199998,10/3/2018,10:10:00 pm,0,7.632,9.1365,0.9865306608000015
1498,2018-10-03 22:20:00,8.149704212,10/3/2018,10:20:00 pm,0,7.632,9.1365,0.9867957880000002
1499,2018-10-03 22:30:00,8.1496838176,10/3/2018,10:30:00 pm,0,7.631,9.136,0.9863161823999995
1500,2018-10-03 22:40:00,8.14858252,10/3/2018,10:40:00 pm,0,7.632,9.1347,0.9861174800000008
1501,2018-10-03 22:50:00,8.14858252,10/3/2018,10:50:00 pm,0,7.632,9.1343,0.9857174799999999
1502,2018-10-03 23:00:00,8.148715083599999,10/3/2018,11:00:00 pm,0,7.632,9.1341,0.985384916400001
1503,2018-10-03 23:10:00,8.147991082399999,10/3/2018,11:10:00 pm,0,7.631,9.1336,0.9856089176000005
1504,2018-10-03 23:20:00,8.148990408,10/3/2018,11:20:00 pm,0,7.632,9.1341,0.9851095920000006
1505,2018-10-03 23:30:00,8.148735477999999,10/3/2018,11:30:00 pm,0,7.632,9.1341,0.9853645220000011
1506,2018-10-03 23:40:00,8.1489190276,10/3/2018,11:40:00 pm,0,7.631,9.1343,0.9853809723999998
1507,2018-10-03 23:50:00,8.148429562,10/3/2018,11:50:00 pm,0,7.632,9.1341,0.9856704379999996
1508,2018-10-04 00:00:00,8.147358855999999,10/4/2018,12:00:00 am,0,7.632,9.1327,0.9853411440000013
1509,2018-10-04 00:10:00,8.1475220112,10/4/2018,12:10:00 am,0,7.632,9.1324,0.984877988800001
1510,2018-10-04 00:20:00,8.147277278399999,10/4/2018,12:20:00 am,0,7.632,9.1323,0.9850227216000018
1511,2018-10-04 00:30:00,8.14603322,10/4/2018,12:30:00 am,0,7.632,9.1311,0.9850667800000004
1512,2018-10-04 00:40:00,8.145482571199999,10/4/2018,12:40:00 am,0,7.632,9.1304,0.9849174288000011
1513,2018-10-04 00:50:00,8.145839473199999,10/4/2018,12:50:00 am,0,7.632,9.131,0.9851605268000014
1514,2018-10-04 01:00:00,8.1453398104,10/4/2018,01:00:00 am,0,7.632,9.1304,0.9850601896000004
1515,2018-10-04 01:10:00,8.145431585199999,10/4/2018,01:10:00 am,0,7.631,9.1303,0.9848684148000011
1516,2018-10-04 01:20:00,8.145604937599998,10/4/2018,01:20:00 am,0,7.631,9.1302,0.9845950624000022
1517,2018-10-04 01:30:00,8.1453805992,10/4/2018,01:30:00 am,0,7.632,9.1302,0.9848194008000011
1518,2018-10-04 01:40:00,8.1448503448,10/4/2018,01:40:00 am,0,7.632,9.1294,0.9845496552000004
1519,2018-10-04 01:50:00,8.14424871,10/4/2018,01:50:00 am,0,7.632,9.1292,0.9849512900000015
1520,2018-10-04 02:00:00,8.1437184556,10/4/2018,02:00:00 am,0,7.632,9.1282,0.9844815443999995
1521,2018-10-04 02:10:00,8.144320090399999,10/4/2018,02:10:00 am,0,7.632,9.1292,0.9848799096000018
1522,2018-10-04 02:20:00,8.1437796388,10/4/2018,02:20:00 am,0,7.632,9.1282,0.9844203611999998
1523,2018-10-04 02:30:00,8.1432391872,10/4/2018,02:30:00 am,0,7.632,9.1275,0.9842608127999988
1524,2018-10-04 02:40:00,8.1435451032,10/4/2018,02:40:00 am,0,7.632,9.1276,0.9840548968
1525,2018-10-04 02:50:00,8.1431372152,10/4/2018,02:50:00 am,0,7.631,9.1272,0.9840627848000008
1526,2018-10-04 03:00:00,8.142504988799999,10/4/2018,03:00:00 am,0,7.632,9.1267,0.9841950112000006
1527,2018-10-04 03:10:00,8.1416178324,10/4/2018,03:10:00 am,0,7.632,9.1257,0.9840821676000004
1528,2018-10-04 03:20:00,8.140802056399998,10/4/2018,03:20:00 am,0,7.632,9.1253,0.984497943600001
1529,2018-10-04 03:30:00,8.140343182399999,10/4/2018,03:30:00 am,0,7.632,9.1245,0.9841568176000006
1530,2018-10-04 03:40:00,8.140118844,10/4/2018,03:40:00 am,0,7.632,9.1238,0.9836811559999994
1531,2018-10-04 03:50:00,8.1403533796,10/4/2018,03:50:00 am,0,7.632,9.1245,0.9841466203999989
1532,2018-10-04 04:00:00,8.1402310132,10/4/2018,04:00:00 am,0,7.632,9.1244,0.9841689868000003
1533,2018-10-04 04:10:00,8.1400576608,10/4/2018,04:10:00 am,0,7.632,9.1241,0.9840423392000002
1534,2018-10-04 04:20:00,8.139721153199998,10/4/2018,04:20:00 am,0,7.632,9.1238,0.984078846800001
1535,2018-10-04 04:30:00,8.139303068,10/4/2018,04:30:00 am,0,7.632,9.1236,0.9842969319999995
1536,2018-10-04 04:40:00,8.1390073492,10/4/2018,04:40:00 am,0,7.632,9.1232,0.9841926508000007
1537,2018-10-04 04:50:00,8.1386504472,10/4/2018,04:50:00 am,0,7.632,9.1226,0.9839495528000004
1538,2018-10-04 05:00:00,8.1393744484,10/4/2018,05:00:00 am,0,7.632,9.123,0.9836255515999994
1539,2018-10-04 05:10:00,8.1393438568,10/4/2018,05:10:00 am,0,7.632,9.1232,0.9838561432000006
1540,2018-10-04 05:20:00,8.1391603072,10/4/2018,05:20:00 am,0,7.632,9.1233,0.9841396928000012
1541,2018-10-04 05:30:00,8.1397517448,10/4/2018,05:30:00 am,0,7.632,9.1242,0.9844482552000002
1542,2018-10-04 05:40:00,8.139710955999998,10/4/2018,05:40:00 am,0,7.632,9.125,0.9852890440000017
1543,2018-10-04 05:50:00,8.140302393599999,10/4/2018,05:50:00 am,0,7.632,9.1258,0.985497606400001
1544,2018-10-04 06:00:00,8.14093462,10/4/2018,06:00:00 am,0,7.632,9.1264,0.9854653800000008
1545,2018-10-04 06:10:00,8.140812253599998,10/4/2018,06:10:00 am,0,7.632,9.1266,0.9857877464000016
1546,2018-10-04 06:20:00,8.1405675208,10/4/2018,06:20:00 am,0,7.632,9.1265,0.9859324792000006
1547,2018-10-04 06:30:00,8.141138564,10/4/2018,06:30:00 am,0,7.632,9.1266,0.9854614359999996
1548,2018-10-04 06:40:00,8.140771464799998,10/4/2018,06:40:00 am,0,7.632,9.1262,0.9854285352000023
1549,2018-10-04 06:50:00,8.1409958032,10/4/2018,06:50:00 am,0,7.632,9.1266,0.9856041968000007
1550,2018-10-04 07:00:00,8.1410569864,10/4/2018,07:00:00 am,0,7.632,9.1261,0.9850430135999986
1551,2018-10-04 07:10:00,8.141373099599999,10/4/2018,07:10:00 am,0,7.632,9.1259,0.9845269004000006
1552,2018-10-04 07:20:00,8.1427395244,10/4/2018,07:20:00 am,0,7.632,9.1273,0.9845604756000004
1553,2018-10-04 07:30:00,8.1437184556,10/4/2018,07:30:00 am,0,7.632,9.1281,0.9843815443999997
1554,2018-10-04 07:40:00,8.14450364,10/4/2018,07:40:00 am,0,7.632,9.129,0.9844963599999996
1555,2018-10-04 07:50:00,8.1437082584,10/4/2018,07:50:00 am,0,7.632,9.1281,0.9843917415999996
1556,2018-10-04 08:00:00,8.1436266808,10/4/2018,08:00:00 am,0,7.632,9.1277,0.9840733192000002
1557,2018-10-04 08:10:00,8.144075357599998,10/4/2018,08:10:00 am,0,7.632,9.1285,0.9844246424000023
1558,2018-10-04 08:20:00,8.1447279784,10/4/2018,08:20:00 am,0,7.632,9.1285,0.9837720216000001
1559,2018-10-04 08:30:00,8.1460536144,10/4/2018,08:30:00 am,0,7.633,9.1295,0.9834463856000006
1560,2018-10-04 08:40:00,8.145482571199999,10/4/2018,08:40:00 am,0,7.632,9.1294,0.9839174288000017
1561,2018-10-04 08:50:00,8.1462065724,10/4/2018,08:50:00 am,0,7.632,9.1303,0.9840934275999995
1562,2018-10-04 09:00:00,8.1467776156,10/4/2018,09:00:00 am,0,7.632,9.1306,0.9838223843999998
1563,2018-10-04 09:10:00,8.147460828,10/4/2018,09:10:00 am,0,7.632,9.1306,0.9831391719999996
1564,2018-10-04 09:20:00,8.1462983472,10/4/2018,09:20:00 am,0,7.633,9.1304,0.9841016527999997
1565,2018-10-04 09:30:00,8.1482154208,10/4/2018,09:30:00 am,0,7.632,9.1316,0.9833845792000009
1566,2018-10-04 09:40:00,8.1487048864,10/4/2018,09:40:00 am,0,7.632,9.1328,0.9840951136000005
1567,2018-10-04 09:50:00,8.1482154208,10/4/2018,09:50:00 am,0,7.632,9.1332,0.9849845792000007
1568,2018-10-04 10:00:00,8.147511814,10/4/2018,10:00:00 am,0,7.632,9.1331,0.9855881860000011
1569,2018-10-04 10:10:00,8.147267081199999,10/4/2018,10:10:00 am,0,7.632,9.1338,0.9865329188000018
1570,2018-10-04 10:20:00,8.1478789132,10/4/2018,10:20:00 am,0,7.633,9.1347,0.9868210868000009
1571,2018-10-04 10:30:00,8.147012151199998,10/4/2018,10:30:00 am,0,7.633,9.1356,0.9885878488000017
1572,2018-10-04 10:40:00,8.1468387988,10/4/2018,10:40:00 am,0,7.632,9.1375,0.9906612012
1573,2018-10-04 10:50:00,8.1471753064,10/4/2018,10:50:00 am,0,7.632,9.1385,0.9913246936000011
1574,2018-10-04 11:00:00,8.1475628,10/4/2018,11:00:00 am,0,7.632,9.1399,0.9923372000000015
1575,2018-10-04 11:10:00,8.1471141232,10/4/2018,11:10:00 am,0,7.633,9.1405,0.9933858767999997
1576,2018-10-04 11:20:00,8.147052939999998,10/4/2018,11:20:00 am,0,7.632,9.1408,0.9937470600000022
1577,2018-10-04 11:30:00,8.146145389199999,10/4/2018,11:30:00 am,0,7.632,9.1405,0.9943546108000003
1578,2018-10-04 11:40:00,8.1467572212,10/4/2018,11:40:00 am,0,7.633,9.1402,0.9934427788000004
1579,2018-10-04 11:50:00,8.1477769412,10/4/2018,11:50:00 am,0,7.632,9.1409,0.9931230588000002
1580,2018-10-04 12:00:00,8.1490617884,10/4/2018,12:00:00 pm,0,7.633,9.1412,0.9921382116000004
1581,2018-10-04 12:10:00,8.1513969472,10/4/2018,12:10:00 pm,0,7.633,9.1424,0.9910030528
1582,2018-10-04 12:20:00,8.152100554,10/4/2018,12:20:00 pm,0,7.633,9.1433,0.9911994459999995
1583,2018-10-04 12:30:00,8.152783766399999,10/4/2018,12:30:00 pm,0,7.633,9.1439,0.9911162336000015
1584,2018-10-04 12:40:00,8.1543643324,10/4/2018,12:40:00 pm,0,7.633,9.1442,0.9898356675999995
1585,2018-10-04 12:50:00,8.1545886708,10/4/2018,12:50:00 pm,0,7.633,9.1448,0.9902113291999992
1586,2018-10-04 13:00:00,8.153161062799999,10/4/2018,01:00:00 pm,0,7.632,9.1448,0.9916389372000012
1587,2018-10-04 13:10:00,8.1534975704,10/4/2018,01:10:00 pm,0,7.633,9.1453,0.9918024295999999
1588,2018-10-04 13:20:00,8.1550271504,10/4/2018,01:20:00 pm,0,7.632,9.146,0.9909728496000003
1589,2018-10-04 13:30:00,8.154303149199999,10/4/2018,01:30:00 pm,0,7.633,9.1458,0.9914968508000008
1590,2018-10-04 13:40:00,8.154945572799999,10/4/2018,01:40:00 pm,0,7.633,9.145,0.9900544272000005
1591,2018-10-04 13:50:00,8.154272557599999,10/4/2018,01:50:00 pm,0,7.633,9.1451,0.9908274424000005
1592,2018-10-04 14:00:00,8.1545580792,10/4/2018,02:00:00 pm,0,7.633,9.1452,0.9906419208000017
1593,2018-10-04 14:10:00,8.153120273999999,10/4/2018,02:10:00 pm,0,7.633,9.1431,0.9899797260000014
1594,2018-10-04 14:20:00,8.153681119999998,10/4/2018,02:20:00 pm,0,7.632,9.1432,0.9895188800000021
1595,2018-10-04 14:30:00,8.1547824176,10/4/2018,02:30:00 pm,0,7.633,9.1436,0.9888175823999994
1596,2018-10-04 14:40:00,8.1530896824,10/4/2018,02:40:00 pm,0,7.632,9.1416,0.9885103176000012
1597,2018-10-04 14:50:00,8.152865343999999,10/4/2018,02:50:00 pm,0,7.633,9.1416,0.9887346560000019
1598,2018-10-04 15:00:00,8.1540788108,10/4/2018,03:00:00 pm,0,7.633,9.1417,0.9876211892000004
1599,2018-10-04 15:10:00,8.1545172904,10/4/2018,03:10:00 pm,0,7.633,9.1426,0.9880827096000004
1600,2018-10-04 15:20:00,8.1530896824,10/4/2018,03:20:00 pm,0,7.632,9.1408,0.9877103176000013
1601,2018-10-04 15:30:00,8.152049567999999,10/4/2018,03:30:00 pm,0,7.632,9.141,0.9889504320000011
1602,2018-10-04 15:40:00,8.1527021888,10/4/2018,03:40:00 pm,0,7.633,9.141,0.9882978112000007
1603,2018-10-04 15:50:00,8.1542827548,10/4/2018,03:50:00 pm,0,7.633,9.1418,0.9875172451999994
1604,2018-10-04 16:00:00,8.1553738552,10/4/2018,04:00:00 pm,0,7.633,9.1423,0.9869261448
1605,2018-10-04 16:10:00,8.155088333599998,10/4/2018,04:10:00 pm,0,7.633,9.1411,0.9860116664000014
1606,2018-10-04 16:20:00,8.1539258528,10/4/2018,04:20:00 pm,0,7.633,9.14,0.9860741472000001
1607,2018-10-04 16:30:00,8.1527225832,10/4/2018,04:30:00 pm,0,7.633,9.1384,0.9856774168000015
1608,2018-10-04 16:40:00,8.154731431599998,10/4/2018,04:40:00 pm,0,7.633,9.1395,0.9847685684000016
1609,2018-10-04 16:50:00,8.1547212344,10/4/2018,04:50:00 pm,0,7.632,9.1402,0.9854787655999999
1610,2018-10-04 17:00:00,8.155781743199999,10/4/2018,05:00:00 pm,0,7.633,9.1402,0.9844182568000015
1611,2018-10-04 17:10:00,8.1565975192,10/4/2018,05:10:00 pm,0,7.633,9.14,0.9834024808000006
1612,2018-10-04 17:20:00,8.1563425892,10/4/2018,05:20:00 pm,0,7.633,9.1403,0.9839574108000004
1613,2018-10-04 17:30:00,8.1562406172,10/4/2018,05:30:00 pm,0,7.633,9.14,0.9837593828000006
1614,2018-10-04 17:40:00,8.158331043199999,10/4/2018,05:40:00 pm,0,7.633,9.1415,0.9831689568000019
1615,2018-10-04 17:50:00,8.15903465,10/4/2018,05:50:00 pm,0,7.632,9.1424,0.9833653499999997
1616,2018-10-04 18:00:00,8.1607579768,10/4/2018,06:00:00 pm,0,7.633,9.1439,0.983142023200001
1617,2018-10-04 18:10:00,8.1621651904,10/4/2018,06:10:00 pm,0,7.633,9.1451,0.9829348095999997
1618,2018-10-04 18:20:00,8.161023104,10/4/2018,06:20:00 pm,0,7.632,9.144,0.9829768960000003
1619,2018-10-04 18:30:00,8.160492849599999,10/4/2018,06:30:00 pm,0,7.633,9.1435,0.9830071504000006
1620,2018-10-04 18:40:00,8.1625118952,10/4/2018,06:40:00 pm,0,7.633,9.1442,0.9816881047999999
1621,2018-10-04 18:50:00,8.1632766852,10/4/2018,06:50:00 pm,0,7.633,9.1454,0.9821233148000008
1622,2018-10-04 19:00:00,8.1634092488,10/4/2018,07:00:00 pm,0,7.633,9.1456,0.9821907511999992
1623,2018-10-04 19:10:00,8.1631747132,10/4/2018,07:10:00 pm,0,7.633,9.1457,0.9825252867999996
1624,2018-10-04 19:20:00,8.1631441216,10/4/2018,07:20:00 pm,0,7.632,9.1446,0.9814558784000003
1625,2018-10-04 19:30:00,8.163429643199999,10/4/2018,07:30:00 pm,0,7.633,9.1451,0.9816703568000005
1626,2018-10-04 19:40:00,8.165356914,10/4/2018,07:40:00 pm,0,7.632,9.1462,0.9808430860000001
1627,2018-10-04 19:50:00,8.1647858708,10/4/2018,07:50:00 pm,0,7.632,9.1462,0.9814141292000009
1628,2018-10-04 20:00:00,8.164745082,10/4/2018,08:00:00 pm,0,7.633,9.146,0.9812549180000012
1629,2018-10-04 20:10:00,8.1659381544,10/4/2018,08:10:00 pm,0,7.632,9.1472,0.9812618456000006
1630,2018-10-04 20:20:00,8.1659789432,10/4/2018,08:20:00 pm,0,7.632,9.1475,0.9815210568000001
1631,2018-10-04 20:30:00,8.1651325756,10/4/2018,08:30:00 pm,0,7.632,9.146,0.9808674244000013
1632,2018-10-04 20:40:00,8.1657953936,10/4/2018,08:40:00 pm,0,7.632,9.1474,0.9816046063999995
1633,2018-10-04 20:50:00,8.1659279572,10/4/2018,08:50:00 pm,0,7.632,9.1469,0.9809720428000013
1634,2018-10-04 21:00:00,8.1673759596,10/4/2018,09:00:00 pm,0,7.633,9.1483,0.9809240404000015
1635,2018-10-04 21:10:00,8.168181538399999,10/4/2018,09:10:00 pm,0,7.632,9.149,0.9808184616000002
1636,2018-10-04 21:20:00,8.1694255968,10/4/2018,09:20:00 pm,0,7.633,9.15,0.9805744032000003
1637,2018-10-04 21:30:00,8.1704759084,10/4/2018,09:30:00 pm,0,7.632,9.1513,0.9808240916000006
1638,2018-10-04 21:40:00,8.171883121999999,10/4/2018,09:40:00 pm,0,7.632,9.152,0.9801168780000005
1639,2018-10-04 21:50:00,8.1705982748,10/4/2018,09:50:00 pm,0,7.632,9.1515,0.9809017252000007
1640,2018-10-04 22:00:00,8.169333822,10/4/2018,10:00:00 pm,0,7.632,9.15,0.9806661779999999
1641,2018-10-04 22:10:00,8.1721788408,10/4/2018,10:10:00 pm,0,7.632,9.1522,0.9800211592000014
1642,2018-10-04 22:20:00,8.173290335599999,10/4/2018,10:20:00 pm,0,7.633,9.1529,0.9796096644000016
1643,2018-10-04 22:30:00,8.1730150112,10/4/2018,10:30:00 pm,0,7.632,9.1533,0.9802849887999994
1644,2018-10-04 22:40:00,8.1739531536,10/4/2018,10:40:00 pm,0,7.633,9.1545,0.9805468464000011
1645,2018-10-04 22:50:00,8.174177492,10/4/2018,10:50:00 pm,0,7.632,9.1546,0.9804225080000002
1646,2018-10-04 23:00:00,8.1748810988,10/4/2018,11:00:00 pm,0,7.633,9.1546,0.9797189012
1647,2018-10-04 23:10:00,8.1764004816,10/4/2018,11:10:00 pm,0,7.632,9.1565,0.9800995183999994
1648,2018-10-04 23:20:00,8.1767879752,10/4/2018,11:20:00 pm,0,7.632,9.1568,0.9800120248000006
1649,2018-10-04 23:30:00,8.17713468,10/4/2018,11:30:00 pm,0,7.632,9.1569,0.9797653200000003
1650,2018-10-04 23:40:00,8.1774507932,10/4/2018,11:40:00 pm,0,7.632,9.1567,0.9792492068000005
1651,2018-10-04 23:50:00,8.177002116399999,10/4/2018,11:50:00 pm,0,7.632,9.1565,0.9794978836000006
1652,2018-10-05 00:00:00,8.1759721992,10/5/2018,12:00:00 am,0,7.632,9.1554,0.9794278007999999
1653,2018-10-05 00:10:00,8.1757784524,10/5/2018,12:10:00 am,0,7.632,9.1545,0.9787215476000011
1654,2018-10-05 00:20:00,8.1760537768,10/5/2018,12:20:00 am,0,7.632,9.1551,0.9790462231999992
1655,2018-10-05 00:30:00,8.176165946,10/5/2018,12:30:00 am,0,7.632,9.1553,0.9791340540000011
1656,2018-10-05 00:40:00,8.175992593599998,10/5/2018,12:40:00 am,0,7.632,9.1552,0.9792074064000023
1657,2018-10-05 00:50:00,8.177348821199999,10/5/2018,12:50:00 am,0,7.632,9.156,0.9786511788000016
1658,2018-10-05 01:00:00,8.1772468492,10/5/2018,01:00:00 am,0,7.632,9.156,0.9787531508000011
1659,2018-10-05 01:10:00,8.17789947,10/5/2018,01:10:00 am,0,7.632,9.1564,0.9785005299999998
1660,2018-10-05 01:20:00,8.178480710399999,10/5/2018,01:20:00 am,0,7.632,9.1568,0.9783192896000017
1661,2018-10-05 01:30:00,8.1786846544,10/5/2018,01:30:00 am,0,7.632,9.1571,0.9784153456000002
1662,2018-10-05 01:40:00,8.179918515599999,10/5/2018,01:40:00 am,0,7.631,9.1582,0.9782814844000018
1663,2018-10-05 01:50:00,8.180642516799999,10/5/2018,01:50:00 am,0,7.631,9.1591,0.9784574832000015
1664,2018-10-05 02:00:00,8.1805813336,10/5/2018,02:00:00 am,0,7.632,9.159,0.9784186664000014
1665,2018-10-05 02:10:00,8.1807750804,10/5/2018,02:10:00 am,0,7.632,9.1587,0.9779249195999995
1666,2018-10-05 02:20:00,8.179887923999999,10/5/2018,02:20:00 am,0,7.631,9.158,0.9781120760000004
1667,2018-10-05 02:30:00,8.1802142344,10/5/2018,02:30:00 am,0,7.631,9.1581,0.9778857656
1668,2018-10-05 02:40:00,8.1805915308,10/5/2018,02:40:00 am,0,7.631,9.1585,0.9779084692000009
1669,2018-10-05 02:50:00,8.180295812,10/5/2018,02:50:00 am,0,7.631,9.1584,0.9781041879999997
1670,2018-10-05 03:00:00,8.1800612764,10/5/2018,03:00:00 am,0,7.631,9.1581,0.9780387235999992
1671,2018-10-05 03:10:00,8.1798165436,10/5/2018,03:10:00 am,0,7.631,9.1579,0.9780834564000003
1672,2018-10-05 03:20:00,8.179306683599998,10/5/2018,03:20:00 am,0,7.631,9.1572,0.9778933164000012
1673,2018-10-05 03:30:00,8.179174119999999,10/5/2018,03:30:00 am,0,7.631,9.1569,0.9777258800000013
1674,2018-10-05 03:40:00,8.178358344,10/5/2018,03:40:00 am,0,7.631,9.1562,0.9778416560000007
1675,2018-10-05 03:50:00,8.179327078,10/5/2018,03:50:00 am,0,7.631,9.1566,0.9772729219999992
1676,2018-10-05 04:00:00,8.1786948516,10/5/2018,04:00:00 am,0,7.63,9.1562,0.9775051484000006
1677,2018-10-05 04:10:00,8.1788987956,10/5/2018,04:10:00 am,0,7.631,9.1564,0.9775012043999993
1678,2018-10-05 04:20:00,8.1798165436,10/5/2018,04:20:00 am,0,7.631,9.1575,0.9776834564000012
1679,2018-10-05 04:30:00,8.180132656799998,10/5/2018,04:30:00 am,0,7.631,9.1576,0.9774673432000025
1680,2018-10-05 04:40:00,8.181182968399998,10/5/2018,04:40:00 am,0,7.631,9.1588,0.9776170316000012
1681,2018-10-05 04:50:00,8.1814786872,10/5/2018,04:50:00 am,0,7.63,9.1586,0.9771213127999996
1682,2018-10-05 05:00:00,8.1816316452,10/5/2018,05:00:00 am,0,7.631,9.1593,0.9776683548000005
1683,2018-10-05 05:10:00,8.1816622368,10/5/2018,05:10:00 am,0,7.63,9.1595,0.9778377632000002
1684,2018-10-05 05:20:00,8.1819375612,10/5/2018,05:20:00 am,0,7.63,9.1597,0.977762438800001
1685,2018-10-05 05:30:00,8.182539195999999,10/5/2018,05:30:00 am,0,7.63,9.1594,0.9768608040000011
1686,2018-10-05 05:40:00,8.182906295199999,10/5/2018,05:40:00 am,0,7.63,9.1601,0.9771937048000012
1687,2018-10-05 05:50:00,8.1836200992,10/5/2018,05:50:00 am,0,7.63,9.1603,0.9766799007999989
1688,2018-10-05 06:00:00,8.183946409599999,10/5/2018,06:00:00 am,0,7.63,9.1611,0.9771535904000004
1689,2018-10-05 06:10:00,8.184629622,10/5/2018,06:10:00 am,0,7.63,9.1615,0.976870378000001
1690,2018-10-05 06:20:00,8.185027312799999,10/5/2018,06:20:00 am,0,7.63,9.1618,0.9767726872000004
1691,2018-10-05 06:30:00,8.1857309196,10/5/2018,06:30:00 am,0,7.63,9.1628,0.9770690804000015
1692,2018-10-05 06:40:00,8.186250976799998,10/5/2018,06:40:00 am,0,7.63,9.1635,0.9772490232000024
1693,2018-10-05 06:50:00,8.1868016256,10/5/2018,06:50:00 am,0,7.629,9.1638,0.9769983744000008
1694,2018-10-05 07:00:00,8.187291091199999,10/5/2018,07:00:00 am,0,7.63,9.1645,0.9772089088000016
1695,2018-10-05 07:10:00,8.188790079599999,10/5/2018,07:10:00 am,0,7.63,9.1658,0.9770099204000022
1696,2018-10-05 07:20:00,8.1894630948,10/5/2018,07:20:00 am,0,7.629,9.1666,0.9771369052000001
1697,2018-10-05 07:30:00,8.189921968799998,10/5/2018,07:30:00 am,0,7.63,9.1671,0.9771780312000011
1698,2018-10-05 07:40:00,8.190533800799999,10/5/2018,07:40:00 am,0,7.629,9.1679,0.9773661992000005
1699,2018-10-05 07:50:00,8.1901259128,10/5/2018,07:50:00 am,0,7.629,9.1683,0.9781740872000011
1700,2018-10-05 08:00:00,8.1905643924,10/5/2018,08:00:00 am,0,7.629,9.1687,0.9781356075999987
1701,2018-10-05 08:10:00,8.1906357728,10/5/2018,08:10:00 am,0,7.629,9.1692,0.9785642271999997
1702,2018-10-05 08:20:00,8.190696955999998,10/5/2018,08:20:00 am,0,7.629,9.1693,0.9786030440000015
1703,2018-10-05 08:30:00,8.190870308400001,10/5/2018,08:30:00 am,0,7.629,9.1691,0.9782296915999993
1704,2018-10-05 08:40:00,8.1907071532,10/5/2018,08:40:00 am,0,7.629,9.1698,0.9790928468000004
1705,2018-10-05 08:50:00,8.1907581392,10/5/2018,08:50:00 am,0,7.628,9.1698,0.9790418608000007
1706,2018-10-05 09:00:00,8.1904216316,10/5/2018,09:00:00 am,0,7.628,9.1713,0.9808783684000009
1707,2018-10-05 09:10:00,8.1886371216,10/5/2018,09:10:00 am,0,7.628,9.1704,0.9817628784000014
1708,2018-10-05 09:20:00,8.191002871999999,10/5/2018,09:20:00 am,0,7.628,9.171,0.9799971280000008
1709,2018-10-05 09:30:00,8.191635098399999,10/5/2018,09:30:00 am,0,7.628,9.1713,0.9796649016000014
1710,2018-10-05 09:40:00,8.191359773999999,10/5/2018,09:40:00 am,0,7.628,9.1711,0.9797402260000005
1711,2018-10-05 09:50:00,8.188433177599999,10/5/2018,09:50:00 am,0,7.628,9.1711,0.9826668224000006
1712,2018-10-05 10:00:00,8.187229907999999,10/5/2018,10:00:00 am,0,7.628,9.1699,0.9826700920000011
1713,2018-10-05 10:10:00,8.188351599999999,10/5/2018,10:10:00 am,0,7.628,9.169,0.9806484000000015
1714,2018-10-05 10:20:00,8.188004895199999,10/5/2018,10:20:00 am,0,7.628,9.1688,0.9807951048000003
1715,2018-10-05 10:30:00,8.187647993199999,10/5/2018,10:30:00 am,0,7.628,9.1689,0.9812520068000019
1716,2018-10-05 10:40:00,8.1865772872,10/5/2018,10:40:00 am,0,7.627,9.1675,0.9809227128
1717,2018-10-05 10:50:00,8.1838036488,10/5/2018,10:50:00 am,0,7.627,9.166,0.9821963512000007
1718,2018-10-05 11:00:00,8.1820089416,10/5/2018,11:00:00 am,0,7.627,9.1663,0.9842910584000002
1719,2018-10-05 11:10:00,8.1833855636,10/5/2018,11:10:00 am,0,7.627,9.1659,0.9825144364000007
1720,2018-10-05 11:20:00,8.1829878728,10/5/2018,11:20:00 am,0,7.628,9.1646,0.9816121272
1721,2018-10-05 11:30:00,8.1822638716,10/5/2018,11:30:00 am,0,7.627,9.164,0.9817361283999997
1722,2018-10-05 11:40:00,8.1817438144,10/5/2018,11:40:00 am,0,7.627,9.1633,0.9815561855999988
1723,2018-10-05 11:50:00,8.1804793616,10/5/2018,11:50:00 am,0,7.627,9.1625,0.9820206383999999
1724,2018-10-05 12:00:00,8.1816928284,10/5/2018,12:00:00 pm,0,7.627,9.1626,0.9809071716000002
1725,2018-10-05 12:10:00,8.1827329428,10/5/2018,12:10:00 pm,0,7.626,9.1636,0.9808670572000011
1726,2018-10-05 12:20:00,8.1803875868,10/5/2018,12:20:00 pm,0,7.626,9.1628,0.9824124132000005
1727,2018-10-05 12:30:00,8.1754419448,10/5/2018,12:30:00 pm,0,7.626,9.161,0.9855580552000003
1728,2018-10-05 12:40:00,8.1776037512,10/5/2018,12:40:00 pm,0,7.626,9.1609,0.9832962488000003
1729,2018-10-05 12:50:00,8.1812849404,10/5/2018,12:50:00 pm,0,7.626,9.1593,0.9780150596000006
1730,2018-10-05 13:00:00,8.1818151948,10/5/2018,01:00:00 pm,0,7.626,9.1606,0.9787848052000001
1731,2018-10-05 13:10:00,8.179571810799999,10/5/2018,01:10:00 pm,0,7.626,9.1583,0.9787281892000017
1732,2018-10-05 13:20:00,8.1782971608,10/5/2018,01:20:00 pm,0,7.626,9.1576,0.9793028392000007
1733,2018-10-05 13:30:00,8.1764922564,10/5/2018,01:30:00 pm,0,7.626,9.157,0.9805077436000005
1734,2018-10-05 13:40:00,8.176237326399999,10/5/2018,01:40:00 pm,0,7.626,9.1552,0.9789626736000017
1735,2018-10-05 13:50:00,8.1752787896,10/5/2018,01:50:00 pm,0,7.626,9.1541,0.9788212103999996
1736,2018-10-05 14:00:00,8.175533719599999,10/5/2018,02:00:00 pm,0,7.625,9.1535,0.9779662804000004
1737,2018-10-05 14:10:00,8.174228478,10/5/2018,02:10:00 pm,0,7.625,9.1514,0.9771715220000008
1738,2018-10-05 14:20:00,8.1727702784,10/5/2018,02:20:00 pm,0,7.625,9.1507,0.9779297216000007
1739,2018-10-05 14:30:00,8.173626843200001,10/5/2018,02:30:00 pm,0,7.625,9.1515,0.9778731567999994
1740,2018-10-05 14:40:00,8.171169318,10/5/2018,02:40:00 pm,0,7.625,9.1495,0.9783306819999993
1741,2018-10-05 14:50:00,8.170149598,10/5/2018,02:50:00 pm,0,7.625,9.1476,0.9774504020000006
1742,2018-10-05 15:00:00,8.169792695999998,10/5/2018,03:00:00 pm,0,7.625,9.1478,0.9780073040000019
1743,2018-10-05 15:10:00,8.1709041908,10/5/2018,03:10:00 pm,0,7.624,9.1479,0.9769958092
1744,2018-10-05 15:20:00,8.17101636,10/5/2018,03:20:00 pm,0,7.624,9.1476,0.9765836400000012
1745,2018-10-05 15:30:00,8.1724847568,10/5/2018,03:30:00 pm,0,7.624,9.1488,0.9763152432000002
1746,2018-10-05 15:40:00,8.173626843200001,10/5/2018,03:40:00 pm,0,7.624,9.1497,0.9760731567999983
1747,2018-10-05 15:50:00,8.1735452656,10/5/2018,03:50:00 pm,0,7.624,9.1491,0.9755547344000011
1748,2018-10-05 16:00:00,8.173341321599999,10/5/2018,04:00:00 pm,0,7.624,9.1496,0.9762586784000007
1749,2018-10-05 16:10:00,8.173453490799998,10/5/2018,04:10:00 pm,0,7.624,9.1501,0.9766465092000018
1750,2018-10-05 16:20:00,8.1728416588,10/5/2018,04:20:00 pm,0,7.624,9.15,0.9771583412000009
1751,2018-10-05 16:30:00,8.1705778804,10/5/2018,04:30:00 pm,0,7.623,9.1477,0.9771221196000006
1752,2018-10-05 16:40:00,8.1691400752,10/5/2018,04:40:00 pm,0,7.623,9.1461,0.9769599248000009
1753,2018-10-05 16:50:00,8.1692420472,10/5/2018,04:50:00 pm,0,7.624,9.1454,0.9761579528000013
1754,2018-10-05 17:00:00,8.169364413599999,10/5/2018,05:00:00 pm,0,7.623,9.1454,0.9760355864000019
1755,2018-10-05 17:10:00,8.169364413599999,10/5/2018,05:10:00 pm,0,7.623,9.1452,0.9758355864000023
1756,2018-10-05 17:20:00,8.1684466656,10/5/2018,05:20:00 pm,0,7.623,9.1444,0.9759533343999998
1757,2018-10-05 17:30:00,8.167875622399999,10/5/2018,05:30:00 pm,0,7.623,9.1442,0.976324377600001
1758,2018-10-05 17:40:00,8.166906888399998,10/5/2018,05:40:00 pm,0,7.623,9.1439,0.9769931116000024
1759,2018-10-05 17:50:00,8.167141423999999,10/5/2018,05:50:00 pm,0,7.623,9.1437,0.9765585760000022
1760,2018-10-05 18:00:00,8.1671108324,10/5/2018,06:00:00 pm,0,7.623,9.1437,0.9765891676000003
1761,2018-10-05 18:10:00,8.1661522956,10/5/2018,06:10:00 pm,0,7.622,9.1426,0.9764477044
1762,2018-10-05 18:20:00,8.1660299292,10/5/2018,06:20:00 pm,0,7.622,9.1428,0.9767700707999989
1763,2018-10-05 18:30:00,8.165999337599999,10/5/2018,06:30:00 pm,0,7.622,9.1425,0.9765006624000012
1764,2018-10-05 18:40:00,8.16617269,10/5/2018,06:40:00 pm,0,7.622,9.1423,0.9761273100000007
1765,2018-10-05 18:50:00,8.165622041199999,10/5/2018,06:50:00 pm,0,7.622,9.1422,0.9765779588000019
1766,2018-10-05 19:00:00,8.1646329128,10/5/2018,07:00:00 pm,0,7.622,9.1414,0.9767670872000007
1767,2018-10-05 19:10:00,8.165652632799999,10/5/2018,07:10:00 pm,0,7.621,9.142,0.9763473672000007
1768,2018-10-05 19:20:00,8.165275336399999,10/5/2018,07:20:00 pm,0,7.622,9.1416,0.9763246636000016
1769,2018-10-05 19:30:00,8.16591776,10/5/2018,07:30:00 pm,0,7.621,9.1425,0.9765822400000008
1770,2018-10-05 19:40:00,8.1666009724,10/5/2018,07:40:00 pm,0,7.621,9.1438,0.9771990276000011
1771,2018-10-05 19:50:00,8.1656322384,10/5/2018,07:50:00 pm,0,7.621,9.1431,0.9774677615999998
1772,2018-10-05 20:00:00,8.166080915199998,10/5/2018,08:00:00 pm,0,7.621,9.1437,0.9776190848000024
1773,2018-10-05 20:10:00,8.165764802,10/5/2018,08:10:00 pm,0,7.621,9.1432,0.9774351980000002
1774,2018-10-05 20:20:00,8.1650204064,10/5/2018,08:20:00 pm,0,7.621,9.1424,0.9773795936000003
1775,2018-10-05 20:30:00,8.162960572,10/5/2018,08:30:00 pm,0,7.621,9.1412,0.9782394280000002
1776,2018-10-05 20:40:00,8.1625628812,10/5/2018,08:40:00 pm,0,7.62,9.1405,0.9779371187999999
1777,2018-10-05 20:50:00,8.162715839199999,10/5/2018,08:50:00 pm,0,7.62,9.1408,0.9780841608000017
1778,2018-10-05 21:00:00,8.1647144904,10/5/2018,09:00:00 pm,0,7.62,9.1424,0.9776855096000006
1779,2018-10-05 21:10:00,8.165356914,10/5/2018,09:10:00 pm,0,7.62,9.1426,0.9772430859999996
1780,2018-10-05 21:20:00,8.1644187716,10/5/2018,09:20:00 pm,0,7.62,9.1431,0.978681228400001
1781,2018-10-05 21:30:00,8.164204630399999,10/5/2018,09:30:00 pm,0,7.62,9.143,0.978795369600002
1782,2018-10-05 21:40:00,8.1648164624,10/5/2018,09:40:00 pm,0,7.62,9.143,0.9781835376000014
1783,2018-10-05 21:50:00,8.164796068,10/5/2018,09:50:00 pm,0,7.619,9.143,0.9782039320000013
1784,2018-10-05 22:00:00,8.1646227156,10/5/2018,10:00:00 pm,0,7.619,9.1432,0.9785772844
1785,2018-10-05 22:10:00,8.1662338732,10/5/2018,10:10:00 pm,0,7.619,9.1444,0.9781661267999997
1786,2018-10-05 22:20:00,8.1673657624,10/5/2018,10:20:00 pm,0,7.619,9.1462,0.978834237600001
1787,2018-10-05 22:30:00,8.1675799036,10/5/2018,10:30:00 pm,0,7.619,9.1463,0.9787200964
1788,2018-10-05 22:40:00,8.167141423999999,10/5/2018,10:40:00 pm,0,7.619,9.1464,0.9792585760000012
1789,2018-10-05 22:50:00,8.166702944399999,10/5/2018,10:50:00 pm,0,7.619,9.1468,0.9800970556000017
1790,2018-10-05 23:00:00,8.1664480144,10/5/2018,11:00:00 pm,0,7.619,9.149,0.9825519855999989
1791,2018-10-05 23:10:00,8.1647552792,10/5/2018,11:10:00 pm,0,7.619,9.1501,0.9853447208000006
1792,2018-10-05 23:20:00,8.1638375312,10/5/2018,11:20:00 pm,0,7.619,9.1517,0.9878624687999995
1793,2018-10-05 23:30:00,8.163388854399999,10/5/2018,11:30:00 pm,0,7.618,9.1528,0.9894111456000001
1794,2018-10-05 23:40:00,8.1614921752,10/5/2018,11:40:00 pm,0,7.618,9.1526,0.9911078248000003
1795,2018-10-05 23:50:00,8.1615023724,10/5/2018,11:50:00 pm,0,7.618,9.1526,0.9910976276000003
1796,2018-10-06 00:00:00,8.1607885684,10/6/2018,12:00:00 am,0,7.617,9.1522,0.9914114316000013
1797,2018-10-06 00:10:00,8.1604010748,10/6/2018,12:10:00 am,0,7.618,9.1523,0.991898925200001
1798,2018-10-06 00:20:00,8.1605234412,10/6/2018,12:20:00 am,0,7.617,9.1526,0.9920765587999991
1799,2018-10-06 00:30:00,8.1598708204,10/6/2018,12:30:00 am,0,7.617,9.1528,0.992929179599999
1800,2018-10-06 00:40:00,8.1589530724,10/6/2018,12:40:00 am,0,7.617,9.1521,0.9931469276000016
1801,2018-10-06 00:50:00,8.158626761999999,10/6/2018,12:50:00 am,0,7.618,9.1529,0.9942732380000017
1802,2018-10-06 01:00:00,8.156444561199999,10/6/2018,01:00:00 am,0,7.617,9.151,0.9945554388000009
1803,2018-10-06 01:10:00,8.1566587024,10/6/2018,01:10:00 am,0,7.617,9.1512,0.9945412975999997
1804,2018-10-06 01:20:00,8.1569646184,10/6/2018,01:20:00 am,0,7.617,9.1511,0.9941353815999996
1805,2018-10-06 01:30:00,8.156495547199999,10/6/2018,01:30:00 am,0,7.617,9.1504,0.9939044528000007
1806,2018-10-06 01:40:00,8.1552208972,10/6/2018,01:40:00 am,0,7.616,9.1486,0.9933791028000005
1807,2018-10-06 01:50:00,8.1524880476,10/6/2018,01:50:00 am,0,7.616,9.1461,0.9936119524000002
1808,2018-10-06 02:00:00,8.1545886708,10/6/2018,02:00:00 am,0,7.616,9.1467,0.9921113291999983
1809,2018-10-06 02:10:00,8.153120273999999,10/6/2018,02:10:00 am,0,7.616,9.1456,0.9924797260000009
1810,2018-10-06 02:20:00,8.152549230799998,10/6/2018,02:20:00 am,0,7.616,9.1441,0.9915507692000016
1811,2018-10-06 02:30:00,8.1516008912,10/6/2018,02:30:00 am,0,7.615,9.1429,0.9912991087999998
1812,2018-10-06 02:40:00,8.150927876,10/6/2018,02:40:00 am,0,7.616,9.1418,0.9908721239999991
1813,2018-10-06 02:50:00,8.149897958799999,10/6/2018,02:50:00 am,0,7.615,9.1405,0.9906020412000007
1814,2018-10-06 03:00:00,8.14909238,10/6/2018,03:00:00 am,0,7.615,9.1391,0.9900076199999983
1815,2018-10-06 03:10:00,8.14781773,10/6/2018,03:10:00 am,0,7.615,9.137,0.9891822700000006
1816,2018-10-06 03:20:00,8.1467266296,10/6/2018,03:20:00 am,0,7.615,9.1358,0.9890733703999999
1817,2018-10-06 03:30:00,8.145961839599998,10/6/2018,03:30:00 am,0,7.615,9.1339,0.9879381604000024
1818,2018-10-06 03:40:00,8.144320090399999,10/6/2018,03:40:00 am,0,7.615,9.1329,0.9885799096000003
1819,2018-10-06 03:50:00,8.143698061199999,10/6/2018,03:50:00 am,0,7.614,9.1316,0.9879019388000021
1820,2018-10-06 04:00:00,8.142861890799999,10/6/2018,04:00:00 am,0,7.614,9.1302,0.9873381092000013
1821,2018-10-06 04:10:00,8.1413323108,10/6/2018,04:10:00 am,0,7.614,9.1288,0.9874676892000007
1822,2018-10-06 04:20:00,8.140679689999999,10/6/2018,04:20:00 am,0,7.614,9.1274,0.9867203100000008
1823,2018-10-06 04:30:00,8.1404349572,10/6/2018,04:30:00 am,0,7.614,9.127,0.9865650428000006
1824,2018-10-06 04:40:00,8.1389155744,10/6/2018,04:40:00 am,0,7.614,9.1257,0.9867844255999998
1825,2018-10-06 04:50:00,8.1389563632,10/6/2018,04:50:00 am,0,7.613,9.1257,0.9867436368
1826,2018-10-06 05:00:00,8.139945491599999,10/6/2018,05:00:00 am,0,7.613,9.1264,0.9864545084000014
1827,2018-10-06 05:10:00,8.1402514076,10/6/2018,05:10:00 am,0,7.613,9.1264,0.9861485924000011
1828,2018-10-06 05:20:00,8.139986280399999,10/6/2018,05:20:00 am,0,7.613,9.1254,0.9854137196000021
1829,2018-10-06 05:30:00,8.140292196399999,10/6/2018,05:30:00 am,0,7.613,9.1259,0.9856078036000007
1830,2018-10-06 05:40:00,8.1410569864,10/6/2018,05:40:00 am,0,7.613,9.1262,0.9851430136000001
1831,2018-10-06 05:50:00,8.1397721392,10/6/2018,05:50:00 am,0,7.612,9.1255,0.9857278608000009
1832,2018-10-06 06:00:00,8.141464874399999,10/6/2018,06:00:00 am,0,7.612,9.1262,0.9847351256000021
1833,2018-10-06 06:10:00,8.1419951288,10/6/2018,06:10:00 am,0,7.612,9.1255,0.983504871200001
1834,2018-10-06 06:20:00,8.1417300016,10/6/2018,06:20:00 am,0,7.612,9.1259,0.9841699984000005
1835,2018-10-06 06:30:00,8.1413323108,10/6/2018,06:30:00 am,0,7.612,9.1258,0.9844676892000006
1836,2018-10-06 06:40:00,8.141475071599999,10/6/2018,06:40:00 am,0,7.612,9.1258,0.9843249284000013
1837,2018-10-06 06:50:00,8.141434282799999,10/6/2018,06:50:00 am,0,7.611,9.1253,0.9838657172000005
1838,2018-10-06 07:00:00,8.1403941684,10/6/2018,07:00:00 am,0,7.611,9.1249,0.9845058315999999
1839,2018-10-06 07:10:00,8.1410569864,10/6/2018,07:10:00 am,0,7.611,9.1253,0.9842430135999987
1840,2018-10-06 07:20:00,8.140343182399999,10/6/2018,07:20:00 am,0,7.611,9.1244,0.9840568176000009
1841,2018-10-06 07:30:00,8.1403125908,10/6/2018,07:30:00 am,0,7.611,9.1241,0.9837874091999996
1842,2018-10-06 07:40:00,8.1409652116,10/6/2018,07:40:00 am,0,7.611,9.1237,0.9827347884000002
1843,2018-10-06 07:50:00,8.1405471264,10/6/2018,07:50:00 am,0,7.611,9.1237,0.9831528735999999
1844,2018-10-06 08:00:00,8.140526732,10/6/2018,08:00:00 am,0,7.61,9.1239,0.9833732680000011
1845,2018-10-06 08:10:00,8.140373773999999,10/6/2018,08:10:00 am,0,7.61,9.1241,0.9837262260000017
1846,2018-10-06 08:20:00,8.140577718,10/6/2018,08:20:00 am,0,7.61,9.1241,0.9835222820000009
1847,2018-10-06 08:30:00,8.1394866176,10/6/2018,08:30:00 am,0,7.609,9.1235,0.9840133824000006
1848,2018-10-06 08:40:00,8.140027069199999,10/6/2018,08:40:00 am,0,7.61,9.1238,0.9837729308000007
1849,2018-10-06 08:50:00,8.1416892128,10/6/2018,08:50:00 am,0,7.609,9.1248,0.9831107872000011
1850,2018-10-06 09:00:00,8.137722501999999,10/6/2018,09:00:00 am,0,7.609,9.1236,0.9858774980000007
1851,2018-10-06 09:10:00,8.1371922476,10/6/2018,09:10:00 am,0,7.609,9.124,0.9868077524000007
1852,2018-10-06 09:20:00,8.1391705044,10/6/2018,09:20:00 am,0,7.609,9.1229,0.9837294956000004
1853,2018-10-06 09:30:00,8.137834671199998,10/6/2018,09:30:00 am,0,7.609,9.1211,0.9832653288000017
1854,2018-10-06 09:40:00,8.136906726,10/6/2018,09:40:00 am,0,7.608,9.121,0.984093274000001
1855,2018-10-06 09:50:00,8.1379060516,10/6/2018,09:50:00 am,0,7.609,9.1215,0.9835939483999994
1856,2018-10-06 10:00:00,8.1387626164,10/6/2018,10:00:00 am,0,7.608,9.1222,0.9834373836000001
1857,2018-10-06 10:10:00,8.1386096584,10/6/2018,10:10:00 am,0,7.608,9.1222,0.9835903415999994
1858,2018-10-06 10:20:00,8.138283348,10/6/2018,10:20:00 am,0,7.608,9.1226,0.9843166520000004
1859,2018-10-06 10:30:00,8.137345205599999,10/6/2018,10:30:00 am,0,7.608,9.122,0.9846547944000008
1860,2018-10-06 10:40:00,8.138997152,10/6/2018,10:40:00 am,0,7.607,9.1231,0.9841028480000009
1861,2018-10-06 10:50:00,8.1373350084,10/6/2018,10:50:00 am,0,7.608,9.1224,0.9850649916000016
1862,2018-10-06 11:00:00,8.135234385199999,10/6/2018,11:00:00 am,0,7.607,9.1209,0.985665614800002
1863,2018-10-06 11:10:00,8.139955688799999,10/6/2018,11:10:00 am,0,7.607,9.1233,0.9833443112000015
1864,2018-10-06 11:20:00,8.139292870799999,10/6/2018,11:20:00 am,0,7.607,9.1229,0.983607129200001
1865,2018-10-06 11:30:00,8.138946166,10/6/2018,11:30:00 am,0,7.607,9.1221,0.9831538339999994
1866,2018-10-06 11:40:00,8.1371718532,10/6/2018,11:40:00 am,0,7.606,9.1205,0.9833281467999999
1867,2018-10-06 11:50:00,8.136957712000001,10/6/2018,11:50:00 am,0,7.606,9.1222,0.9852422879999985
1868,2018-10-06 12:00:00,8.1378958544,10/6/2018,12:00:00 pm,0,7.606,9.1212,0.9833041456
1869,2018-10-06 12:10:00,8.1394356316,10/6/2018,12:10:00 pm,0,7.606,9.1215,0.9820643683999997
1870,2018-10-06 12:20:00,8.143198398400001,10/6/2018,12:20:00 pm,0,7.606,9.1245,0.9813016015999985
1871,2018-10-06 12:30:00,8.1431168208,10/6/2018,12:30:00 pm,0,7.605,9.1245,0.9813831791999998
1872,2018-10-06 12:40:00,8.1429638628,10/6/2018,12:40:00 pm,0,7.605,9.124,0.9810361372000003
1873,2018-10-06 12:50:00,8.14169941,10/6/2018,12:50:00 pm,0,7.605,9.1237,0.9820005900000002
1874,2018-10-06 13:00:00,8.1403941684,10/6/2018,01:00:00 pm,0,7.605,9.1226,0.9822058316
1875,2018-10-06 13:10:00,8.139282673599999,10/6/2018,01:10:00 pm,0,7.605,9.1213,0.9820173264000012
1876,2018-10-06 13:20:00,8.140475746,10/6/2018,01:20:00 pm,0,7.605,9.122,0.981524254
1877,2018-10-06 13:30:00,8.138283348,10/6/2018,01:30:00 pm,0,7.604,9.1218,0.9835166520000005
1878,2018-10-06 13:40:00,8.1385178836,10/6/2018,01:40:00 pm,0,7.604,9.1204,0.9818821163999996
1879,2018-10-06 13:50:00,8.1392622792,10/6/2018,01:50:00 pm,0,7.603,9.1207,0.9814377207999989
1880,2018-10-06 14:00:00,8.1391297156,10/6/2018,02:00:00 pm,0,7.604,9.1212,0.9820702844000007
1881,2018-10-06 14:10:00,8.1387014332,10/6/2018,02:10:00 pm,0,7.603,9.1203,0.9815985668000007
1882,2018-10-06 14:20:00,8.1376817132,10/6/2018,02:20:00 pm,0,7.603,9.1194,0.9817182868000014
1883,2018-10-06 14:30:00,8.137355402799999,10/6/2018,02:30:00 pm,0,7.603,9.1187,0.9813445972000014
1884,2018-10-06 14:40:00,8.138548475199999,10/6/2018,02:40:00 pm,0,7.603,9.1193,0.9807515248000023
1885,2018-10-06 14:50:00,8.1386810388,10/6/2018,02:50:00 pm,0,7.602,9.1202,0.9815189612000008
1886,2018-10-06 15:00:00,8.1391195184,10/6/2018,03:00:00 pm,0,7.602,9.1204,0.9812804816000007
1887,2018-10-06 15:10:00,8.1385178836,10/6/2018,03:10:00 pm,0,7.602,9.1199,0.981382116399999
1888,2018-10-06 15:20:00,8.138334334,10/6/2018,03:20:00 pm,0,7.602,9.1182,0.9798656660000002
1889,2018-10-06 15:30:00,8.1383547284,10/6/2018,03:30:00 pm,0,7.602,9.1183,0.9799452716000001
1890,2018-10-06 15:40:00,8.13813039,10/6/2018,03:40:00 pm,0,7.601,9.1185,0.9803696099999986
1891,2018-10-06 15:50:00,8.137977432,10/6/2018,03:50:00 pm,0,7.601,9.1189,0.9809225680000004
1892,2018-10-06 16:00:00,8.138793208,10/6/2018,04:00:00 pm,0,7.601,9.1193,0.9805067920000017
1893,2018-10-06 16:10:00,8.139048138,10/6/2018,04:10:00 pm,0,7.601,9.1197,0.9806518620000002
1894,2018-10-06 16:20:00,8.139292870799999,10/6/2018,04:20:00 pm,0,7.601,9.1195,0.9802071292000019
1895,2018-10-06 16:30:00,8.140414562799998,10/6/2018,04:30:00 pm,0,7.601,9.1193,0.9788854372000024
1896,2018-10-06 16:40:00,8.1407510704,10/6/2018,04:40:00 pm,0,7.6,9.1192,0.978448929599999
1897,2018-10-06 16:50:00,8.1416892128,10/6/2018,04:50:00 pm,0,7.6,9.1208,0.9791107871999998
1898,2018-10-06 17:00:00,8.140302393599999,10/6/2018,05:00:00 pm,0,7.6,9.1203,0.9799976064000013
1899,2018-10-06 17:10:00,8.1399250972,10/6/2018,05:10:00 pm,0,7.6,9.1197,0.9797749027999991
1900,2018-10-06 17:20:00,8.140812253599998,10/6/2018,05:20:00 pm,0,7.6,9.1208,0.9799877464000009
1901,2018-10-06 17:30:00,8.1416790156,10/6/2018,05:30:00 pm,0,7.599,9.1213,0.9796209844000003
1902,2018-10-06 17:40:00,8.1423724252,10/6/2018,05:40:00 pm,0,7.599,9.1221,0.9797275748000001
1903,2018-10-06 17:50:00,8.1424438056,10/6/2018,05:50:00 pm,0,7.599,9.1213,0.9788561944000005
1904,2018-10-06 18:00:00,8.141597438,10/6/2018,06:00:00 pm,0,7.599,9.1209,0.9793025620000009
1905,2018-10-06 18:10:00,8.141740198799999,10/6/2018,06:10:00 pm,0,7.598,9.1205,0.9787598012000007
1906,2018-10-06 18:20:00,8.1426579468,10/6/2018,06:20:00 pm,0,7.598,9.1217,0.9790420532000006
1907,2018-10-06 18:30:00,8.142596763599999,10/6/2018,06:30:00 pm,0,7.598,9.1211,0.9785032364000017
1908,2018-10-06 18:40:00,8.1435553004,10/6/2018,06:40:00 pm,0,7.598,9.1222,0.9786446996000002
1909,2018-10-06 18:50:00,8.144003977199999,10/6/2018,06:50:00 pm,0,7.598,9.1223,0.9782960228000004
1910,2018-10-06 19:00:00,8.145625332,10/6/2018,07:00:00 pm,0,7.597,9.1237,0.9780746679999996
1911,2018-10-06 19:10:00,8.1456865152,10/6/2018,07:10:00 pm,0,7.597,9.1242,0.9785134848000006
1912,2018-10-06 19:20:00,8.146543079999999,10/6/2018,07:20:00 pm,0,7.597,9.1252,0.9786569200000006
1913,2018-10-06 19:30:00,8.1480420684,10/6/2018,07:30:00 pm,0,7.597,9.1266,0.9785579315999993
1914,2018-10-06 19:40:00,8.149510465199999,10/6/2018,07:40:00 pm,0,7.596,9.128,0.9784895348000013
1915,2018-10-06 19:50:00,8.149245338,10/6/2018,07:50:00 pm,0,7.596,9.1287,0.9794546620000002
1916,2018-10-06 20:00:00,8.1507851152,10/6/2018,08:00:00 pm,0,7.596,9.1302,0.9794148848000006
1917,2018-10-06 20:10:00,8.1497653952,10/6/2018,08:10:00 pm,0,7.596,9.1286,0.9788346048000012
1918,2018-10-06 20:20:00,8.150581171199999,10/6/2018,08:20:00 pm,0,7.595,9.1293,0.9787188288000017
1919,2018-10-06 20:30:00,8.1519170044,10/6/2018,08:30:00 pm,0,7.595,9.1304,0.9784829956000003
1920,2018-10-06 20:40:00,8.152814357999999,10/6/2018,08:40:00 pm,0,7.595,9.1312,0.978385642000001
1921,2018-10-06 20:50:00,8.153201851599999,10/6/2018,08:50:00 pm,0,7.595,9.1317,0.9784981484000017
1922,2018-10-06 21:00:00,8.152202525999998,10/6/2018,09:00:00 pm,0,7.595,9.1319,0.9796974740000017
1923,2018-10-06 21:10:00,8.1530386964,10/6/2018,09:10:00 pm,0,7.595,9.1319,0.9788613036000005
1924,2018-10-06 21:20:00,8.1537015144,10/6/2018,09:20:00 pm,0,7.595,9.1325,0.9787984856000005
1925,2018-10-06 21:30:00,8.1543745296,10/6/2018,09:30:00 pm,0,7.594,9.1325,0.9781254704000002
1926,2018-10-06 21:40:00,8.1545580792,10/6/2018,09:40:00 pm,0,7.594,9.1332,0.9786419208000012
1927,2018-10-06 21:50:00,8.1548639952,10/6/2018,09:50:00 pm,0,7.594,9.1334,0.9785360048000005
1928,2018-10-06 22:00:00,8.153252837599998,10/6/2018,10:00:00 pm,0,7.593,9.1324,0.9791471624000021
1929,2018-10-06 22:10:00,8.154394924,10/6/2018,10:10:00 pm,0,7.593,9.1324,0.9780050760000005
1930,2018-10-06 22:20:00,8.154252163199999,10/6/2018,10:20:00 pm,0,7.593,9.1326,0.9783478368000011
1931,2018-10-06 22:30:00,8.1546804456,10/6/2018,10:30:00 pm,0,7.593,9.1326,0.9779195543999997
1932,2018-10-06 22:40:00,8.1548232064,10/6/2018,10:40:00 pm,0,7.592,9.1335,0.9786767936
1933,2018-10-06 22:50:00,8.1544765016,10/6/2018,10:50:00 pm,0,7.592,9.1328,0.9783234984
1934,2018-10-06 23:00:00,8.1543235436,10/6/2018,11:00:00 pm,0,7.592,9.1332,0.9788764564000001
1935,2018-10-06 23:10:00,8.155700165599999,10/6/2018,11:10:00 pm,0,7.592,9.1341,0.9783998344000011
1936,2018-10-06 23:20:00,8.1556287852,10/6/2018,11:20:00 pm,0,7.591,9.1343,0.9786712148000003
1937,2018-10-06 23:30:00,8.1555981936,10/6/2018,11:30:00 pm,0,7.591,9.1341,0.9785018064000006
1938,2018-10-06 23:40:00,8.156791265999999,10/6/2018,11:40:00 pm,0,7.591,9.1353,0.9785087340000018
1939,2018-10-06 23:50:00,8.157270534399998,10/6/2018,11:50:00 pm,0,7.59,9.135,0.9777294656000013
1940,2018-10-07 00:00:00,8.1570767876,10/7/2018,12:00:00 am,0,7.59,9.1355,0.978423212400001
1941,2018-10-07 00:10:00,8.157963943999999,10/7/2018,12:10:00 am,0,7.59,9.1358,0.977836056000001
1942,2018-10-07 00:20:00,8.1581372964,10/7/2018,12:20:00 am,0,7.59,9.1361,0.9779627036000011
1943,2018-10-07 00:30:00,8.15699521,10/7/2018,12:30:00 am,0,7.59,9.1353,0.978304790000001
1944,2018-10-07 00:40:00,8.1561998284,10/7/2018,12:40:00 am,0,7.589,9.1344,0.9782001715999993
1945,2018-10-07 00:50:00,8.155404446799999,10/7/2018,12:50:00 am,0,7.589,9.1332,0.9777955532000018
1946,2018-10-07 01:00:00,8.154904784,10/7/2018,01:00:00 am,0,7.589,9.1334,0.9784952160000007
1947,2018-10-07 01:10:00,8.1563119976,10/7/2018,01:10:00 am,0,7.589,9.1338,0.9774880024000012
1948,2018-10-07 01:20:00,8.155822531999998,10/7/2018,01:20:00 am,0,7.589,9.1338,0.9779774680000024
1949,2018-10-07 01:30:00,8.156087659199999,10/7/2018,01:30:00 am,0,7.588,9.1342,0.978112340800001
1950,2018-10-07 01:40:00,8.154496896,10/7/2018,01:40:00 am,0,7.588,9.1331,0.9786031040000012
1951,2018-10-07 01:50:00,8.1542827548,10/7/2018,01:50:00 am,0,7.588,9.1325,0.9782172451999998
1952,2018-10-07 02:00:00,8.154639656799999,10/7/2018,02:00:00 am,0,7.588,9.1327,0.978060343200001
1953,2018-10-07 02:10:00,8.155394249599999,10/7/2018,02:10:00 am,0,7.587,9.1332,0.9778057504000017
1954,2018-10-07 02:20:00,8.1537728948,10/7/2018,02:20:00 am,0,7.587,9.1319,0.9781271052000005
1955,2018-10-07 02:30:00,8.152590019599998,10/7/2018,02:30:00 am,0,7.587,9.1304,0.9778099804000018
1956,2018-10-07 02:40:00,8.1526308084,10/7/2018,02:40:00 am,0,7.587,9.1306,0.9779691915999997
1957,2018-10-07 02:50:00,8.1504791992,10/7/2018,02:50:00 am,0,7.587,9.1289,0.9784208008000004
1958,2018-10-07 03:00:00,8.150193677599999,10/7/2018,03:00:00 am,0,7.586,9.1283,0.9781063224000004
1959,2018-10-07 03:10:00,8.1500203252,10/7/2018,03:10:00 am,0,7.586,9.1287,0.9786796748000004
1960,2018-10-07 03:20:00,8.1506117628,10/7/2018,03:20:00 am,0,7.586,9.1283,0.9776882371999989
1961,2018-10-07 03:30:00,8.149969339199998,10/7/2018,03:30:00 am,0,7.586,9.1278,0.9778306608000022
1962,2018-10-07 03:40:00,8.148990408,10/7/2018,03:40:00 am,0,7.585,9.127,0.9780095920000011
1963,2018-10-07 03:50:00,8.148786464,10/7/2018,03:50:00 am,0,7.585,9.127,0.9782135360000002
1964,2018-10-07 04:00:00,8.14807266,10/7/2018,04:00:00 am,0,7.585,9.1265,0.9784273399999996
1965,2018-10-07 04:10:00,8.1481644348,10/7/2018,04:10:00 am,0,7.585,9.1262,0.9780355652000008
1966,2018-10-07 04:20:00,8.148449956399999,10/7/2018,04:20:00 am,0,7.584,9.1262,0.9777500436000022
1967,2018-10-07 04:30:00,8.149439084800001,10/7/2018,04:30:00 am,0,7.584,9.1265,0.9770609151999992
1968,2018-10-07 04:40:00,8.1485927172,10/7/2018,04:40:00 am,0,7.584,9.1267,0.9781072827999999
1969,2018-10-07 04:50:00,8.148093054399999,10/7/2018,04:50:00 am,0,7.584,9.1265,0.9784069456000015
1970,2018-10-07 05:00:00,8.149122971599999,10/7/2018,05:00:00 am,0,7.583,9.1268,0.9776770284000005
1971,2018-10-07 05:10:00,8.149112774399999,10/7/2018,05:10:00 am,0,7.583,9.1276,0.9784872256000003
1972,2018-10-07 05:20:00,8.1486131116,10/7/2018,05:20:00 am,0,7.583,9.1265,0.9778868884000005
1973,2018-10-07 05:30:00,8.148174632,10/7/2018,05:30:00 am,0,7.583,9.1264,0.9782253680000004
1974,2018-10-07 05:40:00,8.148725280799999,10/7/2018,05:40:00 am,0,7.582,9.1266,0.9778747192000008
1975,2018-10-07 05:50:00,8.150581171199999,10/7/2018,05:50:00 am,0,7.582,9.1286,0.9780188288000016
1976,2018-10-07 06:00:00,8.153140668399999,10/7/2018,06:00:00 am,0,7.582,9.1305,0.9773593316000007
1977,2018-10-07 06:10:00,8.152029173599999,10/7/2018,06:10:00 am,0,7.582,9.1296,0.9775708264000009
1978,2018-10-07 06:20:00,8.1537423032,10/7/2018,06:20:00 am,0,7.581,9.1314,0.9776576967999997
1979,2018-10-07 06:30:00,8.1541705856,10/7/2018,06:30:00 am,0,7.581,9.1322,0.9780294143999999
1980,2018-10-07 06:40:00,8.156383378000001,10/7/2018,06:40:00 am,0,7.581,9.1334,0.977016621999999
1981,2018-10-07 06:50:00,8.1551801084,10/7/2018,06:50:00 am,0,7.581,9.1331,0.9779198916000009
1982,2018-10-07 07:00:00,8.1551903056,10/7/2018,07:00:00 am,0,7.58,9.1332,0.9780096944000007
1983,2018-10-07 07:10:00,8.155771546,10/7/2018,07:10:00 am,0,7.58,9.1336,0.9778284539999991
1984,2018-10-07 07:20:00,8.1548741924,10/7/2018,07:20:00 am,0,7.58,9.1328,0.9779258076000001
1985,2018-10-07 07:30:00,8.154578473599999,10/7/2018,07:30:00 am,0,7.58,9.1328,0.9782215264000005
1986,2018-10-07 07:40:00,8.154904784,10/7/2018,07:40:00 am,0,7.579,9.1337,0.978795216
1987,2018-10-07 07:50:00,8.157545858799999,10/7/2018,07:50:00 am,0,7.579,9.1358,0.9782541412000008
1988,2018-10-07 08:00:00,8.1567708716,10/7/2018,08:00:00 am,0,7.579,9.1353,0.9785291284000017
1989,2018-10-07 08:10:00,8.158065916,10/7/2018,08:10:00 am,0,7.579,9.1368,0.9787340839999992
1990,2018-10-07 08:20:00,8.1590040584,10/7/2018,08:20:00 am,0,7.579,9.1378,0.9787959415999996
1991,2018-10-07 08:30:00,8.1588205088,10/7/2018,08:30:00 am,0,7.578,9.1371,0.9782794912000004
1992,2018-10-07 08:40:00,8.1583004516,10/7/2018,08:40:00 am,0,7.578,9.1377,0.9793995484
1993,2018-10-07 08:50:00,8.158657353599999,10/7/2018,08:50:00 am,0,7.578,9.1383,0.9796426464000003
1994,2018-10-07 09:00:00,8.1584840012,10/7/2018,09:00:00 am,0,7.577,9.1388,0.9803159988000001
1995,2018-10-07 09:10:00,8.1596056932,10/7/2018,09:10:00 am,0,7.577,9.1404,0.9807943068
1996,2018-10-07 09:20:00,8.161685922,10/7/2018,09:20:00 am,0,7.577,9.1421,0.980414077999999
1997,2018-10-07 09:30:00,8.162032626799999,10/7/2018,09:30:00 am,0,7.577,9.1425,0.9804673732000015
1998,2018-10-07 09:40:00,8.162073415599998,10/7/2018,09:40:00 am,0,7.576,9.1418,0.9797265844000016
1999,2018-10-07 09:50:00,8.160870146,10/7/2018,09:50:00 am,0,7.576,9.1426,0.9817298539999992
2000,2018-10-07 10:00:00,8.160411272,10/7/2018,10:00:00 am,0,7.576,9.1425,0.9820887280000008
2001,2018-10-07 10:10:00,8.1611454704,10/7/2018,10:10:00 am,0,7.576,9.1421,0.9809545296
2002,2018-10-07 10:20:00,8.161583949999999,10/7/2018,10:20:00 am,0,7.575,9.1424,0.9808160500000014
2003,2018-10-07 10:30:00,8.1595139184,10/7/2018,10:30:00 am,0,7.575,9.1428,0.9832860815999993
2004,2018-10-07 10:40:00,8.160237919599998,10/7/2018,10:40:00 am,0,7.575,9.1429,0.9826620804000008
2005,2018-10-07 10:50:00,8.158249465599999,10/7/2018,10:50:00 am,0,7.574,9.142,0.9837505344000004
2006,2018-10-07 11:00:00,8.1579843384,10/7/2018,11:00:00 am,0,7.574,9.1423,0.9843156616000002
2007,2018-10-07 11:10:00,8.159799439999999,10/7/2018,11:10:00 am,0,7.574,9.1427,0.9829005600000009
2008,2018-10-07 11:20:00,8.161227048,10/7/2018,11:20:00 am,0,7.574,9.1436,0.9823729519999986
2009,2018-10-07 11:30:00,8.159768848399999,10/7/2018,11:30:00 am,0,7.573,9.1425,0.9827311516000012
2010,2018-10-07 11:40:00,8.161930654799999,10/7/2018,11:40:00 am,0,7.573,9.144,0.9820693452000011
2011,2018-10-07 11:50:00,8.1611046816,10/7/2018,11:50:00 am,0,7.573,9.144,0.9828953184000007
2012,2018-10-07 12:00:00,8.160931329199999,10/7/2018,12:00:00 pm,0,7.573,9.1429,0.9819686708000006
2013,2018-10-07 12:10:00,8.159728059599999,10/7/2018,12:10:00 pm,0,7.573,9.1413,0.9815719404000003
2014,2018-10-07 12:20:00,8.1558837152,10/7/2018,12:20:00 pm,0,7.572,9.1399,0.9840162848000009
2015,2018-10-07 12:30:00,8.153599542399999,10/7/2018,12:30:00 pm,0,7.572,9.1397,0.986100457600001
2016,2018-10-07 12:40:00,8.1569034352,10/7/2018,12:40:00 pm,0,7.571,9.139,0.9820965647999991
2017,2018-10-07 12:50:00,8.1596362848,10/7/2018,12:50:00 pm,0,7.572,9.1402,0.9805637152000006
2018,2018-10-07 13:00:00,8.1594731296,10/7/2018,01:00:00 pm,0,7.571,9.1395,0.9800268703999997
2019,2018-10-07 13:10:00,8.158422818,10/7/2018,01:10:00 pm,0,7.571,9.1388,0.9803771819999998
2020,2018-10-07 13:20:00,8.1569034352,10/7/2018,01:20:00 pm,0,7.571,9.1376,0.9806965648000006
2021,2018-10-07 13:30:00,8.155618588,10/7/2018,01:30:00 pm,0,7.57,9.1376,0.9819814120000014
2022,2018-10-07 13:40:00,8.155435038399999,10/7/2018,01:40:00 pm,0,7.57,9.1372,0.9817649616000015
2023,2018-10-07 13:50:00,8.153120273999999,10/7/2018,01:50:00 pm,0,7.57,9.1357,0.9825797260000009
2024,2018-10-07 14:00:00,8.156179433999998,10/7/2018,02:00:00 pm,0,7.57,9.1357,0.9795205660000015
2025,2018-10-07 14:10:00,8.156281406,10/7/2018,02:10:00 pm,0,7.569,9.1355,0.9792185940000007
2026,2018-10-07 14:20:00,8.155669574,10/7/2018,02:20:00 pm,0,7.569,9.1354,0.9797304260000015
2027,2018-10-07 14:30:00,8.1552310944,10/7/2018,02:30:00 pm,0,7.569,9.1347,0.979468905600001
2028,2018-10-07 14:40:00,8.1555981936,10/7/2018,02:40:00 pm,0,7.569,9.1345,0.9789018063999997
2029,2018-10-07 14:50:00,8.152610414,10/7/2018,02:50:00 pm,0,7.568,9.1337,0.9810895859999995
2030,2018-10-07 15:00:00,8.153987035999998,10/7/2018,03:00:00 pm,0,7.568,9.1328,0.9788129640000012
2031,2018-10-07 15:10:00,8.1554962216,10/7/2018,03:10:00 pm,0,7.568,9.1323,0.9768037784000008
2032,2018-10-07 15:20:00,8.1537423032,10/7/2018,03:20:00 pm,0,7.568,9.1317,0.9779576968000008
2033,2018-10-07 15:30:00,8.1540482192,10/7/2018,03:30:00 pm,0,7.568,9.1316,0.9775517808000007
2034,2018-10-07 15:40:00,8.153375204,10/7/2018,03:40:00 pm,0,7.567,9.132,0.9786247960000001
2035,2018-10-07 15:50:00,8.153885063999999,10/7/2018,03:50:00 pm,0,7.567,9.1329,0.9790149360000004
2036,2018-10-07 16:00:00,8.1552820804,10/7/2018,04:00:00 pm,0,7.567,9.1352,0.9799179196000001
2037,2018-10-07 16:10:00,8.155781743199999,10/7/2018,04:10:00 pm,0,7.566,9.1342,0.9784182568000013
2038,2018-10-07 16:20:00,8.1552412916,10/7/2018,04:20:00 pm,0,7.566,9.1331,0.9778587084000012
2039,2018-10-07 16:30:00,8.1562712088,10/7/2018,04:30:00 pm,0,7.566,9.1341,0.9778287912000003
2040,2018-10-07 16:40:00,8.154598867999999,10/7/2018,04:40:00 pm,0,7.565,9.1326,0.978001132000001
2041,2018-10-07 16:50:00,8.1540482192,10/7/2018,04:50:00 pm,0,7.565,9.1324,0.9783517808000006
2042,2018-10-07 17:00:00,8.156332392,10/7/2018,05:00:00 pm,0,7.565,9.1338,0.9774676080000013
2043,2018-10-07 17:10:00,8.156097856399999,10/7/2018,05:10:00 pm,0,7.565,9.1345,0.9784021436000003
2044,2018-10-07 17:20:00,8.1552514888,10/7/2018,05:20:00 pm,0,7.564,9.1335,0.9782485112000003
2045,2018-10-07 17:30:00,8.155261686,10/7/2018,05:30:00 pm,0,7.564,9.133,0.9777383139999998
2046,2018-10-07 17:40:00,8.1540074304,10/7/2018,05:40:00 pm,0,7.564,9.1323,0.9782925696000007
2047,2018-10-07 17:50:00,8.1540074304,10/7/2018,05:50:00 pm,0,7.564,9.1313,0.9772925695999994
2048,2018-10-07 18:00:00,8.153579148,10/7/2018,06:00:00 pm,0,7.563,9.131,0.9774208519999998
2049,2018-10-07 18:10:00,8.1545886708,10/7/2018,06:10:00 pm,0,7.563,9.131,0.9764113291999994
2050,2018-10-07 18:20:00,8.1554962216,10/7/2018,06:20:00 pm,0,7.563,9.1321,0.9766037783999995
2051,2018-10-07 18:30:00,8.1576886196,10/7/2018,06:30:00 pm,0,7.563,9.1336,0.9759113803999995
2052,2018-10-07 18:40:00,8.1585553816,10/7/2018,06:40:00 pm,0,7.562,9.1346,0.9760446184000013
2053,2018-10-07 18:50:00,8.1581474936,10/7/2018,06:50:00 pm,0,7.562,9.1342,0.9760525064000003
2054,2018-10-07 19:00:00,8.157923155199999,10/7/2018,07:00:00 pm,0,7.561,9.134,0.9760768448000015
2055,2018-10-07 19:10:00,8.1573929008,10/7/2018,07:10:00 pm,0,7.561,9.134,0.9766070992000007
2056,2018-10-07 19:20:00,8.1585859732,10/7/2018,07:20:00 pm,0,7.561,9.1342,0.9756140268000006
2057,2018-10-07 19:30:00,8.1601359476,10/7/2018,07:30:00 pm,0,7.561,9.1357,0.9755640523999993
2058,2018-10-07 19:40:00,8.159697468,10/7/2018,07:40:00 pm,0,7.561,9.1353,0.9756025320000017
2059,2018-10-07 19:50:00,8.159187608,10/7/2018,07:50:00 pm,0,7.56,9.1352,0.9760123919999995
2060,2018-10-07 20:00:00,8.158402423599998,10/7/2018,08:00:00 pm,0,7.56,9.1342,0.9757975764000015
2061,2018-10-07 20:10:00,8.1581474936,10/7/2018,08:10:00 pm,0,7.56,9.1342,0.9760525064000003
2062,2018-10-07 20:20:00,8.159442537999999,10/7/2018,08:20:00 pm,0,7.56,9.135,0.9755574620000012
2063,2018-10-07 20:30:00,8.159024452799999,10/7/2018,08:30:00 pm,0,7.559,9.1352,0.9761755472000004
2064,2018-10-07 20:40:00,8.1601359476,10/7/2018,08:40:00 pm,0,7.559,9.136,0.9758640523999986
2065,2018-10-07 20:50:00,8.159646482,10/7/2018,08:50:00 pm,0,7.559,9.1358,0.9761535180000003
2066,2018-10-07 21:00:00,8.160472455199999,10/7/2018,09:00:00 pm,0,7.558,9.1358,0.9753275448000007
2067,2018-10-07 21:10:00,8.1596566792,10/7/2018,09:10:00 pm,0,7.558,9.1361,0.9764433208000014
2068,2018-10-07 21:20:00,8.159442537999999,10/7/2018,09:20:00 pm,0,7.558,9.1355,0.9760574620000018
2069,2018-10-07 21:30:00,8.159901412,10/7/2018,09:30:00 pm,0,7.558,9.136,0.9760985879999993
2070,2018-10-07 21:40:00,8.1603908776,10/7/2018,09:40:00 pm,0,7.557,9.1369,0.9765091224000013
2071,2018-10-07 21:50:00,8.1615737528,10/7/2018,09:50:00 pm,0,7.557,9.1375,0.9759262471999985
2072,2018-10-07 22:00:00,8.161369808799998,10/7/2018,10:00:00 pm,0,7.557,9.1378,0.9764301912000022
2073,2018-10-07 22:10:00,8.1599625952,10/7/2018,10:10:00 pm,0,7.557,9.137,0.9770374048000008
2074,2018-10-07 22:20:00,8.1596668764,10/7/2018,10:20:00 pm,0,7.556,9.1359,0.9762331236000001
2075,2018-10-07 22:30:00,8.161216850799999,10/7/2018,10:30:00 pm,0,7.556,9.138,0.976783149200001
2076,2018-10-07 22:40:00,8.1616655276,10/7/2018,10:40:00 pm,0,7.556,9.1386,0.9769344724
2077,2018-10-07 22:50:00,8.160666201999998,10/7/2018,10:50:00 pm,0,7.556,9.1379,0.9772337980000021
2078,2018-10-07 23:00:00,8.1597892428,10/7/2018,11:00:00 pm,0,7.555,9.137,0.9772107572
2079,2018-10-07 23:10:00,8.158320845999999,10/7/2018,11:10:00 pm,0,7.555,9.1353,0.9769791540000021
2080,2018-10-07 23:20:00,8.159085636,10/7/2018,11:20:00 pm,0,7.555,9.136,0.9769143639999989
2081,2018-10-07 23:30:00,8.1583004516,10/7/2018,11:30:00 pm,0,7.554,9.1348,0.9764995483999996
2082,2018-10-07 23:40:00,8.1589122836,10/7/2018,11:40:00 pm,0,7.554,9.1358,0.9768877164000003
2083,2018-10-07 23:50:00,8.1578211832,10/7/2018,11:50:00 pm,0,7.554,9.1348,0.9769788168000009
2084,2018-10-08 00:00:00,8.1564649556,10/8/2018,12:00:00 am,0,7.553,9.1339,0.9774350444
2085,2018-10-08 00:10:00,8.157158365199999,10/8/2018,12:10:00 am,0,7.553,9.1345,0.9773416348000001
2086,2018-10-08 00:20:00,8.155751151599999,10/8/2018,12:20:00 am,0,7.553,9.1333,0.9775488484000014
2087,2018-10-08 00:30:00,8.1550271504,10/8/2018,12:30:00 am,0,7.553,9.1326,0.9775728495999996
2088,2018-10-08 00:40:00,8.1533446124,10/8/2018,12:40:00 am,0,7.552,9.1316,0.9782553876000009
2089,2018-10-08 00:50:00,8.153069288,10/8/2018,12:50:00 am,0,7.552,9.1307,0.9776307119999998
2090,2018-10-08 01:00:00,8.153375204,10/8/2018,01:00:00 am,0,7.552,9.131,0.9776247960000006
2091,2018-10-08 01:10:00,8.1540482192,10/8/2018,01:10:00 am,0,7.552,9.1317,0.9776517808000005
2092,2018-10-08 01:20:00,8.156842251999999,10/8/2018,01:20:00 am,0,7.551,9.1339,0.9770577480000018
2093,2018-10-08 01:30:00,8.1572909288,10/8/2018,01:30:00 am,0,7.551,9.1354,0.9781090712000005
2094,2018-10-08 01:40:00,8.15725014,10/8/2018,01:40:00 am,0,7.551,9.1353,0.9780498600000005
2095,2018-10-08 01:50:00,8.1577803944,10/8/2018,01:50:00 am,0,7.551,9.1359,0.9781196055999999
2096,2018-10-08 02:00:00,8.1576478308,10/8/2018,02:00:00 am,0,7.55,9.1355,0.9778521692000002
2097,2018-10-08 02:10:00,8.156536336,10/8/2018,02:10:00 am,0,7.55,9.1345,0.9779636639999989
2098,2018-10-08 02:20:00,8.156536336,10/8/2018,02:20:00 am,0,7.549,9.1348,0.978263664
2099,2018-10-08 02:30:00,8.1569748156,10/8/2018,02:30:00 am,0,7.549,9.1351,0.9781251843999996
2100,2018-10-08 02:40:00,8.15699521,10/8/2018,02:40:00 am,0,7.549,9.1351,0.9781047899999997
2101,2018-10-08 02:50:00,8.1559143068,10/8/2018,02:50:00 am,0,7.548,9.1345,0.9785856931999994
2102,2018-10-08 03:00:00,8.153885063999999,10/8/2018,03:00:00 am,0,7.548,9.1323,0.9784149360000018
2103,2018-10-08 03:10:00,8.152029173599999,10/8/2018,03:10:00 am,0,7.548,9.1306,0.9785708264000004
2104,2018-10-08 03:20:00,8.1505301852,10/8/2018,03:20:00 am,0,7.548,9.1284,0.9778698148
2105,2018-10-08 03:30:00,8.151080834,10/8/2018,03:30:00 am,0,7.548,9.129,0.9779191659999995
2106,2018-10-08 03:40:00,8.150519988,10/8/2018,03:40:00 am,0,7.547,9.1292,0.9786800120000017
2107,2018-10-08 03:50:00,8.1496736204,10/8/2018,03:50:00 am,0,7.547,9.1284,0.9787263795999994
2108,2018-10-08 04:00:00,8.1508055096,10/8/2018,04:00:00 am,0,7.547,9.1293,0.978494490400001
2109,2018-10-08 04:10:00,8.150265058,10/8/2018,04:10:00 am,0,7.546,9.1284,0.9781349419999987
2110,2018-10-08 04:20:00,8.1493575072,10/8/2018,04:20:00 am,0,7.546,9.128,0.9786424928000006
2111,2018-10-08 04:30:00,8.1486233088,10/8/2018,04:30:00 am,0,7.546,9.1274,0.9787766912000002
2112,2018-10-08 04:40:00,8.1485111396,10/8/2018,04:40:00 am,0,7.545,9.127,0.9784888604000006
2113,2018-10-08 04:50:00,8.1476953636,10/8/2018,04:50:00 am,0,7.545,9.1265,0.9788046363999996
2114,2018-10-08 05:00:00,8.148419364799999,10/8/2018,05:00:00 am,0,7.545,9.1264,0.9779806352000016
2115,2018-10-08 05:10:00,8.1479604908,10/8/2018,05:10:00 am,0,7.545,9.1266,0.9786395092000006
2116,2018-10-08 05:20:00,8.148368378799999,10/8/2018,05:20:00 am,0,7.544,9.1268,0.9784316212000004
2117,2018-10-08 05:30:00,8.1490209996,10/8/2018,05:30:00 am,0,7.544,9.1273,0.9782790004000006
2118,2018-10-08 05:40:00,8.149449281999999,10/8/2018,05:40:00 am,0,7.544,9.1278,0.9783507180000015
2119,2018-10-08 05:50:00,8.1494288876,10/8/2018,05:50:00 am,0,7.543,9.1283,0.9788711124000002
2120,2018-10-08 06:00:00,8.149439084800001,10/8/2018,06:00:00 am,0,7.543,9.1274,0.9779609151999988
2121,2018-10-08 06:10:00,8.149163760399999,10/8/2018,06:10:00 am,0,7.543,9.1274,0.9782362396000011
2122,2018-10-08 06:20:00,8.149826578399999,10/8/2018,06:20:00 am,0,7.542,9.1281,0.9782734216000009
2123,2018-10-08 06:30:00,8.1503466356,10/8/2018,06:30:00 am,0,7.542,9.1289,0.9785533643999997
2124,2018-10-08 06:40:00,8.1495206624,10/8/2018,06:40:00 am,0,7.542,9.1283,0.9787793375999989
2125,2018-10-08 06:50:00,8.1506525516,10/8/2018,06:50:00 am,0,7.541,9.1287,0.9780474483999999
2126,2018-10-08 07:00:00,8.150917678799999,10/8/2018,07:00:00 am,0,7.541,9.1288,0.977882321200001
2127,2018-10-08 07:10:00,8.152365681200001,10/8/2018,07:10:00 am,0,7.541,9.1305,0.9781343187999987
2128,2018-10-08 07:20:00,8.1515499052,10/8/2018,07:20:00 am,0,7.541,9.1303,0.9787500948000005
2129,2018-10-08 07:30:00,8.150683143199998,10/8/2018,07:30:00 am,0,7.54,9.1297,0.9790168568000013
2130,2018-10-08 07:40:00,8.150560776799999,10/8/2018,07:40:00 am,0,7.54,9.1293,0.9787392232000016
2131,2018-10-08 07:50:00,8.150825904,10/8/2018,07:50:00 am,0,7.54,9.1302,0.9793740960000008
2132,2018-10-08 08:00:00,8.150244663599999,10/8/2018,08:00:00 am,0,7.539,9.1301,0.9798553364000018
2133,2018-10-08 08:10:00,8.1504282132,10/8/2018,08:10:00 am,0,7.539,9.13,0.9795717868000011
2134,2018-10-08 08:20:00,8.1515804968,10/8/2018,08:20:00 am,0,7.539,9.131,0.9794195032000008
2135,2018-10-08 08:30:00,8.152355484,10/8/2018,08:30:00 am,0,7.538,9.1324,0.9800445160000013
2136,2018-10-08 08:40:00,8.1528857384,10/8/2018,08:40:00 am,0,7.538,9.1334,0.9805142615999998
2137,2018-10-08 08:50:00,8.151335763999999,10/8/2018,08:50:00 am,0,7.538,9.1335,0.9821642360000009
2138,2018-10-08 09:00:00,8.1519272016,10/8/2018,09:00:00 am,0,7.537,9.1335,0.9815727984000002
2139,2018-10-08 09:10:00,8.1550271504,10/8/2018,09:10:00 am,0,7.537,9.1354,0.9803728496000002
2140,2018-10-08 09:20:00,8.154619262399999,10/8/2018,09:20:00 am,0,7.536,9.1361,0.9814807376000019
2141,2018-10-08 09:30:00,8.154089008,10/8/2018,09:30:00 am,0,7.536,9.1356,0.9815109920000005
2142,2018-10-08 09:40:00,8.1509992564,10/8/2018,09:40:00 am,0,7.536,9.1335,0.9825007435999993
2143,2018-10-08 09:50:00,8.150989059199999,10/8/2018,09:50:00 am,0,7.536,9.1337,0.9827109408000005
2144,2018-10-08 10:00:00,8.1518762156,10/8/2018,10:00:00 am,0,7.535,9.1347,0.9828237844000007
2145,2018-10-08 10:10:00,8.151488722,10/8/2018,10:10:00 am,0,7.535,9.1341,0.9826112780000003
2146,2018-10-08 10:20:00,8.150989059199999,10/8/2018,10:20:00 am,0,7.535,9.1336,0.9826109408000008
2147,2018-10-08 10:30:00,8.1495206624,10/8/2018,10:30:00 am,0,7.534,9.133,0.9834793375999986
2148,2018-10-08 10:40:00,8.149857169999999,10/8/2018,10:40:00 am,0,7.534,9.1339,0.9840428300000017
2149,2018-10-08 10:50:00,8.147358855999999,10/8/2018,10:50:00 am,0,7.534,9.1335,0.9861411440000012
2150,2018-10-08 11:00:00,8.1455539516,10/8/2018,11:00:00 am,0,7.533,9.1324,0.9868460484000003
2151,2018-10-08 11:10:00,8.1478993076,10/8/2018,11:10:00 am,0,7.533,9.1322,0.9843006923999997
2152,2018-10-08 11:20:00,8.1470223484,10/8/2018,11:20:00 am,0,7.532,9.1306,0.9835776515999992
2153,2018-10-08 11:30:00,8.14450364,10/8/2018,11:30:00 am,0,7.532,9.1289,0.9843963599999999
2154,2018-10-08 11:40:00,8.1438816108,10/8/2018,11:40:00 am,0,7.532,9.1283,0.9844183892
2155,2018-10-08 11:50:00,8.1429638628,10/8/2018,11:50:00 am,0,7.532,9.1276,0.984636137199999
2156,2018-10-08 12:00:00,8.1451970496,10/8/2018,12:00:00 pm,0,7.531,9.1281,0.9829029503999998
2157,2018-10-08 12:10:00,8.1448911336,10/8/2018,12:10:00 pm,0,7.531,9.1277,0.982808866400001
2158,2018-10-08 12:20:00,8.1424540028,10/8/2018,12:20:00 pm,0,7.531,9.1278,0.9853459972000014
2159,2018-10-08 12:30:00,8.1399250972,10/8/2018,12:30:00 pm,0,7.531,9.1264,0.9864749027999995
2160,2018-10-08 12:40:00,8.1427905104,10/8/2018,12:40:00 pm,0,7.53,9.1257,0.9829094896000008
2161,2018-10-08 12:50:00,8.144809556,10/8/2018,12:50:00 pm,0,7.53,9.126,0.9811904439999992
2162,2018-10-08 13:00:00,8.1443302876,10/8/2018,01:00:00 pm,0,7.529,9.1253,0.9809697123999985
2163,2018-10-08 13:10:00,8.1440549632,10/8/2018,01:10:00 pm,0,7.529,9.125,0.9809450367999997
2164,2018-10-08 13:20:00,8.143585891999999,10/8/2018,01:20:00 pm,0,7.528,9.1245,0.9809141080000003
2165,2018-10-08 13:30:00,8.140720478799999,10/8/2018,01:30:00 pm,0,7.528,9.1228,0.9820795212000011
2166,2018-10-08 13:40:00,8.1400066748,10/8/2018,01:40:00 pm,0,7.527,9.1207,0.980693325199999
2167,2018-10-08 13:50:00,8.138283348,10/8/2018,01:50:00 pm,0,7.527,9.1194,0.9811166520000008
2168,2018-10-08 14:00:00,8.1387218276,10/8/2018,02:00:00 pm,0,7.527,9.1169,0.9781781723999998
2169,2018-10-08 14:10:00,8.1375389524,10/8/2018,02:10:00 pm,0,7.526,9.1151,0.9775610476000001
2170,2018-10-08 14:20:00,8.1357952312,10/8/2018,02:20:00 pm,0,7.526,9.1147,0.9789047687999997
2171,2018-10-08 14:30:00,8.1359074004,10/8/2018,02:30:00 pm,0,7.526,9.1129,0.9769925995999991
2172,2018-10-08 14:40:00,8.1359787808,10/8/2018,02:40:00 pm,0,7.525,9.1128,0.9768212191999996
2173,2018-10-08 14:50:00,8.132073253199998,10/8/2018,02:50:00 pm,0,7.525,9.1113,0.979226746800002
2174,2018-10-08 15:00:00,8.1331541564,10/8/2018,03:00:00 pm,0,7.524,9.1097,0.9765458436000003
2175,2018-10-08 15:10:00,8.1325117328,10/8/2018,03:10:00 pm,0,7.525,9.1075,0.9749882672000005
2176,2018-10-08 15:20:00,8.1313390548,10/8/2018,03:20:00 pm,0,7.524,9.1062,0.9748609451999997
2177,2018-10-08 15:30:00,8.1306150536,10/8/2018,03:30:00 pm,0,7.524,9.1059,0.9752849464000004
2178,2018-10-08 15:40:00,8.130941363999998,10/8/2018,03:40:00 pm,0,7.523,9.1069,0.9759586360000014
2179,2018-10-08 15:50:00,8.1311860968,10/8/2018,03:50:00 pm,0,7.523,9.1075,0.9763139031999994
2180,2018-10-08 16:00:00,8.131634773599998,10/8/2018,04:00:00 pm,0,7.522,9.1076,0.9759652264000014
2181,2018-10-08 16:10:00,8.1302479544,10/8/2018,04:10:00 pm,0,7.523,9.1059,0.9756520456000004
2182,2018-10-08 16:20:00,8.130543673199998,10/8/2018,04:20:00 pm,0,7.522,9.1052,0.9746563268000017
2183,2018-10-08 16:30:00,8.129921644,10/8/2018,04:30:00 pm,0,7.521,9.1053,0.9753783560000002
2184,2018-10-08 16:40:00,8.1304417012,10/8/2018,04:40:00 pm,0,7.521,9.1053,0.9748582987999992
2185,2018-10-08 16:50:00,8.1297890804,10/8/2018,04:50:00 pm,0,7.521,9.1049,0.9751109196000005
2186,2018-10-08 17:00:00,8.1305232788,10/8/2018,05:00:00 pm,0,7.52,9.1058,0.9752767212000002
2187,2018-10-08 17:10:00,8.130421306799999,10/8/2018,05:10:00 pm,0,7.52,9.1058,0.9753786932000015
2188,2018-10-08 17:20:00,8.130717025600001,10/8/2018,05:20:00 pm,0,7.519,9.106,0.9752829743999989
2189,2018-10-08 17:30:00,8.131298266,10/8/2018,05:30:00 pm,0,7.519,9.1067,0.9754017340000001
2190,2018-10-08 17:40:00,8.1310535332,10/8/2018,05:40:00 pm,0,7.519,9.1068,0.9757464668000004
2191,2018-10-08 17:50:00,8.1319712812,10/8/2018,05:50:00 pm,0,7.518,9.1073,0.9753287188000002
2192,2018-10-08 18:00:00,8.132725873999998,10/8/2018,06:00:00 pm,0,7.518,9.108,0.9752741260000022
2193,2018-10-08 18:10:00,8.132613704799999,10/8/2018,06:10:00 pm,0,7.518,9.1079,0.9752862952000019
2194,2018-10-08 18:20:00,8.131593984799999,10/8/2018,06:20:00 pm,0,7.517,9.1076,0.9760060152000012
2195,2018-10-08 18:30:00,8.131216688399999,10/8/2018,06:30:00 pm,0,7.517,9.1074,0.9761833116000016
2196,2018-10-08 18:40:00,8.132317986,10/8/2018,06:40:00 pm,0,7.516,9.1079,0.9755820140000004
2197,2018-10-08 18:50:00,8.1331745508,10/8/2018,06:50:00 pm,0,7.516,9.1084,0.9752254491999999
2198,2018-10-08 19:00:00,8.1332051424,10/8/2018,07:00:00 pm,0,7.516,9.1088,0.9755948576000009
2199,2018-10-08 19:10:00,8.134489989599999,10/8/2018,07:10:00 pm,0,7.515,9.1097,0.9752100104000014
2200,2018-10-08 19:20:00,8.134918271999998,10/8/2018,07:20:00 pm,0,7.515,9.1109,0.9759817280000025
2201,2018-10-08 19:30:00,8.136264302399999,10/8/2018,07:30:00 pm,0,7.514,9.1118,0.9755356976000016
2202,2018-10-08 19:40:00,8.136294894,10/8/2018,07:40:00 pm,0,7.514,9.1121,0.9758051059999993
2203,2018-10-08 19:50:00,8.136498838,10/8/2018,07:50:00 pm,0,7.514,9.113,0.9765011619999999
2204,2018-10-08 20:00:00,8.1366823876,10/8/2018,08:00:00 pm,0,7.513,9.113,0.976317612399999
2205,2018-10-08 20:10:00,8.136957712000001,10/8/2018,08:10:00 pm,0,7.513,9.1138,0.9768422879999985
2206,2018-10-08 20:20:00,8.1365192324,10/8/2018,08:20:00 pm,0,7.512,9.1131,0.9765807675999998
2207,2018-10-08 20:30:00,8.1372534308,10/8/2018,08:30:00 pm,0,7.512,9.1142,0.9769465692000008
2208,2018-10-08 20:40:00,8.1378652628,10/8/2018,08:40:00 pm,0,7.511,9.1151,0.9772347371999999
2209,2018-10-08 20:50:00,8.1385994612,10/8/2018,08:50:00 pm,0,7.511,9.1159,0.9773005387999998
2210,2018-10-08 21:00:00,8.1391705044,10/8/2018,09:00:00 pm,0,7.51,9.1167,0.9775294956000007
2211,2018-10-08 21:10:00,8.140781662,10/8/2018,09:10:00 pm,0,7.51,9.1182,0.9774183379999997
2212,2018-10-08 21:20:00,8.139201095999999,10/8/2018,09:20:00 pm,0,7.509,9.1174,0.978198904000001
2213,2018-10-08 21:30:00,8.1400576608,10/8/2018,09:30:00 pm,0,7.509,9.1179,0.9778423392000004
2214,2018-10-08 21:40:00,8.1396905616,10/8/2018,09:40:00 pm,0,7.509,9.1184,0.9787094383999992
2215,2018-10-08 21:50:00,8.138120192799999,10/8/2018,09:50:00 pm,0,7.508,9.1169,0.9787798072000005
2216,2018-10-08 22:00:00,8.1380182208,10/8/2018,10:00:00 pm,0,7.508,9.1162,0.9781817791999998
2217,2018-10-08 22:10:00,8.139211293199999,10/8/2018,10:10:00 pm,0,7.507,9.1173,0.9780887068000013
2218,2018-10-08 22:20:00,8.1386096584,10/8/2018,10:20:00 pm,0,7.507,9.1172,0.9785903416000004
2219,2018-10-08 22:30:00,8.138028418,10/8/2018,10:30:00 pm,0,7.507,9.1164,0.9783715820000012
2220,2018-10-08 22:40:00,8.138109995599999,10/8/2018,10:40:00 pm,0,7.507,9.1166,0.9784900044000011
2221,2018-10-08 22:50:00,8.1390073492,10/8/2018,10:50:00 pm,0,7.506,9.1169,0.9778926507999994
2222,2018-10-08 23:00:00,8.1390277436,10/8/2018,11:00:00 pm,0,7.505,9.1164,0.9773722564000007
2223,2018-10-08 23:10:00,8.1385688696,10/8/2018,11:10:00 pm,0,7.505,9.1163,0.9777311304000005
2224,2018-10-08 23:20:00,8.138140587199999,10/8/2018,11:20:00 pm,0,7.504,9.1163,0.978159412800002
2225,2018-10-08 23:30:00,8.1366823876,10/8/2018,11:30:00 pm,0,7.504,9.1151,0.9784176123999995
2226,2018-10-08 23:40:00,8.1376409244,10/8/2018,11:40:00 pm,0,7.504,9.1154,0.9777590755999999
2227,2018-10-08 23:50:00,8.1376511216,10/8/2018,11:50:00 pm,0,7.503,9.1152,0.9775488784000004
2228,2018-10-09 00:00:00,8.139241884799999,10/9/2018,12:00:00 am,0,7.502,9.1171,0.9778581152000019
2229,2018-10-09 00:10:00,8.1379672348,10/9/2018,12:10:00 am,0,7.502,9.1165,0.9785327652000007
2230,2018-10-09 00:20:00,8.1398027308,10/9/2018,12:20:00 am,0,7.501,9.117,0.9771972692000013
2231,2018-10-09 00:30:00,8.1382935452,10/9/2018,12:30:00 am,0,7.501,9.1164,0.9781064548000007
2232,2018-10-09 00:40:00,8.1402004216,10/9/2018,12:40:00 am,0,7.501,9.1176,0.9773995784
2233,2018-10-09 00:50:00,8.1412711276,10/9/2018,12:50:00 am,0,7.5,9.1187,0.9774288724000009
2234,2018-10-09 01:00:00,8.1401392384,10/9/2018,01:00:00 am,0,7.499,9.1182,0.9780607616000001
2235,2018-10-09 01:10:00,8.1401392384,10/9/2018,01:10:00 am,0,7.499,9.1179,0.9777607616000008
2236,2018-10-09 01:20:00,8.1388034052,10/9/2018,01:20:00 am,0,7.499,9.1168,0.9779965948000005
2237,2018-10-09 01:30:00,8.1398741112,10/9/2018,01:30:00 am,0,7.498,9.1177,0.9778258888
2238,2018-10-09 01:40:00,8.1391195184,10/9/2018,01:40:00 am,0,7.498,9.1171,0.9779804816000013
2239,2018-10-09 01:50:00,8.1408530424,10/9/2018,01:50:00 am,0,7.498,9.1184,0.9775469575999995
2240,2018-10-09 02:00:00,8.1415362548,10/9/2018,02:00:00 am,0,7.497,9.1193,0.9777637452000008
2241,2018-10-09 02:10:00,8.14144448,10/9/2018,02:10:00 am,0,7.496,9.1201,0.9786555200000002
2242,2018-10-09 02:20:00,8.1411691556,10/9/2018,02:20:00 am,0,7.496,9.1194,0.9782308444000005
2243,2018-10-09 02:30:00,8.139945491599999,10/9/2018,02:30:00 am,0,7.496,9.1183,0.9783545084000007
2244,2018-10-09 02:40:00,8.1395172092,10/9/2018,02:40:00 am,0,7.495,9.1185,0.9789827908
2245,2018-10-09 02:50:00,8.139231687599999,10/9/2018,02:50:00 am,0,7.495,9.1176,0.9783683124000007
2246,2018-10-09 03:00:00,8.1384261088,10/9/2018,03:00:00 am,0,7.494,9.117,0.9785738912000017
2247,2018-10-09 03:10:00,8.137926446,10/9/2018,03:10:00 am,0,7.494,9.1165,0.9785735540000005
2248,2018-10-09 03:20:00,8.1376613188,10/9/2018,03:20:00 am,0,7.493,9.1162,0.9785386811999999
2249,2018-10-09 03:30:00,8.137212642,10/9/2018,03:30:00 am,0,7.493,9.116,0.9787873579999999
2250,2018-10-09 03:40:00,8.1368863316,10/9/2018,03:40:00 am,0,7.492,9.1153,0.9784136684
2251,2018-10-09 03:50:00,8.1355606956,10/9/2018,03:50:00 am,0,7.492,9.1147,0.9791393043999985
2252,2018-10-09 04:00:00,8.1343880176,10/9/2018,04:00:00 am,0,7.491,9.1131,0.9787119824000001
2253,2018-10-09 04:10:00,8.1335824388,10/9/2018,04:10:00 am,0,7.491,9.1125,0.9789175612000012
2254,2018-10-09 04:20:00,8.134918271999998,10/9/2018,04:20:00 am,0,7.49,9.1136,0.9786817280000015
2255,2018-10-09 04:30:00,8.1349896524,10/9/2018,04:30:00 am,0,7.49,9.1138,0.9788103475999996
2256,2018-10-09 04:40:00,8.136356077199999,10/9/2018,04:40:00 am,0,7.49,9.1149,0.9785439228000019
2257,2018-10-09 04:50:00,8.135346554399998,10/9/2018,04:50:00 am,0,7.489,9.1143,0.978953445600002
2258,2018-10-09 05:00:00,8.134999849599998,10/9/2018,05:00:00 am,0,7.489,9.114,0.9790001504000028
2259,2018-10-09 05:10:00,8.1362133164,10/9/2018,05:10:00 am,0,7.488,9.1146,0.9783866836000001
2260,2018-10-09 05:20:00,8.1366823876,10/9/2018,05:20:00 am,0,7.488,9.1158,0.9791176123999996
2261,2018-10-09 05:30:00,8.136661993199999,10/9/2018,05:30:00 am,0,7.487,9.1153,0.9786380068000007
2262,2018-10-09 05:40:00,8.1368455428,10/9/2018,05:40:00 am,0,7.487,9.1161,0.9792544571999997
2263,2018-10-09 05:50:00,8.136631401599999,10/9/2018,05:50:00 am,0,7.486,9.1158,0.9791685984000011
2264,2018-10-09 06:00:00,8.1364682464,10/9/2018,06:00:00 am,0,7.485,9.1157,0.9792317536000006
2265,2018-10-09 06:10:00,8.138507686399999,10/9/2018,06:10:00 am,0,7.485,9.117,0.9784923136000021
2266,2018-10-09 06:20:00,8.1387728136,10/9/2018,06:20:00 am,0,7.484,9.1186,0.9798271864000014
2267,2018-10-09 06:30:00,8.139935294399999,10/9/2018,06:30:00 am,0,7.484,9.1189,0.978964705600001
2268,2018-10-09 06:40:00,8.1395274064,10/9/2018,06:40:00 am,0,7.483,9.119,0.9794725936000006
2269,2018-10-09 06:50:00,8.139201095999999,10/9/2018,06:50:00 am,0,7.483,9.1183,0.9790989040000007
2270,2018-10-09 07:00:00,8.1392724764,10/9/2018,07:00:00 am,0,7.483,9.1181,0.9788275235999997
2271,2018-10-09 07:10:00,8.1397721392,10/9/2018,07:10:00 am,0,7.481,9.1188,0.9790278608000005
2272,2018-10-09 07:20:00,8.139364251199998,10/9/2018,07:20:00 am,0,7.482,9.119,0.9796357488000016
2273,2018-10-09 07:30:00,8.140027069199999,10/9/2018,07:30:00 am,0,7.481,9.1197,0.9796729308000014
2274,2018-10-09 07:40:00,8.1400984496,10/9/2018,07:40:00 am,0,7.48,9.1201,0.9800015504000008
2275,2018-10-09 07:50:00,8.1394458288,10/9/2018,07:50:00 am,0,7.48,9.12,0.9805541711999997
2276,2018-10-09 08:00:00,8.1391297156,10/9/2018,08:00:00 am,0,7.479,9.119,0.9798702844000005
2277,2018-10-09 08:10:00,8.1387218276,10/9/2018,08:10:00 am,0,7.479,9.1193,0.9805781724000013
2278,2018-10-09 08:20:00,8.1390889268,10/9/2018,08:20:00 am,0,7.478,9.1197,0.9806110732000004
2279,2018-10-09 08:30:00,8.1376511216,10/9/2018,08:30:00 am,0,7.478,9.1187,0.9810488784000011
2280,2018-10-09 08:40:00,8.1364886408,10/9/2018,08:40:00 am,0,7.477,9.118,0.9815113592000007
2281,2018-10-09 08:50:00,8.1332969172,10/9/2018,08:50:00 am,0,7.477,9.1171,0.9838030828000015
2282,2018-10-09 09:00:00,8.1334192836,10/9/2018,09:00:00 am,0,7.476,9.1164,0.9829807164000002
2283,2018-10-09 09:10:00,8.1339801296,10/9/2018,09:10:00 am,0,7.476,9.1167,0.9827198704000004
2284,2018-10-09 09:20:00,8.134612356,10/9/2018,09:20:00 am,0,7.475,9.1166,0.9819876440000002
2285,2018-10-09 09:30:00,8.133347903199999,10/9/2018,09:30:00 am,0,7.474,9.1155,0.9821520968000019
2286,2018-10-09 09:40:00,8.13175714,10/9/2018,09:40:00 am,0,7.474,9.1148,0.9830428600000012
2287,2018-10-09 09:50:00,8.1314410268,10/9/2018,09:50:00 am,0,7.473,9.1148,0.9833589732000014
2288,2018-10-09 10:00:00,8.1287285716,10/9/2018,10:00:00 am,0,7.473,9.1134,0.9846714284000004
2289,2018-10-09 10:10:00,8.1290752764,10/9/2018,10:10:00 am,0,7.472,9.113,0.9839247235999995
2290,2018-10-09 10:20:00,8.1272397804,10/9/2018,10:20:00 am,0,7.472,9.1113,0.9840602195999999
2291,2018-10-09 10:30:00,8.1260365108,10/9/2018,10:30:00 am,0,7.472,9.11,0.9839634891999989
2292,2018-10-09 10:40:00,8.123415830399999,10/9/2018,10:40:00 am,0,7.471,9.1087,0.9852841696000016
2293,2018-10-09 10:50:00,8.1199691768,10/9/2018,10:50:00 am,0,7.47,9.1082,0.9882308232000003
2294,2018-10-09 11:00:00,8.1189800484,10/9/2018,11:00:00 am,0,7.47,9.1064,0.9874199516000015
2295,2018-10-09 11:10:00,8.119377739199999,10/9/2018,11:10:00 am,0,7.469,9.1036,0.9842222608000011
2296,2018-10-09 11:20:00,8.1186639352,10/9/2018,11:20:00 am,0,7.468,9.1019,0.9832360647999998
2297,2018-10-09 11:30:00,8.117287313199999,10/9/2018,11:30:00 am,0,7.468,9.1012,0.9839126868000019
2298,2018-10-09 11:40:00,8.1165939036,10/9/2018,11:40:00 am,0,7.467,9.0999,0.9833060963999998
2299,2018-10-09 11:50:00,8.114370914,10/9/2018,11:50:00 am,0,7.467,9.0976,0.9832290859999997
2300,2018-10-09 12:00:00,8.1131064612,10/9/2018,12:00:00 pm,0,7.467,9.0966,0.9834935388000012
2301,2018-10-09 12:10:00,8.1115360924,10/9/2018,12:10:00 pm,0,7.466,9.0951,0.9835639076000007
2302,2018-10-09 12:20:00,8.1099249348,10/9/2018,12:20:00 pm,0,7.465,9.0938,0.9838750651999995
2303,2018-10-09 12:30:00,8.1075489872,10/9/2018,12:30:00 pm,0,7.465,9.0924,0.9848510128000001
2304,2018-10-09 12:40:00,8.109720990799998,10/9/2018,12:40:00 pm,0,7.464,9.0909,0.9811790092000017
2305,2018-10-09 12:50:00,8.11161767,10/9/2018,12:50:00 pm,0,7.464,9.0905,0.9788823300000011
2306,2018-10-09 13:00:00,8.1100676956,10/9/2018,01:00:00 pm,0,7.463,9.0902,0.9801323043999997
2307,2018-10-09 13:10:00,8.1098025684,10/9/2018,01:10:00 pm,0,7.462,9.09,0.9801974316000006
2308,2018-10-09 13:20:00,8.1075591844,10/9/2018,01:20:00 pm,0,7.462,9.0881,0.9805408156000013
2309,2018-10-09 13:30:00,8.103235571599999,10/9/2018,01:30:00 pm,0,7.461,9.0853,0.9820644284000011
2310,2018-10-09 13:40:00,8.103266163199999,10/9/2018,01:40:00 pm,0,7.46,9.084,0.9807338368000007
2311,2018-10-09 13:50:00,8.102521767599999,10/9/2018,01:50:00 pm,0,7.46,9.0829,0.9803782324000014
2312,2018-10-09 14:00:00,8.103765826,10/9/2018,02:00:00 pm,0,7.459,9.0812,0.9774341740000008
2313,2018-10-09 14:10:00,8.1039085868,10/9/2018,02:10:00 pm,0,7.459,9.0799,0.9759914132000009
2314,2018-10-09 14:20:00,8.1009004128,10/9/2018,02:20:00 pm,0,7.458,9.0791,0.9781995872000007
2315,2018-10-09 14:30:00,8.102185259999999,10/9/2018,02:30:00 pm,0,7.458,9.0782,0.9760147400000019
2316,2018-10-09 14:40:00,8.1008800184,10/9/2018,02:40:00 pm,0,7.457,9.0787,0.9778199815999997
2317,2018-10-09 14:50:00,8.0997073404,10/9/2018,02:50:00 pm,0,7.457,9.0768,0.9770926596000002
2318,2018-10-09 15:00:00,8.098555056799999,10/9/2018,03:00:00 pm,0,7.456,9.0752,0.976644943200002
2319,2018-10-09 15:10:00,8.1001764116,10/9/2018,03:10:00 pm,0,7.455,9.0748,0.9746235884000001
2320,2018-10-09 15:20:00,8.102266837599998,10/9/2018,03:20:00 pm,0,7.455,9.0765,0.9742331624000009
2321,2018-10-09 15:30:00,8.102888866799999,10/9/2018,03:30:00 pm,0,7.454,9.0777,0.9748111332000011
2322,2018-10-09 15:40:00,8.1028072892,10/9/2018,03:40:00 pm,0,7.454,9.0782,0.9753927108000013
2323,2018-10-09 15:50:00,8.104795743199999,10/9/2018,03:50:00 pm,0,7.453,9.0793,0.9745042568000013
2324,2018-10-09 16:00:00,8.1049283068,10/9/2018,04:00:00 pm,0,7.452,9.0796,0.9746716931999995
2325,2018-10-09 16:10:00,8.1061825624,10/9/2018,04:10:00 pm,0,7.452,9.0805,0.9743174375999999
2326,2018-10-09 16:20:00,8.1067434084,10/9/2018,04:20:00 pm,0,7.451,9.0814,0.9746565916000005
2327,2018-10-09 16:30:00,8.106233548399999,10/9/2018,04:30:00 pm,0,7.451,9.0809,0.974666451600001
2328,2018-10-09 16:40:00,8.107079916,10/9/2018,04:40:00 pm,0,7.45,9.0807,0.9736200840000002
2329,2018-10-09 16:50:00,8.1067332112,10/9/2018,04:50:00 pm,0,7.449,9.0813,0.9745667888000007
2330,2018-10-09 17:00:00,8.1082831856,10/9/2018,05:00:00 pm,0,7.449,9.0837,0.9754168144000008
2331,2018-10-09 17:10:00,8.1087522568,10/9/2018,05:10:00 pm,0,7.448,9.0841,0.9753477431999986
2332,2018-10-09 17:20:00,8.108201608,10/9/2018,05:20:00 pm,0,7.448,9.0833,0.9750983919999996
2333,2018-10-09 17:30:00,8.1097719768,10/9/2018,05:30:00 pm,0,7.447,9.0841,0.9743280232
2334,2018-10-09 17:40:00,8.110190062,10/9/2018,05:40:00 pm,0,7.447,9.0856,0.9754099380000003
2335,2018-10-09 17:50:00,8.110812091199998,10/9/2018,05:50:00 pm,0,7.446,9.0855,0.9746879088000018
2336,2018-10-09 18:00:00,8.109466060799999,10/9/2018,06:00:00 pm,0,7.446,9.0849,0.9754339392000002
2337,2018-10-09 18:10:00,8.110954851999999,10/9/2018,06:10:00 pm,0,7.445,9.0868,0.9758451480000012
2338,2018-10-09 18:20:00,8.111056824,10/9/2018,06:20:00 pm,0,7.444,9.0871,0.9760431759999992
2339,2018-10-09 18:30:00,8.112402854399999,10/9/2018,06:30:00 pm,0,7.443,9.0878,0.9753971456000006
2340,2018-10-09 18:40:00,8.1120153608,10/9/2018,06:40:00 pm,0,7.443,9.0876,0.9755846392000009
2341,2018-10-09 18:50:00,8.1114035288,10/9/2018,06:50:00 pm,0,7.442,9.0879,0.976496471199999
2342,2018-10-09 19:00:00,8.1127087704,10/9/2018,07:00:00 pm,0,7.442,9.0887,0.9759912296
2343,2018-10-09 19:10:00,8.113147249999999,10/9/2018,07:10:00 pm,0,7.441,9.0887,0.9755527500000003
2344,2018-10-09 19:20:00,8.1128107424,10/9/2018,07:20:00 pm,0,7.44,9.0889,0.9760892576
2345,2018-10-09 19:30:00,8.1136469128,10/9/2018,07:30:00 pm,0,7.44,9.0889,0.9752530872000005
2346,2018-10-09 19:40:00,8.113249222,10/9/2018,07:40:00 pm,0,7.439,9.0894,0.9761507779999992
2347,2018-10-09 19:50:00,8.113096264,10/9/2018,07:50:00 pm,0,7.439,9.0895,0.976403736
2348,2018-10-09 20:00:00,8.113555138,10/9/2018,08:00:00 pm,0,7.438,9.0895,0.9759448619999986
2349,2018-10-09 20:10:00,8.11289232,10/9/2018,08:10:00 pm,0,7.438,9.0896,0.9767076800000005
2350,2018-10-09 20:20:00,8.1119133888,10/9/2018,08:20:00 pm,0,7.437,9.0887,0.9767866111999997
2351,2018-10-09 20:30:00,8.113188038799999,10/9/2018,08:30:00 pm,0,7.436,9.0903,0.9771119612000003
2352,2018-10-09 20:40:00,8.1131064612,10/9/2018,08:40:00 pm,0,7.435,9.0903,0.9771935387999999
2353,2018-10-09 20:50:00,8.114064998,10/9/2018,08:50:00 pm,0,7.435,9.0912,0.9771350020000007
2354,2018-10-09 21:00:00,8.1143811112,10/9/2018,09:00:00 pm,0,7.434,9.0914,0.9770188888
2355,2018-10-09 21:10:00,8.1173892852,10/9/2018,09:10:00 pm,0,7.433,9.0953,0.9779107148000001
2356,2018-10-09 21:20:00,8.1177971732,10/9/2018,09:20:00 pm,0,7.433,9.0958,0.978002826800001
2357,2018-10-09 21:30:00,8.1182254556,10/9/2018,09:30:00 pm,0,7.432,9.097,0.9787745444000002
2358,2018-10-09 21:40:00,8.120948107999999,10/9/2018,09:40:00 pm,0,7.431,9.0997,0.9787518920000018
2359,2018-10-09 21:50:00,8.1229161676,10/9/2018,09:50:00 pm,0,7.431,9.1012,0.9782838324000007
2360,2018-10-09 22:00:00,8.123242478,10/9/2018,10:00:00 pm,0,7.43,9.1024,0.9791575219999995
2361,2018-10-09 22:10:00,8.1240786484,10/9/2018,10:10:00 pm,0,7.43,9.1029,0.9788213516000006
2362,2018-10-09 22:20:00,8.1240888456,10/9/2018,10:20:00 pm,0,7.429,9.1033,0.9792111544000015
2363,2018-10-09 22:30:00,8.124302986799998,10/9/2018,10:30:00 pm,0,7.428,9.1037,0.9793970132000016
2364,2018-10-09 22:40:00,8.1243335784,10/9/2018,10:40:00 pm,0,7.428,9.1041,0.9797664216000008
2365,2018-10-09 22:50:00,8.1247822552,10/9/2018,10:50:00 pm,0,7.427,9.1047,0.9799177447999998
2366,2018-10-09 23:00:00,8.1250677768,10/9/2018,11:00:00 pm,0,7.426,9.1051,0.9800322232000003
2367,2018-10-09 23:10:00,8.125230932,10/9/2018,11:10:00 pm,0,7.426,9.1052,0.9799690680000008
2368,2018-10-09 23:20:00,8.1261282856,10/9/2018,11:20:00 pm,0,7.425,9.1058,0.9796717144000002
2369,2018-10-09 23:30:00,8.1270256392,10/9/2018,11:30:00 pm,0,7.425,9.1063,0.9792743607999999
2370,2018-10-09 23:40:00,8.1276986544,10/9/2018,11:40:00 pm,0,7.424,9.1078,0.9801013455999996
2371,2018-10-09 23:50:00,8.1263934128,10/9/2018,11:50:00 pm,0,7.423,9.1067,0.9803065871999994
2372,2018-10-10 00:00:00,8.126454595999999,10/10/2018,12:00:00 am,0,7.423,9.1065,0.980045404000002
2373,2018-10-10 00:10:00,8.1256490172,10/10/2018,12:10:00 am,0,7.422,9.1059,0.9802509827999994
2374,2018-10-10 00:20:00,8.1268318924,10/10/2018,12:20:00 am,0,7.421,9.1065,0.9796681076000002
2375,2018-10-10 00:30:00,8.126485187599998,10/10/2018,12:30:00 am,0,7.421,9.1063,0.9798148124000008
2376,2018-10-10 00:40:00,8.126505582,10/10/2018,12:40:00 am,0,7.42,9.1062,0.9796944179999993
2377,2018-10-10 00:50:00,8.126362821199999,10/10/2018,12:50:00 am,0,7.419,9.1055,0.9791371788000003
2378,2018-10-10 01:00:00,8.1271378084,10/10/2018,01:00:00 am,0,7.419,9.1066,0.9794621915999997
2379,2018-10-10 01:10:00,8.127066428,10/10/2018,01:10:00 am,0,7.418,9.1064,0.9793335720000016
2380,2018-10-10 01:20:00,8.126352623999999,10/10/2018,01:20:00 am,0,7.418,9.1062,0.9798473760000004
2381,2018-10-10 01:30:00,8.125618425599999,10/10/2018,01:30:00 am,0,7.417,9.1054,0.9797815744000005
2382,2018-10-10 01:40:00,8.1266891316,10/10/2018,01:40:00 am,0,7.416,9.1059,0.9792108684000009
2383,2018-10-10 01:50:00,8.1263322296,10/10/2018,01:50:00 am,0,7.415,9.1055,0.9791677704000001
2384,2018-10-10 02:00:00,8.1261588772,10/10/2018,02:00:00 am,0,7.414,9.1057,0.9795411228000006
2385,2018-10-10 02:10:00,8.126067102399999,10/10/2018,02:10:00 am,0,7.414,9.1058,0.9797328976000017
2386,2018-10-10 02:20:00,8.1261690744,10/10/2018,02:20:00 am,0,7.413,9.1058,0.9796309256000004
2387,2018-10-10 02:30:00,8.125689806,10/10/2018,02:30:00 am,0,7.413,9.1058,0.9801101939999999
2388,2018-10-10 02:40:00,8.124547719599999,10/10/2018,02:40:00 am,0,7.412,9.1045,0.9799522804000009
2389,2018-10-10 02:50:00,8.1237319436,10/10/2018,02:50:00 am,0,7.411,9.1041,0.9803680564000015
2390,2018-10-10 03:00:00,8.1229671536,10/10/2018,03:00:00 am,0,7.411,9.1027,0.979732846400001
2391,2018-10-10 03:10:00,8.1220698,10/10/2018,03:10:00 am,0,7.41,9.1019,0.9798302000000003
2392,2018-10-10 03:20:00,8.121988222399999,10/10/2018,03:20:00 am,0,7.41,9.1017,0.9797117776000004
2393,2018-10-10 03:30:00,8.1207849528,10/10/2018,03:30:00 am,0,7.409,9.1007,0.9799150472000004
2394,2018-10-10 03:40:00,8.1204484452,10/10/2018,03:40:00 am,0,7.408,9.1006,0.9801515548000008
2395,2018-10-10 03:50:00,8.120601403199998,10/10/2018,03:50:00 am,0,7.408,9.1009,0.9802985968000009
2396,2018-10-10 04:00:00,8.1206625864,10/10/2018,04:00:00 am,0,7.407,9.1005,0.9798374136000003
2397,2018-10-10 04:10:00,8.1204076564,10/10/2018,04:10:00 am,0,7.406,9.1004,0.9799923436000011
2398,2018-10-10 04:20:00,8.1192961616,10/10/2018,04:20:00 am,0,7.405,9.0993,0.9800038384
2399,2018-10-10 04:30:00,8.1188678792,10/10/2018,04:30:00 am,0,7.405,9.0989,0.9800321208000007
2400,2018-10-10 04:40:00,8.119316556,10/10/2018,04:40:00 am,0,7.404,9.099,0.9796834440000008
2401,2018-10-10 04:50:00,8.1200507544,10/10/2018,04:50:00 am,0,7.404,9.1,0.9799492456000003
2402,2018-10-10 05:00:00,8.119673458,10/10/2018,05:00:00 am,0,7.403,9.0996,0.9799265420000012
2403,2018-10-10 05:10:00,8.1188780764,10/10/2018,05:10:00 am,0,7.402,9.0991,0.9802219236000003
2404,2018-10-10 05:20:00,8.118327427599999,10/10/2018,05:20:00 am,0,7.401,9.0986,0.9802725724000005
2405,2018-10-10 05:30:00,8.117328101999998,10/10/2018,05:30:00 am,0,7.401,9.0981,0.9807718980000022
2406,2018-10-10 05:40:00,8.1167774532,10/10/2018,05:40:00 am,0,7.4,9.0971,0.9803225468000001
2407,2018-10-10 05:50:00,8.1166346924,10/10/2018,05:50:00 am,0,7.4,9.0971,0.9804653075999994
2408,2018-10-10 06:00:00,8.1167366644,10/10/2018,06:00:00 am,0,7.399,9.0975,0.9807633356000007
2409,2018-10-10 06:10:00,8.116940608399998,10/10/2018,06:10:00 am,0,7.398,9.0978,0.980859391600001
2410,2018-10-10 06:20:00,8.117277115999999,10/10/2018,06:20:00 am,0,7.397,9.0983,0.9810228840000015
2411,2018-10-10 06:30:00,8.1181234836,10/10/2018,06:30:00 am,0,7.397,9.0987,0.9805765163999993
2412,2018-10-10 06:40:00,8.118551766,10/10/2018,06:40:00 am,0,7.396,9.0991,0.9805482340000005
2413,2018-10-10 06:50:00,8.118643540799999,10/10/2018,06:50:00 am,0,7.396,9.0995,0.9808564592000018
2414,2018-10-10 07:00:00,8.119377739199999,10/10/2018,07:00:00 am,0,7.395,9.0999,0.9805222608000008
2415,2018-10-10 07:10:00,8.1195205,10/10/2018,07:10:00 am,0,7.394,9.1008,0.9812794999999994
2416,2018-10-10 07:20:00,8.1205708116,10/10/2018,07:20:00 am,0,7.393,9.1008,0.9802291883999992
2417,2018-10-10 07:30:00,8.1202750928,10/10/2018,07:30:00 am,0,7.393,9.1012,0.9809249072000004
2418,2018-10-10 07:40:00,8.1212744184,10/10/2018,07:40:00 am,0,7.392,9.1024,0.9811255815999989
2419,2018-10-10 07:50:00,8.1225592656,10/10/2018,07:50:00 am,0,7.392,9.103,0.9804407344000001
2420,2018-10-10 08:00:00,8.1221309832,10/10/2018,08:00:00 am,0,7.391,9.1035,0.9813690168000004
2421,2018-10-10 08:10:00,8.121988222399999,10/10/2018,08:10:00 am,0,7.39,9.1032,0.9812117776000004
2422,2018-10-10 08:20:00,8.121651714799999,10/10/2018,08:20:00 am,0,7.39,9.1039,0.9822482852000007
2423,2018-10-10 08:30:00,8.120948107999999,10/10/2018,08:30:00 am,0,7.389,9.1035,0.9825518920000018
2424,2018-10-10 08:40:00,8.1202954872,10/10/2018,08:40:00 am,0,7.388,9.1028,0.9825045128000003
2425,2018-10-10 08:50:00,8.1184395968,10/10/2018,08:50:00 am,0,7.388,9.1029,0.9844604032
2426,2018-10-10 09:00:00,8.1181642724,10/10/2018,09:00:00 am,0,7.387,9.1022,0.9840357276000002
2427,2018-10-10 09:10:00,8.119020837199999,10/10/2018,09:10:00 am,0,7.386,9.1023,0.9832791628000006
2428,2018-10-10 09:20:00,8.119571486,10/10/2018,09:20:00 am,0,7.385,9.1024,0.9828285139999995
2429,2018-10-10 09:30:00,8.1202954872,10/10/2018,09:30:00 am,0,7.385,9.1032,0.9829045127999994
2430,2018-10-10 09:40:00,8.119010639999999,10/10/2018,09:40:00 am,0,7.384,9.1041,0.9850893600000017
2431,2018-10-10 09:50:00,8.1182152584,10/10/2018,09:50:00 am,0,7.383,9.1037,0.9854847416000005
2432,2018-10-10 10:00:00,8.1181234836,10/10/2018,10:00:00 am,0,7.383,9.1042,0.9860765164000007
2433,2018-10-10 10:10:00,8.11875571,10/10/2018,10:10:00 am,0,7.382,9.1038,0.9850442899999994
2434,2018-10-10 10:20:00,8.1188780764,10/10/2018,10:20:00 am,0,7.381,9.1042,0.9853219236000008
2435,2018-10-10 10:30:00,8.1176952012,10/10/2018,10:30:00 am,0,7.381,9.1036,0.9859047988
2436,2018-10-10 10:40:00,8.1154314228,10/10/2018,10:40:00 am,0,7.38,9.1029,0.9874685771999996
2437,2018-10-10 10:50:00,8.1134123772,10/10/2018,10:50:00 am,0,7.38,9.1018,0.9883876228000013
2438,2018-10-10 11:00:00,8.114615646799999,10/10/2018,11:00:00 am,0,7.379,9.102,0.9873843532000013
2439,2018-10-10 11:10:00,8.115543592,10/10/2018,11:10:00 am,0,7.378,9.1011,0.9855564080000008
2440,2018-10-10 11:20:00,8.1157373388,10/10/2018,11:20:00 am,0,7.377,9.1009,0.9851626611999986
2441,2018-10-10 11:30:00,8.1149113656,10/10/2018,11:30:00 am,0,7.377,9.0998,0.9848886344000007
2442,2018-10-10 11:40:00,8.1143913084,10/10/2018,11:40:00 am,0,7.376,9.0997,0.9853086916000002
2443,2018-10-10 11:50:00,8.1129738976,10/10/2018,11:50:00 am,0,7.375,9.0986,0.9856261023999995
2444,2018-10-10 12:00:00,8.112994292,10/10/2018,12:00:00 pm,0,7.375,9.0972,0.9842057080000011
2445,2018-10-10 12:10:00,8.113147249999999,10/10/2018,12:10:00 pm,0,7.374,9.0972,0.9840527500000018
2446,2018-10-10 12:20:00,8.1116278672,10/10/2018,12:20:00 pm,0,7.373,9.0962,0.9845721328000003
2447,2018-10-10 12:30:00,8.111474909199998,10/10/2018,12:30:00 pm,0,7.372,9.0952,0.9837250908000019
2448,2018-10-10 12:40:00,8.110220653599999,10/10/2018,12:40:00 pm,0,7.372,9.0944,0.9841793464000013
2449,2018-10-10 12:50:00,8.1101084844,10/10/2018,12:50:00 pm,0,7.371,9.0938,0.9836915156000003
2450,2018-10-10 13:00:00,8.109241722399998,10/10/2018,01:00:00 pm,0,7.37,9.0923,0.9830582776000014
2451,2018-10-10 13:10:00,8.1086808764,10/10/2018,01:10:00 pm,0,7.369,9.0914,0.9827191236000008
2452,2018-10-10 13:20:00,8.1082627912,10/10/2018,01:20:00 pm,0,7.369,9.0908,0.9825372088000002
2453,2018-10-10 13:30:00,8.1082831856,10/10/2018,01:30:00 pm,0,7.369,9.091,0.9827168143999998
2454,2018-10-10 13:40:00,8.107304254399999,10/10/2018,01:40:00 pm,0,7.368,9.09,0.982695745600001
2455,2018-10-10 13:50:00,8.106641436399999,10/10/2018,01:50:00 pm,0,7.367,9.0888,0.9821585636000023
2456,2018-10-10 14:00:00,8.106937155199999,10/10/2018,02:00:00 pm,0,7.366,9.0881,0.9811628448000018
2457,2018-10-10 14:10:00,8.1052546172,10/10/2018,02:10:00 pm,0,7.365,9.0868,0.9815453828000003
2458,2018-10-10 14:20:00,8.1053056032,10/10/2018,02:20:00 pm,0,7.365,9.0868,0.9814943968000005
2459,2018-10-10 14:30:00,8.1040003616,10/10/2018,02:30:00 pm,0,7.364,9.0863,0.9822996383999989
2460,2018-10-10 14:40:00,8.1038779952,10/10/2018,02:40:00 pm,0,7.363,9.0854,0.9815220048000004
2461,2018-10-10 14:50:00,8.102868472399999,10/10/2018,02:50:00 pm,0,7.363,9.0838,0.980931527600001
2462,2018-10-10 15:00:00,8.10244019,10/10/2018,03:00:00 pm,0,7.362,9.0835,0.9810598100000014
2463,2018-10-10 15:10:00,8.102185259999999,10/10/2018,03:10:00 pm,0,7.362,9.0833,0.9811147400000007
2464,2018-10-10 15:20:00,8.1016754,10/10/2018,03:20:00 pm,0,7.361,9.0829,0.9812246000000009
2465,2018-10-10 15:30:00,8.101624414,10/10/2018,03:30:00 pm,0,7.36,9.0833,0.9816755859999997
2466,2018-10-10 15:40:00,8.1027665004,10/10/2018,03:40:00 pm,0,7.359,9.0837,0.9809334996000008
2467,2018-10-10 15:50:00,8.1036842484,10/10/2018,03:50:00 pm,0,7.358,9.0842,0.9805157515999987
2468,2018-10-10 16:00:00,8.103918784,10/10/2018,04:00:00 pm,0,7.358,9.0844,0.9804812160000012
2469,2018-10-10 16:10:00,8.103612867999999,10/10/2018,04:10:00 pm,0,7.357,9.0845,0.9808871320000012
2470,2018-10-10 16:20:00,8.103103008,10/10/2018,04:20:00 pm,0,7.356,9.0838,0.9806969920000004
2471,2018-10-10 16:30:00,8.103215177200001,10/10/2018,04:30:00 pm,0,7.356,9.0842,0.9809848227999982
2472,2018-10-10 16:40:00,8.1027359088,10/10/2018,04:40:00 pm,0,7.356,9.0838,0.9810640912000004
2473,2018-10-10 16:50:00,8.1024299928,10/10/2018,04:50:00 pm,0,7.354,9.0832,0.9807700072000003
2474,2018-10-10 17:00:00,8.1031845856,10/10/2018,05:00:00 pm,0,7.354,9.0837,0.980515414400001
2475,2018-10-10 17:10:00,8.1030826136,10/10/2018,05:10:00 pm,0,7.353,9.0835,0.980417386400001
2476,2018-10-10 17:20:00,8.1035924736,10/10/2018,05:20:00 pm,0,7.353,9.0839,0.9803075264000007
2477,2018-10-10 17:30:00,8.1035414876,10/10/2018,05:30:00 pm,0,7.352,9.0837,0.980158512400001
2478,2018-10-10 17:40:00,8.1034191212,10/10/2018,05:40:00 pm,0,7.351,9.0838,0.9803808788000001
2479,2018-10-10 17:50:00,8.104173714,10/10/2018,05:50:00 pm,0,7.35,9.0849,0.9807262859999994
2480,2018-10-10 18:00:00,8.1042654888,10/10/2018,06:00:00 pm,0,7.349,9.0847,0.9804345112000004
2481,2018-10-10 18:10:00,8.1046121936,10/10/2018,06:10:00 pm,0,7.349,9.0849,0.9802878063999998
2482,2018-10-10 18:20:00,8.1046733768,10/10/2018,06:20:00 pm,0,7.348,9.0847,0.9800266232000006
2483,2018-10-10 18:30:00,8.1053361948,10/10/2018,06:30:00 pm,0,7.348,9.0855,0.9801638052000001
2484,2018-10-10 18:40:00,8.1053667864,10/10/2018,06:40:00 pm,0,7.346,9.0859,0.9805332136000011
2485,2018-10-10 18:50:00,8.1054177724,10/10/2018,06:50:00 pm,0,7.346,9.0857,0.9802822276000001
2486,2018-10-10 19:00:00,8.105540138799999,10/10/2018,07:00:00 pm,0,7.345,9.086,0.9804598612000017
2487,2018-10-10 19:10:00,8.1067026196,10/10/2018,07:10:00 pm,0,7.345,9.0866,0.9798973804000006
2488,2018-10-10 19:20:00,8.1068657748,10/10/2018,07:20:00 pm,0,7.344,9.0866,0.9797342252000014
2489,2018-10-10 19:30:00,8.108038452799999,10/10/2018,07:30:00 pm,0,7.343,9.0875,0.9794615472000014
2490,2018-10-10 19:40:00,8.1087930456,10/10/2018,07:40:00 pm,0,7.342,9.0889,0.9801069544000001
2491,2018-10-10 19:50:00,8.109119355999999,10/10/2018,07:50:00 pm,0,7.341,9.0899,0.9807806440000011
2492,2018-10-10 20:00:00,8.1093640888,10/10/2018,08:00:00 pm,0,7.341,9.0898,0.9804359112000007
2493,2018-10-10 20:10:00,8.1098025684,10/10/2018,08:10:00 pm,0,7.341,9.0904,0.9805974316000015
2494,2018-10-10 20:20:00,8.110220653599999,10/10/2018,08:20:00 pm,0,7.34,9.0906,0.9803793464000012
2495,2018-10-10 20:30:00,8.1101492732,10/10/2018,08:30:00 pm,0,7.339,9.0911,0.9809507268000015
2496,2018-10-10 20:40:00,8.110608147199999,10/10/2018,08:40:00 pm,0,7.338,9.0916,0.9809918528000008
2497,2018-10-10 20:50:00,8.1102716396,10/10/2018,08:50:00 pm,0,7.338,9.0912,0.9809283604000001
2498,2018-10-10 21:00:00,8.111005837999999,10/10/2018,09:00:00 pm,0,7.337,9.0923,0.9812941620000011
2499,2018-10-10 21:10:00,8.112066346799999,10/10/2018,09:10:00 pm,0,7.336,9.0931,0.9810336532000008
2500,2018-10-10 21:20:00,8.112994292,10/10/2018,09:20:00 pm,0,7.335,9.0941,0.9811057079999994
2501,2018-10-10 21:30:00,8.113300207999998,10/10/2018,09:30:00 pm,0,7.335,9.0944,0.981099792000002
2502,2018-10-10 21:40:00,8.1132900108,10/10/2018,09:40:00 pm,0,7.334,9.0949,0.9816099892000008
2503,2018-10-10 21:50:00,8.1142281532,10/10/2018,09:50:00 pm,0,7.334,9.0961,0.9818718468000007
2504,2018-10-10 22:00:00,8.114523872,10/10/2018,10:00:00 pm,0,7.333,9.0965,0.9819761280000012
2505,2018-10-10 22:10:00,8.115064323599999,10/10/2018,10:10:00 pm,0,7.332,9.0978,0.9827356764000008
2506,2018-10-10 22:20:00,8.115839310799998,10/10/2018,10:20:00 pm,0,7.331,9.0987,0.9828606892000007
2507,2018-10-10 22:30:00,8.116084043599999,10/10/2018,10:30:00 pm,0,7.331,9.0997,0.9836159564000013
2508,2018-10-10 22:40:00,8.116920214,10/10/2018,10:40:00 pm,0,7.33,9.1,0.9830797859999993
2509,2018-10-10 22:50:00,8.1163491708,10/10/2018,10:50:00 pm,0,7.329,9.1,0.9836508292000001
2510,2018-10-10 23:00:00,8.1163389736,10/10/2018,11:00:00 pm,0,7.329,9.1002,0.9838610263999996
2511,2018-10-10 23:10:00,8.117022186,10/10/2018,11:10:00 pm,0,7.327,9.1004,0.9833778140000007
2512,2018-10-10 23:20:00,8.117950131199999,10/10/2018,11:20:00 pm,0,7.327,9.1018,0.9838498688000019
2513,2018-10-10 23:30:00,8.118031708799998,10/10/2018,11:30:00 pm,0,7.326,9.1018,0.9837682912000023
2514,2018-10-10 23:40:00,8.1178277648,10/10/2018,11:40:00 pm,0,7.326,9.1016,0.9837722352
2515,2018-10-10 23:50:00,8.1170935664,10/10/2018,11:50:00 pm,0,7.325,9.1011,0.9840064336000012
2516,2018-10-11 00:00:00,8.117603426399999,10/11/2018,12:00:00 am,0,7.324,9.1014,0.9837965736000012
2517,2018-10-11 00:10:00,8.118419202399998,10/11/2018,12:10:00 am,0,7.324,9.1019,0.9834807976000022
2518,2018-10-11 00:20:00,8.1182152584,10/11/2018,12:20:00 am,0,7.323,9.1016,0.9833847416000001
2519,2018-10-11 00:30:00,8.117990919999999,10/11/2018,12:30:00 am,0,7.322,9.1015,0.983509080000001
2520,2018-10-11 00:40:00,8.1178175676,10/11/2018,12:40:00 am,0,7.321,9.101,0.9831824324000014
2521,2018-10-11 00:50:00,8.1170425804,10/11/2018,12:50:00 am,0,7.321,9.101,0.9839574196000012
2522,2018-10-11 01:00:00,8.117552440399999,10/11/2018,01:00:00 am,0,7.32,9.1012,0.9836475596000014
2523,2018-10-11 01:10:00,8.1177665816,10/11/2018,01:10:00 am,0,7.32,9.1013,0.9835334184000004
2524,2018-10-11 01:20:00,8.1182254556,10/11/2018,01:20:00 am,0,7.319,9.1015,0.9832745444000004
2525,2018-10-11 01:30:00,8.1177767788,10/11/2018,01:30:00 am,0,7.318,9.1018,0.9840232212000011
2526,2018-10-11 01:40:00,8.1176952012,10/11/2018,01:40:00 am,0,7.317,9.101,0.9833047988000008
2527,2018-10-11 01:50:00,8.1177971732,10/11/2018,01:50:00 am,0,7.316,9.1014,0.9836028268000003
2528,2018-10-11 02:00:00,8.118021511599999,10/11/2018,02:00:00 am,0,7.316,9.1019,0.983878488400002
2529,2018-10-11 02:10:00,8.117756384399998,10/11/2018,02:10:00 am,0,7.315,9.1016,0.9838436156000014
2530,2018-10-11 02:20:00,8.11773599,10/11/2018,02:20:00 am,0,7.315,9.1017,0.9839640099999993
2531,2018-10-11 02:30:00,8.116808044799999,10/11/2018,02:30:00 am,0,7.314,9.1012,0.9843919552000013
2532,2018-10-11 02:40:00,8.116542917599999,10/11/2018,02:40:00 am,0,7.313,9.1007,0.9841570824000012
2533,2018-10-11 02:50:00,8.1162471988,10/11/2018,02:50:00 am,0,7.312,9.1006,0.9843528012
2534,2018-10-11 03:00:00,8.1159412828,10/11/2018,03:00:00 am,0,7.312,9.1,0.9840587171999999
2535,2018-10-11 03:10:00,8.115757733199999,10/11/2018,03:10:00 am,0,7.311,9.1001,0.9843422668000006
2536,2018-10-11 03:20:00,8.1154722116,10/11/2018,03:20:00 am,0,7.31,9.1001,0.9846277883999992
2537,2018-10-11 03:30:00,8.1152274788,10/11/2018,03:30:00 am,0,7.31,9.0994,0.9841725211999997
2538,2018-10-11 03:40:00,8.114972548799999,10/11/2018,03:40:00 am,0,7.309,9.0995,0.9845274512000017
2539,2018-10-11 03:50:00,8.1152580704,10/11/2018,03:50:00 am,0,7.308,9.0998,0.9845419296000006
2540,2018-10-11 04:00:00,8.1159820716,10/11/2018,04:00:00 am,0,7.307,9.0997,0.9837179284000008
2541,2018-10-11 04:10:00,8.1134327716,10/11/2018,04:10:00 am,0,7.307,9.0985,0.9850672284000002
2542,2018-10-11 04:20:00,8.113881448399999,10/11/2018,04:20:00 am,0,7.306,9.0985,0.9846185516000006
2543,2018-10-11 04:30:00,8.1143913084,10/11/2018,04:30:00 am,0,7.306,9.0987,0.984308691599999
2544,2018-10-11 04:40:00,8.1134225744,10/11/2018,04:40:00 am,0,7.305,9.0979,0.9844774255999997
2545,2018-10-11 04:50:00,8.1143913084,10/11/2018,04:50:00 am,0,7.303,9.0982,0.9838086916000002
2546,2018-10-11 05:00:00,8.1152682676,10/11/2018,05:00:00 am,0,7.303,9.0991,0.9838317324000005
2547,2018-10-11 05:10:00,8.115798521999999,10/11/2018,05:10:00 am,0,7.302,9.0997,0.9839014780000017
2548,2018-10-11 05:20:00,8.115135703999998,10/11/2018,05:20:00 am,0,7.302,9.0992,0.9840642960000014
2549,2018-10-11 05:30:00,8.115441619999999,10/11/2018,05:30:00 am,0,7.301,9.0997,0.9842583800000018
2550,2018-10-11 05:40:00,8.1158597052,10/11/2018,05:40:00 am,0,7.301,9.0999,0.9840402947999998
2551,2018-10-11 05:50:00,8.1162471988,10/11/2018,05:50:00 am,0,7.3,9.1005,0.9842528012000002
2552,2018-10-11 06:00:00,8.117379088,10/11/2018,06:00:00 am,0,7.299,9.1009,0.9835209119999995
2553,2018-10-11 06:10:00,8.1176442152,10/11/2018,06:10:00 am,0,7.298,9.1015,0.9838557847999994
2554,2018-10-11 06:20:00,8.1179603284,10/11/2018,06:20:00 am,0,7.298,9.1021,0.9841396715999995
2555,2018-10-11 06:30:00,8.1186639352,10/11/2018,06:30:00 am,0,7.297,9.1023,0.9836360647999989
2556,2018-10-11 06:40:00,8.1195205,10/11/2018,06:40:00 am,0,7.296,9.1029,0.9833794999999999
2557,2018-10-11 06:50:00,8.119398133599999,10/11/2018,06:50:00 am,0,7.295,9.1033,0.9839018664000019
2558,2018-10-11 07:00:00,8.1199997684,10/11/2018,07:00:00 am,0,7.295,9.1039,0.9839002315999998
2559,2018-10-11 07:10:00,8.1208257416,10/11/2018,07:10:00 am,0,7.294,9.1048,0.9839742584
2560,2018-10-11 07:20:00,8.121957630799999,10/11/2018,07:20:00 am,0,7.293,9.1063,0.9843423692000002
2561,2018-10-11 07:30:00,8.1224980824,10/11/2018,07:30:00 am,0,7.293,9.107,0.9845019175999994
2562,2018-10-11 07:40:00,8.1240684512,10/11/2018,07:40:00 am,0,7.292,9.1083,0.9842315488000004
2563,2018-10-11 07:50:00,8.1251697488,10/11/2018,07:50:00 am,0,7.291,9.1093,0.9841302511999999
2564,2018-10-11 08:00:00,8.126444398799999,10/11/2018,08:00:00 am,0,7.291,9.1104,0.9839556012000017
2565,2018-10-11 08:10:00,8.1262608492,10/11/2018,08:10:00 am,0,7.29,9.1113,0.9850391508000005
2566,2018-10-11 08:20:00,8.127933189999998,10/11/2018,08:20:00 am,0,7.289,9.1119,0.9839668100000019
2567,2018-10-11 08:30:00,8.1292384316,10/11/2018,08:30:00 am,0,7.289,9.1129,0.9836615684000005
2568,2018-10-11 08:40:00,8.1293506008,10/11/2018,08:40:00 am,0,7.288,9.1138,0.984449399199999
2569,2018-10-11 08:50:00,8.127494710399999,10/11/2018,08:50:00 am,0,7.287,9.1137,0.9862052896000009
2570,2018-10-11 09:00:00,8.127790429200001,10/11/2018,09:00:00 am,0,7.287,9.1143,0.9865095707999991
2571,2018-10-11 09:10:00,8.129636122399999,10/11/2018,09:10:00 am,0,7.286,9.1155,0.9858638776000017
2572,2018-10-11 09:20:00,8.1313798436,10/11/2018,09:20:00 am,0,7.285,9.1174,0.9860201564000004
2573,2018-10-11 09:30:00,8.1318285204,10/11/2018,09:30:00 am,0,7.284,9.1188,0.9869714796000011
2574,2018-10-11 09:40:00,8.13252193,10/11/2018,09:40:00 am,0,7.283,9.1195,0.986978070000001
2575,2018-10-11 09:50:00,8.13354165,10/11/2018,09:50:00 am,0,7.283,9.1202,0.9866583500000008
2576,2018-10-11 10:00:00,8.1348876804,10/11/2018,10:00:00 am,0,7.282,9.1209,0.9860123196000004
2577,2018-10-11 10:10:00,8.1361827248,10/11/2018,10:10:00 am,0,7.282,9.1225,0.9863172752000011
2578,2018-10-11 10:20:00,8.134530778399998,10/11/2018,10:20:00 am,0,7.281,9.123,0.9884692216000008
2579,2018-10-11 10:30:00,8.135152807599999,10/11/2018,10:30:00 am,0,7.28,9.1231,0.9879471924000018
2580,2018-10-11 10:40:00,8.1355912872,10/11/2018,10:40:00 am,0,7.279,9.123,0.9874087127999989
2581,2018-10-11 10:50:00,8.1347245252,10/11/2018,10:50:00 am,0,7.279,9.1234,0.9886754748000008
2582,2018-10-11 11:00:00,8.1356932592,10/11/2018,11:00:00 am,0,7.278,9.1234,0.9877067408000002
2583,2018-10-11 11:10:00,8.137518558,10/11/2018,11:10:00 am,0,7.278,9.1238,0.9862814419999992
2584,2018-10-11 11:20:00,8.138497489199999,10/11/2018,11:20:00 am,0,7.276,9.1233,0.9848025108000016
2585,2018-10-11 11:30:00,8.1372840224,10/11/2018,11:30:00 am,0,7.276,9.1231,0.9858159776000015
2586,2018-10-11 11:40:00,8.137182050399998,10/11/2018,11:40:00 am,0,7.275,9.1232,0.9860179496000026
2587,2018-10-11 11:50:00,8.136243907999999,10/11/2018,11:50:00 am,0,7.275,9.1231,0.9868560920000018
2588,2018-10-11 12:00:00,8.1372942196,10/11/2018,12:00:00 pm,0,7.274,9.1226,0.9853057804000009
2589,2018-10-11 12:10:00,8.137763290799999,10/11/2018,12:10:00 pm,0,7.273,9.123,0.9852367092000005
2590,2018-10-11 12:20:00,8.1363356828,10/11/2018,12:20:00 pm,0,7.272,9.1227,0.9863643171999996
2591,2018-10-11 12:30:00,8.1350916244,10/11/2018,12:30:00 pm,0,7.272,9.1223,0.9872083755999999
2592,2018-10-11 12:40:00,8.1362031192,10/11/2018,12:40:00 pm,0,7.271,9.1218,0.9855968808000011
2593,2018-10-11 12:50:00,8.138109995599999,10/11/2018,12:50:00 pm,0,7.27,9.1217,0.9835900044000017
2594,2018-10-11 13:00:00,8.1383445312,10/11/2018,01:00:00 pm,0,7.27,9.122,0.9836554688000003
2595,2018-10-11 13:10:00,8.1365600212,10/11/2018,01:10:00 pm,0,7.269,9.1207,0.9841399788
2596,2018-10-11 13:20:00,8.1356422732,10/11/2018,01:20:00 pm,0,7.268,9.12,0.984357726799999
2597,2018-10-11 13:30:00,8.1335110584,10/11/2018,01:30:00 pm,0,7.267,9.12,0.9864889415999993
2598,2018-10-11 13:40:00,8.1343676232,10/11/2018,01:40:00 pm,0,7.267,9.1183,0.9839323768000003
2599,2018-10-11 13:50:00,8.134449200799999,10/11/2018,01:50:00 pm,0,7.266,9.1178,0.9833507992000019
2600,2018-10-11 14:00:00,8.1361623304,10/11/2018,02:00:00 pm,0,7.266,9.1179,0.9817376696000011
2601,2018-10-11 14:10:00,8.1358564144,10/11/2018,02:10:00 pm,0,7.264,9.1173,0.981443585600001
2602,2018-10-11 14:20:00,8.1351630048,10/11/2018,02:20:00 pm,0,7.264,9.1169,0.9817369951999986
2603,2018-10-11 14:30:00,8.134357426,10/11/2018,02:30:00 pm,0,7.264,9.1155,0.9811425740000015
2604,2018-10-11 14:40:00,8.1343472288,10/11/2018,02:40:00 pm,0,7.263,9.1147,0.9803527711999998
2605,2018-10-11 14:50:00,8.1314614212,10/11/2018,02:50:00 pm,0,7.262,9.1147,0.9832385788
2606,2018-10-11 15:00:00,8.1347347224,10/11/2018,03:00:00 pm,0,7.261,9.1153,0.9805652776000002
2607,2018-10-11 15:10:00,8.1360603584,10/11/2018,03:10:00 pm,0,7.26,9.1155,0.9794396416000009
2608,2018-10-11 15:20:00,8.136804754,10/11/2018,03:20:00 pm,0,7.26,9.1161,0.9792952459999995
2609,2018-10-11 15:30:00,8.136702781999999,10/11/2018,03:30:00 pm,0,7.259,9.1172,0.9804972180000018
2610,2018-10-11 15:40:00,8.137977432,10/11/2018,03:40:00 pm,0,7.258,9.1172,0.9792225680000008
2611,2018-10-11 15:50:00,8.137141261599998,10/11/2018,03:50:00 pm,0,7.258,9.1174,0.9802587384000017
2612,2018-10-11 16:00:00,8.137824474,10/11/2018,04:00:00 pm,0,7.257,9.1186,0.9807755260000004
2613,2018-10-11 16:10:00,8.1382221648,10/11/2018,04:10:00 pm,0,7.256,9.1188,0.9805778352000001
2614,2018-10-11 16:20:00,8.1400474636,10/11/2018,04:20:00 pm,0,7.256,9.119,0.9789525363999996
2615,2018-10-11 16:30:00,8.141587240799998,10/11/2018,04:30:00 pm,0,7.255,9.1205,0.9789127592000018
2616,2018-10-11 16:40:00,8.1416892128,10/11/2018,04:40:00 pm,0,7.254,9.1206,0.9789107872000002
2617,2018-10-11 16:50:00,8.1422296644,10/11/2018,04:50:00 pm,0,7.253,9.1216,0.9793703356000005
2618,2018-10-11 17:00:00,8.1399047028,10/11/2018,05:00:00 pm,0,7.253,9.1196,0.979695297200001
2619,2018-10-11 17:10:00,8.140383971199999,10/11/2018,05:10:00 pm,0,7.252,9.1198,0.9794160288000011
2620,2018-10-11 17:20:00,8.141893156799998,10/11/2018,05:20:00 pm,0,7.252,9.1208,0.9789068432000008
2621,2018-10-11 17:30:00,8.1420767064,10/11/2018,05:30:00 pm,0,7.251,9.1209,0.9788232936000014
2622,2018-10-11 17:40:00,8.1421480868,10/11/2018,05:40:00 pm,0,7.25,9.121,0.9788519131999998
2623,2018-10-11 17:50:00,8.142617158,10/11/2018,05:50:00 pm,0,7.249,9.1214,0.9787828419999993
2624,2018-10-11 18:00:00,8.142525383199999,10/11/2018,06:00:00 pm,0,7.248,9.1212,0.9786746168000011
2625,2018-10-11 18:10:00,8.144381273599999,10/11/2018,06:10:00 pm,0,7.248,9.1226,0.9782187264000015
2626,2018-10-11 18:20:00,8.1444220624,10/11/2018,06:20:00 pm,0,7.247,9.1228,0.9783779375999995
2627,2018-10-11 18:30:00,8.1464309108,10/11/2018,06:30:00 pm,0,7.247,9.1243,0.9778690892000004
2628,2018-10-11 18:40:00,8.1467776156,10/11/2018,06:40:00 pm,0,7.246,9.1252,0.9784223844
2629,2018-10-11 18:50:00,8.1469815596,10/11/2018,06:50:00 pm,0,7.245,9.1254,0.9784184404000005
2630,2018-10-11 19:00:00,8.148633506,10/11/2018,07:00:00 pm,0,7.244,9.1267,0.9780664940000001
2631,2018-10-11 19:10:00,8.1503874244,10/11/2018,07:10:00 pm,0,7.244,9.1286,0.9782125756000006
2632,2018-10-11 19:20:00,8.1512439892,10/11/2018,07:20:00 pm,0,7.243,9.13,0.9787560108000015
2633,2018-10-11 19:30:00,8.1529775132,10/11/2018,07:30:00 pm,0,7.242,9.1308,0.977822486800001
2634,2018-10-11 19:40:00,8.1540686136,10/11/2018,07:40:00 pm,0,7.242,9.1318,0.9777313864000003
2635,2018-10-11 19:50:00,8.1540584164,10/11/2018,07:50:00 pm,0,7.241,9.132,0.9779415835999998
2636,2018-10-11 20:00:00,8.1541195996,10/11/2018,08:00:00 pm,0,7.241,9.1323,0.9781804004000012
2637,2018-10-11 20:10:00,8.155516615999998,10/11/2018,08:10:00 pm,0,7.239,9.1336,0.9780833840000014
2638,2018-10-11 20:20:00,8.1557613488,10/11/2018,08:20:00 pm,0,7.239,9.1336,0.977838651199999
2639,2018-10-11 20:30:00,8.1566587024,10/11/2018,08:30:00 pm,0,7.238,9.1348,0.9781412976000006
2640,2018-10-11 20:40:00,8.1573827036,10/11/2018,08:40:00 pm,0,7.237,9.1347,0.9773172964000008
2641,2018-10-11 20:50:00,8.1580251272,10/11/2018,08:50:00 pm,0,7.237,9.1357,0.9776748727999998
2642,2018-10-11 21:00:00,8.1603500888,10/11/2018,09:00:00 pm,0,7.236,9.1373,0.9769499112000002
2643,2018-10-11 21:10:00,8.1612984284,10/11/2018,09:10:00 pm,0,7.235,9.1388,0.9775015715999995
2644,2018-10-11 21:20:00,8.162379331599999,10/11/2018,09:20:00 pm,0,7.235,9.1394,0.9770206684000016
2645,2018-10-11 21:30:00,8.1628789944,10/11/2018,09:30:00 pm,0,7.234,9.1404,0.9775210055999999
2646,2018-10-11 21:40:00,8.1634500376,10/11/2018,09:40:00 pm,0,7.233,9.1411,0.9776499623999992
2647,2018-10-11 21:50:00,8.1642760108,10/11/2018,09:50:00 pm,0,7.233,9.1422,0.9779239892000007
2648,2018-10-11 22:00:00,8.1651427728,10/11/2018,10:00:00 pm,0,7.232,9.143,0.9778572272000012
2649,2018-10-11 22:10:00,8.1661522956,10/11/2018,10:10:00 pm,0,7.231,9.1437,0.9775477044000009
2650,2018-10-11 22:20:00,8.1666519584,10/11/2018,10:20:00 pm,0,7.231,9.1444,0.9777480416
2651,2018-10-11 22:30:00,8.167416748399999,10/11/2018,10:30:00 pm,0,7.23,9.1451,0.9776832516000002
2652,2018-10-11 22:40:00,8.168874948,10/11/2018,10:40:00 pm,0,7.229,9.1467,0.977825052
2653,2018-10-11 22:50:00,8.170486105599998,10/11/2018,10:50:00 pm,0,7.229,9.1477,0.977213894400002
2654,2018-10-11 23:00:00,8.171373262,10/11/2018,11:00:00 pm,0,7.228,9.1498,0.9784267380000014
2655,2018-10-11 23:10:00,8.1732801384,10/11/2018,11:10:00 pm,0,7.227,9.1507,0.9774198616000014
2656,2018-10-11 23:20:00,8.173453490799998,10/11/2018,11:20:00 pm,0,7.226,9.1517,0.9782465092000017
2657,2018-10-11 23:30:00,8.174738338,10/11/2018,11:30:00 pm,0,7.226,9.1526,0.9778616620000005
2658,2018-10-11 23:40:00,8.1751870148,10/11/2018,11:40:00 pm,0,7.225,9.1535,0.9783129851999988
2659,2018-10-11 23:50:00,8.1746057744,10/11/2018,11:50:00 pm,0,7.224,9.153,0.9783942256000007
2660,2018-10-12 00:00:00,8.174830112799999,10/12/2018,12:00:00 am,0,7.224,9.153,0.9781698872000018
2661,2018-10-12 00:10:00,8.1753603672,10/12/2018,12:10:00 am,0,7.223,9.1541,0.9787396328
2662,2018-10-12 00:20:00,8.1758906216,10/12/2018,12:20:00 am,0,7.222,9.1547,0.9788093783999994
2663,2018-10-12 00:30:00,8.1760435796,10/12/2018,12:30:00 am,0,7.221,9.1545,0.9784564204000006
2664,2018-10-12 00:40:00,8.1761965376,10/12/2018,12:40:00 am,0,7.221,9.1549,0.9787034624000004
2665,2018-10-12 00:50:00,8.1760945656,10/12/2018,12:50:00 am,0,7.22,9.1547,0.9786054344000004
2666,2018-10-12 01:00:00,8.1759823964,10/12/2018,01:00:00 am,0,7.219,9.1548,0.9788176035999996
2667,2018-10-12 01:10:00,8.176584031199999,10/12/2018,01:10:00 am,0,7.219,9.1553,0.9787159688000013
2668,2018-10-12 01:20:00,8.176604425599999,10/12/2018,01:20:00 am,0,7.218,9.1557,0.9790955744000005
2669,2018-10-12 01:30:00,8.176349495599998,10/12/2018,01:30:00 am,0,7.218,9.1554,0.9790505044000017
2670,2018-10-12 01:40:00,8.1761761432,10/12/2018,01:40:00 am,0,7.217,9.1556,0.9794238568000004
2671,2018-10-12 01:50:00,8.1769001444,10/12/2018,01:50:00 am,0,7.216,9.1558,0.9788998555999999
2672,2018-10-12 02:00:00,8.177430398799999,10/12/2018,02:00:00 am,0,7.216,9.1569,0.9794696012000017
2673,2018-10-12 02:10:00,8.177481384799998,10/12/2018,02:10:00 am,0,7.215,9.1572,0.9797186152000013
2674,2018-10-12 02:20:00,8.177491582,10/12/2018,02:20:00 am,0,7.214,9.1568,0.9793084180000005
2675,2018-10-12 02:30:00,8.1774507932,10/12/2018,02:30:00 am,0,7.214,9.1569,0.9794492068
2676,2018-10-12 02:40:00,8.177287638,10/12/2018,02:40:00 am,0,7.213,9.1568,0.9795123620000012
2677,2018-10-12 02:50:00,8.1771040884,10/12/2018,02:50:00 am,0,7.212,9.1569,0.9797959116000001
2678,2018-10-12 03:00:00,8.1768083696,10/12/2018,03:00:00 am,0,7.212,9.1569,0.9800916304000005
2679,2018-10-12 03:10:00,8.177338623999999,10/12/2018,03:10:00 am,0,7.211,9.157,0.979661376000001
2680,2018-10-12 03:20:00,8.177389609999999,10/12/2018,03:20:00 am,0,7.21,9.1572,0.9798103900000008
2681,2018-10-12 03:30:00,8.1757784524,10/12/2018,03:30:00 am,0,7.21,9.1562,0.9804215476000007
2682,2018-10-12 03:40:00,8.176012988,10/12/2018,03:40:00 am,0,7.209,9.156,0.9799870120000005
2683,2018-10-12 03:50:00,8.1760231852,10/12/2018,03:50:00 am,0,7.208,9.1559,0.9798768148000008
2684,2018-10-12 04:00:00,8.175605099999999,10/12/2018,04:00:00 am,0,7.207,9.1553,0.9796949000000019
2685,2018-10-12 04:10:00,8.1752278036,10/12/2018,04:10:00 am,0,7.207,9.1552,0.9799721964000003
2686,2018-10-12 04:20:00,8.175136028799999,10/12/2018,04:20:00 am,0,7.206,9.1556,0.9804639712000007
2687,2018-10-12 04:30:00,8.175911015999999,10/12/2018,04:30:00 am,0,7.206,9.1564,0.9804889840000008
2688,2018-10-12 04:40:00,8.175921213199999,10/12/2018,04:40:00 am,0,7.205,9.1566,0.9806787868000004
2689,2018-10-12 04:50:00,8.175951804799999,10/12/2018,04:50:00 am,0,7.204,9.1561,0.9801481952000017
2690,2018-10-12 05:00:00,8.1769205388,10/12/2018,05:00:00 am,0,7.203,9.1568,0.9798794612000012
2691,2018-10-12 05:10:00,8.1764922564,10/12/2018,05:10:00 am,0,7.203,9.1571,0.9806077436000002
2692,2018-10-12 05:20:00,8.1779402588,10/12/2018,05:20:00 am,0,7.202,9.158,0.9800597411999998
2693,2018-10-12 05:30:00,8.178776429200001,10/12/2018,05:30:00 am,0,7.202,9.159,0.9802235707999998
2694,2018-10-12 05:40:00,8.178358344,10/12/2018,05:40:00 am,0,7.201,9.1591,0.9807416560000011
2695,2018-10-12 05:50:00,8.1796431912,10/12/2018,05:50:00 am,0,7.2,9.1598,0.9801568088000003
2696,2018-10-12 06:00:00,8.1789497816,10/12/2018,06:00:00 am,0,7.199,9.1596,0.9806502183999992
2697,2018-10-12 06:10:00,8.179123134,10/12/2018,06:10:00 am,0,7.199,9.1595,0.9803768660000003
2698,2018-10-12 06:20:00,8.179194514399999,10/12/2018,06:20:00 am,0,7.199,9.1595,0.9803054856000006
2699,2018-10-12 06:30:00,8.179989896,10/12/2018,06:30:00 am,0,7.197,9.1599,0.979910104
2700,2018-10-12 06:40:00,8.1796737828,10/12/2018,06:40:00 am,0,7.197,9.1599,0.9802262172000002
2701,2018-10-12 06:50:00,8.180367192399999,10/12/2018,06:50:00 am,0,7.196,9.161,0.980632807600001
2702,2018-10-12 07:00:00,8.1812033628,10/12/2018,07:00:00 am,0,7.195,9.1615,0.9802966372000004
2703,2018-10-12 07:10:00,8.180652714,10/12/2018,07:10:00 am,0,7.195,9.162,0.9813472860000001
2704,2018-10-12 07:20:00,8.181621448,10/12/2018,07:20:00 am,0,7.195,9.1622,0.9805785520000008
2705,2018-10-12 07:30:00,8.1815806592,10/12/2018,07:30:00 am,0,7.194,9.1621,0.9805193408000008
2706,2018-10-12 07:40:00,8.18248821,10/12/2018,07:40:00 am,0,7.193,9.1635,0.9810117900000002
2707,2018-10-12 07:50:00,8.1823454492,10/12/2018,07:50:00 am,0,7.192,9.1641,0.9817545507999998
2708,2018-10-12 08:00:00,8.182437224,10/12/2018,08:00:00 am,0,7.192,9.1642,0.9817627760000001
2709,2018-10-12 08:10:00,8.1827533372,10/12/2018,08:10:00 am,0,7.191,9.1644,0.9816466628000011
2710,2018-10-12 08:20:00,8.1832733944,10/12/2018,08:20:00 am,0,7.19,9.1651,0.9818266056000002
2711,2018-10-12 08:30:00,8.183956606799999,10/12/2018,08:30:00 am,0,7.19,9.1657,0.9817433932000004
2712,2018-10-12 08:40:00,8.1849457352,10/12/2018,08:40:00 am,0,7.189,9.1671,0.9821542648000001
2713,2018-10-12 08:50:00,8.182620773599998,10/12/2018,08:50:00 am,0,7.188,9.1673,0.9846792264000008
2714,2018-10-12 09:00:00,8.18274314,10/12/2018,09:00:00 am,0,7.188,9.1673,0.9845568599999996
2715,2018-10-12 09:10:00,8.184323705999999,10/12/2018,09:10:00 am,0,7.187,9.168,0.9836762940000003
2716,2018-10-12 09:20:00,8.1842115368,10/12/2018,09:20:00 am,0,7.187,9.1678,0.9835884632000003
2717,2018-10-12 09:30:00,8.1834671412,10/12/2018,09:30:00 am,0,7.186,9.1669,0.9834328588000005
2718,2018-10-12 09:40:00,8.182641168,10/12/2018,09:40:00 am,0,7.185,9.1663,0.9836588319999997
2719,2018-10-12 09:50:00,8.183232605599999,10/12/2018,09:50:00 am,0,7.185,9.1674,0.9841673944000018
2720,2018-10-12 10:00:00,8.182865506399999,10/12/2018,10:00:00 am,0,7.184,9.167,0.9841344936000009
2721,2018-10-12 10:10:00,8.181182968399998,10/12/2018,10:10:00 am,0,7.183,9.1662,0.9850170316000018
2722,2018-10-12 10:20:00,8.179480036,10/12/2018,10:20:00 am,0,7.183,9.1659,0.9864199640000013
2723,2018-10-12 10:30:00,8.178480710399999,10/12/2018,10:30:00 am,0,7.182,9.1647,0.986219289600001
2724,2018-10-12 10:40:00,8.1776037512,10/12/2018,10:40:00 am,0,7.181,9.1648,0.9871962488000001
2725,2018-10-12 10:50:00,8.175166620399999,10/12/2018,10:50:00 am,0,7.181,9.1645,0.9893333796000015
2726,2018-10-12 11:00:00,8.173677829199999,10/12/2018,11:00:00 am,0,7.18,9.1639,0.990222170800001
2727,2018-10-12 11:10:00,8.1767573836,10/12/2018,11:10:00 am,0,7.179,9.1632,0.9864426163999997
2728,2018-10-12 11:20:00,8.176033382399998,10/12/2018,11:20:00 am,0,7.179,9.1625,0.9864666176000014
2729,2018-10-12 11:30:00,8.1753603672,10/12/2018,11:30:00 am,0,7.178,9.1621,0.9867396328000009
2730,2018-10-12 11:40:00,8.173331124399999,10/12/2018,11:40:00 am,0,7.177,9.1612,0.9878688756000003
2731,2018-10-12 11:50:00,8.171465036799999,10/12/2018,11:50:00 am,0,7.177,9.1594,0.9879349632000007
2732,2018-10-12 12:00:00,8.171271289999998,10/12/2018,12:00:00 pm,0,7.176,9.1587,0.9874287100000014
2733,2018-10-12 12:10:00,8.169996639999999,10/12/2018,12:10:00 pm,0,7.176,9.157,0.987003360000001
2734,2018-10-12 12:20:00,8.167651284,10/12/2018,12:20:00 pm,0,7.175,9.1562,0.9885487160000004
2735,2018-10-12 12:30:00,8.166050323599999,10/12/2018,12:30:00 pm,0,7.174,9.1548,0.9887496764000012
2736,2018-10-12 12:40:00,8.1677328616,10/12/2018,12:40:00 pm,0,7.174,9.1535,0.9857671384
2737,2018-10-12 12:50:00,8.1666009724,10/12/2018,12:50:00 pm,0,7.173,9.1524,0.9857990276000006
2738,2018-10-12 13:00:00,8.16591776,10/12/2018,01:00:00 pm,0,7.172,9.1511,0.9851822400000003
2739,2018-10-12 13:10:00,8.1650815896,10/12/2018,01:10:00 pm,0,7.172,9.15,0.9849184104000006
2740,2018-10-12 13:20:00,8.1631339244,10/12/2018,01:20:00 pm,0,7.171,9.1489,0.9857660755999991
2741,2018-10-12 13:30:00,8.159850425999998,10/12/2018,01:30:00 pm,0,7.17,9.1467,0.9868495740000007
2742,2018-10-12 13:40:00,8.1602481168,10/12/2018,01:40:00 pm,0,7.17,9.1451,0.9848518831999993
2743,2018-10-12 13:50:00,8.159136621999998,10/12/2018,01:50:00 pm,0,7.169,9.1434,0.9842633780000014
2744,2018-10-12 14:00:00,8.1585961704,10/12/2018,02:00:00 pm,0,7.168,9.1413,0.9827038296000001
2745,2018-10-12 14:10:00,8.1583412404,10/12/2018,02:10:00 pm,0,7.168,9.1403,0.9819587595999995
2746,2018-10-12 14:20:00,8.156475152799999,10/12/2018,02:20:00 pm,0,7.167,9.1392,0.9827248472000019
2747,2018-10-12 14:30:00,8.1556593768,10/12/2018,02:30:00 pm,0,7.167,9.1377,0.9820406232000014
2748,2018-10-12 14:40:00,8.1555981936,10/12/2018,02:40:00 pm,0,7.166,9.1371,0.9815018064000007
2749,2018-10-12 14:50:00,8.152936724399998,10/12/2018,02:50:00 pm,0,7.165,9.1359,0.9829632756000013
2750,2018-10-12 15:00:00,8.1545274876,10/12/2018,03:00:00 pm,0,7.165,9.1352,0.9806725124
2751,2018-10-12 15:10:00,8.156638308,10/12/2018,03:10:00 pm,0,7.164,9.1357,0.9790616920000001
2752,2018-10-12 15:20:00,8.156169236799999,10/12/2018,03:20:00 pm,0,7.163,9.1355,0.9793307632000019
2753,2018-10-12 15:30:00,8.1556389824,10/12/2018,03:30:00 pm,0,7.163,9.135,0.9793610176000005
2754,2018-10-12 15:40:00,8.1547110372,10/12/2018,03:40:00 pm,0,7.162,9.1351,0.9803889627999993
2755,2018-10-12 15:50:00,8.1541807828,10/12/2018,03:50:00 pm,0,7.162,9.1344,0.9802192172000002
2756,2018-10-12 16:00:00,8.1528041608,10/12/2018,04:00:00 pm,0,7.161,9.1339,0.9810958392
2757,2018-10-12 16:10:00,8.153507767599999,10/12/2018,04:10:00 pm,0,7.16,9.1341,0.9805922324000012
2758,2018-10-12 16:20:00,8.1556389824,10/12/2018,04:20:00 pm,0,7.16,9.1344,0.9787610176000001
2759,2018-10-12 16:30:00,8.15546563,10/12/2018,04:30:00 pm,0,7.159,9.134,0.9785343700000002
2760,2018-10-12 16:40:00,8.154333740799999,10/12/2018,04:40:00 pm,0,7.158,9.1339,0.9795662592000021
2761,2018-10-12 16:50:00,8.1536607256,10/12/2018,04:50:00 pm,0,7.158,9.1332,0.9795392744000004
2762,2018-10-12 17:00:00,8.153946247199999,10/12/2018,05:00:00 pm,0,7.157,9.1336,0.9796537528000009
2763,2018-10-12 17:10:00,8.1538034864,10/12/2018,05:10:00 pm,0,7.157,9.1336,0.9797965136000002
2764,2018-10-12 17:20:00,8.1543235436,10/12/2018,05:20:00 pm,0,7.156,9.1335,0.9791764563999994
2765,2018-10-12 17:30:00,8.15419098,10/12/2018,05:30:00 pm,0,7.156,9.1335,0.9793090200000005
2766,2018-10-12 17:40:00,8.1540482192,10/12/2018,05:40:00 pm,0,7.154,9.1327,0.9786517807999999
2767,2018-10-12 17:50:00,8.154343937999998,10/12/2018,05:50:00 pm,0,7.155,9.1334,0.9790560620000015
2768,2018-10-12 18:00:00,8.1553024748,10/12/2018,06:00:00 pm,0,7.154,9.134,0.9786975252000012
2769,2018-10-12 18:10:00,8.155404446799999,10/12/2018,06:10:00 pm,0,7.153,9.1336,0.9781955532000008
2770,2018-10-12 18:20:00,8.1556491796,10/12/2018,06:20:00 pm,0,7.152,9.1333,0.977650820400001
2771,2018-10-12 18:30:00,8.1558429264,10/12/2018,06:30:00 pm,0,7.152,9.1335,0.9776570735999996
2772,2018-10-12 18:40:00,8.156128447999999,10/12/2018,06:40:00 pm,0,7.151,9.1346,0.978471552000002
2773,2018-10-12 18:50:00,8.156872843599999,10/12/2018,06:50:00 pm,0,7.151,9.1348,0.9779271564000016
2774,2018-10-12 19:00:00,8.157902760799999,10/12/2018,07:00:00 pm,0,7.15,9.1357,0.977797239200001
2775,2018-10-12 19:10:00,8.1594833268,10/12/2018,07:10:00 pm,0,7.149,9.1371,0.9776166732
2776,2018-10-12 19:20:00,8.1604214692,10/12/2018,07:20:00 pm,0,7.149,9.1379,0.9774785308000009
2777,2018-10-12 19:30:00,8.1613596116,10/12/2018,07:30:00 pm,0,7.148,9.1387,0.9773403884
2778,2018-10-12 19:40:00,8.1628178112,10/12/2018,07:40:00 pm,0,7.148,9.1401,0.9772821888000003
2779,2018-10-12 19:50:00,8.162960572,10/12/2018,07:50:00 pm,0,7.147,9.1406,0.9776394279999998
2780,2018-10-12 20:00:00,8.1628789944,10/12/2018,08:00:00 pm,0,7.146,9.1405,0.9776210055999996
2781,2018-10-12 20:10:00,8.163868122799999,10/12/2018,08:10:00 pm,0,7.145,9.1415,0.9776318772000021
2782,2018-10-12 20:20:00,8.163939503199998,10/12/2018,08:20:00 pm,0,7.145,9.1413,0.9773604968000011
2783,2018-10-12 20:30:00,8.1639598976,10/12/2018,08:30:00 pm,0,7.144,9.1421,0.9781401023999994
2784,2018-10-12 20:40:00,8.1640108836,10/12/2018,08:40:00 pm,0,7.143,9.1421,0.9780891163999996
2785,2018-10-12 20:50:00,8.1633378684,10/12/2018,08:50:00 pm,0,7.143,9.1418,0.9784621316000006
2786,2018-10-12 21:00:00,8.16362339,10/12/2018,09:00:00 pm,0,7.143,9.1417,0.9780766100000005
2787,2018-10-12 21:10:00,8.1641944332,10/12/2018,09:10:00 pm,0,7.142,9.1421,0.9779055667999987
2788,2018-10-12 21:20:00,8.163766150799999,10/12/2018,09:20:00 pm,0,7.141,9.1419,0.9781338492000007
2789,2018-10-12 21:30:00,8.164245419199998,10/12/2018,09:30:00 pm,0,7.141,9.1426,0.9783545808000014
2790,2018-10-12 21:40:00,8.164867448399999,10/12/2018,09:40:00 pm,0,7.14,9.1434,0.9785325516000007
2791,2018-10-12 21:50:00,8.164459560400001,10/12/2018,09:50:00 pm,0,7.14,9.1433,0.978840439599999
2792,2018-10-12 22:00:00,8.164592123999999,10/12/2018,10:00:00 pm,0,7.14,9.1438,0.979207876000002
2793,2018-10-12 22:10:00,8.164439166,10/12/2018,10:10:00 pm,0,7.139,9.1432,0.9787608340000009
2794,2018-10-12 22:20:00,8.164643109999998,10/12/2018,10:20:00 pm,0,7.138,9.1438,0.9791568900000023
2795,2018-10-12 22:30:00,8.1638375312,10/12/2018,10:30:00 pm,0,7.137,9.1435,0.9796624687999991
2796,2018-10-12 22:40:00,8.1626138672,10/12/2018,10:40:00 pm,0,7.137,9.1425,0.9798861328000008
2797,2018-10-12 22:50:00,8.163031952399999,10/12/2018,10:50:00 pm,0,7.136,9.1428,0.9797680476000004
2798,2018-10-12 23:00:00,8.163368460000001,10/12/2018,11:00:00 pm,0,7.136,9.1428,0.9794315399999984
2799,2018-10-12 23:10:00,8.164214827599999,10/12/2018,11:10:00 pm,0,7.135,9.144,0.9797851724000015
2800,2018-10-12 23:20:00,8.166040126399999,10/12/2018,11:20:00 pm,0,7.134,9.1458,0.9797598736000008
2801,2018-10-12 23:30:00,8.1683854824,10/12/2018,11:30:00 pm,0,7.133,9.148,0.9796145176
2802,2018-10-12 23:40:00,8.1699354568,10/12/2018,11:40:00 pm,0,7.133,9.1491,0.9791645432000013
2803,2018-10-12 23:50:00,8.1701903868,10/12/2018,11:50:00 pm,0,7.132,9.1505,0.9803096131999993
2804,2018-10-13 00:00:00,8.169609146400001,10/13/2018,12:00:00 am,0,7.132,9.1496,0.9799908535999986
2805,2018-10-13 00:10:00,8.169078892,10/13/2018,12:10:00 am,0,7.131,9.1493,0.9802211080000003
2806,2018-10-13 00:20:00,8.1698130904,10/13/2018,12:20:00 am,0,7.13,9.15,0.9801869096000004
2807,2018-10-13 00:30:00,8.1677124672,10/13/2018,12:30:00 am,0,7.13,9.1481,0.9803875328
2808,2018-10-13 00:40:00,8.1668966912,10/13/2018,12:40:00 am,0,7.13,9.1471,0.9802033088000002
2809,2018-10-13 00:50:00,8.165774999199998,10/13/2018,12:50:00 am,0,7.129,9.1471,0.9813250008000018
2810,2018-10-13 01:00:00,8.1653773084,10/13/2018,01:00:00 am,0,7.128,9.1456,0.9802226915999999
2811,2018-10-13 01:10:00,8.164592123999999,10/13/2018,01:10:00 am,0,7.128,9.1453,0.9807078760000021
2812,2018-10-13 01:20:00,8.1646737016,10/13/2018,01:20:00 am,0,7.127,9.1459,0.9812262983999993
2813,2018-10-13 01:30:00,8.164908237199999,10/13/2018,01:30:00 am,0,7.127,9.1466,0.9816917628000006
2814,2018-10-13 01:40:00,8.1647552792,10/13/2018,01:40:00 am,0,7.126,9.1457,0.9809447208000002
2815,2018-10-13 01:50:00,8.1654996748,10/13/2018,01:50:00 am,0,7.126,9.1466,0.9811003251999999
2816,2018-10-13 02:00:00,8.164286207999998,10/13/2018,02:00:00 am,0,7.124,9.1456,0.9813137920000017
2817,2018-10-13 02:10:00,8.1643066024,10/13/2018,02:10:00 am,0,7.125,9.1456,0.9812933976
2818,2018-10-13 02:20:00,8.1650102092,10/13/2018,02:20:00 am,0,7.124,9.1461,0.9810897908000005
2819,2018-10-13 02:30:00,8.1647042932,10/13/2018,02:30:00 am,0,7.123,9.1458,0.9810957067999997
2820,2018-10-13 02:40:00,8.1640210808,10/13/2018,02:40:00 am,0,7.122,9.1458,0.9817789191999999
2821,2018-10-13 02:50:00,8.1623895288,10/13/2018,02:50:00 am,0,7.122,9.1442,0.9818104711999993
2822,2018-10-13 03:00:00,8.160768174,10/13/2018,03:00:00 am,0,7.122,9.142,0.9812318260000001
2823,2018-10-13 03:10:00,8.1595139184,10/13/2018,03:10:00 am,0,7.121,9.1409,0.9813860816000002
2824,2018-10-13 03:20:00,8.1582392684,10/13/2018,03:20:00 am,0,7.12,9.14,0.9817607316000014
2825,2018-10-13 03:30:00,8.1565465332,10/13/2018,03:30:00 am,0,7.12,9.1381,0.9815534667999994
2826,2018-10-13 03:40:00,8.1541501912,10/13/2018,03:40:00 am,0,7.119,9.1363,0.9821498088000009
2827,2018-10-13 03:50:00,8.1533854012,10/13/2018,03:50:00 am,0,7.118,9.1353,0.9819145988000013
2828,2018-10-13 04:00:00,8.154394924,10/13/2018,04:00:00 am,0,7.118,9.1364,0.9820050760000001
2829,2018-10-13 04:10:00,8.1549353756,10/13/2018,04:10:00 am,0,7.117,9.1373,0.9823646244000006
2830,2018-10-13 04:20:00,8.154292951999999,10/13/2018,04:20:00 am,0,7.117,9.1366,0.9823070480000009
2831,2018-10-13 04:30:00,8.15419098,10/13/2018,04:30:00 am,0,7.116,9.1362,0.9820090200000013
2832,2018-10-13 04:40:00,8.1540788108,10/13/2018,04:40:00 am,0,7.115,9.1363,0.9822211892000006
2833,2018-10-13 04:50:00,8.1537015144,10/13/2018,04:50:00 am,0,7.115,9.1356,0.9818984856000004
2834,2018-10-13 05:00:00,8.152753174799999,10/13/2018,05:00:00 am,0,7.114,9.1346,0.9818468252000017
2835,2018-10-13 05:10:00,8.1522229204,10/13/2018,05:10:00 am,0,7.114,9.1347,0.9824770796000006
2836,2018-10-13 05:20:00,8.153120273999999,10/13/2018,05:20:00 am,0,7.113,9.1349,0.981779726000001
2837,2018-10-13 05:30:00,8.1544663044,10/13/2018,05:30:00 am,0,7.112,9.1364,0.9819336956000004
2838,2018-10-13 05:40:00,8.1556491796,10/13/2018,05:40:00 am,0,7.112,9.1379,0.9822508204000009
2839,2018-10-13 05:50:00,8.155414644,10/13/2018,05:50:00 am,0,7.111,9.1377,0.9822853560000002
2840,2018-10-13 06:00:00,8.154303149199999,10/13/2018,06:00:00 am,0,7.111,9.137,0.9826968508000018
2841,2018-10-13 06:10:00,8.1544663044,10/13/2018,06:10:00 am,0,7.11,9.1371,0.9826336956000006
2842,2018-10-13 06:20:00,8.156638308,10/13/2018,06:20:00 am,0,7.109,9.1385,0.9818616920000007
2843,2018-10-13 06:30:00,8.159360960399999,10/13/2018,06:30:00 am,0,7.109,9.1415,0.9821390396000016
2844,2018-10-13 06:40:00,8.1602685112,10/13/2018,06:40:00 am,0,7.108,9.1426,0.9823314887999999
2845,2018-10-13 06:50:00,8.159758651199999,10/13/2018,06:50:00 am,0,7.108,9.1429,0.9831413488000003
2846,2018-10-13 07:00:00,8.1591162276,10/13/2018,07:00:00 am,0,7.108,9.1421,0.982983772399999
2847,2018-10-13 07:10:00,8.1597790456,10/13/2018,07:10:00 am,0,7.106,9.1423,0.9825209544
2848,2018-10-13 07:20:00,8.1607477796,10/13/2018,07:20:00 am,0,7.106,9.1434,0.9826522204000003
2849,2018-10-13 07:30:00,8.1609517236,10/13/2018,07:30:00 am,0,7.106,9.1435,0.9825482763999993
2850,2018-10-13 07:40:00,8.160819159999999,10/13/2018,07:40:00 am,0,7.105,9.1436,0.9827808400000002
2851,2018-10-13 07:50:00,8.1607987656,10/13/2018,07:50:00 am,0,7.105,9.1435,0.9827012344000003
2852,2018-10-13 08:00:00,8.161176062,10/13/2018,08:00:00 am,0,7.104,9.1442,0.9830239380000005
2853,2018-10-13 08:10:00,8.1620020352,10/13/2018,08:10:00 am,0,7.103,9.145,0.9829979647999991
2854,2018-10-13 08:20:00,8.16260367,10/13/2018,08:20:00 am,0,7.102,9.1462,0.983596330000001
2855,2018-10-13 08:30:00,8.162654655999999,10/13/2018,08:30:00 am,0,7.102,9.1467,0.9840453440000001
2856,2018-10-13 08:40:00,8.1636539816,10/13/2018,08:40:00 am,0,7.101,9.1478,0.9841460184000006
2857,2018-10-13 08:50:00,8.1600339756,10/13/2018,08:50:00 am,0,7.101,9.1478,0.9877660244000008
2858,2018-10-13 09:00:00,8.161736908,10/13/2018,09:00:00 am,0,7.1,9.1476,0.9858630920000007
2859,2018-10-13 09:10:00,8.1623589372,10/13/2018,09:10:00 am,0,7.1,9.1476,0.9852410628000001
2860,2018-10-13 09:20:00,8.16209381,10/13/2018,09:20:00 am,0,7.099,9.1475,0.9854061900000008
2861,2018-10-13 09:30:00,8.162063218399998,10/13/2018,09:30:00 am,0,7.099,9.1472,0.9851367816000014
2862,2018-10-13 09:40:00,8.161288231199999,10/13/2018,09:40:00 am,0,7.098,9.1482,0.9869117688000006
2863,2018-10-13 09:50:00,8.162420120399998,10/13/2018,09:50:00 am,0,7.098,9.1486,0.9861798796000016
2864,2018-10-13 10:00:00,8.161675724799998,10/13/2018,10:00:00 am,0,7.096,9.148,0.9863242752000012
2865,2018-10-13 10:10:00,8.160543835599999,10/13/2018,10:10:00 am,0,7.096,9.148,0.9874561644000011
2866,2018-10-13 10:20:00,8.158575776,10/13/2018,10:20:00 am,0,7.096,9.148,0.9894242240000004
2867,2018-10-13 10:30:00,8.1598300316,10/13/2018,10:30:00 am,0,7.095,9.1487,0.9888699683999995
2868,2018-10-13 10:40:00,8.1570156044,10/13/2018,10:40:00 am,0,7.094,9.1476,0.9905843956000009
2869,2018-10-13 10:50:00,8.156526138799999,10/13/2018,10:50:00 am,0,7.094,9.1478,0.9912738612000016
2870,2018-10-13 11:00:00,8.157607042,10/13/2018,11:00:00 am,0,7.093,9.1478,0.9901929579999997
2871,2018-10-13 11:10:00,8.160003384,10/13/2018,11:10:00 am,0,7.092,9.1471,0.9870966160000005
2872,2018-10-13 11:20:00,8.157892563599999,10/13/2018,11:20:00 am,0,7.092,9.1462,0.9883074364000013
2873,2018-10-13 11:30:00,8.1563119976,10/13/2018,11:30:00 am,0,7.092,9.1457,0.9893880024000001
2874,2018-10-13 11:40:00,8.156026476,10/13/2018,11:40:00 am,0,7.091,9.1458,0.9897735240000003
2875,2018-10-13 11:50:00,8.156026476,10/13/2018,11:50:00 am,0,7.09,9.1453,0.9892735240000015
2876,2018-10-13 12:00:00,8.1558123348,10/13/2018,12:00:00 pm,0,7.09,9.1448,0.9889876651999998
2877,2018-10-13 12:10:00,8.155863320799998,10/13/2018,12:10:00 pm,0,7.089,9.1445,0.9886366792000025
2878,2018-10-13 12:20:00,8.1545580792,10/13/2018,12:20:00 pm,0,7.089,9.1443,0.9897419208000002
2879,2018-10-13 12:30:00,8.1530590908,10/13/2018,12:30:00 pm,0,7.088,9.1439,0.990840909200001
2880,2018-10-13 12:40:00,8.1551189252,10/13/2018,12:40:00 pm,0,7.087,9.143,0.9878810748000006
2881,2018-10-13 12:50:00,8.154262360399999,10/13/2018,12:50:00 pm,0,7.086,9.1414,0.987137639600002
2882,2018-10-13 13:00:00,8.1546702484,10/13/2018,01:00:00 pm,0,7.086,9.142,0.987329751599999
2883,2018-10-13 13:10:00,8.1545376848,10/13/2018,01:10:00 pm,0,7.085,9.1415,0.9869623152000013
2884,2018-10-13 13:20:00,8.1540686136,10/13/2018,01:20:00 pm,0,7.085,9.1412,0.9871313863999998
2885,2018-10-13 13:30:00,8.151692665999999,10/13/2018,01:30:00 pm,0,7.084,9.1412,0.9895073340000007
2886,2018-10-13 13:40:00,8.1530794852,10/13/2018,01:40:00 pm,0,7.083,9.1399,0.9868205148000015
2887,2018-10-13 13:50:00,8.1543541352,10/13/2018,01:50:00 pm,0,7.083,9.1398,0.9854458647999991
2888,2018-10-13 14:00:00,8.1545580792,10/13/2018,02:00:00 pm,0,7.083,9.1388,0.9842419208000006
2889,2018-10-13 14:10:00,8.1555370104,10/13/2018,02:10:00 pm,0,7.082,9.1385,0.9829629896000007
2890,2018-10-13 14:20:00,8.154394924,10/13/2018,02:20:00 pm,0,7.081,9.1375,0.9831050759999993
2891,2018-10-13 14:30:00,8.153997233199998,10/13/2018,02:30:00 pm,0,7.081,9.1379,0.9839027668000018
2892,2018-10-13 14:40:00,8.153487373199999,10/13/2018,02:40:00 pm,0,7.08,9.1365,0.9830126268000008
2893,2018-10-13 14:50:00,8.153528161999999,10/13/2018,02:50:00 pm,0,7.08,9.1364,0.9828718380000012
2894,2018-10-13 15:00:00,8.1535383592,10/13/2018,03:00:00 pm,0,7.079,9.1357,0.9821616407999993
2895,2018-10-13 15:10:00,8.155108728,10/13/2018,03:10:00 pm,0,7.078,9.1358,0.9806912719999996
2896,2018-10-13 15:20:00,8.1555981936,10/13/2018,03:20:00 pm,0,7.078,9.1359,0.9803018064
2897,2018-10-13 15:30:00,8.155006755999999,10/13/2018,03:30:00 pm,0,7.077,9.1361,0.981093244000002
2898,2018-10-13 15:40:00,8.155088333599998,10/13/2018,03:40:00 pm,0,7.076,9.1363,0.9812116664000019
2899,2018-10-13 15:50:00,8.1556287852,10/13/2018,03:50:00 pm,0,7.076,9.1367,0.9810712148
2900,2018-10-13 16:00:00,8.155435038399999,10/13/2018,04:00:00 pm,0,7.075,9.137,0.981564961600002
2901,2018-10-13 16:10:00,8.155384052399999,10/13/2018,04:10:00 pm,0,7.075,9.1377,0.9823159476000018
2902,2018-10-13 16:20:00,8.158218874,10/13/2018,04:20:00 pm,0,7.074,9.1377,0.9794811260000014
2903,2018-10-13 16:30:00,8.158310648799999,10/13/2018,04:30:00 pm,0,7.073,9.1381,0.9797893512000009
2904,2018-10-13 16:40:00,8.15725014,10/13/2018,04:40:00 pm,0,7.073,9.1376,0.9803498600000005
2905,2018-10-13 16:50:00,8.1577294084,10/13/2018,04:50:00 pm,0,7.072,9.1379,0.9801705916000003
2906,2018-10-13 17:00:00,8.157698816799998,10/13/2018,05:00:00 pm,0,7.071,9.1382,0.9805011832000012
2907,2018-10-13 17:10:00,8.15776,10/13/2018,05:10:00 pm,0,7.071,9.1382,0.9804399999999998
2908,2018-10-13 17:20:00,8.1579537468,10/13/2018,05:20:00 pm,0,7.07,9.138,0.9800462531999994
2909,2018-10-13 17:30:00,8.158004732799998,10/13/2018,05:30:00 pm,0,7.07,9.1383,0.9802952672000007
2910,2018-10-13 17:40:00,8.159360960399999,10/13/2018,05:40:00 pm,0,7.069,9.1392,0.9798390396000016
2911,2018-10-13 17:50:00,8.160503046799999,10/13/2018,05:50:00 pm,0,7.068,9.1404,0.9798969532000008
2912,2018-10-13 18:00:00,8.1613392172,10/13/2018,06:00:00 pm,0,7.068,9.1416,0.9802607828000003
2913,2018-10-13 18:10:00,8.1624405148,10/13/2018,06:10:00 pm,0,7.067,9.142,0.9795594851999994
2914,2018-10-13 18:20:00,8.163082938399999,10/13/2018,06:20:00 pm,0,7.066,9.1428,0.9797170616000006
2915,2018-10-13 18:30:00,8.1638375312,10/13/2018,06:30:00 pm,0,7.066,9.1436,0.9797624687999988
2916,2018-10-13 18:40:00,8.1640720668,10/13/2018,06:40:00 pm,0,7.065,9.1436,0.9795279332
2917,2018-10-13 18:50:00,8.1650204064,10/13/2018,06:50:00 pm,0,7.065,9.1444,0.9793795935999992
2918,2018-10-13 19:00:00,8.1651937588,10/13/2018,07:00:00 pm,0,7.064,9.1445,0.9793062412000015
2919,2018-10-13 19:10:00,8.165693421599999,10/13/2018,07:10:00 pm,0,7.063,9.145,0.979306578400001
2920,2018-10-13 19:20:00,8.166825310799998,10/13/2018,07:20:00 pm,0,7.063,9.1456,0.9787746892000015
2921,2018-10-13 19:30:00,8.167141423999999,10/13/2018,07:30:00 pm,0,7.062,9.146,0.9788585760000021
2922,2018-10-13 19:40:00,8.168273313199998,10/13/2018,07:40:00 pm,0,7.061,9.1472,0.9789266868000013
2923,2018-10-13 19:50:00,8.1688647508,10/13/2018,07:50:00 pm,0,7.061,9.1481,0.9792352492000003
2924,2018-10-13 20:00:00,8.1695173716,10/13/2018,08:00:00 pm,0,7.06,9.1485,0.9789826284000007
2925,2018-10-13 20:10:00,8.169996639999999,10/13/2018,08:10:00 pm,0,7.06,9.1491,0.9791033600000016
2926,2018-10-13 20:20:00,8.1697621044,10/13/2018,08:20:00 pm,0,7.059,9.1486,0.9788378955999999
2927,2018-10-13 20:30:00,8.169690724,10/13/2018,08:30:00 pm,0,7.058,9.149,0.9793092759999986
2928,2018-10-13 20:40:00,8.1708532048,10/13/2018,08:40:00 pm,0,7.058,9.1497,0.9788467951999991
2929,2018-10-13 20:50:00,8.171679178,10/13/2018,08:50:00 pm,0,7.057,9.1509,0.9792208220000003
2930,2018-10-13 21:00:00,8.171587403199998,10/13/2018,09:00:00 pm,0,7.057,9.1511,0.9795125968000011
2931,2018-10-13 21:10:00,8.1723725876,10/13/2018,09:10:00 pm,0,7.056,9.1512,0.9788274123999994
2932,2018-10-13 21:20:00,8.173065997199998,10/13/2018,09:20:00 pm,0,7.055,9.1524,0.9793340028000017
2933,2018-10-13 21:30:00,8.1739021676,10/13/2018,09:30:00 pm,0,7.054,9.1533,0.9793978324000001
2934,2018-10-13 21:40:00,8.1737798012,10/13/2018,09:40:00 pm,0,7.054,9.1532,0.9794201987999998
2935,2018-10-13 21:50:00,8.1733515188,10/13/2018,09:50:00 pm,0,7.054,9.1536,0.9802484812000003
2936,2018-10-13 22:00:00,8.17382059,10/13/2018,10:00:00 pm,0,7.053,9.1539,0.9800794100000001
2937,2018-10-13 22:10:00,8.1738613788,10/13/2018,10:10:00 pm,0,7.052,9.1541,0.9802386211999998
2938,2018-10-13 22:20:00,8.174197886399998,10/13/2018,10:20:00 pm,0,7.052,9.1542,0.9800021136000012
2939,2018-10-13 22:30:00,8.1749116904,10/13/2018,10:30:00 pm,0,7.051,9.1551,0.980188309599999
2940,2018-10-13 22:40:00,8.174768929599999,10/13/2018,10:40:00 pm,0,7.05,9.1549,0.9801310704000006
2941,2018-10-13 22:50:00,8.174167294799998,10/13/2018,10:50:00 pm,0,7.05,9.1546,0.9804327052000019
2942,2018-10-13 23:00:00,8.175217606399999,10/13/2018,11:00:00 pm,0,7.049,9.1559,0.9806823936000022
2943,2018-10-13 23:10:00,8.1750238596,10/13/2018,11:10:00 pm,0,7.049,9.1556,0.9805761404000002
2944,2018-10-13 23:20:00,8.174901493199998,10/13/2018,11:20:00 pm,0,7.048,9.1557,0.9807985068000011
2945,2018-10-13 23:30:00,8.176074171199998,10/13/2018,11:30:00 pm,0,7.047,9.157,0.980925828800002
2946,2018-10-13 23:40:00,8.177032707999999,10/13/2018,11:40:00 pm,0,7.047,9.1577,0.9806672920000015
2947,2018-10-13 23:50:00,8.1774609904,10/13/2018,11:50:00 pm,0,7.046,9.1575,0.9800390096000005
2948,2018-10-14 00:00:00,8.176624819999999,10/14/2018,12:00:00 am,0,7.045,9.1574,0.980775180000002
2949,2018-10-14 00:10:00,8.1772468492,10/14/2018,12:10:00 am,0,7.044,9.1579,0.9806531508000003
2950,2018-10-14 00:20:00,8.1777669064,10/14/2018,12:20:00 am,0,7.044,9.1582,0.9804330936000003
2951,2018-10-14 00:30:00,8.178480710399999,10/14/2018,12:30:00 am,0,7.043,9.1591,0.9806192896000017
2952,2018-10-14 00:40:00,8.178144202799999,10/14/2018,12:40:00 am,0,7.042,9.1595,0.9813557972000009
2953,2018-10-14 00:50:00,8.1778586812,10/14/2018,12:50:00 am,0,7.042,9.1586,0.9807413187999998
2954,2018-10-14 01:00:00,8.178184991599998,10/14/2018,01:00:00 am,0,7.042,9.1587,0.9805150084000012
2955,2018-10-14 01:10:00,8.1783175552,10/14/2018,01:10:00 am,0,7.041,9.1592,0.9808824448000006
2956,2018-10-14 01:20:00,8.178807020799999,10/14/2018,01:20:00 am,0,7.04,9.1599,0.9810929792000014
2957,2018-10-14 01:30:00,8.1800204876,10/14/2018,01:30:00 am,0,7.039,9.1609,0.9808795123999996
2958,2018-10-14 01:40:00,8.1797757548,10/14/2018,01:40:00 am,0,7.039,9.1609,0.9811242452000002
2959,2018-10-14 01:50:00,8.180622122399999,10/14/2018,01:50:00 am,0,7.038,9.1619,0.9812778776000002
2960,2018-10-14 02:00:00,8.181407306799999,10/14/2018,02:00:00 am,0,7.037,9.1621,0.9806926932000017
2961,2018-10-14 02:10:00,8.1814786872,10/14/2018,02:10:00 am,0,7.037,9.1627,0.9812213127999989
2962,2018-10-14 02:20:00,8.1816010536,10/14/2018,02:20:00 am,0,7.036,9.1629,0.9812989464000008
2963,2018-10-14 02:30:00,8.181804997599999,10/14/2018,02:30:00 am,0,7.036,9.1629,0.9810950024000018
2964,2018-10-14 02:40:00,8.179918515599999,10/14/2018,02:40:00 am,0,7.035,9.1618,0.9818814844000006
2965,2018-10-14 02:50:00,8.179194514399999,10/14/2018,02:50:00 am,0,7.034,9.161,0.9818054856000007
2966,2018-10-14 03:00:00,8.179163922799999,10/14/2018,03:00:00 am,0,7.034,9.1607,0.9815360772000012
2967,2018-10-14 03:10:00,8.179194514399999,10/14/2018,03:10:00 am,0,7.033,9.1612,0.9820054856000002
2968,2018-10-14 03:20:00,8.1789293872,10/14/2018,03:20:00 am,0,7.032,9.1608,0.9818706127999999
2969,2018-10-14 03:30:00,8.1786846544,10/14/2018,03:30:00 am,0,7.032,9.1601,0.9814153456000003
2970,2018-10-14 03:40:00,8.177705723199999,10/14/2018,03:40:00 am,0,7.031,9.1596,0.9818942768000003
2971,2018-10-14 03:50:00,8.176655411599999,10/14/2018,03:50:00 am,0,7.03,9.1583,0.9816445884000018
2972,2018-10-14 04:00:00,8.1767879752,10/14/2018,04:00:00 am,0,7.029,9.1583,0.9815120248000007
2973,2018-10-14 04:10:00,8.1771448772,10/14/2018,04:10:00 am,0,7.029,9.1583,0.9811551228000006
2974,2018-10-14 04:20:00,8.1770632996,10/14/2018,04:20:00 am,0,7.028,9.1589,0.9818367003999988
2975,2018-10-14 04:30:00,8.177348821199999,10/14/2018,04:30:00 am,0,7.028,9.1594,0.9820511788000008
2976,2018-10-14 04:40:00,8.178256371999998,10/14/2018,04:40:00 am,0,7.027,9.1594,0.9811436280000017
2977,2018-10-14 04:50:00,8.177756709199999,10/14/2018,04:50:00 am,0,7.026,9.1596,0.9818432908000005
2978,2018-10-14 05:00:00,8.177868878399998,10/14/2018,05:00:00 am,0,7.025,9.1596,0.9817311216000011
2979,2018-10-14 05:10:00,8.178837612399999,10/14/2018,05:10:00 am,0,7.025,9.1598,0.9809623876000018
2980,2018-10-14 05:20:00,8.1797451632,10/14/2018,05:20:00 am,0,7.024,9.1615,0.9817548368000004
2981,2018-10-14 05:30:00,8.1808668552,10/14/2018,05:30:00 am,0,7.024,9.1619,0.9810331447999996
2982,2018-10-14 05:40:00,8.1819681528,10/14/2018,05:40:00 am,0,7.023,9.163,0.9810318472000006
2983,2018-10-14 05:50:00,8.182131308,10/14/2018,05:50:00 am,0,7.022,9.1635,0.9813686920000002
2984,2018-10-14 06:00:00,8.184068775999998,10/14/2018,06:00:00 am,0,7.022,9.1652,0.9811312240000021
2985,2018-10-14 06:10:00,8.185108890399999,10/14/2018,06:10:00 am,0,7.022,9.1658,0.9806911096000022
2986,2018-10-14 06:20:00,8.185832891599999,10/14/2018,06:20:00 am,0,7.02,9.167,0.9811671084000011
2987,2018-10-14 06:30:00,8.187291091199999,10/14/2018,06:30:00 am,0,7.019,9.168,0.9807089088000005
2988,2018-10-14 06:40:00,8.187607204399999,10/14/2018,06:40:00 am,0,7.019,9.1683,0.9806927956000013
2989,2018-10-14 06:50:00,8.1886677132,10/14/2018,06:50:00 am,0,7.019,9.1696,0.9809322868000017
2990,2018-10-14 07:00:00,8.1888002768,10/14/2018,07:00:00 am,0,7.018,9.1698,0.9809997232000001
2991,2018-10-14 07:10:00,8.1896670388,10/14/2018,07:10:00 am,0,7.017,9.1703,0.9806329611999995
2992,2018-10-14 07:20:00,8.190543997999999,10/14/2018,07:20:00 am,0,7.017,9.1711,0.9805560020000001
2993,2018-10-14 07:30:00,8.1910436608,10/14/2018,07:30:00 am,0,7.016,9.1719,0.9808563392000007
2994,2018-10-14 07:40:00,8.1914311544,10/14/2018,07:40:00 am,0,7.015,9.172,0.9805688456000006
2995,2018-10-14 07:50:00,8.192450874399999,10/14/2018,07:50:00 am,0,7.014,9.1729,0.9804491256000016
2996,2018-10-14 08:00:00,8.1929811288,10/14/2018,08:00:00 am,0,7.014,9.1736,0.9806188712000008
2997,2018-10-14 08:10:00,8.1949695828,10/14/2018,08:10:00 am,0,7.013,9.1756,0.9806304171999987
2998,2018-10-14 08:20:00,8.195948514,10/14/2018,08:20:00 am,0,7.013,9.1767,0.9807514860000008
2999,2018-10-14 08:30:00,8.1976208548,10/14/2018,08:30:00 am,0,7.012,9.1783,0.9806791451999999
3000,2018-10-14 08:40:00,8.1981613064,10/14/2018,08:40:00 am,0,7.011,9.1798,0.9816386936000008
3001,2018-10-14 08:50:00,8.1966215292,10/14/2018,08:50:00 am,0,7.011,9.1807,0.9840784708000001
3002,2018-10-14 09:00:00,8.1985589972,10/14/2018,09:00:00 am,0,7.009,9.1813,0.982741002800001
3003,2018-10-14 09:10:00,8.199354378799999,10/14/2018,09:10:00 am,0,7.006,9.1812,0.9818456212000015
3004,2018-10-14 09:20:00,8.198222489599999,10/14/2018,09:20:00 am,0,7.006,9.1801,0.9818775104000004
3005,2018-10-14 09:30:00,8.198589588799999,10/14/2018,09:30:00 am,0,7.006,9.1806,0.982010411200001
3006,2018-10-14 09:40:00,8.1973149388,10/14/2018,09:40:00 am,0,7.006,9.1799,0.9825850612
3007,2018-10-14 09:50:00,8.1983244616,10/14/2018,09:50:00 am,0,7.006,9.1811,0.9827755384000003
3008,2018-10-14 10:00:00,8.1979675596,10/14/2018,10:00:00 am,0,7.005,9.1811,0.9831324404000004
3009,2018-10-14 10:10:00,8.1963462048,10/14/2018,10:10:00 am,0,7.005,9.1807,0.9843537952000005
3010,2018-10-14 10:20:00,8.1950511604,10/14/2018,10:20:00 am,0,7.004,9.1815,0.9864488395999995
3011,2018-10-14 10:30:00,8.1964991628,10/14/2018,10:30:00 am,0,7.003,9.1828,0.9863008372
3012,2018-10-14 10:40:00,8.194989977199999,10/14/2018,10:40:00 am,0,7.003,9.1826,0.987610022800002
3013,2018-10-14 10:50:00,8.1934502,10/14/2018,10:50:00 am,0,7.002,9.1829,0.9894498000000009
3014,2018-10-14 11:00:00,8.1957547672,10/14/2018,11:00:00 am,0,7.001,9.1832,0.987445232799999
3015,2018-10-14 11:10:00,8.1973557276,10/14/2018,11:10:00 am,0,7.001,9.1829,0.9855442724000003
3016,2018-10-14 11:20:00,8.199211618,10/14/2018,11:20:00 am,0,7.0,9.1843,0.9850883820000007
3017,2018-10-14 11:30:00,8.1992014208,10/14/2018,11:30:00 am,0,6.999,9.1854,0.9861985791999999
3018,2018-10-14 11:40:00,8.1992829984,10/14/2018,11:40:00 am,0,6.999,9.1855,0.9862170016
3019,2018-10-14 11:50:00,8.1981307148,10/14/2018,11:50:00 am,0,6.998,9.1855,0.9873692851999998
3020,2018-10-14 12:00:00,8.1996093088,10/14/2018,12:00:00 pm,0,6.997,9.1868,0.9871906912000004
3021,2018-10-14 12:10:00,8.1995379284,10/14/2018,12:10:00 pm,0,6.996,9.186,0.9864620716000001
3022,2018-10-14 12:20:00,8.1969886284,10/14/2018,12:20:00 pm,0,6.996,9.1867,0.9897113716000003
3023,2018-10-14 12:30:00,8.1966011348,10/14/2018,12:30:00 pm,0,6.995,9.1877,0.9910988651999997
3024,2018-10-14 12:40:00,8.1987935328,10/14/2018,12:40:00 pm,0,6.994,9.1876,0.9888064671999999
3025,2018-10-14 12:50:00,8.1991402376,10/14/2018,12:50:00 pm,0,6.994,9.1865,0.9873597624000006
3026,2018-10-14 13:00:00,8.1977942072,10/14/2018,01:00:00 pm,0,6.993,9.1855,0.9877057927999999
3027,2018-10-14 13:10:00,8.1977942072,10/14/2018,01:10:00 pm,0,6.993,9.1857,0.9879057928000012
3028,2018-10-14 13:20:00,8.197580066,10/14/2018,01:20:00 pm,0,6.992,9.1858,0.988219934
3029,2018-10-14 13:30:00,8.194520906,10/14/2018,01:30:00 pm,0,6.991,9.1854,0.9908790940000003
3030,2018-10-14 13:40:00,8.195642598,10/14/2018,01:40:00 pm,0,6.99,9.185,0.9893574020000013
3031,2018-10-14 13:50:00,8.1965297544,10/14/2018,01:50:00 pm,0,6.99,9.1853,0.9887702455999996
3032,2018-10-14 14:00:00,8.1957037812,10/14/2018,02:00:00 pm,0,6.989,9.1855,0.9897962187999987
3033,2018-10-14 14:10:00,8.1969886284,10/14/2018,02:10:00 pm,0,6.988,9.1861,0.9891113716
3034,2018-10-14 14:20:00,8.197131389199999,10/14/2018,02:20:00 pm,0,6.988,9.1855,0.9883686108000003
3035,2018-10-14 14:30:00,8.194826822,10/14/2018,02:30:00 pm,0,6.987,9.1859,0.9910731780000006
3036,2018-10-14 14:40:00,8.196764289999999,10/14/2018,02:40:00 pm,0,6.986,9.1855,0.9887357100000003
3037,2018-10-14 14:50:00,8.196560346,10/14/2018,02:50:00 pm,0,6.985,9.1856,0.9890396540000008
3038,2018-10-14 15:00:00,8.1982836728,10/14/2018,03:00:00 pm,0,6.985,9.187,0.9887163271999988
3039,2018-10-14 15:10:00,8.1998030556,10/14/2018,03:10:00 pm,0,6.984,9.1876,0.9877969443999994
3040,2018-10-14 15:20:00,8.2013836216,10/14/2018,03:20:00 pm,0,6.983,9.1879,0.9865163784000011
3041,2018-10-14 15:30:00,8.2028520184,10/14/2018,03:30:00 pm,0,6.983,9.188,0.9851479816000008
3042,2018-10-14 15:40:00,8.2014855936,10/14/2018,03:40:00 pm,0,6.982,9.1878,0.9863144064
3043,2018-10-14 15:50:00,8.201047114,10/14/2018,03:50:00 pm,0,6.981,9.1888,0.9877528860000009
3044,2018-10-14 16:00:00,8.199262604,10/14/2018,04:00:00 pm,0,6.98,9.1882,0.9889373960000007
3045,2018-10-14 16:10:00,8.1981817008,10/14/2018,04:10:00 pm,0,6.98,9.1872,0.9890182992000014
3046,2018-10-14 16:20:00,8.200139563199999,10/14/2018,04:20:00 pm,0,6.979,9.1862,0.9860604368000008
3047,2018-10-14 16:30:00,8.200883958799999,10/14/2018,04:30:00 pm,0,6.978,9.1862,0.9853160412000008
3048,2018-10-14 16:40:00,8.2020872284,10/14/2018,04:40:00 pm,0,6.977,9.1885,0.9864127715999995
3049,2018-10-14 16:50:00,8.2025664968,10/14/2018,04:50:00 pm,0,6.977,9.1889,0.9863335032000009
3050,2018-10-14 17:00:00,8.2022401864,10/14/2018,05:00:00 pm,0,6.976,9.1878,0.9855598136000001
3051,2018-10-14 17:10:00,8.202362552799999,10/14/2018,05:10:00 pm,0,6.976,9.1891,0.9867374472000012
3052,2018-10-14 17:20:00,8.203137539999998,10/14/2018,05:20:00 pm,0,6.974,9.19,0.9868624600000011
3053,2018-10-14 17:30:00,8.205125994,10/14/2018,05:30:00 pm,0,6.974,9.1909,0.9857740059999998
3054,2018-10-14 17:40:00,8.205962164399999,10/14/2018,05:40:00 pm,0,6.973,9.1917,0.9857378356000019
3055,2018-10-14 17:50:00,8.208174956799999,10/14/2018,05:50:00 pm,0,6.972,9.1923,0.9841250432000006
3056,2018-10-14 18:00:00,8.208164759599999,10/14/2018,06:00:00 pm,0,6.972,9.1933,0.9851352404000018
3057,2018-10-14 18:10:00,8.2095923676,10/14/2018,06:10:00 pm,0,6.968,9.1943,0.9847076323999993
3058,2018-10-14 18:20:00,8.2102143968,10/14/2018,06:20:00 pm,0,6.968,9.1955,0.9852856031999995
3059,2018-10-14 18:30:00,8.212467978,10/14/2018,06:30:00 pm,0,6.968,9.1966,0.9841320220000007
3060,2018-10-14 18:40:00,8.213273556799999,10/14/2018,06:40:00 pm,0,6.968,9.1977,0.9844264432000003
3061,2018-10-14 18:50:00,8.214925503199998,10/14/2018,06:50:00 pm,0,6.967,9.1988,0.9838744968000022
3062,2018-10-14 19:00:00,8.2164754776,10/14/2018,07:00:00 pm,0,6.967,9.1996,0.9831245224000007
3063,2018-10-14 19:10:00,8.2173218452,10/14/2018,07:10:00 pm,0,6.966,9.2008,0.9834781547999984
3064,2018-10-14 19:20:00,8.2191267496,10/14/2018,07:20:00 pm,0,6.965,9.2024,0.9832732504000017
3065,2018-10-14 19:30:00,8.2204115968,10/14/2018,07:30:00 pm,0,6.965,9.2036,0.9831884031999998
3066,2018-10-14 19:40:00,8.222063543199999,10/14/2018,07:40:00 pm,0,6.964,9.2052,0.9831364568000005
3067,2018-10-14 19:50:00,8.2234503624,10/14/2018,07:50:00 pm,0,6.964,9.2057,0.9822496376000007
3068,2018-10-14 20:00:00,8.223654306399999,10/14/2018,08:00:00 pm,0,6.963,9.2062,0.9825456936000023
3069,2018-10-14 20:10:00,8.224674026399999,10/14/2018,08:10:00 pm,0,6.962,9.2076,0.9829259736000004
3070,2018-10-14 20:20:00,8.2248881676,10/14/2018,08:20:00 pm,0,6.961,9.2074,0.9825118324000002
3071,2018-10-14 20:30:00,8.2256325632,10/14/2018,08:30:00 pm,0,6.961,9.2087,0.9830674368000007
3072,2018-10-14 20:40:00,8.2267644524,10/14/2018,08:40:00 pm,0,6.96,9.2095,0.9827355476000008
3073,2018-10-14 20:50:00,8.2277433836,10/14/2018,08:50:00 pm,0,6.959,9.2098,0.9820566163999995
3074,2018-10-14 21:00:00,8.2284367932,10/14/2018,09:00:00 pm,0,6.958,9.2109,0.9824632068000003
3075,2018-10-14 21:10:00,8.2278351584,10/14/2018,09:10:00 pm,0,6.958,9.2103,0.9824648416000006
3076,2018-10-14 21:20:00,8.227672003199999,10/14/2018,09:20:00 pm,0,6.957,9.2097,0.9820279968000012
3077,2018-10-14 21:30:00,8.228375609999999,10/14/2018,09:30:00 pm,0,6.956,9.2106,0.9822243900000007
3078,2018-10-14 21:40:00,8.2285183708,10/14/2018,09:40:00 pm,0,6.955,9.2109,0.9823816292000007
3079,2018-10-14 21:50:00,8.2293239496,10/14/2018,09:50:00 pm,0,6.955,9.2119,0.9825760504000005
3080,2018-10-14 22:00:00,8.230139725599999,10/14/2018,10:00:00 pm,0,6.954,9.2122,0.9820602744000002
3081,2018-10-14 22:10:00,8.2300173592,10/14/2018,10:10:00 pm,0,6.953,9.2127,0.9826826408000002
3082,2018-10-14 22:20:00,8.230608796799999,10/14/2018,10:20:00 pm,0,6.953,9.2128,0.9821912032000011
3083,2018-10-14 22:30:00,8.2307005716,10/14/2018,10:30:00 pm,0,6.952,9.213,0.9822994283999993
3084,2018-10-14 22:40:00,8.231699897199999,10/14/2018,10:40:00 pm,0,6.951,9.2142,0.9825001028000013
3085,2018-10-14 22:50:00,8.2310574736,10/14/2018,10:50:00 pm,0,6.951,9.214,0.9829425264000005
3086,2018-10-14 23:00:00,8.2311492484,10/14/2018,11:00:00 pm,0,6.949,9.2138,0.9826507516000014
3087,2018-10-14 23:10:00,8.2313735868,10/14/2018,11:10:00 pm,0,6.949,9.2145,0.983126413199999
3088,2018-10-14 23:20:00,8.2315265448,10/14/2018,11:20:00 pm,0,6.948,9.2149,0.9833734552000006
3089,2018-10-14 23:30:00,8.2325972508,10/14/2018,11:30:00 pm,0,6.947,9.2155,0.9829027492000009
3090,2018-10-14 23:40:00,8.2329949416,10/14/2018,11:40:00 pm,0,6.947,9.2152,0.9822050583999999
3091,2018-10-14 23:50:00,8.2330459276,10/14/2018,11:50:00 pm,0,6.946,9.2163,0.9832540724000012
3092,2018-10-15 00:00:00,8.2326278424,10/15/2018,12:00:00 am,0,6.945,9.2154,0.9827721576000013
3093,2018-10-15 00:10:00,8.233260068799998,10/15/2018,12:10:00 am,0,6.944,9.216,0.9827399312000011
3094,2018-10-15 00:20:00,8.2335455904,10/15/2018,12:20:00 am,0,6.944,9.2159,0.9823544095999992
3095,2018-10-15 00:30:00,8.233096913599999,10/15/2018,12:30:00 am,0,6.943,9.2154,0.9823030864000017
3096,2018-10-15 00:40:00,8.231281812,10/15/2018,12:40:00 am,0,6.942,9.2141,0.9828181879999995
3097,2018-10-15 00:50:00,8.2310064876,10/15/2018,12:50:00 am,0,6.942,9.214,0.9829935124000002
3098,2018-10-15 01:00:00,8.2302416976,10/15/2018,01:00:00 am,0,6.94,9.2127,0.9824583023999995
3099,2018-10-15 01:10:00,8.229833809599999,10/15/2018,01:10:00 am,0,6.94,9.2119,0.9820661904000012
3100,2018-10-15 01:20:00,8.230506824799999,10/15/2018,01:20:00 am,0,6.939,9.2128,0.9822931752000006
3101,2018-10-15 01:30:00,8.230955501599999,10/15/2018,01:30:00 am,0,6.939,9.2131,0.9821444984000021
3102,2018-10-15 01:40:00,8.233086716399999,10/15/2018,01:40:00 am,0,6.937,9.2147,0.9816132836000016
3103,2018-10-15 01:50:00,8.2330255332,10/15/2018,01:50:00 am,0,6.937,9.2154,0.9823744668000014
3104,2018-10-15 02:00:00,8.233117308,10/15/2018,02:00:00 am,0,6.936,9.2148,0.9816826919999997
3105,2018-10-15 02:10:00,8.2326788284,10/15/2018,02:10:00 am,0,6.936,9.215,0.9823211716000007
3106,2018-10-15 02:20:00,8.2310064876,10/15/2018,02:20:00 am,0,6.935,9.2126,0.9815935123999999
3107,2018-10-15 02:30:00,8.231485756,10/15/2018,02:30:00 am,0,6.934,9.213,0.9815142439999995
3108,2018-10-15 02:40:00,8.2321791656,10/15/2018,02:40:00 am,0,6.933,9.2144,0.9822208343999996
3109,2018-10-15 02:50:00,8.2317202916,10/15/2018,02:50:00 am,0,6.932,9.2142,0.9824797083999997
3110,2018-10-15 03:00:00,8.2336985484,10/15/2018,03:00:00 am,0,6.931,9.2148,0.9811014516000007
3111,2018-10-15 03:10:00,8.234137028,10/15/2018,03:10:00 am,0,6.931,9.2157,0.9815629720000008
3112,2018-10-15 03:20:00,8.2328419836,10/15/2018,03:20:00 am,0,6.93,9.2143,0.9814580163999995
3113,2018-10-15 03:30:00,8.2339534784,10/15/2018,03:30:00 am,0,6.929,9.2153,0.981346521599999
3114,2018-10-15 03:40:00,8.234555113199999,10/15/2018,03:40:00 am,0,6.929,9.2154,0.9808448868000017
3115,2018-10-15 03:50:00,8.234901817999999,10/15/2018,03:50:00 am,0,6.928,9.2154,0.9804981820000016
3116,2018-10-15 04:00:00,8.236013312799999,10/15/2018,04:00:00 am,0,6.927,9.2162,0.9801866872000016
3117,2018-10-15 04:10:00,8.235156748,10/15/2018,04:10:00 am,0,6.926,9.2164,0.9812432520000005
3118,2018-10-15 04:20:00,8.2364415952,10/15/2018,04:20:00 am,0,6.926,9.2168,0.9803584047999987
3119,2018-10-15 04:30:00,8.238603401599999,10/15/2018,04:30:00 am,0,6.925,9.2187,0.9800965984000012
3120,2018-10-15 04:40:00,8.23908267,10/15/2018,04:40:00 am,0,6.924,9.2192,0.9801173300000006
3121,2018-10-15 04:50:00,8.239725093599999,10/15/2018,04:50:00 am,0,6.923,9.2203,0.9805749064000011
3122,2018-10-15 05:00:00,8.239031683999999,10/15/2018,05:00:00 am,0,6.922,9.2193,0.9802683160000019
3123,2018-10-15 05:10:00,8.2409793492,10/15/2018,05:10:00 am,0,6.922,9.2212,0.9802206507999998
3124,2018-10-15 05:20:00,8.241937886,10/15/2018,05:20:00 am,0,6.921,9.2215,0.9795621140000002
3125,2018-10-15 05:30:00,8.2429270144,10/15/2018,05:30:00 am,0,6.92,9.2229,0.9799729855999999
3126,2018-10-15 05:40:00,8.243793776399999,10/15/2018,05:40:00 am,0,6.919,9.2232,0.9794062236000016
3127,2018-10-15 05:50:00,8.2428148452,10/15/2018,05:50:00 am,0,6.919,9.223,0.9801851548000009
3128,2018-10-15 06:00:00,8.2435490436,10/15/2018,06:00:00 am,0,6.918,9.223,0.9794509564000009
3129,2018-10-15 06:10:00,8.245007243199998,10/15/2018,06:10:00 am,0,6.917,9.2238,0.9787927568000026
3130,2018-10-15 06:20:00,8.246424654,10/15/2018,06:20:00 am,0,6.916,9.2254,0.9789753460000004
3131,2018-10-15 06:30:00,8.2479950228,10/15/2018,06:30:00 am,0,6.915,9.2267,0.9787049771999996
3132,2018-10-15 06:40:00,8.248474291199999,10/15/2018,06:40:00 am,0,6.915,9.2278,0.9793257088000011
3133,2018-10-15 06:50:00,8.248586460399999,10/15/2018,06:50:00 am,0,6.914,9.2276,0.9790135396000021
3134,2018-10-15 07:00:00,8.248922968,10/15/2018,07:00:00 am,0,6.913,9.2273,0.9783770319999991
3135,2018-10-15 07:10:00,8.2498305188,10/15/2018,07:10:00 am,0,6.912,9.2287,0.9788694812000003
3136,2018-10-15 07:20:00,8.2501364348,10/15/2018,07:20:00 am,0,6.912,9.2283,0.9781635652000009
3137,2018-10-15 07:30:00,8.250544322799998,10/15/2018,07:30:00 am,0,6.911,9.2294,0.9788556772000021
3138,2018-10-15 07:40:00,8.250370970399999,10/15/2018,07:40:00 am,0,6.91,9.2294,0.9790290296000013
3139,2018-10-15 07:50:00,8.2506259004,10/15/2018,07:50:00 am,0,6.909,9.2289,0.9782740996000001
3140,2018-10-15 08:00:00,8.251431479199999,10/15/2018,08:00:00 am,0,6.908,9.2298,0.9783685208000001
3141,2018-10-15 08:10:00,8.2513804932,10/15/2018,08:10:00 am,0,6.908,9.2298,0.9784195067999999
3142,2018-10-15 08:20:00,8.2518495644,10/15/2018,08:20:00 am,0,6.907,9.2312,0.9793504355999989
3143,2018-10-15 08:30:00,8.252961059199999,10/15/2018,08:30:00 am,0,6.906,9.2317,0.9787389408000013
3144,2018-10-15 08:40:00,8.2527367208,10/15/2018,08:40:00 am,0,6.905,9.2312,0.9784632791999996
3145,2018-10-15 08:50:00,8.251788381199999,10/15/2018,08:50:00 am,0,6.904,9.2333,0.9815116188000008
3146,2018-10-15 09:00:00,8.2538788072,10/15/2018,09:00:00 am,0,6.904,9.2342,0.9803211928
3147,2018-10-15 09:10:00,8.2542866952,10/15/2018,09:10:00 am,0,6.903,9.2339,0.9796133048000009
3148,2018-10-15 09:20:00,8.2542968924,10/15/2018,09:20:00 am,0,6.902,9.2342,0.9799031076000002
3149,2018-10-15 09:30:00,8.254001173599999,10/15/2018,09:30:00 am,0,6.901,9.2343,0.9802988264000003
3150,2018-10-15 09:40:00,8.2548781328,10/15/2018,09:40:00 am,0,6.9,9.2352,0.9803218672000007
3151,2018-10-15 09:50:00,8.2542051176,10/15/2018,09:50:00 am,0,6.9,9.2347,0.9804948824000004
3152,2018-10-15 10:00:00,8.2536340744,10/15/2018,10:00:00 am,0,6.899,9.2344,0.9807659256000001
3153,2018-10-15 10:10:00,8.252298241199998,10/15/2018,10:10:00 am,0,6.898,9.2346,0.982301758800002
3154,2018-10-15 10:20:00,8.2488821792,10/15/2018,10:20:00 am,0,6.897,9.2344,0.9855178208000002
3155,2018-10-15 10:30:00,8.2501262376,10/15/2018,10:30:00 am,0,6.896,9.2344,0.9842737624000009
3156,2018-10-15 10:40:00,8.247576937599998,10/15/2018,10:40:00 am,0,6.896,9.2336,0.986023062400001
3157,2018-10-15 10:50:00,8.245404934,10/15/2018,10:50:00 am,0,6.895,9.2335,0.9880950659999996
3158,2018-10-15 11:00:00,8.2487088268,10/15/2018,11:00:00 am,0,6.894,9.2327,0.9839911731999997
3159,2018-10-15 11:10:00,8.249371644799998,10/15/2018,11:10:00 am,0,6.893,9.2317,0.9823283552000017
3160,2018-10-15 11:20:00,8.2474341768,10/15/2018,11:20:00 am,0,6.892,9.2299,0.9824658232000001
3161,2018-10-15 11:30:00,8.245914794,10/15/2018,11:30:00 am,0,6.892,9.2289,0.9829852059999986
3162,2018-10-15 11:40:00,8.2446605384,10/15/2018,11:40:00 am,0,6.891,9.2277,0.9830394616000007
3163,2018-10-15 11:50:00,8.245302962,10/15/2018,11:50:00 am,0,6.89,9.2275,0.9821970379999989
3164,2018-10-15 12:00:00,8.245302962,10/15/2018,12:00:00 pm,0,6.89,9.2265,0.9811970379999995
3165,2018-10-15 12:10:00,8.245007243199998,10/15/2018,12:10:00 pm,0,6.889,9.2269,0.9818927568000024
3166,2018-10-15 12:20:00,8.241937886,10/15/2018,12:20:00 pm,0,6.888,9.2268,0.9848621140000002
3167,2018-10-15 12:30:00,8.2421724216,10/15/2018,12:30:00 pm,0,6.887,9.2267,0.9845275783999998
3168,2018-10-15 12:40:00,8.244109889599999,10/15/2018,12:40:00 pm,0,6.886,9.2273,0.9831901104000007
3169,2018-10-15 12:50:00,8.244038509200001,10/15/2018,12:50:00 pm,0,6.885,9.2271,0.983061490799999
3170,2018-10-15 13:00:00,8.243079972399999,10/15/2018,01:00:00 pm,0,6.884,9.2262,0.9831200276000018
3171,2018-10-15 13:10:00,8.242080646799998,10/15/2018,01:10:00 pm,0,6.884,9.2254,0.9833193532000024
3172,2018-10-15 13:20:00,8.239021486799999,10/15/2018,01:20:00 pm,0,6.883,9.225,0.985978513200001
3173,2018-10-15 13:30:00,8.2365537644,10/15/2018,01:30:00 pm,0,6.882,9.2242,0.9876462355999998
3174,2018-10-15 13:40:00,8.2381241332,10/15/2018,01:40:00 pm,0,6.881,9.2235,0.9853758668000001
3175,2018-10-15 13:50:00,8.237624470399998,10/15/2018,01:50:00 pm,0,6.88,9.2232,0.9855755296000019
3176,2018-10-15 14:00:00,8.236849483199999,10/15/2018,02:00:00 pm,0,6.88,9.2236,0.9867505168000008
3177,2018-10-15 14:10:00,8.236461989599999,10/15/2018,02:10:00 pm,0,6.879,9.2237,0.9872380104000005
3178,2018-10-15 14:20:00,8.2348916208,10/15/2018,02:20:00 pm,0,6.878,9.2232,0.9883083792000011
3179,2018-10-15 14:30:00,8.232474884399998,10/15/2018,02:30:00 pm,0,6.877,9.2226,0.9901251156000015
3180,2018-10-15 14:40:00,8.232474884399998,10/15/2018,02:40:00 pm,0,6.876,9.2219,0.9894251156000013
3181,2018-10-15 14:50:00,8.2330357304,10/15/2018,02:50:00 pm,0,6.875,9.2228,0.9897642696000002
3182,2018-10-15 15:00:00,8.2329745472,10/15/2018,03:00:00 pm,0,6.874,9.2232,0.9902254528000007
3183,2018-10-15 15:10:00,8.233484407199999,10/15/2018,03:10:00 pm,0,6.874,9.2234,0.989915592800001
3184,2018-10-15 15:20:00,8.2342593944,10/15/2018,03:20:00 pm,0,6.873,9.2231,0.9888406056000001
3185,2018-10-15 15:30:00,8.234188013999999,10/15/2018,03:30:00 pm,0,6.872,9.224,0.9898119860000012
3186,2018-10-15 15:40:00,8.233841309199999,10/15/2018,03:40:00 pm,0,6.871,9.2241,0.9902586908000011
3187,2018-10-15 15:50:00,8.233800520399999,10/15/2018,03:50:00 pm,0,6.87,9.2247,0.9908994796000012
3188,2018-10-15 16:00:00,8.2336883512,10/15/2018,04:00:00 pm,0,6.87,9.2256,0.9919116488000004
3189,2018-10-15 16:10:00,8.233851506399999,10/15/2018,04:10:00 pm,0,6.869,9.2256,0.9917484936000012
3190,2018-10-15 16:20:00,8.2350853676,10/15/2018,04:20:00 pm,0,6.868,9.2254,0.9903146324000005
3191,2018-10-15 16:30:00,8.236370214799999,10/15/2018,04:30:00 pm,0,6.867,9.2261,0.9897297852000015
3192,2018-10-15 16:40:00,8.2377978228,10/15/2018,04:40:00 pm,0,6.866,9.227,0.989202177200001
3193,2018-10-15 16:50:00,8.237502103999999,10/15/2018,04:50:00 pm,0,6.866,9.2273,0.9897978960000007
3194,2018-10-15 17:00:00,8.237481709599999,10/15/2018,05:00:00 pm,0,6.864,9.2274,0.9899182904000003
3195,2018-10-15 17:10:00,8.2375632872,10/15/2018,05:10:00 pm,0,6.864,9.2274,0.989836712799999
3196,2018-10-15 17:20:00,8.237553089999999,10/15/2018,05:20:00 pm,0,6.863,9.2272,0.9896469100000012
3197,2018-10-15 17:30:00,8.238062949999998,10/15/2018,05:30:00 pm,0,6.862,9.2275,0.9894370500000012
3198,2018-10-15 17:40:00,8.2369616524,10/15/2018,05:40:00 pm,0,6.861,9.2268,0.989838347600001
3199,2018-10-15 17:50:00,8.237114610399999,10/15/2018,05:50:00 pm,0,6.86,9.2259,0.9887853896000003
3200,2018-10-15 18:00:00,8.2372165824,10/15/2018,06:00:00 pm,0,6.86,9.2254,0.9881834176000002
3201,2018-10-15 18:10:00,8.237593878799998,10/15/2018,06:10:00 pm,0,6.859,9.2263,0.9887061212000017
3202,2018-10-15 18:20:00,8.2370330328,10/15/2018,06:20:00 pm,0,6.858,9.2258,0.9887669672000001
3203,2018-10-15 18:30:00,8.2377162452,10/15/2018,06:30:00 pm,0,6.857,9.2262,0.9884837548000007
3204,2018-10-15 18:40:00,8.238022161199998,10/15/2018,06:40:00 pm,0,6.856,9.2266,0.9885778388000013
3205,2018-10-15 18:50:00,8.2390928672,10/15/2018,06:50:00 pm,0,6.855,9.2273,0.9882071327999995
3206,2018-10-15 19:00:00,8.239439572,10/15/2018,07:00:00 pm,0,6.855,9.2279,0.9884604279999998
3207,2018-10-15 19:10:00,8.2400616012,10/15/2018,07:10:00 pm,0,6.853,9.2289,0.9888383987999987
3208,2018-10-15 19:20:00,8.240306334,10/15/2018,07:20:00 pm,0,6.853,9.2289,0.9885936659999999
3209,2018-10-15 19:30:00,8.2398270656,10/15/2018,07:30:00 pm,0,6.852,9.2287,0.9888729343999998
3210,2018-10-15 19:40:00,8.240438897599999,10/15/2018,07:40:00 pm,0,6.851,9.229,0.9885611024000003
3211,2018-10-15 19:50:00,8.240816193999999,10/15/2018,07:50:00 pm,0,6.85,9.2285,0.9876838060000015
3212,2018-10-15 20:00:00,8.2413974344,10/15/2018,08:00:00 pm,0,6.849,9.2289,0.9875025655999998
3213,2018-10-15 20:10:00,8.241927688799999,10/15/2018,08:10:00 pm,0,6.849,9.2306,0.988672311200002
3214,2018-10-15 20:20:00,8.242774056399998,10/15/2018,08:20:00 pm,0,6.848,9.2306,0.9878259436000025
3215,2018-10-15 20:30:00,8.2427230704,10/15/2018,08:30:00 pm,0,6.847,9.2311,0.9883769295999993
3216,2018-10-15 20:40:00,8.243365493999999,10/15/2018,08:40:00 pm,0,6.846,9.232,0.9886345060000004
3217,2018-10-15 20:50:00,8.242855634,10/15/2018,08:50:00 pm,0,6.845,9.2322,0.989344366000001
3218,2018-10-15 21:00:00,8.2431921416,10/15/2018,09:00:00 pm,0,6.844,9.2322,0.9890078584000008
3219,2018-10-15 21:10:00,8.24367141,10/15/2018,09:10:00 pm,0,6.843,9.2324,0.9887285900000009
3220,2018-10-15 21:20:00,8.2430289864,10/15/2018,09:20:00 pm,0,6.842,9.2322,0.9891710136
3221,2018-10-15 21:30:00,8.2431207612,10/15/2018,09:30:00 pm,0,6.842,9.2318,0.9886792387999996
3222,2018-10-15 21:40:00,8.2434980576,10/15/2018,09:40:00 pm,0,6.841,9.2326,0.9891019423999996
3223,2018-10-15 21:50:00,8.2436816072,10/15/2018,09:50:00 pm,0,6.84,9.2327,0.9890183928000003
3224,2018-10-15 22:00:00,8.2446707356,10/15/2018,10:00:00 pm,0,6.839,9.2334,0.9887292643999999
3225,2018-10-15 22:10:00,8.2452111872,10/15/2018,10:10:00 pm,0,6.838,9.234,0.9887888127999993
3226,2018-10-15 22:20:00,8.2458230192,10/15/2018,10:20:00 pm,0,6.838,9.2343,0.9884769807999998
3227,2018-10-15 22:30:00,8.245965779999999,10/15/2018,10:30:00 pm,0,6.837,9.2348,0.9888342200000011
3228,2018-10-15 22:40:00,8.246445048399998,10/15/2018,10:40:00 pm,0,6.836,9.2351,0.9886549516000009
3229,2018-10-15 22:50:00,8.2469753028,10/15/2018,10:50:00 pm,0,6.835,9.2354,0.988424697200001
3230,2018-10-15 23:00:00,8.2469243168,10/15/2018,11:00:00 pm,0,6.834,9.2353,0.988375683200001
3231,2018-10-15 23:10:00,8.246577612,10/15/2018,11:10:00 pm,0,6.833,9.2351,0.9885223879999998
3232,2018-10-15 23:20:00,8.2468427392,10/15/2018,11:20:00 pm,0,6.832,9.2352,0.9883572608000009
3233,2018-10-15 23:30:00,8.2465368232,10/15/2018,11:30:00 pm,0,6.832,9.2349,0.9883631768000001
3234,2018-10-15 23:40:00,8.2460779492,10/15/2018,11:40:00 pm,0,6.83,9.2348,0.9887220507999999
3235,2018-10-15 23:50:00,8.246098343599998,10/15/2018,11:50:00 pm,0,6.83,9.2347,0.988601656400002
3236,2018-10-16 00:00:00,8.245904596799999,10/16/2018,12:00:00 am,0,6.829,9.2342,0.9882954032000004
3237,2018-10-16 00:10:00,8.245394736799998,10/16/2018,12:10:00 am,0,6.828,9.2336,0.9882052632000011
3238,2018-10-16 00:20:00,8.2454151312,10/16/2018,12:20:00 am,0,6.827,9.2331,0.9876848688000006
3239,2018-10-16 00:30:00,8.245741441599998,10/16/2018,12:30:00 am,0,6.827,9.2334,0.9876585584000015
3240,2018-10-16 00:40:00,8.245150004,10/16/2018,12:40:00 am,0,6.825,9.2323,0.9871499960000012
3241,2018-10-16 00:50:00,8.2453845396,10/16/2018,12:50:00 am,0,6.825,9.2323,0.9869154604000006
3242,2018-10-16 01:00:00,8.24571085,10/16/2018,01:00:00 am,0,6.823,9.2324,0.9866891500000001
3243,2018-10-16 01:10:00,8.245190792799999,10/16/2018,01:10:00 am,0,6.823,9.2322,0.9870092072000016
3244,2018-10-16 01:20:00,8.244171072799999,10/16/2018,01:20:00 am,0,6.822,9.2314,0.9872289272000021
3245,2018-10-16 01:30:00,8.2434980576,10/16/2018,01:30:00 am,0,6.821,9.2308,0.9873019424000002
3246,2018-10-16 01:40:00,8.243049380799999,10/16/2018,01:40:00 am,0,6.82,9.2303,0.987250619200001
3247,2018-10-16 01:50:00,8.2431411556,10/16/2018,01:50:00 am,0,6.819,9.2299,0.9867588444000006
3248,2018-10-16 02:00:00,8.243008591999999,10/16/2018,02:00:00 am,0,6.818,9.2296,0.9865914080000007
3249,2018-10-16 02:10:00,8.2427128732,10/16/2018,02:10:00 am,0,6.817,9.2299,0.9871871268000003
3250,2018-10-16 02:20:00,8.242468140399998,10/16/2018,02:20:00 am,0,6.816,9.2294,0.9869318596000021
3251,2018-10-16 02:30:00,8.2420500552,10/16/2018,02:30:00 am,0,6.816,9.2288,0.9867499447999997
3252,2018-10-16 02:40:00,8.241988871999999,10/16/2018,02:40:00 am,0,6.815,9.2286,0.9866111280000016
3253,2018-10-16 02:50:00,8.241254673599999,10/16/2018,02:50:00 am,0,6.814,9.2279,0.9866453264000015
3254,2018-10-16 03:00:00,8.240714222,10/16/2018,03:00:00 am,0,6.813,9.2269,0.9861857780000012
3255,2018-10-16 03:10:00,8.239816868399998,10/16/2018,03:10:00 am,0,6.812,9.2262,0.986383131600002
3256,2018-10-16 03:20:00,8.239001092399999,10/16/2018,03:20:00 am,0,6.811,9.2251,0.9860989076000006
3257,2018-10-16 03:30:00,8.2387971484,10/16/2018,03:30:00 am,0,6.81,9.2244,0.9856028515999995
3258,2018-10-16 03:40:00,8.238246499599999,10/16/2018,03:40:00 am,0,6.809,9.224,0.9857535004000013
3259,2018-10-16 03:50:00,8.238715570799998,10/16/2018,03:50:00 am,0,6.808,9.224,0.9852844292000018
3260,2018-10-16 04:00:00,8.2388073456,10/16/2018,04:00:00 am,0,6.808,9.2242,0.9853926544
3261,2018-10-16 04:10:00,8.23908267,10/16/2018,04:10:00 am,0,6.806,9.2243,0.9852173299999993
3262,2018-10-16 04:20:00,8.2386951764,10/16/2018,04:20:00 am,0,6.806,9.2234,0.9847048235999996
3263,2018-10-16 04:30:00,8.2384402464,10/16/2018,04:30:00 am,0,6.805,9.2227,0.9842597536
3264,2018-10-16 04:40:00,8.2381751192,10/16/2018,04:40:00 am,0,6.804,9.2229,0.9847248808
3265,2018-10-16 04:50:00,8.2377162452,10/16/2018,04:50:00 am,0,6.803,9.2223,0.9845837548000009
3266,2018-10-16 05:00:00,8.2377468368,10/16/2018,05:00:00 am,0,6.802,9.2218,0.9840531632000005
3267,2018-10-16 05:10:00,8.237481709599999,10/16/2018,05:10:00 am,0,6.801,9.2213,0.9838182904000004
3268,2018-10-16 05:20:00,8.2376754564,10/16/2018,05:20:00 am,0,6.801,9.2216,0.9839245436000006
3269,2018-10-16 05:30:00,8.2381343304,10/16/2018,05:30:00 am,0,6.8,9.2219,0.9837656696000003
3270,2018-10-16 05:40:00,8.2387359652,10/16/2018,05:40:00 am,0,6.799,9.2223,0.9835640348000005
3271,2018-10-16 05:50:00,8.238715570799998,10/16/2018,05:50:00 am,0,6.797,9.2223,0.9835844292000022
3272,2018-10-16 06:00:00,8.2388889232,10/16/2018,06:00:00 am,0,6.797,9.2227,0.9838110768000004
3273,2018-10-16 06:10:00,8.2390112896,10/16/2018,06:10:00 am,0,6.796,9.2222,0.9831887104000003
3274,2018-10-16 06:20:00,8.239154050399998,10/16/2018,06:20:00 am,0,6.795,9.2226,0.9834459496000019
3275,2018-10-16 06:30:00,8.239704699199999,10/16/2018,06:30:00 am,0,6.794,9.2226,0.982895300800001
3276,2018-10-16 06:40:00,8.2395823328,10/16/2018,06:40:00 am,0,6.793,9.2227,0.9831176672000002
3277,2018-10-16 06:50:00,8.239745488,10/16/2018,06:50:00 am,0,6.792,9.2227,0.9829545119999992
3278,2018-10-16 07:00:00,8.2398270656,10/16/2018,07:00:00 am,0,6.791,9.2226,0.9827729343999998
3279,2018-10-16 07:10:00,8.23959253,10/16/2018,07:10:00 am,0,6.79,9.2226,0.9830074700000004
3280,2018-10-16 07:20:00,8.239541544,10/16/2018,07:20:00 am,0,6.789,9.2222,0.9826584560000011
3281,2018-10-16 07:30:00,8.2392152336,10/16/2018,07:30:00 am,0,6.788,9.2216,0.9823847664000009
3282,2018-10-16 07:40:00,8.2391744448,10/16/2018,07:40:00 am,0,6.788,9.2215,0.982325555200001
3283,2018-10-16 07:50:00,8.2392254308,10/16/2018,07:50:00 am,0,6.787,9.2217,0.9824745692000008
3284,2018-10-16 08:00:00,8.2395313468,10/16/2018,08:00:00 am,0,6.786,9.2217,0.9821686532000005
3285,2018-10-16 08:10:00,8.239327402799999,10/16/2018,08:10:00 am,0,6.785,9.2217,0.9823725972000013
3286,2018-10-16 08:20:00,8.2392560224,10/16/2018,08:20:00 am,0,6.784,9.2218,0.9825439776000007
3287,2018-10-16 08:30:00,8.2387665568,10/16/2018,08:30:00 am,0,6.783,9.2212,0.9824334431999997
3288,2018-10-16 08:40:00,8.2375632872,10/16/2018,08:40:00 am,0,6.782,9.2215,0.9839367128000003
3289,2018-10-16 08:50:00,8.236533369999998,10/16/2018,08:50:00 am,0,6.781,9.2213,0.9847666300000011
3290,2018-10-16 09:00:00,8.2373797376,10/16/2018,09:00:00 am,0,6.78,9.2211,0.9837202624000003
3291,2018-10-16 09:10:00,8.2379507808,10/16/2018,09:10:00 am,0,6.78,9.2208,0.9828492192000002
3292,2018-10-16 09:20:00,8.238256696799999,10/16/2018,09:20:00 am,0,6.778,9.2213,0.9830433032000006
3293,2018-10-16 09:30:00,8.238022161199998,10/16/2018,09:30:00 am,0,6.777,9.2214,0.983377838800001
3294,2018-10-16 09:40:00,8.2374409208,10/16/2018,09:40:00 am,0,6.777,9.2213,0.9838590792000002
3295,2018-10-16 09:50:00,8.2378386116,10/16/2018,09:50:00 am,0,6.776,9.2217,0.9838613883999994
3296,2018-10-16 10:00:00,8.237471512399999,10/16/2018,10:00:00 am,0,6.774,9.2225,0.9850284876000011
3297,2018-10-16 10:10:00,8.236502778399998,10/16/2018,10:10:00 am,0,6.774,9.2225,0.9859972216000017
3298,2018-10-16 10:20:00,8.2318018692,10/16/2018,10:20:00 am,0,6.773,9.2228,0.9909981307999995
3299,2018-10-16 10:30:00,8.2341064364,10/16/2018,10:30:00 am,0,6.772,9.2229,0.9887935635999998
3300,2018-10-16 10:40:00,8.232709419999999,10/16/2018,10:40:00 am,0,6.771,9.2226,0.9898905800000009
3301,2018-10-16 10:50:00,8.2315979252,10/16/2018,10:50:00 am,0,6.77,9.2211,0.989502074799999
3302,2018-10-16 11:00:00,8.2333416464,10/16/2018,11:00:00 am,0,6.769,9.2207,0.9873583536000012
3303,2018-10-16 11:10:00,8.2339432812,10/16/2018,11:10:00 am,0,6.768,9.22,0.9860567188000005
3304,2018-10-16 11:20:00,8.2326176452,10/16/2018,11:20:00 am,0,6.767,9.2199,0.9872823548000014
3305,2018-10-16 11:30:00,8.2324952788,10/16/2018,11:30:00 am,0,6.766,9.2198,0.9873047211999992
3306,2018-10-16 11:40:00,8.232403503999999,10/16/2018,11:40:00 am,0,6.765,9.2191,0.9866964960000004
3307,2018-10-16 11:50:00,8.2328521808,10/16/2018,11:50:00 am,0,6.764,9.2191,0.986247819199999
3308,2018-10-16 12:00:00,8.2340248588,10/16/2018,12:00:00 pm,0,6.763,9.2194,0.9853751412000005
3309,2018-10-16 12:10:00,8.2337903232,10/16/2018,12:10:00 pm,0,6.762,9.2194,0.9856096768000011
3310,2018-10-16 12:20:00,8.229436118799999,10/16/2018,12:20:00 pm,0,6.761,9.2189,0.9894638812000007
3311,2018-10-16 12:30:00,8.2299255844,10/16/2018,12:30:00 pm,0,6.76,9.2179,0.9879744156000001
3312,2018-10-16 12:40:00,8.2301193312,10/16/2018,12:40:00 pm,0,6.76,9.2182,0.9880806688000003
3313,2018-10-16 12:50:00,8.229956176,10/16/2018,12:50:00 pm,0,6.758,9.2175,0.9875438239999994
3314,2018-10-16 13:00:00,8.2284469904,10/16/2018,01:00:00 pm,0,6.757,9.216,0.9875530095999991
3315,2018-10-16 13:10:00,8.227060171199998,10/16/2018,01:10:00 pm,0,6.757,9.2149,0.9878398288000021
3316,2018-10-16 13:20:00,8.2240316028,10/16/2018,01:20:00 pm,0,6.756,9.2136,0.9895683971999993
3317,2018-10-16 13:30:00,8.2223388676,10/16/2018,01:30:00 pm,0,6.755,9.214,0.9916611324000009
3318,2018-10-16 13:40:00,8.22302208,10/16/2018,01:40:00 pm,0,6.754,9.2129,0.9898779199999996
3319,2018-10-16 13:50:00,8.222960896799998,10/16/2018,01:50:00 pm,0,6.753,9.2122,0.989239103200001
3320,2018-10-16 14:00:00,8.2221655152,10/16/2018,02:00:00 pm,0,6.752,9.2115,0.9893344847999987
3321,2018-10-16 14:10:00,8.2211967812,10/16/2018,02:10:00 pm,0,6.751,9.2113,0.9901032187999999
3322,2018-10-16 14:20:00,8.22021785,10/16/2018,02:20:00 pm,0,6.75,9.2113,0.9910821500000004
3323,2018-10-16 14:30:00,8.218780044799999,10/16/2018,02:30:00 pm,0,6.749,9.2114,0.9926199552000003
3324,2018-10-16 14:40:00,8.218025452,10/16/2018,02:40:00 pm,0,6.748,9.2107,0.9926745480000001
3325,2018-10-16 14:50:00,8.2171790844,10/16/2018,02:50:00 pm,0,6.747,9.2104,0.9932209156000003
3326,2018-10-16 15:00:00,8.2171382956,10/16/2018,03:00:00 pm,0,6.746,9.21,0.992861704400001
3327,2018-10-16 15:10:00,8.217739930399999,10/16/2018,03:10:00 pm,0,6.745,9.2094,0.9916600696000017
3328,2018-10-16 15:20:00,8.2172708592,10/16/2018,03:20:00 pm,0,6.744,9.2094,0.9921291408000013
3329,2018-10-16 15:30:00,8.216567252399999,10/16/2018,03:30:00 pm,0,6.743,9.2087,0.9921327476000013
3330,2018-10-16 15:40:00,8.2160675896,10/16/2018,03:40:00 pm,0,6.742,9.2077,0.9916324104000012
3331,2018-10-16 15:50:00,8.215231419199998,10/16/2018,03:50:00 pm,0,6.741,9.2075,0.9922685808000011
3332,2018-10-16 16:00:00,8.21460939,10/16/2018,04:00:00 pm,0,6.74,9.2077,0.9930906100000012
3333,2018-10-16 16:10:00,8.2154149688,10/16/2018,04:10:00 pm,0,6.739,9.2081,0.9926850312000006
3334,2018-10-16 16:20:00,8.2180050576,10/16/2018,04:20:00 pm,0,6.738,9.2083,0.9902949424000003
3335,2018-10-16 16:30:00,8.218127423999999,10/16/2018,04:30:00 pm,0,6.737,9.2084,0.9902725760000006
3336,2018-10-16 16:40:00,8.2183211708,10/16/2018,04:40:00 pm,0,6.736,9.2089,0.9905788292000004
3337,2018-10-16 16:50:00,8.217760324799999,10/16/2018,04:50:00 pm,0,6.735,9.209,0.991239675200001
3338,2018-10-16 17:00:00,8.217811310799998,10/16/2018,05:00:00 pm,0,6.734,9.209,0.9911886892000012
3339,2018-10-16 17:10:00,8.2186984672,10/16/2018,05:10:00 pm,0,6.733,9.2097,0.9910015328000004
3340,2018-10-16 17:20:00,8.2189126084,10/16/2018,05:20:00 pm,0,6.733,9.2095,0.9905873916000001
3341,2018-10-16 17:30:00,8.219911933999999,10/16/2018,05:30:00 pm,0,6.732,9.2109,0.9909880660000017
3342,2018-10-16 17:40:00,8.2194836516,10/16/2018,05:40:00 pm,0,6.73,9.2109,0.9914163484000014
3343,2018-10-16 17:50:00,8.219565229199999,10/16/2018,05:50:00 pm,0,6.729,9.2108,0.991234770800002
3344,2018-10-16 18:00:00,8.2203300192,10/16/2018,06:00:00 pm,0,6.728,9.211,0.9906699807999999
3345,2018-10-16 18:10:00,8.2205135688,10/16/2018,06:10:00 pm,0,6.728,9.2114,0.9908864311999999
3346,2018-10-16 18:20:00,8.2212987532,10/16/2018,06:20:00 pm,0,6.727,9.2116,0.9903012468000014
3347,2018-10-16 18:30:00,8.2216046692,10/16/2018,06:30:00 pm,0,6.726,9.212,0.9903953308000002
3348,2018-10-16 18:40:00,8.222440839599999,10/16/2018,06:40:00 pm,0,6.724,9.2128,0.9903591604000006
3349,2018-10-16 18:50:00,8.2230934604,10/16/2018,06:50:00 pm,0,6.723,9.213,0.9899065395999997
3350,2018-10-16 19:00:00,8.223572728799999,10/16/2018,07:00:00 pm,0,6.722,9.2135,0.9899272712000009
3351,2018-10-16 19:10:00,8.224439490799998,10/16/2018,07:10:00 pm,0,6.721,9.2144,0.9899605092000012
3352,2018-10-16 19:20:00,8.225061519999999,10/16/2018,07:20:00 pm,0,6.721,9.2153,0.9902384800000004
3353,2018-10-16 19:30:00,8.2259384792,10/16/2018,07:30:00 pm,0,6.719,9.2159,0.9899615207999997
3354,2018-10-16 19:40:00,8.2256835492,10/16/2018,07:40:00 pm,0,6.719,9.2158,0.9901164508000004
3355,2018-10-16 19:50:00,8.225928281999998,10/16/2018,07:50:00 pm,0,6.717,9.2159,0.9899717180000014
3356,2018-10-16 20:00:00,8.2262545924,10/16/2018,08:00:00 pm,0,6.716,9.2162,0.9899454076000005
3357,2018-10-16 20:10:00,8.2266114944,10/16/2018,08:10:00 pm,0,6.715,9.2166,0.9899885055999995
3358,2018-10-16 20:20:00,8.2267134664,10/16/2018,08:20:00 pm,0,6.714,9.2164,0.9896865336000005
3359,2018-10-16 20:30:00,8.226285184,10/16/2018,08:30:00 pm,0,6.713,9.2166,0.9903148159999997
3360,2018-10-16 20:40:00,8.226285184,10/16/2018,08:40:00 pm,0,6.712,9.2165,0.9902148159999999
3361,2018-10-16 20:50:00,8.225969070799998,10/16/2018,08:50:00 pm,0,6.711,9.2163,0.9903309292000024
3362,2018-10-16 21:00:00,8.226274986799998,10/16/2018,09:00:00 pm,0,6.71,9.2167,0.9904250132000012
3363,2018-10-16 21:10:00,8.226937804799999,10/16/2018,09:10:00 pm,0,6.71,9.2175,0.9905621952000008
3364,2018-10-16 21:20:00,8.2277841724,10/16/2018,09:20:00 pm,0,6.709,9.2178,0.9900158276000006
3365,2018-10-16 21:30:00,8.2281920604,10/16/2018,09:30:00 pm,0,6.707,9.2183,0.9901079395999997
3366,2018-10-16 21:40:00,8.2283552156,10/16/2018,09:40:00 pm,0,6.706,9.2185,0.9901447844
3367,2018-10-16 21:50:00,8.228467384799998,10/16/2018,09:50:00 pm,0,6.705,9.2181,0.9896326152000015
3368,2018-10-16 22:00:00,8.2291404,10/16/2018,10:00:00 pm,0,6.704,9.219,0.9898595999999991
3369,2018-10-16 22:10:00,8.229160794399998,10/16/2018,10:10:00 pm,0,6.703,9.2188,0.9896392056000014
3370,2018-10-16 22:20:00,8.229160794399998,10/16/2018,10:20:00 pm,0,6.702,9.2192,0.9900392056000022
3371,2018-10-16 22:30:00,8.228069693999998,10/16/2018,10:30:00 pm,0,6.701,9.2188,0.9907303060000014
3372,2018-10-16 22:40:00,8.2279065388,10/16/2018,10:40:00 pm,0,6.7,9.2175,0.9895934612000001
3373,2018-10-16 22:50:00,8.227366087199998,10/16/2018,10:50:00 pm,0,6.699,9.2177,0.9903339128000024
3374,2018-10-16 23:00:00,8.22735589,10/16/2018,11:00:00 pm,0,6.698,9.2178,0.9904441100000003
3375,2018-10-16 23:10:00,8.22710096,10/16/2018,11:10:00 pm,0,6.697,9.2172,0.9900990400000005
3376,2018-10-16 23:20:00,8.2267236636,10/16/2018,11:20:00 pm,0,6.696,9.217,0.9902763364000009
3377,2018-10-16 23:30:00,8.2274170732,10/16/2018,11:30:00 pm,0,6.695,9.2172,0.9897829268000002
3378,2018-10-16 23:40:00,8.2277025948,10/16/2018,11:40:00 pm,0,6.694,9.2177,0.9899974052000005
3379,2018-10-16 23:50:00,8.2275292424,10/16/2018,11:50:00 pm,0,6.693,9.2177,0.9901707576000014
3380,2018-10-17 00:00:00,8.227763777999998,10/17/2018,12:00:00 am,0,6.692,9.2175,0.9897362220000012
3381,2018-10-17 00:10:00,8.227406876,10/17/2018,12:10:00 am,0,6.691,9.2177,0.9902931240000008
3382,2018-10-17 00:20:00,8.2274986508,10/17/2018,12:20:00 am,0,6.69,9.2176,0.9901013491999997
3383,2018-10-17 00:30:00,8.2276210172,10/17/2018,12:30:00 am,0,6.689,9.2171,0.9894789827999997
3384,2018-10-17 00:40:00,8.227366087199998,10/17/2018,12:40:00 am,0,6.688,9.2164,0.9890339128000019
3385,2018-10-17 00:50:00,8.226897015999999,10/17/2018,12:50:00 am,0,6.687,9.2166,0.9897029840000009
3386,2018-10-17 01:00:00,8.2257855212,10/17/2018,01:00:00 am,0,6.686,9.2157,0.9899144787999994
3387,2018-10-17 01:10:00,8.2252552668,10/17/2018,01:10:00 am,0,6.685,9.215,0.9897447332000002
3388,2018-10-17 01:20:00,8.2249799424,10/17/2018,01:20:00 am,0,6.684,9.2147,0.9897200576000014
3389,2018-10-17 01:30:00,8.225765126799999,10/17/2018,01:30:00 am,0,6.683,9.2157,0.9899348732000011
3390,2018-10-17 01:40:00,8.225265464,10/17/2018,01:40:00 am,0,6.682,9.2149,0.9896345360000005
3391,2018-10-17 01:50:00,8.225000336799999,10/17/2018,01:50:00 am,0,6.681,9.2153,0.9902996632000001
3392,2018-10-17 02:00:00,8.225387830399999,10/17/2018,02:00:00 am,0,6.68,9.2154,0.9900121696000017
3393,2018-10-17 02:10:00,8.2242355468,10/17/2018,02:10:00 am,0,6.679,9.2147,0.9904644532000013
3394,2018-10-17 02:20:00,8.2232974044,10/17/2018,02:20:00 am,0,6.678,9.2139,0.9906025956000004
3395,2018-10-17 02:30:00,8.2234707568,10/17/2018,02:30:00 am,0,6.677,9.2137,0.9902292431999999
3396,2018-10-17 02:40:00,8.223746081199998,10/17/2018,02:40:00 am,0,6.676,9.2141,0.9903539188000021
3397,2018-10-17 02:50:00,8.224296729999999,10/17/2018,02:50:00 am,0,6.674,9.2145,0.9902032700000003
3398,2018-10-17 03:00:00,8.2236033204,10/17/2018,03:00:00 am,0,6.674,9.2142,0.9905966795999994
3399,2018-10-17 03:10:00,8.223185235199999,10/17/2018,03:10:00 am,0,6.672,9.2139,0.9907147648000016
3400,2018-10-17 03:20:00,8.2234197708,10/17/2018,03:20:00 am,0,6.671,9.2138,0.9903802292000012
3401,2018-10-17 03:30:00,8.2231036576,10/17/2018,03:30:00 am,0,6.67,9.2137,0.9905963423999999
3402,2018-10-17 03:40:00,8.2232872072,10/17/2018,03:40:00 am,0,6.67,9.2137,0.990412792799999
3403,2018-10-17 03:50:00,8.2226753752,10/17/2018,03:50:00 am,0,6.668,9.2136,0.9909246247999999
3404,2018-10-17 04:00:00,8.222971094,10/17/2018,04:00:00 am,0,6.667,9.2133,0.9903289060000002
3405,2018-10-17 04:10:00,8.223185235199999,10/17/2018,04:10:00 am,0,6.666,9.2135,0.9903147648000008
3406,2018-10-17 04:20:00,8.224439490799998,10/17/2018,04:20:00 am,0,6.665,9.2146,0.9901605092000025
3407,2018-10-17 04:30:00,8.2249493508,10/17/2018,04:30:00 am,0,6.664,9.2153,0.9903506491999998
3408,2018-10-17 04:40:00,8.2260608456,10/17/2018,04:40:00 am,0,6.663,9.2162,0.9901391544000013
3409,2018-10-17 04:50:00,8.226193409199999,10/17/2018,04:50:00 am,0,6.662,9.216,0.9898065908000007
3410,2018-10-17 05:00:00,8.2262647896,10/17/2018,05:00:00 am,0,6.661,9.2158,0.9895352103999997
3411,2018-10-17 05:10:00,8.226387156,10/17/2018,05:10:00 am,0,6.66,9.2159,0.9895128440000001
3412,2018-10-17 05:20:00,8.226203606399999,10/17/2018,05:20:00 am,0,6.659,9.2157,0.9894963936000014
3413,2018-10-17 05:30:00,8.226489128,10/17/2018,05:30:00 am,0,6.658,9.2154,0.9889108719999999
3414,2018-10-17 05:40:00,8.2257855212,10/17/2018,05:40:00 am,0,6.657,9.2148,0.9890144787999997
3415,2018-10-17 05:50:00,8.225469408,10/17/2018,05:50:00 am,0,6.656,9.2143,0.9888305919999993
3416,2018-10-17 06:00:00,8.2259078876,10/17/2018,06:00:00 am,0,6.655,9.2145,0.9885921123999992
3417,2018-10-17 06:10:00,8.226519719599999,10/17/2018,06:10:00 am,0,6.654,9.2156,0.9890802804000014
3418,2018-10-17 06:20:00,8.227151946,10/17/2018,06:20:00 am,0,6.653,9.2165,0.9893480540000006
3419,2018-10-17 06:30:00,8.2270295796,10/17/2018,06:30:00 am,0,6.652,9.2162,0.9891704204000007
3420,2018-10-17 06:40:00,8.2275292424,10/17/2018,06:40:00 am,0,6.65,9.2166,0.9890707576000004
3421,2018-10-17 06:50:00,8.227294706799999,10/17/2018,06:50:00 am,0,6.65,9.2165,0.9892052932000013
3422,2018-10-17 07:00:00,8.2278453556,10/17/2018,07:00:00 am,0,6.649,9.2167,0.9888546443999999
3423,2018-10-17 07:10:00,8.227814764,10/17/2018,07:10:00 am,0,6.647,9.2165,0.9886852360000002
3424,2018-10-17 07:20:00,8.227600622799999,10/17/2018,07:20:00 am,0,6.646,9.2166,0.9889993772000008
3425,2018-10-17 07:30:00,8.227151946,10/17/2018,07:30:00 am,0,6.645,9.2162,0.9890480540000013
3426,2018-10-17 07:40:00,8.2271723404,10/17/2018,07:40:00 am,0,6.644,9.2165,0.9893276596000007
3427,2018-10-17 07:50:00,8.2270397768,10/17/2018,07:50:00 am,0,6.643,9.2165,0.9894602232
3428,2018-10-17 08:00:00,8.2267236636,10/17/2018,08:00:00 am,0,6.642,9.2166,0.9898763364000001
3429,2018-10-17 08:10:00,8.226285184,10/17/2018,08:10:00 am,0,6.641,9.2165,0.9902148159999999
3430,2018-10-17 08:20:00,8.225673352,10/17/2018,08:20:00 am,0,6.639,9.2161,0.9904266480000015
3431,2018-10-17 08:30:00,8.2264075504,10/17/2018,08:30:00 am,0,6.638,9.2164,0.9899924496000008
3432,2018-10-17 08:40:00,8.2259078876,10/17/2018,08:40:00 am,0,6.637,9.2167,0.9907921123999994
3433,2018-10-17 08:50:00,8.2256835492,10/17/2018,08:50:00 am,0,6.636,9.2169,0.9912164508000014
3434,2018-10-17 09:00:00,8.2255611828,10/17/2018,09:00:00 am,0,6.636,9.2171,0.9915388172000004
3435,2018-10-17 09:10:00,8.2252960556,10/17/2018,09:10:00 am,0,6.634,9.2162,0.9909039444000012
3436,2018-10-17 09:20:00,8.22480659,10/17/2018,09:20:00 am,0,6.633,9.2159,0.9910934099999995
3437,2018-10-17 09:30:00,8.223960222399999,10/17/2018,09:30:00 am,0,6.632,9.2149,0.9909397776000013
3438,2018-10-17 09:40:00,8.2231036576,10/17/2018,09:40:00 am,0,6.631,9.2142,0.9910963424000006
3439,2018-10-17 09:50:00,8.222155318,10/17/2018,09:50:00 am,0,6.63,9.2136,0.9914446819999991
3440,2018-10-17 10:00:00,8.221390527999999,10/17/2018,10:00:00 am,0,6.629,9.2129,0.9915094720000006
3441,2018-10-17 10:10:00,8.218892214,10/17/2018,10:10:00 am,0,6.628,9.2125,0.9936077860000001
3442,2018-10-17 10:20:00,8.2151396444,10/17/2018,10:20:00 am,0,6.627,9.2117,0.9965603555999998
3443,2018-10-17 10:30:00,8.2170975068,10/17/2018,10:30:00 am,0,6.626,9.2118,0.9947024932000001
3444,2018-10-17 10:40:00,8.2157412792,10/17/2018,10:40:00 am,0,6.625,9.2108,0.9950587208000012
3445,2018-10-17 10:50:00,8.2161797588,10/17/2018,10:50:00 am,0,6.623,9.2111,0.9949202412000009
3446,2018-10-17 11:00:00,8.2176583528,10/17/2018,11:00:00 am,0,6.623,9.2102,0.9925416472000013
3447,2018-10-17 11:10:00,8.217464605999998,10/17/2018,11:10:00 am,0,6.621,9.2099,0.992435394000001
3448,2018-10-17 11:20:00,8.2163021252,10/17/2018,11:20:00 am,0,6.62,9.2098,0.9934978747999992
3449,2018-10-17 11:30:00,8.217077112399998,10/17/2018,11:30:00 am,0,6.619,9.2097,0.9926228876000014
3450,2018-10-17 11:40:00,8.2174544088,10/17/2018,11:40:00 am,0,6.618,9.2101,0.9926455912000005
3451,2018-10-17 11:50:00,8.2179438744,10/17/2018,11:50:00 am,0,6.617,9.2103,0.9923561256000006
3452,2018-10-17 12:00:00,8.2171892816,10/17/2018,12:00:00 pm,0,6.616,9.2099,0.9927107183999997
3453,2018-10-17 12:10:00,8.2161185756,10/17/2018,12:10:00 pm,0,6.615,9.2097,0.9935814244000003
3454,2018-10-17 12:20:00,8.2142728824,10/17/2018,12:20:00 pm,0,6.614,9.2095,0.9952271176000007
3455,2018-10-17 12:30:00,8.2147011648,10/17/2018,12:30:00 pm,0,6.613,9.2089,0.9941988352000006
3456,2018-10-17 12:40:00,8.214538009599998,10/17/2018,12:40:00 pm,0,6.611,9.2082,0.9936619904000015
3457,2018-10-17 12:50:00,8.213630458799999,10/17/2018,12:50:00 pm,0,6.611,9.208,0.9943695412000011
3458,2018-10-17 13:00:00,8.212671922,10/17/2018,01:00:00 pm,0,6.609,9.2071,0.9944280780000003
3459,2018-10-17 13:10:00,8.210754848399999,10/17/2018,01:10:00 pm,0,6.609,9.2056,0.9948451516000016
3460,2018-10-17 13:20:00,8.209102902,10/17/2018,01:20:00 pm,0,6.607,9.2044,0.995297098
3461,2018-10-17 13:30:00,8.2080219988,10/17/2018,01:30:00 pm,0,6.606,9.2039,0.9958780012000013
3462,2018-10-17 13:40:00,8.208542056,10/17/2018,01:40:00 pm,0,6.605,9.2028,0.9942579439999992
3463,2018-10-17 13:50:00,8.2068697152,10/17/2018,01:50:00 pm,0,6.604,9.2011,0.9942302848000004
3464,2018-10-17 14:00:00,8.205319740799998,10/17/2018,02:00:00 pm,0,6.603,9.1995,0.994180259200002
3465,2018-10-17 14:10:00,8.204208246,10/17/2018,02:10:00 pm,0,6.602,9.1986,0.9943917540000005
3466,2018-10-17 14:20:00,8.202760243599998,10/17/2018,02:20:00 pm,0,6.601,9.1975,0.9947397564000013
3467,2018-10-17 14:30:00,8.2020872284,10/17/2018,02:30:00 pm,0,6.6,9.1967,0.9946127716
3468,2018-10-17 14:40:00,8.201546776799999,10/17/2018,02:40:00 pm,0,6.598,9.1952,0.9936532232000008
3469,2018-10-17 14:50:00,8.2009757336,10/17/2018,02:50:00 pm,0,6.597,9.194,0.9930242664000009
3470,2018-10-17 15:00:00,8.200455676399999,10/17/2018,03:00:00 pm,0,6.596,9.1933,0.9928443236000017
3471,2018-10-17 15:10:00,8.1999866052,10/17/2018,03:10:00 pm,0,6.595,9.193,0.9930133948000002
3472,2018-10-17 15:20:00,8.1999458164,10/17/2018,03:20:00 pm,0,6.594,9.1924,0.9924541835999996
3473,2018-10-17 15:30:00,8.199864238799998,10/17/2018,03:30:00 pm,0,6.593,9.1922,0.9923357612000014
3474,2018-10-17 15:40:00,8.199874436,10/17/2018,03:40:00 pm,0,6.592,9.1927,0.9928255640000003
3475,2018-10-17 15:50:00,8.199384970399999,10/17/2018,03:50:00 pm,0,6.591,9.1922,0.9928150296000009
3476,2018-10-17 16:00:00,8.1985691944,10/17/2018,04:00:00 pm,0,6.589,9.1918,0.9932308056000014
3477,2018-10-17 16:10:00,8.1979267708,10/17/2018,04:10:00 pm,0,6.589,9.1911,0.9931732292
3478,2018-10-17 16:20:00,8.198997476799999,10/17/2018,04:20:00 pm,0,6.588,9.1907,0.9917025232000007
3479,2018-10-17 16:30:00,8.199109646,10/17/2018,04:30:00 pm,0,6.586,9.1905,0.991390354
3480,2018-10-17 16:40:00,8.1987221524,10/17/2018,04:40:00 pm,0,6.585,9.1901,0.991377847599999
3481,2018-10-17 16:50:00,8.198650771999999,10/17/2018,04:50:00 pm,0,6.584,9.19,0.9913492280000007
3482,2018-10-17 17:00:00,8.1983244616,10/17/2018,05:00:00 pm,0,6.583,9.1897,0.9913755383999998
3483,2018-10-17 17:10:00,8.198467222399998,10/17/2018,05:10:00 pm,0,6.582,9.1893,0.9908327776000014
3484,2018-10-17 17:20:00,8.1989260964,10/17/2018,05:20:00 pm,0,6.581,9.1898,0.9908739036000007
3485,2018-10-17 17:30:00,8.1994563508,10/17/2018,05:30:00 pm,0,6.58,9.1907,0.9912436491999994
3486,2018-10-17 17:40:00,8.2002415352,10/17/2018,05:40:00 pm,0,6.578,9.191,0.9907584648000007
3487,2018-10-17 17:50:00,8.200945142,10/17/2018,05:50:00 pm,0,6.577,9.1918,0.9908548580000005
3488,2018-10-17 18:00:00,8.2014244104,10/17/2018,06:00:00 pm,0,6.576,9.1924,0.9909755895999997
3489,2018-10-17 18:10:00,8.202311566799999,10/17/2018,06:10:00 pm,0,6.575,9.1931,0.9907884332000005
3490,2018-10-17 18:20:00,8.2028214268,10/17/2018,06:20:00 pm,0,6.574,9.194,0.9911785732000009
3491,2018-10-17 18:30:00,8.204361204,10/17/2018,06:30:00 pm,0,6.573,9.1949,0.9905387960000009
3492,2018-10-17 18:40:00,8.2060131504,10/17/2018,06:40:00 pm,0,6.572,9.1961,0.990086849599999
3493,2018-10-17 18:50:00,8.20645163,10/17/2018,06:50:00 pm,0,6.571,9.1964,0.9899483700000005
3494,2018-10-17 19:00:00,8.2077568716,10/17/2018,07:00:00 pm,0,6.569,9.1975,0.9897431284000007
3495,2018-10-17 19:10:00,8.208949943999999,10/17/2018,07:10:00 pm,0,6.569,9.1986,0.9896500560000021
3496,2018-10-17 19:20:00,8.2097963116,10/17/2018,07:20:00 pm,0,6.567,9.1997,0.9899036884000001
3497,2018-10-17 19:30:00,8.2104999184,10/17/2018,07:30:00 pm,0,6.567,9.2002,0.9897000816000006
3498,2018-10-17 19:40:00,8.2116929908,10/17/2018,07:40:00 pm,0,6.565,9.2012,0.9895070092000005
3499,2018-10-17 19:50:00,8.212009104,10/17/2018,07:50:00 pm,0,6.564,9.2021,0.9900908959999999
3500,2018-10-17 20:00:00,8.212549555599999,10/17/2018,08:00:00 pm,0,6.563,9.2027,0.9901504444000011
3501,2018-10-17 20:10:00,8.213365331599999,10/17/2018,08:10:00 pm,0,6.562,9.2028,0.9894346684000013
3502,2018-10-17 20:20:00,8.2133449372,10/17/2018,08:20:00 pm,0,6.561,9.2031,0.9897550627999987
3503,2018-10-17 20:30:00,8.2141913048,10/17/2018,08:30:00 pm,0,6.56,9.2039,0.9897086952000009
3504,2018-10-17 20:40:00,8.214558404,10/17/2018,08:40:00 pm,0,6.558,9.2038,0.9892415959999994
3505,2018-10-17 20:50:00,8.2145482068,10/17/2018,08:50:00 pm,0,6.558,9.2043,0.9897517932
3506,2018-10-17 21:00:00,8.215109052799999,10/17/2018,09:00:00 pm,0,6.557,9.2044,0.9892909472000007
3507,2018-10-17 21:10:00,8.215884039999999,10/17/2018,09:10:00 pm,0,6.555,9.2048,0.9889159600000017
3508,2018-10-17 21:20:00,8.216322519599998,10/17/2018,09:20:00 pm,0,6.554,9.2054,0.9890774804000007
3509,2018-10-17 21:30:00,8.217077112399998,10/17/2018,09:30:00 pm,0,6.553,9.2055,0.9884228876000023
3510,2018-10-17 21:40:00,8.217505394799998,10/17/2018,09:40:00 pm,0,6.552,9.2058,0.9882946052000019
3511,2018-10-17 21:50:00,8.2181478184,10/17/2018,09:50:00 pm,0,6.551,9.2064,0.9882521816000001
3512,2018-10-17 22:00:00,8.2182905792,10/17/2018,10:00:00 pm,0,6.549,9.2066,0.9883094208000003
3513,2018-10-17 22:10:00,8.218423142799999,10/17/2018,10:10:00 pm,0,6.549,9.2073,0.9888768572000011
3514,2018-10-17 22:20:00,8.2187290588,10/17/2018,10:20:00 pm,0,6.547,9.2076,0.9888709412000001
3515,2018-10-17 22:30:00,8.219595820799999,10/17/2018,10:30:00 pm,0,6.546,9.2082,0.9886041792000011
3516,2018-10-17 22:40:00,8.2205339632,10/17/2018,10:40:00 pm,0,6.545,9.2085,0.9879660368000014
3517,2018-10-17 22:50:00,8.2201056808,10/17/2018,10:50:00 pm,0,6.544,9.2081,0.9879943192000002
3518,2018-10-17 23:00:00,8.219646806799998,10/17/2018,11:00:00 pm,0,6.542,9.2076,0.987953193200001
3519,2018-10-17 23:10:00,8.2198915396,10/17/2018,11:10:00 pm,0,6.542,9.207,0.9871084604
3520,2018-10-17 23:20:00,8.2197385816,10/17/2018,11:20:00 pm,0,6.541,9.2072,0.9874614184000006
3521,2018-10-17 23:30:00,8.2197895676,10/17/2018,11:30:00 pm,0,6.54,9.2068,0.9870104324
3522,2018-10-17 23:40:00,8.219514243199999,10/17/2018,11:40:00 pm,0,6.538,9.207,0.9874857568000017
3523,2018-10-17 23:50:00,8.2196264124,10/17/2018,11:50:00 pm,0,6.537,9.2066,0.9869735875999996
3524,2018-10-18 00:00:00,8.219157341199999,10/18/2018,12:00:00 am,0,6.536,9.2069,0.9877426588000002
3525,2018-10-18 00:10:00,8.2196977928,10/18/2018,12:10:00 am,0,6.535,9.2072,0.9875022072000004
3526,2018-10-18 00:20:00,8.2195856236,10/18/2018,12:20:00 am,0,6.534,9.2078,0.9882143764000002
3527,2018-10-18 00:30:00,8.2196977928,10/18/2018,12:30:00 am,0,6.533,9.2079,0.9882022072000005
3528,2018-10-18 00:40:00,8.2192389188,10/18/2018,12:40:00 am,0,6.531,9.2079,0.9886610812000001
3529,2018-10-18 00:50:00,8.218871819599999,10/18/2018,12:50:00 am,0,6.531,9.2076,0.9887281804000008
3530,2018-10-18 01:00:00,8.2190349748,10/18/2018,01:00:00 am,0,6.529,9.2077,0.9886650252000013
3531,2018-10-18 01:10:00,8.218983988799998,10/18/2018,01:10:00 am,0,6.528,9.2078,0.9888160112000026
3532,2018-10-18 01:20:00,8.218892214,10/18/2018,01:20:00 am,0,6.527,9.2077,0.9888077860000006
3533,2018-10-18 01:30:00,8.2191165524,10/18/2018,01:30:00 am,0,6.526,9.2078,0.9886834476000015
3534,2018-10-18 01:40:00,8.2197181872,10/18/2018,01:40:00 am,0,6.524,9.2081,0.9883818128000001
3535,2018-10-18 01:50:00,8.21970799,10/18/2018,01:50:00 am,0,6.524,9.208,0.9882920100000003
3536,2018-10-18 02:00:00,8.219758976,10/18/2018,02:00:00 am,0,6.522,9.2084,0.9886410239999996
3537,2018-10-18 02:10:00,8.219871145199999,10/18/2018,02:10:00 am,0,6.521,9.2081,0.9882288548000009
3538,2018-10-18 02:20:00,8.2201770612,10/18/2018,02:20:00 am,0,6.52,9.2084,0.9882229387999999
3539,2018-10-18 02:30:00,8.220075089199998,10/18/2018,02:30:00 am,0,6.519,9.2083,0.9882249108000014
3540,2018-10-18 02:40:00,8.2204625828,10/18/2018,02:40:00 am,0,6.518,9.2088,0.9883374172000003
3541,2018-10-18 02:50:00,8.2208092876,10/18/2018,02:50:00 am,0,6.517,9.2087,0.9878907124000005
3542,2018-10-18 03:00:00,8.2205645548,10/18/2018,03:00:00 am,0,6.516,9.2095,0.988935445200001
3543,2018-10-18 03:10:00,8.220666526799999,10/18/2018,03:10:00 am,0,6.515,9.2087,0.9880334732000016
3544,2018-10-18 03:20:00,8.2201872584,10/18/2018,03:20:00 am,0,6.514,9.2085,0.9883127416000015
3545,2018-10-18 03:30:00,8.219728384399998,10/18/2018,03:30:00 am,0,6.513,9.2083,0.9885716156000015
3546,2018-10-18 03:40:00,8.2194734544,10/18/2018,03:40:00 am,0,6.511,9.208,0.988526545600001
3547,2018-10-18 03:50:00,8.2194326656,10/18/2018,03:50:00 am,0,6.51,9.2073,0.9878673344000006
3548,2018-10-18 04:00:00,8.219167538399999,10/18/2018,04:00:00 am,0,6.509,9.2075,0.9883324616000007
3549,2018-10-18 04:10:00,8.2194428628,10/18/2018,04:10:00 am,0,6.508,9.2073,0.9878571372000007
3550,2018-10-18 04:20:00,8.2198507508,10/18/2018,04:20:00 am,0,6.507,9.2073,0.9874492492000009
3551,2018-10-18 04:30:00,8.2200546948,10/18/2018,04:30:00 am,0,6.505,9.2075,0.9874453051999996
3552,2018-10-18 04:40:00,8.220697118399999,10/18/2018,04:40:00 am,0,6.505,9.208,0.9873028816000016
3553,2018-10-18 04:50:00,8.221390527999999,10/18/2018,04:50:00 am,0,6.504,9.2087,0.9873094720000015
3554,2018-10-18 05:00:00,8.222226698399998,10/18/2018,05:00:00 am,0,6.502,9.2088,0.9865733016000018
3555,2018-10-18 05:10:00,8.2224000508,10/18/2018,05:10:00 am,0,6.501,9.2091,0.9866999492000001
3556,2018-10-18 05:20:00,8.2233381932,10/18/2018,05:20:00 am,0,6.5,9.21,0.9866618068000008
3557,2018-10-18 05:30:00,8.223939827999999,10/18/2018,05:30:00 am,0,6.499,9.2105,0.9865601720000008
3558,2018-10-18 05:40:00,8.2238174616,10/18/2018,05:40:00 am,0,6.498,9.2114,0.9875825383999999
3559,2018-10-18 05:50:00,8.223307601599998,10/18/2018,05:50:00 am,0,6.496,9.2107,0.9873923984000008
3560,2018-10-18 06:00:00,8.223582925999999,10/18/2018,06:00:00 am,0,6.495,9.211,0.9874170740000014
3561,2018-10-18 06:10:00,8.2241641664,10/18/2018,06:10:00 am,0,6.494,9.2111,0.9869358336000005
3562,2018-10-18 06:20:00,8.224021405599999,10/18/2018,06:20:00 am,0,6.494,9.211,0.9869785944000018
3563,2018-10-18 06:30:00,8.2241539692,10/18/2018,06:30:00 am,0,6.492,9.2108,0.9866460308000011
3564,2018-10-18 06:40:00,8.2238786448,10/18/2018,06:40:00 am,0,6.491,9.2099,0.9860213552000001
3565,2018-10-18 06:50:00,8.2240825888,10/18/2018,06:50:00 am,0,6.49,9.2104,0.9863174111999999
3566,2018-10-18 07:00:00,8.2244292936,10/18/2018,07:00:00 am,0,6.489,9.2103,0.9858707064000001
3567,2018-10-18 07:10:00,8.2247658012,10/18/2018,07:10:00 am,0,6.487,9.2104,0.9856341987999997
3568,2018-10-18 07:20:00,8.2253572388,10/18/2018,07:20:00 am,0,6.486,9.2113,0.9859427612000005
3569,2018-10-18 07:30:00,8.2263055784,10/18/2018,07:30:00 am,0,6.485,9.2123,0.985994421600001
3570,2018-10-18 07:40:00,8.226927607599999,10/18/2018,07:40:00 am,0,6.484,9.2135,0.9865723924000012
3571,2018-10-18 07:50:00,8.226642086,10/18/2018,07:50:00 am,0,6.483,9.2138,0.9871579140000009
3572,2018-10-18 08:00:00,8.226468733599999,10/18/2018,08:00:00 am,0,6.482,9.2138,0.9873312664000018
3573,2018-10-18 08:10:00,8.2268052412,10/18/2018,08:10:00 am,0,6.48,9.2139,0.9870947588000014
3574,2018-10-18 08:20:00,8.2267134664,10/18/2018,08:20:00 am,0,6.48,9.2146,0.9878865336000011
3575,2018-10-18 08:30:00,8.228018707999999,10/18/2018,08:30:00 am,0,6.479,9.216,0.9879812920000006
3576,2018-10-18 08:40:00,8.2282634408,10/18/2018,08:40:00 am,0,6.477,9.2169,0.9886365592000015
3577,2018-10-18 08:50:00,8.228987442,10/18/2018,08:50:00 am,0,6.476,9.2176,0.9886125579999998
3578,2018-10-18 09:00:00,8.2286203428,10/18/2018,09:00:00 am,0,6.475,9.2174,0.9887796572000003
3579,2018-10-18 09:10:00,8.2292321748,10/18/2018,09:10:00 am,0,6.474,9.2182,0.9889678251999996
3580,2018-10-18 09:20:00,8.229803218,10/18/2018,09:20:00 am,0,6.472,9.2187,0.9888967819999994
3581,2018-10-18 09:30:00,8.229762429200001,10/18/2018,09:30:00 am,0,6.471,9.2186,0.9888375707999995
3582,2018-10-18 09:40:00,8.229507499199999,10/18/2018,09:40:00 am,0,6.47,9.219,0.9894925008000008
3583,2018-10-18 09:50:00,8.22965026,10/18/2018,09:50:00 am,0,6.469,9.2193,0.9896497400000008
3584,2018-10-18 10:00:00,8.2296604572,10/18/2018,10:00:00 am,0,6.468,9.2195,0.9898395428000004
3585,2018-10-18 10:10:00,8.227213129199999,10/18/2018,10:10:00 am,0,6.467,9.2186,0.9913868708000013
3586,2018-10-18 10:20:00,8.223277009999999,10/18/2018,10:20:00 am,0,6.466,9.2187,0.9954229900000016
3587,2018-10-18 10:30:00,8.2242253496,10/18/2018,10:30:00 am,0,6.464,9.2178,0.9935746504000011
3588,2018-10-18 10:40:00,8.224408899199998,10/18/2018,10:40:00 am,0,6.463,9.2174,0.9929911008000012
3589,2018-10-18 10:50:00,8.224755603999998,10/18/2018,10:50:00 am,0,6.462,9.2176,0.9928443960000006
3590,2018-10-18 11:00:00,8.226621691599998,10/18/2018,11:00:00 am,0,6.461,9.2175,0.990878308400001
3591,2018-10-18 11:10:00,8.2269581992,10/18/2018,11:10:00 am,0,6.46,9.2179,0.9909418007999999
3592,2018-10-18 11:20:00,8.224612843200001,10/18/2018,11:20:00 am,0,6.459,9.2175,0.9928871567999984
3593,2018-10-18 11:30:00,8.225143097599998,10/18/2018,11:30:00 am,0,6.457,9.2172,0.9920569024000017
3594,2018-10-18 11:40:00,8.2243069272,10/18/2018,11:40:00 am,0,6.457,9.2173,0.9929930727999992
3595,2018-10-18 11:50:00,8.226468733599999,10/18/2018,11:50:00 am,0,6.455,9.2176,0.9911312664
3596,2018-10-18 12:00:00,8.2273456928,10/18/2018,12:00:00 pm,0,6.454,9.2187,0.9913543072
3597,2018-10-18 12:10:00,8.226998988,10/18/2018,12:10:00 pm,0,6.453,9.2193,0.9923010120000004
3598,2018-10-18 12:20:00,8.2253062528,10/18/2018,12:20:00 pm,0,6.452,9.2196,0.9942937472000004
3599,2018-10-18 12:30:00,8.226162817599999,10/18/2018,12:30:00 pm,0,6.451,9.2184,0.992237182400002
3600,2018-10-18 12:40:00,8.2258670988,10/18/2018,12:40:00 pm,0,6.45,9.2179,0.9920329012
3601,2018-10-18 12:50:00,8.225061519999999,10/18/2018,12:50:00 pm,0,6.448,9.2172,0.9921384800000013
3602,2018-10-18 13:00:00,8.2243783076,10/18/2018,01:00:00 pm,0,6.447,9.2165,0.9921216923999996
3603,2018-10-18 13:10:00,8.2229303052,10/18/2018,01:10:00 pm,0,6.446,9.2153,0.9923696947999989
3604,2018-10-18 13:20:00,8.221747429999999,10/18/2018,01:20:00 pm,0,6.445,9.2147,0.9929525700000017
3605,2018-10-18 13:30:00,8.218759650400001,10/18/2018,01:30:00 pm,0,6.444,9.2133,0.9945403495999994
3606,2018-10-18 13:40:00,8.2193918768,10/18/2018,01:40:00 pm,0,6.443,9.2128,0.9934081232
3607,2018-10-18 13:50:00,8.220625737999999,10/18/2018,01:50:00 pm,0,6.442,9.2122,0.9915742620000003
3608,2018-10-18 14:00:00,8.220615540799999,10/18/2018,02:00:00 pm,0,6.44,9.2111,0.990484459200001
3609,2018-10-18 14:10:00,8.220064892,10/18/2018,02:10:00 pm,0,6.439,9.2107,0.9906351079999993
3610,2018-10-18 14:20:00,8.218902411199998,10/18/2018,02:20:00 pm,0,6.438,9.2109,0.9919975888000021
3611,2018-10-18 14:30:00,8.2176379584,10/18/2018,02:30:00 pm,0,6.437,9.2089,0.9912620416000006
3612,2018-10-18 14:40:00,8.2176073668,10/18/2018,02:40:00 pm,0,6.435,9.2088,0.9911926332000007
3613,2018-10-18 14:50:00,8.217383028399999,10/18/2018,02:50:00 pm,0,6.435,9.2083,0.9909169716000008
3614,2018-10-18 15:00:00,8.2171280984,10/18/2018,03:00:00 pm,0,6.433,9.2083,0.9911719015999996
3615,2018-10-18 15:10:00,8.2168425768,10/18/2018,03:10:00 pm,0,6.432,9.2077,0.9908574232000014
3616,2018-10-18 15:20:00,8.2167304076,10/18/2018,03:20:00 pm,0,6.431,9.2083,0.9915695923999994
3617,2018-10-18 15:30:00,8.2163531112,10/18/2018,03:30:00 pm,0,6.43,9.2082,0.9918468887999996
3618,2018-10-18 15:40:00,8.2156597016,10/18/2018,03:40:00 pm,0,6.429,9.2087,0.9930402984000004
3619,2018-10-18 15:50:00,8.214925503199998,10/18/2018,03:50:00 pm,0,6.428,9.2078,0.9928744968000025
3620,2018-10-18 16:00:00,8.21486432,10/18/2018,04:00:00 pm,0,6.427,9.2079,0.9930356800000002
3621,2018-10-18 16:10:00,8.2148235312,10/18/2018,04:10:00 pm,0,6.425,9.2078,0.9929764688000002
3622,2018-10-18 16:20:00,8.217699141599999,10/18/2018,04:20:00 pm,0,6.424,9.2084,0.9907008584000003
3623,2018-10-18 16:30:00,8.217362634,10/18/2018,04:30:00 pm,0,6.423,9.2078,0.9904373660000001
3624,2018-10-18 16:40:00,8.2171994788,10/18/2018,04:40:00 pm,0,6.422,9.2082,0.9910005212000002
3625,2018-10-18 16:50:00,8.2165162664,10/18/2018,04:50:00 pm,0,6.421,9.2075,0.9909837336000002
3626,2018-10-18 17:00:00,8.2163021252,10/18/2018,05:00:00 pm,0,6.42,9.2075,0.9911978747999992
3627,2018-10-18 17:10:00,8.216597843999999,10/18/2018,05:10:00 pm,0,6.419,9.2079,0.9913021560000015
3628,2018-10-18 17:20:00,8.217311647999999,10/18/2018,05:20:00 pm,0,6.417,9.2082,0.9908883520000007
3629,2018-10-18 17:30:00,8.2175767752,10/18/2018,05:30:00 pm,0,6.416,9.2086,0.991023224800001
3630,2018-10-18 17:40:00,8.217760324799999,10/18/2018,05:40:00 pm,0,6.415,9.2092,0.9914396752000005
3631,2018-10-18 17:50:00,8.2182599876,10/18/2018,05:50:00 pm,0,6.414,9.2093,0.991040012400001
3632,2018-10-18 18:00:00,8.2189126084,10/18/2018,06:00:00 pm,0,6.413,9.21,0.9910873916000007
3633,2018-10-18 18:10:00,8.219758976,10/18/2018,06:10:00 pm,0,6.412,9.2107,0.9909410239999996
3634,2018-10-18 18:20:00,8.220931654,10/18/2018,06:20:00 pm,0,6.41,9.2115,0.9905683459999999
3635,2018-10-18 18:30:00,8.2224204452,10/18/2018,06:30:00 pm,0,6.409,9.2124,0.9899795548000014
3636,2018-10-18 18:40:00,8.222920107999999,10/18/2018,06:40:00 pm,0,6.408,9.2132,0.990279892000002
3637,2018-10-18 18:50:00,8.223970419599999,10/18/2018,06:50:00 pm,0,6.407,9.2141,0.9901295804000014
3638,2018-10-18 19:00:00,8.2249391536,10/18/2018,07:00:00 pm,0,6.406,9.215,0.9900608464000005
3639,2018-10-18 19:10:00,8.226672677599998,10/18/2018,07:10:00 pm,0,6.405,9.2165,0.9898273224000018
3640,2018-10-18 19:20:00,8.2271315516,10/18/2018,07:20:00 pm,0,6.404,9.2178,0.990668448400001
3641,2018-10-18 19:30:00,8.2281920604,10/18/2018,07:30:00 pm,0,6.403,9.2181,0.9899079396000001
3642,2018-10-18 19:40:00,8.229599274,10/18/2018,07:40:00 pm,0,6.402,9.2193,0.9897007260000006
3643,2018-10-18 19:50:00,8.230568007999999,10/18/2018,07:50:00 pm,0,6.4,9.22,0.9894319920000019
3644,2018-10-18 20:00:00,8.231037079199998,10/18/2018,08:00:00 pm,0,6.399,9.2207,0.9896629208000025
3645,2018-10-18 20:10:00,8.231332798,10/18/2018,08:10:00 pm,0,6.398,9.2211,0.9897672019999995
3646,2018-10-18 20:20:00,8.2318222636,10/18/2018,08:20:00 pm,0,6.396,9.2217,0.9898777364000004
3647,2018-10-18 20:30:00,8.2323729124,10/18/2018,08:30:00 pm,0,6.396,9.2216,0.9892270875999998
3648,2018-10-18 20:40:00,8.233443618399999,10/18/2018,08:40:00 pm,0,6.394,9.2227,0.9892563816000006
3649,2018-10-18 20:50:00,8.2336373652,10/18/2018,08:50:00 pm,0,6.393,9.2234,0.9897626347999999
3650,2018-10-18 21:00:00,8.234279788799999,10/18/2018,09:00:00 pm,0,6.392,9.2238,0.9895202112000021
3651,2018-10-18 21:10:00,8.234697873999998,10/18/2018,09:10:00 pm,0,6.391,9.2241,0.9894021260000017
3652,2018-10-18 21:20:00,8.235136353599998,10/18/2018,09:20:00 pm,0,6.39,9.2247,0.9895636464000024
3653,2018-10-18 21:30:00,8.2348610292,10/18/2018,09:30:00 pm,0,6.389,9.2248,0.9899389708000008
3654,2018-10-18 21:40:00,8.2354218752,10/18/2018,09:40:00 pm,0,6.387,9.2248,0.9893781248
3655,2018-10-18 21:50:00,8.235095564799998,10/18/2018,09:50:00 pm,0,6.386,9.225,0.9899044352000015
3656,2018-10-18 22:00:00,8.2359827212,10/18/2018,10:00:00 pm,0,6.385,9.2256,0.9896172788000008
3657,2018-10-18 22:10:00,8.236451792399999,10/18/2018,10:10:00 pm,0,6.384,9.2264,0.9899482076000012
3658,2018-10-18 22:20:00,8.2376958508,10/18/2018,10:20:00 pm,0,6.383,9.2269,0.9892041492000008
3659,2018-10-18 22:30:00,8.238725767999998,10/18/2018,10:30:00 pm,0,6.382,9.2282,0.989474232000001
3660,2018-10-18 22:40:00,8.239378388799999,10/18/2018,10:40:00 pm,0,6.38,9.2287,0.9893216112000012
3661,2018-10-18 22:50:00,8.239307008399999,10/18/2018,10:50:00 pm,0,6.379,9.2292,0.9898929916000014
3662,2018-10-18 23:00:00,8.2397862768,10/18/2018,11:00:00 pm,0,6.378,9.2294,0.9896137231999997
3663,2018-10-18 23:10:00,8.239500755199998,10/18/2018,11:10:00 pm,0,6.377,9.2293,0.9897992448000021
3664,2018-10-18 23:20:00,8.239725093599999,10/18/2018,11:20:00 pm,0,6.376,9.229,0.9892749064000004
3665,2018-10-18 23:30:00,8.239745488,10/18/2018,11:30:00 pm,0,6.375,9.2292,0.989454512
3666,2018-10-18 23:40:00,8.2399188404,10/18/2018,11:40:00 pm,0,6.374,9.2286,0.9886811596000005
3667,2018-10-18 23:50:00,8.2403471228,10/18/2018,11:50:00 pm,0,6.373,9.2282,0.9878528771999999
3668,2018-10-19 00:00:00,8.239439572,10/19/2018,12:00:00 am,0,6.372,9.2284,0.9889604280000004
3669,2018-10-19 00:10:00,8.239674107599999,10/19/2018,12:10:00 am,0,6.37,9.2288,0.9891258924000006
3670,2018-10-19 00:20:00,8.2399596292,10/19/2018,12:20:00 am,0,6.369,9.2286,0.9886403708000007
3671,2018-10-19 00:30:00,8.2402655452,10/19/2018,12:30:00 am,0,6.368,9.2283,0.9880344548000011
3672,2018-10-19 00:40:00,8.240663236,10/19/2018,12:40:00 am,0,6.367,9.2288,0.9881367640000001
3673,2018-10-19 00:50:00,8.241479012,10/19/2018,12:50:00 am,0,6.366,9.2308,0.9893209880000011
3674,2018-10-19 01:00:00,8.2418053224,10/19/2018,01:00:00 am,0,6.364,9.2318,0.9899946776000004
3675,2018-10-19 01:10:00,8.2420092664,10/19/2018,01:10:00 am,0,6.364,9.2316,0.9895907336
3676,2018-10-19 01:20:00,8.2426720844,10/19/2018,01:20:00 am,0,6.362,9.2325,0.9898279155999994
3677,2018-10-19 01:30:00,8.242692478799999,10/19/2018,01:30:00 am,0,6.361,9.2325,0.9898075212000013
3678,2018-10-19 01:40:00,8.243110564,10/19/2018,01:40:00 am,0,6.36,9.2331,0.9899894360000001
3679,2018-10-19 01:50:00,8.2432431276,10/19/2018,01:50:00 am,0,6.359,9.2335,0.9902568723999998
3680,2018-10-19 02:00:00,8.2432023388,10/19/2018,02:00:00 am,0,6.358,9.2336,0.9903976611999994
3681,2018-10-19 02:10:00,8.243722395999999,10/19/2018,02:10:00 am,0,6.357,9.2342,0.9904776040000005
3682,2018-10-19 02:20:00,8.2435898324,10/19/2018,02:20:00 am,0,6.355,9.2338,0.9902101676000008
3683,2018-10-19 02:30:00,8.2435082548,10/19/2018,02:30:00 am,0,6.354,9.2334,0.9898917451999996
3684,2018-10-19 02:40:00,8.243396085599999,10/19/2018,02:40:00 am,0,6.353,9.2335,0.9901039144000006
3685,2018-10-19 02:50:00,8.2435388464,10/19/2018,02:50:00 am,0,6.352,9.2328,0.9892611535999993
3686,2018-10-19 03:00:00,8.243079972399999,10/19/2018,03:00:00 am,0,6.351,9.233,0.989920027600002
3687,2018-10-19 03:10:00,8.24341648,10/19/2018,03:10:00 am,0,6.35,9.2329,0.9894835200000003
3688,2018-10-19 03:20:00,8.2425191264,10/19/2018,03:20:00 am,0,6.349,9.2324,0.9898808736000007
3689,2018-10-19 03:30:00,8.242315182399999,10/19/2018,03:30:00 am,0,6.348,9.2321,0.9897848176000021
3690,2018-10-19 03:40:00,8.2427638592,10/19/2018,03:40:00 am,0,6.346,9.2319,0.9891361407999995
3691,2018-10-19 03:50:00,8.2428352396,10/19/2018,03:50:00 am,0,6.345,9.2322,0.9893647604000009
3692,2018-10-19 04:00:00,8.2422336048,10/19/2018,04:00:00 am,0,6.344,9.2317,0.9894663952000009
3693,2018-10-19 04:10:00,8.2424171544,10/19/2018,04:10:00 am,0,6.343,9.2311,0.9886828455999996
3694,2018-10-19 04:20:00,8.2425191264,10/19/2018,04:20:00 am,0,6.342,9.2303,0.9877808736000002
3695,2018-10-19 04:30:00,8.2426414928,10/19/2018,04:30:00 am,0,6.341,9.2299,0.9872585072
3696,2018-10-19 04:40:00,8.24239676,10/19/2018,04:40:00 am,0,6.34,9.2299,0.9875032400000006
3697,2018-10-19 04:50:00,8.242080646799998,10/19/2018,04:50:00 am,0,6.338,9.23,0.9879193532000023
3698,2018-10-19 05:00:00,8.2422336048,10/19/2018,05:00:00 am,0,6.337,9.2301,0.9878663952000011
3699,2018-10-19 05:10:00,8.2435898324,10/19/2018,05:10:00 am,0,6.336,9.2308,0.9872101676000007
3700,2018-10-19 05:20:00,8.2442118616,10/19/2018,05:20:00 am,0,6.335,9.2309,0.9866881383999999
3701,2018-10-19 05:30:00,8.2450786236,10/19/2018,05:30:00 am,0,6.334,9.2317,0.9866213764000005
3702,2018-10-19 05:40:00,8.2458842024,10/19/2018,05:40:00 am,0,6.333,9.2321,0.9862157976000017
3703,2018-10-19 05:50:00,8.245904596799999,10/19/2018,05:50:00 am,0,6.332,9.2323,0.9863954032000013
3704,2018-10-19 06:00:00,8.2462105128,10/19/2018,06:00:00 am,0,6.331,9.2325,0.9862894872000005
3705,2018-10-19 06:10:00,8.246832542,10/19/2018,06:10:00 am,0,6.329,9.2331,0.9862674580000004
3706,2018-10-19 06:20:00,8.2469243168,10/19/2018,06:20:00 am,0,6.328,9.2332,0.9862756832000006
3707,2018-10-19 06:30:00,8.2472608244,10/19/2018,06:30:00 am,0,6.327,9.2331,0.9858391756000007
3708,2018-10-19 06:40:00,8.2476891068,10/19/2018,06:40:00 am,0,6.326,9.2338,0.9861108932000011
3709,2018-10-19 06:50:00,8.2479950228,10/19/2018,06:50:00 am,0,6.325,9.2338,0.9858049772000008
3710,2018-10-19 07:00:00,8.2483519248,10/19/2018,07:00:00 am,0,6.324,9.2338,0.9854480752000008
3711,2018-10-19 07:10:00,8.248841390399999,10/19/2018,07:10:00 am,0,6.322,9.2343,0.9854586096000002
3712,2018-10-19 07:20:00,8.2501364348,10/19/2018,07:20:00 am,0,6.321,9.2352,0.9850635652000008
3713,2018-10-19 07:30:00,8.249840716,10/19/2018,07:30:00 am,0,6.32,9.2355,0.9856592840000005
3714,2018-10-19 07:40:00,8.2506259004,10/19/2018,07:40:00 am,0,6.319,9.236,0.9853740996000013
3715,2018-10-19 07:50:00,8.250809449999998,10/19/2018,07:50:00 am,0,6.318,9.237,0.9861905500000017
3716,2018-10-19 08:00:00,8.251676212,10/19/2018,08:00:00 am,0,6.317,9.2373,0.9856237879999998
3717,2018-10-19 08:10:00,8.252186071999999,10/19/2018,08:10:00 am,0,6.316,9.2379,0.9857139280000009
3718,2018-10-19 08:20:00,8.2516660148,10/19/2018,08:20:00 am,0,6.315,9.2379,0.9862339852000002
3719,2018-10-19 08:30:00,8.2523186356,10/19/2018,08:30:00 am,0,6.314,9.2384,0.9860813644000004
3720,2018-10-19 08:40:00,8.2527775096,10/19/2018,08:40:00 am,0,6.312,9.239,0.9862224904000012
3721,2018-10-19 08:50:00,8.2529304676,10/19/2018,08:50:00 am,0,6.311,9.2399,0.9869695323999998
3722,2018-10-19 09:00:00,8.252879481599999,10/19/2018,09:00:00 am,0,6.31,9.2401,0.9872205184000009
3723,2018-10-19 09:10:00,8.2531752004,10/19/2018,09:10:00 am,0,6.309,9.2403,0.9871247996000001
3724,2018-10-19 09:20:00,8.254001173599999,10/19/2018,09:20:00 am,0,6.308,9.2412,0.9871988264000002
3725,2018-10-19 09:30:00,8.2541133428,10/19/2018,09:30:00 am,0,6.307,9.2415,0.9873866572000001
3726,2018-10-19 09:40:00,8.2538992016,10/19/2018,09:40:00 am,0,6.306,9.2419,0.9880007983999999
3727,2018-10-19 09:50:00,8.2533791444,10/19/2018,09:50:00 am,0,6.304,9.242,0.9886208556000007
3728,2018-10-19 10:00:00,8.253032439599998,10/19/2018,10:00:00 am,0,6.303,9.2421,0.9890675604000023
3729,2018-10-19 10:10:00,8.250738069599999,10/19/2018,10:10:00 am,0,6.302,9.242,0.9912619304000021
3730,2018-10-19 10:20:00,8.2483723192,10/19/2018,10:20:00 am,0,6.301,9.2417,0.9933276808000002
3731,2018-10-19 10:30:00,8.2481377836,10/19/2018,10:30:00 am,0,6.3,9.2419,0.9937622163999986
3732,2018-10-19 10:40:00,8.2502384068,10/19/2018,10:40:00 am,0,6.299,9.2425,0.9922615932000003
3733,2018-10-19 10:50:00,8.250850238799998,10/19/2018,10:50:00 am,0,6.297,9.2425,0.9916497612000015
3734,2018-10-19 11:00:00,8.251268324,10/19/2018,11:00:00 am,0,6.296,9.242,0.9907316760000011
3735,2018-10-19 11:10:00,8.2512275352,10/19/2018,11:10:00 am,0,6.295,9.2413,0.9900724648000008
3736,2018-10-19 11:20:00,8.248311136,10/19/2018,11:20:00 am,0,6.294,9.2407,0.9923888640000005
3737,2018-10-19 11:30:00,8.2493512504,10/19/2018,11:30:00 am,0,6.293,9.2405,0.9911487496000007
3738,2018-10-19 11:40:00,8.248362122,10/19/2018,11:40:00 am,0,6.292,9.2404,0.9920378779999997
3739,2018-10-19 11:50:00,8.2498713076,10/19/2018,11:50:00 am,0,6.291,9.2401,0.9902286924000006
3740,2018-10-19 12:00:00,8.2490045456,10/19/2018,12:00:00 pm,0,6.29,9.239,0.9899954544000007
3741,2018-10-19 12:10:00,8.247342402,10/19/2018,12:10:00 pm,0,6.289,9.2386,0.9912575980000007
3742,2018-10-19 12:20:00,8.2457210472,10/19/2018,12:20:00 pm,0,6.288,9.2387,0.9929789527999997
3743,2018-10-19 12:30:00,8.2458536108,10/19/2018,12:30:00 pm,0,6.286,9.2384,0.992546389200001
3744,2018-10-19 12:40:00,8.2465878092,10/19/2018,12:40:00 pm,0,6.285,9.2378,0.9912121908000007
3745,2018-10-19 12:50:00,8.2447727076,10/19/2018,12:50:00 pm,0,6.285,9.2366,0.9918272924
3746,2018-10-19 13:00:00,8.244895074,10/19/2018,01:00:00 pm,0,6.283,9.2362,0.9913049259999998
3747,2018-10-19 13:10:00,8.2431513528,10/19/2018,01:10:00 pm,0,6.282,9.2352,0.9920486472000007
3748,2018-10-19 13:20:00,8.241682955999998,10/19/2018,01:20:00 pm,0,6.281,9.2342,0.9925170440000013
3749,2018-10-19 13:30:00,8.2396231216,10/19/2018,01:30:00 pm,0,6.28,9.2336,0.9939768783999998
3750,2018-10-19 13:40:00,8.2396231216,10/19/2018,01:40:00 pm,0,6.278,9.2323,0.9926768784000011
3751,2018-10-19 13:50:00,8.240795799599999,10/19/2018,01:50:00 pm,0,6.277,9.2316,0.9908042004000013
3752,2018-10-19 14:00:00,8.2392152336,10/19/2018,02:00:00 pm,0,6.276,9.2302,0.9909847664000004
3753,2018-10-19 14:10:00,8.2383790632,10/19/2018,02:10:00 pm,0,6.275,9.2293,0.9909209368000003
3754,2018-10-19 14:20:00,8.236767905599999,10/19/2018,02:20:00 pm,0,6.274,9.2283,0.9915320944000019
3755,2018-10-19 14:30:00,8.2351159592,10/19/2018,02:30:00 pm,0,6.273,9.2274,0.9922840407999995
3756,2018-10-19 14:40:00,8.23551365,10/19/2018,02:40:00 pm,0,6.272,9.2272,0.9916863500000002
3757,2018-10-19 14:50:00,8.2354524668,10/19/2018,02:50:00 pm,0,6.27,9.2272,0.9917475331999999
3758,2018-10-19 15:00:00,8.236227453999998,10/19/2018,03:00:00 pm,0,6.27,9.227,0.9907725460000023
3759,2018-10-19 15:10:00,8.236105087599999,10/19/2018,03:10:00 pm,0,6.268,9.2259,0.9897949124000007
3760,2018-10-19 15:20:00,8.236033707199999,10/19/2018,03:20:00 pm,0,6.267,9.2263,0.9902662928000012
3761,2018-10-19 15:30:00,8.2349120152,10/19/2018,03:30:00 pm,0,6.266,9.2257,0.990787984799999
3762,2018-10-19 15:40:00,8.2350649732,10/19/2018,03:40:00 pm,0,6.265,9.2256,0.9905350267999999
3763,2018-10-19 15:50:00,8.233831111999999,10/19/2018,03:50:00 pm,0,6.264,9.2252,0.9913688880000002
3764,2018-10-19 16:00:00,8.2338617036,10/19/2018,04:00:00 pm,0,6.263,9.2251,0.9912382963999988
3765,2018-10-19 16:10:00,8.232362715199999,10/19/2018,04:10:00 pm,0,6.262,9.2241,0.991737284800001
3766,2018-10-19 16:20:00,8.234351169199998,10/19/2018,04:20:00 pm,0,6.261,9.2234,0.9890488308000016
3767,2018-10-19 16:30:00,8.234871226400001,10/19/2018,04:30:00 pm,0,6.259,9.2237,0.9888287735999981
3768,2018-10-19 16:40:00,8.2335455904,10/19/2018,04:40:00 pm,0,6.258,9.2227,0.9891544095999993
3769,2018-10-19 16:50:00,8.232699222799999,10/19/2018,04:50:00 pm,0,6.257,9.2224,0.9897007772000013
3770,2018-10-19 17:00:00,8.232016010399999,10/19/2018,05:00:00 pm,0,6.256,9.222,0.9899839896000007
3771,2018-10-19 17:10:00,8.231618319599999,10/19/2018,05:10:00 pm,0,6.255,9.2225,0.9908816804000011
3772,2018-10-19 17:20:00,8.2325462648,10/19/2018,05:20:00 pm,0,6.254,9.2232,0.9906537352000004
3773,2018-10-19 17:30:00,8.2329847444,10/19/2018,05:30:00 pm,0,6.252,9.223,0.9900152556000013
3774,2018-10-19 17:40:00,8.233525195999999,10/19/2018,05:40:00 pm,0,6.251,9.2233,0.9897748040000014
3775,2018-10-19 17:50:00,8.2336985484,10/19/2018,05:50:00 pm,0,6.25,9.2232,0.9895014516000007
3776,2018-10-19 18:00:00,8.2341574224,10/19/2018,06:00:00 pm,0,6.249,9.2235,0.9893425776000004
3777,2018-10-19 18:10:00,8.235289311599999,10/19/2018,06:10:00 pm,0,6.248,9.2247,0.9894106884000013
3778,2018-10-19 18:20:00,8.236176468,10/19/2018,06:20:00 pm,0,6.247,9.2258,0.9896235319999995
3779,2018-10-19 18:30:00,8.2369106664,10/19/2018,06:30:00 pm,0,6.246,9.2262,0.9892893336000004
3780,2018-10-19 18:40:00,8.237899794799999,10/19/2018,06:40:00 pm,0,6.245,9.2264,0.9885002052000011
3781,2018-10-19 18:50:00,8.239184642,10/19/2018,06:50:00 pm,0,6.244,9.2274,0.9882153579999997
3782,2018-10-19 19:00:00,8.2402655452,10/19/2018,07:00:00 pm,0,6.243,9.2283,0.9880344548000011
3783,2018-10-19 19:10:00,8.2403267284,10/19/2018,07:10:00 pm,0,6.242,9.2285,0.9881732716000009
3784,2018-10-19 19:20:00,8.2408773772,10/19/2018,07:20:00 pm,0,6.24,9.2291,0.9882226228000004
3785,2018-10-19 19:30:00,8.240153376,10/19/2018,07:30:00 pm,0,6.239,9.2287,0.9885466239999996
3786,2018-10-19 19:40:00,8.2405714612,10/19/2018,07:40:00 pm,0,6.238,9.2292,0.9886285388000005
3787,2018-10-19 19:50:00,8.2415401952,10/19/2018,07:50:00 pm,0,6.237,9.2294,0.9878598047999994
3788,2018-10-19 20:00:00,8.2416625616,10/19/2018,08:00:00 pm,0,6.236,9.23,0.9883374384000003
3789,2018-10-19 20:10:00,8.241529997999999,10/19/2018,08:10:00 pm,0,6.235,9.2301,0.9885700020000012
3790,2018-10-19 20:20:00,8.241917491599999,10/19/2018,08:20:00 pm,0,6.234,9.2301,0.9881825084000013
3791,2018-10-19 20:30:00,8.241203687599999,10/19/2018,08:30:00 pm,0,6.232,9.2297,0.9884963124000006
3792,2018-10-19 20:40:00,8.2413872372,10/19/2018,08:40:00 pm,0,6.231,9.2299,0.988512762800001
3793,2018-10-19 20:50:00,8.2418665056,10/19/2018,08:50:00 pm,0,6.23,9.2299,0.9880334944000015
3794,2018-10-19 21:00:00,8.2425191264,10/19/2018,09:00:00 pm,0,6.229,9.2305,0.9879808735999998
3795,2018-10-19 21:10:00,8.2424171544,10/19/2018,09:10:00 pm,0,6.228,9.2306,0.9881828456000008
3796,2018-10-19 21:20:00,8.2425905068,10/19/2018,09:20:00 pm,0,6.227,9.2309,0.9883094932000009
3797,2018-10-19 21:30:00,8.2428760284,10/19/2018,09:30:00 pm,0,6.226,9.2312,0.9883239715999999
3798,2018-10-19 21:40:00,8.242947408800001,10/19/2018,09:40:00 pm,0,6.225,9.2312,0.9882525911999984
3799,2018-10-19 21:50:00,8.242315182399999,10/19/2018,09:50:00 pm,0,6.224,9.2306,0.9882848176000021
3800,2018-10-19 22:00:00,8.2421520272,10/19/2018,10:00:00 pm,0,6.223,9.2301,0.9879479728000007
3801,2018-10-19 22:10:00,8.2425803096,10/19/2018,10:10:00 pm,0,6.222,9.2308,0.9882196904000011
3802,2018-10-19 22:20:00,8.2428964228,10/19/2018,10:20:00 pm,0,6.221,9.2307,0.9878035772000011
3803,2018-10-19 22:30:00,8.243039183599999,10/19/2018,10:30:00 pm,0,6.219,9.2311,0.9880608164000009
3804,2018-10-19 22:40:00,8.242978000399999,10/19/2018,10:40:00 pm,0,6.218,9.2308,0.9878219996000013
3805,2018-10-19 22:50:00,8.2423355768,10/19/2018,10:50:00 pm,0,6.217,9.2307,0.9883644232000002
3806,2018-10-19 23:00:00,8.2428352396,10/19/2018,11:00:00 pm,0,6.216,9.2311,0.9882647603999999
3807,2018-10-19 23:10:00,8.243018789199999,10/19/2018,11:10:00 pm,0,6.215,9.2316,0.9885812108000014
3808,2018-10-19 23:20:00,8.2421724216,10/19/2018,11:20:00 pm,0,6.214,9.2309,0.9887275784000007
3809,2018-10-19 23:30:00,8.241377039999998,10/19/2018,11:30:00 pm,0,6.213,9.23,0.9886229600000025
3810,2018-10-19 23:40:00,8.2416931532,10/19/2018,11:40:00 pm,0,6.211,9.2296,0.9879068467999996
3811,2018-10-19 23:50:00,8.241560589599999,10/19/2018,11:50:00 pm,0,6.21,9.2297,0.9881394104000005
3812,2018-10-20 00:00:00,8.240663236,10/20/2018,12:00:00 am,0,6.209,9.2288,0.9881367640000001
3813,2018-10-20 00:10:00,8.2401941648,10/20/2018,12:10:00 am,0,6.208,9.2288,0.9886058351999996
3814,2018-10-20 00:20:00,8.239419177599999,10/20/2018,12:20:00 am,0,6.207,9.228,0.9885808224000012
3815,2018-10-20 00:30:00,8.2392968112,10/20/2018,12:30:00 am,0,6.206,9.2278,0.9885031888000011
3816,2018-10-20 00:40:00,8.2386951764,10/20/2018,12:40:00 am,0,6.205,9.2275,0.9888048235999989
3817,2018-10-20 00:50:00,8.2381955136,10/20/2018,12:50:00 am,0,6.204,9.2268,0.9886044864000016
3818,2018-10-20 01:00:00,8.237481709599999,10/20/2018,01:00:00 am,0,6.203,9.2262,0.9887182904000014
3819,2018-10-20 01:10:00,8.237124807599999,10/20/2018,01:10:00 am,0,6.202,9.226,0.9888751924000019
3820,2018-10-20 01:20:00,8.236451792399999,10/20/2018,01:20:00 am,0,6.201,9.2256,0.9891482076000013
3821,2018-10-20 01:30:00,8.235666607999999,10/20/2018,01:30:00 am,0,6.199,9.2251,0.9894333920000005
3822,2018-10-20 01:40:00,8.235717593999999,10/20/2018,01:40:00 am,0,6.198,9.2246,0.9888824060000019
3823,2018-10-20 01:50:00,8.2347692544,10/20/2018,01:50:00 am,0,6.197,9.2239,0.9891307456000007
3824,2018-10-20 02:00:00,8.234901817999999,10/20/2018,02:00:00 am,0,6.196,9.224,0.9890981820000011
3825,2018-10-20 02:10:00,8.234575507599999,10/20/2018,02:10:00 am,0,6.195,9.2238,0.9892244924000018
3826,2018-10-20 02:20:00,8.2340656476,10/20/2018,02:20:00 am,0,6.194,9.2231,0.9890343524000009
3827,2018-10-20 02:30:00,8.233871900799999,10/20/2018,02:30:00 am,0,6.193,9.2231,0.9892280992000018
3828,2018-10-20 02:40:00,8.233260068799998,10/20/2018,02:40:00 am,0,6.192,9.2225,0.989239931200002
3829,2018-10-20 02:50:00,8.232474884399998,10/20/2018,02:50:00 am,0,6.191,9.2217,0.9892251156000018
3830,2018-10-20 03:00:00,8.2322913348,10/20/2018,03:00:00 am,0,6.19,9.221,0.9887086652000008
3831,2018-10-20 03:10:00,8.2318834468,10/20/2018,03:10:00 am,0,6.189,9.2202,0.9883165532000007
3832,2018-10-20 03:20:00,8.2311084596,10/20/2018,03:20:00 am,0,6.188,9.22,0.9888915404000009
3833,2018-10-20 03:30:00,8.230771952,10/20/2018,03:30:00 am,0,6.186,9.2196,0.9888280480000002
3834,2018-10-20 03:40:00,8.230527219199999,10/20/2018,03:40:00 am,0,6.186,9.2194,0.9888727808000013
3835,2018-10-20 03:50:00,8.230618994,10/20/2018,03:50:00 am,0,6.184,9.2192,0.9885810060000004
3836,2018-10-20 04:00:00,8.2298949928,10/20/2018,04:00:00 am,0,6.183,9.2191,0.9892050071999989
3837,2018-10-20 04:10:00,8.2300989368,10/20/2018,04:10:00 am,0,6.182,9.2188,0.9887010632000006
3838,2018-10-20 04:20:00,8.2298847956,10/20/2018,04:20:00 am,0,6.181,9.2188,0.9889152043999996
3839,2018-10-20 04:30:00,8.2296604572,10/20/2018,04:30:00 am,0,6.18,9.2188,0.9891395428000003
3840,2018-10-20 04:40:00,8.2299153872,10/20/2018,04:40:00 am,0,6.179,9.2186,0.9886846128000002
3841,2018-10-20 04:50:00,8.2298847956,10/20/2018,04:50:00 am,0,6.178,9.2184,0.9885152044000005
3842,2018-10-20 05:00:00,8.2296706544,10/20/2018,05:00:00 am,0,6.177,9.2182,0.9885293455999999
3843,2018-10-20 05:10:00,8.229945978799998,10/20/2018,05:10:00 am,0,6.176,9.2187,0.9887540212000019
3844,2018-10-20 05:20:00,8.22965026,10/20/2018,05:20:00 am,0,6.175,9.2184,0.9887497400000012
3845,2018-10-20 05:30:00,8.229476907599999,10/20/2018,05:30:00 am,0,6.173,9.2179,0.9884230924000015
3846,2018-10-20 05:40:00,8.229425921599999,10/20/2018,05:40:00 am,0,6.173,9.2178,0.9883740784000015
3847,2018-10-20 05:50:00,8.2289670476,10/20/2018,05:50:00 am,0,6.172,9.2171,0.9881329524000009
3848,2018-10-20 06:00:00,8.2282124548,10/20/2018,06:00:00 am,0,6.17,9.2168,0.9885875451999997
3849,2018-10-20 06:10:00,8.227590425599999,10/20/2018,06:10:00 am,0,6.169,9.216,0.9884095744000003
3850,2018-10-20 06:20:00,8.227722989199998,10/20/2018,06:20:00 am,0,6.168,9.2158,0.9880770108000014
3851,2018-10-20 06:30:00,8.227814764,10/20/2018,06:30:00 am,0,6.167,9.2167,0.9888852359999998
3852,2018-10-20 06:40:00,8.227722989199998,10/20/2018,06:40:00 am,0,6.166,9.216,0.988277010800001
3853,2018-10-20 06:50:00,8.227631214399999,10/20/2018,06:50:00 am,0,6.165,9.2155,0.9878687856000017
3854,2018-10-20 07:00:00,8.2267542552,10/20/2018,07:00:00 am,0,6.164,9.2151,0.9883457448000001
3855,2018-10-20 07:10:00,8.225703943600001,10/20/2018,07:10:00 am,0,6.163,9.2142,0.9884960563999989
3856,2018-10-20 07:20:00,8.2256529576,10/20/2018,07:20:00 am,0,6.162,9.2131,0.9874470424000013
3857,2018-10-20 07:30:00,8.2254286192,10/20/2018,07:30:00 am,0,6.161,9.2125,0.9870713807999998
3858,2018-10-20 07:40:00,8.22531645,10/20/2018,07:40:00 am,0,6.16,9.2128,0.9874835500000003
3859,2018-10-20 07:50:00,8.2260914372,10/20/2018,07:50:00 am,0,6.158,9.2133,0.9872085628000011
3860,2018-10-20 08:00:00,8.2260914372,10/20/2018,08:00:00 am,0,6.158,9.2138,0.9877085628000017
3861,2018-10-20 08:10:00,8.225836507199999,10/20/2018,08:10:00 am,0,6.157,9.2137,0.9878634928000007
3862,2018-10-20 08:20:00,8.225836507199999,10/20/2018,08:20:00 am,0,6.155,9.2136,0.987763492800001
3863,2018-10-20 08:30:00,8.225449013599999,10/20/2018,08:30:00 am,0,6.154,9.2138,0.9883509864000022
3864,2018-10-20 08:40:00,8.2254796052,10/20/2018,08:40:00 am,0,6.153,9.2137,0.988220394799999
3865,2018-10-20 08:50:00,8.225724338,10/20/2018,08:50:00 am,0,6.152,9.2139,0.9881756620000015
3866,2018-10-20 09:00:00,8.224266138399999,10/20/2018,09:00:00 am,0,6.151,9.213,0.9887338616000001
3867,2018-10-20 09:10:00,8.223970419599999,10/20/2018,09:10:00 am,0,6.15,9.2127,0.9887295804000011
3868,2018-10-20 09:20:00,8.2233993764,10/20/2018,09:20:00 am,0,6.149,9.2124,0.9890006236000008
3869,2018-10-20 09:30:00,8.2218799936,10/20/2018,09:30:00 am,0,6.149,9.2115,0.9896200063999991
3870,2018-10-20 09:40:00,8.221370133599999,10/20/2018,09:40:00 am,0,6.146,9.2109,0.9895298664000016
3871,2018-10-20 09:50:00,8.220258638799999,10/20/2018,09:50:00 am,0,6.146,9.2104,0.990141361200001
3872,2018-10-20 10:00:00,8.2193918768,10/20/2018,10:00:00 am,0,6.145,9.2095,0.9901081232000006
3873,2018-10-20 10:10:00,8.2172708592,10/20/2018,10:10:00 am,0,6.144,9.2093,0.9920291408000015
3874,2018-10-20 10:20:00,8.214843925599999,10/20/2018,10:20:00 am,0,6.142,9.2084,0.9935560744000007
3875,2018-10-20 10:30:00,8.2131409932,10/20/2018,10:30:00 am,0,6.141,9.2072,0.9940590068000006
3876,2018-10-20 10:40:00,8.2152110248,10/20/2018,10:40:00 am,0,6.14,9.2066,0.9913889751999996
3877,2018-10-20 10:50:00,8.2146807704,10/20/2018,10:50:00 am,0,6.139,9.2063,0.9916192296000013
3878,2018-10-20 11:00:00,8.2142218964,10/20/2018,11:00:00 am,0,6.138,9.2061,0.9918781035999995
3879,2018-10-20 11:10:00,8.2133755288,10/20/2018,11:10:00 am,0,6.137,9.2048,0.9914244712000002
3880,2018-10-20 11:20:00,8.2109485952,10/20/2018,11:20:00 am,0,6.136,9.204,0.993051404800001
3881,2018-10-20 11:30:00,8.210826228799998,10/20/2018,11:30:00 am,0,6.135,9.2036,0.9927737712000013
3882,2018-10-20 11:40:00,8.2102857772,10/20/2018,11:40:00 am,0,6.134,9.2033,0.9930142228000012
3883,2018-10-20 11:50:00,8.2121722592,10/20/2018,11:50:00 am,0,6.133,9.2024,0.9902277408
3884,2018-10-20 12:00:00,8.2115094412,10/20/2018,12:00:00 pm,0,6.132,9.2024,0.9908905588000003
3885,2018-10-20 12:10:00,8.209602564799999,10/20/2018,12:10:00 pm,0,6.131,9.2024,0.9927974352000017
3886,2018-10-20 12:20:00,8.2080016044,10/20/2018,12:20:00 pm,0,6.13,9.202,0.9939983956000003
3887,2018-10-20 12:30:00,8.207267406,10/20/2018,12:30:00 pm,0,6.128,9.2016,0.9943325939999994
3888,2018-10-20 12:40:00,8.207012476,10/20/2018,12:40:00 pm,0,6.128,9.2003,0.9932875240000012
3889,2018-10-20 12:50:00,8.206023347599999,10/20/2018,12:50:00 pm,0,6.127,9.1988,0.9927766524000017
3890,2018-10-20 13:00:00,8.205125994,10/20/2018,01:00:00 pm,0,6.126,9.1982,0.9930740060000005
3891,2018-10-20 13:10:00,8.2025970884,10/20/2018,01:10:00 pm,0,6.124,9.1965,0.9939029116000011
3892,2018-10-20 13:20:00,8.20186289,10/20/2018,01:20:00 pm,0,6.123,9.1958,0.993937110000001
3893,2018-10-20 13:30:00,8.198997476799999,10/20/2018,01:30:00 pm,0,6.122,9.194,0.9950025232000019
3894,2018-10-20 13:40:00,8.198304067199999,10/20/2018,01:40:00 pm,0,6.121,9.1928,0.9944959328000014
3895,2018-10-20 13:50:00,8.199415562,10/20/2018,01:50:00 pm,0,6.12,9.1923,0.992884437999999
3896,2018-10-20 14:00:00,8.197335333199998,10/20/2018,02:00:00 pm,0,6.119,9.1913,0.993964666800002
3897,2018-10-20 14:10:00,8.1962136412,10/20/2018,02:10:00 pm,0,6.118,9.1903,0.9940863588000006
3898,2018-10-20 14:20:00,8.194684061199998,10/20/2018,02:20:00 pm,0,6.117,9.1888,0.994115938800002
3899,2018-10-20 14:30:00,8.1931340868,10/20/2018,02:30:00 pm,0,6.116,9.1881,0.9949659131999997
3900,2018-10-20 14:40:00,8.1933278336,10/20/2018,02:40:00 pm,0,6.115,9.1874,0.9940721664000005
3901,2018-10-20 14:50:00,8.192491663199998,10/20/2018,02:50:00 pm,0,6.114,9.1857,0.9932083368000022
3902,2018-10-20 15:00:00,8.1915229292,10/20/2018,03:00:00 pm,0,6.113,9.1846,0.9930770708000001
3903,2018-10-20 15:10:00,8.1911864216,10/20/2018,03:10:00 pm,0,6.112,9.1837,0.9925135784000005
3904,2018-10-20 15:20:00,8.189809799599999,10/20/2018,03:20:00 pm,0,6.11,9.1832,0.9933902004000004
3905,2018-10-20 15:30:00,8.1893407284,10/20/2018,03:30:00 pm,0,6.109,9.182,0.9926592716000009
3906,2018-10-20 15:40:00,8.1883108112,10/20/2018,03:40:00 pm,0,6.108,9.1822,0.9938891888000008
3907,2018-10-20 15:50:00,8.1875664156,10/20/2018,03:50:00 pm,0,6.108,9.1811,0.9935335844000015
3908,2018-10-20 16:00:00,8.1870871472,10/20/2018,04:00:00 pm,0,6.106,9.1807,0.9936128528000001
3909,2018-10-20 16:10:00,8.1868118228,10/20/2018,04:10:00 pm,0,6.105,9.1803,0.9934881772000015
3910,2018-10-20 16:20:00,8.187729570799998,10/20/2018,04:20:00 pm,0,6.104,9.1794,0.9916704292000009
3911,2018-10-20 16:30:00,8.187260499599999,10/20/2018,04:30:00 pm,0,6.103,9.1791,0.9918395004000011
3912,2018-10-20 16:40:00,8.186332554399998,10/20/2018,04:40:00 pm,0,6.102,9.1782,0.9918674456000023
3913,2018-10-20 16:50:00,8.1858023,10/20/2018,04:50:00 pm,0,6.101,9.1774,0.9915976999999998
3914,2018-10-20 17:00:00,8.185404609199999,10/20/2018,05:00:00 pm,0,6.1,9.1775,0.9920953908000012
3915,2018-10-20 17:10:00,8.185139482,10/20/2018,05:10:00 pm,0,6.099,9.1773,0.9921605180000004
3916,2018-10-20 17:20:00,8.1845888332,10/20/2018,05:20:00 pm,0,6.098,9.1769,0.9923111668000004
3917,2018-10-20 17:30:00,8.1844460724,10/20/2018,05:30:00 pm,0,6.097,9.176,0.9915539276
3918,2018-10-20 17:40:00,8.1845480444,10/20/2018,05:40:00 pm,0,6.096,9.1763,0.9917519555999998
3919,2018-10-20 17:50:00,8.185414806399999,10/20/2018,05:50:00 pm,0,6.095,9.176,0.9905851936000012
3920,2018-10-20 18:00:00,8.1856391448,10/20/2018,06:00:00 pm,0,6.094,9.176,0.9903608552000005
3921,2018-10-20 18:10:00,8.1866792592,10/20/2018,06:10:00 pm,0,6.093,9.1772,0.9905207407999992
3922,2018-10-20 18:20:00,8.187739767999998,10/20/2018,06:20:00 pm,0,6.092,9.1781,0.9903602320000022
3923,2018-10-20 18:30:00,8.188739093599999,10/20/2018,06:30:00 pm,0,6.091,9.1787,0.9899609064000003
3924,2018-10-20 18:40:00,8.190238081999999,10/20/2018,06:40:00 pm,0,6.089,9.1805,0.9902619180000016
3925,2018-10-20 18:50:00,8.1909926748,10/20/2018,06:50:00 pm,0,6.088,9.1814,0.9904073251999996
3926,2018-10-20 19:00:00,8.1923387052,10/20/2018,07:00:00 pm,0,6.088,9.1832,0.9908612948000002
3927,2018-10-20 19:10:00,8.193348228,10/20/2018,07:10:00 pm,0,6.086,9.1841,0.9907517720000012
3928,2018-10-20 19:20:00,8.193868285199999,10/20/2018,07:20:00 pm,0,6.085,9.1848,0.9909317148000003
3929,2018-10-20 19:30:00,8.193807102,10/20/2018,07:30:00 pm,0,6.084,9.1848,0.990992898
3930,2018-10-20 19:40:00,8.1940926236,10/20/2018,07:40:00 pm,0,6.083,9.1846,0.9905073764000001
3931,2018-10-20 19:50:00,8.1944495256,10/20/2018,07:50:00 pm,0,6.083,9.1848,0.9903504743999996
3932,2018-10-20 20:00:00,8.194673863999999,10/20/2018,08:00:00 pm,0,6.082,9.1849,0.9902261360000022
3933,2018-10-20 20:10:00,8.194938991199999,10/20/2018,08:10:00 pm,0,6.08,9.1851,0.9901610088000012
3934,2018-10-20 20:20:00,8.1950103716,10/20/2018,08:20:00 pm,0,6.08,9.185,0.9899896284
3935,2018-10-20 20:30:00,8.194826822,10/20/2018,08:30:00 pm,0,6.078,9.1853,0.9904731780000002
3936,2018-10-20 20:40:00,8.1950409632,10/20/2018,08:40:00 pm,0,6.077,9.1854,0.9903590367999993
3937,2018-10-20 20:50:00,8.1948472164,10/20/2018,08:50:00 pm,0,6.076,9.1857,0.9908527836000012
3938,2018-10-20 21:00:00,8.1955610204,10/20/2018,09:00:00 pm,0,6.075,9.1862,0.9906389795999999
3939,2018-10-20 21:10:00,8.1962340356,10/20/2018,09:10:00 pm,0,6.074,9.1866,0.9903659644000005
3940,2018-10-20 21:20:00,8.1969274452,10/20/2018,09:20:00 pm,0,6.073,9.1874,0.9904725548000002
3941,2018-10-20 21:30:00,8.197936968,10/20/2018,09:30:00 pm,0,6.072,9.1882,0.9902630319999997
3942,2018-10-20 21:40:00,8.1985488,10/20/2018,09:40:00 pm,0,6.071,9.1888,0.9902512000000012
3943,2018-10-20 21:50:00,8.1992014208,10/20/2018,09:50:00 pm,0,6.07,9.1895,0.990298579200001
3944,2018-10-20 22:00:00,8.199007673999999,10/20/2018,10:00:00 pm,0,6.069,9.1897,0.9906923260000013
3945,2018-10-20 22:10:00,8.199323787199999,10/20/2018,10:10:00 pm,0,6.068,9.1897,0.9903762128000011
3946,2018-10-20 22:20:00,8.199323787199999,10/20/2018,10:20:00 pm,0,6.067,9.1901,0.9907762128000002
3947,2018-10-20 22:30:00,8.199823449999998,10/20/2018,10:30:00 pm,0,6.066,9.1904,0.9905765500000019
3948,2018-10-20 22:40:00,8.1995991116,10/20/2018,10:40:00 pm,0,6.065,9.1903,0.990700888400001
3949,2018-10-20 22:50:00,8.1996602948,10/20/2018,10:50:00 pm,0,6.064,9.1903,0.9906397052000013
3950,2018-10-20 23:00:00,8.1992320124,10/20/2018,11:00:00 pm,0,6.063,9.1906,0.9913679876000003
3951,2018-10-20 23:10:00,8.1987629412,10/20/2018,11:10:00 pm,0,6.061,9.1892,0.9904370587999995
3952,2018-10-20 23:20:00,8.1979267708,10/20/2018,11:20:00 pm,0,6.061,9.1889,0.9909732291999997
3953,2018-10-20 23:30:00,8.197885981999999,10/20/2018,11:30:00 pm,0,6.06,9.1887,0.9908140180000018
3954,2018-10-20 23:40:00,8.1980083484,10/20/2018,11:40:00 pm,0,6.059,9.1888,0.9907916516000004
3955,2018-10-20 23:50:00,8.1979267708,10/20/2018,11:50:00 pm,0,6.058,9.1882,0.9902732291999996
3956,2018-10-21 00:00:00,8.1974169108,10/21/2018,12:00:00 am,0,6.057,9.1884,0.9909830892000002
3957,2018-10-21 00:10:00,8.197376122,10/21/2018,12:10:00 am,0,6.056,9.1881,0.9907238780000007
3958,2018-10-21 00:20:00,8.1970396144,10/21/2018,12:20:00 am,0,6.055,9.1879,0.9908603856000013
3959,2018-10-21 00:30:00,8.1966521208,10/21/2018,12:30:00 am,0,6.054,9.1876,0.9909478792000002
3960,2018-10-21 00:40:00,8.196203443999998,10/21/2018,12:40:00 am,0,6.053,9.1872,0.9909965560000025
3961,2018-10-21 00:50:00,8.196101472,10/21/2018,12:50:00 am,0,6.051,9.1869,0.9907985279999991
3962,2018-10-21 01:00:00,8.1958261476,10/21/2018,01:00:00 am,0,6.051,9.1867,0.9908738524
3963,2018-10-21 01:10:00,8.1960096972,10/21/2018,01:10:00 am,0,6.049,9.1862,0.9901903028000003
3964,2018-10-21 01:20:00,8.1953978652,10/21/2018,01:20:00 am,0,6.048,9.1856,0.9902021348000005
3965,2018-10-21 01:30:00,8.1949185968,10/21/2018,01:30:00 am,0,6.047,9.1851,0.9901814032000011
3966,2018-10-21 01:40:00,8.195081752,10/21/2018,01:40:00 am,0,6.047,9.1852,0.9901182479999999
3967,2018-10-21 01:50:00,8.1951633296,10/21/2018,01:50:00 am,0,6.046,9.1853,0.9901366704000001
3968,2018-10-21 02:00:00,8.194255778799999,10/21/2018,02:00:00 am,0,6.044,9.1849,0.990644221200002
3969,2018-10-21 02:10:00,8.1941232152,10/21/2018,02:10:00 am,0,6.044,9.1845,0.9903767848000005
3970,2018-10-21 02:20:00,8.193858087999999,10/21/2018,02:20:00 am,0,6.042,9.1843,0.9904419120000014
3971,2018-10-21 02:30:00,8.19370513,10/21/2018,02:30:00 am,0,6.041,9.1843,0.9905948700000007
3972,2018-10-21 02:40:00,8.193541974799999,10/21/2018,02:40:00 am,0,6.04,9.1844,0.9908580252000014
3973,2018-10-21 02:50:00,8.193664341199998,10/21/2018,02:50:00 am,0,6.039,9.1841,0.9904356588000027
3974,2018-10-21 03:00:00,8.193103495199999,10/21/2018,03:00:00 am,0,6.038,9.1839,0.9907965048000005
3975,2018-10-21 03:10:00,8.1928179736,10/21/2018,03:10:00 am,0,6.038,9.1837,0.9908820263999996
3976,2018-10-21 03:20:00,8.192277522,10/21/2018,03:20:00 am,0,6.036,9.1843,0.9920224780000009
3977,2018-10-21 03:30:00,8.191757464799998,10/21/2018,03:30:00 am,0,6.035,9.1839,0.9921425352000011
3978,2018-10-21 03:40:00,8.191308787999999,10/21/2018,03:40:00 am,0,6.034,9.1837,0.9923912120000011
3979,2018-10-21 03:50:00,8.1915025348,10/21/2018,03:50:00 am,0,6.033,9.1837,0.9921974652000003
3980,2018-10-21 04:00:00,8.191563718,10/21/2018,04:00:00 am,0,6.032,9.1839,0.9923362820000001
3981,2018-10-21 04:10:00,8.1915841124,10/21/2018,04:10:00 am,0,6.031,9.1834,0.9918158876000014
3982,2018-10-21 04:20:00,8.190798928,10/21/2018,04:20:00 am,0,6.031,9.1826,0.9918010720000012
3983,2018-10-21 04:30:00,8.1902584764,10/21/2018,04:30:00 am,0,6.029,9.1826,0.9923415236000004
3984,2018-10-21 04:40:00,8.189850588399999,10/21/2018,04:40:00 am,0,6.028,9.1823,0.9924494116000009
3985,2018-10-21 04:50:00,8.188820671199998,10/21/2018,04:50:00 am,0,6.027,9.1815,0.9926793288000013
3986,2018-10-21 05:00:00,8.1890756012,10/21/2018,05:00:00 am,0,6.026,9.1813,0.9922243987999995
3987,2018-10-21 05:10:00,8.1896568416,10/21/2018,05:10:00 am,0,6.025,9.1817,0.9920431583999996
3988,2018-10-21 05:20:00,8.1901667016,10/21/2018,05:20:00 am,0,6.024,9.181,0.9908332983999983
3989,2018-10-21 05:30:00,8.1904522232,10/21/2018,05:30:00 am,0,6.023,9.181,0.9905477767999997
3990,2018-10-21 05:40:00,8.190574589599999,10/21/2018,05:40:00 am,0,6.023,9.1813,0.9907254104000014
3991,2018-10-21 05:50:00,8.1903706456,10/21/2018,05:50:00 am,0,6.021,9.1805,0.9901293544000005
3992,2018-10-21 06:00:00,8.190187095999999,10/21/2018,06:00:00 am,0,6.02,9.1801,0.9899129040000005
3993,2018-10-21 06:10:00,8.190972280399999,10/21/2018,06:10:00 am,0,6.019,9.1804,0.9894277196000019
3994,2018-10-21 06:20:00,8.190442026,10/21/2018,06:20:00 am,0,6.018,9.1804,0.9899579740000011
3995,2018-10-21 06:30:00,8.19064597,10/21/2018,06:30:00 am,0,6.017,9.1804,0.9897540300000003
3996,2018-10-21 06:40:00,8.190666364399998,10/21/2018,06:40:00 am,0,6.016,9.1808,0.9901336356000012
3997,2018-10-21 06:50:00,8.1907275476,10/21/2018,06:50:00 am,0,6.015,9.1804,0.9896724524000007
3998,2018-10-21 07:00:00,8.190350251199998,10/21/2018,07:00:00 am,0,6.014,9.1802,0.9898497488000011
3999,2018-10-21 07:10:00,8.1900137436,10/21/2018,07:10:00 am,0,6.013,9.18,0.9899862563999999
4000,2018-10-21 07:20:00,8.1893509256,10/21/2018,07:20:00 am,0,6.012,9.1793,0.9899490744000001
4001,2018-10-21 07:30:00,8.189483489199999,10/21/2018,07:30:00 am,0,6.011,9.1793,0.9898165108000008
4002,2018-10-21 07:40:00,8.190176898799999,10/21/2018,07:40:00 am,0,6.01,9.1801,0.9899231012000005
4003,2018-10-21 07:50:00,8.191798253599998,10/21/2018,07:50:00 am,0,6.009,9.1813,0.989501746400002
4004,2018-10-21 08:00:00,8.192726198799999,10/21/2018,08:00:00 am,0,6.008,9.1824,0.9896738012000004
4005,2018-10-21 08:10:00,8.1930015232,10/21/2018,08:10:00 am,0,6.007,9.1829,0.9898984768000005
4006,2018-10-21 08:20:00,8.1929301428,10/21/2018,08:20:00 am,0,6.006,9.1836,0.9906698572000003
4007,2018-10-21 08:30:00,8.1933890168,10/21/2018,08:30:00 am,0,6.005,9.1847,0.9913109832
4008,2018-10-21 08:40:00,8.193236058799998,10/21/2018,08:40:00 am,0,6.004,9.184,0.9907639412000009
4009,2018-10-21 08:50:00,8.192144958399998,10/21/2018,08:50:00 am,0,6.003,9.184,0.9918550416000009
4010,2018-10-21 09:00:00,8.1911150412,10/21/2018,09:00:00 am,0,6.002,9.1835,0.9923849588000007
4011,2018-10-21 09:10:00,8.1906867588,10/21/2018,09:10:00 am,0,6.001,9.1824,0.9917132411999994
4012,2018-10-21 09:20:00,8.1906357728,10/21/2018,09:20:00 am,0,6.0,9.1831,0.9924642271999993
4013,2018-10-21 09:30:00,8.1901463072,10/21/2018,09:30:00 am,0,5.999,9.1827,0.9925536928000014
4014,2018-10-21 09:40:00,8.1894019116,10/21/2018,09:40:00 am,0,5.998,9.1825,0.9930980884
4015,2018-10-21 09:50:00,8.188168050399998,10/21/2018,09:50:00 am,0,5.997,9.1809,0.9927319496000013
4016,2018-10-21 10:00:00,8.1874644436,10/21/2018,10:00:00 am,0,5.996,9.1806,0.9931355564000004
4017,2018-10-21 10:10:00,8.184802974399998,10/21/2018,10:10:00 am,0,5.995,9.1804,0.9955970256000022
4018,2018-10-21 10:20:00,8.183864832,10/21/2018,10:20:00 am,0,5.994,9.18,0.9961351680000003
4019,2018-10-21 10:30:00,8.1824270268,10/21/2018,10:30:00 am,0,5.993,9.1793,0.9968729732000003
4020,2018-10-21 10:40:00,8.185108890399999,10/21/2018,10:40:00 am,0,5.992,9.179,0.9938911096000016
4021,2018-10-21 10:50:00,8.184476664,10/21/2018,10:50:00 am,0,5.992,9.178,0.9935233360000009
4022,2018-10-21 11:00:00,8.184578636,10/21/2018,11:00:00 am,0,5.99,9.1778,0.993221364
4023,2018-10-21 11:10:00,8.183711873999998,10/21/2018,11:10:00 am,0,5.989,9.1775,0.9937881260000019
4024,2018-10-21 11:20:00,8.180142854,10/21/2018,11:20:00 am,0,5.988,9.1768,0.9966571460000004
4025,2018-10-21 11:30:00,8.180795474799998,10/21/2018,11:30:00 am,0,5.987,9.1767,0.995904525200002
4026,2018-10-21 11:40:00,8.181458292799999,10/21/2018,11:40:00 am,0,5.987,9.1768,0.9953417072000015
4027,2018-10-21 11:50:00,8.182274068799998,10/21/2018,11:50:00 am,0,5.985,9.1766,0.9943259312000023
4028,2018-10-21 12:00:00,8.182131308,10/21/2018,12:00:00 pm,0,5.984,9.1759,0.9937686919999997
4029,2018-10-21 12:10:00,8.179969501599999,10/21/2018,12:10:00 pm,0,5.983,9.1753,0.9953304984000013
4030,2018-10-21 12:20:00,8.1789497816,10/21/2018,12:20:00 pm,0,5.982,9.1756,0.9966502183999992
4031,2018-10-21 12:30:00,8.1769205388,10/21/2018,12:30:00 pm,0,5.982,9.175,0.9980794612000015
4032,2018-10-21 12:40:00,8.179582007999999,10/21/2018,12:40:00 pm,0,5.98,9.1741,0.9945179920000005
4033,2018-10-21 12:50:00,8.178358344,10/21/2018,12:50:00 pm,0,5.98,9.1736,0.995241656000001
4034,2018-10-21 13:00:00,8.177287638,10/21/2018,01:00:00 pm,0,5.978,9.1723,0.9950123620000006
4035,2018-10-21 13:10:00,8.1768899472,10/21/2018,01:10:00 pm,0,5.977,9.1718,0.9949100527999999
4036,2018-10-21 13:20:00,8.174534394,10/21/2018,01:20:00 pm,0,5.977,9.171,0.9964656059999992
4037,2018-10-21 13:30:00,8.1717913472,10/21/2018,01:30:00 pm,0,5.976,9.1696,0.9978086528000016
4038,2018-10-21 13:40:00,8.1716077976,10/21/2018,01:40:00 pm,0,5.974,9.1679,0.9962922023999994
4039,2018-10-21 13:50:00,8.1709755712,10/21/2018,01:50:00 pm,0,5.974,9.1668,0.9958244288000007
4040,2018-10-21 14:00:00,8.1691706668,10/21/2018,02:00:00 pm,0,5.973,9.1651,0.9959293332000012
4041,2018-10-21 14:10:00,8.167824636399999,10/21/2018,02:10:00 pm,0,5.971,9.1641,0.9962753636000006
4042,2018-10-21 14:20:00,8.1665703808,10/21/2018,02:20:00 pm,0,5.971,9.1623,0.9957296192000005
4043,2018-10-21 14:30:00,8.164796068,10/21/2018,02:30:00 pm,0,5.97,9.1621,0.9973039320000012
4044,2018-10-21 14:40:00,8.165000011999998,10/21/2018,02:40:00 pm,0,5.969,9.1616,0.9965999880000016
4045,2018-10-21 14:50:00,8.165622041199999,10/21/2018,02:50:00 pm,0,5.968,9.1605,0.9948779588000018
4046,2018-10-21 15:00:00,8.1656730272,10/21/2018,03:00:00 pm,0,5.967,9.1607,0.9950269727999999
4047,2018-10-21 15:10:00,8.165611843999999,10/21/2018,03:10:00 pm,0,5.966,9.1608,0.9951881560000011
4048,2018-10-21 15:20:00,8.165866774,10/21/2018,03:20:00 pm,0,5.965,9.1612,0.9953332259999996
4049,2018-10-21 15:30:00,8.1655404636,10/21/2018,03:30:00 pm,0,5.964,9.1611,0.9955595364000001
4050,2018-10-21 15:40:00,8.1651733644,10/21/2018,03:40:00 pm,0,5.963,9.1597,0.9945266356000015
4051,2018-10-21 15:50:00,8.164174038799999,10/21/2018,03:50:00 pm,0,5.962,9.1592,0.9950259612000014
4052,2018-10-21 16:00:00,8.163062544,10/21/2018,04:00:00 pm,0,5.961,9.1587,0.995637455999999
4053,2018-10-21 16:10:00,8.163868122799999,10/21/2018,04:10:00 pm,0,5.96,9.1581,0.9942318772000007
4054,2018-10-21 16:20:00,8.163929306,10/21/2018,04:20:00 pm,0,5.959,9.1572,0.9932706939999996
4055,2018-10-21 16:30:00,8.164133249999999,10/21/2018,04:30:00 pm,0,5.958,9.1577,0.9935667500000012
4056,2018-10-21 16:40:00,8.1638477284,10/21/2018,04:40:00 pm,0,5.957,9.1578,0.9939522715999995
4057,2018-10-21 16:50:00,8.163266488,10/21/2018,04:50:00 pm,0,5.956,9.157,0.9937335120000004
4058,2018-10-21 17:00:00,8.162675050399999,10/21/2018,05:00:00 pm,0,5.955,9.1561,0.9934249496000014
4059,2018-10-21 17:10:00,8.163439840399999,10/21/2018,05:10:00 pm,0,5.954,9.1556,0.9921601596000009
4060,2018-10-21 17:20:00,8.1635316152,10/21/2018,05:20:00 pm,0,5.953,9.1565,0.9929683847999993
4061,2018-10-21 17:30:00,8.1643575884,10/21/2018,05:30:00 pm,0,5.952,9.1568,0.9924424116000008
4062,2018-10-21 17:40:00,8.165214153199999,10/21/2018,05:40:00 pm,0,5.951,9.1576,0.9923858468000013
4063,2018-10-21 17:50:00,8.1659075628,10/21/2018,05:50:00 pm,0,5.95,9.1589,0.9929924371999999
4064,2018-10-21 18:00:00,8.165642435599999,10/21/2018,06:00:00 pm,0,5.949,9.1589,0.9932575644000003
4065,2018-10-21 18:10:00,8.1662032816,10/21/2018,06:10:00 pm,0,5.948,9.1595,0.9932967183999999
4066,2018-10-21 18:20:00,8.1672637904,10/21/2018,06:20:00 pm,0,5.947,9.1603,0.9930362095999996
4067,2018-10-21 18:30:00,8.1682019328,10/21/2018,06:30:00 pm,0,5.946,9.161,0.992798067199999
4068,2018-10-21 18:40:00,8.1688137648,10/21/2018,06:40:00 pm,0,5.945,9.1618,0.9929862352000001
4069,2018-10-21 18:50:00,8.1688545536,10/21/2018,06:50:00 pm,0,5.944,9.1623,0.9934454464000009
4070,2018-10-21 19:00:00,8.1688443564,10/21/2018,07:00:00 pm,0,5.944,9.1624,0.9935556436000006
4071,2018-10-21 19:10:00,8.1692420472,10/21/2018,07:10:00 pm,0,5.943,9.1629,0.9936579528000014
4072,2018-10-21 19:20:00,8.1702617672,10/21/2018,07:20:00 pm,0,5.941,9.1635,0.9932382328000013
4073,2018-10-21 19:30:00,8.1707410356,10/21/2018,07:30:00 pm,0,5.94,9.1642,0.9934589643999985
4074,2018-10-21 19:40:00,8.171944305199998,10/21/2018,07:40:00 pm,0,5.94,9.1654,0.9934556948000015
4075,2018-10-21 19:50:00,8.172719292399998,10/21/2018,07:50:00 pm,0,5.939,9.1658,0.9930807076000026
4076,2018-10-21 20:00:00,8.1731679692,10/21/2018,08:00:00 pm,0,5.938,9.1661,0.9929320308000005
4077,2018-10-21 20:10:00,8.1746159716,10/21/2018,08:10:00 pm,0,5.937,9.1674,0.9927840284000009
4078,2018-10-21 20:20:00,8.1755745084,10/21/2018,08:20:00 pm,0,5.936,9.1684,0.9928254915999997
4079,2018-10-21 20:30:00,8.176074171199998,10/21/2018,08:30:00 pm,0,5.935,9.1687,0.9926258288000014
4080,2018-10-21 20:40:00,8.176675806,10/21/2018,08:40:00 pm,0,5.934,9.1686,0.9919241939999992
4081,2018-10-21 20:50:00,8.1775221736,10/21/2018,08:50:00 pm,0,5.933,9.1691,0.9915778264000004
4082,2018-10-21 21:00:00,8.1777261176,10/21/2018,09:00:00 pm,0,5.932,9.1692,0.9914738823999993
4083,2018-10-21 21:10:00,8.1776037512,10/21/2018,09:10:00 pm,0,5.931,9.1694,0.9917962488000001
4084,2018-10-21 21:20:00,8.1778892728,10/21/2018,09:20:00 pm,0,5.93,9.169,0.9911107272000006
4085,2018-10-21 21:30:00,8.1780116392,10/21/2018,09:30:00 pm,0,5.929,9.1692,0.9911883608000007
4086,2018-10-21 21:40:00,8.178358344,10/21/2018,09:40:00 pm,0,5.928,9.1689,0.9905416560000013
4087,2018-10-21 21:50:00,8.1792964864,10/21/2018,09:50:00 pm,0,5.927,9.1697,0.9904035136000005
4088,2018-10-21 22:00:00,8.1797553604,10/21/2018,10:00:00 pm,0,5.926,9.1708,0.9910446396000001
4089,2018-10-21 22:10:00,8.180295812,10/21/2018,10:10:00 pm,0,5.925,9.1717,0.9914041879999989
4090,2018-10-21 22:20:00,8.1804895588,10/21/2018,10:20:00 pm,0,5.924,9.1714,0.9909104412000005
4091,2018-10-21 22:30:00,8.1804283756,10/21/2018,10:30:00 pm,0,5.924,9.1719,0.9914716244000008
4092,2018-10-21 22:40:00,8.180805672,10/21/2018,10:40:00 pm,0,5.923,9.1723,0.9914943279999999
4093,2018-10-21 22:50:00,8.1815398704,10/21/2018,10:50:00 pm,0,5.921,9.1735,0.9919601296000007
4094,2018-10-21 23:00:00,8.181794800399999,10/21/2018,11:00:00 pm,0,5.921,9.1742,0.9924051996000021
4095,2018-10-21 23:10:00,8.181019813199999,10/21/2018,11:10:00 pm,0,5.92,9.1735,0.9924801868000017
4096,2018-10-21 23:20:00,8.180683305599999,10/21/2018,11:20:00 pm,0,5.919,9.1735,0.9928166944000019
4097,2018-10-21 23:30:00,8.17968398,10/21/2018,11:30:00 pm,0,5.918,9.1728,0.9931160200000004
4098,2018-10-21 23:40:00,8.1800612764,10/21/2018,11:40:00 pm,0,5.917,9.1724,0.9923387235999996
4099,2018-10-21 23:50:00,8.179734966,10/21/2018,11:50:00 pm,0,5.916,9.1725,0.9927650339999996
4100,2018-10-22 00:00:00,8.1798063464,10/22/2018,12:00:00 am,0,5.915,9.1726,0.9927936535999997
4101,2018-10-22 00:10:00,8.1797757548,10/22/2018,12:10:00 am,0,5.914,9.1726,0.9928242451999996
4102,2018-10-22 00:20:00,8.179867529600001,10/22/2018,12:20:00 am,0,5.913,9.1722,0.9923324703999992
4103,2018-10-22 00:30:00,8.179531021999999,10/22/2018,12:30:00 am,0,5.912,9.1712,0.9916689780000016
4104,2018-10-22 00:40:00,8.1799083184,10/22/2018,12:40:00 am,0,5.912,9.1713,0.9913916815999997
4105,2018-10-22 00:50:00,8.1797757548,10/22/2018,12:50:00 am,0,5.91,9.171,0.9912242451999997
4106,2018-10-22 01:00:00,8.1803366008,10/22/2018,01:00:00 am,0,5.909,9.1719,0.9915633992000004
4107,2018-10-22 01:10:00,8.1804283756,10/22/2018,01:10:00 am,0,5.908,9.1717,0.9912716243999995
4108,2018-10-22 01:20:00,8.1802040372,10/22/2018,01:20:00 am,0,5.907,9.1717,0.9914959628000002
4109,2018-10-22 01:30:00,8.1801020652,10/22/2018,01:30:00 am,0,5.906,9.1713,0.9911979348000006
4110,2018-10-22 01:40:00,8.180407981199998,10/22/2018,01:40:00 am,0,5.906,9.1716,0.9911920188000014
4111,2018-10-22 01:50:00,8.180652714,10/22/2018,01:50:00 am,0,5.905,9.1718,0.9911472859999986
4112,2018-10-22 02:00:00,8.1805405448,10/22/2018,02:00:00 am,0,5.903,9.1717,0.9911594552
4113,2018-10-22 02:10:00,8.180316206399999,10/22/2018,02:10:00 am,0,5.903,9.1717,0.9913837936000007
4114,2018-10-22 02:20:00,8.1800000932,10/22/2018,02:20:00 am,0,5.902,9.1716,0.9915999067999994
4115,2018-10-22 02:30:00,8.1793372752,10/22/2018,02:30:00 am,0,5.9,9.1707,0.9913627248000001
4116,2018-10-22 02:40:00,8.179174119999999,10/22/2018,02:40:00 am,0,5.9,9.1708,0.9916258800000008
4117,2018-10-22 02:50:00,8.1787458376,10/22/2018,02:50:00 am,0,5.899,9.1704,0.9916541624000015
4118,2018-10-22 03:00:00,8.1776037512,10/22/2018,03:00:00 am,0,5.898,9.1695,0.9918962487999998
4119,2018-10-22 03:10:00,8.1774507932,10/22/2018,03:10:00 am,0,5.897,9.1691,0.9916492068
4120,2018-10-22 03:20:00,8.177542568,10/22/2018,03:20:00 am,0,5.896,9.1692,0.9916574320000002
4121,2018-10-22 03:30:00,8.1772570464,10/22/2018,03:30:00 am,0,5.895,9.1694,0.9921429536000002
4122,2018-10-22 03:40:00,8.176696200399999,10/22/2018,03:40:00 am,0,5.894,9.1687,0.9920037996000008
4123,2018-10-22 03:50:00,8.1760027908,10/22/2018,03:50:00 am,0,5.893,9.168,0.9919972091999991
4124,2018-10-22 04:00:00,8.1757172692,10/22/2018,04:00:00 am,0,5.892,9.1678,0.9920827308
4125,2018-10-22 04:10:00,8.1759314104,10/22/2018,04:10:00 am,0,5.892,9.1682,0.9922685896000001
4126,2018-10-22 04:20:00,8.175656086,10/22/2018,04:20:00 am,0,5.891,9.1677,0.9920439139999999
4127,2018-10-22 04:30:00,8.174993268,10/22/2018,04:30:00 am,0,5.89,9.1673,0.9923067319999994
4128,2018-10-22 04:40:00,8.175166620399999,10/22/2018,04:40:00 am,0,5.889,9.1673,0.9921333796000003
4129,2018-10-22 04:50:00,8.174779126799999,10/22/2018,04:50:00 am,0,5.888,9.1669,0.9921208732000011
4130,2018-10-22 05:00:00,8.174483408,10/22/2018,05:00:00 am,0,5.887,9.1667,0.9922165920000001
4131,2018-10-22 05:10:00,8.1744936052,10/22/2018,05:10:00 am,0,5.886,9.1664,0.9919063947999991
4132,2018-10-22 05:20:00,8.174197886399998,10/22/2018,05:20:00 am,0,5.885,9.1664,0.9922021136000012
4133,2018-10-22 05:30:00,8.174381436,10/22/2018,05:30:00 am,0,5.884,9.1663,0.9919185640000006
4134,2018-10-22 05:40:00,8.174422224799999,10/22/2018,05:40:00 am,0,5.883,9.1664,0.9919777752000005
4135,2018-10-22 05:50:00,8.1743202528,10/22/2018,05:50:00 am,0,5.883,9.1662,0.9918797472000005
4136,2018-10-22 06:00:00,8.1742590696,10/22/2018,06:00:00 am,0,5.882,9.1659,0.9916409304000009
4137,2018-10-22 06:10:00,8.17433045,10/22/2018,06:10:00 am,0,5.88,9.1661,0.9917695500000008
4138,2018-10-22 06:20:00,8.1745751828,10/22/2018,06:20:00 am,0,5.88,9.1661,0.9915248172000002
4139,2018-10-22 06:30:00,8.173810392799998,10/22/2018,06:30:00 am,0,5.879,9.1656,0.9917896072000012
4140,2018-10-22 06:40:00,8.173871576,10/22/2018,06:40:00 am,0,5.878,9.1652,0.9913284240000007
4141,2018-10-22 06:50:00,8.174065322799999,10/22/2018,06:50:00 am,0,5.877,9.1652,0.9911346772000016
4142,2018-10-22 07:00:00,8.174554788399998,10/22/2018,07:00:00 am,0,5.876,9.1657,0.991145211600001
4143,2018-10-22 07:10:00,8.1757172692,10/22/2018,07:10:00 am,0,5.875,9.1667,0.9909827308000008
4144,2018-10-22 07:20:00,8.1761965376,10/22/2018,07:20:00 am,0,5.874,9.1672,0.9910034624000001
4145,2018-10-22 07:30:00,8.1759314104,10/22/2018,07:30:00 am,0,5.873,9.167,0.9910685895999993
4146,2018-10-22 07:40:00,8.175533719599999,10/22/2018,07:40:00 am,0,5.872,9.1665,0.9909662804000003
4147,2018-10-22 07:50:00,8.1752380008,10/22/2018,07:50:00 am,0,5.872,9.1667,0.9914619992000002
4148,2018-10-22 08:00:00,8.1758192412,10/22/2018,08:00:00 am,0,5.871,9.1669,0.9910807588000008
4149,2018-10-22 08:10:00,8.175523522399999,10/22/2018,08:10:00 am,0,5.87,9.1672,0.9916764776000004
4150,2018-10-22 08:20:00,8.1763291012,10/22/2018,08:20:00 am,0,5.869,9.1676,0.9912708987999999
4151,2018-10-22 08:30:00,8.1760027908,10/22/2018,08:30:00 am,0,5.868,9.168,0.9919972091999991
4152,2018-10-22 08:40:00,8.1764922564,10/22/2018,08:40:00 am,0,5.867,9.1682,0.991707743600001
4153,2018-10-22 08:50:00,8.1765330452,10/22/2018,08:50:00 am,0,5.866,9.1687,0.9921669548000001
4154,2018-10-22 09:00:00,8.176247523599999,10/22/2018,09:00:00 am,0,5.865,9.1689,0.9926524764000018
4155,2018-10-22 09:10:00,8.176237326399999,10/22/2018,09:10:00 am,0,5.864,9.1686,0.9923626736000006
4156,2018-10-22 09:20:00,8.1761251572,10/22/2018,09:20:00 am,0,5.863,9.1688,0.9926748427999996
4157,2018-10-22 09:30:00,8.1758396356,10/22/2018,09:30:00 am,0,5.862,9.1684,0.992560364400001
4158,2018-10-22 09:40:00,8.17509524,10/22/2018,09:40:00 am,0,5.861,9.1683,0.9932047600000011
4159,2018-10-22 09:50:00,8.173739012399999,10/22/2018,09:50:00 am,0,5.861,9.1673,0.9935609876000004
4160,2018-10-22 10:00:00,8.172494954,10/22/2018,10:00:00 am,0,5.86,9.1665,0.9940050459999998
4161,2018-10-22 10:10:00,8.168976919999999,10/22/2018,10:10:00 am,0,5.859,9.1658,0.9968230800000022
4162,2018-10-22 10:20:00,8.1688341592,10/22/2018,10:20:00 am,0,5.858,9.1654,0.9965658408000007
4163,2018-10-22 10:30:00,8.1679673972,10/22/2018,10:30:00 am,0,5.857,9.1651,0.9971326028000007
4164,2018-10-22 10:40:00,8.169313427599999,10/22/2018,10:40:00 am,0,5.856,9.1644,0.9950865724000018
4165,2018-10-22 10:50:00,8.169395005199998,10/22/2018,10:50:00 am,0,5.855,9.1642,0.9948049948000008
4166,2018-10-22 11:00:00,8.1685588348,10/22/2018,11:00:00 am,0,5.854,9.1636,0.9950411652
4167,2018-10-22 11:10:00,8.1677328616,10/22/2018,11:10:00 am,0,5.853,9.1625,0.9947671384000003
4168,2018-10-22 11:20:00,8.1646737016,10/22/2018,11:20:00 am,0,5.852,9.1622,0.9975262984000004
4169,2018-10-22 11:30:00,8.1656322384,10/22/2018,11:30:00 am,0,5.851,9.1627,0.9970677615999985
4170,2018-10-22 11:40:00,8.1657240132,10/22/2018,11:40:00 am,0,5.851,9.1624,0.9966759867999997
4171,2018-10-22 11:50:00,8.167498325999999,10/22/2018,11:50:00 am,0,5.85,9.162,0.9945016740000021
4172,2018-10-22 12:00:00,8.166784521999999,10/22/2018,12:00:00 pm,0,5.849,9.1621,0.995315478000002
4173,2018-10-22 12:10:00,8.1651937588,10/22/2018,12:10:00 pm,0,5.848,9.1611,0.9959062412000002
4174,2018-10-22 12:20:00,8.1637355592,10/22/2018,12:20:00 pm,0,5.847,9.1608,0.9970644408000009
4175,2018-10-22 12:30:00,8.162777022399998,10/22/2018,12:30:00 pm,0,5.846,9.1604,0.9976229776000007
4176,2018-10-22 12:40:00,8.163786545199999,10/22/2018,12:40:00 pm,0,5.845,9.1589,0.9951134548000002
4177,2018-10-22 12:50:00,8.1639598976,10/22/2018,12:50:00 pm,0,5.845,9.1581,0.9941401023999994
4178,2018-10-22 13:00:00,8.1619102604,10/22/2018,01:00:00 pm,0,5.843,9.1568,0.9948897396000014
4179,2018-10-22 13:10:00,8.160554032799999,10/22/2018,01:10:00 pm,0,5.842,9.1553,0.9947459672000019
4180,2018-10-22 13:20:00,8.1595852988,10/22/2018,01:20:00 pm,0,5.841,9.155,0.9954147011999996
4181,2018-10-22 13:30:00,8.159024452799999,10/22/2018,01:30:00 pm,0,5.841,9.1545,0.9954755472000016
4182,2018-10-22 13:40:00,8.157270534399998,10/22/2018,01:40:00 pm,0,5.84,9.1527,0.9954294656000009
4183,2018-10-22 13:50:00,8.156515941599999,10/22/2018,01:50:00 pm,0,5.839,9.1521,0.9955840584000022
4184,2018-10-22 14:00:00,8.155037347599999,10/22/2018,02:00:00 pm,0,5.838,9.1512,0.9961626524000007
4185,2018-10-22 14:10:00,8.1538952612,10/22/2018,02:10:00 pm,0,5.837,9.1502,0.9963047387999993
4186,2018-10-22 14:20:00,8.1528041608,10/22/2018,02:20:00 pm,0,5.836,9.1488,0.995995839199999
4187,2018-10-22 14:30:00,8.151998582,10/22/2018,02:30:00 pm,0,5.835,9.1478,0.995801418000001
4188,2018-10-22 14:40:00,8.151294975199999,10/22/2018,02:40:00 pm,0,5.834,9.1472,0.9959050248000008
4189,2018-10-22 14:50:00,8.1500203252,10/22/2018,02:50:00 pm,0,5.833,9.1459,0.9958796747999994
4190,2018-10-22 15:00:00,8.150234466399999,10/22/2018,03:00:00 pm,0,5.833,9.1464,0.996165533600001
4191,2018-10-22 15:10:00,8.150672945999998,10/22/2018,03:10:00 pm,0,5.831,9.1458,0.995127054000001
4192,2018-10-22 15:20:00,8.151294975199999,10/22/2018,03:20:00 pm,0,5.831,9.1463,0.9950050248000011
4193,2018-10-22 15:30:00,8.1512439892,10/22/2018,03:30:00 pm,0,5.83,9.146,0.9947560108000015
4194,2018-10-22 15:40:00,8.1514785248,10/22/2018,03:40:00 pm,0,5.829,9.1458,0.9943214751999996
4195,2018-10-22 15:50:00,8.151651877199999,10/22/2018,03:50:00 pm,0,5.828,9.1461,0.9944481228000015
4196,2018-10-22 16:00:00,8.1518864128,10/22/2018,04:00:00 pm,0,5.827,9.1465,0.9946135871999999
4197,2018-10-22 16:10:00,8.1512032004,10/22/2018,04:10:00 pm,0,5.826,9.1463,0.9950967996000006
4198,2018-10-22 16:20:00,8.150560776799999,10/22/2018,04:20:00 pm,0,5.826,9.1458,0.9952392232000005
4199,2018-10-22 16:30:00,8.151060439599998,10/22/2018,04:30:00 pm,0,5.825,9.1459,0.9948395604000009
4200,2018-10-22 16:40:00,8.1519679904,10/22/2018,04:40:00 pm,0,5.823,9.1461,0.9941320096000013
4201,2018-10-22 16:50:00,8.1518252296,10/22/2018,04:50:00 pm,0,5.823,9.1463,0.9944747704000001
4202,2018-10-22 17:00:00,8.152039370799999,10/22/2018,05:00:00 pm,0,5.822,9.1462,0.9941606292000014
4203,2018-10-22 17:10:00,8.1529265272,10/22/2018,05:10:00 pm,0,5.821,9.1469,0.9939734728000005
4204,2018-10-22 17:20:00,8.1534363872,10/22/2018,05:20:00 pm,0,5.82,9.147,0.9935636128000009
4205,2018-10-22 17:30:00,8.154027824799998,10/22/2018,05:30:00 pm,0,5.819,9.148,0.9939721752000015
4206,2018-10-22 17:40:00,8.1543133464,10/22/2018,05:40:00 pm,0,5.818,9.148,0.9936866535999993
4207,2018-10-22 17:50:00,8.1545172904,10/22/2018,05:50:00 pm,0,5.817,9.1483,0.9937827096000014
4208,2018-10-22 18:00:00,8.155618588,10/22/2018,06:00:00 pm,0,5.816,9.1493,0.9936814120000008
4209,2018-10-22 18:10:00,8.156495547199999,10/22/2018,06:10:00 pm,0,5.816,9.1505,0.9940044528000005
4210,2018-10-22 18:20:00,8.1579435496,10/22/2018,06:20:00 pm,0,5.815,9.1508,0.9928564503999997
4211,2018-10-22 18:30:00,8.1590448472,10/22/2018,06:30:00 pm,0,5.814,9.1524,0.9933551527999995
4212,2018-10-22 18:40:00,8.1596566792,10/22/2018,06:40:00 pm,0,5.813,9.1527,0.9930433208
4213,2018-10-22 18:50:00,8.160197130799999,10/22/2018,06:50:00 pm,0,5.812,9.1531,0.9929028692000017
4214,2018-10-22 19:00:00,8.160931329199999,10/22/2018,07:00:00 pm,0,5.811,9.1535,0.9925686708000008
4215,2018-10-22 19:10:00,8.1618286828,10/22/2018,07:10:00 pm,0,5.811,9.1544,0.9925713172000012
4216,2018-10-22 19:20:00,8.16260367,10/22/2018,07:20:00 pm,0,5.81,9.1551,0.9924963299999998
4217,2018-10-22 19:30:00,8.163857925599999,10/22/2018,07:30:00 pm,0,5.808,9.157,0.9931420744000015
4218,2018-10-22 19:40:00,8.165958548799999,10/22/2018,07:40:00 pm,0,5.808,9.1583,0.9923414512000015
4219,2018-10-22 19:50:00,8.1667641276,10/22/2018,07:50:00 pm,0,5.807,9.1591,0.9923358724
4220,2018-10-22 20:00:00,8.167100635199999,10/22/2018,08:00:00 pm,0,5.806,9.1595,0.9923993648000007
4221,2018-10-22 20:10:00,8.1675595092,10/22/2018,08:10:00 pm,0,5.805,9.1602,0.9926404907999995
4222,2018-10-22 20:20:00,8.1680795664,10/22/2018,08:20:00 pm,0,5.804,9.1603,0.9922204336
4223,2018-10-22 20:30:00,8.1687525816,10/22/2018,08:30:00 pm,0,5.803,9.1612,0.9924474183999994
4224,2018-10-22 20:40:00,8.1694765828,10/22/2018,08:40:00 pm,0,5.802,9.1618,0.9923234171999997
4225,2018-10-22 20:50:00,8.169721315599999,10/22/2018,08:50:00 pm,0,5.798,9.1622,0.9924786844000018
4226,2018-10-22 21:00:00,8.1709449796,10/22/2018,09:00:00 pm,0,5.799,9.1631,0.9921550204000003
4227,2018-10-22 21:10:00,8.1716485864,10/22/2018,09:10:00 pm,0,5.799,9.1634,0.9917514135999994
4228,2018-10-22 21:20:00,8.171536417199999,10/22/2018,09:20:00 pm,0,5.798,9.1637,0.9921635828000017
4229,2018-10-22 21:30:00,8.1721788408,10/22/2018,09:30:00 pm,0,5.798,9.1642,0.9920211592000001
4230,2018-10-22 21:40:00,8.173208758,10/22/2018,09:40:00 pm,0,5.797,9.1651,0.9918912420000012
4231,2018-10-22 21:50:00,8.173412701999998,10/22/2018,09:50:00 pm,0,5.796,9.1656,0.992187298000001
4232,2018-10-22 22:00:00,8.174034731199999,10/22/2018,10:00:00 pm,0,5.795,9.1661,0.9920652688000011
4233,2018-10-22 22:10:00,8.174167294799998,10/22/2018,10:10:00 pm,0,5.794,9.1664,0.9922327052000011
4234,2018-10-22 22:20:00,8.174228478,10/22/2018,10:20:00 pm,0,5.794,9.1662,0.991971522
4235,2018-10-22 22:30:00,8.173973548,10/22/2018,10:30:00 pm,0,5.792,9.1664,0.9924264520000001
4236,2018-10-22 22:40:00,8.174075519999999,10/22/2018,10:40:00 pm,0,5.792,9.1663,0.9922244800000009
4237,2018-10-22 22:50:00,8.173657434799999,10/22/2018,10:50:00 pm,0,5.791,9.1663,0.9926425652000006
4238,2018-10-22 23:00:00,8.1730558,10/22/2018,11:00:00 pm,0,5.79,9.1656,0.9925441999999993
4239,2018-10-22 23:10:00,8.1727906728,10/22/2018,11:10:00 pm,0,5.789,9.165,0.9922093271999994
4240,2018-10-22 23:20:00,8.172138052,10/22/2018,11:20:00 pm,0,5.788,9.1648,0.9926619480000003
4241,2018-10-22 23:30:00,8.1717607556,10/22/2018,11:30:00 pm,0,5.788,9.1644,0.9926392444000012
4242,2018-10-22 23:40:00,8.1720462772,10/22/2018,11:40:00 pm,0,5.787,9.1646,0.9925537228000003
4243,2018-10-22 23:50:00,8.1723521932,10/22/2018,11:50:00 pm,0,5.786,9.1647,0.9923478067999998
4244,2018-10-23 00:00:00,8.1720768688,10/23/2018,12:00:00 am,0,5.785,9.165,0.9929231311999995
4245,2018-10-23 00:10:00,8.1725255456,10/23/2018,12:10:00 am,0,5.784,9.1651,0.9925744544000015
4246,2018-10-23 00:20:00,8.1727294896,10/23/2018,12:20:00 am,0,5.783,9.1655,0.9927705103999998
4247,2018-10-23 00:30:00,8.1728314616,10/23/2018,12:30:00 am,0,5.783,9.1653,0.9924685384000007
4248,2018-10-23 00:40:00,8.1726887008,10/23/2018,12:40:00 am,0,5.781,9.1659,0.9932112992000004
4249,2018-10-23 00:50:00,8.1735044768,10/23/2018,12:50:00 am,0,5.781,9.1667,0.9931955232000007
4250,2018-10-23 01:00:00,8.174044928399999,10/23/2018,01:00:00 am,0,5.78,9.1668,0.9927550716000013
4251,2018-10-23 01:10:00,8.174065322799999,10/23/2018,01:10:00 am,0,5.779,9.1671,0.9930346772000007
4252,2018-10-23 01:20:00,8.174197886399998,10/23/2018,01:20:00 am,0,5.778,9.1669,0.9927021136000018
4253,2018-10-23 01:30:00,8.1741876892,10/23/2018,01:30:00 am,0,5.777,9.1665,0.9923123107999992
4254,2018-10-23 01:40:00,8.173688026399999,10/23/2018,01:40:00 am,0,5.776,9.1663,0.9926119736000008
4255,2018-10-23 01:50:00,8.1728926448,10/23/2018,01:50:00 am,0,5.775,9.1658,0.9929073552000016
4256,2018-10-23 02:00:00,8.1734330964,10/23/2018,02:00:00 am,0,5.775,9.1659,0.9924669036000004
4257,2018-10-23 02:10:00,8.173922562,10/23/2018,02:10:00 am,0,5.774,9.1665,0.9925774379999996
4258,2018-10-23 02:20:00,8.1735860544,10/23/2018,02:20:00 am,0,5.773,9.1662,0.9926139456000005
4259,2018-10-23 02:30:00,8.173310729999999,10/23/2018,02:30:00 am,0,5.772,9.1663,0.9929892700000007
4260,2018-10-23 02:40:00,8.172556137199999,10/23/2018,02:40:00 am,0,5.772,9.1655,0.9929438628000007
4261,2018-10-23 02:50:00,8.1724031792,10/23/2018,02:50:00 am,0,5.77,9.1654,0.9929968208000002
4262,2018-10-23 03:00:00,8.1724541652,10/23/2018,03:00:00 am,0,5.77,9.1655,0.9930458348000002
4263,2018-10-23 03:10:00,8.17254594,10/23/2018,03:10:00 am,0,5.769,9.165,0.99245406
4264,2018-10-23 03:20:00,8.171465036799999,10/23/2018,03:20:00 am,0,5.768,9.1647,0.9932349632000008
4265,2018-10-23 03:30:00,8.171628191999998,10/23/2018,03:30:00 am,0,5.767,9.1642,0.992571808000001
4266,2018-10-23 03:40:00,8.1710469516,10/23/2018,03:40:00 am,0,5.766,9.1639,0.9928530484000007
4267,2018-10-23 03:50:00,8.170924585199998,10/23/2018,03:50:00 am,0,5.765,9.1636,0.9926754148000025
4268,2018-10-23 04:00:00,8.1701597952,10/23/2018,04:00:00 am,0,5.765,9.1632,0.9930402047999998
4269,2018-10-23 04:10:00,8.1704759084,10/23/2018,04:10:00 am,0,5.764,9.163,0.9925240916
4270,2018-10-23 04:20:00,8.171118331999999,10/23/2018,04:20:00 am,0,5.763,9.1638,0.9926816680000012
4271,2018-10-23 04:30:00,8.170924585199998,10/23/2018,04:30:00 am,0,5.762,9.1637,0.9927754148000023
4272,2018-10-23 04:40:00,8.1703943308,10/23/2018,04:40:00 am,0,5.761,9.1635,0.9931056692000002
4273,2018-10-23 04:50:00,8.170771627199999,10/23/2018,04:50:00 am,0,5.761,9.1639,0.9931283728000011
4274,2018-10-23 05:00:00,8.170965373999998,10/23/2018,05:00:00 am,0,5.759,9.1638,0.9928346260000023
4275,2018-10-23 05:10:00,8.17178115,10/23/2018,05:10:00 am,0,5.759,9.1645,0.992718850000001
4276,2018-10-23 05:20:00,8.172556137199999,10/23/2018,05:20:00 am,0,5.758,9.1655,0.9929438628000007
4277,2018-10-23 05:30:00,8.1730558,10/23/2018,05:30:00 am,0,5.757,9.1655,0.9924441999999996
4278,2018-10-23 05:40:00,8.1738613788,10/23/2018,05:40:00 am,0,5.756,9.1665,0.9926386211999993
4279,2018-10-23 05:50:00,8.1749218876,10/23/2018,05:50:00 am,0,5.755,9.1671,0.9921781123999995
4280,2018-10-23 06:00:00,8.174126505999999,10/23/2018,06:00:00 am,0,5.754,9.1668,0.9926734940000017
4281,2018-10-23 06:10:00,8.173688026399999,10/23/2018,06:10:00 am,0,5.754,9.1658,0.9921119736000019
4282,2018-10-23 06:20:00,8.174024533999999,10/23/2018,06:20:00 am,0,5.753,9.1659,0.9918754660000015
4283,2018-10-23 06:30:00,8.1740959144,10/23/2018,06:30:00 am,0,5.752,9.1655,0.9914040855999993
4284,2018-10-23 06:40:00,8.1744528164,10/23/2018,06:40:00 am,0,5.751,9.1666,0.9921471836000002
4285,2018-10-23 06:50:00,8.1753909588,10/23/2018,06:50:00 am,0,5.75,9.1668,0.9914090412000007
4286,2018-10-23 07:00:00,8.175992593599998,10/23/2018,07:00:00 am,0,5.749,9.1675,0.991507406400002
4287,2018-10-23 07:10:00,8.175880424399999,10/23/2018,07:10:00 am,0,5.749,9.1673,0.9914195756000002
4288,2018-10-23 07:20:00,8.1754215504,10/23/2018,07:20:00 am,0,5.748,9.1668,0.9913784496000009
4289,2018-10-23 07:30:00,8.175900818799999,10/23/2018,07:30:00 am,0,5.747,9.1669,0.9909991812000012
4290,2018-10-23 07:40:00,8.176522848,10/23/2018,07:40:00 am,0,5.746,9.1672,0.990677152
4291,2018-10-23 07:50:00,8.177185666,10/23/2018,07:50:00 am,0,5.745,9.168,0.9908143339999995
4292,2018-10-23 08:00:00,8.177389609999999,10/23/2018,08:00:00 am,0,5.744,9.1694,0.9920103900000008
4293,2018-10-23 08:10:00,8.1790619508,10/23/2018,08:10:00 am,0,5.744,9.17,0.9909380492000004
4294,2018-10-23 08:20:00,8.179306683599998,10/23/2018,08:20:00 am,0,5.743,9.1708,0.9914933164000015
4295,2018-10-23 08:30:00,8.179989896,10/23/2018,08:30:00 am,0,5.742,9.1719,0.9919101040000005
4296,2018-10-23 08:40:00,8.181417503999999,10/23/2018,08:40:00 am,0,5.742,9.1731,0.991682496000001
4297,2018-10-23 08:50:00,8.181376715199999,10/23/2018,08:50:00 am,0,5.74,9.1739,0.9925232848000007
4298,2018-10-23 09:00:00,8.1809688272,10/23/2018,09:00:00 am,0,5.739,9.1739,0.9929311728000005
4299,2018-10-23 09:10:00,8.179887923999999,10/23/2018,09:10:00 am,0,5.739,9.1725,0.9926120760000003
4300,2018-10-23 09:20:00,8.1792862892,10/23/2018,09:20:00 am,0,5.738,9.1722,0.9929137107999999
4301,2018-10-23 09:30:00,8.178796823599999,10/23/2018,09:30:00 am,0,5.737,9.172,0.9932031764000016
4302,2018-10-23 09:40:00,8.1776139484,10/23/2018,09:40:00 am,0,5.736,9.1708,0.9931860516000004
4303,2018-10-23 09:50:00,8.1777669064,10/23/2018,09:50:00 am,0,5.735,9.1711,0.9933330935999987
4304,2018-10-23 10:00:00,8.176777777999998,10/23/2018,10:00:00 am,0,5.735,9.1714,0.994622222000002
4305,2018-10-23 10:10:00,8.1746159716,10/23/2018,10:10:00 am,0,5.734,9.1709,0.9962840283999999
4306,2018-10-23 10:20:00,8.1741061116,10/23/2018,10:20:00 am,0,5.733,9.1715,0.9973938883999995
4307,2018-10-23 10:30:00,8.1743100556,10/23/2018,10:30:00 am,0,5.732,9.1718,0.9974899443999998
4308,2018-10-23 10:40:00,8.1754215504,10/23/2018,10:40:00 am,0,5.732,9.1712,0.9957784496000013
4309,2018-10-23 10:50:00,8.175554113999999,10/23/2018,10:50:00 am,0,5.73,9.1708,0.9952458860000011
4310,2018-10-23 11:00:00,8.1753297756,10/23/2018,11:00:00 am,0,5.73,9.1703,0.9949702243999994
4311,2018-10-23 11:10:00,8.1749218876,10/23/2018,11:10:00 am,0,5.729,9.1692,0.9942781124
4312,2018-10-23 11:20:00,8.1728620532,10/23/2018,11:20:00 am,0,5.728,9.1702,0.9973379468000001
4313,2018-10-23 11:30:00,8.1756968748,10/23/2018,11:30:00 am,0,5.727,9.1724,0.9967031251999998
4314,2018-10-23 11:40:00,8.177430398799999,10/23/2018,11:40:00 am,0,5.727,9.1731,0.9956696012000013
4315,2018-10-23 11:50:00,8.1786336684,10/23/2018,11:50:00 am,0,5.725,9.1742,0.995566331600001
4316,2018-10-23 12:00:00,8.1771448772,10/23/2018,12:00:00 pm,0,5.725,9.172,0.9948551228000007
4317,2018-10-23 12:10:00,8.174085717199999,10/23/2018,12:10:00 pm,0,5.723,9.1723,0.9982142828000011
4318,2018-10-23 12:20:00,8.1739021676,10/23/2018,12:20:00 pm,0,5.723,9.1716,0.9976978324000001
4319,2018-10-23 12:30:00,8.1730558,10/23/2018,12:30:00 pm,0,5.722,9.1711,0.9980441999999989
4320,2018-10-23 12:40:00,8.17509524,10/23/2018,12:40:00 pm,0,5.721,9.1695,0.9944047600000001
4321,2018-10-23 12:50:00,8.174942281999998,10/23/2018,12:50:00 pm,0,5.721,9.1705,0.9955577180000024
4322,2018-10-23 13:00:00,8.1760945656,10/23/2018,01:00:00 pm,0,5.72,9.1712,0.995105434400001
4323,2018-10-23 13:10:00,8.176308706799999,10/23/2018,01:10:00 pm,0,5.719,9.1721,0.9957912932000017
4324,2018-10-23 13:20:00,8.174503802399999,10/23/2018,01:20:00 pm,0,5.718,9.1721,0.9975961976000018
4325,2018-10-23 13:30:00,8.1734942796,10/23/2018,01:30:00 pm,0,5.718,9.1713,0.9978057204000006
4326,2018-10-23 13:40:00,8.174197886399998,10/23/2018,01:40:00 pm,0,5.716,9.1709,0.9967021136000014
4327,2018-10-23 13:50:00,8.1747587324,10/23/2018,01:50:00 pm,0,5.715,9.1711,0.9963412675999983
4328,2018-10-23 14:00:00,8.175115634399999,10/23/2018,02:00:00 pm,0,5.715,9.1715,0.9963843656000009
4329,2018-10-23 14:10:00,8.175136028799999,10/23/2018,02:10:00 pm,0,5.714,9.1722,0.9970639712000011
4330,2018-10-23 14:20:00,8.174197886399998,10/23/2018,02:20:00 pm,0,5.713,9.171,0.9968021136000011
4331,2018-10-23 14:30:00,8.1726581092,10/23/2018,02:30:00 pm,0,5.713,9.1701,0.9974418907999993
4332,2018-10-23 14:40:00,8.174157097599998,10/23/2018,02:40:00 pm,0,5.711,9.1696,0.9954429024000024
4333,2018-10-23 14:50:00,8.175401156,10/23/2018,02:50:00 pm,0,5.711,9.1704,0.9949988440000013
4334,2018-10-23 15:00:00,8.1756254944,10/23/2018,03:00:00 pm,0,5.71,9.1706,0.9949745056000001
4335,2018-10-23 15:10:00,8.1737798012,10/23/2018,03:10:00 pm,0,5.709,9.1693,0.9955201987999995
4336,2018-10-23 15:20:00,8.174503802399999,10/23/2018,03:20:00 pm,0,5.708,9.1702,0.9956961976000009
4337,2018-10-23 15:30:00,8.1754419448,10/23/2018,03:30:00 pm,0,5.707,9.1708,0.9953580552000005
4338,2018-10-23 15:40:00,8.175452142,10/23/2018,03:40:00 pm,0,5.707,9.1707,0.9952478580000008
4339,2018-10-23 15:50:00,8.1743202528,10/23/2018,03:50:00 pm,0,5.706,9.17,0.9956797472000005
4340,2018-10-23 16:00:00,8.1753297756,10/23/2018,04:00:00 pm,0,5.705,9.1703,0.9949702243999994
4341,2018-10-23 16:10:00,8.1753297756,10/23/2018,04:10:00 pm,0,5.704,9.1701,0.9947702243999998
4342,2018-10-23 16:20:00,8.1776343428,10/23/2018,04:20:00 pm,0,5.703,9.1715,0.9938656572000006
4343,2018-10-23 16:30:00,8.1787254432,10/23/2018,04:30:00 pm,0,5.702,9.173,0.9942745568000007
4344,2018-10-23 16:40:00,8.1783889356,10/23/2018,04:40:00 pm,0,5.702,9.173,0.9946110644000008
4345,2018-10-23 16:50:00,8.177481384799998,10/23/2018,04:50:00 pm,0,5.701,9.1724,0.9949186152000014
4346,2018-10-23 17:00:00,8.1776139484,10/23/2018,05:00:00 pm,0,5.7,9.1724,0.9947860516000002
4347,2018-10-23 17:10:00,8.176063974,10/23/2018,05:10:00 pm,0,5.7,9.1707,0.9946360260000002
4348,2018-10-23 17:20:00,8.1753807616,10/23/2018,05:20:00 pm,0,5.699,9.1696,0.9942192384000013
4349,2018-10-23 17:30:00,8.175870227199999,10/23/2018,05:30:00 pm,0,5.698,9.1696,0.9937297728000019
4350,2018-10-23 17:40:00,8.1748709016,10/23/2018,05:40:00 pm,0,5.697,9.1687,0.9938290983999991
4351,2018-10-23 17:50:00,8.174034731199999,10/23/2018,05:50:00 pm,0,5.696,9.1674,0.9933652688000016
4352,2018-10-23 18:00:00,8.1740041396,10/23/2018,06:00:00 pm,0,5.695,9.1667,0.9926958604000014
4353,2018-10-23 18:10:00,8.175605099999999,10/23/2018,06:10:00 pm,0,5.695,9.1683,0.9926949000000018
4354,2018-10-23 18:20:00,8.1751870148,10/23/2018,06:20:00 pm,0,5.694,9.1681,0.9929129852000003
4355,2018-10-23 18:30:00,8.174942281999998,10/23/2018,06:30:00 pm,0,5.693,9.168,0.9930577180000011
4356,2018-10-23 18:40:00,8.1745649856,10/23/2018,06:40:00 pm,0,5.692,9.1673,0.9927350143999991
4357,2018-10-23 18:50:00,8.176063974,10/23/2018,06:50:00 pm,0,5.691,9.1678,0.9917360259999999
4358,2018-10-23 19:00:00,8.1753603672,10/23/2018,07:00:00 pm,0,5.691,9.1676,0.9922396328000005
4359,2018-10-23 19:10:00,8.175492930799999,10/23/2018,07:10:00 pm,0,5.69,9.1669,0.991407069200001
4360,2018-10-23 19:20:00,8.1760231852,10/23/2018,07:20:00 pm,0,5.689,9.1678,0.9917768147999997
4361,2018-10-23 19:30:00,8.175870227199999,10/23/2018,07:30:00 pm,0,5.688,9.1678,0.9919297728000007
4362,2018-10-23 19:40:00,8.177705723199999,10/23/2018,07:40:00 pm,0,5.687,9.1692,0.991494276800001
4363,2018-10-23 19:50:00,8.178419527199999,10/23/2018,07:50:00 pm,0,5.686,9.1701,0.9916804728000006
4364,2018-10-23 20:00:00,8.178807020799999,10/23/2018,08:00:00 pm,0,5.686,9.1702,0.9913929792000005
4365,2018-10-23 20:10:00,8.1796024024,10/23/2018,08:10:00 pm,0,5.685,9.1705,0.9908975976000001
4366,2018-10-23 20:20:00,8.179265894799999,10/23/2018,08:20:00 pm,0,5.684,9.1706,0.9913341052000018
4367,2018-10-23 20:30:00,8.1803366008,10/23/2018,08:30:00 pm,0,5.684,9.1711,0.9907633991999987
4368,2018-10-23 20:40:00,8.1809484328,10/23/2018,08:40:00 pm,0,5.683,9.172,0.9910515672000013
4369,2018-10-23 20:50:00,8.1818151948,10/23/2018,08:50:00 pm,0,5.682,9.1727,0.9908848052000003
4370,2018-10-23 21:00:00,8.181417503999999,10/23/2018,09:00:00 pm,0,5.681,9.1724,0.9909824960000009
4371,2018-10-23 21:10:00,8.1807240944,10/23/2018,09:10:00 pm,0,5.68,9.1716,0.9908759055999994
4372,2018-10-23 21:20:00,8.18146849,10/23/2018,09:20:00 pm,0,5.68,9.1723,0.9908315099999996
4373,2018-10-23 21:30:00,8.1811931656,10/23/2018,09:30:00 pm,0,5.679,9.1724,0.9912068343999998
4374,2018-10-23 21:40:00,8.1801734456,10/23/2018,09:40:00 pm,0,5.678,9.1721,0.9919265544000009
4375,2018-10-23 21:50:00,8.1800816708,10/23/2018,09:50:00 pm,0,5.677,9.1715,0.9914183292000001
4376,2018-10-23 22:00:00,8.1811727712,10/23/2018,10:00:00 pm,0,5.676,9.1729,0.9917272288000003
4377,2018-10-23 22:10:00,8.1796737828,10/23/2018,10:10:00 pm,0,5.675,9.1717,0.9920262171999994
4378,2018-10-23 22:20:00,8.179918515599999,10/23/2018,10:20:00 pm,0,5.675,9.1717,0.9917814844000006
4379,2018-10-23 22:30:00,8.179785952,10/23/2018,10:30:00 pm,0,5.674,9.1718,0.9920140479999997
4380,2018-10-23 22:40:00,8.180275417599999,10/23/2018,10:40:00 pm,0,5.673,9.1719,0.9916245824000018
4381,2018-10-23 22:50:00,8.1816928284,10/23/2018,10:50:00 pm,0,5.672,9.1729,0.991207171600001
4382,2018-10-23 23:00:00,8.183640493599999,10/23/2018,11:00:00 pm,0,5.672,9.1753,0.9916595064000013
4383,2018-10-23 23:10:00,8.18427272,10/23/2018,11:10:00 pm,0,5.671,9.1767,0.9924272800000011
4384,2018-10-23 23:20:00,8.184884552,10/23/2018,11:20:00 pm,0,5.67,9.1775,0.9926154480000005
4385,2018-10-23 23:30:00,8.185435200799999,10/23/2018,11:30:00 pm,0,5.669,9.1774,0.9919647992000016
4386,2018-10-23 23:40:00,8.1849967212,10/23/2018,11:40:00 pm,0,5.669,9.1776,0.9926032788000008
4387,2018-10-23 23:50:00,8.1842013396,10/23/2018,11:50:00 pm,0,5.668,9.1765,0.9922986604000013
4388,2018-10-24 00:00:00,8.1827737316,10/24/2018,12:00:00 am,0,5.667,9.1751,0.9923262684000012
4389,2018-10-24 00:10:00,8.18478258,10/24/2018,12:10:00 am,0,5.666,9.1767,0.99191742
4390,2018-10-24 00:20:00,8.185516778399998,10/24/2018,12:20:00 am,0,5.665,9.178,0.9924832216000024
4391,2018-10-24 00:30:00,8.185700328,10/24/2018,12:30:00 am,0,5.664,9.1777,0.9919996720000004
4392,2018-10-24 00:40:00,8.1849253408,10/24/2018,12:40:00 am,0,5.663,9.1777,0.9927746592000002
4393,2018-10-24 00:50:00,8.1848947492,10/24/2018,12:50:00 am,0,5.663,9.1777,0.9928052508
4394,2018-10-24 01:00:00,8.1844664668,10/24/2018,01:00:00 am,0,5.662,9.1772,0.9927335331999991
4395,2018-10-24 01:10:00,8.184802974399998,10/24/2018,01:10:00 am,0,5.661,9.1776,0.9927970256000016
4396,2018-10-24 01:20:00,8.1846704108,10/24/2018,01:20:00 am,0,5.661,9.1778,0.9931295891999987
4397,2018-10-24 01:30:00,8.184629622,10/24/2018,01:30:00 am,0,5.66,9.1775,0.992870378000001
4398,2018-10-24 01:40:00,8.184119762,10/24/2018,01:40:00 am,0,5.659,9.1771,0.9929802379999995
4399,2018-10-24 01:50:00,8.1834263524,10/24/2018,01:50:00 am,0,5.658,9.1759,0.9924736476000007
4400,2018-10-24 02:00:00,8.18274314,10/24/2018,02:00:00 am,0,5.658,9.1756,0.9928568599999998
4401,2018-10-24 02:10:00,8.182335252,10/24/2018,02:10:00 am,0,5.657,9.1752,0.9928647480000006
4402,2018-10-24 02:20:00,8.1822944632,10/24/2018,02:20:00 am,0,5.656,9.1754,0.9931055367999999
4403,2018-10-24 02:30:00,8.182947084,10/24/2018,02:30:00 am,0,5.655,9.1758,0.9928529160000004
4404,2018-10-24 02:40:00,8.1828757036,10/24/2018,02:40:00 am,0,5.654,9.1759,0.9930242963999998
4405,2018-10-24 02:50:00,8.1848233688,10/24/2018,02:50:00 am,0,5.654,9.1772,0.9923766311999991
4406,2018-10-24 03:00:00,8.1852210596,10/24/2018,03:00:00 am,0,5.653,9.1771,0.9918789403999995
4407,2018-10-24 03:10:00,8.185812497199999,10/24/2018,03:10:00 am,0,5.652,9.178,0.992187502800002
4408,2018-10-24 03:20:00,8.1852312568,10/24/2018,03:20:00 am,0,5.652,9.1773,0.9920687432000008
4409,2018-10-24 03:30:00,8.1851700736,10/24/2018,03:30:00 am,0,5.65,9.1773,0.9921299264000005
4410,2018-10-24 03:40:00,8.185068101599999,10/24/2018,03:40:00 am,0,5.649,9.1774,0.9923318984000016
4411,2018-10-24 03:50:00,8.184415480799998,10/24/2018,03:50:00 am,0,5.649,9.1768,0.9923845192000016
4412,2018-10-24 04:00:00,8.1834671412,10/24/2018,04:00:00 am,0,5.648,9.176,0.9925328588000006
4413,2018-10-24 04:10:00,8.183303986,10/24/2018,04:10:00 am,0,5.648,9.1754,0.9920960139999995
4414,2018-10-24 04:20:00,8.1837832544,10/24/2018,04:20:00 am,0,5.647,9.1759,0.9921167456000006
4415,2018-10-24 04:30:00,8.1835385216,10/24/2018,04:30:00 am,0,5.646,9.1764,0.9928614784
4416,2018-10-24 04:40:00,8.1842523256,10/24/2018,04:40:00 am,0,5.645,9.1766,0.9923476744000013
4417,2018-10-24 04:50:00,8.1841299592,10/24/2018,04:50:00 am,0,5.644,9.1763,0.9921700407999996
4418,2018-10-24 05:00:00,8.1837526628,10/24/2018,05:00:00 am,0,5.644,9.1762,0.9924473371999998
4419,2018-10-24 05:10:00,8.183303986,10/24/2018,05:10:00 am,0,5.643,9.1758,0.9924960140000003
4420,2018-10-24 05:20:00,8.183936212399999,10/24/2018,05:20:00 am,0,5.642,9.1753,0.991363787600001
4421,2018-10-24 05:30:00,8.1839260152,10/24/2018,05:30:00 am,0,5.641,9.1763,0.9923739847999986
4422,2018-10-24 05:40:00,8.1838444376,10/24/2018,05:40:00 am,0,5.641,9.1757,0.9918555624000014
4423,2018-10-24 05:50:00,8.1841911424,10/24/2018,05:50:00 am,0,5.64,9.176,0.9918088576000006
4424,2018-10-24 06:00:00,8.1842013396,10/24/2018,06:00:00 am,0,5.639,9.176,0.9917986604000006
4425,2018-10-24 06:10:00,8.184170748,10/24/2018,06:10:00 am,0,5.638,9.1756,0.9914292519999997
4426,2018-10-24 06:20:00,8.1837424656,10/24/2018,06:20:00 am,0,5.637,9.1756,0.9918575343999994
4427,2018-10-24 06:30:00,8.184323705999999,10/24/2018,06:30:00 am,0,5.637,9.1765,0.9921762940000018
4428,2018-10-24 06:40:00,8.1846194248,10/24/2018,06:40:00 am,0,5.636,9.1766,0.9919805752000013
4429,2018-10-24 06:50:00,8.184660213599999,10/24/2018,06:50:00 am,0,5.635,9.1765,0.9918397864000017
4430,2018-10-24 07:00:00,8.1856289476,10/24/2018,07:00:00 am,0,5.634,9.1771,0.9914710523999997
4431,2018-10-24 07:10:00,8.187036161199998,10/24/2018,07:10:00 am,0,5.633,9.1785,0.9914638388000014
4432,2018-10-24 07:20:00,8.1865874844,10/24/2018,07:20:00 am,0,5.633,9.1785,0.9919125155999993
4433,2018-10-24 07:30:00,8.186638470399998,10/24/2018,07:30:00 am,0,5.632,9.1789,0.9922615296000021
4434,2018-10-24 07:40:00,8.186771034,10/24/2018,07:40:00 am,0,5.631,9.179,0.9922289660000008
4435,2018-10-24 07:50:00,8.187352274399998,10/24/2018,07:50:00 am,0,5.63,9.1798,0.9924477256000017
4436,2018-10-24 08:00:00,8.1886371216,10/24/2018,08:00:00 am,0,5.63,9.1807,0.9920628784000005
4437,2018-10-24 08:10:00,8.1881884448,10/24/2018,08:10:00 am,0,5.629,9.1814,0.9932115552000003
4438,2018-10-24 08:20:00,8.1889940236,10/24/2018,08:20:00 am,0,5.628,9.1815,0.9925059764000004
4439,2018-10-24 08:30:00,8.189269348,10/24/2018,08:30:00 am,0,5.627,9.1818,0.992530652000001
4440,2018-10-24 08:40:00,8.1901157156,10/24/2018,08:40:00 am,0,5.627,9.1822,0.9920842844000006
4441,2018-10-24 08:50:00,8.189881179999999,10/24/2018,08:50:00 am,0,5.626,9.1836,0.9937188200000016
4442,2018-10-24 09:00:00,8.1888920516,10/24/2018,09:00:00 am,0,5.625,9.1824,0.9935079483999996
4443,2018-10-24 09:10:00,8.1889838264,10/24/2018,09:10:00 am,0,5.624,9.1825,0.9935161735999998
4444,2018-10-24 09:20:00,8.1874644436,10/24/2018,09:20:00 am,0,5.624,9.1817,0.9942355563999996
4445,2018-10-24 09:30:00,8.1871585276,10/24/2018,09:30:00 am,0,5.623,9.1816,0.9944414724000001
4446,2018-10-24 09:40:00,8.1875664156,10/24/2018,09:40:00 am,0,5.622,9.1814,0.9938335844000008
4447,2018-10-24 09:50:00,8.186923991999999,10/24/2018,09:50:00 am,0,5.622,9.1815,0.994576008000001
4448,2018-10-24 10:00:00,8.1848947492,10/24/2018,10:00:00 am,0,5.62,9.1807,0.9958052508000002
4449,2018-10-24 10:10:00,8.18299807,10/24/2018,10:10:00 am,0,5.62,9.1806,0.9976019300000001
4450,2018-10-24 10:20:00,8.182386238,10/24/2018,10:20:00 am,0,5.619,9.1806,0.9982137620000007
4451,2018-10-24 10:30:00,8.182457618399999,10/24/2018,10:30:00 am,0,5.619,9.1801,0.9976423816000004
4452,2018-10-24 10:40:00,8.1835283244,10/24/2018,10:40:00 am,0,5.617,9.1799,0.9963716756000007
4453,2018-10-24 10:50:00,8.1843135088,10/24/2018,10:50:00 am,0,5.617,9.1799,0.9955864911999992
4454,2018-10-24 11:00:00,8.185088495999999,10/24/2018,11:00:00 am,0,5.616,9.1816,0.9965115040000008
4455,2018-10-24 11:10:00,8.1841401564,10/24/2018,11:10:00 am,0,5.615,9.1806,0.9964598436000003
4456,2018-10-24 11:20:00,8.183711873999998,10/24/2018,11:20:00 am,0,5.614,9.1807,0.9969881260000015
4457,2018-10-24 11:30:00,8.1839260152,10/24/2018,11:30:00 am,0,5.614,9.1811,0.9971739847999999
4458,2018-10-24 11:40:00,8.1860470328,10/24/2018,11:40:00 am,0,5.613,9.1818,0.9957529672000014
4459,2018-10-24 11:50:00,8.1874746408,10/24/2018,11:50:00 am,0,5.612,9.1834,0.995925359200001
4460,2018-10-24 12:00:00,8.1871585276,10/24/2018,12:00:00 pm,0,5.611,9.1839,0.9967414724000001
4461,2018-10-24 12:10:00,8.1856289476,10/24/2018,12:10:00 pm,0,5.611,9.1829,0.9972710524000004
4462,2018-10-24 12:20:00,8.1830898448,10/24/2018,12:20:00 pm,0,5.61,9.1824,0.9993101551999999
4463,2018-10-24 12:30:00,8.184303311599999,10/24/2018,12:30:00 pm,0,5.609,9.1826,0.9982966884000017
4464,2018-10-24 12:40:00,8.185068101599999,10/24/2018,12:40:00 pm,0,5.609,9.1823,0.9972318984000008
4465,2018-10-24 12:50:00,8.1849049464,10/24/2018,12:50:00 pm,0,5.608,9.1814,0.9964950536000003
4466,2018-10-24 13:00:00,8.1834161552,10/24/2018,01:00:00 pm,0,5.607,9.179,0.9955838448000005
4467,2018-10-24 13:10:00,8.183059253199998,10/24/2018,01:10:00 pm,0,5.607,9.1789,0.9958407468000026
4468,2018-10-24 13:20:00,8.182845111999999,10/24/2018,01:20:00 pm,0,5.606,9.1792,0.9963548880000008
4469,2018-10-24 13:30:00,8.1825188016,10/24/2018,01:30:00 pm,0,5.605,9.1793,0.996781198399999
4470,2018-10-24 13:40:00,8.181111587999998,10/24/2018,01:40:00 pm,0,5.604,9.1784,0.9972884120000014
4471,2018-10-24 13:50:00,8.179785952,10/24/2018,01:50:00 pm,0,5.603,9.1766,0.996814048000001
4472,2018-10-24 14:00:00,8.1811217852,10/24/2018,02:00:00 pm,0,5.603,9.1769,0.9957782147999996
4473,2018-10-24 14:10:00,8.181672434,10/24/2018,02:10:00 pm,0,5.602,9.1773,0.9956275660000014
4474,2018-10-24 14:20:00,8.1808872496,10/24/2018,02:20:00 pm,0,5.601,9.1766,0.995712750400001
4475,2018-10-24 14:30:00,8.179979698799999,10/24/2018,02:30:00 pm,0,5.6,9.1754,0.9954203012000011
4476,2018-10-24 14:40:00,8.1801632484,10/24/2018,02:40:00 pm,0,5.6,9.1755,0.9953367516
4477,2018-10-24 14:50:00,8.180407981199998,10/24/2018,02:50:00 pm,0,5.599,9.1755,0.9950920188000012
4478,2018-10-24 15:00:00,8.1816316452,10/24/2018,03:00:00 pm,0,5.598,9.1768,0.9951683548000005
4479,2018-10-24 15:10:00,8.181876378,10/24/2018,03:10:00 pm,0,5.597,9.1773,0.9954236220000006
4480,2018-10-24 15:20:00,8.181835589199999,10/24/2018,03:20:00 pm,0,5.597,9.1768,0.9949644108000015
4481,2018-10-24 15:30:00,8.180703699999999,10/24/2018,03:30:00 pm,0,5.596,9.1767,0.9959963000000016
4482,2018-10-24 15:40:00,8.18197835,10/24/2018,03:40:00 pm,0,5.595,9.1777,0.9957216500000001
4483,2018-10-24 15:50:00,8.183252999999999,10/24/2018,03:50:00 pm,0,5.594,9.1786,0.9953470000000006
4484,2018-10-24 16:00:00,8.18299807,10/24/2018,04:00:00 pm,0,5.594,9.1792,0.9962019299999998
4485,2018-10-24 16:10:00,8.183599704799999,10/24/2018,04:10:00 pm,0,5.593,9.1788,0.9952002952000019
4486,2018-10-24 16:20:00,8.185129284799999,10/24/2018,04:20:00 pm,0,5.592,9.1797,0.9945707152000018
4487,2018-10-24 16:30:00,8.186250976799998,10/24/2018,04:30:00 pm,0,5.591,9.1806,0.9943490232000016
4488,2018-10-24 16:40:00,8.1866282732,10/24/2018,04:40:00 pm,0,5.591,9.1808,0.9941717267999994
4489,2018-10-24 16:50:00,8.1882292336,10/24/2018,04:50:00 pm,0,5.59,9.1822,0.9939707664000004
4490,2018-10-24 17:00:00,8.1889532348,10/24/2018,05:00:00 pm,0,5.589,9.1829,0.9939467652000005
4491,2018-10-24 17:10:00,8.1867506396,10/24/2018,05:10:00 pm,0,5.588,9.1817,0.9949493603999997
4492,2018-10-24 17:20:00,8.186465118,10/24/2018,05:20:00 pm,0,5.587,9.1814,0.9949348820000008
4493,2018-10-24 17:30:00,8.1872095136,10/24/2018,05:30:00 pm,0,5.587,9.1816,0.9943904864000004
4494,2018-10-24 17:40:00,8.186873005999999,10/24/2018,05:40:00 pm,0,5.586,9.1814,0.994526994000001
4495,2018-10-24 17:50:00,8.18682202,10/24/2018,05:50:00 pm,0,5.586,9.1813,0.994477980000001
4496,2018-10-24 18:00:00,8.189483489199999,10/24/2018,06:00:00 pm,0,5.585,9.1831,0.9936165108000008
4497,2018-10-24 18:10:00,8.190268673599999,10/24/2018,06:10:00 pm,0,5.584,9.1843,0.9940313264000018
4498,2018-10-24 18:20:00,8.1911864216,10/24/2018,06:20:00 pm,0,5.583,9.1858,0.994613578400001
4499,2018-10-24 18:30:00,8.1918900284,10/24/2018,06:30:00 pm,0,5.583,9.1857,0.9938099716000011
4500,2018-10-24 18:40:00,8.19115583,10/24/2018,06:40:00 pm,0,5.582,9.1852,0.9940441700000004
4501,2018-10-24 18:50:00,8.190870308400001,10/24/2018,06:50:00 pm,0,5.581,9.1851,0.9942296915999993
4502,2018-10-24 19:00:00,8.192032789199999,10/24/2018,07:00:00 pm,0,5.58,9.1858,0.9937672108000015
4503,2018-10-24 19:10:00,8.193348228,10/24/2018,07:10:00 pm,0,5.579,9.1867,0.9933517720000005
4504,2018-10-24 19:20:00,8.1943373564,10/24/2018,07:20:00 pm,0,5.579,9.1888,0.9944626436000004
4505,2018-10-24 19:30:00,8.1957853588,10/24/2018,07:30:00 pm,0,5.578,9.1898,0.9940146411999997
4506,2018-10-24 19:40:00,8.1970600088,10/24/2018,07:40:00 pm,0,5.577,9.1913,0.9942399912000006
4507,2018-10-24 19:50:00,8.1974475024,10/24/2018,07:50:00 pm,0,5.577,9.1913,0.9938524976000007
4508,2018-10-24 20:00:00,8.198956687999999,10/24/2018,08:00:00 pm,0,5.576,9.1921,0.9931433120000008
4509,2018-10-24 20:10:00,8.199823449999998,10/24/2018,08:10:00 pm,0,5.575,9.1939,0.9940765500000008
4510,2018-10-24 20:20:00,8.1999866052,10/24/2018,08:20:00 pm,0,5.575,9.1939,0.9939133947999998
4511,2018-10-24 20:30:00,8.200068182799999,10/24/2018,08:30:00 pm,0,5.574,9.1937,0.9936318172000007
4512,2018-10-24 20:40:00,8.199976408,10/24/2018,08:40:00 pm,0,5.573,9.1938,0.993823592
4513,2018-10-24 20:50:00,8.201567171199999,10/24/2018,08:50:00 pm,0,5.572,9.1953,0.9937328288000007
4514,2018-10-24 21:00:00,8.201924073199999,10/24/2018,09:00:00 pm,0,5.571,9.1959,0.993975926800001
4515,2018-10-24 21:10:00,8.2032293148,10/24/2018,09:10:00 pm,0,5.571,9.1966,0.9933706852000004
4516,2018-10-24 21:20:00,8.203698386,10/24/2018,09:20:00 pm,0,5.57,9.1974,0.9937016140000008
4517,2018-10-24 21:30:00,8.2029233988,10/24/2018,09:30:00 pm,0,5.569,9.1971,0.9941766012000013
4518,2018-10-24 21:40:00,8.2024543276,10/24/2018,09:40:00 pm,0,5.569,9.1968,0.9943456723999997
4519,2018-10-24 21:50:00,8.20390233,10/24/2018,09:50:00 pm,0,5.568,9.1975,0.9935976699999998
4520,2018-10-24 22:00:00,8.2044427816,10/24/2018,10:00:00 pm,0,5.567,9.1979,0.9934572184000015
4521,2018-10-24 22:10:00,8.2043000208,10/24/2018,10:10:00 pm,0,5.566,9.1977,0.9933999791999994
4522,2018-10-24 22:20:00,8.206094728,10/24/2018,10:20:00 pm,0,5.566,9.1996,0.9935052720000002
4523,2018-10-24 22:30:00,8.207155236799998,10/24/2018,10:30:00 pm,0,5.565,9.2009,0.9937447632000023
4524,2018-10-24 22:40:00,8.2087663944,10/24/2018,10:40:00 pm,0,5.564,9.2022,0.9934336055999999
4525,2018-10-24 22:50:00,8.2109587924,10/24/2018,10:50:00 pm,0,5.564,9.204,0.993041207600001
4526,2018-10-24 23:00:00,8.211213722399998,10/24/2018,11:00:00 pm,0,5.563,9.2049,0.9936862776000019
4527,2018-10-24 23:10:00,8.2106222848,10/24/2018,11:10:00 pm,0,5.562,9.2041,0.9934777152000009
4528,2018-10-24 23:20:00,8.2128146828,10/24/2018,11:20:00 pm,0,5.562,9.2061,0.9932853171999998
4529,2018-10-24 23:30:00,8.2139669664,10/24/2018,11:30:00 pm,0,5.56,9.2069,0.9929330336
4530,2018-10-24 23:40:00,8.2142422908,10/24/2018,11:40:00 pm,0,5.56,9.2068,0.9925577091999997
4531,2018-10-24 23:50:00,8.216495872,10/24/2018,11:50:00 pm,0,5.56,9.209,0.9925041280000002
4532,2018-10-25 00:00:00,8.2168935628,10/25/2018,12:00:00 am,0,5.559,9.2092,0.9923064371999999
4533,2018-10-25 00:10:00,8.2156393072,10/25/2018,12:10:00 am,0,5.558,9.209,0.9933606927999996
4534,2018-10-25 00:20:00,8.2159656176,10/25/2018,12:20:00 am,0,5.557,9.2095,0.9935343824
4535,2018-10-25 00:30:00,8.215669898799998,10/25/2018,12:30:00 am,0,5.556,9.2091,0.9934301012000013
4536,2018-10-25 00:40:00,8.2164040972,10/25/2018,12:40:00 am,0,5.555,9.2097,0.9932959027999999
4537,2018-10-25 00:50:00,8.2167406048,10/25/2018,12:50:00 am,0,5.555,9.2095,0.9927593952000002
4538,2018-10-25 01:00:00,8.2172402676,10/25/2018,01:00:00 am,0,5.554,9.2103,0.9930597324000008
4539,2018-10-25 01:10:00,8.2174034228,10/25/2018,01:10:00 am,0,5.553,9.2112,0.9937965771999995
4540,2018-10-25 01:20:00,8.2193816796,10/25/2018,01:20:00 am,0,5.552,9.2128,0.9934183204
4541,2018-10-25 01:30:00,8.220605343599999,10/25/2018,01:30:00 am,0,5.552,9.2138,0.9931946564000018
4542,2018-10-25 01:40:00,8.2190655664,10/25/2018,01:40:00 am,0,5.551,9.2128,0.9937344336000002
4543,2018-10-25 01:50:00,8.2186780728,10/25/2018,01:50:00 am,0,5.55,9.2122,0.9935219271999998
4544,2018-10-25 02:00:00,8.2181376212,10/25/2018,02:00:00 am,0,5.55,9.2118,0.9936623787999999
4545,2018-10-25 02:10:00,8.2182497904,10/25/2018,02:10:00 am,0,5.549,9.2115,0.9932502095999993
4546,2018-10-25 02:20:00,8.218127423999999,10/25/2018,02:20:00 am,0,5.548,9.2114,0.9932725760000007
4547,2018-10-25 02:30:00,8.2182191988,10/25/2018,02:30:00 am,0,5.547,9.2113,0.9930808011999996
4548,2018-10-25 02:40:00,8.218892214,10/25/2018,02:40:00 am,0,5.547,9.2121,0.9932077859999993
4549,2018-10-25 02:50:00,8.218871819599999,10/25/2018,02:50:00 am,0,5.546,9.2125,0.9936281804000018
4550,2018-10-25 03:00:00,8.2186066924,10/25/2018,03:00:00 am,0,5.546,9.2123,0.993693307600001
4551,2018-10-25 03:10:00,8.2183925512,10/25/2018,03:10:00 am,0,5.544,9.2115,0.9931074488
4552,2018-10-25 03:20:00,8.2186984672,10/25/2018,03:20:00 am,0,5.544,9.2116,0.9929015328000013
4553,2018-10-25 03:30:00,8.2177909164,10/25/2018,03:30:00 am,0,5.543,9.2109,0.9931090836000003
4554,2018-10-25 03:40:00,8.216628435599999,10/25/2018,03:40:00 am,0,5.543,9.2103,0.9936715644000014
4555,2018-10-25 03:50:00,8.217464605999998,10/25/2018,03:50:00 am,0,5.542,9.2105,0.9930353940000014
4556,2018-10-25 04:00:00,8.217566578,10/25/2018,04:00:00 am,0,5.541,9.2108,0.9932334220000012
4557,2018-10-25 04:10:00,8.2171994788,10/25/2018,04:10:00 am,0,5.54,9.2108,0.9936005212000012
4558,2018-10-25 04:20:00,8.2190145804,10/25/2018,04:20:00 am,0,5.54,9.2121,0.9930854195999999
4559,2018-10-25 04:30:00,8.2198405536,10/25/2018,04:30:00 am,0,5.539,9.2133,0.9934594464000011
4560,2018-10-25 04:40:00,8.220013906,10/25/2018,04:40:00 am,0,5.539,9.2136,0.9935860939999994
4561,2018-10-25 04:50:00,8.2201770612,10/25/2018,04:50:00 am,0,5.538,9.2132,0.9930229388000011
4562,2018-10-25 05:00:00,8.2201566668,10/25/2018,05:00:00 am,0,5.537,9.2132,0.993043333200001
4563,2018-10-25 05:10:00,8.220075089199998,10/25/2018,05:10:00 am,0,5.536,9.2136,0.9935249108000015
4564,2018-10-25 05:20:00,8.220279033199999,10/25/2018,05:20:00 am,0,5.535,9.2132,0.9929209668000016
4565,2018-10-25 05:30:00,8.220381005199998,10/25/2018,05:30:00 am,0,5.535,9.2138,0.9934189948000025
4566,2018-10-25 05:40:00,8.2194734544,10/25/2018,05:40:00 am,0,5.534,9.2129,0.9934265456000002
4567,2018-10-25 05:50:00,8.2212273728,10/25/2018,05:50:00 am,0,5.533,9.2142,0.9929726272000003
4568,2018-10-25 06:00:00,8.222461233999999,10/25/2018,06:00:00 am,0,5.533,9.2153,0.9928387660000002
4569,2018-10-25 06:10:00,8.2232872072,10/25/2018,06:10:00 am,0,5.532,9.2164,0.9931127927999999
4570,2018-10-25 06:20:00,8.225877296,10/25/2018,06:20:00 am,0,5.531,9.2194,0.9935227040000001
4571,2018-10-25 06:30:00,8.225367435999999,10/25/2018,06:30:00 am,0,5.531,9.2184,0.9930325640000017
4572,2018-10-25 06:40:00,8.2251227032,10/25/2018,06:40:00 am,0,5.53,9.2179,0.9927772967999999
4573,2018-10-25 06:50:00,8.2263259728,10/25/2018,06:50:00 am,0,5.529,9.2195,0.9931740272000003
4574,2018-10-25 07:00:00,8.228069693999998,10/25/2018,07:00:00 am,0,5.528,9.2215,0.9934303060000023
4575,2018-10-25 07:10:00,8.2271417488,10/25/2018,07:10:00 am,0,5.527,9.2199,0.9927582512000015
4576,2018-10-25 07:20:00,8.226886818799999,10/25/2018,07:20:00 am,0,5.527,9.2199,0.993013181200002
4577,2018-10-25 07:30:00,8.2274170732,10/25/2018,07:30:00 am,0,5.526,9.2199,0.992482926800001
4578,2018-10-25 07:40:00,8.2272743124,10/25/2018,07:40:00 am,0,5.525,9.2208,0.9935256876
4579,2018-10-25 07:50:00,8.2274170732,10/25/2018,07:50:00 am,0,5.525,9.22,0.9925829268000008
4580,2018-10-25 08:00:00,8.2280900884,10/25/2018,08:00:00 am,0,5.524,9.2208,0.9927099116000004
4581,2018-10-25 08:10:00,8.227967722,10/25/2018,08:10:00 am,0,5.523,9.2207,0.9927322780000001
4582,2018-10-25 08:20:00,8.228467384799998,10/25/2018,08:20:00 am,0,5.523,9.2214,0.9929326152000009
4583,2018-10-25 08:30:00,8.2291098084,10/25/2018,08:30:00 am,0,5.522,9.2222,0.9930901916000003
4584,2018-10-25 08:40:00,8.230221303199999,10/25/2018,08:40:00 am,0,5.521,9.2236,0.9933786968000007
4585,2018-10-25 08:50:00,8.2314041784,10/25/2018,08:50:00 am,0,5.521,9.2249,0.9934958215999998
4586,2018-10-25 09:00:00,8.2318324608,10/25/2018,09:00:00 am,0,5.52,9.2254,0.9935675392000007
4587,2018-10-25 09:10:00,8.232005813199999,10/25/2018,09:10:00 am,0,5.519,9.2258,0.9937941868000006
4588,2018-10-25 09:20:00,8.2323831096,10/25/2018,09:20:00 am,0,5.519,9.2264,0.9940168903999993
4589,2018-10-25 09:30:00,8.2314551644,10/25/2018,09:30:00 am,0,5.518,9.2265,0.9950448355999999
4590,2018-10-25 09:40:00,8.229956176,10/25/2018,09:40:00 am,0,5.517,9.225,0.9950438239999997
4591,2018-10-25 09:50:00,8.228324623999999,10/25/2018,09:50:00 am,0,5.517,9.224,0.9956753760000012
4592,2018-10-25 10:00:00,8.224674026399999,10/25/2018,10:00:00 am,0,5.516,9.2222,0.997525973600002
4593,2018-10-25 10:10:00,8.221778021599999,10/25/2018,10:10:00 am,0,5.515,9.2194,0.9976219784000016
4594,2018-10-25 10:20:00,8.2248473788,10/25/2018,10:20:00 am,0,5.514,9.2209,0.9960526212000005
4595,2018-10-25 10:30:00,8.2260914372,10/25/2018,10:30:00 am,0,5.513,9.2241,0.9980085628000008
4596,2018-10-25 10:40:00,8.228854878399998,10/25/2018,10:40:00 am,0,5.513,9.2252,0.996345121600001
4597,2018-10-25 10:50:00,8.230853529600001,10/25/2018,10:50:00 am,0,5.512,9.2264,0.995546470399999
4598,2018-10-25 11:00:00,8.229803218,10/25/2018,11:00:00 am,0,5.512,9.2266,0.9967967819999988
4599,2018-10-25 11:10:00,8.2292321748,10/25/2018,11:10:00 am,0,5.511,9.2262,0.9969678252000005
4600,2018-10-25 11:20:00,8.226152620399999,10/25/2018,11:20:00 am,0,5.51,9.2261,0.9999473796000018
4601,2018-10-25 11:30:00,8.224051997199998,10/25/2018,11:30:00 am,0,5.509,9.2239,0.9998480028000021
4602,2018-10-25 11:40:00,8.2264483392,10/25/2018,11:40:00 am,0,5.508,9.2253,0.9988516608000015
4603,2018-10-25 11:50:00,8.226948001999999,10/25/2018,11:50:00 am,0,5.508,9.2249,0.9979519980000013
4604,2018-10-25 12:00:00,8.2260608456,10/25/2018,12:00:00 pm,0,5.507,9.2236,0.9975391544000001
4605,2018-10-25 12:10:00,8.222461233999999,10/25/2018,12:10:00 pm,0,5.507,9.2219,0.9994387660000008
4606,2018-10-25 12:20:00,8.220228047199999,10/25/2018,12:20:00 pm,0,5.506,9.2206,1.0003719528000001
4607,2018-10-25 12:30:00,8.221778021599999,10/25/2018,12:30:00 pm,0,5.505,9.2208,0.9990219784000018
4608,2018-10-25 12:40:00,8.2233687848,10/25/2018,12:40:00 pm,0,5.505,9.2203,0.9969312152
4609,2018-10-25 12:50:00,8.2214211196,10/25/2018,12:50:00 pm,0,5.504,9.2186,0.9971788803999999
4610,2018-10-25 13:00:00,8.2208092876,10/25/2018,01:00:00 pm,0,5.503,9.2176,0.9967907123999993
4611,2018-10-25 13:10:00,8.219657004,10/25/2018,01:10:00 pm,0,5.503,9.2168,0.9971429959999991
4612,2018-10-25 13:20:00,8.21766855,10/25/2018,01:20:00 pm,0,5.502,9.2149,0.9972314499999992
4613,2018-10-25 13:30:00,8.2157208848,10/25/2018,01:30:00 pm,0,5.501,9.2148,0.9990791152000007
4614,2018-10-25 13:40:00,8.216669224399999,10/25/2018,01:40:00 pm,0,5.5,9.2136,0.996930775600001
4615,2018-10-25 13:50:00,8.2165774496,10/25/2018,01:50:00 pm,0,5.5,9.2121,0.9955225503999987
4616,2018-10-25 14:00:00,8.215109052799999,10/25/2018,02:00:00 pm,0,5.499,9.2114,0.9962909472000003
4617,2018-10-25 14:10:00,8.2135284868,10/25/2018,02:10:00 pm,0,5.498,9.2099,0.9963715131999997
4618,2018-10-25 14:20:00,8.211856146,10/25/2018,02:20:00 pm,0,5.498,9.2086,0.996743854
4619,2018-10-25 14:30:00,8.2111627364,10/25/2018,02:30:00 pm,0,5.497,9.2082,0.9970372635999993
4620,2018-10-25 14:40:00,8.212223245199999,10/25/2018,02:40:00 pm,0,5.496,9.2069,0.9946767548000004
4621,2018-10-25 14:50:00,8.2112545112,10/25/2018,02:50:00 pm,0,5.496,9.2053,0.9940454887999994
4622,2018-10-25 15:00:00,8.2096841424,10/25/2018,03:00:00 pm,0,5.494,9.204,0.9943158576000002
4623,2018-10-25 15:10:00,8.209225268399999,10/25/2018,03:10:00 pm,0,5.494,9.2036,0.9943747316000007
4624,2018-10-25 15:20:00,8.208909155199999,10/25/2018,03:20:00 pm,0,5.494,9.2028,0.993890844800001
4625,2018-10-25 15:30:00,8.2077976604,10/25/2018,03:30:00 pm,0,5.493,9.2022,0.9944023395999988
4626,2018-10-25 15:40:00,8.206716757199999,10/25/2018,03:40:00 pm,0,5.492,9.2015,0.9947832428000005
4627,2018-10-25 15:50:00,8.2054930932,10/25/2018,03:50:00 pm,0,5.492,9.2011,0.9956069068000009
4628,2018-10-25 16:00:00,8.2058703896,10/25/2018,04:00:00 pm,0,5.491,9.2007,0.9948296104000001
4629,2018-10-25 16:10:00,8.2064312356,10/25/2018,04:10:00 pm,0,5.49,9.2015,0.9950687643999991
4630,2018-10-25 16:20:00,8.2070226732,10/25/2018,04:20:00 pm,0,5.489,9.2008,0.9937773268000001
4631,2018-10-25 16:30:00,8.207879238,10/25/2018,04:30:00 pm,0,5.489,9.2014,0.9935207619999993
4632,2018-10-25 16:40:00,8.2083585064,10/25/2018,04:40:00 pm,0,5.488,9.2021,0.9937414936
4633,2018-10-25 16:50:00,8.2083687036,10/25/2018,04:50:00 pm,0,5.487,9.2026,0.9942312964000006
4634,2018-10-25 17:00:00,8.209255859999999,10/25/2018,05:00:00 pm,0,5.487,9.2034,0.9941441400000013
4635,2018-10-25 17:10:00,8.2104693268,10/25/2018,05:10:00 pm,0,5.486,9.2048,0.9943306732000003
4636,2018-10-25 17:20:00,8.211060764399999,10/25/2018,05:20:00 pm,0,5.485,9.2059,0.9948392356000006
4637,2018-10-25 17:30:00,8.210938398,10/25/2018,05:30:00 pm,0,5.485,9.2064,0.9954616020000007
4638,2018-10-25 17:40:00,8.211794962799999,10/25/2018,05:40:00 pm,0,5.484,9.207,0.9952050372000016
4639,2018-10-25 17:50:00,8.2129880352,10/25/2018,05:50:00 pm,0,5.483,9.2079,0.9949119648
4640,2018-10-25 18:00:00,8.2134775008,10/25/2018,06:00:00 pm,0,5.483,9.2077,0.994222499200001
4641,2018-10-25 18:10:00,8.213722233599999,10/25/2018,06:10:00 pm,0,5.482,9.2087,0.9949777664000017
4642,2018-10-25 18:20:00,8.2149866864,10/25/2018,06:20:00 pm,0,5.481,9.209,0.9940133136
4643,2018-10-25 18:30:00,8.2163939,10/25/2018,06:30:00 pm,0,5.48,9.2105,0.9941060999999998
4644,2018-10-25 18:40:00,8.217209676,10/25/2018,06:40:00 pm,0,5.48,9.2107,0.9934903239999997
4645,2018-10-25 18:50:00,8.217892888399998,10/25/2018,06:50:00 pm,0,5.479,9.2121,0.9942071116000015
4646,2018-10-25 19:00:00,8.2189533972,10/25/2018,07:00:00 pm,0,5.479,9.2128,0.9938466027999997
4647,2018-10-25 19:10:00,8.2206359352,10/25/2018,07:10:00 pm,0,5.478,9.2141,0.9934640647999995
4648,2018-10-25 19:20:00,8.2216148664,10/25/2018,07:20:00 pm,0,5.477,9.2155,0.993885133600001
4649,2018-10-25 19:30:00,8.222665178,10/25/2018,07:30:00 pm,0,5.476,9.2166,0.9939348219999999
4650,2018-10-25 19:40:00,8.2231444464,10/25/2018,07:40:00 pm,0,5.476,9.2172,0.9940555536000009
4651,2018-10-25 19:50:00,8.223613517599999,10/25/2018,07:50:00 pm,0,5.475,9.2177,0.994086482400002
4652,2018-10-25 20:00:00,8.224133574799998,10/25/2018,08:00:00 pm,0,5.475,9.2181,0.9939664252000018
4653,2018-10-25 20:10:00,8.2244598852,10/25/2018,08:10:00 pm,0,5.474,9.2182,0.9937401147999996
4654,2018-10-25 20:20:00,8.225010533999999,10/25/2018,08:20:00 pm,0,5.473,9.2186,0.9935894660000013
4655,2018-10-25 20:30:00,8.2253368444,10/25/2018,08:30:00 pm,0,5.472,9.2192,0.9938631556000015
4656,2018-10-25 20:40:00,8.2259996624,10/25/2018,08:40:00 pm,0,5.472,9.2196,0.9936003376000002
4657,2018-10-25 20:50:00,8.2256937464,10/25/2018,08:50:00 pm,0,5.471,9.2194,0.993706253600001
4658,2018-10-25 21:00:00,8.2260914372,10/25/2018,09:00:00 pm,0,5.471,9.2195,0.9934085628000009
4659,2018-10-25 21:10:00,8.226122028799999,10/25/2018,09:10:00 pm,0,5.47,9.2199,0.9937779712000019
4660,2018-10-25 21:20:00,8.226937804799999,10/25/2018,09:20:00 pm,0,5.469,9.2206,0.9936621952000007
4661,2018-10-25 21:30:00,8.227304904,10/25/2018,09:30:00 pm,0,5.468,9.2211,0.9937950959999995
4662,2018-10-25 21:40:00,8.227926933200001,10/25/2018,09:40:00 pm,0,5.468,9.2209,0.9929730667999994
4663,2018-10-25 21:50:00,8.2292729636,10/25/2018,09:50:00 pm,0,5.467,9.2228,0.9935270363999997
4664,2018-10-25 22:00:00,8.230924909999999,10/25/2018,10:00:00 pm,0,5.467,9.2244,0.9934750900000004
4665,2018-10-25 22:10:00,8.230904515599999,10/25/2018,10:10:00 pm,0,5.466,9.2244,0.9934954844000004
4666,2018-10-25 22:20:00,8.2315163476,10/25/2018,10:20:00 pm,0,5.465,9.2249,0.9933836524000004
4667,2018-10-25 22:30:00,8.2314653616,10/25/2018,10:30:00 pm,0,5.464,9.2249,0.9934346384000001
4668,2018-10-25 22:40:00,8.2317100944,10/25/2018,10:40:00 pm,0,5.464,9.2249,0.9931899055999995
4669,2018-10-25 22:50:00,8.232128179599998,10/25/2018,10:50:00 pm,0,5.463,9.2249,0.9927718204000016
4670,2018-10-25 23:00:00,8.233107110799999,10/25/2018,11:00:00 pm,0,5.462,9.226,0.992892889200002
4671,2018-10-25 23:10:00,8.233300857599998,10/25/2018,11:10:00 pm,0,5.462,9.2259,0.9925991424000014
4672,2018-10-25 23:20:00,8.2337393372,10/25/2018,11:20:00 pm,0,5.461,9.2268,0.9930606628000014
4673,2018-10-25 23:30:00,8.234575507599999,10/25/2018,11:30:00 pm,0,5.461,9.2276,0.9930244924000018
4674,2018-10-25 23:40:00,8.234657085199999,10/25/2018,11:40:00 pm,0,5.46,9.2275,0.9928429148000006
4675,2018-10-25 23:50:00,8.2343817608,10/25/2018,11:50:00 pm,0,5.459,9.2277,0.9933182392000006
4676,2018-10-26 00:00:00,8.2340758448,10/26/2018,12:00:00 am,0,5.459,9.2274,0.9933241551999998
4677,2018-10-26 00:10:00,8.2338209148,10/26/2018,12:10:00 am,0,5.458,9.2272,0.9933790851999991
4678,2018-10-26 00:20:00,8.234167619599999,10/26/2018,12:20:00 am,0,5.457,9.2275,0.9933323804
4679,2018-10-26 00:30:00,8.233841309199999,10/26/2018,12:30:00 am,0,5.456,9.2273,0.9934586908000007
4680,2018-10-26 00:40:00,8.235442269599998,10/26/2018,12:40:00 am,0,5.456,9.2278,0.992357730400002
4681,2018-10-26 00:50:00,8.2351669452,10/26/2018,12:50:00 am,0,5.455,9.2281,0.9929330547999999
4682,2018-10-26 01:00:00,8.2353504948,10/26/2018,01:00:00 am,0,5.454,9.2289,0.993549505199999
4683,2018-10-26 01:10:00,8.235839960399998,10/26/2018,01:10:00 am,0,5.454,9.2293,0.9934600396000022
4684,2018-10-26 01:20:00,8.236023509999999,10/26/2018,01:20:00 am,0,5.453,9.2294,0.9933764900000011
4685,2018-10-26 01:30:00,8.235707396799999,10/26/2018,01:30:00 am,0,5.453,9.2292,0.9934926032000018
4686,2018-10-26 01:40:00,8.235401480799998,10/26/2018,01:40:00 am,0,5.452,9.2289,0.993498519200001
4687,2018-10-26 01:50:00,8.2355442416,10/26/2018,01:50:00 am,0,5.451,9.2291,0.9935557584000012
4688,2018-10-26 02:00:00,8.2358807492,10/26/2018,02:00:00 am,0,5.451,9.2294,0.9935192508000004
4689,2018-10-26 02:10:00,8.235870552,10/26/2018,02:10:00 am,0,5.45,9.2294,0.9935294480000003
4690,2018-10-26 02:20:00,8.2355034528,10/26/2018,02:20:00 am,0,5.449,9.2289,0.9933965471999997
4691,2018-10-26 02:30:00,8.234983395599999,10/26/2018,02:30:00 am,0,5.449,9.2287,0.9937166044000012
4692,2018-10-26 02:40:00,8.235279114399999,10/26/2018,02:40:00 am,0,5.448,9.2284,0.9931208856000016
4693,2018-10-26 02:50:00,8.2347284656,10/26/2018,02:50:00 am,0,5.447,9.2285,0.9937715344000004
4694,2018-10-26 03:00:00,8.234697873999998,10/26/2018,03:00:00 am,0,5.447,9.2283,0.9936021260000025
4695,2018-10-26 03:10:00,8.2346060992,10/26/2018,03:10:00 am,0,5.446,9.2281,0.993493900799999
4696,2018-10-26 03:20:00,8.2344837328,10/26/2018,03:20:00 am,0,5.445,9.2281,0.9936162672000002
4697,2018-10-26 03:30:00,8.234351169199998,10/26/2018,03:30:00 am,0,5.445,9.2277,0.9933488308000022
4698,2018-10-26 03:40:00,8.2340554504,10/26/2018,03:40:00 am,0,5.444,9.228,0.9939445496000001
4699,2018-10-26 03:50:00,8.233606773599998,10/26/2018,03:50:00 am,0,5.444,9.227,0.993393226400002
4700,2018-10-26 04:00:00,8.2330561248,10/26/2018,04:00:00 am,0,5.443,9.2268,0.9937438752000016
4701,2018-10-26 04:10:00,8.2325768564,10/26/2018,04:10:00 am,0,5.442,9.2269,0.9943231436000008
4702,2018-10-26 04:20:00,8.2323117292,10/26/2018,04:20:00 am,0,5.442,9.2265,0.9941882708000005
4703,2018-10-26 04:30:00,8.2331580968,10/26/2018,04:30:00 am,0,5.441,9.227,0.9938419031999999
4704,2018-10-26 04:40:00,8.2335455904,10/26/2018,04:40:00 am,0,5.44,9.2275,0.9939544095999988
4705,2018-10-26 04:50:00,8.2332906604,10/26/2018,04:50:00 am,0,5.44,9.2272,0.9939093396
4706,2018-10-26 05:00:00,8.2329235612,10/26/2018,05:00:00 am,0,5.439,9.2271,0.9941764388000003
4707,2018-10-26 05:10:00,8.233137702399999,10/26/2018,05:10:00 am,0,5.439,9.2271,0.9939622976000013
4708,2018-10-26 05:20:00,8.233780126000001,10/26/2018,05:20:00 am,0,5.438,9.2276,0.9938198739999997
4709,2018-10-26 05:30:00,8.234310380399998,10/26/2018,05:30:00 am,0,5.437,9.2284,0.9940896196000022
4710,2018-10-26 05:40:00,8.2350751704,10/26/2018,05:40:00 am,0,5.436,9.2291,0.9940248296000007
4711,2018-10-26 05:50:00,8.2356564108,10/26/2018,05:50:00 am,0,5.436,9.2296,0.9939435891999988
4712,2018-10-26 06:00:00,8.234932409599999,10/26/2018,06:00:00 am,0,5.435,9.2292,0.9942675904000016
4713,2018-10-26 06:10:00,8.236635342,10/26/2018,06:10:00 am,0,5.434,9.23,0.9933646580000008
4714,2018-10-26 06:20:00,8.2368188916,10/26/2018,06:20:00 am,0,5.434,9.2303,0.9934811083999993
4715,2018-10-26 06:30:00,8.2362682428,10/26/2018,06:30:00 am,0,5.434,9.2304,0.9941317571999999
4716,2018-10-26 06:40:00,8.2361968624,10/26/2018,06:40:00 am,0,5.433,9.2303,0.9941031375999998
4717,2018-10-26 06:50:00,8.2372879628,10/26/2018,06:50:00 am,0,5.432,9.2309,0.9936120372000001
4718,2018-10-26 07:00:00,8.2373899348,10/26/2018,07:00:00 am,0,5.431,9.2309,0.9935100652000006
4719,2018-10-26 07:10:00,8.236931060799998,10/26/2018,07:10:00 am,0,5.431,9.2312,0.9942689392000013
4720,2018-10-26 07:20:00,8.236808694399999,10/26/2018,07:20:00 am,0,5.43,9.231,0.9941913056000011
4721,2018-10-26 07:30:00,8.2377672312,10/26/2018,07:30:00 am,0,5.429,9.2313,0.9935327687999997
4722,2018-10-26 07:40:00,8.238338274399998,10/26/2018,07:40:00 am,0,5.429,9.2319,0.9935617256000011
4723,2018-10-26 07:50:00,8.2399188404,10/26/2018,07:50:00 am,0,5.428,9.234,0.9940811596000003
4724,2018-10-26 08:00:00,8.2397556852,10/26/2018,08:00:00 am,0,5.428,9.2338,0.9940443148
4725,2018-10-26 08:10:00,8.23959253,10/26/2018,08:10:00 am,0,5.427,9.2343,0.9947074699999998
4726,2018-10-26 08:20:00,8.2396129244,10/26/2018,08:20:00 am,0,5.427,9.2343,0.9946870755999999
4727,2018-10-26 08:30:00,8.2395517412,10/26/2018,08:30:00 am,0,5.426,9.2345,0.9949482588000009
4728,2018-10-26 08:40:00,8.239347797199999,10/26/2018,08:40:00 am,0,5.425,9.2346,0.9952522028000015
4729,2018-10-26 08:50:00,8.239031683999999,10/26/2018,08:50:00 am,0,5.424,9.2349,0.995868316000001
4730,2018-10-26 09:00:00,8.238684979199999,10/26/2018,09:00:00 am,0,5.424,9.2355,0.9968150208000015
4731,2018-10-26 09:10:00,8.2391642476,10/26/2018,09:10:00 am,0,5.423,9.2357,0.9965357523999998
4732,2018-10-26 09:20:00,8.239419177599999,10/26/2018,09:20:00 am,0,5.422,9.2361,0.9966808224000019
4733,2018-10-26 09:30:00,8.239347797199999,10/26/2018,09:30:00 am,0,5.422,9.2362,0.9968522028000013
4734,2018-10-26 09:40:00,8.2389093176,10/26/2018,09:40:00 am,0,5.421,9.2358,0.9968906824000001
4735,2018-10-26 09:50:00,8.238583007199999,10/26/2018,09:50:00 am,0,5.42,9.2361,0.9975169928000014
4736,2018-10-26 10:00:00,8.237491906799999,10/26/2018,10:00:00 am,0,5.42,9.2359,0.9984080932000019
4737,2018-10-26 10:10:00,8.2364415952,10/26/2018,10:10:00 am,0,5.42,9.2359,0.9994584048000004
4738,2018-10-26 10:20:00,8.234963001199999,10/26/2018,10:20:00 am,0,5.419,9.2359,1.000936998800002
4739,2018-10-26 10:30:00,8.2347794516,10/26/2018,10:30:00 am,0,5.418,9.2357,1.0009205483999999
4740,2018-10-26 10:40:00,8.2355748332,10/26/2018,10:40:00 am,0,5.417,9.235,0.9994251668
4741,2018-10-26 10:50:00,8.23474886,10/26/2018,10:50:00 am,0,5.417,9.2341,0.9993511399999999
4742,2018-10-26 11:00:00,8.2348814236,10/26/2018,11:00:00 am,0,5.416,9.2334,0.9985185764000004
4743,2018-10-26 11:10:00,8.233372238,10/26/2018,11:10:00 am,0,5.416,9.2328,0.9994277619999998
4744,2018-10-26 11:20:00,8.2336475624,10/26/2018,11:20:00 am,0,5.415,9.2336,0.9999524375999993
4745,2018-10-26 11:30:00,8.233188688399999,10/26/2018,11:30:00 am,0,5.414,9.2325,0.9993113116000014
4746,2018-10-26 11:40:00,8.233260068799998,10/26/2018,11:40:00 am,0,5.414,9.2328,0.9995399312000011
4747,2018-10-26 11:50:00,8.233882097999999,10/26/2018,11:50:00 am,0,5.413,9.2326,0.998717902000001
4748,2018-10-26 12:00:00,8.2325360676,10/26/2018,12:00:00 pm,0,5.412,9.2311,0.9985639323999997
4749,2018-10-26 12:10:00,8.2302824864,10/26/2018,12:10:00 pm,0,5.412,9.2302,0.9999175135999998
4750,2018-10-26 12:20:00,8.2276516088,10/26/2018,12:20:00 pm,0,5.411,9.229,1.0013483911999987
4751,2018-10-26 12:30:00,8.2274782564,10/26/2018,12:30:00 pm,0,5.411,9.2274,0.9999217435999999
4752,2018-10-26 12:40:00,8.227977919199999,10/26/2018,12:40:00 pm,0,5.41,9.2265,0.9985220808000008
4753,2018-10-26 12:50:00,8.2270805656,10/26/2018,12:50:00 pm,0,5.409,9.2253,0.998219434400001
4754,2018-10-26 13:00:00,8.227233523599999,10/26/2018,01:00:00 pm,0,5.409,9.224,0.9967664764000013
4755,2018-10-26 13:10:00,8.2245414628,10/26/2018,01:10:00 pm,0,5.408,9.2215,0.9969585372000012
4756,2018-10-26 13:20:00,8.2226345864,10/26/2018,01:20:00 pm,0,5.408,9.2208,0.9981654136000007
4757,2018-10-26 13:30:00,8.220309624799999,10/26/2018,01:30:00 pm,0,5.407,9.2193,0.9989903752000018
4758,2018-10-26 13:40:00,8.2204523856,10/26/2018,01:40:00 pm,0,5.406,9.2179,0.9974476144000004
4759,2018-10-26 13:50:00,8.2202076528,10/26/2018,01:50:00 pm,0,5.406,9.2166,0.9963923472000005
4760,2018-10-26 14:00:00,8.2195448348,10/26/2018,02:00:00 pm,0,5.405,9.2161,0.9965551652000002
4761,2018-10-26 14:10:00,8.218423142799999,10/26/2018,02:10:00 pm,0,5.404,9.2147,0.9962768572000016
4762,2018-10-26 14:20:00,8.2175869724,10/26/2018,02:20:00 pm,0,5.404,9.2136,0.9960130276000001
4763,2018-10-26 14:30:00,8.2149560948,10/26/2018,02:30:00 pm,0,5.403,9.212,0.9970439052
4764,2018-10-26 14:40:00,8.2153333912,10/26/2018,02:40:00 pm,0,5.402,9.211,0.9956666088000006
4765,2018-10-26 14:50:00,8.2161287728,10/26/2018,02:50:00 pm,0,5.402,9.2108,0.9946712272000013
4766,2018-10-26 15:00:00,8.2148337284,10/26/2018,03:00:00 pm,0,5.401,9.2094,0.9945662716000001
4767,2018-10-26 15:10:00,8.2137324308,10/26/2018,03:10:00 pm,0,5.401,9.208,0.9942675691999998
4768,2018-10-26 15:20:00,8.213691642,10/26/2018,03:20:00 pm,0,5.4,9.2078,0.9941083580000001
4769,2018-10-26 15:30:00,8.2131613876,10/26/2018,03:30:00 pm,0,5.399,9.2073,0.9941386124000005
4770,2018-10-26 15:40:00,8.213334739999999,10/26/2018,03:40:00 pm,0,5.399,9.2073,0.9939652600000013
4771,2018-10-26 15:50:00,8.2129880352,10/26/2018,03:50:00 pm,0,5.398,9.2073,0.9943119647999996
4772,2018-10-26 16:00:00,8.2123252172,10/26/2018,04:00:00 pm,0,5.398,9.2069,0.9945747827999991
4773,2018-10-26 16:10:00,8.2118969348,10/26/2018,04:10:00 pm,0,5.397,9.2067,0.9948030651999993
4774,2018-10-26 16:20:00,8.212549555599999,10/26/2018,04:20:00 pm,0,5.396,9.2066,0.9940504444000009
4775,2018-10-26 16:30:00,8.213324542799999,10/26/2018,04:30:00 pm,0,5.396,9.2061,0.9927754572000005
4776,2018-10-26 16:40:00,8.2131613876,10/26/2018,04:40:00 pm,0,5.395,9.206,0.9928386123999999
4777,2018-10-26 16:50:00,8.2121008788,10/26/2018,04:50:00 pm,0,5.395,9.2055,0.9933991212000013
4778,2018-10-26 17:00:00,8.2121314704,10/26/2018,05:00:00 pm,0,5.394,9.205,0.9928685296000008
4779,2018-10-26 17:10:00,8.211856146,10/26/2018,05:10:00 pm,0,5.393,9.2056,0.9937438539999999
4780,2018-10-26 17:20:00,8.2110505672,10/26/2018,05:20:00 pm,0,5.392,9.2047,0.9936494328000016
4781,2018-10-26 17:30:00,8.210887412,10/26/2018,05:30:00 pm,0,5.392,9.2046,0.9937125879999993
4782,2018-10-26 17:40:00,8.2114686524,10/26/2018,05:40:00 pm,0,5.392,9.2054,0.9939313475999985
4783,2018-10-26 17:50:00,8.211876540399999,10/26/2018,05:50:00 pm,0,5.391,9.2061,0.9942234596000006
4784,2018-10-26 18:00:00,8.212182456399999,10/26/2018,06:00:00 pm,0,5.39,9.206,0.9938175436000005
4785,2018-10-26 18:10:00,8.212937049199999,10/26/2018,06:10:00 pm,0,5.39,9.207,0.9940629508000018
4786,2018-10-26 18:20:00,8.214252488,10/26/2018,06:20:00 pm,0,5.389,9.2083,0.9940475119999999
4787,2018-10-26 18:30:00,8.214354460000001,10/26/2018,06:30:00 pm,0,5.388,9.2088,0.9944455399999992
4788,2018-10-26 18:40:00,8.214385051599999,10/26/2018,06:40:00 pm,0,5.388,9.2091,0.9947149484000004
4789,2018-10-26 18:50:00,8.2152110248,10/26/2018,06:50:00 pm,0,5.387,9.2094,0.9941889752000002
4790,2018-10-26 19:00:00,8.2154353632,10/26/2018,07:00:00 pm,0,5.386,9.2097,0.9942646368000005
4791,2018-10-26 19:10:00,8.215986012,10/26/2018,07:10:00 pm,0,5.386,9.2104,0.9944139879999998
4792,2018-10-26 19:20:00,8.2164652804,10/26/2018,07:20:00 pm,0,5.386,9.2108,0.9943347196000012
4793,2018-10-26 19:30:00,8.2163021252,10/26/2018,07:30:00 pm,0,5.385,9.2106,0.9942978747999991
4794,2018-10-26 19:40:00,8.2171994788,10/26/2018,07:40:00 pm,0,5.384,9.2117,0.9945005212000009
4795,2018-10-26 19:50:00,8.217005732,10/26/2018,07:50:00 pm,0,5.384,9.2118,0.9947942679999997
4796,2018-10-26 20:00:00,8.2168731684,10/26/2018,08:00:00 pm,0,5.383,9.2117,0.9948268316000011
4797,2018-10-26 20:10:00,8.2170975068,10/26/2018,08:10:00 pm,0,5.382,9.2112,0.9941024931999998
4798,2018-10-26 20:20:00,8.217821508,10/26/2018,08:20:00 pm,0,5.382,9.2116,0.9937784920000006
4799,2018-10-26 20:30:00,8.217739930399999,10/26/2018,08:30:00 pm,0,5.381,9.2113,0.9935600696000009
4800,2018-10-26 20:40:00,8.2182090016,10/26/2018,08:40:00 pm,0,5.381,9.2117,0.9934909984000004
4801,2018-10-26 20:50:00,8.2185659036,10/26/2018,08:50:00 pm,0,5.38,9.2121,0.9935340963999995
4802,2018-10-26 21:00:00,8.218769847599999,10/26/2018,09:00:00 pm,0,5.379,9.2124,0.9936301524000015
4803,2018-10-26 21:10:00,8.219136946799999,10/26/2018,09:10:00 pm,0,5.379,9.2129,0.9937630532000004
4804,2018-10-26 21:20:00,8.219167538399999,10/26/2018,09:20:00 pm,0,5.378,9.2127,0.993532461600001
4805,2018-10-26 21:30:00,8.2200241032,10/26/2018,09:30:00 pm,0,5.378,9.2134,0.9933758967999999
4806,2018-10-26 21:40:00,8.220421794,10/26/2018,09:40:00 pm,0,5.377,9.2141,0.9936782060000002
4807,2018-10-26 21:50:00,8.221094809199998,10/26/2018,09:50:00 pm,0,5.376,9.2147,0.9936051908000021
4808,2018-10-26 22:00:00,8.2207684988,10/26/2018,10:00:00 pm,0,5.376,9.2147,0.9939315012000005
4809,2018-10-26 22:10:00,8.2209520484,10/26/2018,10:10:00 pm,0,5.375,9.2145,0.9935479516000001
4810,2018-10-26 22:20:00,8.2209520484,10/26/2018,10:20:00 pm,0,5.375,9.2153,0.9943479516
4811,2018-10-26 22:30:00,8.22072771,10/26/2018,10:30:00 pm,0,5.374,9.2151,0.9943722899999994
4812,2018-10-26 22:40:00,8.220962245599999,10/26/2018,10:40:00 pm,0,5.373,9.2155,0.9945377544000014
4813,2018-10-26 22:50:00,8.221033626,10/26/2018,10:50:00 pm,0,5.373,9.2159,0.994866373999999
4814,2018-10-26 23:00:00,8.2210234288,10/26/2018,11:00:00 pm,0,5.373,9.2156,0.9945765711999996
4815,2018-10-26 23:10:00,8.22098264,10/26/2018,11:10:00 pm,0,5.372,9.2154,0.9944173599999999
4816,2018-10-26 23:20:00,8.221054020399999,10/26/2018,11:20:00 pm,0,5.371,9.2154,0.994345979600002
4817,2018-10-26 23:30:00,8.220676724,10/26/2018,11:30:00 pm,0,5.37,9.2151,0.9944232759999991
4818,2018-10-26 23:40:00,8.2204319912,10/26/2018,11:40:00 pm,0,5.37,9.215,0.9945680088
4819,2018-10-26 23:50:00,8.220034300399998,10/26/2018,11:50:00 pm,0,5.37,9.215,0.9949656996000016
4820,2018-10-27 00:00:00,8.220115878,10/27/2018,12:00:00 am,0,5.369,9.2147,0.9945841220000009
4821,2018-10-27 00:10:00,8.2197997648,10/27/2018,12:10:00 am,0,5.368,9.2144,0.9946002352000001
4822,2018-10-27 00:20:00,8.219657004,10/27/2018,12:20:00 am,0,5.368,9.2147,0.9950429960000005
4823,2018-10-27 00:30:00,8.2194836516,10/27/2018,12:30:00 am,0,5.367,9.2143,0.9948163484000005
4824,2018-10-27 00:40:00,8.219606017999999,10/27/2018,12:40:00 am,0,5.366,9.2148,0.9951939820000018
4825,2018-10-27 00:50:00,8.2189737916,10/27/2018,12:50:00 am,0,5.366,9.2141,0.9951262084000003
4826,2018-10-27 01:00:00,8.2193918768,10/27/2018,01:00:00 am,0,5.365,9.2147,0.995308123200001
4827,2018-10-27 01:10:00,8.2198915396,10/27/2018,01:10:00 am,0,5.365,9.2147,0.9948084603999998
4828,2018-10-27 01:20:00,8.219514243199999,10/27/2018,01:20:00 am,0,5.364,9.2148,0.9952857568000013
4829,2018-10-27 01:30:00,8.218759650400001,10/27/2018,01:30:00 am,0,5.364,9.2142,0.995440349599999
4830,2018-10-27 01:40:00,8.2183925512,10/27/2018,01:40:00 am,0,5.363,9.2134,0.9950074488000009
4831,2018-10-27 01:50:00,8.217383028399999,10/27/2018,01:50:00 am,0,5.363,9.213,0.9956169716000005
4832,2018-10-27 02:00:00,8.217352436799999,10/27/2018,02:00:00 am,0,5.362,9.2124,0.9950475632000018
4833,2018-10-27 02:10:00,8.2167915908,10/27/2018,02:10:00 am,0,5.361,9.2123,0.995508409200001
4834,2018-10-27 02:20:00,8.216679421599999,10/27/2018,02:20:00 am,0,5.361,9.2119,0.9952205784000014
4835,2018-10-27 02:30:00,8.2167915908,10/27/2018,02:30:00 am,0,5.36,9.212,0.9952084092
4836,2018-10-27 02:40:00,8.2161083784,10/27/2018,02:40:00 am,0,5.359,9.2113,0.9951916216000001
4837,2018-10-27 02:50:00,8.2150478696,10/27/2018,02:50:00 am,0,5.359,9.21,0.9949521304000015
4838,2018-10-27 03:00:00,8.2139669664,10/27/2018,03:00:00 am,0,5.359,9.2087,0.9947330336000011
4839,2018-10-27 03:10:00,8.2134571064,10/27/2018,03:10:00 am,0,5.358,9.2086,0.9951428936000006
4840,2018-10-27 03:20:00,8.2144666292,10/27/2018,03:20:00 am,0,5.357,9.2083,0.9938333707999991
4841,2018-10-27 03:30:00,8.2143952488,10/27/2018,03:30:00 am,0,5.357,9.2092,0.9948047511999984
4842,2018-10-27 03:40:00,8.2140893328,10/27/2018,03:40:00 am,0,5.356,9.2088,0.9947106671999997
4843,2018-10-27 03:50:00,8.213661050399999,10/27/2018,03:50:00 am,0,5.355,9.2078,0.9941389496000017
4844,2018-10-27 04:00:00,8.213355134399999,10/27/2018,04:00:00 am,0,5.355,9.2083,0.9949448656000008
4845,2018-10-27 04:10:00,8.2131002044,10/27/2018,04:10:00 am,0,5.355,9.208,0.9948997956000003
4846,2018-10-27 04:20:00,8.2129472464,10/27/2018,04:20:00 am,0,5.354,9.2076,0.9946527535999987
4847,2018-10-27 04:30:00,8.2126821192,10/27/2018,04:30:00 am,0,5.353,9.2076,0.9949178807999992
4848,2018-10-27 04:40:00,8.214201502,10/27/2018,04:40:00 am,0,5.353,9.2097,0.9954984979999999
4849,2018-10-27 04:50:00,8.215109052799999,10/27/2018,04:50:00 am,0,5.352,9.2092,0.9940909472000001
4850,2018-10-27 05:00:00,8.214711362,10/27/2018,05:00:00 am,0,5.351,9.2095,0.9947886380000011
4851,2018-10-27 05:10:00,8.2153945744,10/27/2018,05:10:00 am,0,5.351,9.2106,0.9952054256
4852,2018-10-27 05:20:00,8.214915306,10/27/2018,05:20:00 am,0,5.35,9.2099,0.9949846939999993
4853,2018-10-27 05:30:00,8.214711362,10/27/2018,05:30:00 am,0,5.35,9.2094,0.9946886380000013
4854,2018-10-27 05:40:00,8.214966292,10/27/2018,05:40:00 am,0,5.349,9.2098,0.9948337079999998
4855,2018-10-27 05:50:00,8.21486432,10/27/2018,05:50:00 am,0,5.348,9.2101,0.9952356800000004
4856,2018-10-27 06:00:00,8.2154353632,10/27/2018,06:00:00 am,0,5.348,9.2103,0.9948646368000009
4857,2018-10-27 06:10:00,8.2165570552,10/27/2018,06:10:00 am,0,5.348,9.2116,0.9950429448000015
4858,2018-10-27 06:20:00,8.216444886,10/27/2018,06:20:00 am,0,5.347,9.2117,0.9952551140000008
4859,2018-10-27 06:30:00,8.215833053999999,10/27/2018,06:30:00 am,0,5.346,9.2111,0.995266946000001
4860,2018-10-27 06:40:00,8.2152926024,10/27/2018,06:40:00 am,0,5.346,9.2106,0.9953073975999995
4861,2018-10-27 06:50:00,8.2150784612,10/27/2018,06:50:00 am,0,5.345,9.211,0.9959215388000011
4862,2018-10-27 07:00:00,8.215516940799999,10/27/2018,07:00:00 am,0,5.344,9.2108,0.9952830592000019
4863,2018-10-27 07:10:00,8.2160268008,10/27/2018,07:10:00 am,0,5.344,9.2111,0.9950731992000001
4864,2018-10-27 07:20:00,8.216546858,10/27/2018,07:20:00 am,0,5.344,9.212,0.9954531420000006
4865,2018-10-27 07:30:00,8.2169241544,10/27/2018,07:30:00 am,0,5.343,9.2119,0.9949758456000009
4866,2018-10-27 07:40:00,8.2165162664,10/27/2018,07:40:00 am,0,5.342,9.2118,0.9952837336000009
4867,2018-10-27 07:50:00,8.216281730799999,10/27/2018,07:50:00 am,0,5.342,9.2115,0.9952182692000004
4868,2018-10-27 08:00:00,8.2165162664,10/27/2018,08:00:00 am,0,5.342,9.2119,0.9953837336000007
4869,2018-10-27 08:10:00,8.2164856748,10/27/2018,08:10:00 am,0,5.34,9.2122,0.9957143251999998
4870,2018-10-27 08:20:00,8.2162307448,10/27/2018,08:20:00 am,0,5.341,9.212,0.995769255199999
4871,2018-10-27 08:30:00,8.216200153199999,10/27/2018,08:30:00 am,0,5.339,9.2123,0.9960998468000017
4872,2018-10-27 08:40:00,8.2157718708,10/27/2018,08:40:00 am,0,5.339,9.212,0.9962281292000004
4873,2018-10-27 08:50:00,8.215904434399999,10/27/2018,08:50:00 am,0,5.338,9.213,0.9970955656000005
4874,2018-10-27 09:00:00,8.2164652804,10/27/2018,09:00:00 am,0,5.338,9.213,0.9965347195999996
4875,2018-10-27 09:10:00,8.216801787999998,10/27/2018,09:10:00 am,0,5.338,9.214,0.9971982120000025
4876,2018-10-27 09:20:00,8.2167406048,10/27/2018,09:20:00 am,0,5.337,9.2143,0.9975593951999997
4877,2018-10-27 09:30:00,8.217423817199998,10/27/2018,09:30:00 am,0,5.336,9.2147,0.9972761828000021
4878,2018-10-27 09:40:00,8.217729733199999,10/27/2018,09:40:00 am,0,5.335,9.2155,0.9977702668000017
4879,2018-10-27 09:50:00,8.2175359864,10/27/2018,09:50:00 am,0,5.335,9.2157,0.9981640136000003
4880,2018-10-27 10:00:00,8.2164346888,10/27/2018,10:00:00 am,0,5.335,9.2158,0.9993653112
4881,2018-10-27 10:10:00,8.214660376,10/27/2018,10:10:00 am,0,5.334,9.2159,1.001239624
4882,2018-10-27 10:20:00,8.214303474,10/27/2018,10:20:00 am,0,5.334,9.2159,1.0015965260000002
4883,2018-10-27 10:30:00,8.2153843772,10/27/2018,10:30:00 am,0,5.333,9.2161,1.0007156228000014
4884,2018-10-27 10:40:00,8.2154149688,10/27/2018,10:40:00 am,0,5.332,9.2153,0.9998850311999998
4885,2018-10-27 10:50:00,8.2147827424,10/27/2018,10:50:00 am,0,5.332,9.2148,1.0000172575999997
4886,2018-10-27 11:00:00,8.215068264,10/27/2018,11:00:00 am,0,5.331,9.2153,1.000231736
4887,2018-10-27 11:10:00,8.2136508532,10/27/2018,11:10:00 am,0,5.33,9.2149,1.0012491467999993
4888,2018-10-27 11:20:00,8.215272207999998,10/27/2018,11:20:00 am,0,5.33,9.215,0.9997277920000016
4889,2018-10-27 11:30:00,8.214772545199999,10/27/2018,11:30:00 am,0,5.329,9.2146,0.9998274548000019
4890,2018-10-27 11:40:00,8.215843251199999,10/27/2018,11:40:00 am,0,5.329,9.2144,0.9985567488000004
4891,2018-10-27 11:50:00,8.216628435599999,10/27/2018,11:50:00 am,0,5.329,9.2141,0.9974715644000014
4892,2018-10-27 12:00:00,8.2157106876,10/27/2018,12:00:00 pm,0,5.327,9.2138,0.9980893124000012
4893,2018-10-27 12:10:00,8.212518964000001,10/27/2018,12:10:00 pm,0,5.327,9.2119,0.9993810359999991
4894,2018-10-27 12:20:00,8.2115910188,10/27/2018,12:20:00 pm,0,5.327,9.2118,1.0002089812000001
4895,2018-10-27 12:30:00,8.2124475836,10/27/2018,12:30:00 pm,0,5.326,9.2111,0.9986524164000006
4896,2018-10-27 12:40:00,8.211876540399999,10/27/2018,12:40:00 pm,0,5.326,9.2099,0.9980234596000006
4897,2018-10-27 12:50:00,8.211346286,10/27/2018,12:50:00 pm,0,5.325,9.2086,0.9972537140000011
4898,2018-10-27 13:00:00,8.2109485952,10/27/2018,01:00:00 pm,0,5.324,9.2076,0.9966514047999997
4899,2018-10-27 13:10:00,8.2089805356,10/27/2018,01:10:00 pm,0,5.324,9.206,0.9970194643999992
4900,2018-10-27 13:20:00,8.206502615999998,10/27/2018,01:20:00 pm,0,5.323,9.2043,0.9977973840000018
4901,2018-10-27 13:30:00,8.203922724399998,10/27/2018,01:30:00 pm,0,5.323,9.203,0.9990772756000013
4902,2018-10-27 13:40:00,8.2039941048,10/27/2018,01:40:00 pm,0,5.322,9.2013,0.9973058952000002
4903,2018-10-27 13:50:00,8.205013824799998,10/27/2018,01:50:00 pm,0,5.322,9.2006,0.9955861752000015
4904,2018-10-27 14:00:00,8.2040348936,10/27/2018,02:00:00 pm,0,5.321,9.1995,0.9954651064000011
4905,2018-10-27 14:10:00,8.2024135388,10/27/2018,02:10:00 pm,0,5.32,9.1985,0.9960864611999991
4906,2018-10-27 14:20:00,8.202311566799999,10/27/2018,02:20:00 pm,0,5.32,9.1974,0.9950884332000012
4907,2018-10-27 14:30:00,8.201556974,10/27/2018,02:30:00 pm,0,5.32,9.1972,0.9956430259999998
4908,2018-10-27 14:40:00,8.201159283199999,10/27/2018,02:40:00 pm,0,5.319,9.1965,0.9953407168000012
4909,2018-10-27 14:50:00,8.199435956399999,10/27/2018,02:50:00 pm,0,5.318,9.1954,0.9959640436000008
4910,2018-10-27 15:00:00,8.2003537044,10/27/2018,03:00:00 pm,0,5.317,9.195,0.9946462956000008
4911,2018-10-27 15:10:00,8.2000069996,10/27/2018,03:10:00 pm,0,5.317,9.1946,0.9945930004000001
4912,2018-10-27 15:20:00,8.200945142,10/27/2018,03:20:00 pm,0,5.317,9.1947,0.9937548579999991
4913,2018-10-27 15:30:00,8.2005168596,10/27/2018,03:30:00 pm,0,5.316,9.1936,0.9930831403999996
4914,2018-10-27 15:40:00,8.2005780428,10/27/2018,03:40:00 pm,0,5.316,9.1939,0.9933219571999992
4915,2018-10-27 15:50:00,8.2003740988,10/27/2018,03:50:00 pm,0,5.315,9.1935,0.9931259012000009
4916,2018-10-27 16:00:00,8.20058824,10/27/2018,04:00:00 pm,0,5.315,9.1937,0.9931117599999997
4917,2018-10-27 16:10:00,8.1998030556,10/27/2018,04:10:00 pm,0,5.314,9.1936,0.9937969443999997
4918,2018-10-27 16:20:00,8.2009043532,10/27/2018,04:20:00 pm,0,5.313,9.1933,0.9923956468000004
4919,2018-10-27 16:30:00,8.201220466399999,10/27/2018,04:30:00 pm,0,5.313,9.1935,0.9922795336000014
4920,2018-10-27 16:40:00,8.20033331,10/27/2018,04:40:00 pm,0,5.312,9.193,0.9926666900000001
4921,2018-10-27 16:50:00,8.200445479199999,10/27/2018,04:50:00 pm,0,5.311,9.1929,0.9924545208000009
4922,2018-10-27 17:00:00,8.2008227756,10/27/2018,05:00:00 pm,0,5.311,9.1934,0.9925772243999997
4923,2018-10-27 17:10:00,8.200170154799999,10/27/2018,05:10:00 pm,0,5.311,9.1934,0.9932298452000019
4924,2018-10-27 17:20:00,8.200537253999999,10/27/2018,05:20:00 pm,0,5.31,9.1935,0.9929627460000017
4925,2018-10-27 17:30:00,8.199864238799998,10/27/2018,05:30:00 pm,0,5.31,9.1932,0.9933357612000009
4926,2018-10-27 17:40:00,8.1992218152,10/27/2018,05:40:00 pm,0,5.309,9.1928,0.9935781848000005
4927,2018-10-27 17:50:00,8.198997476799999,10/27/2018,05:50:00 pm,0,5.309,9.1924,0.9934025232000003
4928,2018-10-27 18:00:00,8.199038265599999,10/27/2018,06:00:00 pm,0,5.308,9.1922,0.993161734400001
4929,2018-10-27 18:10:00,8.1984774196,10/27/2018,06:10:00 pm,0,5.308,9.1922,0.9937225804
4930,2018-10-27 18:20:00,8.198732349599998,10/27/2018,06:20:00 pm,0,5.307,9.1922,0.9934676504000013
4931,2018-10-27 18:30:00,8.1985080112,10/27/2018,06:30:00 pm,0,5.306,9.1922,0.9936919888000002
4932,2018-10-27 18:40:00,8.1994869424,10/27/2018,06:40:00 pm,0,5.306,9.1934,0.9939130576000004
4933,2018-10-27 18:50:00,8.199354378799999,10/27/2018,06:50:00 pm,0,5.305,9.1931,0.9937456212000004
4934,2018-10-27 19:00:00,8.1996093088,10/27/2018,07:00:00 pm,0,5.305,9.1932,0.9935906911999997
4935,2018-10-27 19:10:00,8.200098774399999,10/27/2018,07:10:00 pm,0,5.304,9.1939,0.9938012256000004
4936,2018-10-27 19:20:00,8.2000477884,10/27/2018,07:20:00 pm,0,5.304,9.1944,0.9943522116000008
4937,2018-10-27 19:30:00,8.200955339199998,10/27/2018,07:30:00 pm,0,5.303,9.1946,0.9936446608000011
4938,2018-10-27 19:40:00,8.201975059199999,10/27/2018,07:40:00 pm,0,5.302,9.1957,0.9937249408000017
4939,2018-10-27 19:50:00,8.2018017068,10/27/2018,07:50:00 pm,0,5.302,9.1961,0.9942982932
4940,2018-10-27 20:00:00,8.201618157199999,10/27/2018,08:00:00 pm,0,5.301,9.1953,0.9936818428000009
4941,2018-10-27 20:10:00,8.201556974,10/27/2018,08:10:00 pm,0,5.301,9.1954,0.9938430259999986
4942,2018-10-27 20:20:00,8.201526382399999,10/27/2018,08:20:00 pm,0,5.3,9.1955,0.9939736176
4943,2018-10-27 20:30:00,8.2021993976,10/27/2018,08:30:00 pm,0,5.3,9.1959,0.9937006024000006
4944,2018-10-27 20:40:00,8.2023829472,10/27/2018,08:40:00 pm,0,5.299,9.1963,0.9939170528000005
4945,2018-10-27 20:50:00,8.2026990604,10/27/2018,08:50:00 pm,0,5.299,9.1966,0.9939009395999996
4946,2018-10-27 21:00:00,8.203494441999998,10/27/2018,09:00:00 pm,0,5.298,9.1968,0.9933055580000012
4947,2018-10-27 21:10:00,8.203147737199998,10/27/2018,09:10:00 pm,0,5.298,9.1968,0.9936522628000013
4948,2018-10-27 21:20:00,8.2037187804,10/27/2018,09:20:00 pm,0,5.298,9.1974,0.9936812196000009
4949,2018-10-27 21:30:00,8.204238837599998,10/27/2018,09:30:00 pm,0,5.297,9.1979,0.9936611624000022
4950,2018-10-27 21:40:00,8.2044835704,10/27/2018,09:40:00 pm,0,5.296,9.1981,0.9936164295999994
4951,2018-10-27 21:50:00,8.2050342192,10/27/2018,09:50:00 pm,0,5.296,9.1989,0.9938657808000002
4952,2018-10-27 22:00:00,8.2051463884,10/27/2018,10:00:00 pm,0,5.295,9.1989,0.9937536116000008
4953,2018-10-27 22:10:00,8.2057990092,10/27/2018,10:10:00 pm,0,5.295,9.1995,0.9937009908000007
4954,2018-10-27 22:20:00,8.205605262399999,10/27/2018,10:20:00 pm,0,5.294,9.1998,0.9941947376000009
4955,2018-10-27 22:30:00,8.204942444399999,10/27/2018,10:30:00 pm,0,5.294,9.1988,0.9938575556000018
4956,2018-10-27 22:40:00,8.204534556399999,10/27/2018,10:40:00 pm,0,5.293,9.1986,0.994065443600002
4957,2018-10-27 22:50:00,8.203892132799998,10/27/2018,10:50:00 pm,0,5.293,9.1983,0.9944078672000014
4958,2018-10-27 23:00:00,8.203453653199999,10/27/2018,11:00:00 pm,0,5.292,9.1972,0.9937463468000018
4959,2018-10-27 23:10:00,8.2028418212,10/27/2018,11:10:00 pm,0,5.292,9.1967,0.9938581788
4960,2018-10-27 23:20:00,8.202729652,10/27/2018,11:20:00 pm,0,5.291,9.1965,0.993770348
4961,2018-10-27 23:30:00,8.2014142132,10/27/2018,11:30:00 pm,0,5.291,9.1955,0.9940857867999995
4962,2018-10-27 23:40:00,8.19956852,10/27/2018,11:40:00 pm,0,5.29,9.1938,0.9942314799999998
4963,2018-10-27 23:50:00,8.199048462799999,10/27/2018,11:50:00 pm,0,5.29,9.194,0.9949515372000022
4964,2018-10-28 00:00:00,8.1989158992,10/28/2018,12:00:00 am,0,5.289,9.1935,0.9945841008000009
4965,2018-10-28 00:10:00,8.197998151199998,10/28/2018,12:10:00 am,0,5.289,9.1924,0.9944018488000008
4966,2018-10-28 00:20:00,8.1970498116,10/28/2018,12:20:00 am,0,5.288,9.1911,0.994050188400001
4967,2018-10-28 00:30:00,8.1969886284,10/28/2018,12:30:00 am,0,5.287,9.1914,0.9944113716
4968,2018-10-28 00:40:00,8.197610657599999,10/28/2018,12:40:00 am,0,5.287,9.1921,0.9944893424000014
4969,2018-10-28 00:50:00,8.1980287428,10/28/2018,12:50:00 am,0,5.287,9.1922,0.9941712571999997
4970,2018-10-28 01:00:00,8.1973149388,10/28/2018,01:00:00 am,0,5.286,9.1921,0.9947850612
4971,2018-10-28 01:10:00,8.197110994800001,10/28/2018,01:10:00 am,0,5.286,9.1918,0.9946890051999997
4972,2018-10-28 01:20:00,8.198202095200001,10/28/2018,01:20:00 am,0,5.285,9.1926,0.9943979047999996
4973,2018-10-28 01:30:00,8.199170829199998,10/28/2018,01:30:00 am,0,5.284,9.194,0.9948291708000028
4974,2018-10-28 01:40:00,8.199415562,10/28/2018,01:40:00 am,0,5.284,9.1943,0.9948844379999997
4975,2018-10-28 01:50:00,8.1996602948,10/28/2018,01:50:00 am,0,5.284,9.1929,0.9932397052000006
4976,2018-10-28 02:00:00,8.2005780428,10/28/2018,02:00:00 am,0,5.283,9.1949,0.9943219572000004
4977,2018-10-28 02:10:00,8.2001905492,10/28/2018,02:10:00 am,0,5.283,9.1944,0.9942094507999997
4978,2018-10-28 02:20:00,8.1988751104,10/28/2018,02:20:00 am,0,5.282,9.1944,0.9955248896000004
4979,2018-10-28 02:30:00,8.200027394,10/28/2018,02:30:00 am,0,5.282,9.1947,0.994672606
4980,2018-10-28 02:40:00,8.200221140799998,10/28/2018,02:40:00 am,0,5.281,9.1946,0.9943788592000011
4981,2018-10-28 02:50:00,8.199833647199998,10/28/2018,02:50:00 am,0,5.281,9.1947,0.9948663528000008
4982,2018-10-28 03:00:00,8.200384296,10/28/2018,03:00:00 am,0,5.28,9.1941,0.9937157040000013
4983,2018-10-28 03:10:00,8.200955339199998,10/28/2018,03:10:00 am,0,5.28,9.1958,0.9948446608000019
4984,2018-10-28 03:20:00,8.200567845599998,10/28/2018,03:20:00 am,0,5.279,9.1948,0.9942321544000023
4985,2018-10-28 03:30:00,8.1977534184,10/28/2018,03:30:00 am,0,5.279,9.1935,0.9957465816000006
4986,2018-10-28 03:40:00,8.197253755599998,10/28/2018,03:40:00 am,0,5.278,9.1929,0.9956462444000014
4987,2018-10-28 03:50:00,8.196713304,10/28/2018,03:50:00 am,0,5.278,9.1917,0.9949866960000016
4988,2018-10-28 04:00:00,8.1964481768,10/28/2018,04:00:00 am,0,5.277,9.1912,0.9947518231999997
4989,2018-10-28 04:10:00,8.196030091599999,10/28/2018,04:10:00 am,0,5.277,9.1907,0.9946699084000006
4990,2018-10-28 04:20:00,8.195846542,10/28/2018,04:20:00 am,0,5.276,9.1905,0.9946534580000002
4991,2018-10-28 04:30:00,8.1954692456,10/28/2018,04:30:00 am,0,5.275,9.1902,0.9947307544000008
4992,2018-10-28 04:40:00,8.1951429352,10/28/2018,04:40:00 am,0,5.275,9.1897,0.9945570648000004
4993,2018-10-28 04:50:00,8.1955712176,10/28/2018,04:50:00 am,0,5.275,9.1903,0.9947287824000011
4994,2018-10-28 05:00:00,8.196081077599999,10/28/2018,05:00:00 am,0,5.274,9.1906,0.9945189224000011
4995,2018-10-28 05:10:00,8.1970396144,10/28/2018,05:10:00 am,0,5.274,9.1908,0.9937603855999999
4996,2018-10-28 05:20:00,8.1971925724,10/28/2018,05:20:00 am,0,5.274,9.1925,0.9953074276000002
4997,2018-10-28 05:30:00,8.1980797288,10/28/2018,05:30:00 am,0,5.273,9.1928,0.9947202712000003
4998,2018-10-28 05:40:00,8.198997476799999,10/28/2018,05:40:00 am,0,5.272,9.1927,0.9937025232000014
4999,2018-10-28 05:50:00,8.1983244616,10/28/2018,05:50:00 am,0,5.272,9.193,0.9946755383999992
5000,2018-10-28 06:00:00,8.19880373,10/28/2018,06:00:00 am,0,5.271,9.1938,0.9949962699999997
5001,2018-10-28 06:10:00,8.198232686799999,10/28/2018,06:10:00 am,0,5.271,9.1931,0.9948673132000003
5002,2018-10-28 06:20:00,8.1981817008,10/28/2018,06:20:00 am,0,5.27,9.1927,0.994518299200001
5003,2018-10-28 06:30:00,8.199211618,10/28/2018,06:30:00 am,0,5.27,9.1939,0.9946883819999996
5004,2018-10-28 06:40:00,8.199109646,10/28/2018,06:40:00 am,0,5.27,9.1937,0.9945903539999996
5005,2018-10-28 06:50:00,8.199833647199998,10/28/2018,06:50:00 am,0,5.269,9.1939,0.9940663528000009
5006,2018-10-28 07:00:00,8.1983346588,10/28/2018,07:00:00 am,0,5.269,9.1937,0.9953653411999994
5007,2018-10-28 07:10:00,8.1987629412,10/28/2018,07:10:00 am,0,5.268,9.1934,0.9946370588000004
5008,2018-10-28 07:20:00,8.199558322799998,10/28/2018,07:20:00 am,0,5.268,9.1942,0.9946416772000024
5009,2018-10-28 07:30:00,8.1992218152,10/28/2018,07:30:00 am,0,5.267,9.1945,0.9952781848000001
5010,2018-10-28 07:40:00,8.1995889144,10/28/2018,07:40:00 am,0,5.267,9.1945,0.9949110856000001
5011,2018-10-28 07:50:00,8.1992014208,10/28/2018,07:50:00 am,0,5.266,9.1949,0.9956985792000008
5012,2018-10-28 08:00:00,8.19905866,10/28/2018,08:00:00 am,0,5.266,9.1947,0.9956413399999988
5013,2018-10-28 08:10:00,8.1997622668,10/28/2018,08:10:00 am,0,5.265,9.1946,0.9948377331999989
5014,2018-10-28 08:20:00,8.1991912236,10/28/2018,08:20:00 am,0,5.264,9.1945,0.9953087763999999
5015,2018-10-28 08:30:00,8.199170829199998,10/28/2018,08:30:00 am,0,5.264,9.1945,0.9953291708000016
5016,2018-10-28 08:40:00,8.199435956399999,10/28/2018,08:40:00 am,0,5.263,9.195,0.9955640436000017
5017,2018-10-28 08:50:00,8.1990280684,10/28/2018,08:50:00 am,0,5.263,9.1957,0.9966719315999999
5018,2018-10-28 09:00:00,8.1983550532,10/28/2018,09:00:00 am,0,5.263,9.1958,0.9974449468
5019,2018-10-28 09:10:00,8.197498488399999,10/28/2018,09:10:00 am,0,5.262,9.1958,0.9983015116000011
5020,2018-10-28 09:20:00,8.1967540928,10/28/2018,09:20:00 am,0,5.262,9.1959,0.9991459072000008
5021,2018-10-28 09:30:00,8.1961320636,10/28/2018,09:30:00 am,0,5.262,9.1958,0.9996679363999998
5022,2018-10-28 09:40:00,8.1969886284,10/28/2018,09:40:00 am,0,5.261,9.1953,0.9983113715999998
5023,2018-10-28 09:50:00,8.197212966799999,10/28/2018,09:50:00 am,0,5.261,9.1954,0.9981870332000007
5024,2018-10-28 10:00:00,8.1966317264,10/28/2018,10:00:00 am,0,5.26,9.1954,0.9987682735999996
5025,2018-10-28 10:10:00,8.1945107088,10/28/2018,10:10:00 am,0,5.26,9.1964,1.0018892912000013
5026,2018-10-28 10:20:00,8.193939665599999,10/28/2018,10:20:00 am,0,5.259,9.197,1.0030603344000006
5027,2018-10-28 10:30:00,8.1973659248,10/28/2018,10:30:00 am,0,5.259,9.1965,0.9991340752000006
5028,2018-10-28 10:40:00,8.197498488399999,10/28/2018,10:40:00 am,0,5.258,9.1976,1.0001015116000005
5029,2018-10-28 10:50:00,8.1988241244,10/28/2018,10:50:00 am,0,5.258,9.1973,0.9984758756000005
5030,2018-10-28 11:00:00,8.197987953999998,10/28/2018,11:00:00 am,0,5.258,9.197,0.9990120460000007
5031,2018-10-28 11:10:00,8.195775161599999,10/28/2018,11:10:00 am,0,5.257,9.1957,0.9999248384000019
5032,2018-10-28 11:20:00,8.197070206,10/28/2018,11:20:00 am,0,5.256,9.1977,1.000629794
5033,2018-10-28 11:30:00,8.197488291199999,10/28/2018,11:30:00 am,0,5.256,9.1966,0.999111708800001
5034,2018-10-28 11:40:00,8.1978451932,10/28/2018,11:40:00 am,0,5.256,9.1953,0.9974548068000004
5035,2018-10-28 11:50:00,8.196550148799998,10/28/2018,11:50:00 am,0,5.255,9.1961,0.9995498512000012
5036,2018-10-28 12:00:00,8.1970294172,10/28/2018,12:00:00 pm,0,5.255,9.1953,0.9982705828
5037,2018-10-28 12:10:00,8.194408736799998,10/28/2018,12:10:00 pm,0,5.254,9.1946,1.0001912632000014
5038,2018-10-28 12:20:00,8.1913495768,10/28/2018,12:20:00 pm,0,5.254,9.1925,1.0011504232000004
5039,2018-10-28 12:30:00,8.1932564532,10/28/2018,12:30:00 pm,0,5.254,9.1919,0.9986435468000003
5040,2018-10-28 12:40:00,8.1936439468,10/28/2018,12:40:00 pm,0,5.253,9.1901,0.9964560531999993
5041,2018-10-28 12:50:00,8.1908091252,10/28/2018,12:50:00 pm,0,5.253,9.1883,0.9974908748000004
5042,2018-10-28 13:00:00,8.1917370704,10/28/2018,01:00:00 pm,0,5.252,9.1882,0.9964629295999998
5043,2018-10-28 13:10:00,8.1901259128,10/28/2018,01:10:00 pm,0,5.251,9.1876,0.9974740872000005
5044,2018-10-28 13:20:00,8.188871657199998,10/28/2018,01:20:00 pm,0,5.251,9.187,0.9981283428000012
5045,2018-10-28 13:30:00,8.188392388799999,10/28/2018,01:30:00 pm,0,5.251,9.1863,0.9979076112000005
5046,2018-10-28 13:40:00,8.188433177599999,10/28/2018,01:40:00 pm,0,5.25,9.1862,0.9977668224000009
5047,2018-10-28 13:50:00,8.1889430376,10/28/2018,01:50:00 pm,0,5.25,9.1844,0.9954569624000005
5048,2018-10-28 14:00:00,8.187627598799999,10/28/2018,02:00:00 pm,0,5.249,9.1833,0.9956724012000002
5049,2018-10-28 14:10:00,8.185068101599999,10/28/2018,02:10:00 pm,0,5.249,9.1835,0.9984318984000016
5050,2018-10-28 14:20:00,8.185190468,10/28/2018,02:20:00 pm,0,5.248,9.1814,0.996209532
5051,2018-10-28 14:30:00,8.184690805199999,10/28/2018,02:30:00 pm,0,5.248,9.1802,0.9955091948000003
5052,2018-10-28 14:40:00,8.18452765,10/28/2018,02:40:00 pm,0,5.248,9.1794,0.9948723499999996
5053,2018-10-28 14:50:00,8.182896097999999,10/28/2018,02:50:00 pm,0,5.247,9.1786,0.9957039020000007
5054,2018-10-28 15:00:00,8.181111587999998,10/28/2018,03:00:00 pm,0,5.247,9.1782,0.9970884120000019
5055,2018-10-28 15:10:00,8.1824270268,10/28/2018,03:10:00 pm,0,5.246,9.1781,0.9956729732000014
5056,2018-10-28 15:20:00,8.1822434772,10/28/2018,03:20:00 pm,0,5.246,9.177,0.9947565227999995
5057,2018-10-28 15:30:00,8.1813971096,10/28/2018,03:30:00 pm,0,5.246,9.1778,0.9964028903999989
5058,2018-10-28 15:40:00,8.1820191388,10/28/2018,03:40:00 pm,0,5.245,9.1774,0.995380861200001
5059,2018-10-28 15:50:00,8.1830388588,10/28/2018,03:50:00 pm,0,5.244,9.1787,0.9956611411999994
5060,2018-10-28 16:00:00,8.183599704799999,10/28/2018,04:00:00 pm,0,5.244,9.1802,0.9966002952000004
5061,2018-10-28 16:10:00,8.1824066324,10/28/2018,04:10:00 pm,0,5.243,9.1781,0.9956933676000013
5062,2018-10-28 16:20:00,8.182824717599999,10/28/2018,04:20:00 pm,0,5.243,9.179,0.9961752824000012
5063,2018-10-28 16:30:00,8.182182294,10/28/2018,04:30:00 pm,0,5.243,9.1782,0.996017706
5064,2018-10-28 16:40:00,8.1827329428,10/28/2018,04:40:00 pm,0,5.242,9.1787,0.9959670571999997
5065,2018-10-28 16:50:00,8.1824474212,10/28/2018,04:50:00 pm,0,5.242,9.1788,0.9963525788000016
5066,2018-10-28 17:00:00,8.182641168,10/28/2018,05:00:00 pm,0,5.241,9.1782,0.9955588320000004
5067,2018-10-28 17:10:00,8.1820497304,10/28/2018,05:10:00 pm,0,5.241,9.1773,0.9952502696000014
5068,2018-10-28 17:20:00,8.181009615999999,10/28/2018,05:20:00 pm,0,5.241,9.1773,0.9962903840000017
5069,2018-10-28 17:30:00,8.1803875868,10/28/2018,05:30:00 pm,0,5.24,9.1762,0.9958124131999995
5070,2018-10-28 17:40:00,8.1801734456,10/28/2018,05:40:00 pm,0,5.24,9.1754,0.9952265544000003
5071,2018-10-28 17:50:00,8.1783991328,10/28/2018,05:50:00 pm,0,5.24,9.175,0.9966008672000015
5072,2018-10-28 18:00:00,8.1798165436,10/28/2018,06:00:00 pm,0,5.239,9.1741,0.9942834563999998
5073,2018-10-28 18:10:00,8.1790823452,10/28/2018,06:10:00 pm,0,5.239,9.1745,0.9954176548000007
5074,2018-10-28 18:20:00,8.179785952,10/28/2018,06:20:00 pm,0,5.238,9.1746,0.9948140480000003
5075,2018-10-28 18:30:00,8.181264546,10/28/2018,06:30:00 pm,0,5.238,9.1741,0.9928354539999997
5076,2018-10-28 18:40:00,8.180907644,10/28/2018,06:40:00 pm,0,5.237,9.1754,0.9944923560000003
5077,2018-10-28 18:50:00,8.181315532,10/28/2018,06:50:00 pm,0,5.237,9.1752,0.993884468000001
5078,2018-10-28 19:00:00,8.181458292799999,10/28/2018,07:00:00 pm,0,5.237,9.1752,0.9937417072000017
5079,2018-10-28 19:10:00,8.1827737316,10/28/2018,07:10:00 pm,0,5.236,9.1758,0.9930262684000013
5080,2018-10-28 19:20:00,8.1819171668,10/28/2018,07:20:00 pm,0,5.236,9.1775,0.9955828332000003
5081,2018-10-28 19:30:00,8.183293788799999,10/28/2018,07:30:00 pm,0,5.235,9.1775,0.9942062112000016
5082,2018-10-28 19:40:00,8.1832224084,10/28/2018,07:40:00 pm,0,5.235,9.1772,0.9939775915999984
5083,2018-10-28 19:50:00,8.1828757036,10/28/2018,07:50:00 pm,0,5.235,9.1777,0.9948242963999991
5084,2018-10-28 20:00:00,8.1834263524,10/28/2018,08:00:00 pm,0,5.234,9.1801,0.9966736475999998
5085,2018-10-28 20:10:00,8.182620773599998,10/28/2018,08:10:00 pm,0,5.234,9.1781,0.9954792264000023
5086,2018-10-28 20:20:00,8.182936886799999,10/28/2018,08:20:00 pm,0,5.234,9.1789,0.995963113200002
5087,2018-10-28 20:30:00,8.1848641576,10/28/2018,08:30:00 pm,0,5.233,9.1797,0.9948358424000006
5088,2018-10-28 20:40:00,8.1834161552,10/28/2018,08:40:00 pm,0,5.233,9.1796,0.9961838448000009
5089,2018-10-28 20:50:00,8.184578636,10/28/2018,08:50:00 pm,0,5.233,9.1801,0.995521364
5090,2018-10-28 21:00:00,8.1853842148,10/28/2018,09:00:00 pm,0,5.232,9.1813,0.9959157852000011
5091,2018-10-28 21:10:00,8.1847111996,10/28/2018,09:10:00 pm,0,5.231,9.1808,0.996088800399999
5092,2018-10-28 21:20:00,8.1853740176,10/28/2018,09:20:00 pm,0,5.231,9.1804,0.9950259824000014
5093,2018-10-28 21:30:00,8.1863019628,10/28/2018,09:30:00 pm,0,5.231,9.1816,0.9952980371999995
5094,2018-10-28 21:40:00,8.1873726688,10/28/2018,09:40:00 pm,0,5.23,9.182,0.9946273312000002
5095,2018-10-28 21:50:00,8.1882190364,10/28/2018,09:50:00 pm,0,5.23,9.1833,0.9950809635999995
5096,2018-10-28 22:00:00,8.1881170644,10/28/2018,10:00:00 pm,0,5.23,9.1831,0.9949829355999995
5097,2018-10-28 22:10:00,8.1875562184,10/28/2018,10:10:00 pm,0,5.229,9.1828,0.995243781600001
5098,2018-10-28 22:20:00,8.1871585276,10/28/2018,10:20:00 pm,0,5.229,9.1828,0.9956414724000009
5099,2018-10-28 22:30:00,8.186159201999999,10/28/2018,10:30:00 pm,0,5.228,9.1826,0.9964407980000018
5100,2018-10-28 22:40:00,8.186332554399998,10/28/2018,10:40:00 pm,0,5.228,9.1828,0.9964674456000022
5101,2018-10-28 22:50:00,8.187964106399999,10/28/2018,10:50:00 pm,0,5.228,9.1828,0.9948358936000012
5102,2018-10-28 23:00:00,8.1871483304,10/28/2018,11:00:00 pm,0,5.228,9.1834,0.9962516696000012
5103,2018-10-28 23:10:00,8.18682202,10/28/2018,11:10:00 pm,0,5.227,9.1828,0.995977980000001
5104,2018-10-28 23:20:00,8.186556892799999,10/28/2018,11:20:00 pm,0,5.227,9.183,0.9964431072000011
5105,2018-10-28 23:30:00,8.1876785848,10/28/2018,11:30:00 pm,0,5.226,9.1835,0.9958214152
5106,2018-10-28 23:40:00,8.1871177388,10/28/2018,11:40:00 pm,0,5.226,9.1826,0.9954822612000012
5107,2018-10-28 23:50:00,8.187790754,10/28/2018,11:50:00 pm,0,5.225,9.1831,0.9953092459999997
5108,2018-10-29 00:00:00,8.1883108112,10/29/2018,12:00:00 am,0,5.225,9.1845,0.9961891888000007
5109,2018-10-29 00:10:00,8.1896364472,10/29/2018,12:10:00 am,0,5.225,9.1847,0.9950635527999996
5110,2018-10-29 00:20:00,8.187178922,10/29/2018,12:20:00 am,0,5.225,9.1842,0.9970210780000013
5111,2018-10-29 00:30:00,8.186108216,10/29/2018,12:30:00 am,0,5.224,9.1826,0.9964917840000016
5112,2018-10-29 00:40:00,8.1845378472,10/29/2018,12:40:00 am,0,5.223,9.181,0.9964621527999995
5113,2018-10-29 00:50:00,8.1838342404,10/29/2018,12:50:00 am,0,5.223,9.1803,0.9964657596000013
5114,2018-10-29 01:00:00,8.1835385216,10/29/2018,01:00:00 am,0,5.223,9.1801,0.9965614784000003
5115,2018-10-29 01:10:00,8.1836506908,10/29/2018,01:10:00 am,0,5.222,9.1803,0.9966493092000004
5116,2018-10-29 01:20:00,8.183681282399998,10/29/2018,01:20:00 am,0,5.222,9.1801,0.996418717600001
5117,2018-10-29 01:30:00,8.182437224,10/29/2018,01:30:00 am,0,5.221,9.1796,0.9971627760000015
5118,2018-10-29 01:40:00,8.1815092788,10/29/2018,01:40:00 am,0,5.222,9.1779,0.9963907211999992
5119,2018-10-29 01:50:00,8.1837322684,10/29/2018,01:50:00 am,0,5.221,9.1787,0.9949677315999992
5120,2018-10-29 02:00:00,8.184323705999999,10/29/2018,02:00:00 am,0,5.221,9.1805,0.9961762940000014
5121,2018-10-29 02:10:00,8.1845072556,10/29/2018,02:10:00 am,0,5.221,9.1801,0.9955927443999997
5122,2018-10-29 02:20:00,8.1851496792,10/29/2018,02:20:00 am,0,5.22,9.1809,0.9957503207999991
5123,2018-10-29 02:30:00,8.1867098508,10/29/2018,02:30:00 am,0,5.22,9.1821,0.9953901492000004
5124,2018-10-29 02:40:00,8.1854861868,10/29/2018,02:40:00 am,0,5.22,9.1832,0.997713813199999
5125,2018-10-29 02:50:00,8.1849763268,10/29/2018,02:50:00 am,0,5.219,9.1815,0.9965236732000005
5126,2018-10-29 03:00:00,8.1820701248,10/29/2018,03:00:00 am,0,5.219,9.1801,0.9980298752000003
5127,2018-10-29 03:10:00,8.1830286616,10/29/2018,03:10:00 am,0,5.218,9.1789,0.9958713384000006
5128,2018-10-29 03:20:00,8.184415480799998,10/29/2018,03:20:00 am,0,5.218,9.1788,0.9943845192000023
5129,2018-10-29 03:30:00,8.1844460724,10/29/2018,03:30:00 am,0,5.218,9.18,0.9955539275999996
5130,2018-10-29 03:40:00,8.185200665199998,10/29/2018,03:40:00 am,0,5.217,9.1804,0.9951993348000023
5131,2018-10-29 03:50:00,8.1843644948,10/29/2018,03:50:00 am,0,5.217,9.1793,0.9949355051999991
5132,2018-10-29 04:00:00,8.1840381844,10/29/2018,04:00:00 am,0,5.217,9.1783,0.9942618155999998
5133,2018-10-29 04:10:00,8.184853960399998,10/29/2018,04:10:00 am,0,5.216,9.1789,0.9940460396000024
5134,2018-10-29 04:20:00,8.184680607999999,10/29/2018,04:20:00 am,0,5.216,9.1784,0.9937193920000009
5135,2018-10-29 04:30:00,8.1834365496,10/29/2018,04:30:00 am,0,5.216,9.1776,0.9941634504000003
5136,2018-10-29 04:40:00,8.184068775999998,10/29/2018,04:40:00 am,0,5.216,9.1774,0.9933312240000021
5137,2018-10-29 04:50:00,8.1857615112,10/29/2018,04:50:00 am,0,5.215,9.1795,0.9937384888
5138,2018-10-29 05:00:00,8.1859858496,10/29/2018,05:00:00 am,0,5.215,9.1799,0.9939141504000002
5139,2018-10-29 05:10:00,8.186618076,10/29/2018,05:10:00 am,0,5.214,9.1805,0.9938819240000001
5140,2018-10-29 05:20:00,8.1874440492,10/29/2018,05:20:00 am,0,5.214,9.1816,0.9941559507999997
5141,2018-10-29 05:30:00,8.1876683876,10/29/2018,05:30:00 am,0,5.214,9.1814,0.9937316123999995
5142,2018-10-29 05:40:00,8.188779882399999,10/29/2018,05:40:00 am,0,5.213,9.182,0.9932201176000017
5143,2018-10-29 05:50:00,8.1877091764,10/29/2018,05:50:00 am,0,5.213,9.1816,0.9938908235999993
5144,2018-10-29 06:00:00,8.188504558,10/29/2018,06:00:00 am,0,5.213,9.1823,0.9937954419999997
5145,2018-10-29 06:10:00,8.1889838264,10/29/2018,06:10:00 am,0,5.212,9.1826,0.9936161736000013
5146,2018-10-29 06:20:00,8.1888920516,10/29/2018,06:20:00 am,0,5.212,9.1827,0.9938079484000006
5147,2018-10-29 06:30:00,8.190554195199999,10/29/2018,06:30:00 am,0,5.212,9.1837,0.993145804800001
5148,2018-10-29 06:40:00,8.1906765616,10/29/2018,06:40:00 am,0,5.211,9.1845,0.9938234383999998
5149,2018-10-29 06:50:00,8.190034138,10/29/2018,06:50:00 am,0,5.211,9.1845,0.9944658620000002
5150,2018-10-29 07:00:00,8.1908805056,10/29/2018,07:00:00 am,0,5.211,9.1847,0.9938194944000003
5151,2018-10-29 07:10:00,8.1900749268,10/29/2018,07:10:00 am,0,5.21,9.1849,0.9948250732000012
5152,2018-10-29 07:20:00,8.190523603599999,10/29/2018,07:20:00 am,0,5.21,9.1846,0.9940763964000006
5153,2018-10-29 07:30:00,8.190594984,10/29/2018,07:30:00 am,0,5.21,9.1845,0.9939050159999994
5154,2018-10-29 07:40:00,8.191318985199999,10/29/2018,07:40:00 am,0,5.209,9.1851,0.9937810148000015
5155,2018-10-29 07:50:00,8.191624901199999,10/29/2018,07:50:00 am,0,5.21,9.1859,0.9942750988000011
5156,2018-10-29 08:00:00,8.1928587624,10/29/2018,08:00:00 am,0,5.209,9.1867,0.9938412375999999
5157,2018-10-29 08:10:00,8.1937867076,10/29/2018,08:10:00 am,0,5.208,9.1885,0.9947132924000002
5158,2018-10-29 08:20:00,8.194979779999999,10/29/2018,08:20:00 am,0,5.208,9.19,0.9950202200000007
5159,2018-10-29 08:30:00,8.195591612,10/29/2018,08:30:00 am,0,5.208,9.191,0.9954083880000013
5160,2018-10-29 08:40:00,8.1958567392,10/29/2018,08:40:00 am,0,5.208,9.1909,0.9950432607999993
5161,2018-10-29 08:50:00,8.196866261999999,10/29/2018,08:50:00 am,0,5.207,9.1929,0.9960337380000013
5162,2018-10-29 09:00:00,8.1971925724,10/29/2018,09:00:00 am,0,5.207,9.1933,0.9961074276000002
5163,2018-10-29 09:10:00,8.197733024,10/29/2018,09:10:00 am,0,5.207,9.195,0.9972669760000006
5164,2018-10-29 09:20:00,8.197488291199999,10/29/2018,09:20:00 am,0,5.206,9.195,0.9975117088000012
5165,2018-10-29 09:30:00,8.1973557276,10/29/2018,09:30:00 am,0,5.206,9.195,0.9976442724000005
5166,2018-10-29 09:40:00,8.1963869936,10/29/2018,09:40:00 am,0,5.206,9.1942,0.9978130064000013
5167,2018-10-29 09:50:00,8.1967438956,10/29/2018,09:50:00 am,0,5.205,9.195,0.9982561044000011
5168,2018-10-29 10:00:00,8.195897528,10/29/2018,10:00:00 am,0,5.205,9.1943,0.9984024720000004
5169,2018-10-29 10:10:00,8.1959995,10/29/2018,10:10:00 am,0,5.205,9.1944,0.9984005000000007
5170,2018-10-29 10:20:00,8.195662992399999,10/29/2018,10:20:00 am,0,5.204,9.1949,0.9992370076000014
5171,2018-10-29 10:30:00,8.1947044556,10/29/2018,10:30:00 am,0,5.204,9.1943,0.9995955444
5172,2018-10-29 10:40:00,8.1946126808,10/29/2018,10:40:00 am,0,5.204,9.1946,0.9999873191999988
5173,2018-10-29 10:50:00,8.193898876799999,10/29/2018,10:50:00 am,0,5.204,9.1941,1.0002011232000019
5174,2018-10-29 11:00:00,8.194194595599999,10/29/2018,11:00:00 am,0,5.203,9.1939,0.9997054044000002
5175,2018-10-29 11:10:00,8.1940416376,10/29/2018,11:10:00 am,0,5.203,9.1942,1.0001583624000006
5176,2018-10-29 11:20:00,8.194755441599998,10/29/2018,11:20:00 am,0,5.203,9.1941,0.9993445584000025
5177,2018-10-29 11:30:00,8.1955202316,10/29/2018,11:30:00 am,0,5.203,9.1949,0.9993797684000008
5178,2018-10-29 11:40:00,8.196509359999999,10/29/2018,11:40:00 am,0,5.202,9.1958,0.9992906400000017
5179,2018-10-29 11:50:00,8.196968234,10/29/2018,11:50:00 am,0,5.202,9.1959,0.9989317660000001
5180,2018-10-29 12:00:00,8.196784684399999,10/29/2018,12:00:00 pm,0,5.202,9.1955,0.9987153156000002
5181,2018-10-29 12:10:00,8.196611332,10/29/2018,12:10:00 pm,0,5.201,9.1953,0.9986886679999998
5182,2018-10-29 12:20:00,8.1952245128,10/29/2018,12:20:00 pm,0,5.201,9.1944,0.9991754872000005
5183,2018-10-29 12:30:00,8.1944597228,10/29/2018,12:30:00 pm,0,5.201,9.1935,0.9990402772000007
5184,2018-10-29 12:40:00,8.19268541,10/29/2018,12:40:00 pm,0,5.2,9.1912,0.998514590000001
5185,2018-10-29 12:50:00,8.1932564532,10/29/2018,12:50:00 pm,0,5.2,9.191,0.9977435468000007
5186,2018-10-29 13:00:00,8.1940926236,10/29/2018,01:00:00 pm,0,5.2,9.191,0.9969073764000012
5187,2018-10-29 13:10:00,8.1929505372,10/29/2018,01:10:00 pm,0,5.2,9.1909,0.9979494627999994
5188,2018-10-29 13:20:00,8.1922469304,10/29/2018,01:20:00 pm,0,5.2,9.1902,0.9979530696000012
5189,2018-10-29 13:30:00,8.1922673248,10/29/2018,01:30:00 pm,0,5.199,9.1892,0.9969326752000001
5190,2018-10-29 13:40:00,8.193603158,10/29/2018,01:40:00 pm,0,5.199,9.1897,0.996096842
5191,2018-10-29 13:50:00,8.1918594368,10/29/2018,01:50:00 pm,0,5.198,9.1891,0.9972405632000001
5192,2018-10-29 14:00:00,8.191665689999999,10/29/2018,02:00:00 pm,0,5.198,9.1887,0.9970343100000019
5193,2018-10-29 14:10:00,8.1915943096,10/29/2018,02:10:00 pm,0,5.198,9.1886,0.9970056904
5194,2018-10-29 14:20:00,8.1910742524,10/29/2018,02:20:00 pm,0,5.198,9.1876,0.9965257475999998
5195,2018-10-29 14:30:00,8.1906051812,10/29/2018,02:30:00 pm,0,5.197,9.1873,0.9966948188
5196,2018-10-29 14:40:00,8.189789405199999,10/29/2018,02:40:00 pm,0,5.197,9.186,0.9962105948000008
5197,2018-10-29 14:50:00,8.189422305999999,10/29/2018,02:50:00 pm,0,5.197,9.1851,0.9956776940000012
5198,2018-10-29 15:00:00,8.189167376,10/29/2018,03:00:00 pm,0,5.196,9.1857,0.9965326240000003
5199,2018-10-29 15:10:00,8.188657516,10/29/2018,03:10:00 pm,0,5.196,9.1854,0.9967424840000003
5200,2018-10-29 15:20:00,8.190034138,10/29/2018,03:20:00 pm,0,5.196,9.1855,0.9954658619999996
5201,2018-10-29 15:30:00,8.190350251199998,10/29/2018,03:30:00 pm,0,5.195,9.1857,0.9953497488000025
5202,2018-10-29 15:40:00,8.1897078276,10/29/2018,03:40:00 pm,0,5.195,9.1855,0.9957921723999998
5203,2018-10-29 15:50:00,8.1898913772,10/29/2018,03:50:00 pm,0,5.195,9.1861,0.9962086227999993
5204,2018-10-29 16:00:00,8.1884841636,10/29/2018,04:00:00 pm,0,5.195,9.1851,0.9966158364000002
5205,2018-10-29 16:10:00,8.189524277999999,10/29/2018,04:10:00 pm,0,5.194,9.1858,0.9962757220000018
5206,2018-10-29 16:20:00,8.1898913772,10/29/2018,04:20:00 pm,0,5.194,9.1853,0.9954086227999994
5207,2018-10-29 16:30:00,8.1908397168,10/29/2018,04:30:00 pm,0,5.194,9.1859,0.9950602832000008
5208,2018-10-29 16:40:00,8.1903196596,10/29/2018,04:40:00 pm,0,5.194,9.1859,0.9955803404000001
5209,2018-10-29 16:50:00,8.19013611,10/29/2018,04:50:00 pm,0,5.193,9.1852,0.9950638900000008
5210,2018-10-29 17:00:00,8.1896976304,10/29/2018,05:00:00 pm,0,5.193,9.1849,0.9952023696000012
5211,2018-10-29 17:10:00,8.190554195199999,10/29/2018,05:10:00 pm,0,5.193,9.1852,0.9946458048000011
5212,2018-10-29 17:20:00,8.190034138,10/29/2018,05:20:00 pm,0,5.193,9.1846,0.994565862
5213,2018-10-29 17:30:00,8.1907785336,10/29/2018,05:30:00 pm,0,5.192,9.185,0.9942214664000009
5214,2018-10-29 17:40:00,8.1920429864,10/29/2018,05:40:00 pm,0,5.192,9.1856,0.9935570136000003
5215,2018-10-29 17:50:00,8.191512732,10/29/2018,05:50:00 pm,0,5.191,9.1861,0.9945872680000001
5216,2018-10-29 18:00:00,8.1922571276,10/29/2018,06:00:00 pm,0,5.191,9.1862,0.9939428723999999
5217,2018-10-29 18:10:00,8.194684061199998,10/29/2018,06:10:00 pm,0,5.191,9.1878,0.9931159388000008
5218,2018-10-29 18:20:00,8.1961422608,10/29/2018,06:20:00 pm,0,5.191,9.1902,0.9940577392000005
5219,2018-10-29 18:30:00,8.1974373052,10/29/2018,06:30:00 pm,0,5.191,9.1907,0.9932626948000003
5220,2018-10-29 18:40:00,8.1981613064,10/29/2018,06:40:00 pm,0,5.19,9.1919,0.993738693600001
5221,2018-10-29 18:50:00,8.197488291199999,10/29/2018,06:50:00 pm,0,5.19,9.1914,0.9939117088000007
5222,2018-10-29 19:00:00,8.198956687999999,10/29/2018,07:00:00 pm,0,5.19,9.1921,0.9931433120000008
5223,2018-10-29 19:10:00,8.1992931956,10/29/2018,07:10:00 pm,0,5.189,9.1924,0.9931068044
5224,2018-10-29 19:20:00,8.200843169999999,10/29/2018,07:20:00 pm,0,5.189,9.194,0.993156830000002
5225,2018-10-29 19:30:00,8.2017711152,10/29/2018,07:30:00 pm,0,5.189,9.1946,0.9928288847999998
5226,2018-10-29 19:40:00,8.2028418212,10/29/2018,07:40:00 pm,0,5.189,9.1959,0.9930581788000001
5227,2018-10-29 19:50:00,8.203412864399999,10/29/2018,07:50:00 pm,0,5.188,9.1966,0.9931871356000013
5228,2018-10-29 20:00:00,8.2033108924,10/29/2018,08:00:00 pm,0,5.188,9.1969,0.9935891076000001
5229,2018-10-29 20:10:00,8.2032701036,10/29/2018,08:10:00 pm,0,5.188,9.1969,0.9936298963999999
5230,2018-10-29 20:20:00,8.201740523599998,10/29/2018,08:20:00 pm,0,5.188,9.1959,0.9941594764000019
5231,2018-10-29 20:30:00,8.2032803008,10/29/2018,08:30:00 pm,0,5.187,9.1967,0.9934196992000004
5232,2018-10-29 20:40:00,8.203137539999998,10/29/2018,08:40:00 pm,0,5.187,9.1961,0.9929624600000011
5233,2018-10-29 20:50:00,8.2026072856,10/29/2018,08:50:00 pm,0,5.187,9.1958,0.993192714400001
5234,2018-10-29 21:00:00,8.202933596,10/29/2018,09:00:00 pm,0,5.187,9.1961,0.9931664040000001
5235,2018-10-29 21:10:00,8.2031783288,10/29/2018,09:10:00 pm,0,5.186,9.1961,0.9929216711999995
5236,2018-10-29 21:20:00,8.203535230799998,10/29/2018,09:20:00 pm,0,5.186,9.1962,0.992664769200001
5237,2018-10-29 21:30:00,8.203728977599999,10/29/2018,09:30:00 pm,0,5.186,9.1965,0.9927710224000013
5238,2018-10-29 21:40:00,8.2040960768,10/29/2018,09:40:00 pm,0,5.186,9.1971,0.9930039231999999
5239,2018-10-29 21:50:00,8.204187851599999,10/29/2018,09:50:00 pm,0,5.186,9.1971,0.9929121484000021
5240,2018-10-29 22:00:00,8.206094728,10/29/2018,10:00:00 pm,0,5.185,9.1984,0.9923052719999994
5241,2018-10-29 22:10:00,8.207879238,10/29/2018,10:10:00 pm,0,5.185,9.2007,0.9928207619999991
5242,2018-10-29 22:20:00,8.2069207012,10/29/2018,10:20:00 pm,0,5.185,9.1998,0.9928792988000001
5243,2018-10-29 22:30:00,8.2070022788,10/29/2018,10:30:00 pm,0,5.184,9.2002,0.9931977212000014
5244,2018-10-29 22:40:00,8.206400644,10/29/2018,10:40:00 pm,0,5.184,9.2005,0.9940993559999995
5245,2018-10-29 22:50:00,8.206390446799999,10/29/2018,10:50:00 pm,0,5.184,9.1996,0.9932095532000016
5246,2018-10-29 23:00:00,8.2062578832,10/29/2018,11:00:00 pm,0,5.183,9.1992,0.9929421168000001
5247,2018-10-29 23:10:00,8.204769092,10/29/2018,11:10:00 pm,0,5.183,9.198,0.993230908000001
5248,2018-10-29 23:20:00,8.204187851599999,10/29/2018,11:20:00 pm,0,5.183,9.1976,0.9934121484000009
5249,2018-10-29 23:30:00,8.2029437932,10/29/2018,11:30:00 pm,0,5.183,9.1967,0.9937562068000005
5250,2018-10-29 23:40:00,8.202658271599999,10/29/2018,11:40:00 pm,0,5.183,9.1963,0.9936417284000019
5251,2018-10-29 23:50:00,8.201353029999998,10/29/2018,11:50:00 pm,0,5.182,9.1953,0.9939469700000014
5252,2018-10-30 00:00:00,8.2013734244,10/30/2018,12:00:00 am,0,5.183,9.195,0.9936265756000005
5253,2018-10-30 00:10:00,8.200832972799999,10/30/2018,12:10:00 am,0,5.182,9.1944,0.993567027200001
5254,2018-10-30 00:20:00,8.200057985599999,10/30/2018,12:20:00 am,0,5.181,9.1935,0.9934420144000011
5255,2018-10-30 00:30:00,8.199354378799999,10/30/2018,12:30:00 am,0,5.181,9.1927,0.9933456212000014
5256,2018-10-30 00:40:00,8.1998132528,10/30/2018,12:40:00 am,0,5.181,9.1929,0.9930867471999996
5257,2018-10-30 00:50:00,8.199384970399999,10/30/2018,12:50:00 am,0,5.181,9.1929,0.993515029600001
5258,2018-10-30 01:00:00,8.200027394,10/30/2018,01:00:00 am,0,5.181,9.1934,0.9933726060000012
5259,2018-10-30 01:10:00,8.2003537044,10/30/2018,01:10:00 am,0,5.18,9.194,0.9936462956000014
5260,2018-10-30 01:20:00,8.199782661199999,10/30/2018,01:20:00 am,0,5.18,9.1935,0.9937173388000016
5261,2018-10-30 01:30:00,8.1987833356,10/30/2018,01:30:00 am,0,5.18,9.1928,0.9940166644000001
5262,2018-10-30 01:40:00,8.197885981999999,10/30/2018,01:40:00 am,0,5.18,9.1917,0.9938140180000019
5263,2018-10-30 01:50:00,8.1974373052,10/30/2018,01:50:00 am,0,5.179,9.1915,0.9940626948000002
5264,2018-10-30 02:00:00,8.1977126296,10/30/2018,02:00:00 am,0,5.18,9.1911,0.9933873704000007
5265,2018-10-30 02:10:00,8.1981103204,10/30/2018,02:10:00 am,0,5.179,9.1916,0.9934896795999997
5266,2018-10-30 02:20:00,8.198202095200001,10/30/2018,02:20:00 am,0,5.179,9.1919,0.9936979047999994
5267,2018-10-30 02:30:00,8.198599785999999,10/30/2018,02:30:00 am,0,5.178,9.1921,0.9935002140000009
5268,2018-10-30 02:40:00,8.1994971396,10/30/2018,02:40:00 am,0,5.178,9.1926,0.9931028604000005
5269,2018-10-30 02:50:00,8.1999458164,10/30/2018,02:50:00 am,0,5.178,9.1932,0.9932541835999995
5270,2018-10-30 03:00:00,8.1999152248,10/30/2018,03:00:00 am,0,5.178,9.1935,0.9935847752000004
5271,2018-10-30 03:10:00,8.1991504348,10/30/2018,03:10:00 am,0,5.178,9.1923,0.9931495651999995
5272,2018-10-30 03:20:00,8.197865587599999,10/30/2018,03:20:00 am,0,5.177,9.1913,0.993434412400001
5273,2018-10-30 03:30:00,8.197549474399999,10/30/2018,03:30:00 am,0,5.177,9.1908,0.9932505256000006
5274,2018-10-30 03:40:00,8.1981715036,10/30/2018,03:40:00 am,0,5.177,9.1906,0.9924284964000005
5275,2018-10-30 03:50:00,8.198609983199999,10/30/2018,03:50:00 am,0,5.177,9.1915,0.9928900168000006
5276,2018-10-30 04:00:00,8.197600460399999,10/30/2018,04:00:00 am,0,5.177,9.1908,0.9931995396000008
5277,2018-10-30 04:10:00,8.197569868799999,10/30/2018,04:10:00 am,0,5.176,9.1905,0.9929301312000014
5278,2018-10-30 04:20:00,8.197559671599999,10/30/2018,04:20:00 am,0,5.176,9.1899,0.992340328400001
5279,2018-10-30 04:30:00,8.1967540928,10/30/2018,04:30:00 am,0,5.176,9.1896,0.9928459072000013
5280,2018-10-30 04:40:00,8.1967540928,10/30/2018,04:40:00 am,0,5.176,9.1893,0.9925459072000002
5281,2018-10-30 04:50:00,8.1974169108,10/30/2018,04:50:00 am,0,5.176,9.1903,0.9928830892000011
5282,2018-10-30 05:00:00,8.1970294172,10/30/2018,05:00:00 am,0,5.175,9.1897,0.9926705828000006
5283,2018-10-30 05:10:00,8.1969274452,10/30/2018,05:10:00 am,0,5.175,9.1893,0.9923725547999993
5284,2018-10-30 05:20:00,8.198222489599999,10/30/2018,05:20:00 am,0,5.175,9.1904,0.9921775104000012
5285,2018-10-30 05:30:00,8.1992728012,10/30/2018,05:30:00 am,0,5.174,9.1915,0.9922271988000002
5286,2018-10-30 05:40:00,8.199864238799998,10/30/2018,05:40:00 am,0,5.174,9.1925,0.9926357612000025
5287,2018-10-30 05:50:00,8.200996128,10/30/2018,05:50:00 am,0,5.174,9.1928,0.9918038720000002
5288,2018-10-30 06:00:00,8.2019546648,10/30/2018,06:00:00 am,0,5.174,9.1935,0.9915453351999997
5289,2018-10-30 06:10:00,8.201526382399999,10/30/2018,06:10:00 am,0,5.174,9.1939,0.9923736176000002
5290,2018-10-30 06:20:00,8.2020362424,10/30/2018,06:20:00 am,0,5.173,9.1937,0.9916637575999996
5291,2018-10-30 06:30:00,8.2021484116,10/30/2018,06:30:00 am,0,5.173,9.1937,0.9915515884000001
5292,2018-10-30 06:40:00,8.201975059199999,10/30/2018,06:40:00 am,0,5.173,9.1939,0.9919249408000006
5293,2018-10-30 06:50:00,8.203137539999998,10/30/2018,06:50:00 am,0,5.173,9.1948,0.9916624600000024
5294,2018-10-30 07:00:00,8.202331961199999,10/30/2018,07:00:00 am,0,5.172,9.1947,0.9923680388000005
5295,2018-10-30 07:10:00,8.2025461024,10/30/2018,07:10:00 am,0,5.172,9.1941,0.9915538976000011
5296,2018-10-30 07:20:00,8.203463850399999,10/30/2018,07:20:00 am,0,5.172,9.1949,0.9914361496000019
5297,2018-10-30 07:30:00,8.204361204,10/30/2018,07:30:00 am,0,5.172,9.1955,0.9911387959999995
5298,2018-10-30 07:40:00,8.204973035999998,10/30/2018,07:40:00 am,0,5.171,9.1961,0.9911269640000011
5299,2018-10-30 07:50:00,8.2068289264,10/30/2018,07:50:00 am,0,5.172,9.1977,0.9908710735999993
5300,2018-10-30 08:00:00,8.2056664456,10/30/2018,08:00:00 am,0,5.171,9.1966,0.9909335543999997
5301,2018-10-30 08:10:00,8.2069308984,10/30/2018,08:10:00 am,0,5.171,9.198,0.9910691016000008
5302,2018-10-30 08:20:00,8.2082259428,10/30/2018,08:20:00 am,0,5.171,9.1992,0.990974057199999
5303,2018-10-30 08:30:00,8.208909155199999,10/30/2018,08:30:00 am,0,5.171,9.2004,0.9914908448000013
5304,2018-10-30 08:40:00,8.209051916,10/30/2018,08:40:00 am,0,5.17,9.2004,0.9913480840000002
5305,2018-10-30 08:50:00,8.2091844796,10/30/2018,08:50:00 am,0,5.17,9.2008,0.9916155203999999
5306,2018-10-30 09:00:00,8.209612761999999,10/30/2018,09:00:00 am,0,5.17,9.2015,0.9918872380000003
5307,2018-10-30 09:10:00,8.2112749056,10/30/2018,09:10:00 am,0,5.17,9.2028,0.9915250944
5308,2018-10-30 09:20:00,8.2102449884,10/30/2018,09:20:00 am,0,5.169,9.2023,0.9920550115999998
5309,2018-10-30 09:30:00,8.210408143599999,10/30/2018,09:30:00 am,0,5.169,9.2024,0.9919918564000021
5310,2018-10-30 09:40:00,8.2102653828,10/30/2018,09:40:00 am,0,5.169,9.2024,0.9921346172000014
5311,2018-10-30 09:50:00,8.2109587924,10/30/2018,09:50:00 am,0,5.169,9.2032,0.9922412076000011
5312,2018-10-30 10:00:00,8.2076548996,10/30/2018,10:00:00 am,0,5.169,9.2021,0.9944451004000001
5313,2018-10-30 10:10:00,8.2058092064,10/30/2018,10:10:00 am,0,5.168,9.2014,0.9955907935999999
5314,2018-10-30 10:20:00,8.205635853999999,10/30/2018,10:20:00 am,0,5.168,9.2017,0.9960641460000019
5315,2018-10-30 10:30:00,8.205217768799999,10/30/2018,10:30:00 am,0,5.168,9.2013,0.9960822312000008
5316,2018-10-30 10:40:00,8.204126668399999,10/30/2018,10:40:00 am,0,5.167,9.2003,0.9961733316000014
5317,2018-10-30 10:50:00,8.202760243599998,10/30/2018,10:50:00 am,0,5.168,9.1996,0.9968397564000018
5318,2018-10-30 11:00:00,8.2061865028,10/30/2018,11:00:00 am,0,5.167,9.2008,0.9946134971999996
5319,2018-10-30 11:10:00,8.2027704408,10/30/2018,11:10:00 am,0,5.167,9.1997,0.9969295591999998
5320,2018-10-30 11:20:00,8.2023829472,10/30/2018,11:20:00 am,0,5.167,9.1983,0.9959170527999994
5321,2018-10-30 11:30:00,8.2023829472,10/30/2018,11:30:00 am,0,5.166,9.1979,0.9955170528000004
5322,2018-10-30 11:40:00,8.202933596,10/30/2018,11:40:00 am,0,5.166,9.1979,0.9949664040000012
5323,2018-10-30 11:50:00,8.202709257599999,10/30/2018,11:50:00 am,0,5.166,9.1968,0.994090742400001
5324,2018-10-30 12:00:00,8.2023829472,10/30/2018,12:00:00 pm,0,5.166,9.1964,0.9940170528000003
5325,2018-10-30 12:10:00,8.1998438444,10/30/2018,12:10:00 pm,0,5.166,9.1966,0.9967561556
5326,2018-10-30 12:20:00,8.1961320636,10/30/2018,12:20:00 pm,0,5.166,9.1952,0.9990679363999995
5327,2018-10-30 12:30:00,8.1984774196,10/30/2018,12:30:00 pm,0,5.166,9.1951,0.9966225804000004
5328,2018-10-30 12:40:00,8.1992728012,10/30/2018,12:40:00 pm,0,5.165,9.193,0.9937271988000003
5329,2018-10-30 12:50:00,8.2008533672,10/30/2018,12:50:00 pm,0,5.165,9.1944,0.9935466327999993
5330,2018-10-30 13:00:00,8.2000375912,10/30/2018,01:00:00 pm,0,5.165,9.194,0.9939624088000016
5331,2018-10-30 13:10:00,8.1992728012,10/30/2018,01:10:00 pm,0,5.165,9.1941,0.9948271988000013
5332,2018-10-30 13:20:00,8.199476745199998,10/30/2018,01:20:00 pm,0,5.164,9.1947,0.9952232548000008
5333,2018-10-30 13:30:00,8.1962646272,10/30/2018,01:30:00 pm,0,5.164,9.193,0.9967353727999999
5334,2018-10-30 13:40:00,8.197110994800001,10/30/2018,01:40:00 pm,0,5.164,9.1936,0.9964890051999991
5335,2018-10-30 13:50:00,8.198344855999999,10/30/2018,01:50:00 pm,0,5.164,9.1941,0.9957551440000021
5336,2018-10-30 14:00:00,8.1992524068,10/30/2018,02:00:00 pm,0,5.164,9.1953,0.9960475932000001
5337,2018-10-30 14:10:00,8.1978247988,10/30/2018,02:10:00 pm,0,5.163,9.1953,0.9974752012000003
5338,2018-10-30 14:20:00,8.1974373052,10/30/2018,02:20:00 pm,0,5.163,9.1954,0.9979626948
5339,2018-10-30 14:30:00,8.196407388,10/30/2018,02:30:00 pm,0,5.163,9.1953,0.9988926119999988
5340,2018-10-30 14:40:00,8.1968866564,10/30/2018,02:40:00 pm,0,5.163,9.1965,0.9996133436000001
5341,2018-10-30 14:50:00,8.1965705432,10/30/2018,02:50:00 pm,0,5.162,9.1965,0.9999294568000003
5342,2018-10-30 15:00:00,8.1961830496,10/30/2018,03:00:00 pm,0,5.163,9.1956,0.9994169504000006
5343,2018-10-30 15:10:00,8.195846542,10/30/2018,03:10:00 pm,0,5.162,9.1948,0.9989534580000008
5344,2018-10-30 15:20:00,8.196907050799998,10/30/2018,03:20:00 pm,0,5.162,9.1955,0.9985929492000007
5345,2018-10-30 15:30:00,8.1974169108,10/30/2018,03:30:00 pm,0,5.162,9.196,0.9985830892000003
5346,2018-10-30 15:40:00,8.198304067199999,10/30/2018,03:40:00 pm,0,5.162,9.1962,0.9978959328000006
5347,2018-10-30 15:50:00,8.1959587112,10/30/2018,03:50:00 pm,0,5.161,9.1962,1.0002412887999999
5348,2018-10-30 16:00:00,8.1951531324,10/30/2018,04:00:00 pm,0,5.161,9.1949,0.9997468676000008
5349,2018-10-30 16:10:00,8.1949185968,10/30/2018,04:10:00 pm,0,5.161,9.1952,1.0002814032000007
5350,2018-10-30 16:20:00,8.1961422608,10/30/2018,04:20:00 pm,0,5.16,9.1949,0.9987577392000002
5351,2018-10-30 16:30:00,8.1986711664,10/30/2018,04:30:00 pm,0,5.161,9.1959,0.9972288335999995
5352,2018-10-30 16:40:00,8.198660969199999,10/30/2018,04:40:00 pm,0,5.16,9.1958,0.9971390308000014
5353,2018-10-30 16:50:00,8.199089251599998,10/30/2018,04:50:00 pm,0,5.16,9.1964,0.9973107484000021
5354,2018-10-30 17:00:00,8.1993033928,10/30/2018,05:00:00 pm,0,5.16,9.1966,0.9972966072000009
5355,2018-10-30 17:10:00,8.1988241244,10/30/2018,05:10:00 pm,0,5.159,9.1958,0.9969758756000004
5356,2018-10-30 17:20:00,8.2001905492,10/30/2018,05:20:00 pm,0,5.159,9.1972,0.9970094508000003
5357,2018-10-30 17:30:00,8.201179677599999,10/30/2018,05:30:00 pm,0,5.16,9.198,0.9968203224000014
5358,2018-10-30 17:40:00,8.2034842448,10/30/2018,05:40:00 pm,0,5.159,9.1996,0.9961157552
5359,2018-10-30 17:50:00,8.2044427816,10/30/2018,05:50:00 pm,0,5.159,9.2009,0.9964572184000016
5360,2018-10-30 18:00:00,8.204493767599999,10/30/2018,06:00:00 pm,0,5.159,9.2005,0.996006232400001
5361,2018-10-30 18:10:00,8.2055032904,10/30/2018,06:10:00 pm,0,5.159,9.2011,0.9955967096000009
5362,2018-10-30 18:20:00,8.205564473599999,10/30/2018,06:20:00 pm,0,5.158,9.2014,0.9958355264000005
5363,2018-10-30 18:30:00,8.205962164399999,10/30/2018,06:30:00 pm,0,5.158,9.2009,0.9949378356000018
5364,2018-10-30 18:40:00,8.206410841199999,10/30/2018,06:40:00 pm,0,5.158,9.2015,0.9950891588000008
5365,2018-10-30 18:50:00,8.2073897724,10/30/2018,06:50:00 pm,0,5.158,9.2023,0.9949102276000001
5366,2018-10-30 19:00:00,8.2091130992,10/30/2018,07:00:00 pm,0,5.158,9.2036,0.9944869008000001
5367,2018-10-30 19:10:00,8.2077568716,10/30/2018,07:10:00 pm,0,5.157,9.2027,0.994943128400001
5368,2018-10-30 19:20:00,8.209153888,10/30/2018,07:20:00 pm,0,5.157,9.2036,0.9944461120000003
5369,2018-10-30 19:30:00,8.2102551856,10/30/2018,07:30:00 pm,0,5.157,9.2051,0.9948448144000004
5370,2018-10-30 19:40:00,8.210367354799999,10/30/2018,07:40:00 pm,0,5.157,9.2054,0.9950326452000002
5371,2018-10-30 19:50:00,8.210632482,10/30/2018,07:50:00 pm,0,5.157,9.2053,0.994667518
5372,2018-10-30 20:00:00,8.2118153572,10/30/2018,08:00:00 pm,0,5.157,9.2068,0.9949846427999987
5373,2018-10-30 20:10:00,8.2129982324,10/30/2018,08:10:00 pm,0,5.156,9.2075,0.9945017675999992
5374,2018-10-30 20:20:00,8.2137834168,10/30/2018,08:20:00 pm,0,5.156,9.2087,0.9949165832000002
5375,2018-10-30 20:30:00,8.214854122799998,10/30/2018,08:30:00 pm,0,5.156,9.2095,0.9946458772000017
5376,2018-10-30 20:40:00,8.2159554204,10/30/2018,08:40:00 pm,0,5.156,9.2101,0.9941445796000004
5377,2018-10-30 20:50:00,8.2159656176,10/30/2018,08:50:00 pm,0,5.155,9.2105,0.9945343823999995
5378,2018-10-30 21:00:00,8.2172300704,10/30/2018,09:00:00 pm,0,5.155,9.2113,0.9940699296000002
5379,2018-10-30 21:10:00,8.2157922652,10/30/2018,09:10:00 pm,0,5.155,9.2101,0.9943077348000013
5380,2018-10-30 21:20:00,8.2157004904,10/30/2018,09:20:00 pm,0,5.155,9.2102,0.9944995096000007
5381,2018-10-30 21:30:00,8.2156393072,10/30/2018,09:30:00 pm,0,5.155,9.2101,0.9944606928000006
5382,2018-10-30 21:40:00,8.2158228568,10/30/2018,09:40:00 pm,0,5.155,9.21,0.9941771432000017
5383,2018-10-30 21:50:00,8.2165570552,10/30/2018,09:50:00 pm,0,5.154,9.2106,0.9940429448000003
5384,2018-10-30 22:00:00,8.21817841,10/30/2018,10:00:00 pm,0,5.155,9.2116,0.9934215900000005
5385,2018-10-30 22:10:00,8.2178622968,10/30/2018,10:10:00 pm,0,5.154,9.2113,0.9934377031999997
5386,2018-10-30 22:20:00,8.217077112399998,10/30/2018,10:20:00 pm,0,5.153,9.2115,0.9944228876000007
5387,2018-10-30 22:30:00,8.217005732,10/30/2018,10:30:00 pm,0,5.154,9.2102,0.9931942679999999
5388,2018-10-30 22:40:00,8.2172198732,10/30/2018,10:40:00 pm,0,5.153,9.2112,0.9939801268000004
5389,2018-10-30 22:50:00,8.217107703999998,10/30/2018,10:50:00 pm,0,5.153,9.2113,0.9941922960000014
5390,2018-10-30 23:00:00,8.2175257892,10/30/2018,11:00:00 pm,0,5.153,9.2115,0.9939742107999994
5391,2018-10-30 23:10:00,8.2179948604,10/30/2018,11:10:00 pm,0,5.153,9.2112,0.9932051396000006
5392,2018-10-30 23:20:00,8.217260662,10/30/2018,11:20:00 pm,0,5.153,9.2109,0.9936393380000013
5393,2018-10-30 23:30:00,8.2185761008,10/30/2018,11:30:00 pm,0,5.153,9.2107,0.9921238991999992
5394,2018-10-30 23:40:00,8.218463931599999,10/30/2018,11:40:00 pm,0,5.152,9.2116,0.9931360684000019
5395,2018-10-30 23:50:00,8.2187494532,10/30/2018,11:50:00 pm,0,5.152,9.2119,0.9931505468000008
5396,2018-10-31 00:00:00,8.2193612852,10/31/2018,12:00:00 am,0,5.152,9.2125,0.9931387148000006
5397,2018-10-31 00:10:00,8.2201260752,10/31/2018,12:10:00 am,0,5.152,9.2126,0.9924739248000005
5398,2018-10-31 00:20:00,8.220238244399999,10/31/2018,12:20:00 am,0,5.152,9.2134,0.993161755600001
5399,2018-10-31 00:30:00,8.218831030799999,10/31/2018,12:30:00 am,0,5.152,9.2115,0.9926689692000004
5400,2018-10-31 00:40:00,8.217077112399998,10/31/2018,12:40:00 am,0,5.151,9.2102,0.993122887600002
5401,2018-10-31 00:50:00,8.217892888399998,10/31/2018,12:50:00 am,0,5.151,9.21,0.9921071116000029
5402,2018-10-31 01:00:00,8.216240941999999,10/31/2018,01:00:00 am,0,5.151,9.2088,0.9925590580000012
5403,2018-10-31 01:10:00,8.2157208848,10/31/2018,01:10:00 am,0,5.151,9.208,0.9922791152000006
5404,2018-10-31 01:20:00,8.21537418,10/31/2018,01:20:00 am,0,5.151,9.2077,0.9923258200000014
5405,2018-10-31 01:30:00,8.2159962092,10/31/2018,01:30:00 am,0,5.15,9.2083,0.9923037907999994
5406,2018-10-31 01:40:00,8.2165060692,10/31/2018,01:40:00 am,0,5.15,9.2087,0.992193930800001
5407,2018-10-31 01:50:00,8.2157922652,10/31/2018,01:50:00 am,0,5.15,9.2085,0.9927077348000015
5408,2018-10-31 02:00:00,8.216322519599998,10/31/2018,02:00:00 am,0,5.15,9.2083,0.991977480400001
5409,2018-10-31 02:10:00,8.2177501276,10/31/2018,02:10:00 am,0,5.15,9.2097,0.9919498723999993
5410,2018-10-31 02:20:00,8.21919813,10/31/2018,02:20:00 am,0,5.149,9.2108,0.9916018700000002
5411,2018-10-31 02:30:00,8.21817841,10/31/2018,02:30:00 am,0,5.149,9.2106,0.9924215899999993
5412,2018-10-31 02:40:00,8.216087984,10/31/2018,02:40:00 am,0,5.149,9.2083,0.9922120159999999
5413,2018-10-31 02:50:00,8.2145482068,10/31/2018,02:50:00 am,0,5.149,9.2071,0.9925517932000005
5414,2018-10-31 03:00:00,8.2120294984,10/31/2018,03:00:00 am,0,5.148,9.2048,0.9927705016000008
5415,2018-10-31 03:10:00,8.2127942884,10/31/2018,03:10:00 am,0,5.149,9.2051,0.9923057116000003
5416,2018-10-31 03:20:00,8.212192653599999,10/31/2018,03:20:00 am,0,5.148,9.2045,0.9923073464000005
5417,2018-10-31 03:30:00,8.212304822799998,10/31/2018,03:30:00 am,0,5.148,9.2046,0.9922951772000008
5418,2018-10-31 03:40:00,8.2128452744,10/31/2018,03:40:00 am,0,5.148,9.2055,0.9926547256000013
5419,2018-10-31 03:50:00,8.212274231199999,10/31/2018,03:50:00 am,0,5.148,9.205,0.9927257688000015
5420,2018-10-31 04:00:00,8.212916654799999,10/31/2018,04:00:00 am,0,5.148,9.2055,0.9925833452000017
5421,2018-10-31 04:10:00,8.212671922,10/31/2018,04:10:00 am,0,5.147,9.2056,0.9929280780000003
5422,2018-10-31 04:20:00,8.2115910188,10/31/2018,04:20:00 am,0,5.147,9.2046,0.9930089811999991
5423,2018-10-31 04:30:00,8.2104183408,10/31/2018,04:30:00 am,0,5.147,9.203,0.992581659199999
5424,2018-10-31 04:40:00,8.211886737599999,10/31/2018,04:40:00 am,0,5.147,9.2042,0.9923132624000015
5425,2018-10-31 04:50:00,8.2110301728,10/31/2018,04:50:00 am,0,5.146,9.2035,0.9924698272000008
5426,2018-10-31 05:00:00,8.2127127108,10/31/2018,05:00:00 am,0,5.146,9.2038,0.9910872891999993
5427,2018-10-31 05:10:00,8.2149560948,10/31/2018,05:10:00 am,0,5.147,9.2072,0.9922439052000005
5428,2018-10-31 05:20:00,8.217505394799998,10/31/2018,05:20:00 am,0,5.146,9.2085,0.9909946052000027
5429,2018-10-31 05:30:00,8.2139873608,10/31/2018,05:30:00 am,0,5.146,9.2068,0.9928126392000003
5430,2018-10-31 05:40:00,8.2147011648,10/31/2018,05:40:00 am,0,5.146,9.2058,0.9910988352000007
5431,2018-10-31 05:50:00,8.216587646799999,10/31/2018,05:50:00 am,0,5.146,9.2073,0.9907123532000011
5432,2018-10-31 06:00:00,8.216536660800001,10/31/2018,06:00:00 am,0,5.145,9.208,0.9914633391999992
5433,2018-10-31 06:10:00,8.2174442116,10/31/2018,06:10:00 am,0,5.145,9.2085,0.9910557884000006
5434,2018-10-31 06:20:00,8.217352436799999,10/31/2018,06:20:00 am,0,5.145,9.209,0.9916475632000008
5435,2018-10-31 06:30:00,8.218086635199999,10/31/2018,06:30:00 am,0,5.144,9.209,0.9909133648000008
5436,2018-10-31 06:40:00,8.2180050576,10/31/2018,06:40:00 am,0,5.145,9.2099,0.9918949424000001
5437,2018-10-31 06:50:00,8.22021785,10/31/2018,06:50:00 am,0,5.144,9.2112,0.9909821500000007
5438,2018-10-31 07:00:00,8.2201770612,10/31/2018,07:00:00 am,0,5.144,9.2119,0.9917229388000006
5439,2018-10-31 07:10:00,8.2205033716,10/31/2018,07:10:00 am,0,5.144,9.2116,0.9910966284000011
5440,2018-10-31 07:20:00,8.2197691732,10/31/2018,07:20:00 am,0,5.144,9.2118,0.9920308268000007
5441,2018-10-31 07:30:00,8.220421794,10/31/2018,07:30:00 am,0,5.144,9.2124,0.9919782060000006
5442,2018-10-31 07:40:00,8.2227569528,10/31/2018,07:40:00 am,0,5.144,9.2138,0.9910430472000016
5443,2018-10-31 07:50:00,8.221390527999999,10/31/2018,07:50:00 am,0,5.143,9.2129,0.9915094720000006
5444,2018-10-31 08:00:00,8.2238072644,10/31/2018,08:00:00 am,0,5.143,9.2143,0.9904927356000002
5445,2018-10-31 08:10:00,8.2248167872,10/31/2018,08:10:00 am,0,5.143,9.2159,0.9910832127999996
5446,2018-10-31 08:20:00,8.2260098596,10/31/2018,08:20:00 am,0,5.143,9.2178,0.9917901404000009
5447,2018-10-31 08:30:00,8.225734535199999,10/31/2018,08:30:00 am,0,5.142,9.218,0.9922654648000009
5448,2018-10-31 08:40:00,8.226468733599999,10/31/2018,08:40:00 am,0,5.143,9.2187,0.992231266400001
5449,2018-10-31 08:50:00,8.2254388164,10/31/2018,08:50:00 am,0,5.142,9.2184,0.9929611836000003
5450,2018-10-31 09:00:00,8.225214478,10/31/2018,09:00:00 am,0,5.142,9.2182,0.9929855219999997
5451,2018-10-31 09:10:00,8.226489128,10/31/2018,09:10:00 am,0,5.142,9.2192,0.992710872
5452,2018-10-31 09:20:00,8.225836507199999,10/31/2018,09:20:00 am,0,5.141,9.2198,0.9939634928000007
5453,2018-10-31 09:30:00,8.2253368444,10/31/2018,09:30:00 am,0,5.141,9.2192,0.9938631556000015
5454,2018-10-31 09:40:00,8.224908562,10/31/2018,09:40:00 am,0,5.141,9.2188,0.9938914380000003
5455,2018-10-31 09:50:00,8.2238480532,10/31/2018,09:50:00 am,0,5.141,9.2182,0.9943519468000002
5456,2018-10-31 10:00:00,8.221370133599999,10/31/2018,10:00:00 am,0,5.141,9.2168,0.9954298664000003
5457,2018-10-31 10:10:00,8.220248441599999,10/31/2018,10:10:00 am,0,5.14,9.216,0.9957515584000003
5458,2018-10-31 10:20:00,8.220666526799999,10/31/2018,10:20:00 am,0,5.14,9.2165,0.9958334732000012
5459,2018-10-31 10:30:00,8.222573403199998,10/31/2018,10:30:00 am,0,5.14,9.2174,0.9948265968000012
5460,2018-10-31 10:40:00,8.2214619084,10/31/2018,10:40:00 am,0,5.14,9.2158,0.9943380915999995
5461,2018-10-31 10:50:00,8.221543486,10/31/2018,10:50:00 am,0,5.14,9.2164,0.9948565140000003
5462,2018-10-31 11:00:00,8.2204625828,10/31/2018,11:00:00 am,0,5.14,9.2149,0.9944374172000003
5463,2018-10-31 11:10:00,8.2188820168,10/31/2018,11:10:00 am,0,5.139,9.2146,0.9957179832000005
5464,2018-10-31 11:20:00,8.2200954836,10/31/2018,11:20:00 am,0,5.139,9.2146,0.994504516400001
5465,2018-10-31 11:30:00,8.218871819599999,10/31/2018,11:30:00 am,0,5.139,9.2143,0.9954281804000011
5466,2018-10-31 11:40:00,8.2182395932,10/31/2018,11:40:00 am,0,5.138,9.2131,0.9948604068000009
5467,2018-10-31 11:50:00,8.219136946799999,10/31/2018,11:50:00 am,0,5.138,9.2143,0.9951630532000006
5468,2018-10-31 12:00:00,8.219147143999999,10/31/2018,12:00:00 pm,0,5.138,9.2142,0.9950528560000009
5469,2018-10-31 12:10:00,8.2189126084,10/31/2018,12:10:00 pm,0,5.138,9.2146,0.9956873916000006
5470,2018-10-31 12:20:00,8.218056043599999,10/31/2018,12:20:00 pm,0,5.138,9.2156,0.9975439564000013
5471,2018-10-31 12:30:00,8.22276715,10/31/2018,12:30:00 pm,0,5.138,9.2168,0.99403285
5472,2018-10-31 12:40:00,8.2229812912,10/31/2018,12:40:00 pm,0,5.137,9.2172,0.9942187088000001
5473,2018-10-31 12:50:00,8.222226698399998,10/31/2018,12:50:00 pm,0,5.137,9.2177,0.9954733016000024
5474,2018-10-31 13:00:00,8.2226957696,10/31/2018,01:00:00 pm,0,5.137,9.2183,0.9956042303999997
5475,2018-10-31 13:10:00,8.220972442799999,10/31/2018,01:10:00 pm,0,5.137,9.2168,0.9958275572000002
5476,2018-10-31 13:20:00,8.2196366096,10/31/2018,01:20:00 pm,0,5.136,9.2171,0.9974633904000001
5477,2018-10-31 13:30:00,8.2171994788,10/31/2018,01:30:00 pm,0,5.136,9.2153,0.9981005211999996
5478,2018-10-31 13:40:00,8.216638632799999,10/31/2018,01:40:00 pm,0,5.136,9.2147,0.9980613672000018
5479,2018-10-31 13:50:00,8.2168221824,10/31/2018,01:50:00 pm,0,5.136,9.2147,0.9978778176000009
5480,2018-10-31 14:00:00,8.217107703999998,10/31/2018,02:00:00 pm,0,5.135,9.2157,0.9985922960000018
5481,2018-10-31 14:10:00,8.216016603599998,10/31/2018,02:10:00 pm,0,5.135,9.2151,0.9990833964000014
5482,2018-10-31 14:20:00,8.2157412792,10/31/2018,02:20:00 pm,0,5.135,9.2146,0.9988587208000013
5483,2018-10-31 14:30:00,8.2161797588,10/31/2018,02:30:00 pm,0,5.135,9.2158,0.9996202412000006
5484,2018-10-31 14:40:00,8.215231419199998,10/31/2018,02:40:00 pm,0,5.135,9.2146,0.9993685808000023
5485,2018-10-31 14:50:00,8.215669898799998,10/31/2018,02:50:00 pm,0,5.134,9.2153,0.9996301012000011
5486,2018-10-31 15:00:00,8.2165264636,10/31/2018,03:00:00 pm,0,5.134,9.216,0.9994735364
5487,2018-10-31 15:10:00,8.2149560948,10/31/2018,03:10:00 pm,0,5.134,9.2154,1.000443905200001
5488,2018-10-31 15:20:00,8.2151804332,10/31/2018,03:20:00 pm,0,5.134,9.2146,0.9994195668000003
5489,2018-10-31 15:30:00,8.2161083784,10/31/2018,03:30:00 pm,0,5.134,9.2158,0.9996916216000002
5490,2018-10-31 15:40:00,8.217026126399999,10/31/2018,03:40:00 pm,0,5.133,9.2162,0.999173873600002
5491,2018-10-31 15:50:00,8.2168425768,10/31/2018,03:50:00 pm,0,5.133,9.2165,0.9996574232000004
5492,2018-10-31 16:00:00,8.218810636399999,10/31/2018,04:00:00 pm,0,5.133,9.2182,0.9993893636000006
5493,2018-10-31 16:10:00,8.219534637599999,10/31/2018,04:10:00 pm,0,5.133,9.2187,0.9991653624000012
5494,2018-10-31 16:20:00,8.21945306,10/31/2018,04:20:00 pm,0,5.132,9.2187,0.9992469400000008
5495,2018-10-31 16:30:00,8.220676724,10/31/2018,04:30:00 pm,0,5.132,9.2201,0.9994232759999999
5496,2018-10-31 16:40:00,8.2218392048,10/31/2018,04:40:00 pm,0,5.132,9.2208,0.9989607952000004
5497,2018-10-31 16:50:00,8.2220125572,10/31/2018,04:50:00 pm,0,5.132,9.2209,0.998887442800001
5498,2018-10-31 17:00:00,8.222175712399999,10/31/2018,05:00:00 pm,0,5.132,9.2215,0.9993242876000021
5499,2018-10-31 17:10:00,8.2225836004,10/31/2018,05:10:00 pm,0,5.131,9.2217,0.9991163996000001
5500,2018-10-31 17:20:00,8.2226957696,10/31/2018,05:20:00 pm,0,5.131,9.2216,0.9989042304000009
5501,2018-10-31 17:30:00,8.2227875444,10/31/2018,05:30:00 pm,0,5.131,9.2224,0.9996124556000012
5502,2018-10-31 17:40:00,8.223480954,10/31/2018,05:40:00 pm,0,5.131,9.2224,0.998919046000001
5503,2018-10-31 17:50:00,8.224286532799999,10/31/2018,05:50:00 pm,0,5.13,9.2226,0.9983134672000009
5504,2018-10-31 18:00:00,8.2248779704,10/31/2018,06:00:00 pm,0,5.131,9.2234,0.9985220296000001
5505,2018-10-31 18:10:00,8.22710096,10/31/2018,06:10:00 pm,0,5.13,9.2259,0.9987990399999997
5506,2018-10-31 18:20:00,8.228110482799998,10/31/2018,06:20:00 pm,0,5.13,9.2269,0.9987895172000023
5507,2018-10-31 18:30:00,8.2271417488,10/31/2018,06:30:00 pm,0,5.129,9.2261,0.9989582512000013
5508,2018-10-31 18:40:00,8.227570031199999,10/31/2018,06:40:00 pm,0,5.129,9.2265,0.9989299688000006
5509,2018-10-31 18:50:00,8.2286101456,10/31/2018,06:50:00 pm,0,5.129,9.2278,0.9991898544000009
5510,2018-10-31 19:00:00,8.229079216799999,10/31/2018,07:00:00 pm,0,5.129,9.2279,0.9988207832000011
5511,2018-10-31 19:10:00,8.2285489624,10/31/2018,07:10:00 pm,0,5.128,9.2281,0.9995510375999999
5512,2018-10-31 19:20:00,8.227937130399999,10/31/2018,07:20:00 pm,0,5.128,9.227,0.9990628696000012
5513,2018-10-31 19:30:00,8.2282634408,10/31/2018,07:30:00 pm,0,5.128,9.2271,0.9988365592000008
5514,2018-10-31 19:40:00,8.229201583199998,10/31/2018,07:40:00 pm,0,5.127,9.2281,0.9988984168000012
5515,2018-10-31 19:50:00,8.229436118799999,10/31/2018,07:50:00 pm,0,5.127,9.2279,0.9984638812000011
5516,2018-10-31 20:00:00,8.2293239496,10/31/2018,08:00:00 pm,0,5.127,9.2286,0.9992760504000007
5517,2018-10-31 20:10:00,8.229466710399999,10/31/2018,08:10:00 pm,0,5.127,9.2284,0.9989332896000018
5518,2018-10-31 20:20:00,8.2300887396,10/31/2018,08:20:00 pm,0,5.127,9.2289,0.9988112604000001
5519,2018-10-31 20:30:00,8.2307617548,10/31/2018,08:30:00 pm,0,5.127,9.2296,0.9988382452
5520,2018-10-31 20:40:00,8.231730488799998,10/31/2018,08:40:00 pm,0,5.126,9.2299,0.9981695112000022
5521,2018-10-31 20:50:00,8.232128179599998,10/31/2018,08:50:00 pm,0,5.126,9.2305,0.9983718204000009
5522,2018-10-31 21:00:00,8.232352517999999,10/31/2018,09:00:00 pm,0,5.126,9.2303,0.9979474820000007
5523,2018-10-31 21:10:00,8.2323831096,10/31/2018,09:10:00 pm,0,5.125,9.2306,0.9982168904000002
5524,2018-10-31 21:20:00,8.2333416464,10/31/2018,09:20:00 pm,0,5.125,9.2314,0.9980583536000012
5525,2018-10-31 21:30:00,8.234942606799999,10/31/2018,09:30:00 pm,0,5.125,9.2329,0.9979573932000019
5526,2018-10-31 21:40:00,8.2356971996,10/31/2018,09:40:00 pm,0,5.124,9.2338,0.9981028003999999
5527,2018-10-31 21:50:00,8.236329426,10/31/2018,09:50:00 pm,0,5.124,9.2346,0.9982705740000011
5528,2018-10-31 22:00:00,8.237899794799999,10/31/2018,10:00:00 pm,0,5.124,9.2356,0.997700205200001
5529,2018-10-31 22:10:00,8.237757034,10/31/2018,10:10:00 pm,0,5.123,9.2357,0.9979429660000001
5530,2018-10-31 22:20:00,8.237185990799999,10/31/2018,10:20:00 pm,0,5.123,9.2353,0.9981140092000018
5531,2018-10-31 22:30:00,8.2377876256,10/31/2018,10:30:00 pm,0,5.123,9.2353,0.9975123744000012
5532,2018-10-31 22:40:00,8.23729816,10/31/2018,10:40:00 pm,0,5.123,9.2347,0.9974018400000002
5533,2018-10-31 22:50:00,8.238236302399999,10/31/2018,10:50:00 pm,0,5.123,9.236,0.9977636976000017
5534,2018-10-31 23:00:00,8.239031683999999,10/31/2018,11:00:00 pm,0,5.122,9.2368,0.9977683160000019
5535,2018-10-31 23:10:00,8.2387665568,10/31/2018,11:10:00 pm,0,5.122,9.2368,0.9980334432000006
5536,2018-10-31 23:20:00,8.239378388799999,10/31/2018,11:20:00 pm,0,5.122,9.237,0.9976216112000014
5537,2018-10-31 23:30:00,8.2385524156,10/31/2018,11:30:00 pm,0,5.122,9.237,0.9984475844000009
5538,2018-10-31 23:40:00,8.2379915696,10/31/2018,11:40:00 pm,0,5.121,9.2361,0.9981084304000003
5539,2018-10-31 23:50:00,8.2384402464,10/31/2018,11:50:00 pm,0,5.121,9.236,0.9975597536000009
5540,2018-11-01 00:00:00,8.236992244,11/1/2018,12:00:00 am,0,5.12,9.235,0.9980077559999998
5541,2018-11-01 00:10:00,8.236686328,11/1/2018,12:10:00 am,0,5.12,9.2352,0.9985136720000014
5542,2018-11-01 00:20:00,8.238236302399999,11/1/2018,12:20:00 am,0,5.12,9.2363,0.998063697600001
5543,2018-11-01 00:30:00,8.2384504436,11/1/2018,12:30:00 am,0,5.119,9.2366,0.9981495563999996
5544,2018-11-01 00:40:00,8.238521824,11/1/2018,12:40:00 am,0,5.119,9.2365,0.9979781760000002
5545,2018-11-01 00:50:00,8.238644190399999,11/1/2018,12:50:00 am,0,5.119,9.2367,0.9980558096000021
5546,2018-11-01 01:00:00,8.237491906799999,11/1/2018,01:00:00 am,0,5.118,9.2357,0.9982080932000006
5547,2018-11-01 01:10:00,8.238062949999998,11/1/2018,01:10:00 am,0,5.118,9.2362,0.9981370500000022
5548,2018-11-01 01:20:00,8.2365537644,11/1/2018,01:20:00 am,0,5.118,9.2342,0.9976462355999995
5549,2018-11-01 01:30:00,8.236890271999998,11/1/2018,01:30:00 am,0,5.118,9.2346,0.997709728000002
5550,2018-11-01 01:40:00,8.236482384,11/1/2018,01:40:00 am,0,5.118,9.2345,0.9980176160000003
5551,2018-11-01 01:50:00,8.238470838,11/1/2018,01:50:00 am,0,5.117,9.2359,0.9974291620000013
5552,2018-11-01 02:00:00,8.2379915696,11/1/2018,02:00:00 am,0,5.117,9.2359,0.9979084304000008
5553,2018-11-01 02:10:00,8.2376142732,11/1/2018,02:10:00 am,0,5.117,9.2356,0.9979857267999996
5554,2018-11-01 02:20:00,8.2370330328,11/1/2018,02:20:00 am,0,5.116,9.2351,0.9980669671999998
5555,2018-11-01 02:30:00,8.2372675684,11/1/2018,02:30:00 am,0,5.116,9.2347,0.9974324316000001
5556,2018-11-01 02:40:00,8.237155399199999,11/1/2018,02:40:00 am,0,5.116,9.2348,0.9976446008000011
5557,2018-11-01 02:50:00,8.237848808799999,11/1/2018,02:50:00 am,0,5.116,9.2354,0.9975511912000012
5558,2018-11-01 03:00:00,8.236145876399998,11/1/2018,03:00:00 am,0,5.116,9.2333,0.9971541236000014
5559,2018-11-01 03:10:00,8.237236976799998,11/1/2018,03:10:00 am,0,5.115,9.2348,0.9975630232000015
5560,2018-11-01 03:20:00,8.2372165824,11/1/2018,03:20:00 am,0,5.115,9.2348,0.9975834175999996
5561,2018-11-01 03:30:00,8.2376958508,11/1/2018,03:30:00 am,0,5.114,9.2355,0.9978041492000003
5562,2018-11-01 03:40:00,8.2378794004,11/1/2018,03:40:00 am,0,5.114,9.2353,0.9974205995999998
5563,2018-11-01 03:50:00,8.2383076828,11/1/2018,03:50:00 am,0,5.113,9.2364,0.9980923171999994
5564,2018-11-01 04:00:00,8.2381955136,11/1/2018,04:00:00 am,0,5.113,9.2359,0.9977044864000018
5565,2018-11-01 04:10:00,8.2370738216,11/1/2018,04:10:00 am,0,5.113,9.2348,0.9977261784000007
5566,2018-11-01 04:20:00,8.237593878799998,11/1/2018,04:20:00 am,0,5.112,9.2351,0.9975061212000007
5567,2018-11-01 04:30:00,8.2377774284,11/1/2018,04:30:00 am,0,5.112,9.2347,0.9969225716000008
5568,2018-11-01 04:40:00,8.2387869512,11/1/2018,04:40:00 am,0,5.112,9.2357,0.9969130487999998
5569,2018-11-01 04:50:00,8.24112211,11/1/2018,04:50:00 am,0,5.112,9.2383,0.9971778900000015
5570,2018-11-01 05:00:00,8.2413464484,11/1/2018,05:00:00 am,0,5.111,9.2393,0.9979535516000002
5571,2018-11-01 05:10:00,8.242345773999999,11/1/2018,05:10:00 am,0,5.111,9.2414,0.9990542260000019
5572,2018-11-01 05:20:00,8.240836588399999,11/1/2018,05:20:00 am,0,5.111,9.2404,0.9995634116000005
5573,2018-11-01 05:30:00,8.2399800236,11/1/2018,05:30:00 am,0,5.111,9.2396,0.9996199764
5574,2018-11-01 05:40:00,8.240245150799998,11/1/2018,05:40:00 am,0,5.11,9.2398,0.9995548492000026
5575,2018-11-01 05:50:00,8.2421316328,11/1/2018,05:50:00 am,0,5.11,9.2411,0.9989683671999998
5576,2018-11-01 06:00:00,8.2396231216,11/1/2018,06:00:00 am,0,5.109,9.2393,0.9996768784000007
5577,2018-11-01 06:10:00,8.240591855599998,11/1/2018,06:10:00 am,0,5.109,9.2398,0.9992081444000025
5578,2018-11-01 06:20:00,8.2425803096,11/1/2018,06:20:00 am,0,5.109,9.242,0.9994196904000017
5579,2018-11-01 06:30:00,8.2423661684,11/1/2018,06:30:00 am,0,5.108,9.2421,0.9997338316000004
5580,2018-11-01 06:40:00,8.244150678399999,11/1/2018,06:40:00 am,0,5.108,9.2434,0.9992493216000007
5581,2018-11-01 06:50:00,8.243977326,11/1/2018,06:50:00 am,0,5.108,9.2439,0.9999226740000005
5582,2018-11-01 07:00:00,8.2432023388,11/1/2018,07:00:00 am,0,5.108,9.2425,0.9992976612
5583,2018-11-01 07:10:00,8.2440589036,11/1/2018,07:10:00 am,0,5.107,9.2431,0.9990410964000009
5584,2018-11-01 07:20:00,8.2447217216,11/1/2018,07:20:00 am,0,5.107,9.244,0.9992782784000003
5585,2018-11-01 07:30:00,8.2431819444,11/1/2018,07:30:00 am,0,5.106,9.2435,1.0003180555999993
5586,2018-11-01 07:40:00,8.244456594399999,11/1/2018,07:40:00 am,0,5.106,9.244,0.9995434056000008
5587,2018-11-01 07:50:00,8.244568763599998,11/1/2018,07:50:00 am,0,5.105,9.2441,0.9995312364000011
5588,2018-11-01 08:00:00,8.2446299468,11/1/2018,08:00:00 am,0,5.105,9.2446,0.9999700532000002
5589,2018-11-01 08:10:00,8.2471792468,11/1/2018,08:10:00 am,0,5.105,9.2471,0.9999207531999996
5590,2018-11-01 08:20:00,8.248127586399999,11/1/2018,08:20:00 am,0,5.104,9.2481,0.9999724136000019
5591,2018-11-01 08:30:00,8.249453222399998,11/1/2018,08:30:00 am,0,5.104,9.2503,1.0008467776000014
5592,2018-11-01 08:40:00,8.249677560799999,11/1/2018,08:40:00 am,0,5.104,9.2506,1.0009224392000018
5593,2018-11-01 08:50:00,8.2490861232,11/1/2018,08:50:00 am,0,5.103,9.2506,1.0015138768000007
5594,2018-11-01 09:00:00,8.2489637568,11/1/2018,09:00:00 am,0,5.103,9.2511,1.002136243199999
5595,2018-11-01 09:10:00,8.2482703472,11/1/2018,09:10:00 am,0,5.103,9.2508,1.0025296527999998
5596,2018-11-01 09:20:00,8.2475565432,11/1/2018,09:20:00 am,0,5.102,9.2509,1.0033434567999997
5597,2018-11-01 09:30:00,8.247383190799999,11/1/2018,09:30:00 am,0,5.102,9.2509,1.0035168092000006
5598,2018-11-01 09:40:00,8.2464552456,11/1/2018,09:40:00 am,0,5.101,9.2495,1.0030447543999994
5599,2018-11-01 09:50:00,8.246720372799999,11/1/2018,09:50:00 am,0,5.101,9.2502,1.0034796272000008
5600,2018-11-01 10:00:00,8.2472608244,11/1/2018,10:00:00 am,0,5.101,9.2501,1.0028391756000001
5601,2018-11-01 10:10:00,8.2462105128,11/1/2018,10:10:00 am,0,5.1,9.2497,1.0034894872000013
5602,2018-11-01 10:20:00,8.2458842024,11/1/2018,10:20:00 am,0,5.1,9.2499,1.004015797600001
5603,2018-11-01 10:30:00,8.245935188399999,11/1/2018,10:30:00 am,0,5.099,9.2496,1.0036648116000002
5604,2018-11-01 10:40:00,8.2447829048,11/1/2018,10:40:00 am,0,5.099,9.2488,1.0040170952
5605,2018-11-01 10:50:00,8.245619075199999,11/1/2018,10:50:00 am,0,5.099,9.2496,1.0039809248000005
5606,2018-11-01 11:00:00,8.247077274799999,11/1/2018,11:00:00 am,0,5.098,9.2503,1.0032227252000006
5607,2018-11-01 11:10:00,8.2446197496,11/1/2018,11:10:00 am,0,5.098,9.2504,1.0057802504000009
5608,2018-11-01 11:20:00,8.2462105128,11/1/2018,11:20:00 am,0,5.098,9.25,1.0037894872000006
5609,2018-11-01 11:30:00,8.2468121476,11/1/2018,11:30:00 am,0,5.097,9.2501,1.0032878523999997
5610,2018-11-01 11:40:00,8.2454457228,11/1/2018,11:40:00 am,0,5.097,9.2489,1.0034542772000012
5611,2018-11-01 11:50:00,8.245404934,11/1/2018,11:50:00 am,0,5.097,9.2473,1.0018950659999994
5612,2018-11-01 12:00:00,8.244997046,11/1/2018,12:00:00 pm,0,5.096,9.2468,1.0018029540000004
5613,2018-11-01 12:10:00,8.2425701124,11/1/2018,12:10:00 pm,0,5.096,9.2463,1.0037298876000005
5614,2018-11-01 12:20:00,8.2416931532,11/1/2018,12:20:00 pm,0,5.096,9.2453,1.0036068468000003
5615,2018-11-01 12:30:00,8.244099692399999,11/1/2018,12:30:00 pm,0,5.095,9.2451,1.0010003076000018
5616,2018-11-01 12:40:00,8.2437325932,11/1/2018,12:40:00 pm,0,5.095,9.2439,1.0001674067999993
5617,2018-11-01 12:50:00,8.2427128732,11/1/2018,12:50:00 pm,0,5.094,9.2433,1.0005871267999993
5618,2018-11-01 13:00:00,8.241529997999999,11/1/2018,01:00:00 pm,0,5.094,9.242,1.000470002000002
5619,2018-11-01 13:10:00,8.240826391199999,11/1/2018,01:10:00 pm,0,5.093,9.2409,1.000073608800001
5620,2018-11-01 13:20:00,8.2392050364,11/1/2018,01:20:00 pm,0,5.093,9.2404,1.0011949635999997
5621,2018-11-01 13:30:00,8.2388379372,11/1/2018,01:30:00 pm,0,5.093,9.2402,1.0013620628000002
5622,2018-11-01 13:40:00,8.238409654799998,11/1/2018,01:40:00 pm,0,5.092,9.2387,1.0002903452000016
5623,2018-11-01 13:50:00,8.2388889232,11/1/2018,01:50:00 pm,0,5.092,9.2385,0.9996110768000008
5624,2018-11-01 14:00:00,8.238644190399999,11/1/2018,02:00:00 pm,0,5.092,9.2386,0.9999558096000012
5625,2018-11-01 14:10:00,8.2375632872,11/1/2018,02:10:00 pm,0,5.091,9.2377,1.0001367127999998
5626,2018-11-01 14:20:00,8.2374613152,11/1/2018,02:20:00 pm,0,5.091,9.2374,0.9999386848
5627,2018-11-01 14:30:00,8.236880074799998,11/1/2018,02:30:00 pm,0,5.091,9.2364,0.9995199252000013
5628,2018-11-01 14:40:00,8.2365537644,11/1/2018,02:40:00 pm,0,5.09,9.2366,1.0000462355999993
5629,2018-11-01 14:50:00,8.236411003599999,11/1/2018,02:50:00 pm,0,5.09,9.2363,0.9998889964000011
5630,2018-11-01 15:00:00,8.235921538,11/1/2018,03:00:00 pm,0,5.089,9.2354,0.9994784620000008
5631,2018-11-01 15:10:00,8.236329426,11/1/2018,03:10:00 pm,0,5.089,9.2357,0.9993705740000003
5632,2018-11-01 15:20:00,8.236941258,11/1/2018,03:20:00 pm,0,5.088,9.2358,0.9988587419999995
5633,2018-11-01 15:30:00,8.237318554399998,11/1/2018,03:30:00 pm,0,5.088,9.2364,0.9990814456000017
5634,2018-11-01 15:40:00,8.236849483199999,11/1/2018,03:40:00 pm,0,5.087,9.2364,0.9995505168000012
5635,2018-11-01 15:50:00,8.236502778399998,11/1/2018,03:50:00 pm,0,5.087,9.2361,0.999597221600002
5636,2018-11-01 16:00:00,8.2368188916,11/1/2018,04:00:00 pm,0,5.087,9.2366,0.9997811083999988
5637,2018-11-01 16:10:00,8.236757708399999,11/1/2018,04:10:00 pm,0,5.086,9.2371,1.0003422916000009
5638,2018-11-01 16:20:00,8.2378386116,11/1/2018,04:20:00 pm,0,5.086,9.2372,0.9993613883999988
5639,2018-11-01 16:30:00,8.2380323584,11/1/2018,04:30:00 pm,0,5.085,9.2371,0.9990676416
5640,2018-11-01 16:40:00,8.238623796,11/1/2018,04:40:00 pm,0,5.085,9.2375,0.9988762040000001
5641,2018-11-01 16:50:00,8.238419852,11/1/2018,04:50:00 pm,0,5.085,9.2373,0.9988801479999996
5642,2018-11-01 17:00:00,8.237114610399999,11/1/2018,05:00:00 pm,0,5.084,9.2365,0.9993853896000005
5643,2018-11-01 17:10:00,8.237318554399998,11/1/2018,05:10:00 pm,0,5.084,9.2364,0.9990814456000017
5644,2018-11-01 17:20:00,8.237247174,11/1/2018,05:20:00 pm,0,5.083,9.2363,0.9990528259999998
5645,2018-11-01 17:30:00,8.2375734844,11/1/2018,05:30:00 pm,0,5.083,9.236,0.9984265156000003
5646,2018-11-01 17:40:00,8.237859005999999,11/1/2018,05:40:00 pm,0,5.083,9.2366,0.9987409940000003
5647,2018-11-01 17:50:00,8.2388583316,11/1/2018,05:50:00 pm,0,5.083,9.2374,0.9985416683999997
5648,2018-11-01 18:00:00,8.2399800236,11/1/2018,06:00:00 pm,0,5.081,9.238,0.9980199764000002
5649,2018-11-01 18:10:00,8.240153376,11/1/2018,06:10:00 pm,0,5.082,9.2388,0.9986466239999992
5650,2018-11-01 18:20:00,8.241254673599999,11/1/2018,06:20:00 pm,0,5.081,9.2396,0.9983453264000008
5651,2018-11-01 18:30:00,8.2425089292,11/1/2018,06:30:00 pm,0,5.08,9.2404,0.9978910707999997
5652,2018-11-01 18:40:00,8.2432737192,11/1/2018,06:40:00 pm,0,5.08,9.2417,0.9984262808000004
5653,2018-11-01 18:50:00,8.2436816072,11/1/2018,06:50:00 pm,0,5.079,9.2425,0.9988183928000005
5654,2018-11-01 19:00:00,8.2447523132,11/1/2018,07:00:00 pm,0,5.079,9.243,0.998247686800001
5655,2018-11-01 19:10:00,8.245557891999999,11/1/2018,07:10:00 pm,0,5.078,9.244,0.9984421080000008
5656,2018-11-01 19:20:00,8.2459861744,11/1/2018,07:20:00 pm,0,5.078,9.244,0.9980138255999993
5657,2018-11-01 19:30:00,8.247016091599999,11/1/2018,07:30:00 pm,0,5.078,9.2449,0.9978839084000004
5658,2018-11-01 19:40:00,8.2478318676,11/1/2018,07:40:00 pm,0,5.077,9.2459,0.9980681324000003
5659,2018-11-01 19:50:00,8.248617052,11/1/2018,07:50:00 pm,0,5.077,9.2463,0.9976829479999996
5660,2018-11-01 20:00:00,8.248586460399999,11/1/2018,08:00:00 pm,0,5.076,9.246,0.9974135396000019
5661,2018-11-01 20:10:00,8.248198966799999,11/1/2018,08:10:00 pm,0,5.076,9.2457,0.9975010332000007
5662,2018-11-01 20:20:00,8.2487088268,11/1/2018,08:20:00 pm,0,5.076,9.2465,0.9977911731999995
5663,2018-11-01 20:30:00,8.2495042084,11/1/2018,08:30:00 pm,0,5.075,9.2465,0.9969957915999998
5664,2018-11-01 20:40:00,8.2502282096,11/1/2018,08:40:00 pm,0,5.075,9.2474,0.9971717904000013
5665,2018-11-01 20:50:00,8.2504321536,11/1/2018,08:50:00 pm,0,5.074,9.2481,0.9976678464000006
5666,2018-11-01 21:00:00,8.250809449999998,11/1/2018,09:00:00 pm,0,5.074,9.2483,0.997490550000002
5667,2018-11-01 21:10:00,8.2510337884,11/1/2018,09:10:00 pm,0,5.073,9.2482,0.9971662116000015
5668,2018-11-01 21:20:00,8.251472267999999,11/1/2018,09:20:00 pm,0,5.073,9.2488,0.9973277320000005
5669,2018-11-01 21:30:00,8.2515436484,11/1/2018,09:30:00 pm,0,5.073,9.2488,0.997256351599999
5670,2018-11-01 21:40:00,8.2515844372,11/1/2018,09:40:00 pm,0,5.072,9.2487,0.9971155627999995
5671,2018-11-01 21:50:00,8.2517679868,11/1/2018,09:50:00 pm,0,5.071,9.2485,0.9967320132000008
5672,2018-11-01 22:00:00,8.2516048316,11/1/2018,10:00:00 pm,0,5.071,9.2486,0.9969951683999998
5673,2018-11-01 22:10:00,8.2523594244,11/1/2018,10:10:00 pm,0,5.071,9.249,0.9966405756000007
5674,2018-11-01 22:20:00,8.2523798188,11/1/2018,10:20:00 pm,0,5.07,9.2491,0.9967201812000006
5675,2018-11-01 22:30:00,8.2526653404,11/1/2018,10:30:00 pm,0,5.07,9.2492,0.9965346596
5676,2018-11-01 22:40:00,8.253470919199998,11/1/2018,10:40:00 pm,0,5.069,9.2502,0.9967290808000016
5677,2018-11-01 22:50:00,8.253654468799999,11/1/2018,10:50:00 pm,0,5.069,9.2503,0.9966455312000004
5678,2018-11-01 23:00:00,8.2538380184,11/1/2018,11:00:00 pm,0,5.068,9.2503,0.9964619815999995
5679,2018-11-01 23:10:00,8.253715652,11/1/2018,11:10:00 pm,0,5.068,9.2501,0.9963843479999994
5680,2018-11-01 23:20:00,8.253562694,11/1/2018,11:20:00 pm,0,5.068,9.2501,0.9965373060000005
5681,2018-11-01 23:30:00,8.2527571152,11/1/2018,11:30:00 pm,0,5.066,9.2496,0.9968428847999995
5682,2018-11-01 23:40:00,8.2518495644,11/1/2018,11:40:00 pm,0,5.066,9.2493,0.9974504355999994
5683,2018-11-01 23:50:00,8.2525021852,11/1/2018,11:50:00 pm,0,5.066,9.2488,0.9962978148000001
5684,2018-11-02 00:00:00,8.252441002,11/2/2018,12:00:00 am,0,5.066,9.2495,0.997058998
5685,2018-11-02 00:10:00,8.2524715936,11/2/2018,12:10:00 am,0,5.066,9.2493,0.9968284064000006
5686,2018-11-02 00:20:00,8.2519923252,11/2/2018,12:20:00 am,0,5.064,9.249,0.9970076748000007
5687,2018-11-02 00:30:00,8.252216663599999,11/2/2018,12:30:00 am,0,5.064,9.2493,0.9970833364000011
5688,2018-11-02 00:40:00,8.2521554804,11/2/2018,12:40:00 am,0,5.064,9.2488,0.9966445195999984
5689,2018-11-02 00:50:00,8.2519209448,11/2/2018,12:50:00 am,0,5.063,9.2491,0.9971790552000002
5690,2018-11-02 01:00:00,8.2523186356,11/2/2018,01:00:00 am,0,5.063,9.249,0.9966813644000005
5691,2018-11-02 01:10:00,8.2516966064,11/2/2018,01:10:00 am,0,5.062,9.2488,0.9971033935999998
5692,2018-11-02 01:20:00,8.251013394,11/2/2018,01:20:00 am,0,5.062,9.2481,0.9970866060000017
5693,2018-11-02 01:30:00,8.250850238799998,11/2/2018,01:30:00 am,0,5.062,9.2475,0.9966497612000023
5694,2018-11-02 01:40:00,8.2506666892,11/2/2018,01:40:00 am,0,5.061,9.2475,0.9968333108000014
5695,2018-11-02 01:50:00,8.250034462799999,11/2/2018,01:50:00 am,0,5.061,9.2472,0.9971655372000008
5696,2018-11-02 02:00:00,8.2498611104,11/2/2018,02:00:00 am,0,5.06,9.2464,0.9965388896
5697,2018-11-02 02:10:00,8.2493206588,11/2/2018,02:10:00 am,0,5.06,9.2464,0.9970793411999992
5698,2018-11-02 02:20:00,8.249606180399999,11/2/2018,02:20:00 am,0,5.059,9.2464,0.9967938196000006
5699,2018-11-02 02:30:00,8.2491677008,11/2/2018,02:30:00 am,0,5.058,9.2461,0.9969322992000009
5700,2018-11-02 02:40:00,8.2489127708,11/2/2018,02:40:00 am,0,5.058,9.2462,0.9972872291999995
5701,2018-11-02 02:50:00,8.2481785724,11/2/2018,02:50:00 am,0,5.058,9.2453,0.9971214275999998
5702,2018-11-02 03:00:00,8.248311136,11/2/2018,03:00:00 am,0,5.057,9.2452,0.9968888640000007
5703,2018-11-02 03:10:00,8.2482703472,11/2/2018,03:10:00 am,0,5.056,9.2454,0.9971296528
5704,2018-11-02 03:20:00,8.248668037999998,11/2/2018,03:20:00 am,0,5.056,9.2456,0.9969319620000014
5705,2018-11-02 03:30:00,8.247852261999999,11/2/2018,03:30:00 am,0,5.056,9.2451,0.9972477380000022
5706,2018-11-02 03:40:00,8.246292090399999,11/2/2018,03:40:00 am,0,5.055,9.2437,0.9974079096000015
5707,2018-11-02 03:50:00,8.2450684264,11/2/2018,03:50:00 am,0,5.054,9.2426,0.9975315735999999
5708,2018-11-02 04:00:00,8.2451296096,11/2/2018,04:00:00 am,0,5.054,9.2424,0.9972703904000007
5709,2018-11-02 04:10:00,8.2441914672,11/2/2018,04:10:00 am,0,5.054,9.241,0.9968085327999994
5710,2018-11-02 04:20:00,8.2443444252,11/2/2018,04:20:00 am,0,5.053,9.2416,0.9972555748000005
5711,2018-11-02 04:30:00,8.2443444252,11/2/2018,04:30:00 am,0,5.053,9.2412,0.9968555747999996
5712,2018-11-02 04:40:00,8.2432227332,11/2/2018,04:40:00 am,0,5.052,9.2407,0.9974772668000007
5713,2018-11-02 04:50:00,8.243559240799998,11/2/2018,04:50:00 am,0,5.052,9.2401,0.996540759200002
5714,2018-11-02 05:00:00,8.2441608756,11/2/2018,05:00:00 am,0,5.051,9.2403,0.9961391243999991
5715,2018-11-02 05:10:00,8.2446809328,11/2/2018,05:10:00 am,0,5.051,9.2412,0.9965190671999995
5716,2018-11-02 05:20:00,8.244874679599999,11/2/2018,05:20:00 am,0,5.05,9.2416,0.9967253204000013
5717,2018-11-02 05:30:00,8.244956257199998,11/2/2018,05:30:00 am,0,5.05,9.2419,0.996943742800001
5718,2018-11-02 05:40:00,8.245180595599999,11/2/2018,05:40:00 am,0,5.049,9.2421,0.9969194044000016
5719,2018-11-02 05:50:00,8.246404259599998,11/2/2018,05:50:00 am,0,5.049,9.2433,0.9968957404000012
5720,2018-11-02 06:00:00,8.2487394184,11/2/2018,06:00:00 am,0,5.049,9.2451,0.9963605816000012
5721,2018-11-02 06:10:00,8.248280544399998,11/2/2018,06:10:00 am,0,5.047,9.2452,0.9969194556000023
5722,2018-11-02 06:20:00,8.2480766004,11/2/2018,06:20:00 am,0,5.047,9.2445,0.9964233996000011
5723,2018-11-02 06:30:00,8.2483723192,11/2/2018,06:30:00 am,0,5.047,9.2448,0.9964276808000001
5724,2018-11-02 06:40:00,8.2480664032,11/2/2018,06:40:00 am,0,5.046,9.2448,0.9967335968000004
5725,2018-11-02 06:50:00,8.2479950228,11/2/2018,06:50:00 am,0,5.046,9.2446,0.9966049772000005
5726,2018-11-02 07:00:00,8.2466897812,11/2/2018,07:00:00 am,0,5.045,9.2442,0.9975102187999987
5727,2018-11-02 07:10:00,8.2458434136,11/2/2018,07:10:00 am,0,5.045,9.2425,0.9966565864000003
5728,2018-11-02 07:20:00,8.2451703984,11/2/2018,07:20:00 am,0,5.044,9.2417,0.9965296015999989
5729,2018-11-02 07:30:00,8.245099018,11/2/2018,07:30:00 am,0,5.044,9.2417,0.9966009820000004
5730,2018-11-02 07:40:00,8.244956257199998,11/2/2018,07:40:00 am,0,5.043,9.242,0.9970437428000025
5731,2018-11-02 07:50:00,8.2448644824,11/2/2018,07:50:00 am,0,5.043,9.2417,0.9968355175999992
5732,2018-11-02 08:00:00,8.2455986808,11/2/2018,08:00:00 am,0,5.042,9.2428,0.9972013192000002
5733,2018-11-02 08:10:00,8.245670061199998,11/2/2018,08:10:00 am,0,5.042,9.2427,0.9970299388000008
5734,2018-11-02 08:20:00,8.245914794,11/2/2018,08:20:00 am,0,5.041,9.2432,0.997285205999999
5735,2018-11-02 08:30:00,8.247138457999998,11/2/2018,08:30:00 am,0,5.041,9.2443,0.9971615420000024
5736,2018-11-02 08:40:00,8.2476279236,11/2/2018,08:40:00 am,0,5.04,9.2447,0.9970720764000003
5737,2018-11-02 08:50:00,8.2467407672,11/2/2018,08:50:00 am,0,5.039,9.2449,0.9981592327999991
5738,2018-11-02 09:00:00,8.246801950399998,11/2/2018,09:00:00 am,0,5.039,9.2445,0.9976980496000021
5739,2018-11-02 09:10:00,8.246638795199999,11/2/2018,09:10:00 am,0,5.039,9.2453,0.9986612048000012
5740,2018-11-02 09:20:00,8.2456904556,11/2/2018,09:20:00 am,0,5.038,9.2448,0.9991095443999995
5741,2018-11-02 09:30:00,8.245394736799998,11/2/2018,09:30:00 am,0,5.037,9.2445,0.9991052632000024
5742,2018-11-02 09:40:00,8.2451703984,11/2/2018,09:40:00 am,0,5.037,9.2442,0.9990296015999984
5743,2018-11-02 09:50:00,8.242661887199999,11/2/2018,09:50:00 am,0,5.036,9.2432,1.000538112800001
5744,2018-11-02 10:00:00,8.2399596292,11/2/2018,10:00:00 am,0,5.036,9.2412,1.0012403707999997
5745,2018-11-02 10:10:00,8.2406734332,11/2/2018,10:10:00 am,0,5.035,9.242,1.0013265668000013
5746,2018-11-02 10:20:00,8.2417543364,11/2/2018,10:20:00 am,0,5.035,9.2437,1.0019456636000008
5747,2018-11-02 10:30:00,8.241203687599999,11/2/2018,10:30:00 am,0,5.034,9.2433,1.0020963124000009
5748,2018-11-02 10:40:00,8.2410507296,11/2/2018,10:40:00 am,0,5.034,9.2426,1.0015492704
5749,2018-11-02 10:50:00,8.2397556852,11/2/2018,10:50:00 am,0,5.033,9.2414,1.0016443148
5750,2018-11-02 11:00:00,8.2412342792,11/2/2018,11:00:00 am,0,5.033,9.2417,1.0004657207999994
5751,2018-11-02 11:10:00,8.237236976799998,11/2/2018,11:10:00 am,0,5.032,9.2406,1.0033630232000021
5752,2018-11-02 11:20:00,8.237400132,11/2/2018,11:20:00 am,0,5.032,9.2396,1.002199868
5753,2018-11-02 11:30:00,8.2387563596,11/2/2018,11:30:00 am,0,5.031,9.2402,1.0014436403999998
5754,2018-11-02 11:40:00,8.236992244,11/2/2018,11:40:00 am,0,5.031,9.2392,1.0022077560000007
5755,2018-11-02 11:50:00,8.2373899348,11/2/2018,11:50:00 am,0,5.03,9.2385,1.0011100652000007
5756,2018-11-02 12:00:00,8.236584356,11/2/2018,12:00:00 pm,0,5.03,9.2378,1.0012156440000002
5757,2018-11-02 12:10:00,8.232444292799999,11/2/2018,12:10:00 pm,0,5.029,9.2357,1.003255707200001
5758,2018-11-02 12:20:00,8.2315163476,11/2/2018,12:20:00 pm,0,5.029,9.2354,1.0038836524000008
5759,2018-11-02 12:30:00,8.2337087456,11/2/2018,12:30:00 pm,0,5.028,9.2346,1.0008912544000008
5760,2018-11-02 12:40:00,8.2337189428,11/2/2018,12:40:00 pm,0,5.027,9.2335,0.9997810571999999
5761,2018-11-02 12:50:00,8.231485756,11/2/2018,12:50:00 pm,0,5.027,9.2317,1.0002142440000004
5762,2018-11-02 13:00:00,8.230853529600001,11/2/2018,01:00:00 pm,0,5.027,9.2305,0.9996464703999983
5763,2018-11-02 13:10:00,8.229120005599999,11/2/2018,01:10:00 pm,0,5.026,9.2293,1.0001799944000016
5764,2018-11-02 13:20:00,8.228375609999999,11/2/2018,01:20:00 pm,0,5.026,9.2299,1.001524390000002
5765,2018-11-02 13:30:00,8.2285999484,11/2/2018,01:30:00 pm,0,5.025,9.2295,1.0009000516000004
5766,2018-11-02 13:40:00,8.2272743124,11/2/2018,01:40:00 pm,0,5.024,9.2279,1.0006256875999995
5767,2018-11-02 13:50:00,8.2264075504,11/2/2018,01:50:00 pm,0,5.024,9.2268,1.0003924496000014
5768,2018-11-02 14:00:00,8.226203606399999,11/2/2018,02:00:00 pm,0,5.023,9.2266,1.0003963936000009
5769,2018-11-02 14:10:00,8.224633237599999,11/2/2018,02:10:00 pm,0,5.023,9.2248,1.000166762400001
5770,2018-11-02 14:20:00,8.2243783076,11/2/2018,02:20:00 pm,0,5.023,9.2236,0.999221692399999
5771,2018-11-02 14:30:00,8.2220329516,11/2/2018,02:30:00 pm,0,5.022,9.2231,1.0010670484000013
5772,2018-11-02 14:40:00,8.2219207824,11/2/2018,02:40:00 pm,0,5.021,9.2217,0.9997792176000004
5773,2018-11-02 14:50:00,8.221472105599998,11/2/2018,02:50:00 pm,0,5.021,9.2218,1.0003278944000016
5774,2018-11-02 15:00:00,8.2213191476,11/2/2018,03:00:00 pm,0,5.02,9.2209,0.9995808524000012
5775,2018-11-02 15:10:00,8.2224204452,11/2/2018,03:10:00 pm,0,5.02,9.221,0.9985795548000009
5776,2018-11-02 15:20:00,8.2227467556,11/2/2018,03:20:00 pm,0,5.02,9.2219,0.9991532444000004
5777,2018-11-02 15:30:00,8.2223898536,11/2/2018,03:30:00 pm,0,5.019,9.2214,0.9990101463999999
5778,2018-11-02 15:40:00,8.2230526716,11/2/2018,03:40:00 pm,0,5.018,9.222,0.9989473283999999
5779,2018-11-02 15:50:00,8.2236950952,11/2/2018,03:50:00 pm,0,5.018,9.2229,0.9992049047999991
5780,2018-11-02 16:00:00,8.2223796564,11/2/2018,04:00:00 pm,0,5.017,9.2225,1.0001203436000008
5781,2018-11-02 16:10:00,8.2243885048,11/2/2018,04:10:00 pm,0,5.017,9.2236,0.9992114951999991
5782,2018-11-02 16:20:00,8.2255611828,11/2/2018,04:20:00 pm,0,5.016,9.2238,0.9982388172000007
5783,2018-11-02 16:30:00,8.2267746496,11/2/2018,04:30:00 pm,0,5.016,9.2242,0.9974253504000004
5784,2018-11-02 16:40:00,8.226152620399999,11/2/2018,04:40:00 pm,0,5.015,9.2239,0.9977473796000016
5785,2018-11-02 16:50:00,8.226509522399999,11/2/2018,04:50:00 pm,0,5.015,9.2241,0.9975904776000011
5786,2018-11-02 17:00:00,8.2253062528,11/2/2018,05:00:00 pm,0,5.014,9.2233,0.9979937472000007
5787,2018-11-02 17:10:00,8.2238480532,11/2/2018,05:10:00 pm,0,5.014,9.2216,0.9977519468000011
5788,2018-11-02 17:20:00,8.224439490799998,11/2/2018,05:20:00 pm,0,5.012,9.2226,0.9981605092000017
5789,2018-11-02 17:30:00,8.223919433599999,11/2/2018,05:30:00 pm,0,5.012,9.2223,0.9983805664000016
5790,2018-11-02 17:40:00,8.224663829199999,11/2/2018,05:40:00 pm,0,5.012,9.2226,0.997936170800001
5791,2018-11-02 17:50:00,8.2270091852,11/2/2018,05:50:00 pm,0,5.012,9.2248,0.9977908148000001
5792,2018-11-02 18:00:00,8.227722989199998,11/2/2018,06:00:00 pm,0,5.011,9.2255,0.9977770108000019
5793,2018-11-02 18:10:00,8.2285897512,11/2/2018,06:10:00 pm,0,5.01,9.2263,0.9977102488000007
5794,2018-11-02 18:20:00,8.231037079199998,11/2/2018,06:20:00 pm,0,5.009,9.2278,0.996762920800002
5795,2018-11-02 18:30:00,8.2339534784,11/2/2018,06:30:00 pm,0,5.009,9.2315,0.9975465216000003
5796,2018-11-02 18:40:00,8.234799846,11/2/2018,06:40:00 pm,0,5.009,9.2323,0.9975001540000008
5797,2018-11-02 18:50:00,8.2356971996,11/2/2018,06:50:00 pm,0,5.008,9.2329,0.9972028004000002
5798,2018-11-02 19:00:00,8.2347284656,11/2/2018,07:00:00 pm,0,5.008,9.2326,0.9978715343999998
5799,2018-11-02 19:10:00,8.234942606799999,11/2/2018,07:10:00 pm,0,5.007,9.2323,0.9973573932000015
5800,2018-11-02 19:20:00,8.2335048016,11/2/2018,07:20:00 pm,0,5.006,9.2318,0.9982951983999993
5801,2018-11-02 19:30:00,8.231893644,11/2/2018,07:30:00 pm,0,5.006,9.2296,0.9977063560000001
5802,2018-11-02 19:40:00,8.233627168,11/2/2018,07:40:00 pm,0,5.006,9.2306,0.9969728320000009
5803,2018-11-02 19:50:00,8.2358297632,11/2/2018,07:50:00 pm,0,5.005,9.2331,0.9972702368000004
5804,2018-11-02 20:00:00,8.2368290888,11/2/2018,08:00:00 pm,0,5.005,9.2336,0.9967709111999987
5805,2018-11-02 20:10:00,8.24061225,11/2/2018,08:10:00 pm,0,5.004,9.2372,0.9965877499999998
5806,2018-11-02 20:20:00,8.2405714612,11/2/2018,08:20:00 pm,0,5.004,9.2376,0.9970285388000004
5807,2018-11-02 20:30:00,8.241428026,11/2/2018,08:30:00 pm,0,5.003,9.2381,0.9966719739999998
5808,2018-11-02 20:40:00,8.241529997999999,11/2/2018,08:40:00 pm,0,5.002,9.2387,0.9971700020000007
5809,2018-11-02 20:50:00,8.2411323072,11/2/2018,08:50:00 pm,0,5.002,9.2377,0.9965676928000011
5810,2018-11-02 21:00:00,8.2420296608,11/2/2018,09:00:00 pm,0,5.001,9.2385,0.9964703392
5811,2018-11-02 21:10:00,8.244854285199999,11/2/2018,09:10:00 pm,0,5.001,9.2412,0.9963457148000003
5812,2018-11-02 21:20:00,8.245935188399999,11/2/2018,09:20:00 pm,0,5.0,9.2428,0.9968648116000018
5813,2018-11-02 21:30:00,8.246322681999999,11/2/2018,09:30:00 pm,0,5.0,9.2427,0.9963773180000004
5814,2018-11-02 21:40:00,8.2476177264,11/2/2018,09:40:00 pm,0,4.999,9.2442,0.9965822735999996
5815,2018-11-02 21:50:00,8.248719024,11/2/2018,09:50:00 pm,0,4.999,9.2458,0.9970809759999995
5816,2018-11-02 22:00:00,8.248851587599999,11/2/2018,10:00:00 pm,0,4.998,9.2456,0.9967484124000006
5817,2018-11-02 22:10:00,8.247750289999999,11/2/2018,10:10:00 pm,0,4.998,9.2454,0.997649710000001
5818,2018-11-02 22:20:00,8.2472710216,11/2/2018,10:20:00 pm,0,4.997,9.2443,0.9970289784000013
5819,2018-11-02 22:30:00,8.245914794,11/2/2018,10:30:00 pm,0,4.996,9.2436,0.9976852059999999
5820,2018-11-02 22:40:00,8.2460269632,11/2/2018,10:40:00 pm,0,4.996,9.2433,0.9972730367999993
5821,2018-11-02 22:50:00,8.2461493296,11/2/2018,10:50:00 pm,0,4.995,9.2432,0.9970506704000002
5822,2018-11-02 23:00:00,8.2473525992,11/2/2018,11:00:00 pm,0,4.995,9.2439,0.9965474008000008
5823,2018-11-02 23:10:00,8.2468937252,11/2/2018,11:10:00 pm,0,4.994,9.2437,0.9968062748000008
5824,2018-11-02 23:20:00,8.24622071,11/2/2018,11:20:00 pm,0,4.994,9.2427,0.9964792899999999
5825,2018-11-02 23:30:00,8.244793102,11/2/2018,11:30:00 pm,0,4.993,9.2419,0.9971068980000002
5826,2018-11-02 23:40:00,8.243793776399999,11/2/2018,11:40:00 pm,0,4.993,9.241,0.997206223600001
5827,2018-11-02 23:50:00,8.2434266772,11/2/2018,11:50:00 pm,0,4.992,9.2412,0.9977733227999988
5828,2018-11-03 00:00:00,8.244436199999999,11/3/2018,12:00:00 am,0,4.992,9.2409,0.9964638000000008
5829,2018-11-03 00:10:00,8.2431207612,11/3/2018,12:10:00 am,0,4.991,9.2403,0.9971792387999994
5830,2018-11-03 00:20:00,8.242427351599998,11/3/2018,12:20:00 am,0,4.99,9.2393,0.9968726484000019
5831,2018-11-03 00:30:00,8.2429270144,11/3/2018,12:30:00 am,0,4.99,9.2399,0.9969729856000011
5832,2018-11-03 00:40:00,8.243171747199998,11/3/2018,12:40:00 am,0,4.99,9.2396,0.9964282528000012
5833,2018-11-03 00:50:00,8.243712198799999,11/3/2018,12:50:00 am,0,4.989,9.2401,0.9963878012000009
5834,2018-11-03 01:00:00,8.244303636399998,11/3/2018,01:00:00 am,0,4.988,9.2409,0.9965963636000019
5835,2018-11-03 01:10:00,8.243742790399999,11/3/2018,01:10:00 am,0,4.988,9.2406,0.9968572096000017
5836,2018-11-03 01:20:00,8.2439569316,11/3/2018,01:20:00 am,0,4.987,9.2409,0.9969430684000002
5837,2018-11-03 01:30:00,8.2411527016,11/3/2018,01:30:00 am,0,4.987,9.2387,0.9975472983999989
5838,2018-11-03 01:40:00,8.240520475199999,11/3/2018,01:40:00 am,0,4.986,9.2377,0.9971795248000017
5839,2018-11-03 01:50:00,8.2409283632,11/3/2018,01:50:00 am,0,4.986,9.2379,0.9969716367999997
5840,2018-11-03 02:00:00,8.242264196399999,11/3/2018,02:00:00 am,0,4.985,9.2381,0.9958358036000003
5841,2018-11-03 02:10:00,8.2406836304,11/3/2018,02:10:00 am,0,4.985,9.2377,0.9970163696000007
5842,2018-11-03 02:20:00,8.2395517412,11/3/2018,02:20:00 am,0,4.984,9.2368,0.9972482588000009
5843,2018-11-03 02:30:00,8.2392560224,11/3/2018,02:30:00 am,0,4.984,9.2365,0.9972439776000002
5844,2018-11-03 02:40:00,8.2393172056,11/3/2018,02:40:00 am,0,4.983,9.2364,0.9970827943999989
5845,2018-11-03 02:50:00,8.2398678544,11/3/2018,02:50:00 am,0,4.983,9.2368,0.9969321456000007
5846,2018-11-03 03:00:00,8.2381343304,11/3/2018,03:00:00 am,0,4.982,9.2356,0.9974656696000004
5847,2018-11-03 03:10:00,8.2377672312,11/3/2018,03:10:00 am,0,4.982,9.2346,0.9968327688000009
5848,2018-11-03 03:20:00,8.237277765599998,11/3/2018,03:20:00 am,0,4.981,9.2341,0.9968222344000015
5849,2018-11-03 03:30:00,8.2376856536,11/3/2018,03:30:00 am,0,4.981,9.2347,0.9970143464000003
5850,2018-11-03 03:40:00,8.240041206799999,11/3/2018,03:40:00 am,0,4.98,9.2361,0.9960587932000013
5851,2018-11-03 03:50:00,8.241336251199998,11/3/2018,03:50:00 am,0,4.98,9.2377,0.9963637488000021
5852,2018-11-03 04:00:00,8.2396333188,11/3/2018,04:00:00 am,0,4.979,9.2378,0.9981666812000007
5853,2018-11-03 04:10:00,8.2413464484,11/3/2018,04:10:00 am,0,4.978,9.2382,0.996853551600001
5854,2018-11-03 04:20:00,8.241295462399998,11/3/2018,04:20:00 am,0,4.978,9.2388,0.9975045376000011
5855,2018-11-03 04:30:00,8.240020812400001,11/3/2018,04:30:00 am,0,4.978,9.2373,0.9972791875999985
5856,2018-11-03 04:40:00,8.238674781999999,11/3/2018,04:40:00 am,0,4.977,9.2364,0.9977252180000011
5857,2018-11-03 04:50:00,8.239154050399998,11/3/2018,04:50:00 am,0,4.976,9.2369,0.9977459496000023
5858,2018-11-03 05:00:00,8.239541544,11/3/2018,05:00:00 am,0,4.976,9.2369,0.9973584560000006
5859,2018-11-03 05:10:00,8.2385116268,11/3/2018,05:10:00 am,0,4.975,9.2358,0.9972883732
5860,2018-11-03 05:20:00,8.2375734844,11/3/2018,05:20:00 am,0,4.974,9.235,0.9974265155999991
5861,2018-11-03 05:30:00,8.234983395599999,11/3/2018,05:30:00 am,0,4.974,9.2322,0.9972166044000019
5862,2018-11-03 05:40:00,8.233494604399999,11/3/2018,05:40:00 am,0,4.974,9.2313,0.9978053956000004
5863,2018-11-03 05:50:00,8.2341472252,11/3/2018,05:50:00 am,0,4.973,9.2313,0.9971527748
5864,2018-11-03 06:00:00,8.237542892799999,11/3/2018,06:00:00 am,0,4.973,9.2343,0.9967571072000005
5865,2018-11-03 06:10:00,8.2406938276,11/3/2018,06:10:00 am,0,4.972,9.2372,0.9965061724000002
5866,2018-11-03 06:20:00,8.240591855599998,11/3/2018,06:20:00 am,0,4.972,9.2382,0.9976081444000027
5867,2018-11-03 06:30:00,8.2407244192,11/3/2018,06:30:00 am,0,4.971,9.2369,0.996175580800001
5868,2018-11-03 06:40:00,8.240081995599999,11/3/2018,06:40:00 am,0,4.971,9.2374,0.9973180044000003
5869,2018-11-03 06:50:00,8.23984746,11/3/2018,06:50:00 am,0,4.97,9.2366,0.9967525399999992
5870,2018-11-03 07:00:00,8.240081995599999,11/3/2018,07:00:00 am,0,4.969,9.2372,0.9971180044000008
5871,2018-11-03 07:10:00,8.2402247564,11/3/2018,07:10:00 am,0,4.969,9.2373,0.9970752435999994
5872,2018-11-03 07:20:00,8.2374103292,11/3/2018,07:20:00 am,0,4.968,9.2355,0.9980896708000007
5873,2018-11-03 07:30:00,8.2388889232,11/3/2018,07:30:00 am,0,4.968,9.2347,0.9958110768000008
5874,2018-11-03 07:40:00,8.2402961368,11/3/2018,07:40:00 am,0,4.968,9.237,0.9967038632000005
5875,2018-11-03 07:50:00,8.2407040248,11/3/2018,07:50:00 am,0,4.967,9.2373,0.9965959752
5876,2018-11-03 08:00:00,8.2417747308,11/3/2018,08:00:00 am,0,4.966,9.2386,0.9968252692000004
5877,2018-11-03 08:10:00,8.243171747199998,11/3/2018,08:10:00 am,0,4.965,9.2402,0.9970282528000016
5878,2018-11-03 08:20:00,8.244334228,11/3/2018,08:20:00 am,0,4.965,9.2411,0.9967657719999998
5879,2018-11-03 08:30:00,8.2457720332,11/3/2018,08:30:00 am,0,4.964,9.2426,0.9968279667999997
5880,2018-11-03 08:40:00,8.2461799212,11/3/2018,08:40:00 am,0,4.964,9.2433,0.9971200788000001
5881,2018-11-03 08:50:00,8.2461391324,11/3/2018,08:50:00 am,0,4.964,9.2439,0.9977608676000003
5882,2018-11-03 09:00:00,8.246006568799999,11/3/2018,09:00:00 am,0,4.963,9.2432,0.9971934312000013
5883,2018-11-03 09:10:00,8.246271695999999,11/3/2018,09:10:00 am,0,4.963,9.2442,0.9979283040000002
5884,2018-11-03 09:20:00,8.246445048399998,11/3/2018,09:20:00 am,0,4.962,9.2447,0.9982549516000017
5885,2018-11-03 09:30:00,8.247138457999998,11/3/2018,09:30:00 am,0,4.962,9.245,0.9978615420000008
5886,2018-11-03 09:40:00,8.2460881464,11/3/2018,09:40:00 am,0,4.961,9.245,0.9989118535999992
5887,2018-11-03 09:50:00,8.2458740052,11/3/2018,09:50:00 am,0,4.961,9.2448,0.9989259948000004
5888,2018-11-03 10:00:00,8.243436874399999,11/3/2018,10:00:00 am,0,4.96,9.2453,1.0018631256000017
5889,2018-11-03 10:10:00,8.240969152,11/3/2018,10:10:00 am,0,4.959,9.2431,1.0021308480000002
5890,2018-11-03 10:20:00,8.2405408696,11/3/2018,10:20:00 am,0,4.959,9.2431,1.0025591303999999
5891,2018-11-03 10:30:00,8.2421112384,11/3/2018,10:30:00 am,0,4.958,9.2427,1.0005887615999995
5892,2018-11-03 10:40:00,8.241917491599999,11/3/2018,10:40:00 am,0,4.958,9.2437,1.0017825084000016
5893,2018-11-03 10:50:00,8.241733942,11/3/2018,10:50:00 am,0,4.957,9.2435,1.0017660579999994
5894,2018-11-03 11:00:00,8.239674107599999,11/3/2018,11:00:00 am,0,4.957,9.2422,1.0025258924000013
5895,2018-11-03 11:10:00,8.236431398,11/3/2018,11:10:00 am,0,4.956,9.24,1.0035686019999996
5896,2018-11-03 11:20:00,8.2380425556,11/3/2018,11:20:00 am,0,4.956,9.2401,1.0020574444
5897,2018-11-03 11:30:00,8.2386645848,11/3/2018,11:30:00 am,0,4.955,9.2422,1.0035354152
5898,2018-11-03 11:40:00,8.2394089804,11/3/2018,11:40:00 am,0,4.955,9.2425,1.0030910195999994
5899,2018-11-03 11:50:00,8.241336251199998,11/3/2018,11:50:00 am,0,4.954,9.2432,1.0018637488000017
5900,2018-11-03 12:00:00,8.2413668428,11/3/2018,12:00:00 pm,0,4.954,9.2427,1.0013331571999995
5901,2018-11-03 12:10:00,8.2387869512,11/3/2018,12:10:00 pm,0,4.953,9.2416,1.0028130488000002
5902,2018-11-03 12:20:00,8.2388685288,11/3/2018,12:20:00 pm,0,4.953,9.2421,1.0032314712000012
5903,2018-11-03 12:30:00,8.240153376,11/3/2018,12:30:00 pm,0,4.952,9.2413,1.0011466240000004
5904,2018-11-03 12:40:00,8.236482384,11/3/2018,12:40:00 pm,0,4.952,9.2379,1.0014176159999995
5905,2018-11-03 12:50:00,8.235105762,11/3/2018,12:50:00 pm,0,4.951,9.2364,1.0012942379999998
5906,2018-11-03 13:00:00,8.233066321999999,11/3/2018,01:00:00 pm,0,4.951,9.2348,1.0017336780000008
5907,2018-11-03 13:10:00,8.230924909999999,11/3/2018,01:10:00 pm,0,4.95,9.2326,1.0016750900000009
5908,2018-11-03 13:20:00,8.2280492996,11/3/2018,01:20:00 pm,0,4.949,9.23,1.0019507004000001
5909,2018-11-03 13:30:00,8.2282838352,11/3/2018,01:30:00 pm,0,4.949,9.2299,1.0016161648000015
5910,2018-11-03 13:40:00,8.2285183708,11/3/2018,01:40:00 pm,0,4.948,9.2298,1.0012816291999993
5911,2018-11-03 13:50:00,8.227243720799999,11/3/2018,01:50:00 pm,0,4.948,9.229,1.0017562792000003
5912,2018-11-03 14:00:00,8.228028905199999,11/3/2018,02:00:00 pm,0,4.948,9.2288,1.000771094800001
5913,2018-11-03 14:10:00,8.2282328492,11/3/2018,02:10:00 pm,0,4.947,9.2291,1.0008671508000013
5914,2018-11-03 14:20:00,8.228018707999999,11/3/2018,02:20:00 pm,0,4.946,9.229,1.0009812920000005
5915,2018-11-03 14:30:00,8.2271315516,11/3/2018,02:30:00 pm,0,4.946,9.2283,1.0011684484000014
5916,2018-11-03 14:40:00,8.226234197999998,11/3/2018,02:40:00 pm,0,4.945,9.2277,1.001465802000002
5917,2018-11-03 14:50:00,8.2270295796,11/3/2018,02:50:00 pm,0,4.945,9.2276,1.0005704204000008
5918,2018-11-03 15:00:00,8.226550311199999,11/3/2018,03:00:00 pm,0,4.944,9.2277,1.0011496888000018
5919,2018-11-03 15:10:00,8.228304229599999,11/3/2018,03:10:00 pm,0,4.944,9.2286,1.000295770400001
5920,2018-11-03 15:20:00,8.229160794399998,11/3/2018,03:20:00 pm,0,4.943,9.2291,0.9999392056000023
5921,2018-11-03 15:30:00,8.228314426799999,11/3/2018,03:30:00 pm,0,4.943,9.2287,1.0003855732000009
5922,2018-11-03 15:40:00,8.229548287999998,11/3/2018,03:40:00 pm,0,4.943,9.2292,0.9996517120000021
5923,2018-11-03 15:50:00,8.2293137524,11/3/2018,03:50:00 pm,0,4.942,9.2301,1.0007862476000007
5924,2018-11-03 16:00:00,8.230262091999998,11/3/2018,04:00:00 pm,0,4.941,9.2305,1.0002379080000008
5925,2018-11-03 16:10:00,8.231842658,11/3/2018,04:10:00 pm,0,4.941,9.2321,1.0002573420000012
5926,2018-11-03 16:20:00,8.2293545412,11/3/2018,04:20:00 pm,0,4.94,9.2296,1.0002454588000003
5927,2018-11-03 16:30:00,8.230364064,11/3/2018,04:30:00 pm,0,4.94,9.23,0.9996359360000007
5928,2018-11-03 16:40:00,8.230160119999999,11/3/2018,04:40:00 pm,0,4.939,9.2298,0.9996398800000001
5929,2018-11-03 16:50:00,8.2281614688,11/3/2018,04:50:00 pm,0,4.935,9.2292,1.0010385312000007
5930,2018-11-03 17:00:00,8.226927607599999,11/3/2018,05:00:00 pm,0,4.936,9.2265,0.9995723924000011
5931,2018-11-03 17:10:00,8.2257855212,11/3/2018,05:10:00 pm,0,4.936,9.2247,0.9989144787999997
5932,2018-11-03 17:20:00,8.227916736,11/3/2018,05:20:00 pm,0,4.936,9.2273,0.9993832640000004
5933,2018-11-03 17:30:00,8.2282022576,11/3/2018,05:30:00 pm,0,4.936,9.2282,0.9999977423999997
5934,2018-11-03 17:40:00,8.2273864816,11/3/2018,05:40:00 pm,0,4.936,9.2272,0.9998135183999999
5935,2018-11-03 17:50:00,8.229089413999999,11/3/2018,05:50:00 pm,0,4.935,9.2279,0.9988105860000012
5936,2018-11-03 18:00:00,8.232821589199999,11/3/2018,06:00:00 pm,0,4.935,9.2311,0.9982784108000011
5937,2018-11-03 18:10:00,8.231342995199999,11/3/2018,06:10:00 pm,0,4.934,9.231,0.9996570048000013
5938,2018-11-03 18:20:00,8.2300173592,11/3/2018,06:20:00 pm,0,4.934,9.2295,0.9994826408000002
5939,2018-11-03 18:30:00,8.229079216799999,11/3/2018,06:30:00 pm,0,4.933,9.2283,0.999220783200002
5940,2018-11-03 18:40:00,8.229558485199998,11/3/2018,06:40:00 pm,0,4.933,9.2277,0.9981415148000021
5941,2018-11-03 18:50:00,8.2296604572,11/3/2018,06:50:00 pm,0,4.932,9.2281,0.9984395427999999
5942,2018-11-03 19:00:00,8.2310472764,11/3/2018,07:00:00 pm,0,4.932,9.2298,0.9987527235999991
5943,2018-11-03 19:10:00,8.229833809599999,11/3/2018,07:10:00 pm,0,4.932,9.2284,0.9985661904000018
5944,2018-11-03 19:20:00,8.2299357816,11/3/2018,07:20:00 pm,0,4.931,9.2284,0.9984642184000005
5945,2018-11-03 19:30:00,8.2313633896,11/3/2018,07:30:00 pm,0,4.93,9.2296,0.9982366103999993
5946,2018-11-03 19:40:00,8.2329541528,11/3/2018,07:40:00 pm,0,4.93,9.2312,0.9982458471999998
5947,2018-11-03 19:50:00,8.233565984799998,11/3/2018,07:50:00 pm,0,4.929,9.2321,0.9985340152000024
5948,2018-11-03 20:00:00,8.2344531412,11/3/2018,08:00:00 pm,0,4.929,9.2327,0.9982468588
5949,2018-11-03 20:10:00,8.2362070596,11/3/2018,08:10:00 pm,0,4.928,9.2343,0.9980929403999994
5950,2018-11-03 20:20:00,8.2355340444,11/3/2018,08:20:00 pm,0,4.928,9.2339,0.9983659556000006
5951,2018-11-03 20:30:00,8.2343613664,11/3/2018,08:30:00 pm,0,4.927,9.233,0.9986386336000006
5952,2018-11-03 20:40:00,8.232434095599999,11/3/2018,08:40:00 pm,0,4.927,9.231,0.9985659044000013
5953,2018-11-03 20:50:00,8.232332123599999,11/3/2018,08:50:00 pm,0,4.926,9.2307,0.9983678764000015
5954,2018-11-03 21:00:00,8.233137702399999,11/3/2018,09:00:00 pm,0,4.926,9.2316,0.9984622976000015
5955,2018-11-03 21:10:00,8.2329745472,11/3/2018,09:10:00 pm,0,4.925,9.2311,0.9981254528000001
5956,2018-11-03 21:20:00,8.2320771936,11/3/2018,09:20:00 pm,0,4.924,9.23,0.9979228064000001
5957,2018-11-03 21:30:00,8.23372914,11/3/2018,09:30:00 pm,0,4.924,9.2318,0.9980708600000003
5958,2018-11-03 21:40:00,8.233565984799998,11/3/2018,09:40:00 pm,0,4.923,9.2315,0.997934015200002
5959,2018-11-03 21:50:00,8.232831786399998,11/3/2018,09:50:00 pm,0,4.923,9.2317,0.9988682136000016
5960,2018-11-03 22:00:00,8.2340452532,11/3/2018,10:00:00 pm,0,4.923,9.2319,0.9978547467999999
5961,2018-11-03 22:10:00,8.233963675599998,11/3/2018,10:10:00 pm,0,4.922,9.2324,0.9984363244000019
5962,2018-11-03 22:20:00,8.2349120152,11/3/2018,10:20:00 pm,0,4.922,9.2329,0.9979879848
5963,2018-11-03 22:30:00,8.2373695404,11/3/2018,10:30:00 pm,0,4.92,9.2338,0.9964304596000009
5964,2018-11-03 22:40:00,8.2352179312,11/3/2018,10:40:00 pm,0,4.921,9.2337,0.9984820688000013
5965,2018-11-03 22:50:00,8.234004464399998,11/3/2018,10:50:00 pm,0,4.92,9.2322,0.9981955356000025
5966,2018-11-03 23:00:00,8.233219279999998,11/3/2018,11:00:00 pm,0,4.92,9.2318,0.9985807200000014
5967,2018-11-03 23:10:00,8.231638714,11/3/2018,11:10:00 pm,0,4.919,9.2305,0.9988612859999986
5968,2018-11-03 23:20:00,8.2313633896,11/3/2018,11:20:00 pm,0,4.918,9.2305,0.999136610399999
5969,2018-11-03 23:30:00,8.2312104316,11/3/2018,11:30:00 pm,0,4.918,9.2294,0.9981895684000008
5970,2018-11-03 23:40:00,8.2301907116,11/3/2018,11:40:00 pm,0,4.917,9.2288,0.9986092883999991
5971,2018-11-03 23:50:00,8.2300377536,11/3/2018,11:50:00 pm,0,4.917,9.2286,0.9985622464000006
5972,2018-11-04 00:00:00,8.2289670476,11/4/2018,12:00:00 am,0,4.916,9.2281,0.9991329524000001
5973,2018-11-04 00:10:00,8.2286101456,11/4/2018,12:10:00 am,0,4.916,9.2268,0.9981898544000014
5974,2018-11-04 00:20:00,8.2273762844,11/4/2018,12:20:00 am,0,4.915,9.2262,0.9988237156000004
5975,2018-11-04 00:30:00,8.2263157756,11/4/2018,12:30:00 am,0,4.915,9.2254,0.9990842244000007
5976,2018-11-04 00:40:00,8.2260914372,11/4/2018,12:40:00 am,0,4.914,9.2253,0.9992085628000016
5977,2018-11-04 00:50:00,8.2248167872,11/4/2018,12:50:00 am,0,4.914,9.2238,0.9989832128000007
5978,2018-11-04 01:00:00,8.224408899199998,11/4/2018,01:00:00 am,0,4.913,9.2233,0.9988911008000017
5979,2018-11-04 01:10:00,8.2239500252,11/4/2018,01:10:00 am,0,4.913,9.2234,0.9994499747999992
5980,2018-11-04 01:20:00,8.22251222,11/4/2018,01:20:00 am,0,4.912,9.2219,0.9993877799999993
5981,2018-11-04 01:30:00,8.22276715,11/4/2018,01:30:00 am,0,4.912,9.2217,0.998932850000001
5982,2018-11-04 01:40:00,8.2231036576,11/4/2018,01:40:00 am,0,4.912,9.2221,0.9989963423999999
5983,2018-11-04 01:50:00,8.221400725199999,11/4/2018,01:50:00 am,0,4.911,9.2206,0.9991992748000005
5984,2018-11-04 02:00:00,8.2208500764,11/4/2018,02:00:00 am,0,4.91,9.2205,0.9996499235999998
5985,2018-11-04 02:10:00,8.2207583016,11/4/2018,02:10:00 am,0,4.91,9.2198,0.9990416983999992
5986,2018-11-04 02:20:00,8.2196773984,11/4/2018,02:20:00 am,0,4.909,9.2185,0.9988226016000006
5987,2018-11-04 02:30:00,8.218443537199999,11/4/2018,02:30:00 am,0,4.909,9.2176,0.9991564628000003
5988,2018-11-04 02:40:00,8.218831030799999,11/4/2018,02:40:00 am,0,4.908,9.2178,0.9989689692000017
5989,2018-11-04 02:50:00,8.2182090016,11/4/2018,02:50:00 am,0,4.908,9.2171,0.9988909984000003
5990,2018-11-04 03:00:00,8.216750802,11/4/2018,03:00:00 am,0,4.907,9.2158,0.9990491979999998
5991,2018-11-04 03:10:00,8.216444886,11/4/2018,03:10:00 am,0,4.907,9.2158,0.9993551140000001
5992,2018-11-04 03:20:00,8.216210350399999,11/4/2018,03:20:00 am,0,4.906,9.2158,0.9995896496000007
5993,2018-11-04 03:30:00,8.2151804332,11/4/2018,03:30:00 am,0,4.906,9.2138,0.9986195668000004
5994,2018-11-04 03:40:00,8.2150070808,11/4/2018,03:40:00 am,0,4.905,9.2137,0.9986929191999998
5995,2018-11-04 03:50:00,8.2139669664,11/4/2018,03:50:00 am,0,4.904,9.2128,0.9988330336000004
5996,2018-11-04 04:00:00,8.213018626799999,11/4/2018,04:00:00 am,0,4.904,9.2122,0.9991813732000008
5997,2018-11-04 04:10:00,8.2128452744,11/4/2018,04:10:00 am,0,4.904,9.2117,0.9988547256000011
5998,2018-11-04 04:20:00,8.2121722592,11/4/2018,04:20:00 am,0,4.903,9.2116,0.9994277407999999
5999,2018-11-04 04:30:00,8.2112851028,11/4/2018,04:30:00 am,0,4.902,9.2102,0.9989148972000006
6000,2018-11-04 04:40:00,8.2098778892,11/4/2018,04:40:00 am,0,4.902,9.2092,0.9993221107999997
6001,2018-11-04 04:50:00,8.209388423599998,11/4/2018,04:50:00 am,0,4.902,9.2085,0.9991115764000025
6002,2018-11-04 05:00:00,8.2079710128,11/4/2018,05:00:00 am,0,4.901,9.2073,0.9993289872000002
6003,2018-11-04 05:10:00,8.2068697152,11/4/2018,05:10:00 am,0,4.901,9.2056,0.9987302848000006
6004,2018-11-04 05:20:00,8.2066351796,11/4/2018,05:20:00 am,0,4.9,9.2057,0.999064820400001
6005,2018-11-04 05:30:00,8.207043067599999,11/4/2018,05:30:00 am,0,4.9,9.2061,0.9990569324000003
6006,2018-11-04 05:40:00,8.2067881376,11/4/2018,05:40:00 am,0,4.899,9.2058,0.9990118623999997
6007,2018-11-04 05:50:00,8.2073489836,11/4/2018,05:50:00 am,0,4.899,9.2066,0.9992510164000006
6008,2018-11-04 06:00:00,8.2084298868,11/4/2018,06:00:00 am,0,4.898,9.2073,0.9988701132000006
6009,2018-11-04 06:10:00,8.2086236336,11/4/2018,06:10:00 am,0,4.897,9.2072,0.9985763664
6010,2018-11-04 06:20:00,8.2081137736,11/4/2018,06:20:00 am,0,4.897,9.2072,0.9990862264000011
6011,2018-11-04 06:30:00,8.207767068799999,11/4/2018,06:30:00 am,0,4.896,9.2063,0.9985329312000015
6012,2018-11-04 06:40:00,8.207481547199999,11/4/2018,06:40:00 am,0,4.896,9.2059,0.9984184528000011
6013,2018-11-04 06:50:00,8.2068391236,11/4/2018,06:50:00 am,0,4.895,9.2062,0.9993608764000008
6014,2018-11-04 07:00:00,8.2077466744,11/4/2018,07:00:00 am,0,4.895,9.2068,0.9990533256000003
6015,2018-11-04 07:10:00,8.205951967199999,11/4/2018,07:10:00 am,0,4.895,9.2055,0.9995480328000017
6016,2018-11-04 07:20:00,8.2054217128,11/4/2018,07:20:00 am,0,4.894,9.2045,0.9990782871999997
6017,2018-11-04 07:30:00,8.2049118528,11/4/2018,07:30:00 am,0,4.893,9.2038,0.9988881471999989
6018,2018-11-04 07:40:00,8.2054013184,11/4/2018,07:40:00 am,0,4.893,9.2044,0.9989986815999998
6019,2018-11-04 07:50:00,8.2053401352,11/4/2018,07:50:00 am,0,4.892,9.2036,0.9982598647999996
6020,2018-11-04 08:00:00,8.2058703896,11/4/2018,08:00:00 am,0,4.892,9.204,0.9981296104000013
6021,2018-11-04 08:10:00,8.2066351796,11/4/2018,08:10:00 am,0,4.891,9.2057,0.999064820400001
6022,2018-11-04 08:20:00,8.2063598552,11/4/2018,08:20:00 am,0,4.891,9.2054,0.9990401447999986
6023,2018-11-04 08:30:00,8.2064312356,11/4/2018,08:30:00 am,0,4.89,9.2068,1.0003687643999992
6024,2018-11-04 08:40:00,8.205329937999998,11/4/2018,08:40:00 am,0,4.89,9.206,1.000670062000001
6025,2018-11-04 08:50:00,8.2023421584,11/4/2018,08:50:00 am,0,4.89,9.204,1.0016578416000002
6026,2018-11-04 09:00:00,8.200832972799999,11/4/2018,09:00:00 am,0,4.889,9.202,1.001167027200001
6027,2018-11-04 09:10:00,8.2010063252,11/4/2018,09:10:00 am,0,4.888,9.2029,1.0018936747999998
6028,2018-11-04 09:20:00,8.1998540416,11/4/2018,09:20:00 am,0,4.888,9.2008,1.0009459583999991
6029,2018-11-04 09:30:00,8.2010063252,11/4/2018,09:30:00 am,0,4.887,9.2024,1.001393674800001
6030,2018-11-04 09:40:00,8.19905866,11/4/2018,09:40:00 am,0,4.887,9.2016,1.0025413399999987
6031,2018-11-04 09:50:00,8.199476745199998,11/4/2018,09:50:00 am,0,4.886,9.2021,1.0026232548000014
6032,2018-11-04 10:00:00,8.1978451932,11/4/2018,10:00:00 am,0,4.886,9.2019,1.004054806800001
6033,2018-11-04 10:10:00,8.197294544399998,11/4/2018,10:10:00 am,0,4.885,9.2014,1.0041054556000013
6034,2018-11-04 10:20:00,8.1957853588,11/4/2018,10:20:00 am,0,4.884,9.1998,1.0040146411999995
6035,2018-11-04 10:30:00,8.1927160016,11/4/2018,10:30:00 am,0,4.884,9.1972,1.0044839984000014
6036,2018-11-04 10:40:00,8.1925222548,11/4/2018,10:40:00 am,0,4.884,9.1959,1.0033777452
6037,2018-11-04 10:50:00,8.1908397168,11/4/2018,10:50:00 am,0,4.883,9.195,1.004160283200001
6038,2018-11-04 11:00:00,8.189473292,11/4/2018,11:00:00 am,0,4.882,9.1935,1.0040267079999996
6039,2018-11-04 11:10:00,8.1871381332,11/4/2018,11:10:00 am,0,4.882,9.1915,1.0043618668
6040,2018-11-04 11:20:00,8.188341402799999,11/4/2018,11:20:00 am,0,4.882,9.1916,1.0032585972000003
6041,2018-11-04 11:30:00,8.1875766128,11/4/2018,11:30:00 am,0,4.881,9.1906,1.0030233872000007
6042,2018-11-04 11:40:00,8.186138807599999,11/4/2018,11:40:00 am,0,4.881,9.1893,1.0031611924000003
6043,2018-11-04 11:50:00,8.185945060799998,11/4/2018,11:50:00 am,0,4.88,9.1897,1.003754939200002
6044,2018-11-04 12:00:00,8.18605723,11/4/2018,12:00:00 pm,0,4.88,9.1888,1.0027427700000011
6045,2018-11-04 12:10:00,8.184935538,11/4/2018,12:10:00 pm,0,4.879,9.1878,1.0028644619999998
6046,2018-11-04 12:20:00,8.1840585788,11/4/2018,12:20:00 pm,0,4.879,9.1866,1.0025414212000001
6047,2018-11-04 12:30:00,8.184853960399998,11/4/2018,12:30:00 pm,0,4.878,9.1867,1.001846039600002
6048,2018-11-04 12:40:00,8.1840075928,11/4/2018,12:40:00 pm,0,4.878,9.1853,1.0012924071999993
6049,2018-11-04 12:50:00,8.184721396799999,11/4/2018,12:50:00 pm,0,4.877,9.1852,1.0004786032000013
6050,2018-11-04 13:00:00,8.184731593999999,11/4/2018,01:00:00 pm,0,4.877,9.1849,1.000168406000002
6051,2018-11-04 13:10:00,8.1842319312,11/4/2018,01:10:00 pm,0,4.876,9.1834,0.9991680688000013
6052,2018-11-04 13:20:00,8.1827227456,11/4/2018,01:20:00 pm,0,4.875,9.1831,1.0003772544
6053,2018-11-04 13:30:00,8.1811727712,11/4/2018,01:30:00 pm,0,4.875,9.1814,1.0002272288
6054,2018-11-04 13:40:00,8.179021162,11/4/2018,01:40:00 pm,0,4.875,9.1786,0.9995788379999997
6055,2018-11-04 13:50:00,8.1764106788,11/4/2018,01:50:00 pm,0,4.874,9.1763,0.9998893211999995
6056,2018-11-04 14:00:00,8.1757886496,11/4/2018,02:00:00 pm,0,4.874,9.1746,0.9988113504000005
6057,2018-11-04 14:10:00,8.1763596928,11/4/2018,02:10:00 pm,0,4.873,9.1742,0.9978403072000006
6058,2018-11-04 14:20:00,8.1754419448,11/4/2018,02:20:00 pm,0,4.872,9.1735,0.9980580552000013
6059,2018-11-04 14:30:00,8.174748535199999,11/4/2018,02:30:00 pm,0,4.872,9.1735,0.9987514648000015
6060,2018-11-04 14:40:00,8.1747587324,11/4/2018,02:40:00 pm,0,4.872,9.1732,0.9984412675999987
6061,2018-11-04 14:50:00,8.1753093812,11/4/2018,02:50:00 pm,0,4.871,9.1735,0.9981906188000007
6062,2018-11-04 15:00:00,8.174779126799999,11/4/2018,03:00:00 pm,0,4.871,9.1729,0.9981208732000013
6063,2018-11-04 15:10:00,8.174197886399998,11/4/2018,03:10:00 pm,0,4.87,9.1722,0.9980021136000019
6064,2018-11-04 15:20:00,8.1734840824,11/4/2018,03:20:00 pm,0,4.87,9.1717,0.9982159175999996
6065,2018-11-04 15:30:00,8.171893319199999,11/4/2018,03:30:00 pm,0,4.869,9.1706,0.9987066808000016
6066,2018-11-04 15:40:00,8.1713426704,11/4/2018,03:40:00 pm,0,4.869,9.1694,0.9980573295999999
6067,2018-11-04 15:50:00,8.1697315128,11/4/2018,03:50:00 pm,0,4.868,9.1684,0.9986684871999998
6068,2018-11-04 16:00:00,8.1711285292,11/4/2018,04:00:00 pm,0,4.868,9.1696,0.9984714708000002
6069,2018-11-04 16:10:00,8.171189712399999,11/4/2018,04:10:00 pm,0,4.867,9.1702,0.9990102876000009
6070,2018-11-04 16:20:00,8.170139400799998,11/4/2018,04:20:00 pm,0,4.867,9.17,0.9998605992000016
6071,2018-11-04 16:30:00,8.170496302799998,11/4/2018,04:30:00 pm,0,4.866,9.1689,0.9984036972000023
6072,2018-11-04 16:40:00,8.1683752852,11/4/2018,04:40:00 pm,0,4.866,9.1674,0.9990247148000009
6073,2018-11-04 16:50:00,8.1692216528,11/4/2018,04:50:00 pm,0,4.865,9.1681,0.9988783472000016
6074,2018-11-04 17:00:00,8.168416074,11/4/2018,05:00:00 pm,0,4.864,9.1682,0.999783926000001
6075,2018-11-04 17:10:00,8.1696499352,11/4/2018,05:10:00 pm,0,4.864,9.1686,0.9989500647999989
6076,2018-11-04 17:20:00,8.168232524399999,11/4/2018,05:20:00 pm,0,4.864,9.168,0.9997674756000006
6077,2018-11-04 17:30:00,8.1669782688,11/4/2018,05:30:00 pm,0,4.863,9.1672,1.0002217312
6078,2018-11-04 17:40:00,8.170149598,11/4/2018,05:40:00 pm,0,4.862,9.1697,0.9995504020000006
6079,2018-11-04 17:50:00,8.1713324732,11/4/2018,05:50:00 pm,0,4.862,9.1705,0.9991675268000009
6080,2018-11-04 18:00:00,8.171189712399999,11/4/2018,06:00:00 pm,0,4.861,9.1706,0.9994102876000017
6081,2018-11-04 18:10:00,8.173667632,11/4/2018,06:10:00 pm,0,4.861,9.1736,0.9999323679999996
6082,2018-11-04 18:20:00,8.1731781664,11/4/2018,06:20:00 pm,0,4.86,9.1729,0.9997218336000007
6083,2018-11-04 18:30:00,8.172749884,11/4/2018,06:30:00 pm,0,4.86,9.1726,0.9998501159999993
6084,2018-11-04 18:40:00,8.173259744,11/4/2018,06:40:00 pm,0,4.859,9.1726,0.999340256
6085,2018-11-04 18:50:00,8.172902842,11/4/2018,06:50:00 pm,0,4.859,9.1719,0.9989971580000017
6086,2018-11-04 19:00:00,8.1736472376,11/4/2018,07:00:00 pm,0,4.858,9.1731,0.9994527624000007
6087,2018-11-04 19:10:00,8.1735350684,11/4/2018,07:10:00 pm,0,4.858,9.1736,1.0000649316000008
6088,2018-11-04 19:20:00,8.1721686436,11/4/2018,07:20:00 pm,0,4.857,9.1731,1.0009313564000006
6089,2018-11-04 19:30:00,8.17382059,11/4/2018,07:30:00 pm,0,4.856,9.1734,0.9995794100000008
6090,2018-11-04 19:40:00,8.1742488724,11/4/2018,07:40:00 pm,0,4.856,9.1737,0.9994511276000004
6091,2018-11-04 19:50:00,8.176726792,11/4/2018,07:50:00 pm,0,4.856,9.1759,0.9991732080000002
6092,2018-11-04 20:00:00,8.176971524799999,11/4/2018,08:00:00 pm,0,4.855,9.1766,0.9996284752000015
6093,2018-11-04 20:10:00,8.176390284399998,11/4/2018,08:10:00 pm,0,4.854,9.1764,1.000009715600001
6094,2018-11-04 20:20:00,8.1760945656,11/4/2018,08:20:00 pm,0,4.854,9.1756,0.9995054343999996
6095,2018-11-04 20:30:00,8.176696200399999,11/4/2018,08:30:00 pm,0,4.854,9.1766,0.999903799600002
6096,2018-11-04 20:40:00,8.1749626764,11/4/2018,08:40:00 pm,0,4.853,9.175,1.0000373236000009
6097,2018-11-04 20:50:00,8.1767675808,11/4/2018,08:50:00 pm,0,4.852,9.1754,0.9986324191999998
6098,2018-11-04 21:00:00,8.177440595999999,11/4/2018,09:00:00 pm,0,4.852,9.1762,0.9987594040000012
6099,2018-11-04 21:10:00,8.17611496,11/4/2018,09:10:00 pm,0,4.852,9.1749,0.9987850399999996
6100,2018-11-04 21:20:00,8.1772978352,11/4/2018,09:20:00 pm,0,4.851,9.1765,0.9992021648000016
6101,2018-11-04 21:30:00,8.1776241456,11/4/2018,09:30:00 pm,0,4.851,9.1761,0.9984758544000005
6102,2018-11-04 21:40:00,8.1764106788,11/4/2018,09:40:00 pm,0,4.85,9.1752,0.9987893212000003
6103,2018-11-04 21:50:00,8.1774507932,11/4/2018,09:50:00 pm,0,4.85,9.1765,0.9990492068000005
6104,2018-11-04 22:00:00,8.1775833568,11/4/2018,10:00:00 pm,0,4.849,9.1759,0.9983166432000008
6105,2018-11-04 22:10:00,8.1782971608,11/4/2018,10:10:00 pm,0,4.849,9.1774,0.9991028392000008
6106,2018-11-04 22:20:00,8.177389609999999,11/4/2018,10:20:00 pm,0,4.848,9.1763,0.9989103900000007
6107,2018-11-04 22:30:00,8.1793372752,11/4/2018,10:30:00 pm,0,4.847,9.1777,0.9983627247999998
6108,2018-11-04 22:40:00,8.180795474799998,11/4/2018,10:40:00 pm,0,4.847,9.1803,0.9995045252000025
6109,2018-11-04 22:50:00,8.1808668552,11/4/2018,10:50:00 pm,0,4.846,9.1797,0.9988331448000007
6110,2018-11-04 23:00:00,8.1803773896,11/4/2018,11:00:00 pm,0,4.846,9.1792,0.9988226103999995
6111,2018-11-04 23:10:00,8.1799491072,11/4/2018,11:10:00 pm,0,4.845,9.179,0.9990508927999997
6112,2018-11-04 23:20:00,8.179622796799999,11/4/2018,11:20:00 pm,0,4.845,9.1784,0.9987772032000013
6113,2018-11-04 23:30:00,8.179347472399998,11/4/2018,11:30:00 pm,0,4.844,9.1784,0.9990525276000017
6114,2018-11-04 23:40:00,8.1787050488,11/4/2018,11:40:00 pm,0,4.844,9.1776,0.9988949512000005
6115,2018-11-04 23:50:00,8.1782971608,11/4/2018,11:50:00 pm,0,4.843,9.177,0.9987028391999999
6116,2018-11-05 00:00:00,8.178307358,11/5/2018,12:00:00 am,0,4.842,9.1766,0.9982926420000009
6117,2018-11-05 00:10:00,8.1788987956,11/5/2018,12:10:00 am,0,4.842,9.1781,0.9992012044000003
6118,2018-11-05 00:20:00,8.178776429200001,11/5/2018,12:20:00 am,0,4.842,9.1775,0.9987235707999993
6119,2018-11-05 00:30:00,8.178959978799998,11/5/2018,12:30:00 am,0,4.841,9.1767,0.997740021200002
6120,2018-11-05 00:40:00,8.1777261176,11/5/2018,12:40:00 am,0,4.841,9.1765,0.9987738824000001
6121,2018-11-05 00:50:00,8.1772060604,11/5/2018,12:50:00 am,0,4.84,9.1763,0.9990939395999998
6122,2018-11-05 01:00:00,8.1764922564,11/5/2018,01:00:00 am,0,4.84,9.1753,0.9988077436000005
6123,2018-11-05 01:10:00,8.176828764,11/5/2018,01:10:00 am,0,4.839,9.1753,0.9984712360000003
6124,2018-11-05 01:20:00,8.1755847056,11/5/2018,01:20:00 am,0,4.839,9.1741,0.9985152943999989
6125,2018-11-05 01:30:00,8.174779126799999,11/5/2018,01:30:00 am,0,4.838,9.1735,0.9987208732000017
6126,2018-11-05 01:40:00,8.175248197999998,11/5/2018,01:40:00 am,0,4.838,9.1736,0.998351802000002
6127,2018-11-05 01:50:00,8.174942281999998,11/5/2018,01:50:00 am,0,4.837,9.1735,0.9985577180000025
6128,2018-11-05 02:00:00,8.174687352,11/5/2018,02:00:00 am,0,4.837,9.1726,0.9979126479999998
6129,2018-11-05 02:10:00,8.1740143368,11/5/2018,02:10:00 am,0,4.836,9.1724,0.9983856632000006
6130,2018-11-05 02:20:00,8.173106785999998,11/5/2018,02:20:00 am,0,4.836,9.1717,0.9985932140000013
6131,2018-11-05 02:30:00,8.1727090952,11/5/2018,02:30:00 am,0,4.836,9.1714,0.9986909048000001
6132,2018-11-05 02:40:00,8.173035405599999,11/5/2018,02:40:00 am,0,4.835,9.171,0.9979645944000008
6133,2018-11-05 02:50:00,8.173626843200001,11/5/2018,02:50:00 am,0,4.834,9.1716,0.9979731567999988
6134,2018-11-05 03:00:00,8.1730761944,11/5/2018,03:00:00 am,0,4.834,9.1711,0.998023805599999
6135,2018-11-05 03:10:00,8.171985094,11/5/2018,03:10:00 am,0,4.833,9.171,0.9990149059999993
6136,2018-11-05 03:20:00,8.172627517599999,11/5/2018,03:20:00 am,0,4.833,9.1711,0.9984724824000004
6137,2018-11-05 03:30:00,8.1713528676,11/5/2018,03:30:00 am,0,4.832,9.1707,0.9993471324000005
6138,2018-11-05 03:40:00,8.1723012072,11/5/2018,03:40:00 am,0,4.832,9.1707,0.9983987927999998
6139,2018-11-05 03:50:00,8.1726581092,11/5/2018,03:50:00 am,0,4.831,9.1715,0.9988418907999996
6140,2018-11-05 04:00:00,8.172199235199999,11/5/2018,04:00:00 am,0,4.83,9.1711,0.9989007648000001
6141,2018-11-05 04:10:00,8.1704759084,11/5/2018,04:10:00 am,0,4.831,9.1698,0.9993240916000001
6142,2018-11-05 04:20:00,8.169129878,11/5/2018,04:20:00 am,0,4.83,9.1678,0.998670122
6143,2018-11-05 04:30:00,8.166743733199999,11/5/2018,04:30:00 am,0,4.829,9.1657,0.9989562668000005
6144,2018-11-05 04:40:00,8.1651325756,11/5/2018,04:40:00 am,0,4.829,9.1643,0.9991674244000013
6145,2018-11-05 04:50:00,8.164551335199999,11/5/2018,04:50:00 am,0,4.828,9.1629,0.9983486648000017
6146,2018-11-05 05:00:00,8.1643269968,11/5/2018,05:00:00 am,0,4.828,9.1631,0.9987730032000002
6147,2018-11-05 05:10:00,8.1638885172,11/5/2018,05:10:00 am,0,4.827,9.1631,0.9992114827999998
6148,2018-11-05 05:20:00,8.162889191599998,11/5/2018,05:20:00 am,0,4.827,9.1612,0.9983108084000012
6149,2018-11-05 05:30:00,8.1647552792,11/5/2018,05:30:00 am,0,4.826,9.163,0.9982447208000007
6150,2018-11-05 05:40:00,8.1665397892,11/5/2018,05:40:00 am,0,4.826,9.1649,0.9983602107999996
6151,2018-11-05 05:50:00,8.1692114556,11/5/2018,05:50:00 am,0,4.825,9.1667,0.9974885444000012
6152,2018-11-05 06:00:00,8.171424248,11/5/2018,06:00:00 am,0,4.824,9.1691,0.997675752000001
6153,2018-11-05 06:10:00,8.1723114044,11/5/2018,06:10:00 am,0,4.824,9.1702,0.9978885955999992
6154,2018-11-05 06:20:00,8.1727702784,11/5/2018,06:20:00 am,0,4.824,9.1711,0.9983297215999993
6155,2018-11-05 06:30:00,8.171454839599999,11/5/2018,06:30:00 am,0,4.823,9.1698,0.9983451604000013
6156,2018-11-05 06:40:00,8.169721315599999,11/5/2018,06:40:00 am,0,4.823,9.1687,0.9989786844000008
6157,2018-11-05 06:50:00,8.167875622399999,11/5/2018,06:50:00 am,0,4.822,9.1665,0.9986243776000006
6158,2018-11-05 07:00:00,8.1666621556,11/5/2018,07:00:00 am,0,4.822,9.1653,0.998637844400001
6159,2018-11-05 07:10:00,8.1668966912,11/5/2018,07:10:00 am,0,4.821,9.1651,0.9982033088000009
6160,2018-11-05 07:20:00,8.1657036188,11/5/2018,07:20:00 am,0,4.82,9.1643,0.9985963812000005
6161,2018-11-05 07:30:00,8.165968745999999,11/5/2018,07:30:00 am,0,4.82,9.1645,0.9985312540000013
6162,2018-11-05 07:40:00,8.1674269456,11/5/2018,07:40:00 am,0,4.82,9.166,0.9985730543999995
6163,2018-11-05 07:50:00,8.167753256,11/5/2018,07:50:00 am,0,4.819,9.1665,0.998746744
6164,2018-11-05 08:00:00,8.1673759596,11/5/2018,08:00:00 am,0,4.819,9.1658,0.9984240404000015
6165,2018-11-05 08:10:00,8.1673657624,11/5/2018,08:10:00 am,0,4.818,9.1657,0.9983342376
6166,2018-11-05 08:20:00,8.169017708799998,11/5/2018,08:20:00 am,0,4.818,9.1671,0.9980822912000011
6167,2018-11-05 08:30:00,8.1693440192,11/5/2018,08:30:00 am,0,4.817,9.1687,0.999355980799999
6168,2018-11-05 08:40:00,8.1700782176,11/5/2018,08:40:00 am,0,4.817,9.1689,0.9988217824000003
6169,2018-11-05 08:50:00,8.170068020399999,11/5/2018,08:50:00 am,0,4.816,9.1691,0.9990319796000016
6170,2018-11-05 09:00:00,8.169843682,11/5/2018,09:00:00 am,0,4.816,9.1687,0.9988563179999996
6171,2018-11-05 09:10:00,8.170914388,11/5/2018,09:10:00 am,0,4.815,9.1702,0.9992856119999995
6172,2018-11-05 09:20:00,8.1717913472,11/5/2018,09:20:00 am,0,4.814,9.1714,0.999608652800001
6173,2018-11-05 09:30:00,8.171628191999998,11/5/2018,09:30:00 am,0,4.814,9.1715,0.9998718080000017
6174,2018-11-05 09:40:00,8.171199909599999,11/5/2018,09:40:00 am,0,4.814,9.1718,1.0006000904000008
6175,2018-11-05 09:50:00,8.1700782176,11/5/2018,09:50:00 am,0,4.814,9.1712,1.0011217824000003
6176,2018-11-05 10:00:00,8.168416074,11/5/2018,10:00:00 am,0,4.813,9.172,1.003583926000001
6177,2018-11-05 10:10:00,8.168569031999999,11/5/2018,10:10:00 am,0,4.812,9.173,1.0044309680000012
6178,2018-11-05 10:20:00,8.1694663856,11/5/2018,10:20:00 am,0,4.811,9.1726,1.0031336143999994
6179,2018-11-05 10:30:00,8.169384808,11/5/2018,10:30:00 am,0,4.811,9.1724,1.0030151919999994
6180,2018-11-05 10:40:00,8.167416748399999,11/5/2018,10:40:00 am,0,4.811,9.171,1.0035832516000003
6181,2018-11-05 10:50:00,8.167059846399999,11/5/2018,10:50:00 am,0,4.81,9.1699,1.0028401536000011
6182,2018-11-05 11:00:00,8.1672535932,11/5/2018,11:00:00 am,0,4.809,9.1691,1.0018464068000004
6183,2018-11-05 11:10:00,8.165387505599998,11/5/2018,11:10:00 am,0,4.809,9.1698,1.0044124944000021
6184,2018-11-05 11:20:00,8.166743733199999,11/5/2018,11:20:00 am,0,4.808,9.1696,1.002856266800002
6185,2018-11-05 11:30:00,8.1654486888,11/5/2018,11:30:00 am,0,4.808,9.169,1.0035513112000007
6186,2018-11-05 11:40:00,8.1640006864,11/5/2018,11:40:00 am,0,4.808,9.1679,1.0038993135999998
6187,2018-11-05 11:50:00,8.163868122799999,11/5/2018,11:50:00 am,0,4.807,9.1669,1.0030318772000015
6188,2018-11-05 12:00:00,8.1650815896,11/5/2018,12:00:00 pm,0,4.806,9.1673,1.0022184103999994
6189,2018-11-05 12:10:00,8.163021755199999,11/5/2018,12:10:00 pm,0,4.806,9.1678,1.0047782448000007
6190,2018-11-05 12:20:00,8.162042824,11/5/2018,12:20:00 pm,0,4.806,9.1665,1.004457175999999
6191,2018-11-05 12:30:00,8.1653977028,11/5/2018,12:30:00 pm,0,4.805,9.1664,1.0010022971999994
6192,2018-11-05 12:40:00,8.1648266596,11/5/2018,12:40:00 pm,0,4.805,9.1657,1.0008733404
6193,2018-11-05 12:50:00,8.1626342616,11/5/2018,12:50:00 pm,0,4.804,9.1642,1.0015657384
6194,2018-11-05 13:00:00,8.1620836128,11/5/2018,01:00:00 pm,0,4.803,9.1632,1.0011163871999997
6195,2018-11-05 13:10:00,8.160237919599998,11/5/2018,01:10:00 pm,0,4.803,9.162,1.0017620804000025
6196,2018-11-05 13:20:00,8.1589224808,11/5/2018,01:20:00 pm,0,4.803,9.1605,1.0015775192000014
6197,2018-11-05 13:30:00,8.156413969599999,11/5/2018,01:30:00 pm,0,4.802,9.1592,1.0027860304000011
6198,2018-11-05 13:40:00,8.1562610116,11/5/2018,01:40:00 pm,0,4.801,9.1582,1.001938988400001
6199,2018-11-05 13:50:00,8.155078136399998,11/5/2018,01:50:00 pm,0,4.801,9.1567,1.0016218636000023
6200,2018-11-05 14:00:00,8.155771546,11/5/2018,02:00:00 pm,0,4.8,9.1562,1.0004284539999997
6201,2018-11-05 14:10:00,8.156485349999999,11/5/2018,02:10:00 pm,0,4.8,9.1574,1.0009146500000021
6202,2018-11-05 14:20:00,8.1558123348,11/5/2018,02:20:00 pm,0,4.8,9.1575,1.0016876652000004
6203,2018-11-05 14:30:00,8.153864669599999,11/5/2018,02:30:00 pm,0,4.799,9.1559,1.0020353304000018
6204,2018-11-05 14:40:00,8.1541807828,11/5/2018,02:40:00 pm,0,4.799,9.1562,1.0020192172000009
6205,2018-11-05 14:50:00,8.1545886708,11/5/2018,02:50:00 pm,0,4.798,9.1566,1.0020113291999984
6206,2018-11-05 15:00:00,8.154139994,11/5/2018,03:00:00 pm,0,4.798,9.1562,1.0020600060000007
6207,2018-11-05 15:10:00,8.154211374399999,11/5/2018,03:10:00 pm,0,4.797,9.1555,1.0012886256000009
6208,2018-11-05 15:20:00,8.153987035999998,11/5/2018,03:20:00 pm,0,4.797,9.1542,1.000212964000001
6209,2018-11-05 15:30:00,8.153854472399999,11/5/2018,03:30:00 pm,0,4.796,9.1546,1.0007455276000012
6210,2018-11-05 15:40:00,8.153375204,11/5/2018,03:40:00 pm,0,4.796,9.1543,1.0009247959999996
6211,2018-11-05 15:50:00,8.1529775132,11/5/2018,03:50:00 pm,0,4.795,9.1544,1.001422486800001
6212,2018-11-05 16:00:00,8.1536199368,11/5/2018,04:00:00 pm,0,4.794,9.1546,1.0009800632
6213,2018-11-05 16:10:00,8.1545886708,11/5/2018,04:10:00 pm,0,4.794,9.1557,1.0011113291999987
6214,2018-11-05 16:20:00,8.1553024748,11/5/2018,04:20:00 pm,0,4.794,9.1556,1.0002975252000006
6215,2018-11-05 16:30:00,8.15674028,11/5/2018,04:30:00 pm,0,4.793,9.1565,0.9997597200000001
6216,2018-11-05 16:40:00,8.157311323199998,11/5/2018,04:40:00 pm,0,4.793,9.157,0.9996886768000017
6217,2018-11-05 16:50:00,8.156801463199999,11/5/2018,04:50:00 pm,0,4.793,9.1566,0.9997985368000002
6218,2018-11-05 17:00:00,8.1563119976,11/5/2018,05:00:00 pm,0,4.792,9.1561,0.9997880024000008
6219,2018-11-05 17:10:00,8.1574234924,11/5/2018,05:10:00 pm,0,4.791,9.1569,0.9994765076000007
6220,2018-11-05 17:20:00,8.156923829599998,11/5/2018,05:20:00 pm,0,4.791,9.157,1.0000761704000016
6221,2018-11-05 17:30:00,8.157097182,11/5/2018,05:30:00 pm,0,4.79,9.1565,0.9994028180000001
6222,2018-11-05 17:40:00,8.1585043956,11/5/2018,05:40:00 pm,0,4.79,9.1579,0.9993956044000001
6223,2018-11-05 17:50:00,8.1596566792,11/5/2018,05:50:00 pm,0,4.789,9.1579,0.9982433208000003
6224,2018-11-05 18:00:00,8.1602889056,11/5/2018,06:00:00 pm,0,4.789,9.1588,0.9985110943999995
6225,2018-11-05 18:10:00,8.161227048,11/5/2018,06:10:00 pm,0,4.788,9.1592,0.9979729519999996
6226,2018-11-05 18:20:00,8.1611862592,11/5/2018,06:20:00 pm,0,4.788,9.1595,0.9983137407999987
6227,2018-11-05 18:30:00,8.1622365708,11/5/2018,06:30:00 pm,0,4.788,9.1602,0.9979634292000004
6228,2018-11-05 18:40:00,8.1625118952,11/5/2018,06:40:00 pm,0,4.787,9.1612,0.9986881047999994
6229,2018-11-05 18:50:00,8.163470431999999,11/5/2018,06:50:00 pm,0,4.787,9.1622,0.9987295680000017
6230,2018-11-05 19:00:00,8.1648368568,11/5/2018,07:00:00 pm,0,4.786,9.1628,0.9979631432000016
6231,2018-11-05 19:10:00,8.1651937588,11/5/2018,07:10:00 pm,0,4.785,9.1632,0.9980062412000006
6232,2018-11-05 19:20:00,8.1650204064,11/5/2018,07:20:00 pm,0,4.785,9.1634,0.9983795935999993
6233,2018-11-05 19:30:00,8.165346716799998,11/5/2018,07:30:00 pm,0,4.785,9.1633,0.9979532832000011
6234,2018-11-05 19:40:00,8.165764802,11/5/2018,07:40:00 pm,0,4.784,9.1637,0.9979351980000004
6235,2018-11-05 19:50:00,8.166427619999999,11/5/2018,07:50:00 pm,0,4.784,9.1642,0.9977723800000007
6236,2018-11-05 20:00:00,8.1665703808,11/5/2018,08:00:00 pm,0,4.783,9.1644,0.9978296192000009
6237,2018-11-05 20:10:00,8.166866099599998,11/5/2018,08:10:00 pm,0,4.783,9.1645,0.9976339004000021
6238,2018-11-05 20:20:00,8.1675901008,11/5/2018,08:20:00 pm,0,4.782,9.1653,0.9977098992000002
6239,2018-11-05 20:30:00,8.1687627788,11/5/2018,08:30:00 pm,0,4.782,9.1656,0.9968372211999998
6240,2018-11-05 20:40:00,8.16974171,11/5/2018,08:40:00 pm,0,4.781,9.1672,0.9974582899999991
6241,2018-11-05 20:50:00,8.169619343599999,11/5/2018,08:50:00 pm,0,4.781,9.1668,0.9971806564000012
6242,2018-11-05 21:00:00,8.1706288664,11/5/2018,09:00:00 pm,0,4.781,9.1673,0.9966711335999996
6243,2018-11-05 21:10:00,8.171668980799998,11/5/2018,09:10:00 pm,0,4.78,9.1685,0.9968310192000018
6244,2018-11-05 21:20:00,8.173025208399999,11/5/2018,09:20:00 pm,0,4.78,9.17,0.9969747916000014
6245,2018-11-05 21:30:00,8.1738613788,11/5/2018,09:30:00 pm,0,4.779,9.1708,0.9969386212
6246,2018-11-05 21:40:00,8.174636366,11/5/2018,09:40:00 pm,0,4.778,9.1714,0.9967636340000006
6247,2018-11-05 21:50:00,8.1750136624,11/5/2018,09:50:00 pm,0,4.778,9.1717,0.9966863375999999
6248,2018-11-05 22:00:00,8.175635691599998,11/5/2018,10:00:00 pm,0,4.777,9.1721,0.996464308400002
6249,2018-11-05 22:10:00,8.1764412704,11/5/2018,10:10:00 pm,0,4.777,9.173,0.9965587296000002
6250,2018-11-05 22:20:00,8.1770632996,11/5/2018,10:20:00 pm,0,4.776,9.1737,0.9966367003999999
6251,2018-11-05 22:30:00,8.1772570464,11/5/2018,10:30:00 pm,0,4.776,9.1741,0.9968429535999999
6252,2018-11-05 22:40:00,8.1781645972,11/5/2018,10:40:00 pm,0,4.776,9.1749,0.9967354027999988
6253,2018-11-05 22:50:00,8.178888598399999,11/5/2018,10:50:00 pm,0,4.775,9.1758,0.996911401600002
6254,2018-11-05 23:00:00,8.1788987956,11/5/2018,11:00:00 pm,0,4.775,9.1759,0.9970012044000001
6255,2018-11-05 23:10:00,8.1789905704,11/5/2018,11:10:00 pm,0,4.774,9.1764,0.9974094295999993
6256,2018-11-05 23:20:00,8.1797451632,11/5/2018,11:20:00 pm,0,4.774,9.1764,0.9966548367999994
6257,2018-11-05 23:30:00,8.180010290399998,11/5/2018,11:30:00 pm,0,4.773,9.1766,0.996589709600002
6258,2018-11-05 23:40:00,8.179959304399999,11/5/2018,11:40:00 pm,0,4.773,9.1769,0.9969406956000011
6259,2018-11-05 23:50:00,8.179979698799999,11/5/2018,11:50:00 pm,0,4.772,9.1765,0.9965203012000021
6260,2018-11-06 00:00:00,8.180346798,11/6/2018,12:00:00 am,0,4.772,9.1769,0.9965532019999994
6261,2018-11-06 00:10:00,8.180622122399999,11/6/2018,12:10:00 am,0,4.772,9.1769,0.9962778776000007
6262,2018-11-06 00:20:00,8.1815806592,11/6/2018,12:20:00 am,0,4.771,9.178,0.996419340800001
6263,2018-11-06 00:30:00,8.1819477584,11/6/2018,12:30:00 am,0,4.771,9.1782,0.9962522416000006
6264,2018-11-06 00:40:00,8.1822128856,11/6/2018,12:40:00 am,0,4.77,9.1787,0.9964871143999989
6265,2018-11-06 00:50:00,8.182314857599998,11/6/2018,12:50:00 am,0,4.769,9.1791,0.996785142400002
6266,2018-11-06 01:00:00,8.1826513652,11/6/2018,01:00:00 am,0,4.769,9.1789,0.9962486348000006
6267,2018-11-06 01:10:00,8.1825289988,11/6/2018,01:10:00 am,0,4.769,9.1789,0.9963710012
6268,2018-11-06 01:20:00,8.183212211199999,11/6/2018,01:20:00 am,0,4.768,9.1793,0.9960877888000006
6269,2018-11-06 01:30:00,8.183589507599999,11/6/2018,01:30:00 am,0,4.768,9.1797,0.9961104924000015
6270,2018-11-06 01:40:00,8.1838240432,11/6/2018,01:40:00 am,0,4.768,9.1799,0.9960759568000004
6271,2018-11-06 01:50:00,8.184344100399999,11/6/2018,01:50:00 am,0,4.767,9.1802,0.9958558996000004
6272,2018-11-06 02:00:00,8.1839056208,11/6/2018,02:00:00 am,0,4.767,9.1803,0.9963943792000016
6273,2018-11-06 02:10:00,8.1840483816,11/6/2018,02:10:00 am,0,4.766,9.1804,0.9963516184000003
6274,2018-11-06 02:20:00,8.1834161552,11/6/2018,02:20:00 am,0,4.766,9.1792,0.9957838448
6275,2018-11-06 02:30:00,8.1840075928,11/6/2018,02:30:00 am,0,4.765,9.1797,0.9956924072
6276,2018-11-06 02:40:00,8.185200665199998,11/6/2018,02:40:00 am,0,4.765,9.1801,0.9948993348000013
6277,2018-11-06 02:50:00,8.1855371728,11/6/2018,02:50:00 am,0,4.765,9.1808,0.9952628271999995
6278,2018-11-06 03:00:00,8.1864753152,11/6/2018,03:00:00 am,0,4.764,9.1816,0.9951246848000004
6279,2018-11-06 03:10:00,8.186169399199999,11/6/2018,03:10:00 am,0,4.764,9.1815,0.9953306008000009
6280,2018-11-06 03:20:00,8.1856085532,11/6/2018,03:20:00 am,0,4.763,9.1811,0.9954914468000009
6281,2018-11-06 03:30:00,8.1855779616,11/6/2018,03:30:00 am,0,4.763,9.1808,0.9952220383999997
6282,2018-11-06 03:40:00,8.186363146,11/6/2018,03:40:00 am,0,4.762,9.181,0.9946368539999995
6283,2018-11-06 03:50:00,8.185863483199999,11/6/2018,03:50:00 am,0,4.762,9.1807,0.9948365168000013
6284,2018-11-06 04:00:00,8.1859348636,11/6/2018,04:00:00 am,0,4.762,9.1809,0.9949651363999994
6285,2018-11-06 04:10:00,8.185068101599999,11/6/2018,04:10:00 am,0,4.761,9.1802,0.9951318984000004
6286,2018-11-06 04:20:00,8.185394411999999,11/6/2018,04:20:00 am,0,4.76,9.1803,0.9949055880000017
6287,2018-11-06 04:30:00,8.1857411168,11/6/2018,04:30:00 am,0,4.76,9.1804,0.9946588832000014
6288,2018-11-06 04:40:00,8.1860266384,11/6/2018,04:40:00 am,0,4.76,9.1804,0.994373361600001
6289,2018-11-06 04:50:00,8.1859246664,11/6/2018,04:50:00 am,0,4.759,9.1809,0.9949753335999993
6290,2018-11-06 05:00:00,8.185792102799999,11/6/2018,05:00:00 am,0,4.759,9.1806,0.9948078972000012
6291,2018-11-06 05:10:00,8.1859246664,11/6/2018,05:10:00 am,0,4.758,9.1805,0.9945753336000003
6292,2018-11-06 05:20:00,8.1855371728,11/6/2018,05:20:00 am,0,4.758,9.18,0.9944628271999996
6293,2018-11-06 05:30:00,8.1853026372,11/6/2018,05:30:00 am,0,4.758,9.1798,0.9944973628000007
6294,2018-11-06 05:40:00,8.185129284799999,11/6/2018,05:40:00 am,0,4.757,9.1797,0.9945707152000018
6295,2018-11-06 05:50:00,8.185506581199999,11/6/2018,05:50:00 am,0,4.757,9.1797,0.9941934188000019
6296,2018-11-06 06:00:00,8.1863529488,11/6/2018,06:00:00 am,0,4.756,9.1797,0.9933470512000007
6297,2018-11-06 06:10:00,8.186618076,11/6/2018,06:10:00 am,0,4.756,9.1806,0.9939819239999999
6298,2018-11-06 06:20:00,8.1867098508,11/6/2018,06:20:00 am,0,4.755,9.1801,0.9933901491999997
6299,2018-11-06 06:30:00,8.1862713712,11/6/2018,06:30:00 am,0,4.755,9.1804,0.9941286288000004
6300,2018-11-06 06:40:00,8.186556892799999,11/6/2018,06:40:00 am,0,4.754,9.1802,0.9936431072000005
6301,2018-11-06 06:50:00,8.187280894,11/6/2018,06:50:00 am,0,4.754,9.1805,0.9932191059999997
6302,2018-11-06 07:00:00,8.187382865999998,11/6/2018,07:00:00 am,0,4.753,9.1807,0.9933171340000015
6303,2018-11-06 07:10:00,8.187280894,11/6/2018,07:10:00 am,0,4.753,9.181,0.9937191059999986
6304,2018-11-06 07:20:00,8.187270696799999,11/6/2018,07:20:00 am,0,4.753,9.1808,0.9935293032000008
6305,2018-11-06 07:30:00,8.187698979199999,11/6/2018,07:30:00 am,0,4.752,9.1816,0.993901020800001
6306,2018-11-06 07:40:00,8.1878825288,11/6/2018,07:40:00 am,0,4.752,9.1816,0.9937174712000001
6307,2018-11-06 07:50:00,8.1878315428,11/6/2018,07:50:00 am,0,4.752,9.1812,0.9933684572000008
6308,2018-11-06 08:00:00,8.187342077199999,11/6/2018,08:00:00 am,0,4.751,9.1805,0.9931579228000018
6309,2018-11-06 08:10:00,8.187311485599999,11/6/2018,08:10:00 am,0,4.751,9.1806,0.9932885144000014
6310,2018-11-06 08:20:00,8.1867608368,11/6/2018,08:20:00 am,0,4.75,9.1803,0.9935391632000012
6311,2018-11-06 08:30:00,8.1867812312,11/6/2018,08:30:00 am,0,4.75,9.1805,0.9937187688000009
6312,2018-11-06 08:40:00,8.1868016256,11/6/2018,08:40:00 am,0,4.749,9.1804,0.9935983744000012
6313,2018-11-06 08:50:00,8.1872095136,11/6/2018,08:50:00 am,0,4.749,9.1811,0.9938904864000015
6314,2018-11-06 09:00:00,8.187423654799998,11/6/2018,09:00:00 am,0,4.748,9.1816,0.9941763452000014
6315,2018-11-06 09:10:00,8.187617401599999,11/6/2018,09:10:00 am,0,4.748,9.1816,0.9939825984000006
6316,2018-11-06 09:20:00,8.187586809999999,11/6/2018,09:20:00 am,0,4.748,9.1819,0.9943131900000015
6317,2018-11-06 09:30:00,8.1879845008,11/6/2018,09:30:00 am,0,4.747,9.1824,0.9944154991999987
6318,2018-11-06 09:40:00,8.188514755199998,11/6/2018,09:40:00 am,0,4.747,9.1831,0.9945852448000014
6319,2018-11-06 09:50:00,8.1884841636,11/6/2018,09:50:00 am,0,4.746,9.184,0.9955158363999992
6320,2018-11-06 10:00:00,8.1860674272,11/6/2018,10:00:00 am,0,4.746,9.1838,0.9977325728000004
6321,2018-11-06 10:10:00,8.1849967212,11/6/2018,10:10:00 am,0,4.745,9.1834,0.9984032788000015
6322,2018-11-06 10:20:00,8.1851700736,11/6/2018,10:20:00 am,0,4.745,9.1831,0.9979299263999994
6323,2018-11-06 10:30:00,8.1853128344,11/6/2018,10:30:00 am,0,4.745,9.1835,0.998187165600001
6324,2018-11-06 10:40:00,8.185445398,11/6/2018,10:40:00 am,0,4.744,9.1831,0.997654601999999
6325,2018-11-06 10:50:00,8.185812497199999,11/6/2018,10:50:00 am,0,4.744,9.1836,0.9977875028000014
6326,2018-11-06 11:00:00,8.1863427516,11/6/2018,11:00:00 am,0,4.744,9.1842,0.9978572484000008
6327,2018-11-06 11:10:00,8.1830286616,11/6/2018,11:10:00 am,0,4.743,9.1837,1.0006713384
6328,2018-11-06 11:20:00,8.184680607999999,11/6/2018,11:20:00 am,0,4.742,9.1828,0.9981193920000013
6329,2018-11-06 11:30:00,8.1838546348,11/6/2018,11:30:00 am,0,4.743,9.1816,0.9977453652000001
6330,2018-11-06 11:40:00,8.1827125484,11/6/2018,11:40:00 am,0,4.742,9.1809,0.9981874515999998
6331,2018-11-06 11:50:00,8.183202013999999,11/6/2018,11:50:00 am,0,4.741,9.1796,0.9963979860000016
6332,2018-11-06 12:00:00,8.1820191388,11/6/2018,12:00:00 pm,0,4.741,9.1786,0.9965808612
6333,2018-11-06 12:10:00,8.178001442,11/6/2018,12:10:00 pm,0,4.741,9.1779,0.9998985579999999
6334,2018-11-06 12:20:00,8.1769001444,11/6/2018,12:20:00 pm,0,4.74,9.1765,0.9995998556000014
6335,2018-11-06 12:30:00,8.1804283756,11/6/2018,12:30:00 pm,0,4.74,9.1766,0.9961716244000005
6336,2018-11-06 12:40:00,8.1821720968,11/6/2018,12:40:00 pm,0,4.739,9.1769,0.9947279031999994
6337,2018-11-06 12:50:00,8.1818151948,11/6/2018,12:50:00 pm,0,4.739,9.1771,0.995284805199999
6338,2018-11-06 13:00:00,8.182080322,11/6/2018,01:00:00 pm,0,4.739,9.1763,0.9942196780000003
6339,2018-11-06 13:10:00,8.180407981199998,11/6/2018,01:10:00 pm,0,4.739,9.1761,0.9956920188000016
6340,2018-11-06 13:20:00,8.179734966,11/6/2018,01:20:00 pm,0,4.737,9.1742,0.994465034000001
6341,2018-11-06 13:30:00,8.1782359776,11/6/2018,01:30:00 pm,0,4.738,9.1735,0.9952640224000007
6342,2018-11-06 13:40:00,8.176971524799999,11/6/2018,01:40:00 pm,0,4.737,9.1727,0.9957284752000017
6343,2018-11-06 13:50:00,8.177002116399999,11/6/2018,01:50:00 pm,0,4.736,9.172,0.9949978836000017
6344,2018-11-06 14:00:00,8.176645214399999,11/6/2018,02:00:00 pm,0,4.736,9.1713,0.9946547856000016
6345,2018-11-06 14:10:00,8.1754623392,11/6/2018,02:10:00 pm,0,4.736,9.1706,0.9951376608000011
6346,2018-11-06 14:20:00,8.1755745084,11/6/2018,02:20:00 pm,0,4.735,9.1699,0.9943254915999997
6347,2018-11-06 14:30:00,8.1734942796,11/6/2018,02:30:00 pm,0,4.735,9.17,0.9965057204000001
6348,2018-11-06 14:40:00,8.174157097599998,11/6/2018,02:40:00 pm,0,4.735,9.1702,0.996042902400001
6349,2018-11-06 14:50:00,8.1737798012,11/6/2018,02:50:00 pm,0,4.735,9.1702,0.9964201987999992
6350,2018-11-06 15:00:00,8.174024533999999,11/6/2018,03:00:00 pm,0,4.734,9.1707,0.996675466000001
6351,2018-11-06 15:10:00,8.175258395199998,11/6/2018,03:10:00 pm,0,4.733,9.1714,0.9961416048000018
6352,2018-11-06 15:20:00,8.175554113999999,11/6/2018,03:20:00 pm,0,4.733,9.172,0.9964458860000018
6353,2018-11-06 15:30:00,8.174483408,11/6/2018,03:30:00 pm,0,4.732,9.1721,0.997616592
6354,2018-11-06 15:40:00,8.17458538,11/6/2018,03:40:00 pm,0,4.732,9.1721,0.9975146200000005
6355,2018-11-06 15:50:00,8.1746057744,11/6/2018,03:50:00 pm,0,4.732,9.172,0.9973942256000008
6356,2018-11-06 16:00:00,8.1732801384,11/6/2018,04:00:00 pm,0,4.732,9.1716,0.9983198616000006
6357,2018-11-06 16:10:00,8.173851181599998,11/6/2018,04:10:00 pm,0,4.731,9.1717,0.9978488184000014
6358,2018-11-06 16:20:00,8.1733515188,11/6/2018,04:20:00 pm,0,4.731,9.171,0.9976484811999988
6359,2018-11-06 16:30:00,8.173616646,11/6/2018,04:30:00 pm,0,4.73,9.1713,0.9976833540000012
6360,2018-11-06 16:40:00,8.175513325199999,11/6/2018,04:40:00 pm,0,4.73,9.1717,0.9961866748000006
6361,2018-11-06 16:50:00,8.174891296,11/6/2018,04:50:00 pm,0,4.73,9.1716,0.9967087039999996
6362,2018-11-06 17:00:00,8.174768929599999,11/6/2018,05:00:00 pm,0,4.729,9.1714,0.9966310704000012
6363,2018-11-06 17:10:00,8.1755745084,11/6/2018,05:10:00 pm,0,4.728,9.173,0.9974254915999996
6364,2018-11-06 17:20:00,8.176736989199998,11/6/2018,05:20:00 pm,0,4.729,9.1737,0.9969630108000018
6365,2018-11-06 17:30:00,8.1775527652,11/6/2018,05:30:00 pm,0,4.728,9.1747,0.9971472347999999
6366,2018-11-06 17:40:00,8.179174119999999,11/6/2018,05:40:00 pm,0,4.727,9.1756,0.9964258800000003
6367,2018-11-06 17:50:00,8.1800816708,11/6/2018,05:50:00 pm,0,4.727,9.1764,0.9963183291999993
6368,2018-11-06 18:00:00,8.180673108399999,11/6/2018,06:00:00 pm,0,4.727,9.1768,0.9961268916000012
6369,2018-11-06 18:10:00,8.181070799199999,11/6/2018,06:10:00 pm,0,4.727,9.1768,0.9957292008000014
6370,2018-11-06 18:20:00,8.1815398704,11/6/2018,06:20:00 pm,0,4.726,9.1768,0.9952601296000001
6371,2018-11-06 18:30:00,8.1816622368,11/6/2018,06:30:00 pm,0,4.725,9.1771,0.9954377632
6372,2018-11-06 18:40:00,8.181845786399998,11/6/2018,06:40:00 pm,0,4.725,9.1774,0.995554213600002
6373,2018-11-06 18:50:00,8.182314857599998,11/6/2018,06:50:00 pm,0,4.725,9.1777,0.9953851424000018
6374,2018-11-06 19:00:00,8.1822944632,11/6/2018,07:00:00 pm,0,4.724,9.1775,0.9952055368000003
6375,2018-11-06 19:10:00,8.182161899599999,11/6/2018,07:10:00 pm,0,4.724,9.1775,0.9953381004000015
6376,2018-11-06 19:20:00,8.1827635344,11/6/2018,07:20:00 pm,0,4.724,9.1775,0.9947364656000008
6377,2018-11-06 19:30:00,8.182641168,11/6/2018,07:30:00 pm,0,4.723,9.1773,0.9946588320000007
6378,2018-11-06 19:40:00,8.182926689599999,11/6/2018,07:40:00 pm,0,4.723,9.1776,0.9946733104000014
6379,2018-11-06 19:50:00,8.183711873999998,11/6/2018,07:50:00 pm,0,4.722,9.1793,0.9955881260000012
6380,2018-11-06 20:00:00,8.1849559324,11/6/2018,08:00:00 pm,0,4.722,9.1805,0.9955440676000009
6381,2018-11-06 20:10:00,8.1859246664,11/6/2018,08:10:00 pm,0,4.722,9.1814,0.9954753336
6382,2018-11-06 20:20:00,8.185394411999999,11/6/2018,08:20:00 pm,0,4.721,9.1814,0.9960055880000009
6383,2018-11-06 20:30:00,8.1844052836,11/6/2018,08:30:00 pm,0,4.721,9.1807,0.9962947163999996
6384,2018-11-06 20:40:00,8.185200665199998,11/6/2018,08:40:00 pm,0,4.721,9.1812,0.9959993348000022
6385,2018-11-06 20:50:00,8.185047707199999,11/6/2018,08:50:00 pm,0,4.72,9.1812,0.9961522928000015
6386,2018-11-06 21:00:00,8.1842829172,11/6/2018,09:00:00 pm,0,4.72,9.1812,0.9969170828000014
6387,2018-11-06 21:10:00,8.183722071199998,11/6/2018,09:10:00 pm,0,4.719,9.1805,0.996777928800002
6388,2018-11-06 21:20:00,8.183405957999998,11/6/2018,09:20:00 pm,0,4.719,9.1804,0.9969940420000025
6389,2018-11-06 21:30:00,8.1843135088,11/6/2018,09:30:00 pm,0,4.718,9.1805,0.9961864911999996
6390,2018-11-06 21:40:00,8.184853960399998,11/6/2018,09:40:00 pm,0,4.718,9.1812,0.9963460396000023
6391,2018-11-06 21:50:00,8.1829674784,11/6/2018,09:50:00 pm,0,4.718,9.1803,0.9973325216000006
6392,2018-11-06 22:00:00,8.182794126000001,11/6/2018,10:00:00 pm,0,4.717,9.1799,0.997105873999999
6393,2018-11-06 22:10:00,8.1826819568,11/6/2018,10:10:00 pm,0,4.717,9.1794,0.9967180431999996
6394,2018-11-06 22:20:00,8.1833141832,11/6/2018,10:20:00 pm,0,4.717,9.1797,0.9963858168000002
6395,2018-11-06 22:30:00,8.1840075928,11/6/2018,10:30:00 pm,0,4.716,9.1809,0.9968924071999989
6396,2018-11-06 22:40:00,8.185047707199999,11/6/2018,10:40:00 pm,0,4.716,9.1822,0.997152292800001
6397,2018-11-06 22:50:00,8.1857309196,11/6/2018,10:50:00 pm,0,4.715,9.1824,0.9966690804000002
6398,2018-11-06 23:00:00,8.1852822428,11/6/2018,11:00:00 pm,0,4.715,9.1823,0.9970177572000001
6399,2018-11-06 23:10:00,8.1856187504,11/6/2018,11:10:00 pm,0,4.714,9.1821,0.9964812496000004
6400,2018-11-06 23:20:00,8.1840483816,11/6/2018,11:20:00 pm,0,4.714,9.1809,0.9968516183999991
6401,2018-11-06 23:30:00,8.185863483199999,11/6/2018,11:30:00 pm,0,4.714,9.1819,0.996036516800002
6402,2018-11-06 23:40:00,8.185700328,11/6/2018,11:40:00 pm,0,4.713,9.1826,0.9968996720000014
6403,2018-11-06 23:50:00,8.18605723,11/6/2018,11:50:00 pm,0,4.713,9.1828,0.9967427700000009
6404,2018-11-07 00:00:00,8.1852108624,11/7/2018,12:00:00 am,0,4.712,9.1823,0.9970891375999997
6405,2018-11-07 00:10:00,8.1852720456,11/7/2018,12:10:00 am,0,4.712,9.1812,0.9959279544000008
6406,2018-11-07 00:20:00,8.185506581199999,11/7/2018,12:20:00 am,0,4.712,9.1822,0.9966934188000014
6407,2018-11-07 00:30:00,8.1847927772,11/7/2018,12:30:00 am,0,4.711,9.1822,0.9974072227999997
6408,2018-11-07 00:40:00,8.1841401564,11/7/2018,12:40:00 am,0,4.711,9.1812,0.9970598436000007
6409,2018-11-07 00:50:00,8.1847927772,11/7/2018,12:50:00 am,0,4.711,9.1806,0.9958072227999999
6410,2018-11-07 01:00:00,8.182794126000001,11/7/2018,01:00:00 am,0,4.71,9.1796,0.9968058739999996
6411,2018-11-07 01:10:00,8.1814378984,11/7/2018,01:10:00 am,0,4.71,9.1777,0.9962621015999993
6412,2018-11-07 01:20:00,8.1805405448,11/7/2018,01:20:00 am,0,4.709,9.1775,0.9969594552000007
6413,2018-11-07 01:30:00,8.1805711364,11/7/2018,01:30:00 am,0,4.709,9.1771,0.9965288636
6414,2018-11-07 01:40:00,8.1801632484,11/7/2018,01:40:00 am,0,4.709,9.1762,0.9960367516000002
6415,2018-11-07 01:50:00,8.1775119764,11/7/2018,01:50:00 am,0,4.708,9.1746,0.9970880235999999
6416,2018-11-07 02:00:00,8.177338623999999,11/7/2018,02:00:00 am,0,4.708,9.1739,0.9965613760000007
6417,2018-11-07 02:10:00,8.178307358,11/7/2018,02:10:00 am,0,4.707,9.1743,0.9959926420000009
6418,2018-11-07 02:20:00,8.178970176,11/7/2018,02:20:00 am,0,4.707,9.1748,0.9958298239999994
6419,2018-11-07 02:30:00,8.1795616136,11/7/2018,02:30:00 am,0,4.707,9.1757,0.9961383864000002
6420,2018-11-07 02:40:00,8.179225105999999,11/7/2018,02:40:00 am,0,4.707,9.1753,0.9960748940000013
6421,2018-11-07 02:50:00,8.1795004304,11/7/2018,02:50:00 am,0,4.706,9.1759,0.9963995696000012
6422,2018-11-07 03:00:00,8.179194514399999,11/7/2018,03:00:00 am,0,4.706,9.1752,0.9960054856000014
6423,2018-11-07 03:10:00,8.1780116392,11/7/2018,03:10:00 am,0,4.705,9.1746,0.9965883608000006
6424,2018-11-07 03:20:00,8.178837612399999,11/7/2018,03:20:00 am,0,4.705,9.1745,0.9956623876000013
6425,2018-11-07 03:30:00,8.1790517536,11/7/2018,03:30:00 am,0,4.704,9.1754,0.9963482464000002
6426,2018-11-07 03:40:00,8.179867529600001,11/7/2018,03:40:00 am,0,4.704,9.1749,0.9950324703999982
6427,2018-11-07 03:50:00,8.179785952,11/7/2018,03:50:00 am,0,4.704,9.1757,0.9959140480000013
6428,2018-11-07 04:00:00,8.177746511999999,11/7/2018,04:00:00 am,0,4.703,9.1746,0.9968534880000011
6429,2018-11-07 04:10:00,8.176573834,11/7/2018,04:10:00 am,0,4.702,9.1731,0.9965261660000007
6430,2018-11-07 04:20:00,8.1754317476,11/7/2018,04:20:00 am,0,4.702,9.1711,0.9956682523999998
6431,2018-11-07 04:30:00,8.1754419448,11/7/2018,04:30:00 am,0,4.702,9.171,0.9955580552000001
6432,2018-11-07 04:40:00,8.1751870148,11/7/2018,04:40:00 am,0,4.702,9.1705,0.9953129852
6433,2018-11-07 04:50:00,8.177236652,11/7/2018,04:50:00 am,0,4.701,9.1717,0.994463348
6434,2018-11-07 05:00:00,8.177185666,11/7/2018,05:00:00 am,0,4.701,9.1718,0.9946143339999995
6435,2018-11-07 05:10:00,8.1760231852,11/7/2018,05:10:00 am,0,4.701,9.1729,0.9968768148000002
6436,2018-11-07 05:20:00,8.177338623999999,11/7/2018,05:20:00 am,0,4.7,9.1721,0.9947613760000014
6437,2018-11-07 05:30:00,8.1775221736,11/7/2018,05:30:00 am,0,4.699,9.1729,0.9953778264000004
6438,2018-11-07 05:40:00,8.1767981724,11/7/2018,05:40:00 am,0,4.699,9.1726,0.9958018275999994
6439,2018-11-07 05:50:00,8.176584031199999,11/7/2018,05:50:00 am,0,4.699,9.1733,0.9967159688000002
6440,2018-11-07 06:00:00,8.178093216799999,11/7/2018,06:00:00 am,0,4.698,9.1728,0.9947067832000016
6441,2018-11-07 06:10:00,8.1772264548,11/7/2018,06:10:00 am,0,4.698,9.1725,0.9952735451999999
6442,2018-11-07 06:20:00,8.1774507932,11/7/2018,06:20:00 am,0,4.698,9.1729,0.9954492068
6443,2018-11-07 06:30:00,8.1768083696,11/7/2018,06:30:00 am,0,4.697,9.1723,0.9954916304000001
6444,2018-11-07 06:40:00,8.176696200399999,11/7/2018,06:40:00 am,0,4.697,9.1727,0.9960037996000022
6445,2018-11-07 06:50:00,8.1775629624,11/7/2018,06:50:00 am,0,4.696,9.1727,0.995137037600001
6446,2018-11-07 07:00:00,8.1763291012,11/7/2018,07:00:00 am,0,4.696,9.1723,0.9959708987999996
6447,2018-11-07 07:10:00,8.1765636368,11/7/2018,07:10:00 am,0,4.695,9.1723,0.9957363632000007
6448,2018-11-07 07:20:00,8.175860029999999,11/7/2018,07:20:00 am,0,4.695,9.1712,0.9953399700000016
6449,2018-11-07 07:30:00,8.1764616648,11/7/2018,07:30:00 am,0,4.695,9.1719,0.9954383352000011
6450,2018-11-07 07:40:00,8.1772570464,11/7/2018,07:40:00 am,0,4.694,9.1727,0.9954429536000013
6451,2018-11-07 07:50:00,8.177481384799998,11/7/2018,07:50:00 am,0,4.693,9.1728,0.9953186152000022
6452,2018-11-07 08:00:00,8.1783175552,11/7/2018,08:00:00 am,0,4.693,9.1736,0.9952824448000008
6453,2018-11-07 08:10:00,8.178429724399999,11/7/2018,08:10:00 am,0,4.693,9.1749,0.9964702756000001
6454,2018-11-07 08:20:00,8.178776429200001,11/7/2018,08:20:00 am,0,4.693,9.1755,0.9967235707999986
6455,2018-11-07 08:30:00,8.179174119999999,11/7/2018,08:30:00 am,0,4.692,9.1758,0.9966258800000016
6456,2018-11-07 08:40:00,8.1811217852,11/7/2018,08:40:00 am,0,4.692,9.1762,0.9950782147999995
6457,2018-11-07 08:50:00,8.1809484328,11/7/2018,08:50:00 am,0,4.691,9.177,0.9960515672000003
6458,2018-11-07 09:00:00,8.1812747432,11/7/2018,09:00:00 am,0,4.691,9.1773,0.9960252568000012
6459,2018-11-07 09:10:00,8.181672434,11/7/2018,09:10:00 am,0,4.691,9.1787,0.9970275659999999
6460,2018-11-07 09:20:00,8.181703025600001,11/7/2018,09:20:00 am,0,4.69,9.1792,0.9974969743999988
6461,2018-11-07 09:30:00,8.1827227456,11/7/2018,09:30:00 am,0,4.69,9.179,0.9962772544000007
6462,2018-11-07 09:40:00,8.1818151948,11/7/2018,09:40:00 am,0,4.689,9.179,0.9971848051999999
6463,2018-11-07 09:50:00,8.179979698799999,11/7/2018,09:50:00 am,0,4.689,9.1789,0.9989203012000019
6464,2018-11-07 10:00:00,8.1776037512,11/7/2018,10:00:00 am,0,4.689,9.1783,1.0006962488000006
6465,2018-11-07 10:10:00,8.176645214399999,11/7/2018,10:10:00 am,0,4.688,9.1779,1.0012547856000005
6466,2018-11-07 10:20:00,8.1778178924,11/7/2018,10:20:00 am,0,4.688,9.1783,1.0004821076
6467,2018-11-07 10:30:00,8.1797655576,11/7/2018,10:30:00 am,0,4.687,9.1798,1.0000344424000005
6468,2018-11-07 10:40:00,8.180367192399999,11/7/2018,10:40:00 am,0,4.687,9.1797,0.9993328076000019
6469,2018-11-07 10:50:00,8.179265894799999,11/7/2018,10:50:00 am,0,4.686,9.1792,0.9999341052000013
6470,2018-11-07 11:00:00,8.1772468492,11/7/2018,11:00:00 am,0,4.686,9.1769,0.9996531508000004
6471,2018-11-07 11:10:00,8.1757478608,11/7/2018,11:10:00 am,0,4.686,9.1764,1.0006521391999996
6472,2018-11-07 11:20:00,8.1755439168,11/7/2018,11:20:00 am,0,4.685,9.1744,0.9988560831999997
6473,2018-11-07 11:30:00,8.1737492096,11/7/2018,11:30:00 am,0,4.685,9.174,1.000250790399999
6474,2018-11-07 11:40:00,8.174157097599998,11/7/2018,11:40:00 am,0,4.685,9.1733,0.9991429024000009
6475,2018-11-07 11:50:00,8.1740551256,11/7/2018,11:50:00 am,0,4.684,9.1726,0.9985448743999985
6476,2018-11-07 12:00:00,8.1727804756,11/7/2018,12:00:00 pm,0,4.683,9.172,0.9992195244000008
6477,2018-11-07 12:10:00,8.1705065,11/7/2018,12:10:00 pm,0,4.684,9.1722,1.0016935
6478,2018-11-07 12:20:00,8.1697723016,11/7/2018,12:20:00 pm,0,4.683,9.1708,1.0010276983999997
6479,2018-11-07 12:30:00,8.1734432936,11/7/2018,12:30:00 pm,0,4.682,9.1701,0.9966567063999996
6480,2018-11-07 12:40:00,8.1735860544,11/7/2018,12:40:00 pm,0,4.682,9.1705,0.9969139456000011
6481,2018-11-07 12:50:00,8.1725255456,11/7/2018,12:50:00 pm,0,4.681,9.1705,0.9979744544000013
6482,2018-11-07 13:00:00,8.171893319199999,11/7/2018,01:00:00 pm,0,4.681,9.1698,0.9979066808000017
6483,2018-11-07 13:10:00,8.1705472888,11/7/2018,01:10:00 pm,0,4.681,9.1696,0.9990527112000009
6484,2018-11-07 13:20:00,8.1704351196,11/7/2018,01:20:00 pm,0,4.681,9.1689,0.9984648804000003
6485,2018-11-07 13:30:00,8.169293033199999,11/7/2018,01:30:00 pm,0,4.68,9.1689,0.9996069668000018
6486,2018-11-07 13:40:00,8.169405202399998,11/7/2018,01:40:00 pm,0,4.68,9.1684,0.9989947976000018
6487,2018-11-07 13:50:00,8.169833484799998,11/7/2018,01:50:00 pm,0,4.679,9.1677,0.9978665152000019
6488,2018-11-07 14:00:00,8.1695785548,11/7/2018,02:00:00 pm,0,4.679,9.1686,0.9990214452000004
6489,2018-11-07 14:10:00,8.168925933999999,11/7/2018,02:10:00 pm,0,4.678,9.1674,0.9984740660000018
6490,2018-11-07 14:20:00,8.168110158,11/7/2018,02:20:00 pm,0,4.678,9.1671,0.9989898420000003
6491,2018-11-07 14:30:00,8.168303904799998,11/7/2018,02:30:00 pm,0,4.678,9.1668,0.9984960952000019
6492,2018-11-07 14:40:00,8.1692420472,11/7/2018,02:40:00 pm,0,4.677,9.1684,0.999157952800001
6493,2018-11-07 14:50:00,8.170098611999999,11/7/2018,02:50:00 pm,0,4.677,9.1686,0.9985013880000011
6494,2018-11-07 15:00:00,8.16872199,11/7/2018,03:00:00 pm,0,4.676,9.1693,1.00057801
6495,2018-11-07 15:10:00,8.169629540799999,11/7/2018,03:10:00 pm,0,4.676,9.1688,0.9991704592000001
6496,2018-11-07 15:20:00,8.1698640764,11/7/2018,03:20:00 pm,0,4.675,9.1697,0.999835923600001
6497,2018-11-07 15:30:00,8.1698640764,11/7/2018,03:30:00 pm,0,4.675,9.1693,0.9994359236000001
6498,2018-11-07 15:40:00,8.170302556,11/7/2018,03:40:00 pm,0,4.675,9.1698,0.9994974440000011
6499,2018-11-07 15:50:00,8.1705472888,11/7/2018,03:50:00 pm,0,4.674,9.1702,0.9996527111999995
6500,2018-11-07 16:00:00,8.170017034399999,11/7/2018,04:00:00 pm,0,4.674,9.1702,1.0001829656000005
6501,2018-11-07 16:10:00,8.168518046,11/7/2018,04:10:00 pm,0,4.673,9.1695,1.0009819539999985
6502,2018-11-07 16:20:00,8.168895342399999,11/7/2018,04:20:00 pm,0,4.673,9.1694,1.0005046576000005
6503,2018-11-07 16:30:00,8.1698232876,11/7/2018,04:30:00 pm,0,4.673,9.1698,0.9999767124000005
6504,2018-11-07 16:40:00,8.1713834592,11/7/2018,04:40:00 pm,0,4.672,9.1698,0.998416540800001
6505,2018-11-07 16:50:00,8.17178115,11/7/2018,04:50:00 pm,0,4.672,9.1698,0.9980188500000011
6506,2018-11-07 17:00:00,8.173208758,11/7/2018,05:00:00 pm,0,4.671,9.1705,0.9972912420000011
6507,2018-11-07 17:10:00,8.174401830399999,11/7/2018,05:10:00 pm,0,4.671,9.1723,0.9978981696000009
6508,2018-11-07 17:20:00,8.1746261688,11/7/2018,05:20:00 pm,0,4.67,9.1722,0.9975738312000004
6509,2018-11-07 17:30:00,8.174381436,11/7/2018,05:30:00 pm,0,4.67,9.1714,0.9970185640000011
6510,2018-11-07 17:40:00,8.1762067348,11/7/2018,05:40:00 pm,0,4.67,9.1731,0.9968932652000007
6511,2018-11-07 17:50:00,8.1770938912,11/7/2018,05:50:00 pm,0,4.669,9.1735,0.9964061088000005
6512,2018-11-07 18:00:00,8.178144202799999,11/7/2018,06:00:00 pm,0,4.669,9.1748,0.9966557972000007
6513,2018-11-07 18:10:00,8.1790415564,11/7/2018,06:10:00 pm,0,4.668,9.1755,0.9964584435999999
6514,2018-11-07 18:20:00,8.1805813336,11/7/2018,06:20:00 pm,0,4.668,9.1764,0.9958186663999999
6515,2018-11-07 18:30:00,8.18274314,11/7/2018,06:30:00 pm,0,4.668,9.1776,0.9948568600000005
6516,2018-11-07 18:40:00,8.183212211199999,11/7/2018,06:40:00 pm,0,4.667,9.1789,0.9956877888000015
6517,2018-11-07 18:50:00,8.1849049464,11/7/2018,06:50:00 pm,0,4.667,9.1802,0.9952950535999996
6518,2018-11-07 19:00:00,8.18478258,11/7/2018,07:00:00 pm,0,4.667,9.1806,0.9958174199999998
6519,2018-11-07 19:10:00,8.1869341892,11/7/2018,07:10:00 pm,0,4.666,9.1819,0.9949658108000001
6520,2018-11-07 19:20:00,8.1885249524,11/7/2018,07:20:00 pm,0,4.665,9.183,0.9944750475999999
6521,2018-11-07 19:30:00,8.189146981599999,11/7/2018,07:30:00 pm,0,4.665,9.184,0.9948530184000006
6522,2018-11-07 19:40:00,8.1904318288,11/7/2018,07:40:00 pm,0,4.665,9.1847,0.9942681711999999
6523,2018-11-07 19:50:00,8.191002871999999,11/7/2018,07:50:00 pm,0,4.665,9.1855,0.9944971280000008
6524,2018-11-07 20:00:00,8.19192062,11/7/2018,08:00:00 pm,0,4.663,9.1867,0.9947793800000007
6525,2018-11-07 20:10:00,8.1919104228,11/7/2018,08:10:00 pm,0,4.663,9.1863,0.9943895771999998
6526,2018-11-07 20:20:00,8.191869634,11/7/2018,08:20:00 pm,0,4.663,9.1863,0.9944303659999996
6527,2018-11-07 20:30:00,8.19396006,11/7/2018,08:30:00 pm,0,4.662,9.188,0.9940399400000004
6528,2018-11-07 20:40:00,8.193123889599999,11/7/2018,08:40:00 pm,0,4.662,9.1884,0.9952761104000007
6529,2018-11-07 20:50:00,8.1934502,11/7/2018,08:50:00 pm,0,4.662,9.1882,0.994749800000001
6530,2018-11-07 21:00:00,8.193317636399998,11/7/2018,09:00:00 pm,0,4.661,9.188,0.9946823636000026
6531,2018-11-07 21:10:00,8.193042312,11/7/2018,09:10:00 pm,0,4.661,9.1877,0.9946576880000002
6532,2018-11-07 21:20:00,8.193592960799998,11/7/2018,09:20:00 pm,0,4.66,9.1885,0.994907039200001
6533,2018-11-07 21:30:00,8.193888679599999,11/7/2018,09:30:00 pm,0,4.66,9.1882,0.9943113204000014
6534,2018-11-07 21:40:00,8.195030765999999,11/7/2018,09:40:00 pm,0,4.659,9.1898,0.9947692340000014
6535,2018-11-07 21:50:00,8.1957139784,11/7/2018,09:50:00 pm,0,4.66,9.1898,0.9940860215999994
6536,2018-11-07 22:00:00,8.1961830496,11/7/2018,10:00:00 pm,0,4.658,9.1906,0.9944169503999998
6537,2018-11-07 22:10:00,8.197121192,11/7/2018,10:10:00 pm,0,4.658,9.1916,0.9944788080000002
6538,2018-11-07 22:20:00,8.197335333199998,11/7/2018,10:20:00 pm,0,4.658,9.192,0.9946646668000021
6539,2018-11-07 22:30:00,8.198273475599999,11/7/2018,10:30:00 pm,0,4.657,9.1926,0.9943265244000017
6540,2018-11-07 22:40:00,8.199864238799998,11/7/2018,10:40:00 pm,0,4.657,9.1938,0.9939357612000013
6541,2018-11-07 22:50:00,8.2003639016,11/7/2018,10:50:00 pm,0,4.656,9.1952,0.9948360984000004
6542,2018-11-07 23:00:00,8.2000069996,11/7/2018,11:00:00 pm,0,4.656,9.1942,0.994193000400001
6543,2018-11-07 23:10:00,8.2005066624,11/7/2018,11:10:00 pm,0,4.656,9.1949,0.9943933376
6544,2018-11-07 23:20:00,8.2001599576,11/7/2018,11:20:00 pm,0,4.655,9.1943,0.9941400423999998
6545,2018-11-07 23:30:00,8.2003129156,11/7/2018,11:30:00 pm,0,4.655,9.1944,0.9940870844000003
6546,2018-11-07 23:40:00,8.2002925212,11/7/2018,11:40:00 pm,0,4.654,9.1945,0.9942074787999999
6547,2018-11-07 23:50:00,8.2014651992,11/7/2018,11:50:00 pm,0,4.653,9.1958,0.9943348008000008
6548,2018-11-08 00:00:00,8.201924073199999,11/8/2018,12:00:00 am,0,4.653,9.1956,0.9936759268000017
6549,2018-11-08 00:10:00,8.2021892004,11/8/2018,12:10:00 am,0,4.653,9.1961,0.9939107996000001
6550,2018-11-08 00:20:00,8.2025868912,11/8/2018,12:20:00 am,0,4.653,9.1961,0.9935131088000002
6551,2018-11-08 00:30:00,8.2040960768,11/8/2018,12:30:00 am,0,4.652,9.1976,0.9935039231999987
6552,2018-11-08 00:40:00,8.204004302,11/8/2018,12:40:00 am,0,4.651,9.1973,0.9932956980000007
6553,2018-11-08 00:50:00,8.203953316,11/8/2018,12:50:00 am,0,4.651,9.1976,0.9936466839999998
6554,2018-11-08 01:00:00,8.204514161999999,11/8/2018,01:00:00 am,0,4.651,9.1979,0.9933858380000018
6555,2018-11-08 01:10:00,8.205207571599999,11/8/2018,01:10:00 am,0,4.65,9.1989,0.993692428400001
6556,2018-11-08 01:20:00,8.205686839999998,11/8/2018,01:20:00 am,0,4.649,9.1991,0.9934131600000011
6557,2018-11-08 01:30:00,8.20670656,11/8/2018,01:30:00 am,0,4.649,9.2003,0.9935934399999997
6558,2018-11-08 01:40:00,8.206655574,11/8/2018,01:40:00 am,0,4.648,9.2002,0.9935444260000015
6559,2018-11-08 01:50:00,8.2064924188,11/8/2018,01:50:00 am,0,4.648,9.2002,0.9937075812000007
6560,2018-11-08 02:00:00,8.2069003068,11/8/2018,02:00:00 am,0,4.648,9.2009,0.993999693200001
6561,2018-11-08 02:10:00,8.20670656,11/8/2018,02:10:00 am,0,4.647,9.2005,0.9937934399999993
6562,2018-11-08 02:20:00,8.208613436399999,11/8/2018,02:20:00 am,0,4.647,9.2022,0.993586563600001
6563,2018-11-08 02:30:00,8.209255859999999,11/8/2018,02:30:00 am,0,4.646,9.2033,0.9940441400000015
6564,2018-11-08 02:40:00,8.2098269032,11/8/2018,02:40:00 am,0,4.646,9.2036,0.9937730968
6565,2018-11-08 02:50:00,8.2103061716,11/8/2018,02:50:00 am,0,4.645,9.2036,0.9932938284000006
6566,2018-11-08 03:00:00,8.2101430164,11/8/2018,03:00:00 am,0,4.645,9.2039,0.9937569836000009
6567,2018-11-08 03:10:00,8.2106528764,11/8/2018,03:10:00 am,0,4.644,9.2042,0.9935471236000009
6568,2018-11-08 03:20:00,8.210887412,11/8/2018,03:20:00 am,0,4.644,9.2045,0.9936125879999995
6569,2018-11-08 03:30:00,8.2118969348,11/8/2018,03:30:00 am,0,4.644,9.2053,0.993403065199999
6570,2018-11-08 03:40:00,8.213059415599998,11/8/2018,03:40:00 am,0,4.643,9.2063,0.9932405844000023
6571,2018-11-08 03:50:00,8.212784091199998,11/8/2018,03:50:00 am,0,4.643,9.2064,0.9936159088000025
6572,2018-11-08 04:00:00,8.213028824,11/8/2018,04:00:00 am,0,4.642,9.207,0.9939711760000005
6573,2018-11-08 04:10:00,8.213232768,11/8/2018,04:10:00 am,0,4.642,9.207,0.9937672320000015
6574,2018-11-08 04:20:00,8.214068938399999,11/8/2018,04:20:00 am,0,4.641,9.2088,0.9947310616000014
6575,2018-11-08 04:30:00,8.213946572,11/8/2018,04:30:00 am,0,4.641,9.2092,0.9952534279999998
6576,2018-11-08 04:40:00,8.214415643199999,11/8/2018,04:40:00 am,0,4.64,9.2096,0.9951843568000012
6577,2018-11-08 04:50:00,8.213487698,11/8/2018,04:50:00 am,0,4.64,9.21,0.9965123020000011
6578,2018-11-08 05:00:00,8.213701839199999,11/8/2018,05:00:00 am,0,4.639,9.2097,0.995998160800001
6579,2018-11-08 05:10:00,8.2127534996,11/8/2018,05:10:00 am,0,4.639,9.209,0.9962465003999998
6580,2018-11-08 05:20:00,8.214048544,11/8/2018,05:20:00 am,0,4.638,9.2101,0.996051456
6581,2018-11-08 05:30:00,8.2158126596,11/8/2018,05:30:00 am,0,4.638,9.2115,0.9956873404
6582,2018-11-08 05:40:00,8.2152518136,11/8/2018,05:40:00 am,0,4.637,9.2115,0.996248186399999
6583,2018-11-08 05:50:00,8.2167304076,11/8/2018,05:50:00 am,0,4.637,9.2127,0.9959695923999998
6584,2018-11-08 06:00:00,8.2172708592,11/8/2018,06:00:00 am,0,4.637,9.2136,0.9963291408000003
6585,2018-11-08 06:10:00,8.218871819599999,11/8/2018,06:10:00 am,0,4.636,9.2133,0.9944281804000017
6586,2018-11-08 06:20:00,8.219901736799999,11/8/2018,06:20:00 am,0,4.635,9.2149,0.9949982632000012
6587,2018-11-08 06:30:00,8.2196162152,11/8/2018,06:30:00 am,0,4.635,9.2158,0.9961837847999995
6588,2018-11-08 06:40:00,8.2215842748,11/8/2018,06:40:00 am,0,4.634,9.217,0.9954157252000009
6589,2018-11-08 06:50:00,8.223042474399998,11/8/2018,06:50:00 am,0,4.634,9.2178,0.9947575256000025
6590,2018-11-08 07:00:00,8.223073066,11/8/2018,07:00:00 am,0,4.634,9.2172,0.9941269340000005
6591,2018-11-08 07:10:00,8.223277009999999,11/8/2018,07:10:00 am,0,4.633,9.2171,0.9938229900000017
6592,2018-11-08 07:20:00,8.223654306399999,11/8/2018,07:20:00 am,0,4.633,9.2175,0.9938456936000009
6593,2018-11-08 07:30:00,8.2232464184,11/8/2018,07:30:00 am,0,4.632,9.2173,0.9940535815999993
6594,2018-11-08 07:40:00,8.225030928399999,11/8/2018,07:40:00 am,0,4.632,9.2183,0.9932690716000003
6595,2018-11-08 07:50:00,8.2260506484,11/8/2018,07:50:00 am,0,4.631,9.2188,0.9927493516000006
6596,2018-11-08 08:00:00,8.2265707056,11/8/2018,08:00:00 am,0,4.631,9.2206,0.9940292943999989
6597,2018-11-08 08:10:00,8.228385807199999,11/8/2018,08:10:00 am,0,4.63,9.2219,0.9935141928000011
6598,2018-11-08 08:20:00,8.22888547,11/8/2018,08:20:00 am,0,4.63,9.2224,0.9935145300000006
6599,2018-11-08 08:30:00,8.229905189999998,11/8/2018,08:30:00 am,0,4.629,9.2235,0.9935948100000012
6600,2018-11-08 08:40:00,8.2321077852,11/8/2018,08:40:00 am,0,4.628,9.2247,0.9925922148000001
6601,2018-11-08 08:50:00,8.2310982624,11/8/2018,08:50:00 am,0,4.628,9.2245,0.9934017376000011
6602,2018-11-08 09:00:00,8.232403503999999,11/8/2018,09:00:00 am,0,4.628,9.2249,0.9924964960000011
6603,2018-11-08 09:10:00,8.2337087456,11/8/2018,09:10:00 am,0,4.628,9.2267,0.9929912543999997
6604,2018-11-08 09:20:00,8.2347896488,11/8/2018,09:20:00 am,0,4.627,9.2279,0.9931103512000004
6605,2018-11-08 09:30:00,8.235309705999999,11/8/2018,09:30:00 am,0,4.627,9.2285,0.9931902940000015
6606,2018-11-08 09:40:00,8.2368698776,11/8/2018,09:40:00 am,0,4.626,9.23,0.9931301224000002
6607,2018-11-08 09:50:00,8.2350751704,11/8/2018,09:50:00 am,0,4.625,9.2294,0.9943248296
6608,2018-11-08 10:00:00,8.2332294772,11/8/2018,10:00:00 am,0,4.625,9.2294,0.9961705228
6609,2018-11-08 10:10:00,8.231251220399999,11/8/2018,10:10:00 am,0,4.624,9.2296,0.9983487796000006
6610,2018-11-08 10:20:00,8.232709419999999,11/8/2018,10:20:00 am,0,4.624,9.2305,0.9977905800000002
6611,2018-11-08 10:30:00,8.234708071199998,11/8/2018,10:30:00 am,0,4.624,9.2299,0.9951919288000024
6612,2018-11-08 10:40:00,8.235799171599998,11/8/2018,10:40:00 am,0,4.623,9.2305,0.994700828400001
6613,2018-11-08 10:50:00,8.234932409599999,11/8/2018,10:50:00 am,0,4.623,9.2311,0.9961675904000007
6614,2018-11-08 11:00:00,8.2358909464,11/8/2018,11:00:00 am,0,4.622,9.2312,0.9953090535999998
6615,2018-11-08 11:10:00,8.234279788799999,11/8/2018,11:10:00 am,0,4.622,9.2326,0.9983202112000011
6616,2018-11-08 11:20:00,8.234942606799999,11/8/2018,11:20:00 am,0,4.621,9.2322,0.9972573932000017
6617,2018-11-08 11:30:00,8.2337597316,11/8/2018,11:30:00 am,0,4.621,9.2324,0.9986402684000009
6618,2018-11-08 11:40:00,8.2337087456,11/8/2018,11:40:00 am,0,4.62,9.2327,0.9989912543999999
6619,2018-11-08 11:50:00,8.2345653104,11/8/2018,11:50:00 am,0,4.62,9.2341,0.999534689599999
6620,2018-11-08 12:00:00,8.234035056,11/8/2018,12:00:00 pm,0,4.619,9.2347,1.0006649440000004
6621,2018-11-08 12:10:00,8.232016010399999,11/8/2018,12:10:00 pm,0,4.619,9.2352,1.0031839896000019
6622,2018-11-08 12:20:00,8.229344344,11/8/2018,12:20:00 pm,0,4.619,9.2349,1.0055556560000003
6623,2018-11-08 12:30:00,8.233494604399999,11/8/2018,12:30:00 pm,0,4.618,9.2356,1.002105395600001
6624,2018-11-08 12:40:00,8.2352179312,11/8/2018,12:40:00 pm,0,4.617,9.2361,1.000882068800001
6625,2018-11-08 12:50:00,8.233453815599999,11/8/2018,12:50:00 pm,0,4.617,9.2359,1.0024461844000019
6626,2018-11-08 13:00:00,8.23398407,11/8/2018,01:00:00 pm,0,4.616,9.236,1.0020159300000007
6627,2018-11-08 13:10:00,8.232913363999998,11/8/2018,01:10:00 pm,0,4.616,9.2347,1.001786636000002
6628,2018-11-08 13:20:00,8.23219956,11/8/2018,01:20:00 pm,0,4.616,9.2346,1.0024004400000006
6629,2018-11-08 13:30:00,8.2322199544,11/8/2018,01:30:00 pm,0,4.615,9.2347,1.0024800456000005
6630,2018-11-08 13:40:00,8.2310676708,11/8/2018,01:40:00 pm,0,4.614,9.2337,1.0026323292000008
6631,2018-11-08 13:50:00,8.2314959532,11/8/2018,01:50:00 pm,0,4.614,9.2333,1.0018040468000002
6632,2018-11-08 14:00:00,8.2311084596,11/8/2018,02:00:00 pm,0,4.614,9.2319,1.0007915403999998
6633,2018-11-08 14:10:00,8.23117984,11/8/2018,02:10:00 pm,0,4.613,9.2314,1.0002201600000014
6634,2018-11-08 14:20:00,8.230904515599999,11/8/2018,02:20:00 pm,0,4.613,9.2312,1.0002954844000005
6635,2018-11-08 14:30:00,8.230720966,11/8/2018,02:30:00 pm,0,4.612,9.2315,1.0007790340000007
6636,2018-11-08 14:40:00,8.2317100944,11/8/2018,02:40:00 pm,0,4.612,9.2314,0.9996899056000004
6637,2018-11-08 14:50:00,8.23117984,11/8/2018,02:50:00 pm,0,4.611,9.2312,1.00002016
6638,2018-11-08 15:00:00,8.2300887396,11/8/2018,03:00:00 pm,0,4.611,9.2319,1.0018112604000002
6639,2018-11-08 15:10:00,8.2307107688,11/8/2018,03:10:00 pm,0,4.61,9.2315,1.0007892312000006
6640,2018-11-08 15:20:00,8.230996290399998,11/8/2018,03:20:00 pm,0,4.609,9.2308,0.9998037096000019
6641,2018-11-08 15:30:00,8.2310574736,11/8/2018,03:30:00 pm,0,4.609,9.2302,0.9991425264
6642,2018-11-08 15:40:00,8.230884121199999,11/8/2018,03:40:00 pm,0,4.609,9.2293,0.9984158788000013
6643,2018-11-08 15:50:00,8.2302416976,11/8/2018,03:50:00 pm,0,4.608,9.2286,0.9983583023999998
6644,2018-11-08 16:00:00,8.2305476136,11/8/2018,04:00:00 pm,0,4.608,9.2292,0.9986523863999999
6645,2018-11-08 16:10:00,8.2278351584,11/8/2018,04:10:00 pm,0,4.607,9.229,1.0011648415999996
6646,2018-11-08 16:20:00,8.2281410744,11/8/2018,04:20:00 pm,0,4.607,9.2287,1.0005589256
6647,2018-11-08 16:30:00,8.22939533,11/8/2018,04:30:00 pm,0,4.607,9.2288,0.9994046700000006
6648,2018-11-08 16:40:00,8.2305782052,11/8/2018,04:40:00 pm,0,4.606,9.2282,0.9976217947999988
6649,2018-11-08 16:50:00,8.2322301516,11/8/2018,04:50:00 pm,0,4.606,9.2286,0.9963698484000005
6650,2018-11-08 17:00:00,8.2325462648,11/8/2018,05:00:00 pm,0,4.605,9.2289,0.9963537351999996
6651,2018-11-08 17:10:00,8.234310380399998,11/8/2018,05:10:00 pm,0,4.605,9.2298,0.9954896196000007
6652,2018-11-08 17:20:00,8.234708071199998,11/8/2018,05:20:00 pm,0,4.604,9.2299,0.9951919288000024
6653,2018-11-08 17:30:00,8.2365129756,11/8/2018,05:30:00 pm,0,4.603,9.2305,0.9939870243999991
6654,2018-11-08 17:40:00,8.2365231728,11/8/2018,05:40:00 pm,0,4.603,9.2314,0.9948768272000006
6655,2018-11-08 17:50:00,8.2377672312,11/8/2018,05:50:00 pm,0,4.603,9.2319,0.9941327688000001
6656,2018-11-08 18:00:00,8.2383586688,11/8/2018,06:00:00 pm,0,4.602,9.2327,0.9943413311999993
6657,2018-11-08 18:10:00,8.2389705008,11/8/2018,06:10:00 pm,0,4.601,9.2334,0.9944294991999989
6658,2018-11-08 18:20:00,8.2398882488,11/8/2018,06:20:00 pm,0,4.601,9.234,0.9941117512000002
6659,2018-11-08 18:30:00,8.2407244192,11/8/2018,06:30:00 pm,0,4.6,9.2348,0.9940755808000006
6660,2018-11-08 18:40:00,8.2415911812,11/8/2018,06:40:00 pm,0,4.6,9.2355,0.9939088187999996
6661,2018-11-08 18:50:00,8.24239676,11/8/2018,06:50:00 pm,0,4.599,9.236,0.9936032400000006
6662,2018-11-08 19:00:00,8.241988871999999,11/8/2018,07:00:00 pm,0,4.599,9.236,0.9940111280000021
6663,2018-11-08 19:10:00,8.2430289864,11/8/2018,07:10:00 pm,0,4.598,9.2365,0.9934710135999989
6664,2018-11-08 19:20:00,8.244609552399998,11/8/2018,07:20:00 pm,0,4.598,9.2381,0.993490447600001
6665,2018-11-08 19:30:00,8.245578286399999,11/8/2018,07:30:00 pm,0,4.597,9.2394,0.9938217136000009
6666,2018-11-08 19:40:00,8.246648992399999,11/8/2018,07:40:00 pm,0,4.597,9.24,0.9933510076000012
6667,2018-11-08 19:50:00,8.2465062316,11/8/2018,07:50:00 pm,0,4.596,9.2402,0.9936937684
6668,2018-11-08 20:00:00,8.2466897812,11/8/2018,08:00:00 pm,0,4.596,9.2402,0.9935102187999991
6669,2018-11-08 20:10:00,8.2465368232,11/8/2018,08:10:00 pm,0,4.595,9.2414,0.9948631768000009
6670,2018-11-08 20:20:00,8.2475157544,11/8/2018,08:20:00 pm,0,4.595,9.242,0.9944842456000007
6671,2018-11-08 20:30:00,8.2460269632,11/8/2018,08:30:00 pm,0,4.594,9.2417,0.9956730367999995
6672,2018-11-08 20:40:00,8.247230232799998,11/8/2018,08:40:00 pm,0,4.593,9.2425,0.9952697672000017
6673,2018-11-08 20:50:00,8.247464768399999,11/8/2018,08:50:00 pm,0,4.593,9.2418,0.9943352316000009
6674,2018-11-08 21:00:00,8.2480460088,11/8/2018,09:00:00 pm,0,4.593,9.2416,0.9935539912000007
6675,2018-11-08 21:10:00,8.24826015,11/8/2018,09:10:00 pm,0,4.592,9.2426,0.9943398499999994
6676,2018-11-08 21:20:00,8.249279869999999,11/8/2018,09:20:00 pm,0,4.591,9.2434,0.9941201300000007
6677,2018-11-08 21:30:00,8.250503533999998,11/8/2018,09:30:00 pm,0,4.591,9.2445,0.9939964660000022
6678,2018-11-08 21:40:00,8.2508298444,11/8/2018,09:40:00 pm,0,4.59,9.2448,0.9939701555999996
6679,2018-11-08 21:50:00,8.250340378799999,11/8/2018,09:50:00 pm,0,4.59,9.2447,0.994359621200001
6680,2018-11-08 22:00:00,8.250778858399999,11/8/2018,10:00:00 pm,0,4.589,9.2448,0.9940211416000011
6681,2018-11-08 22:10:00,8.2507176752,11/8/2018,10:10:00 pm,0,4.589,9.2456,0.9948823247999989
6682,2018-11-08 22:20:00,8.250727872399999,11/8/2018,10:20:00 pm,0,4.588,9.2457,0.9949721276000005
6683,2018-11-08 22:30:00,8.250340378799999,11/8/2018,10:30:00 pm,0,4.588,9.2458,0.9954596212000002
6684,2018-11-08 22:40:00,8.251054182799999,11/8/2018,10:40:00 pm,0,4.587,9.2461,0.9950458172000012
6685,2018-11-08 22:50:00,8.250503533999998,11/8/2018,10:50:00 pm,0,4.587,9.2466,0.9960964660000027
6686,2018-11-08 23:00:00,8.2504117592,11/8/2018,11:00:00 pm,0,4.586,9.246,0.9955882408000001
6687,2018-11-08 23:10:00,8.2513295072,11/8/2018,11:10:00 pm,0,4.585,9.2462,0.9948704928000005
6688,2018-11-08 23:20:00,8.2514518736,11/8/2018,11:20:00 pm,0,4.585,9.2459,0.9944481264
6689,2018-11-08 23:30:00,8.252175874799999,11/8/2018,11:30:00 pm,0,4.585,9.246,0.9938241252000015
6690,2018-11-08 23:40:00,8.2524511992,11/8/2018,11:40:00 pm,0,4.584,9.2464,0.9939488008000001
6691,2018-11-08 23:50:00,8.251523253999999,11/8/2018,11:50:00 pm,0,4.583,9.2458,0.9942767460000006
6692,2018-11-09 00:00:00,8.251594634399998,11/9/2018,12:00:00 am,0,4.583,9.2461,0.994505365600002
6693,2018-11-09 00:10:00,8.251217338,11/9/2018,12:10:00 am,0,4.582,9.246,0.9947826620000004
6694,2018-11-09 00:20:00,8.251084774399999,11/9/2018,12:20:00 am,0,4.582,9.2464,0.9953152256000006
6695,2018-11-09 00:30:00,8.2512785212,11/9/2018,12:30:00 am,0,4.581,9.2466,0.9953214788000011
6696,2018-11-09 00:40:00,8.2509420136,11/9/2018,12:40:00 am,0,4.58,9.246,0.9950579864000009
6697,2018-11-09 00:50:00,8.250034462799999,11/9/2018,12:50:00 am,0,4.58,9.2446,0.9945655372000015
6698,2018-11-09 01:00:00,8.2506360976,11/9/2018,01:00:00 am,0,4.579,9.2452,0.9945639024000013
6699,2018-11-09 01:10:00,8.2513804932,11/9/2018,01:10:00 am,0,4.579,9.2463,0.9949195068000005
6700,2018-11-09 01:20:00,8.251431479199999,11/9/2018,01:20:00 am,0,4.578,9.2476,0.9961685208000013
6701,2018-11-09 01:30:00,8.2513804932,11/9/2018,01:30:00 am,0,4.578,9.2474,0.9960195068000015
6702,2018-11-09 01:40:00,8.251166351999998,11/9/2018,01:40:00 am,0,4.577,9.2464,0.995233648000001
6703,2018-11-09 01:50:00,8.249381842,11/9/2018,01:50:00 am,0,4.577,9.245,0.9956181579999992
6704,2018-11-09 02:00:00,8.248198966799999,11/9/2018,02:00:00 am,0,4.576,9.243,0.9948010332000017
6705,2018-11-09 02:10:00,8.248515079999999,11/9/2018,02:10:00 am,0,4.576,9.2433,0.9947849200000007
6706,2018-11-09 02:20:00,8.2472812188,11/9/2018,02:20:00 am,0,4.575,9.2424,0.9951187812000004
6707,2018-11-09 02:30:00,8.2471588524,11/9/2018,02:30:00 am,0,4.575,9.2418,0.9946411475999994
6708,2018-11-09 02:40:00,8.246404259599998,11/9/2018,02:40:00 am,0,4.574,9.241,0.9945957404000012
6709,2018-11-09 02:50:00,8.2454457228,11/9/2018,02:50:00 am,0,4.574,9.2417,0.9962542772000003
6710,2018-11-09 03:00:00,8.245251976,11/9/2018,03:00:00 am,0,4.573,9.2408,0.9955480239999996
6711,2018-11-09 03:10:00,8.2444667916,11/9/2018,03:10:00 am,0,4.572,9.2396,0.9951332083999986
6712,2018-11-09 03:20:00,8.243824367999999,11/9/2018,03:20:00 am,0,4.572,9.2384,0.9945756320000019
6713,2018-11-09 03:30:00,8.2439059456,11/9/2018,03:30:00 am,0,4.571,9.2379,0.9939940543999999
6714,2018-11-09 03:40:00,8.2443750168,11/9/2018,03:40:00 am,0,4.571,9.237,0.9926249832000007
6715,2018-11-09 03:50:00,8.2440487064,11/9/2018,03:50:00 am,0,4.57,9.2357,0.9916512936000004
6716,2018-11-09 04:00:00,8.244436199999999,11/9/2018,04:00:00 am,0,4.569,9.2357,0.9912638000000005
6717,2018-11-09 04:10:00,8.2444260028,11/9/2018,04:10:00 am,0,4.569,9.2349,0.9904739972000005
6718,2018-11-09 04:20:00,8.2435286492,11/9/2018,04:20:00 am,0,4.569,9.2339,0.9903713508000003
6719,2018-11-09 04:30:00,8.243008591999999,11/9/2018,04:30:00 am,0,4.568,9.233,0.9899914080000016
6720,2018-11-09 04:40:00,8.24163197,11/9/2018,04:40:00 am,0,4.568,9.2302,0.9885680299999997
6721,2018-11-09 04:50:00,8.239796474,11/9/2018,04:50:00 am,0,4.567,9.2279,0.9881035259999997
6722,2018-11-09 05:00:00,8.239439572,11/9/2018,05:00:00 am,0,4.567,9.2264,0.9869604279999997
6723,2018-11-09 05:10:00,8.2397556852,11/9/2018,05:10:00 am,0,4.566,9.2261,0.9863443148000002
6724,2018-11-09 05:20:00,8.240132981599999,11/9/2018,05:20:00 am,0,4.565,9.2258,0.9856670184000009
6725,2018-11-09 05:30:00,8.2413056596,11/9/2018,05:30:00 am,0,4.565,9.2265,0.9851943403999996
6726,2018-11-09 05:40:00,8.241652364399998,11/9/2018,05:40:00 am,0,4.564,9.2261,0.9844476356000023
6727,2018-11-09 05:50:00,8.241917491599999,11/9/2018,05:50:00 am,0,4.563,9.2259,0.9839825084000005
6728,2018-11-09 06:00:00,8.2421214356,11/9/2018,06:00:00 am,0,4.563,9.2254,0.9832785644000008
6729,2018-11-09 06:10:00,8.2418461112,11/9/2018,06:10:00 am,0,4.562,9.2242,0.9823538888000005
6730,2018-11-09 06:20:00,8.2412342792,11/9/2018,06:20:00 am,0,4.562,9.2232,0.9819657207999999
6731,2018-11-09 06:30:00,8.2394803608,11/9/2018,06:30:00 am,0,4.561,9.2206,0.9811196391999992
6732,2018-11-09 06:40:00,8.238593204399999,11/9/2018,06:40:00 am,0,4.56,9.2189,0.9803067956000007
6733,2018-11-09 06:50:00,8.2383484716,11/9/2018,06:50:00 am,0,4.56,9.2181,0.9797515283999996
6734,2018-11-09 07:00:00,8.2373593432,11/9/2018,07:00:00 am,0,4.559,9.2172,0.9798406568000004
6735,2018-11-09 07:10:00,8.2377978228,11/9/2018,07:10:00 am,0,4.559,9.2163,0.9785021772000011
6736,2018-11-09 07:20:00,8.2375632872,11/9/2018,07:20:00 am,0,4.558,9.2153,0.9777367127999987
6737,2018-11-09 07:30:00,8.237451118,11/9/2018,07:30:00 am,0,4.558,9.2141,0.976648882000001
6738,2018-11-09 07:40:00,8.2370228356,11/9/2018,07:40:00 am,0,4.557,9.2135,0.9764771644000003
6739,2018-11-09 07:50:00,8.2369208636,11/9/2018,07:50:00 am,0,4.557,9.2128,0.9758791363999997
6740,2018-11-09 08:00:00,8.237114610399999,11/9/2018,08:00:00 am,0,4.556,9.2124,0.9752853896000016
6741,2018-11-09 08:10:00,8.2376958508,11/9/2018,08:10:00 am,0,4.556,9.2117,0.9740041492000007
6742,2018-11-09 08:20:00,8.237165596399999,11/9/2018,08:20:00 am,0,4.555,9.2108,0.973634403600002
6743,2018-11-09 08:30:00,8.2380935416,11/9/2018,08:30:00 am,0,4.555,9.2104,0.9723064584000003
6744,2018-11-09 08:40:00,8.2380527528,11/9/2018,08:40:00 am,0,4.554,9.2103,0.9722472472000003
6745,2018-11-09 08:50:00,8.2380323584,11/9/2018,08:50:00 am,0,4.553,9.21,0.9719676416000009
6746,2018-11-09 09:00:00,8.237318554399998,11/9/2018,09:00:00 am,0,4.553,9.2093,0.9719814456000027
6747,2018-11-09 09:10:00,8.2368290888,11/9/2018,09:10:00 am,0,4.552,9.209,0.9721709111999992
6748,2018-11-09 09:20:00,8.2365435672,11/9/2018,09:20:00 am,0,4.552,9.2074,0.9708564327999998
6749,2018-11-09 09:30:00,8.2362886372,11/9/2018,09:30:00 am,0,4.551,9.2067,0.9704113628000002
6750,2018-11-09 09:40:00,8.2357277912,11/9/2018,09:40:00 am,0,4.551,9.2068,0.971072208799999
6751,2018-11-09 09:50:00,8.2347284656,11/9/2018,09:50:00 am,0,4.55,9.2065,0.9717715344000002
6752,2018-11-09 10:00:00,8.231669305599999,11/9/2018,10:00:00 am,0,4.55,9.2055,0.9738306944000019
6753,2018-11-09 10:10:00,8.229599274,11/9/2018,10:10:00 am,0,4.549,9.2047,0.9751007260000009
6754,2018-11-09 10:20:00,8.230771952,11/9/2018,10:20:00 am,0,4.548,9.2038,0.9730280479999998
6755,2018-11-09 10:30:00,8.2319242356,11/9/2018,10:30:00 am,0,4.548,9.2015,0.9695757644
6756,2018-11-09 10:40:00,8.231424572799998,11/9/2018,10:40:00 am,0,4.547,9.2004,0.968975427200002
6757,2018-11-09 10:50:00,8.230251894799999,11/9/2018,10:50:00 am,0,4.547,9.1993,0.9690481052000006
6758,2018-11-09 11:00:00,8.229344344,11/9/2018,11:00:00 am,0,4.547,9.1994,0.9700556560000013
6759,2018-11-09 11:10:00,8.2267746496,11/9/2018,11:10:00 am,0,4.546,9.1993,0.9725253503999998
6760,2018-11-09 11:20:00,8.227682200399999,11/9/2018,11:20:00 am,0,4.545,9.1985,0.9708177996000007
6761,2018-11-09 11:30:00,8.2253980276,11/9/2018,11:30:00 am,0,4.545,9.197,0.9716019723999985
6762,2018-11-09 11:40:00,8.2240621944,11/9/2018,11:40:00 am,0,4.544,9.196,0.9719378055999996
6763,2018-11-09 11:50:00,8.223277009999999,11/9/2018,11:50:00 am,0,4.544,9.1944,0.9711229900000014
6764,2018-11-09 12:00:00,8.2224000508,11/9/2018,12:00:00 pm,0,4.544,9.1934,0.9709999492000012
6765,2018-11-09 12:10:00,8.2183415652,11/9/2018,12:10:00 pm,0,4.543,9.191,0.9726584348000014
6766,2018-11-09 12:20:00,8.214507418,11/9/2018,12:20:00 pm,0,4.542,9.1889,0.9743925820000001
6767,2018-11-09 12:30:00,8.21715869,11/9/2018,12:30:00 pm,0,4.541,9.1881,0.9709413100000006
6768,2018-11-09 12:40:00,8.215884039999999,11/9/2018,12:40:00 pm,0,4.541,9.1907,0.9748159600000008
6769,2018-11-09 12:50:00,8.2142626852,11/9/2018,12:50:00 pm,0,4.541,9.1937,0.9794373148000002
6770,2018-11-09 13:00:00,8.2134265148,11/9/2018,01:00:00 pm,0,4.54,9.1942,0.9807734852000003
6771,2018-11-09 13:10:00,8.2113360888,11/9/2018,01:10:00 pm,0,4.54,9.1958,0.9844639112000007
6772,2018-11-09 13:20:00,8.2094190152,11/9/2018,01:20:00 pm,0,4.539,9.1978,0.9883809848000009
6773,2018-11-09 13:30:00,8.207012476,11/9/2018,01:30:00 pm,0,4.538,9.1979,0.9908875240000015
6774,2018-11-09 13:40:00,8.205717431599998,11/9/2018,01:40:00 pm,0,4.538,9.1995,0.9937825684000021
6775,2018-11-09 13:50:00,8.2049526416,11/9/2018,01:50:00 pm,0,4.537,9.1996,0.9946473584
6776,2018-11-09 14:00:00,8.204157259999999,11/9/2018,02:00:00 pm,0,4.537,9.2001,0.995942740000002
6777,2018-11-09 14:10:00,8.2024135388,11/9/2018,02:10:00 pm,0,4.536,9.2,0.9975864611999992
6778,2018-11-09 14:20:00,8.201189874799999,11/9/2018,02:20:00 pm,0,4.536,9.2001,0.9989101252000019
6779,2018-11-09 14:30:00,8.2006596204,11/9/2018,02:30:00 pm,0,4.535,9.2006,0.9999403795999999
6780,2018-11-09 14:40:00,8.2010573112,11/9/2018,02:40:00 pm,0,4.535,9.2007,0.9996426887999998
6781,2018-11-09 14:50:00,8.1997622668,11/9/2018,02:50:00 pm,0,4.534,9.2006,1.0008377331999991
6782,2018-11-09 15:00:00,8.1972843472,11/9/2018,03:00:00 pm,0,4.533,9.1999,1.0026156527999994
6783,2018-11-09 15:10:00,8.1977024324,11/9/2018,03:10:00 pm,0,4.533,9.1995,1.0017975676000006
6784,2018-11-09 15:20:00,8.197987953999998,11/9/2018,03:20:00 pm,0,4.532,9.1992,1.001212046000001
6785,2018-11-09 15:30:00,8.1978247988,11/9/2018,03:30:00 pm,0,4.532,9.1989,1.0010752012000008
6786,2018-11-09 15:40:00,8.196560346,11/9/2018,03:40:00 pm,0,4.531,9.1977,1.0011396539999993
6787,2018-11-09 15:50:00,8.196305416,11/9/2018,03:50:00 pm,0,4.531,9.1977,1.0013945839999998
6788,2018-11-09 16:00:00,8.1946534696,11/9/2018,04:00:00 pm,0,4.53,9.197,1.0023465303999988
6789,2018-11-09 16:10:00,8.1935317776,11/9/2018,04:10:00 pm,0,4.53,9.1969,1.003368222399999
6790,2018-11-09 16:20:00,8.1941742012,11/9/2018,04:20:00 pm,0,4.529,9.1963,1.0021257988000016
6791,2018-11-09 16:30:00,8.1944801172,11/9/2018,04:30:00 pm,0,4.529,9.1968,1.0023198828000002
6792,2018-11-09 16:40:00,8.1959995,11/9/2018,04:40:00 pm,0,4.528,9.1966,1.000600500000001
6793,2018-11-09 16:50:00,8.1965705432,11/9/2018,04:50:00 pm,0,4.528,9.1971,1.0005294568000007
6794,2018-11-09 17:00:00,8.196468571199999,11/9/2018,05:00:00 pm,0,4.527,9.1969,1.0004314288000007
6795,2018-11-09 17:10:00,8.1965399516,11/9/2018,05:10:00 pm,0,4.527,9.1964,0.9998600484000004
6796,2018-11-09 17:20:00,8.196764289999999,11/9/2018,05:20:00 pm,0,4.526,9.1968,1.0000357100000006
6797,2018-11-09 17:30:00,8.197559671599999,11/9/2018,05:30:00 pm,0,4.525,9.1974,0.9998403284000013
6798,2018-11-09 17:40:00,8.1976922352,11/9/2018,05:40:00 pm,0,4.525,9.1974,0.9997077648000001
6799,2018-11-09 17:50:00,8.197161980799999,11/9/2018,05:50:00 pm,0,4.525,9.1967,0.999538019200001
6800,2018-11-09 18:00:00,8.1968050788,11/9/2018,06:00:00 pm,0,4.524,9.1964,0.9995949211999999
6801,2018-11-09 18:10:00,8.19727415,11/9/2018,06:10:00 pm,0,4.524,9.1961,0.9988258499999993
6802,2018-11-09 18:20:00,8.1968764592,11/9/2018,06:20:00 pm,0,4.523,9.1954,0.998523540799999
6803,2018-11-09 18:30:00,8.1961830496,11/9/2018,06:30:00 pm,0,4.522,9.1946,0.9984169503999993
6804,2018-11-09 18:40:00,8.1966011348,11/9/2018,06:40:00 pm,0,4.522,9.1951,0.9984988652000002
6805,2018-11-09 18:50:00,8.1973047416,11/9/2018,06:50:00 pm,0,4.521,9.1952,0.9978952583999998
6806,2018-11-09 19:00:00,8.1982122924,11/9/2018,07:00:00 pm,0,4.521,9.1953,0.9970877076000004
6807,2018-11-09 19:10:00,8.1990994488,11/9/2018,07:10:00 pm,0,4.52,9.196,0.9969005511999995
6808,2018-11-09 19:20:00,8.1991198432,11/9/2018,07:20:00 pm,0,4.519,9.1967,0.9975801567999998
6809,2018-11-09 19:30:00,8.19956852,11/9/2018,07:30:00 pm,0,4.519,9.1964,0.9968314800000009
6810,2018-11-09 19:40:00,8.2005984372,11/9/2018,07:40:00 pm,0,4.518,9.1965,0.9959015628000003
6811,2018-11-09 19:50:00,8.2001497604,11/9/2018,07:50:00 pm,0,4.518,9.1949,0.9947502396000001
6812,2018-11-09 20:00:00,8.200139563199999,11/9/2018,08:00:00 pm,0,4.517,9.1941,0.9939604368000019
6813,2018-11-09 20:10:00,8.201505988,11/9/2018,08:10:00 pm,0,4.517,9.1957,0.9941940120000012
6814,2018-11-09 20:20:00,8.2012918468,11/9/2018,08:20:00 pm,0,4.516,9.1964,0.9951081532000003
6815,2018-11-09 20:30:00,8.200955339199998,11/9/2018,08:30:00 pm,0,4.515,9.1957,0.9947446608000021
6816,2018-11-09 20:40:00,8.2005780428,11/9/2018,08:40:00 pm,0,4.515,9.1951,0.9945219571999999
6817,2018-11-09 20:50:00,8.200496465199999,11/9/2018,08:50:00 pm,0,4.514,9.1953,0.9948035348000008
6818,2018-11-09 21:00:00,8.2002415352,11/9/2018,09:00:00 pm,0,4.513,9.1953,0.9950584647999996
6819,2018-11-09 21:10:00,8.1999152248,11/9/2018,09:10:00 pm,0,4.513,9.1955,0.9955847751999993
6820,2018-11-09 21:20:00,8.199690886399999,11/9/2018,09:20:00 pm,0,4.512,9.1951,0.995409113600001
6821,2018-11-09 21:30:00,8.2007717896,11/9/2018,09:30:00 pm,0,4.512,9.1958,0.995028210400001
6822,2018-11-09 21:40:00,8.2006698176,11/9/2018,09:40:00 pm,0,4.511,9.196,0.9953301824
6823,2018-11-09 21:50:00,8.2008533672,11/9/2018,09:50:00 pm,0,4.51,9.1962,0.9953466327999987
6824,2018-11-09 22:00:00,8.200965536399998,11/9/2018,10:00:00 pm,0,4.51,9.1965,0.9955344636000021
6825,2018-11-09 22:10:00,8.2020260452,11/9/2018,10:10:00 pm,0,4.509,9.1966,0.9945739547999999
6826,2018-11-09 22:20:00,8.2030049764,11/9/2018,10:20:00 pm,0,4.508,9.1978,0.9947950236
6827,2018-11-09 22:30:00,8.202994779199999,11/9/2018,10:30:00 pm,0,4.508,9.1972,0.9942052208000014
6828,2018-11-09 22:40:00,8.2021790032,11/9/2018,10:40:00 pm,0,4.508,9.1962,0.9940209967999998
6829,2018-11-09 22:50:00,8.202066834,11/9/2018,10:50:00 pm,0,4.507,9.1956,0.9935331660000006
6830,2018-11-09 23:00:00,8.2018832844,11/9/2018,11:00:00 pm,0,4.506,9.196,0.9941167156000006
6831,2018-11-09 23:10:00,8.200690212,11/9/2018,11:10:00 pm,0,4.506,9.1953,0.994609788
6832,2018-11-09 23:20:00,8.1995991116,11/9/2018,11:20:00 pm,0,4.505,9.194,0.9944008884000013
6833,2018-11-09 23:30:00,8.1985182084,11/9/2018,11:30:00 pm,0,4.504,9.193,0.9944817916000002
6834,2018-11-09 23:40:00,8.1985080112,11/9/2018,11:40:00 pm,0,4.504,9.1931,0.9945919887999999
6835,2018-11-09 23:50:00,8.198273475599999,11/9/2018,11:50:00 pm,0,4.503,9.1927,0.9944265244000015
6836,2018-11-10 00:00:00,8.198140912,11/10/2018,12:00:00 am,0,4.503,9.1923,0.994159088
6837,2018-11-10 00:10:00,8.198395842,11/10/2018,12:10:00 am,0,4.502,9.1937,0.9953041579999997
6838,2018-11-10 00:20:00,8.19931359,11/10/2018,12:20:00 am,0,4.502,9.1953,0.9959864100000004
6839,2018-11-10 00:30:00,8.1997622668,11/10/2018,12:30:00 am,0,4.5,9.1954,0.9956377331999988
6840,2018-11-10 00:40:00,8.1991912236,11/10/2018,12:40:00 am,0,4.5,9.1953,0.9961087763999998
6841,2018-11-10 00:50:00,8.1962646272,11/10/2018,12:50:00 am,0,4.5,9.1928,0.9965353728000004
6842,2018-11-10 01:00:00,8.1943985396,11/10/2018,01:00:00 am,0,4.499,9.1913,0.9969014604000002
6843,2018-11-10 01:10:00,8.193970257199998,11/10/2018,01:10:00 am,0,4.498,9.1903,0.9963297428000022
6844,2018-11-10 01:20:00,8.1951735268,11/10/2018,01:20:00 am,0,4.498,9.1906,0.9954264732000002
6845,2018-11-10 01:30:00,8.1958261476,11/10/2018,01:30:00 am,0,4.497,9.1918,0.9959738524000006
6846,2018-11-10 01:40:00,8.195326484799999,11/10/2018,01:40:00 am,0,4.496,9.1907,0.9953735152000007
6847,2018-11-10 01:50:00,8.1962136412,11/10/2018,01:50:00 am,0,4.495,9.1912,0.9949863588000003
6848,2018-11-10 02:00:00,8.1950919492,11/10/2018,02:00:00 am,0,4.496,9.191,0.9959080508000007
6849,2018-11-10 02:10:00,8.1926140296,11/10/2018,02:10:00 am,0,4.495,9.1887,0.9960859704000011
6850,2018-11-10 02:20:00,8.191267999199999,11/10/2018,02:20:00 am,0,4.494,9.1865,0.9952320008000015
6851,2018-11-10 02:30:00,8.1908295196,11/10/2018,02:30:00 am,0,4.494,9.1859,0.9950704804000008
6852,2018-11-10 02:40:00,8.1911762244,11/10/2018,02:40:00 am,0,4.493,9.1861,0.9949237756000002
6853,2018-11-10 02:50:00,8.1910742524,11/10/2018,02:50:00 am,0,4.493,9.1864,0.9953257476000008
6854,2018-11-10 03:00:00,8.191482140399998,11/10/2018,03:00:00 am,0,4.492,9.1867,0.9952178596000021
6855,2018-11-10 03:10:00,8.1891979676,11/10/2018,03:10:00 am,0,4.491,9.1847,0.9955020323999992
6856,2018-11-10 03:20:00,8.1890042208,11/10/2018,03:20:00 am,0,4.49,9.1846,0.9955957792000003
6857,2018-11-10 03:30:00,8.1886473188,11/10/2018,03:30:00 am,0,4.49,9.1853,0.9966526812000005
6858,2018-11-10 03:40:00,8.187892726,11/10/2018,03:40:00 am,0,4.49,9.1836,0.9957072740000008
6859,2018-11-10 03:50:00,8.1874032604,11/10/2018,03:50:00 am,0,4.489,9.1829,0.9954967396000001
6860,2018-11-10 04:00:00,8.1859144692,11/10/2018,04:00:00 am,0,4.488,9.1828,0.9968855308000002
6861,2018-11-10 04:10:00,8.1849457352,11/10/2018,04:10:00 am,0,4.488,9.182,0.9970542648000009
6862,2018-11-10 04:20:00,8.183365169199998,11/10/2018,04:20:00 am,0,4.487,9.1807,0.9973348308000016
6863,2018-11-10 04:30:00,8.1831714224,11/10/2018,04:30:00 am,0,4.487,9.1799,0.9967285776000008
6864,2018-11-10 04:40:00,8.1828757036,11/10/2018,04:40:00 am,0,4.486,9.1795,0.9966242964000003
6865,2018-11-10 04:50:00,8.1817846032,11/10/2018,04:50:00 am,0,4.485,9.1782,0.9964153967999998
6866,2018-11-10 05:00:00,8.181070799199999,11/10/2018,05:00:00 am,0,4.484,9.1768,0.9957292008000014
6867,2018-11-10 05:10:00,8.1809178412,11/10/2018,05:10:00 am,0,4.484,9.1769,0.9959821588000004
6868,2018-11-10 05:20:00,8.179836938,11/10/2018,05:20:00 am,0,4.483,9.1757,0.9958630620000015
6869,2018-11-10 05:30:00,8.1782359776,11/10/2018,05:30:00 am,0,4.483,9.1747,0.9964640223999996
6870,2018-11-10 05:40:00,8.178093216799999,11/10/2018,05:40:00 am,0,4.482,9.1744,0.9963067832000014
6871,2018-11-10 05:50:00,8.178052427999999,11/10/2018,05:50:00 am,0,4.482,9.1743,0.9962475720000015
6872,2018-11-10 06:00:00,8.178429724399999,11/10/2018,06:00:00 am,0,4.481,9.1748,0.9963702756000004
6873,2018-11-10 06:10:00,8.1776649344,11/10/2018,06:10:00 am,0,4.48,9.1746,0.9969350656000007
6874,2018-11-10 06:20:00,8.177471187599998,11/10/2018,06:20:00 am,0,4.48,9.174,0.9965288124000011
6875,2018-11-10 06:30:00,8.1772060604,11/10/2018,06:30:00 am,0,4.479,9.1736,0.9963939396000008
6876,2018-11-10 06:40:00,8.1764616648,11/10/2018,06:40:00 am,0,4.479,9.1731,0.9966383352000001
6877,2018-11-10 06:50:00,8.1767981724,11/10/2018,06:50:00 am,0,4.478,9.1735,0.9967018276000008
6878,2018-11-10 07:00:00,8.1771550744,11/10/2018,07:00:00 am,0,4.477,9.1736,0.9964449256000005
6879,2018-11-10 07:10:00,8.177165271599998,11/10/2018,07:10:00 am,0,4.476,9.1733,0.9961347284000013
6880,2018-11-10 07:20:00,8.178205386,11/10/2018,07:20:00 am,0,4.476,9.1741,0.9958946139999991
6881,2018-11-10 07:30:00,8.178215583199998,11/10/2018,07:30:00 am,0,4.476,9.1748,0.9965844168000011
6882,2018-11-10 07:40:00,8.178531696399999,11/10/2018,07:40:00 am,0,4.475,9.1749,0.9963683036000006
6883,2018-11-10 07:50:00,8.1786234712,11/10/2018,07:50:00 am,0,4.474,9.1749,0.9962765287999993
6884,2018-11-10 08:00:00,8.1792556976,11/10/2018,08:00:00 am,0,4.474,9.1757,0.9964443024000005
6885,2018-11-10 08:10:00,8.1794086556,11/10/2018,08:10:00 am,0,4.473,9.1759,0.9964913444000008
6886,2018-11-10 08:20:00,8.1798063464,11/10/2018,08:20:00 am,0,4.473,9.1756,0.9957936535999998
6887,2018-11-10 08:30:00,8.1808872496,11/10/2018,08:30:00 am,0,4.472,9.1763,0.9954127503999999
6888,2018-11-10 08:40:00,8.181060601999999,11/10/2018,08:40:00 am,0,4.472,9.1764,0.9953393980000005
6889,2018-11-10 08:50:00,8.1817438144,11/10/2018,08:50:00 am,0,4.471,9.1777,0.995956185599999
6890,2018-11-10 09:00:00,8.1814786872,11/10/2018,09:00:00 am,0,4.47,9.1777,0.9962213127999995
6891,2018-11-10 09:10:00,8.181794800399999,11/10/2018,09:10:00 am,0,4.469,9.1778,0.9960051996000008
6892,2018-11-10 09:20:00,8.1805711364,11/10/2018,09:20:00 am,0,4.469,9.1778,0.9972288636000002
6893,2018-11-10 09:30:00,8.1794188528,11/10/2018,09:30:00 am,0,4.469,9.1756,0.9961811471999997
6894,2018-11-10 09:40:00,8.179582007999999,11/10/2018,09:40:00 am,0,4.468,9.1763,0.9967179920000007
6895,2018-11-10 09:50:00,8.178888598399999,11/10/2018,09:50:00 am,0,4.467,9.1769,0.9980114016000012
6896,2018-11-10 10:00:00,8.177236652,11/10/2018,10:00:00 am,0,4.467,9.1771,0.9998633479999999
6897,2018-11-10 10:10:00,8.1768593556,11/10/2018,10:10:00 am,0,4.466,9.1786,1.0017406443999999
6898,2018-11-10 10:20:00,8.180316206399999,11/10/2018,10:20:00 am,0,4.465,9.1797,0.9993837936000016
6899,2018-11-10 10:30:00,8.180642516799999,11/10/2018,10:30:00 am,0,4.465,9.1802,0.9995574832000003
6900,2018-11-10 10:40:00,8.1782869636,11/10/2018,10:40:00 am,0,4.464,9.1784,1.0001130364000002
6901,2018-11-10 10:50:00,8.176604425599999,11/10/2018,10:50:00 am,0,4.463,9.1759,0.9992955744000014
6902,2018-11-10 11:00:00,8.17789947,11/10/2018,11:00:00 am,0,4.463,9.1771,0.9992005299999995
6903,2018-11-10 11:10:00,8.1769103416,11/10/2018,11:10:00 am,0,4.462,9.1786,1.0016896584000001
6904,2018-11-10 11:20:00,8.175962001999999,11/10/2018,11:20:00 am,0,4.462,9.1771,1.0011379980000008
6905,2018-11-10 11:30:00,8.1738409844,11/10/2018,11:30:00 am,0,4.462,9.1756,1.0017590155999994
6906,2018-11-10 11:40:00,8.171730164,11/10/2018,11:40:00 am,0,4.461,9.1745,1.0027698360000006
6907,2018-11-10 11:50:00,8.1716383892,11/10/2018,11:50:00 am,0,4.46,9.1735,1.0018616108000007
6908,2018-11-10 12:00:00,8.171373262,11/10/2018,12:00:00 pm,0,4.46,9.1726,1.0012267379999997
6909,2018-11-10 12:10:00,8.168589426399999,11/10/2018,12:10:00 pm,0,4.459,9.1708,1.002210573600001
6910,2018-11-10 12:20:00,8.164123052799999,11/10/2018,12:20:00 pm,0,4.459,9.1686,1.0044769472000006
6911,2018-11-10 12:30:00,8.167457537199999,11/10/2018,12:30:00 pm,0,4.458,9.1672,0.9997424628000005
6912,2018-11-10 12:40:00,8.166325647999999,11/10/2018,12:40:00 pm,0,4.457,9.1657,0.9993743520000002
6913,2018-11-10 12:50:00,8.164163841599999,11/10/2018,12:50:00 pm,0,4.457,9.164,0.9998361584000008
6914,2018-11-10 13:00:00,8.1647042932,11/10/2018,01:00:00 pm,0,4.457,9.1635,0.9987957068000011
6915,2018-11-10 13:10:00,8.163929306,11/10/2018,01:10:00 pm,0,4.456,9.1626,0.9986706939999994
6916,2018-11-10 13:20:00,8.163429643199999,11/10/2018,01:20:00 pm,0,4.455,9.1624,0.998970356800001
6917,2018-11-10 13:30:00,8.161532964000001,11/10/2018,01:30:00 pm,0,4.455,9.1613,0.9997670359999997
6918,2018-11-10 13:40:00,8.160849751599999,11/10/2018,01:40:00 pm,0,4.454,9.1606,0.9997502484000016
6919,2018-11-10 13:50:00,8.1607579768,11/10/2018,01:50:00 pm,0,4.454,9.16,0.9992420232000008
6920,2018-11-10 14:00:00,8.159391552,11/10/2018,02:00:00 pm,0,4.453,9.159,0.999608448
6921,2018-11-10 14:10:00,8.1587593256,11/10/2018,02:10:00 pm,0,4.452,9.1577,0.9989406744
6922,2018-11-10 14:20:00,8.157861972,11/10/2018,02:20:00 pm,0,4.452,9.1577,0.999838028000001
6923,2018-11-10 14:30:00,8.1574132952,11/10/2018,02:30:00 pm,0,4.452,9.1568,0.9993867048000009
6924,2018-11-10 14:40:00,8.157352111999998,11/10/2018,02:40:00 pm,0,4.451,9.1573,0.9999478880000012
6925,2018-11-10 14:50:00,8.157219548399999,11/10/2018,02:50:00 pm,0,4.45,9.1574,1.0001804516000021
6926,2018-11-10 15:00:00,8.1558939124,11/10/2018,03:00:00 pm,0,4.45,9.1578,1.0019060876
6927,2018-11-10 15:10:00,8.157148167999999,11/10/2018,03:10:00 pm,0,4.45,9.1587,1.0015518320000005
6928,2018-11-10 15:20:00,8.158443212399998,11/10/2018,03:20:00 pm,0,4.449,9.1581,0.9996567876000011
6929,2018-11-10 15:30:00,8.1585859732,11/10/2018,03:30:00 pm,0,4.448,9.1588,1.0002140268000002
6930,2018-11-10 15:40:00,8.159085636,11/10/2018,03:40:00 pm,0,4.448,9.1596,1.000514363999999
6931,2018-11-10 15:50:00,8.158881692,11/10/2018,03:50:00 pm,0,4.447,9.1594,1.0005183080000002
6932,2018-11-10 16:00:00,8.158575776,11/10/2018,04:00:00 pm,0,4.446,9.1594,1.0008242240000005
6933,2018-11-10 16:10:00,8.1591672136,11/10/2018,04:10:00 pm,0,4.446,9.1603,1.0011327863999995
6934,2018-11-10 16:20:00,8.160615216,11/10/2018,04:20:00 pm,0,4.446,9.1605,0.9998847840000007
6935,2018-11-10 16:30:00,8.16056423,11/10/2018,04:30:00 pm,0,4.445,9.1609,1.0003357699999995
6936,2018-11-10 16:40:00,8.1629401776,11/10/2018,04:40:00 pm,0,4.444,9.1615,0.9985598224000007
6937,2018-11-10 16:50:00,8.1631033328,11/10/2018,04:50:00 pm,0,4.444,9.1607,0.9975966671999998
6938,2018-11-10 17:00:00,8.163725362,11/10/2018,05:00:00 pm,0,4.443,9.1615,0.997774638000001
6939,2018-11-10 17:10:00,8.163725362,11/10/2018,05:10:00 pm,0,4.442,9.1608,0.9970746380000008
6940,2018-11-10 17:20:00,8.1647144904,11/10/2018,05:20:00 pm,0,4.442,9.1609,0.9961855096000001
6941,2018-11-10 17:30:00,8.165458886,11/10/2018,05:30:00 pm,0,4.442,9.1624,0.9969411140000002
6942,2018-11-10 17:40:00,8.1674677344,11/10/2018,05:40:00 pm,0,4.441,9.1638,0.9963322655999995
6943,2018-11-10 17:50:00,8.1681203552,11/10/2018,05:50:00 pm,0,4.44,9.1641,0.9959796448000002
6944,2018-11-10 18:00:00,8.1687321872,11/10/2018,06:00:00 pm,0,4.44,9.1648,0.9960678127999998
6945,2018-11-10 18:10:00,8.1698130904,11/10/2018,06:10:00 pm,0,4.439,9.1658,0.9959869096000009
6946,2018-11-10 18:20:00,8.170537091599998,11/10/2018,06:20:00 pm,0,4.438,9.1677,0.9971629084000018
6947,2018-11-10 18:30:00,8.1721278548,11/10/2018,06:30:00 pm,0,4.438,9.1683,0.996172145200001
6948,2018-11-10 18:40:00,8.1735452656,11/10/2018,06:40:00 pm,0,4.437,9.1702,0.9966547343999999
6949,2018-11-10 18:50:00,8.173157772,11/10/2018,06:50:00 pm,0,4.437,9.1689,0.995742228000001
6950,2018-11-10 19:00:00,8.174993268,11/10/2018,07:00:00 pm,0,4.436,9.17,0.9950067320000002
6951,2018-11-10 19:10:00,8.174860704399999,11/10/2018,07:10:00 pm,0,4.436,9.172,0.997139295600002
6952,2018-11-10 19:20:00,8.1753399728,11/10/2018,07:20:00 pm,0,4.435,9.1725,0.9971600271999996
6953,2018-11-10 19:30:00,8.175533719599999,11/10/2018,07:30:00 pm,0,4.434,9.1726,0.9970662804000003
6954,2018-11-10 19:40:00,8.1753399728,11/10/2018,07:40:00 pm,0,4.434,9.1731,0.9977600272
6955,2018-11-10 19:50:00,8.1754725364,11/10/2018,07:50:00 pm,0,4.433,9.1727,0.9972274636000016
6956,2018-11-10 20:00:00,8.1758396356,11/10/2018,08:00:00 pm,0,4.433,9.1713,0.9954603644000013
6957,2018-11-10 20:10:00,8.1772468492,11/10/2018,08:10:00 pm,0,4.432,9.1718,0.9945531507999998
6958,2018-11-10 20:20:00,8.17789947,11/10/2018,08:20:00 pm,0,4.431,9.1729,0.9950005300000004
6959,2018-11-10 20:30:00,8.181142179599998,11/10/2018,08:30:00 pm,0,4.43,9.175,0.9938578204000024
6960,2018-11-10 20:40:00,8.1820905192,11/10/2018,08:40:00 pm,0,4.43,9.1761,0.9940094807999991
6961,2018-11-10 20:50:00,8.182794126000001,11/10/2018,08:50:00 pm,0,4.43,9.1774,0.9946058739999994
6962,2018-11-10 21:00:00,8.1831102392,11/10/2018,09:00:00 pm,0,4.429,9.1775,0.9943897608000007
6963,2018-11-10 21:10:00,8.1828145204,11/10/2018,09:10:00 pm,0,4.428,9.1784,0.9955854796000008
6964,2018-11-10 21:20:00,8.1847519884,11/10/2018,09:20:00 pm,0,4.428,9.1798,0.9950480115999998
6965,2018-11-10 21:30:00,8.1853536232,11/10/2018,09:30:00 pm,0,4.427,9.181,0.9956463767999999
6966,2018-11-10 21:40:00,8.187291091199999,11/10/2018,09:40:00 pm,0,4.426,9.1825,0.9952089088000005
6967,2018-11-10 21:50:00,8.188402585999999,11/10/2018,09:50:00 pm,0,4.426,9.1836,0.9951974140000015
6968,2018-11-10 22:00:00,8.1893611228,11/10/2018,10:00:00 pm,0,4.425,9.1848,0.9954388771999998
6969,2018-11-10 22:10:00,8.1906357728,11/10/2018,10:10:00 pm,0,4.424,9.1866,0.9959642272
6970,2018-11-10 22:20:00,8.1922673248,11/10/2018,10:20:00 pm,0,4.424,9.1884,0.9961326752000002
6971,2018-11-10 22:30:00,8.1937765104,11/10/2018,10:30:00 pm,0,4.423,9.1895,0.9957234896000013
6972,2018-11-10 22:40:00,8.1950103716,11/10/2018,10:40:00 pm,0,4.422,9.1904,0.9953896283999999
6973,2018-11-10 22:50:00,8.1962136412,11/10/2018,10:50:00 pm,0,4.422,9.1929,0.9966863587999999
6974,2018-11-10 23:00:00,8.196458373999999,11/10/2018,11:00:00 pm,0,4.421,9.1939,0.9974416260000005
6975,2018-11-10 23:10:00,8.197488291199999,11/10/2018,11:10:00 pm,0,4.42,9.195,0.9975117088000012
6976,2018-11-10 23:20:00,8.197875784799999,11/10/2018,11:20:00 pm,0,4.42,9.1949,0.9970242152000015
6977,2018-11-10 23:30:00,8.199048462799999,11/10/2018,11:30:00 pm,0,4.419,9.1943,0.9952515372000015
6978,2018-11-10 23:40:00,8.1999050276,11/10/2018,11:40:00 pm,0,4.419,9.1949,0.9949949724000007
6979,2018-11-10 23:50:00,8.1999968024,11/10/2018,11:50:00 pm,0,4.418,9.1955,0.9955031975999997
6980,2018-11-11 00:00:00,8.200088577199999,11/11/2018,12:00:00 am,0,4.417,9.1951,0.9950114228000011
6981,2018-11-11 00:10:00,8.2013428328,11/11/2018,12:10:00 am,0,4.417,9.1954,0.9940571671999994
6982,2018-11-11 00:20:00,8.2025868912,11/11/2018,12:20:00 am,0,4.416,9.1973,0.994713108800001
6983,2018-11-11 00:30:00,8.203015173599999,11/11/2018,12:30:00 am,0,4.416,9.1981,0.9950848264000012
6984,2018-11-11 00:40:00,8.203443455999999,11/11/2018,12:40:00 am,0,4.415,9.198,0.9945565440000017
6985,2018-11-11 00:50:00,8.203953316,11/11/2018,12:50:00 am,0,4.414,9.1978,0.9938466840000011
6986,2018-11-11 01:00:00,8.2043714012,11/11/2018,01:00:00 am,0,4.413,9.1972,0.992828598800001
6987,2018-11-11 01:10:00,8.204901655599999,11/11/2018,01:10:00 am,0,4.413,9.1984,0.9934983444000007
6988,2018-11-11 01:20:00,8.20543191,11/11/2018,01:20:00 am,0,4.412,9.1988,0.9933680900000006
6989,2018-11-11 01:30:00,8.205595065199999,11/11/2018,01:30:00 am,0,4.411,9.1993,0.9937049348000002
6990,2018-11-11 01:40:00,8.2062884748,11/11/2018,01:40:00 am,0,4.411,9.1993,0.9930115252
6991,2018-11-11 01:50:00,8.206308869199999,11/11/2018,01:50:00 am,0,4.41,9.1996,0.9932911308000012
6992,2018-11-11 02:00:00,8.2061967,11/11/2018,02:00:00 am,0,4.409,9.2003,0.9941033000000008
6993,2018-11-11 02:10:00,8.2071756312,11/11/2018,02:10:00 am,0,4.409,9.2008,0.993624368799999
6994,2018-11-11 02:20:00,8.207879238,11/11/2018,02:20:00 am,0,4.408,9.2015,0.993620761999999
6995,2018-11-11 02:30:00,8.208174956799999,11/11/2018,02:30:00 am,0,4.408,9.2015,0.9933250432000005
6996,2018-11-11 02:40:00,8.2085012672,11/11/2018,02:40:00 am,0,4.407,9.2015,0.9929987327999985
6997,2018-11-11 02:50:00,8.2079914072,11/11/2018,02:50:00 am,0,4.406,9.2002,0.9922085928000008
6998,2018-11-11 03:00:00,8.207053264799999,11/11/2018,03:00:00 am,0,4.406,9.1999,0.9928467352000006
6999,2018-11-11 03:10:00,8.2063190664,11/11/2018,03:10:00 am,0,4.406,9.1991,0.9927809335999989
7000,2018-11-11 03:20:00,8.2056664456,11/11/2018,03:20:00 am,0,4.405,9.1984,0.9927335543999991
7001,2018-11-11 03:30:00,8.2062272916,11/11/2018,03:30:00 am,0,4.404,9.1982,0.9919727084000005
7002,2018-11-11 03:40:00,8.2066453768,11/11/2018,03:40:00 am,0,4.404,9.198,0.9913546232000012
7003,2018-11-11 03:50:00,8.2061559112,11/11/2018,03:50:00 am,0,4.403,9.198,0.9918440888000006
7004,2018-11-11 04:00:00,8.2059213756,11/11/2018,04:00:00 am,0,4.402,9.1984,0.9924786244000003
7005,2018-11-11 04:10:00,8.2056154596,11/11/2018,04:10:00 am,0,4.401,9.1977,0.9920845403999987
7006,2018-11-11 04:20:00,8.204973035999998,11/11/2018,04:20:00 am,0,4.401,9.1963,0.9913269640000024
7007,2018-11-11 04:30:00,8.2048812612,11/11/2018,04:30:00 am,0,4.4,9.1969,0.9920187387999988
7008,2018-11-11 04:40:00,8.2050648108,11/11/2018,04:40:00 am,0,4.399,9.1976,0.9925351891999998
7009,2018-11-11 04:50:00,8.2050954024,11/11/2018,04:50:00 am,0,4.399,9.1968,0.9917045976000001
7010,2018-11-11 05:00:00,8.206247686,11/11/2018,05:00:00 am,0,4.398,9.1976,0.9913523140000002
7011,2018-11-11 05:10:00,8.2070940536,11/11/2018,05:10:00 am,0,4.398,9.1982,0.9911059463999994
7012,2018-11-11 05:20:00,8.2084094924,11/11/2018,05:20:00 am,0,4.397,9.1988,0.9903905076000008
7013,2018-11-11 05:30:00,8.208695014,11/11/2018,05:30:00 am,0,4.396,9.1984,0.9897049859999996
7014,2018-11-11 05:40:00,8.2098982836,11/11/2018,05:40:00 am,0,4.396,9.1993,0.9894017163999997
7015,2018-11-11 05:50:00,8.2116623992,11/11/2018,05:50:00 am,0,4.395,9.2009,0.989237600800001
7016,2018-11-11 06:00:00,8.211438060799999,11/11/2018,06:00:00 am,0,4.394,9.2007,0.9892619392000004
7017,2018-11-11 06:10:00,8.211448257999999,11/11/2018,06:10:00 am,0,4.394,9.1998,0.9883517420000008
7018,2018-11-11 06:20:00,8.211111750399999,11/11/2018,06:20:00 am,0,4.393,9.199,0.987888249600001
7019,2018-11-11 06:30:00,8.211244314,11/11/2018,06:30:00 am,0,4.392,9.1983,0.9870556859999997
7020,2018-11-11 06:40:00,8.2118663432,11/11/2018,06:40:00 am,0,4.392,9.1971,0.9852336568000002
7021,2018-11-11 06:50:00,8.211183130799999,11/11/2018,06:50:00 am,0,4.391,9.1958,0.9846168692000017
7022,2018-11-11 07:00:00,8.2123456116,11/11/2018,07:00:00 am,0,4.391,9.1957,0.9833543884000004
7023,2018-11-11 07:10:00,8.214364657199999,11/11/2018,07:10:00 am,0,4.39,9.1955,0.9811353428
7024,2018-11-11 07:20:00,8.215904434399999,11/11/2018,07:20:00 am,0,4.389,9.1975,0.981595565600001
7025,2018-11-11 07:30:00,8.2165162664,11/11/2018,07:30:00 am,0,4.388,9.1969,0.9803837336000001
7026,2018-11-11 07:40:00,8.2167813936,11/11/2018,07:40:00 am,0,4.388,9.1954,0.9786186063999995
7027,2018-11-11 07:50:00,8.2172708592,11/11/2018,07:50:00 am,0,4.387,9.1951,0.9778291408000008
7028,2018-11-11 08:00:00,8.218086635199999,11/11/2018,08:00:00 am,0,4.386,9.1947,0.9766133648000004
7029,2018-11-11 08:10:00,8.2196773984,11/11/2018,08:10:00 am,0,4.386,9.1963,0.9766226016000008
7030,2018-11-11 08:20:00,8.218739256,11/11/2018,08:20:00 am,0,4.385,9.1962,0.977460744
7031,2018-11-11 08:30:00,8.218637284,11/11/2018,08:30:00 am,0,4.385,9.1952,0.9765627160000001
7032,2018-11-11 08:40:00,8.2192389188,11/11/2018,08:40:00 am,0,4.384,9.1953,0.9760610811999992
7033,2018-11-11 08:50:00,8.2199323284,11/11/2018,08:50:00 am,0,4.383,9.1952,0.9752676715999993
7034,2018-11-11 09:00:00,8.220228047199999,11/11/2018,09:00:00 am,0,4.383,9.1951,0.9748719528000009
7035,2018-11-11 09:10:00,8.2193408908,11/11/2018,09:10:00 am,0,4.382,9.1948,0.9754591092000009
7036,2018-11-11 09:20:00,8.2193714824,11/11/2018,09:20:00 am,0,4.382,9.1944,0.9750285176000002
7037,2018-11-11 09:30:00,8.219922131199999,11/11/2018,09:30:00 am,0,4.381,9.1941,0.9741778688000018
7038,2018-11-11 09:40:00,8.220381005199998,11/11/2018,09:40:00 am,0,4.38,9.1949,0.9745189948000021
7039,2018-11-11 09:50:00,8.218983988799998,11/11/2018,09:50:00 am,0,4.38,9.1948,0.9758160112000027
7040,2018-11-11 10:00:00,8.216251139199999,11/11/2018,10:00:00 am,0,4.379,9.194,0.977748860800002
7041,2018-11-11 10:10:00,8.215843251199999,11/11/2018,10:10:00 am,0,4.378,9.1942,0.9783567488000013
7042,2018-11-11 10:20:00,8.21817841,11/11/2018,10:20:00 am,0,4.378,9.1942,0.9760215900000002
7043,2018-11-11 10:30:00,8.218810636399999,11/11/2018,10:30:00 am,0,4.377,9.1934,0.9745893636000016
7044,2018-11-11 10:40:00,8.219687595599998,11/11/2018,10:40:00 am,0,4.377,9.1942,0.9745124044000022
7045,2018-11-11 10:50:00,8.2199731172,11/11/2018,10:50:00 am,0,4.376,9.1946,0.9746268827999991
7046,2018-11-11 11:00:00,8.219809962,11/11/2018,11:00:00 am,0,4.375,9.1952,0.9753900380000005
7047,2018-11-11 11:10:00,8.218474128799999,11/11/2018,11:10:00 am,0,4.375,9.1954,0.9769258712000006
7048,2018-11-11 11:20:00,8.2198405536,11/11/2018,11:20:00 am,0,4.374,9.1951,0.9752594464000008
7049,2018-11-11 11:30:00,8.2186270868,11/11/2018,11:30:00 am,0,4.374,9.1962,0.9775729131999995
7050,2018-11-11 11:40:00,8.2175461836,11/11/2018,11:40:00 am,0,4.373,9.1954,0.9778538163999997
7051,2018-11-11 11:50:00,8.2183619596,11/11/2018,11:50:00 am,0,4.373,9.1951,0.9767380404000008
7052,2018-11-11 12:00:00,8.2182497904,11/11/2018,12:00:00 pm,0,4.372,9.1947,0.9764502095999994
7053,2018-11-11 12:10:00,8.216536660800001,11/11/2018,12:10:00 pm,0,4.371,9.1945,0.9779633391999987
7054,2018-11-11 12:20:00,8.215272207999998,11/11/2018,12:20:00 pm,0,4.371,9.1959,0.9806277920000017
7055,2018-11-11 12:30:00,8.219687595599998,11/11/2018,12:30:00 pm,0,4.37,9.1969,0.9772124044000012
7056,2018-11-11 12:40:00,8.219218524399999,11/11/2018,12:40:00 pm,0,4.37,9.1978,0.9785814756000022
7057,2018-11-11 12:50:00,8.217352436799999,11/11/2018,12:50:00 pm,0,4.369,9.1954,0.9780475632000005
7058,2018-11-11 13:00:00,8.2165774496,11/11/2018,01:00:00 pm,0,4.368,9.1926,0.9760225503999997
7059,2018-11-11 13:10:00,8.2158126596,11/11/2018,01:10:00 pm,0,4.368,9.1904,0.9745873404000012
7060,2018-11-11 13:20:00,8.2150886584,11/11/2018,01:20:00 pm,0,4.367,9.1893,0.9742113416000002
7061,2018-11-11 13:30:00,8.21358967,11/11/2018,01:30:00 pm,0,4.367,9.1885,0.9749103300000002
7062,2018-11-11 13:40:00,8.212743302399998,11/11/2018,01:40:00 pm,0,4.366,9.1888,0.9760566976000025
7063,2018-11-11 13:50:00,8.213355134399999,11/11/2018,01:50:00 pm,0,4.366,9.1891,0.9757448656000012
7064,2018-11-11 14:00:00,8.213793613999998,11/11/2018,02:00:00 pm,0,4.365,9.189,0.9752063860000018
7065,2018-11-11 14:10:00,8.2146297844,11/11/2018,02:10:00 pm,0,4.364,9.1897,0.9750702156000006
7066,2018-11-11 14:20:00,8.2149560948,11/11/2018,02:20:00 pm,0,4.363,9.1904,0.9754439052000006
7067,2018-11-11 14:30:00,8.213997557999999,11/11/2018,02:30:00 pm,0,4.363,9.1908,0.9768024420000003
7068,2018-11-11 14:40:00,8.2151804332,11/11/2018,02:40:00 pm,0,4.362,9.1905,0.9753195667999996
7069,2018-11-11 14:50:00,8.2161491672,11/11/2018,02:50:00 pm,0,4.362,9.1917,0.9755508328000015
7070,2018-11-11 15:00:00,8.213946572,11/11/2018,03:00:00 pm,0,4.361,9.1921,0.9781534280000006
7071,2018-11-11 15:10:00,8.2152620108,11/11/2018,03:10:00 pm,0,4.361,9.1914,0.9761379891999997
7072,2018-11-11 15:20:00,8.2173218452,11/11/2018,03:20:00 pm,0,4.36,9.1926,0.9752781547999998
7073,2018-11-11 15:30:00,8.2181376212,11/11/2018,03:30:00 pm,0,4.36,9.1939,0.9757623787999989
7074,2018-11-11 15:40:00,8.2205135688,11/11/2018,03:40:00 pm,0,4.359,9.1958,0.9752864312000007
7075,2018-11-11 15:50:00,8.2217678244,11/11/2018,03:50:00 pm,0,4.358,9.1969,0.9751321755999989
7076,2018-11-11 16:00:00,8.2203606108,11/11/2018,04:00:00 pm,0,4.357,9.1976,0.9772393891999993
7077,2018-11-11 16:10:00,8.220829682,11/11/2018,04:10:00 pm,0,4.357,9.1985,0.9776703179999995
7078,2018-11-11 16:20:00,8.2226957696,11/11/2018,04:20:00 pm,0,4.356,9.1993,0.9766042303999996
7079,2018-11-11 16:30:00,8.223582925999999,11/11/2018,04:30:00 pm,0,4.356,9.2005,0.976917074000001
7080,2018-11-11 16:40:00,8.2251227032,11/11/2018,04:40:00 pm,0,4.355,9.2002,0.9750772968000003
7081,2018-11-11 16:50:00,8.225418421999999,11/11/2018,04:50:00 pm,0,4.355,9.1996,0.9741815780000014
7082,2018-11-11 17:00:00,8.225102308799999,11/11/2018,05:00:00 pm,0,4.354,9.1999,0.9747976912000009
7083,2018-11-11 17:10:00,8.2249799424,11/11/2018,05:10:00 pm,0,4.354,9.1995,0.9745200576000013
7084,2018-11-11 17:20:00,8.2249697452,11/11/2018,05:20:00 pm,0,4.353,9.1991,0.9741302548000004
7085,2018-11-11 17:30:00,8.225408224799999,11/11/2018,05:30:00 pm,0,4.352,9.199,0.973591775200001
7086,2018-11-11 17:40:00,8.2252756612,11/11/2018,05:40:00 pm,0,4.352,9.199,0.9737243388000003
7087,2018-11-11 17:50:00,8.2271723404,11/11/2018,05:50:00 pm,0,4.351,9.1998,0.9726276596000005
7088,2018-11-11 18:00:00,8.2277739752,11/11/2018,06:00:00 pm,0,4.35,9.2012,0.9734260248000002
7089,2018-11-11 18:10:00,8.2285591596,11/11/2018,06:10:00 pm,0,4.35,9.2022,0.9736408403999999
7090,2018-11-11 18:20:00,8.230364064,11/11/2018,06:20:00 pm,0,4.349,9.203,0.9726359359999996
7091,2018-11-11 18:30:00,8.23143477,11/11/2018,06:30:00 pm,0,4.349,9.2041,0.9726652300000005
7092,2018-11-11 18:40:00,8.2328827724,11/11/2018,06:40:00 pm,0,4.347,9.2051,0.9722172275999998
7093,2018-11-11 18:50:00,8.2346366908,11/11/2018,06:50:00 pm,0,4.347,9.2072,0.9725633091999999
7094,2018-11-11 19:00:00,8.233922886799999,11/11/2018,07:00:00 pm,0,4.347,9.2073,0.9733771132000015
7095,2018-11-11 19:10:00,8.234575507599999,11/11/2018,07:10:00 pm,0,4.346,9.2069,0.9723244924000003
7096,2018-11-11 19:20:00,8.235788974399998,11/11/2018,07:20:00 pm,0,4.345,9.2076,0.971811025600001
7097,2018-11-11 19:30:00,8.236686328,11/11/2018,07:30:00 pm,0,4.345,9.2089,0.9722136720000005
7098,2018-11-11 19:40:00,8.237869203199999,11/11/2018,07:40:00 pm,0,4.344,9.2099,0.9720307968000004
7099,2018-11-11 19:50:00,8.238022161199998,11/11/2018,07:50:00 pm,0,4.343,9.2104,0.9723778388000017
7100,2018-11-11 20:00:00,8.2392152336,11/11/2018,08:00:00 pm,0,4.343,9.2106,0.9713847663999999
7101,2018-11-11 20:10:00,8.2406020528,11/11/2018,08:10:00 pm,0,4.342,9.2121,0.9714979471999996
7102,2018-11-11 20:20:00,8.240816193999999,11/11/2018,08:20:00 pm,0,4.342,9.2123,0.971483806000002
7103,2018-11-11 20:30:00,8.2411934904,11/11/2018,08:30:00 pm,0,4.34,9.2123,0.9711065096000002
7104,2018-11-11 20:40:00,8.2421010412,11/11/2018,08:40:00 pm,0,4.34,9.213,0.9708989587999994
7105,2018-11-11 20:50:00,8.244262847599998,11/11/2018,08:50:00 pm,0,4.339,9.2153,0.971037152400001
7106,2018-11-11 21:00:00,8.245761836,11/11/2018,09:00:00 pm,0,4.339,9.2164,0.9706381640000004
7107,2018-11-11 21:10:00,8.2469549084,11/11/2018,09:10:00 pm,0,4.338,9.2176,0.9706450915999998
7108,2018-11-11 21:20:00,8.247067077599999,11/11/2018,09:20:00 pm,0,4.337,9.2182,0.9711329224000007
7109,2018-11-11 21:30:00,8.2472506272,11/11/2018,09:30:00 pm,0,4.336,9.2184,0.9711493728000011
7110,2018-11-11 21:40:00,8.2474851628,11/11/2018,09:40:00 pm,0,4.335,9.2189,0.9714148371999993
7111,2018-11-11 21:50:00,8.248321333199998,11/11/2018,09:50:00 pm,0,4.335,9.2195,0.971178666800002
7112,2018-11-11 22:00:00,8.2486068548,11/11/2018,10:00:00 pm,0,4.335,9.2196,0.9709931451999996
7113,2018-11-11 22:10:00,8.2499120964,11/11/2018,10:10:00 pm,0,4.334,9.2209,0.9709879036000011
7114,2018-11-11 22:20:00,8.251217338,11/11/2018,10:20:00 pm,0,4.333,9.2215,0.9702826620000007
7115,2018-11-11 22:30:00,8.251625226,11/11/2018,10:30:00 pm,0,4.332,9.2226,0.9709747740000001
7116,2018-11-11 22:40:00,8.2526347488,11/11/2018,10:40:00 pm,0,4.332,9.2229,0.970265251199999
7117,2018-11-11 22:50:00,8.2531344116,11/11/2018,10:50:00 pm,0,4.331,9.2235,0.9703655884
7118,2018-11-11 23:00:00,8.253613679999999,11/11/2018,11:00:00 pm,0,4.33,9.2235,0.9698863200000005
7119,2018-11-11 23:10:00,8.253623877199999,11/11/2018,11:10:00 pm,0,4.33,9.2238,0.9701761228000017
7120,2018-11-11 23:20:00,8.2528182984,11/11/2018,11:20:00 pm,0,4.329,9.2231,0.9702817016000012
7121,2018-11-11 23:30:00,8.253970582,11/11/2018,11:30:00 pm,0,4.328,9.2243,0.9703294180000004
7122,2018-11-11 23:40:00,8.2541847232,11/11/2018,11:40:00 pm,0,4.328,9.2248,0.9706152768000003
7123,2018-11-11 23:50:00,8.2552044432,11/11/2018,11:50:00 pm,0,4.327,9.2251,0.9698955567999992
7124,2018-11-12 00:00:00,8.2563363324,11/12/2018,12:00:00 am,0,4.327,9.2251,0.9687636675999993
7125,2018-11-12 00:10:00,8.2568156008,11/12/2018,12:10:00 am,0,4.326,9.2255,0.9686843992000007
7126,2018-11-12 00:20:00,8.257060333599998,11/12/2018,12:20:00 am,0,4.325,9.2266,0.9695396664000011
7127,2018-11-12 00:30:00,8.2579168984,11/12/2018,12:30:00 am,0,4.324,9.2272,0.9692831016000003
7128,2018-11-12 00:40:00,8.258355378000001,11/12/2018,12:40:00 am,0,4.324,9.2278,0.9694446219999993
7129,2018-11-12 00:50:00,8.2591405624,11/12/2018,12:50:00 am,0,4.323,9.2281,0.9689594375999988
7130,2018-11-12 01:00:00,8.259579042,11/12/2018,01:00:00 am,0,4.323,9.2289,0.9693209579999991
7131,2018-11-12 01:10:00,8.2585185332,11/12/2018,01:10:00 am,0,4.322,9.2279,0.9693814667999998
7132,2018-11-12 01:20:00,8.260037916,11/12/2018,01:20:00 am,0,4.321,9.2288,0.9687620839999997
7133,2018-11-12 01:30:00,8.260639550799999,11/12/2018,01:30:00 am,0,4.321,9.2297,0.9690604492000006
7134,2018-11-12 01:40:00,8.2600583104,11/12/2018,01:40:00 am,0,4.32,9.2293,0.9692416896000005
7135,2018-11-12 01:50:00,8.2608638892,11/12/2018,01:50:00 am,0,4.319,9.2289,0.9680361108
7136,2018-11-12 02:00:00,8.260904678,11/12/2018,02:00:00 am,0,4.319,9.2298,0.9688953219999998
7137,2018-11-12 02:10:00,8.2615878904,11/12/2018,02:10:00 am,0,4.318,9.2306,0.9690121096000013
7138,2018-11-12 02:20:00,8.261394143599999,11/12/2018,02:20:00 am,0,4.317,9.2301,0.9687058564000015
7139,2018-11-12 02:30:00,8.260680339599999,11/12/2018,02:30:00 am,0,4.316,9.2314,0.9707196604000021
7140,2018-11-12 02:40:00,8.2621487364,11/12/2018,02:40:00 am,0,4.315,9.233,0.9708512636000002
7141,2018-11-12 02:50:00,8.2626483992,11/12/2018,02:50:00 am,0,4.315,9.2336,0.9709516007999994
7142,2018-11-12 03:00:00,8.2637496968,11/12/2018,03:00:00 am,0,4.315,9.2348,0.9710503032000002
7143,2018-11-12 03:10:00,8.2647898112,11/12/2018,03:10:00 am,0,4.314,9.236,0.9712101888000007
7144,2018-11-12 03:20:00,8.265646376,11/12/2018,03:20:00 am,0,4.313,9.2371,0.9714536240000005
7145,2018-11-12 03:30:00,8.2644533036,11/12/2018,03:30:00 am,0,4.312,9.2367,0.9722466964000009
7146,2018-11-12 03:40:00,8.264167782,11/12/2018,03:40:00 am,0,4.312,9.2363,0.9721322180000005
7147,2018-11-12 03:50:00,8.2648713888,11/12/2018,03:50:00 am,0,4.311,9.2364,0.9715286112000001
7148,2018-11-12 04:00:00,8.264218768,11/12/2018,04:00:00 am,0,4.31,9.2364,0.9721812320000005
7149,2018-11-12 04:10:00,8.263953640799999,11/12/2018,04:10:00 am,0,4.31,9.2361,0.9721463592000017
7150,2018-11-12 04:20:00,8.262913526399998,11/12/2018,04:20:00 am,0,4.309,9.2348,0.9718864736000015
7151,2018-11-12 04:30:00,8.263219442399999,11/12/2018,04:30:00 am,0,4.309,9.2346,0.9713805576000016
7152,2018-11-12 04:40:00,8.2632398368,11/12/2018,04:40:00 am,0,4.308,9.2345,0.9712601632000002
7153,2018-11-12 04:50:00,8.262862540399999,11/12/2018,04:50:00 am,0,4.307,9.2347,0.9718374596000015
7154,2018-11-12 05:00:00,8.262199722399998,11/12/2018,05:00:00 am,0,4.307,9.2346,0.972400277600002
7155,2018-11-12 05:10:00,8.261363552,11/12/2018,05:10:00 am,0,4.306,9.234,0.9726364479999994
7156,2018-11-12 05:20:00,8.26151651,11/12/2018,05:20:00 am,0,4.305,9.2342,0.9726834899999997
7157,2018-11-12 05:30:00,8.262158933599999,11/12/2018,05:30:00 am,0,4.304,9.2344,0.9722410664000023
7158,2018-11-12 05:40:00,8.2618020316,11/12/2018,05:40:00 am,0,4.304,9.2352,0.9733979684000005
7159,2018-11-12 05:50:00,8.2621385392,11/12/2018,05:50:00 am,0,4.303,9.2356,0.9734614607999994
7160,2018-11-12 06:00:00,8.2621487364,11/12/2018,06:00:00 am,0,4.302,9.2353,0.9731512636000001
7161,2018-11-12 06:10:00,8.2622507084,11/12/2018,06:10:00 am,0,4.302,9.2357,0.9734492915999997
7162,2018-11-12 06:20:00,8.2620671588,11/12/2018,06:20:00 am,0,4.301,9.2346,0.9725328411999996
7163,2018-11-12 06:30:00,8.262811554399999,11/12/2018,06:30:00 am,0,4.3,9.2357,0.9728884456000007
7164,2018-11-12 06:40:00,8.263219442399999,11/12/2018,06:40:00 am,0,4.3,9.2362,0.9729805576000015
7165,2018-11-12 06:50:00,8.262811554399999,11/12/2018,06:50:00 am,0,4.299,9.2368,0.9739884456000016
7166,2018-11-12 07:00:00,8.2637802884,11/12/2018,07:00:00 am,0,4.298,9.2376,0.9738197116000009
7167,2018-11-12 07:10:00,8.2643615288,11/12/2018,07:10:00 am,0,4.298,9.2384,0.9740384712000001
7168,2018-11-12 07:20:00,8.263923049199999,11/12/2018,07:20:00 am,0,4.297,9.2386,0.974676950800001
7169,2018-11-12 07:30:00,8.2644838952,11/12/2018,07:30:00 am,0,4.296,9.2394,0.9749161048000001
7170,2018-11-12 07:40:00,8.2633316116,11/12/2018,07:40:00 am,0,4.295,9.2385,0.9751683884000002
7171,2018-11-12 07:50:00,8.263576344399999,11/12/2018,07:50:00 am,0,4.295,9.2382,0.9746236556000021
7172,2018-11-12 08:00:00,8.2638006828,11/12/2018,08:00:00 am,0,4.294,9.2387,0.9748993172000002
7173,2018-11-12 08:10:00,8.265483220799998,11/12/2018,08:10:00 am,0,4.293,9.241,0.9755167792000012
7174,2018-11-12 08:20:00,8.267237139199999,11/12/2018,08:20:00 am,0,4.293,9.2431,0.9758628608000013
7175,2018-11-12 08:30:00,8.2672983224,11/12/2018,08:30:00 am,0,4.292,9.2433,0.9760016775999993
7176,2018-11-12 08:40:00,8.2684811976,11/12/2018,08:40:00 am,0,4.291,9.2443,0.975818802400001
7177,2018-11-12 08:50:00,8.268552578,11/12/2018,08:50:00 am,0,4.291,9.2446,0.9760474220000006
7178,2018-11-12 09:00:00,8.268501592,11/12/2018,09:00:00 am,0,4.29,9.244,0.975498408
7179,2018-11-12 09:10:00,8.2684811976,11/12/2018,09:10:00 am,0,4.29,9.2437,0.9752188024000006
7180,2018-11-12 09:20:00,8.2690012548,11/12/2018,09:20:00 am,0,4.289,9.244,0.9749987452000006
7181,2018-11-12 09:30:00,8.2692459876,11/12/2018,09:30:00 am,0,4.288,9.2445,0.9752540124000006
7182,2018-11-12 09:40:00,8.268960466,11/12/2018,09:40:00 am,0,4.287,9.2436,0.9746395340000014
7183,2018-11-12 09:50:00,8.267522660800001,11/12/2018,09:50:00 am,0,4.287,9.2434,0.9758773391999984
7184,2018-11-12 10:00:00,8.26559539,11/12/2018,10:00:00 am,0,4.286,9.2429,0.9773046100000009
7185,2018-11-12 10:10:00,8.2641983736,11/12/2018,10:10:00 am,0,4.285,9.2428,0.9786016264000015
7186,2018-11-12 10:20:00,8.265758545199999,11/12/2018,10:20:00 am,0,4.285,9.2436,0.9778414548000018
7187,2018-11-12 10:30:00,8.2692969736,11/12/2018,10:30:00 am,0,4.284,9.2448,0.9755030264000002
7188,2018-11-12 10:40:00,8.270632806799998,11/12/2018,10:40:00 am,0,4.284,9.2458,0.9751671932000008
7189,2018-11-12 10:50:00,8.2708775396,11/12/2018,10:50:00 am,0,4.283,9.246,0.9751224603999997
7190,2018-11-12 11:00:00,8.2716933156,11/12/2018,11:00:00 am,0,4.282,9.2464,0.9747066843999992
7191,2018-11-12 11:10:00,8.2704186656,11/12/2018,11:10:00 am,0,4.282,9.2466,0.9761813344000014
7192,2018-11-12 11:20:00,8.271642329599999,11/12/2018,11:20:00 am,0,4.281,9.2473,0.9756576704000004
7193,2018-11-12 11:30:00,8.269144015599998,11/12/2018,11:30:00 am,0,4.28,9.2469,0.9777559844000017
7194,2018-11-12 11:40:00,8.268318042399999,11/12/2018,11:40:00 am,0,4.28,9.2464,0.9780819576000006
7195,2018-11-12 11:50:00,8.268756521999999,11/12/2018,11:50:00 am,0,4.279,9.2454,0.9766434780000015
7196,2018-11-12 12:00:00,8.268063112399998,11/12/2018,12:00:00 pm,0,4.279,9.245,0.9769368876000009
7197,2018-11-12 12:10:00,8.2658809116,11/12/2018,12:10:00 pm,0,4.278,9.2439,0.9780190884
7198,2018-11-12 12:20:00,8.262209919599998,11/12/2018,12:20:00 pm,0,4.277,9.2424,0.9801900804000017
7199,2018-11-12 12:30:00,8.2655342068,11/12/2018,12:30:00 pm,0,4.277,9.2411,0.9755657931999995
7200,2018-11-12 12:40:00,8.2638720632,11/12/2018,12:40:00 pm,0,4.276,9.2396,0.9757279368000003
7201,2018-11-12 12:50:00,8.2632806256,11/12/2018,12:50:00 pm,0,4.275,9.2385,0.9752193744
7202,2018-11-12 13:00:00,8.263657922,11/12/2018,01:00:00 pm,0,4.275,9.2376,0.9739420780000003
7203,2018-11-12 13:10:00,8.2628013572,11/12/2018,01:10:00 pm,0,4.274,9.2368,0.9739986427999998
7204,2018-11-12 13:20:00,8.2619040036,11/12/2018,01:20:00 pm,0,4.273,9.2355,0.9735959964000003
7205,2018-11-12 13:30:00,8.2605579732,11/12/2018,01:30:00 pm,0,4.273,9.2343,0.9737420268000001
7206,2018-11-12 13:40:00,8.260139888,11/12/2018,01:40:00 pm,0,4.272,9.234,0.9738601120000006
7207,2018-11-12 13:50:00,8.2596606196,11/12/2018,01:50:00 pm,0,4.272,9.2339,0.9742393804000002
7208,2018-11-12 14:00:00,8.259191548399999,11/12/2018,02:00:00 pm,0,4.271,9.2334,0.9742084516000009
7209,2018-11-12 14:10:00,8.2581310396,11/12/2018,02:10:00 pm,0,4.27,9.2329,0.9747689604000005
7210,2018-11-12 14:20:00,8.2583655752,11/12/2018,02:20:00 pm,0,4.27,9.2331,0.9747344248000012
7211,2018-11-12 14:30:00,8.257723151599999,11/12/2018,02:30:00 pm,0,4.269,9.2329,0.9751768484000021
7212,2018-11-12 14:40:00,8.2579882788,11/12/2018,02:40:00 pm,0,4.268,9.2331,0.9751117212000011
7213,2018-11-12 14:50:00,8.2583961668,11/12/2018,02:50:00 pm,0,4.268,9.2339,0.9755038331999994
7214,2018-11-12 15:00:00,8.25820242,11/12/2018,03:00:00 pm,0,4.268,9.2346,0.9763975800000004
7215,2018-11-12 15:10:00,8.2593445064,11/12/2018,03:10:00 pm,0,4.267,9.2342,0.9748554935999998
7216,2018-11-12 15:20:00,8.2597421972,11/12/2018,03:20:00 pm,0,4.267,9.2349,0.9751578028000001
7217,2018-11-12 15:30:00,8.260955663999999,11/12/2018,03:30:00 pm,0,4.266,9.2357,0.9747443360000005
7218,2018-11-12 15:40:00,8.2611800024,11/12/2018,03:40:00 pm,0,4.265,9.2371,0.9759199976000001
7219,2018-11-12 15:50:00,8.261332960399999,11/12/2018,03:50:00 pm,0,4.265,9.2377,0.9763670396000013
7220,2018-11-12 16:00:00,8.2612717772,11/12/2018,04:00:00 pm,0,4.264,9.2379,0.9766282228000005
7221,2018-11-12 16:10:00,8.2609250724,11/12/2018,04:10:00 pm,0,4.264,9.2383,0.9773749276000014
7222,2018-11-12 16:20:00,8.2621487364,11/12/2018,04:20:00 pm,0,4.263,9.2388,0.9766512635999991
7223,2018-11-12 16:30:00,8.2623628776,11/12/2018,04:30:00 pm,0,4.262,9.2392,0.976837122400001
7224,2018-11-12 16:40:00,8.2636273304,11/12/2018,04:40:00 pm,0,4.262,9.2395,0.9758726695999993
7225,2018-11-12 16:50:00,8.263994429599999,11/12/2018,04:50:00 pm,0,4.261,9.2397,0.9757055704000006
7226,2018-11-12 17:00:00,8.265799333999999,11/12/2018,05:00:00 pm,0,4.26,9.2407,0.9749006660000017
7227,2018-11-12 17:10:00,8.2662989968,11/12/2018,05:10:00 pm,0,4.26,9.2417,0.9754010032
7228,2018-11-12 17:20:00,8.2671657588,11/12/2018,05:20:00 pm,0,4.259,9.2422,0.9750342412000013
7229,2018-11-12 17:30:00,8.2686239584,11/12/2018,05:30:00 pm,0,4.259,9.2435,0.9748760416
7230,2018-11-12 17:40:00,8.269031846399999,11/12/2018,05:40:00 pm,0,4.258,9.2444,0.9753681536000016
7231,2018-11-12 17:50:00,8.2696640728,11/12/2018,05:50:00 pm,0,4.257,9.2436,0.9739359272000012
7232,2018-11-12 18:00:00,8.2696946644,11/12/2018,06:00:00 pm,0,4.256,9.2435,0.9738053355999998
7233,2018-11-12 18:10:00,8.270235115999998,11/12/2018,06:10:00 pm,0,4.256,9.245,0.9747648840000007
7234,2018-11-12 18:20:00,8.2715199632,11/12/2018,06:20:00 pm,0,4.256,9.2454,0.9738800368000007
7235,2018-11-12 18:30:00,8.272580472,11/12/2018,06:30:00 pm,0,4.255,9.2477,0.9751195280000005
7236,2018-11-12 18:40:00,8.273549205999998,11/12/2018,06:40:00 pm,0,4.254,9.2489,0.9753507940000024
7237,2018-11-12 18:50:00,8.273783741599999,11/12/2018,06:50:00 pm,0,4.253,9.2492,0.975416258400001
7238,2018-11-12 19:00:00,8.2751093776,11/12/2018,07:00:00 pm,0,4.253,9.2504,0.9752906224000011
7239,2018-11-12 19:10:00,8.2767001408,11/12/2018,07:10:00 pm,0,4.252,9.2515,0.9747998592000009
7240,2018-11-12 19:20:00,8.278035974,11/12/2018,07:20:00 pm,0,4.251,9.2529,0.9748640260000005
7241,2018-11-12 19:30:00,8.2792494408,11/12/2018,07:30:00 pm,0,4.251,9.2537,0.974450559200001
7242,2018-11-12 19:40:00,8.279769498,11/12/2018,07:40:00 pm,0,4.251,9.2548,0.9750305019999992
7243,2018-11-12 19:50:00,8.2803201468,11/12/2018,07:50:00 pm,0,4.25,9.2547,0.9743798532000003
7244,2018-11-12 20:00:00,8.2808605984,11/12/2018,08:00:00 pm,0,4.249,9.255,0.9741394016000005
7245,2018-11-12 20:10:00,8.2820026848,11/12/2018,08:10:00 pm,0,4.248,9.2567,0.9746973152000002
7246,2018-11-12 20:20:00,8.2821862344,11/12/2018,08:20:00 pm,0,4.248,9.2574,0.9752137656000013
7247,2018-11-12 20:30:00,8.2827980664,11/12/2018,08:30:00 pm,0,4.247,9.2576,0.9748019336000002
7248,2018-11-12 20:40:00,8.2832773348,11/12/2018,08:40:00 pm,0,4.246,9.2584,0.9751226652000007
7249,2018-11-12 20:50:00,8.283328320799999,11/12/2018,08:50:00 pm,0,4.246,9.2588,0.9754716792000018
7250,2018-11-12 21:00:00,8.284093110799999,11/12/2018,09:00:00 pm,0,4.245,9.26,0.9759068892000009
7251,2018-11-12 21:10:00,8.284093110799999,11/12/2018,09:10:00 pm,0,4.244,9.2602,0.9761068892000004
7252,2018-11-12 21:20:00,8.2846335624,11/12/2018,09:20:00 pm,0,4.244,9.2606,0.9759664376000003
7253,2018-11-12 21:30:00,8.284429618399999,11/12/2018,09:30:00 pm,0,4.243,9.26,0.9755703816000008
7254,2018-11-12 21:40:00,8.285694071199998,11/12/2018,09:40:00 pm,0,4.242,9.2616,0.9759059288000014
7255,2018-11-12 21:50:00,8.285949001199999,11/12/2018,09:50:00 pm,0,4.242,9.2614,0.9754509988000013
7256,2018-11-12 22:00:00,8.286275311599999,11/12/2018,10:00:00 pm,0,4.241,9.2617,0.9754246884000004
7257,2018-11-12 22:10:00,8.2883963292,11/12/2018,10:10:00 pm,0,4.24,9.263,0.9746036708000005
7258,2018-11-12 22:20:00,8.288885794799999,11/12/2018,10:20:00 pm,0,4.24,9.2635,0.9746142052000017
7259,2018-11-12 22:30:00,8.2887838228,11/12/2018,10:30:00 pm,0,4.239,9.2636,0.974816177200001
7260,2018-11-12 22:40:00,8.2881617936,11/12/2018,10:40:00 pm,0,4.238,9.2627,0.9745382064000001
7261,2018-11-12 22:50:00,8.2878966664,11/12/2018,10:50:00 pm,0,4.238,9.2631,0.9752033335999997
7262,2018-11-12 23:00:00,8.287876271999998,11/12/2018,11:00:00 pm,0,4.237,9.2625,0.974623728000001
7263,2018-11-12 23:10:00,8.2879068636,11/12/2018,11:10:00 pm,0,4.236,9.2623,0.9743931363999998
7264,2018-11-12 23:20:00,8.288579878799998,11/12/2018,11:20:00 pm,0,4.236,9.263,0.9744201212000014
7265,2018-11-12 23:30:00,8.2879884412,11/12/2018,11:30:00 pm,0,4.235,9.2629,0.9749115588000006
7266,2018-11-12 23:40:00,8.2883453432,11/12/2018,11:40:00 pm,0,4.235,9.2629,0.9745546568000005
7267,2018-11-12 23:50:00,8.2896811764,11/12/2018,11:50:00 pm,0,4.234,9.2633,0.973618823599999
7268,2018-11-13 00:00:00,8.290272614,11/13/2018,12:00:00 am,0,4.233,9.2642,0.9739273860000015
7269,2018-11-13 00:10:00,8.290282811199999,11/13/2018,12:10:00 am,0,4.232,9.2641,0.9738171888
7270,2018-11-13 00:20:00,8.2900788672,11/13/2018,12:20:00 am,0,4.231,9.264,0.9739211327999993
7271,2018-11-13 00:30:00,8.2900380784,11/13/2018,12:30:00 am,0,4.231,9.2636,0.9735619216
7272,2018-11-13 00:40:00,8.2900278812,11/13/2018,12:40:00 am,0,4.23,9.2632,0.9731721187999991
7273,2018-11-13 00:50:00,8.2902114308,11/13/2018,12:50:00 am,0,4.23,9.2639,0.9736885692000001
7274,2018-11-13 01:00:00,8.290293008399999,11/13/2018,01:00:00 am,0,4.229,9.2633,0.9730069916000001
7275,2018-11-13 01:10:00,8.289222302399999,11/13/2018,01:10:00 am,0,4.228,9.262,0.9727776976000015
7276,2018-11-13 01:20:00,8.289242696799999,11/13/2018,01:20:00 am,0,4.228,9.2623,0.973057303200001
7277,2018-11-13 01:30:00,8.28930388,11/13/2018,01:30:00 am,0,4.227,9.2623,0.9729961199999995
7278,2018-11-13 01:40:00,8.2887328368,11/13/2018,01:40:00 am,0,4.226,9.2617,0.9729671631999999
7279,2018-11-13 01:50:00,8.2894466408,11/13/2018,01:50:00 am,0,4.225,9.262,0.9725533592000009
7280,2018-11-13 02:00:00,8.290119656,11/13/2018,02:00:00 am,0,4.225,9.2626,0.9724803440000009
7281,2018-11-13 02:10:00,8.289222302399999,11/13/2018,02:10:00 am,0,4.224,9.2619,0.9726776976000018
7282,2018-11-13 02:20:00,8.289976895199999,11/13/2018,02:20:00 am,0,4.224,9.2628,0.9728231048000016
7283,2018-11-13 02:30:00,8.289660781999999,11/13/2018,02:30:00 am,0,4.223,9.262,0.9723392180000019
7284,2018-11-13 02:40:00,8.288946978,11/13/2018,02:40:00 am,0,4.222,9.2612,0.9722530220000003
7285,2018-11-13 02:50:00,8.2892121052,11/13/2018,02:50:00 am,0,4.222,9.262,0.9727878947999997
7286,2018-11-13 03:00:00,8.2888042172,11/13/2018,03:00:00 am,0,4.221,9.2613,0.9724957828000012
7287,2018-11-13 03:10:00,8.288151596399999,11/13/2018,03:10:00 am,0,4.221,9.2606,0.9724484036000014
7288,2018-11-13 03:20:00,8.287080890399999,11/13/2018,03:20:00 am,0,4.22,9.2586,0.9715191096000009
7289,2018-11-13 03:30:00,8.2874581868,11/13/2018,03:30:00 am,0,4.219,9.259,0.9715418132
7290,2018-11-13 03:40:00,8.2860509732,11/13/2018,03:40:00 am,0,4.218,9.2579,0.9718490267999993
7291,2018-11-13 03:50:00,8.2846437596,11/13/2018,03:50:00 am,0,4.218,9.2563,0.9716562403999998
7292,2018-11-13 04:00:00,8.284480604399999,11/13/2018,04:00:00 am,0,4.217,9.2555,0.9710193956000008
7293,2018-11-13 04:10:00,8.2839809416,11/13/2018,04:10:00 am,0,4.216,9.2554,0.9714190584000004
7294,2018-11-13 04:20:00,8.2833997012,11/13/2018,04:20:00 am,0,4.216,9.2555,0.9721002987999992
7295,2018-11-13 04:30:00,8.28344049,11/13/2018,04:30:00 am,0,4.215,9.2544,0.9709595100000001
7296,2018-11-13 04:40:00,8.283114179599998,11/13/2018,04:40:00 am,0,4.214,9.2538,0.9706858204000017
7297,2018-11-13 04:50:00,8.282298403599999,11/13/2018,04:50:00 am,0,4.214,9.2535,0.971201596400002
7298,2018-11-13 05:00:00,8.282777672,11/13/2018,05:00:00 am,0,4.213,9.2535,0.9707223280000008
7299,2018-11-13 05:10:00,8.2829000384,11/13/2018,05:10:00 am,0,4.213,9.2532,0.9702999616000003
7300,2018-11-13 05:20:00,8.282930630000001,11/13/2018,05:20:00 am,0,4.212,9.2537,0.9707693699999993
7301,2018-11-13 05:30:00,8.282288206399999,11/13/2018,05:30:00 am,0,4.211,9.2531,0.9708117936000011
7302,2018-11-13 05:40:00,8.282930630000001,11/13/2018,05:40:00 am,0,4.21,9.2535,0.9705693699999998
7303,2018-11-13 05:50:00,8.2824513616,11/13/2018,05:50:00 am,0,4.21,9.2529,0.9704486384000006
7304,2018-11-13 06:00:00,8.2834098984,11/13/2018,06:00:00 am,0,4.209,9.2541,0.9706901015999989
7305,2018-11-13 06:10:00,8.282777672,11/13/2018,06:10:00 am,0,4.208,9.2536,0.9708223280000006
7306,2018-11-13 06:20:00,8.2831651656,11/13/2018,06:20:00 am,0,4.208,9.2536,0.9704348344000007
7307,2018-11-13 06:30:00,8.282318798,11/13/2018,06:30:00 am,0,4.207,9.2535,0.9711812020000004
7308,2018-11-13 06:40:00,8.2828184608,11/13/2018,06:40:00 am,0,4.207,9.2539,0.9710815392000001
7309,2018-11-13 06:50:00,8.283471081599998,11/13/2018,06:50:00 am,0,4.205,9.2538,0.9703289184000017
7310,2018-11-13 07:00:00,8.283644434,11/13/2018,07:00:00 am,0,4.205,9.2543,0.9706555660000014
7311,2018-11-13 07:10:00,8.284154294,11/13/2018,07:10:00 am,0,4.204,9.2544,0.970245706
7312,2018-11-13 07:20:00,8.283766800399999,11/13/2018,07:20:00 am,0,4.204,9.2541,0.9703331996000006
7313,2018-11-13 07:30:00,8.28471514,11/13/2018,07:30:00 am,0,4.203,9.2539,0.9691848600000004
7314,2018-11-13 07:40:00,8.2851332252,11/13/2018,07:40:00 am,0,4.203,9.254,0.9688667748000004
7315,2018-11-13 07:50:00,8.286397677999998,11/13/2018,07:50:00 am,0,4.202,9.2547,0.9683023220000013
7316,2018-11-13 08:00:00,8.2872338484,11/13/2018,08:00:00 am,0,4.201,9.2564,0.9691661515999996
7317,2018-11-13 08:10:00,8.287315426,11/13/2018,08:10:00 am,0,4.2,9.2564,0.969084574
7318,2018-11-13 08:20:00,8.288131201999999,11/13/2018,08:20:00 am,0,4.2,9.257,0.9688687980000008
7319,2018-11-13 08:30:00,8.2889571752,11/13/2018,08:30:00 am,0,4.199,9.2579,0.9689428247999992
7320,2018-11-13 08:40:00,8.2897933456,11/13/2018,08:40:00 am,0,4.199,9.2591,0.9693066544000004
7321,2018-11-13 08:50:00,8.290119656,11/13/2018,08:50:00 am,0,4.198,9.2598,0.9696803440000004
7322,2018-11-13 09:00:00,8.2902624168,11/13/2018,09:00:00 am,0,4.197,9.2603,0.9700375832000017
7323,2018-11-13 09:10:00,8.289701570799998,11/13/2018,09:10:00 am,0,4.197,9.2599,0.9701984292000017
7324,2018-11-13 09:20:00,8.2902114308,11/13/2018,09:20:00 am,0,4.196,9.2604,0.9701885692000012
7325,2018-11-13 09:30:00,8.2899972896,11/13/2018,09:30:00 am,0,4.195,9.261,0.9710027103999987
7326,2018-11-13 09:40:00,8.290333797199999,11/13/2018,09:40:00 am,0,4.194,9.2613,0.9709662028000015
7327,2018-11-13 09:50:00,8.2884269208,11/13/2018,09:50:00 am,0,4.194,9.2609,0.9724730792000003
7328,2018-11-13 10:00:00,8.288743034,11/13/2018,10:00:00 am,0,4.193,9.2619,0.9731569660000012
7329,2018-11-13 10:10:00,8.287723313999999,11/13/2018,10:10:00 am,0,4.193,9.2609,0.9731766860000004
7330,2018-11-13 10:20:00,8.287080890399999,11/13/2018,10:20:00 am,0,4.192,9.2607,0.9736191096000013
7331,2018-11-13 10:30:00,8.2865200444,11/13/2018,10:30:00 am,0,4.191,9.2606,0.9740799556000006
7332,2018-11-13 10:40:00,8.2865302416,11/13/2018,10:40:00 am,0,4.191,9.2602,0.9736697583999998
7333,2018-11-13 10:50:00,8.2873766092,11/13/2018,10:50:00 am,0,4.19,9.2611,0.9737233908
7334,2018-11-13 11:00:00,8.2863262976,11/13/2018,11:00:00 am,0,4.19,9.2615,0.9751737023999993
7335,2018-11-13 11:10:00,8.2868361576,11/13/2018,11:10:00 am,0,4.188,9.2617,0.9748638423999996
7336,2018-11-13 11:20:00,8.2868769464,11/13/2018,11:20:00 am,0,4.188,9.263,0.9761230536000003
7337,2018-11-13 11:30:00,8.2858266348,11/13/2018,11:30:00 am,0,4.187,9.2637,0.9778733652000007
7338,2018-11-13 11:40:00,8.2839809416,11/13/2018,11:40:00 am,0,4.187,9.2628,0.9788190584000009
7339,2018-11-13 11:50:00,8.284511195999999,11/13/2018,11:50:00 am,0,4.186,9.2626,0.9780888040000022
7340,2018-11-13 12:00:00,8.2839605472,11/13/2018,12:00:00 pm,0,4.185,9.2624,0.9784394528
7341,2018-11-13 12:10:00,8.281931304399999,11/13/2018,12:10:00 pm,0,4.185,9.2619,0.979968695600002
7342,2018-11-13 12:20:00,8.280891189999998,11/13/2018,12:20:00 pm,0,4.184,9.261,0.9801088100000008
7343,2018-11-13 12:30:00,8.2800958084,11/13/2018,12:30:00 pm,0,4.184,9.2603,0.9802041916000004
7344,2018-11-13 12:40:00,8.2796981176,11/13/2018,12:40:00 pm,0,4.183,9.2597,0.9800018823999999
7345,2018-11-13 12:50:00,8.277913607599999,11/13/2018,12:50:00 pm,0,4.182,9.2582,0.9802863924000018
7346,2018-11-13 13:00:00,8.2775872972,11/13/2018,01:00:00 pm,0,4.182,9.2577,0.9801127027999996
7347,2018-11-13 13:10:00,8.2769754652,11/13/2018,01:10:00 pm,0,4.181,9.2573,0.9803245348000011
7348,2018-11-13 13:20:00,8.2762616612,11/13/2018,01:20:00 pm,0,4.18,9.2567,0.9804383388000009
7349,2018-11-13 13:30:00,8.2752215468,11/13/2018,01:30:00 pm,0,4.18,9.2561,0.9808784532000008
7350,2018-11-13 13:40:00,8.2736817696,11/13/2018,01:40:00 pm,0,4.179,9.2542,0.9805182304000013
7351,2018-11-13 13:50:00,8.2729475712,11/13/2018,01:50:00 pm,0,4.179,9.2538,0.9808524288000005
7352,2018-11-13 14:00:00,8.272417316799999,11/13/2018,02:00:00 pm,0,4.178,9.254,0.981582683200001
7353,2018-11-13 14:10:00,8.2722133728,11/13/2018,02:10:00 pm,0,4.178,9.2533,0.9810866271999998
7354,2018-11-13 14:20:00,8.270795962,11/13/2018,02:20:00 pm,0,4.177,9.2531,0.9823040380000005
7355,2018-11-13 14:30:00,8.2714383856,11/13/2018,02:30:00 pm,0,4.176,9.2531,0.9816616144000001
7356,2018-11-13 14:40:00,8.2710101032,11/13/2018,02:40:00 pm,0,4.175,9.2535,0.9824898968000007
7357,2018-11-13 14:50:00,8.2700515664,11/13/2018,02:50:00 pm,0,4.175,9.2529,0.982848433600001
7358,2018-11-13 15:00:00,8.270897933999999,11/13/2018,03:00:00 pm,0,4.174,9.2535,0.9826020660000019
7359,2018-11-13 15:10:00,8.2709591172,11/13/2018,03:10:00 pm,0,4.174,9.2536,0.9826408828000002
7360,2018-11-13 15:20:00,8.2706124124,11/13/2018,03:20:00 pm,0,4.173,9.2537,0.9830875876
7361,2018-11-13 15:30:00,8.270520637599999,11/13/2018,03:30:00 pm,0,4.172,9.254,0.9834793624000007
7362,2018-11-13 15:40:00,8.2707245816,11/13/2018,03:40:00 pm,0,4.172,9.2536,0.9828754184000008
7363,2018-11-13 15:50:00,8.270673595599998,11/13/2018,03:50:00 pm,0,4.171,9.2539,0.9832264044000016
7364,2018-11-13 16:00:00,8.2703472852,11/13/2018,04:00:00 pm,0,4.17,9.2536,0.9832527148000008
7365,2018-11-13 16:10:00,8.2708775396,11/13/2018,04:10:00 pm,0,4.17,9.2541,0.9832224603999986
7366,2018-11-13 16:20:00,8.2703166936,11/13/2018,04:20:00 pm,0,4.17,9.2539,0.9835833063999999
7367,2018-11-13 16:30:00,8.2702657076,11/13/2018,04:30:00 pm,0,4.169,9.2544,0.9841342924000003
7368,2018-11-13 16:40:00,8.271764695999998,11/13/2018,04:40:00 pm,0,4.168,9.2549,0.983135304000001
7369,2018-11-13 16:50:00,8.271326216399999,11/13/2018,04:50:00 pm,0,4.167,9.2551,0.983773783600002
7370,2018-11-13 17:00:00,8.271234441599999,11/13/2018,05:00:00 pm,0,4.167,9.2553,0.9840655584000011
7371,2018-11-13 17:10:00,8.2714995688,11/13/2018,05:10:00 pm,0,4.166,9.2549,0.9834004311999998
7372,2018-11-13 17:20:00,8.2716219352,11/13/2018,05:20:00 pm,0,4.166,9.2553,0.9836780647999994
7373,2018-11-13 17:30:00,8.2721012036,11/13/2018,05:30:00 pm,0,4.165,9.2555,0.9833987963999995
7374,2018-11-13 17:40:00,8.273059740399999,11/13/2018,05:40:00 pm,0,4.165,9.2556,0.9825402596000004
7375,2018-11-13 17:50:00,8.2725600776,11/13/2018,05:50:00 pm,0,4.164,9.2557,0.9831399223999995
7376,2018-11-13 18:00:00,8.2732330928,11/13/2018,06:00:00 pm,0,4.163,9.2559,0.9826669072000005
7377,2018-11-13 18:10:00,8.273202501199998,11/13/2018,06:10:00 pm,0,4.163,9.2556,0.982397498800001
7378,2018-11-13 18:20:00,8.2733860508,11/13/2018,06:20:00 pm,0,4.162,9.2552,0.9818139492000011
7379,2018-11-13 18:30:00,8.2743547848,11/13/2018,06:30:00 pm,0,4.161,9.2557,0.9813452151999993
7380,2018-11-13 18:40:00,8.2754968712,11/13/2018,06:40:00 pm,0,4.161,9.2568,0.9813031288000005
7381,2018-11-13 18:50:00,8.2761902808,11/13/2018,06:50:00 pm,0,4.16,9.2571,0.9809097191999996
7382,2018-11-13 19:00:00,8.2764656052,11/13/2018,07:00:00 pm,0,4.159,9.2573,0.9808343948000005
7383,2018-11-13 19:10:00,8.276659352,11/13/2018,07:10:00 pm,0,4.159,9.2572,0.9805406479999998
7384,2018-11-13 19:20:00,8.2772405924,11/13/2018,07:20:00 pm,0,4.158,9.2573,0.9800594076000007
7385,2018-11-13 19:30:00,8.2776382832,11/13/2018,07:30:00 pm,0,4.158,9.2579,0.9802617167999994
7386,2018-11-13 19:40:00,8.2780257768,11/13/2018,07:40:00 pm,0,4.157,9.258,0.9799742231999993
7387,2018-11-13 19:50:00,8.278443862,11/13/2018,07:50:00 pm,0,4.156,9.2586,0.9801561379999999
7388,2018-11-13 20:00:00,8.277526113999999,11/13/2018,08:00:00 pm,0,4.155,9.2578,0.9802738860000009
7389,2018-11-13 20:10:00,8.2780971572,11/13/2018,08:10:00 pm,0,4.155,9.2577,0.9796028428000003
7390,2018-11-13 20:20:00,8.2779441992,11/13/2018,08:20:00 pm,0,4.154,9.2577,0.9797558007999996
7391,2018-11-13 20:30:00,8.277730058,11/13/2018,08:30:00 pm,0,4.154,9.257,0.9792699420000002
7392,2018-11-13 20:40:00,8.277842227199999,11/13/2018,08:40:00 pm,0,4.153,9.2572,0.9793577728000002
7393,2018-11-13 20:50:00,8.277923804799999,11/13/2018,08:50:00 pm,0,4.152,9.2575,0.9795761952000017
7394,2018-11-13 21:00:00,8.2776484804,11/13/2018,09:00:00 pm,0,4.152,9.2573,0.9796515196000009
7395,2018-11-13 21:10:00,8.2784336648,11/13/2018,09:10:00 pm,0,4.152,9.2575,0.9790663352000006
7396,2018-11-13 21:20:00,8.2791270744,11/13/2018,09:20:00 pm,0,4.151,9.2578,0.9786729255999997
7397,2018-11-13 21:30:00,8.279667525999999,11/13/2018,09:30:00 pm,0,4.15,9.2585,0.9788324740000007
7398,2018-11-13 21:40:00,8.27987147,11/13/2018,09:40:00 pm,0,4.149,9.2587,0.9788285299999995
7399,2018-11-13 21:50:00,8.2795553568,11/13/2018,09:50:00 pm,0,4.149,9.2589,0.979344643200001
7400,2018-11-13 22:00:00,8.279463582,11/13/2018,10:00:00 pm,0,4.148,9.258,0.9785364179999991
7401,2018-11-13 22:10:00,8.2798306812,11/13/2018,10:10:00 pm,0,4.148,9.2586,0.9787693187999995
7402,2018-11-13 22:20:00,8.2806464572,11/13/2018,10:20:00 pm,0,4.147,9.2593,0.9786535428
7403,2018-11-13 22:30:00,8.2802079776,11/13/2018,10:30:00 pm,0,4.146,9.2592,0.9789920223999999
7404,2018-11-13 22:40:00,8.280381329999999,11/13/2018,10:40:00 pm,0,4.146,9.2593,0.9789186700000005
7405,2018-11-13 22:50:00,8.280799415199999,11/13/2018,10:50:00 pm,0,4.145,9.26,0.9792005848000009
7406,2018-11-13 23:00:00,8.279769498,11/13/2018,11:00:00 pm,0,4.144,9.2594,0.9796305019999991
7407,2018-11-13 23:10:00,8.2795043708,11/13/2018,11:10:00 pm,0,4.144,9.2577,0.9781956292
7408,2018-11-13 23:20:00,8.279014905199999,11/13/2018,11:20:00 pm,0,4.143,9.2569,0.9778850948000013
7409,2018-11-13 23:30:00,8.278494848,11/13/2018,11:30:00 pm,0,4.142,9.2561,0.9776051520000006
7410,2018-11-13 23:40:00,8.278698792,11/13/2018,11:40:00 pm,0,4.142,9.2566,0.9779012080000005
7411,2018-11-13 23:50:00,8.2771590148,11/13/2018,11:50:00 pm,0,4.141,9.256,0.9788409851999997
7412,2018-11-14 00:00:00,8.2773323672,11/14/2018,12:00:00 am,0,4.141,9.2558,0.978467632800001
7413,2018-11-14 00:10:00,8.2777912412,11/14/2018,12:10:00 am,0,4.14,9.2565,0.9787087588000016
7414,2018-11-14 00:20:00,8.2780563684,11/14/2018,12:20:00 am,0,4.139,9.257,0.9789436316
7415,2018-11-14 00:30:00,8.2776382832,11/14/2018,12:30:00 am,0,4.139,9.257,0.9793617167999997
7416,2018-11-14 00:40:00,8.276740929599999,11/14/2018,12:40:00 am,0,4.138,9.256,0.9792590704000013
7417,2018-11-14 00:50:00,8.2765777744,11/14/2018,12:50:00 am,0,4.137,9.2561,0.9795222256000002
7418,2018-11-14 01:00:00,8.2758639704,11/14/2018,01:00:00 am,0,4.136,9.2553,0.9794360296000004
7419,2018-11-14 01:10:00,8.2750278,11/14/2018,01:10:00 am,0,4.136,9.2537,0.9786722000000001
7420,2018-11-14 01:20:00,8.275313321599999,11/14/2018,01:20:00 am,0,4.135,9.2544,0.9790866784000016
7421,2018-11-14 01:30:00,8.274915630799999,11/14/2018,01:30:00 am,0,4.135,9.2537,0.9787843692000013
7422,2018-11-14 01:40:00,8.2745485316,11/14/2018,01:40:00 am,0,4.133,9.2542,0.9796514684000002
7423,2018-11-14 01:50:00,8.2736103892,11/14/2018,01:50:00 am,0,4.133,9.2527,0.9790896108000009
7424,2018-11-14 02:00:00,8.2720910064,11/14/2018,02:00:00 am,0,4.132,9.2518,0.9797089935999992
7425,2018-11-14 02:10:00,8.271978837199999,11/14/2018,02:10:00 am,0,4.132,9.2509,0.9789211628000007
7426,2018-11-14 02:20:00,8.2721827812,11/14/2018,02:20:00 am,0,4.131,9.2512,0.979017218800001
7427,2018-11-14 02:30:00,8.271254835999999,11/14/2018,02:30:00 am,0,4.131,9.2498,0.9785451640000016
7428,2018-11-14 02:40:00,8.2710101032,11/14/2018,02:40:00 am,0,4.13,9.2497,0.9786898968000006
7429,2018-11-14 02:50:00,8.270337088,11/14/2018,02:50:00 am,0,4.129,9.2495,0.9791629119999996
7430,2018-11-14 03:00:00,8.2695111148,11/14/2018,03:00:00 am,0,4.128,9.2488,0.979288885199999
7431,2018-11-14 03:10:00,8.2686341556,11/14/2018,03:10:00 am,0,4.128,9.2474,0.9787658444000016
7432,2018-11-14 03:20:00,8.2681242956,11/14/2018,03:20:00 am,0,4.127,9.247,0.9788757044
7433,2018-11-14 03:30:00,8.2674716748,11/14/2018,03:30:00 am,0,4.127,9.2464,0.9789283252000001
7434,2018-11-14 03:40:00,8.2673900972,11/14/2018,03:40:00 am,0,4.126,9.2462,0.9788099028000001
7435,2018-11-14 03:50:00,8.267634829999999,11/14/2018,03:50:00 am,0,4.125,9.2462,0.9785651700000013
7436,2018-11-14 04:00:00,8.2679509432,11/14/2018,04:00:00 am,0,4.125,9.2467,0.9787490567999999
7437,2018-11-14 04:10:00,8.267787787999998,11/14/2018,04:10:00 am,0,4.124,9.2467,0.9789122120000027
7438,2018-11-14 04:20:00,8.2680835068,11/14/2018,04:20:00 am,0,4.123,9.2467,0.9786164932000005
7439,2018-11-14 04:30:00,8.2675022664,11/14/2018,04:30:00 am,0,4.122,9.2441,0.9765977336000002
7440,2018-11-14 04:40:00,8.2663907716,11/14/2018,04:40:00 am,0,4.122,9.2409,0.9745092284000005
7441,2018-11-14 04:50:00,8.266095052799999,11/14/2018,04:50:00 am,0,4.121,9.2397,0.9736049472000001
7442,2018-11-14 05:00:00,8.2674716748,11/14/2018,05:00:00 am,0,4.12,9.2405,0.9730283252000014
7443,2018-11-14 05:10:00,8.268287450799999,11/14/2018,05:10:00 am,0,4.12,9.2425,0.9742125492000007
7444,2018-11-14 05:20:00,8.268838099599998,11/14/2018,05:20:00 am,0,4.119,9.2422,0.9733619004000023
7445,2018-11-14 05:30:00,8.269144015599998,11/14/2018,05:30:00 am,0,4.119,9.2467,0.9775559844000021
7446,2018-11-14 05:40:00,8.2696130868,11/14/2018,05:40:00 am,0,4.118,9.2478,0.9781869132000001
7447,2018-11-14 05:50:00,8.2703064964,11/14/2018,05:50:00 am,0,4.117,9.2483,0.9779935036000005
7448,2018-11-14 06:00:00,8.2708367508,11/14/2018,06:00:00 am,0,4.117,9.2487,0.9778632492000003
7449,2018-11-14 06:10:00,8.2718564708,11/14/2018,06:10:00 am,0,4.116,9.2498,0.9779435292000009
7450,2018-11-14 06:20:00,8.2715301604,11/14/2018,06:20:00 am,0,4.115,9.2489,0.9773698396000015
7451,2018-11-14 06:30:00,8.271764695999998,11/14/2018,06:30:00 am,0,4.114,9.2492,0.9774353040000019
7452,2018-11-14 06:40:00,8.2714689772,11/14/2018,06:40:00 am,0,4.113,9.249,0.9775310228000009
7453,2018-11-14 06:50:00,8.272764021599999,11/14/2018,06:50:00 am,0,4.113,9.2499,0.9771359784000015
7454,2018-11-14 07:00:00,8.272121598,11/14/2018,07:00:00 am,0,4.112,9.2488,0.9766784019999992
7455,2018-11-14 07:10:00,8.2726518524,11/14/2018,07:10:00 am,0,4.112,9.2495,0.9768481476000002
7456,2018-11-14 07:20:00,8.2718360764,11/14/2018,07:20:00 am,0,4.111,9.2485,0.9766639236000003
7457,2018-11-14 07:30:00,8.2717443016,11/14/2018,07:30:00 am,0,4.11,9.2486,0.9768556983999996
7458,2018-11-14 07:40:00,8.271642329599999,11/14/2018,07:40:00 am,0,4.11,9.2487,0.9770576704000007
7459,2018-11-14 07:50:00,8.2720502176,11/14/2018,07:50:00 am,0,4.109,9.2493,0.9772497823999995
7460,2018-11-14 08:00:00,8.272315344799999,11/14/2018,08:00:00 am,0,4.108,9.2494,0.9770846552000005
7461,2018-11-14 08:10:00,8.271723907199998,11/14/2018,08:10:00 am,0,4.108,9.2491,0.9773760928000019
7462,2018-11-14 08:20:00,8.2721419924,11/14/2018,08:20:00 am,0,4.107,9.2497,0.9775580076000008
7463,2018-11-14 08:30:00,8.272509091599998,11/14/2018,08:30:00 am,0,4.106,9.2496,0.977090908400001
7464,2018-11-14 08:40:00,8.273080134799999,11/14/2018,08:40:00 am,0,4.106,9.2503,0.9772198652000004
7465,2018-11-14 08:50:00,8.273039346,11/14/2018,08:50:00 am,0,4.105,9.2499,0.9768606540000011
7466,2018-11-14 09:00:00,8.2730189516,11/14/2018,09:00:00 am,0,4.104,9.2506,0.9775810484000012
7467,2018-11-14 09:10:00,8.2727946132,11/14/2018,09:10:00 am,0,4.104,9.2509,0.9781053867999994
7468,2018-11-14 09:20:00,8.272376527999999,11/14/2018,09:20:00 am,0,4.103,9.2505,0.9781234720000018
7469,2018-11-14 09:30:00,8.2720604148,11/14/2018,09:30:00 am,0,4.102,9.2504,0.9783395852000005
7470,2018-11-14 09:40:00,8.2717952876,11/14/2018,09:40:00 am,0,4.102,9.2508,0.9790047124000001
7471,2018-11-14 09:50:00,8.2702249188,11/14/2018,09:50:00 am,0,4.101,9.2499,0.9796750811999999
7472,2018-11-14 10:00:00,8.269429537199999,11/14/2018,10:00:00 am,0,4.1,9.2501,0.9806704628000009
7473,2018-11-14 10:10:00,8.2673697028,11/14/2018,10:10:00 am,0,4.1,9.2499,0.9825302972000003
7474,2018-11-14 10:20:00,8.2677164076,11/14/2018,10:20:00 am,0,4.099,9.25,0.9822835924
7475,2018-11-14 10:30:00,8.2684811976,11/14/2018,10:30:00 am,0,4.099,9.2495,0.9810188023999995
7476,2018-11-14 10:40:00,8.2689808604,11/14/2018,10:40:00 am,0,4.098,9.2492,0.9802191396000008
7477,2018-11-14 10:50:00,8.268725930399999,11/14/2018,10:50:00 am,0,4.097,9.2486,0.979874069600001
7478,2018-11-14 11:00:00,8.2676450272,11/14/2018,11:00:00 am,0,4.097,9.2483,0.9806549728
7479,2018-11-14 11:10:00,8.266258207999998,11/14/2018,11:10:00 am,0,4.096,9.2478,0.9815417920000016
7480,2018-11-14 11:20:00,8.2658095312,11/14/2018,11:20:00 am,0,4.095,9.2473,0.9814904687999988
7481,2018-11-14 11:30:00,8.2641371904,11/14/2018,11:30:00 am,0,4.094,9.2472,0.9830628095999998
7482,2018-11-14 11:40:00,8.263209245199999,11/14/2018,11:40:00 am,0,4.094,9.2468,0.9835907548000016
7483,2018-11-14 11:50:00,8.2623424832,11/14/2018,11:50:00 am,0,4.094,9.2456,0.9832575168000002
7484,2018-11-14 12:00:00,8.2623220888,11/14/2018,12:00:00 pm,0,4.093,9.2447,0.9823779112000004
7485,2018-11-14 12:10:00,8.2594158868,11/14/2018,12:10:00 pm,0,4.093,9.2442,0.9847841131999999
7486,2018-11-14 12:20:00,8.2573050664,11/14/2018,12:20:00 pm,0,4.092,9.2429,0.9855949335999998
7487,2018-11-14 12:30:00,8.258467547199999,11/14/2018,12:30:00 pm,0,4.091,9.2416,0.9831324528000014
7488,2018-11-14 12:40:00,8.2573458552,11/14/2018,12:40:00 pm,0,4.09,9.2411,0.9837541447999989
7489,2018-11-14 12:50:00,8.256224163199999,11/14/2018,12:50:00 pm,0,4.09,9.2399,0.9836758368000016
7490,2018-11-14 13:00:00,8.2556327256,11/14/2018,01:00:00 pm,0,4.089,9.2389,0.9832672743999993
7491,2018-11-14 13:10:00,8.254429455999999,11/14/2018,01:10:00 pm,0,4.088,9.2377,0.9832705440000016
7492,2018-11-14 13:20:00,8.252920270399999,11/14/2018,01:20:00 pm,0,4.088,9.2373,0.9843797296000005
7493,2018-11-14 13:30:00,8.2510031968,11/14/2018,01:30:00 pm,0,4.087,9.2362,0.9851968032000009
7494,2018-11-14 13:40:00,8.2508706332,11/14/2018,01:40:00 pm,0,4.086,9.2358,0.9849293667999994
7495,2018-11-14 13:50:00,8.250003871199999,11/14/2018,01:50:00 pm,0,4.086,9.2353,0.9852961288000017
7496,2018-11-14 14:00:00,8.249188095200001,11/14/2018,02:00:00 pm,0,4.085,9.2339,0.9847119047999993
7497,2018-11-14 14:10:00,8.2483315304,11/14/2018,02:10:00 pm,0,4.085,9.2334,0.9850684695999998
7498,2018-11-14 14:20:00,8.248158177999999,11/14/2018,02:20:00 pm,0,4.084,9.2323,0.9841418220000016
7499,2018-11-14 14:30:00,8.247138457999998,11/14/2018,02:30:00 pm,0,4.084,9.2319,0.9847615420000011
7500,2018-11-14 14:40:00,8.2469141196,11/14/2018,02:40:00 pm,0,4.083,9.2323,0.9853858804000009
7501,2018-11-14 14:50:00,8.2461085408,11/14/2018,02:50:00 pm,0,4.082,9.2317,0.9855914592000001
7502,2018-11-14 15:00:00,8.245262173199999,11/14/2018,03:00:00 pm,0,4.081,9.2309,0.9856378268000014
7503,2018-11-14 15:10:00,8.2458434136,11/14/2018,03:10:00 pm,0,4.081,9.2308,0.9849565864000009
7504,2018-11-14 15:20:00,8.2454763144,11/14/2018,03:20:00 pm,0,4.08,9.2309,0.9854236856000007
7505,2018-11-14 15:30:00,8.24545592,11/14/2018,03:30:00 pm,0,4.08,9.2309,0.9854440800000006
7506,2018-11-14 15:40:00,8.245404934,11/14/2018,03:40:00 pm,0,4.079,9.2311,0.9856950659999999
7507,2018-11-14 15:50:00,8.2449868488,11/14/2018,03:50:00 pm,0,4.079,9.2306,0.9856131512000008
7508,2018-11-14 16:00:00,8.2446707356,11/14/2018,04:00:00 pm,0,4.077,9.2311,0.9864292643999999
7509,2018-11-14 16:10:00,8.244222058799998,11/14/2018,04:10:00 pm,0,4.077,9.2302,0.9859779412000016
7510,2018-11-14 16:20:00,8.243793776399999,11/14/2018,04:20:00 pm,0,4.077,9.2296,0.9858062236000009
7511,2018-11-14 16:30:00,8.2435490436,11/14/2018,04:30:00 pm,0,4.076,9.2297,0.9861509563999995
7512,2018-11-14 16:40:00,8.243722395999999,11/14/2018,04:40:00 pm,0,4.075,9.2289,0.9851776040000004
7513,2018-11-14 16:50:00,8.2439977204,11/14/2018,04:50:00 pm,0,4.075,9.2289,0.9849022796
7514,2018-11-14 17:00:00,8.243865156799998,11/14/2018,05:00:00 pm,0,4.074,9.2289,0.9850348432000011
7515,2018-11-14 17:10:00,8.2437631848,11/14/2018,05:10:00 pm,0,4.074,9.2284,0.9846368152
7516,2018-11-14 17:20:00,8.244181269999999,11/14/2018,05:20:00 pm,0,4.073,9.2285,0.9843187300000018
7517,2018-11-14 17:30:00,8.2446299468,11/14/2018,05:30:00 pm,0,4.072,9.2287,0.9840700532
7518,2018-11-14 17:40:00,8.245200989999999,11/14/2018,05:40:00 pm,0,4.072,9.2288,0.9835990100000007
7519,2018-11-14 17:50:00,8.245251976,11/14/2018,05:50:00 pm,0,4.071,9.2289,0.983648023999999
7520,2018-11-14 18:00:00,8.2453743424,11/14/2018,06:00:00 pm,0,4.07,9.2287,0.9833256576
7521,2018-11-14 18:10:00,8.2457822304,11/14/2018,06:10:00 pm,0,4.07,9.2286,0.9828177696000004
7522,2018-11-14 18:20:00,8.246292090399999,11/14/2018,06:20:00 pm,0,4.069,9.2291,0.9828079096000018
7523,2018-11-14 18:30:00,8.246720372799999,11/14/2018,06:30:00 pm,0,4.069,9.2292,0.9824796272000018
7524,2018-11-14 18:40:00,8.2472098384,11/14/2018,06:40:00 pm,0,4.068,9.2293,0.9820901616000004
7525,2018-11-14 18:50:00,8.247372993599999,11/14/2018,06:50:00 pm,0,4.067,9.229,0.9816270064000001
7526,2018-11-14 19:00:00,8.2475871348,11/14/2018,07:00:00 pm,0,4.067,9.2292,0.9816128652000007
7527,2018-11-14 19:10:00,8.247403585199999,11/14/2018,07:10:00 pm,0,4.066,9.229,0.9815964148000003
7528,2018-11-14 19:20:00,8.2479236424,11/14/2018,07:20:00 pm,0,4.065,9.2288,0.9808763575999997
7529,2018-11-14 19:30:00,8.247893050799998,11/14/2018,07:30:00 pm,0,4.065,9.2287,0.9808069492000016
7530,2018-11-14 19:40:00,8.2485762632,11/14/2018,07:40:00 pm,0,4.064,9.2294,0.9808237367999997
7531,2018-11-14 19:50:00,8.2486782352,11/14/2018,07:50:00 pm,0,4.064,9.2292,0.9805217648000006
7532,2018-11-14 20:00:00,8.2488107988,11/14/2018,08:00:00 pm,0,4.064,9.2296,0.9807892012000003
7533,2018-11-14 20:10:00,8.2486986296,11/14/2018,08:10:00 pm,0,4.063,9.2292,0.9805013704000007
7534,2018-11-14 20:20:00,8.2487088268,11/14/2018,08:20:00 pm,0,4.062,9.2295,0.9807911732000001
7535,2018-11-14 20:30:00,8.2491982924,11/14/2018,08:30:00 pm,0,4.061,9.2296,0.9804017076000004
7536,2018-11-14 20:40:00,8.249412433599998,11/14/2018,08:40:00 pm,0,4.06,9.2299,0.9804875664000026
7537,2018-11-14 20:50:00,8.248871981999999,11/14/2018,08:50:00 pm,0,4.06,9.2298,0.9809280180000002
7538,2018-11-14 21:00:00,8.24877001,11/14/2018,09:00:00 pm,0,4.059,9.2295,0.9807299900000004
7539,2018-11-14 21:10:00,8.248943362399999,11/14/2018,09:10:00 pm,0,4.059,9.2293,0.9803566376000017
7540,2018-11-14 21:20:00,8.248668037999998,11/14/2018,09:20:00 pm,0,4.058,9.2286,0.979931962000002
7541,2018-11-14 21:30:00,8.249228884,11/14/2018,09:30:00 pm,0,4.057,9.2288,0.9795711159999989
7542,2018-11-14 21:40:00,8.24877001,11/14/2018,09:40:00 pm,0,4.057,9.2294,0.9806299900000006
7543,2018-11-14 21:50:00,8.2485252772,11/14/2018,09:50:00 pm,0,4.056,9.2298,0.9812747227999985
7544,2018-11-14 22:00:00,8.248871981999999,11/14/2018,10:00:00 pm,0,4.056,9.2296,0.9807280180000006
7545,2018-11-14 22:10:00,8.2486578408,11/14/2018,10:10:00 pm,0,4.055,9.2295,0.9808421591999998
7546,2018-11-14 22:20:00,8.2488006016,11/14/2018,10:20:00 pm,0,4.054,9.2298,0.9809993983999998
7547,2018-11-14 22:30:00,8.249126912,11/14/2018,10:30:00 pm,0,4.053,9.2298,0.9806730879999996
7548,2018-11-14 22:40:00,8.2487802072,11/14/2018,10:40:00 pm,0,4.053,9.2298,0.9810197927999997
7549,2018-11-14 22:50:00,8.2494736168,11/14/2018,10:50:00 pm,0,4.052,9.2301,0.9806263832000006
7550,2018-11-14 23:00:00,8.248464094,11/14/2018,11:00:00 pm,0,4.052,9.2303,0.9818359060000006
7551,2018-11-14 23:10:00,8.2486068548,11/14/2018,11:10:00 pm,0,4.051,9.2304,0.9817931451999993
7552,2018-11-14 23:20:00,8.2480867976,11/14/2018,11:20:00 pm,0,4.05,9.23,0.9819132024000012
7553,2018-11-14 23:30:00,8.247372993599999,11/14/2018,11:30:00 pm,0,4.049,9.2294,0.982027006400001
7554,2018-11-14 23:40:00,8.2471792468,11/14/2018,11:40:00 pm,0,4.049,9.2282,0.9810207531999993
7555,2018-11-14 23:50:00,8.2466897812,11/14/2018,11:50:00 pm,0,4.048,9.2283,0.9816102188000002
7556,2018-11-15 00:00:00,8.2466082036,11/15/2018,12:00:00 am,0,4.048,9.2278,0.981191796400001
7557,2018-11-15 00:10:00,8.2465572176,11/15/2018,12:10:00 am,0,4.047,9.2278,0.9812427824000007
7558,2018-11-15 00:20:00,8.2462411044,11/15/2018,12:20:00 am,0,4.046,9.2275,0.9812588955999999
7559,2018-11-15 00:30:00,8.2454151312,11/15/2018,12:30:00 am,0,4.046,9.2266,0.9811848687999998
7560,2018-11-15 00:40:00,8.245251976,11/15/2018,12:40:00 am,0,4.045,9.2263,0.9810480239999997
7561,2018-11-15 00:50:00,8.2447013272,11/15/2018,12:50:00 am,0,4.044,9.2262,0.9814986728000008
7562,2018-11-15 01:00:00,8.244538171999999,11/15/2018,01:00:00 am,0,4.043,9.2261,0.981561828000002
7563,2018-11-15 01:10:00,8.2444056084,11/15/2018,01:10:00 am,0,4.043,9.2254,0.9809943916000012
7564,2018-11-15 01:20:00,8.2442016644,11/15/2018,01:20:00 am,0,4.042,9.2256,0.9813983355999998
7565,2018-11-15 01:30:00,8.243467466,11/15/2018,01:30:00 am,0,4.041,9.2249,0.9814325339999996
7566,2018-11-15 01:40:00,8.242978000399999,11/15/2018,01:40:00 am,0,4.041,9.224,0.9810219996000011
7567,2018-11-15 01:50:00,8.2428250424,11/15/2018,01:50:00 am,0,4.04,9.2241,0.9812749576000002
7568,2018-11-15 02:00:00,8.2428964228,11/15/2018,02:00:00 am,0,4.04,9.2238,0.9809035772000012
7569,2018-11-15 02:10:00,8.2418053224,11/15/2018,02:10:00 am,0,4.039,9.2223,0.9804946776000012
7570,2018-11-15 02:20:00,8.2425191264,11/15/2018,02:20:00 am,0,4.038,9.223,0.9804808736000012
7571,2018-11-15 02:30:00,8.2421724216,11/15/2018,02:30:00 am,0,4.038,9.2232,0.9810275784000009
7572,2018-11-15 02:40:00,8.2421520272,11/15/2018,02:40:00 am,0,4.037,9.2228,0.9806479727999999
7573,2018-11-15 02:50:00,8.2425905068,11/15/2018,02:50:00 am,0,4.036,9.2227,0.9801094932000005
7574,2018-11-15 03:00:00,8.2417747308,11/15/2018,03:00:00 am,0,4.036,9.2225,0.9807252692000006
7575,2018-11-15 03:10:00,8.2413056596,11/15/2018,03:10:00 am,0,4.035,9.222,0.9806943403999995
7576,2018-11-15 03:20:00,8.240663236,11/15/2018,03:20:00 am,0,4.034,9.2209,0.9802367640000007
7577,2018-11-15 03:30:00,8.239419177599999,11/15/2018,03:30:00 am,0,4.034,9.2196,0.9801808224000013
7578,2018-11-15 03:40:00,8.238368865999998,11/15/2018,03:40:00 am,0,4.033,9.2189,0.9805311340000014
7579,2018-11-15 03:50:00,8.2377978228,11/15/2018,03:50:00 am,0,4.033,9.2176,0.9798021771999998
7580,2018-11-15 04:00:00,8.2374205264,11/15/2018,04:00:00 am,0,4.032,9.2173,0.9798794736000005
7581,2018-11-15 04:10:00,8.236033707199999,11/15/2018,04:10:00 am,0,4.031,9.2163,0.9802662928000014
7582,2018-11-15 04:20:00,8.235319903199999,11/15/2018,04:20:00 am,0,4.031,9.2156,0.9802800968000014
7583,2018-11-15 04:30:00,8.235268917199999,11/15/2018,04:30:00 am,0,4.03,9.215,0.9797310828000008
7584,2018-11-15 04:40:00,8.235309705999999,11/15/2018,04:40:00 am,0,4.029,9.2152,0.9798902940000005
7585,2018-11-15 04:50:00,8.2344327468,11/15/2018,04:50:00 am,0,4.029,9.2144,0.9799672531999999
7586,2018-11-15 05:00:00,8.2336577596,11/15/2018,05:00:00 am,0,4.028,9.2138,0.9801422404000011
7587,2018-11-15 05:10:00,8.2340452532,11/15/2018,05:10:00 am,0,4.027,9.2136,0.9795547467999999
7588,2018-11-15 05:20:00,8.233464012799999,11/15/2018,05:20:00 am,0,4.026,9.213,0.9795359872000002
7589,2018-11-15 05:30:00,8.2325666592,11/15/2018,05:30:00 am,0,4.026,9.2125,0.9799333408000006
7590,2018-11-15 05:40:00,8.2321587712,11/15/2018,05:40:00 am,0,4.025,9.2124,0.9802412288000006
7591,2018-11-15 05:50:00,8.2319854188,11/15/2018,05:50:00 am,0,4.025,9.2118,0.9798145811999994
7592,2018-11-15 06:00:00,8.2320669964,11/15/2018,06:00:00 am,0,4.024,9.2113,0.9792330035999992
7593,2018-11-15 06:10:00,8.232250546,11/15/2018,06:10:00 am,0,4.024,9.2117,0.9794494540000009
7594,2018-11-15 06:20:00,8.231383783999998,11/15/2018,06:20:00 am,0,4.023,9.2109,0.9795162160000022
7595,2018-11-15 06:30:00,8.231026882,11/15/2018,06:30:00 am,0,4.022,9.2106,0.9795731179999994
7596,2018-11-15 06:40:00,8.2302009088,11/15/2018,06:40:00 am,0,4.022,9.2102,0.9799990911999998
7597,2018-11-15 06:50:00,8.230109134,11/15/2018,06:50:00 am,0,4.021,9.2101,0.9799908660000014
7598,2018-11-15 07:00:00,8.229854203999999,11/15/2018,07:00:00 am,0,4.02,9.2096,0.9797457960000013
7599,2018-11-15 07:10:00,8.2301499228,11/15/2018,07:10:00 am,0,4.019,9.2095,0.9793500771999994
7600,2018-11-15 07:20:00,8.229436118799999,11/15/2018,07:20:00 am,0,4.019,9.2092,0.9797638812000002
7601,2018-11-15 07:30:00,8.2296196684,11/15/2018,07:30:00 am,0,4.018,9.2088,0.9791803316000003
7602,2018-11-15 07:40:00,8.2297318376,11/15/2018,07:40:00 am,0,4.018,9.2088,0.9790681624000008
7603,2018-11-15 07:50:00,8.230771952,11/15/2018,07:50:00 am,0,4.017,9.2098,0.979028048
7604,2018-11-15 08:00:00,8.231312403599999,11/15/2018,08:00:00 am,0,4.016,9.2101,0.9787875964000019
7605,2018-11-15 08:10:00,8.2309860932,11/15/2018,08:10:00 am,0,4.015,9.2103,0.9793139067999999
7606,2018-11-15 08:20:00,8.2311594456,11/15/2018,08:20:00 am,0,4.015,9.2104,0.9792405544000005
7607,2018-11-15 08:30:00,8.230466036,11/15/2018,08:30:00 am,0,4.015,9.2105,0.9800339640000004
7608,2018-11-15 08:40:00,8.230506824799999,11/15/2018,08:40:00 am,0,4.013,9.2104,0.9798931752000009
7609,2018-11-15 08:50:00,8.2305782052,11/15/2018,08:50:00 am,0,4.013,9.2103,0.9797217947999997
7610,2018-11-15 09:00:00,8.2299357816,11/15/2018,09:00:00 am,0,4.012,9.2105,0.9805642183999996
7611,2018-11-15 09:10:00,8.2296706544,11/15/2018,09:10:00 am,0,4.012,9.2107,0.9810293455999997
7612,2018-11-15 09:20:00,8.229344344,11/15/2018,09:20:00 am,0,4.011,9.2099,0.9805556559999999
7613,2018-11-15 09:30:00,8.2295788796,11/15/2018,09:30:00 am,0,4.011,9.2106,0.9810211203999994
7614,2018-11-15 09:40:00,8.229701246,11/15/2018,09:40:00 am,0,4.01,9.2101,0.9803987540000012
7615,2018-11-15 09:50:00,8.229069019599999,11/15/2018,09:50:00 am,0,4.009,9.209,0.9799309804000007
7616,2018-11-15 10:00:00,8.228345018399999,11/15/2018,10:00:00 am,0,4.009,9.2091,0.9807549816000005
7617,2018-11-15 10:10:00,8.224755603999998,11/15/2018,10:10:00 am,0,4.008,9.2086,0.9838443960000021
7618,2018-11-15 10:20:00,8.22455166,11/15/2018,10:20:00 am,0,4.007,9.2075,0.9829483400000001
7619,2018-11-15 10:30:00,8.225061519999999,11/15/2018,10:30:00 am,0,4.006,9.2071,0.9820384800000017
7620,2018-11-15 10:40:00,8.2251532948,11/15/2018,10:40:00 am,0,4.006,9.2067,0.9815467051999995
7621,2018-11-15 10:50:00,8.2237766728,11/15/2018,10:50:00 am,0,4.005,9.2056,0.9818233272000008
7622,2018-11-15 11:00:00,8.2236033204,11/15/2018,11:00:00 am,0,4.005,9.2052,0.9815966795999991
7623,2018-11-15 11:10:00,8.222226698399998,11/15/2018,11:10:00 am,0,4.004,9.2055,0.9832733016000024
7624,2018-11-15 11:20:00,8.221757627199999,11/15/2018,11:20:00 am,0,4.004,9.2048,0.9830423728000017
7625,2018-11-15 11:30:00,8.22021785,11/15/2018,11:30:00 am,0,4.003,9.2042,0.983982150000001
7626,2018-11-15 11:40:00,8.217974466,11/15/2018,11:40:00 am,0,4.002,9.2035,0.9855255340000006
7627,2018-11-15 11:50:00,8.2180968324,11/15/2018,11:50:00 am,0,4.002,9.2026,0.9845031675999998
7628,2018-11-15 12:00:00,8.216546858,11/15/2018,12:00:00 pm,0,4.001,9.2021,0.9855531420000005
7629,2018-11-15 12:10:00,8.213742628,11/15/2018,12:10:00 pm,0,4.0,9.2008,0.9870573719999989
7630,2018-11-15 12:20:00,8.212162061999999,11/15/2018,12:20:00 pm,0,4.0,9.1991,0.9869379380000005
7631,2018-11-15 12:30:00,8.213385726,11/15/2018,12:30:00 pm,0,3.999,9.1955,0.9821142739999988
7632,2018-11-15 12:40:00,8.2114686524,11/15/2018,12:40:00 pm,0,3.999,9.194,0.9825313476000002
7633,2018-11-15 12:50:00,8.210346960399999,11/15/2018,12:50:00 pm,0,3.998,9.1932,0.9828530396000001
7634,2018-11-15 13:00:00,8.2094394096,11/15/2018,01:00:00 pm,0,3.997,9.1929,0.9834605904
7635,2018-11-15 13:10:00,8.2079506184,11/15/2018,01:10:00 pm,0,3.997,9.1915,0.9835493815999996
7636,2018-11-15 13:20:00,8.206339460799999,11/15/2018,01:20:00 pm,0,3.996,9.1899,0.9835605392000009
7637,2018-11-15 13:30:00,8.2044019928,11/15/2018,01:30:00 pm,0,3.996,9.1883,0.9838980072000005
7638,2018-11-15 13:40:00,8.2036474,11/15/2018,01:40:00 pm,0,3.995,9.1873,0.983652600000001
7639,2018-11-15 13:50:00,8.2022605808,11/15/2018,01:50:00 pm,0,3.994,9.1862,0.9839394191999986
7640,2018-11-15 14:00:00,8.201302044,11/15/2018,02:00:00 pm,0,3.994,9.1858,0.9844979560000002
7641,2018-11-15 14:10:00,8.2010063252,11/15/2018,02:10:00 pm,0,3.993,9.1852,0.9841936748000002
7642,2018-11-15 14:20:00,8.2004658736,11/15/2018,02:20:00 pm,0,3.993,9.1845,0.9840341263999992
7643,2018-11-15 14:30:00,8.200170154799999,11/15/2018,02:30:00 pm,0,3.992,9.1848,0.9846298452000006
7644,2018-11-15 14:40:00,8.1997316752,11/15/2018,02:40:00 pm,0,3.991,9.1844,0.9846683247999994
7645,2018-11-15 14:50:00,8.1989872796,11/15/2018,02:50:00 pm,0,3.991,9.1839,0.9849127203999988
7646,2018-11-15 15:00:00,8.1977432212,11/15/2018,03:00:00 pm,0,3.99,9.1835,0.9857567788000008
7647,2018-11-15 15:10:00,8.1980083484,11/15/2018,03:10:00 pm,0,3.989,9.1831,0.9850916515999995
7648,2018-11-15 15:20:00,8.1972843472,11/15/2018,03:20:00 pm,0,3.989,9.1826,0.9853156528000007
7649,2018-11-15 15:30:00,8.1969376424,11/15/2018,03:30:00 pm,0,3.988,9.1821,0.9851623576000001
7650,2018-11-15 15:40:00,8.196091274799999,11/15/2018,03:40:00 pm,0,3.987,9.1815,0.985408725200001
7651,2018-11-15 15:50:00,8.195673189599999,11/15/2018,03:50:00 pm,0,3.987,9.1812,0.9855268104000015
7652,2018-11-15 16:00:00,8.195764964399999,11/15/2018,04:00:00 pm,0,3.987,9.1806,0.9848350356000015
7653,2018-11-15 16:10:00,8.1959077252,11/15/2018,04:10:00 pm,0,3.986,9.1815,0.9855922748000001
7654,2018-11-15 16:20:00,8.196815275999999,11/15/2018,04:20:00 pm,0,3.985,9.1818,0.984984724000002
7655,2018-11-15 16:30:00,8.1976208548,11/15/2018,04:30:00 pm,0,3.984,9.1823,0.9846791451999994
7656,2018-11-15 16:40:00,8.1980491372,11/15/2018,04:40:00 pm,0,3.984,9.1825,0.9844508627999993
7657,2018-11-15 16:50:00,8.1987119552,11/15/2018,04:50:00 pm,0,3.983,9.1831,0.9843880447999993
7658,2018-11-15 17:00:00,8.199211618,11/15/2018,05:00:00 pm,0,3.983,9.1837,0.9844883820000003
7659,2018-11-15 17:10:00,8.199038265599999,11/15/2018,05:10:00 pm,0,3.982,9.1836,0.9845617344000015
7660,2018-11-15 17:20:00,8.1995073368,11/15/2018,05:20:00 pm,0,3.982,9.1836,0.9840926632000002
7661,2018-11-15 17:30:00,8.2003435072,11/15/2018,05:30:00 pm,0,3.981,9.185,0.984656492800001
7662,2018-11-15 17:40:00,8.2011694804,11/15/2018,05:40:00 pm,0,3.98,9.1852,0.9840305195999992
7663,2018-11-15 17:50:00,8.201261255199999,11/15/2018,05:50:00 pm,0,3.98,9.1858,0.9845387448000018
7664,2018-11-15 18:00:00,8.2016487488,11/15/2018,06:00:00 pm,0,3.979,9.1855,0.983851251199999
7665,2018-11-15 18:10:00,8.2022503836,11/15/2018,06:10:00 pm,0,3.979,9.186,0.9837496164000008
7666,2018-11-15 18:20:00,8.2028928072,11/15/2018,06:20:00 pm,0,3.977,9.1866,0.9837071928000007
7667,2018-11-15 18:30:00,8.2039125272,11/15/2018,06:30:00 pm,0,3.977,9.187,0.9830874727999994
7668,2018-11-15 18:40:00,8.2046467256,11/15/2018,06:40:00 pm,0,3.977,9.1875,0.9828532744
7669,2018-11-15 18:50:00,8.2050342192,11/15/2018,06:50:00 pm,0,3.976,9.1881,0.9830657808000005
7670,2018-11-15 19:00:00,8.2053605296,11/15/2018,07:00:00 pm,0,3.976,9.1878,0.9824394703999992
7671,2018-11-15 19:10:00,8.2055134876,11/15/2018,07:10:00 pm,0,3.975,9.188,0.9824865124000013
7672,2018-11-15 19:20:00,8.2050954024,11/15/2018,07:20:00 pm,0,3.974,9.1872,0.9821045976000011
7673,2018-11-15 19:30:00,8.2051157968,11/15/2018,07:30:00 pm,0,3.973,9.1873,0.982184203200001
7674,2018-11-15 19:40:00,8.205217768799999,11/15/2018,07:40:00 pm,0,3.973,9.1877,0.9824822312000006
7675,2018-11-15 19:50:00,8.205646051199999,11/15/2018,07:50:00 pm,0,3.973,9.1874,0.9817539488000016
7676,2018-11-15 20:00:00,8.2054726988,11/15/2018,08:00:00 pm,0,3.972,9.1874,0.9819273012000007
7677,2018-11-15 20:10:00,8.205625656799999,11/15/2018,08:10:00 pm,0,3.972,9.1871,0.9814743432000004
7678,2018-11-15 20:20:00,8.2059111784,11/15/2018,08:20:00 pm,0,3.971,9.1871,0.9811888216
7679,2018-11-15 20:30:00,8.205595065199999,11/15/2018,08:30:00 pm,0,3.97,9.1874,0.9818049348000013
7680,2018-11-15 20:40:00,8.204871064,11/15/2018,08:40:00 pm,0,3.97,9.1867,0.9818289359999994
7681,2018-11-15 20:50:00,8.2051565856,11/15/2018,08:50:00 pm,0,3.969,9.1864,0.9812434144000015
7682,2018-11-15 21:00:00,8.2051565856,11/15/2018,09:00:00 pm,0,3.968,9.1863,0.9811434144
7683,2018-11-15 21:10:00,8.206094728,11/15/2018,09:10:00 pm,0,3.968,9.1868,0.9807052719999998
7684,2018-11-15 21:20:00,8.206145714,11/15/2018,09:20:00 pm,0,3.967,9.1874,0.9812542860000004
7685,2018-11-15 21:30:00,8.2062884748,11/15/2018,09:30:00 pm,0,3.966,9.1873,0.9810115252000013
7686,2018-11-15 21:40:00,8.2060029532,11/15/2018,09:40:00 pm,0,3.966,9.1874,0.9813970467999997
7687,2018-11-15 21:50:00,8.2057072344,11/15/2018,09:50:00 pm,0,3.965,9.1872,0.9814927656000005
7688,2018-11-15 22:00:00,8.2054625016,11/15/2018,10:00:00 pm,0,3.965,9.1872,0.9817374984000011
7689,2018-11-15 22:10:00,8.2055440792,11/15/2018,10:10:00 pm,0,3.964,9.1866,0.9810559208000011
7690,2018-11-15 22:20:00,8.205788812,11/15/2018,10:20:00 pm,0,3.963,9.1868,0.9810111880000001
7691,2018-11-15 22:30:00,8.2058499952,11/15/2018,10:30:00 pm,0,3.962,9.1868,0.9809500048000004
7692,2018-11-15 22:40:00,8.2058805868,11/15/2018,10:40:00 pm,0,3.962,9.1868,0.9809194132000005
7693,2018-11-15 22:50:00,8.205625656799999,11/15/2018,10:50:00 pm,0,3.961,9.1864,0.980774343200002
7694,2018-11-15 23:00:00,8.205564473599999,11/15/2018,11:00:00 pm,0,3.961,9.1864,0.9808355264000017
7695,2018-11-15 23:10:00,8.20517698,11/15/2018,11:10:00 pm,0,3.96,9.1859,0.980723020000001
7696,2018-11-15 23:20:00,8.204503964799999,11/15/2018,11:20:00 pm,0,3.959,9.1856,0.981096035200002
7697,2018-11-15 23:30:00,8.2046059368,11/15/2018,11:30:00 pm,0,3.959,9.1853,0.9806940631999996
7698,2018-11-15 23:40:00,8.2040858796,11/15/2018,11:40:00 pm,0,3.958,9.1846,0.9805141204000005
7699,2018-11-15 23:50:00,8.2042490348,11/15/2018,11:50:00 pm,0,3.958,9.1847,0.9804509651999993
7700,2018-11-16 00:00:00,8.203463850399999,11/16/2018,12:00:00 am,0,3.957,9.1838,0.9803361496000011
7701,2018-11-16 00:10:00,8.202658271599999,11/16/2018,12:10:00 am,0,3.956,9.183,0.9803417284000009
7702,2018-11-16 00:20:00,8.2025868912,11/16/2018,12:20:00 am,0,3.956,9.1828,0.980213108800001
7703,2018-11-16 00:30:00,8.2020974256,11/16/2018,12:30:00 am,0,3.955,9.1825,0.9804025743999993
7704,2018-11-16 00:40:00,8.20160796,11/16/2018,12:40:00 am,0,3.955,9.1817,0.9800920399999988
7705,2018-11-16 00:50:00,8.200832972799999,11/16/2018,12:50:00 am,0,3.954,9.1811,0.9802670272000018
7706,2018-11-16 01:00:00,8.2018322984,11/16/2018,01:00:00 am,0,3.953,9.181,0.9791677015999998
7707,2018-11-16 01:10:00,8.2020362424,11/16/2018,01:10:00 am,0,3.953,9.182,0.9799637576000002
7708,2018-11-16 01:20:00,8.202291172399999,11/16/2018,01:20:00 am,0,3.952,9.1821,0.9798088276000012
7709,2018-11-16 01:30:00,8.202270777999999,11/16/2018,01:30:00 am,0,3.951,9.1822,0.9799292220000009
7710,2018-11-16 01:40:00,8.201903678799999,11/16/2018,01:40:00 am,0,3.951,9.1818,0.9798963212000018
7711,2018-11-16 01:50:00,8.2010879028,11/16/2018,01:50:00 am,0,3.95,9.1813,0.9802120972000008
7712,2018-11-16 02:00:00,8.2003639016,11/16/2018,02:00:00 am,0,3.949,9.1802,0.9798360983999999
7713,2018-11-16 02:10:00,8.2005474512,11/16/2018,02:10:00 am,0,3.948,9.1804,0.9798525488000003
7714,2018-11-16 02:20:00,8.2001599576,11/16/2018,02:20:00 am,0,3.948,9.1798,0.9796400423999998
7715,2018-11-16 02:30:00,8.1995889144,11/16/2018,02:30:00 am,0,3.948,9.1791,0.9795110856000004
7716,2018-11-16 02:40:00,8.1986711664,11/16/2018,02:40:00 am,0,3.947,9.178,0.9793288336000003
7717,2018-11-16 02:50:00,8.198344855999999,11/16/2018,02:50:00 am,0,3.946,9.1773,0.9789551440000022
7718,2018-11-16 03:00:00,8.1979267708,11/16/2018,03:00:00 am,0,3.945,9.1768,0.9788732291999995
7719,2018-11-16 03:10:00,8.1981001232,11/16/2018,03:10:00 am,0,3.945,9.1762,0.9780998768
7720,2018-11-16 03:20:00,8.197121192,11/16/2018,03:20:00 am,0,3.944,9.1752,0.9780788080000011
7721,2018-11-16 03:30:00,8.1967438956,11/16/2018,03:30:00 am,0,3.943,9.1754,0.9786561044000006
7722,2018-11-16 03:40:00,8.196244232799998,11/16/2018,03:40:00 am,0,3.943,9.1749,0.9786557672000011
7723,2018-11-16 03:50:00,8.1961830496,11/16/2018,03:50:00 am,0,3.942,9.1747,0.9785169503999995
7724,2018-11-16 04:00:00,8.195295893199999,11/16/2018,04:00:00 am,0,3.942,9.1737,0.9784041068000011
7725,2018-11-16 04:10:00,8.1952245128,11/16/2018,04:10:00 am,0,3.941,9.1735,0.9782754872000012
7726,2018-11-16 04:20:00,8.194673863999999,11/16/2018,04:20:00 am,0,3.94,9.1723,0.9776261360000014
7727,2018-11-16 04:30:00,8.1946942584,11/16/2018,04:30:00 am,0,3.94,9.1722,0.9775057415999999
7728,2018-11-16 04:40:00,8.194235384399999,11/16/2018,04:40:00 am,0,3.939,9.1719,0.977664615600002
7729,2018-11-16 04:50:00,8.193541974799999,11/16/2018,04:50:00 am,0,3.939,9.171,0.9774580252000007
7730,2018-11-16 05:00:00,8.193154481199999,11/16/2018,05:00:00 am,0,3.938,9.1698,0.9766455188000016
7731,2018-11-16 05:10:00,8.1925936352,11/16/2018,05:10:00 am,0,3.937,9.1699,0.9773063648000004
7732,2018-11-16 05:20:00,8.192491663199998,11/16/2018,05:20:00 am,0,3.937,9.1697,0.9772083368000022
7733,2018-11-16 05:30:00,8.1923489024,11/16/2018,05:30:00 am,0,3.936,9.1695,0.9771510976000002
7734,2018-11-16 05:40:00,8.1919104228,11/16/2018,05:40:00 am,0,3.935,9.1688,0.9768895771999997
7735,2018-11-16 05:50:00,8.192756790399999,11/16/2018,05:50:00 am,0,3.935,9.1693,0.9765432096000008
7736,2018-11-16 06:00:00,8.1923489024,11/16/2018,06:00:00 am,0,3.934,9.1694,0.9770510976000004
7737,2018-11-16 06:10:00,8.192277522,11/16/2018,06:10:00 am,0,3.933,9.1692,0.9769224780000005
7738,2018-11-16 06:20:00,8.192369296799999,11/16/2018,06:20:00 am,0,3.933,9.1691,0.9767307032000012
7739,2018-11-16 06:30:00,8.1922469304,11/16/2018,06:30:00 am,0,3.932,9.1686,0.9763530696
7740,2018-11-16 06:40:00,8.191635098399999,11/16/2018,06:40:00 am,0,3.931,9.1685,0.9768649016000008
7741,2018-11-16 06:50:00,8.1915841124,11/16/2018,06:50:00 am,0,3.931,9.168,0.9764158876
7742,2018-11-16 07:00:00,8.1911864216,11/16/2018,07:00:00 am,0,3.93,9.1674,0.9762135784000012
7743,2018-11-16 07:10:00,8.190962083199999,11/16/2018,07:10:00 am,0,3.929,9.167,0.9760379168000011
7744,2018-11-16 07:20:00,8.1908091252,11/16/2018,07:20:00 am,0,3.929,9.1668,0.9759908748000008
7745,2018-11-16 07:30:00,8.190951886,11/16/2018,07:30:00 am,0,3.928,9.1668,0.9758481139999997
7746,2018-11-16 07:40:00,8.1918288452,11/16/2018,07:40:00 am,0,3.927,9.1673,0.9754711547999992
7747,2018-11-16 07:50:00,8.191624901199999,11/16/2018,07:50:00 am,0,3.927,9.1671,0.9754750988000005
7748,2018-11-16 08:00:00,8.1911966188,11/16/2018,08:00:00 am,0,3.926,9.167,0.9758033812000004
7749,2018-11-16 08:10:00,8.1919002256,11/16/2018,08:10:00 am,0,3.926,9.1671,0.9751997744
7750,2018-11-16 08:20:00,8.1921959444,11/16/2018,08:20:00 am,0,3.925,9.1679,0.9757040555999996
7751,2018-11-16 08:30:00,8.192797579199999,11/16/2018,08:30:00 am,0,3.925,9.1683,0.9755024208000016
7752,2018-11-16 08:40:00,8.1930525092,11/16/2018,08:40:00 am,0,3.924,9.1685,0.9754474908000006
7753,2018-11-16 08:50:00,8.192461071599999,11/16/2018,08:50:00 am,0,3.923,9.1682,0.975738928400002
7754,2018-11-16 09:00:00,8.19294034,11/16/2018,09:00:00 am,0,3.923,9.1683,0.9753596600000005
7755,2018-11-16 09:10:00,8.192848565199998,11/16/2018,09:10:00 am,0,3.922,9.1681,0.9752514348000023
7756,2018-11-16 09:20:00,8.1923489024,11/16/2018,09:20:00 am,0,3.921,9.1678,0.9754510976000006
7757,2018-11-16 09:30:00,8.1920837752,11/16/2018,09:30:00 am,0,3.92,9.1674,0.9753162248000002
7758,2018-11-16 09:40:00,8.1918492396,11/16/2018,09:40:00 am,0,3.92,9.1676,0.9757507604000004
7759,2018-11-16 09:50:00,8.190340054,11/16/2018,09:50:00 am,0,3.919,9.1673,0.9769599459999991
7760,2018-11-16 10:00:00,8.189432503199999,11/16/2018,10:00:00 am,0,3.919,9.167,0.9775674968000008
7761,2018-11-16 10:10:00,8.187953909199999,11/16/2018,10:10:00 am,0,3.918,9.1666,0.9786460908000016
7762,2018-11-16 10:20:00,8.1875052324,11/16/2018,10:20:00 am,0,3.918,9.1657,0.9781947675999998
7763,2018-11-16 10:30:00,8.1878111484,11/16/2018,10:30:00 am,0,3.917,9.1654,0.9775888516000002
7764,2018-11-16 10:40:00,8.187597007199999,11/16/2018,10:40:00 am,0,3.916,9.165,0.9774029928000001
7765,2018-11-16 10:50:00,8.1876683876,11/16/2018,10:50:00 am,0,3.916,9.1645,0.9768316123999998
7766,2018-11-16 11:00:00,8.1867812312,11/16/2018,11:00:00 am,0,3.915,9.1645,0.9777187688000009
7767,2018-11-16 11:10:00,8.1867404424,11/16/2018,11:10:00 am,0,3.915,9.1647,0.9779595576000002
7768,2018-11-16 11:20:00,8.185781905599999,11/16/2018,11:20:00 am,0,3.914,9.1645,0.9787180944000013
7769,2018-11-16 11:30:00,8.184802974399998,11/16/2018,11:30:00 am,0,3.913,9.1643,0.9794970256000024
7770,2018-11-16 11:40:00,8.1834161552,11/16/2018,11:40:00 am,0,3.913,9.1638,0.9803838448000004
7771,2018-11-16 11:50:00,8.1837934516,11/16/2018,11:50:00 am,0,3.912,9.1634,0.9796065483999996
7772,2018-11-16 12:00:00,8.1829164924,11/16/2018,12:00:00 pm,0,3.911,9.1629,0.9799835076000001
7773,2018-11-16 12:10:00,8.179153725599999,11/16/2018,12:10:00 pm,0,3.911,9.1617,0.9825462744000006
7774,2018-11-16 12:20:00,8.1785826824,11/16/2018,12:20:00 pm,0,3.91,9.16,0.9814173176000001
7775,2018-11-16 12:30:00,8.1792964864,11/16/2018,12:30:00 pm,0,3.91,9.1585,0.9792035135999999
7776,2018-11-16 12:40:00,8.1775833568,11/16/2018,12:40:00 pm,0,3.909,9.1573,0.9797166431999997
7777,2018-11-16 12:50:00,8.177032707999999,11/16/2018,12:50:00 pm,0,3.908,9.1562,0.9791672920000014
7778,2018-11-16 13:00:00,8.176063974,11/16/2018,01:00:00 pm,0,3.908,9.1546,0.9785360260000004
7779,2018-11-16 13:10:00,8.1746057744,11/16/2018,01:10:00 pm,0,3.907,9.1532,0.9785942256000002
7780,2018-11-16 13:20:00,8.1735860544,11/16/2018,01:20:00 pm,0,3.907,9.1523,0.9787139456000009
7781,2018-11-16 13:30:00,8.1730456028,11/16/2018,01:30:00 pm,0,3.906,9.152,0.978954397199999
7782,2018-11-16 13:40:00,8.1721176576,11/16/2018,01:40:00 pm,0,3.906,9.1506,0.9784823424000013
7783,2018-11-16 13:50:00,8.1713834592,11/16/2018,01:50:00 pm,0,3.905,9.1496,0.9782165408000001
7784,2018-11-16 14:00:00,8.170863402,11/16/2018,02:00:00 pm,0,3.904,9.15,0.9791365980000002
7785,2018-11-16 14:10:00,8.1701699924,11/16/2018,02:10:00 pm,0,3.904,9.149,0.9788300075999992
7786,2018-11-16 14:20:00,8.170047626,11/16/2018,02:20:00 pm,0,3.903,9.1485,0.9784523739999997
7787,2018-11-16 14:30:00,8.1695683576,11/16/2018,02:30:00 pm,0,3.902,9.1489,0.9793316424
7788,2018-11-16 14:40:00,8.1693032304,11/16/2018,02:40:00 pm,0,3.902,9.1488,0.979496769599999
7789,2018-11-16 14:50:00,8.1691400752,11/16/2018,02:50:00 pm,0,3.901,9.1488,0.9796599248
7790,2018-11-16 15:00:00,8.1688035676,11/16/2018,03:00:00 pm,0,3.901,9.1483,0.9794964324000013
7791,2018-11-16 15:10:00,8.169027906,11/16/2018,03:10:00 pm,0,3.9,9.1487,0.9796720939999997
7792,2018-11-16 15:20:00,8.1691502724,11/16/2018,03:20:00 pm,0,3.899,9.1489,0.9797497275999998
7793,2018-11-16 15:30:00,8.168548637599999,11/16/2018,03:30:00 pm,0,3.899,9.1483,0.9797513624000018
7794,2018-11-16 15:40:00,8.1687831732,11/16/2018,03:40:00 pm,0,3.898,9.1481,0.9793168267999999
7795,2018-11-16 15:50:00,8.1682835104,11/16/2018,03:50:00 pm,0,3.898,9.1477,0.9794164896000002
7796,2018-11-16 16:00:00,8.1673759596,11/16/2018,04:00:00 pm,0,3.897,9.1478,0.9804240404000009
7797,2018-11-16 16:10:00,8.1678960168,11/16/2018,04:10:00 pm,0,3.897,9.1482,0.9803039831999989
7798,2018-11-16 16:20:00,8.168365088,11/16/2018,04:20:00 pm,0,3.896,9.1482,0.9798349119999994
7799,2018-11-16 16:30:00,8.1690686948,11/16/2018,04:30:00 pm,0,3.895,9.1485,0.9794313052000003
7800,2018-11-16 16:40:00,8.169639737999999,11/16/2018,04:40:00 pm,0,3.895,9.1487,0.9790602620000008
7801,2018-11-16 16:50:00,8.169986442799999,11/16/2018,04:50:00 pm,0,3.894,9.149,0.9790135572
7802,2018-11-16 17:00:00,8.170149598,11/16/2018,05:00:00 pm,0,3.893,9.1493,0.9791504020000001
7803,2018-11-16 17:10:00,8.171169318,11/16/2018,05:10:00 pm,0,3.893,9.1501,0.9789306819999997
7804,2018-11-16 17:20:00,8.171546614399999,11/16/2018,05:20:00 pm,0,3.893,9.1502,0.9786533856000013
7805,2018-11-16 17:30:00,8.171862727599999,11/16/2018,05:30:00 pm,0,3.892,9.1497,0.9778372724000004
7806,2018-11-16 17:40:00,8.1719646996,11/16/2018,05:40:00 pm,0,3.891,9.1498,0.9778353004000007
7807,2018-11-16 17:50:00,8.1724133764,11/16/2018,05:50:00 pm,0,3.89,9.1499,0.9774866236000008
7808,2018-11-16 18:00:00,8.1729130392,11/16/2018,06:00:00 pm,0,3.89,9.1503,0.9773869608000005
7809,2018-11-16 18:10:00,8.172984419599999,11/16/2018,06:10:00 pm,0,3.89,9.1503,0.9773155804000009
7810,2018-11-16 18:20:00,8.1736064488,11/16/2018,06:20:00 pm,0,3.889,9.1505,0.9768935511999999
7811,2018-11-16 18:30:00,8.173626843200001,11/16/2018,06:30:00 pm,0,3.888,9.1501,0.9764731567999991
7812,2018-11-16 18:40:00,8.1736472376,11/16/2018,06:40:00 pm,0,3.888,9.1503,0.9766527624000005
7813,2018-11-16 18:50:00,8.1739021676,11/16/2018,06:50:00 pm,0,3.888,9.1495,0.9755978324000001
7814,2018-11-16 19:00:00,8.174401830399999,11/16/2018,07:00:00 pm,0,3.887,9.1499,0.9754981696000016
7815,2018-11-16 19:10:00,8.174993268,11/16/2018,07:10:00 pm,0,3.886,9.1497,0.9747067319999996
7816,2018-11-16 19:20:00,8.175115634399999,11/16/2018,07:20:00 pm,0,3.886,9.1499,0.9747843656000015
7817,2018-11-16 19:30:00,8.1757172692,11/16/2018,07:30:00 pm,0,3.885,9.1507,0.9749827308000008
7818,2018-11-16 19:40:00,8.1757886496,11/16/2018,07:40:00 pm,0,3.884,9.1508,0.9750113504000009
7819,2018-11-16 19:50:00,8.176604425599999,11/16/2018,07:50:00 pm,0,3.884,9.1514,0.9747955744000016
7820,2018-11-16 20:00:00,8.1767165948,11/16/2018,08:00:00 pm,0,3.883,9.1516,0.9748834051999999
7821,2018-11-16 20:10:00,8.1765330452,11/16/2018,08:10:00 pm,0,3.882,9.1515,0.9749669548000011
7822,2018-11-16 20:20:00,8.176828764,11/16/2018,08:20:00 pm,0,3.882,9.1517,0.9748712360000003
7823,2018-11-16 20:30:00,8.177593554,11/16/2018,08:30:00 pm,0,3.881,9.1525,0.9749064460000003
7824,2018-11-16 20:40:00,8.177909667199998,11/16/2018,08:40:00 pm,0,3.881,9.1522,0.9742903328000025
7825,2018-11-16 20:50:00,8.1783787384,11/16/2018,08:50:00 pm,0,3.88,9.153,0.9746212616000012
7826,2018-11-16 21:00:00,8.1777669064,11/16/2018,09:00:00 pm,0,3.879,9.1524,0.9746330935999996
7827,2018-11-16 21:10:00,8.1780728224,11/16/2018,09:10:00 pm,0,3.879,9.1525,0.9744271775999991
7828,2018-11-16 21:20:00,8.1790109648,11/16/2018,09:20:00 pm,0,3.878,9.1533,0.9742890352
7829,2018-11-16 21:30:00,8.178970176,11/16/2018,09:30:00 pm,0,3.878,9.1531,0.9741298240000003
7830,2018-11-16 21:40:00,8.179541219199999,11/16/2018,09:40:00 pm,0,3.877,9.154,0.9744587808000009
7831,2018-11-16 21:50:00,8.1797145716,11/16/2018,09:50:00 pm,0,3.876,9.1538,0.9740854284000005
7832,2018-11-16 22:00:00,8.179785952,11/16/2018,10:00:00 pm,0,3.876,9.1542,0.9744140479999999
7833,2018-11-16 22:10:00,8.1804589672,11/16/2018,10:10:00 pm,0,3.875,9.1552,0.9747410328000008
7834,2018-11-16 22:20:00,8.1801836428,11/16/2018,10:20:00 pm,0,3.875,9.1553,0.975116357200001
7835,2018-11-16 22:30:00,8.180346798,11/16/2018,10:30:00 pm,0,3.874,9.1554,0.9750532019999998
7836,2018-11-16 22:40:00,8.180550742,11/16/2018,10:40:00 pm,0,3.873,9.1552,0.9746492580000012
7837,2018-11-16 22:50:00,8.1800204876,11/16/2018,10:50:00 pm,0,3.873,9.1553,0.9752795124000002
7838,2018-11-16 23:00:00,8.179734966,11/16/2018,11:00:00 pm,0,3.872,9.1546,0.9748650340000005
7839,2018-11-16 23:10:00,8.1792964864,11/16/2018,11:10:00 pm,0,3.871,9.1536,0.9743035136000007
7840,2018-11-16 23:20:00,8.1796431912,11/16/2018,11:20:00 pm,0,3.871,9.1535,0.973856808799999
7841,2018-11-16 23:30:00,8.1792047116,11/16/2018,11:30:00 pm,0,3.871,9.1536,0.9743952884000002
7842,2018-11-16 23:40:00,8.1785928796,11/16/2018,11:40:00 pm,0,3.87,9.1538,0.9752071204000003
7843,2018-11-16 23:50:00,8.1783379496,11/16/2018,11:50:00 pm,0,3.869,9.1534,0.9750620504
7844,2018-11-17 00:00:00,8.1783991328,11/17/2018,12:00:00 am,0,3.868,9.1533,0.9749008672000006
7845,2018-11-17 00:10:00,8.179194514399999,11/17/2018,12:10:00 am,0,3.868,9.1536,0.974405485600002
7846,2018-11-17 00:20:00,8.1798471352,11/17/2018,12:20:00 am,0,3.867,9.1539,0.9740528648000009
7847,2018-11-17 00:30:00,8.1801734456,11/17/2018,12:30:00 am,0,3.867,9.1552,0.9750265544000012
7848,2018-11-17 00:40:00,8.1801224596,11/17/2018,12:40:00 am,0,3.866,9.1546,0.9744775404000006
7849,2018-11-17 00:50:00,8.180407981199998,11/17/2018,12:50:00 am,0,3.865,9.1549,0.9744920188000012
7850,2018-11-17 01:00:00,8.180632319599999,11/17/2018,01:00:00 am,0,3.864,9.155,0.9743676804000003
7851,2018-11-17 01:10:00,8.1802244316,11/17/2018,01:10:00 am,0,3.864,9.1545,0.9742755684000013
7852,2018-11-17 01:20:00,8.179265894799999,11/17/2018,01:20:00 am,0,3.864,9.1538,0.9745341052000018
7853,2018-11-17 01:30:00,8.17866426,11/17/2018,01:30:00 am,0,3.863,9.153,0.9743357400000008
7854,2018-11-17 01:40:00,8.1784705132,11/17/2018,01:40:00 am,0,3.862,9.1527,0.9742294867999988
7855,2018-11-17 01:50:00,8.1784705132,11/17/2018,01:50:00 am,0,3.862,9.1522,0.9737294867999999
7856,2018-11-17 02:00:00,8.178184991599998,11/17/2018,02:00:00 am,0,3.861,9.1513,0.9731150084000024
7857,2018-11-17 02:10:00,8.1778892728,11/17/2018,02:10:00 am,0,3.86,9.1516,0.9737107272000003
7858,2018-11-17 02:20:00,8.177471187599998,11/17/2018,02:20:00 am,0,3.859,9.1513,0.9738288124000025
7859,2018-11-17 02:30:00,8.1776139484,11/17/2018,02:30:00 am,0,3.859,9.1516,0.9739860516000007
7860,2018-11-17 02:40:00,8.17713468,11/17/2018,02:40:00 am,0,3.859,9.1511,0.9739653199999996
7861,2018-11-17 02:50:00,8.1769205388,11/17/2018,02:50:00 am,0,3.858,9.1505,0.9735794611999999
7862,2018-11-17 03:00:00,8.176390284399998,11/17/2018,03:00:00 am,0,3.857,9.1495,0.9731097156000015
7863,2018-11-17 03:10:00,8.176736989199998,11/17/2018,03:10:00 am,0,3.857,9.1497,0.9729630108000009
7864,2018-11-17 03:20:00,8.177236652,11/17/2018,03:20:00 am,0,3.856,9.1502,0.9729633480000004
7865,2018-11-17 03:30:00,8.1769001444,11/17/2018,03:30:00 am,0,3.856,9.1502,0.9732998556000005
7866,2018-11-17 03:40:00,8.1762067348,11/17/2018,03:40:00 am,0,3.855,9.1498,0.9735932652000017
7867,2018-11-17 03:50:00,8.176033382399998,11/17/2018,03:50:00 am,0,3.854,9.1496,0.9735666176000013
7868,2018-11-17 04:00:00,8.176420876,11/17/2018,04:00:00 am,0,3.854,9.1492,0.9727791240000006
7869,2018-11-17 04:10:00,8.1759314104,11/17/2018,04:10:00 am,0,3.853,9.149,0.9730685895999986
7870,2018-11-17 04:20:00,8.1758396356,11/17/2018,04:20:00 am,0,3.852,9.1489,0.9730603644000002
7871,2018-11-17 04:30:00,8.175758058,11/17/2018,04:30:00 am,0,3.852,9.149,0.9732419419999996
7872,2018-11-17 04:40:00,8.175962001999999,11/17/2018,04:40:00 am,0,3.851,9.1487,0.9727379980000013
7873,2018-11-17 04:50:00,8.17535017,11/17/2018,04:50:00 am,0,3.85,9.1487,0.9733498300000001
7874,2018-11-17 05:00:00,8.176227129199999,11/17/2018,05:00:00 am,0,3.85,9.1491,0.9728728708000016
7875,2018-11-17 05:10:00,8.177348821199999,11/17/2018,05:10:00 am,0,3.849,9.15,0.9726511788000014
7876,2018-11-17 05:20:00,8.1775527652,11/17/2018,05:20:00 am,0,3.848,9.1502,0.9726472348000001
7877,2018-11-17 05:30:00,8.1774100044,11/17/2018,05:30:00 am,0,3.848,9.1504,0.972989995599999
7878,2018-11-17 05:40:00,8.177359018399999,11/17/2018,05:40:00 am,0,3.847,9.1501,0.9727409816000012
7879,2018-11-17 05:50:00,8.1773080324,11/17/2018,05:50:00 am,0,3.847,9.1501,0.972791967600001
7880,2018-11-17 06:00:00,8.1776343428,11/17/2018,06:00:00 am,0,3.846,9.1499,0.9722656572000012
7881,2018-11-17 06:10:00,8.1783991328,11/17/2018,06:10:00 am,0,3.845,9.1507,0.9723008672000013
7882,2018-11-17 06:20:00,8.178868203999999,11/17/2018,06:20:00 am,0,3.845,9.1508,0.9719317960000016
7883,2018-11-17 06:30:00,8.1792455004,11/17/2018,06:30:00 am,0,3.845,9.1505,0.9712544995999988
7884,2018-11-17 06:40:00,8.179225105999999,11/17/2018,06:40:00 am,0,3.844,9.1512,0.9719748940000006
7885,2018-11-17 06:50:00,8.1789497816,11/17/2018,06:50:00 am,0,3.843,9.151,0.9720502183999997
7886,2018-11-17 07:00:00,8.1793372752,11/17/2018,07:00:00 am,0,3.843,9.1506,0.9712627248000008
7887,2018-11-17 07:10:00,8.1789905704,11/17/2018,07:10:00 am,0,3.842,9.1509,0.9719094296000002
7888,2018-11-17 07:20:00,8.1798573324,11/17/2018,07:20:00 am,0,3.841,9.1511,0.9712426676000003
7889,2018-11-17 07:30:00,8.180550742,11/17/2018,07:30:00 am,0,3.841,9.1521,0.9715492580000014
7890,2018-11-17 07:40:00,8.181376715199999,11/17/2018,07:40:00 am,0,3.84,9.153,0.9716232848000015
7891,2018-11-17 07:50:00,8.181886575199998,11/17/2018,07:50:00 am,0,3.839,9.1532,0.9713134248000017
7892,2018-11-17 08:00:00,8.182151702399999,11/17/2018,08:00:00 am,0,3.839,9.1536,0.9714482976000021
7893,2018-11-17 08:10:00,8.182926689599999,11/17/2018,08:10:00 am,0,3.838,9.1538,0.9708733104000018
7894,2018-11-17 08:20:00,8.1827533372,11/17/2018,08:20:00 am,0,3.838,9.1543,0.9715466627999998
7895,2018-11-17 08:30:00,8.18274314,11/17/2018,08:30:00 am,0,3.837,9.1545,0.971756860000001
7896,2018-11-17 08:40:00,8.181927363999998,11/17/2018,08:40:00 am,0,3.836,9.1538,0.9718726360000023
7897,2018-11-17 08:50:00,8.1822434772,11/17/2018,08:50:00 am,0,3.836,9.154,0.9717565227999998
7898,2018-11-17 09:00:00,8.182896097999999,11/17/2018,09:00:00 am,0,3.835,9.1546,0.9717039020000016
7899,2018-11-17 09:10:00,8.1834773384,11/17/2018,09:10:00 am,0,3.835,9.155,0.9715226615999999
7900,2018-11-17 09:20:00,8.183630296399999,11/17/2018,09:20:00 am,0,3.833,9.1555,0.9718697036000012
7901,2018-11-17 09:30:00,8.184802974399998,11/17/2018,09:30:00 am,0,3.833,9.1553,0.9704970256000021
7902,2018-11-17 09:40:00,8.1853638204,11/17/2018,09:40:00 am,0,3.833,9.1572,0.9718361796000003
7903,2018-11-17 09:50:00,8.184374691999999,11/17/2018,09:50:00 am,0,3.832,9.1577,0.9733253080000015
7904,2018-11-17 10:00:00,8.182824717599999,11/17/2018,10:00:00 am,0,3.832,9.1561,0.9732752824000013
7905,2018-11-17 10:10:00,8.1815602648,11/17/2018,10:10:00 am,0,3.831,9.1569,0.9753397352000004
7906,2018-11-17 10:20:00,8.181804997599999,11/17/2018,10:20:00 am,0,3.83,9.1564,0.974595002400001
7907,2018-11-17 10:30:00,8.1831612252,11/17/2018,10:30:00 am,0,3.83,9.1565,0.9733387748000002
7908,2018-11-17 10:40:00,8.1827737316,11/17/2018,10:40:00 am,0,3.829,9.1567,0.9739262684000014
7909,2018-11-17 10:50:00,8.183049056,11/17/2018,10:50:00 am,0,3.828,9.157,0.9739509440000003
7910,2018-11-17 11:00:00,8.182549393199999,11/17/2018,11:00:00 am,0,3.828,9.157,0.9744506068000014
7911,2018-11-17 11:10:00,8.1823250548,11/17/2018,11:10:00 am,0,3.827,9.1571,0.9747749452000001
7912,2018-11-17 11:20:00,8.1819477584,11/17/2018,11:20:00 am,0,3.827,9.1573,0.9753522415999996
7913,2018-11-17 11:30:00,8.1809178412,11/17/2018,11:30:00 am,0,3.826,9.1567,0.9757821588000013
7914,2018-11-17 11:40:00,8.1798471352,11/17/2018,11:40:00 am,0,3.826,9.157,0.9771528648000007
7915,2018-11-17 11:50:00,8.180132656799998,11/17/2018,11:50:00 am,0,3.825,9.1549,0.9747673432000017
7916,2018-11-17 12:00:00,8.179541219199999,11/17/2018,12:00:00 pm,0,3.824,9.153,0.9734587808000015
7917,2018-11-17 12:10:00,8.1763596928,11/17/2018,12:10:00 pm,0,3.824,9.1523,0.9759403072000001
7918,2018-11-17 12:20:00,8.176777777999998,11/17/2018,12:20:00 pm,0,3.823,9.1522,0.9754222220000024
7919,2018-11-17 12:30:00,8.17866426,11/17/2018,12:30:00 pm,0,3.823,9.1514,0.972735740000001
7920,2018-11-17 12:40:00,8.1770938912,11/17/2018,12:40:00 pm,0,3.822,9.1521,0.9750061088000006
7921,2018-11-17 12:50:00,8.1775323708,11/17/2018,12:50:00 pm,0,3.822,9.1521,0.974567629200001
7922,2018-11-17 13:00:00,8.1765126508,11/17/2018,01:00:00 pm,0,3.821,9.1507,0.974187349200001
7923,2018-11-17 13:10:00,8.1757376636,11/17/2018,01:10:00 pm,0,3.82,9.1502,0.9744623364000002
7924,2018-11-17 13:20:00,8.174126505999999,11/17/2018,01:20:00 pm,0,3.82,9.1498,0.9756734940000023
7925,2018-11-17 13:30:00,8.1738307872,11/17/2018,01:30:00 pm,0,3.819,9.15,0.9761692128000004
7926,2018-11-17 13:40:00,8.173004814,11/17/2018,01:40:00 pm,0,3.818,9.1495,0.9764951859999993
7927,2018-11-17 13:50:00,8.172596925999999,11/17/2018,01:50:00 pm,0,3.818,9.1489,0.9763030740000005
7928,2018-11-17 14:00:00,8.1714140508,11/17/2018,02:00:00 pm,0,3.817,9.1482,0.9767859492
7929,2018-11-17 14:10:00,8.1705065,11/17/2018,02:10:00 pm,0,3.816,9.1476,0.9770935000000005
7930,2018-11-17 14:20:00,8.170414725199999,11/17/2018,02:20:00 pm,0,3.816,9.1474,0.9769852748000005
7931,2018-11-17 14:30:00,8.1699150624,11/17/2018,02:30:00 pm,0,3.816,9.147,0.9770849376000008
7932,2018-11-17 14:40:00,8.169833484799998,11/17/2018,02:40:00 pm,0,3.815,9.1467,0.9768665152000011
7933,2018-11-17 14:50:00,8.1695683576,11/17/2018,02:50:00 pm,0,3.815,9.1471,0.9775316424000007
7934,2018-11-17 15:00:00,8.1693746108,11/17/2018,03:00:00 pm,0,3.814,9.147,0.9776253892
7935,2018-11-17 15:10:00,8.1695785548,11/17/2018,03:10:00 pm,0,3.813,9.1476,0.9780214452000013
7936,2018-11-17 15:20:00,8.1702719644,11/17/2018,03:20:00 pm,0,3.813,9.148,0.9777280356000002
7937,2018-11-17 15:30:00,8.1704351196,11/17/2018,03:30:00 pm,0,3.812,9.1477,0.9772648803999999
7938,2018-11-17 15:40:00,8.170802218799999,11/17/2018,03:40:00 pm,0,3.812,9.148,0.977197781200001
7939,2018-11-17 15:50:00,8.170353542,11/17/2018,03:50:00 pm,0,3.811,9.148,0.9776464579999988
7940,2018-11-17 16:00:00,8.170883796399998,11/17/2018,04:00:00 pm,0,3.811,9.1485,0.977616203600002
7941,2018-11-17 16:10:00,8.1706186692,11/17/2018,04:10:00 pm,0,3.81,9.1487,0.9780813308000003
7942,2018-11-17 16:20:00,8.171159120799999,11/17/2018,04:20:00 pm,0,3.809,9.1486,0.9774408792000013
7943,2018-11-17 16:30:00,8.1717199668,11/17/2018,04:30:00 pm,0,3.809,9.1482,0.9764800331999997
7944,2018-11-17 16:40:00,8.1724337708,11/17/2018,04:40:00 pm,0,3.808,9.1497,0.9772662291999996
7945,2018-11-17 16:50:00,8.1733515188,11/17/2018,04:50:00 pm,0,3.808,9.1474,0.9740484811999988
7946,2018-11-17 17:00:00,8.1741061116,11/17/2018,05:00:00 pm,0,3.807,9.1487,0.9745938883999994
7947,2018-11-17 17:10:00,8.1746975492,11/17/2018,05:10:00 pm,0,3.807,9.1492,0.9745024508000011
7948,2018-11-17 17:20:00,8.175992593599998,11/17/2018,05:20:00 pm,0,3.806,9.1499,0.9739074064000022
7949,2018-11-17 17:30:00,8.177328426799999,11/17/2018,05:30:00 pm,0,3.806,9.1509,0.973571573200001
7950,2018-11-17 17:40:00,8.1787356404,11/17/2018,05:40:00 pm,0,3.805,9.152,0.9732643595999999
7951,2018-11-17 17:50:00,8.179520824799999,11/17/2018,05:50:00 pm,0,3.804,9.1526,0.9730791752000005
7952,2018-11-17 18:00:00,8.18044877,11/17/2018,06:00:00 pm,0,3.804,9.1531,0.9726512300000003
7953,2018-11-17 18:10:00,8.1808668552,11/17/2018,06:10:00 pm,0,3.803,9.1532,0.9723331448000003
7954,2018-11-17 18:20:00,8.181754011599999,11/17/2018,06:20:00 pm,0,3.802,9.1539,0.9721459884000012
7955,2018-11-17 18:30:00,8.182498407199999,11/17/2018,06:30:00 pm,0,3.802,9.1545,0.9720015928000016
7956,2018-11-17 18:40:00,8.183252999999999,11/17/2018,06:40:00 pm,0,3.801,9.1552,0.9719470000000019
7957,2018-11-17 18:50:00,8.1837016768,11/17/2018,06:50:00 pm,0,3.801,9.1552,0.9714983232000005
7958,2018-11-17 19:00:00,8.1841809452,11/17/2018,07:00:00 pm,0,3.8,9.1555,0.9713190548000004
7959,2018-11-17 19:10:00,8.185108890399999,11/17/2018,07:10:00 pm,0,3.8,9.1559,0.9707911096000021
7960,2018-11-17 19:20:00,8.1852516512,11/17/2018,07:20:00 pm,0,3.8,9.1566,0.9713483487999994
7961,2018-11-17 19:30:00,8.186220385199999,11/17/2018,07:30:00 pm,0,3.799,9.1576,0.9713796148000018
7962,2018-11-17 19:40:00,8.186414132,11/17/2018,07:40:00 pm,0,3.798,9.1586,0.9721858680000004
7963,2018-11-17 19:50:00,8.1874950352,11/17/2018,07:50:00 pm,0,3.797,9.1593,0.9718049648000004
7964,2018-11-17 20:00:00,8.1882802196,11/17/2018,08:00:00 pm,0,3.797,9.1598,0.9715197804000013
7965,2018-11-17 20:10:00,8.189177573199999,11/17/2018,08:10:00 pm,0,3.796,9.1606,0.971422426800002
7966,2018-11-17 20:20:00,8.18962625,11/17/2018,08:20:00 pm,0,3.796,9.1613,0.9716737500000008
7967,2018-11-17 20:30:00,8.189911771599999,11/17/2018,08:30:00 pm,0,3.795,9.1618,0.971888228400001
7968,2018-11-17 20:40:00,8.190227884799999,11/17/2018,08:40:00 pm,0,3.795,9.1621,0.9718721152000018
7969,2018-11-17 20:50:00,8.1911150412,11/17/2018,08:50:00 pm,0,3.794,9.1627,0.9715849587999994
7970,2018-11-17 21:00:00,8.191961408800001,11/17/2018,09:00:00 pm,0,3.793,9.1637,0.9717385911999994
7971,2018-11-17 21:10:00,8.1926752128,11/17/2018,09:10:00 pm,0,3.793,9.1647,0.9720247872000005
7972,2018-11-17 21:20:00,8.1931340868,11/17/2018,09:20:00 pm,0,3.792,9.1655,0.9723659131999991
7973,2018-11-17 21:30:00,8.193868285199999,11/17/2018,09:30:00 pm,0,3.792,9.1665,0.9726317148000003
7974,2018-11-17 21:40:00,8.1951939212,11/17/2018,09:40:00 pm,0,3.791,9.1671,0.9719060788
7975,2018-11-17 21:50:00,8.196091274799999,11/17/2018,09:50:00 pm,0,3.79,9.1682,0.9721087252000018
7976,2018-11-17 22:00:00,8.1966011348,11/17/2018,10:00:00 pm,0,3.79,9.1685,0.9718988652
7977,2018-11-17 22:10:00,8.1968764592,11/17/2018,10:10:00 pm,0,3.789,9.1696,0.9727235408000006
7978,2018-11-17 22:20:00,8.197682037999998,11/17/2018,10:20:00 pm,0,3.789,9.1701,0.9724179620000015
7979,2018-11-17 22:30:00,8.1989158992,11/17/2018,10:30:00 pm,0,3.788,9.1712,0.9722841008000014
7980,2018-11-17 22:40:00,8.1996500976,11/17/2018,10:40:00 pm,0,3.788,9.1719,0.9722499024000015
7981,2018-11-17 22:50:00,8.1999560136,11/17/2018,10:50:00 pm,0,3.787,9.1718,0.9718439863999997
7982,2018-11-17 23:00:00,8.200027394,11/17/2018,11:00:00 pm,0,3.787,9.1723,0.9722726060000006
7983,2018-11-17 23:10:00,8.2011184944,11/17/2018,11:10:00 pm,0,3.786,9.1735,0.9723815056000014
7984,2018-11-17 23:20:00,8.201699734799998,11/17/2018,11:20:00 pm,0,3.785,9.174,0.9723002652000012
7985,2018-11-17 23:30:00,8.201567171199999,11/17/2018,11:30:00 pm,0,3.785,9.174,0.9724328288000006
7986,2018-11-17 23:40:00,8.2014448048,11/17/2018,11:40:00 pm,0,3.784,9.1739,0.9724551952000002
7987,2018-11-17 23:50:00,8.2014651992,11/17/2018,11:50:00 pm,0,3.783,9.1735,0.9720348008000013
7988,2018-11-18 00:00:00,8.2010981,11/18/2018,12:00:00 am,0,3.783,9.1734,0.9723019000000015
7989,2018-11-18 00:10:00,8.2011184944,11/18/2018,12:10:00 am,0,3.782,9.1729,0.971781505600001
7990,2018-11-18 00:20:00,8.201220466399999,11/18/2018,12:20:00 am,0,3.782,9.1734,0.9721795336000021
7991,2018-11-18 00:30:00,8.2016895376,11/18/2018,12:30:00 am,0,3.781,9.1735,0.9718104624000006
7992,2018-11-18 00:40:00,8.2021892004,11/18/2018,12:40:00 am,0,3.78,9.1736,0.971410799600001
7993,2018-11-18 00:50:00,8.2021586088,11/18/2018,12:50:00 am,0,3.78,9.1738,0.9716413912000004
7994,2018-11-18 01:00:00,8.201699734799998,11/18/2018,01:00:00 am,0,3.779,9.1735,0.9718002652000024
7995,2018-11-18 01:10:00,8.2017507208,11/18/2018,01:10:00 am,0,3.779,9.1736,0.9718492792000006
7996,2018-11-18 01:20:00,8.2021892004,11/18/2018,01:20:00 am,0,3.778,9.1735,0.9713107996000012
7997,2018-11-18 01:30:00,8.2028622156,11/18/2018,01:30:00 am,0,3.777,9.1739,0.9710377844
7998,2018-11-18 01:40:00,8.202994779199999,11/18/2018,01:40:00 am,0,3.777,9.1739,0.9709052208000006
7999,2018-11-18 01:50:00,8.203147737199998,11/18/2018,01:50:00 am,0,3.776,9.174,0.9708522628000011
8000,2018-11-18 02:00:00,8.203841146799999,11/18/2018,02:00:00 am,0,3.776,9.1747,0.9708588532000011
8001,2018-11-18 02:10:00,8.203728977599999,11/18/2018,02:10:00 am,0,3.775,9.1748,0.9710710224000003
8002,2018-11-18 02:20:00,8.2036881888,11/18/2018,02:20:00 am,0,3.775,9.1746,0.9709118112000006
8003,2018-11-18 02:30:00,8.204187851599999,11/18/2018,02:30:00 am,0,3.774,9.1748,0.9706121484000008
8004,2018-11-18 02:40:00,8.204473373199999,11/18/2018,02:40:00 am,0,3.773,9.1752,0.9707266268000012
8005,2018-11-18 02:50:00,8.20441219,11/18/2018,02:50:00 am,0,3.772,9.1744,0.969987810000001
8006,2018-11-18 03:00:00,8.20441219,11/18/2018,03:00:00 am,0,3.772,9.1745,0.9700878100000008
8007,2018-11-18 03:10:00,8.203922724399998,11/18/2018,03:10:00 am,0,3.771,9.1743,0.9703772756000024
8008,2018-11-18 03:20:00,8.204310218,11/18/2018,03:20:00 am,0,3.771,9.1745,0.9701897820000003
8009,2018-11-18 03:30:00,8.2046773172,11/18/2018,03:30:00 am,0,3.77,9.1748,0.9701226827999996
8010,2018-11-18 03:40:00,8.204554950799999,11/18/2018,03:40:00 am,0,3.77,9.1745,0.9699450492000015
8011,2018-11-18 03:50:00,8.2043917956,11/18/2018,03:50:00 am,0,3.769,9.1729,0.9685082044000008
8012,2018-11-18 04:00:00,8.2035658224,11/18/2018,04:00:00 am,0,3.768,9.1726,0.9690341775999993
8013,2018-11-18 04:10:00,8.2043408096,11/18/2018,04:10:00 am,0,3.768,9.1729,0.9685591904000006
8014,2018-11-18 04:20:00,8.204514161999999,11/18/2018,04:20:00 am,0,3.767,9.1729,0.9683858380000014
8015,2018-11-18 04:30:00,8.203412864399999,11/18/2018,04:30:00 am,0,3.767,9.1727,0.9692871356000019
8016,2018-11-18 04:40:00,8.2033210896,11/18/2018,04:40:00 am,0,3.766,9.1716,0.9682789104000005
8017,2018-11-18 04:50:00,8.2034740476,11/18/2018,04:50:00 am,0,3.765,9.1716,0.9681259523999994
8018,2018-11-18 05:00:00,8.2029743848,11/18/2018,05:00:00 am,0,3.765,9.1715,0.9685256152000008
8019,2018-11-18 05:10:00,8.203576019599998,11/18/2018,05:10:00 am,0,3.764,9.1718,0.9682239804000012
8020,2018-11-18 05:20:00,8.2036372028,11/18/2018,05:20:00 am,0,3.764,9.1718,0.9681627971999998
8021,2018-11-18 05:30:00,8.203739174799999,11/18/2018,05:30:00 am,0,3.763,9.1727,0.9689608252000017
8022,2018-11-18 05:40:00,8.203494441999998,11/18/2018,05:40:00 am,0,3.763,9.1721,0.9686055580000019
8023,2018-11-18 05:50:00,8.2035250336,11/18/2018,05:50:00 am,0,3.762,9.1723,0.9687749663999998
8024,2018-11-18 06:00:00,8.2035556252,11/18/2018,06:00:00 am,0,3.761,9.172,0.9684443748000007
8025,2018-11-18 06:10:00,8.2038207524,11/18/2018,06:10:00 am,0,3.761,9.1723,0.9684792475999995
8026,2018-11-18 06:20:00,8.2044835704,11/18/2018,06:20:00 am,0,3.76,9.173,0.9685164295999993
8027,2018-11-18 06:30:00,8.2046569228,11/18/2018,06:30:00 am,0,3.76,9.1729,0.9682430772000004
8028,2018-11-18 06:40:00,8.204279626399998,11/18/2018,06:40:00 am,0,3.759,9.1723,0.9680203736000017
8029,2018-11-18 06:50:00,8.2046569228,11/18/2018,06:50:00 am,0,3.758,9.1724,0.9677430771999997
8030,2018-11-18 07:00:00,8.2051463884,11/18/2018,07:00:00 am,0,3.757,9.1727,0.9675536116000014
8031,2018-11-18 07:10:00,8.2051667828,11/18/2018,07:10:00 am,0,3.757,9.1725,0.9673332172000002
8032,2018-11-18 07:20:00,8.205075008,11/18/2018,07:20:00 am,0,3.757,9.1729,0.9678249920000006
8033,2018-11-18 07:30:00,8.2054625016,11/18/2018,07:30:00 am,0,3.756,9.1728,0.9673374984000009
8034,2018-11-18 07:40:00,8.205564473599999,11/18/2018,07:40:00 am,0,3.755,9.1724,0.9668355264000006
8035,2018-11-18 07:50:00,8.2062884748,11/18/2018,07:50:00 am,0,3.755,9.1732,0.9669115252000005
8036,2018-11-18 08:00:00,8.2067983348,11/18/2018,08:00:00 am,0,3.754,9.1737,0.9669016652
8037,2018-11-18 08:10:00,8.206767743199999,11/18/2018,08:10:00 am,0,3.753,9.1735,0.9667322568000021
8038,2018-11-18 08:20:00,8.2064414328,11/18/2018,08:20:00 am,0,3.753,9.1737,0.9672585672
8039,2018-11-18 08:30:00,8.206757546,11/18/2018,08:30:00 am,0,3.753,9.174,0.9672424539999991
8040,2018-11-18 08:40:00,8.207899632399998,11/18/2018,08:40:00 am,0,3.752,9.1744,0.9665003676000019
8041,2018-11-18 08:50:00,8.2091640852,11/18/2018,08:50:00 am,0,3.751,9.1755,0.9663359148000001
8042,2018-11-18 09:00:00,8.209408818,11/18/2018,09:00:00 am,0,3.75,9.1761,0.9666911819999999
8043,2018-11-18 09:10:00,8.209031521599998,11/18/2018,09:10:00 am,0,3.75,9.1756,0.966568478400001
8044,2018-11-18 09:20:00,8.2088275776,11/18/2018,09:20:00 am,0,3.75,9.1754,0.9665724224000005
8045,2018-11-18 09:30:00,8.2088275776,11/18/2018,09:30:00 am,0,3.749,9.1755,0.9666724224000003
8046,2018-11-18 09:40:00,8.208919352399999,11/18/2018,09:40:00 am,0,3.748,9.1756,0.9666806476000005
8047,2018-11-18 09:50:00,8.2074917444,11/18/2018,09:50:00 am,0,3.748,9.1759,0.9684082556
8048,2018-11-18 10:00:00,8.2064414328,11/18/2018,10:00:00 am,0,3.746,9.1757,0.9692585672000007
8049,2018-11-18 10:10:00,8.2059213756,11/18/2018,10:10:00 am,0,3.747,9.1758,0.9698786244000015
8050,2018-11-18 10:20:00,8.205605262399999,11/18/2018,10:20:00 am,0,3.746,9.1751,0.9694947376000016
8051,2018-11-18 10:30:00,8.2068187292,11/18/2018,10:30:00 am,0,3.745,9.1752,0.9683812708000001
8052,2018-11-18 10:40:00,8.2071348424,11/18/2018,10:40:00 am,0,3.745,9.1748,0.967665157599999
8053,2018-11-18 10:50:00,8.207206222799998,11/18/2018,10:50:00 am,0,3.744,9.1742,0.9669937772000026
8054,2018-11-18 11:00:00,8.205370726799998,11/18/2018,11:00:00 am,0,3.744,9.1735,0.9681292732000024
8055,2018-11-18 11:10:00,8.2054421072,11/18/2018,11:10:00 am,0,3.743,9.1733,0.9678578927999997
8056,2018-11-18 11:20:00,8.205024022,11/18/2018,11:20:00 am,0,3.742,9.1731,0.9680759779999999
8057,2018-11-18 11:30:00,8.2033006952,11/18/2018,11:30:00 am,0,3.742,9.1705,0.9671993048000012
8058,2018-11-18 11:40:00,8.2011082972,11/18/2018,11:40:00 am,0,3.741,9.1698,0.968691702800001
8059,2018-11-18 11:50:00,8.2011082972,11/18/2018,11:50:00 am,0,3.741,9.1687,0.9675917028000001
8060,2018-11-18 12:00:00,8.2001497604,11/18/2018,12:00:00 pm,0,3.74,9.1681,0.9679502396000004
8061,2018-11-18 12:10:00,8.1952245128,11/18/2018,12:10:00 pm,0,3.739,9.1672,0.9719754871999999
8062,2018-11-18 12:20:00,8.19548964,11/18/2018,12:20:00 pm,0,3.739,9.1662,0.97071036
8063,2018-11-18 12:30:00,8.197885981999999,11/18/2018,12:30:00 pm,0,3.738,9.1652,0.9673140180000015
8064,2018-11-18 12:40:00,8.1958567392,11/18/2018,12:40:00 pm,0,3.737,9.1642,0.9683432607999993
8065,2018-11-18 12:50:00,8.1949185968,11/18/2018,12:50:00 pm,0,3.737,9.1623,0.967381403200001
8066,2018-11-18 13:00:00,8.1948982024,11/18/2018,01:00:00 pm,0,3.737,9.1613,0.9664017976000014
8067,2018-11-18 13:10:00,8.1934094112,11/18/2018,01:10:00 pm,0,3.736,9.1608,0.9673905888000007
8068,2018-11-18 13:20:00,8.191308787999999,11/18/2018,01:20:00 pm,0,3.735,9.1594,0.9680912120000009
8069,2018-11-18 13:30:00,8.1907071532,11/18/2018,01:30:00 pm,0,3.735,9.1582,0.9674928468000008
8070,2018-11-18 13:40:00,8.190554195199999,11/18/2018,01:40:00 pm,0,3.734,9.1585,0.9679458048000011
8071,2018-11-18 13:50:00,8.1900953212,11/18/2018,01:50:00 pm,0,3.733,9.1587,0.9686046788000002
8072,2018-11-18 14:00:00,8.189269348,11/18/2018,02:00:00 pm,0,3.733,9.159,0.9697306520000009
8073,2018-11-18 14:10:00,8.188453572,11/18/2018,02:10:00 pm,0,3.733,9.1586,0.9701464279999996
8074,2018-11-18 14:20:00,8.1884841636,11/18/2018,02:20:00 pm,0,3.732,9.1576,0.9691158364000003
8075,2018-11-18 14:30:00,8.188168050399998,11/18/2018,02:30:00 pm,0,3.731,9.1573,0.9691319496000013
8076,2018-11-18 14:40:00,8.1876785848,11/18/2018,02:40:00 pm,0,3.731,9.1566,0.9689214151999987
8077,2018-11-18 14:50:00,8.1876683876,11/18/2018,02:50:00 pm,0,3.73,9.1574,0.9697316124000004
8078,2018-11-18 15:00:00,8.1878723316,11/18/2018,03:00:00 pm,0,3.73,9.1571,0.9692276684000003
8079,2018-11-18 15:10:00,8.1875460212,11/18/2018,03:10:00 pm,0,3.729,9.1572,0.9696539788000003
8080,2018-11-18 15:20:00,8.187036161199998,11/18/2018,03:20:00 pm,0,3.729,9.157,0.9699638388000018
8081,2018-11-18 15:30:00,8.1869341892,11/18/2018,03:30:00 pm,0,3.728,9.1562,0.9692658107999996
8082,2018-11-18 15:40:00,8.187342077199999,11/18/2018,03:40:00 pm,0,3.727,9.1506,0.9632579228000022
