well_id,DateTime,raw_Level_m,Temp_c,deployment_id,Rate of Change,temp_threshold
KHT-XE5S,2025-05-26 20:00:00,9.8433,6.176,KHT-XE5S_2025_0526_1101,0.0001,0.5
KHT-XE5S,2025-05-26 20:10:00,9.8459,6.179,KHT-XE5S_2025_0526_1101,0.00030000000000001136,0.5
KHT-XE5S,2025-05-26 20:20:00,9.8464,6.179,KHT-XE5S_2025_0526_1101,0.0,0.5
KHT-XE5S,2025-05-26 20:30:00,9.8479,6.18,KHT-XE5S_2025_0526_1101,9.999999999994457e-05,0.5
KHT-XE5S,2025-05-26 20:40:00,9.849,6.182,KHT-XE5S_2025_0526_1101,0.0002000000000000668,0.5
KHT-XE5S,2025-05-26 20:50:00,9.8512,6.181,KHT-XE5S_2025_0526_1101,0.0001000000000000334,0.5
KHT-XE5S,2025-05-26 21:00:00,9.8533,6.18,KHT-XE5S_2025_0526_1101,0.0001000000000000334,0.5
KHT-XE5S,2025-05-26 21:10:00,9.8559,6.182,KHT-XE5S_2025_0526_1101,0.0002000000000000668,0.5
KHT-XE5S,2025-05-26 21:20:00,9.8581,6.184,KHT-XE5S_2025_0526_1101,0.00019999999999997797,0.5
KHT-XE5S,2025-05-26 21:30:00,9.8601,6.183,KHT-XE5S_2025_0526_1101,0.0001000000000000334,0.5
KHT-XE5S,2025-05-26 21:40:00,9.8628,6.182,KHT-XE5S_2025_0526_1101,9.999999999994457e-05,0.5
KHT-XE5S,2025-05-26 21:50:00,9.8645,6.184,KHT-XE5S_2025_0526_1101,0.00019999999999997797,0.5
KHT-XE5S,2025-05-26 22:00:00,9.8663,6.184,KHT-XE5S_2025_0526_1101,0.0,0.5
KHT-XE5S,2025-05-26 22:10:00,9.8674,6.184,KHT-XE5S_2025_0526_1101,0.0,0.5
KHT-XE5S,2025-05-26 22:20:00,9.8679,6.186,KHT-XE5S_2025_0526_1101,0.00019999999999997797,0.5
KHT-XE5S,2025-05-26 22:30:00,9.8672,6.187,KHT-XE5S_2025_0526_1101,0.0001000000000000334,0.5
KHT-XE5S,2025-05-26 22:40:00,9.8675,6.187,KHT-XE5S_2025_0526_1101,0.0,0.5
KHT-XE5S,2025-05-26 22:50:00,9.8683,6.186,KHT-XE5S_2025_0526_1101,0.0001000000000000334,0.5
KHT-XE5S,2025-05-26 23:00:00,9.8691,6.187,KHT-XE5S_2025_0526_1101,0.0001000000000000334,0.5
KHT-XE5S,2025-05-26 23:10:00,9.8711,6.186,KHT-XE5S_2025_0526_1101,0.0001000000000000334,0.5
KHT-XE5S,2025-05-26 23:20:00,9.872,6.189,KHT-XE5S_2025_0526_1101,0.00030000000000001136,0.5
KHT-XE5S,2025-05-26 23:30:00,9.8737,6.189,KHT-XE5S_2025_0526_1101,0.0,0.5
KHT-XE5S,2025-05-26 23:40:00,9.8752,6.19,KHT-XE5S_2025_0526_1101,0.0001000000000000334,0.5
KHT-XE5S,2025-05-26 23:50:00,9.8756,6.19,KHT-XE5S_2025_0526_1101,0.0,0.5
KHT-XE5S,2025-05-27 00:00:00,9.877,6.191,KHT-XE5S_2025_0526_1101,9.999999999994457e-05,0.5
KHT-XE5S,2025-05-27 00:10:00,9.8771,6.192,KHT-XE5S_2025_0526_1101,0.0001000000000000334,0.5
KHT-XE5S,2025-05-27 00:20:00,9.8775,6.193,KHT-XE5S_2025_0526_1101,9.999999999994457e-05,0.5
KHT-XE5S,2025-05-27 00:30:00,9.8774,6.194,KHT-XE5S_2025_0526_1101,0.0001000000000000334,0.5
KHT-XE5S,2025-05-27 00:40:00,9.8776,6.193,KHT-XE5S_2025_0526_1101,0.0001000000000000334,0.5
KHT-XE5S,2025-05-27 00:50:00,9.8786,6.194,KHT-XE5S_2025_0526_1101,0.0001000000000000334,0.5
KHT-XE5S,2025-05-27 01:00:00,9.8792,6.195,KHT-XE5S_2025_0526_1101,0.0001000000000000334,0.5
KHT-XE5S,2025-05-27 01:10:00,9.8803,6.196,KHT-XE5S_2025_0526_1101,9.999999999994457e-05,0.5
KHT-XE5S,2025-05-27 01:20:00,9.8812,6.195,KHT-XE5S_2025_0526_1101,9.999999999994457e-05,0.5
KHT-XE5S,2025-05-27 01:30:00,9.8822,6.197,KHT-XE5S_2025_0526_1101,0.00019999999999997797,0.5
KHT-XE5S,2025-05-27 01:40:00,9.8819,6.196,KHT-XE5S_2025_0526_1101,0.0001000000000000334,0.5
KHT-XE5S,2025-05-27 01:50:00,9.8818,6.198,KHT-XE5S_2025_0526_1101,0.0002000000000000668,0.5
KHT-XE5S,2025-05-27 02:00:00,9.8827,6.198,KHT-XE5S_2025_0526_1101,0.0,0.5
KHT-XE5S,2025-05-27 02:10:00,9.883,6.2,KHT-XE5S_2025_0526_1101,0.00019999999999997797,0.5
KHT-XE5S,2025-05-27 02:20:00,9.884,6.199,KHT-XE5S_2025_0526_1101,0.0001000000000000334,0.5
KHT-XE5S,2025-05-27 02:30:00,9.8841,6.2,KHT-XE5S_2025_0526_1101,0.0001000000000000334,0.5
KHT-XE5S,2025-05-27 02:40:00,9.8843,6.2,KHT-XE5S_2025_0526_1101,0.0,0.5
KHT-XE5S,2025-05-27 02:50:00,9.8846,6.201,KHT-XE5S_2025_0526_1101,9.999999999994457e-05,0.5
KHT-XE5S,2025-05-27 03:00:00,9.8852,6.201,KHT-XE5S_2025_0526_1101,0.0,0.5
KHT-XE5S,2025-05-27 03:10:00,9.8845,6.2,KHT-XE5S_2025_0526_1101,9.999999999994457e-05,0.5
KHT-XE5S,2025-05-27 03:20:00,9.8843,6.203,KHT-XE5S_2025_0526_1101,0.00030000000000001136,0.5
KHT-XE5S,2025-05-27 03:30:00,9.8846,6.203,KHT-XE5S_2025_0526_1101,0.0,0.5
KHT-XE5S,2025-05-27 03:40:00,9.8855,6.203,KHT-XE5S_2025_0526_1101,0.0,0.5
KHT-XE5S,2025-05-27 03:50:00,9.8859,6.204,KHT-XE5S_2025_0526_1101,9.999999999994457e-05,0.5
KHT-XE5S,2025-05-27 04:00:00,9.8867,6.205,KHT-XE5S_2025_0526_1101,0.0001000000000000334,0.5
KHT-XE5S,2025-05-27 04:10:00,9.8876,6.206,KHT-XE5S_2025_0526_1101,0.0001000000000000334,0.5
KHT-XE5S,2025-05-27 04:20:00,9.8884,6.206,KHT-XE5S_2025_0526_1101,0.0,0.5
KHT-XE5S,2025-05-27 04:30:00,9.8892,6.206,KHT-XE5S_2025_0526_1101,0.0,0.5
KHT-XE5S,2025-05-27 04:40:00,9.8901,6.207,KHT-XE5S_2025_0526_1101,9.999999999994457e-05,0.5
KHT-XE5S,2025-05-27 04:50:00,9.8909,6.209,KHT-XE5S_2025_0526_1101,0.00019999999999997797,0.5
KHT-XE5S,2025-05-27 05:00:00,9.8911,6.21,KHT-XE5S_2025_0526_1101,0.0001000000000000334,0.5
KHT-XE5S,2025-05-27 05:10:00,9.892,6.209,KHT-XE5S_2025_0526_1101,0.0001000000000000334,0.5
KHT-XE5S,2025-05-27 05:20:00,9.8932,6.21,KHT-XE5S_2025_0526_1101,0.0001000000000000334,0.5
KHT-XE5S,2025-05-27 05:30:00,9.8942,6.21,KHT-XE5S_2025_0526_1101,0.0,0.5
KHT-XE5S,2025-05-27 05:40:00,9.8952,6.212,KHT-XE5S_2025_0526_1101,0.00019999999999997797,0.5
KHT-XE5S,2025-05-27 05:50:00,9.8951,6.211,KHT-XE5S_2025_0526_1101,9.999999999994457e-05,0.5
KHT-XE5S,2025-05-27 06:00:00,9.8963,6.21,KHT-XE5S_2025_0526_1101,0.0001000000000000334,0.5
KHT-XE5S,2025-05-27 06:10:00,9.8972,6.212,KHT-XE5S_2025_0526_1101,0.00019999999999997797,0.5
KHT-XE5S,2025-05-27 06:20:00,9.8976,6.212,KHT-XE5S_2025_0526_1101,0.0,0.5
KHT-XE5S,2025-05-27 06:30:00,9.8983,6.212,KHT-XE5S_2025_0526_1101,0.0,0.5
KHT-XE5S,2025-05-27 06:40:00,9.8992,6.212,KHT-XE5S_2025_0526_1101,0.0,0.5
KHT-XE5S,2025-05-27 06:50:00,9.8995,6.215,KHT-XE5S_2025_0526_1101,0.00030000000000001136,0.5
KHT-XE5S,2025-05-27 07:00:00,9.8997,6.217,KHT-XE5S_2025_0526_1101,0.00019999999999997797,0.5
KHT-XE5S,2025-05-27 07:10:00,9.9002,6.215,KHT-XE5S_2025_0526_1101,0.00019999999999997797,0.5
KHT-XE5S,2025-05-27 07:20:00,9.9008,6.216,KHT-XE5S_2025_0526_1101,0.0001000000000000334,0.5
KHT-XE5S,2025-05-27 07:30:00,9.9013,6.216,KHT-XE5S_2025_0526_1101,0.0,0.5
KHT-XE5S,2025-05-27 07:40:00,9.9016,6.22,KHT-XE5S_2025_0526_1101,0.00039999999999995595,0.5
KHT-XE5S,2025-05-27 07:50:00,9.9017,6.217,KHT-XE5S_2025_0526_1101,0.00030000000000001136,0.5
KHT-XE5S,2025-05-27 08:00:00,9.902,6.22,KHT-XE5S_2025_0526_1101,0.00030000000000001136,0.5
KHT-XE5S,2025-05-27 08:10:00,9.9031,6.22,KHT-XE5S_2025_0526_1101,0.0,0.5
KHT-XE5S,2025-05-27 08:20:00,9.9037,6.22,KHT-XE5S_2025_0526_1101,0.0,0.5
KHT-XE5S,2025-05-27 08:30:00,9.9045,6.222,KHT-XE5S_2025_0526_1101,0.0002000000000000668,0.5
KHT-XE5S,2025-05-27 08:40:00,9.9048,6.22,KHT-XE5S_2025_0526_1101,0.0002000000000000668,0.5
KHT-XE5S,2025-05-27 08:50:00,9.9051,6.22,KHT-XE5S_2025_0526_1101,0.0,0.5
KHT-XE5S,2025-05-27 09:00:00,9.9056,6.222,KHT-XE5S_2025_0526_1101,0.0002000000000000668,0.5
KHT-XE5S,2025-05-27 09:10:00,9.9052,6.225,KHT-XE5S_2025_0526_1101,0.00029999999999992256,0.5
KHT-XE5S,2025-05-27 09:20:00,9.9044,6.221,KHT-XE5S_2025_0526_1101,0.00039999999999995595,0.5
KHT-XE5S,2025-05-27 09:30:00,9.9039,6.223,KHT-XE5S_2025_0526_1101,0.00019999999999997797,0.5
KHT-XE5S,2025-05-27 09:40:00,9.9031,6.225,KHT-XE5S_2025_0526_1101,0.00019999999999997797,0.5
KHT-XE5S,2025-05-27 09:50:00,9.9021,6.224,KHT-XE5S_2025_0526_1101,9.999999999994457e-05,0.5
KHT-XE5S,2025-05-27 10:00:00,9.9008,6.226,KHT-XE5S_2025_0526_1101,0.00019999999999997797,0.5
KHT-XE5S,2025-05-27 10:10:00,9.8997,6.225,KHT-XE5S_2025_0526_1101,0.0001000000000000334,0.5
KHT-XE5S,2025-05-27 10:20:00,9.8986,6.226,KHT-XE5S_2025_0526_1101,0.0001000000000000334,0.5
KHT-XE5S,2025-05-27 10:30:00,9.8978,6.228,KHT-XE5S_2025_0526_1101,0.00019999999999997797,0.5
KHT-XE5S,2025-05-27 10:40:00,9.8968,6.226,KHT-XE5S_2025_0526_1101,0.00019999999999997797,0.5
KHT-XE5S,2025-05-27 10:50:00,9.8955,6.228,KHT-XE5S_2025_0526_1101,0.00019999999999997797,0.5
KHT-XE5S,2025-05-27 11:00:00,9.8946,6.23,KHT-XE5S_2025_0526_1101,0.0002000000000000668,0.5
KHT-XE5S,2025-05-27 11:10:00,9.8931,6.229,KHT-XE5S_2025_0526_1101,0.0001000000000000334,0.5
KHT-XE5S,2025-05-27 11:20:00,9.891,6.229,KHT-XE5S_2025_0526_1101,0.0,0.5
KHT-XE5S,2025-05-27 11:30:00,9.8886,6.231,KHT-XE5S_2025_0526_1101,0.00019999999999997797,0.5
KHT-XE5S,2025-05-27 11:40:00,9.8877,6.23,KHT-XE5S_2025_0526_1101,9.999999999994457e-05,0.5
KHT-XE5S,2025-05-27 11:50:00,9.8849,6.231,KHT-XE5S_2025_0526_1101,9.999999999994457e-05,0.5
KHT-XE5S,2025-05-27 12:00:00,9.8828,6.233,KHT-XE5S_2025_0526_1101,0.00019999999999997797,0.5
KHT-XE5S,2025-05-27 12:10:00,9.8808,6.231,KHT-XE5S_2025_0526_1101,0.00019999999999997797,0.5
KHT-XE5S,2025-05-27 12:20:00,9.8798,6.232,KHT-XE5S_2025_0526_1101,0.0001000000000000334,0.5
KHT-XE5S,2025-05-27 12:30:00,9.8773,6.233,KHT-XE5S_2025_0526_1101,9.999999999994457e-05,0.5
KHT-XE5S,2025-05-27 12:40:00,9.8748,6.234,KHT-XE5S_2025_0526_1101,0.0001000000000000334,0.5
KHT-XE5S,2025-05-27 12:50:00,9.8734,6.234,KHT-XE5S_2025_0526_1101,0.0,0.5
KHT-XE5S,2025-05-27 13:00:00,9.8705,6.236,KHT-XE5S_2025_0526_1101,0.00019999999999997797,0.5
KHT-XE5S,2025-05-27 13:10:00,9.8685,6.235,KHT-XE5S_2025_0526_1101,9.999999999994457e-05,0.5
KHT-XE5S,2025-05-27 13:20:00,9.8662,6.236,KHT-XE5S_2025_0526_1101,9.999999999994457e-05,0.5
KHT-XE5S,2025-05-27 13:30:00,9.8649,6.236,KHT-XE5S_2025_0526_1101,0.0,0.5
KHT-XE5S,2025-05-27 13:40:00,9.8624,6.237,KHT-XE5S_2025_0526_1101,0.0001000000000000334,0.5
KHT-XE5S,2025-05-27 13:50:00,9.8603,6.239,KHT-XE5S_2025_0526_1101,0.00019999999999997797,0.5
KHT-XE5S,2025-05-27 14:00:00,9.8582,6.239,KHT-XE5S_2025_0526_1101,0.0,0.5
KHT-XE5S,2025-05-27 14:10:00,9.8563,6.239,KHT-XE5S_2025_0526_1101,0.0,0.5
KHT-XE5S,2025-05-27 14:20:00,9.8529,6.24,KHT-XE5S_2025_0526_1101,0.0001000000000000334,0.5
KHT-XE5S,2025-05-27 14:30:00,9.8523,6.241,KHT-XE5S_2025_0526_1101,9.999999999994457e-05,0.5
KHT-XE5S,2025-05-27 14:40:00,9.8503,6.24,KHT-XE5S_2025_0526_1101,9.999999999994457e-05,0.5
KHT-XE5S,2025-05-27 14:50:00,9.8486,6.242,KHT-XE5S_2025_0526_1101,0.00019999999999997797,0.5
KHT-XE5S,2025-05-27 15:00:00,9.8471,6.243,KHT-XE5S_2025_0526_1101,0.0001000000000000334,0.5
KHT-XE5S,2025-05-27 15:10:00,9.8461,6.243,KHT-XE5S_2025_0526_1101,0.0,0.5
KHT-XE5S,2025-05-27 15:20:00,9.8431,6.244,KHT-XE5S_2025_0526_1101,9.999999999994457e-05,0.5
KHT-XE5S,2025-05-27 15:30:00,9.8417,6.244,KHT-XE5S_2025_0526_1101,0.0,0.5
KHT-XE5S,2025-05-27 15:40:00,9.8408,6.244,KHT-XE5S_2025_0526_1101,0.0,0.5
KHT-XE5S,2025-05-27 15:50:00,9.8391,6.246,KHT-XE5S_2025_0526_1101,0.0002000000000000668,0.5
KHT-XE5S,2025-05-27 16:00:00,9.8378,6.246,KHT-XE5S_2025_0526_1101,0.0,0.5
KHT-XE5S,2025-05-27 16:10:00,9.8353,6.246,KHT-XE5S_2025_0526_1101,0.0,0.5
KHT-XE5S,2025-05-27 16:20:00,9.8337,6.247,KHT-XE5S_2025_0526_1101,9.999999999994457e-05,0.5
KHT-XE5S,2025-05-27 16:30:00,9.8327,6.248,KHT-XE5S_2025_0526_1101,0.0001000000000000334,0.5
KHT-XE5S,2025-05-27 16:40:00,9.8314,6.249,KHT-XE5S_2025_0526_1101,9.999999999994457e-05,0.5
KHT-XE5S,2025-05-27 16:50:00,9.8318,6.249,KHT-XE5S_2025_0526_1101,0.0,0.5
KHT-XE5S,2025-05-27 17:00:00,9.8308,6.249,KHT-XE5S_2025_0526_1101,0.0,0.5
KHT-XE5S,2025-05-27 17:10:00,9.83,6.25,KHT-XE5S_2025_0526_1101,0.0001000000000000334,0.5
KHT-XE5S,2025-05-27 17:20:00,9.8304,6.252,KHT-XE5S_2025_0526_1101,0.00019999999999997797,0.5
KHT-XE5S,2025-05-27 17:30:00,9.8304,6.253,KHT-XE5S_2025_0526_1101,0.0001000000000000334,0.5
KHT-XE5S,2025-05-27 17:40:00,9.8292,6.252,KHT-XE5S_2025_0526_1101,0.0001000000000000334,0.5
KHT-XE5S,2025-05-27 17:50:00,9.8298,6.254,KHT-XE5S_2025_0526_1101,0.00019999999999997797,0.5
KHT-XE5S,2025-05-27 18:00:00,9.8312,6.254,KHT-XE5S_2025_0526_1101,0.0,0.5
KHT-XE5S,2025-05-27 18:10:00,9.8318,6.255,KHT-XE5S_2025_0526_1101,0.0001000000000000334,0.5
KHT-XE5S,2025-05-27 18:20:00,9.8323,6.257,KHT-XE5S_2025_0526_1101,0.00019999999999997797,0.5
KHT-XE5S,2025-05-27 18:30:00,9.8327,6.257,KHT-XE5S_2025_0526_1101,0.0,0.5
KHT-XE5S,2025-05-27 18:40:00,9.8328,6.258,KHT-XE5S_2025_0526_1101,0.0001000000000000334,0.5
KHT-XE5S,2025-05-27 18:50:00,9.833,6.258,KHT-XE5S_2025_0526_1101,0.0,0.5
KHT-XE5S,2025-05-27 19:00:00,9.8333,6.258,KHT-XE5S_2025_0526_1101,0.0,0.5
KHT-XE5S,2025-05-27 19:10:00,9.8346,6.257,KHT-XE5S_2025_0526_1101,0.0001000000000000334,0.5
KHT-XE5S,2025-05-27 19:20:00,9.8351,6.26,KHT-XE5S_2025_0526_1101,0.00030000000000001136,0.5
KHT-XE5S,2025-05-27 19:30:00,9.8361,6.259,KHT-XE5S_2025_0526_1101,9.999999999994457e-05,0.5
KHT-XE5S,2025-05-27 19:40:00,9.8367,6.261,KHT-XE5S_2025_0526_1101,0.00019999999999997797,0.5
KHT-XE5S,2025-05-27 19:50:00,9.8377,6.262,KHT-XE5S_2025_0526_1101,9.999999999994457e-05,0.5
KHT-XE5S,2025-05-27 20:00:00,9.8387,6.261,KHT-XE5S_2025_0526_1101,9.999999999994457e-05,0.5
KHT-XE5S,2025-05-27 20:10:00,9.8404,6.262,KHT-XE5S_2025_0526_1101,9.999999999994457e-05,0.5
KHT-XE5S,2025-05-27 20:20:00,9.8417,6.266,KHT-XE5S_2025_0526_1101,0.00040000000000004474,0.5
KHT-XE5S,2025-05-27 20:30:00,9.8432,6.263,KHT-XE5S_2025_0526_1101,0.00030000000000001136,0.5
KHT-XE5S,2025-05-27 20:40:00,9.8445,6.264,KHT-XE5S_2025_0526_1101,0.0001000000000000334,0.5
KHT-XE5S,2025-05-27 20:50:00,9.8455,6.266,KHT-XE5S_2025_0526_1101,0.00019999999999997797,0.5
KHT-XE5S,2025-05-27 21:00:00,9.8471,6.266,KHT-XE5S_2025_0526_1101,0.0,0.5
KHT-XE5S,2025-05-27 21:10:00,9.8493,6.267,KHT-XE5S_2025_0526_1101,0.0001000000000000334,0.5
KHT-XE5S,2025-05-27 21:20:00,9.8515,6.266,KHT-XE5S_2025_0526_1101,0.0001000000000000334,0.5
KHT-XE5S,2025-05-27 21:30:00,9.8527,6.268,KHT-XE5S_2025_0526_1101,0.00019999999999997797,0.5
KHT-XE5S,2025-05-27 21:40:00,9.8545,6.269,KHT-XE5S_2025_0526_1101,0.0001000000000000334,0.5
KHT-XE5S,2025-05-27 21:50:00,9.8566,6.27,KHT-XE5S_2025_0526_1101,9.999999999994457e-05,0.5
KHT-XE5S,2025-05-27 22:00:00,9.8582,6.269,KHT-XE5S_2025_0526_1101,9.999999999994457e-05,0.5
KHT-XE5S,2025-05-27 22:10:00,9.8602,6.272,KHT-XE5S_2025_0526_1101,0.00030000000000001136,0.5
KHT-XE5S,2025-05-27 22:20:00,9.8611,6.272,KHT-XE5S_2025_0526_1101,0.0,0.5
KHT-XE5S,2025-05-27 22:30:00,9.8614,6.273,KHT-XE5S_2025_0526_1101,9.999999999994457e-05,0.5
KHT-XE5S,2025-05-27 22:40:00,9.8629,6.274,KHT-XE5S_2025_0526_1101,0.0001000000000000334,0.5
KHT-XE5S,2025-05-27 22:50:00,9.8635,6.273,KHT-XE5S_2025_0526_1101,0.0001000000000000334,0.5
KHT-XE5S,2025-05-27 23:00:00,9.8637,6.275,KHT-XE5S_2025_0526_1101,0.0002000000000000668,0.5
KHT-XE5S,2025-05-27 23:10:00,9.8633,6.274,KHT-XE5S_2025_0526_1101,0.0001000000000000334,0.5
KHT-XE5S,2025-05-27 23:20:00,9.8634,6.274,KHT-XE5S_2025_0526_1101,0.0,0.5
KHT-XE5S,2025-05-27 23:30:00,9.864,6.274,KHT-XE5S_2025_0526_1101,0.0,0.5
KHT-XE5S,2025-05-27 23:40:00,9.8654,6.277,KHT-XE5S_2025_0526_1101,0.00030000000000001136,0.5
KHT-XE5S,2025-05-27 23:50:00,9.8662,6.278,KHT-XE5S_2025_0526_1101,9.999999999994457e-05,0.5
KHT-XE5S,2025-05-28 00:00:00,9.8666,6.278,KHT-XE5S_2025_0526_1101,0.0,0.5
KHT-XE5S,2025-05-28 00:10:00,9.8678,6.276,KHT-XE5S_2025_0526_1101,0.00019999999999997797,0.5
KHT-XE5S,2025-05-28 00:20:00,9.8698,6.279,KHT-XE5S_2025_0526_1101,0.00030000000000001136,0.5
KHT-XE5S,2025-05-28 00:30:00,9.8704,6.28,KHT-XE5S_2025_0526_1101,0.0001000000000000334,0.5
KHT-XE5S,2025-05-28 00:40:00,9.8708,6.282,KHT-XE5S_2025_0526_1101,0.00019999999999997797,0.5
KHT-XE5S,2025-05-28 00:50:00,9.8708,6.279,KHT-XE5S_2025_0526_1101,0.00030000000000001136,0.5
KHT-XE5S,2025-05-28 01:00:00,9.871,6.283,KHT-XE5S_2025_0526_1101,0.00040000000000004474,0.5
KHT-XE5S,2025-05-28 01:10:00,9.8718,6.282,KHT-XE5S_2025_0526_1101,0.0001000000000000334,0.5
KHT-XE5S,2025-05-28 01:20:00,9.8725,6.283,KHT-XE5S_2025_0526_1101,0.0001000000000000334,0.5
KHT-XE5S,2025-05-28 01:30:00,9.8726,6.283,KHT-XE5S_2025_0526_1101,0.0,0.5
KHT-XE5S,2025-05-28 01:40:00,9.8726,6.285,KHT-XE5S_2025_0526_1101,0.00019999999999997797,0.5
KHT-XE5S,2025-05-28 01:50:00,9.873,6.285,KHT-XE5S_2025_0526_1101,0.0,0.5
KHT-XE5S,2025-05-28 02:00:00,9.873,6.285,KHT-XE5S_2025_0526_1101,0.0,0.5
KHT-XE5S,2025-05-28 02:10:00,9.8736,6.286,KHT-XE5S_2025_0526_1101,9.999999999994457e-05,0.5
KHT-XE5S,2025-05-28 02:20:00,9.874,6.286,KHT-XE5S_2025_0526_1101,0.0,0.5
KHT-XE5S,2025-05-28 02:30:00,9.8737,6.288,KHT-XE5S_2025_0526_1101,0.0002000000000000668,0.5
KHT-XE5S,2025-05-28 02:40:00,9.8741,6.288,KHT-XE5S_2025_0526_1101,0.0,0.5
KHT-XE5S,2025-05-28 02:50:00,9.8749,6.289,KHT-XE5S_2025_0526_1101,9.999999999994457e-05,0.5
KHT-XE5S,2025-05-28 03:00:00,9.8752,6.288,KHT-XE5S_2025_0526_1101,9.999999999994457e-05,0.5
KHT-XE5S,2025-05-28 03:10:00,9.8754,6.289,KHT-XE5S_2025_0526_1101,9.999999999994457e-05,0.5
KHT-XE5S,2025-05-28 03:20:00,9.8751,6.291,KHT-XE5S_2025_0526_1101,0.0002000000000000668,0.5
KHT-XE5S,2025-05-28 03:30:00,9.8759,6.29,KHT-XE5S_2025_0526_1101,0.0001000000000000334,0.5
KHT-XE5S,2025-05-28 03:40:00,9.8762,6.291,KHT-XE5S_2025_0526_1101,0.0001000000000000334,0.5
KHT-XE5S,2025-05-28 03:50:00,9.8771,6.293,KHT-XE5S_2025_0526_1101,0.00019999999999997797,0.5
KHT-XE5S,2025-05-28 04:00:00,9.8771,6.294,KHT-XE5S_2025_0526_1101,9.999999999994457e-05,0.5
KHT-XE5S,2025-05-28 04:10:00,9.8768,6.293,KHT-XE5S_2025_0526_1101,9.999999999994457e-05,0.5
KHT-XE5S,2025-05-28 04:20:00,9.8764,6.294,KHT-XE5S_2025_0526_1101,9.999999999994457e-05,0.5
KHT-XE5S,2025-05-28 04:30:00,9.8768,6.295,KHT-XE5S_2025_0526_1101,0.0001000000000000334,0.5
KHT-XE5S,2025-05-28 04:40:00,9.8765,6.294,KHT-XE5S_2025_0526_1101,0.0001000000000000334,0.5
KHT-XE5S,2025-05-28 04:50:00,9.8769,6.297,KHT-XE5S_2025_0526_1101,0.00030000000000001136,0.5
KHT-XE5S,2025-05-28 05:00:00,9.8778,6.297,KHT-XE5S_2025_0526_1101,0.0,0.5
KHT-XE5S,2025-05-28 05:10:00,9.8784,6.295,KHT-XE5S_2025_0526_1101,0.00019999999999997797,0.5
KHT-XE5S,2025-05-28 05:20:00,9.8794,6.298,KHT-XE5S_2025_0526_1101,0.00030000000000001136,0.5
KHT-XE5S,2025-05-28 05:30:00,9.8799,6.299,KHT-XE5S_2025_0526_1101,0.0001000000000000334,0.5
KHT-XE5S,2025-05-28 05:40:00,9.8806,6.298,KHT-XE5S_2025_0526_1101,0.0001000000000000334,0.5
KHT-XE5S,2025-05-28 05:50:00,9.8811,6.3,KHT-XE5S_2025_0526_1101,0.00019999999999997797,0.5
KHT-XE5S,2025-05-28 06:00:00,9.882,6.3,KHT-XE5S_2025_0526_1101,0.0,0.5
KHT-XE5S,2025-05-28 06:10:00,9.8827,6.302,KHT-XE5S_2025_0526_1101,0.00019999999999997797,0.5
KHT-XE5S,2025-05-28 06:20:00,9.8824,6.3,KHT-XE5S_2025_0526_1101,0.00019999999999997797,0.5
KHT-XE5S,2025-05-28 06:30:00,9.8833,6.302,KHT-XE5S_2025_0526_1101,0.00019999999999997797,0.5
KHT-XE5S,2025-05-28 06:40:00,9.8846,6.303,KHT-XE5S_2025_0526_1101,0.0001000000000000334,0.5
KHT-XE5S,2025-05-28 06:50:00,9.8847,6.303,KHT-XE5S_2025_0526_1101,0.0,0.5
KHT-XE5S,2025-05-28 07:00:00,9.8847,6.304,KHT-XE5S_2025_0526_1101,0.0001000000000000334,0.5
KHT-XE5S,2025-05-28 07:10:00,9.8851,6.307,KHT-XE5S_2025_0526_1101,0.00030000000000001136,0.5
KHT-XE5S,2025-05-28 07:20:00,9.8857,6.305,KHT-XE5S_2025_0526_1101,0.0002000000000000668,0.5
KHT-XE5S,2025-05-28 07:30:00,9.8864,6.305,KHT-XE5S_2025_0526_1101,0.0,0.5
KHT-XE5S,2025-05-28 07:40:00,9.8868,6.306,KHT-XE5S_2025_0526_1101,0.0001000000000000334,0.5
KHT-XE5S,2025-05-28 07:50:00,9.8873,6.308,KHT-XE5S_2025_0526_1101,0.00019999999999997797,0.5
KHT-XE5S,2025-05-28 08:00:00,9.8878,6.307,KHT-XE5S_2025_0526_1101,9.999999999994457e-05,0.5
KHT-XE5S,2025-05-28 08:10:00,9.8883,6.308,KHT-XE5S_2025_0526_1101,9.999999999994457e-05,0.5
KHT-XE5S,2025-05-28 08:20:00,9.8887,6.31,KHT-XE5S_2025_0526_1101,0.00019999999999997797,0.5
KHT-XE5S,2025-05-28 08:30:00,9.889,6.31,KHT-XE5S_2025_0526_1101,0.0,0.5
KHT-XE5S,2025-05-28 08:40:00,9.8893,6.311,KHT-XE5S_2025_0526_1101,0.0001000000000000334,0.5
KHT-XE5S,2025-05-28 08:50:00,9.8895,6.31,KHT-XE5S_2025_0526_1101,0.0001000000000000334,0.5
KHT-XE5S,2025-05-28 09:00:00,9.8895,6.312,KHT-XE5S_2025_0526_1101,0.0002000000000000668,0.5
KHT-XE5S,2025-05-28 09:10:00,9.8889,6.313,KHT-XE5S_2025_0526_1101,9.999999999994457e-05,0.5
KHT-XE5S,2025-05-28 09:20:00,9.8889,6.314,KHT-XE5S_2025_0526_1101,0.0001000000000000334,0.5
KHT-XE5S,2025-05-28 09:30:00,9.8878,6.313,KHT-XE5S_2025_0526_1101,0.0001000000000000334,0.5
KHT-XE5S,2025-05-28 09:40:00,9.8871,6.314,KHT-XE5S_2025_0526_1101,0.0001000000000000334,0.5
KHT-XE5S,2025-05-28 09:50:00,9.8851,6.315,KHT-XE5S_2025_0526_1101,0.0001000000000000334,0.5
KHT-XE5S,2025-05-28 10:00:00,9.8833,6.318,KHT-XE5S_2025_0526_1101,0.00029999999999992256,0.5
KHT-XE5S,2025-05-28 10:10:00,9.881,6.317,KHT-XE5S_2025_0526_1101,9.999999999994457e-05,0.5
KHT-XE5S,2025-05-28 10:20:00,9.88,6.317,KHT-XE5S_2025_0526_1101,0.0,0.5
KHT-XE5S,2025-05-28 10:30:00,9.8787,6.317,KHT-XE5S_2025_0526_1101,0.0,0.5
KHT-XE5S,2025-05-28 10:40:00,9.8768,6.319,KHT-XE5S_2025_0526_1101,0.00019999999999997797,0.5
KHT-XE5S,2025-05-28 10:50:00,9.8749,6.318,KHT-XE5S_2025_0526_1101,0.0001000000000000334,0.5
KHT-XE5S,2025-05-28 11:00:00,9.8737,6.318,KHT-XE5S_2025_0526_1101,0.0,0.5
KHT-XE5S,2025-05-28 11:10:00,9.8716,6.319,KHT-XE5S_2025_0526_1101,0.0001000000000000334,0.5
KHT-XE5S,2025-05-28 11:20:00,9.8695,6.321,KHT-XE5S_2025_0526_1101,0.00019999999999997797,0.5
KHT-XE5S,2025-05-28 11:30:00,9.8682,6.318,KHT-XE5S_2025_0526_1101,0.00030000000000001136,0.5
KHT-XE5S,2025-05-28 11:40:00,9.866,6.322,KHT-XE5S_2025_0526_1101,0.00040000000000004474,0.5
KHT-XE5S,2025-05-28 11:50:00,9.8634,6.321,KHT-XE5S_2025_0526_1101,0.0001000000000000334,0.5
KHT-XE5S,2025-05-28 12:00:00,9.8622,6.321,KHT-XE5S_2025_0526_1101,0.0,0.5
KHT-XE5S,2025-05-28 12:10:00,9.8591,6.323,KHT-XE5S_2025_0526_1101,0.0002000000000000668,0.5
KHT-XE5S,2025-05-28 12:20:00,9.8558,6.323,KHT-XE5S_2025_0526_1101,0.0,0.5
KHT-XE5S,2025-05-28 12:30:00,9.8549,6.324,KHT-XE5S_2025_0526_1101,9.999999999994457e-05,0.5
KHT-XE5S,2025-05-28 12:40:00,9.8544,6.324,KHT-XE5S_2025_0526_1101,0.0,0.5
KHT-XE5S,2025-05-28 12:50:00,9.8513,6.324,KHT-XE5S_2025_0526_1101,0.0,0.5
KHT-XE5S,2025-05-28 13:00:00,9.8495,6.324,KHT-XE5S_2025_0526_1101,0.0,0.5
KHT-XE5S,2025-05-28 13:10:00,9.8488,6.326,KHT-XE5S_2025_0526_1101,0.00019999999999997797,0.5
KHT-XE5S,2025-05-28 13:20:00,9.8454,6.328,KHT-XE5S_2025_0526_1101,0.0002000000000000668,0.5
KHT-XE5S,2025-05-28 13:30:00,9.8439,6.328,KHT-XE5S_2025_0526_1101,0.0,0.5
KHT-XE5S,2025-05-28 13:40:00,9.8425,6.329,KHT-XE5S_2025_0526_1101,9.999999999994457e-05,0.5
KHT-XE5S,2025-05-28 13:50:00,9.8407,6.329,KHT-XE5S_2025_0526_1101,0.0,0.5
KHT-XE5S,2025-05-28 14:00:00,9.8389,6.329,KHT-XE5S_2025_0526_1101,0.0,0.5
KHT-XE5S,2025-05-28 14:10:00,9.8385,6.33,KHT-XE5S_2025_0526_1101,0.0001000000000000334,0.5
KHT-XE5S,2025-05-28 14:20:00,9.8364,6.33,KHT-XE5S_2025_0526_1101,0.0,0.5
KHT-XE5S,2025-05-28 14:30:00,9.8343,6.33,KHT-XE5S_2025_0526_1101,0.0,0.5
KHT-XE5S,2025-05-28 14:40:00,9.8316,6.333,KHT-XE5S_2025_0526_1101,0.00030000000000001136,0.5
KHT-XE5S,2025-05-28 14:50:00,9.8302,6.333,KHT-XE5S_2025_0526_1101,0.0,0.5
KHT-XE5S,2025-05-28 15:00:00,9.8291,6.335,KHT-XE5S_2025_0526_1101,0.00019999999999997797,0.5
KHT-XE5S,2025-05-28 15:10:00,9.8273,6.337,KHT-XE5S_2025_0526_1101,0.00019999999999997797,0.5
KHT-XE5S,2025-05-28 15:20:00,9.8263,6.335,KHT-XE5S_2025_0526_1101,0.00019999999999997797,0.5
KHT-XE5S,2025-05-28 15:30:00,9.8246,6.336,KHT-XE5S_2025_0526_1101,0.0001000000000000334,0.5
KHT-XE5S,2025-05-28 15:40:00,9.8224,6.336,KHT-XE5S_2025_0526_1101,0.0,0.5
KHT-XE5S,2025-05-28 15:50:00,9.8215,6.337,KHT-XE5S_2025_0526_1101,9.999999999994457e-05,0.5
KHT-XE5S,2025-05-28 16:00:00,9.8216,6.338,KHT-XE5S_2025_0526_1101,0.0001000000000000334,0.5
KHT-XE5S,2025-05-28 16:10:00,9.8185,6.337,KHT-XE5S_2025_0526_1101,0.0001000000000000334,0.5
KHT-XE5S,2025-05-28 16:20:00,9.8171,6.338,KHT-XE5S_2025_0526_1101,0.0001000000000000334,0.5
KHT-XE5S,2025-05-28 16:30:00,9.8169,6.339,KHT-XE5S_2025_0526_1101,0.0001000000000000334,0.5
KHT-XE5S,2025-05-28 16:40:00,9.8167,6.339,KHT-XE5S_2025_0526_1101,0.0,0.5
KHT-XE5S,2025-05-28 16:50:00,9.816,6.339,KHT-XE5S_2025_0526_1101,0.0,0.5
KHT-XE5S,2025-05-28 17:00:00,9.8168,6.342,KHT-XE5S_2025_0526_1101,0.00029999999999992256,0.5
KHT-XE5S,2025-05-28 17:10:00,9.8165,6.341,KHT-XE5S_2025_0526_1101,9.999999999994457e-05,0.5
KHT-XE5S,2025-05-28 17:20:00,9.8172,6.344,KHT-XE5S_2025_0526_1101,0.00030000000000001136,0.5
KHT-XE5S,2025-05-28 17:30:00,9.8161,6.342,KHT-XE5S_2025_0526_1101,0.0002000000000000668,0.5
KHT-XE5S,2025-05-28 17:40:00,9.816,6.345,KHT-XE5S_2025_0526_1101,0.00030000000000001136,0.5
KHT-XE5S,2025-05-28 17:50:00,9.8156,6.346,KHT-XE5S_2025_0526_1101,0.0001000000000000334,0.5
KHT-XE5S,2025-05-28 18:00:00,9.8161,6.346,KHT-XE5S_2025_0526_1101,0.0,0.5
KHT-XE5S,2025-05-28 18:10:00,9.8147,6.347,KHT-XE5S_2025_0526_1101,0.0001000000000000334,0.5
KHT-XE5S,2025-05-28 18:20:00,9.8137,6.346,KHT-XE5S_2025_0526_1101,0.0001000000000000334,0.5
KHT-XE5S,2025-05-28 18:30:00,9.8138,6.348,KHT-XE5S_2025_0526_1101,0.00019999999999997797,0.5
KHT-XE5S,2025-05-28 18:40:00,9.8145,6.35,KHT-XE5S_2025_0526_1101,0.00019999999999997797,0.5
KHT-XE5S,2025-05-28 18:50:00,9.8151,6.349,KHT-XE5S_2025_0526_1101,9.999999999994457e-05,0.5
KHT-XE5S,2025-05-28 19:00:00,9.8159,6.351,KHT-XE5S_2025_0526_1101,0.00019999999999997797,0.5
KHT-XE5S,2025-05-28 19:10:00,9.8175,6.35,KHT-XE5S_2025_0526_1101,0.0001000000000000334,0.5
KHT-XE5S,2025-05-28 19:20:00,9.8184,6.352,KHT-XE5S_2025_0526_1101,0.0002000000000000668,0.5
KHT-XE5S,2025-05-28 19:30:00,9.8201,6.353,KHT-XE5S_2025_0526_1101,9.999999999994457e-05,0.5
KHT-XE5S,2025-05-28 19:40:00,9.8213,6.353,KHT-XE5S_2025_0526_1101,0.0,0.5
KHT-XE5S,2025-05-28 19:50:00,9.8224,6.354,KHT-XE5S_2025_0526_1101,0.0001000000000000334,0.5
KHT-XE5S,2025-05-28 20:00:00,9.8229,6.355,KHT-XE5S_2025_0526_1101,0.0001000000000000334,0.5
KHT-XE5S,2025-05-28 20:10:00,9.8239,6.355,KHT-XE5S_2025_0526_1101,0.0,0.5
KHT-XE5S,2025-05-28 20:20:00,9.8263,6.357,KHT-XE5S_2025_0526_1101,0.00019999999999997797,0.5
KHT-XE5S,2025-05-28 20:30:00,9.8276,6.356,KHT-XE5S_2025_0526_1101,0.0001000000000000334,0.5
KHT-XE5S,2025-05-28 20:40:00,9.8288,6.359,KHT-XE5S_2025_0526_1101,0.00030000000000001136,0.5
KHT-XE5S,2025-05-28 20:50:00,9.8287,6.357,KHT-XE5S_2025_0526_1101,0.00019999999999997797,0.5
KHT-XE5S,2025-05-28 21:00:00,9.8291,6.359,KHT-XE5S_2025_0526_1101,0.00019999999999997797,0.5
KHT-XE5S,2025-05-28 21:10:00,9.8299,6.36,KHT-XE5S_2025_0526_1101,0.0001000000000000334,0.5
KHT-XE5S,2025-05-28 21:20:00,9.8315,6.36,KHT-XE5S_2025_0526_1101,0.0,0.5
KHT-XE5S,2025-05-28 21:30:00,9.8337,6.36,KHT-XE5S_2025_0526_1101,0.0,0.5
KHT-XE5S,2025-05-28 21:40:00,9.8359,6.362,KHT-XE5S_2025_0526_1101,0.00019999999999997797,0.5
KHT-XE5S,2025-05-28 21:50:00,9.838,6.363,KHT-XE5S_2025_0526_1101,0.0001000000000000334,0.5
KHT-XE5S,2025-05-28 22:00:00,9.839,6.363,KHT-XE5S_2025_0526_1101,0.0,0.5
KHT-XE5S,2025-05-28 22:10:00,9.8395,6.364,KHT-XE5S_2025_0526_1101,9.999999999994457e-05,0.5
KHT-XE5S,2025-05-28 22:20:00,9.8401,6.364,KHT-XE5S_2025_0526_1101,0.0,0.5
KHT-XE5S,2025-05-28 22:30:00,9.8409,6.366,KHT-XE5S_2025_0526_1101,0.00019999999999997797,0.5
KHT-XE5S,2025-05-28 22:40:00,9.8414,6.366,KHT-XE5S_2025_0526_1101,0.0,0.5
KHT-XE5S,2025-05-28 22:50:00,9.8428,6.368,KHT-XE5S_2025_0526_1101,0.0002000000000000668,0.5
KHT-XE5S,2025-05-28 23:00:00,9.8433,6.367,KHT-XE5S_2025_0526_1101,0.0001000000000000334,0.5
KHT-XE5S,2025-05-28 23:10:00,9.8442,6.368,KHT-XE5S_2025_0526_1101,0.0001000000000000334,0.5
KHT-XE5S,2025-05-28 23:20:00,9.8452,6.37,KHT-XE5S_2025_0526_1101,0.00019999999999997797,0.5
KHT-XE5S,2025-05-28 23:30:00,9.8469,6.369,KHT-XE5S_2025_0526_1101,0.0001000000000000334,0.5
KHT-XE5S,2025-05-28 23:40:00,9.8481,6.371,KHT-XE5S_2025_0526_1101,0.0002000000000000668,0.5
KHT-XE5S,2025-05-28 23:50:00,9.8501,6.37,KHT-XE5S_2025_0526_1101,0.0001000000000000334,0.5
KHT-XE5S,2025-05-29 00:00:00,9.851,6.372,KHT-XE5S_2025_0526_1101,0.00019999999999997797,0.5
KHT-XE5S,2025-05-29 00:10:00,9.8513,6.372,KHT-XE5S_2025_0526_1101,0.0,0.5
KHT-XE5S,2025-05-29 00:20:00,9.8517,6.373,KHT-XE5S_2025_0526_1101,0.0001000000000000334,0.5
KHT-XE5S,2025-05-29 00:30:00,9.8522,6.371,KHT-XE5S_2025_0526_1101,0.00019999999999997797,0.5
KHT-XE5S,2025-05-29 00:40:00,9.8531,6.373,KHT-XE5S_2025_0526_1101,0.00019999999999997797,0.5
KHT-XE5S,2025-05-29 00:50:00,9.8542,6.374,KHT-XE5S_2025_0526_1101,9.999999999994457e-05,0.5
KHT-XE5S,2025-05-29 01:00:00,9.8548,6.374,KHT-XE5S_2025_0526_1101,0.0,0.5
KHT-XE5S,2025-05-29 01:10:00,9.855,6.377,KHT-XE5S_2025_0526_1101,0.00030000000000001136,0.5
KHT-XE5S,2025-05-29 01:20:00,9.8556,6.376,KHT-XE5S_2025_0526_1101,9.999999999994457e-05,0.5
KHT-XE5S,2025-05-29 01:30:00,9.8561,6.377,KHT-XE5S_2025_0526_1101,9.999999999994457e-05,0.5
KHT-XE5S,2025-05-29 01:40:00,9.8561,6.376,KHT-XE5S_2025_0526_1101,9.999999999994457e-05,0.5
KHT-XE5S,2025-05-29 01:50:00,9.8564,6.378,KHT-XE5S_2025_0526_1101,0.00019999999999997797,0.5
KHT-XE5S,2025-05-29 02:00:00,9.8572,6.377,KHT-XE5S_2025_0526_1101,0.0001000000000000334,0.5
KHT-XE5S,2025-05-29 02:10:00,9.858,6.378,KHT-XE5S_2025_0526_1101,0.0001000000000000334,0.5
KHT-XE5S,2025-05-29 02:20:00,9.8587,6.378,KHT-XE5S_2025_0526_1101,0.0,0.5
KHT-XE5S,2025-05-29 02:30:00,9.8604,6.381,KHT-XE5S_2025_0526_1101,0.00030000000000001136,0.5
KHT-XE5S,2025-05-29 02:40:00,9.8605,6.381,KHT-XE5S_2025_0526_1101,0.0,0.5
KHT-XE5S,2025-05-29 02:50:00,9.8614,6.382,KHT-XE5S_2025_0526_1101,9.999999999994457e-05,0.5
KHT-XE5S,2025-05-29 03:00:00,9.8619,6.382,KHT-XE5S_2025_0526_1101,0.0,0.5
KHT-XE5S,2025-05-29 03:10:00,9.8619,6.383,KHT-XE5S_2025_0526_1101,0.0001000000000000334,0.5
KHT-XE5S,2025-05-29 03:20:00,9.8633,6.383,KHT-XE5S_2025_0526_1101,0.0,0.5
KHT-XE5S,2025-05-29 03:30:00,9.8642,6.384,KHT-XE5S_2025_0526_1101,0.0001000000000000334,0.5
KHT-XE5S,2025-05-29 03:40:00,9.8645,6.385,KHT-XE5S_2025_0526_1101,9.999999999994457e-05,0.5
KHT-XE5S,2025-05-29 03:50:00,9.8647,6.386,KHT-XE5S_2025_0526_1101,0.0001000000000000334,0.5
KHT-XE5S,2025-05-29 04:00:00,9.8657,6.386,KHT-XE5S_2025_0526_1101,0.0,0.5
KHT-XE5S,2025-05-29 04:10:00,9.8666,6.387,KHT-XE5S_2025_0526_1101,9.999999999994457e-05,0.5
KHT-XE5S,2025-05-29 04:20:00,9.8669,6.388,KHT-XE5S_2025_0526_1101,0.0001000000000000334,0.5
KHT-XE5S,2025-05-29 04:30:00,9.8672,6.388,KHT-XE5S_2025_0526_1101,0.0,0.5
KHT-XE5S,2025-05-29 04:40:00,9.8685,6.388,KHT-XE5S_2025_0526_1101,0.0,0.5
KHT-XE5S,2025-05-29 04:50:00,9.8694,6.391,KHT-XE5S_2025_0526_1101,0.00030000000000001136,0.5
KHT-XE5S,2025-05-29 05:00:00,9.8693,6.39,KHT-XE5S_2025_0526_1101,0.0001000000000000334,0.5
KHT-XE5S,2025-05-29 05:10:00,9.8701,6.392,KHT-XE5S_2025_0526_1101,0.0002000000000000668,0.5
KHT-XE5S,2025-05-29 05:20:00,9.8708,6.391,KHT-XE5S_2025_0526_1101,0.0001000000000000334,0.5
KHT-XE5S,2025-05-29 05:30:00,9.8711,6.393,KHT-XE5S_2025_0526_1101,0.00019999999999997797,0.5
KHT-XE5S,2025-05-29 05:40:00,9.872,6.391,KHT-XE5S_2025_0526_1101,0.00019999999999997797,0.5
KHT-XE5S,2025-05-29 05:50:00,9.8724,6.392,KHT-XE5S_2025_0526_1101,0.0001000000000000334,0.5
KHT-XE5S,2025-05-29 06:00:00,9.8727,6.394,KHT-XE5S_2025_0526_1101,0.00019999999999997797,0.5
KHT-XE5S,2025-05-29 06:10:00,9.8737,6.394,KHT-XE5S_2025_0526_1101,0.0,0.5
KHT-XE5S,2025-05-29 06:20:00,9.874,6.395,KHT-XE5S_2025_0526_1101,9.999999999994457e-05,0.5
KHT-XE5S,2025-05-29 06:30:00,9.8752,6.395,KHT-XE5S_2025_0526_1101,0.0,0.5
KHT-XE5S,2025-05-29 06:40:00,9.8763,6.397,KHT-XE5S_2025_0526_1101,0.0002000000000000668,0.5
KHT-XE5S,2025-05-29 06:50:00,9.8765,6.398,KHT-XE5S_2025_0526_1101,9.999999999994457e-05,0.5
KHT-XE5S,2025-05-29 07:00:00,9.8773,6.395,KHT-XE5S_2025_0526_1101,0.00030000000000001136,0.5
KHT-XE5S,2025-05-29 07:10:00,9.8784,6.399,KHT-XE5S_2025_0526_1101,0.00040000000000004474,0.5
KHT-XE5S,2025-05-29 07:20:00,9.8794,6.399,KHT-XE5S_2025_0526_1101,0.0,0.5
KHT-XE5S,2025-05-29 07:30:00,9.8801,6.401,KHT-XE5S_2025_0526_1101,0.00019999999999997797,0.5
KHT-XE5S,2025-05-29 07:40:00,9.881,6.399,KHT-XE5S_2025_0526_1101,0.00019999999999997797,0.5
KHT-XE5S,2025-05-29 07:50:00,9.8816,6.399,KHT-XE5S_2025_0526_1101,0.0,0.5
KHT-XE5S,2025-05-29 08:00:00,9.883,6.402,KHT-XE5S_2025_0526_1101,0.00030000000000001136,0.5
KHT-XE5S,2025-05-29 08:10:00,9.8844,6.403,KHT-XE5S_2025_0526_1101,9.999999999994457e-05,0.5
KHT-XE5S,2025-05-29 08:20:00,9.885,6.403,KHT-XE5S_2025_0526_1101,0.0,0.5
KHT-XE5S,2025-05-29 08:30:00,9.8849,6.403,KHT-XE5S_2025_0526_1101,0.0,0.5
KHT-XE5S,2025-05-29 08:40:00,9.8854,6.405,KHT-XE5S_2025_0526_1101,0.0002000000000000668,0.5
KHT-XE5S,2025-05-29 08:50:00,9.8862,6.405,KHT-XE5S_2025_0526_1101,0.0,0.5
KHT-XE5S,2025-05-29 09:00:00,9.8866,6.404,KHT-XE5S_2025_0526_1101,0.0001000000000000334,0.5
KHT-XE5S,2025-05-29 09:10:00,9.8868,6.407,KHT-XE5S_2025_0526_1101,0.00030000000000001136,0.5
KHT-XE5S,2025-05-29 09:20:00,9.886,6.406,KHT-XE5S_2025_0526_1101,0.0001000000000000334,0.5
KHT-XE5S,2025-05-29 09:30:00,9.8859,6.405,KHT-XE5S_2025_0526_1101,9.999999999994457e-05,0.5
KHT-XE5S,2025-05-29 09:40:00,9.8851,6.406,KHT-XE5S_2025_0526_1101,9.999999999994457e-05,0.5
KHT-XE5S,2025-05-29 09:50:00,9.8846,6.409,KHT-XE5S_2025_0526_1101,0.00030000000000001136,0.5
KHT-XE5S,2025-05-29 10:00:00,9.8835,6.409,KHT-XE5S_2025_0526_1101,0.0,0.5
KHT-XE5S,2025-05-29 10:10:00,9.8831,6.41,KHT-XE5S_2025_0526_1101,0.0001000000000000334,0.5
KHT-XE5S,2025-05-29 10:20:00,9.8823,6.409,KHT-XE5S_2025_0526_1101,0.0001000000000000334,0.5
KHT-XE5S,2025-05-29 10:30:00,9.8818,6.41,KHT-XE5S_2025_0526_1101,0.0001000000000000334,0.5
KHT-XE5S,2025-05-29 10:40:00,9.8806,6.411,KHT-XE5S_2025_0526_1101,9.999999999994457e-05,0.5
KHT-XE5S,2025-05-29 10:50:00,9.8795,6.411,KHT-XE5S_2025_0526_1101,0.0,0.5
KHT-XE5S,2025-05-29 11:00:00,9.8788,6.411,KHT-XE5S_2025_0526_1101,0.0,0.5
KHT-XE5S,2025-05-29 11:10:00,9.8774,6.413,KHT-XE5S_2025_0526_1101,0.0002000000000000668,0.5
KHT-XE5S,2025-05-29 11:20:00,9.8763,6.414,KHT-XE5S_2025_0526_1101,9.999999999994457e-05,0.5
KHT-XE5S,2025-05-29 11:30:00,9.8752,6.413,KHT-XE5S_2025_0526_1101,9.999999999994457e-05,0.5
KHT-XE5S,2025-05-29 11:40:00,9.8741,6.414,KHT-XE5S_2025_0526_1101,9.999999999994457e-05,0.5
KHT-XE5S,2025-05-29 11:50:00,9.8724,6.415,KHT-XE5S_2025_0526_1101,0.0001000000000000334,0.5
KHT-XE5S,2025-05-29 12:00:00,9.8714,6.415,KHT-XE5S_2025_0526_1101,0.0,0.5
KHT-XE5S,2025-05-29 12:10:00,9.8695,6.416,KHT-XE5S_2025_0526_1101,0.0001000000000000334,0.5
KHT-XE5S,2025-05-29 12:20:00,9.868,6.416,KHT-XE5S_2025_0526_1101,0.0,0.5
KHT-XE5S,2025-05-29 12:30:00,9.8663,6.416,KHT-XE5S_2025_0526_1101,0.0,0.5
KHT-XE5S,2025-05-29 12:40:00,9.8647,6.419,KHT-XE5S_2025_0526_1101,0.00029999999999992256,0.5
KHT-XE5S,2025-05-29 12:50:00,9.8628,6.417,KHT-XE5S_2025_0526_1101,0.00019999999999997797,0.5
KHT-XE5S,2025-05-29 13:00:00,9.8605,6.419,KHT-XE5S_2025_0526_1101,0.00019999999999997797,0.5
KHT-XE5S,2025-05-29 13:10:00,9.8586,6.42,KHT-XE5S_2025_0526_1101,0.0001000000000000334,0.5
KHT-XE5S,2025-05-29 13:20:00,9.8568,6.42,KHT-XE5S_2025_0526_1101,0.0,0.5
KHT-XE5S,2025-05-29 13:30:00,9.8549,6.422,KHT-XE5S_2025_0526_1101,0.00019999999999997797,0.5
KHT-XE5S,2025-05-29 13:40:00,9.8523,6.422,KHT-XE5S_2025_0526_1101,0.0,0.5
KHT-XE5S,2025-05-29 13:50:00,9.8504,6.422,KHT-XE5S_2025_0526_1101,0.0,0.5
KHT-XE5S,2025-05-29 14:00:00,9.8492,6.424,KHT-XE5S_2025_0526_1101,0.0002000000000000668,0.5
KHT-XE5S,2025-05-29 14:10:00,9.8473,6.425,KHT-XE5S_2025_0526_1101,9.999999999994457e-05,0.5
KHT-XE5S,2025-05-29 14:20:00,9.8458,6.425,KHT-XE5S_2025_0526_1101,0.0,0.5
KHT-XE5S,2025-05-29 14:30:00,9.845,6.426,KHT-XE5S_2025_0526_1101,0.0001000000000000334,0.5
KHT-XE5S,2025-05-29 14:40:00,9.8443,6.426,KHT-XE5S_2025_0526_1101,0.0,0.5
KHT-XE5S,2025-05-29 14:50:00,9.8426,6.427,KHT-XE5S_2025_0526_1101,9.999999999994457e-05,0.5
KHT-XE5S,2025-05-29 15:00:00,9.8417,6.427,KHT-XE5S_2025_0526_1101,0.0,0.5
KHT-XE5S,2025-05-29 15:10:00,9.8407,6.43,KHT-XE5S_2025_0526_1101,0.00030000000000001136,0.5
KHT-XE5S,2025-05-29 15:20:00,9.8391,6.431,KHT-XE5S_2025_0526_1101,0.0001000000000000334,0.5
KHT-XE5S,2025-05-29 15:30:00,9.8377,6.429,KHT-XE5S_2025_0526_1101,0.00019999999999997797,0.5
KHT-XE5S,2025-05-29 15:40:00,9.8366,6.429,KHT-XE5S_2025_0526_1101,0.0,0.5
KHT-XE5S,2025-05-29 15:50:00,9.8358,6.43,KHT-XE5S_2025_0526_1101,9.999999999994457e-05,0.5
KHT-XE5S,2025-05-29 16:00:00,9.8346,6.431,KHT-XE5S_2025_0526_1101,0.0001000000000000334,0.5
KHT-XE5S,2025-05-29 16:10:00,9.834,6.432,KHT-XE5S_2025_0526_1101,0.0001000000000000334,0.5
KHT-XE5S,2025-05-29 16:20:00,9.833,6.433,KHT-XE5S_2025_0526_1101,9.999999999994457e-05,0.5
KHT-XE5S,2025-05-29 16:30:00,9.8322,6.433,KHT-XE5S_2025_0526_1101,0.0,0.5
KHT-XE5S,2025-05-29 16:40:00,9.8312,6.435,KHT-XE5S_2025_0526_1101,0.00019999999999997797,0.5
KHT-XE5S,2025-05-29 16:50:00,9.8304,6.433,KHT-XE5S_2025_0526_1101,0.00019999999999997797,0.5
KHT-XE5S,2025-05-29 17:00:00,9.8201,6.459,KHT-XE5S_2025_0526_1101,0.00259999999999998,0.5
KHT-XE5S,2025-05-29 17:10:00,9.8202,6.456,KHT-XE5S_2025_0526_1101,0.00029999999999992256,0.5
KHT-XE5S,2025-05-29 17:20:00,9.82,6.455,KHT-XE5S_2025_0526_1101,0.0001000000000000334,0.5
KHT-XE5S,2025-05-29 17:30:00,9.8195,6.455,KHT-XE5S_2025_0526_1101,0.0,0.5
KHT-XE5S,2025-05-29 17:40:00,9.82,6.457,KHT-XE5S_2025_0526_1101,0.00019999999999997797,0.5
KHT-XE5S,2025-05-29 17:50:00,9.8191,6.456,KHT-XE5S_2025_0526_1101,9.999999999994457e-05,0.5
KHT-XE5S,2025-05-29 18:00:00,9.8195,6.455,KHT-XE5S_2025_0526_1101,0.0001000000000000334,0.5
KHT-XE5S,2025-05-29 18:10:00,9.8203,6.457,KHT-XE5S_2025_0526_1101,0.00019999999999997797,0.5
KHT-XE5S,2025-05-29 18:20:00,9.8211,6.458,KHT-XE5S_2025_0526_1101,0.0001000000000000334,0.5
KHT-XE5S,2025-05-29 18:30:00,9.8211,6.457,KHT-XE5S_2025_0526_1101,0.0001000000000000334,0.5
KHT-XE5S,2025-05-29 18:40:00,9.8216,6.458,KHT-XE5S_2025_0526_1101,0.0001000000000000334,0.5
KHT-XE5S,2025-05-29 18:50:00,9.8217,6.459,KHT-XE5S_2025_0526_1101,9.999999999994457e-05,0.5
KHT-XE5S,2025-05-29 19:00:00,9.8233,6.46,KHT-XE5S_2025_0526_1101,0.0001000000000000334,0.5
KHT-XE5S,2025-05-29 19:10:00,9.824,6.462,KHT-XE5S_2025_0526_1101,0.00019999999999997797,0.5
KHT-XE5S,2025-05-29 19:20:00,9.8258,6.461,KHT-XE5S_2025_0526_1101,9.999999999994457e-05,0.5
KHT-XE5S,2025-05-29 19:30:00,9.8269,6.462,KHT-XE5S_2025_0526_1101,9.999999999994457e-05,0.5
KHT-XE5S,2025-05-29 19:40:00,9.8288,6.463,KHT-XE5S_2025_0526_1101,0.0001000000000000334,0.5
KHT-XE5S,2025-05-29 19:50:00,9.8305,6.463,KHT-XE5S_2025_0526_1101,0.0,0.5
KHT-XE5S,2025-05-29 20:00:00,9.8319,6.462,KHT-XE5S_2025_0526_1101,0.0001000000000000334,0.5
KHT-XE5S,2025-05-29 20:10:00,9.8338,6.464,KHT-XE5S_2025_0526_1101,0.0002000000000000668,0.5
KHT-XE5S,2025-05-29 20:20:00,9.8348,6.466,KHT-XE5S_2025_0526_1101,0.00019999999999997797,0.5
KHT-XE5S,2025-05-29 20:30:00,9.8367,6.466,KHT-XE5S_2025_0526_1101,0.0,0.5
KHT-XE5S,2025-05-29 20:40:00,9.8382,6.467,KHT-XE5S_2025_0526_1101,9.999999999994457e-05,0.5
KHT-XE5S,2025-05-29 20:50:00,9.8393,6.467,KHT-XE5S_2025_0526_1101,0.0,0.5
KHT-XE5S,2025-05-29 21:00:00,9.8403,6.468,KHT-XE5S_2025_0526_1101,0.0001000000000000334,0.5
KHT-XE5S,2025-05-29 21:10:00,9.8414,6.468,KHT-XE5S_2025_0526_1101,0.0,0.5
KHT-XE5S,2025-05-29 21:20:00,9.8426,6.468,KHT-XE5S_2025_0526_1101,0.0,0.5
KHT-XE5S,2025-05-29 21:30:00,9.844,6.47,KHT-XE5S_2025_0526_1101,0.00019999999999997797,0.5
KHT-XE5S,2025-05-29 21:40:00,9.8457,6.469,KHT-XE5S_2025_0526_1101,9.999999999994457e-05,0.5
KHT-XE5S,2025-05-29 21:50:00,9.847,6.471,KHT-XE5S_2025_0526_1101,0.00019999999999997797,0.5
KHT-XE5S,2025-05-29 22:00:00,9.8482,6.472,KHT-XE5S_2025_0526_1101,0.0001000000000000334,0.5
KHT-XE5S,2025-05-29 22:10:00,9.8488,6.472,KHT-XE5S_2025_0526_1101,0.0,0.5
KHT-XE5S,2025-05-29 22:20:00,9.8497,6.474,KHT-XE5S_2025_0526_1101,0.00019999999999997797,0.5
KHT-XE5S,2025-05-29 22:30:00,9.8504,6.474,KHT-XE5S_2025_0526_1101,0.0,0.5
KHT-XE5S,2025-05-29 22:40:00,9.8511,6.473,KHT-XE5S_2025_0526_1101,0.0001000000000000334,0.5
KHT-XE5S,2025-05-29 22:50:00,9.8519,6.474,KHT-XE5S_2025_0526_1101,0.0001000000000000334,0.5
KHT-XE5S,2025-05-29 23:00:00,9.8533,6.475,KHT-XE5S_2025_0526_1101,9.999999999994457e-05,0.5
KHT-XE5S,2025-05-29 23:10:00,9.8541,6.477,KHT-XE5S_2025_0526_1101,0.0002000000000000668,0.5
KHT-XE5S,2025-05-29 23:20:00,9.8544,6.476,KHT-XE5S_2025_0526_1101,0.0001000000000000334,0.5
KHT-XE5S,2025-05-29 23:30:00,9.8555,6.478,KHT-XE5S_2025_0526_1101,0.00019999999999997797,0.5
KHT-XE5S,2025-05-29 23:40:00,9.8563,6.477,KHT-XE5S_2025_0526_1101,9.999999999994457e-05,0.5
KHT-XE5S,2025-05-29 23:50:00,9.8582,6.479,KHT-XE5S_2025_0526_1101,0.00019999999999997797,0.5
KHT-XE5S,2025-05-30 00:00:00,9.8596,6.479,KHT-XE5S_2025_0526_1101,0.0,0.5
KHT-XE5S,2025-05-30 00:10:00,9.8601,6.479,KHT-XE5S_2025_0526_1101,0.0,0.5
KHT-XE5S,2025-05-30 00:20:00,9.8609,6.481,KHT-XE5S_2025_0526_1101,0.00019999999999997797,0.5
KHT-XE5S,2025-05-30 00:30:00,9.8615,6.481,KHT-XE5S_2025_0526_1101,0.0,0.5
KHT-XE5S,2025-05-30 00:40:00,9.8622,6.484,KHT-XE5S_2025_0526_1101,0.00030000000000001136,0.5
KHT-XE5S,2025-05-30 00:50:00,9.8628,6.483,KHT-XE5S_2025_0526_1101,0.0001000000000000334,0.5
KHT-XE5S,2025-05-30 01:00:00,9.8633,6.485,KHT-XE5S_2025_0526_1101,0.0002000000000000668,0.5
KHT-XE5S,2025-05-30 01:10:00,9.8646,6.482,KHT-XE5S_2025_0526_1101,0.00030000000000001136,0.5
KHT-XE5S,2025-05-30 01:20:00,9.8652,6.484,KHT-XE5S_2025_0526_1101,0.00019999999999997797,0.5
KHT-XE5S,2025-05-30 01:30:00,9.8659,6.484,KHT-XE5S_2025_0526_1101,0.0,0.5
KHT-XE5S,2025-05-30 01:40:00,9.8665,6.485,KHT-XE5S_2025_0526_1101,0.0001000000000000334,0.5
KHT-XE5S,2025-05-30 01:50:00,9.8682,6.486,KHT-XE5S_2025_0526_1101,9.999999999994457e-05,0.5
KHT-XE5S,2025-05-30 02:00:00,9.8694,6.484,KHT-XE5S_2025_0526_1101,0.00019999999999997797,0.5
KHT-XE5S,2025-05-30 02:10:00,9.8708,6.487,KHT-XE5S_2025_0526_1101,0.00030000000000001136,0.5
KHT-XE5S,2025-05-30 02:20:00,9.8711,6.488,KHT-XE5S_2025_0526_1101,0.0001000000000000334,0.5
KHT-XE5S,2025-05-30 02:30:00,9.8709,6.486,KHT-XE5S_2025_0526_1101,0.0002000000000000668,0.5
KHT-XE5S,2025-05-30 02:40:00,9.8723,6.488,KHT-XE5S_2025_0526_1101,0.0002000000000000668,0.5
KHT-XE5S,2025-05-30 02:50:00,9.8734,6.489,KHT-XE5S_2025_0526_1101,9.999999999994457e-05,0.5
KHT-XE5S,2025-05-30 03:00:00,9.8749,6.489,KHT-XE5S_2025_0526_1101,0.0,0.5
KHT-XE5S,2025-05-30 03:10:00,9.8768,6.49,KHT-XE5S_2025_0526_1101,0.0001000000000000334,0.5
KHT-XE5S,2025-05-30 03:20:00,9.8785,6.489,KHT-XE5S_2025_0526_1101,0.0001000000000000334,0.5
KHT-XE5S,2025-05-30 03:30:00,9.8795,6.491,KHT-XE5S_2025_0526_1101,0.00019999999999997797,0.5
KHT-XE5S,2025-05-30 03:40:00,9.8801,6.491,KHT-XE5S_2025_0526_1101,0.0,0.5
KHT-XE5S,2025-05-30 03:50:00,9.8813,6.492,KHT-XE5S_2025_0526_1101,0.0001000000000000334,0.5
KHT-XE5S,2025-05-30 04:00:00,9.8828,6.49,KHT-XE5S_2025_0526_1101,0.00019999999999997797,0.5
KHT-XE5S,2025-05-30 04:10:00,9.8844,6.494,KHT-XE5S_2025_0526_1101,0.00039999999999995595,0.5
KHT-XE5S,2025-05-30 04:20:00,9.8846,6.497,KHT-XE5S_2025_0526_1101,0.00030000000000001136,0.5
KHT-XE5S,2025-05-30 04:30:00,9.8849,6.495,KHT-XE5S_2025_0526_1101,0.00019999999999997797,0.5
KHT-XE5S,2025-05-30 04:40:00,9.8857,6.494,KHT-XE5S_2025_0526_1101,0.0001000000000000334,0.5
KHT-XE5S,2025-05-30 04:50:00,9.886,6.497,KHT-XE5S_2025_0526_1101,0.00030000000000001136,0.5
KHT-XE5S,2025-05-30 05:00:00,9.887,6.494,KHT-XE5S_2025_0526_1101,0.00030000000000001136,0.5
KHT-XE5S,2025-05-30 05:10:00,9.888,6.497,KHT-XE5S_2025_0526_1101,0.00030000000000001136,0.5
KHT-XE5S,2025-05-30 05:20:00,9.8895,6.497,KHT-XE5S_2025_0526_1101,0.0,0.5
KHT-XE5S,2025-05-30 05:30:00,9.8904,6.498,KHT-XE5S_2025_0526_1101,0.0001000000000000334,0.5
KHT-XE5S,2025-05-30 05:40:00,9.8909,6.499,KHT-XE5S_2025_0526_1101,9.999999999994457e-05,0.5
KHT-XE5S,2025-05-30 05:50:00,9.892,6.499,KHT-XE5S_2025_0526_1101,0.0,0.5
KHT-XE5S,2025-05-30 06:00:00,9.8931,6.5,KHT-XE5S_2025_0526_1101,0.0001000000000000334,0.5
KHT-XE5S,2025-05-30 06:10:00,9.8942,6.501,KHT-XE5S_2025_0526_1101,0.0001000000000000334,0.5
KHT-XE5S,2025-05-30 06:20:00,9.8953,6.502,KHT-XE5S_2025_0526_1101,9.999999999994457e-05,0.5
KHT-XE5S,2025-05-30 06:30:00,9.8964,6.503,KHT-XE5S_2025_0526_1101,0.0001000000000000334,0.5
KHT-XE5S,2025-05-30 06:40:00,9.8974,6.503,KHT-XE5S_2025_0526_1101,0.0,0.5
KHT-XE5S,2025-05-30 06:50:00,9.898,6.503,KHT-XE5S_2025_0526_1101,0.0,0.5
KHT-XE5S,2025-05-30 07:00:00,9.899,6.503,KHT-XE5S_2025_0526_1101,0.0,0.5
KHT-XE5S,2025-05-30 07:10:00,9.9006,6.505,KHT-XE5S_2025_0526_1101,0.00019999999999997797,0.5
KHT-XE5S,2025-05-30 07:20:00,9.901,6.504,KHT-XE5S_2025_0526_1101,0.0001000000000000334,0.5
KHT-XE5S,2025-05-30 07:30:00,9.9023,6.506,KHT-XE5S_2025_0526_1101,0.0002000000000000668,0.5
KHT-XE5S,2025-05-30 07:40:00,9.9038,6.506,KHT-XE5S_2025_0526_1101,0.0,0.5
KHT-XE5S,2025-05-30 07:50:00,9.9049,6.507,KHT-XE5S_2025_0526_1101,9.999999999994457e-05,0.5
KHT-XE5S,2025-05-30 08:00:00,9.9055,6.507,KHT-XE5S_2025_0526_1101,0.0,0.5
KHT-XE5S,2025-05-30 08:10:00,9.9065,6.507,KHT-XE5S_2025_0526_1101,0.0,0.5
KHT-XE5S,2025-05-30 08:20:00,9.9077,6.507,KHT-XE5S_2025_0526_1101,0.0,0.5
KHT-XE5S,2025-05-30 08:30:00,9.9079,6.509,KHT-XE5S_2025_0526_1101,0.0002000000000000668,0.5
KHT-XE5S,2025-05-30 08:40:00,9.9075,6.51,KHT-XE5S_2025_0526_1101,9.999999999994457e-05,0.5
KHT-XE5S,2025-05-30 08:50:00,9.9073,6.511,KHT-XE5S_2025_0526_1101,0.0001000000000000334,0.5
KHT-XE5S,2025-05-30 09:00:00,9.908,6.511,KHT-XE5S_2025_0526_1101,0.0,0.5
KHT-XE5S,2025-05-30 09:10:00,9.9081,6.513,KHT-XE5S_2025_0526_1101,0.00019999999999997797,0.5
KHT-XE5S,2025-05-30 09:20:00,9.9073,6.512,KHT-XE5S_2025_0526_1101,0.0001000000000000334,0.5
KHT-XE5S,2025-05-30 09:30:00,9.9069,6.514,KHT-XE5S_2025_0526_1101,0.0002000000000000668,0.5
KHT-XE5S,2025-05-30 09:40:00,9.9065,6.515,KHT-XE5S_2025_0526_1101,9.999999999994457e-05,0.5
KHT-XE5S,2025-05-30 09:50:00,9.9055,6.515,KHT-XE5S_2025_0526_1101,0.0,0.5
KHT-XE5S,2025-05-30 10:00:00,9.9039,6.515,KHT-XE5S_2025_0526_1101,0.0,0.5
KHT-XE5S,2025-05-30 10:10:00,9.903,6.516,KHT-XE5S_2025_0526_1101,0.0001000000000000334,0.5
KHT-XE5S,2025-05-30 10:20:00,9.9024,6.517,KHT-XE5S_2025_0526_1101,0.0001000000000000334,0.5
KHT-XE5S,2025-05-30 10:30:00,9.9016,6.517,KHT-XE5S_2025_0526_1101,0.0,0.5
KHT-XE5S,2025-05-30 10:40:00,9.8997,6.518,KHT-XE5S_2025_0526_1101,9.999999999994457e-05,0.5
KHT-XE5S,2025-05-30 10:50:00,9.8989,6.519,KHT-XE5S_2025_0526_1101,0.0001000000000000334,0.5
KHT-XE5S,2025-05-30 11:00:00,9.897,6.519,KHT-XE5S_2025_0526_1101,0.0,0.5
KHT-XE5S,2025-05-30 11:10:00,9.8956,6.52,KHT-XE5S_2025_0526_1101,9.999999999994457e-05,0.5
KHT-XE5S,2025-05-30 11:20:00,9.8943,6.522,KHT-XE5S_2025_0526_1101,0.0002000000000000668,0.5
KHT-XE5S,2025-05-30 11:30:00,9.8924,6.521,KHT-XE5S_2025_0526_1101,0.0001000000000000334,0.5
KHT-XE5S,2025-05-30 11:40:00,9.8899,6.522,KHT-XE5S_2025_0526_1101,0.0001000000000000334,0.5
KHT-XE5S,2025-05-30 11:50:00,9.8878,6.521,KHT-XE5S_2025_0526_1101,0.0001000000000000334,0.5
KHT-XE5S,2025-05-30 12:00:00,9.8855,6.523,KHT-XE5S_2025_0526_1101,0.00019999999999997797,0.5
KHT-XE5S,2025-05-30 12:10:00,9.8838,6.524,KHT-XE5S_2025_0526_1101,0.0001000000000000334,0.5
KHT-XE5S,2025-05-30 12:20:00,9.8811,6.523,KHT-XE5S_2025_0526_1101,0.0001000000000000334,0.5
KHT-XE5S,2025-05-30 12:30:00,9.8786,6.525,KHT-XE5S_2025_0526_1101,0.0002000000000000668,0.5
KHT-XE5S,2025-05-30 12:40:00,9.8764,6.527,KHT-XE5S_2025_0526_1101,0.00019999999999997797,0.5
KHT-XE5S,2025-05-30 12:50:00,9.8732,6.525,KHT-XE5S_2025_0526_1101,0.00019999999999997797,0.5
KHT-XE5S,2025-05-30 13:00:00,9.8716,6.526,KHT-XE5S_2025_0526_1101,9.999999999994457e-05,0.5
KHT-XE5S,2025-05-30 13:10:00,9.8685,6.528,KHT-XE5S_2025_0526_1101,0.00019999999999997797,0.5
KHT-XE5S,2025-05-30 13:20:00,9.8658,6.528,KHT-XE5S_2025_0526_1101,0.0,0.5
KHT-XE5S,2025-05-30 13:30:00,9.8634,6.529,KHT-XE5S_2025_0526_1101,0.0001000000000000334,0.5
KHT-XE5S,2025-05-30 13:40:00,9.8612,6.529,KHT-XE5S_2025_0526_1101,0.0,0.5
KHT-XE5S,2025-05-30 13:50:00,9.859,6.532,KHT-XE5S_2025_0526_1101,0.00030000000000001136,0.5
KHT-XE5S,2025-05-30 14:00:00,9.8568,6.53,KHT-XE5S_2025_0526_1101,0.00019999999999997797,0.5
KHT-XE5S,2025-05-30 14:10:00,9.8546,6.53,KHT-XE5S_2025_0526_1101,0.0,0.5
KHT-XE5S,2025-05-30 14:20:00,9.8525,6.532,KHT-XE5S_2025_0526_1101,0.00019999999999997797,0.5
KHT-XE5S,2025-05-30 14:30:00,9.8505,6.533,KHT-XE5S_2025_0526_1101,0.0001000000000000334,0.5
KHT-XE5S,2025-05-30 14:40:00,9.8488,6.532,KHT-XE5S_2025_0526_1101,0.0001000000000000334,0.5
KHT-XE5S,2025-05-30 14:50:00,9.8468,6.533,KHT-XE5S_2025_0526_1101,0.0001000000000000334,0.5
KHT-XE5S,2025-05-30 15:00:00,9.8451,6.536,KHT-XE5S_2025_0526_1101,0.00029999999999992256,0.5
KHT-XE5S,2025-05-30 15:10:00,9.8435,6.537,KHT-XE5S_2025_0526_1101,0.0001000000000000334,0.5
KHT-XE5S,2025-05-30 15:20:00,9.8432,6.535,KHT-XE5S_2025_0526_1101,0.00019999999999997797,0.5
KHT-XE5S,2025-05-30 15:30:00,9.8408,6.537,KHT-XE5S_2025_0526_1101,0.00019999999999997797,0.5
KHT-XE5S,2025-05-30 15:40:00,9.8387,6.54,KHT-XE5S_2025_0526_1101,0.00030000000000001136,0.5
KHT-XE5S,2025-05-30 15:50:00,9.8373,6.537,KHT-XE5S_2025_0526_1101,0.00030000000000001136,0.5
KHT-XE5S,2025-05-30 16:00:00,9.8357,6.538,KHT-XE5S_2025_0526_1101,0.0001000000000000334,0.5
KHT-XE5S,2025-05-30 16:10:00,9.8347,6.54,KHT-XE5S_2025_0526_1101,0.00019999999999997797,0.5
KHT-XE5S,2025-05-30 16:20:00,9.8333,6.54,KHT-XE5S_2025_0526_1101,0.0,0.5
KHT-XE5S,2025-05-30 16:30:00,9.8326,6.542,KHT-XE5S_2025_0526_1101,0.00019999999999997797,0.5
KHT-XE5S,2025-05-30 16:40:00,9.8318,6.541,KHT-XE5S_2025_0526_1101,9.999999999994457e-05,0.5
KHT-XE5S,2025-05-30 16:50:00,9.8312,6.542,KHT-XE5S_2025_0526_1101,9.999999999994457e-05,0.5
KHT-XE5S,2025-05-30 17:00:00,9.8312,6.541,KHT-XE5S_2025_0526_1101,9.999999999994457e-05,0.5
KHT-XE5S,2025-05-30 17:10:00,9.8306,6.545,KHT-XE5S_2025_0526_1101,0.00039999999999995595,0.5
KHT-XE5S,2025-05-30 17:20:00,9.8295,6.545,KHT-XE5S_2025_0526_1101,0.0,0.5
KHT-XE5S,2025-05-30 17:30:00,9.8292,6.545,KHT-XE5S_2025_0526_1101,0.0,0.5
KHT-XE5S,2025-05-30 17:40:00,9.8295,6.544,KHT-XE5S_2025_0526_1101,0.0001000000000000334,0.5
KHT-XE5S,2025-05-30 17:50:00,9.829,6.546,KHT-XE5S_2025_0526_1101,0.0002000000000000668,0.5
KHT-XE5S,2025-05-30 18:00:00,9.8283,6.547,KHT-XE5S_2025_0526_1101,9.999999999994457e-05,0.5
KHT-XE5S,2025-05-30 18:10:00,9.8282,6.546,KHT-XE5S_2025_0526_1101,9.999999999994457e-05,0.5
KHT-XE5S,2025-05-30 18:20:00,9.8276,6.548,KHT-XE5S_2025_0526_1101,0.00019999999999997797,0.5
KHT-XE5S,2025-05-30 18:30:00,9.8272,6.549,KHT-XE5S_2025_0526_1101,0.0001000000000000334,0.5
KHT-XE5S,2025-05-30 18:40:00,9.8271,6.549,KHT-XE5S_2025_0526_1101,0.0,0.5
KHT-XE5S,2025-05-30 18:50:00,9.8276,6.55,KHT-XE5S_2025_0526_1101,9.999999999994457e-05,0.5
KHT-XE5S,2025-05-30 19:00:00,9.8284,6.55,KHT-XE5S_2025_0526_1101,0.0,0.5
KHT-XE5S,2025-05-30 19:10:00,9.8292,6.55,KHT-XE5S_2025_0526_1101,0.0,0.5
KHT-XE5S,2025-05-30 19:20:00,9.8293,6.551,KHT-XE5S_2025_0526_1101,0.0001000000000000334,0.5
KHT-XE5S,2025-05-30 19:30:00,9.8302,6.552,KHT-XE5S_2025_0526_1101,9.999999999994457e-05,0.5
KHT-XE5S,2025-05-30 19:40:00,9.8313,6.552,KHT-XE5S_2025_0526_1101,0.0,0.5
KHT-XE5S,2025-05-30 19:50:00,9.8326,6.556,KHT-XE5S_2025_0526_1101,0.00040000000000004474,0.5
KHT-XE5S,2025-05-30 20:00:00,9.8331,6.554,KHT-XE5S_2025_0526_1101,0.00019999999999997797,0.5
KHT-XE5S,2025-05-30 20:10:00,9.8335,6.558,KHT-XE5S_2025_0526_1101,0.00039999999999995595,0.5
KHT-XE5S,2025-05-30 20:20:00,9.8342,6.557,KHT-XE5S_2025_0526_1101,9.999999999994457e-05,0.5
KHT-XE5S,2025-05-30 20:30:00,9.8347,6.556,KHT-XE5S_2025_0526_1101,0.0001000000000000334,0.5
KHT-XE5S,2025-05-30 20:40:00,9.8357,6.558,KHT-XE5S_2025_0526_1101,0.00019999999999997797,0.5
KHT-XE5S,2025-05-30 20:50:00,9.8365,6.558,KHT-XE5S_2025_0526_1101,0.0,0.5
KHT-XE5S,2025-05-30 21:00:00,9.8372,6.559,KHT-XE5S_2025_0526_1101,0.0001000000000000334,0.5
KHT-XE5S,2025-05-30 21:10:00,9.8383,6.56,KHT-XE5S_2025_0526_1101,9.999999999994457e-05,0.5
KHT-XE5S,2025-05-30 21:20:00,9.8395,6.561,KHT-XE5S_2025_0526_1101,0.0001000000000000334,0.5
KHT-XE5S,2025-05-30 21:30:00,9.8411,6.562,KHT-XE5S_2025_0526_1101,0.0001000000000000334,0.5
KHT-XE5S,2025-05-30 21:40:00,9.8429,6.562,KHT-XE5S_2025_0526_1101,0.0,0.5
KHT-XE5S,2025-05-30 21:50:00,9.844,6.563,KHT-XE5S_2025_0526_1101,9.999999999994457e-05,0.5
KHT-XE5S,2025-05-30 22:00:00,9.8451,6.564,KHT-XE5S_2025_0526_1101,0.0001000000000000334,0.5
KHT-XE5S,2025-05-30 22:10:00,9.8462,6.565,KHT-XE5S_2025_0526_1101,0.0001000000000000334,0.5
KHT-XE5S,2025-05-30 22:20:00,9.8464,6.564,KHT-XE5S_2025_0526_1101,0.0001000000000000334,0.5
KHT-XE5S,2025-05-30 22:30:00,9.847,6.566,KHT-XE5S_2025_0526_1101,0.00019999999999997797,0.5
KHT-XE5S,2025-05-30 22:40:00,9.8481,6.564,KHT-XE5S_2025_0526_1101,0.00019999999999997797,0.5
KHT-XE5S,2025-05-30 22:50:00,9.8478,6.567,KHT-XE5S_2025_0526_1101,0.00030000000000001136,0.5
KHT-XE5S,2025-05-30 23:00:00,9.848,6.565,KHT-XE5S_2025_0526_1101,0.00019999999999997797,0.5
KHT-XE5S,2025-05-30 23:10:00,9.8478,6.567,KHT-XE5S_2025_0526_1101,0.00019999999999997797,0.5
KHT-XE5S,2025-05-30 23:20:00,9.8477,6.567,KHT-XE5S_2025_0526_1101,0.0,0.5
KHT-XE5S,2025-05-30 23:30:00,9.8481,6.57,KHT-XE5S_2025_0526_1101,0.00030000000000001136,0.5
KHT-XE5S,2025-05-30 23:40:00,9.8483,6.571,KHT-XE5S_2025_0526_1101,9.999999999994457e-05,0.5
KHT-XE5S,2025-05-30 23:50:00,9.8474,6.571,KHT-XE5S_2025_0526_1101,0.0,0.5
KHT-XE5S,2025-05-31 00:00:00,9.8477,6.571,KHT-XE5S_2025_0526_1101,0.0,0.5
KHT-XE5S,2025-05-31 00:10:00,9.847,6.571,KHT-XE5S_2025_0526_1101,0.0,0.5
KHT-XE5S,2025-05-31 00:20:00,9.8473,6.572,KHT-XE5S_2025_0526_1101,0.0001000000000000334,0.5
KHT-XE5S,2025-05-31 00:30:00,9.8473,6.571,KHT-XE5S_2025_0526_1101,0.0001000000000000334,0.5
KHT-XE5S,2025-05-31 00:40:00,9.8476,6.574,KHT-XE5S_2025_0526_1101,0.00030000000000001136,0.5
KHT-XE5S,2025-05-31 00:50:00,9.8472,6.576,KHT-XE5S_2025_0526_1101,0.00019999999999997797,0.5
KHT-XE5S,2025-05-31 01:00:00,9.8472,6.573,KHT-XE5S_2025_0526_1101,0.00029999999999992256,0.5
KHT-XE5S,2025-05-31 01:10:00,9.8477,6.575,KHT-XE5S_2025_0526_1101,0.00019999999999997797,0.5
KHT-XE5S,2025-05-31 01:20:00,9.8482,6.576,KHT-XE5S_2025_0526_1101,9.999999999994457e-05,0.5
KHT-XE5S,2025-05-31 01:30:00,9.8483,6.575,KHT-XE5S_2025_0526_1101,9.999999999994457e-05,0.5
KHT-XE5S,2025-05-31 01:40:00,9.8486,6.576,KHT-XE5S_2025_0526_1101,9.999999999994457e-05,0.5
KHT-XE5S,2025-05-31 01:50:00,9.8483,6.578,KHT-XE5S_2025_0526_1101,0.0002000000000000668,0.5
KHT-XE5S,2025-05-31 02:00:00,9.8476,6.578,KHT-XE5S_2025_0526_1101,0.0,0.5
KHT-XE5S,2025-05-31 02:10:00,9.8482,6.58,KHT-XE5S_2025_0526_1101,0.00019999999999997797,0.5
KHT-XE5S,2025-05-31 02:20:00,9.8489,6.58,KHT-XE5S_2025_0526_1101,0.0,0.5
KHT-XE5S,2025-05-31 02:30:00,9.849,6.58,KHT-XE5S_2025_0526_1101,0.0,0.5
KHT-XE5S,2025-05-31 02:40:00,9.8496,6.581,KHT-XE5S_2025_0526_1101,0.0001000000000000334,0.5
KHT-XE5S,2025-05-31 02:50:00,9.85,6.582,KHT-XE5S_2025_0526_1101,9.999999999994457e-05,0.5
KHT-XE5S,2025-05-31 03:00:00,9.8508,6.581,KHT-XE5S_2025_0526_1101,9.999999999994457e-05,0.5
KHT-XE5S,2025-05-31 03:10:00,9.8513,6.583,KHT-XE5S_2025_0526_1101,0.00019999999999997797,0.5
KHT-XE5S,2025-05-31 03:20:00,9.8514,6.584,KHT-XE5S_2025_0526_1101,9.999999999994457e-05,0.5
KHT-XE5S,2025-05-31 03:30:00,9.8526,6.584,KHT-XE5S_2025_0526_1101,0.0,0.5
KHT-XE5S,2025-05-31 03:40:00,9.8531,6.584,KHT-XE5S_2025_0526_1101,0.0,0.5
KHT-XE5S,2025-05-31 03:50:00,9.854,6.584,KHT-XE5S_2025_0526_1101,0.0,0.5
KHT-XE5S,2025-05-31 04:00:00,9.8546,6.585,KHT-XE5S_2025_0526_1101,0.0001000000000000334,0.5
KHT-XE5S,2025-05-31 04:10:00,9.8545,6.585,KHT-XE5S_2025_0526_1101,0.0,0.5
KHT-XE5S,2025-05-31 04:20:00,9.8549,6.588,KHT-XE5S_2025_0526_1101,0.00030000000000001136,0.5
KHT-XE5S,2025-05-31 04:30:00,9.8551,6.588,KHT-XE5S_2025_0526_1101,0.0,0.5
KHT-XE5S,2025-05-31 04:40:00,9.8569,6.588,KHT-XE5S_2025_0526_1101,0.0,0.5
KHT-XE5S,2025-05-31 04:50:00,9.8578,6.588,KHT-XE5S_2025_0526_1101,0.0,0.5
KHT-XE5S,2025-05-31 05:00:00,9.8585,6.59,KHT-XE5S_2025_0526_1101,0.00019999999999997797,0.5
KHT-XE5S,2025-05-31 05:10:00,9.8588,6.589,KHT-XE5S_2025_0526_1101,9.999999999994457e-05,0.5
KHT-XE5S,2025-05-31 05:20:00,9.8599,6.59,KHT-XE5S_2025_0526_1101,9.999999999994457e-05,0.5
KHT-XE5S,2025-05-31 05:30:00,9.8605,6.591,KHT-XE5S_2025_0526_1101,0.0001000000000000334,0.5
KHT-XE5S,2025-05-31 05:40:00,9.8616,6.593,KHT-XE5S_2025_0526_1101,0.00019999999999997797,0.5
KHT-XE5S,2025-05-31 05:50:00,9.8625,6.593,KHT-XE5S_2025_0526_1101,0.0,0.5
KHT-XE5S,2025-05-31 06:00:00,9.8633,6.594,KHT-XE5S_2025_0526_1101,0.0001000000000000334,0.5
KHT-XE5S,2025-05-31 06:10:00,9.8642,6.593,KHT-XE5S_2025_0526_1101,0.0001000000000000334,0.5
KHT-XE5S,2025-05-31 06:20:00,9.865,6.592,KHT-XE5S_2025_0526_1101,0.0001000000000000334,0.5
KHT-XE5S,2025-05-31 06:30:00,9.8662,6.595,KHT-XE5S_2025_0526_1101,0.00030000000000001136,0.5
KHT-XE5S,2025-05-31 06:40:00,9.8671,6.597,KHT-XE5S_2025_0526_1101,0.0002000000000000668,0.5
KHT-XE5S,2025-05-31 06:50:00,9.8677,6.596,KHT-XE5S_2025_0526_1101,0.0001000000000000334,0.5
KHT-XE5S,2025-05-31 07:00:00,9.8682,6.597,KHT-XE5S_2025_0526_1101,0.0001000000000000334,0.5
KHT-XE5S,2025-05-31 07:10:00,9.8689,6.596,KHT-XE5S_2025_0526_1101,0.0001000000000000334,0.5
KHT-XE5S,2025-05-31 07:20:00,9.8692,6.598,KHT-XE5S_2025_0526_1101,0.00019999999999997797,0.5
KHT-XE5S,2025-05-31 07:30:00,9.869,6.598,KHT-XE5S_2025_0526_1101,0.0,0.5
KHT-XE5S,2025-05-31 07:40:00,9.8694,6.6,KHT-XE5S_2025_0526_1101,0.00019999999999997797,0.5
KHT-XE5S,2025-05-31 07:50:00,9.8701,6.599,KHT-XE5S_2025_0526_1101,9.999999999994457e-05,0.5
KHT-XE5S,2025-05-31 08:00:00,9.8704,6.601,KHT-XE5S_2025_0526_1101,0.00019999999999997797,0.5
KHT-XE5S,2025-05-31 08:10:00,9.8705,6.601,KHT-XE5S_2025_0526_1101,0.0,0.5
KHT-XE5S,2025-05-31 08:20:00,9.8705,6.603,KHT-XE5S_2025_0526_1101,0.00019999999999997797,0.5
KHT-XE5S,2025-05-31 08:30:00,9.8709,6.604,KHT-XE5S_2025_0526_1101,0.0001000000000000334,0.5
KHT-XE5S,2025-05-31 08:40:00,9.8709,6.604,KHT-XE5S_2025_0526_1101,0.0,0.5
KHT-XE5S,2025-05-31 08:50:00,9.8705,6.602,KHT-XE5S_2025_0526_1101,0.00019999999999997797,0.5
KHT-XE5S,2025-05-31 09:00:00,9.8699,6.605,KHT-XE5S_2025_0526_1101,0.00030000000000001136,0.5
KHT-XE5S,2025-05-31 09:10:00,9.8693,6.604,KHT-XE5S_2025_0526_1101,0.0001000000000000334,0.5
KHT-XE5S,2025-05-31 09:20:00,9.8691,6.606,KHT-XE5S_2025_0526_1101,0.00019999999999997797,0.5
KHT-XE5S,2025-05-31 09:30:00,9.8684,6.607,KHT-XE5S_2025_0526_1101,0.0001000000000000334,0.5
KHT-XE5S,2025-05-31 09:40:00,9.8667,6.608,KHT-XE5S_2025_0526_1101,9.999999999994457e-05,0.5
KHT-XE5S,2025-05-31 09:50:00,9.865,6.608,KHT-XE5S_2025_0526_1101,0.0,0.5
KHT-XE5S,2025-05-31 10:00:00,9.8641,6.609,KHT-XE5S_2025_0526_1101,0.0001000000000000334,0.5
KHT-XE5S,2025-05-31 10:10:00,9.8625,6.609,KHT-XE5S_2025_0526_1101,0.0,0.5
KHT-XE5S,2025-05-31 10:20:00,9.8607,6.611,KHT-XE5S_2025_0526_1101,0.00019999999999997797,0.5
KHT-XE5S,2025-05-31 10:30:00,9.8594,6.61,KHT-XE5S_2025_0526_1101,9.999999999994457e-05,0.5
KHT-XE5S,2025-05-31 10:40:00,9.8579,6.61,KHT-XE5S_2025_0526_1101,0.0,0.5
KHT-XE5S,2025-05-31 10:50:00,9.8553,6.612,KHT-XE5S_2025_0526_1101,0.00019999999999997797,0.5
KHT-XE5S,2025-05-31 11:00:00,9.8532,6.612,KHT-XE5S_2025_0526_1101,0.0,0.5
KHT-XE5S,2025-05-31 11:10:00,9.8505,6.611,KHT-XE5S_2025_0526_1101,0.0001000000000000334,0.5
KHT-XE5S,2025-05-31 11:20:00,9.8485,6.613,KHT-XE5S_2025_0526_1101,0.0002000000000000668,0.5
KHT-XE5S,2025-05-31 11:30:00,9.8465,6.613,KHT-XE5S_2025_0526_1101,0.0,0.5
KHT-XE5S,2025-05-31 11:40:00,9.8434,6.615,KHT-XE5S_2025_0526_1101,0.00019999999999997797,0.5
KHT-XE5S,2025-05-31 11:50:00,9.8404,6.613,KHT-XE5S_2025_0526_1101,0.00019999999999997797,0.5
KHT-XE5S,2025-05-31 12:00:00,9.8376,6.616,KHT-XE5S_2025_0526_1101,0.00029999999999992256,0.5
KHT-XE5S,2025-05-31 12:10:00,9.8357,6.616,KHT-XE5S_2025_0526_1101,0.0,0.5
KHT-XE5S,2025-05-31 12:20:00,9.8337,6.616,KHT-XE5S_2025_0526_1101,0.0,0.5
KHT-XE5S,2025-05-31 12:30:00,9.8316,6.617,KHT-XE5S_2025_0526_1101,0.0001000000000000334,0.5
KHT-XE5S,2025-05-31 12:40:00,9.8294,6.619,KHT-XE5S_2025_0526_1101,0.00019999999999997797,0.5
KHT-XE5S,2025-05-31 12:50:00,9.8268,6.62,KHT-XE5S_2025_0526_1101,0.0001000000000000334,0.5
KHT-XE5S,2025-05-31 13:00:00,9.8252,6.62,KHT-XE5S_2025_0526_1101,0.0,0.5
KHT-XE5S,2025-05-31 13:10:00,9.8215,6.619,KHT-XE5S_2025_0526_1101,0.0001000000000000334,0.5
KHT-XE5S,2025-05-31 13:20:00,9.8202,6.623,KHT-XE5S_2025_0526_1101,0.00040000000000004474,0.5
KHT-XE5S,2025-05-31 13:30:00,9.818,6.623,KHT-XE5S_2025_0526_1101,0.0,0.5
KHT-XE5S,2025-05-31 13:40:00,9.818,6.623,KHT-XE5S_2025_0526_1101,0.0,0.5
KHT-XE5S,2025-05-31 13:50:00,9.8161,6.623,KHT-XE5S_2025_0526_1101,0.0,0.5
KHT-XE5S,2025-05-31 14:00:00,9.8143,6.624,KHT-XE5S_2025_0526_1101,9.999999999994457e-05,0.5
KHT-XE5S,2025-05-31 14:10:00,9.8121,6.626,KHT-XE5S_2025_0526_1101,0.0002000000000000668,0.5
KHT-XE5S,2025-05-31 14:20:00,9.8113,6.625,KHT-XE5S_2025_0526_1101,0.0001000000000000334,0.5
KHT-XE5S,2025-05-31 14:30:00,9.8097,6.626,KHT-XE5S_2025_0526_1101,0.0001000000000000334,0.5
KHT-XE5S,2025-05-31 14:40:00,9.8082,6.626,KHT-XE5S_2025_0526_1101,0.0,0.5
KHT-XE5S,2025-05-31 14:50:00,9.8056,6.627,KHT-XE5S_2025_0526_1101,9.999999999994457e-05,0.5
KHT-XE5S,2025-05-31 15:00:00,9.805,6.627,KHT-XE5S_2025_0526_1101,0.0,0.5
KHT-XE5S,2025-05-31 15:10:00,9.8035,6.629,KHT-XE5S_2025_0526_1101,0.00019999999999997797,0.5
KHT-XE5S,2025-05-31 15:20:00,9.803,6.631,KHT-XE5S_2025_0526_1101,0.0002000000000000668,0.5
KHT-XE5S,2025-05-31 15:30:00,9.8006,6.63,KHT-XE5S_2025_0526_1101,0.0001000000000000334,0.5
KHT-XE5S,2025-05-31 15:40:00,9.7986,6.631,KHT-XE5S_2025_0526_1101,0.0001000000000000334,0.5
KHT-XE5S,2025-05-31 15:50:00,9.7975,6.63,KHT-XE5S_2025_0526_1101,0.0001000000000000334,0.5
KHT-XE5S,2025-05-31 16:00:00,9.796,6.632,KHT-XE5S_2025_0526_1101,0.00019999999999997797,0.5
KHT-XE5S,2025-05-31 16:10:00,9.7952,6.632,KHT-XE5S_2025_0526_1101,0.0,0.5
KHT-XE5S,2025-05-31 16:20:00,9.7937,6.633,KHT-XE5S_2025_0526_1101,0.0001000000000000334,0.5
KHT-XE5S,2025-05-31 16:30:00,9.7926,6.635,KHT-XE5S_2025_0526_1101,0.00019999999999997797,0.5
KHT-XE5S,2025-05-31 16:40:00,9.7912,6.635,KHT-XE5S_2025_0526_1101,0.0,0.5
KHT-XE5S,2025-05-31 16:50:00,9.79,6.637,KHT-XE5S_2025_0526_1101,0.00019999999999997797,0.5
KHT-XE5S,2025-05-31 17:00:00,9.7902,6.637,KHT-XE5S_2025_0526_1101,0.0,0.5
KHT-XE5S,2025-05-31 17:10:00,9.7886,6.638,KHT-XE5S_2025_0526_1101,0.0001000000000000334,0.5
KHT-XE5S,2025-05-31 17:20:00,9.7877,6.638,KHT-XE5S_2025_0526_1101,0.0,0.5
KHT-XE5S,2025-05-31 17:30:00,9.787,6.638,KHT-XE5S_2025_0526_1101,0.0,0.5
KHT-XE5S,2025-05-31 17:40:00,9.7852,6.638,KHT-XE5S_2025_0526_1101,0.0,0.5
KHT-XE5S,2025-05-31 17:50:00,9.785,6.64,KHT-XE5S_2025_0526_1101,0.00019999999999997797,0.5
KHT-XE5S,2025-05-31 18:00:00,9.7843,6.639,KHT-XE5S_2025_0526_1101,9.999999999994457e-05,0.5
KHT-XE5S,2025-05-31 18:10:00,9.7832,6.639,KHT-XE5S_2025_0526_1101,0.0,0.5
KHT-XE5S,2025-05-31 18:20:00,9.7831,6.641,KHT-XE5S_2025_0526_1101,0.00019999999999997797,0.5
KHT-XE5S,2025-05-31 18:30:00,9.7824,6.643,KHT-XE5S_2025_0526_1101,0.00019999999999997797,0.5
KHT-XE5S,2025-05-31 18:40:00,9.782,6.643,KHT-XE5S_2025_0526_1101,0.0,0.5
KHT-XE5S,2025-05-31 18:50:00,9.7819,6.643,KHT-XE5S_2025_0526_1101,0.0,0.5
KHT-XE5S,2025-05-31 19:00:00,9.7819,6.645,KHT-XE5S_2025_0526_1101,0.00019999999999997797,0.5
KHT-XE5S,2025-05-31 19:10:00,9.7834,6.643,KHT-XE5S_2025_0526_1101,0.00019999999999997797,0.5
KHT-XE5S,2025-05-31 19:20:00,9.7836,6.644,KHT-XE5S_2025_0526_1101,0.0001000000000000334,0.5
KHT-XE5S,2025-05-31 19:30:00,9.7847,6.645,KHT-XE5S_2025_0526_1101,9.999999999994457e-05,0.5
KHT-XE5S,2025-05-31 19:40:00,9.7859,6.646,KHT-XE5S_2025_0526_1101,0.0001000000000000334,0.5
KHT-XE5S,2025-05-31 19:50:00,9.786,6.648,KHT-XE5S_2025_0526_1101,0.00019999999999997797,0.5
KHT-XE5S,2025-05-31 20:00:00,9.7866,6.647,KHT-XE5S_2025_0526_1101,9.999999999994457e-05,0.5
KHT-XE5S,2025-05-31 20:10:00,9.7868,6.648,KHT-XE5S_2025_0526_1101,9.999999999994457e-05,0.5
KHT-XE5S,2025-05-31 20:20:00,9.787,6.649,KHT-XE5S_2025_0526_1101,0.0001000000000000334,0.5
KHT-XE5S,2025-05-31 20:30:00,9.7872,6.65,KHT-XE5S_2025_0526_1101,0.0001000000000000334,0.5
KHT-XE5S,2025-05-31 20:40:00,9.7878,6.652,KHT-XE5S_2025_0526_1101,0.00019999999999997797,0.5
KHT-XE5S,2025-05-31 20:50:00,9.7883,6.654,KHT-XE5S_2025_0526_1101,0.00019999999999997797,0.5
KHT-XE5S,2025-05-31 21:00:00,9.7891,6.652,KHT-XE5S_2025_0526_1101,0.00019999999999997797,0.5
KHT-XE5S,2025-05-31 21:10:00,9.7901,6.652,KHT-XE5S_2025_0526_1101,0.0,0.5
KHT-XE5S,2025-05-31 21:20:00,9.791,6.655,KHT-XE5S_2025_0526_1101,0.00030000000000001136,0.5
KHT-XE5S,2025-05-31 21:30:00,9.7916,6.655,KHT-XE5S_2025_0526_1101,0.0,0.5
KHT-XE5S,2025-05-31 21:40:00,9.7924,6.657,KHT-XE5S_2025_0526_1101,0.00019999999999997797,0.5
KHT-XE5S,2025-05-31 21:50:00,9.793,6.655,KHT-XE5S_2025_0526_1101,0.00019999999999997797,0.5
KHT-XE5S,2025-05-31 22:00:00,9.793,6.656,KHT-XE5S_2025_0526_1101,9.999999999994457e-05,0.5
KHT-XE5S,2025-05-31 22:10:00,9.7924,6.658,KHT-XE5S_2025_0526_1101,0.0002000000000000668,0.5
KHT-XE5S,2025-05-31 22:20:00,9.7919,6.657,KHT-XE5S_2025_0526_1101,0.0001000000000000334,0.5
KHT-XE5S,2025-05-31 22:30:00,9.7924,6.658,KHT-XE5S_2025_0526_1101,0.0001000000000000334,0.5
KHT-XE5S,2025-05-31 22:40:00,9.7936,6.661,KHT-XE5S_2025_0526_1101,0.00029999999999992256,0.5
KHT-XE5S,2025-05-31 22:50:00,9.7937,6.66,KHT-XE5S_2025_0526_1101,9.999999999994457e-05,0.5
KHT-XE5S,2025-05-31 23:00:00,9.7942,6.661,KHT-XE5S_2025_0526_1101,9.999999999994457e-05,0.5
KHT-XE5S,2025-05-31 23:10:00,9.7944,6.662,KHT-XE5S_2025_0526_1101,0.0001000000000000334,0.5
KHT-XE5S,2025-05-31 23:20:00,9.7941,6.662,KHT-XE5S_2025_0526_1101,0.0,0.5
KHT-XE5S,2025-05-31 23:30:00,9.7947,6.662,KHT-XE5S_2025_0526_1101,0.0,0.5
KHT-XE5S,2025-05-31 23:40:00,9.7949,6.665,KHT-XE5S_2025_0526_1101,0.00030000000000001136,0.5
KHT-XE5S,2025-05-31 23:50:00,9.7947,6.664,KHT-XE5S_2025_0526_1101,0.0001000000000000334,0.5
KHT-XE5S,2025-06-01 00:00:00,9.7938,6.664,KHT-XE5S_2025_0526_1101,0.0,0.5
KHT-XE5S,2025-06-01 00:10:00,9.7929,6.665,KHT-XE5S_2025_0526_1101,0.0001000000000000334,0.5
KHT-XE5S,2025-06-01 00:20:00,9.7924,6.666,KHT-XE5S_2025_0526_1101,0.0001000000000000334,0.5
KHT-XE5S,2025-06-01 00:30:00,9.7913,6.667,KHT-XE5S_2025_0526_1101,9.999999999994457e-05,0.5
KHT-XE5S,2025-06-01 00:40:00,9.7903,6.668,KHT-XE5S_2025_0526_1101,0.0001000000000000334,0.5
KHT-XE5S,2025-06-01 00:50:00,9.7891,6.668,KHT-XE5S_2025_0526_1101,0.0,0.5
KHT-XE5S,2025-06-01 01:00:00,9.7891,6.67,KHT-XE5S_2025_0526_1101,0.00019999999999997797,0.5
KHT-XE5S,2025-06-01 01:10:00,9.789,6.671,KHT-XE5S_2025_0526_1101,0.0001000000000000334,0.5
KHT-XE5S,2025-06-01 01:20:00,9.7887,6.67,KHT-XE5S_2025_0526_1101,0.0001000000000000334,0.5
KHT-XE5S,2025-06-01 01:30:00,9.7887,6.671,KHT-XE5S_2025_0526_1101,0.0001000000000000334,0.5
KHT-XE5S,2025-06-01 01:40:00,9.7886,6.673,KHT-XE5S_2025_0526_1101,0.00019999999999997797,0.5
KHT-XE5S,2025-06-01 01:50:00,9.7889,6.673,KHT-XE5S_2025_0526_1101,0.0,0.5
KHT-XE5S,2025-06-01 02:00:00,9.7891,6.673,KHT-XE5S_2025_0526_1101,0.0,0.5
KHT-XE5S,2025-06-01 02:10:00,9.7884,6.673,KHT-XE5S_2025_0526_1101,0.0,0.5
KHT-XE5S,2025-06-01 02:20:00,9.7888,6.674,KHT-XE5S_2025_0526_1101,0.0001000000000000334,0.5
KHT-XE5S,2025-06-01 02:30:00,9.7891,6.676,KHT-XE5S_2025_0526_1101,0.00019999999999997797,0.5
KHT-XE5S,2025-06-01 02:40:00,9.7889,6.676,KHT-XE5S_2025_0526_1101,0.0,0.5
KHT-XE5S,2025-06-01 02:50:00,9.7891,6.677,KHT-XE5S_2025_0526_1101,9.999999999994457e-05,0.5
KHT-XE5S,2025-06-01 03:00:00,9.7885,6.676,KHT-XE5S_2025_0526_1101,9.999999999994457e-05,0.5
KHT-XE5S,2025-06-01 03:10:00,9.7885,6.678,KHT-XE5S_2025_0526_1101,0.00019999999999997797,0.5
KHT-XE5S,2025-06-01 03:20:00,9.7881,6.677,KHT-XE5S_2025_0526_1101,0.0001000000000000334,0.5
KHT-XE5S,2025-06-01 03:30:00,9.7887,6.679,KHT-XE5S_2025_0526_1101,0.0002000000000000668,0.5
KHT-XE5S,2025-06-01 03:40:00,9.7884,6.679,KHT-XE5S_2025_0526_1101,0.0,0.5
KHT-XE5S,2025-06-01 03:50:00,9.7887,6.681,KHT-XE5S_2025_0526_1101,0.00019999999999997797,0.5
KHT-XE5S,2025-06-01 04:00:00,9.7889,6.682,KHT-XE5S_2025_0526_1101,0.0001000000000000334,0.5
KHT-XE5S,2025-06-01 04:10:00,9.7888,6.682,KHT-XE5S_2025_0526_1101,0.0,0.5
KHT-XE5S,2025-06-01 04:20:00,9.7885,6.683,KHT-XE5S_2025_0526_1101,9.999999999994457e-05,0.5
KHT-XE5S,2025-06-01 04:30:00,9.7886,6.684,KHT-XE5S_2025_0526_1101,0.0001000000000000334,0.5
KHT-XE5S,2025-06-01 04:40:00,9.7888,6.682,KHT-XE5S_2025_0526_1101,0.00019999999999997797,0.5
KHT-XE5S,2025-06-01 04:50:00,9.7887,6.684,KHT-XE5S_2025_0526_1101,0.00019999999999997797,0.5
KHT-XE5S,2025-06-01 05:00:00,9.7887,6.684,KHT-XE5S_2025_0526_1101,0.0,0.5
KHT-XE5S,2025-06-01 05:10:00,9.7894,6.686,KHT-XE5S_2025_0526_1101,0.00019999999999997797,0.5
KHT-XE5S,2025-06-01 05:20:00,9.7892,6.686,KHT-XE5S_2025_0526_1101,0.0,0.5
KHT-XE5S,2025-06-01 05:30:00,9.7891,6.687,KHT-XE5S_2025_0526_1101,0.0001000000000000334,0.5
KHT-XE5S,2025-06-01 05:40:00,9.7896,6.689,KHT-XE5S_2025_0526_1101,0.00019999999999997797,0.5
KHT-XE5S,2025-06-01 05:50:00,9.7897,6.69,KHT-XE5S_2025_0526_1101,0.0001000000000000334,0.5
KHT-XE5S,2025-06-01 06:00:00,9.79,6.69,KHT-XE5S_2025_0526_1101,0.0,0.5
KHT-XE5S,2025-06-01 06:10:00,9.7896,6.688,KHT-XE5S_2025_0526_1101,0.0002000000000000668,0.5
KHT-XE5S,2025-06-01 06:20:00,9.7896,6.69,KHT-XE5S_2025_0526_1101,0.0002000000000000668,0.5
KHT-XE5S,2025-06-01 06:30:00,9.7903,6.688,KHT-XE5S_2025_0526_1101,0.0002000000000000668,0.5
KHT-XE5S,2025-06-01 06:40:00,9.7912,6.689,KHT-XE5S_2025_0526_1101,0.0001000000000000334,0.5
KHT-XE5S,2025-06-01 06:50:00,9.7923,6.692,KHT-XE5S_2025_0526_1101,0.00030000000000001136,0.5
KHT-XE5S,2025-06-01 07:00:00,9.7934,6.692,KHT-XE5S_2025_0526_1101,0.0,0.5
KHT-XE5S,2025-06-01 07:10:00,9.7938,6.692,KHT-XE5S_2025_0526_1101,0.0,0.5
KHT-XE5S,2025-06-01 07:20:00,9.7938,6.694,KHT-XE5S_2025_0526_1101,0.00019999999999997797,0.5
KHT-XE5S,2025-06-01 07:30:00,9.7933,6.694,KHT-XE5S_2025_0526_1101,0.0,0.5
KHT-XE5S,2025-06-01 07:40:00,9.7929,6.694,KHT-XE5S_2025_0526_1101,0.0,0.5
KHT-XE5S,2025-06-01 07:50:00,9.7929,6.695,KHT-XE5S_2025_0526_1101,0.0001000000000000334,0.5
KHT-XE5S,2025-06-01 08:00:00,9.7927,6.696,KHT-XE5S_2025_0526_1101,9.999999999994457e-05,0.5
KHT-XE5S,2025-06-01 08:10:00,9.7925,6.696,KHT-XE5S_2025_0526_1101,0.0,0.5
KHT-XE5S,2025-06-01 08:20:00,9.7917,6.698,KHT-XE5S_2025_0526_1101,0.0002000000000000668,0.5
KHT-XE5S,2025-06-01 08:30:00,9.791,6.7,KHT-XE5S_2025_0526_1101,0.00019999999999997797,0.5
KHT-XE5S,2025-06-01 08:40:00,9.7909,6.699,KHT-XE5S_2025_0526_1101,0.0001000000000000334,0.5
KHT-XE5S,2025-06-01 08:50:00,9.7901,6.701,KHT-XE5S_2025_0526_1101,0.00019999999999997797,0.5
KHT-XE5S,2025-06-01 09:00:00,9.7895,6.701,KHT-XE5S_2025_0526_1101,0.0,0.5
KHT-XE5S,2025-06-01 09:10:00,9.7896,6.702,KHT-XE5S_2025_0526_1101,0.0001000000000000334,0.5
KHT-XE5S,2025-06-01 09:20:00,9.788,6.701,KHT-XE5S_2025_0526_1101,0.0001000000000000334,0.5
KHT-XE5S,2025-06-01 09:30:00,9.7868,6.699,KHT-XE5S_2025_0526_1101,0.00019999999999997797,0.5
KHT-XE5S,2025-06-01 09:40:00,9.7851,6.704,KHT-XE5S_2025_0526_1101,0.0004999999999999894,0.5
KHT-XE5S,2025-06-01 09:50:00,9.7837,6.702,KHT-XE5S_2025_0526_1101,0.00019999999999997797,0.5
KHT-XE5S,2025-06-01 10:00:00,9.7816,6.704,KHT-XE5S_2025_0526_1101,0.00019999999999997797,0.5
KHT-XE5S,2025-06-01 10:10:00,9.7813,6.705,KHT-XE5S_2025_0526_1101,0.0001000000000000334,0.5
KHT-XE5S,2025-06-01 10:20:00,9.7799,6.706,KHT-XE5S_2025_0526_1101,0.0001000000000000334,0.5
KHT-XE5S,2025-06-01 10:30:00,9.7793,6.706,KHT-XE5S_2025_0526_1101,0.0,0.5
KHT-XE5S,2025-06-01 10:40:00,9.7767,6.706,KHT-XE5S_2025_0526_1101,0.0,0.5
KHT-XE5S,2025-06-01 10:50:00,9.7751,6.707,KHT-XE5S_2025_0526_1101,9.999999999994457e-05,0.5
KHT-XE5S,2025-06-01 11:00:00,9.7726,6.709,KHT-XE5S_2025_0526_1101,0.00019999999999997797,0.5
KHT-XE5S,2025-06-01 11:10:00,9.7721,6.709,KHT-XE5S_2025_0526_1101,0.0,0.5
KHT-XE5S,2025-06-01 11:20:00,9.7703,6.708,KHT-XE5S_2025_0526_1101,9.999999999994457e-05,0.5
KHT-XE5S,2025-06-01 11:30:00,9.7677,6.709,KHT-XE5S_2025_0526_1101,9.999999999994457e-05,0.5
KHT-XE5S,2025-06-01 11:40:00,9.7661,6.709,KHT-XE5S_2025_0526_1101,0.0,0.5
KHT-XE5S,2025-06-01 11:50:00,9.7644,6.711,KHT-XE5S_2025_0526_1101,0.0002000000000000668,0.5
KHT-XE5S,2025-06-01 12:00:00,9.7621,6.712,KHT-XE5S_2025_0526_1101,9.999999999994457e-05,0.5
KHT-XE5S,2025-06-01 12:10:00,9.7614,6.711,KHT-XE5S_2025_0526_1101,9.999999999994457e-05,0.5
KHT-XE5S,2025-06-01 12:20:00,9.76,6.714,KHT-XE5S_2025_0526_1101,0.00030000000000001136,0.5
KHT-XE5S,2025-06-01 12:30:00,9.7589,6.713,KHT-XE5S_2025_0526_1101,0.0001000000000000334,0.5
KHT-XE5S,2025-06-01 12:40:00,9.7575,6.716,KHT-XE5S_2025_0526_1101,0.00030000000000001136,0.5
KHT-XE5S,2025-06-01 12:50:00,9.7568,6.714,KHT-XE5S_2025_0526_1101,0.00019999999999997797,0.5
KHT-XE5S,2025-06-01 13:00:00,9.7555,6.717,KHT-XE5S_2025_0526_1101,0.00029999999999992256,0.5
KHT-XE5S,2025-06-01 13:10:00,9.7542,6.716,KHT-XE5S_2025_0526_1101,9.999999999994457e-05,0.5
KHT-XE5S,2025-06-01 13:20:00,9.7528,6.718,KHT-XE5S_2025_0526_1101,0.00019999999999997797,0.5
KHT-XE5S,2025-06-01 13:30:00,9.7512,6.717,KHT-XE5S_2025_0526_1101,0.0001000000000000334,0.5
KHT-XE5S,2025-06-01 13:40:00,9.7504,6.718,KHT-XE5S_2025_0526_1101,0.0001000000000000334,0.5
KHT-XE5S,2025-06-01 13:50:00,9.7501,6.719,KHT-XE5S_2025_0526_1101,0.0001000000000000334,0.5
KHT-XE5S,2025-06-01 14:00:00,9.7478,6.721,KHT-XE5S_2025_0526_1101,0.00019999999999997797,0.5
KHT-XE5S,2025-06-01 14:10:00,9.7464,6.719,KHT-XE5S_2025_0526_1101,0.00019999999999997797,0.5
KHT-XE5S,2025-06-01 14:20:00,9.7455,6.722,KHT-XE5S_2025_0526_1101,0.00030000000000001136,0.5
KHT-XE5S,2025-06-01 14:30:00,9.7432,6.722,KHT-XE5S_2025_0526_1101,0.0,0.5
KHT-XE5S,2025-06-01 14:40:00,9.7432,6.724,KHT-XE5S_2025_0526_1101,0.00019999999999997797,0.5
KHT-XE5S,2025-06-01 14:50:00,9.741,6.723,KHT-XE5S_2025_0526_1101,0.0001000000000000334,0.5
KHT-XE5S,2025-06-01 15:00:00,9.7392,6.726,KHT-XE5S_2025_0526_1101,0.00030000000000001136,0.5
KHT-XE5S,2025-06-01 15:10:00,9.7393,6.726,KHT-XE5S_2025_0526_1101,0.0,0.5
KHT-XE5S,2025-06-01 15:20:00,9.7378,6.727,KHT-XE5S_2025_0526_1101,0.0001000000000000334,0.5
KHT-XE5S,2025-06-01 15:30:00,9.7357,6.726,KHT-XE5S_2025_0526_1101,0.0001000000000000334,0.5
KHT-XE5S,2025-06-01 15:40:00,9.7346,6.729,KHT-XE5S_2025_0526_1101,0.00030000000000001136,0.5
KHT-XE5S,2025-06-01 15:50:00,9.7326,6.726,KHT-XE5S_2025_0526_1101,0.00030000000000001136,0.5
KHT-XE5S,2025-06-01 16:00:00,9.7309,6.728,KHT-XE5S_2025_0526_1101,0.00019999999999997797,0.5
KHT-XE5S,2025-06-01 16:10:00,9.7302,6.729,KHT-XE5S_2025_0526_1101,0.0001000000000000334,0.5
KHT-XE5S,2025-06-01 16:20:00,9.7296,6.731,KHT-XE5S_2025_0526_1101,0.00019999999999997797,0.5
KHT-XE5S,2025-06-01 16:30:00,9.7284,6.731,KHT-XE5S_2025_0526_1101,0.0,0.5
KHT-XE5S,2025-06-01 16:40:00,9.7282,6.731,KHT-XE5S_2025_0526_1101,0.0,0.5
KHT-XE5S,2025-06-01 16:50:00,9.7277,6.732,KHT-XE5S_2025_0526_1101,0.0001000000000000334,0.5
KHT-XE5S,2025-06-01 17:00:00,9.7269,6.733,KHT-XE5S_2025_0526_1101,9.999999999994457e-05,0.5
KHT-XE5S,2025-06-01 17:10:00,9.7267,6.732,KHT-XE5S_2025_0526_1101,9.999999999994457e-05,0.5
KHT-XE5S,2025-06-01 17:20:00,9.7262,6.735,KHT-XE5S_2025_0526_1101,0.00030000000000001136,0.5
KHT-XE5S,2025-06-01 17:30:00,9.7269,6.734,KHT-XE5S_2025_0526_1101,0.0001000000000000334,0.5
KHT-XE5S,2025-06-01 17:40:00,9.7267,6.737,KHT-XE5S_2025_0526_1101,0.00030000000000001136,0.5
KHT-XE5S,2025-06-01 17:50:00,9.7275,6.737,KHT-XE5S_2025_0526_1101,0.0,0.5
KHT-XE5S,2025-06-01 18:00:00,9.7278,6.736,KHT-XE5S_2025_0526_1101,0.0001000000000000334,0.5
KHT-XE5S,2025-06-01 18:10:00,9.729,6.736,KHT-XE5S_2025_0526_1101,0.0,0.5
KHT-XE5S,2025-06-01 18:20:00,9.7305,6.737,KHT-XE5S_2025_0526_1101,0.0001000000000000334,0.5
KHT-XE5S,2025-06-01 18:30:00,9.7309,6.739,KHT-XE5S_2025_0526_1101,0.00019999999999997797,0.5
KHT-XE5S,2025-06-01 18:40:00,9.7307,6.74,KHT-XE5S_2025_0526_1101,0.0001000000000000334,0.5
KHT-XE5S,2025-06-01 18:50:00,9.7312,6.74,KHT-XE5S_2025_0526_1101,0.0,0.5
KHT-XE5S,2025-06-01 19:00:00,9.7321,6.742,KHT-XE5S_2025_0526_1101,0.00019999999999997797,0.5
KHT-XE5S,2025-06-01 19:10:00,9.7333,6.742,KHT-XE5S_2025_0526_1101,0.0,0.5
KHT-XE5S,2025-06-01 19:20:00,9.7345,6.74,KHT-XE5S_2025_0526_1101,0.00019999999999997797,0.5
KHT-XE5S,2025-06-01 19:30:00,9.7359,6.745,KHT-XE5S_2025_0526_1101,0.0004999999999999894,0.5
KHT-XE5S,2025-06-01 19:40:00,9.7377,6.743,KHT-XE5S_2025_0526_1101,0.00019999999999997797,0.5
KHT-XE5S,2025-06-01 19:50:00,9.7393,6.745,KHT-XE5S_2025_0526_1101,0.00019999999999997797,0.5
KHT-XE5S,2025-06-01 20:00:00,9.7415,6.744,KHT-XE5S_2025_0526_1101,0.0001000000000000334,0.5
KHT-XE5S,2025-06-01 20:10:00,9.7429,6.746,KHT-XE5S_2025_0526_1101,0.0002000000000000668,0.5
KHT-XE5S,2025-06-01 20:20:00,9.744,6.745,KHT-XE5S_2025_0526_1101,0.0001000000000000334,0.5
KHT-XE5S,2025-06-01 20:30:00,9.7448,6.747,KHT-XE5S_2025_0526_1101,0.00019999999999997797,0.5
KHT-XE5S,2025-06-01 20:40:00,9.7453,6.749,KHT-XE5S_2025_0526_1101,0.00019999999999997797,0.5
KHT-XE5S,2025-06-01 20:50:00,9.7461,6.75,KHT-XE5S_2025_0526_1101,0.0001000000000000334,0.5
KHT-XE5S,2025-06-01 21:00:00,9.748,6.749,KHT-XE5S_2025_0526_1101,0.0001000000000000334,0.5
KHT-XE5S,2025-06-01 21:10:00,9.7507,6.749,KHT-XE5S_2025_0526_1101,0.0,0.5
KHT-XE5S,2025-06-01 21:20:00,9.7525,6.748,KHT-XE5S_2025_0526_1101,9.999999999994457e-05,0.5
KHT-XE5S,2025-06-01 21:30:00,9.7539,6.751,KHT-XE5S_2025_0526_1101,0.00030000000000001136,0.5
KHT-XE5S,2025-06-01 21:40:00,9.7552,6.751,KHT-XE5S_2025_0526_1101,0.0,0.5
KHT-XE5S,2025-06-01 21:50:00,9.7569,6.752,KHT-XE5S_2025_0526_1101,9.999999999994457e-05,0.5
KHT-XE5S,2025-06-01 22:00:00,9.7587,6.753,KHT-XE5S_2025_0526_1101,0.0001000000000000334,0.5
KHT-XE5S,2025-06-01 22:10:00,9.7607,6.753,KHT-XE5S_2025_0526_1101,0.0,0.5
KHT-XE5S,2025-06-01 22:20:00,9.7623,6.755,KHT-XE5S_2025_0526_1101,0.00019999999999997797,0.5
KHT-XE5S,2025-06-01 22:30:00,9.7629,6.756,KHT-XE5S_2025_0526_1101,0.0001000000000000334,0.5
KHT-XE5S,2025-06-01 22:40:00,9.7635,6.756,KHT-XE5S_2025_0526_1101,0.0,0.5
KHT-XE5S,2025-06-01 22:50:00,9.7641,6.756,KHT-XE5S_2025_0526_1101,0.0,0.5
KHT-XE5S,2025-06-01 23:00:00,9.7635,6.756,KHT-XE5S_2025_0526_1101,0.0,0.5
KHT-XE5S,2025-06-01 23:10:00,9.7623,6.758,KHT-XE5S_2025_0526_1101,0.00019999999999997797,0.5
KHT-XE5S,2025-06-01 23:20:00,9.7613,6.758,KHT-XE5S_2025_0526_1101,0.0,0.5
KHT-XE5S,2025-06-01 23:30:00,9.7613,6.759,KHT-XE5S_2025_0526_1101,0.0001000000000000334,0.5
KHT-XE5S,2025-06-01 23:40:00,9.7633,6.761,KHT-XE5S_2025_0526_1101,0.00019999999999997797,0.5
KHT-XE5S,2025-06-01 23:50:00,9.7669,6.76,KHT-XE5S_2025_0526_1101,0.0001000000000000334,0.5
KHT-XE5S,2025-06-02 00:00:00,9.7663,6.76,KHT-XE5S_2025_0526_1101,0.0,0.5
KHT-XE5S,2025-06-02 00:10:00,9.766,6.763,KHT-XE5S_2025_0526_1101,0.00030000000000001136,0.5
KHT-XE5S,2025-06-02 00:20:00,9.7663,6.761,KHT-XE5S_2025_0526_1101,0.00019999999999997797,0.5
KHT-XE5S,2025-06-02 00:30:00,9.7674,6.762,KHT-XE5S_2025_0526_1101,9.999999999994457e-05,0.5
KHT-XE5S,2025-06-02 00:40:00,9.768,6.763,KHT-XE5S_2025_0526_1101,0.0001000000000000334,0.5
KHT-XE5S,2025-06-02 00:50:00,9.7673,6.765,KHT-XE5S_2025_0526_1101,0.00019999999999997797,0.5
KHT-XE5S,2025-06-02 01:00:00,9.7678,6.766,KHT-XE5S_2025_0526_1101,0.0001000000000000334,0.5
KHT-XE5S,2025-06-02 01:10:00,9.769,6.764,KHT-XE5S_2025_0526_1101,0.00019999999999997797,0.5
KHT-XE5S,2025-06-02 01:20:00,9.7693,6.767,KHT-XE5S_2025_0526_1101,0.00030000000000001136,0.5
KHT-XE5S,2025-06-02 01:30:00,9.7699,6.767,KHT-XE5S_2025_0526_1101,0.0,0.5
KHT-XE5S,2025-06-02 01:40:00,9.7694,6.767,KHT-XE5S_2025_0526_1101,0.0,0.5
KHT-XE5S,2025-06-02 01:50:00,9.7697,6.772,KHT-XE5S_2025_0526_1101,0.0004999999999999894,0.5
KHT-XE5S,2025-06-02 02:00:00,9.7709,6.769,KHT-XE5S_2025_0526_1101,0.00030000000000001136,0.5
KHT-XE5S,2025-06-02 02:10:00,9.77,6.77,KHT-XE5S_2025_0526_1101,9.999999999994457e-05,0.5
KHT-XE5S,2025-06-02 02:20:00,9.7711,6.77,KHT-XE5S_2025_0526_1101,0.0,0.5
KHT-XE5S,2025-06-02 02:30:00,9.771,6.771,KHT-XE5S_2025_0526_1101,0.0001000000000000334,0.5
KHT-XE5S,2025-06-02 02:40:00,9.772,6.773,KHT-XE5S_2025_0526_1101,0.00019999999999997797,0.5
KHT-XE5S,2025-06-02 02:50:00,9.7726,6.772,KHT-XE5S_2025_0526_1101,9.999999999994457e-05,0.5
KHT-XE5S,2025-06-02 03:00:00,9.7728,6.774,KHT-XE5S_2025_0526_1101,0.00019999999999997797,0.5
KHT-XE5S,2025-06-02 03:10:00,9.7736,6.774,KHT-XE5S_2025_0526_1101,0.0,0.5
KHT-XE5S,2025-06-02 03:20:00,9.7737,6.774,KHT-XE5S_2025_0526_1101,0.0,0.5
KHT-XE5S,2025-06-02 03:30:00,9.7745,6.774,KHT-XE5S_2025_0526_1101,0.0,0.5
KHT-XE5S,2025-06-02 03:40:00,9.775,6.775,KHT-XE5S_2025_0526_1101,0.0001000000000000334,0.5
KHT-XE5S,2025-06-02 03:50:00,9.7765,6.776,KHT-XE5S_2025_0526_1101,9.999999999994457e-05,0.5
KHT-XE5S,2025-06-02 04:00:00,9.7776,6.776,KHT-XE5S_2025_0526_1101,0.0,0.5
KHT-XE5S,2025-06-02 04:10:00,9.7779,6.777,KHT-XE5S_2025_0526_1101,0.0001000000000000334,0.5
KHT-XE5S,2025-06-02 04:20:00,9.7788,6.782,KHT-XE5S_2025_0526_1101,0.0004999999999999894,0.5
KHT-XE5S,2025-06-02 04:30:00,9.7798,6.78,KHT-XE5S_2025_0526_1101,0.00019999999999997797,0.5
KHT-XE5S,2025-06-02 04:40:00,9.7816,6.78,KHT-XE5S_2025_0526_1101,0.0,0.5
KHT-XE5S,2025-06-02 04:50:00,9.7822,6.78,KHT-XE5S_2025_0526_1101,0.0,0.5
KHT-XE5S,2025-06-02 05:00:00,9.783,6.782,KHT-XE5S_2025_0526_1101,0.00019999999999997797,0.5
KHT-XE5S,2025-06-02 05:10:00,9.7841,6.781,KHT-XE5S_2025_0526_1101,0.0001000000000000334,0.5
KHT-XE5S,2025-06-02 05:20:00,9.7852,6.783,KHT-XE5S_2025_0526_1101,0.0002000000000000668,0.5
KHT-XE5S,2025-06-02 05:30:00,9.7871,6.784,KHT-XE5S_2025_0526_1101,9.999999999994457e-05,0.5
KHT-XE5S,2025-06-02 05:40:00,9.7882,6.785,KHT-XE5S_2025_0526_1101,0.0001000000000000334,0.5
KHT-XE5S,2025-06-02 05:50:00,9.7893,6.784,KHT-XE5S_2025_0526_1101,0.0001000000000000334,0.5
KHT-XE5S,2025-06-02 06:00:00,9.7906,6.786,KHT-XE5S_2025_0526_1101,0.00019999999999997797,0.5
KHT-XE5S,2025-06-02 06:10:00,9.7911,6.788,KHT-XE5S_2025_0526_1101,0.0002000000000000668,0.5
KHT-XE5S,2025-06-02 06:20:00,9.792,6.786,KHT-XE5S_2025_0526_1101,0.0002000000000000668,0.5
KHT-XE5S,2025-06-02 06:30:00,9.7936,6.789,KHT-XE5S_2025_0526_1101,0.00030000000000001136,0.5
KHT-XE5S,2025-06-02 06:40:00,9.7957,6.788,KHT-XE5S_2025_0526_1101,9.999999999994457e-05,0.5
KHT-XE5S,2025-06-02 06:50:00,9.7961,6.788,KHT-XE5S_2025_0526_1101,0.0,0.5
KHT-XE5S,2025-06-02 07:00:00,9.7971,6.788,KHT-XE5S_2025_0526_1101,0.0,0.5
KHT-XE5S,2025-06-02 07:10:00,9.7978,6.789,KHT-XE5S_2025_0526_1101,9.999999999994457e-05,0.5
KHT-XE5S,2025-06-02 07:20:00,9.7989,6.79,KHT-XE5S_2025_0526_1101,0.0001000000000000334,0.5
KHT-XE5S,2025-06-02 07:30:00,9.7997,6.792,KHT-XE5S_2025_0526_1101,0.00019999999999997797,0.5
KHT-XE5S,2025-06-02 07:40:00,9.7995,6.793,KHT-XE5S_2025_0526_1101,0.0001000000000000334,0.5
KHT-XE5S,2025-06-02 07:50:00,9.8011,6.792,KHT-XE5S_2025_0526_1101,0.0001000000000000334,0.5
KHT-XE5S,2025-06-02 08:00:00,9.802,6.792,KHT-XE5S_2025_0526_1101,0.0,0.5
KHT-XE5S,2025-06-02 08:10:00,9.8019,6.793,KHT-XE5S_2025_0526_1101,0.0001000000000000334,0.5
KHT-XE5S,2025-06-02 08:20:00,9.8031,6.797,KHT-XE5S_2025_0526_1101,0.00039999999999995595,0.5
KHT-XE5S,2025-06-02 08:30:00,9.8044,6.795,KHT-XE5S_2025_0526_1101,0.00019999999999997797,0.5
KHT-XE5S,2025-06-02 08:40:00,9.8055,6.796,KHT-XE5S_2025_0526_1101,0.0001000000000000334,0.5
KHT-XE5S,2025-06-02 08:50:00,9.8057,6.797,KHT-XE5S_2025_0526_1101,9.999999999994457e-05,0.5
KHT-XE5S,2025-06-02 09:00:00,9.8052,6.797,KHT-XE5S_2025_0526_1101,0.0,0.5
KHT-XE5S,2025-06-02 09:10:00,9.8042,6.799,KHT-XE5S_2025_0526_1101,0.0002000000000000668,0.5
KHT-XE5S,2025-06-02 09:20:00,9.8035,6.798,KHT-XE5S_2025_0526_1101,0.0001000000000000334,0.5
KHT-XE5S,2025-06-02 09:30:00,9.8031,6.8,KHT-XE5S_2025_0526_1101,0.00019999999999997797,0.5
KHT-XE5S,2025-06-02 09:40:00,9.8026,6.803,KHT-XE5S_2025_0526_1101,0.00030000000000001136,0.5
KHT-XE5S,2025-06-02 09:50:00,9.8018,6.802,KHT-XE5S_2025_0526_1101,0.0001000000000000334,0.5
KHT-XE5S,2025-06-02 10:00:00,9.8009,6.801,KHT-XE5S_2025_0526_1101,9.999999999994457e-05,0.5
KHT-XE5S,2025-06-02 10:10:00,9.8,6.803,KHT-XE5S_2025_0526_1101,0.00019999999999997797,0.5
KHT-XE5S,2025-06-02 10:20:00,9.7991,6.804,KHT-XE5S_2025_0526_1101,0.0001000000000000334,0.5
KHT-XE5S,2025-06-02 10:30:00,9.797,6.803,KHT-XE5S_2025_0526_1101,0.0001000000000000334,0.5
KHT-XE5S,2025-06-02 10:40:00,9.7967,6.804,KHT-XE5S_2025_0526_1101,0.0001000000000000334,0.5
KHT-XE5S,2025-06-02 10:50:00,9.7956,6.805,KHT-XE5S_2025_0526_1101,9.999999999994457e-05,0.5
KHT-XE5S,2025-06-02 11:00:00,9.7944,6.804,KHT-XE5S_2025_0526_1101,9.999999999994457e-05,0.5
KHT-XE5S,2025-06-02 11:10:00,9.7928,6.807,KHT-XE5S_2025_0526_1101,0.00030000000000001136,0.5
KHT-XE5S,2025-06-02 11:20:00,9.7923,6.806,KHT-XE5S_2025_0526_1101,0.0001000000000000334,0.5
KHT-XE5S,2025-06-02 11:30:00,9.7908,6.806,KHT-XE5S_2025_0526_1101,0.0,0.5
KHT-XE5S,2025-06-02 11:40:00,9.7901,6.807,KHT-XE5S_2025_0526_1101,0.0001000000000000334,0.5
KHT-XE5S,2025-06-02 11:50:00,9.7888,6.809,KHT-XE5S_2025_0526_1101,0.00019999999999997797,0.5
KHT-XE5S,2025-06-02 12:00:00,9.7866,6.809,KHT-XE5S_2025_0526_1101,0.0,0.5
KHT-XE5S,2025-06-02 12:10:00,9.785,6.81,KHT-XE5S_2025_0526_1101,9.999999999994457e-05,0.5
KHT-XE5S,2025-06-02 12:20:00,9.7838,6.81,KHT-XE5S_2025_0526_1101,0.0,0.5
KHT-XE5S,2025-06-02 12:30:00,9.7813,6.812,KHT-XE5S_2025_0526_1101,0.0002000000000000668,0.5
KHT-XE5S,2025-06-02 12:40:00,9.7793,6.811,KHT-XE5S_2025_0526_1101,0.0001000000000000334,0.5
KHT-XE5S,2025-06-02 12:50:00,9.7773,6.814,KHT-XE5S_2025_0526_1101,0.00030000000000001136,0.5
KHT-XE5S,2025-06-02 13:00:00,9.7753,6.813,KHT-XE5S_2025_0526_1101,0.0001000000000000334,0.5
KHT-XE5S,2025-06-02 13:10:00,9.7732,6.814,KHT-XE5S_2025_0526_1101,0.0001000000000000334,0.5
KHT-XE5S,2025-06-02 13:20:00,9.7702,6.814,KHT-XE5S_2025_0526_1101,0.0,0.5
KHT-XE5S,2025-06-02 13:30:00,9.7688,6.814,KHT-XE5S_2025_0526_1101,0.0,0.5
KHT-XE5S,2025-06-02 13:40:00,9.7669,6.818,KHT-XE5S_2025_0526_1101,0.00039999999999995595,0.5
KHT-XE5S,2025-06-02 13:50:00,9.7645,6.817,KHT-XE5S_2025_0526_1101,9.999999999994457e-05,0.5
KHT-XE5S,2025-06-02 14:00:00,9.7631,6.819,KHT-XE5S_2025_0526_1101,0.00019999999999997797,0.5
KHT-XE5S,2025-06-02 14:10:00,9.7613,6.82,KHT-XE5S_2025_0526_1101,0.0001000000000000334,0.5
KHT-XE5S,2025-06-02 14:20:00,9.7595,6.818,KHT-XE5S_2025_0526_1101,0.0002000000000000668,0.5
KHT-XE5S,2025-06-02 14:30:00,9.7581,6.819,KHT-XE5S_2025_0526_1101,0.0001000000000000334,0.5
KHT-XE5S,2025-06-02 14:40:00,9.756,6.819,KHT-XE5S_2025_0526_1101,0.0,0.5
KHT-XE5S,2025-06-02 14:50:00,9.7546,6.821,KHT-XE5S_2025_0526_1101,0.00019999999999997797,0.5
KHT-XE5S,2025-06-02 15:00:00,9.7538,6.822,KHT-XE5S_2025_0526_1101,0.0001000000000000334,0.5
KHT-XE5S,2025-06-02 15:10:00,9.7523,6.824,KHT-XE5S_2025_0526_1101,0.00019999999999997797,0.5
KHT-XE5S,2025-06-02 15:20:00,9.7504,6.823,KHT-XE5S_2025_0526_1101,9.999999999994457e-05,0.5
KHT-XE5S,2025-06-02 15:30:00,9.7498,6.824,KHT-XE5S_2025_0526_1101,9.999999999994457e-05,0.5
KHT-XE5S,2025-06-02 15:40:00,9.7487,6.825,KHT-XE5S_2025_0526_1101,0.0001000000000000334,0.5
KHT-XE5S,2025-06-02 15:50:00,9.7483,6.826,KHT-XE5S_2025_0526_1101,9.999999999994457e-05,0.5
KHT-XE5S,2025-06-02 16:00:00,9.7466,6.825,KHT-XE5S_2025_0526_1101,9.999999999994457e-05,0.5
KHT-XE5S,2025-06-02 16:10:00,9.7462,6.827,KHT-XE5S_2025_0526_1101,0.00019999999999997797,0.5
KHT-XE5S,2025-06-02 16:20:00,9.7446,6.827,KHT-XE5S_2025_0526_1101,0.0,0.5
KHT-XE5S,2025-06-02 16:30:00,9.7435,6.825,KHT-XE5S_2025_0526_1101,0.00019999999999997797,0.5
KHT-XE5S,2025-06-02 16:40:00,9.7431,6.83,KHT-XE5S_2025_0526_1101,0.0004999999999999894,0.5
KHT-XE5S,2025-06-02 16:50:00,9.7434,6.83,KHT-XE5S_2025_0526_1101,0.0,0.5
KHT-XE5S,2025-06-02 17:00:00,9.7434,6.831,KHT-XE5S_2025_0526_1101,0.0001000000000000334,0.5
KHT-XE5S,2025-06-02 17:10:00,9.7428,6.83,KHT-XE5S_2025_0526_1101,0.0001000000000000334,0.5
KHT-XE5S,2025-06-02 17:20:00,9.7425,6.831,KHT-XE5S_2025_0526_1101,0.0001000000000000334,0.5
KHT-XE5S,2025-06-02 17:30:00,9.7415,6.831,KHT-XE5S_2025_0526_1101,0.0,0.5
KHT-XE5S,2025-06-02 17:40:00,9.7421,6.833,KHT-XE5S_2025_0526_1101,0.00019999999999997797,0.5
KHT-XE5S,2025-06-02 17:50:00,9.7416,6.833,KHT-XE5S_2025_0526_1101,0.0,0.5
KHT-XE5S,2025-06-02 18:00:00,9.7421,6.833,KHT-XE5S_2025_0526_1101,0.0,0.5
KHT-XE5S,2025-06-02 18:10:00,9.7425,6.835,KHT-XE5S_2025_0526_1101,0.00019999999999997797,0.5
KHT-XE5S,2025-06-02 18:20:00,9.7426,6.835,KHT-XE5S_2025_0526_1101,0.0,0.5
KHT-XE5S,2025-06-02 18:30:00,9.7434,6.837,KHT-XE5S_2025_0526_1101,0.00019999999999997797,0.5
KHT-XE5S,2025-06-02 18:40:00,9.7443,6.839,KHT-XE5S_2025_0526_1101,0.0002000000000000668,0.5
KHT-XE5S,2025-06-02 18:50:00,9.745,6.838,KHT-XE5S_2025_0526_1101,0.0001000000000000334,0.5
KHT-XE5S,2025-06-02 19:00:00,9.7461,6.84,KHT-XE5S_2025_0526_1101,0.00019999999999997797,0.5
KHT-XE5S,2025-06-02 19:10:00,9.7467,6.841,KHT-XE5S_2025_0526_1101,0.0001000000000000334,0.5
KHT-XE5S,2025-06-02 19:20:00,9.7474,6.84,KHT-XE5S_2025_0526_1101,0.0001000000000000334,0.5
KHT-XE5S,2025-06-02 19:30:00,9.7489,6.84,KHT-XE5S_2025_0526_1101,0.0,0.5
KHT-XE5S,2025-06-02 19:40:00,9.7498,6.841,KHT-XE5S_2025_0526_1101,0.0001000000000000334,0.5
KHT-XE5S,2025-06-02 19:50:00,9.7513,6.844,KHT-XE5S_2025_0526_1101,0.00030000000000001136,0.5
KHT-XE5S,2025-06-02 20:00:00,9.7521,6.843,KHT-XE5S_2025_0526_1101,0.0001000000000000334,0.5
KHT-XE5S,2025-06-02 20:10:00,9.7533,6.843,KHT-XE5S_2025_0526_1101,0.0,0.5
KHT-XE5S,2025-06-02 20:20:00,9.7543,6.845,KHT-XE5S_2025_0526_1101,0.00019999999999997797,0.5
KHT-XE5S,2025-06-02 20:30:00,9.7555,6.845,KHT-XE5S_2025_0526_1101,0.0,0.5
KHT-XE5S,2025-06-02 20:40:00,9.7569,6.845,KHT-XE5S_2025_0526_1101,0.0,0.5
KHT-XE5S,2025-06-02 20:50:00,9.7577,6.847,KHT-XE5S_2025_0526_1101,0.0002000000000000668,0.5
KHT-XE5S,2025-06-02 21:00:00,9.7588,6.846,KHT-XE5S_2025_0526_1101,0.0001000000000000334,0.5
KHT-XE5S,2025-06-02 21:10:00,9.7607,6.848,KHT-XE5S_2025_0526_1101,0.00019999999999997797,0.5
KHT-XE5S,2025-06-02 21:20:00,9.7626,6.849,KHT-XE5S_2025_0526_1101,0.0001000000000000334,0.5
KHT-XE5S,2025-06-02 21:30:00,9.7641,6.848,KHT-XE5S_2025_0526_1101,0.0001000000000000334,0.5
KHT-XE5S,2025-06-02 21:40:00,9.7658,6.849,KHT-XE5S_2025_0526_1101,0.0001000000000000334,0.5
KHT-XE5S,2025-06-02 21:50:00,9.7675,6.85,KHT-XE5S_2025_0526_1101,9.999999999994457e-05,0.5
KHT-XE5S,2025-06-02 22:00:00,9.7685,6.851,KHT-XE5S_2025_0526_1101,0.0001000000000000334,0.5
KHT-XE5S,2025-06-02 22:10:00,9.7696,6.852,KHT-XE5S_2025_0526_1101,0.0001000000000000334,0.5
KHT-XE5S,2025-06-02 22:20:00,9.7708,6.852,KHT-XE5S_2025_0526_1101,0.0,0.5
KHT-XE5S,2025-06-02 22:30:00,9.7723,6.853,KHT-XE5S_2025_0526_1101,9.999999999994457e-05,0.5
KHT-XE5S,2025-06-02 22:40:00,9.7729,6.855,KHT-XE5S_2025_0526_1101,0.0002000000000000668,0.5
KHT-XE5S,2025-06-02 22:50:00,9.7741,6.856,KHT-XE5S_2025_0526_1101,9.999999999994457e-05,0.5
KHT-XE5S,2025-06-02 23:00:00,9.7748,6.854,KHT-XE5S_2025_0526_1101,0.00019999999999997797,0.5
KHT-XE5S,2025-06-02 23:10:00,9.7757,6.857,KHT-XE5S_2025_0526_1101,0.00030000000000001136,0.5
KHT-XE5S,2025-06-02 23:20:00,9.7757,6.857,KHT-XE5S_2025_0526_1101,0.0,0.5
KHT-XE5S,2025-06-02 23:30:00,9.7757,6.857,KHT-XE5S_2025_0526_1101,0.0,0.5
KHT-XE5S,2025-06-02 23:40:00,9.7759,6.858,KHT-XE5S_2025_0526_1101,9.999999999994457e-05,0.5
KHT-XE5S,2025-06-02 23:50:00,9.776,6.858,KHT-XE5S_2025_0526_1101,0.0,0.5
KHT-XE5S,2025-06-03 00:00:00,9.7766,6.861,KHT-XE5S_2025_0526_1101,0.00030000000000001136,0.5
KHT-XE5S,2025-06-03 00:10:00,9.7772,6.861,KHT-XE5S_2025_0526_1101,0.0,0.5
KHT-XE5S,2025-06-03 00:20:00,9.7779,6.862,KHT-XE5S_2025_0526_1101,0.0001000000000000334,0.5
KHT-XE5S,2025-06-03 00:30:00,9.7785,6.861,KHT-XE5S_2025_0526_1101,0.0001000000000000334,0.5
KHT-XE5S,2025-06-03 00:40:00,9.7781,6.864,KHT-XE5S_2025_0526_1101,0.00030000000000001136,0.5
KHT-XE5S,2025-06-03 00:50:00,9.7777,6.864,KHT-XE5S_2025_0526_1101,0.0,0.5
KHT-XE5S,2025-06-03 01:00:00,9.7776,6.862,KHT-XE5S_2025_0526_1101,0.00019999999999997797,0.5
KHT-XE5S,2025-06-03 01:10:00,9.7775,6.865,KHT-XE5S_2025_0526_1101,0.00030000000000001136,0.5
KHT-XE5S,2025-06-03 01:20:00,9.7779,6.865,KHT-XE5S_2025_0526_1101,0.0,0.5
KHT-XE5S,2025-06-03 01:30:00,9.7782,6.866,KHT-XE5S_2025_0526_1101,9.999999999994457e-05,0.5
KHT-XE5S,2025-06-03 01:40:00,9.7783,6.866,KHT-XE5S_2025_0526_1101,0.0,0.5
KHT-XE5S,2025-06-03 01:50:00,9.7777,6.867,KHT-XE5S_2025_0526_1101,0.0001000000000000334,0.5
KHT-XE5S,2025-06-03 02:00:00,9.7779,6.868,KHT-XE5S_2025_0526_1101,0.0001000000000000334,0.5
KHT-XE5S,2025-06-03 02:10:00,9.7781,6.868,KHT-XE5S_2025_0526_1101,0.0,0.5
KHT-XE5S,2025-06-03 02:20:00,9.7782,6.869,KHT-XE5S_2025_0526_1101,9.999999999994457e-05,0.5
KHT-XE5S,2025-06-03 02:30:00,9.7793,6.871,KHT-XE5S_2025_0526_1101,0.0002000000000000668,0.5
KHT-XE5S,2025-06-03 02:40:00,9.7796,6.871,KHT-XE5S_2025_0526_1101,0.0,0.5
KHT-XE5S,2025-06-03 02:50:00,9.78,6.87,KHT-XE5S_2025_0526_1101,0.0001000000000000334,0.5
KHT-XE5S,2025-06-03 03:00:00,9.7806,6.874,KHT-XE5S_2025_0526_1101,0.00039999999999995595,0.5
KHT-XE5S,2025-06-03 03:10:00,9.7809,6.873,KHT-XE5S_2025_0526_1101,9.999999999994457e-05,0.5
KHT-XE5S,2025-06-03 03:20:00,9.7806,6.873,KHT-XE5S_2025_0526_1101,0.0,0.5
KHT-XE5S,2025-06-03 03:30:00,9.7816,6.874,KHT-XE5S_2025_0526_1101,9.999999999994457e-05,0.5
KHT-XE5S,2025-06-03 03:40:00,9.7817,6.876,KHT-XE5S_2025_0526_1101,0.0002000000000000668,0.5
KHT-XE5S,2025-06-03 03:50:00,9.7814,6.874,KHT-XE5S_2025_0526_1101,0.0002000000000000668,0.5
KHT-XE5S,2025-06-03 04:00:00,9.7818,6.876,KHT-XE5S_2025_0526_1101,0.0002000000000000668,0.5
KHT-XE5S,2025-06-03 04:10:00,9.7824,6.877,KHT-XE5S_2025_0526_1101,9.999999999994457e-05,0.5
KHT-XE5S,2025-06-03 04:20:00,9.7827,6.878,KHT-XE5S_2025_0526_1101,0.0001000000000000334,0.5
KHT-XE5S,2025-06-03 04:30:00,9.7833,6.877,KHT-XE5S_2025_0526_1101,0.0001000000000000334,0.5
KHT-XE5S,2025-06-03 04:40:00,9.7846,6.879,KHT-XE5S_2025_0526_1101,0.00019999999999997797,0.5
KHT-XE5S,2025-06-03 04:50:00,9.7844,6.88,KHT-XE5S_2025_0526_1101,0.0001000000000000334,0.5
KHT-XE5S,2025-06-03 05:00:00,9.7846,6.882,KHT-XE5S_2025_0526_1101,0.00019999999999997797,0.5
KHT-XE5S,2025-06-03 05:10:00,9.7854,6.881,KHT-XE5S_2025_0526_1101,9.999999999994457e-05,0.5
KHT-XE5S,2025-06-03 05:20:00,9.7856,6.881,KHT-XE5S_2025_0526_1101,0.0,0.5
KHT-XE5S,2025-06-03 05:30:00,9.7861,6.883,KHT-XE5S_2025_0526_1101,0.00019999999999997797,0.5
KHT-XE5S,2025-06-03 05:40:00,9.7867,6.884,KHT-XE5S_2025_0526_1101,0.0001000000000000334,0.5
KHT-XE5S,2025-06-03 05:50:00,9.7869,6.884,KHT-XE5S_2025_0526_1101,0.0,0.5
KHT-XE5S,2025-06-03 06:00:00,9.787,6.885,KHT-XE5S_2025_0526_1101,9.999999999994457e-05,0.5
KHT-XE5S,2025-06-03 06:10:00,9.7882,6.885,KHT-XE5S_2025_0526_1101,0.0,0.5
KHT-XE5S,2025-06-03 06:20:00,9.7895,6.885,KHT-XE5S_2025_0526_1101,0.0,0.5
KHT-XE5S,2025-06-03 06:30:00,9.7903,6.887,KHT-XE5S_2025_0526_1101,0.00019999999999997797,0.5
KHT-XE5S,2025-06-03 06:40:00,9.7898,6.887,KHT-XE5S_2025_0526_1101,0.0,0.5
KHT-XE5S,2025-06-03 06:50:00,9.7908,6.888,KHT-XE5S_2025_0526_1101,0.0001000000000000334,0.5
KHT-XE5S,2025-06-03 07:00:00,9.7908,6.887,KHT-XE5S_2025_0526_1101,0.0001000000000000334,0.5
KHT-XE5S,2025-06-03 07:10:00,9.7917,6.889,KHT-XE5S_2025_0526_1101,0.0002000000000000668,0.5
KHT-XE5S,2025-06-03 07:20:00,9.7923,6.889,KHT-XE5S_2025_0526_1101,0.0,0.5
KHT-XE5S,2025-06-03 07:30:00,9.7923,6.89,KHT-XE5S_2025_0526_1101,9.999999999994457e-05,0.5
KHT-XE5S,2025-06-03 07:40:00,9.7932,6.891,KHT-XE5S_2025_0526_1101,0.0001000000000000334,0.5
KHT-XE5S,2025-06-03 07:50:00,9.7934,6.892,KHT-XE5S_2025_0526_1101,0.0001000000000000334,0.5
KHT-XE5S,2025-06-03 08:00:00,9.7937,6.891,KHT-XE5S_2025_0526_1101,0.0001000000000000334,0.5
KHT-XE5S,2025-06-03 08:10:00,9.7943,6.896,KHT-XE5S_2025_0526_1101,0.0004999999999999894,0.5
KHT-XE5S,2025-06-03 08:20:00,9.795,6.894,KHT-XE5S_2025_0526_1101,0.00019999999999997797,0.5
KHT-XE5S,2025-06-03 08:30:00,9.7957,6.896,KHT-XE5S_2025_0526_1101,0.00019999999999997797,0.5
KHT-XE5S,2025-06-03 08:40:00,9.7959,6.896,KHT-XE5S_2025_0526_1101,0.0,0.5
KHT-XE5S,2025-06-03 08:50:00,9.7963,6.896,KHT-XE5S_2025_0526_1101,0.0,0.5
KHT-XE5S,2025-06-03 09:00:00,9.7966,6.897,KHT-XE5S_2025_0526_1101,0.0001000000000000334,0.5
KHT-XE5S,2025-06-03 09:10:00,9.7969,6.897,KHT-XE5S_2025_0526_1101,0.0,0.5
KHT-XE5S,2025-06-03 09:20:00,9.7969,6.899,KHT-XE5S_2025_0526_1101,0.00019999999999997797,0.5
KHT-XE5S,2025-06-03 09:30:00,9.7961,6.899,KHT-XE5S_2025_0526_1101,0.0,0.5
KHT-XE5S,2025-06-03 09:40:00,9.796,6.902,KHT-XE5S_2025_0526_1101,0.00030000000000001136,0.5
KHT-XE5S,2025-06-03 09:50:00,9.7959,6.9,KHT-XE5S_2025_0526_1101,0.00019999999999997797,0.5
KHT-XE5S,2025-06-03 10:00:00,9.7944,6.899,KHT-XE5S_2025_0526_1101,0.0001000000000000334,0.5
KHT-XE5S,2025-06-03 10:10:00,9.7925,6.901,KHT-XE5S_2025_0526_1101,0.00019999999999997797,0.5
KHT-XE5S,2025-06-03 10:20:00,9.7907,6.901,KHT-XE5S_2025_0526_1101,0.0,0.5
KHT-XE5S,2025-06-03 10:30:00,9.7896,6.902,KHT-XE5S_2025_0526_1101,0.0001000000000000334,0.5
KHT-XE5S,2025-06-03 10:40:00,9.7883,6.902,KHT-XE5S_2025_0526_1101,0.0,0.5
KHT-XE5S,2025-06-03 10:50:00,9.7869,6.905,KHT-XE5S_2025_0526_1101,0.00030000000000001136,0.5
KHT-XE5S,2025-06-03 11:00:00,9.7856,6.905,KHT-XE5S_2025_0526_1101,0.0,0.5
KHT-XE5S,2025-06-03 11:10:00,9.7842,6.906,KHT-XE5S_2025_0526_1101,9.999999999994457e-05,0.5
KHT-XE5S,2025-06-03 11:20:00,9.7819,6.905,KHT-XE5S_2025_0526_1101,9.999999999994457e-05,0.5
KHT-XE5S,2025-06-03 11:30:00,9.7806,6.907,KHT-XE5S_2025_0526_1101,0.00019999999999997797,0.5
KHT-XE5S,2025-06-03 11:40:00,9.7787,6.907,KHT-XE5S_2025_0526_1101,0.0,0.5
KHT-XE5S,2025-06-03 11:50:00,9.7778,6.907,KHT-XE5S_2025_0526_1101,0.0,0.5
KHT-XE5S,2025-06-03 12:00:00,9.7754,6.908,KHT-XE5S_2025_0526_1101,0.0001000000000000334,0.5
KHT-XE5S,2025-06-03 12:10:00,9.7735,6.906,KHT-XE5S_2025_0526_1101,0.0002000000000000668,0.5
KHT-XE5S,2025-06-03 12:20:00,9.7711,6.91,KHT-XE5S_2025_0526_1101,0.00040000000000004474,0.5
KHT-XE5S,2025-06-03 12:30:00,9.7684,6.911,KHT-XE5S_2025_0526_1101,9.999999999994457e-05,0.5
KHT-XE5S,2025-06-03 12:40:00,9.7662,6.912,KHT-XE5S_2025_0526_1101,0.0001000000000000334,0.5
KHT-XE5S,2025-06-03 12:50:00,9.764,6.911,KHT-XE5S_2025_0526_1101,0.0001000000000000334,0.5
KHT-XE5S,2025-06-03 13:00:00,9.7625,6.913,KHT-XE5S_2025_0526_1101,0.0002000000000000668,0.5
KHT-XE5S,2025-06-03 13:10:00,9.76,6.914,KHT-XE5S_2025_0526_1101,9.999999999994457e-05,0.5
KHT-XE5S,2025-06-03 13:20:00,9.7578,6.914,KHT-XE5S_2025_0526_1101,0.0,0.5
KHT-XE5S,2025-06-03 13:30:00,9.7569,6.915,KHT-XE5S_2025_0526_1101,0.0001000000000000334,0.5
KHT-XE5S,2025-06-03 13:40:00,9.7546,6.913,KHT-XE5S_2025_0526_1101,0.00019999999999997797,0.5
KHT-XE5S,2025-06-03 13:50:00,9.7518,6.916,KHT-XE5S_2025_0526_1101,0.00030000000000001136,0.5
KHT-XE5S,2025-06-03 14:00:00,9.7509,6.917,KHT-XE5S_2025_0526_1101,9.999999999994457e-05,0.5
KHT-XE5S,2025-06-03 14:10:00,9.7488,6.916,KHT-XE5S_2025_0526_1101,9.999999999994457e-05,0.5
KHT-XE5S,2025-06-03 14:20:00,9.747,6.918,KHT-XE5S_2025_0526_1101,0.00019999999999997797,0.5
KHT-XE5S,2025-06-03 14:30:00,9.7456,6.919,KHT-XE5S_2025_0526_1101,9.999999999994457e-05,0.5
KHT-XE5S,2025-06-03 14:40:00,9.744,6.921,KHT-XE5S_2025_0526_1101,0.0002000000000000668,0.5
KHT-XE5S,2025-06-03 14:50:00,9.7412,6.919,KHT-XE5S_2025_0526_1101,0.0002000000000000668,0.5
KHT-XE5S,2025-06-03 15:00:00,9.7407,6.919,KHT-XE5S_2025_0526_1101,0.0,0.5
KHT-XE5S,2025-06-03 15:10:00,9.7405,6.923,KHT-XE5S_2025_0526_1101,0.00040000000000004474,0.5
KHT-XE5S,2025-06-03 15:20:00,9.7383,6.923,KHT-XE5S_2025_0526_1101,0.0,0.5
KHT-XE5S,2025-06-03 15:30:00,9.7386,6.923,KHT-XE5S_2025_0526_1101,0.0,0.5
KHT-XE5S,2025-06-03 15:40:00,9.7379,6.924,KHT-XE5S_2025_0526_1101,0.0001000000000000334,0.5
KHT-XE5S,2025-06-03 15:50:00,9.736,6.926,KHT-XE5S_2025_0526_1101,0.00019999999999997797,0.5
KHT-XE5S,2025-06-03 16:00:00,9.7358,6.926,KHT-XE5S_2025_0526_1101,0.0,0.5
KHT-XE5S,2025-06-03 16:10:00,9.7334,6.925,KHT-XE5S_2025_0526_1101,0.0001000000000000334,0.5
KHT-XE5S,2025-06-03 16:20:00,9.7339,6.927,KHT-XE5S_2025_0526_1101,0.00019999999999997797,0.5
KHT-XE5S,2025-06-03 16:30:00,9.7323,6.928,KHT-XE5S_2025_0526_1101,0.0001000000000000334,0.5
KHT-XE5S,2025-06-03 16:40:00,9.7317,6.926,KHT-XE5S_2025_0526_1101,0.00019999999999997797,0.5
KHT-XE5S,2025-06-03 16:50:00,9.7317,6.93,KHT-XE5S_2025_0526_1101,0.00039999999999995595,0.5
KHT-XE5S,2025-06-03 17:00:00,9.7318,6.93,KHT-XE5S_2025_0526_1101,0.0,0.5
KHT-XE5S,2025-06-03 17:10:00,9.7311,6.93,KHT-XE5S_2025_0526_1101,0.0,0.5
KHT-XE5S,2025-06-03 17:20:00,9.7301,6.932,KHT-XE5S_2025_0526_1101,0.0002000000000000668,0.5
KHT-XE5S,2025-06-03 17:30:00,9.7294,6.931,KHT-XE5S_2025_0526_1101,0.0001000000000000334,0.5
KHT-XE5S,2025-06-03 17:40:00,9.7291,6.931,KHT-XE5S_2025_0526_1101,0.0,0.5
KHT-XE5S,2025-06-03 17:50:00,9.7295,6.934,KHT-XE5S_2025_0526_1101,0.00030000000000001136,0.5
KHT-XE5S,2025-06-03 18:00:00,9.7291,6.932,KHT-XE5S_2025_0526_1101,0.00019999999999997797,0.5
KHT-XE5S,2025-06-03 18:10:00,9.7292,6.934,KHT-XE5S_2025_0526_1101,0.00019999999999997797,0.5
KHT-XE5S,2025-06-03 18:20:00,9.7293,6.934,KHT-XE5S_2025_0526_1101,0.0,0.5
KHT-XE5S,2025-06-03 18:30:00,9.7292,6.935,KHT-XE5S_2025_0526_1101,9.999999999994457e-05,0.5
KHT-XE5S,2025-06-03 18:40:00,9.73,6.935,KHT-XE5S_2025_0526_1101,0.0,0.5
KHT-XE5S,2025-06-03 18:50:00,9.7304,6.936,KHT-XE5S_2025_0526_1101,0.0001000000000000334,0.5
KHT-XE5S,2025-06-03 19:00:00,9.7305,6.939,KHT-XE5S_2025_0526_1101,0.00030000000000001136,0.5
KHT-XE5S,2025-06-03 19:10:00,9.7302,6.939,KHT-XE5S_2025_0526_1101,0.0,0.5
KHT-XE5S,2025-06-03 19:20:00,9.7315,6.938,KHT-XE5S_2025_0526_1101,0.0001000000000000334,0.5
KHT-XE5S,2025-06-03 19:30:00,9.7328,6.94,KHT-XE5S_2025_0526_1101,0.0002000000000000668,0.5
KHT-XE5S,2025-06-03 19:40:00,9.7344,6.941,KHT-XE5S_2025_0526_1101,9.999999999994457e-05,0.5
KHT-XE5S,2025-06-03 19:50:00,9.7354,6.942,KHT-XE5S_2025_0526_1101,0.0001000000000000334,0.5
KHT-XE5S,2025-06-03 20:00:00,9.7364,6.942,KHT-XE5S_2025_0526_1101,0.0,0.5
KHT-XE5S,2025-06-03 20:10:00,9.7381,6.943,KHT-XE5S_2025_0526_1101,9.999999999994457e-05,0.5
KHT-XE5S,2025-06-03 20:20:00,9.739,6.944,KHT-XE5S_2025_0526_1101,0.0001000000000000334,0.5
KHT-XE5S,2025-06-03 20:30:00,9.7398,6.944,KHT-XE5S_2025_0526_1101,0.0,0.5
KHT-XE5S,2025-06-03 20:40:00,9.7411,6.945,KHT-XE5S_2025_0526_1101,0.0001000000000000334,0.5
KHT-XE5S,2025-06-03 20:50:00,9.7415,6.946,KHT-XE5S_2025_0526_1101,9.999999999994457e-05,0.5
KHT-XE5S,2025-06-03 21:00:00,9.742,6.946,KHT-XE5S_2025_0526_1101,0.0,0.5
KHT-XE5S,2025-06-03 21:10:00,9.7433,6.946,KHT-XE5S_2025_0526_1101,0.0,0.5
KHT-XE5S,2025-06-03 21:20:00,9.745,6.948,KHT-XE5S_2025_0526_1101,0.0002000000000000668,0.5
KHT-XE5S,2025-06-03 21:30:00,9.7469,6.948,KHT-XE5S_2025_0526_1101,0.0,0.5
KHT-XE5S,2025-06-03 21:40:00,9.7485,6.949,KHT-XE5S_2025_0526_1101,9.999999999994457e-05,0.5
KHT-XE5S,2025-06-03 21:50:00,9.7496,6.95,KHT-XE5S_2025_0526_1101,0.0001000000000000334,0.5
KHT-XE5S,2025-06-03 22:00:00,9.7508,6.952,KHT-XE5S_2025_0526_1101,0.00019999999999997797,0.5
KHT-XE5S,2025-06-03 22:10:00,9.7517,6.951,KHT-XE5S_2025_0526_1101,0.0001000000000000334,0.5
KHT-XE5S,2025-06-03 22:20:00,9.7522,6.952,KHT-XE5S_2025_0526_1101,0.0001000000000000334,0.5
KHT-XE5S,2025-06-03 22:30:00,9.7521,6.954,KHT-XE5S_2025_0526_1101,0.00019999999999997797,0.5
KHT-XE5S,2025-06-03 22:40:00,9.7527,6.955,KHT-XE5S_2025_0526_1101,0.0001000000000000334,0.5
KHT-XE5S,2025-06-03 22:50:00,9.7523,6.953,KHT-XE5S_2025_0526_1101,0.00019999999999997797,0.5
KHT-XE5S,2025-06-03 23:00:00,9.7523,6.956,KHT-XE5S_2025_0526_1101,0.00030000000000001136,0.5
KHT-XE5S,2025-06-03 23:10:00,9.7526,6.955,KHT-XE5S_2025_0526_1101,0.0001000000000000334,0.5
KHT-XE5S,2025-06-03 23:20:00,9.7533,6.958,KHT-XE5S_2025_0526_1101,0.00030000000000001136,0.5
KHT-XE5S,2025-06-03 23:30:00,9.7537,6.957,KHT-XE5S_2025_0526_1101,0.0001000000000000334,0.5
KHT-XE5S,2025-06-03 23:40:00,9.7543,6.958,KHT-XE5S_2025_0526_1101,0.0001000000000000334,0.5
KHT-XE5S,2025-06-03 23:50:00,9.7556,6.96,KHT-XE5S_2025_0526_1101,0.00019999999999997797,0.5
KHT-XE5S,2025-06-04 00:00:00,9.7559,6.96,KHT-XE5S_2025_0526_1101,0.0,0.5
KHT-XE5S,2025-06-04 00:10:00,9.7558,6.958,KHT-XE5S_2025_0526_1101,0.00019999999999997797,0.5
KHT-XE5S,2025-06-04 00:20:00,9.7553,6.961,KHT-XE5S_2025_0526_1101,0.00030000000000001136,0.5
KHT-XE5S,2025-06-04 00:30:00,9.7553,6.961,KHT-XE5S_2025_0526_1101,0.0,0.5
KHT-XE5S,2025-06-04 00:40:00,9.7556,6.961,KHT-XE5S_2025_0526_1101,0.0,0.5
KHT-XE5S,2025-06-04 00:50:00,9.7551,6.964,KHT-XE5S_2025_0526_1101,0.00030000000000001136,0.5
KHT-XE5S,2025-06-04 01:00:00,9.7557,6.963,KHT-XE5S_2025_0526_1101,0.0001000000000000334,0.5
KHT-XE5S,2025-06-04 01:10:00,9.7563,6.965,KHT-XE5S_2025_0526_1101,0.00019999999999997797,0.5
KHT-XE5S,2025-06-04 01:20:00,9.7568,6.966,KHT-XE5S_2025_0526_1101,0.0001000000000000334,0.5
KHT-XE5S,2025-06-04 01:30:00,9.7564,6.965,KHT-XE5S_2025_0526_1101,0.0001000000000000334,0.5
KHT-XE5S,2025-06-04 01:40:00,9.7566,6.965,KHT-XE5S_2025_0526_1101,0.0,0.5
KHT-XE5S,2025-06-04 01:50:00,9.7563,6.966,KHT-XE5S_2025_0526_1101,0.0001000000000000334,0.5
KHT-XE5S,2025-06-04 02:00:00,9.7565,6.967,KHT-XE5S_2025_0526_1101,9.999999999994457e-05,0.5
KHT-XE5S,2025-06-04 02:10:00,9.7569,6.967,KHT-XE5S_2025_0526_1101,0.0,0.5
KHT-XE5S,2025-06-04 02:20:00,9.7579,6.97,KHT-XE5S_2025_0526_1101,0.00030000000000001136,0.5
KHT-XE5S,2025-06-04 02:30:00,9.7583,6.97,KHT-XE5S_2025_0526_1101,0.0,0.5
KHT-XE5S,2025-06-04 02:40:00,9.7584,6.97,KHT-XE5S_2025_0526_1101,0.0,0.5
KHT-XE5S,2025-06-04 02:50:00,9.7585,6.972,KHT-XE5S_2025_0526_1101,0.0002000000000000668,0.5
KHT-XE5S,2025-06-04 03:00:00,9.7589,6.973,KHT-XE5S_2025_0526_1101,9.999999999994457e-05,0.5
KHT-XE5S,2025-06-04 03:10:00,9.7587,6.974,KHT-XE5S_2025_0526_1101,0.0001000000000000334,0.5
KHT-XE5S,2025-06-04 03:20:00,9.759,6.973,KHT-XE5S_2025_0526_1101,0.0001000000000000334,0.5
KHT-XE5S,2025-06-04 03:30:00,9.7592,6.974,KHT-XE5S_2025_0526_1101,0.0001000000000000334,0.5
KHT-XE5S,2025-06-04 03:40:00,9.7598,6.975,KHT-XE5S_2025_0526_1101,9.999999999994457e-05,0.5
KHT-XE5S,2025-06-04 03:50:00,9.7604,6.974,KHT-XE5S_2025_0526_1101,9.999999999994457e-05,0.5
KHT-XE5S,2025-06-04 04:00:00,9.76,6.976,KHT-XE5S_2025_0526_1101,0.00019999999999997797,0.5
KHT-XE5S,2025-06-04 04:10:00,9.7607,6.977,KHT-XE5S_2025_0526_1101,0.0001000000000000334,0.5
KHT-XE5S,2025-06-04 04:20:00,9.7601,6.977,KHT-XE5S_2025_0526_1101,0.0,0.5
KHT-XE5S,2025-06-04 04:30:00,9.7607,6.978,KHT-XE5S_2025_0526_1101,9.999999999994457e-05,0.5
KHT-XE5S,2025-06-04 04:40:00,9.7612,6.976,KHT-XE5S_2025_0526_1101,0.00019999999999997797,0.5
KHT-XE5S,2025-06-04 04:50:00,9.7606,6.979,KHT-XE5S_2025_0526_1101,0.00030000000000001136,0.5
KHT-XE5S,2025-06-04 05:00:00,9.7604,6.982,KHT-XE5S_2025_0526_1101,0.00030000000000001136,0.5
KHT-XE5S,2025-06-04 05:10:00,9.7604,6.98,KHT-XE5S_2025_0526_1101,0.00019999999999997797,0.5
KHT-XE5S,2025-06-04 05:20:00,9.7604,6.983,KHT-XE5S_2025_0526_1101,0.00029999999999992256,0.5
KHT-XE5S,2025-06-04 05:30:00,9.7615,6.982,KHT-XE5S_2025_0526_1101,9.999999999994457e-05,0.5
KHT-XE5S,2025-06-04 05:40:00,9.762,6.983,KHT-XE5S_2025_0526_1101,9.999999999994457e-05,0.5
KHT-XE5S,2025-06-04 05:50:00,9.7627,6.983,KHT-XE5S_2025_0526_1101,0.0,0.5
KHT-XE5S,2025-06-04 06:00:00,9.7631,6.983,KHT-XE5S_2025_0526_1101,0.0,0.5
KHT-XE5S,2025-06-04 06:10:00,9.7641,6.983,KHT-XE5S_2025_0526_1101,0.0,0.5
KHT-XE5S,2025-06-04 06:20:00,9.765,6.985,KHT-XE5S_2025_0526_1101,0.0002000000000000668,0.5
KHT-XE5S,2025-06-04 06:30:00,9.7659,6.985,KHT-XE5S_2025_0526_1101,0.0,0.5
KHT-XE5S,2025-06-04 06:40:00,9.7662,6.987,KHT-XE5S_2025_0526_1101,0.00019999999999997797,0.5
KHT-XE5S,2025-06-04 06:50:00,9.766,6.987,KHT-XE5S_2025_0526_1101,0.0,0.5
KHT-XE5S,2025-06-04 07:00:00,9.766,6.988,KHT-XE5S_2025_0526_1101,0.0001000000000000334,0.5
KHT-XE5S,2025-06-04 07:10:00,9.7662,6.988,KHT-XE5S_2025_0526_1101,0.0,0.5
KHT-XE5S,2025-06-04 07:20:00,9.7664,6.988,KHT-XE5S_2025_0526_1101,0.0,0.5
KHT-XE5S,2025-06-04 07:30:00,9.7667,6.99,KHT-XE5S_2025_0526_1101,0.00019999999999997797,0.5
KHT-XE5S,2025-06-04 07:40:00,9.7664,6.989,KHT-XE5S_2025_0526_1101,0.0001000000000000334,0.5
KHT-XE5S,2025-06-04 07:50:00,9.7662,6.992,KHT-XE5S_2025_0526_1101,0.00030000000000001136,0.5
KHT-XE5S,2025-06-04 08:00:00,9.7667,6.994,KHT-XE5S_2025_0526_1101,0.00019999999999997797,0.5
KHT-XE5S,2025-06-04 08:10:00,9.7672,6.992,KHT-XE5S_2025_0526_1101,0.00019999999999997797,0.5
KHT-XE5S,2025-06-04 08:20:00,9.7676,6.993,KHT-XE5S_2025_0526_1101,0.0001000000000000334,0.5
KHT-XE5S,2025-06-04 08:30:00,9.7685,6.994,KHT-XE5S_2025_0526_1101,9.999999999994457e-05,0.5
KHT-XE5S,2025-06-04 08:40:00,9.768,6.996,KHT-XE5S_2025_0526_1101,0.0002000000000000668,0.5
KHT-XE5S,2025-06-04 08:50:00,9.7681,6.996,KHT-XE5S_2025_0526_1101,0.0,0.5
KHT-XE5S,2025-06-04 09:00:00,9.7687,6.997,KHT-XE5S_2025_0526_1101,9.999999999994457e-05,0.5
KHT-XE5S,2025-06-04 09:10:00,9.7682,6.997,KHT-XE5S_2025_0526_1101,0.0,0.5
KHT-XE5S,2025-06-04 09:20:00,9.7669,6.999,KHT-XE5S_2025_0526_1101,0.00019999999999997797,0.5
KHT-XE5S,2025-06-04 09:30:00,9.7649,7.0,KHT-XE5S_2025_0526_1101,0.0001000000000000334,0.5
KHT-XE5S,2025-06-04 09:40:00,9.7635,7.0,KHT-XE5S_2025_0526_1101,0.0,0.5
KHT-XE5S,2025-06-04 09:50:00,9.7632,6.999,KHT-XE5S_2025_0526_1101,0.0001000000000000334,0.5
KHT-XE5S,2025-06-04 10:00:00,9.7614,7.0,KHT-XE5S_2025_0526_1101,0.0001000000000000334,0.5
KHT-XE5S,2025-06-04 10:10:00,9.7601,7.0,KHT-XE5S_2025_0526_1101,0.0,0.5
KHT-XE5S,2025-06-04 10:20:00,9.759,7.002,KHT-XE5S_2025_0526_1101,0.00019999999999997797,0.5
KHT-XE5S,2025-06-04 10:30:00,9.7575,7.002,KHT-XE5S_2025_0526_1101,0.0,0.5
KHT-XE5S,2025-06-04 10:40:00,9.7557,7.002,KHT-XE5S_2025_0526_1101,0.0,0.5
KHT-XE5S,2025-06-04 10:50:00,9.7545,7.003,KHT-XE5S_2025_0526_1101,0.0001000000000000334,0.5
KHT-XE5S,2025-06-04 11:00:00,9.7527,7.004,KHT-XE5S_2025_0526_1101,9.999999999994457e-05,0.5
KHT-XE5S,2025-06-04 11:10:00,9.7512,7.005,KHT-XE5S_2025_0526_1101,0.0001000000000000334,0.5
KHT-XE5S,2025-06-04 11:20:00,9.75,7.006,KHT-XE5S_2025_0526_1101,0.0001000000000000334,0.5
KHT-XE5S,2025-06-04 11:30:00,9.7489,7.009,KHT-XE5S_2025_0526_1101,0.00030000000000001136,0.5
KHT-XE5S,2025-06-04 11:40:00,9.7467,7.008,KHT-XE5S_2025_0526_1101,0.0001000000000000334,0.5
KHT-XE5S,2025-06-04 11:50:00,9.7452,7.008,KHT-XE5S_2025_0526_1101,0.0,0.5
KHT-XE5S,2025-06-04 12:00:00,9.7434,7.009,KHT-XE5S_2025_0526_1101,0.0001000000000000334,0.5
KHT-XE5S,2025-06-04 12:10:00,9.7412,7.009,KHT-XE5S_2025_0526_1101,0.0,0.5
KHT-XE5S,2025-06-04 12:20:00,9.7385,7.01,KHT-XE5S_2025_0526_1101,9.999999999994457e-05,0.5
KHT-XE5S,2025-06-04 12:30:00,9.736,7.011,KHT-XE5S_2025_0526_1101,0.0001000000000000334,0.5
KHT-XE5S,2025-06-04 12:40:00,9.7334,7.012,KHT-XE5S_2025_0526_1101,9.999999999994457e-05,0.5
KHT-XE5S,2025-06-04 12:50:00,9.7316,7.014,KHT-XE5S_2025_0526_1101,0.0002000000000000668,0.5
KHT-XE5S,2025-06-04 13:00:00,9.7296,7.012,KHT-XE5S_2025_0526_1101,0.0002000000000000668,0.5
KHT-XE5S,2025-06-04 13:10:00,9.7278,7.012,KHT-XE5S_2025_0526_1101,0.0,0.5
KHT-XE5S,2025-06-04 13:20:00,9.7254,7.014,KHT-XE5S_2025_0526_1101,0.0002000000000000668,0.5
KHT-XE5S,2025-06-04 13:30:00,9.722,7.015,KHT-XE5S_2025_0526_1101,9.999999999994457e-05,0.5
KHT-XE5S,2025-06-04 13:40:00,9.7199,7.016,KHT-XE5S_2025_0526_1101,0.0001000000000000334,0.5
KHT-XE5S,2025-06-04 13:50:00,9.7176,7.016,KHT-XE5S_2025_0526_1101,0.0,0.5
KHT-XE5S,2025-06-04 14:00:00,9.7163,7.016,KHT-XE5S_2025_0526_1101,0.0,0.5
KHT-XE5S,2025-06-04 14:10:00,9.7141,7.018,KHT-XE5S_2025_0526_1101,0.00019999999999997797,0.5
KHT-XE5S,2025-06-04 14:20:00,9.7126,7.019,KHT-XE5S_2025_0526_1101,0.0001000000000000334,0.5
KHT-XE5S,2025-06-04 14:30:00,9.7111,7.018,KHT-XE5S_2025_0526_1101,0.0001000000000000334,0.5
KHT-XE5S,2025-06-04 14:40:00,9.7096,7.02,KHT-XE5S_2025_0526_1101,0.00019999999999997797,0.5
KHT-XE5S,2025-06-04 14:50:00,9.7085,7.018,KHT-XE5S_2025_0526_1101,0.00019999999999997797,0.5
KHT-XE5S,2025-06-04 15:00:00,9.707,7.021,KHT-XE5S_2025_0526_1101,0.00030000000000001136,0.5
KHT-XE5S,2025-06-04 15:10:00,9.7061,7.021,KHT-XE5S_2025_0526_1101,0.0,0.5
KHT-XE5S,2025-06-04 15:20:00,9.7042,7.02,KHT-XE5S_2025_0526_1101,0.0001000000000000334,0.5
KHT-XE5S,2025-06-04 15:30:00,9.7038,7.023,KHT-XE5S_2025_0526_1101,0.00030000000000001136,0.5
KHT-XE5S,2025-06-04 15:40:00,9.703,7.025,KHT-XE5S_2025_0526_1101,0.0002000000000000668,0.5
KHT-XE5S,2025-06-04 15:50:00,9.7029,7.024,KHT-XE5S_2025_0526_1101,0.0001000000000000334,0.5
KHT-XE5S,2025-06-04 16:00:00,9.7016,7.024,KHT-XE5S_2025_0526_1101,0.0,0.5
KHT-XE5S,2025-06-04 16:10:00,9.7012,7.026,KHT-XE5S_2025_0526_1101,0.00019999999999997797,0.5
KHT-XE5S,2025-06-04 16:20:00,9.7001,7.025,KHT-XE5S_2025_0526_1101,9.999999999994457e-05,0.5
KHT-XE5S,2025-06-04 16:30:00,9.6993,7.029,KHT-XE5S_2025_0526_1101,0.00039999999999995595,0.5
KHT-XE5S,2025-06-04 16:40:00,9.6983,7.028,KHT-XE5S_2025_0526_1101,0.0001000000000000334,0.5
KHT-XE5S,2025-06-04 16:50:00,9.6973,7.028,KHT-XE5S_2025_0526_1101,0.0,0.5
KHT-XE5S,2025-06-04 17:00:00,9.697,7.029,KHT-XE5S_2025_0526_1101,0.0001000000000000334,0.5
KHT-XE5S,2025-06-04 17:10:00,9.6981,7.031,KHT-XE5S_2025_0526_1101,0.00019999999999997797,0.5
KHT-XE5S,2025-06-04 17:20:00,9.6988,7.03,KHT-XE5S_2025_0526_1101,9.999999999994457e-05,0.5
KHT-XE5S,2025-06-04 17:30:00,9.699,7.031,KHT-XE5S_2025_0526_1101,9.999999999994457e-05,0.5
KHT-XE5S,2025-06-04 17:40:00,9.6998,7.033,KHT-XE5S_2025_0526_1101,0.0002000000000000668,0.5
KHT-XE5S,2025-06-04 17:50:00,9.7005,7.031,KHT-XE5S_2025_0526_1101,0.0002000000000000668,0.5
KHT-XE5S,2025-06-04 18:00:00,9.7014,7.032,KHT-XE5S_2025_0526_1101,0.0001000000000000334,0.5
KHT-XE5S,2025-06-04 18:10:00,9.7023,7.034,KHT-XE5S_2025_0526_1101,0.00019999999999997797,0.5
KHT-XE5S,2025-06-04 18:20:00,9.7022,7.032,KHT-XE5S_2025_0526_1101,0.00019999999999997797,0.5
KHT-XE5S,2025-06-04 18:30:00,9.703,7.036,KHT-XE5S_2025_0526_1101,0.00039999999999995595,0.5
KHT-XE5S,2025-06-04 18:40:00,9.7025,7.035,KHT-XE5S_2025_0526_1101,9.999999999994457e-05,0.5
KHT-XE5S,2025-06-04 18:50:00,9.7032,7.036,KHT-XE5S_2025_0526_1101,9.999999999994457e-05,0.5
KHT-XE5S,2025-06-04 19:00:00,9.7037,7.038,KHT-XE5S_2025_0526_1101,0.0002000000000000668,0.5
KHT-XE5S,2025-06-04 19:10:00,9.7046,7.038,KHT-XE5S_2025_0526_1101,0.0,0.5
KHT-XE5S,2025-06-04 19:20:00,9.7055,7.04,KHT-XE5S_2025_0526_1101,0.00019999999999997797,0.5
KHT-XE5S,2025-06-04 19:30:00,9.707,7.04,KHT-XE5S_2025_0526_1101,0.0,0.5
KHT-XE5S,2025-06-04 19:40:00,9.7086,7.042,KHT-XE5S_2025_0526_1101,0.00019999999999997797,0.5
KHT-XE5S,2025-06-04 19:50:00,9.7101,7.041,KHT-XE5S_2025_0526_1101,9.999999999994457e-05,0.5
KHT-XE5S,2025-06-04 20:00:00,9.7106,7.038,KHT-XE5S_2025_0526_1101,0.00030000000000001136,0.5
KHT-XE5S,2025-06-04 20:10:00,9.7127,7.043,KHT-XE5S_2025_0526_1101,0.0004999999999999894,0.5
KHT-XE5S,2025-06-04 20:20:00,9.7142,7.042,KHT-XE5S_2025_0526_1101,0.0001000000000000334,0.5
KHT-XE5S,2025-06-04 20:30:00,9.7155,7.044,KHT-XE5S_2025_0526_1101,0.00019999999999997797,0.5
KHT-XE5S,2025-06-04 20:40:00,9.7165,7.043,KHT-XE5S_2025_0526_1101,9.999999999994457e-05,0.5
KHT-XE5S,2025-06-04 20:50:00,9.7167,7.044,KHT-XE5S_2025_0526_1101,9.999999999994457e-05,0.5
KHT-XE5S,2025-06-04 21:00:00,9.7176,7.045,KHT-XE5S_2025_0526_1101,0.0001000000000000334,0.5
KHT-XE5S,2025-06-04 21:10:00,9.7195,7.045,KHT-XE5S_2025_0526_1101,0.0,0.5
KHT-XE5S,2025-06-04 21:20:00,9.7213,7.047,KHT-XE5S_2025_0526_1101,0.00019999999999997797,0.5
KHT-XE5S,2025-06-04 21:30:00,9.7227,7.048,KHT-XE5S_2025_0526_1101,0.0001000000000000334,0.5
KHT-XE5S,2025-06-04 21:40:00,9.7243,7.049,KHT-XE5S_2025_0526_1101,0.0001000000000000334,0.5
KHT-XE5S,2025-06-04 21:50:00,9.7257,7.051,KHT-XE5S_2025_0526_1101,0.00019999999999997797,0.5
KHT-XE5S,2025-06-04 22:00:00,9.7269,7.049,KHT-XE5S_2025_0526_1101,0.00019999999999997797,0.5
KHT-XE5S,2025-06-04 22:10:00,9.7278,7.049,KHT-XE5S_2025_0526_1101,0.0,0.5
KHT-XE5S,2025-06-04 22:20:00,9.7281,7.051,KHT-XE5S_2025_0526_1101,0.00019999999999997797,0.5
KHT-XE5S,2025-06-04 22:30:00,9.7289,7.052,KHT-XE5S_2025_0526_1101,9.999999999994457e-05,0.5
KHT-XE5S,2025-06-04 22:40:00,9.7292,7.052,KHT-XE5S_2025_0526_1101,0.0,0.5
KHT-XE5S,2025-06-04 22:50:00,9.7299,7.053,KHT-XE5S_2025_0526_1101,0.0001000000000000334,0.5
KHT-XE5S,2025-06-04 23:00:00,9.7298,7.055,KHT-XE5S_2025_0526_1101,0.00019999999999997797,0.5
KHT-XE5S,2025-06-04 23:10:00,9.7299,7.056,KHT-XE5S_2025_0526_1101,0.0001000000000000334,0.5
KHT-XE5S,2025-06-04 23:20:00,9.7304,7.055,KHT-XE5S_2025_0526_1101,0.0001000000000000334,0.5
KHT-XE5S,2025-06-04 23:30:00,9.7308,7.057,KHT-XE5S_2025_0526_1101,0.0002000000000000668,0.5
KHT-XE5S,2025-06-04 23:40:00,9.7302,7.056,KHT-XE5S_2025_0526_1101,0.0001000000000000334,0.5
KHT-XE5S,2025-06-04 23:50:00,9.73,7.058,KHT-XE5S_2025_0526_1101,0.00019999999999997797,0.5
KHT-XE5S,2025-06-05 00:00:00,9.73,7.058,KHT-XE5S_2025_0526_1101,0.0,0.5
KHT-XE5S,2025-06-05 00:10:00,9.7301,7.06,KHT-XE5S_2025_0526_1101,0.00019999999999997797,0.5
KHT-XE5S,2025-06-05 00:20:00,9.7305,7.06,KHT-XE5S_2025_0526_1101,0.0,0.5
KHT-XE5S,2025-06-05 00:30:00,9.73,7.061,KHT-XE5S_2025_0526_1101,0.0001000000000000334,0.5
KHT-XE5S,2025-06-05 00:40:00,9.7309,7.063,KHT-XE5S_2025_0526_1101,0.00019999999999997797,0.5
KHT-XE5S,2025-06-05 00:50:00,9.7311,7.06,KHT-XE5S_2025_0526_1101,0.00030000000000001136,0.5
KHT-XE5S,2025-06-05 01:00:00,9.7314,7.062,KHT-XE5S_2025_0526_1101,0.0002000000000000668,0.5
KHT-XE5S,2025-06-05 01:10:00,9.7311,7.062,KHT-XE5S_2025_0526_1101,0.0,0.5
KHT-XE5S,2025-06-05 01:20:00,9.7316,7.063,KHT-XE5S_2025_0526_1101,9.999999999994457e-05,0.5
KHT-XE5S,2025-06-05 01:30:00,9.7314,7.064,KHT-XE5S_2025_0526_1101,0.0001000000000000334,0.5
KHT-XE5S,2025-06-05 01:40:00,9.7313,7.065,KHT-XE5S_2025_0526_1101,0.0001000000000000334,0.5
KHT-XE5S,2025-06-05 01:50:00,9.7308,7.065,KHT-XE5S_2025_0526_1101,0.0,0.5
KHT-XE5S,2025-06-05 02:00:00,9.7307,7.067,KHT-XE5S_2025_0526_1101,0.00019999999999997797,0.5
KHT-XE5S,2025-06-05 02:10:00,9.7306,7.068,KHT-XE5S_2025_0526_1101,9.999999999994457e-05,0.5
KHT-XE5S,2025-06-05 02:20:00,9.7309,7.069,KHT-XE5S_2025_0526_1101,0.0001000000000000334,0.5
KHT-XE5S,2025-06-05 02:30:00,9.7312,7.068,KHT-XE5S_2025_0526_1101,0.0001000000000000334,0.5
KHT-XE5S,2025-06-05 02:40:00,9.7313,7.068,KHT-XE5S_2025_0526_1101,0.0,0.5
KHT-XE5S,2025-06-05 02:50:00,9.7316,7.07,KHT-XE5S_2025_0526_1101,0.0002000000000000668,0.5
KHT-XE5S,2025-06-05 03:00:00,9.7316,7.073,KHT-XE5S_2025_0526_1101,0.00030000000000001136,0.5
KHT-XE5S,2025-06-05 03:10:00,9.7317,7.07,KHT-XE5S_2025_0526_1101,0.00030000000000001136,0.5
KHT-XE5S,2025-06-05 03:20:00,9.7319,7.073,KHT-XE5S_2025_0526_1101,0.00030000000000001136,0.5
KHT-XE5S,2025-06-05 03:30:00,9.7321,7.073,KHT-XE5S_2025_0526_1101,0.0,0.5
KHT-XE5S,2025-06-05 03:40:00,9.7324,7.072,KHT-XE5S_2025_0526_1101,0.0001000000000000334,0.5
KHT-XE5S,2025-06-05 03:50:00,9.7321,7.076,KHT-XE5S_2025_0526_1101,0.00039999999999995595,0.5
KHT-XE5S,2025-06-05 04:00:00,9.7325,7.075,KHT-XE5S_2025_0526_1101,9.999999999994457e-05,0.5
KHT-XE5S,2025-06-05 04:10:00,9.7336,7.077,KHT-XE5S_2025_0526_1101,0.00019999999999997797,0.5
KHT-XE5S,2025-06-05 04:20:00,9.734,7.074,KHT-XE5S_2025_0526_1101,0.00030000000000001136,0.5
KHT-XE5S,2025-06-05 04:30:00,9.7338,7.076,KHT-XE5S_2025_0526_1101,0.00019999999999997797,0.5
KHT-XE5S,2025-06-05 04:40:00,9.7338,7.077,KHT-XE5S_2025_0526_1101,0.0001000000000000334,0.5
KHT-XE5S,2025-06-05 04:50:00,9.7346,7.077,KHT-XE5S_2025_0526_1101,0.0,0.5
KHT-XE5S,2025-06-05 05:00:00,9.7353,7.08,KHT-XE5S_2025_0526_1101,0.00030000000000001136,0.5
KHT-XE5S,2025-06-05 05:10:00,9.7362,7.081,KHT-XE5S_2025_0526_1101,0.0001000000000000334,0.5
KHT-XE5S,2025-06-05 05:20:00,9.7372,7.079,KHT-XE5S_2025_0526_1101,0.0002000000000000668,0.5
KHT-XE5S,2025-06-05 05:30:00,9.7378,7.081,KHT-XE5S_2025_0526_1101,0.0002000000000000668,0.5
KHT-XE5S,2025-06-05 05:40:00,9.7383,7.081,KHT-XE5S_2025_0526_1101,0.0,0.5
KHT-XE5S,2025-06-05 05:50:00,9.7388,7.082,KHT-XE5S_2025_0526_1101,9.999999999994457e-05,0.5
KHT-XE5S,2025-06-05 06:00:00,9.7389,7.084,KHT-XE5S_2025_0526_1101,0.00019999999999997797,0.5
KHT-XE5S,2025-06-05 06:10:00,9.7401,7.085,KHT-XE5S_2025_0526_1101,0.0001000000000000334,0.5
KHT-XE5S,2025-06-05 06:20:00,9.7398,7.084,KHT-XE5S_2025_0526_1101,0.0001000000000000334,0.5
KHT-XE5S,2025-06-05 06:30:00,9.74,7.086,KHT-XE5S_2025_0526_1101,0.0002000000000000668,0.5
KHT-XE5S,2025-06-05 06:40:00,9.7404,7.085,KHT-XE5S_2025_0526_1101,0.0001000000000000334,0.5
KHT-XE5S,2025-06-05 06:50:00,9.741,7.085,KHT-XE5S_2025_0526_1101,0.0,0.5
KHT-XE5S,2025-06-05 07:00:00,9.7422,7.088,KHT-XE5S_2025_0526_1101,0.00030000000000001136,0.5
KHT-XE5S,2025-06-05 07:10:00,9.7432,7.088,KHT-XE5S_2025_0526_1101,0.0,0.5
KHT-XE5S,2025-06-05 07:20:00,9.7439,7.089,KHT-XE5S_2025_0526_1101,0.0001000000000000334,0.5
KHT-XE5S,2025-06-05 07:30:00,9.7432,7.089,KHT-XE5S_2025_0526_1101,0.0,0.5
KHT-XE5S,2025-06-05 07:40:00,9.7439,7.09,KHT-XE5S_2025_0526_1101,9.999999999994457e-05,0.5
KHT-XE5S,2025-06-05 07:50:00,9.7437,7.09,KHT-XE5S_2025_0526_1101,0.0,0.5
KHT-XE5S,2025-06-05 08:00:00,9.7438,7.089,KHT-XE5S_2025_0526_1101,9.999999999994457e-05,0.5
KHT-XE5S,2025-06-05 08:10:00,9.7442,7.091,KHT-XE5S_2025_0526_1101,0.00019999999999997797,0.5
KHT-XE5S,2025-06-05 08:20:00,9.7437,7.093,KHT-XE5S_2025_0526_1101,0.00019999999999997797,0.5
KHT-XE5S,2025-06-05 08:30:00,9.744,7.094,KHT-XE5S_2025_0526_1101,0.0001000000000000334,0.5
KHT-XE5S,2025-06-05 08:40:00,9.745,7.093,KHT-XE5S_2025_0526_1101,0.0001000000000000334,0.5
KHT-XE5S,2025-06-05 08:50:00,9.7454,7.094,KHT-XE5S_2025_0526_1101,0.0001000000000000334,0.5
KHT-XE5S,2025-06-05 09:00:00,9.7459,7.098,KHT-XE5S_2025_0526_1101,0.00039999999999995595,0.5
KHT-XE5S,2025-06-05 09:10:00,9.7454,7.096,KHT-XE5S_2025_0526_1101,0.00019999999999997797,0.5
KHT-XE5S,2025-06-05 09:20:00,9.7447,7.097,KHT-XE5S_2025_0526_1101,0.0001000000000000334,0.5
KHT-XE5S,2025-06-05 09:30:00,9.7435,7.096,KHT-XE5S_2025_0526_1101,0.0001000000000000334,0.5
KHT-XE5S,2025-06-05 09:40:00,9.7432,7.098,KHT-XE5S_2025_0526_1101,0.00019999999999997797,0.5
KHT-XE5S,2025-06-05 09:50:00,9.741,7.1,KHT-XE5S_2025_0526_1101,0.00019999999999997797,0.5
KHT-XE5S,2025-06-05 10:00:00,9.7397,7.098,KHT-XE5S_2025_0526_1101,0.00019999999999997797,0.5
KHT-XE5S,2025-06-05 10:10:00,9.7391,7.101,KHT-XE5S_2025_0526_1101,0.00030000000000001136,0.5
KHT-XE5S,2025-06-05 10:20:00,9.7375,7.098,KHT-XE5S_2025_0526_1101,0.00030000000000001136,0.5
KHT-XE5S,2025-06-05 10:30:00,9.7362,7.103,KHT-XE5S_2025_0526_1101,0.0004999999999999894,0.5
KHT-XE5S,2025-06-05 10:40:00,9.7353,7.101,KHT-XE5S_2025_0526_1101,0.00019999999999997797,0.5
KHT-XE5S,2025-06-05 10:50:00,9.7338,7.104,KHT-XE5S_2025_0526_1101,0.00030000000000001136,0.5
KHT-XE5S,2025-06-05 11:00:00,9.7324,7.104,KHT-XE5S_2025_0526_1101,0.0,0.5
KHT-XE5S,2025-06-05 11:10:00,9.7313,7.104,KHT-XE5S_2025_0526_1101,0.0,0.5
KHT-XE5S,2025-06-05 11:20:00,9.7296,7.105,KHT-XE5S_2025_0526_1101,0.0001000000000000334,0.5
KHT-XE5S,2025-06-05 11:30:00,9.7282,7.104,KHT-XE5S_2025_0526_1101,0.0001000000000000334,0.5
KHT-XE5S,2025-06-05 11:40:00,9.7267,7.106,KHT-XE5S_2025_0526_1101,0.00019999999999997797,0.5
KHT-XE5S,2025-06-05 11:50:00,9.7255,7.106,KHT-XE5S_2025_0526_1101,0.0,0.5
KHT-XE5S,2025-06-05 12:00:00,9.7244,7.106,KHT-XE5S_2025_0526_1101,0.0,0.5
KHT-XE5S,2025-06-05 12:10:00,9.7226,7.109,KHT-XE5S_2025_0526_1101,0.00030000000000001136,0.5
KHT-XE5S,2025-06-05 12:20:00,9.7208,7.111,KHT-XE5S_2025_0526_1101,0.00019999999999997797,0.5
KHT-XE5S,2025-06-05 12:30:00,9.7194,7.107,KHT-XE5S_2025_0526_1101,0.00039999999999995595,0.5
KHT-XE5S,2025-06-05 12:40:00,9.7177,7.109,KHT-XE5S_2025_0526_1101,0.00019999999999997797,0.5
KHT-XE5S,2025-06-05 12:50:00,9.7161,7.109,KHT-XE5S_2025_0526_1101,0.0,0.5
KHT-XE5S,2025-06-05 13:00:00,9.714,7.111,KHT-XE5S_2025_0526_1101,0.00019999999999997797,0.5
KHT-XE5S,2025-06-05 13:10:00,9.7125,7.112,KHT-XE5S_2025_0526_1101,0.0001000000000000334,0.5
KHT-XE5S,2025-06-05 13:20:00,9.7105,7.114,KHT-XE5S_2025_0526_1101,0.00019999999999997797,0.5
KHT-XE5S,2025-06-05 13:30:00,9.7096,7.113,KHT-XE5S_2025_0526_1101,9.999999999994457e-05,0.5
KHT-XE5S,2025-06-05 13:40:00,9.7078,7.115,KHT-XE5S_2025_0526_1101,0.00019999999999997797,0.5
KHT-XE5S,2025-06-05 13:50:00,9.7065,7.115,KHT-XE5S_2025_0526_1101,0.0,0.5
KHT-XE5S,2025-06-05 14:00:00,9.705,7.116,KHT-XE5S_2025_0526_1101,9.999999999994457e-05,0.5
KHT-XE5S,2025-06-05 14:10:00,9.7035,7.115,KHT-XE5S_2025_0526_1101,9.999999999994457e-05,0.5
KHT-XE5S,2025-06-05 14:20:00,9.7029,7.116,KHT-XE5S_2025_0526_1101,9.999999999994457e-05,0.5
KHT-XE5S,2025-06-05 14:30:00,9.7011,7.119,KHT-XE5S_2025_0526_1101,0.00030000000000001136,0.5
KHT-XE5S,2025-06-05 14:40:00,9.7013,7.116,KHT-XE5S_2025_0526_1101,0.00030000000000001136,0.5
KHT-XE5S,2025-06-05 14:50:00,9.6998,7.117,KHT-XE5S_2025_0526_1101,0.0001000000000000334,0.5
KHT-XE5S,2025-06-05 15:00:00,9.6997,7.117,KHT-XE5S_2025_0526_1101,0.0,0.5
KHT-XE5S,2025-06-05 15:10:00,9.6991,7.119,KHT-XE5S_2025_0526_1101,0.00019999999999997797,0.5
KHT-XE5S,2025-06-05 15:20:00,9.6981,7.12,KHT-XE5S_2025_0526_1101,0.0001000000000000334,0.5
KHT-XE5S,2025-06-05 15:30:00,9.697,7.121,KHT-XE5S_2025_0526_1101,0.0001000000000000334,0.5
KHT-XE5S,2025-06-05 15:40:00,9.6959,7.123,KHT-XE5S_2025_0526_1101,0.00019999999999997797,0.5
KHT-XE5S,2025-06-05 15:50:00,9.6947,7.123,KHT-XE5S_2025_0526_1101,0.0,0.5
KHT-XE5S,2025-06-05 16:00:00,9.6942,7.123,KHT-XE5S_2025_0526_1101,0.0,0.5
KHT-XE5S,2025-06-05 16:10:00,9.6936,7.125,KHT-XE5S_2025_0526_1101,0.00019999999999997797,0.5
KHT-XE5S,2025-06-05 16:20:00,9.6935,7.123,KHT-XE5S_2025_0526_1101,0.00019999999999997797,0.5
KHT-XE5S,2025-06-05 16:30:00,9.6923,7.125,KHT-XE5S_2025_0526_1101,0.00019999999999997797,0.5
KHT-XE5S,2025-06-05 16:40:00,9.6932,7.125,KHT-XE5S_2025_0526_1101,0.0,0.5
KHT-XE5S,2025-06-05 16:50:00,9.6931,7.126,KHT-XE5S_2025_0526_1101,0.0001000000000000334,0.5
KHT-XE5S,2025-06-05 17:00:00,9.6935,7.128,KHT-XE5S_2025_0526_1101,0.00019999999999997797,0.5
KHT-XE5S,2025-06-05 17:10:00,9.6929,7.128,KHT-XE5S_2025_0526_1101,0.0,0.5
KHT-XE5S,2025-06-05 17:20:00,9.6931,7.129,KHT-XE5S_2025_0526_1101,9.999999999994457e-05,0.5
KHT-XE5S,2025-06-05 17:30:00,9.693,7.13,KHT-XE5S_2025_0526_1101,0.0001000000000000334,0.5
KHT-XE5S,2025-06-05 17:40:00,9.6932,7.13,KHT-XE5S_2025_0526_1101,0.0,0.5
KHT-XE5S,2025-06-05 17:50:00,9.6936,7.131,KHT-XE5S_2025_0526_1101,0.0001000000000000334,0.5
KHT-XE5S,2025-06-05 18:00:00,9.6934,7.131,KHT-XE5S_2025_0526_1101,0.0,0.5
KHT-XE5S,2025-06-05 18:10:00,9.6936,7.131,KHT-XE5S_2025_0526_1101,0.0,0.5
KHT-XE5S,2025-06-05 18:20:00,9.6948,7.134,KHT-XE5S_2025_0526_1101,0.00030000000000001136,0.5
KHT-XE5S,2025-06-05 18:30:00,9.6953,7.133,KHT-XE5S_2025_0526_1101,0.0001000000000000334,0.5
KHT-XE5S,2025-06-05 18:40:00,9.6968,7.134,KHT-XE5S_2025_0526_1101,0.0001000000000000334,0.5
KHT-XE5S,2025-06-05 18:50:00,9.6979,7.136,KHT-XE5S_2025_0526_1101,0.00019999999999997797,0.5
KHT-XE5S,2025-06-05 19:00:00,9.6991,7.137,KHT-XE5S_2025_0526_1101,9.999999999994457e-05,0.5
KHT-XE5S,2025-06-05 19:10:00,9.7,7.137,KHT-XE5S_2025_0526_1101,0.0,0.5
KHT-XE5S,2025-06-05 19:20:00,9.7011,7.138,KHT-XE5S_2025_0526_1101,0.0001000000000000334,0.5
KHT-XE5S,2025-06-05 19:30:00,9.7023,7.139,KHT-XE5S_2025_0526_1101,0.0001000000000000334,0.5
KHT-XE5S,2025-06-05 19:40:00,9.7051,7.139,KHT-XE5S_2025_0526_1101,0.0,0.5
KHT-XE5S,2025-06-05 19:50:00,9.7076,7.138,KHT-XE5S_2025_0526_1101,0.0001000000000000334,0.5
KHT-XE5S,2025-06-05 20:00:00,9.7103,7.141,KHT-XE5S_2025_0526_1101,0.00030000000000001136,0.5
KHT-XE5S,2025-06-05 20:10:00,9.7123,7.141,KHT-XE5S_2025_0526_1101,0.0,0.5
KHT-XE5S,2025-06-05 20:20:00,9.7136,7.141,KHT-XE5S_2025_0526_1101,0.0,0.5
KHT-XE5S,2025-06-05 20:30:00,9.7159,7.142,KHT-XE5S_2025_0526_1101,0.0001000000000000334,0.5
KHT-XE5S,2025-06-05 20:40:00,9.7184,7.144,KHT-XE5S_2025_0526_1101,0.00019999999999997797,0.5
KHT-XE5S,2025-06-05 20:50:00,9.7186,7.144,KHT-XE5S_2025_0526_1101,0.0,0.5
KHT-XE5S,2025-06-05 21:00:00,9.7201,7.142,KHT-XE5S_2025_0526_1101,0.00019999999999997797,0.5
KHT-XE5S,2025-06-05 21:10:00,9.7202,7.143,KHT-XE5S_2025_0526_1101,9.999999999994457e-05,0.5
KHT-XE5S,2025-06-05 21:20:00,9.7202,7.142,KHT-XE5S_2025_0526_1101,9.999999999994457e-05,0.5
KHT-XE5S,2025-06-05 21:30:00,9.7221,7.147,KHT-XE5S_2025_0526_1101,0.0004999999999999894,0.5
KHT-XE5S,2025-06-05 21:40:00,9.7243,7.145,KHT-XE5S_2025_0526_1101,0.0002000000000000668,0.5
KHT-XE5S,2025-06-05 21:50:00,9.7261,7.149,KHT-XE5S_2025_0526_1101,0.00040000000000004474,0.5
KHT-XE5S,2025-06-05 22:00:00,9.7274,7.148,KHT-XE5S_2025_0526_1101,0.0001000000000000334,0.5
KHT-XE5S,2025-06-05 22:10:00,9.7279,7.148,KHT-XE5S_2025_0526_1101,0.0,0.5
KHT-XE5S,2025-06-05 22:20:00,9.7292,7.149,KHT-XE5S_2025_0526_1101,0.0001000000000000334,0.5
KHT-XE5S,2025-06-05 22:30:00,9.7303,7.151,KHT-XE5S_2025_0526_1101,0.00019999999999997797,0.5
KHT-XE5S,2025-06-05 22:40:00,9.7316,7.151,KHT-XE5S_2025_0526_1101,0.0,0.5
KHT-XE5S,2025-06-05 22:50:00,9.7319,7.153,KHT-XE5S_2025_0526_1101,0.00019999999999997797,0.5
KHT-XE5S,2025-06-05 23:00:00,9.7324,7.151,KHT-XE5S_2025_0526_1101,0.00019999999999997797,0.5
KHT-XE5S,2025-06-05 23:10:00,9.7328,7.153,KHT-XE5S_2025_0526_1101,0.00019999999999997797,0.5
KHT-XE5S,2025-06-05 23:20:00,9.7328,7.154,KHT-XE5S_2025_0526_1101,0.0001000000000000334,0.5
KHT-XE5S,2025-06-05 23:30:00,9.7332,7.156,KHT-XE5S_2025_0526_1101,0.00019999999999997797,0.5
KHT-XE5S,2025-06-05 23:40:00,9.7332,7.155,KHT-XE5S_2025_0526_1101,9.999999999994457e-05,0.5
KHT-XE5S,2025-06-05 23:50:00,9.7329,7.156,KHT-XE5S_2025_0526_1101,9.999999999994457e-05,0.5
KHT-XE5S,2025-06-06 00:00:00,9.733,7.158,KHT-XE5S_2025_0526_1101,0.0002000000000000668,0.5
KHT-XE5S,2025-06-06 00:10:00,9.7324,7.157,KHT-XE5S_2025_0526_1101,0.0001000000000000334,0.5
KHT-XE5S,2025-06-06 00:20:00,9.7324,7.158,KHT-XE5S_2025_0526_1101,0.0001000000000000334,0.5
KHT-XE5S,2025-06-06 00:30:00,9.7322,7.16,KHT-XE5S_2025_0526_1101,0.00019999999999997797,0.5
KHT-XE5S,2025-06-06 00:40:00,9.7322,7.159,KHT-XE5S_2025_0526_1101,0.0001000000000000334,0.5
KHT-XE5S,2025-06-06 00:50:00,9.7327,7.16,KHT-XE5S_2025_0526_1101,0.0001000000000000334,0.5
KHT-XE5S,2025-06-06 01:00:00,9.733,7.16,KHT-XE5S_2025_0526_1101,0.0,0.5
KHT-XE5S,2025-06-06 01:10:00,9.733,7.162,KHT-XE5S_2025_0526_1101,0.00019999999999997797,0.5
KHT-XE5S,2025-06-06 01:20:00,9.7327,7.163,KHT-XE5S_2025_0526_1101,0.0001000000000000334,0.5
KHT-XE5S,2025-06-06 01:30:00,9.7327,7.163,KHT-XE5S_2025_0526_1101,0.0,0.5
KHT-XE5S,2025-06-06 01:40:00,9.7332,7.163,KHT-XE5S_2025_0526_1101,0.0,0.5
KHT-XE5S,2025-06-06 01:50:00,9.7338,7.163,KHT-XE5S_2025_0526_1101,0.0,0.5
KHT-XE5S,2025-06-06 02:00:00,9.735,7.164,KHT-XE5S_2025_0526_1101,9.999999999994457e-05,0.5
KHT-XE5S,2025-06-06 02:10:00,9.7354,7.165,KHT-XE5S_2025_0526_1101,0.0001000000000000334,0.5
KHT-XE5S,2025-06-06 02:20:00,9.7364,7.166,KHT-XE5S_2025_0526_1101,0.0001000000000000334,0.5
KHT-XE5S,2025-06-06 02:30:00,9.7368,7.166,KHT-XE5S_2025_0526_1101,0.0,0.5
KHT-XE5S,2025-06-06 02:40:00,9.7369,7.167,KHT-XE5S_2025_0526_1101,9.999999999994457e-05,0.5
KHT-XE5S,2025-06-06 02:50:00,9.7371,7.166,KHT-XE5S_2025_0526_1101,9.999999999994457e-05,0.5
KHT-XE5S,2025-06-06 03:00:00,9.7378,7.17,KHT-XE5S_2025_0526_1101,0.00039999999999995595,0.5
KHT-XE5S,2025-06-06 03:10:00,9.7382,7.169,KHT-XE5S_2025_0526_1101,0.0001000000000000334,0.5
KHT-XE5S,2025-06-06 03:20:00,9.7381,7.17,KHT-XE5S_2025_0526_1101,0.0001000000000000334,0.5
KHT-XE5S,2025-06-06 03:30:00,9.7383,7.17,KHT-XE5S_2025_0526_1101,0.0,0.5
KHT-XE5S,2025-06-06 03:40:00,9.7393,7.17,KHT-XE5S_2025_0526_1101,0.0,0.5
KHT-XE5S,2025-06-06 03:50:00,9.7394,7.174,KHT-XE5S_2025_0526_1101,0.00040000000000004474,0.5
KHT-XE5S,2025-06-06 04:00:00,9.739,7.172,KHT-XE5S_2025_0526_1101,0.0002000000000000668,0.5
KHT-XE5S,2025-06-06 04:10:00,9.7395,7.174,KHT-XE5S_2025_0526_1101,0.0002000000000000668,0.5
KHT-XE5S,2025-06-06 04:20:00,9.7399,7.173,KHT-XE5S_2025_0526_1101,0.0001000000000000334,0.5
KHT-XE5S,2025-06-06 04:30:00,9.7408,7.174,KHT-XE5S_2025_0526_1101,0.0001000000000000334,0.5
KHT-XE5S,2025-06-06 04:40:00,9.7415,7.174,KHT-XE5S_2025_0526_1101,0.0,0.5
KHT-XE5S,2025-06-06 04:50:00,9.7425,7.176,KHT-XE5S_2025_0526_1101,0.00019999999999997797,0.5
KHT-XE5S,2025-06-06 05:00:00,9.7434,7.177,KHT-XE5S_2025_0526_1101,9.999999999994457e-05,0.5
KHT-XE5S,2025-06-06 05:10:00,9.7445,7.178,KHT-XE5S_2025_0526_1101,0.0001000000000000334,0.5
KHT-XE5S,2025-06-06 05:20:00,9.746,7.178,KHT-XE5S_2025_0526_1101,0.0,0.5
KHT-XE5S,2025-06-06 05:30:00,9.7465,7.177,KHT-XE5S_2025_0526_1101,0.0001000000000000334,0.5
KHT-XE5S,2025-06-06 05:40:00,9.7471,7.18,KHT-XE5S_2025_0526_1101,0.00030000000000001136,0.5
KHT-XE5S,2025-06-06 05:50:00,9.7484,7.179,KHT-XE5S_2025_0526_1101,9.999999999994457e-05,0.5
KHT-XE5S,2025-06-06 06:00:00,9.7492,7.179,KHT-XE5S_2025_0526_1101,0.0,0.5
KHT-XE5S,2025-06-06 06:10:00,9.7504,7.181,KHT-XE5S_2025_0526_1101,0.00019999999999997797,0.5
KHT-XE5S,2025-06-06 06:20:00,9.7516,7.182,KHT-XE5S_2025_0526_1101,0.0001000000000000334,0.5
KHT-XE5S,2025-06-06 06:30:00,9.7531,7.183,KHT-XE5S_2025_0526_1101,9.999999999994457e-05,0.5
KHT-XE5S,2025-06-06 06:40:00,9.7538,7.184,KHT-XE5S_2025_0526_1101,0.0001000000000000334,0.5
KHT-XE5S,2025-06-06 06:50:00,9.7542,7.183,KHT-XE5S_2025_0526_1101,0.0001000000000000334,0.5
KHT-XE5S,2025-06-06 07:00:00,9.7548,7.186,KHT-XE5S_2025_0526_1101,0.00030000000000001136,0.5
KHT-XE5S,2025-06-06 07:10:00,9.7553,7.184,KHT-XE5S_2025_0526_1101,0.00019999999999997797,0.5
KHT-XE5S,2025-06-06 07:20:00,9.755,7.187,KHT-XE5S_2025_0526_1101,0.00030000000000001136,0.5
KHT-XE5S,2025-06-06 07:30:00,9.7555,7.187,KHT-XE5S_2025_0526_1101,0.0,0.5
KHT-XE5S,2025-06-06 07:40:00,9.7566,7.187,KHT-XE5S_2025_0526_1101,0.0,0.5
KHT-XE5S,2025-06-06 07:50:00,9.7576,7.189,KHT-XE5S_2025_0526_1101,0.00019999999999997797,0.5
KHT-XE5S,2025-06-06 08:00:00,9.7581,7.189,KHT-XE5S_2025_0526_1101,0.0,0.5
KHT-XE5S,2025-06-06 08:10:00,9.759,7.191,KHT-XE5S_2025_0526_1101,0.00019999999999997797,0.5
KHT-XE5S,2025-06-06 08:20:00,9.76,7.192,KHT-XE5S_2025_0526_1101,0.0001000000000000334,0.5
KHT-XE5S,2025-06-06 08:30:00,9.7603,7.191,KHT-XE5S_2025_0526_1101,0.0001000000000000334,0.5
KHT-XE5S,2025-06-06 08:40:00,9.7608,7.193,KHT-XE5S_2025_0526_1101,0.00019999999999997797,0.5
KHT-XE5S,2025-06-06 08:50:00,9.7615,7.195,KHT-XE5S_2025_0526_1101,0.0002000000000000668,0.5
KHT-XE5S,2025-06-06 09:00:00,9.7621,7.193,KHT-XE5S_2025_0526_1101,0.0002000000000000668,0.5
KHT-XE5S,2025-06-06 09:10:00,9.7619,7.194,KHT-XE5S_2025_0526_1101,0.0001000000000000334,0.5
KHT-XE5S,2025-06-06 09:20:00,9.7617,7.194,KHT-XE5S_2025_0526_1101,0.0,0.5
KHT-XE5S,2025-06-06 09:30:00,9.7619,7.196,KHT-XE5S_2025_0526_1101,0.00019999999999997797,0.5
KHT-XE5S,2025-06-06 09:40:00,9.7609,7.198,KHT-XE5S_2025_0526_1101,0.0002000000000000668,0.5
KHT-XE5S,2025-06-06 09:50:00,9.7607,7.199,KHT-XE5S_2025_0526_1101,9.999999999994457e-05,0.5
KHT-XE5S,2025-06-06 10:00:00,9.7599,7.199,KHT-XE5S_2025_0526_1101,0.0,0.5
KHT-XE5S,2025-06-06 10:10:00,9.7587,7.199,KHT-XE5S_2025_0526_1101,0.0,0.5
KHT-XE5S,2025-06-06 10:20:00,9.7574,7.199,KHT-XE5S_2025_0526_1101,0.0,0.5
KHT-XE5S,2025-06-06 10:30:00,9.7567,7.2,KHT-XE5S_2025_0526_1101,0.0001000000000000334,0.5
KHT-XE5S,2025-06-06 10:40:00,9.7559,7.2,KHT-XE5S_2025_0526_1101,0.0,0.5
KHT-XE5S,2025-06-06 10:50:00,9.7549,7.201,KHT-XE5S_2025_0526_1101,9.999999999994457e-05,0.5
KHT-XE5S,2025-06-06 11:00:00,9.7535,7.202,KHT-XE5S_2025_0526_1101,0.0001000000000000334,0.5
KHT-XE5S,2025-06-06 11:10:00,9.7521,7.201,KHT-XE5S_2025_0526_1101,0.0001000000000000334,0.5
KHT-XE5S,2025-06-06 11:20:00,9.7507,7.201,KHT-XE5S_2025_0526_1101,0.0,0.5
KHT-XE5S,2025-06-06 11:30:00,9.7494,7.203,KHT-XE5S_2025_0526_1101,0.0002000000000000668,0.5
KHT-XE5S,2025-06-06 11:40:00,9.7475,7.202,KHT-XE5S_2025_0526_1101,0.0001000000000000334,0.5
KHT-XE5S,2025-06-06 11:50:00,9.7458,7.204,KHT-XE5S_2025_0526_1101,0.00019999999999997797,0.5
KHT-XE5S,2025-06-06 12:00:00,9.7433,7.206,KHT-XE5S_2025_0526_1101,0.0002000000000000668,0.5
KHT-XE5S,2025-06-06 12:10:00,9.7409,7.204,KHT-XE5S_2025_0526_1101,0.0002000000000000668,0.5
KHT-XE5S,2025-06-06 12:20:00,9.7385,7.206,KHT-XE5S_2025_0526_1101,0.0002000000000000668,0.5
KHT-XE5S,2025-06-06 12:30:00,9.7367,7.209,KHT-XE5S_2025_0526_1101,0.00029999999999992256,0.5
KHT-XE5S,2025-06-06 12:40:00,9.7344,7.206,KHT-XE5S_2025_0526_1101,0.00029999999999992256,0.5
KHT-XE5S,2025-06-06 12:50:00,9.7327,7.21,KHT-XE5S_2025_0526_1101,0.00039999999999995595,0.5
KHT-XE5S,2025-06-06 13:00:00,9.7304,7.209,KHT-XE5S_2025_0526_1101,0.0001000000000000334,0.5
KHT-XE5S,2025-06-06 13:10:00,9.7289,7.21,KHT-XE5S_2025_0526_1101,0.0001000000000000334,0.5
KHT-XE5S,2025-06-06 13:20:00,9.7275,7.209,KHT-XE5S_2025_0526_1101,0.0001000000000000334,0.5
KHT-XE5S,2025-06-06 13:30:00,9.7264,7.21,KHT-XE5S_2025_0526_1101,0.0001000000000000334,0.5
KHT-XE5S,2025-06-06 13:40:00,9.725,7.211,KHT-XE5S_2025_0526_1101,0.0001000000000000334,0.5
KHT-XE5S,2025-06-06 13:50:00,9.7236,7.211,KHT-XE5S_2025_0526_1101,0.0,0.5
KHT-XE5S,2025-06-06 14:00:00,9.7214,7.213,KHT-XE5S_2025_0526_1101,0.00019999999999997797,0.5
KHT-XE5S,2025-06-06 14:10:00,9.7205,7.212,KHT-XE5S_2025_0526_1101,0.0001000000000000334,0.5
KHT-XE5S,2025-06-06 14:20:00,9.7194,7.213,KHT-XE5S_2025_0526_1101,0.0001000000000000334,0.5
KHT-XE5S,2025-06-06 14:30:00,9.7181,7.214,KHT-XE5S_2025_0526_1101,0.0001000000000000334,0.5
KHT-XE5S,2025-06-06 14:40:00,9.7167,7.216,KHT-XE5S_2025_0526_1101,0.00019999999999997797,0.5
KHT-XE5S,2025-06-06 14:50:00,9.7162,7.216,KHT-XE5S_2025_0526_1101,0.0,0.5
KHT-XE5S,2025-06-06 15:00:00,9.7152,7.217,KHT-XE5S_2025_0526_1101,9.999999999994457e-05,0.5
KHT-XE5S,2025-06-06 15:10:00,9.7151,7.217,KHT-XE5S_2025_0526_1101,0.0,0.5
KHT-XE5S,2025-06-06 15:20:00,9.7143,7.218,KHT-XE5S_2025_0526_1101,0.0001000000000000334,0.5
KHT-XE5S,2025-06-06 15:30:00,9.7141,7.219,KHT-XE5S_2025_0526_1101,0.0001000000000000334,0.5
KHT-XE5S,2025-06-06 15:40:00,9.714,7.219,KHT-XE5S_2025_0526_1101,0.0,0.5
KHT-XE5S,2025-06-06 15:50:00,9.7139,7.221,KHT-XE5S_2025_0526_1101,0.00019999999999997797,0.5
KHT-XE5S,2025-06-06 16:00:00,9.7134,7.221,KHT-XE5S_2025_0526_1101,0.0,0.5
KHT-XE5S,2025-06-06 16:10:00,9.7135,7.223,KHT-XE5S_2025_0526_1101,0.00019999999999997797,0.5
KHT-XE5S,2025-06-06 16:20:00,9.7131,7.221,KHT-XE5S_2025_0526_1101,0.00019999999999997797,0.5
KHT-XE5S,2025-06-06 16:30:00,9.7122,7.223,KHT-XE5S_2025_0526_1101,0.00019999999999997797,0.5
KHT-XE5S,2025-06-06 16:40:00,9.7135,7.225,KHT-XE5S_2025_0526_1101,0.00019999999999997797,0.5
KHT-XE5S,2025-06-06 16:50:00,9.714,7.225,KHT-XE5S_2025_0526_1101,0.0,0.5
KHT-XE5S,2025-06-06 17:00:00,9.7147,7.224,KHT-XE5S_2025_0526_1101,9.999999999994457e-05,0.5
KHT-XE5S,2025-06-06 17:10:00,9.7155,7.227,KHT-XE5S_2025_0526_1101,0.00030000000000001136,0.5
KHT-XE5S,2025-06-06 17:20:00,9.7148,7.228,KHT-XE5S_2025_0526_1101,9.999999999994457e-05,0.5
KHT-XE5S,2025-06-06 17:30:00,9.7126,7.228,KHT-XE5S_2025_0526_1101,0.0,0.5
KHT-XE5S,2025-06-06 17:40:00,9.7121,7.228,KHT-XE5S_2025_0526_1101,0.0,0.5
KHT-XE5S,2025-06-06 17:50:00,9.7118,7.231,KHT-XE5S_2025_0526_1101,0.00030000000000001136,0.5
KHT-XE5S,2025-06-06 18:00:00,9.7124,7.229,KHT-XE5S_2025_0526_1101,0.00019999999999997797,0.5
KHT-XE5S,2025-06-06 18:10:00,9.7127,7.229,KHT-XE5S_2025_0526_1101,0.0,0.5
KHT-XE5S,2025-06-06 18:20:00,9.7124,7.233,KHT-XE5S_2025_0526_1101,0.00039999999999995595,0.5
KHT-XE5S,2025-06-06 18:30:00,9.7143,7.231,KHT-XE5S_2025_0526_1101,0.00019999999999997797,0.5
KHT-XE5S,2025-06-06 18:40:00,9.7154,7.23,KHT-XE5S_2025_0526_1101,9.999999999994457e-05,0.5
KHT-XE5S,2025-06-06 18:50:00,9.717,7.234,KHT-XE5S_2025_0526_1101,0.00039999999999995595,0.5
KHT-XE5S,2025-06-06 19:00:00,9.7188,7.232,KHT-XE5S_2025_0526_1101,0.00019999999999997797,0.5
KHT-XE5S,2025-06-06 19:10:00,9.7209,7.234,KHT-XE5S_2025_0526_1101,0.00019999999999997797,0.5
KHT-XE5S,2025-06-06 19:20:00,9.7221,7.235,KHT-XE5S_2025_0526_1101,0.0001000000000000334,0.5
KHT-XE5S,2025-06-06 19:30:00,9.724,7.234,KHT-XE5S_2025_0526_1101,0.0001000000000000334,0.5
KHT-XE5S,2025-06-06 19:40:00,9.7257,7.237,KHT-XE5S_2025_0526_1101,0.00030000000000001136,0.5
KHT-XE5S,2025-06-06 19:50:00,9.7268,7.237,KHT-XE5S_2025_0526_1101,0.0,0.5
KHT-XE5S,2025-06-06 20:00:00,9.7261,7.238,KHT-XE5S_2025_0526_1101,0.0001000000000000334,0.5
KHT-XE5S,2025-06-06 20:10:00,9.725,7.24,KHT-XE5S_2025_0526_1101,0.00019999999999997797,0.5
KHT-XE5S,2025-06-06 20:20:00,9.7252,7.238,KHT-XE5S_2025_0526_1101,0.00019999999999997797,0.5
KHT-XE5S,2025-06-06 20:30:00,9.726,7.239,KHT-XE5S_2025_0526_1101,9.999999999994457e-05,0.5
KHT-XE5S,2025-06-06 20:40:00,9.7292,7.239,KHT-XE5S_2025_0526_1101,0.0,0.5
KHT-XE5S,2025-06-06 20:50:00,9.7322,7.242,KHT-XE5S_2025_0526_1101,0.00030000000000001136,0.5
KHT-XE5S,2025-06-06 21:00:00,9.7347,7.24,KHT-XE5S_2025_0526_1101,0.00019999999999997797,0.5
KHT-XE5S,2025-06-06 21:10:00,9.7362,7.242,KHT-XE5S_2025_0526_1101,0.00019999999999997797,0.5
KHT-XE5S,2025-06-06 21:20:00,9.7381,7.242,KHT-XE5S_2025_0526_1101,0.0,0.5
KHT-XE5S,2025-06-06 21:30:00,9.7402,7.242,KHT-XE5S_2025_0526_1101,0.0,0.5
KHT-XE5S,2025-06-06 21:40:00,9.7416,7.243,KHT-XE5S_2025_0526_1101,0.0001000000000000334,0.5
KHT-XE5S,2025-06-06 21:50:00,9.7432,7.244,KHT-XE5S_2025_0526_1101,9.999999999994457e-05,0.5
KHT-XE5S,2025-06-06 22:00:00,9.7442,7.242,KHT-XE5S_2025_0526_1101,0.00019999999999997797,0.5
KHT-XE5S,2025-06-06 22:10:00,9.746,7.245,KHT-XE5S_2025_0526_1101,0.00030000000000001136,0.5
KHT-XE5S,2025-06-06 22:20:00,9.7468,7.244,KHT-XE5S_2025_0526_1101,0.0001000000000000334,0.5
KHT-XE5S,2025-06-06 22:30:00,9.7474,7.248,KHT-XE5S_2025_0526_1101,0.00040000000000004474,0.5
KHT-XE5S,2025-06-06 22:40:00,9.7477,7.248,KHT-XE5S_2025_0526_1101,0.0,0.5
KHT-XE5S,2025-06-06 22:50:00,9.7494,7.248,KHT-XE5S_2025_0526_1101,0.0,0.5
KHT-XE5S,2025-06-06 23:00:00,9.7498,7.249,KHT-XE5S_2025_0526_1101,9.999999999994457e-05,0.5
KHT-XE5S,2025-06-06 23:10:00,9.7504,7.248,KHT-XE5S_2025_0526_1101,9.999999999994457e-05,0.5
KHT-XE5S,2025-06-06 23:20:00,9.7511,7.25,KHT-XE5S_2025_0526_1101,0.00019999999999997797,0.5
KHT-XE5S,2025-06-06 23:30:00,9.7517,7.253,KHT-XE5S_2025_0526_1101,0.00030000000000001136,0.5
KHT-XE5S,2025-06-06 23:40:00,9.7524,7.251,KHT-XE5S_2025_0526_1101,0.00019999999999997797,0.5
KHT-XE5S,2025-06-06 23:50:00,9.7529,7.254,KHT-XE5S_2025_0526_1101,0.00029999999999992256,0.5
KHT-XE5S,2025-06-07 00:00:00,9.7537,7.253,KHT-XE5S_2025_0526_1101,9.999999999994457e-05,0.5
KHT-XE5S,2025-06-07 00:10:00,9.7542,7.255,KHT-XE5S_2025_0526_1101,0.00019999999999997797,0.5
KHT-XE5S,2025-06-07 00:20:00,9.7546,7.255,KHT-XE5S_2025_0526_1101,0.0,0.5
KHT-XE5S,2025-06-07 00:30:00,9.7555,7.254,KHT-XE5S_2025_0526_1101,0.0001000000000000334,0.5
KHT-XE5S,2025-06-07 00:40:00,9.7561,7.256,KHT-XE5S_2025_0526_1101,0.0002000000000000668,0.5
KHT-XE5S,2025-06-07 00:50:00,9.756,7.257,KHT-XE5S_2025_0526_1101,9.999999999994457e-05,0.5
KHT-XE5S,2025-06-07 01:00:00,9.7562,7.256,KHT-XE5S_2025_0526_1101,9.999999999994457e-05,0.5
KHT-XE5S,2025-06-07 01:10:00,9.7561,7.259,KHT-XE5S_2025_0526_1101,0.00030000000000001136,0.5
KHT-XE5S,2025-06-07 01:20:00,9.7552,7.258,KHT-XE5S_2025_0526_1101,0.0001000000000000334,0.5
KHT-XE5S,2025-06-07 01:30:00,9.7553,7.258,KHT-XE5S_2025_0526_1101,0.0,0.5
KHT-XE5S,2025-06-07 01:40:00,9.7553,7.26,KHT-XE5S_2025_0526_1101,0.00019999999999997797,0.5
KHT-XE5S,2025-06-07 01:50:00,9.7556,7.261,KHT-XE5S_2025_0526_1101,0.0001000000000000334,0.5
KHT-XE5S,2025-06-07 02:00:00,9.7557,7.262,KHT-XE5S_2025_0526_1101,9.999999999994457e-05,0.5
KHT-XE5S,2025-06-07 02:10:00,9.7561,7.261,KHT-XE5S_2025_0526_1101,9.999999999994457e-05,0.5
KHT-XE5S,2025-06-07 02:20:00,9.7559,7.261,KHT-XE5S_2025_0526_1101,0.0,0.5
KHT-XE5S,2025-06-07 02:30:00,9.7565,7.263,KHT-XE5S_2025_0526_1101,0.00019999999999997797,0.5
KHT-XE5S,2025-06-07 02:40:00,9.7568,7.266,KHT-XE5S_2025_0526_1101,0.00030000000000001136,0.5
KHT-XE5S,2025-06-07 02:50:00,9.7574,7.266,KHT-XE5S_2025_0526_1101,0.0,0.5
KHT-XE5S,2025-06-07 03:00:00,9.7574,7.266,KHT-XE5S_2025_0526_1101,0.0,0.5
KHT-XE5S,2025-06-07 03:10:00,9.7578,7.265,KHT-XE5S_2025_0526_1101,0.0001000000000000334,0.5
KHT-XE5S,2025-06-07 03:20:00,9.7585,7.266,KHT-XE5S_2025_0526_1101,0.0001000000000000334,0.5
KHT-XE5S,2025-06-07 03:30:00,9.7585,7.266,KHT-XE5S_2025_0526_1101,0.0,0.5
KHT-XE5S,2025-06-07 03:40:00,9.7591,7.269,KHT-XE5S_2025_0526_1101,0.00030000000000001136,0.5
KHT-XE5S,2025-06-07 03:50:00,9.7594,7.269,KHT-XE5S_2025_0526_1101,0.0,0.5
KHT-XE5S,2025-06-07 04:00:00,9.76,7.27,KHT-XE5S_2025_0526_1101,9.999999999994457e-05,0.5
KHT-XE5S,2025-06-07 04:10:00,9.7598,7.271,KHT-XE5S_2025_0526_1101,0.0001000000000000334,0.5
KHT-XE5S,2025-06-07 04:20:00,9.7604,7.27,KHT-XE5S_2025_0526_1101,0.0001000000000000334,0.5
KHT-XE5S,2025-06-07 04:30:00,9.7615,7.272,KHT-XE5S_2025_0526_1101,0.0002000000000000668,0.5
KHT-XE5S,2025-06-07 04:40:00,9.7622,7.272,KHT-XE5S_2025_0526_1101,0.0,0.5
KHT-XE5S,2025-06-07 04:50:00,9.7624,7.27,KHT-XE5S_2025_0526_1101,0.0002000000000000668,0.5
KHT-XE5S,2025-06-07 05:00:00,9.7635,7.273,KHT-XE5S_2025_0526_1101,0.00030000000000001136,0.5
KHT-XE5S,2025-06-07 05:10:00,9.7645,7.273,KHT-XE5S_2025_0526_1101,0.0,0.5
KHT-XE5S,2025-06-07 05:20:00,9.7661,7.275,KHT-XE5S_2025_0526_1101,0.0002000000000000668,0.5
KHT-XE5S,2025-06-07 05:30:00,9.7667,7.276,KHT-XE5S_2025_0526_1101,9.999999999994457e-05,0.5
KHT-XE5S,2025-06-07 05:40:00,9.7679,7.275,KHT-XE5S_2025_0526_1101,9.999999999994457e-05,0.5
KHT-XE5S,2025-06-07 05:50:00,9.7687,7.275,KHT-XE5S_2025_0526_1101,0.0,0.5
KHT-XE5S,2025-06-07 06:00:00,9.7696,7.278,KHT-XE5S_2025_0526_1101,0.00029999999999992256,0.5
KHT-XE5S,2025-06-07 06:10:00,9.7702,7.278,KHT-XE5S_2025_0526_1101,0.0,0.5
KHT-XE5S,2025-06-07 06:20:00,9.7717,7.28,KHT-XE5S_2025_0526_1101,0.0002000000000000668,0.5
KHT-XE5S,2025-06-07 06:30:00,9.7731,7.279,KHT-XE5S_2025_0526_1101,0.0001000000000000334,0.5
KHT-XE5S,2025-06-07 06:40:00,9.7736,7.28,KHT-XE5S_2025_0526_1101,0.0001000000000000334,0.5
KHT-XE5S,2025-06-07 06:50:00,9.7746,7.28,KHT-XE5S_2025_0526_1101,0.0,0.5
KHT-XE5S,2025-06-07 07:00:00,9.7748,7.278,KHT-XE5S_2025_0526_1101,0.0002000000000000668,0.5
KHT-XE5S,2025-06-07 07:10:00,9.7758,7.282,KHT-XE5S_2025_0526_1101,0.00040000000000004474,0.5
KHT-XE5S,2025-06-07 07:20:00,9.7762,7.28,KHT-XE5S_2025_0526_1101,0.00019999999999997797,0.5
KHT-XE5S,2025-06-07 07:30:00,9.7764,7.283,KHT-XE5S_2025_0526_1101,0.00030000000000001136,0.5
KHT-XE5S,2025-06-07 07:40:00,9.7771,7.282,KHT-XE5S_2025_0526_1101,0.0001000000000000334,0.5
KHT-XE5S,2025-06-07 07:50:00,9.7776,7.284,KHT-XE5S_2025_0526_1101,0.00019999999999997797,0.5
KHT-XE5S,2025-06-07 08:00:00,9.7779,7.284,KHT-XE5S_2025_0526_1101,0.0,0.5
KHT-XE5S,2025-06-07 08:10:00,9.7787,7.287,KHT-XE5S_2025_0526_1101,0.00030000000000001136,0.5
KHT-XE5S,2025-06-07 08:20:00,9.7794,7.285,KHT-XE5S_2025_0526_1101,0.00019999999999997797,0.5
KHT-XE5S,2025-06-07 08:30:00,9.7795,7.287,KHT-XE5S_2025_0526_1101,0.00019999999999997797,0.5
KHT-XE5S,2025-06-07 08:40:00,9.7799,7.289,KHT-XE5S_2025_0526_1101,0.00019999999999997797,0.5
KHT-XE5S,2025-06-07 08:50:00,9.7809,7.289,KHT-XE5S_2025_0526_1101,0.0,0.5
KHT-XE5S,2025-06-07 09:00:00,9.7811,7.289,KHT-XE5S_2025_0526_1101,0.0,0.5
KHT-XE5S,2025-06-07 09:10:00,9.781,7.292,KHT-XE5S_2025_0526_1101,0.00030000000000001136,0.5
KHT-XE5S,2025-06-07 09:20:00,9.7806,7.292,KHT-XE5S_2025_0526_1101,0.0,0.5
KHT-XE5S,2025-06-07 09:30:00,9.7803,7.291,KHT-XE5S_2025_0526_1101,9.999999999994457e-05,0.5
KHT-XE5S,2025-06-07 09:40:00,9.779,7.293,KHT-XE5S_2025_0526_1101,0.00019999999999997797,0.5
KHT-XE5S,2025-06-07 09:50:00,9.7779,7.294,KHT-XE5S_2025_0526_1101,9.999999999994457e-05,0.5
KHT-XE5S,2025-06-07 10:00:00,9.7763,7.293,KHT-XE5S_2025_0526_1101,9.999999999994457e-05,0.5
KHT-XE5S,2025-06-07 10:10:00,9.7755,7.296,KHT-XE5S_2025_0526_1101,0.00030000000000001136,0.5
KHT-XE5S,2025-06-07 10:20:00,9.7747,7.294,KHT-XE5S_2025_0526_1101,0.0002000000000000668,0.5
KHT-XE5S,2025-06-07 10:30:00,9.7732,7.294,KHT-XE5S_2025_0526_1101,0.0,0.5
KHT-XE5S,2025-06-07 10:40:00,9.7716,7.296,KHT-XE5S_2025_0526_1101,0.0002000000000000668,0.5
KHT-XE5S,2025-06-07 10:50:00,9.7702,7.296,KHT-XE5S_2025_0526_1101,0.0,0.5
KHT-XE5S,2025-06-07 11:00:00,9.7684,7.297,KHT-XE5S_2025_0526_1101,9.999999999994457e-05,0.5
KHT-XE5S,2025-06-07 11:10:00,9.7668,7.3,KHT-XE5S_2025_0526_1101,0.00030000000000001136,0.5
KHT-XE5S,2025-06-07 11:20:00,9.7651,7.299,KHT-XE5S_2025_0526_1101,9.999999999994457e-05,0.5
KHT-XE5S,2025-06-07 11:30:00,9.7636,7.299,KHT-XE5S_2025_0526_1101,0.0,0.5
KHT-XE5S,2025-06-07 11:40:00,9.7618,7.299,KHT-XE5S_2025_0526_1101,0.0,0.5
KHT-XE5S,2025-06-07 11:50:00,9.7601,7.301,KHT-XE5S_2025_0526_1101,0.00019999999999997797,0.5
KHT-XE5S,2025-06-07 12:00:00,9.7576,7.301,KHT-XE5S_2025_0526_1101,0.0,0.5
KHT-XE5S,2025-06-07 12:10:00,9.756,7.301,KHT-XE5S_2025_0526_1101,0.0,0.5
KHT-XE5S,2025-06-07 12:20:00,9.7538,7.303,KHT-XE5S_2025_0526_1101,0.00019999999999997797,0.5
KHT-XE5S,2025-06-07 12:30:00,9.7523,7.302,KHT-XE5S_2025_0526_1101,0.0001000000000000334,0.5
KHT-XE5S,2025-06-07 12:40:00,9.75,7.303,KHT-XE5S_2025_0526_1101,0.0001000000000000334,0.5
KHT-XE5S,2025-06-07 12:50:00,9.7478,7.303,KHT-XE5S_2025_0526_1101,0.0,0.5
KHT-XE5S,2025-06-07 13:00:00,9.7461,7.305,KHT-XE5S_2025_0526_1101,0.00019999999999997797,0.5
KHT-XE5S,2025-06-07 13:10:00,9.7445,7.306,KHT-XE5S_2025_0526_1101,0.0001000000000000334,0.5
KHT-XE5S,2025-06-07 13:20:00,9.7421,7.306,KHT-XE5S_2025_0526_1101,0.0,0.5
KHT-XE5S,2025-06-07 13:30:00,9.7414,7.305,KHT-XE5S_2025_0526_1101,0.0001000000000000334,0.5
KHT-XE5S,2025-06-07 13:40:00,9.74,7.309,KHT-XE5S_2025_0526_1101,0.00040000000000004474,0.5
KHT-XE5S,2025-06-07 13:50:00,9.7384,7.308,KHT-XE5S_2025_0526_1101,0.0001000000000000334,0.5
KHT-XE5S,2025-06-07 14:00:00,9.7377,7.308,KHT-XE5S_2025_0526_1101,0.0,0.5
KHT-XE5S,2025-06-07 14:10:00,9.7362,7.309,KHT-XE5S_2025_0526_1101,0.0001000000000000334,0.5
KHT-XE5S,2025-06-07 14:20:00,9.7358,7.31,KHT-XE5S_2025_0526_1101,9.999999999994457e-05,0.5
KHT-XE5S,2025-06-07 14:30:00,9.7355,7.309,KHT-XE5S_2025_0526_1101,9.999999999994457e-05,0.5
KHT-XE5S,2025-06-07 14:40:00,9.7355,7.313,KHT-XE5S_2025_0526_1101,0.00039999999999995595,0.5
KHT-XE5S,2025-06-07 14:50:00,9.736,7.311,KHT-XE5S_2025_0526_1101,0.00019999999999997797,0.5
KHT-XE5S,2025-06-07 15:00:00,9.7361,7.312,KHT-XE5S_2025_0526_1101,0.0001000000000000334,0.5
KHT-XE5S,2025-06-07 15:10:00,9.7351,7.311,KHT-XE5S_2025_0526_1101,0.0001000000000000334,0.5
KHT-XE5S,2025-06-07 15:20:00,9.7339,7.315,KHT-XE5S_2025_0526_1101,0.00040000000000004474,0.5
KHT-XE5S,2025-06-07 15:30:00,9.7331,7.314,KHT-XE5S_2025_0526_1101,0.0001000000000000334,0.5
KHT-XE5S,2025-06-07 15:40:00,9.7322,7.315,KHT-XE5S_2025_0526_1101,0.0001000000000000334,0.5
KHT-XE5S,2025-06-07 15:50:00,9.7314,7.317,KHT-XE5S_2025_0526_1101,0.00019999999999997797,0.5
KHT-XE5S,2025-06-07 16:00:00,9.7303,7.317,KHT-XE5S_2025_0526_1101,0.0,0.5
KHT-XE5S,2025-06-07 16:10:00,9.73,7.319,KHT-XE5S_2025_0526_1101,0.00019999999999997797,0.5
KHT-XE5S,2025-06-07 16:20:00,9.7303,7.319,KHT-XE5S_2025_0526_1101,0.0,0.5
KHT-XE5S,2025-06-07 16:30:00,9.7307,7.318,KHT-XE5S_2025_0526_1101,0.0001000000000000334,0.5
KHT-XE5S,2025-06-07 16:40:00,9.7298,7.32,KHT-XE5S_2025_0526_1101,0.0002000000000000668,0.5
KHT-XE5S,2025-06-07 16:50:00,9.73,7.319,KHT-XE5S_2025_0526_1101,0.0001000000000000334,0.5
KHT-XE5S,2025-06-07 17:00:00,9.7298,7.321,KHT-XE5S_2025_0526_1101,0.00019999999999997797,0.5
KHT-XE5S,2025-06-07 17:10:00,9.7276,7.32,KHT-XE5S_2025_0526_1101,9.999999999994457e-05,0.5
KHT-XE5S,2025-06-07 17:20:00,9.7263,7.322,KHT-XE5S_2025_0526_1101,0.00019999999999997797,0.5
KHT-XE5S,2025-06-07 17:30:00,9.7264,7.322,KHT-XE5S_2025_0526_1101,0.0,0.5
KHT-XE5S,2025-06-07 17:40:00,9.7271,7.324,KHT-XE5S_2025_0526_1101,0.00019999999999997797,0.5
KHT-XE5S,2025-06-07 17:50:00,9.7263,7.323,KHT-XE5S_2025_0526_1101,9.999999999994457e-05,0.5
KHT-XE5S,2025-06-07 18:00:00,9.7265,7.325,KHT-XE5S_2025_0526_1101,0.00019999999999997797,0.5
KHT-XE5S,2025-06-07 18:10:00,9.7265,7.323,KHT-XE5S_2025_0526_1101,0.00019999999999997797,0.5
KHT-XE5S,2025-06-07 18:20:00,9.7283,7.327,KHT-XE5S_2025_0526_1101,0.00039999999999995595,0.5
KHT-XE5S,2025-06-07 18:30:00,9.7301,7.328,KHT-XE5S_2025_0526_1101,0.0001000000000000334,0.5
KHT-XE5S,2025-06-07 18:40:00,9.7311,7.328,KHT-XE5S_2025_0526_1101,0.0,0.5
KHT-XE5S,2025-06-07 18:50:00,9.7316,7.329,KHT-XE5S_2025_0526_1101,9.999999999994457e-05,0.5
KHT-XE5S,2025-06-07 19:00:00,9.7329,7.33,KHT-XE5S_2025_0526_1101,0.0001000000000000334,0.5
KHT-XE5S,2025-06-07 19:10:00,9.734,7.329,KHT-XE5S_2025_0526_1101,0.0001000000000000334,0.5
KHT-XE5S,2025-06-07 19:20:00,9.7365,7.331,KHT-XE5S_2025_0526_1101,0.0002000000000000668,0.5
KHT-XE5S,2025-06-07 19:30:00,9.7372,7.329,KHT-XE5S_2025_0526_1101,0.0002000000000000668,0.5
KHT-XE5S,2025-06-07 19:40:00,9.7378,7.331,KHT-XE5S_2025_0526_1101,0.0002000000000000668,0.5
KHT-XE5S,2025-06-07 19:50:00,9.7377,7.332,KHT-XE5S_2025_0526_1101,9.999999999994457e-05,0.5
KHT-XE5S,2025-06-07 20:00:00,9.737,7.333,KHT-XE5S_2025_0526_1101,0.0001000000000000334,0.5
KHT-XE5S,2025-06-07 20:10:00,9.7391,7.332,KHT-XE5S_2025_0526_1101,0.0001000000000000334,0.5
KHT-XE5S,2025-06-07 20:20:00,9.7406,7.333,KHT-XE5S_2025_0526_1101,0.0001000000000000334,0.5
KHT-XE5S,2025-06-07 20:30:00,9.742,7.334,KHT-XE5S_2025_0526_1101,9.999999999994457e-05,0.5
KHT-XE5S,2025-06-07 20:40:00,9.7437,7.335,KHT-XE5S_2025_0526_1101,0.0001000000000000334,0.5
KHT-XE5S,2025-06-07 20:50:00,9.7458,7.336,KHT-XE5S_2025_0526_1101,0.0001000000000000334,0.5
KHT-XE5S,2025-06-07 21:00:00,9.7462,7.335,KHT-XE5S_2025_0526_1101,0.0001000000000000334,0.5
KHT-XE5S,2025-06-07 21:10:00,9.7472,7.336,KHT-XE5S_2025_0526_1101,0.0001000000000000334,0.5
KHT-XE5S,2025-06-07 21:20:00,9.7491,7.338,KHT-XE5S_2025_0526_1101,0.00019999999999997797,0.5
KHT-XE5S,2025-06-07 21:30:00,9.7507,7.338,KHT-XE5S_2025_0526_1101,0.0,0.5
KHT-XE5S,2025-06-07 21:40:00,9.753,7.339,KHT-XE5S_2025_0526_1101,0.0001000000000000334,0.5
KHT-XE5S,2025-06-07 21:50:00,9.7535,7.339,KHT-XE5S_2025_0526_1101,0.0,0.5
KHT-XE5S,2025-06-07 22:00:00,9.7539,7.34,KHT-XE5S_2025_0526_1101,9.999999999994457e-05,0.5
KHT-XE5S,2025-06-07 22:10:00,9.7546,7.34,KHT-XE5S_2025_0526_1101,0.0,0.5
KHT-XE5S,2025-06-07 22:20:00,9.7561,7.341,KHT-XE5S_2025_0526_1101,0.0001000000000000334,0.5
KHT-XE5S,2025-06-07 22:30:00,9.7573,7.342,KHT-XE5S_2025_0526_1101,9.999999999994457e-05,0.5
KHT-XE5S,2025-06-07 22:40:00,9.7576,7.343,KHT-XE5S_2025_0526_1101,0.0001000000000000334,0.5
KHT-XE5S,2025-06-07 22:50:00,9.7574,7.342,KHT-XE5S_2025_0526_1101,0.0001000000000000334,0.5
KHT-XE5S,2025-06-07 23:00:00,9.7576,7.344,KHT-XE5S_2025_0526_1101,0.0002000000000000668,0.5
KHT-XE5S,2025-06-07 23:10:00,9.759,7.345,KHT-XE5S_2025_0526_1101,9.999999999994457e-05,0.5
KHT-XE5S,2025-06-07 23:20:00,9.7602,7.344,KHT-XE5S_2025_0526_1101,9.999999999994457e-05,0.5
KHT-XE5S,2025-06-07 23:30:00,9.7604,7.348,KHT-XE5S_2025_0526_1101,0.00039999999999995595,0.5
KHT-XE5S,2025-06-07 23:40:00,9.7602,7.349,KHT-XE5S_2025_0526_1101,0.0001000000000000334,0.5
KHT-XE5S,2025-06-07 23:50:00,9.7602,7.348,KHT-XE5S_2025_0526_1101,0.0001000000000000334,0.5
KHT-XE5S,2025-06-08 00:00:00,9.7603,7.348,KHT-XE5S_2025_0526_1101,0.0,0.5
KHT-XE5S,2025-06-08 00:10:00,9.7603,7.347,KHT-XE5S_2025_0526_1101,9.999999999994457e-05,0.5
KHT-XE5S,2025-06-08 00:20:00,9.7612,7.348,KHT-XE5S_2025_0526_1101,9.999999999994457e-05,0.5
KHT-XE5S,2025-06-08 00:30:00,9.7618,7.35,KHT-XE5S_2025_0526_1101,0.00019999999999997797,0.5
KHT-XE5S,2025-06-08 00:40:00,9.7617,7.351,KHT-XE5S_2025_0526_1101,0.0001000000000000334,0.5
KHT-XE5S,2025-06-08 00:50:00,9.7614,7.351,KHT-XE5S_2025_0526_1101,0.0,0.5
KHT-XE5S,2025-06-08 01:00:00,9.7617,7.354,KHT-XE5S_2025_0526_1101,0.00030000000000001136,0.5
KHT-XE5S,2025-06-08 01:10:00,9.7621,7.351,KHT-XE5S_2025_0526_1101,0.00030000000000001136,0.5
KHT-XE5S,2025-06-08 01:20:00,9.7623,7.354,KHT-XE5S_2025_0526_1101,0.00030000000000001136,0.5
KHT-XE5S,2025-06-08 01:30:00,9.7625,7.353,KHT-XE5S_2025_0526_1101,0.0001000000000000334,0.5
KHT-XE5S,2025-06-08 01:40:00,9.7631,7.354,KHT-XE5S_2025_0526_1101,0.0001000000000000334,0.5
KHT-XE5S,2025-06-08 01:50:00,9.7626,7.353,KHT-XE5S_2025_0526_1101,0.0001000000000000334,0.5
KHT-XE5S,2025-06-08 02:00:00,9.7623,7.355,KHT-XE5S_2025_0526_1101,0.0002000000000000668,0.5
KHT-XE5S,2025-06-08 02:10:00,9.7623,7.358,KHT-XE5S_2025_0526_1101,0.00029999999999992256,0.5
KHT-XE5S,2025-06-08 02:20:00,9.7626,7.358,KHT-XE5S_2025_0526_1101,0.0,0.5
KHT-XE5S,2025-06-08 02:30:00,9.7633,7.359,KHT-XE5S_2025_0526_1101,0.0001000000000000334,0.5
KHT-XE5S,2025-06-08 02:40:00,9.7636,7.358,KHT-XE5S_2025_0526_1101,0.0001000000000000334,0.5
KHT-XE5S,2025-06-08 02:50:00,9.7642,7.356,KHT-XE5S_2025_0526_1101,0.00019999999999997797,0.5
KHT-XE5S,2025-06-08 03:00:00,9.7643,7.36,KHT-XE5S_2025_0526_1101,0.00040000000000004474,0.5
KHT-XE5S,2025-06-08 03:10:00,9.7644,7.361,KHT-XE5S_2025_0526_1101,9.999999999994457e-05,0.5
KHT-XE5S,2025-06-08 03:20:00,9.7647,7.362,KHT-XE5S_2025_0526_1101,0.0001000000000000334,0.5
KHT-XE5S,2025-06-08 03:30:00,9.7646,7.361,KHT-XE5S_2025_0526_1101,0.0001000000000000334,0.5
KHT-XE5S,2025-06-08 03:40:00,9.7648,7.361,KHT-XE5S_2025_0526_1101,0.0,0.5
KHT-XE5S,2025-06-08 03:50:00,9.7648,7.362,KHT-XE5S_2025_0526_1101,0.0001000000000000334,0.5
KHT-XE5S,2025-06-08 04:00:00,9.7649,7.363,KHT-XE5S_2025_0526_1101,0.0001000000000000334,0.5
KHT-XE5S,2025-06-08 04:10:00,9.7643,7.364,KHT-XE5S_2025_0526_1101,9.999999999994457e-05,0.5
KHT-XE5S,2025-06-08 04:20:00,9.7645,7.365,KHT-XE5S_2025_0526_1101,0.0001000000000000334,0.5
KHT-XE5S,2025-06-08 04:30:00,9.7648,7.365,KHT-XE5S_2025_0526_1101,0.0,0.5
KHT-XE5S,2025-06-08 04:40:00,9.7652,7.364,KHT-XE5S_2025_0526_1101,0.0001000000000000334,0.5
KHT-XE5S,2025-06-08 04:50:00,9.7652,7.366,KHT-XE5S_2025_0526_1101,0.00019999999999997797,0.5
KHT-XE5S,2025-06-08 05:00:00,9.7651,7.368,KHT-XE5S_2025_0526_1101,0.0002000000000000668,0.5
KHT-XE5S,2025-06-08 05:10:00,9.7656,7.368,KHT-XE5S_2025_0526_1101,0.0,0.5
KHT-XE5S,2025-06-08 05:20:00,9.7667,7.368,KHT-XE5S_2025_0526_1101,0.0,0.5
KHT-XE5S,2025-06-08 05:30:00,9.7676,7.368,KHT-XE5S_2025_0526_1101,0.0,0.5
KHT-XE5S,2025-06-08 05:40:00,9.7687,7.37,KHT-XE5S_2025_0526_1101,0.00019999999999997797,0.5
KHT-XE5S,2025-06-08 05:50:00,9.7695,7.371,KHT-XE5S_2025_0526_1101,0.0001000000000000334,0.5
KHT-XE5S,2025-06-08 06:00:00,9.7703,7.371,KHT-XE5S_2025_0526_1101,0.0,0.5
KHT-XE5S,2025-06-08 06:10:00,9.7707,7.372,KHT-XE5S_2025_0526_1101,9.999999999994457e-05,0.5
KHT-XE5S,2025-06-08 06:20:00,9.7716,7.371,KHT-XE5S_2025_0526_1101,9.999999999994457e-05,0.5
KHT-XE5S,2025-06-08 06:30:00,9.7721,7.371,KHT-XE5S_2025_0526_1101,0.0,0.5
KHT-XE5S,2025-06-08 06:40:00,9.7726,7.374,KHT-XE5S_2025_0526_1101,0.00029999999999992256,0.5
KHT-XE5S,2025-06-08 06:50:00,9.7735,7.375,KHT-XE5S_2025_0526_1101,0.0001000000000000334,0.5
KHT-XE5S,2025-06-08 07:00:00,9.7744,7.375,KHT-XE5S_2025_0526_1101,0.0,0.5
KHT-XE5S,2025-06-08 07:10:00,9.7749,7.376,KHT-XE5S_2025_0526_1101,0.0001000000000000334,0.5
KHT-XE5S,2025-06-08 07:20:00,9.7752,7.377,KHT-XE5S_2025_0526_1101,9.999999999994457e-05,0.5
KHT-XE5S,2025-06-08 07:30:00,9.7758,7.377,KHT-XE5S_2025_0526_1101,0.0,0.5
KHT-XE5S,2025-06-08 07:40:00,9.7761,7.377,KHT-XE5S_2025_0526_1101,0.0,0.5
KHT-XE5S,2025-06-08 07:50:00,9.7766,7.38,KHT-XE5S_2025_0526_1101,0.00030000000000001136,0.5
KHT-XE5S,2025-06-08 08:00:00,9.777,7.379,KHT-XE5S_2025_0526_1101,0.0001000000000000334,0.5
KHT-XE5S,2025-06-08 08:10:00,9.7771,7.381,KHT-XE5S_2025_0526_1101,0.0002000000000000668,0.5
KHT-XE5S,2025-06-08 08:20:00,9.7775,7.381,KHT-XE5S_2025_0526_1101,0.0,0.5
KHT-XE5S,2025-06-08 08:30:00,9.7779,7.382,KHT-XE5S_2025_0526_1101,9.999999999994457e-05,0.5
KHT-XE5S,2025-06-08 08:40:00,9.7783,7.382,KHT-XE5S_2025_0526_1101,0.0,0.5
KHT-XE5S,2025-06-08 08:50:00,9.7787,7.384,KHT-XE5S_2025_0526_1101,0.0002000000000000668,0.5
KHT-XE5S,2025-06-08 09:00:00,9.778,7.384,KHT-XE5S_2025_0526_1101,0.0,0.5
KHT-XE5S,2025-06-08 09:10:00,9.7777,7.383,KHT-XE5S_2025_0526_1101,0.0001000000000000334,0.5
KHT-XE5S,2025-06-08 09:20:00,9.7774,7.386,KHT-XE5S_2025_0526_1101,0.00030000000000001136,0.5
KHT-XE5S,2025-06-08 09:30:00,9.7765,7.385,KHT-XE5S_2025_0526_1101,0.0001000000000000334,0.5
KHT-XE5S,2025-06-08 09:40:00,9.7753,7.386,KHT-XE5S_2025_0526_1101,0.0001000000000000334,0.5
KHT-XE5S,2025-06-08 09:50:00,9.7744,7.387,KHT-XE5S_2025_0526_1101,9.999999999994457e-05,0.5
KHT-XE5S,2025-06-08 10:00:00,9.7739,7.388,KHT-XE5S_2025_0526_1101,0.0001000000000000334,0.5
KHT-XE5S,2025-06-08 10:10:00,9.7736,7.387,KHT-XE5S_2025_0526_1101,0.0001000000000000334,0.5
KHT-XE5S,2025-06-08 10:20:00,9.7732,7.388,KHT-XE5S_2025_0526_1101,0.0001000000000000334,0.5
KHT-XE5S,2025-06-08 10:30:00,9.7724,7.389,KHT-XE5S_2025_0526_1101,0.0001000000000000334,0.5
KHT-XE5S,2025-06-08 10:40:00,9.7721,7.388,KHT-XE5S_2025_0526_1101,0.0001000000000000334,0.5
KHT-XE5S,2025-06-08 10:50:00,9.7717,7.389,KHT-XE5S_2025_0526_1101,0.0001000000000000334,0.5
KHT-XE5S,2025-06-08 11:00:00,9.7709,7.391,KHT-XE5S_2025_0526_1101,0.00019999999999997797,0.5
KHT-XE5S,2025-06-08 11:10:00,9.7696,7.39,KHT-XE5S_2025_0526_1101,0.0001000000000000334,0.5
KHT-XE5S,2025-06-08 11:20:00,9.7694,7.391,KHT-XE5S_2025_0526_1101,0.0001000000000000334,0.5
KHT-XE5S,2025-06-08 11:30:00,9.7682,7.391,KHT-XE5S_2025_0526_1101,0.0,0.5
KHT-XE5S,2025-06-08 11:40:00,9.7664,7.393,KHT-XE5S_2025_0526_1101,0.00019999999999997797,0.5
KHT-XE5S,2025-06-08 11:50:00,9.7651,7.394,KHT-XE5S_2025_0526_1101,0.0001000000000000334,0.5
KHT-XE5S,2025-06-08 12:00:00,9.7627,7.395,KHT-XE5S_2025_0526_1101,9.999999999994457e-05,0.5
KHT-XE5S,2025-06-08 12:10:00,9.7598,7.397,KHT-XE5S_2025_0526_1101,0.0002000000000000668,0.5
KHT-XE5S,2025-06-08 12:20:00,9.7572,7.396,KHT-XE5S_2025_0526_1101,0.0001000000000000334,0.5
KHT-XE5S,2025-06-08 12:30:00,9.7536,7.396,KHT-XE5S_2025_0526_1101,0.0,0.5
KHT-XE5S,2025-06-08 12:40:00,9.7503,7.398,KHT-XE5S_2025_0526_1101,0.00019999999999997797,0.5
KHT-XE5S,2025-06-08 12:50:00,9.7482,7.398,KHT-XE5S_2025_0526_1101,0.0,0.5
KHT-XE5S,2025-06-08 13:00:00,9.7453,7.397,KHT-XE5S_2025_0526_1101,9.999999999994457e-05,0.5
KHT-XE5S,2025-06-08 13:10:00,9.7432,7.399,KHT-XE5S_2025_0526_1101,0.00019999999999997797,0.5
KHT-XE5S,2025-06-08 13:20:00,9.7399,7.399,KHT-XE5S_2025_0526_1101,0.0,0.5
KHT-XE5S,2025-06-08 13:30:00,9.7377,7.401,KHT-XE5S_2025_0526_1101,0.00019999999999997797,0.5
KHT-XE5S,2025-06-08 13:40:00,9.7353,7.402,KHT-XE5S_2025_0526_1101,0.0001000000000000334,0.5
KHT-XE5S,2025-06-08 13:50:00,9.7338,7.402,KHT-XE5S_2025_0526_1101,0.0,0.5
KHT-XE5S,2025-06-08 14:00:00,9.7311,7.402,KHT-XE5S_2025_0526_1101,0.0,0.5
KHT-XE5S,2025-06-08 14:10:00,9.73,7.403,KHT-XE5S_2025_0526_1101,9.999999999994457e-05,0.5
KHT-XE5S,2025-06-08 14:20:00,9.73,7.403,KHT-XE5S_2025_0526_1101,0.0,0.5
KHT-XE5S,2025-06-08 14:30:00,9.7287,7.402,KHT-XE5S_2025_0526_1101,9.999999999994457e-05,0.5
KHT-XE5S,2025-06-08 14:40:00,9.7264,7.405,KHT-XE5S_2025_0526_1101,0.00030000000000001136,0.5
KHT-XE5S,2025-06-08 14:50:00,9.7265,7.407,KHT-XE5S_2025_0526_1101,0.00019999999999997797,0.5
KHT-XE5S,2025-06-08 15:00:00,9.7258,7.405,KHT-XE5S_2025_0526_1101,0.00019999999999997797,0.5
KHT-XE5S,2025-06-08 15:10:00,9.7255,7.406,KHT-XE5S_2025_0526_1101,9.999999999994457e-05,0.5
KHT-XE5S,2025-06-08 15:20:00,9.7258,7.407,KHT-XE5S_2025_0526_1101,0.0001000000000000334,0.5
KHT-XE5S,2025-06-08 15:30:00,9.7256,7.408,KHT-XE5S_2025_0526_1101,0.0001000000000000334,0.5
KHT-XE5S,2025-06-08 15:40:00,9.725,7.408,KHT-XE5S_2025_0526_1101,0.0,0.5
KHT-XE5S,2025-06-08 15:50:00,9.7221,7.41,KHT-XE5S_2025_0526_1101,0.00019999999999997797,0.5
KHT-XE5S,2025-06-08 16:00:00,9.7202,7.409,KHT-XE5S_2025_0526_1101,0.0001000000000000334,0.5
KHT-XE5S,2025-06-08 16:10:00,9.7197,7.41,KHT-XE5S_2025_0526_1101,0.0001000000000000334,0.5
KHT-XE5S,2025-06-08 16:20:00,9.7192,7.411,KHT-XE5S_2025_0526_1101,9.999999999994457e-05,0.5
KHT-XE5S,2025-06-08 16:30:00,9.7197,7.411,KHT-XE5S_2025_0526_1101,0.0,0.5
KHT-XE5S,2025-06-08 16:40:00,9.7224,7.412,KHT-XE5S_2025_0526_1101,0.0001000000000000334,0.5
KHT-XE5S,2025-06-08 16:50:00,9.7225,7.413,KHT-XE5S_2025_0526_1101,0.0001000000000000334,0.5
KHT-XE5S,2025-06-08 17:00:00,9.721,7.413,KHT-XE5S_2025_0526_1101,0.0,0.5
KHT-XE5S,2025-06-08 17:10:00,9.7235,7.412,KHT-XE5S_2025_0526_1101,0.0001000000000000334,0.5
KHT-XE5S,2025-06-08 17:20:00,9.7306,7.415,KHT-XE5S_2025_0526_1101,0.00030000000000001136,0.5
KHT-XE5S,2025-06-08 17:30:00,9.7326,7.415,KHT-XE5S_2025_0526_1101,0.0,0.5
KHT-XE5S,2025-06-08 17:40:00,9.7306,7.416,KHT-XE5S_2025_0526_1101,0.0001000000000000334,0.5
KHT-XE5S,2025-06-08 17:50:00,9.7341,7.416,KHT-XE5S_2025_0526_1101,0.0,0.5
KHT-XE5S,2025-06-08 18:00:00,9.7322,7.418,KHT-XE5S_2025_0526_1101,0.00019999999999997797,0.5
KHT-XE5S,2025-06-08 18:10:00,9.7338,7.417,KHT-XE5S_2025_0526_1101,0.0001000000000000334,0.5
KHT-XE5S,2025-06-08 18:20:00,9.7366,7.416,KHT-XE5S_2025_0526_1101,9.999999999994457e-05,0.5
KHT-XE5S,2025-06-08 18:30:00,9.7358,7.418,KHT-XE5S_2025_0526_1101,0.00019999999999997797,0.5
KHT-XE5S,2025-06-08 18:40:00,9.7343,7.421,KHT-XE5S_2025_0526_1101,0.00030000000000001136,0.5
KHT-XE5S,2025-06-08 18:50:00,9.7362,7.422,KHT-XE5S_2025_0526_1101,9.999999999994457e-05,0.5
KHT-XE5S,2025-06-08 19:00:00,9.7381,7.422,KHT-XE5S_2025_0526_1101,0.0,0.5
KHT-XE5S,2025-06-08 19:10:00,9.7417,7.42,KHT-XE5S_2025_0526_1101,0.00019999999999997797,0.5
KHT-XE5S,2025-06-08 19:20:00,9.7398,7.421,KHT-XE5S_2025_0526_1101,0.0001000000000000334,0.5
KHT-XE5S,2025-06-08 19:30:00,9.7409,7.423,KHT-XE5S_2025_0526_1101,0.00019999999999997797,0.5
KHT-XE5S,2025-06-08 19:40:00,9.7427,7.424,KHT-XE5S_2025_0526_1101,0.0001000000000000334,0.5
KHT-XE5S,2025-06-08 19:50:00,9.7441,7.423,KHT-XE5S_2025_0526_1101,0.0001000000000000334,0.5
KHT-XE5S,2025-06-08 20:00:00,9.7466,7.425,KHT-XE5S_2025_0526_1101,0.00019999999999997797,0.5
KHT-XE5S,2025-06-08 20:10:00,9.75,7.424,KHT-XE5S_2025_0526_1101,9.999999999994457e-05,0.5
KHT-XE5S,2025-06-08 20:20:00,9.7526,7.425,KHT-XE5S_2025_0526_1101,9.999999999994457e-05,0.5
KHT-XE5S,2025-06-08 20:30:00,9.7539,7.427,KHT-XE5S_2025_0526_1101,0.00019999999999997797,0.5
KHT-XE5S,2025-06-08 20:40:00,9.7545,7.429,KHT-XE5S_2025_0526_1101,0.0002000000000000668,0.5
KHT-XE5S,2025-06-08 20:50:00,9.7548,7.429,KHT-XE5S_2025_0526_1101,0.0,0.5
KHT-XE5S,2025-06-08 21:00:00,9.7561,7.427,KHT-XE5S_2025_0526_1101,0.0002000000000000668,0.5
KHT-XE5S,2025-06-08 21:10:00,9.7582,7.428,KHT-XE5S_2025_0526_1101,0.0001000000000000334,0.5
KHT-XE5S,2025-06-08 21:20:00,9.7591,7.431,KHT-XE5S_2025_0526_1101,0.00030000000000001136,0.5
KHT-XE5S,2025-06-08 21:30:00,9.7612,7.431,KHT-XE5S_2025_0526_1101,0.0,0.5
KHT-XE5S,2025-06-08 21:40:00,9.7653,7.432,KHT-XE5S_2025_0526_1101,0.0001000000000000334,0.5
KHT-XE5S,2025-06-08 21:50:00,9.7696,7.433,KHT-XE5S_2025_0526_1101,9.999999999994457e-05,0.5
KHT-XE5S,2025-06-08 22:00:00,9.7717,7.435,KHT-XE5S_2025_0526_1101,0.00019999999999997797,0.5
KHT-XE5S,2025-06-08 22:10:00,9.7712,7.435,KHT-XE5S_2025_0526_1101,0.0,0.5
KHT-XE5S,2025-06-08 22:20:00,9.7698,7.435,KHT-XE5S_2025_0526_1101,0.0,0.5
KHT-XE5S,2025-06-08 22:30:00,9.7692,7.436,KHT-XE5S_2025_0526_1101,0.0001000000000000334,0.5
KHT-XE5S,2025-06-08 22:40:00,9.7687,7.436,KHT-XE5S_2025_0526_1101,0.0,0.5
KHT-XE5S,2025-06-08 22:50:00,9.7704,7.435,KHT-XE5S_2025_0526_1101,0.0001000000000000334,0.5
KHT-XE5S,2025-06-08 23:00:00,9.7649,7.437,KHT-XE5S_2025_0526_1101,0.0002000000000000668,0.5
KHT-XE5S,2025-06-08 23:10:00,9.7621,7.437,KHT-XE5S_2025_0526_1101,0.0,0.5
KHT-XE5S,2025-06-08 23:20:00,9.7642,7.438,KHT-XE5S_2025_0526_1101,9.999999999994457e-05,0.5
KHT-XE5S,2025-06-08 23:30:00,9.7638,7.439,KHT-XE5S_2025_0526_1101,0.0001000000000000334,0.5
KHT-XE5S,2025-06-08 23:40:00,9.7657,7.439,KHT-XE5S_2025_0526_1101,0.0,0.5
KHT-XE5S,2025-06-08 23:50:00,9.7673,7.441,KHT-XE5S_2025_0526_1101,0.00019999999999997797,0.5
KHT-XE5S,2025-06-09 00:00:00,9.7659,7.441,KHT-XE5S_2025_0526_1101,0.0,0.5
KHT-XE5S,2025-06-09 00:10:00,9.7631,7.441,KHT-XE5S_2025_0526_1101,0.0,0.5
KHT-XE5S,2025-06-09 00:20:00,9.7627,7.443,KHT-XE5S_2025_0526_1101,0.00019999999999997797,0.5
KHT-XE5S,2025-06-09 00:30:00,9.7629,7.442,KHT-XE5S_2025_0526_1101,9.999999999994457e-05,0.5
KHT-XE5S,2025-06-09 00:40:00,9.7638,7.443,KHT-XE5S_2025_0526_1101,9.999999999994457e-05,0.5
KHT-XE5S,2025-06-09 00:50:00,9.7633,7.443,KHT-XE5S_2025_0526_1101,0.0,0.5
KHT-XE5S,2025-06-09 01:00:00,9.7628,7.445,KHT-XE5S_2025_0526_1101,0.0002000000000000668,0.5
KHT-XE5S,2025-06-09 01:10:00,9.7634,7.445,KHT-XE5S_2025_0526_1101,0.0,0.5
KHT-XE5S,2025-06-09 01:20:00,9.7625,7.444,KHT-XE5S_2025_0526_1101,0.0001000000000000334,0.5
KHT-XE5S,2025-06-09 01:30:00,9.7625,7.444,KHT-XE5S_2025_0526_1101,0.0,0.5
KHT-XE5S,2025-06-09 01:40:00,9.7618,7.444,KHT-XE5S_2025_0526_1101,0.0,0.5
KHT-XE5S,2025-06-09 01:50:00,9.7619,7.45,KHT-XE5S_2025_0526_1101,0.0006000000000000227,0.5
KHT-XE5S,2025-06-09 02:00:00,9.7623,7.448,KHT-XE5S_2025_0526_1101,0.00019999999999997797,0.5
KHT-XE5S,2025-06-09 02:10:00,9.762,7.449,KHT-XE5S_2025_0526_1101,9.999999999994457e-05,0.5
KHT-XE5S,2025-06-09 02:20:00,9.762,7.45,KHT-XE5S_2025_0526_1101,0.0001000000000000334,0.5
KHT-XE5S,2025-06-09 02:30:00,9.7621,7.452,KHT-XE5S_2025_0526_1101,0.00019999999999997797,0.5
KHT-XE5S,2025-06-09 02:40:00,9.7612,7.45,KHT-XE5S_2025_0526_1101,0.00019999999999997797,0.5
KHT-XE5S,2025-06-09 02:50:00,9.7606,7.453,KHT-XE5S_2025_0526_1101,0.00030000000000001136,0.5
KHT-XE5S,2025-06-09 03:00:00,9.7615,7.45,KHT-XE5S_2025_0526_1101,0.00030000000000001136,0.5
KHT-XE5S,2025-06-09 03:10:00,9.7606,7.454,KHT-XE5S_2025_0526_1101,0.00039999999999995595,0.5
KHT-XE5S,2025-06-09 03:20:00,9.7595,7.454,KHT-XE5S_2025_0526_1101,0.0,0.5
KHT-XE5S,2025-06-09 03:30:00,9.7589,7.453,KHT-XE5S_2025_0526_1101,9.999999999994457e-05,0.5
KHT-XE5S,2025-06-09 03:40:00,9.7596,7.454,KHT-XE5S_2025_0526_1101,9.999999999994457e-05,0.5
KHT-XE5S,2025-06-09 03:50:00,9.76,7.456,KHT-XE5S_2025_0526_1101,0.0002000000000000668,0.5
KHT-XE5S,2025-06-09 04:00:00,9.7608,7.455,KHT-XE5S_2025_0526_1101,0.0001000000000000334,0.5
KHT-XE5S,2025-06-09 04:10:00,9.7605,7.457,KHT-XE5S_2025_0526_1101,0.00019999999999997797,0.5
KHT-XE5S,2025-06-09 04:20:00,9.761,7.456,KHT-XE5S_2025_0526_1101,9.999999999994457e-05,0.5
KHT-XE5S,2025-06-09 04:30:00,9.761,7.457,KHT-XE5S_2025_0526_1101,9.999999999994457e-05,0.5
KHT-XE5S,2025-06-09 04:40:00,9.7609,7.457,KHT-XE5S_2025_0526_1101,0.0,0.5
KHT-XE5S,2025-06-09 04:50:00,9.7614,7.457,KHT-XE5S_2025_0526_1101,0.0,0.5
KHT-XE5S,2025-06-09 05:00:00,9.7621,7.459,KHT-XE5S_2025_0526_1101,0.00019999999999997797,0.5
KHT-XE5S,2025-06-09 05:10:00,9.763,7.459,KHT-XE5S_2025_0526_1101,0.0,0.5
KHT-XE5S,2025-06-09 05:20:00,9.7634,7.459,KHT-XE5S_2025_0526_1101,0.0,0.5
KHT-XE5S,2025-06-09 05:30:00,9.7636,7.461,KHT-XE5S_2025_0526_1101,0.0002000000000000668,0.5
KHT-XE5S,2025-06-09 05:40:00,9.7643,7.46,KHT-XE5S_2025_0526_1101,0.0001000000000000334,0.5
KHT-XE5S,2025-06-09 05:50:00,9.7644,7.462,KHT-XE5S_2025_0526_1101,0.00019999999999997797,0.5
KHT-XE5S,2025-06-09 06:00:00,9.7652,7.461,KHT-XE5S_2025_0526_1101,9.999999999994457e-05,0.5
KHT-XE5S,2025-06-09 06:10:00,9.7659,7.464,KHT-XE5S_2025_0526_1101,0.00030000000000001136,0.5
KHT-XE5S,2025-06-09 06:20:00,9.7663,7.465,KHT-XE5S_2025_0526_1101,9.999999999994457e-05,0.5
KHT-XE5S,2025-06-09 06:30:00,9.7664,7.463,KHT-XE5S_2025_0526_1101,0.00019999999999997797,0.5
KHT-XE5S,2025-06-09 06:40:00,9.7669,7.465,KHT-XE5S_2025_0526_1101,0.00019999999999997797,0.5
KHT-XE5S,2025-06-09 06:50:00,9.7676,7.468,KHT-XE5S_2025_0526_1101,0.00030000000000001136,0.5
KHT-XE5S,2025-06-09 07:00:00,9.7683,7.466,KHT-XE5S_2025_0526_1101,0.00019999999999997797,0.5
KHT-XE5S,2025-06-09 07:10:00,9.7693,7.465,KHT-XE5S_2025_0526_1101,0.0001000000000000334,0.5
KHT-XE5S,2025-06-09 07:20:00,9.7704,7.47,KHT-XE5S_2025_0526_1101,0.0004999999999999894,0.5
KHT-XE5S,2025-06-09 07:30:00,9.7716,7.468,KHT-XE5S_2025_0526_1101,0.00019999999999997797,0.5
KHT-XE5S,2025-06-09 07:40:00,9.7722,7.47,KHT-XE5S_2025_0526_1101,0.00019999999999997797,0.5
KHT-XE5S,2025-06-09 07:50:00,9.7729,7.47,KHT-XE5S_2025_0526_1101,0.0,0.5
KHT-XE5S,2025-06-09 08:00:00,9.7732,7.47,KHT-XE5S_2025_0526_1101,0.0,0.5
KHT-XE5S,2025-06-09 08:10:00,9.7737,7.471,KHT-XE5S_2025_0526_1101,0.0001000000000000334,0.5
KHT-XE5S,2025-06-09 08:20:00,9.774,7.473,KHT-XE5S_2025_0526_1101,0.00019999999999997797,0.5
KHT-XE5S,2025-06-09 08:30:00,9.7738,7.472,KHT-XE5S_2025_0526_1101,9.999999999994457e-05,0.5
KHT-XE5S,2025-06-09 08:40:00,9.7739,7.475,KHT-XE5S_2025_0526_1101,0.00029999999999992256,0.5
KHT-XE5S,2025-06-09 08:50:00,9.7742,7.474,KHT-XE5S_2025_0526_1101,9.999999999994457e-05,0.5
KHT-XE5S,2025-06-09 09:00:00,9.7737,7.475,KHT-XE5S_2025_0526_1101,9.999999999994457e-05,0.5
KHT-XE5S,2025-06-09 09:10:00,9.773,7.474,KHT-XE5S_2025_0526_1101,9.999999999994457e-05,0.5
KHT-XE5S,2025-06-09 09:20:00,9.7725,7.476,KHT-XE5S_2025_0526_1101,0.00019999999999997797,0.5
KHT-XE5S,2025-06-09 09:30:00,9.772,7.476,KHT-XE5S_2025_0526_1101,0.0,0.5
KHT-XE5S,2025-06-09 09:40:00,9.7717,7.48,KHT-XE5S_2025_0526_1101,0.00040000000000004474,0.5
KHT-XE5S,2025-06-09 09:50:00,9.7704,7.477,KHT-XE5S_2025_0526_1101,0.00030000000000001136,0.5
KHT-XE5S,2025-06-09 10:00:00,9.769,7.478,KHT-XE5S_2025_0526_1101,9.999999999994457e-05,0.5
KHT-XE5S,2025-06-09 10:10:00,9.7671,7.478,KHT-XE5S_2025_0526_1101,0.0,0.5
KHT-XE5S,2025-06-09 10:20:00,9.766,7.48,KHT-XE5S_2025_0526_1101,0.0002000000000000668,0.5
KHT-XE5S,2025-06-09 10:30:00,9.7646,7.482,KHT-XE5S_2025_0526_1101,0.00019999999999997797,0.5
KHT-XE5S,2025-06-09 10:40:00,9.7633,7.482,KHT-XE5S_2025_0526_1101,0.0,0.5
KHT-XE5S,2025-06-09 10:50:00,9.7619,7.481,KHT-XE5S_2025_0526_1101,0.0001000000000000334,0.5
KHT-XE5S,2025-06-09 11:00:00,9.7603,7.482,KHT-XE5S_2025_0526_1101,0.0001000000000000334,0.5
KHT-XE5S,2025-06-09 11:10:00,9.7588,7.482,KHT-XE5S_2025_0526_1101,0.0,0.5
KHT-XE5S,2025-06-09 11:20:00,9.7569,7.482,KHT-XE5S_2025_0526_1101,0.0,0.5
KHT-XE5S,2025-06-09 11:30:00,9.7553,7.486,KHT-XE5S_2025_0526_1101,0.00039999999999995595,0.5
KHT-XE5S,2025-06-09 11:40:00,9.7531,7.485,KHT-XE5S_2025_0526_1101,9.999999999994457e-05,0.5
KHT-XE5S,2025-06-09 11:50:00,9.7512,7.485,KHT-XE5S_2025_0526_1101,0.0,0.5
KHT-XE5S,2025-06-09 12:00:00,9.7488,7.487,KHT-XE5S_2025_0526_1101,0.00019999999999997797,0.5
KHT-XE5S,2025-06-09 12:10:00,9.747,7.488,KHT-XE5S_2025_0526_1101,0.0001000000000000334,0.5
KHT-XE5S,2025-06-09 12:20:00,9.7447,7.488,KHT-XE5S_2025_0526_1101,0.0,0.5
KHT-XE5S,2025-06-09 12:30:00,9.7421,7.487,KHT-XE5S_2025_0526_1101,0.0001000000000000334,0.5
KHT-XE5S,2025-06-09 12:40:00,9.74,7.487,KHT-XE5S_2025_0526_1101,0.0,0.5
KHT-XE5S,2025-06-09 12:50:00,9.7371,7.489,KHT-XE5S_2025_0526_1101,0.00019999999999997797,0.5
KHT-XE5S,2025-06-09 13:00:00,9.7345,7.489,KHT-XE5S_2025_0526_1101,0.0,0.5
KHT-XE5S,2025-06-09 13:10:00,9.7322,7.491,KHT-XE5S_2025_0526_1101,0.00019999999999997797,0.5
KHT-XE5S,2025-06-09 13:20:00,9.7297,7.489,KHT-XE5S_2025_0526_1101,0.00019999999999997797,0.5
KHT-XE5S,2025-06-09 13:30:00,9.7273,7.491,KHT-XE5S_2025_0526_1101,0.00019999999999997797,0.5
KHT-XE5S,2025-06-09 13:40:00,9.7257,7.492,KHT-XE5S_2025_0526_1101,0.0001000000000000334,0.5
KHT-XE5S,2025-06-09 13:50:00,9.724,7.492,KHT-XE5S_2025_0526_1101,0.0,0.5
KHT-XE5S,2025-06-09 14:00:00,9.7213,7.49,KHT-XE5S_2025_0526_1101,0.00019999999999997797,0.5
KHT-XE5S,2025-06-09 14:10:00,9.7191,7.493,KHT-XE5S_2025_0526_1101,0.00030000000000001136,0.5
KHT-XE5S,2025-06-09 14:20:00,9.7174,7.494,KHT-XE5S_2025_0526_1101,9.999999999994457e-05,0.5
KHT-XE5S,2025-06-09 14:30:00,9.716,7.495,KHT-XE5S_2025_0526_1101,0.0001000000000000334,0.5
KHT-XE5S,2025-06-09 14:40:00,9.7153,7.494,KHT-XE5S_2025_0526_1101,0.0001000000000000334,0.5
KHT-XE5S,2025-06-09 14:50:00,9.7142,7.496,KHT-XE5S_2025_0526_1101,0.0002000000000000668,0.5
KHT-XE5S,2025-06-09 15:00:00,9.7142,7.497,KHT-XE5S_2025_0526_1101,9.999999999994457e-05,0.5
KHT-XE5S,2025-06-09 15:10:00,9.7161,7.496,KHT-XE5S_2025_0526_1101,9.999999999994457e-05,0.5
KHT-XE5S,2025-06-09 15:20:00,9.7169,7.498,KHT-XE5S_2025_0526_1101,0.00019999999999997797,0.5
KHT-XE5S,2025-06-09 15:30:00,9.7183,7.497,KHT-XE5S_2025_0526_1101,0.0001000000000000334,0.5
KHT-XE5S,2025-06-09 15:40:00,9.7173,7.497,KHT-XE5S_2025_0526_1101,0.0,0.5
KHT-XE5S,2025-06-09 15:50:00,9.7158,7.499,KHT-XE5S_2025_0526_1101,0.00019999999999997797,0.5
KHT-XE5S,2025-06-09 16:00:00,9.7156,7.498,KHT-XE5S_2025_0526_1101,9.999999999994457e-05,0.5
KHT-XE5S,2025-06-09 16:10:00,9.7177,7.502,KHT-XE5S_2025_0526_1101,0.00039999999999995595,0.5
KHT-XE5S,2025-06-09 16:20:00,9.7192,7.503,KHT-XE5S_2025_0526_1101,0.0001000000000000334,0.5
KHT-XE5S,2025-06-09 16:30:00,9.7191,7.503,KHT-XE5S_2025_0526_1101,0.0,0.5
KHT-XE5S,2025-06-09 16:40:00,9.7193,7.504,KHT-XE5S_2025_0526_1101,9.999999999994457e-05,0.5
KHT-XE5S,2025-06-09 16:50:00,9.7182,7.504,KHT-XE5S_2025_0526_1101,0.0,0.5
KHT-XE5S,2025-06-09 17:00:00,9.7174,7.506,KHT-XE5S_2025_0526_1101,0.0002000000000000668,0.5
KHT-XE5S,2025-06-09 17:10:00,9.7166,7.504,KHT-XE5S_2025_0526_1101,0.0002000000000000668,0.5
KHT-XE5S,2025-06-09 17:20:00,9.7161,7.506,KHT-XE5S_2025_0526_1101,0.0002000000000000668,0.5
KHT-XE5S,2025-06-09 17:30:00,9.7147,7.506,KHT-XE5S_2025_0526_1101,0.0,0.5
KHT-XE5S,2025-06-09 17:40:00,9.7141,7.507,KHT-XE5S_2025_0526_1101,9.999999999994457e-05,0.5
KHT-XE5S,2025-06-09 17:50:00,9.7139,7.51,KHT-XE5S_2025_0526_1101,0.00030000000000001136,0.5
KHT-XE5S,2025-06-09 18:00:00,9.7135,7.509,KHT-XE5S_2025_0526_1101,9.999999999994457e-05,0.5
KHT-XE5S,2025-06-09 18:10:00,9.714,7.51,KHT-XE5S_2025_0526_1101,9.999999999994457e-05,0.5
KHT-XE5S,2025-06-09 18:20:00,9.7142,7.51,KHT-XE5S_2025_0526_1101,0.0,0.5
KHT-XE5S,2025-06-09 18:30:00,9.7145,7.51,KHT-XE5S_2025_0526_1101,0.0,0.5
KHT-XE5S,2025-06-09 18:40:00,9.7145,7.511,KHT-XE5S_2025_0526_1101,0.0001000000000000334,0.5
KHT-XE5S,2025-06-09 18:50:00,9.7152,7.512,KHT-XE5S_2025_0526_1101,9.999999999994457e-05,0.5
KHT-XE5S,2025-06-09 19:00:00,9.7171,7.514,KHT-XE5S_2025_0526_1101,0.0002000000000000668,0.5
KHT-XE5S,2025-06-09 19:10:00,9.7184,7.512,KHT-XE5S_2025_0526_1101,0.0002000000000000668,0.5
KHT-XE5S,2025-06-09 19:20:00,9.7194,7.513,KHT-XE5S_2025_0526_1101,0.0001000000000000334,0.5
KHT-XE5S,2025-06-09 19:30:00,9.7208,7.512,KHT-XE5S_2025_0526_1101,0.0001000000000000334,0.5
KHT-XE5S,2025-06-09 19:40:00,9.7229,7.515,KHT-XE5S_2025_0526_1101,0.00030000000000001136,0.5
KHT-XE5S,2025-06-09 19:50:00,9.7247,7.516,KHT-XE5S_2025_0526_1101,0.0001000000000000334,0.5
KHT-XE5S,2025-06-09 20:00:00,9.7267,7.515,KHT-XE5S_2025_0526_1101,0.0001000000000000334,0.5
KHT-XE5S,2025-06-09 20:10:00,9.7294,7.516,KHT-XE5S_2025_0526_1101,0.0001000000000000334,0.5
KHT-XE5S,2025-06-09 20:20:00,9.731,7.516,KHT-XE5S_2025_0526_1101,0.0,0.5
KHT-XE5S,2025-06-09 20:30:00,9.7323,7.516,KHT-XE5S_2025_0526_1101,0.0,0.5
KHT-XE5S,2025-06-09 20:40:00,9.7332,7.518,KHT-XE5S_2025_0526_1101,0.00019999999999997797,0.5
KHT-XE5S,2025-06-09 20:50:00,9.7348,7.519,KHT-XE5S_2025_0526_1101,0.0001000000000000334,0.5
KHT-XE5S,2025-06-09 21:00:00,9.7365,7.518,KHT-XE5S_2025_0526_1101,0.0001000000000000334,0.5
KHT-XE5S,2025-06-09 21:10:00,9.7379,7.518,KHT-XE5S_2025_0526_1101,0.0,0.5
KHT-XE5S,2025-06-09 21:20:00,9.7402,7.52,KHT-XE5S_2025_0526_1101,0.00019999999999997797,0.5
KHT-XE5S,2025-06-09 21:30:00,9.7413,7.521,KHT-XE5S_2025_0526_1101,0.0001000000000000334,0.5
KHT-XE5S,2025-06-09 21:40:00,9.7423,7.522,KHT-XE5S_2025_0526_1101,0.0001000000000000334,0.5
KHT-XE5S,2025-06-09 21:50:00,9.7428,7.522,KHT-XE5S_2025_0526_1101,0.0,0.5
KHT-XE5S,2025-06-09 22:00:00,9.7439,7.523,KHT-XE5S_2025_0526_1101,9.999999999994457e-05,0.5
KHT-XE5S,2025-06-09 22:10:00,9.745,7.523,KHT-XE5S_2025_0526_1101,0.0,0.5
KHT-XE5S,2025-06-09 22:20:00,9.7459,7.525,KHT-XE5S_2025_0526_1101,0.0002000000000000668,0.5
KHT-XE5S,2025-06-09 22:30:00,9.7462,7.525,KHT-XE5S_2025_0526_1101,0.0,0.5
KHT-XE5S,2025-06-09 22:40:00,9.7468,7.526,KHT-XE5S_2025_0526_1101,9.999999999994457e-05,0.5
KHT-XE5S,2025-06-09 22:50:00,9.747,7.526,KHT-XE5S_2025_0526_1101,0.0,0.5
KHT-XE5S,2025-06-09 23:00:00,9.7479,7.527,KHT-XE5S_2025_0526_1101,0.0001000000000000334,0.5
KHT-XE5S,2025-06-09 23:10:00,9.7476,7.527,KHT-XE5S_2025_0526_1101,0.0,0.5
KHT-XE5S,2025-06-09 23:20:00,9.7477,7.527,KHT-XE5S_2025_0526_1101,0.0,0.5
KHT-XE5S,2025-06-09 23:30:00,9.7484,7.529,KHT-XE5S_2025_0526_1101,0.00019999999999997797,0.5
KHT-XE5S,2025-06-09 23:40:00,9.7483,7.529,KHT-XE5S_2025_0526_1101,0.0,0.5
KHT-XE5S,2025-06-09 23:50:00,9.7492,7.53,KHT-XE5S_2025_0526_1101,0.0001000000000000334,0.5
KHT-XE5S,2025-06-10 00:00:00,9.7494,7.531,KHT-XE5S_2025_0526_1101,9.999999999994457e-05,0.5
KHT-XE5S,2025-06-10 00:10:00,9.7497,7.531,KHT-XE5S_2025_0526_1101,0.0,0.5
KHT-XE5S,2025-06-10 00:20:00,9.7498,7.531,KHT-XE5S_2025_0526_1101,0.0,0.5
KHT-XE5S,2025-06-10 00:30:00,9.75,7.531,KHT-XE5S_2025_0526_1101,0.0,0.5
KHT-XE5S,2025-06-10 00:40:00,9.7504,7.533,KHT-XE5S_2025_0526_1101,0.0002000000000000668,0.5
KHT-XE5S,2025-06-10 00:50:00,9.7503,7.533,KHT-XE5S_2025_0526_1101,0.0,0.5
KHT-XE5S,2025-06-10 01:00:00,9.7507,7.534,KHT-XE5S_2025_0526_1101,9.999999999994457e-05,0.5
KHT-XE5S,2025-06-10 01:10:00,9.7505,7.535,KHT-XE5S_2025_0526_1101,0.0001000000000000334,0.5
KHT-XE5S,2025-06-10 01:20:00,9.7512,7.534,KHT-XE5S_2025_0526_1101,0.0001000000000000334,0.5
KHT-XE5S,2025-06-10 01:30:00,9.7516,7.536,KHT-XE5S_2025_0526_1101,0.00019999999999997797,0.5
KHT-XE5S,2025-06-10 01:40:00,9.7519,7.537,KHT-XE5S_2025_0526_1101,0.0001000000000000334,0.5
KHT-XE5S,2025-06-10 01:50:00,9.7518,7.538,KHT-XE5S_2025_0526_1101,0.0001000000000000334,0.5
KHT-XE5S,2025-06-10 02:00:00,9.7518,7.539,KHT-XE5S_2025_0526_1101,9.999999999994457e-05,0.5
KHT-XE5S,2025-06-10 02:10:00,9.7515,7.539,KHT-XE5S_2025_0526_1101,0.0,0.5
KHT-XE5S,2025-06-10 02:20:00,9.7517,7.541,KHT-XE5S_2025_0526_1101,0.0002000000000000668,0.5
KHT-XE5S,2025-06-10 02:30:00,9.7513,7.538,KHT-XE5S_2025_0526_1101,0.00030000000000001136,0.5
KHT-XE5S,2025-06-10 02:40:00,9.7512,7.541,KHT-XE5S_2025_0526_1101,0.00030000000000001136,0.5
KHT-XE5S,2025-06-10 02:50:00,9.7516,7.541,KHT-XE5S_2025_0526_1101,0.0,0.5
KHT-XE5S,2025-06-10 03:00:00,9.7517,7.541,KHT-XE5S_2025_0526_1101,0.0,0.5
KHT-XE5S,2025-06-10 03:10:00,9.7518,7.543,KHT-XE5S_2025_0526_1101,0.00019999999999997797,0.5
KHT-XE5S,2025-06-10 03:20:00,9.7516,7.542,KHT-XE5S_2025_0526_1101,0.0001000000000000334,0.5
KHT-XE5S,2025-06-10 03:30:00,9.7508,7.543,KHT-XE5S_2025_0526_1101,0.0001000000000000334,0.5
KHT-XE5S,2025-06-10 03:40:00,9.7507,7.544,KHT-XE5S_2025_0526_1101,9.999999999994457e-05,0.5
KHT-XE5S,2025-06-10 03:50:00,9.7504,7.544,KHT-XE5S_2025_0526_1101,0.0,0.5
KHT-XE5S,2025-06-10 04:00:00,9.7507,7.544,KHT-XE5S_2025_0526_1101,0.0,0.5
KHT-XE5S,2025-06-10 04:10:00,9.7511,7.546,KHT-XE5S_2025_0526_1101,0.0002000000000000668,0.5
KHT-XE5S,2025-06-10 04:20:00,9.7506,7.546,KHT-XE5S_2025_0526_1101,0.0,0.5
KHT-XE5S,2025-06-10 04:30:00,9.7506,7.548,KHT-XE5S_2025_0526_1101,0.00019999999999997797,0.5
KHT-XE5S,2025-06-10 04:40:00,9.7507,7.548,KHT-XE5S_2025_0526_1101,0.0,0.5
KHT-XE5S,2025-06-10 04:50:00,9.7509,7.548,KHT-XE5S_2025_0526_1101,0.0,0.5
KHT-XE5S,2025-06-10 05:00:00,9.7518,7.549,KHT-XE5S_2025_0526_1101,0.0001000000000000334,0.5
KHT-XE5S,2025-06-10 05:10:00,9.7522,7.548,KHT-XE5S_2025_0526_1101,0.0001000000000000334,0.5
KHT-XE5S,2025-06-10 05:20:00,9.7528,7.549,KHT-XE5S_2025_0526_1101,0.0001000000000000334,0.5
KHT-XE5S,2025-06-10 05:30:00,9.7532,7.549,KHT-XE5S_2025_0526_1101,0.0,0.5
KHT-XE5S,2025-06-10 05:40:00,9.7532,7.552,KHT-XE5S_2025_0526_1101,0.00029999999999992256,0.5
KHT-XE5S,2025-06-10 05:50:00,9.7539,7.552,KHT-XE5S_2025_0526_1101,0.0,0.5
KHT-XE5S,2025-06-10 06:00:00,9.7548,7.553,KHT-XE5S_2025_0526_1101,0.0001000000000000334,0.5
KHT-XE5S,2025-06-10 06:10:00,9.7552,7.553,KHT-XE5S_2025_0526_1101,0.0,0.5
KHT-XE5S,2025-06-10 06:20:00,9.7552,7.553,KHT-XE5S_2025_0526_1101,0.0,0.5
KHT-XE5S,2025-06-10 06:30:00,9.756,7.555,KHT-XE5S_2025_0526_1101,0.00019999999999997797,0.5
KHT-XE5S,2025-06-10 06:40:00,9.7569,7.555,KHT-XE5S_2025_0526_1101,0.0,0.5
KHT-XE5S,2025-06-10 06:50:00,9.7578,7.556,KHT-XE5S_2025_0526_1101,0.0001000000000000334,0.5
KHT-XE5S,2025-06-10 07:00:00,9.7584,7.555,KHT-XE5S_2025_0526_1101,0.0001000000000000334,0.5
KHT-XE5S,2025-06-10 07:10:00,9.7583,7.556,KHT-XE5S_2025_0526_1101,0.0001000000000000334,0.5
KHT-XE5S,2025-06-10 07:20:00,9.7584,7.557,KHT-XE5S_2025_0526_1101,0.0001000000000000334,0.5
KHT-XE5S,2025-06-10 07:30:00,9.7592,7.557,KHT-XE5S_2025_0526_1101,0.0,0.5
KHT-XE5S,2025-06-10 07:40:00,9.7596,7.559,KHT-XE5S_2025_0526_1101,0.00019999999999997797,0.5
KHT-XE5S,2025-06-10 07:50:00,9.7598,7.56,KHT-XE5S_2025_0526_1101,9.999999999994457e-05,0.5
KHT-XE5S,2025-06-10 08:00:00,9.7606,7.561,KHT-XE5S_2025_0526_1101,0.0001000000000000334,0.5
KHT-XE5S,2025-06-10 08:10:00,9.7607,7.561,KHT-XE5S_2025_0526_1101,0.0,0.5
KHT-XE5S,2025-06-10 08:20:00,9.7611,7.563,KHT-XE5S_2025_0526_1101,0.00019999999999997797,0.5
KHT-XE5S,2025-06-10 08:30:00,9.7612,7.562,KHT-XE5S_2025_0526_1101,9.999999999994457e-05,0.5
KHT-XE5S,2025-06-10 08:40:00,9.7611,7.563,KHT-XE5S_2025_0526_1101,9.999999999994457e-05,0.5
KHT-XE5S,2025-06-10 08:50:00,9.7618,7.563,KHT-XE5S_2025_0526_1101,0.0,0.5
KHT-XE5S,2025-06-10 09:00:00,9.7613,7.564,KHT-XE5S_2025_0526_1101,0.0001000000000000334,0.5
KHT-XE5S,2025-06-10 09:10:00,9.7611,7.566,KHT-XE5S_2025_0526_1101,0.00019999999999997797,0.5
KHT-XE5S,2025-06-10 09:20:00,9.7605,7.565,KHT-XE5S_2025_0526_1101,9.999999999994457e-05,0.5
KHT-XE5S,2025-06-10 09:30:00,9.7588,7.565,KHT-XE5S_2025_0526_1101,0.0,0.5
KHT-XE5S,2025-06-10 09:40:00,9.7576,7.567,KHT-XE5S_2025_0526_1101,0.00019999999999997797,0.5
KHT-XE5S,2025-06-10 09:50:00,9.7554,7.568,KHT-XE5S_2025_0526_1101,9.999999999994457e-05,0.5
KHT-XE5S,2025-06-10 10:00:00,9.7541,7.569,KHT-XE5S_2025_0526_1101,0.0001000000000000334,0.5
KHT-XE5S,2025-06-10 10:10:00,9.7519,7.569,KHT-XE5S_2025_0526_1101,0.0,0.5
KHT-XE5S,2025-06-10 10:20:00,9.7504,7.569,KHT-XE5S_2025_0526_1101,0.0,0.5
KHT-XE5S,2025-06-10 10:30:00,9.748,7.569,KHT-XE5S_2025_0526_1101,0.0,0.5
KHT-XE5S,2025-06-10 10:40:00,9.7456,7.571,KHT-XE5S_2025_0526_1101,0.00019999999999997797,0.5
KHT-XE5S,2025-06-10 10:50:00,9.744,7.572,KHT-XE5S_2025_0526_1101,0.0001000000000000334,0.5
KHT-XE5S,2025-06-10 11:00:00,9.7428,7.572,KHT-XE5S_2025_0526_1101,0.0,0.5
KHT-XE5S,2025-06-10 11:10:00,9.7414,7.572,KHT-XE5S_2025_0526_1101,0.0,0.5
KHT-XE5S,2025-06-10 11:20:00,9.7409,7.572,KHT-XE5S_2025_0526_1101,0.0,0.5
KHT-XE5S,2025-06-10 11:30:00,9.7391,7.573,KHT-XE5S_2025_0526_1101,0.0001000000000000334,0.5
KHT-XE5S,2025-06-10 11:40:00,9.7369,7.572,KHT-XE5S_2025_0526_1101,0.0001000000000000334,0.5
KHT-XE5S,2025-06-10 11:50:00,9.7351,7.572,KHT-XE5S_2025_0526_1101,0.0,0.5
KHT-XE5S,2025-06-10 12:00:00,9.7318,7.573,KHT-XE5S_2025_0526_1101,0.0001000000000000334,0.5
KHT-XE5S,2025-06-10 12:10:00,9.7306,7.576,KHT-XE5S_2025_0526_1101,0.00029999999999992256,0.5
KHT-XE5S,2025-06-10 12:20:00,9.7297,7.576,KHT-XE5S_2025_0526_1101,0.0,0.5
KHT-XE5S,2025-06-10 12:30:00,9.7265,7.577,KHT-XE5S_2025_0526_1101,0.0001000000000000334,0.5
KHT-XE5S,2025-06-10 12:40:00,9.7248,7.576,KHT-XE5S_2025_0526_1101,0.0001000000000000334,0.5
KHT-XE5S,2025-06-10 12:50:00,9.7237,7.576,KHT-XE5S_2025_0526_1101,0.0,0.5
KHT-XE5S,2025-06-10 13:00:00,9.7216,7.578,KHT-XE5S_2025_0526_1101,0.0002000000000000668,0.5
KHT-XE5S,2025-06-10 13:10:00,9.7201,7.579,KHT-XE5S_2025_0526_1101,9.999999999994457e-05,0.5
KHT-XE5S,2025-06-10 13:20:00,9.7172,7.579,KHT-XE5S_2025_0526_1101,0.0,0.5
KHT-XE5S,2025-06-10 13:30:00,9.7159,7.581,KHT-XE5S_2025_0526_1101,0.0002000000000000668,0.5
KHT-XE5S,2025-06-10 13:40:00,9.7149,7.58,KHT-XE5S_2025_0526_1101,0.0001000000000000334,0.5
KHT-XE5S,2025-06-10 13:50:00,9.7129,7.581,KHT-XE5S_2025_0526_1101,0.0001000000000000334,0.5
KHT-XE5S,2025-06-10 14:00:00,9.7121,7.581,KHT-XE5S_2025_0526_1101,0.0,0.5
KHT-XE5S,2025-06-10 14:10:00,9.7103,7.585,KHT-XE5S_2025_0526_1101,0.00039999999999995595,0.5
KHT-XE5S,2025-06-10 14:20:00,9.7087,7.582,KHT-XE5S_2025_0526_1101,0.00030000000000001136,0.5
KHT-XE5S,2025-06-10 14:30:00,9.7076,7.585,KHT-XE5S_2025_0526_1101,0.00030000000000001136,0.5
KHT-XE5S,2025-06-10 14:40:00,9.7067,7.585,KHT-XE5S_2025_0526_1101,0.0,0.5
KHT-XE5S,2025-06-10 14:50:00,9.7069,7.586,KHT-XE5S_2025_0526_1101,0.0001000000000000334,0.5
KHT-XE5S,2025-06-10 15:00:00,9.7049,7.585,KHT-XE5S_2025_0526_1101,0.0001000000000000334,0.5
KHT-XE5S,2025-06-10 15:10:00,9.7037,7.588,KHT-XE5S_2025_0526_1101,0.00030000000000001136,0.5
KHT-XE5S,2025-06-10 15:20:00,9.7028,7.588,KHT-XE5S_2025_0526_1101,0.0,0.5
KHT-XE5S,2025-06-10 15:30:00,9.7012,7.588,KHT-XE5S_2025_0526_1101,0.0,0.5
KHT-XE5S,2025-06-10 15:40:00,9.7003,7.588,KHT-XE5S_2025_0526_1101,0.0,0.5
KHT-XE5S,2025-06-10 15:50:00,9.6995,7.588,KHT-XE5S_2025_0526_1101,0.0,0.5
KHT-XE5S,2025-06-10 16:00:00,9.6986,7.591,KHT-XE5S_2025_0526_1101,0.00030000000000001136,0.5
KHT-XE5S,2025-06-10 16:10:00,9.6971,7.59,KHT-XE5S_2025_0526_1101,0.0001000000000000334,0.5
KHT-XE5S,2025-06-10 16:20:00,9.6952,7.59,KHT-XE5S_2025_0526_1101,0.0,0.5
KHT-XE5S,2025-06-10 16:30:00,9.695,7.591,KHT-XE5S_2025_0526_1101,0.0001000000000000334,0.5
KHT-XE5S,2025-06-10 16:40:00,9.6935,7.591,KHT-XE5S_2025_0526_1101,0.0,0.5
KHT-XE5S,2025-06-10 16:50:00,9.6927,7.592,KHT-XE5S_2025_0526_1101,9.999999999994457e-05,0.5
KHT-XE5S,2025-06-10 17:00:00,9.6926,7.593,KHT-XE5S_2025_0526_1101,0.0001000000000000334,0.5
KHT-XE5S,2025-06-10 17:10:00,9.6916,7.593,KHT-XE5S_2025_0526_1101,0.0,0.5
KHT-XE5S,2025-06-10 17:20:00,9.6894,7.594,KHT-XE5S_2025_0526_1101,0.0001000000000000334,0.5
KHT-XE5S,2025-06-10 17:30:00,9.6899,7.595,KHT-XE5S_2025_0526_1101,9.999999999994457e-05,0.5
KHT-XE5S,2025-06-10 17:40:00,9.6885,7.595,KHT-XE5S_2025_0526_1101,0.0,0.5
KHT-XE5S,2025-06-10 17:50:00,9.6875,7.596,KHT-XE5S_2025_0526_1101,0.0001000000000000334,0.5
KHT-XE5S,2025-06-10 18:00:00,9.6876,7.595,KHT-XE5S_2025_0526_1101,0.0001000000000000334,0.5
KHT-XE5S,2025-06-10 18:10:00,9.6881,7.598,KHT-XE5S_2025_0526_1101,0.00030000000000001136,0.5
KHT-XE5S,2025-06-10 18:20:00,9.688,7.598,KHT-XE5S_2025_0526_1101,0.0,0.5
KHT-XE5S,2025-06-10 18:30:00,9.6881,7.598,KHT-XE5S_2025_0526_1101,0.0,0.5
KHT-XE5S,2025-06-10 18:40:00,9.6881,7.6,KHT-XE5S_2025_0526_1101,0.00019999999999997797,0.5
KHT-XE5S,2025-06-10 18:50:00,9.6887,7.599,KHT-XE5S_2025_0526_1101,9.999999999994457e-05,0.5
KHT-XE5S,2025-06-10 19:00:00,9.6883,7.6,KHT-XE5S_2025_0526_1101,9.999999999994457e-05,0.5
KHT-XE5S,2025-06-10 19:10:00,9.6894,7.602,KHT-XE5S_2025_0526_1101,0.0002000000000000668,0.5
KHT-XE5S,2025-06-10 19:20:00,9.6892,7.6,KHT-XE5S_2025_0526_1101,0.0002000000000000668,0.5
KHT-XE5S,2025-06-10 19:30:00,9.6914,7.602,KHT-XE5S_2025_0526_1101,0.0002000000000000668,0.5
KHT-XE5S,2025-06-10 19:40:00,9.6916,7.604,KHT-XE5S_2025_0526_1101,0.00019999999999997797,0.5
KHT-XE5S,2025-06-10 19:50:00,9.6922,7.603,KHT-XE5S_2025_0526_1101,0.0001000000000000334,0.5
KHT-XE5S,2025-06-10 20:00:00,9.6935,7.604,KHT-XE5S_2025_0526_1101,0.0001000000000000334,0.5
KHT-XE5S,2025-06-10 20:10:00,9.6953,7.604,KHT-XE5S_2025_0526_1101,0.0,0.5
KHT-XE5S,2025-06-10 20:20:00,9.6974,7.605,KHT-XE5S_2025_0526_1101,0.0001000000000000334,0.5
KHT-XE5S,2025-06-10 20:30:00,9.6987,7.604,KHT-XE5S_2025_0526_1101,0.0001000000000000334,0.5
KHT-XE5S,2025-06-10 20:40:00,9.6997,7.604,KHT-XE5S_2025_0526_1101,0.0,0.5
KHT-XE5S,2025-06-10 20:50:00,9.7001,7.606,KHT-XE5S_2025_0526_1101,0.00019999999999997797,0.5
KHT-XE5S,2025-06-10 21:00:00,9.7007,7.605,KHT-XE5S_2025_0526_1101,9.999999999994457e-05,0.5
KHT-XE5S,2025-06-10 21:10:00,9.7022,7.608,KHT-XE5S_2025_0526_1101,0.00029999999999992256,0.5
KHT-XE5S,2025-06-10 21:20:00,9.704,7.608,KHT-XE5S_2025_0526_1101,0.0,0.5
KHT-XE5S,2025-06-10 21:30:00,9.7053,7.607,KHT-XE5S_2025_0526_1101,9.999999999994457e-05,0.5
KHT-XE5S,2025-06-10 21:40:00,9.7072,7.608,KHT-XE5S_2025_0526_1101,9.999999999994457e-05,0.5
KHT-XE5S,2025-06-10 21:50:00,9.7078,7.61,KHT-XE5S_2025_0526_1101,0.0002000000000000668,0.5
KHT-XE5S,2025-06-10 22:00:00,9.71,7.611,KHT-XE5S_2025_0526_1101,9.999999999994457e-05,0.5
KHT-XE5S,2025-06-10 22:10:00,9.7103,7.612,KHT-XE5S_2025_0526_1101,0.0001000000000000334,0.5
KHT-XE5S,2025-06-10 22:20:00,9.7102,7.613,KHT-XE5S_2025_0526_1101,0.0001000000000000334,0.5
KHT-XE5S,2025-06-10 22:30:00,9.7116,7.612,KHT-XE5S_2025_0526_1101,0.0001000000000000334,0.5
KHT-XE5S,2025-06-10 22:40:00,9.7118,7.612,KHT-XE5S_2025_0526_1101,0.0,0.5
KHT-XE5S,2025-06-10 22:50:00,9.7115,7.613,KHT-XE5S_2025_0526_1101,0.0001000000000000334,0.5
KHT-XE5S,2025-06-10 23:00:00,9.711,7.615,KHT-XE5S_2025_0526_1101,0.00019999999999997797,0.5
KHT-XE5S,2025-06-10 23:10:00,9.7107,7.618,KHT-XE5S_2025_0526_1101,0.00030000000000001136,0.5
KHT-XE5S,2025-06-10 23:20:00,9.7099,7.617,KHT-XE5S_2025_0526_1101,0.0001000000000000334,0.5
KHT-XE5S,2025-06-10 23:30:00,9.709,7.615,KHT-XE5S_2025_0526_1101,0.00019999999999997797,0.5
KHT-XE5S,2025-06-10 23:40:00,9.71,7.618,KHT-XE5S_2025_0526_1101,0.00030000000000001136,0.5
KHT-XE5S,2025-06-10 23:50:00,9.71,7.619,KHT-XE5S_2025_0526_1101,9.999999999994457e-05,0.5
KHT-XE5S,2025-06-11 00:00:00,9.7101,7.618,KHT-XE5S_2025_0526_1101,9.999999999994457e-05,0.5
KHT-XE5S,2025-06-11 00:10:00,9.7102,7.619,KHT-XE5S_2025_0526_1101,9.999999999994457e-05,0.5
KHT-XE5S,2025-06-11 00:20:00,9.7107,7.622,KHT-XE5S_2025_0526_1101,0.00030000000000001136,0.5
KHT-XE5S,2025-06-11 00:30:00,9.7114,7.62,KHT-XE5S_2025_0526_1101,0.00019999999999997797,0.5
KHT-XE5S,2025-06-11 00:40:00,9.7106,7.621,KHT-XE5S_2025_0526_1101,0.0001000000000000334,0.5
KHT-XE5S,2025-06-11 00:50:00,9.7113,7.623,KHT-XE5S_2025_0526_1101,0.00019999999999997797,0.5
KHT-XE5S,2025-06-11 01:00:00,9.7118,7.622,KHT-XE5S_2025_0526_1101,0.0001000000000000334,0.5
KHT-XE5S,2025-06-11 01:10:00,9.7129,7.623,KHT-XE5S_2025_0526_1101,0.0001000000000000334,0.5
KHT-XE5S,2025-06-11 01:20:00,9.7134,7.623,KHT-XE5S_2025_0526_1101,0.0,0.5
KHT-XE5S,2025-06-11 01:30:00,9.7142,7.624,KHT-XE5S_2025_0526_1101,9.999999999994457e-05,0.5
KHT-XE5S,2025-06-11 01:40:00,9.7145,7.625,KHT-XE5S_2025_0526_1101,0.0001000000000000334,0.5
KHT-XE5S,2025-06-11 01:50:00,9.7141,7.625,KHT-XE5S_2025_0526_1101,0.0,0.5
KHT-XE5S,2025-06-11 02:00:00,9.7136,7.626,KHT-XE5S_2025_0526_1101,0.0001000000000000334,0.5
KHT-XE5S,2025-06-11 02:10:00,9.713,7.627,KHT-XE5S_2025_0526_1101,9.999999999994457e-05,0.5
KHT-XE5S,2025-06-11 02:20:00,9.7131,7.626,KHT-XE5S_2025_0526_1101,9.999999999994457e-05,0.5
KHT-XE5S,2025-06-11 02:30:00,9.7138,7.628,KHT-XE5S_2025_0526_1101,0.00019999999999997797,0.5
KHT-XE5S,2025-06-11 02:40:00,9.7134,7.63,KHT-XE5S_2025_0526_1101,0.00019999999999997797,0.5
KHT-XE5S,2025-06-11 02:50:00,9.7131,7.629,KHT-XE5S_2025_0526_1101,0.0001000000000000334,0.5
KHT-XE5S,2025-06-11 03:00:00,9.7128,7.629,KHT-XE5S_2025_0526_1101,0.0,0.5
KHT-XE5S,2025-06-11 03:10:00,9.7124,7.631,KHT-XE5S_2025_0526_1101,0.0002000000000000668,0.5
KHT-XE5S,2025-06-11 03:20:00,9.7123,7.631,KHT-XE5S_2025_0526_1101,0.0,0.5
KHT-XE5S,2025-06-11 03:30:00,9.7119,7.631,KHT-XE5S_2025_0526_1101,0.0,0.5
KHT-XE5S,2025-06-11 03:40:00,9.7111,7.631,KHT-XE5S_2025_0526_1101,0.0,0.5
KHT-XE5S,2025-06-11 03:50:00,9.7121,7.633,KHT-XE5S_2025_0526_1101,0.00019999999999997797,0.5
KHT-XE5S,2025-06-11 04:00:00,9.7121,7.631,KHT-XE5S_2025_0526_1101,0.00019999999999997797,0.5
KHT-XE5S,2025-06-11 04:10:00,9.7131,7.633,KHT-XE5S_2025_0526_1101,0.00019999999999997797,0.5
KHT-XE5S,2025-06-11 04:20:00,9.7133,7.633,KHT-XE5S_2025_0526_1101,0.0,0.5
KHT-XE5S,2025-06-11 04:30:00,9.7137,7.634,KHT-XE5S_2025_0526_1101,0.0001000000000000334,0.5
KHT-XE5S,2025-06-11 04:40:00,9.7137,7.636,KHT-XE5S_2025_0526_1101,0.00019999999999997797,0.5
KHT-XE5S,2025-06-11 04:50:00,9.7147,7.636,KHT-XE5S_2025_0526_1101,0.0,0.5
KHT-XE5S,2025-06-11 05:00:00,9.7147,7.637,KHT-XE5S_2025_0526_1101,9.999999999994457e-05,0.5
KHT-XE5S,2025-06-11 05:10:00,9.7145,7.637,KHT-XE5S_2025_0526_1101,0.0,0.5
KHT-XE5S,2025-06-11 05:20:00,9.7144,7.639,KHT-XE5S_2025_0526_1101,0.0002000000000000668,0.5
KHT-XE5S,2025-06-11 05:30:00,9.7146,7.64,KHT-XE5S_2025_0526_1101,9.999999999994457e-05,0.5
KHT-XE5S,2025-06-11 05:40:00,9.7143,7.64,KHT-XE5S_2025_0526_1101,0.0,0.5
KHT-XE5S,2025-06-11 05:50:00,9.7142,7.639,KHT-XE5S_2025_0526_1101,9.999999999994457e-05,0.5
KHT-XE5S,2025-06-11 06:00:00,9.7153,7.64,KHT-XE5S_2025_0526_1101,9.999999999994457e-05,0.5
KHT-XE5S,2025-06-11 06:10:00,9.7157,7.641,KHT-XE5S_2025_0526_1101,0.0001000000000000334,0.5
KHT-XE5S,2025-06-11 06:20:00,9.7164,7.641,KHT-XE5S_2025_0526_1101,0.0,0.5
KHT-XE5S,2025-06-11 06:30:00,9.7166,7.642,KHT-XE5S_2025_0526_1101,0.0001000000000000334,0.5
KHT-XE5S,2025-06-11 06:40:00,9.7175,7.644,KHT-XE5S_2025_0526_1101,0.00019999999999997797,0.5
KHT-XE5S,2025-06-11 06:50:00,9.7177,7.645,KHT-XE5S_2025_0526_1101,9.999999999994457e-05,0.5
KHT-XE5S,2025-06-11 07:00:00,9.7176,7.644,KHT-XE5S_2025_0526_1101,9.999999999994457e-05,0.5
KHT-XE5S,2025-06-11 07:10:00,9.7181,7.644,KHT-XE5S_2025_0526_1101,0.0,0.5
KHT-XE5S,2025-06-11 07:20:00,9.7175,7.645,KHT-XE5S_2025_0526_1101,9.999999999994457e-05,0.5
KHT-XE5S,2025-06-11 07:30:00,9.7172,7.647,KHT-XE5S_2025_0526_1101,0.0002000000000000668,0.5
KHT-XE5S,2025-06-11 07:40:00,9.7178,7.647,KHT-XE5S_2025_0526_1101,0.0,0.5
KHT-XE5S,2025-06-11 07:50:00,9.7186,7.647,KHT-XE5S_2025_0526_1101,0.0,0.5
KHT-XE5S,2025-06-11 08:00:00,9.7187,7.648,KHT-XE5S_2025_0526_1101,9.999999999994457e-05,0.5
KHT-XE5S,2025-06-11 08:10:00,9.7198,7.649,KHT-XE5S_2025_0526_1101,0.0001000000000000334,0.5
KHT-XE5S,2025-06-11 08:20:00,9.7193,7.65,KHT-XE5S_2025_0526_1101,0.0001000000000000334,0.5
KHT-XE5S,2025-06-11 08:30:00,9.7197,7.65,KHT-XE5S_2025_0526_1101,0.0,0.5
KHT-XE5S,2025-06-11 08:40:00,9.719,7.65,KHT-XE5S_2025_0526_1101,0.0,0.5
KHT-XE5S,2025-06-11 08:50:00,9.7186,7.65,KHT-XE5S_2025_0526_1101,0.0,0.5
KHT-XE5S,2025-06-11 09:00:00,9.7179,7.653,KHT-XE5S_2025_0526_1101,0.00029999999999992256,0.5
KHT-XE5S,2025-06-11 09:10:00,9.7165,7.652,KHT-XE5S_2025_0526_1101,9.999999999994457e-05,0.5
KHT-XE5S,2025-06-11 09:20:00,9.7173,7.653,KHT-XE5S_2025_0526_1101,9.999999999994457e-05,0.5
KHT-XE5S,2025-06-11 09:30:00,9.7145,7.653,KHT-XE5S_2025_0526_1101,0.0,0.5
KHT-XE5S,2025-06-11 09:40:00,9.7143,7.655,KHT-XE5S_2025_0526_1101,0.0002000000000000668,0.5
KHT-XE5S,2025-06-11 09:50:00,9.7114,7.655,KHT-XE5S_2025_0526_1101,0.0,0.5
KHT-XE5S,2025-06-11 10:00:00,9.7089,7.658,KHT-XE5S_2025_0526_1101,0.00030000000000001136,0.5
KHT-XE5S,2025-06-11 10:10:00,9.7077,7.657,KHT-XE5S_2025_0526_1101,0.0001000000000000334,0.5
KHT-XE5S,2025-06-11 10:20:00,9.7056,7.656,KHT-XE5S_2025_0526_1101,0.0001000000000000334,0.5
KHT-XE5S,2025-06-11 10:30:00,9.7043,7.657,KHT-XE5S_2025_0526_1101,0.0001000000000000334,0.5
KHT-XE5S,2025-06-11 10:40:00,9.7027,7.659,KHT-XE5S_2025_0526_1101,0.00019999999999997797,0.5
KHT-XE5S,2025-06-11 10:50:00,9.7029,7.658,KHT-XE5S_2025_0526_1101,9.999999999994457e-05,0.5
KHT-XE5S,2025-06-11 11:00:00,9.701,7.658,KHT-XE5S_2025_0526_1101,0.0,0.5
KHT-XE5S,2025-06-11 11:10:00,9.698,7.659,KHT-XE5S_2025_0526_1101,9.999999999994457e-05,0.5
KHT-XE5S,2025-06-11 11:20:00,9.696,7.659,KHT-XE5S_2025_0526_1101,0.0,0.5
KHT-XE5S,2025-06-11 11:30:00,9.6956,7.661,KHT-XE5S_2025_0526_1101,0.00019999999999997797,0.5
KHT-XE5S,2025-06-11 11:40:00,9.693,7.662,KHT-XE5S_2025_0526_1101,0.0001000000000000334,0.5
KHT-XE5S,2025-06-11 11:50:00,9.6922,7.661,KHT-XE5S_2025_0526_1101,0.0001000000000000334,0.5
KHT-XE5S,2025-06-11 12:00:00,9.6906,7.662,KHT-XE5S_2025_0526_1101,0.0001000000000000334,0.5
KHT-XE5S,2025-06-11 12:10:00,9.6892,7.662,KHT-XE5S_2025_0526_1101,0.0,0.5
KHT-XE5S,2025-06-11 12:20:00,9.6868,7.663,KHT-XE5S_2025_0526_1101,0.0001000000000000334,0.5
KHT-XE5S,2025-06-11 12:30:00,9.6853,7.664,KHT-XE5S_2025_0526_1101,9.999999999994457e-05,0.5
KHT-XE5S,2025-06-11 12:40:00,9.6834,7.664,KHT-XE5S_2025_0526_1101,0.0,0.5
KHT-XE5S,2025-06-11 12:50:00,9.6824,7.665,KHT-XE5S_2025_0526_1101,0.0001000000000000334,0.5
KHT-XE5S,2025-06-11 13:00:00,9.6802,7.665,KHT-XE5S_2025_0526_1101,0.0,0.5
KHT-XE5S,2025-06-11 13:10:00,9.6797,7.667,KHT-XE5S_2025_0526_1101,0.00019999999999997797,0.5
KHT-XE5S,2025-06-11 13:20:00,9.6772,7.668,KHT-XE5S_2025_0526_1101,0.0001000000000000334,0.5
KHT-XE5S,2025-06-11 13:30:00,9.6768,7.669,KHT-XE5S_2025_0526_1101,9.999999999994457e-05,0.5
KHT-XE5S,2025-06-11 13:40:00,9.6753,7.668,KHT-XE5S_2025_0526_1101,9.999999999994457e-05,0.5
KHT-XE5S,2025-06-11 13:50:00,9.6739,7.668,KHT-XE5S_2025_0526_1101,0.0,0.5
KHT-XE5S,2025-06-11 14:00:00,9.6728,7.669,KHT-XE5S_2025_0526_1101,9.999999999994457e-05,0.5
KHT-XE5S,2025-06-11 14:10:00,9.6715,7.669,KHT-XE5S_2025_0526_1101,0.0,0.5
KHT-XE5S,2025-06-11 14:20:00,9.6705,7.67,KHT-XE5S_2025_0526_1101,0.0001000000000000334,0.5
KHT-XE5S,2025-06-11 14:30:00,9.6703,7.672,KHT-XE5S_2025_0526_1101,0.00019999999999997797,0.5
KHT-XE5S,2025-06-11 14:40:00,9.6683,7.67,KHT-XE5S_2025_0526_1101,0.00019999999999997797,0.5
KHT-XE5S,2025-06-11 14:50:00,9.6682,7.671,KHT-XE5S_2025_0526_1101,0.0001000000000000334,0.5
KHT-XE5S,2025-06-11 15:00:00,9.6662,7.671,KHT-XE5S_2025_0526_1101,0.0,0.5
KHT-XE5S,2025-06-11 15:10:00,9.666,7.674,KHT-XE5S_2025_0526_1101,0.00030000000000001136,0.5
KHT-XE5S,2025-06-11 15:20:00,9.6645,7.674,KHT-XE5S_2025_0526_1101,0.0,0.5
KHT-XE5S,2025-06-11 15:30:00,9.663,7.675,KHT-XE5S_2025_0526_1101,9.999999999994457e-05,0.5
KHT-XE5S,2025-06-11 15:40:00,9.6616,7.673,KHT-XE5S_2025_0526_1101,0.00019999999999997797,0.5
KHT-XE5S,2025-06-11 15:50:00,9.6605,7.673,KHT-XE5S_2025_0526_1101,0.0,0.5
KHT-XE5S,2025-06-11 16:00:00,9.6594,7.676,KHT-XE5S_2025_0526_1101,0.00030000000000001136,0.5
KHT-XE5S,2025-06-11 16:10:00,9.6575,7.676,KHT-XE5S_2025_0526_1101,0.0,0.5
KHT-XE5S,2025-06-11 16:20:00,9.6566,7.675,KHT-XE5S_2025_0526_1101,0.0001000000000000334,0.5
KHT-XE5S,2025-06-11 16:30:00,9.6557,7.678,KHT-XE5S_2025_0526_1101,0.00030000000000001136,0.5
KHT-XE5S,2025-06-11 16:40:00,9.6556,7.68,KHT-XE5S_2025_0526_1101,0.00019999999999997797,0.5
KHT-XE5S,2025-06-11 16:50:00,9.6552,7.677,KHT-XE5S_2025_0526_1101,0.00030000000000001136,0.5
KHT-XE5S,2025-06-11 17:00:00,9.6563,7.678,KHT-XE5S_2025_0526_1101,0.0001000000000000334,0.5
KHT-XE5S,2025-06-11 17:10:00,9.6545,7.679,KHT-XE5S_2025_0526_1101,0.0001000000000000334,0.5
KHT-XE5S,2025-06-11 17:20:00,9.6527,7.678,KHT-XE5S_2025_0526_1101,0.0001000000000000334,0.5
KHT-XE5S,2025-06-11 17:30:00,9.6508,7.679,KHT-XE5S_2025_0526_1101,0.0001000000000000334,0.5
KHT-XE5S,2025-06-11 17:40:00,9.6509,7.679,KHT-XE5S_2025_0526_1101,0.0,0.5
KHT-XE5S,2025-06-11 17:50:00,9.6499,7.681,KHT-XE5S_2025_0526_1101,0.00019999999999997797,0.5
KHT-XE5S,2025-06-11 18:00:00,9.6493,7.681,KHT-XE5S_2025_0526_1101,0.0,0.5
KHT-XE5S,2025-06-11 18:10:00,9.6485,7.683,KHT-XE5S_2025_0526_1101,0.00019999999999997797,0.5
KHT-XE5S,2025-06-11 18:20:00,9.6478,7.681,KHT-XE5S_2025_0526_1101,0.00019999999999997797,0.5
KHT-XE5S,2025-06-11 18:30:00,9.6474,7.681,KHT-XE5S_2025_0526_1101,0.0,0.5
KHT-XE5S,2025-06-11 18:40:00,9.6482,7.683,KHT-XE5S_2025_0526_1101,0.00019999999999997797,0.5
KHT-XE5S,2025-06-11 18:50:00,9.6477,7.683,KHT-XE5S_2025_0526_1101,0.0,0.5
KHT-XE5S,2025-06-11 19:00:00,9.6477,7.683,KHT-XE5S_2025_0526_1101,0.0,0.5
KHT-XE5S,2025-06-11 19:10:00,9.6471,7.684,KHT-XE5S_2025_0526_1101,0.0001000000000000334,0.5
KHT-XE5S,2025-06-11 19:20:00,9.6481,7.684,KHT-XE5S_2025_0526_1101,0.0,0.5
KHT-XE5S,2025-06-11 19:30:00,9.6477,7.686,KHT-XE5S_2025_0526_1101,0.00019999999999997797,0.5
KHT-XE5S,2025-06-11 19:40:00,9.6482,7.686,KHT-XE5S_2025_0526_1101,0.0,0.5
KHT-XE5S,2025-06-11 19:50:00,9.6492,7.686,KHT-XE5S_2025_0526_1101,0.0,0.5
KHT-XE5S,2025-06-11 20:00:00,9.6498,7.686,KHT-XE5S_2025_0526_1101,0.0,0.5
KHT-XE5S,2025-06-11 20:10:00,9.6512,7.687,KHT-XE5S_2025_0526_1101,0.0001000000000000334,0.5
KHT-XE5S,2025-06-11 20:20:00,9.6521,7.689,KHT-XE5S_2025_0526_1101,0.00019999999999997797,0.5
KHT-XE5S,2025-06-11 20:30:00,9.6529,7.689,KHT-XE5S_2025_0526_1101,0.0,0.5
KHT-XE5S,2025-06-11 20:40:00,9.6525,7.686,KHT-XE5S_2025_0526_1101,0.00030000000000001136,0.5
KHT-XE5S,2025-06-11 20:50:00,9.6534,7.688,KHT-XE5S_2025_0526_1101,0.00019999999999997797,0.5
KHT-XE5S,2025-06-11 21:00:00,9.6534,7.69,KHT-XE5S_2025_0526_1101,0.0002000000000000668,0.5
KHT-XE5S,2025-06-11 21:10:00,9.6539,7.688,KHT-XE5S_2025_0526_1101,0.0002000000000000668,0.5
KHT-XE5S,2025-06-11 21:20:00,9.6556,7.691,KHT-XE5S_2025_0526_1101,0.00030000000000001136,0.5
KHT-XE5S,2025-06-11 21:30:00,9.6566,7.69,KHT-XE5S_2025_0526_1101,9.999999999994457e-05,0.5
KHT-XE5S,2025-06-11 21:40:00,9.658,7.691,KHT-XE5S_2025_0526_1101,9.999999999994457e-05,0.5
KHT-XE5S,2025-06-11 21:50:00,9.659,7.691,KHT-XE5S_2025_0526_1101,0.0,0.5
KHT-XE5S,2025-06-11 22:00:00,9.6597,7.692,KHT-XE5S_2025_0526_1101,0.0001000000000000334,0.5
KHT-XE5S,2025-06-11 22:10:00,9.6606,7.693,KHT-XE5S_2025_0526_1101,9.999999999994457e-05,0.5
KHT-XE5S,2025-06-11 22:20:00,9.6612,7.694,KHT-XE5S_2025_0526_1101,0.0001000000000000334,0.5
KHT-XE5S,2025-06-11 22:30:00,9.661,7.693,KHT-XE5S_2025_0526_1101,0.0001000000000000334,0.5
KHT-XE5S,2025-06-11 22:40:00,9.6613,7.694,KHT-XE5S_2025_0526_1101,0.0001000000000000334,0.5
KHT-XE5S,2025-06-11 22:50:00,9.6614,7.696,KHT-XE5S_2025_0526_1101,0.00019999999999997797,0.5
KHT-XE5S,2025-06-11 23:00:00,9.6608,7.695,KHT-XE5S_2025_0526_1101,9.999999999994457e-05,0.5
KHT-XE5S,2025-06-11 23:10:00,9.6603,7.696,KHT-XE5S_2025_0526_1101,9.999999999994457e-05,0.5
KHT-XE5S,2025-06-11 23:20:00,9.6613,7.697,KHT-XE5S_2025_0526_1101,0.0001000000000000334,0.5
KHT-XE5S,2025-06-11 23:30:00,9.6621,7.699,KHT-XE5S_2025_0526_1101,0.00019999999999997797,0.5
KHT-XE5S,2025-06-11 23:40:00,9.6626,7.698,KHT-XE5S_2025_0526_1101,9.999999999994457e-05,0.5
KHT-XE5S,2025-06-11 23:50:00,9.6631,7.698,KHT-XE5S_2025_0526_1101,0.0,0.5
KHT-XE5S,2025-06-12 00:00:00,9.6642,7.7,KHT-XE5S_2025_0526_1101,0.00019999999999997797,0.5
KHT-XE5S,2025-06-12 00:10:00,9.665,7.699,KHT-XE5S_2025_0526_1101,0.0001000000000000334,0.5
KHT-XE5S,2025-06-12 00:20:00,9.6658,7.701,KHT-XE5S_2025_0526_1101,0.00019999999999997797,0.5
KHT-XE5S,2025-06-12 00:30:00,9.6659,7.699,KHT-XE5S_2025_0526_1101,0.00019999999999997797,0.5
KHT-XE5S,2025-06-12 00:40:00,9.6666,7.703,KHT-XE5S_2025_0526_1101,0.00040000000000004474,0.5
KHT-XE5S,2025-06-12 00:50:00,9.6671,7.704,KHT-XE5S_2025_0526_1101,9.999999999994457e-05,0.5
KHT-XE5S,2025-06-12 01:00:00,9.6681,7.704,KHT-XE5S_2025_0526_1101,0.0,0.5
KHT-XE5S,2025-06-12 01:10:00,9.6689,7.705,KHT-XE5S_2025_0526_1101,0.0001000000000000334,0.5
KHT-XE5S,2025-06-12 01:20:00,9.6695,7.705,KHT-XE5S_2025_0526_1101,0.0,0.5
KHT-XE5S,2025-06-12 01:30:00,9.6696,7.704,KHT-XE5S_2025_0526_1101,0.0001000000000000334,0.5
KHT-XE5S,2025-06-12 01:40:00,9.6702,7.705,KHT-XE5S_2025_0526_1101,0.0001000000000000334,0.5
KHT-XE5S,2025-06-12 01:50:00,9.6709,7.707,KHT-XE5S_2025_0526_1101,0.00019999999999997797,0.5
KHT-XE5S,2025-06-12 02:00:00,9.6713,7.707,KHT-XE5S_2025_0526_1101,0.0,0.5
KHT-XE5S,2025-06-12 02:10:00,9.6713,7.71,KHT-XE5S_2025_0526_1101,0.00030000000000001136,0.5
KHT-XE5S,2025-06-12 02:20:00,9.6718,7.708,KHT-XE5S_2025_0526_1101,0.00019999999999997797,0.5
KHT-XE5S,2025-06-12 02:30:00,9.6722,7.71,KHT-XE5S_2025_0526_1101,0.00019999999999997797,0.5
KHT-XE5S,2025-06-12 02:40:00,9.6723,7.71,KHT-XE5S_2025_0526_1101,0.0,0.5
KHT-XE5S,2025-06-12 02:50:00,9.6724,7.713,KHT-XE5S_2025_0526_1101,0.00030000000000001136,0.5
KHT-XE5S,2025-06-12 03:00:00,9.6727,7.712,KHT-XE5S_2025_0526_1101,0.0001000000000000334,0.5
KHT-XE5S,2025-06-12 03:10:00,9.6739,7.712,KHT-XE5S_2025_0526_1101,0.0,0.5
KHT-XE5S,2025-06-12 03:20:00,9.6739,7.712,KHT-XE5S_2025_0526_1101,0.0,0.5
KHT-XE5S,2025-06-12 03:30:00,9.6739,7.714,KHT-XE5S_2025_0526_1101,0.0002000000000000668,0.5
KHT-XE5S,2025-06-12 03:40:00,9.6743,7.714,KHT-XE5S_2025_0526_1101,0.0,0.5
KHT-XE5S,2025-06-12 03:50:00,9.6748,7.716,KHT-XE5S_2025_0526_1101,0.00019999999999997797,0.5
KHT-XE5S,2025-06-12 04:00:00,9.6758,7.715,KHT-XE5S_2025_0526_1101,0.0001000000000000334,0.5
KHT-XE5S,2025-06-12 04:10:00,9.6764,7.718,KHT-XE5S_2025_0526_1101,0.00030000000000001136,0.5
KHT-XE5S,2025-06-12 04:20:00,9.6771,7.716,KHT-XE5S_2025_0526_1101,0.00019999999999997797,0.5
KHT-XE5S,2025-06-12 04:30:00,9.6778,7.717,KHT-XE5S_2025_0526_1101,9.999999999994457e-05,0.5
KHT-XE5S,2025-06-12 04:40:00,9.6786,7.719,KHT-XE5S_2025_0526_1101,0.0002000000000000668,0.5
KHT-XE5S,2025-06-12 04:50:00,9.6795,7.719,KHT-XE5S_2025_0526_1101,0.0,0.5
KHT-XE5S,2025-06-12 05:00:00,9.6805,7.721,KHT-XE5S_2025_0526_1101,0.00019999999999997797,0.5
KHT-XE5S,2025-06-12 05:10:00,9.6809,7.721,KHT-XE5S_2025_0526_1101,0.0,0.5
KHT-XE5S,2025-06-12 05:20:00,9.6815,7.72,KHT-XE5S_2025_0526_1101,0.0001000000000000334,0.5
KHT-XE5S,2025-06-12 05:30:00,9.6825,7.721,KHT-XE5S_2025_0526_1101,0.0001000000000000334,0.5
KHT-XE5S,2025-06-12 05:40:00,9.6832,7.723,KHT-XE5S_2025_0526_1101,0.00019999999999997797,0.5
KHT-XE5S,2025-06-12 05:50:00,9.6838,7.724,KHT-XE5S_2025_0526_1101,0.0001000000000000334,0.5
KHT-XE5S,2025-06-12 06:00:00,9.6841,7.725,KHT-XE5S_2025_0526_1101,9.999999999994457e-05,0.5
KHT-XE5S,2025-06-12 06:10:00,9.6846,7.723,KHT-XE5S_2025_0526_1101,0.00019999999999997797,0.5
KHT-XE5S,2025-06-12 06:20:00,9.6848,7.725,KHT-XE5S_2025_0526_1101,0.00019999999999997797,0.5
KHT-XE5S,2025-06-12 06:30:00,9.685,7.726,KHT-XE5S_2025_0526_1101,0.0001000000000000334,0.5
KHT-XE5S,2025-06-12 06:40:00,9.6854,7.725,KHT-XE5S_2025_0526_1101,0.0001000000000000334,0.5
KHT-XE5S,2025-06-12 06:50:00,9.6859,7.727,KHT-XE5S_2025_0526_1101,0.0002000000000000668,0.5
KHT-XE5S,2025-06-12 07:00:00,9.6862,7.728,KHT-XE5S_2025_0526_1101,9.999999999994457e-05,0.5
KHT-XE5S,2025-06-12 07:10:00,9.6864,7.728,KHT-XE5S_2025_0526_1101,0.0,0.5
KHT-XE5S,2025-06-12 07:20:00,9.687,7.73,KHT-XE5S_2025_0526_1101,0.0002000000000000668,0.5
KHT-XE5S,2025-06-12 07:30:00,9.688,7.73,KHT-XE5S_2025_0526_1101,0.0,0.5
KHT-XE5S,2025-06-12 07:40:00,9.6883,7.729,KHT-XE5S_2025_0526_1101,0.0001000000000000334,0.5
KHT-XE5S,2025-06-12 07:50:00,9.6888,7.73,KHT-XE5S_2025_0526_1101,0.0001000000000000334,0.5
KHT-XE5S,2025-06-12 08:00:00,9.6892,7.731,KHT-XE5S_2025_0526_1101,9.999999999994457e-05,0.5
KHT-XE5S,2025-06-12 08:10:00,9.6896,7.732,KHT-XE5S_2025_0526_1101,0.0001000000000000334,0.5
KHT-XE5S,2025-06-12 08:20:00,9.6903,7.732,KHT-XE5S_2025_0526_1101,0.0,0.5
KHT-XE5S,2025-06-12 08:30:00,9.6903,7.735,KHT-XE5S_2025_0526_1101,0.00030000000000001136,0.5
KHT-XE5S,2025-06-12 08:40:00,9.6902,7.735,KHT-XE5S_2025_0526_1101,0.0,0.5
KHT-XE5S,2025-06-12 08:50:00,9.6898,7.737,KHT-XE5S_2025_0526_1101,0.00019999999999997797,0.5
KHT-XE5S,2025-06-12 09:00:00,9.6901,7.734,KHT-XE5S_2025_0526_1101,0.00030000000000001136,0.5
KHT-XE5S,2025-06-12 09:10:00,9.6898,7.737,KHT-XE5S_2025_0526_1101,0.00030000000000001136,0.5
KHT-XE5S,2025-06-12 09:20:00,9.6892,7.737,KHT-XE5S_2025_0526_1101,0.0,0.5
KHT-XE5S,2025-06-12 09:30:00,9.6884,7.738,KHT-XE5S_2025_0526_1101,0.0001000000000000334,0.5
KHT-XE5S,2025-06-12 09:40:00,9.6881,7.739,KHT-XE5S_2025_0526_1101,9.999999999994457e-05,0.5
KHT-XE5S,2025-06-12 09:50:00,9.6872,7.741,KHT-XE5S_2025_0526_1101,0.00019999999999997797,0.5
KHT-XE5S,2025-06-12 10:00:00,9.686,7.738,KHT-XE5S_2025_0526_1101,0.00029999999999992256,0.5
KHT-XE5S,2025-06-12 10:10:00,9.684,7.741,KHT-XE5S_2025_0526_1101,0.00029999999999992256,0.5
KHT-XE5S,2025-06-12 10:20:00,9.6822,7.739,KHT-XE5S_2025_0526_1101,0.00019999999999997797,0.5
KHT-XE5S,2025-06-12 10:30:00,9.6817,7.742,KHT-XE5S_2025_0526_1101,0.00030000000000001136,0.5
KHT-XE5S,2025-06-12 10:40:00,9.68,7.742,KHT-XE5S_2025_0526_1101,0.0,0.5
KHT-XE5S,2025-06-12 10:50:00,9.678,7.744,KHT-XE5S_2025_0526_1101,0.00019999999999997797,0.5
KHT-XE5S,2025-06-12 11:00:00,9.6765,7.744,KHT-XE5S_2025_0526_1101,0.0,0.5
KHT-XE5S,2025-06-12 11:10:00,9.6756,7.744,KHT-XE5S_2025_0526_1101,0.0,0.5
KHT-XE5S,2025-06-12 11:20:00,9.6735,7.746,KHT-XE5S_2025_0526_1101,0.0002000000000000668,0.5
KHT-XE5S,2025-06-12 11:30:00,9.6708,7.747,KHT-XE5S_2025_0526_1101,9.999999999994457e-05,0.5
KHT-XE5S,2025-06-12 11:40:00,9.67,7.746,KHT-XE5S_2025_0526_1101,9.999999999994457e-05,0.5
KHT-XE5S,2025-06-12 11:50:00,9.6669,7.747,KHT-XE5S_2025_0526_1101,9.999999999994457e-05,0.5
KHT-XE5S,2025-06-12 12:00:00,9.665,7.746,KHT-XE5S_2025_0526_1101,9.999999999994457e-05,0.5
KHT-XE5S,2025-06-12 12:10:00,9.6625,7.748,KHT-XE5S_2025_0526_1101,0.00019999999999997797,0.5
KHT-XE5S,2025-06-12 12:20:00,9.661,7.748,KHT-XE5S_2025_0526_1101,0.0,0.5
KHT-XE5S,2025-06-12 12:30:00,9.6589,7.749,KHT-XE5S_2025_0526_1101,9.999999999994457e-05,0.5
KHT-XE5S,2025-06-12 12:40:00,9.6556,7.749,KHT-XE5S_2025_0526_1101,0.0,0.5
KHT-XE5S,2025-06-12 12:50:00,9.654,7.75,KHT-XE5S_2025_0526_1101,0.0001000000000000334,0.5
KHT-XE5S,2025-06-12 13:00:00,9.6512,7.748,KHT-XE5S_2025_0526_1101,0.00019999999999997797,0.5
KHT-XE5S,2025-06-12 13:10:00,9.6499,7.751,KHT-XE5S_2025_0526_1101,0.00030000000000001136,0.5
KHT-XE5S,2025-06-12 13:20:00,9.6466,7.751,KHT-XE5S_2025_0526_1101,0.0,0.5
KHT-XE5S,2025-06-12 13:30:00,9.6444,7.751,KHT-XE5S_2025_0526_1101,0.0,0.5
KHT-XE5S,2025-06-12 13:40:00,9.6424,7.752,KHT-XE5S_2025_0526_1101,9.999999999994457e-05,0.5
KHT-XE5S,2025-06-12 13:50:00,9.6402,7.751,KHT-XE5S_2025_0526_1101,9.999999999994457e-05,0.5
KHT-XE5S,2025-06-12 14:00:00,9.6375,7.754,KHT-XE5S_2025_0526_1101,0.00029999999999992256,0.5
KHT-XE5S,2025-06-12 14:10:00,9.6365,7.754,KHT-XE5S_2025_0526_1101,0.0,0.5
KHT-XE5S,2025-06-12 14:20:00,9.6354,7.755,KHT-XE5S_2025_0526_1101,0.0001000000000000334,0.5
KHT-XE5S,2025-06-12 14:30:00,9.6328,7.754,KHT-XE5S_2025_0526_1101,0.0001000000000000334,0.5
KHT-XE5S,2025-06-12 14:40:00,9.6315,7.754,KHT-XE5S_2025_0526_1101,0.0,0.5
KHT-XE5S,2025-06-12 14:50:00,9.6311,7.756,KHT-XE5S_2025_0526_1101,0.0002000000000000668,0.5
KHT-XE5S,2025-06-12 15:00:00,9.6294,7.754,KHT-XE5S_2025_0526_1101,0.0002000000000000668,0.5
KHT-XE5S,2025-06-12 15:10:00,9.6277,7.756,KHT-XE5S_2025_0526_1101,0.0002000000000000668,0.5
KHT-XE5S,2025-06-12 15:20:00,9.6271,7.757,KHT-XE5S_2025_0526_1101,9.999999999994457e-05,0.5
KHT-XE5S,2025-06-12 15:30:00,9.6259,7.758,KHT-XE5S_2025_0526_1101,0.0001000000000000334,0.5
KHT-XE5S,2025-06-12 15:40:00,9.6244,7.759,KHT-XE5S_2025_0526_1101,0.0001000000000000334,0.5
KHT-XE5S,2025-06-12 15:50:00,9.6244,7.757,KHT-XE5S_2025_0526_1101,0.0002000000000000668,0.5
KHT-XE5S,2025-06-12 16:00:00,9.6231,7.757,KHT-XE5S_2025_0526_1101,0.0,0.5
KHT-XE5S,2025-06-12 16:10:00,9.6221,7.76,KHT-XE5S_2025_0526_1101,0.00030000000000001136,0.5
KHT-XE5S,2025-06-12 16:20:00,9.6204,7.759,KHT-XE5S_2025_0526_1101,9.999999999994457e-05,0.5
KHT-XE5S,2025-06-12 16:30:00,9.6196,7.761,KHT-XE5S_2025_0526_1101,0.00019999999999997797,0.5
KHT-XE5S,2025-06-12 16:40:00,9.6192,7.76,KHT-XE5S_2025_0526_1101,0.0001000000000000334,0.5
KHT-XE5S,2025-06-12 16:50:00,9.6186,7.761,KHT-XE5S_2025_0526_1101,0.0001000000000000334,0.5
KHT-XE5S,2025-06-12 17:00:00,9.618,7.762,KHT-XE5S_2025_0526_1101,9.999999999994457e-05,0.5
KHT-XE5S,2025-06-12 17:10:00,9.6169,7.763,KHT-XE5S_2025_0526_1101,0.0001000000000000334,0.5
KHT-XE5S,2025-06-12 17:20:00,9.6164,7.761,KHT-XE5S_2025_0526_1101,0.00019999999999997797,0.5
KHT-XE5S,2025-06-12 17:30:00,9.6147,7.763,KHT-XE5S_2025_0526_1101,0.00019999999999997797,0.5
KHT-XE5S,2025-06-12 17:40:00,9.6142,7.763,KHT-XE5S_2025_0526_1101,0.0,0.5
KHT-XE5S,2025-06-12 17:50:00,9.6136,7.763,KHT-XE5S_2025_0526_1101,0.0,0.5
KHT-XE5S,2025-06-12 18:00:00,9.6132,7.764,KHT-XE5S_2025_0526_1101,0.0001000000000000334,0.5
KHT-XE5S,2025-06-12 18:10:00,9.6122,7.764,KHT-XE5S_2025_0526_1101,0.0,0.5
KHT-XE5S,2025-06-12 18:20:00,9.6121,7.764,KHT-XE5S_2025_0526_1101,0.0,0.5
KHT-XE5S,2025-06-12 18:30:00,9.6128,7.764,KHT-XE5S_2025_0526_1101,0.0,0.5
KHT-XE5S,2025-06-12 18:40:00,9.6128,7.765,KHT-XE5S_2025_0526_1101,9.999999999994457e-05,0.5
KHT-XE5S,2025-06-12 18:50:00,9.613,7.767,KHT-XE5S_2025_0526_1101,0.0002000000000000668,0.5
KHT-XE5S,2025-06-12 19:00:00,9.6124,7.766,KHT-XE5S_2025_0526_1101,0.0001000000000000334,0.5
KHT-XE5S,2025-06-12 19:10:00,9.6126,7.767,KHT-XE5S_2025_0526_1101,0.0001000000000000334,0.5
KHT-XE5S,2025-06-12 19:20:00,9.613,7.768,KHT-XE5S_2025_0526_1101,9.999999999994457e-05,0.5
KHT-XE5S,2025-06-12 19:30:00,9.6135,7.767,KHT-XE5S_2025_0526_1101,9.999999999994457e-05,0.5
KHT-XE5S,2025-06-12 19:40:00,9.614,7.768,KHT-XE5S_2025_0526_1101,9.999999999994457e-05,0.5
KHT-XE5S,2025-06-12 19:50:00,9.6146,7.767,KHT-XE5S_2025_0526_1101,9.999999999994457e-05,0.5
KHT-XE5S,2025-06-12 20:00:00,9.6152,7.769,KHT-XE5S_2025_0526_1101,0.00019999999999997797,0.5
KHT-XE5S,2025-06-12 20:10:00,9.6163,7.769,KHT-XE5S_2025_0526_1101,0.0,0.5
KHT-XE5S,2025-06-12 20:20:00,9.6165,7.769,KHT-XE5S_2025_0526_1101,0.0,0.5
KHT-XE5S,2025-06-12 20:30:00,9.6173,7.771,KHT-XE5S_2025_0526_1101,0.00019999999999997797,0.5
KHT-XE5S,2025-06-12 20:40:00,9.6177,7.77,KHT-XE5S_2025_0526_1101,0.0001000000000000334,0.5
KHT-XE5S,2025-06-12 20:50:00,9.6182,7.771,KHT-XE5S_2025_0526_1101,0.0001000000000000334,0.5
KHT-XE5S,2025-06-12 21:00:00,9.6194,7.771,KHT-XE5S_2025_0526_1101,0.0,0.5
KHT-XE5S,2025-06-12 21:10:00,9.6202,7.773,KHT-XE5S_2025_0526_1101,0.00019999999999997797,0.5
KHT-XE5S,2025-06-12 21:20:00,9.6206,7.773,KHT-XE5S_2025_0526_1101,0.0,0.5
KHT-XE5S,2025-06-12 21:30:00,9.6216,7.773,KHT-XE5S_2025_0526_1101,0.0,0.5
KHT-XE5S,2025-06-12 21:40:00,9.6227,7.774,KHT-XE5S_2025_0526_1101,0.0001000000000000334,0.5
KHT-XE5S,2025-06-12 21:50:00,9.624,7.774,KHT-XE5S_2025_0526_1101,0.0,0.5
KHT-XE5S,2025-06-12 22:00:00,9.6255,7.775,KHT-XE5S_2025_0526_1101,0.0001000000000000334,0.5
KHT-XE5S,2025-06-12 22:10:00,9.626,7.778,KHT-XE5S_2025_0526_1101,0.00029999999999992256,0.5
KHT-XE5S,2025-06-12 22:20:00,9.626,7.776,KHT-XE5S_2025_0526_1101,0.00019999999999997797,0.5
KHT-XE5S,2025-06-12 22:30:00,9.6262,7.778,KHT-XE5S_2025_0526_1101,0.00019999999999997797,0.5
KHT-XE5S,2025-06-12 22:40:00,9.6264,7.776,KHT-XE5S_2025_0526_1101,0.00019999999999997797,0.5
KHT-XE5S,2025-06-12 22:50:00,9.6265,7.778,KHT-XE5S_2025_0526_1101,0.00019999999999997797,0.5
KHT-XE5S,2025-06-12 23:00:00,9.6268,7.778,KHT-XE5S_2025_0526_1101,0.0,0.5
KHT-XE5S,2025-06-12 23:10:00,9.6274,7.777,KHT-XE5S_2025_0526_1101,9.999999999994457e-05,0.5
KHT-XE5S,2025-06-12 23:20:00,9.6285,7.78,KHT-XE5S_2025_0526_1101,0.00030000000000001136,0.5
KHT-XE5S,2025-06-12 23:30:00,9.6284,7.779,KHT-XE5S_2025_0526_1101,0.0001000000000000334,0.5
KHT-XE5S,2025-06-12 23:40:00,9.6289,7.779,KHT-XE5S_2025_0526_1101,0.0,0.5
KHT-XE5S,2025-06-12 23:50:00,9.6291,7.783,KHT-XE5S_2025_0526_1101,0.00040000000000004474,0.5
KHT-XE5S,2025-06-13 00:00:00,9.6294,7.78,KHT-XE5S_2025_0526_1101,0.00030000000000001136,0.5
KHT-XE5S,2025-06-13 00:10:00,9.6299,7.78,KHT-XE5S_2025_0526_1101,0.0,0.5
KHT-XE5S,2025-06-13 00:20:00,9.6301,7.781,KHT-XE5S_2025_0526_1101,9.999999999994457e-05,0.5
KHT-XE5S,2025-06-13 00:30:00,9.6305,7.784,KHT-XE5S_2025_0526_1101,0.00030000000000001136,0.5
KHT-XE5S,2025-06-13 00:40:00,9.6301,7.783,KHT-XE5S_2025_0526_1101,9.999999999994457e-05,0.5
KHT-XE5S,2025-06-13 00:50:00,9.6299,7.783,KHT-XE5S_2025_0526_1101,0.0,0.5
KHT-XE5S,2025-06-13 01:00:00,9.6303,7.784,KHT-XE5S_2025_0526_1101,9.999999999994457e-05,0.5
KHT-XE5S,2025-06-13 01:10:00,9.6302,7.786,KHT-XE5S_2025_0526_1101,0.00019999999999997797,0.5
KHT-XE5S,2025-06-13 01:20:00,9.6311,7.786,KHT-XE5S_2025_0526_1101,0.0,0.5
KHT-XE5S,2025-06-13 01:30:00,9.6313,7.788,KHT-XE5S_2025_0526_1101,0.0002000000000000668,0.5
KHT-XE5S,2025-06-13 01:40:00,9.6316,7.788,KHT-XE5S_2025_0526_1101,0.0,0.5
KHT-XE5S,2025-06-13 01:50:00,9.6321,7.787,KHT-XE5S_2025_0526_1101,0.0001000000000000334,0.5
KHT-XE5S,2025-06-13 02:00:00,9.6324,7.79,KHT-XE5S_2025_0526_1101,0.00030000000000001136,0.5
KHT-XE5S,2025-06-13 02:10:00,9.6337,7.789,KHT-XE5S_2025_0526_1101,0.0001000000000000334,0.5
KHT-XE5S,2025-06-13 02:20:00,9.6338,7.789,KHT-XE5S_2025_0526_1101,0.0,0.5
KHT-XE5S,2025-06-13 02:30:00,9.6339,7.79,KHT-XE5S_2025_0526_1101,0.0001000000000000334,0.5
KHT-XE5S,2025-06-13 02:40:00,9.6344,7.79,KHT-XE5S_2025_0526_1101,0.0,0.5
KHT-XE5S,2025-06-13 02:50:00,9.6346,7.792,KHT-XE5S_2025_0526_1101,0.00019999999999997797,0.5
KHT-XE5S,2025-06-13 03:00:00,9.6354,7.791,KHT-XE5S_2025_0526_1101,9.999999999994457e-05,0.5
KHT-XE5S,2025-06-13 03:10:00,9.6351,7.791,KHT-XE5S_2025_0526_1101,0.0,0.5
KHT-XE5S,2025-06-13 03:20:00,9.6361,7.793,KHT-XE5S_2025_0526_1101,0.00019999999999997797,0.5
KHT-XE5S,2025-06-13 03:30:00,9.6368,7.794,KHT-XE5S_2025_0526_1101,9.999999999994457e-05,0.5
KHT-XE5S,2025-06-13 03:40:00,9.6375,7.794,KHT-XE5S_2025_0526_1101,0.0,0.5
KHT-XE5S,2025-06-13 03:50:00,9.6384,7.795,KHT-XE5S_2025_0526_1101,0.0001000000000000334,0.5
KHT-XE5S,2025-06-13 04:00:00,9.6396,7.795,KHT-XE5S_2025_0526_1101,0.0,0.5
KHT-XE5S,2025-06-13 04:10:00,9.6407,7.797,KHT-XE5S_2025_0526_1101,0.00019999999999997797,0.5
KHT-XE5S,2025-06-13 04:20:00,9.6416,7.797,KHT-XE5S_2025_0526_1101,0.0,0.5
KHT-XE5S,2025-06-13 04:30:00,9.6414,7.798,KHT-XE5S_2025_0526_1101,0.0001000000000000334,0.5
KHT-XE5S,2025-06-13 04:40:00,9.642,7.798,KHT-XE5S_2025_0526_1101,0.0,0.5
KHT-XE5S,2025-06-13 04:50:00,9.6424,7.799,KHT-XE5S_2025_0526_1101,0.0001000000000000334,0.5
KHT-XE5S,2025-06-13 05:00:00,9.6432,7.8,KHT-XE5S_2025_0526_1101,9.999999999994457e-05,0.5
KHT-XE5S,2025-06-13 05:10:00,9.6433,7.801,KHT-XE5S_2025_0526_1101,0.0001000000000000334,0.5
KHT-XE5S,2025-06-13 05:20:00,9.6441,7.8,KHT-XE5S_2025_0526_1101,0.0001000000000000334,0.5
KHT-XE5S,2025-06-13 05:30:00,9.645,7.802,KHT-XE5S_2025_0526_1101,0.00019999999999997797,0.5
KHT-XE5S,2025-06-13 05:40:00,9.6464,7.802,KHT-XE5S_2025_0526_1101,0.0,0.5
KHT-XE5S,2025-06-13 05:50:00,9.6474,7.804,KHT-XE5S_2025_0526_1101,0.0002000000000000668,0.5
KHT-XE5S,2025-06-13 06:00:00,9.6481,7.803,KHT-XE5S_2025_0526_1101,0.0001000000000000334,0.5
KHT-XE5S,2025-06-13 06:10:00,9.6488,7.805,KHT-XE5S_2025_0526_1101,0.00019999999999997797,0.5
KHT-XE5S,2025-06-13 06:20:00,9.6498,7.805,KHT-XE5S_2025_0526_1101,0.0,0.5
KHT-XE5S,2025-06-13 06:30:00,9.6504,7.806,KHT-XE5S_2025_0526_1101,0.0001000000000000334,0.5
KHT-XE5S,2025-06-13 06:40:00,9.6508,7.808,KHT-XE5S_2025_0526_1101,0.00019999999999997797,0.5
KHT-XE5S,2025-06-13 06:50:00,9.6509,7.808,KHT-XE5S_2025_0526_1101,0.0,0.5
KHT-XE5S,2025-06-13 07:00:00,9.6513,7.807,KHT-XE5S_2025_0526_1101,9.999999999994457e-05,0.5
KHT-XE5S,2025-06-13 07:10:00,9.6517,7.81,KHT-XE5S_2025_0526_1101,0.00029999999999992256,0.5
KHT-XE5S,2025-06-13 07:20:00,9.652,7.81,KHT-XE5S_2025_0526_1101,0.0,0.5
KHT-XE5S,2025-06-13 07:30:00,9.6524,7.811,KHT-XE5S_2025_0526_1101,0.0001000000000000334,0.5
KHT-XE5S,2025-06-13 07:40:00,9.6529,7.811,KHT-XE5S_2025_0526_1101,0.0,0.5
KHT-XE5S,2025-06-13 07:50:00,9.6541,7.813,KHT-XE5S_2025_0526_1101,0.00019999999999997797,0.5
KHT-XE5S,2025-06-13 08:00:00,9.6546,7.813,KHT-XE5S_2025_0526_1101,0.0,0.5
KHT-XE5S,2025-06-13 08:10:00,9.6553,7.813,KHT-XE5S_2025_0526_1101,0.0,0.5
KHT-XE5S,2025-06-13 08:20:00,9.656,7.813,KHT-XE5S_2025_0526_1101,0.0,0.5
KHT-XE5S,2025-06-13 08:30:00,9.6568,7.815,KHT-XE5S_2025_0526_1101,0.0002000000000000668,0.5
KHT-XE5S,2025-06-13 08:40:00,9.6577,7.815,KHT-XE5S_2025_0526_1101,0.0,0.5
KHT-XE5S,2025-06-13 08:50:00,9.6583,7.816,KHT-XE5S_2025_0526_1101,9.999999999994457e-05,0.5
KHT-XE5S,2025-06-13 09:00:00,9.6586,7.817,KHT-XE5S_2025_0526_1101,0.0001000000000000334,0.5
KHT-XE5S,2025-06-13 09:10:00,9.659,7.818,KHT-XE5S_2025_0526_1101,9.999999999994457e-05,0.5
KHT-XE5S,2025-06-13 09:20:00,9.6597,7.817,KHT-XE5S_2025_0526_1101,9.999999999994457e-05,0.5
KHT-XE5S,2025-06-13 09:30:00,9.6595,7.82,KHT-XE5S_2025_0526_1101,0.00030000000000001136,0.5
KHT-XE5S,2025-06-13 09:40:00,9.6589,7.819,KHT-XE5S_2025_0526_1101,0.0001000000000000334,0.5
KHT-XE5S,2025-06-13 09:50:00,9.6594,7.821,KHT-XE5S_2025_0526_1101,0.00019999999999997797,0.5
KHT-XE5S,2025-06-13 10:00:00,9.6579,7.822,KHT-XE5S_2025_0526_1101,0.0001000000000000334,0.5
KHT-XE5S,2025-06-13 10:10:00,9.6565,7.822,KHT-XE5S_2025_0526_1101,0.0,0.5
KHT-XE5S,2025-06-13 10:20:00,9.6556,7.823,KHT-XE5S_2025_0526_1101,0.0001000000000000334,0.5
KHT-XE5S,2025-06-13 10:30:00,9.6558,7.822,KHT-XE5S_2025_0526_1101,0.0001000000000000334,0.5
KHT-XE5S,2025-06-13 10:40:00,9.6553,7.824,KHT-XE5S_2025_0526_1101,0.00019999999999997797,0.5
KHT-XE5S,2025-06-13 10:50:00,9.6541,7.825,KHT-XE5S_2025_0526_1101,0.0001000000000000334,0.5
KHT-XE5S,2025-06-13 11:00:00,9.6535,7.824,KHT-XE5S_2025_0526_1101,0.0001000000000000334,0.5
KHT-XE5S,2025-06-13 11:10:00,9.6515,7.826,KHT-XE5S_2025_0526_1101,0.00019999999999997797,0.5
KHT-XE5S,2025-06-13 11:20:00,9.6486,7.825,KHT-XE5S_2025_0526_1101,9.999999999994457e-05,0.5
KHT-XE5S,2025-06-13 11:30:00,9.6467,7.827,KHT-XE5S_2025_0526_1101,0.00019999999999997797,0.5
KHT-XE5S,2025-06-13 11:40:00,9.6437,7.825,KHT-XE5S_2025_0526_1101,0.00019999999999997797,0.5
KHT-XE5S,2025-06-13 11:50:00,9.6423,7.828,KHT-XE5S_2025_0526_1101,0.00030000000000001136,0.5
KHT-XE5S,2025-06-13 12:00:00,9.6396,7.831,KHT-XE5S_2025_0526_1101,0.00030000000000001136,0.5
KHT-XE5S,2025-06-13 12:10:00,9.6369,7.83,KHT-XE5S_2025_0526_1101,0.0001000000000000334,0.5
KHT-XE5S,2025-06-13 12:20:00,9.6356,7.829,KHT-XE5S_2025_0526_1101,0.0001000000000000334,0.5
KHT-XE5S,2025-06-13 12:30:00,9.6323,7.829,KHT-XE5S_2025_0526_1101,0.0,0.5
KHT-XE5S,2025-06-13 12:40:00,9.6322,7.83,KHT-XE5S_2025_0526_1101,0.0001000000000000334,0.5
KHT-XE5S,2025-06-13 12:50:00,9.6283,7.832,KHT-XE5S_2025_0526_1101,0.00019999999999997797,0.5
KHT-XE5S,2025-06-13 13:00:00,9.6256,7.832,KHT-XE5S_2025_0526_1101,0.0,0.5
KHT-XE5S,2025-06-13 13:10:00,9.6229,7.831,KHT-XE5S_2025_0526_1101,9.999999999994457e-05,0.5
KHT-XE5S,2025-06-13 13:20:00,9.6208,7.832,KHT-XE5S_2025_0526_1101,9.999999999994457e-05,0.5
KHT-XE5S,2025-06-13 13:30:00,9.6197,7.834,KHT-XE5S_2025_0526_1101,0.00019999999999997797,0.5
KHT-XE5S,2025-06-13 13:40:00,9.6173,7.833,KHT-XE5S_2025_0526_1101,9.999999999994457e-05,0.5
KHT-XE5S,2025-06-13 13:50:00,9.6153,7.834,KHT-XE5S_2025_0526_1101,9.999999999994457e-05,0.5
KHT-XE5S,2025-06-13 14:00:00,9.614,7.834,KHT-XE5S_2025_0526_1101,0.0,0.5
KHT-XE5S,2025-06-13 14:10:00,9.6123,7.834,KHT-XE5S_2025_0526_1101,0.0,0.5
KHT-XE5S,2025-06-13 14:20:00,9.6099,7.835,KHT-XE5S_2025_0526_1101,0.0001000000000000334,0.5
KHT-XE5S,2025-06-13 14:30:00,9.6088,7.836,KHT-XE5S_2025_0526_1101,0.0001000000000000334,0.5
KHT-XE5S,2025-06-13 14:40:00,9.6079,7.835,KHT-XE5S_2025_0526_1101,0.0001000000000000334,0.5
KHT-XE5S,2025-06-13 14:50:00,9.6077,7.836,KHT-XE5S_2025_0526_1101,0.0001000000000000334,0.5
KHT-XE5S,2025-06-13 15:00:00,9.607,7.837,KHT-XE5S_2025_0526_1101,9.999999999994457e-05,0.5
KHT-XE5S,2025-06-13 15:10:00,9.606,7.839,KHT-XE5S_2025_0526_1101,0.0002000000000000668,0.5
KHT-XE5S,2025-06-13 15:20:00,9.6053,7.838,KHT-XE5S_2025_0526_1101,0.0001000000000000334,0.5
KHT-XE5S,2025-06-13 15:30:00,9.6034,7.837,KHT-XE5S_2025_0526_1101,0.0001000000000000334,0.5
KHT-XE5S,2025-06-13 15:40:00,9.603,7.837,KHT-XE5S_2025_0526_1101,0.0,0.5
KHT-XE5S,2025-06-13 15:50:00,9.6027,7.84,KHT-XE5S_2025_0526_1101,0.00030000000000001136,0.5
KHT-XE5S,2025-06-13 16:00:00,9.601,7.837,KHT-XE5S_2025_0526_1101,0.00030000000000001136,0.5
KHT-XE5S,2025-06-13 16:10:00,9.6008,7.839,KHT-XE5S_2025_0526_1101,0.0002000000000000668,0.5
KHT-XE5S,2025-06-13 16:20:00,9.6006,7.841,KHT-XE5S_2025_0526_1101,0.00019999999999997797,0.5
KHT-XE5S,2025-06-13 16:30:00,9.5994,7.842,KHT-XE5S_2025_0526_1101,9.999999999994457e-05,0.5
KHT-XE5S,2025-06-13 16:40:00,9.5984,7.842,KHT-XE5S_2025_0526_1101,0.0,0.5
KHT-XE5S,2025-06-13 16:50:00,9.5976,7.841,KHT-XE5S_2025_0526_1101,9.999999999994457e-05,0.5
KHT-XE5S,2025-06-13 17:00:00,9.5966,7.842,KHT-XE5S_2025_0526_1101,9.999999999994457e-05,0.5
KHT-XE5S,2025-06-13 17:10:00,9.596,7.843,KHT-XE5S_2025_0526_1101,0.0001000000000000334,0.5
KHT-XE5S,2025-06-13 17:20:00,9.5948,7.843,KHT-XE5S_2025_0526_1101,0.0,0.5
KHT-XE5S,2025-06-13 17:30:00,9.5937,7.845,KHT-XE5S_2025_0526_1101,0.00019999999999997797,0.5
KHT-XE5S,2025-06-13 17:40:00,9.5934,7.845,KHT-XE5S_2025_0526_1101,0.0,0.5
KHT-XE5S,2025-06-13 17:50:00,9.5938,7.844,KHT-XE5S_2025_0526_1101,9.999999999994457e-05,0.5
KHT-XE5S,2025-06-13 18:00:00,9.5926,7.844,KHT-XE5S_2025_0526_1101,0.0,0.5
KHT-XE5S,2025-06-13 18:10:00,9.5923,7.846,KHT-XE5S_2025_0526_1101,0.00019999999999997797,0.5
KHT-XE5S,2025-06-13 18:20:00,9.5914,7.845,KHT-XE5S_2025_0526_1101,0.0001000000000000334,0.5
KHT-XE5S,2025-06-13 18:30:00,9.5909,7.846,KHT-XE5S_2025_0526_1101,0.0001000000000000334,0.5
KHT-XE5S,2025-06-13 18:40:00,9.5908,7.846,KHT-XE5S_2025_0526_1101,0.0,0.5
KHT-XE5S,2025-06-13 18:50:00,9.5916,7.847,KHT-XE5S_2025_0526_1101,0.0001000000000000334,0.5
KHT-XE5S,2025-06-13 19:00:00,9.591,7.85,KHT-XE5S_2025_0526_1101,0.00029999999999992256,0.5
KHT-XE5S,2025-06-13 19:10:00,9.5913,7.848,KHT-XE5S_2025_0526_1101,0.00019999999999997797,0.5
KHT-XE5S,2025-06-13 19:20:00,9.5915,7.85,KHT-XE5S_2025_0526_1101,0.00019999999999997797,0.5
KHT-XE5S,2025-06-13 19:30:00,9.591,7.849,KHT-XE5S_2025_0526_1101,9.999999999994457e-05,0.5
KHT-XE5S,2025-06-13 19:40:00,9.5916,7.849,KHT-XE5S_2025_0526_1101,0.0,0.5
KHT-XE5S,2025-06-13 19:50:00,9.5913,7.85,KHT-XE5S_2025_0526_1101,9.999999999994457e-05,0.5
KHT-XE5S,2025-06-13 20:00:00,9.5923,7.85,KHT-XE5S_2025_0526_1101,0.0,0.5
KHT-XE5S,2025-06-13 20:10:00,9.5926,7.85,KHT-XE5S_2025_0526_1101,0.0,0.5
KHT-XE5S,2025-06-13 20:20:00,9.5928,7.851,KHT-XE5S_2025_0526_1101,0.0001000000000000334,0.5
KHT-XE5S,2025-06-13 20:30:00,9.5932,7.851,KHT-XE5S_2025_0526_1101,0.0,0.5
KHT-XE5S,2025-06-13 20:40:00,9.5943,7.851,KHT-XE5S_2025_0526_1101,0.0,0.5
KHT-XE5S,2025-06-13 20:50:00,9.5943,7.853,KHT-XE5S_2025_0526_1101,0.00019999999999997797,0.5
KHT-XE5S,2025-06-13 21:00:00,9.5947,7.852,KHT-XE5S_2025_0526_1101,9.999999999994457e-05,0.5
KHT-XE5S,2025-06-13 21:10:00,9.5952,7.852,KHT-XE5S_2025_0526_1101,0.0,0.5
KHT-XE5S,2025-06-13 21:20:00,9.5951,7.852,KHT-XE5S_2025_0526_1101,0.0,0.5
KHT-XE5S,2025-06-13 21:30:00,9.5958,7.853,KHT-XE5S_2025_0526_1101,9.999999999994457e-05,0.5
KHT-XE5S,2025-06-13 21:40:00,9.5961,7.854,KHT-XE5S_2025_0526_1101,0.0001000000000000334,0.5
KHT-XE5S,2025-06-13 21:50:00,9.5965,7.857,KHT-XE5S_2025_0526_1101,0.00030000000000001136,0.5
KHT-XE5S,2025-06-13 22:00:00,9.5981,7.855,KHT-XE5S_2025_0526_1101,0.00019999999999997797,0.5
KHT-XE5S,2025-06-13 22:10:00,9.5984,7.856,KHT-XE5S_2025_0526_1101,9.999999999994457e-05,0.5
KHT-XE5S,2025-06-13 22:20:00,9.5987,7.857,KHT-XE5S_2025_0526_1101,0.0001000000000000334,0.5
KHT-XE5S,2025-06-13 22:30:00,9.5997,7.855,KHT-XE5S_2025_0526_1101,0.00019999999999997797,0.5
KHT-XE5S,2025-06-13 22:40:00,9.6,7.858,KHT-XE5S_2025_0526_1101,0.00029999999999992256,0.5
KHT-XE5S,2025-06-13 22:50:00,9.6004,7.857,KHT-XE5S_2025_0526_1101,9.999999999994457e-05,0.5
KHT-XE5S,2025-06-13 23:00:00,9.5998,7.858,KHT-XE5S_2025_0526_1101,9.999999999994457e-05,0.5
KHT-XE5S,2025-06-13 23:10:00,9.6001,7.859,KHT-XE5S_2025_0526_1101,0.0001000000000000334,0.5
KHT-XE5S,2025-06-13 23:20:00,9.6008,7.86,KHT-XE5S_2025_0526_1101,0.0001000000000000334,0.5
KHT-XE5S,2025-06-13 23:30:00,9.6011,7.86,KHT-XE5S_2025_0526_1101,0.0,0.5
KHT-XE5S,2025-06-13 23:40:00,9.6019,7.861,KHT-XE5S_2025_0526_1101,9.999999999994457e-05,0.5
KHT-XE5S,2025-06-13 23:50:00,9.6018,7.861,KHT-XE5S_2025_0526_1101,0.0,0.5
KHT-XE5S,2025-06-14 00:00:00,9.6024,7.86,KHT-XE5S_2025_0526_1101,9.999999999994457e-05,0.5
KHT-XE5S,2025-06-14 00:10:00,9.6022,7.861,KHT-XE5S_2025_0526_1101,9.999999999994457e-05,0.5
KHT-XE5S,2025-06-14 00:20:00,9.6019,7.862,KHT-XE5S_2025_0526_1101,0.0001000000000000334,0.5
KHT-XE5S,2025-06-14 00:30:00,9.6019,7.862,KHT-XE5S_2025_0526_1101,0.0,0.5
KHT-XE5S,2025-06-14 00:40:00,9.6024,7.864,KHT-XE5S_2025_0526_1101,0.00019999999999997797,0.5
KHT-XE5S,2025-06-14 00:50:00,9.6024,7.864,KHT-XE5S_2025_0526_1101,0.0,0.5
KHT-XE5S,2025-06-14 01:00:00,9.6021,7.863,KHT-XE5S_2025_0526_1101,9.999999999994457e-05,0.5
KHT-XE5S,2025-06-14 01:10:00,9.6023,7.866,KHT-XE5S_2025_0526_1101,0.00029999999999992256,0.5
KHT-XE5S,2025-06-14 01:20:00,9.6019,7.864,KHT-XE5S_2025_0526_1101,0.00019999999999997797,0.5
KHT-XE5S,2025-06-14 01:30:00,9.6018,7.865,KHT-XE5S_2025_0526_1101,0.0001000000000000334,0.5
KHT-XE5S,2025-06-14 01:40:00,9.6015,7.868,KHT-XE5S_2025_0526_1101,0.00030000000000001136,0.5
KHT-XE5S,2025-06-14 01:50:00,9.6012,7.866,KHT-XE5S_2025_0526_1101,0.0002000000000000668,0.5
KHT-XE5S,2025-06-14 02:00:00,9.6013,7.866,KHT-XE5S_2025_0526_1101,0.0,0.5
KHT-XE5S,2025-06-14 02:10:00,9.6006,7.867,KHT-XE5S_2025_0526_1101,0.0001000000000000334,0.5
KHT-XE5S,2025-06-14 02:20:00,9.5998,7.867,KHT-XE5S_2025_0526_1101,0.0,0.5
KHT-XE5S,2025-06-14 02:30:00,9.6008,7.868,KHT-XE5S_2025_0526_1101,0.0001000000000000334,0.5
KHT-XE5S,2025-06-14 02:40:00,9.6004,7.869,KHT-XE5S_2025_0526_1101,9.999999999994457e-05,0.5
KHT-XE5S,2025-06-14 02:50:00,9.6004,7.87,KHT-XE5S_2025_0526_1101,0.0001000000000000334,0.5
KHT-XE5S,2025-06-14 03:00:00,9.6007,7.869,KHT-XE5S_2025_0526_1101,0.0001000000000000334,0.5
KHT-XE5S,2025-06-14 03:10:00,9.6013,7.871,KHT-XE5S_2025_0526_1101,0.0002000000000000668,0.5
KHT-XE5S,2025-06-14 03:20:00,9.6013,7.87,KHT-XE5S_2025_0526_1101,0.0001000000000000334,0.5
KHT-XE5S,2025-06-14 03:30:00,9.6023,7.871,KHT-XE5S_2025_0526_1101,0.0001000000000000334,0.5
KHT-XE5S,2025-06-14 03:40:00,9.6033,7.874,KHT-XE5S_2025_0526_1101,0.00029999999999992256,0.5
KHT-XE5S,2025-06-14 03:50:00,9.6033,7.873,KHT-XE5S_2025_0526_1101,9.999999999994457e-05,0.5
KHT-XE5S,2025-06-14 04:00:00,9.6043,7.872,KHT-XE5S_2025_0526_1101,0.0001000000000000334,0.5
KHT-XE5S,2025-06-14 04:10:00,9.6047,7.873,KHT-XE5S_2025_0526_1101,0.0001000000000000334,0.5
KHT-XE5S,2025-06-14 04:20:00,9.6062,7.873,KHT-XE5S_2025_0526_1101,0.0,0.5
KHT-XE5S,2025-06-14 04:30:00,9.6076,7.877,KHT-XE5S_2025_0526_1101,0.00039999999999995595,0.5
KHT-XE5S,2025-06-14 04:40:00,9.6083,7.875,KHT-XE5S_2025_0526_1101,0.00019999999999997797,0.5
KHT-XE5S,2025-06-14 04:50:00,9.6089,7.877,KHT-XE5S_2025_0526_1101,0.00019999999999997797,0.5
KHT-XE5S,2025-06-14 05:00:00,9.6097,7.877,KHT-XE5S_2025_0526_1101,0.0,0.5
KHT-XE5S,2025-06-14 05:10:00,9.6093,7.876,KHT-XE5S_2025_0526_1101,9.999999999994457e-05,0.5
KHT-XE5S,2025-06-14 05:20:00,9.6097,7.878,KHT-XE5S_2025_0526_1101,0.00019999999999997797,0.5
KHT-XE5S,2025-06-14 05:30:00,9.6096,7.877,KHT-XE5S_2025_0526_1101,0.0001000000000000334,0.5
KHT-XE5S,2025-06-14 05:40:00,9.6104,7.878,KHT-XE5S_2025_0526_1101,0.0001000000000000334,0.5
KHT-XE5S,2025-06-14 05:50:00,9.6116,7.88,KHT-XE5S_2025_0526_1101,0.00019999999999997797,0.5
KHT-XE5S,2025-06-14 06:00:00,9.6129,7.881,KHT-XE5S_2025_0526_1101,0.0001000000000000334,0.5
KHT-XE5S,2025-06-14 06:10:00,9.6146,7.881,KHT-XE5S_2025_0526_1101,0.0,0.5
KHT-XE5S,2025-06-14 06:20:00,9.6159,7.882,KHT-XE5S_2025_0526_1101,9.999999999994457e-05,0.5
KHT-XE5S,2025-06-14 06:30:00,9.6171,7.881,KHT-XE5S_2025_0526_1101,9.999999999994457e-05,0.5
KHT-XE5S,2025-06-14 06:40:00,9.6175,7.882,KHT-XE5S_2025_0526_1101,9.999999999994457e-05,0.5
KHT-XE5S,2025-06-14 06:50:00,9.6191,7.885,KHT-XE5S_2025_0526_1101,0.00030000000000001136,0.5
KHT-XE5S,2025-06-14 07:00:00,9.6201,7.883,KHT-XE5S_2025_0526_1101,0.00019999999999997797,0.5
KHT-XE5S,2025-06-14 07:10:00,9.6222,7.884,KHT-XE5S_2025_0526_1101,0.0001000000000000334,0.5
KHT-XE5S,2025-06-14 07:20:00,9.623,7.885,KHT-XE5S_2025_0526_1101,9.999999999994457e-05,0.5
KHT-XE5S,2025-06-14 07:30:00,9.6245,7.884,KHT-XE5S_2025_0526_1101,9.999999999994457e-05,0.5
KHT-XE5S,2025-06-14 07:40:00,9.6258,7.888,KHT-XE5S_2025_0526_1101,0.00039999999999995595,0.5
KHT-XE5S,2025-06-14 07:50:00,9.6264,7.886,KHT-XE5S_2025_0526_1101,0.00019999999999997797,0.5
KHT-XE5S,2025-06-14 08:00:00,9.6273,7.886,KHT-XE5S_2025_0526_1101,0.0,0.5
KHT-XE5S,2025-06-14 08:10:00,9.6282,7.887,KHT-XE5S_2025_0526_1101,9.999999999994457e-05,0.5
KHT-XE5S,2025-06-14 08:20:00,9.6292,7.886,KHT-XE5S_2025_0526_1101,9.999999999994457e-05,0.5
KHT-XE5S,2025-06-14 08:30:00,9.6294,7.888,KHT-XE5S_2025_0526_1101,0.00019999999999997797,0.5
KHT-XE5S,2025-06-14 08:40:00,9.6293,7.89,KHT-XE5S_2025_0526_1101,0.00019999999999997797,0.5
KHT-XE5S,2025-06-14 08:50:00,9.6293,7.89,KHT-XE5S_2025_0526_1101,0.0,0.5
KHT-XE5S,2025-06-14 09:00:00,9.6297,7.891,KHT-XE5S_2025_0526_1101,0.0001000000000000334,0.5
KHT-XE5S,2025-06-14 09:10:00,9.63,7.893,KHT-XE5S_2025_0526_1101,0.00019999999999997797,0.5
KHT-XE5S,2025-06-14 09:20:00,9.6293,7.893,KHT-XE5S_2025_0526_1101,0.0,0.5
KHT-XE5S,2025-06-14 09:30:00,9.6286,7.894,KHT-XE5S_2025_0526_1101,0.0001000000000000334,0.5
KHT-XE5S,2025-06-14 09:40:00,9.628,7.893,KHT-XE5S_2025_0526_1101,0.0001000000000000334,0.5
KHT-XE5S,2025-06-14 09:50:00,9.6268,7.895,KHT-XE5S_2025_0526_1101,0.00019999999999997797,0.5
KHT-XE5S,2025-06-14 10:00:00,9.6275,7.895,KHT-XE5S_2025_0526_1101,0.0,0.5
KHT-XE5S,2025-06-14 10:10:00,9.6258,7.895,KHT-XE5S_2025_0526_1101,0.0,0.5
KHT-XE5S,2025-06-14 10:20:00,9.6255,7.896,KHT-XE5S_2025_0526_1101,0.0001000000000000334,0.5
KHT-XE5S,2025-06-14 10:30:00,9.6246,7.897,KHT-XE5S_2025_0526_1101,0.0001000000000000334,0.5
KHT-XE5S,2025-06-14 10:40:00,9.623,7.896,KHT-XE5S_2025_0526_1101,0.0001000000000000334,0.5
KHT-XE5S,2025-06-14 10:50:00,9.6216,7.898,KHT-XE5S_2025_0526_1101,0.00019999999999997797,0.5
KHT-XE5S,2025-06-14 11:00:00,9.6196,7.899,KHT-XE5S_2025_0526_1101,0.0001000000000000334,0.5
KHT-XE5S,2025-06-14 11:10:00,9.6202,7.899,KHT-XE5S_2025_0526_1101,0.0,0.5
KHT-XE5S,2025-06-14 11:20:00,9.6198,7.901,KHT-XE5S_2025_0526_1101,0.00019999999999997797,0.5
KHT-XE5S,2025-06-14 11:30:00,9.6164,7.9,KHT-XE5S_2025_0526_1101,9.999999999994457e-05,0.5
KHT-XE5S,2025-06-14 11:40:00,9.6153,7.9,KHT-XE5S_2025_0526_1101,0.0,0.5
KHT-XE5S,2025-06-14 11:50:00,9.6141,7.9,KHT-XE5S_2025_0526_1101,0.0,0.5
KHT-XE5S,2025-06-14 12:00:00,9.613,7.901,KHT-XE5S_2025_0526_1101,9.999999999994457e-05,0.5
KHT-XE5S,2025-06-14 12:10:00,9.6132,7.903,KHT-XE5S_2025_0526_1101,0.00019999999999997797,0.5
KHT-XE5S,2025-06-14 12:20:00,9.6111,7.904,KHT-XE5S_2025_0526_1101,0.0001000000000000334,0.5
KHT-XE5S,2025-06-14 12:30:00,9.6099,7.901,KHT-XE5S_2025_0526_1101,0.00030000000000001136,0.5
KHT-XE5S,2025-06-14 12:40:00,9.6103,7.903,KHT-XE5S_2025_0526_1101,0.00019999999999997797,0.5
KHT-XE5S,2025-06-14 12:50:00,9.6099,7.905,KHT-XE5S_2025_0526_1101,0.0002000000000000668,0.5
KHT-XE5S,2025-06-14 13:00:00,9.6085,7.905,KHT-XE5S_2025_0526_1101,0.0,0.5
KHT-XE5S,2025-06-14 13:10:00,9.6067,7.904,KHT-XE5S_2025_0526_1101,0.0001000000000000334,0.5
KHT-XE5S,2025-06-14 13:20:00,9.6073,7.907,KHT-XE5S_2025_0526_1101,0.00030000000000001136,0.5
KHT-XE5S,2025-06-14 13:30:00,9.6044,7.907,KHT-XE5S_2025_0526_1101,0.0,0.5
KHT-XE5S,2025-06-14 13:40:00,9.6048,7.908,KHT-XE5S_2025_0526_1101,0.0001000000000000334,0.5
KHT-XE5S,2025-06-14 13:50:00,9.6035,7.907,KHT-XE5S_2025_0526_1101,0.0001000000000000334,0.5
KHT-XE5S,2025-06-14 14:00:00,9.6028,7.908,KHT-XE5S_2025_0526_1101,0.0001000000000000334,0.5
KHT-XE5S,2025-06-14 14:10:00,9.6023,7.909,KHT-XE5S_2025_0526_1101,9.999999999994457e-05,0.5
KHT-XE5S,2025-06-14 14:20:00,9.6011,7.909,KHT-XE5S_2025_0526_1101,0.0,0.5
KHT-XE5S,2025-06-14 14:30:00,9.601,7.909,KHT-XE5S_2025_0526_1101,0.0,0.5
KHT-XE5S,2025-06-14 14:40:00,9.6007,7.911,KHT-XE5S_2025_0526_1101,0.00019999999999997797,0.5
KHT-XE5S,2025-06-14 14:50:00,9.6001,7.911,KHT-XE5S_2025_0526_1101,0.0,0.5
KHT-XE5S,2025-06-14 15:00:00,9.5988,7.912,KHT-XE5S_2025_0526_1101,0.0001000000000000334,0.5
KHT-XE5S,2025-06-14 15:10:00,9.5992,7.913,KHT-XE5S_2025_0526_1101,0.0001000000000000334,0.5
KHT-XE5S,2025-06-14 15:20:00,9.5977,7.913,KHT-XE5S_2025_0526_1101,0.0,0.5
KHT-XE5S,2025-06-14 15:30:00,9.5968,7.914,KHT-XE5S_2025_0526_1101,9.999999999994457e-05,0.5
KHT-XE5S,2025-06-14 15:40:00,9.5973,7.915,KHT-XE5S_2025_0526_1101,0.0001000000000000334,0.5
KHT-XE5S,2025-06-14 15:50:00,9.5977,7.914,KHT-XE5S_2025_0526_1101,0.0001000000000000334,0.5
KHT-XE5S,2025-06-14 16:00:00,9.5956,7.915,KHT-XE5S_2025_0526_1101,0.0001000000000000334,0.5
KHT-XE5S,2025-06-14 16:10:00,9.5959,7.915,KHT-XE5S_2025_0526_1101,0.0,0.5
KHT-XE5S,2025-06-14 16:20:00,9.595,7.915,KHT-XE5S_2025_0526_1101,0.0,0.5
KHT-XE5S,2025-06-14 16:30:00,9.5946,7.916,KHT-XE5S_2025_0526_1101,0.0001000000000000334,0.5
KHT-XE5S,2025-06-14 16:40:00,9.5959,7.916,KHT-XE5S_2025_0526_1101,0.0,0.5
KHT-XE5S,2025-06-14 16:50:00,9.5957,7.918,KHT-XE5S_2025_0526_1101,0.00019999999999997797,0.5
KHT-XE5S,2025-06-14 17:00:00,9.5956,7.917,KHT-XE5S_2025_0526_1101,0.0001000000000000334,0.5
KHT-XE5S,2025-06-14 17:10:00,9.5956,7.918,KHT-XE5S_2025_0526_1101,0.0001000000000000334,0.5
KHT-XE5S,2025-06-14 17:20:00,9.5938,7.919,KHT-XE5S_2025_0526_1101,9.999999999994457e-05,0.5
KHT-XE5S,2025-06-14 17:30:00,9.5921,7.921,KHT-XE5S_2025_0526_1101,0.0002000000000000668,0.5
KHT-XE5S,2025-06-14 17:40:00,9.5932,7.919,KHT-XE5S_2025_0526_1101,0.0002000000000000668,0.5
KHT-XE5S,2025-06-14 17:50:00,9.5918,7.92,KHT-XE5S_2025_0526_1101,0.0001000000000000334,0.5
KHT-XE5S,2025-06-14 18:00:00,9.5921,7.92,KHT-XE5S_2025_0526_1101,0.0,0.5
KHT-XE5S,2025-06-14 18:10:00,9.5913,7.922,KHT-XE5S_2025_0526_1101,0.00019999999999997797,0.5
KHT-XE5S,2025-06-14 18:20:00,9.5911,7.922,KHT-XE5S_2025_0526_1101,0.0,0.5
KHT-XE5S,2025-06-14 18:30:00,9.5914,7.92,KHT-XE5S_2025_0526_1101,0.00019999999999997797,0.5
KHT-XE5S,2025-06-14 18:40:00,9.5908,7.922,KHT-XE5S_2025_0526_1101,0.00019999999999997797,0.5
KHT-XE5S,2025-06-14 18:50:00,9.5915,7.923,KHT-XE5S_2025_0526_1101,0.0001000000000000334,0.5
KHT-XE5S,2025-06-14 19:00:00,9.5909,7.923,KHT-XE5S_2025_0526_1101,0.0,0.5
KHT-XE5S,2025-06-14 19:10:00,9.5915,7.922,KHT-XE5S_2025_0526_1101,0.0001000000000000334,0.5
KHT-XE5S,2025-06-14 19:20:00,9.5919,7.923,KHT-XE5S_2025_0526_1101,0.0001000000000000334,0.5
KHT-XE5S,2025-06-14 19:30:00,9.5922,7.926,KHT-XE5S_2025_0526_1101,0.00030000000000001136,0.5
KHT-XE5S,2025-06-14 19:40:00,9.5919,7.925,KHT-XE5S_2025_0526_1101,0.0001000000000000334,0.5
KHT-XE5S,2025-06-14 19:50:00,9.5916,7.926,KHT-XE5S_2025_0526_1101,0.0001000000000000334,0.5
KHT-XE5S,2025-06-14 20:00:00,9.5918,7.927,KHT-XE5S_2025_0526_1101,9.999999999994457e-05,0.5
KHT-XE5S,2025-06-14 20:10:00,9.5922,7.927,KHT-XE5S_2025_0526_1101,0.0,0.5
KHT-XE5S,2025-06-14 20:20:00,9.5927,7.927,KHT-XE5S_2025_0526_1101,0.0,0.5
KHT-XE5S,2025-06-14 20:30:00,9.5928,7.929,KHT-XE5S_2025_0526_1101,0.0002000000000000668,0.5
KHT-XE5S,2025-06-14 20:40:00,9.5925,7.927,KHT-XE5S_2025_0526_1101,0.0002000000000000668,0.5
KHT-XE5S,2025-06-14 20:50:00,9.5928,7.929,KHT-XE5S_2025_0526_1101,0.0002000000000000668,0.5
KHT-XE5S,2025-06-14 21:00:00,9.593,7.927,KHT-XE5S_2025_0526_1101,0.0002000000000000668,0.5
KHT-XE5S,2025-06-14 21:10:00,9.5937,7.928,KHT-XE5S_2025_0526_1101,0.0001000000000000334,0.5
KHT-XE5S,2025-06-14 21:20:00,9.5948,7.928,KHT-XE5S_2025_0526_1101,0.0,0.5
KHT-XE5S,2025-06-14 21:30:00,9.5954,7.93,KHT-XE5S_2025_0526_1101,0.00019999999999997797,0.5
KHT-XE5S,2025-06-14 21:40:00,9.5959,7.93,KHT-XE5S_2025_0526_1101,0.0,0.5
KHT-XE5S,2025-06-14 21:50:00,9.5968,7.93,KHT-XE5S_2025_0526_1101,0.0,0.5
KHT-XE5S,2025-06-14 22:00:00,9.5977,7.932,KHT-XE5S_2025_0526_1101,0.0002000000000000668,0.5
KHT-XE5S,2025-06-14 22:10:00,9.5988,7.932,KHT-XE5S_2025_0526_1101,0.0,0.5
KHT-XE5S,2025-06-14 22:20:00,9.5995,7.932,KHT-XE5S_2025_0526_1101,0.0,0.5
KHT-XE5S,2025-06-14 22:30:00,9.5994,7.931,KHT-XE5S_2025_0526_1101,0.0001000000000000334,0.5
KHT-XE5S,2025-06-14 22:40:00,9.5994,7.932,KHT-XE5S_2025_0526_1101,0.0001000000000000334,0.5
KHT-XE5S,2025-06-14 22:50:00,9.5991,7.934,KHT-XE5S_2025_0526_1101,0.00019999999999997797,0.5
KHT-XE5S,2025-06-14 23:00:00,9.5991,7.934,KHT-XE5S_2025_0526_1101,0.0,0.5
KHT-XE5S,2025-06-14 23:10:00,9.5995,7.936,KHT-XE5S_2025_0526_1101,0.00019999999999997797,0.5
KHT-XE5S,2025-06-14 23:20:00,9.5996,7.934,KHT-XE5S_2025_0526_1101,0.00019999999999997797,0.5
KHT-XE5S,2025-06-14 23:30:00,9.5998,7.936,KHT-XE5S_2025_0526_1101,0.00019999999999997797,0.5
KHT-XE5S,2025-06-14 23:40:00,9.6006,7.937,KHT-XE5S_2025_0526_1101,0.0001000000000000334,0.5
KHT-XE5S,2025-06-14 23:50:00,9.6005,7.938,KHT-XE5S_2025_0526_1101,9.999999999994457e-05,0.5
KHT-XE5S,2025-06-15 00:00:00,9.6008,7.936,KHT-XE5S_2025_0526_1101,0.00019999999999997797,0.5
KHT-XE5S,2025-06-15 00:10:00,9.6003,7.937,KHT-XE5S_2025_0526_1101,0.0001000000000000334,0.5
KHT-XE5S,2025-06-15 00:20:00,9.6006,7.937,KHT-XE5S_2025_0526_1101,0.0,0.5
KHT-XE5S,2025-06-15 00:30:00,9.6012,7.94,KHT-XE5S_2025_0526_1101,0.00030000000000001136,0.5
KHT-XE5S,2025-06-15 00:40:00,9.6016,7.94,KHT-XE5S_2025_0526_1101,0.0,0.5
KHT-XE5S,2025-06-15 00:50:00,9.6017,7.939,KHT-XE5S_2025_0526_1101,0.0001000000000000334,0.5
KHT-XE5S,2025-06-15 01:00:00,9.6015,7.939,KHT-XE5S_2025_0526_1101,0.0,0.5
KHT-XE5S,2025-06-15 01:10:00,9.6015,7.939,KHT-XE5S_2025_0526_1101,0.0,0.5
KHT-XE5S,2025-06-15 01:20:00,9.6011,7.941,KHT-XE5S_2025_0526_1101,0.00019999999999997797,0.5
KHT-XE5S,2025-06-15 01:30:00,9.6014,7.94,KHT-XE5S_2025_0526_1101,9.999999999994457e-05,0.5
KHT-XE5S,2025-06-15 01:40:00,9.6016,7.943,KHT-XE5S_2025_0526_1101,0.00029999999999992256,0.5
KHT-XE5S,2025-06-15 01:50:00,9.6018,7.942,KHT-XE5S_2025_0526_1101,9.999999999994457e-05,0.5
KHT-XE5S,2025-06-15 02:00:00,9.6021,7.942,KHT-XE5S_2025_0526_1101,0.0,0.5
KHT-XE5S,2025-06-15 02:10:00,9.6014,7.944,KHT-XE5S_2025_0526_1101,0.00019999999999997797,0.5
KHT-XE5S,2025-06-15 02:20:00,9.6017,7.944,KHT-XE5S_2025_0526_1101,0.0,0.5
KHT-XE5S,2025-06-15 02:30:00,9.6025,7.944,KHT-XE5S_2025_0526_1101,0.0,0.5
KHT-XE5S,2025-06-15 02:40:00,9.6027,7.943,KHT-XE5S_2025_0526_1101,0.0001000000000000334,0.5
KHT-XE5S,2025-06-15 02:50:00,9.6027,7.945,KHT-XE5S_2025_0526_1101,0.0002000000000000668,0.5
KHT-XE5S,2025-06-15 03:00:00,9.6029,7.945,KHT-XE5S_2025_0526_1101,0.0,0.5
KHT-XE5S,2025-06-15 03:10:00,9.6029,7.945,KHT-XE5S_2025_0526_1101,0.0,0.5
KHT-XE5S,2025-06-15 03:20:00,9.6031,7.947,KHT-XE5S_2025_0526_1101,0.00019999999999997797,0.5
KHT-XE5S,2025-06-15 03:30:00,9.6034,7.947,KHT-XE5S_2025_0526_1101,0.0,0.5
KHT-XE5S,2025-06-15 03:40:00,9.6041,7.946,KHT-XE5S_2025_0526_1101,0.0001000000000000334,0.5
KHT-XE5S,2025-06-15 03:50:00,9.6041,7.947,KHT-XE5S_2025_0526_1101,0.0001000000000000334,0.5
KHT-XE5S,2025-06-15 04:00:00,9.6048,7.947,KHT-XE5S_2025_0526_1101,0.0,0.5
KHT-XE5S,2025-06-15 04:10:00,9.6047,7.949,KHT-XE5S_2025_0526_1101,0.00019999999999997797,0.5
KHT-XE5S,2025-06-15 04:20:00,9.6053,7.947,KHT-XE5S_2025_0526_1101,0.00019999999999997797,0.5
KHT-XE5S,2025-06-15 04:30:00,9.6062,7.951,KHT-XE5S_2025_0526_1101,0.00039999999999995595,0.5
KHT-XE5S,2025-06-15 04:40:00,9.6062,7.95,KHT-XE5S_2025_0526_1101,9.999999999994457e-05,0.5
KHT-XE5S,2025-06-15 04:50:00,9.6061,7.949,KHT-XE5S_2025_0526_1101,0.0001000000000000334,0.5
KHT-XE5S,2025-06-15 05:00:00,9.6068,7.951,KHT-XE5S_2025_0526_1101,0.00019999999999997797,0.5
KHT-XE5S,2025-06-15 05:10:00,9.607,7.954,KHT-XE5S_2025_0526_1101,0.00030000000000001136,0.5
KHT-XE5S,2025-06-15 05:20:00,9.6079,7.952,KHT-XE5S_2025_0526_1101,0.00019999999999997797,0.5
KHT-XE5S,2025-06-15 05:30:00,9.6085,7.953,KHT-XE5S_2025_0526_1101,0.0001000000000000334,0.5
KHT-XE5S,2025-06-15 05:40:00,9.6094,7.953,KHT-XE5S_2025_0526_1101,0.0,0.5
KHT-XE5S,2025-06-15 05:50:00,9.6098,7.953,KHT-XE5S_2025_0526_1101,0.0,0.5
KHT-XE5S,2025-06-15 06:00:00,9.6105,7.955,KHT-XE5S_2025_0526_1101,0.00019999999999997797,0.5
KHT-XE5S,2025-06-15 06:10:00,9.6112,7.955,KHT-XE5S_2025_0526_1101,0.0,0.5
KHT-XE5S,2025-06-15 06:20:00,9.6119,7.955,KHT-XE5S_2025_0526_1101,0.0,0.5
KHT-XE5S,2025-06-15 06:30:00,9.6134,7.956,KHT-XE5S_2025_0526_1101,0.0001000000000000334,0.5
KHT-XE5S,2025-06-15 06:40:00,9.6141,7.956,KHT-XE5S_2025_0526_1101,0.0,0.5
KHT-XE5S,2025-06-15 06:50:00,9.6149,7.958,KHT-XE5S_2025_0526_1101,0.00019999999999997797,0.5
KHT-XE5S,2025-06-15 07:00:00,9.6156,7.957,KHT-XE5S_2025_0526_1101,0.0001000000000000334,0.5
KHT-XE5S,2025-06-15 07:10:00,9.6169,7.957,KHT-XE5S_2025_0526_1101,0.0,0.5
KHT-XE5S,2025-06-15 07:20:00,9.6175,7.958,KHT-XE5S_2025_0526_1101,0.0001000000000000334,0.5
KHT-XE5S,2025-06-15 07:30:00,9.6175,7.958,KHT-XE5S_2025_0526_1101,0.0,0.5
KHT-XE5S,2025-06-15 07:40:00,9.6183,7.958,KHT-XE5S_2025_0526_1101,0.0,0.5
KHT-XE5S,2025-06-15 07:50:00,9.6192,7.962,KHT-XE5S_2025_0526_1101,0.00039999999999995595,0.5
KHT-XE5S,2025-06-15 08:00:00,9.6203,7.961,KHT-XE5S_2025_0526_1101,9.999999999994457e-05,0.5
KHT-XE5S,2025-06-15 08:10:00,9.6205,7.961,KHT-XE5S_2025_0526_1101,0.0,0.5
KHT-XE5S,2025-06-15 08:20:00,9.6214,7.962,KHT-XE5S_2025_0526_1101,9.999999999994457e-05,0.5
KHT-XE5S,2025-06-15 08:30:00,9.6216,7.964,KHT-XE5S_2025_0526_1101,0.0002000000000000668,0.5
KHT-XE5S,2025-06-15 08:40:00,9.6216,7.962,KHT-XE5S_2025_0526_1101,0.0002000000000000668,0.5
KHT-XE5S,2025-06-15 08:50:00,9.6223,7.962,KHT-XE5S_2025_0526_1101,0.0,0.5
KHT-XE5S,2025-06-15 09:00:00,9.6225,7.962,KHT-XE5S_2025_0526_1101,0.0,0.5
KHT-XE5S,2025-06-15 09:10:00,9.6228,7.964,KHT-XE5S_2025_0526_1101,0.0002000000000000668,0.5
KHT-XE5S,2025-06-15 09:20:00,9.6231,7.964,KHT-XE5S_2025_0526_1101,0.0,0.5
KHT-XE5S,2025-06-15 09:30:00,9.6237,7.965,KHT-XE5S_2025_0526_1101,9.999999999994457e-05,0.5
KHT-XE5S,2025-06-15 09:40:00,9.6243,7.967,KHT-XE5S_2025_0526_1101,0.00019999999999997797,0.5
KHT-XE5S,2025-06-15 09:50:00,9.6246,7.965,KHT-XE5S_2025_0526_1101,0.00019999999999997797,0.5
KHT-XE5S,2025-06-15 10:00:00,9.6252,7.967,KHT-XE5S_2025_0526_1101,0.00019999999999997797,0.5
KHT-XE5S,2025-06-15 10:10:00,9.6246,7.968,KHT-XE5S_2025_0526_1101,0.0001000000000000334,0.5
KHT-XE5S,2025-06-15 10:20:00,9.6246,7.969,KHT-XE5S_2025_0526_1101,0.0001000000000000334,0.5
KHT-XE5S,2025-06-15 10:30:00,9.6238,7.969,KHT-XE5S_2025_0526_1101,0.0,0.5
KHT-XE5S,2025-06-15 10:40:00,9.6241,7.971,KHT-XE5S_2025_0526_1101,0.00019999999999997797,0.5
KHT-XE5S,2025-06-15 10:50:00,9.6228,7.969,KHT-XE5S_2025_0526_1101,0.00019999999999997797,0.5
KHT-XE5S,2025-06-15 11:00:00,9.6218,7.972,KHT-XE5S_2025_0526_1101,0.00030000000000001136,0.5
KHT-XE5S,2025-06-15 11:10:00,9.6212,7.971,KHT-XE5S_2025_0526_1101,0.0001000000000000334,0.5
KHT-XE5S,2025-06-15 11:20:00,9.62,7.971,KHT-XE5S_2025_0526_1101,0.0,0.5
KHT-XE5S,2025-06-15 11:30:00,9.6185,7.974,KHT-XE5S_2025_0526_1101,0.00030000000000001136,0.5
KHT-XE5S,2025-06-15 11:40:00,9.617,7.973,KHT-XE5S_2025_0526_1101,0.0001000000000000334,0.5
KHT-XE5S,2025-06-15 11:50:00,9.616,7.975,KHT-XE5S_2025_0526_1101,0.00019999999999997797,0.5
KHT-XE5S,2025-06-15 12:00:00,9.6154,7.974,KHT-XE5S_2025_0526_1101,9.999999999994457e-05,0.5
KHT-XE5S,2025-06-15 12:10:00,9.6135,7.975,KHT-XE5S_2025_0526_1101,9.999999999994457e-05,0.5
KHT-XE5S,2025-06-15 12:20:00,9.611,7.975,KHT-XE5S_2025_0526_1101,0.0,0.5
KHT-XE5S,2025-06-15 12:30:00,9.61,7.978,KHT-XE5S_2025_0526_1101,0.00030000000000001136,0.5
KHT-XE5S,2025-06-15 12:40:00,9.6085,7.978,KHT-XE5S_2025_0526_1101,0.0,0.5
KHT-XE5S,2025-06-15 12:50:00,9.6079,7.979,KHT-XE5S_2025_0526_1101,0.0001000000000000334,0.5
KHT-XE5S,2025-06-15 13:00:00,9.6059,7.977,KHT-XE5S_2025_0526_1101,0.00019999999999997797,0.5
KHT-XE5S,2025-06-15 13:10:00,9.6059,7.979,KHT-XE5S_2025_0526_1101,0.00019999999999997797,0.5
KHT-XE5S,2025-06-15 13:20:00,9.6047,7.979,KHT-XE5S_2025_0526_1101,0.0,0.5
KHT-XE5S,2025-06-15 13:30:00,9.6037,7.98,KHT-XE5S_2025_0526_1101,0.0001000000000000334,0.5
KHT-XE5S,2025-06-15 13:40:00,9.6017,7.981,KHT-XE5S_2025_0526_1101,9.999999999994457e-05,0.5
KHT-XE5S,2025-06-15 13:50:00,9.6017,7.98,KHT-XE5S_2025_0526_1101,9.999999999994457e-05,0.5
KHT-XE5S,2025-06-15 14:00:00,9.5984,7.981,KHT-XE5S_2025_0526_1101,9.999999999994457e-05,0.5
KHT-XE5S,2025-06-15 14:10:00,9.5979,7.983,KHT-XE5S_2025_0526_1101,0.00019999999999997797,0.5
KHT-XE5S,2025-06-15 14:20:00,9.5982,7.981,KHT-XE5S_2025_0526_1101,0.00019999999999997797,0.5
KHT-XE5S,2025-06-15 14:30:00,9.5971,7.984,KHT-XE5S_2025_0526_1101,0.00030000000000001136,0.5
KHT-XE5S,2025-06-15 14:40:00,9.5953,7.982,KHT-XE5S_2025_0526_1101,0.00019999999999997797,0.5
KHT-XE5S,2025-06-15 14:50:00,9.5953,7.984,KHT-XE5S_2025_0526_1101,0.00019999999999997797,0.5
KHT-XE5S,2025-06-15 15:00:00,9.5935,7.984,KHT-XE5S_2025_0526_1101,0.0,0.5
KHT-XE5S,2025-06-15 15:10:00,9.5927,7.986,KHT-XE5S_2025_0526_1101,0.00019999999999997797,0.5
KHT-XE5S,2025-06-15 15:20:00,9.5919,7.986,KHT-XE5S_2025_0526_1101,0.0,0.5
KHT-XE5S,2025-06-15 15:30:00,9.591,7.987,KHT-XE5S_2025_0526_1101,0.0001000000000000334,0.5
KHT-XE5S,2025-06-15 15:40:00,9.5905,7.985,KHT-XE5S_2025_0526_1101,0.00019999999999997797,0.5
KHT-XE5S,2025-06-15 15:50:00,9.59,7.989,KHT-XE5S_2025_0526_1101,0.00039999999999995595,0.5
KHT-XE5S,2025-06-15 16:00:00,9.5901,7.988,KHT-XE5S_2025_0526_1101,9.999999999994457e-05,0.5
KHT-XE5S,2025-06-15 16:10:00,9.5878,7.988,KHT-XE5S_2025_0526_1101,0.0,0.5
KHT-XE5S,2025-06-15 16:20:00,9.5886,7.988,KHT-XE5S_2025_0526_1101,0.0,0.5
KHT-XE5S,2025-06-15 16:30:00,9.5871,7.988,KHT-XE5S_2025_0526_1101,0.0,0.5
KHT-XE5S,2025-06-15 16:40:00,9.5862,7.989,KHT-XE5S_2025_0526_1101,9.999999999994457e-05,0.5
KHT-XE5S,2025-06-15 16:50:00,9.5853,7.992,KHT-XE5S_2025_0526_1101,0.00030000000000001136,0.5
KHT-XE5S,2025-06-15 17:00:00,9.5846,7.992,KHT-XE5S_2025_0526_1101,0.0,0.5
KHT-XE5S,2025-06-15 17:10:00,9.5838,7.993,KHT-XE5S_2025_0526_1101,0.0001000000000000334,0.5
KHT-XE5S,2025-06-15 17:20:00,9.583,7.992,KHT-XE5S_2025_0526_1101,0.0001000000000000334,0.5
KHT-XE5S,2025-06-15 17:30:00,9.5826,7.993,KHT-XE5S_2025_0526_1101,0.0001000000000000334,0.5
KHT-XE5S,2025-06-15 17:40:00,9.5823,7.994,KHT-XE5S_2025_0526_1101,9.999999999994457e-05,0.5
KHT-XE5S,2025-06-15 17:50:00,9.5824,7.992,KHT-XE5S_2025_0526_1101,0.00019999999999997797,0.5
KHT-XE5S,2025-06-15 18:00:00,9.5811,7.994,KHT-XE5S_2025_0526_1101,0.00019999999999997797,0.5
KHT-XE5S,2025-06-15 18:10:00,9.5804,7.992,KHT-XE5S_2025_0526_1101,0.00019999999999997797,0.5
KHT-XE5S,2025-06-15 18:20:00,9.58,7.994,KHT-XE5S_2025_0526_1101,0.00019999999999997797,0.5
KHT-XE5S,2025-06-15 18:30:00,9.5804,7.995,KHT-XE5S_2025_0526_1101,0.0001000000000000334,0.5
KHT-XE5S,2025-06-15 18:40:00,9.58,7.994,KHT-XE5S_2025_0526_1101,0.0001000000000000334,0.5
KHT-XE5S,2025-06-15 18:50:00,9.5795,7.994,KHT-XE5S_2025_0526_1101,0.0,0.5
KHT-XE5S,2025-06-15 19:00:00,9.5786,7.997,KHT-XE5S_2025_0526_1101,0.00030000000000001136,0.5
KHT-XE5S,2025-06-15 19:10:00,9.5782,7.995,KHT-XE5S_2025_0526_1101,0.00019999999999997797,0.5
KHT-XE5S,2025-06-15 19:20:00,9.5789,7.996,KHT-XE5S_2025_0526_1101,0.0001000000000000334,0.5
KHT-XE5S,2025-06-15 19:30:00,9.578,8.0,KHT-XE5S_2025_0526_1101,0.00039999999999995595,0.5
KHT-XE5S,2025-06-15 19:40:00,9.578,7.999,KHT-XE5S_2025_0526_1101,0.0001000000000000334,0.5
KHT-XE5S,2025-06-15 19:50:00,9.5787,7.998,KHT-XE5S_2025_0526_1101,9.999999999994457e-05,0.5
KHT-XE5S,2025-06-15 20:00:00,9.5792,8.0,KHT-XE5S_2025_0526_1101,0.00019999999999997797,0.5
KHT-XE5S,2025-06-15 20:10:00,9.5797,8.001,KHT-XE5S_2025_0526_1101,9.999999999994457e-05,0.5
KHT-XE5S,2025-06-15 20:20:00,9.5796,8.001,KHT-XE5S_2025_0526_1101,0.0,0.5
KHT-XE5S,2025-06-15 20:30:00,9.5804,8.001,KHT-XE5S_2025_0526_1101,0.0,0.5
KHT-XE5S,2025-06-15 20:40:00,9.5807,8.0,KHT-XE5S_2025_0526_1101,9.999999999994457e-05,0.5
KHT-XE5S,2025-06-15 20:50:00,9.5813,8.003,KHT-XE5S_2025_0526_1101,0.00030000000000001136,0.5
KHT-XE5S,2025-06-15 21:00:00,9.582,8.003,KHT-XE5S_2025_0526_1101,0.0,0.5
KHT-XE5S,2025-06-15 21:10:00,9.5826,8.001,KHT-XE5S_2025_0526_1101,0.0002000000000000668,0.5
KHT-XE5S,2025-06-15 21:20:00,9.584,8.002,KHT-XE5S_2025_0526_1101,0.00010000000000012221,0.5
KHT-XE5S,2025-06-15 21:30:00,9.5856,8.003,KHT-XE5S_2025_0526_1101,9.999999999994457e-05,0.5
KHT-XE5S,2025-06-15 21:40:00,9.5865,8.003,KHT-XE5S_2025_0526_1101,0.0,0.5
KHT-XE5S,2025-06-15 21:50:00,9.5872,8.004,KHT-XE5S_2025_0526_1101,9.999999999994457e-05,0.5
KHT-XE5S,2025-06-15 22:00:00,9.5874,8.003,KHT-XE5S_2025_0526_1101,9.999999999994457e-05,0.5
KHT-XE5S,2025-06-15 22:10:00,9.5881,8.004,KHT-XE5S_2025_0526_1101,9.999999999994457e-05,0.5
KHT-XE5S,2025-06-15 22:20:00,9.5878,8.005,KHT-XE5S_2025_0526_1101,0.00010000000000012221,0.5
KHT-XE5S,2025-06-15 22:30:00,9.5887,8.006,KHT-XE5S_2025_0526_1101,9.999999999994457e-05,0.5
KHT-XE5S,2025-06-15 22:40:00,9.5886,8.004,KHT-XE5S_2025_0526_1101,0.0002000000000000668,0.5
KHT-XE5S,2025-06-15 22:50:00,9.5876,8.007,KHT-XE5S_2025_0526_1101,0.00030000000000001136,0.5
KHT-XE5S,2025-06-15 23:00:00,9.5871,8.006,KHT-XE5S_2025_0526_1101,9.999999999994457e-05,0.5
KHT-XE5S,2025-06-15 23:10:00,9.5868,8.007,KHT-XE5S_2025_0526_1101,9.999999999994457e-05,0.5
KHT-XE5S,2025-06-15 23:20:00,9.5871,8.005,KHT-XE5S_2025_0526_1101,0.00019999999999988915,0.5
KHT-XE5S,2025-06-15 23:30:00,9.5879,8.009,KHT-XE5S_2025_0526_1101,0.00039999999999995595,0.5
KHT-XE5S,2025-06-15 23:40:00,9.5879,8.009,KHT-XE5S_2025_0526_1101,0.0,0.5
KHT-XE5S,2025-06-15 23:50:00,9.588,8.01,KHT-XE5S_2025_0526_1101,9.999999999994457e-05,0.5
KHT-XE5S,2025-06-16 00:00:00,9.5878,8.011,KHT-XE5S_2025_0526_1101,9.999999999994457e-05,0.5
KHT-XE5S,2025-06-16 00:10:00,9.5885,8.011,KHT-XE5S_2025_0526_1101,0.0,0.5
KHT-XE5S,2025-06-16 00:20:00,9.5882,8.01,KHT-XE5S_2025_0526_1101,9.999999999994457e-05,0.5
KHT-XE5S,2025-06-16 00:30:00,9.5882,8.011,KHT-XE5S_2025_0526_1101,9.999999999994457e-05,0.5
KHT-XE5S,2025-06-16 00:40:00,9.5882,8.009,KHT-XE5S_2025_0526_1101,0.00019999999999988915,0.5
KHT-XE5S,2025-06-16 00:50:00,9.5883,8.014,KHT-XE5S_2025_0526_1101,0.0004999999999999005,0.5
KHT-XE5S,2025-06-16 01:00:00,9.5886,8.012,KHT-XE5S_2025_0526_1101,0.00019999999999988915,0.5
KHT-XE5S,2025-06-16 01:10:00,9.5873,8.012,KHT-XE5S_2025_0526_1101,0.0,0.5
KHT-XE5S,2025-06-16 01:20:00,9.5877,8.014,KHT-XE5S_2025_0526_1101,0.00019999999999988915,0.5
KHT-XE5S,2025-06-16 01:30:00,9.5868,8.013,KHT-XE5S_2025_0526_1101,9.999999999994457e-05,0.5
KHT-XE5S,2025-06-16 01:40:00,9.5876,8.013,KHT-XE5S_2025_0526_1101,0.0,0.5
KHT-XE5S,2025-06-16 01:50:00,9.5873,8.015,KHT-XE5S_2025_0526_1101,0.0002000000000000668,0.5
KHT-XE5S,2025-06-16 02:00:00,9.587,8.014,KHT-XE5S_2025_0526_1101,0.00010000000000012221,0.5
KHT-XE5S,2025-06-16 02:10:00,9.5866,8.015,KHT-XE5S_2025_0526_1101,0.00010000000000012221,0.5
KHT-XE5S,2025-06-16 02:20:00,9.5868,8.016,KHT-XE5S_2025_0526_1101,9.999999999994457e-05,0.5
KHT-XE5S,2025-06-16 02:30:00,9.5863,8.014,KHT-XE5S_2025_0526_1101,0.0002000000000000668,0.5
KHT-XE5S,2025-06-16 02:40:00,9.5861,8.017,KHT-XE5S_2025_0526_1101,0.00030000000000001136,0.5
KHT-XE5S,2025-06-16 02:50:00,9.5867,8.019,KHT-XE5S_2025_0526_1101,0.0002000000000000668,0.5
KHT-XE5S,2025-06-16 03:00:00,9.5865,8.019,KHT-XE5S_2025_0526_1101,0.0,0.5
KHT-XE5S,2025-06-16 03:10:00,9.5862,8.019,KHT-XE5S_2025_0526_1101,0.0,0.5
KHT-XE5S,2025-06-16 03:20:00,9.5875,8.018,KHT-XE5S_2025_0526_1101,9.999999999994457e-05,0.5
KHT-XE5S,2025-06-16 03:30:00,9.588,8.018,KHT-XE5S_2025_0526_1101,0.0,0.5
KHT-XE5S,2025-06-16 03:40:00,9.5885,8.019,KHT-XE5S_2025_0526_1101,9.999999999994457e-05,0.5
KHT-XE5S,2025-06-16 03:50:00,9.589,8.02,KHT-XE5S_2025_0526_1101,9.999999999994457e-05,0.5
KHT-XE5S,2025-06-16 04:00:00,9.588,8.02,KHT-XE5S_2025_0526_1101,0.0,0.5
KHT-XE5S,2025-06-16 04:10:00,9.5882,8.02,KHT-XE5S_2025_0526_1101,0.0,0.5
KHT-XE5S,2025-06-16 04:20:00,9.5888,8.022,KHT-XE5S_2025_0526_1101,0.0002000000000000668,0.5
KHT-XE5S,2025-06-16 04:30:00,9.5894,8.023,KHT-XE5S_2025_0526_1101,9.999999999994457e-05,0.5
KHT-XE5S,2025-06-16 04:40:00,9.5893,8.022,KHT-XE5S_2025_0526_1101,9.999999999994457e-05,0.5
KHT-XE5S,2025-06-16 04:50:00,9.5888,8.023,KHT-XE5S_2025_0526_1101,9.999999999994457e-05,0.5
KHT-XE5S,2025-06-16 05:00:00,9.5897,8.024,KHT-XE5S_2025_0526_1101,9.999999999994457e-05,0.5
KHT-XE5S,2025-06-16 05:10:00,9.5905,8.023,KHT-XE5S_2025_0526_1101,9.999999999994457e-05,0.5
KHT-XE5S,2025-06-16 05:20:00,9.5908,8.024,KHT-XE5S_2025_0526_1101,9.999999999994457e-05,0.5
KHT-XE5S,2025-06-16 05:30:00,9.5911,8.024,KHT-XE5S_2025_0526_1101,0.0,0.5
KHT-XE5S,2025-06-16 05:40:00,9.5908,8.026,KHT-XE5S_2025_0526_1101,0.0002000000000000668,0.5
KHT-XE5S,2025-06-16 05:50:00,9.5916,8.026,KHT-XE5S_2025_0526_1101,0.0,0.5
KHT-XE5S,2025-06-16 06:00:00,9.5914,8.025,KHT-XE5S_2025_0526_1101,9.999999999994457e-05,0.5
KHT-XE5S,2025-06-16 06:10:00,9.5924,8.026,KHT-XE5S_2025_0526_1101,9.999999999994457e-05,0.5
KHT-XE5S,2025-06-16 06:20:00,9.5928,8.029,KHT-XE5S_2025_0526_1101,0.00030000000000001136,0.5
KHT-XE5S,2025-06-16 06:30:00,9.5927,8.027,KHT-XE5S_2025_0526_1101,0.0002000000000000668,0.5
KHT-XE5S,2025-06-16 06:40:00,9.5935,8.028,KHT-XE5S_2025_0526_1101,0.00010000000000012221,0.5
KHT-XE5S,2025-06-16 06:50:00,9.5942,8.028,KHT-XE5S_2025_0526_1101,0.0,0.5
KHT-XE5S,2025-06-16 07:00:00,9.5947,8.029,KHT-XE5S_2025_0526_1101,9.999999999994457e-05,0.5
KHT-XE5S,2025-06-16 07:10:00,9.5948,8.031,KHT-XE5S_2025_0526_1101,0.0002000000000000668,0.5
KHT-XE5S,2025-06-16 07:20:00,9.5953,8.03,KHT-XE5S_2025_0526_1101,0.00010000000000012221,0.5
KHT-XE5S,2025-06-16 07:30:00,9.5945,8.032,KHT-XE5S_2025_0526_1101,0.0002000000000000668,0.5
KHT-XE5S,2025-06-16 07:40:00,9.5948,8.032,KHT-XE5S_2025_0526_1101,0.0,0.5
KHT-XE5S,2025-06-16 07:50:00,9.5951,8.034,KHT-XE5S_2025_0526_1101,0.0002000000000000668,0.5
KHT-XE5S,2025-06-16 08:00:00,9.5959,8.032,KHT-XE5S_2025_0526_1101,0.0002000000000000668,0.5
KHT-XE5S,2025-06-16 08:10:00,9.5961,8.035,KHT-XE5S_2025_0526_1101,0.00030000000000001136,0.5
KHT-XE5S,2025-06-16 08:20:00,9.5961,8.034,KHT-XE5S_2025_0526_1101,9.999999999994457e-05,0.5
KHT-XE5S,2025-06-16 08:30:00,9.5959,8.032,KHT-XE5S_2025_0526_1101,0.0002000000000000668,0.5
KHT-XE5S,2025-06-16 08:40:00,9.5959,8.034,KHT-XE5S_2025_0526_1101,0.0002000000000000668,0.5
KHT-XE5S,2025-06-16 08:50:00,9.5948,8.034,KHT-XE5S_2025_0526_1101,0.0,0.5
KHT-XE5S,2025-06-16 09:00:00,9.5953,8.036,KHT-XE5S_2025_0526_1101,0.00019999999999988915,0.5
KHT-XE5S,2025-06-16 09:10:00,9.5953,8.037,KHT-XE5S_2025_0526_1101,0.00010000000000012221,0.5
KHT-XE5S,2025-06-16 09:20:00,9.5959,8.037,KHT-XE5S_2025_0526_1101,0.0,0.5
KHT-XE5S,2025-06-16 09:30:00,9.5962,8.037,KHT-XE5S_2025_0526_1101,0.0,0.5
KHT-XE5S,2025-06-16 09:40:00,9.5953,8.038,KHT-XE5S_2025_0526_1101,9.999999999994457e-05,0.5
KHT-XE5S,2025-06-16 09:50:00,9.5933,8.038,KHT-XE5S_2025_0526_1101,0.0,0.5
KHT-XE5S,2025-06-16 10:00:00,9.592,8.039,KHT-XE5S_2025_0526_1101,9.999999999994457e-05,0.5
KHT-XE5S,2025-06-16 10:10:00,9.5923,8.036,KHT-XE5S_2025_0526_1101,0.00030000000000001136,0.5
KHT-XE5S,2025-06-16 10:20:00,9.5915,8.04,KHT-XE5S_2025_0526_1101,0.00039999999999995595,0.5
KHT-XE5S,2025-06-16 10:30:00,9.5901,8.04,KHT-XE5S_2025_0526_1101,0.0,0.5
KHT-XE5S,2025-06-16 10:40:00,9.5897,8.039,KHT-XE5S_2025_0526_1101,9.999999999994457e-05,0.5
KHT-XE5S,2025-06-16 10:50:00,9.5904,8.041,KHT-XE5S_2025_0526_1101,0.0002000000000000668,0.5
KHT-XE5S,2025-06-16 11:00:00,9.5889,8.042,KHT-XE5S_2025_0526_1101,9.999999999994457e-05,0.5
KHT-XE5S,2025-06-16 11:10:00,9.5887,8.043,KHT-XE5S_2025_0526_1101,9.999999999994457e-05,0.5
KHT-XE5S,2025-06-16 11:20:00,9.5877,8.041,KHT-XE5S_2025_0526_1101,0.00019999999999988915,0.5
KHT-XE5S,2025-06-16 11:30:00,9.5879,8.043,KHT-XE5S_2025_0526_1101,0.00019999999999988915,0.5
KHT-XE5S,2025-06-16 11:40:00,9.5877,8.043,KHT-XE5S_2025_0526_1101,0.0,0.5
KHT-XE5S,2025-06-16 11:50:00,9.5861,8.042,KHT-XE5S_2025_0526_1101,9.999999999994457e-05,0.5
KHT-XE5S,2025-06-16 12:00:00,9.5849,8.044,KHT-XE5S_2025_0526_1101,0.0002000000000000668,0.5
KHT-XE5S,2025-06-16 12:10:00,9.5833,8.045,KHT-XE5S_2025_0526_1101,9.999999999994457e-05,0.5
KHT-XE5S,2025-06-16 12:20:00,9.5835,8.045,KHT-XE5S_2025_0526_1101,0.0,0.5
KHT-XE5S,2025-06-16 12:30:00,9.5814,8.047,KHT-XE5S_2025_0526_1101,0.0002000000000000668,0.5
KHT-XE5S,2025-06-16 12:40:00,9.5798,8.046,KHT-XE5S_2025_0526_1101,0.00010000000000012221,0.5
KHT-XE5S,2025-06-16 12:50:00,9.5799,8.047,KHT-XE5S_2025_0526_1101,0.00010000000000012221,0.5
KHT-XE5S,2025-06-16 13:00:00,9.5795,8.046,KHT-XE5S_2025_0526_1101,0.00010000000000012221,0.5
KHT-XE5S,2025-06-16 13:10:00,9.5783,8.049,KHT-XE5S_2025_0526_1101,0.00030000000000001136,0.5
KHT-XE5S,2025-06-16 13:20:00,9.5781,8.05,KHT-XE5S_2025_0526_1101,0.00010000000000012221,0.5
KHT-XE5S,2025-06-16 13:30:00,9.5778,8.049,KHT-XE5S_2025_0526_1101,0.00010000000000012221,0.5
KHT-XE5S,2025-06-16 13:40:00,9.5754,8.05,KHT-XE5S_2025_0526_1101,0.00010000000000012221,0.5
KHT-XE5S,2025-06-16 13:50:00,9.5749,8.05,KHT-XE5S_2025_0526_1101,0.0,0.5
KHT-XE5S,2025-06-16 14:00:00,9.574,8.051,KHT-XE5S_2025_0526_1101,9.999999999994457e-05,0.5
KHT-XE5S,2025-06-16 14:10:00,9.5744,8.051,KHT-XE5S_2025_0526_1101,0.0,0.5
KHT-XE5S,2025-06-16 14:20:00,9.5732,8.053,KHT-XE5S_2025_0526_1101,0.0002000000000000668,0.5
KHT-XE5S,2025-06-16 14:30:00,9.5726,8.053,KHT-XE5S_2025_0526_1101,0.0,0.5
KHT-XE5S,2025-06-16 14:40:00,9.5712,8.054,KHT-XE5S_2025_0526_1101,9.999999999994457e-05,0.5
KHT-XE5S,2025-06-16 14:50:00,9.5695,8.053,KHT-XE5S_2025_0526_1101,9.999999999994457e-05,0.5
KHT-XE5S,2025-06-16 15:00:00,9.5701,8.055,KHT-XE5S_2025_0526_1101,0.00019999999999988915,0.5
KHT-XE5S,2025-06-16 15:10:00,9.5684,8.056,KHT-XE5S_2025_0526_1101,9.999999999994457e-05,0.5
KHT-XE5S,2025-06-16 15:20:00,9.569,8.055,KHT-XE5S_2025_0526_1101,9.999999999994457e-05,0.5
KHT-XE5S,2025-06-16 15:30:00,9.5673,8.055,KHT-XE5S_2025_0526_1101,0.0,0.5
KHT-XE5S,2025-06-16 15:40:00,9.5664,8.057,KHT-XE5S_2025_0526_1101,0.0002000000000000668,0.5
KHT-XE5S,2025-06-16 15:50:00,9.5656,8.057,KHT-XE5S_2025_0526_1101,0.0,0.5
KHT-XE5S,2025-06-16 16:00:00,9.5642,8.058,KHT-XE5S_2025_0526_1101,9.999999999994457e-05,0.5
KHT-XE5S,2025-06-16 16:10:00,9.5638,8.058,KHT-XE5S_2025_0526_1101,0.0,0.5
KHT-XE5S,2025-06-16 16:20:00,9.5619,8.058,KHT-XE5S_2025_0526_1101,0.0,0.5
KHT-XE5S,2025-06-16 16:30:00,9.5604,8.059,KHT-XE5S_2025_0526_1101,9.999999999994457e-05,0.5
KHT-XE5S,2025-06-16 16:40:00,9.5612,8.06,KHT-XE5S_2025_0526_1101,0.00010000000000012221,0.5
KHT-XE5S,2025-06-16 16:50:00,9.5603,8.059,KHT-XE5S_2025_0526_1101,0.00010000000000012221,0.5
KHT-XE5S,2025-06-16 17:00:00,9.559,8.06,KHT-XE5S_2025_0526_1101,0.00010000000000012221,0.5
KHT-XE5S,2025-06-16 17:10:00,9.5587,8.06,KHT-XE5S_2025_0526_1101,0.0,0.5
KHT-XE5S,2025-06-16 17:20:00,9.558,8.061,KHT-XE5S_2025_0526_1101,9.999999999994457e-05,0.5
KHT-XE5S,2025-06-16 17:30:00,9.5571,8.062,KHT-XE5S_2025_0526_1101,9.999999999994457e-05,0.5
KHT-XE5S,2025-06-16 17:40:00,9.5573,8.065,KHT-XE5S_2025_0526_1101,0.00030000000000001136,0.5
KHT-XE5S,2025-06-16 17:50:00,9.5571,8.063,KHT-XE5S_2025_0526_1101,0.00019999999999988915,0.5
KHT-XE5S,2025-06-16 18:00:00,9.5563,8.064,KHT-XE5S_2025_0526_1101,9.999999999994457e-05,0.5
KHT-XE5S,2025-06-16 18:10:00,9.5551,8.062,KHT-XE5S_2025_0526_1101,0.0002000000000000668,0.5
KHT-XE5S,2025-06-16 18:20:00,9.5547,8.064,KHT-XE5S_2025_0526_1101,0.0002000000000000668,0.5
KHT-XE5S,2025-06-16 18:30:00,9.5543,8.065,KHT-XE5S_2025_0526_1101,9.999999999994457e-05,0.5
KHT-XE5S,2025-06-16 18:40:00,9.5541,8.064,KHT-XE5S_2025_0526_1101,9.999999999994457e-05,0.5
KHT-XE5S,2025-06-16 18:50:00,9.5549,8.065,KHT-XE5S_2025_0526_1101,9.999999999994457e-05,0.5
KHT-XE5S,2025-06-16 19:00:00,9.5553,8.067,KHT-XE5S_2025_0526_1101,0.0002000000000000668,0.5
KHT-XE5S,2025-06-16 19:10:00,9.5555,8.067,KHT-XE5S_2025_0526_1101,0.0,0.5
KHT-XE5S,2025-06-16 19:20:00,9.5562,8.066,KHT-XE5S_2025_0526_1101,9.999999999994457e-05,0.5
KHT-XE5S,2025-06-16 19:30:00,9.5561,8.067,KHT-XE5S_2025_0526_1101,9.999999999994457e-05,0.5
KHT-XE5S,2025-06-16 19:40:00,9.5563,8.067,KHT-XE5S_2025_0526_1101,0.0,0.5
KHT-XE5S,2025-06-16 19:50:00,9.5568,8.068,KHT-XE5S_2025_0526_1101,9.999999999994457e-05,0.5
KHT-XE5S,2025-06-16 20:00:00,9.5569,8.068,KHT-XE5S_2025_0526_1101,0.0,0.5
KHT-XE5S,2025-06-16 20:10:00,9.5578,8.069,KHT-XE5S_2025_0526_1101,0.00010000000000012221,0.5
KHT-XE5S,2025-06-16 20:20:00,9.5587,8.07,KHT-XE5S_2025_0526_1101,9.999999999994457e-05,0.5
KHT-XE5S,2025-06-16 20:30:00,9.5588,8.069,KHT-XE5S_2025_0526_1101,9.999999999994457e-05,0.5
KHT-XE5S,2025-06-16 20:40:00,9.5587,8.071,KHT-XE5S_2025_0526_1101,0.00019999999999988915,0.5
KHT-XE5S,2025-06-16 20:50:00,9.5581,8.071,KHT-XE5S_2025_0526_1101,0.0,0.5
KHT-XE5S,2025-06-16 21:00:00,9.5586,8.072,KHT-XE5S_2025_0526_1101,9.999999999994457e-05,0.5
KHT-XE5S,2025-06-16 21:10:00,9.5599,8.072,KHT-XE5S_2025_0526_1101,0.0,0.5
KHT-XE5S,2025-06-16 21:20:00,9.5613,8.071,KHT-XE5S_2025_0526_1101,9.999999999994457e-05,0.5
KHT-XE5S,2025-06-16 21:30:00,9.5627,8.072,KHT-XE5S_2025_0526_1101,9.999999999994457e-05,0.5
KHT-XE5S,2025-06-16 21:40:00,9.5631,8.071,KHT-XE5S_2025_0526_1101,9.999999999994457e-05,0.5
KHT-XE5S,2025-06-16 21:50:00,9.5639,8.074,KHT-XE5S_2025_0526_1101,0.00030000000000001136,0.5
KHT-XE5S,2025-06-16 22:00:00,9.5653,8.073,KHT-XE5S_2025_0526_1101,9.999999999994457e-05,0.5
KHT-XE5S,2025-06-16 22:10:00,9.5659,8.075,KHT-XE5S_2025_0526_1101,0.00019999999999988915,0.5
KHT-XE5S,2025-06-16 22:20:00,9.567,8.075,KHT-XE5S_2025_0526_1101,0.0,0.5
KHT-XE5S,2025-06-16 22:30:00,9.5677,8.075,KHT-XE5S_2025_0526_1101,0.0,0.5
KHT-XE5S,2025-06-16 22:40:00,9.5682,8.075,KHT-XE5S_2025_0526_1101,0.0,0.5
KHT-XE5S,2025-06-16 22:50:00,9.5684,8.074,KHT-XE5S_2025_0526_1101,9.999999999994457e-05,0.5
KHT-XE5S,2025-06-16 23:00:00,9.5693,8.076,KHT-XE5S_2025_0526_1101,0.0002000000000000668,0.5
KHT-XE5S,2025-06-16 23:10:00,9.5695,8.076,KHT-XE5S_2025_0526_1101,0.0,0.5
KHT-XE5S,2025-06-16 23:20:00,9.5688,8.076,KHT-XE5S_2025_0526_1101,0.0,0.5
KHT-XE5S,2025-06-16 23:30:00,9.5698,8.078,KHT-XE5S_2025_0526_1101,0.00019999999999988915,0.5
KHT-XE5S,2025-06-16 23:40:00,9.5692,8.077,KHT-XE5S_2025_0526_1101,9.999999999994457e-05,0.5
KHT-XE5S,2025-06-16 23:50:00,9.5695,8.078,KHT-XE5S_2025_0526_1101,9.999999999994457e-05,0.5
KHT-XE5S,2025-06-17 00:00:00,9.5704,8.077,KHT-XE5S_2025_0526_1101,9.999999999994457e-05,0.5
KHT-XE5S,2025-06-17 00:10:00,9.5702,8.079,KHT-XE5S_2025_0526_1101,0.0002000000000000668,0.5
KHT-XE5S,2025-06-17 00:20:00,9.5714,8.078,KHT-XE5S_2025_0526_1101,0.00010000000000012221,0.5
KHT-XE5S,2025-06-17 00:30:00,9.5712,8.08,KHT-XE5S_2025_0526_1101,0.0002000000000000668,0.5
KHT-XE5S,2025-06-17 00:40:00,9.5711,8.08,KHT-XE5S_2025_0526_1101,0.0,0.5
KHT-XE5S,2025-06-17 00:50:00,9.5716,8.08,KHT-XE5S_2025_0526_1101,0.0,0.5
KHT-XE5S,2025-06-17 01:00:00,9.571,8.082,KHT-XE5S_2025_0526_1101,0.0002000000000000668,0.5
KHT-XE5S,2025-06-17 01:10:00,9.5711,8.082,KHT-XE5S_2025_0526_1101,0.0,0.5
KHT-XE5S,2025-06-17 01:20:00,9.5707,8.082,KHT-XE5S_2025_0526_1101,0.0,0.5
KHT-XE5S,2025-06-17 01:30:00,9.5702,8.082,KHT-XE5S_2025_0526_1101,0.0,0.5
KHT-XE5S,2025-06-17 01:40:00,9.5707,8.083,KHT-XE5S_2025_0526_1101,9.999999999994457e-05,0.5
KHT-XE5S,2025-06-17 01:50:00,9.5705,8.083,KHT-XE5S_2025_0526_1101,0.0,0.5
KHT-XE5S,2025-06-17 02:00:00,9.5702,8.084,KHT-XE5S_2025_0526_1101,9.999999999994457e-05,0.5
KHT-XE5S,2025-06-17 02:10:00,9.5712,8.084,KHT-XE5S_2025_0526_1101,0.0,0.5
KHT-XE5S,2025-06-17 02:20:00,9.572,8.085,KHT-XE5S_2025_0526_1101,0.00010000000000012221,0.5
KHT-XE5S,2025-06-17 02:30:00,9.5725,8.082,KHT-XE5S_2025_0526_1101,0.00030000000000001136,0.5
KHT-XE5S,2025-06-17 02:40:00,9.5727,8.086,KHT-XE5S_2025_0526_1101,0.00039999999999995595,0.5
KHT-XE5S,2025-06-17 02:50:00,9.5727,8.086,KHT-XE5S_2025_0526_1101,0.0,0.5
KHT-XE5S,2025-06-17 03:00:00,9.5726,8.085,KHT-XE5S_2025_0526_1101,9.999999999994457e-05,0.5
KHT-XE5S,2025-06-17 03:10:00,9.573,8.088,KHT-XE5S_2025_0526_1101,0.0002999999999998337,0.5
KHT-XE5S,2025-06-17 03:20:00,9.5732,8.086,KHT-XE5S_2025_0526_1101,0.00019999999999988915,0.5
KHT-XE5S,2025-06-17 03:30:00,9.5731,8.087,KHT-XE5S_2025_0526_1101,9.999999999994457e-05,0.5
KHT-XE5S,2025-06-17 03:40:00,9.5733,8.089,KHT-XE5S_2025_0526_1101,0.0002000000000000668,0.5
KHT-XE5S,2025-06-17 03:50:00,9.5742,8.087,KHT-XE5S_2025_0526_1101,0.0002000000000000668,0.5
KHT-XE5S,2025-06-17 04:00:00,9.575,8.09,KHT-XE5S_2025_0526_1101,0.00030000000000001136,0.5
KHT-XE5S,2025-06-17 04:10:00,9.5757,8.091,KHT-XE5S_2025_0526_1101,9.999999999994457e-05,0.5
KHT-XE5S,2025-06-17 04:20:00,9.5749,8.089,KHT-XE5S_2025_0526_1101,0.00019999999999988915,0.5
KHT-XE5S,2025-06-17 04:30:00,9.5743,8.089,KHT-XE5S_2025_0526_1101,0.0,0.5
KHT-XE5S,2025-06-17 04:40:00,9.5747,8.092,KHT-XE5S_2025_0526_1101,0.00030000000000001136,0.5
KHT-XE5S,2025-06-17 04:50:00,9.575,8.09,KHT-XE5S_2025_0526_1101,0.0002000000000000668,0.5
KHT-XE5S,2025-06-17 05:00:00,9.5756,8.09,KHT-XE5S_2025_0526_1101,0.0,0.5
KHT-XE5S,2025-06-17 05:10:00,9.5761,8.092,KHT-XE5S_2025_0526_1101,0.0002000000000000668,0.5
KHT-XE5S,2025-06-17 05:20:00,9.5766,8.091,KHT-XE5S_2025_0526_1101,0.00010000000000012221,0.5
KHT-XE5S,2025-06-17 05:30:00,9.5768,8.093,KHT-XE5S_2025_0526_1101,0.0002000000000000668,0.5
KHT-XE5S,2025-06-17 05:40:00,9.5774,8.094,KHT-XE5S_2025_0526_1101,9.999999999994457e-05,0.5
KHT-XE5S,2025-06-17 05:50:00,9.5768,8.093,KHT-XE5S_2025_0526_1101,9.999999999994457e-05,0.5
KHT-XE5S,2025-06-17 06:00:00,9.5769,8.093,KHT-XE5S_2025_0526_1101,0.0,0.5
KHT-XE5S,2025-06-17 06:10:00,9.5779,8.094,KHT-XE5S_2025_0526_1101,9.999999999994457e-05,0.5
KHT-XE5S,2025-06-17 06:20:00,9.5785,8.095,KHT-XE5S_2025_0526_1101,0.00010000000000012221,0.5
KHT-XE5S,2025-06-17 06:30:00,9.5791,8.095,KHT-XE5S_2025_0526_1101,0.0,0.5
KHT-XE5S,2025-06-17 06:40:00,9.58,8.095,KHT-XE5S_2025_0526_1101,0.0,0.5
KHT-XE5S,2025-06-17 06:50:00,9.5794,8.095,KHT-XE5S_2025_0526_1101,0.0,0.5
KHT-XE5S,2025-06-17 07:00:00,9.5802,8.096,KHT-XE5S_2025_0526_1101,9.999999999994457e-05,0.5
KHT-XE5S,2025-06-17 07:10:00,9.5807,8.098,KHT-XE5S_2025_0526_1101,0.0002000000000000668,0.5
KHT-XE5S,2025-06-17 07:20:00,9.581,8.096,KHT-XE5S_2025_0526_1101,0.0002000000000000668,0.5
KHT-XE5S,2025-06-17 07:30:00,9.5814,8.099,KHT-XE5S_2025_0526_1101,0.00030000000000001136,0.5
KHT-XE5S,2025-06-17 07:40:00,9.5815,8.098,KHT-XE5S_2025_0526_1101,9.999999999994457e-05,0.5
KHT-XE5S,2025-06-17 07:50:00,9.5812,8.1,KHT-XE5S_2025_0526_1101,0.00019999999999988915,0.5
KHT-XE5S,2025-06-17 08:00:00,9.5819,8.099,KHT-XE5S_2025_0526_1101,9.999999999994457e-05,0.5
KHT-XE5S,2025-06-17 08:10:00,9.5823,8.098,KHT-XE5S_2025_0526_1101,9.999999999994457e-05,0.5
KHT-XE5S,2025-06-17 08:20:00,9.5823,8.101,KHT-XE5S_2025_0526_1101,0.00030000000000001136,0.5
KHT-XE5S,2025-06-17 08:30:00,9.5822,8.102,KHT-XE5S_2025_0526_1101,9.999999999994457e-05,0.5
KHT-XE5S,2025-06-17 08:40:00,9.5817,8.103,KHT-XE5S_2025_0526_1101,9.999999999994457e-05,0.5
KHT-XE5S,2025-06-17 08:50:00,9.5815,8.102,KHT-XE5S_2025_0526_1101,9.999999999994457e-05,0.5
KHT-XE5S,2025-06-17 09:00:00,9.5813,8.104,KHT-XE5S_2025_0526_1101,0.00019999999999988915,0.5
KHT-XE5S,2025-06-17 09:10:00,9.5814,8.102,KHT-XE5S_2025_0526_1101,0.00019999999999988915,0.5
KHT-XE5S,2025-06-17 09:20:00,9.5813,8.104,KHT-XE5S_2025_0526_1101,0.00019999999999988915,0.5
KHT-XE5S,2025-06-17 09:30:00,9.5807,8.105,KHT-XE5S_2025_0526_1101,0.00010000000000012221,0.5
KHT-XE5S,2025-06-17 09:40:00,9.5801,8.104,KHT-XE5S_2025_0526_1101,0.00010000000000012221,0.5
KHT-XE5S,2025-06-17 09:50:00,9.5793,8.105,KHT-XE5S_2025_0526_1101,0.00010000000000012221,0.5
KHT-XE5S,2025-06-17 10:00:00,9.5784,8.105,KHT-XE5S_2025_0526_1101,0.0,0.5
KHT-XE5S,2025-06-17 10:10:00,9.5781,8.106,KHT-XE5S_2025_0526_1101,9.999999999994457e-05,0.5
KHT-XE5S,2025-06-17 10:20:00,9.5769,8.108,KHT-XE5S_2025_0526_1101,0.0002000000000000668,0.5
KHT-XE5S,2025-06-17 10:30:00,9.576,8.107,KHT-XE5S_2025_0526_1101,0.00010000000000012221,0.5
KHT-XE5S,2025-06-17 10:40:00,9.5753,8.108,KHT-XE5S_2025_0526_1101,0.00010000000000012221,0.5
KHT-XE5S,2025-06-17 10:50:00,9.5745,8.108,KHT-XE5S_2025_0526_1101,0.0,0.5
KHT-XE5S,2025-06-17 11:00:00,9.5733,8.107,KHT-XE5S_2025_0526_1101,0.00010000000000012221,0.5
KHT-XE5S,2025-06-17 11:10:00,9.573,8.109,KHT-XE5S_2025_0526_1101,0.0002000000000000668,0.5
KHT-XE5S,2025-06-17 11:20:00,9.5714,8.111,KHT-XE5S_2025_0526_1101,0.0002000000000000668,0.5
KHT-XE5S,2025-06-17 11:30:00,9.5708,8.11,KHT-XE5S_2025_0526_1101,0.00010000000000012221,0.5
KHT-XE5S,2025-06-17 11:40:00,9.5706,8.111,KHT-XE5S_2025_0526_1101,0.00010000000000012221,0.5
KHT-XE5S,2025-06-17 11:50:00,9.5689,8.11,KHT-XE5S_2025_0526_1101,0.00010000000000012221,0.5
KHT-XE5S,2025-06-17 12:00:00,9.5679,8.112,KHT-XE5S_2025_0526_1101,0.0002000000000000668,0.5
KHT-XE5S,2025-06-17 12:10:00,9.5659,8.112,KHT-XE5S_2025_0526_1101,0.0,0.5
KHT-XE5S,2025-06-17 12:20:00,9.5649,8.113,KHT-XE5S_2025_0526_1101,9.999999999994457e-05,0.5
KHT-XE5S,2025-06-17 12:30:00,9.563,8.111,KHT-XE5S_2025_0526_1101,0.00019999999999988915,0.5
KHT-XE5S,2025-06-17 12:40:00,9.5621,8.114,KHT-XE5S_2025_0526_1101,0.00030000000000001136,0.5
KHT-XE5S,2025-06-17 12:50:00,9.5605,8.113,KHT-XE5S_2025_0526_1101,0.00010000000000012221,0.5
KHT-XE5S,2025-06-17 13:00:00,9.5588,8.117,KHT-XE5S_2025_0526_1101,0.0004000000000001336,0.5
KHT-XE5S,2025-06-17 13:10:00,9.558,8.114,KHT-XE5S_2025_0526_1101,0.00030000000000001136,0.5
KHT-XE5S,2025-06-17 13:20:00,9.5566,8.116,KHT-XE5S_2025_0526_1101,0.00019999999999988915,0.5
KHT-XE5S,2025-06-17 13:30:00,9.5551,8.116,KHT-XE5S_2025_0526_1101,0.0,0.5
KHT-XE5S,2025-06-17 13:40:00,9.5532,8.118,KHT-XE5S_2025_0526_1101,0.0002000000000000668,0.5
KHT-XE5S,2025-06-17 13:50:00,9.5521,8.116,KHT-XE5S_2025_0526_1101,0.0002000000000000668,0.5
KHT-XE5S,2025-06-17 14:00:00,9.5514,8.118,KHT-XE5S_2025_0526_1101,0.0002000000000000668,0.5
KHT-XE5S,2025-06-17 14:10:00,9.5503,8.119,KHT-XE5S_2025_0526_1101,9.999999999994457e-05,0.5
KHT-XE5S,2025-06-17 14:20:00,9.5492,8.119,KHT-XE5S_2025_0526_1101,0.0,0.5
KHT-XE5S,2025-06-17 14:30:00,9.5478,8.119,KHT-XE5S_2025_0526_1101,0.0,0.5
KHT-XE5S,2025-06-17 14:40:00,9.5467,8.119,KHT-XE5S_2025_0526_1101,0.0,0.5
KHT-XE5S,2025-06-17 14:50:00,9.5451,8.122,KHT-XE5S_2025_0526_1101,0.00030000000000001136,0.5
KHT-XE5S,2025-06-17 15:00:00,9.5446,8.122,KHT-XE5S_2025_0526_1101,0.0,0.5
KHT-XE5S,2025-06-17 15:10:00,9.5436,8.121,KHT-XE5S_2025_0526_1101,9.999999999994457e-05,0.5
KHT-XE5S,2025-06-17 15:20:00,9.5429,8.121,KHT-XE5S_2025_0526_1101,0.0,0.5
KHT-XE5S,2025-06-17 15:30:00,9.5415,8.123,KHT-XE5S_2025_0526_1101,0.00019999999999988915,0.5
KHT-XE5S,2025-06-17 15:40:00,9.5407,8.122,KHT-XE5S_2025_0526_1101,9.999999999994457e-05,0.5
KHT-XE5S,2025-06-17 15:50:00,9.5398,8.123,KHT-XE5S_2025_0526_1101,9.999999999994457e-05,0.5
KHT-XE5S,2025-06-17 16:00:00,9.5393,8.126,KHT-XE5S_2025_0526_1101,0.00030000000000001136,0.5
KHT-XE5S,2025-06-17 16:10:00,9.5385,8.126,KHT-XE5S_2025_0526_1101,0.0,0.5
KHT-XE5S,2025-06-17 16:20:00,9.5377,8.126,KHT-XE5S_2025_0526_1101,0.0,0.5
KHT-XE5S,2025-06-17 16:30:00,9.5369,8.125,KHT-XE5S_2025_0526_1101,9.999999999994457e-05,0.5
KHT-XE5S,2025-06-17 16:40:00,9.5361,8.127,KHT-XE5S_2025_0526_1101,0.0002000000000000668,0.5
KHT-XE5S,2025-06-17 16:50:00,9.5347,8.126,KHT-XE5S_2025_0526_1101,0.00010000000000012221,0.5
KHT-XE5S,2025-06-17 17:00:00,9.5344,8.126,KHT-XE5S_2025_0526_1101,0.0,0.5
KHT-XE5S,2025-06-17 17:10:00,9.5347,8.127,KHT-XE5S_2025_0526_1101,0.00010000000000012221,0.5
KHT-XE5S,2025-06-17 17:20:00,9.5334,8.129,KHT-XE5S_2025_0526_1101,0.00019999999999988915,0.5
KHT-XE5S,2025-06-17 17:30:00,9.5328,8.127,KHT-XE5S_2025_0526_1101,0.00019999999999988915,0.5
KHT-XE5S,2025-06-17 17:40:00,9.5326,8.13,KHT-XE5S_2025_0526_1101,0.00030000000000001136,0.5
KHT-XE5S,2025-06-17 17:50:00,9.5324,8.129,KHT-XE5S_2025_0526_1101,0.00010000000000012221,0.5
KHT-XE5S,2025-06-17 18:00:00,9.5323,8.128,KHT-XE5S_2025_0526_1101,9.999999999994457e-05,0.5
KHT-XE5S,2025-06-17 18:10:00,9.5322,8.128,KHT-XE5S_2025_0526_1101,0.0,0.5
KHT-XE5S,2025-06-17 18:20:00,9.5321,8.129,KHT-XE5S_2025_0526_1101,9.999999999994457e-05,0.5
KHT-XE5S,2025-06-17 18:30:00,9.5315,8.129,KHT-XE5S_2025_0526_1101,0.0,0.5
KHT-XE5S,2025-06-17 18:40:00,9.5313,8.13,KHT-XE5S_2025_0526_1101,0.00010000000000012221,0.5
KHT-XE5S,2025-06-17 18:50:00,9.5313,8.132,KHT-XE5S_2025_0526_1101,0.00019999999999988915,0.5
KHT-XE5S,2025-06-17 19:00:00,9.532,8.132,KHT-XE5S_2025_0526_1101,0.0,0.5
KHT-XE5S,2025-06-17 19:10:00,9.5322,8.132,KHT-XE5S_2025_0526_1101,0.0,0.5
KHT-XE5S,2025-06-17 19:20:00,9.5323,8.132,KHT-XE5S_2025_0526_1101,0.0,0.5
KHT-XE5S,2025-06-17 19:30:00,9.5329,8.132,KHT-XE5S_2025_0526_1101,0.0,0.5
KHT-XE5S,2025-06-17 19:40:00,9.5339,8.134,KHT-XE5S_2025_0526_1101,0.0002000000000000668,0.5
KHT-XE5S,2025-06-17 19:50:00,9.5345,8.134,KHT-XE5S_2025_0526_1101,0.0,0.5
KHT-XE5S,2025-06-17 20:00:00,9.5353,8.134,KHT-XE5S_2025_0526_1101,0.0,0.5
KHT-XE5S,2025-06-17 20:10:00,9.5357,8.132,KHT-XE5S_2025_0526_1101,0.0002000000000000668,0.5
KHT-XE5S,2025-06-17 20:20:00,9.5369,8.133,KHT-XE5S_2025_0526_1101,9.999999999994457e-05,0.5
KHT-XE5S,2025-06-17 20:30:00,9.5375,8.135,KHT-XE5S_2025_0526_1101,0.0002000000000000668,0.5
KHT-XE5S,2025-06-17 20:40:00,9.538,8.135,KHT-XE5S_2025_0526_1101,0.0,0.5
KHT-XE5S,2025-06-17 20:50:00,9.5389,8.135,KHT-XE5S_2025_0526_1101,0.0,0.5
KHT-XE5S,2025-06-17 21:00:00,9.5397,8.136,KHT-XE5S_2025_0526_1101,9.999999999994457e-05,0.5
KHT-XE5S,2025-06-17 21:10:00,9.541,8.137,KHT-XE5S_2025_0526_1101,0.00010000000000012221,0.5
KHT-XE5S,2025-06-17 21:20:00,9.542,8.136,KHT-XE5S_2025_0526_1101,0.00010000000000012221,0.5
KHT-XE5S,2025-06-17 21:30:00,9.5435,8.137,KHT-XE5S_2025_0526_1101,0.00010000000000012221,0.5
KHT-XE5S,2025-06-17 21:40:00,9.5453,8.138,KHT-XE5S_2025_0526_1101,9.999999999994457e-05,0.5
KHT-XE5S,2025-06-17 21:50:00,9.5466,8.138,KHT-XE5S_2025_0526_1101,0.0,0.5
KHT-XE5S,2025-06-17 22:00:00,9.5477,8.139,KHT-XE5S_2025_0526_1101,9.999999999994457e-05,0.5
KHT-XE5S,2025-06-17 22:10:00,9.5483,8.138,KHT-XE5S_2025_0526_1101,9.999999999994457e-05,0.5
KHT-XE5S,2025-06-17 22:20:00,9.5484,8.141,KHT-XE5S_2025_0526_1101,0.00030000000000001136,0.5
KHT-XE5S,2025-06-17 22:30:00,9.5491,8.14,KHT-XE5S_2025_0526_1101,9.999999999994457e-05,0.5
KHT-XE5S,2025-06-17 22:40:00,9.5497,8.14,KHT-XE5S_2025_0526_1101,0.0,0.5
KHT-XE5S,2025-06-17 22:50:00,9.5495,8.141,KHT-XE5S_2025_0526_1101,9.999999999994457e-05,0.5
KHT-XE5S,2025-06-17 23:00:00,9.5501,8.143,KHT-XE5S_2025_0526_1101,0.0002000000000000668,0.5
KHT-XE5S,2025-06-17 23:10:00,9.55,8.141,KHT-XE5S_2025_0526_1101,0.0002000000000000668,0.5
KHT-XE5S,2025-06-17 23:20:00,9.5503,8.145,KHT-XE5S_2025_0526_1101,0.00039999999999995595,0.5
KHT-XE5S,2025-06-17 23:30:00,9.5508,8.141,KHT-XE5S_2025_0526_1101,0.00039999999999995595,0.5
KHT-XE5S,2025-06-17 23:40:00,9.5504,8.142,KHT-XE5S_2025_0526_1101,9.999999999994457e-05,0.5
KHT-XE5S,2025-06-17 23:50:00,9.5506,8.142,KHT-XE5S_2025_0526_1101,0.0,0.5
KHT-XE5S,2025-06-18 00:00:00,9.5507,8.141,KHT-XE5S_2025_0526_1101,9.999999999994457e-05,0.5
KHT-XE5S,2025-06-18 00:10:00,9.5505,8.143,KHT-XE5S_2025_0526_1101,0.0002000000000000668,0.5
KHT-XE5S,2025-06-18 00:20:00,9.5508,8.145,KHT-XE5S_2025_0526_1101,0.00019999999999988915,0.5
KHT-XE5S,2025-06-18 00:30:00,9.5512,8.145,KHT-XE5S_2025_0526_1101,0.0,0.5
KHT-XE5S,2025-06-18 00:40:00,9.5515,8.144,KHT-XE5S_2025_0526_1101,9.999999999994457e-05,0.5
KHT-XE5S,2025-06-18 00:50:00,9.5518,8.146,KHT-XE5S_2025_0526_1101,0.0002000000000000668,0.5
KHT-XE5S,2025-06-18 01:00:00,9.5521,8.145,KHT-XE5S_2025_0526_1101,0.00010000000000012221,0.5
KHT-XE5S,2025-06-18 01:10:00,9.5517,8.147,KHT-XE5S_2025_0526_1101,0.0002000000000000668,0.5
KHT-XE5S,2025-06-18 01:20:00,9.5521,8.144,KHT-XE5S_2025_0526_1101,0.00030000000000001136,0.5
KHT-XE5S,2025-06-18 01:30:00,9.5523,8.148,KHT-XE5S_2025_0526_1101,0.00039999999999995595,0.5
KHT-XE5S,2025-06-18 01:40:00,9.5527,8.148,KHT-XE5S_2025_0526_1101,0.0,0.5
KHT-XE5S,2025-06-18 01:50:00,9.553,8.148,KHT-XE5S_2025_0526_1101,0.0,0.5
KHT-XE5S,2025-06-18 02:00:00,9.5531,8.147,KHT-XE5S_2025_0526_1101,9.999999999994457e-05,0.5
KHT-XE5S,2025-06-18 02:10:00,9.5526,8.148,KHT-XE5S_2025_0526_1101,9.999999999994457e-05,0.5
KHT-XE5S,2025-06-18 02:20:00,9.5526,8.149,KHT-XE5S_2025_0526_1101,9.999999999994457e-05,0.5
KHT-XE5S,2025-06-18 02:30:00,9.5531,8.15,KHT-XE5S_2025_0526_1101,0.00010000000000012221,0.5
KHT-XE5S,2025-06-18 02:40:00,9.5532,8.149,KHT-XE5S_2025_0526_1101,0.00010000000000012221,0.5
KHT-XE5S,2025-06-18 02:50:00,9.5538,8.15,KHT-XE5S_2025_0526_1101,0.00010000000000012221,0.5
KHT-XE5S,2025-06-18 03:00:00,9.554,8.152,KHT-XE5S_2025_0526_1101,0.00019999999999988915,0.5
KHT-XE5S,2025-06-18 03:10:00,9.5541,8.151,KHT-XE5S_2025_0526_1101,9.999999999994457e-05,0.5
KHT-XE5S,2025-06-18 03:20:00,9.5542,8.151,KHT-XE5S_2025_0526_1101,0.0,0.5
KHT-XE5S,2025-06-18 03:30:00,9.5547,8.152,KHT-XE5S_2025_0526_1101,9.999999999994457e-05,0.5
KHT-XE5S,2025-06-18 03:40:00,9.5553,8.154,KHT-XE5S_2025_0526_1101,0.0002000000000000668,0.5
KHT-XE5S,2025-06-18 03:50:00,9.5552,8.153,KHT-XE5S_2025_0526_1101,9.999999999994457e-05,0.5
KHT-XE5S,2025-06-18 04:00:00,9.5548,8.152,KHT-XE5S_2025_0526_1101,0.00010000000000012221,0.5
KHT-XE5S,2025-06-18 04:10:00,9.5545,8.154,KHT-XE5S_2025_0526_1101,0.0002000000000000668,0.5
KHT-XE5S,2025-06-18 04:20:00,9.5548,8.154,KHT-XE5S_2025_0526_1101,0.0,0.5
KHT-XE5S,2025-06-18 04:30:00,9.5555,8.154,KHT-XE5S_2025_0526_1101,0.0,0.5
KHT-XE5S,2025-06-18 04:40:00,9.5559,8.154,KHT-XE5S_2025_0526_1101,0.0,0.5
KHT-XE5S,2025-06-18 04:50:00,9.5562,8.154,KHT-XE5S_2025_0526_1101,0.0,0.5
KHT-XE5S,2025-06-18 05:00:00,9.5564,8.152,KHT-XE5S_2025_0526_1101,0.0002000000000000668,0.5
KHT-XE5S,2025-06-18 05:10:00,9.5572,8.155,KHT-XE5S_2025_0526_1101,0.00030000000000001136,0.5
KHT-XE5S,2025-06-18 05:20:00,9.5571,8.156,KHT-XE5S_2025_0526_1101,0.00010000000000012221,0.5
KHT-XE5S,2025-06-18 05:30:00,9.5567,8.157,KHT-XE5S_2025_0526_1101,9.999999999994457e-05,0.5
KHT-XE5S,2025-06-18 05:40:00,9.5574,8.157,KHT-XE5S_2025_0526_1101,0.0,0.5
KHT-XE5S,2025-06-18 05:50:00,9.5579,8.157,KHT-XE5S_2025_0526_1101,0.0,0.5
KHT-XE5S,2025-06-18 06:00:00,9.5581,8.158,KHT-XE5S_2025_0526_1101,9.999999999994457e-05,0.5
KHT-XE5S,2025-06-18 06:10:00,9.5582,8.159,KHT-XE5S_2025_0526_1101,0.00010000000000012221,0.5
KHT-XE5S,2025-06-18 06:20:00,9.5588,8.158,KHT-XE5S_2025_0526_1101,0.00010000000000012221,0.5
KHT-XE5S,2025-06-18 06:30:00,9.5598,8.16,KHT-XE5S_2025_0526_1101,0.0002000000000000668,0.5
KHT-XE5S,2025-06-18 06:40:00,9.56,8.161,KHT-XE5S_2025_0526_1101,9.999999999994457e-05,0.5
KHT-XE5S,2025-06-18 06:50:00,9.5603,8.16,KHT-XE5S_2025_0526_1101,9.999999999994457e-05,0.5
KHT-XE5S,2025-06-18 07:00:00,9.5601,8.158,KHT-XE5S_2025_0526_1101,0.0002000000000000668,0.5
KHT-XE5S,2025-06-18 07:10:00,9.5606,8.161,KHT-XE5S_2025_0526_1101,0.00030000000000001136,0.5
KHT-XE5S,2025-06-18 07:20:00,9.5608,8.161,KHT-XE5S_2025_0526_1101,0.0,0.5
KHT-XE5S,2025-06-18 07:30:00,9.5609,8.162,KHT-XE5S_2025_0526_1101,0.00010000000000012221,0.5
KHT-XE5S,2025-06-18 07:40:00,9.5612,8.161,KHT-XE5S_2025_0526_1101,0.00010000000000012221,0.5
KHT-XE5S,2025-06-18 07:50:00,9.561,8.162,KHT-XE5S_2025_0526_1101,0.00010000000000012221,0.5
KHT-XE5S,2025-06-18 08:00:00,9.561,8.164,KHT-XE5S_2025_0526_1101,0.00019999999999988915,0.5
KHT-XE5S,2025-06-18 08:10:00,9.5611,8.163,KHT-XE5S_2025_0526_1101,9.999999999994457e-05,0.5
KHT-XE5S,2025-06-18 08:20:00,9.5608,8.163,KHT-XE5S_2025_0526_1101,0.0,0.5
KHT-XE5S,2025-06-18 08:30:00,9.5607,8.164,KHT-XE5S_2025_0526_1101,9.999999999994457e-05,0.5
KHT-XE5S,2025-06-18 08:40:00,9.5608,8.164,KHT-XE5S_2025_0526_1101,0.0,0.5
KHT-XE5S,2025-06-18 08:50:00,9.5604,8.165,KHT-XE5S_2025_0526_1101,9.999999999994457e-05,0.5
KHT-XE5S,2025-06-18 09:00:00,9.5594,8.167,KHT-XE5S_2025_0526_1101,0.0002000000000000668,0.5
KHT-XE5S,2025-06-18 09:10:00,9.5583,8.167,KHT-XE5S_2025_0526_1101,0.0,0.5
KHT-XE5S,2025-06-18 09:20:00,9.5577,8.167,KHT-XE5S_2025_0526_1101,0.0,0.5
KHT-XE5S,2025-06-18 09:30:00,9.5574,8.166,KHT-XE5S_2025_0526_1101,9.999999999994457e-05,0.5
KHT-XE5S,2025-06-18 09:40:00,9.5566,8.167,KHT-XE5S_2025_0526_1101,9.999999999994457e-05,0.5
KHT-XE5S,2025-06-18 09:50:00,9.5559,8.167,KHT-XE5S_2025_0526_1101,0.0,0.5
KHT-XE5S,2025-06-18 10:00:00,9.5547,8.169,KHT-XE5S_2025_0526_1101,0.0002000000000000668,0.5
KHT-XE5S,2025-06-18 10:10:00,9.5538,8.169,KHT-XE5S_2025_0526_1101,0.0,0.5
KHT-XE5S,2025-06-18 10:20:00,9.5526,8.171,KHT-XE5S_2025_0526_1101,0.00019999999999988915,0.5
KHT-XE5S,2025-06-18 10:30:00,9.5512,8.169,KHT-XE5S_2025_0526_1101,0.00019999999999988915,0.5
KHT-XE5S,2025-06-18 10:40:00,9.5499,8.171,KHT-XE5S_2025_0526_1101,0.00019999999999988915,0.5
KHT-XE5S,2025-06-18 10:50:00,9.5484,8.171,KHT-XE5S_2025_0526_1101,0.0,0.5
KHT-XE5S,2025-06-18 11:00:00,9.5472,8.172,KHT-XE5S_2025_0526_1101,0.00010000000000012221,0.5
KHT-XE5S,2025-06-18 11:10:00,9.5467,8.172,KHT-XE5S_2025_0526_1101,0.0,0.5
KHT-XE5S,2025-06-18 11:20:00,9.5456,8.173,KHT-XE5S_2025_0526_1101,9.999999999994457e-05,0.5
KHT-XE5S,2025-06-18 11:30:00,9.5453,8.174,KHT-XE5S_2025_0526_1101,9.999999999994457e-05,0.5
KHT-XE5S,2025-06-18 11:40:00,9.5444,8.174,KHT-XE5S_2025_0526_1101,0.0,0.5
KHT-XE5S,2025-06-18 11:50:00,9.543,8.173,KHT-XE5S_2025_0526_1101,9.999999999994457e-05,0.5
KHT-XE5S,2025-06-18 12:00:00,9.5411,8.174,KHT-XE5S_2025_0526_1101,9.999999999994457e-05,0.5
KHT-XE5S,2025-06-18 12:10:00,9.5394,8.176,KHT-XE5S_2025_0526_1101,0.0002000000000000668,0.5
KHT-XE5S,2025-06-18 12:20:00,9.5381,8.176,KHT-XE5S_2025_0526_1101,0.0,0.5
KHT-XE5S,2025-06-18 12:30:00,9.5368,8.175,KHT-XE5S_2025_0526_1101,9.999999999994457e-05,0.5
KHT-XE5S,2025-06-18 12:40:00,9.5348,8.176,KHT-XE5S_2025_0526_1101,9.999999999994457e-05,0.5
KHT-XE5S,2025-06-18 12:50:00,9.5332,8.175,KHT-XE5S_2025_0526_1101,9.999999999994457e-05,0.5
KHT-XE5S,2025-06-18 13:00:00,9.5327,8.177,KHT-XE5S_2025_0526_1101,0.00019999999999988915,0.5
KHT-XE5S,2025-06-18 13:10:00,9.5333,8.179,KHT-XE5S_2025_0526_1101,0.0002000000000000668,0.5
KHT-XE5S,2025-06-18 13:20:00,9.5315,8.179,KHT-XE5S_2025_0526_1101,0.0,0.5
KHT-XE5S,2025-06-18 13:30:00,9.5299,8.18,KHT-XE5S_2025_0526_1101,9.999999999994457e-05,0.5
KHT-XE5S,2025-06-18 13:40:00,9.5299,8.179,KHT-XE5S_2025_0526_1101,9.999999999994457e-05,0.5
KHT-XE5S,2025-06-18 13:50:00,9.5281,8.181,KHT-XE5S_2025_0526_1101,0.00019999999999988915,0.5
KHT-XE5S,2025-06-18 14:00:00,9.5276,8.18,KHT-XE5S_2025_0526_1101,9.999999999994457e-05,0.5
KHT-XE5S,2025-06-18 14:10:00,9.5267,8.182,KHT-XE5S_2025_0526_1101,0.0002000000000000668,0.5
KHT-XE5S,2025-06-18 14:20:00,9.5261,8.182,KHT-XE5S_2025_0526_1101,0.0,0.5
KHT-XE5S,2025-06-18 14:30:00,9.526,8.18,KHT-XE5S_2025_0526_1101,0.0002000000000000668,0.5
KHT-XE5S,2025-06-18 14:40:00,9.5252,8.182,KHT-XE5S_2025_0526_1101,0.0002000000000000668,0.5
KHT-XE5S,2025-06-18 14:50:00,9.5239,8.183,KHT-XE5S_2025_0526_1101,9.999999999994457e-05,0.5
KHT-XE5S,2025-06-18 15:00:00,9.5231,8.183,KHT-XE5S_2025_0526_1101,0.0,0.5
KHT-XE5S,2025-06-18 15:10:00,9.5218,8.184,KHT-XE5S_2025_0526_1101,9.999999999994457e-05,0.5
KHT-XE5S,2025-06-18 15:20:00,9.5207,8.185,KHT-XE5S_2025_0526_1101,0.00010000000000012221,0.5
KHT-XE5S,2025-06-18 15:30:00,9.5197,8.185,KHT-XE5S_2025_0526_1101,0.0,0.5
KHT-XE5S,2025-06-18 15:40:00,9.5185,8.185,KHT-XE5S_2025_0526_1101,0.0,0.5
KHT-XE5S,2025-06-18 15:50:00,9.5178,8.187,KHT-XE5S_2025_0526_1101,0.00019999999999988915,0.5
KHT-XE5S,2025-06-18 16:00:00,9.517,8.187,KHT-XE5S_2025_0526_1101,0.0,0.5
KHT-XE5S,2025-06-18 16:10:00,9.5159,8.186,KHT-XE5S_2025_0526_1101,9.999999999994457e-05,0.5
KHT-XE5S,2025-06-18 16:20:00,9.5152,8.187,KHT-XE5S_2025_0526_1101,9.999999999994457e-05,0.5
KHT-XE5S,2025-06-18 16:30:00,9.5142,8.187,KHT-XE5S_2025_0526_1101,0.0,0.5
KHT-XE5S,2025-06-18 16:40:00,9.5131,8.188,KHT-XE5S_2025_0526_1101,0.00010000000000012221,0.5
KHT-XE5S,2025-06-18 16:50:00,9.5121,8.188,KHT-XE5S_2025_0526_1101,0.0,0.5
KHT-XE5S,2025-06-18 17:00:00,9.5104,8.19,KHT-XE5S_2025_0526_1101,0.00019999999999988915,0.5
KHT-XE5S,2025-06-18 17:10:00,9.5104,8.189,KHT-XE5S_2025_0526_1101,9.999999999994457e-05,0.5
KHT-XE5S,2025-06-18 17:20:00,9.511,8.19,KHT-XE5S_2025_0526_1101,9.999999999994457e-05,0.5
KHT-XE5S,2025-06-18 17:30:00,9.5102,8.191,KHT-XE5S_2025_0526_1101,0.00010000000000012221,0.5
KHT-XE5S,2025-06-18 17:40:00,9.5098,8.191,KHT-XE5S_2025_0526_1101,0.0,0.5
KHT-XE5S,2025-06-18 17:50:00,9.5091,8.192,KHT-XE5S_2025_0526_1101,9.999999999994457e-05,0.5
KHT-XE5S,2025-06-18 18:00:00,9.5089,8.192,KHT-XE5S_2025_0526_1101,0.0,0.5
KHT-XE5S,2025-06-18 18:10:00,9.5083,8.192,KHT-XE5S_2025_0526_1101,0.0,0.5
KHT-XE5S,2025-06-18 18:20:00,9.5086,8.191,KHT-XE5S_2025_0526_1101,9.999999999994457e-05,0.5
KHT-XE5S,2025-06-18 18:30:00,9.5082,8.193,KHT-XE5S_2025_0526_1101,0.00019999999999988915,0.5
KHT-XE5S,2025-06-18 18:40:00,9.5081,8.193,KHT-XE5S_2025_0526_1101,0.0,0.5
KHT-XE5S,2025-06-18 18:50:00,9.5084,8.193,KHT-XE5S_2025_0526_1101,0.0,0.5
KHT-XE5S,2025-06-18 19:00:00,9.5087,8.193,KHT-XE5S_2025_0526_1101,0.0,0.5
KHT-XE5S,2025-06-18 19:10:00,9.5088,8.193,KHT-XE5S_2025_0526_1101,0.0,0.5
KHT-XE5S,2025-06-18 19:20:00,9.5091,8.195,KHT-XE5S_2025_0526_1101,0.0002000000000000668,0.5
KHT-XE5S,2025-06-18 19:30:00,9.509,8.194,KHT-XE5S_2025_0526_1101,9.999999999994457e-05,0.5
KHT-XE5S,2025-06-18 19:40:00,9.51,8.194,KHT-XE5S_2025_0526_1101,0.0,0.5
KHT-XE5S,2025-06-18 19:50:00,9.5106,8.196,KHT-XE5S_2025_0526_1101,0.00019999999999988915,0.5
KHT-XE5S,2025-06-18 20:00:00,9.5111,8.194,KHT-XE5S_2025_0526_1101,0.00019999999999988915,0.5
KHT-XE5S,2025-06-18 20:10:00,9.5114,8.196,KHT-XE5S_2025_0526_1101,0.00019999999999988915,0.5
KHT-XE5S,2025-06-18 20:20:00,9.5117,8.196,KHT-XE5S_2025_0526_1101,0.0,0.5
KHT-XE5S,2025-06-18 20:30:00,9.5121,8.197,KHT-XE5S_2025_0526_1101,9.999999999994457e-05,0.5
KHT-XE5S,2025-06-18 20:40:00,9.512,8.197,KHT-XE5S_2025_0526_1101,0.0,0.5
KHT-XE5S,2025-06-18 20:50:00,9.5121,8.199,KHT-XE5S_2025_0526_1101,0.0002000000000000668,0.5
KHT-XE5S,2025-06-18 21:00:00,9.5115,8.197,KHT-XE5S_2025_0526_1101,0.0002000000000000668,0.5
KHT-XE5S,2025-06-18 21:10:00,9.5114,8.196,KHT-XE5S_2025_0526_1101,9.999999999994457e-05,0.5
KHT-XE5S,2025-06-18 21:20:00,9.5118,8.199,KHT-XE5S_2025_0526_1101,0.00030000000000001136,0.5
KHT-XE5S,2025-06-18 21:30:00,9.5128,8.199,KHT-XE5S_2025_0526_1101,0.0,0.5
KHT-XE5S,2025-06-18 21:40:00,9.5136,8.199,KHT-XE5S_2025_0526_1101,0.0,0.5
KHT-XE5S,2025-06-18 21:50:00,9.5141,8.202,KHT-XE5S_2025_0526_1101,0.00030000000000001136,0.5
KHT-XE5S,2025-06-18 22:00:00,9.5149,8.199,KHT-XE5S_2025_0526_1101,0.00030000000000001136,0.5
KHT-XE5S,2025-06-18 22:10:00,9.5154,8.2,KHT-XE5S_2025_0526_1101,9.999999999994457e-05,0.5
KHT-XE5S,2025-06-18 22:20:00,9.5156,8.201,KHT-XE5S_2025_0526_1101,0.00010000000000012221,0.5
KHT-XE5S,2025-06-18 22:30:00,9.5156,8.2,KHT-XE5S_2025_0526_1101,0.00010000000000012221,0.5
KHT-XE5S,2025-06-18 22:40:00,9.5157,8.202,KHT-XE5S_2025_0526_1101,0.0002000000000000668,0.5
KHT-XE5S,2025-06-18 22:50:00,9.5155,8.201,KHT-XE5S_2025_0526_1101,9.999999999994457e-05,0.5
KHT-XE5S,2025-06-18 23:00:00,9.5148,8.201,KHT-XE5S_2025_0526_1101,0.0,0.5
KHT-XE5S,2025-06-18 23:10:00,9.5148,8.203,KHT-XE5S_2025_0526_1101,0.00019999999999988915,0.5
KHT-XE5S,2025-06-18 23:20:00,9.5146,8.204,KHT-XE5S_2025_0526_1101,0.00010000000000012221,0.5
KHT-XE5S,2025-06-18 23:30:00,9.5143,8.202,KHT-XE5S_2025_0526_1101,0.0002000000000000668,0.5
KHT-XE5S,2025-06-18 23:40:00,9.5139,8.203,KHT-XE5S_2025_0526_1101,9.999999999994457e-05,0.5
KHT-XE5S,2025-06-18 23:50:00,9.5138,8.206,KHT-XE5S_2025_0526_1101,0.00030000000000001136,0.5
KHT-XE5S,2025-06-19 00:00:00,9.5133,8.204,KHT-XE5S_2025_0526_1101,0.00019999999999988915,0.5
KHT-XE5S,2025-06-19 00:10:00,9.5137,8.206,KHT-XE5S_2025_0526_1101,0.00019999999999988915,0.5
KHT-XE5S,2025-06-19 00:20:00,9.5131,8.206,KHT-XE5S_2025_0526_1101,0.0,0.5
KHT-XE5S,2025-06-19 00:30:00,9.5126,8.205,KHT-XE5S_2025_0526_1101,9.999999999994457e-05,0.5
KHT-XE5S,2025-06-19 00:40:00,9.512,8.206,KHT-XE5S_2025_0526_1101,9.999999999994457e-05,0.5
KHT-XE5S,2025-06-19 00:50:00,9.5116,8.205,KHT-XE5S_2025_0526_1101,9.999999999994457e-05,0.5
KHT-XE5S,2025-06-19 01:00:00,9.5118,8.209,KHT-XE5S_2025_0526_1101,0.00039999999999995595,0.5
KHT-XE5S,2025-06-19 01:10:00,9.5115,8.208,KHT-XE5S_2025_0526_1101,9.999999999994457e-05,0.5
KHT-XE5S,2025-06-19 01:20:00,9.5109,8.206,KHT-XE5S_2025_0526_1101,0.0002000000000000668,0.5
KHT-XE5S,2025-06-19 01:30:00,9.5112,8.207,KHT-XE5S_2025_0526_1101,0.00010000000000012221,0.5
KHT-XE5S,2025-06-19 01:40:00,9.5113,8.208,KHT-XE5S_2025_0526_1101,9.999999999994457e-05,0.5
KHT-XE5S,2025-06-19 01:50:00,9.5116,8.211,KHT-XE5S_2025_0526_1101,0.00030000000000001136,0.5
KHT-XE5S,2025-06-19 02:00:00,9.5116,8.21,KHT-XE5S_2025_0526_1101,9.999999999994457e-05,0.5
KHT-XE5S,2025-06-19 02:10:00,9.5117,8.21,KHT-XE5S_2025_0526_1101,0.0,0.5
KHT-XE5S,2025-06-19 02:20:00,9.5112,8.209,KHT-XE5S_2025_0526_1101,0.00010000000000012221,0.5
KHT-XE5S,2025-06-19 02:30:00,9.5105,8.209,KHT-XE5S_2025_0526_1101,0.0,0.5
KHT-XE5S,2025-06-19 02:40:00,9.5101,8.211,KHT-XE5S_2025_0526_1101,0.0002000000000000668,0.5
KHT-XE5S,2025-06-19 02:50:00,9.51,8.21,KHT-XE5S_2025_0526_1101,9.999999999994457e-05,0.5
KHT-XE5S,2025-06-19 03:00:00,9.51,8.21,KHT-XE5S_2025_0526_1101,0.0,0.5
KHT-XE5S,2025-06-19 03:10:00,9.5094,8.21,KHT-XE5S_2025_0526_1101,0.0,0.5
KHT-XE5S,2025-06-19 03:20:00,9.5088,8.212,KHT-XE5S_2025_0526_1101,0.00019999999999988915,0.5
KHT-XE5S,2025-06-19 03:30:00,9.5082,8.213,KHT-XE5S_2025_0526_1101,9.999999999994457e-05,0.5
KHT-XE5S,2025-06-19 03:40:00,9.508,8.213,KHT-XE5S_2025_0526_1101,0.0,0.5
KHT-XE5S,2025-06-19 03:50:00,9.5079,8.211,KHT-XE5S_2025_0526_1101,0.00019999999999988915,0.5
KHT-XE5S,2025-06-19 04:00:00,9.5078,8.214,KHT-XE5S_2025_0526_1101,0.00030000000000001136,0.5
KHT-XE5S,2025-06-19 04:10:00,9.5073,8.213,KHT-XE5S_2025_0526_1101,0.00010000000000012221,0.5
KHT-XE5S,2025-06-19 04:20:00,9.5073,8.214,KHT-XE5S_2025_0526_1101,0.00010000000000012221,0.5
KHT-XE5S,2025-06-19 04:30:00,9.5073,8.215,KHT-XE5S_2025_0526_1101,9.999999999994457e-05,0.5
KHT-XE5S,2025-06-19 04:40:00,9.5071,8.215,KHT-XE5S_2025_0526_1101,0.0,0.5
KHT-XE5S,2025-06-19 04:50:00,9.507,8.216,KHT-XE5S_2025_0526_1101,9.999999999994457e-05,0.5
KHT-XE5S,2025-06-19 05:00:00,9.5073,8.216,KHT-XE5S_2025_0526_1101,0.0,0.5
KHT-XE5S,2025-06-19 05:10:00,9.5072,8.217,KHT-XE5S_2025_0526_1101,0.00010000000000012221,0.5
KHT-XE5S,2025-06-19 05:20:00,9.5073,8.216,KHT-XE5S_2025_0526_1101,0.00010000000000012221,0.5
KHT-XE5S,2025-06-19 05:30:00,9.5078,8.216,KHT-XE5S_2025_0526_1101,0.0,0.5
KHT-XE5S,2025-06-19 05:40:00,9.5083,8.216,KHT-XE5S_2025_0526_1101,0.0,0.5
KHT-XE5S,2025-06-19 05:50:00,9.5086,8.22,KHT-XE5S_2025_0526_1101,0.0004000000000001336,0.5
KHT-XE5S,2025-06-19 06:00:00,9.5091,8.218,KHT-XE5S_2025_0526_1101,0.0002000000000000668,0.5
KHT-XE5S,2025-06-19 06:10:00,9.5089,8.219,KHT-XE5S_2025_0526_1101,9.999999999994457e-05,0.5
KHT-XE5S,2025-06-19 06:20:00,9.5091,8.219,KHT-XE5S_2025_0526_1101,0.0,0.5
KHT-XE5S,2025-06-19 06:30:00,9.5099,8.217,KHT-XE5S_2025_0526_1101,0.00019999999999988915,0.5
KHT-XE5S,2025-06-19 06:40:00,9.5095,8.221,KHT-XE5S_2025_0526_1101,0.00039999999999995595,0.5
KHT-XE5S,2025-06-19 06:50:00,9.5098,8.221,KHT-XE5S_2025_0526_1101,0.0,0.5
KHT-XE5S,2025-06-19 07:00:00,9.5101,8.22,KHT-XE5S_2025_0526_1101,9.999999999994457e-05,0.5
KHT-XE5S,2025-06-19 07:10:00,9.5103,8.22,KHT-XE5S_2025_0526_1101,0.0,0.5
KHT-XE5S,2025-06-19 07:20:00,9.5104,8.22,KHT-XE5S_2025_0526_1101,0.0,0.5
KHT-XE5S,2025-06-19 07:30:00,9.5105,8.222,KHT-XE5S_2025_0526_1101,0.00019999999999988915,0.5
KHT-XE5S,2025-06-19 07:40:00,9.51,8.221,KHT-XE5S_2025_0526_1101,9.999999999994457e-05,0.5
KHT-XE5S,2025-06-19 07:50:00,9.5097,8.222,KHT-XE5S_2025_0526_1101,9.999999999994457e-05,0.5
KHT-XE5S,2025-06-19 08:00:00,9.5093,8.222,KHT-XE5S_2025_0526_1101,0.0,0.5
KHT-XE5S,2025-06-19 08:10:00,9.5086,8.221,KHT-XE5S_2025_0526_1101,9.999999999994457e-05,0.5
KHT-XE5S,2025-06-19 08:20:00,9.5082,8.223,KHT-XE5S_2025_0526_1101,0.0002000000000000668,0.5
KHT-XE5S,2025-06-19 08:30:00,9.5074,8.224,KHT-XE5S_2025_0526_1101,9.999999999994457e-05,0.5
KHT-XE5S,2025-06-19 08:40:00,9.5073,8.225,KHT-XE5S_2025_0526_1101,9.999999999994457e-05,0.5
KHT-XE5S,2025-06-19 08:50:00,9.5058,8.225,KHT-XE5S_2025_0526_1101,0.0,0.5
KHT-XE5S,2025-06-19 09:00:00,9.5055,8.225,KHT-XE5S_2025_0526_1101,0.0,0.5
KHT-XE5S,2025-06-19 09:10:00,9.5037,8.226,KHT-XE5S_2025_0526_1101,0.00010000000000012221,0.5
KHT-XE5S,2025-06-19 09:20:00,9.5023,8.226,KHT-XE5S_2025_0526_1101,0.0,0.5
KHT-XE5S,2025-06-19 09:30:00,9.502,8.227,KHT-XE5S_2025_0526_1101,9.999999999994457e-05,0.5
KHT-XE5S,2025-06-19 09:40:00,9.5005,8.228,KHT-XE5S_2025_0526_1101,9.999999999994457e-05,0.5
KHT-XE5S,2025-06-19 09:50:00,9.4995,8.227,KHT-XE5S_2025_0526_1101,9.999999999994457e-05,0.5
KHT-XE5S,2025-06-19 10:00:00,9.4989,8.228,KHT-XE5S_2025_0526_1101,9.999999999994457e-05,0.5
KHT-XE5S,2025-06-19 10:10:00,9.4962,8.228,KHT-XE5S_2025_0526_1101,0.0,0.5
KHT-XE5S,2025-06-19 10:20:00,9.4964,8.227,KHT-XE5S_2025_0526_1101,9.999999999994457e-05,0.5
KHT-XE5S,2025-06-19 10:30:00,9.4954,8.229,KHT-XE5S_2025_0526_1101,0.00019999999999988915,0.5
KHT-XE5S,2025-06-19 10:40:00,9.4924,8.23,KHT-XE5S_2025_0526_1101,0.00010000000000012221,0.5
KHT-XE5S,2025-06-19 10:50:00,9.4941,8.23,KHT-XE5S_2025_0526_1101,0.0,0.5
KHT-XE5S,2025-06-19 11:00:00,9.4915,8.233,KHT-XE5S_2025_0526_1101,0.00030000000000001136,0.5
KHT-XE5S,2025-06-19 11:10:00,9.4902,8.231,KHT-XE5S_2025_0526_1101,0.0002000000000000668,0.5
KHT-XE5S,2025-06-19 11:20:00,9.4878,8.233,KHT-XE5S_2025_0526_1101,0.0002000000000000668,0.5
KHT-XE5S,2025-06-19 11:30:00,9.4868,8.232,KHT-XE5S_2025_0526_1101,0.00010000000000012221,0.5
KHT-XE5S,2025-06-19 11:40:00,9.4855,8.232,KHT-XE5S_2025_0526_1101,0.0,0.5
KHT-XE5S,2025-06-19 11:50:00,9.4839,8.231,KHT-XE5S_2025_0526_1101,9.999999999994457e-05,0.5
KHT-XE5S,2025-06-19 12:00:00,9.4834,8.234,KHT-XE5S_2025_0526_1101,0.00030000000000001136,0.5
KHT-XE5S,2025-06-19 12:10:00,9.4829,8.234,KHT-XE5S_2025_0526_1101,0.0,0.5
KHT-XE5S,2025-06-19 12:20:00,9.4812,8.234,KHT-XE5S_2025_0526_1101,0.0,0.5
KHT-XE5S,2025-06-19 12:30:00,9.4801,8.232,KHT-XE5S_2025_0526_1101,0.0002000000000000668,0.5
KHT-XE5S,2025-06-19 12:40:00,9.4791,8.235,KHT-XE5S_2025_0526_1101,0.00030000000000001136,0.5
KHT-XE5S,2025-06-19 12:50:00,9.4775,8.234,KHT-XE5S_2025_0526_1101,9.999999999994457e-05,0.5
KHT-XE5S,2025-06-19 13:00:00,9.4763,8.235,KHT-XE5S_2025_0526_1101,9.999999999994457e-05,0.5
KHT-XE5S,2025-06-19 13:10:00,9.4757,8.236,KHT-XE5S_2025_0526_1101,0.00010000000000012221,0.5
KHT-XE5S,2025-06-19 13:20:00,9.4734,8.237,KHT-XE5S_2025_0526_1101,9.999999999994457e-05,0.5
KHT-XE5S,2025-06-19 13:30:00,9.4725,8.237,KHT-XE5S_2025_0526_1101,0.0,0.5
KHT-XE5S,2025-06-19 13:40:00,9.4716,8.238,KHT-XE5S_2025_0526_1101,9.999999999994457e-05,0.5
KHT-XE5S,2025-06-19 13:50:00,9.4703,8.238,KHT-XE5S_2025_0526_1101,0.0,0.5
KHT-XE5S,2025-06-19 14:00:00,9.4679,8.24,KHT-XE5S_2025_0526_1101,0.0002000000000000668,0.5
KHT-XE5S,2025-06-19 14:10:00,9.4666,8.239,KHT-XE5S_2025_0526_1101,9.999999999994457e-05,0.5
KHT-XE5S,2025-06-19 14:20:00,9.4674,8.24,KHT-XE5S_2025_0526_1101,9.999999999994457e-05,0.5
KHT-XE5S,2025-06-19 14:30:00,9.4676,8.24,KHT-XE5S_2025_0526_1101,0.0,0.5
KHT-XE5S,2025-06-19 14:40:00,9.466,8.24,KHT-XE5S_2025_0526_1101,0.0,0.5
KHT-XE5S,2025-06-19 14:50:00,9.4656,8.244,KHT-XE5S_2025_0526_1101,0.00039999999999995595,0.5
KHT-XE5S,2025-06-19 15:00:00,9.4649,8.241,KHT-XE5S_2025_0526_1101,0.00030000000000001136,0.5
KHT-XE5S,2025-06-19 15:10:00,9.4647,8.242,KHT-XE5S_2025_0526_1101,0.00010000000000012221,0.5
KHT-XE5S,2025-06-19 15:20:00,9.4643,8.242,KHT-XE5S_2025_0526_1101,0.0,0.5
KHT-XE5S,2025-06-19 15:30:00,9.4642,8.243,KHT-XE5S_2025_0526_1101,9.999999999994457e-05,0.5
KHT-XE5S,2025-06-19 15:40:00,9.4625,8.244,KHT-XE5S_2025_0526_1101,9.999999999994457e-05,0.5
KHT-XE5S,2025-06-19 15:50:00,9.4613,8.244,KHT-XE5S_2025_0526_1101,0.0,0.5
KHT-XE5S,2025-06-19 16:00:00,9.4601,8.245,KHT-XE5S_2025_0526_1101,9.999999999994457e-05,0.5
KHT-XE5S,2025-06-19 16:10:00,9.4584,8.244,KHT-XE5S_2025_0526_1101,9.999999999994457e-05,0.5
KHT-XE5S,2025-06-19 16:20:00,9.4586,8.245,KHT-XE5S_2025_0526_1101,9.999999999994457e-05,0.5
KHT-XE5S,2025-06-19 16:30:00,9.4583,8.246,KHT-XE5S_2025_0526_1101,0.00010000000000012221,0.5
KHT-XE5S,2025-06-19 16:40:00,9.4573,8.246,KHT-XE5S_2025_0526_1101,0.0,0.5
KHT-XE5S,2025-06-19 16:50:00,9.4564,8.246,KHT-XE5S_2025_0526_1101,0.0,0.5
KHT-XE5S,2025-06-19 17:00:00,9.4567,8.248,KHT-XE5S_2025_0526_1101,0.00019999999999988915,0.5
KHT-XE5S,2025-06-19 17:10:00,9.4553,8.246,KHT-XE5S_2025_0526_1101,0.00019999999999988915,0.5
KHT-XE5S,2025-06-19 17:20:00,9.4555,8.248,KHT-XE5S_2025_0526_1101,0.00019999999999988915,0.5
KHT-XE5S,2025-06-19 17:30:00,9.4542,8.248,KHT-XE5S_2025_0526_1101,0.0,0.5
KHT-XE5S,2025-06-19 17:40:00,9.4537,8.248,KHT-XE5S_2025_0526_1101,0.0,0.5
KHT-XE5S,2025-06-19 17:50:00,9.4549,8.247,KHT-XE5S_2025_0526_1101,9.999999999994457e-05,0.5
KHT-XE5S,2025-06-19 18:00:00,9.4549,8.249,KHT-XE5S_2025_0526_1101,0.0002000000000000668,0.5
KHT-XE5S,2025-06-19 18:10:00,9.4542,8.251,KHT-XE5S_2025_0526_1101,0.00019999999999988915,0.5
KHT-XE5S,2025-06-19 18:20:00,9.4531,8.248,KHT-XE5S_2025_0526_1101,0.00030000000000001136,0.5
KHT-XE5S,2025-06-19 18:30:00,9.4529,8.252,KHT-XE5S_2025_0526_1101,0.0004000000000001336,0.5
KHT-XE5S,2025-06-19 18:40:00,9.453,8.25,KHT-XE5S_2025_0526_1101,0.0002000000000000668,0.5
KHT-XE5S,2025-06-19 18:50:00,9.4523,8.253,KHT-XE5S_2025_0526_1101,0.00030000000000001136,0.5
KHT-XE5S,2025-06-19 19:00:00,9.4508,8.25,KHT-XE5S_2025_0526_1101,0.00030000000000001136,0.5
KHT-XE5S,2025-06-19 19:10:00,9.4512,8.253,KHT-XE5S_2025_0526_1101,0.00030000000000001136,0.5
KHT-XE5S,2025-06-19 19:20:00,9.4515,8.253,KHT-XE5S_2025_0526_1101,0.0,0.5
KHT-XE5S,2025-06-19 19:30:00,9.4503,8.252,KHT-XE5S_2025_0526_1101,9.999999999994457e-05,0.5
KHT-XE5S,2025-06-19 19:40:00,9.4507,8.252,KHT-XE5S_2025_0526_1101,0.0,0.5
KHT-XE5S,2025-06-19 19:50:00,9.4503,8.254,KHT-XE5S_2025_0526_1101,0.00019999999999988915,0.5
KHT-XE5S,2025-06-19 20:00:00,9.4481,8.254,KHT-XE5S_2025_0526_1101,0.0,0.5
KHT-XE5S,2025-06-19 20:10:00,9.4485,8.253,KHT-XE5S_2025_0526_1101,9.999999999994457e-05,0.5
KHT-XE5S,2025-06-19 20:20:00,9.4482,8.254,KHT-XE5S_2025_0526_1101,9.999999999994457e-05,0.5
KHT-XE5S,2025-06-19 20:30:00,9.4479,8.254,KHT-XE5S_2025_0526_1101,0.0,0.5
KHT-XE5S,2025-06-19 20:40:00,9.4468,8.254,KHT-XE5S_2025_0526_1101,0.0,0.5
KHT-XE5S,2025-06-19 20:50:00,9.446,8.255,KHT-XE5S_2025_0526_1101,0.00010000000000012221,0.5
KHT-XE5S,2025-06-19 21:00:00,9.4464,8.255,KHT-XE5S_2025_0526_1101,0.0,0.5
KHT-XE5S,2025-06-19 21:10:00,9.4468,8.255,KHT-XE5S_2025_0526_1101,0.0,0.5
KHT-XE5S,2025-06-19 21:20:00,9.4478,8.255,KHT-XE5S_2025_0526_1101,0.0,0.5
KHT-XE5S,2025-06-19 21:30:00,9.4498,8.257,KHT-XE5S_2025_0526_1101,0.00019999999999988915,0.5
KHT-XE5S,2025-06-19 21:40:00,9.4522,8.255,KHT-XE5S_2025_0526_1101,0.00019999999999988915,0.5
KHT-XE5S,2025-06-19 21:50:00,9.454,8.257,KHT-XE5S_2025_0526_1101,0.00019999999999988915,0.5
KHT-XE5S,2025-06-19 22:00:00,9.4554,8.259,KHT-XE5S_2025_0526_1101,0.0002000000000000668,0.5
KHT-XE5S,2025-06-19 22:10:00,9.4563,8.256,KHT-XE5S_2025_0526_1101,0.00030000000000001136,0.5
KHT-XE5S,2025-06-19 22:20:00,9.4564,8.258,KHT-XE5S_2025_0526_1101,0.00019999999999988915,0.5
KHT-XE5S,2025-06-19 22:30:00,9.4562,8.259,KHT-XE5S_2025_0526_1101,0.00010000000000012221,0.5
KHT-XE5S,2025-06-19 22:40:00,9.4561,8.26,KHT-XE5S_2025_0526_1101,9.999999999994457e-05,0.5
KHT-XE5S,2025-06-19 22:50:00,9.4547,8.259,KHT-XE5S_2025_0526_1101,9.999999999994457e-05,0.5
KHT-XE5S,2025-06-19 23:00:00,9.4536,8.259,KHT-XE5S_2025_0526_1101,0.0,0.5
KHT-XE5S,2025-06-19 23:10:00,9.4531,8.262,KHT-XE5S_2025_0526_1101,0.00030000000000001136,0.5
KHT-XE5S,2025-06-19 23:20:00,9.452,8.261,KHT-XE5S_2025_0526_1101,0.00010000000000012221,0.5
KHT-XE5S,2025-06-19 23:30:00,9.4513,8.26,KHT-XE5S_2025_0526_1101,9.999999999994457e-05,0.5
KHT-XE5S,2025-06-19 23:40:00,9.4502,8.262,KHT-XE5S_2025_0526_1101,0.0002000000000000668,0.5
KHT-XE5S,2025-06-19 23:50:00,9.4509,8.262,KHT-XE5S_2025_0526_1101,0.0,0.5
KHT-XE5S,2025-06-20 00:00:00,9.4504,8.262,KHT-XE5S_2025_0526_1101,0.0,0.5
KHT-XE5S,2025-06-20 00:10:00,9.4502,8.261,KHT-XE5S_2025_0526_1101,0.00010000000000012221,0.5
KHT-XE5S,2025-06-20 00:20:00,9.4497,8.263,KHT-XE5S_2025_0526_1101,0.0002000000000000668,0.5
KHT-XE5S,2025-06-20 00:30:00,9.4501,8.262,KHT-XE5S_2025_0526_1101,9.999999999994457e-05,0.5
KHT-XE5S,2025-06-20 00:40:00,9.45,8.263,KHT-XE5S_2025_0526_1101,9.999999999994457e-05,0.5
KHT-XE5S,2025-06-20 00:50:00,9.4496,8.263,KHT-XE5S_2025_0526_1101,0.0,0.5
KHT-XE5S,2025-06-20 01:00:00,9.4494,8.263,KHT-XE5S_2025_0526_1101,0.0,0.5
KHT-XE5S,2025-06-20 01:10:00,9.4495,8.266,KHT-XE5S_2025_0526_1101,0.00030000000000001136,0.5
KHT-XE5S,2025-06-20 01:20:00,9.4496,8.261,KHT-XE5S_2025_0526_1101,0.0005000000000000782,0.5
KHT-XE5S,2025-06-20 01:30:00,9.4483,8.263,KHT-XE5S_2025_0526_1101,0.0002000000000000668,0.5
KHT-XE5S,2025-06-20 01:40:00,9.4472,8.266,KHT-XE5S_2025_0526_1101,0.00030000000000001136,0.5
KHT-XE5S,2025-06-20 01:50:00,9.447,8.267,KHT-XE5S_2025_0526_1101,9.999999999994457e-05,0.5
KHT-XE5S,2025-06-20 02:00:00,9.4471,8.266,KHT-XE5S_2025_0526_1101,9.999999999994457e-05,0.5
KHT-XE5S,2025-06-20 02:10:00,9.4461,8.264,KHT-XE5S_2025_0526_1101,0.0002000000000000668,0.5
KHT-XE5S,2025-06-20 02:20:00,9.4456,8.266,KHT-XE5S_2025_0526_1101,0.0002000000000000668,0.5
KHT-XE5S,2025-06-20 02:30:00,9.4443,8.267,KHT-XE5S_2025_0526_1101,9.999999999994457e-05,0.5
KHT-XE5S,2025-06-20 02:40:00,9.4445,8.267,KHT-XE5S_2025_0526_1101,0.0,0.5
KHT-XE5S,2025-06-20 02:50:00,9.4442,8.269,KHT-XE5S_2025_0526_1101,0.0002000000000000668,0.5
KHT-XE5S,2025-06-20 03:00:00,9.4437,8.268,KHT-XE5S_2025_0526_1101,9.999999999994457e-05,0.5
KHT-XE5S,2025-06-20 03:10:00,9.4423,8.268,KHT-XE5S_2025_0526_1101,0.0,0.5
KHT-XE5S,2025-06-20 03:20:00,9.4421,8.268,KHT-XE5S_2025_0526_1101,0.0,0.5
KHT-XE5S,2025-06-20 03:30:00,9.4427,8.27,KHT-XE5S_2025_0526_1101,0.00019999999999988915,0.5
KHT-XE5S,2025-06-20 03:40:00,9.4428,8.269,KHT-XE5S_2025_0526_1101,9.999999999994457e-05,0.5
KHT-XE5S,2025-06-20 03:50:00,9.4416,8.27,KHT-XE5S_2025_0526_1101,9.999999999994457e-05,0.5
KHT-XE5S,2025-06-20 04:00:00,9.44,8.271,KHT-XE5S_2025_0526_1101,0.00010000000000012221,0.5
KHT-XE5S,2025-06-20 04:10:00,9.4406,8.271,KHT-XE5S_2025_0526_1101,0.0,0.5
KHT-XE5S,2025-06-20 04:20:00,9.4407,8.272,KHT-XE5S_2025_0526_1101,9.999999999994457e-05,0.5
KHT-XE5S,2025-06-20 04:30:00,9.4407,8.271,KHT-XE5S_2025_0526_1101,9.999999999994457e-05,0.5
KHT-XE5S,2025-06-20 04:40:00,9.4408,8.274,KHT-XE5S_2025_0526_1101,0.0002999999999998337,0.5
KHT-XE5S,2025-06-20 04:50:00,9.4416,8.273,KHT-XE5S_2025_0526_1101,9.999999999994457e-05,0.5
KHT-XE5S,2025-06-20 05:00:00,9.4424,8.274,KHT-XE5S_2025_0526_1101,9.999999999994457e-05,0.5
KHT-XE5S,2025-06-20 05:10:00,9.4427,8.272,KHT-XE5S_2025_0526_1101,0.00019999999999988915,0.5
KHT-XE5S,2025-06-20 05:20:00,9.4424,8.273,KHT-XE5S_2025_0526_1101,9.999999999994457e-05,0.5
KHT-XE5S,2025-06-20 05:30:00,9.4418,8.274,KHT-XE5S_2025_0526_1101,9.999999999994457e-05,0.5
KHT-XE5S,2025-06-20 05:40:00,9.4415,8.272,KHT-XE5S_2025_0526_1101,0.00019999999999988915,0.5
KHT-XE5S,2025-06-20 05:50:00,9.4421,8.273,KHT-XE5S_2025_0526_1101,9.999999999994457e-05,0.5
KHT-XE5S,2025-06-20 06:00:00,9.443,8.275,KHT-XE5S_2025_0526_1101,0.0002000000000000668,0.5
KHT-XE5S,2025-06-20 06:10:00,9.4436,8.275,KHT-XE5S_2025_0526_1101,0.0,0.5
KHT-XE5S,2025-06-20 06:20:00,9.4437,8.276,KHT-XE5S_2025_0526_1101,9.999999999994457e-05,0.5
KHT-XE5S,2025-06-20 06:30:00,9.4439,8.275,KHT-XE5S_2025_0526_1101,9.999999999994457e-05,0.5
KHT-XE5S,2025-06-20 06:40:00,9.4435,8.275,KHT-XE5S_2025_0526_1101,0.0,0.5
KHT-XE5S,2025-06-20 06:50:00,9.4433,8.277,KHT-XE5S_2025_0526_1101,0.00019999999999988915,0.5
KHT-XE5S,2025-06-20 07:00:00,9.4438,8.277,KHT-XE5S_2025_0526_1101,0.0,0.5
KHT-XE5S,2025-06-20 07:10:00,9.4445,8.276,KHT-XE5S_2025_0526_1101,9.999999999994457e-05,0.5
KHT-XE5S,2025-06-20 07:20:00,9.4452,8.279,KHT-XE5S_2025_0526_1101,0.00030000000000001136,0.5
KHT-XE5S,2025-06-20 07:30:00,9.4428,8.278,KHT-XE5S_2025_0526_1101,9.999999999994457e-05,0.5
KHT-XE5S,2025-06-20 07:40:00,9.4429,8.278,KHT-XE5S_2025_0526_1101,0.0,0.5
KHT-XE5S,2025-06-20 07:50:00,9.4424,8.277,KHT-XE5S_2025_0526_1101,0.00010000000000012221,0.5
KHT-XE5S,2025-06-20 08:00:00,9.4429,8.277,KHT-XE5S_2025_0526_1101,0.0,0.5
KHT-XE5S,2025-06-20 08:10:00,9.4413,8.28,KHT-XE5S_2025_0526_1101,0.00030000000000001136,0.5
KHT-XE5S,2025-06-20 08:20:00,9.4428,8.28,KHT-XE5S_2025_0526_1101,0.0,0.5
KHT-XE5S,2025-06-20 08:30:00,9.4421,8.28,KHT-XE5S_2025_0526_1101,0.0,0.5
KHT-XE5S,2025-06-20 08:40:00,9.4422,8.281,KHT-XE5S_2025_0526_1101,0.00010000000000012221,0.5
KHT-XE5S,2025-06-20 08:50:00,9.4414,8.279,KHT-XE5S_2025_0526_1101,0.0002000000000000668,0.5
KHT-XE5S,2025-06-20 09:00:00,9.4418,8.282,KHT-XE5S_2025_0526_1101,0.00030000000000001136,0.5
KHT-XE5S,2025-06-20 09:10:00,9.4405,8.281,KHT-XE5S_2025_0526_1101,9.999999999994457e-05,0.5
KHT-XE5S,2025-06-20 09:20:00,9.4401,8.281,KHT-XE5S_2025_0526_1101,0.0,0.5
KHT-XE5S,2025-06-20 09:30:00,9.4395,8.282,KHT-XE5S_2025_0526_1101,9.999999999994457e-05,0.5
KHT-XE5S,2025-06-20 09:40:00,9.4378,8.285,KHT-XE5S_2025_0526_1101,0.00030000000000001136,0.5
KHT-XE5S,2025-06-20 09:50:00,9.436,8.284,KHT-XE5S_2025_0526_1101,9.999999999994457e-05,0.5
KHT-XE5S,2025-06-20 10:00:00,9.4332,8.284,KHT-XE5S_2025_0526_1101,0.0,0.5
KHT-XE5S,2025-06-20 10:10:00,9.433,8.284,KHT-XE5S_2025_0526_1101,0.0,0.5
KHT-XE5S,2025-06-20 10:20:00,9.4314,8.284,KHT-XE5S_2025_0526_1101,0.0,0.5
KHT-XE5S,2025-06-20 10:30:00,9.4324,8.284,KHT-XE5S_2025_0526_1101,0.0,0.5
KHT-XE5S,2025-06-20 10:40:00,9.4328,8.284,KHT-XE5S_2025_0526_1101,0.0,0.5
KHT-XE5S,2025-06-20 10:50:00,9.431,8.286,KHT-XE5S_2025_0526_1101,0.00019999999999988915,0.5
KHT-XE5S,2025-06-20 11:00:00,9.4307,8.286,KHT-XE5S_2025_0526_1101,0.0,0.5
KHT-XE5S,2025-06-20 11:10:00,9.4304,8.288,KHT-XE5S_2025_0526_1101,0.0002000000000000668,0.5
KHT-XE5S,2025-06-20 11:20:00,9.4282,8.287,KHT-XE5S_2025_0526_1101,9.999999999994457e-05,0.5
KHT-XE5S,2025-06-20 11:30:00,9.4285,8.288,KHT-XE5S_2025_0526_1101,9.999999999994457e-05,0.5
KHT-XE5S,2025-06-20 11:40:00,9.4264,8.288,KHT-XE5S_2025_0526_1101,0.0,0.5
KHT-XE5S,2025-06-20 11:50:00,9.4256,8.29,KHT-XE5S_2025_0526_1101,0.00019999999999988915,0.5
KHT-XE5S,2025-06-20 12:00:00,9.4231,8.289,KHT-XE5S_2025_0526_1101,9.999999999994457e-05,0.5
KHT-XE5S,2025-06-20 12:10:00,9.424,8.289,KHT-XE5S_2025_0526_1101,0.0,0.5
KHT-XE5S,2025-06-20 12:20:00,9.4225,8.29,KHT-XE5S_2025_0526_1101,9.999999999994457e-05,0.5
KHT-XE5S,2025-06-20 12:30:00,9.4214,8.289,KHT-XE5S_2025_0526_1101,9.999999999994457e-05,0.5
KHT-XE5S,2025-06-20 12:40:00,9.4207,8.29,KHT-XE5S_2025_0526_1101,9.999999999994457e-05,0.5
KHT-XE5S,2025-06-20 12:50:00,9.422,8.29,KHT-XE5S_2025_0526_1101,0.0,0.5
KHT-XE5S,2025-06-20 13:00:00,9.4183,8.29,KHT-XE5S_2025_0526_1101,0.0,0.5
KHT-XE5S,2025-06-20 13:10:00,9.4212,8.292,KHT-XE5S_2025_0526_1101,0.0002000000000000668,0.5
KHT-XE5S,2025-06-20 13:20:00,9.4192,8.292,KHT-XE5S_2025_0526_1101,0.0,0.5
KHT-XE5S,2025-06-20 13:30:00,9.4163,8.292,KHT-XE5S_2025_0526_1101,0.0,0.5
KHT-XE5S,2025-06-20 13:40:00,9.4139,8.292,KHT-XE5S_2025_0526_1101,0.0,0.5
KHT-XE5S,2025-06-20 13:50:00,9.4157,8.293,KHT-XE5S_2025_0526_1101,9.999999999994457e-05,0.5
KHT-XE5S,2025-06-20 14:00:00,9.4153,8.292,KHT-XE5S_2025_0526_1101,9.999999999994457e-05,0.5
KHT-XE5S,2025-06-20 14:10:00,9.417,8.292,KHT-XE5S_2025_0526_1101,0.0,0.5
KHT-XE5S,2025-06-20 14:20:00,9.417,8.294,KHT-XE5S_2025_0526_1101,0.0002000000000000668,0.5
KHT-XE5S,2025-06-20 14:30:00,9.4187,8.296,KHT-XE5S_2025_0526_1101,0.00019999999999988915,0.5
KHT-XE5S,2025-06-20 14:40:00,9.4165,8.294,KHT-XE5S_2025_0526_1101,0.00019999999999988915,0.5
KHT-XE5S,2025-06-20 14:50:00,9.416,8.298,KHT-XE5S_2025_0526_1101,0.00039999999999995595,0.5
KHT-XE5S,2025-06-20 15:00:00,9.4155,8.297,KHT-XE5S_2025_0526_1101,9.999999999994457e-05,0.5
KHT-XE5S,2025-06-20 15:10:00,9.4177,8.296,KHT-XE5S_2025_0526_1101,0.00010000000000012221,0.5
KHT-XE5S,2025-06-20 15:20:00,9.4157,8.299,KHT-XE5S_2025_0526_1101,0.00030000000000001136,0.5
KHT-XE5S,2025-06-20 15:30:00,9.4164,8.297,KHT-XE5S_2025_0526_1101,0.00019999999999988915,0.5
KHT-XE5S,2025-06-20 15:40:00,9.4153,8.297,KHT-XE5S_2025_0526_1101,0.0,0.5
KHT-XE5S,2025-06-20 15:50:00,9.4168,8.297,KHT-XE5S_2025_0526_1101,0.0,0.5
KHT-XE5S,2025-06-20 16:00:00,9.4163,8.298,KHT-XE5S_2025_0526_1101,9.999999999994457e-05,0.5
KHT-XE5S,2025-06-20 16:10:00,9.4164,8.298,KHT-XE5S_2025_0526_1101,0.0,0.5
KHT-XE5S,2025-06-20 16:20:00,9.4145,8.299,KHT-XE5S_2025_0526_1101,9.999999999994457e-05,0.5
KHT-XE5S,2025-06-20 16:30:00,9.416,8.299,KHT-XE5S_2025_0526_1101,0.0,0.5
KHT-XE5S,2025-06-20 16:40:00,9.4156,8.301,KHT-XE5S_2025_0526_1101,0.0002000000000000668,0.5
KHT-XE5S,2025-06-20 16:50:00,9.418,8.301,KHT-XE5S_2025_0526_1101,0.0,0.5
KHT-XE5S,2025-06-20 17:00:00,9.4154,8.301,KHT-XE5S_2025_0526_1101,0.0,0.5
KHT-XE5S,2025-06-20 17:10:00,9.4159,8.301,KHT-XE5S_2025_0526_1101,0.0,0.5
KHT-XE5S,2025-06-20 17:20:00,9.4154,8.301,KHT-XE5S_2025_0526_1101,0.0,0.5
KHT-XE5S,2025-06-20 17:30:00,9.415,8.301,KHT-XE5S_2025_0526_1101,0.0,0.5
KHT-XE5S,2025-06-20 17:40:00,9.4158,8.302,KHT-XE5S_2025_0526_1101,9.999999999994457e-05,0.5
KHT-XE5S,2025-06-20 17:50:00,9.4164,8.301,KHT-XE5S_2025_0526_1101,9.999999999994457e-05,0.5
KHT-XE5S,2025-06-20 18:00:00,9.4162,8.304,KHT-XE5S_2025_0526_1101,0.00030000000000001136,0.5
KHT-XE5S,2025-06-20 18:10:00,9.4164,8.303,KHT-XE5S_2025_0526_1101,9.999999999994457e-05,0.5
KHT-XE5S,2025-06-20 18:20:00,9.417,8.303,KHT-XE5S_2025_0526_1101,0.0,0.5
KHT-XE5S,2025-06-20 18:30:00,9.4175,8.303,KHT-XE5S_2025_0526_1101,0.0,0.5
KHT-XE5S,2025-06-20 18:40:00,9.4189,8.304,KHT-XE5S_2025_0526_1101,9.999999999994457e-05,0.5
KHT-XE5S,2025-06-20 18:50:00,9.42,8.305,KHT-XE5S_2025_0526_1101,9.999999999994457e-05,0.5
KHT-XE5S,2025-06-20 19:00:00,9.4195,8.305,KHT-XE5S_2025_0526_1101,0.0,0.5
KHT-XE5S,2025-06-20 19:10:00,9.4204,8.304,KHT-XE5S_2025_0526_1101,9.999999999994457e-05,0.5
KHT-XE5S,2025-06-20 19:20:00,9.4208,8.305,KHT-XE5S_2025_0526_1101,9.999999999994457e-05,0.5
KHT-XE5S,2025-06-20 19:30:00,9.4217,8.307,KHT-XE5S_2025_0526_1101,0.0002000000000000668,0.5
KHT-XE5S,2025-06-20 19:40:00,9.4224,8.307,KHT-XE5S_2025_0526_1101,0.0,0.5
KHT-XE5S,2025-06-20 19:50:00,9.4232,8.306,KHT-XE5S_2025_0526_1101,0.00010000000000012221,0.5
KHT-XE5S,2025-06-20 20:00:00,9.4237,8.308,KHT-XE5S_2025_0526_1101,0.0002000000000000668,0.5
KHT-XE5S,2025-06-20 20:10:00,9.4242,8.308,KHT-XE5S_2025_0526_1101,0.0,0.5
KHT-XE5S,2025-06-20 20:20:00,9.4251,8.307,KHT-XE5S_2025_0526_1101,9.999999999994457e-05,0.5
KHT-XE5S,2025-06-20 20:30:00,9.4253,8.31,KHT-XE5S_2025_0526_1101,0.00030000000000001136,0.5
KHT-XE5S,2025-06-20 20:40:00,9.4257,8.309,KHT-XE5S_2025_0526_1101,0.00010000000000012221,0.5
KHT-XE5S,2025-06-20 20:50:00,9.4259,8.309,KHT-XE5S_2025_0526_1101,0.0,0.5
KHT-XE5S,2025-06-20 21:00:00,9.4261,8.312,KHT-XE5S_2025_0526_1101,0.00030000000000001136,0.5
KHT-XE5S,2025-06-20 21:10:00,9.4266,8.309,KHT-XE5S_2025_0526_1101,0.00030000000000001136,0.5
KHT-XE5S,2025-06-20 21:20:00,9.4283,8.308,KHT-XE5S_2025_0526_1101,9.999999999994457e-05,0.5
KHT-XE5S,2025-06-20 21:30:00,9.429,8.31,KHT-XE5S_2025_0526_1101,0.0002000000000000668,0.5
KHT-XE5S,2025-06-20 21:40:00,9.4294,8.311,KHT-XE5S_2025_0526_1101,9.999999999994457e-05,0.5
KHT-XE5S,2025-06-20 21:50:00,9.4312,8.311,KHT-XE5S_2025_0526_1101,0.0,0.5
KHT-XE5S,2025-06-20 22:00:00,9.4322,8.311,KHT-XE5S_2025_0526_1101,0.0,0.5
KHT-XE5S,2025-06-20 22:10:00,9.4325,8.314,KHT-XE5S_2025_0526_1101,0.00030000000000001136,0.5
KHT-XE5S,2025-06-20 22:20:00,9.4328,8.313,KHT-XE5S_2025_0526_1101,9.999999999994457e-05,0.5
KHT-XE5S,2025-06-20 22:30:00,9.4329,8.312,KHT-XE5S_2025_0526_1101,0.00010000000000012221,0.5
KHT-XE5S,2025-06-20 22:40:00,9.4333,8.313,KHT-XE5S_2025_0526_1101,0.00010000000000012221,0.5
KHT-XE5S,2025-06-20 22:50:00,9.4337,8.313,KHT-XE5S_2025_0526_1101,0.0,0.5
KHT-XE5S,2025-06-20 23:00:00,9.4335,8.313,KHT-XE5S_2025_0526_1101,0.0,0.5
KHT-XE5S,2025-06-20 23:10:00,9.4337,8.315,KHT-XE5S_2025_0526_1101,0.00019999999999988915,0.5
KHT-XE5S,2025-06-20 23:20:00,9.434,8.316,KHT-XE5S_2025_0526_1101,0.00010000000000012221,0.5
KHT-XE5S,2025-06-20 23:30:00,9.4337,8.315,KHT-XE5S_2025_0526_1101,0.00010000000000012221,0.5
KHT-XE5S,2025-06-20 23:40:00,9.4332,8.314,KHT-XE5S_2025_0526_1101,9.999999999994457e-05,0.5
KHT-XE5S,2025-06-20 23:50:00,9.4333,8.316,KHT-XE5S_2025_0526_1101,0.0002000000000000668,0.5
KHT-XE5S,2025-06-21 00:00:00,9.4336,8.318,KHT-XE5S_2025_0526_1101,0.00019999999999988915,0.5
KHT-XE5S,2025-06-21 00:10:00,9.4321,8.316,KHT-XE5S_2025_0526_1101,0.00019999999999988915,0.5
KHT-XE5S,2025-06-21 00:20:00,9.4325,8.315,KHT-XE5S_2025_0526_1101,0.00010000000000012221,0.5
KHT-XE5S,2025-06-21 00:30:00,9.4331,8.316,KHT-XE5S_2025_0526_1101,0.00010000000000012221,0.5
KHT-XE5S,2025-06-21 00:40:00,9.4325,8.316,KHT-XE5S_2025_0526_1101,0.0,0.5
KHT-XE5S,2025-06-21 00:50:00,9.4322,8.318,KHT-XE5S_2025_0526_1101,0.00019999999999988915,0.5
KHT-XE5S,2025-06-21 01:00:00,9.4322,8.318,KHT-XE5S_2025_0526_1101,0.0,0.5
KHT-XE5S,2025-06-21 01:10:00,9.4322,8.318,KHT-XE5S_2025_0526_1101,0.0,0.5
KHT-XE5S,2025-06-21 01:20:00,9.431,8.319,KHT-XE5S_2025_0526_1101,0.00010000000000012221,0.5
KHT-XE5S,2025-06-21 01:30:00,9.4308,8.32,KHT-XE5S_2025_0526_1101,9.999999999994457e-05,0.5
KHT-XE5S,2025-06-21 01:40:00,9.4305,8.32,KHT-XE5S_2025_0526_1101,0.0,0.5
KHT-XE5S,2025-06-21 01:50:00,9.4309,8.32,KHT-XE5S_2025_0526_1101,0.0,0.5
KHT-XE5S,2025-06-21 02:00:00,9.4306,8.321,KHT-XE5S_2025_0526_1101,9.999999999994457e-05,0.5
KHT-XE5S,2025-06-21 02:10:00,9.4304,8.321,KHT-XE5S_2025_0526_1101,0.0,0.5
KHT-XE5S,2025-06-21 02:20:00,9.4299,8.319,KHT-XE5S_2025_0526_1101,0.00019999999999988915,0.5
KHT-XE5S,2025-06-21 02:30:00,9.4298,8.322,KHT-XE5S_2025_0526_1101,0.0002999999999998337,0.5
KHT-XE5S,2025-06-21 02:40:00,9.4304,8.322,KHT-XE5S_2025_0526_1101,0.0,0.5
KHT-XE5S,2025-06-21 02:50:00,9.4302,8.322,KHT-XE5S_2025_0526_1101,0.0,0.5
KHT-XE5S,2025-06-21 03:00:00,9.4301,8.322,KHT-XE5S_2025_0526_1101,0.0,0.5
KHT-XE5S,2025-06-21 03:10:00,9.43,8.324,KHT-XE5S_2025_0526_1101,0.0002000000000000668,0.5
KHT-XE5S,2025-06-21 03:20:00,9.4301,8.323,KHT-XE5S_2025_0526_1101,9.999999999994457e-05,0.5
KHT-XE5S,2025-06-21 03:30:00,9.4313,8.323,KHT-XE5S_2025_0526_1101,0.0,0.5
KHT-XE5S,2025-06-21 03:40:00,9.431,8.324,KHT-XE5S_2025_0526_1101,9.999999999994457e-05,0.5
KHT-XE5S,2025-06-21 03:50:00,9.432,8.323,KHT-XE5S_2025_0526_1101,9.999999999994457e-05,0.5
KHT-XE5S,2025-06-21 04:00:00,9.4318,8.324,KHT-XE5S_2025_0526_1101,9.999999999994457e-05,0.5
KHT-XE5S,2025-06-21 04:10:00,9.4329,8.328,KHT-XE5S_2025_0526_1101,0.00039999999999995595,0.5
KHT-XE5S,2025-06-21 04:20:00,9.4326,8.326,KHT-XE5S_2025_0526_1101,0.00019999999999988915,0.5
KHT-XE5S,2025-06-21 04:30:00,9.4332,8.325,KHT-XE5S_2025_0526_1101,0.00010000000000012221,0.5
KHT-XE5S,2025-06-21 04:40:00,9.4342,8.327,KHT-XE5S_2025_0526_1101,0.0002000000000000668,0.5
KHT-XE5S,2025-06-21 04:50:00,9.4343,8.327,KHT-XE5S_2025_0526_1101,0.0,0.5
KHT-XE5S,2025-06-21 05:00:00,9.4348,8.327,KHT-XE5S_2025_0526_1101,0.0,0.5
KHT-XE5S,2025-06-21 05:10:00,9.435,8.328,KHT-XE5S_2025_0526_1101,9.999999999994457e-05,0.5
KHT-XE5S,2025-06-21 05:20:00,9.4354,8.328,KHT-XE5S_2025_0526_1101,0.0,0.5
KHT-XE5S,2025-06-21 05:30:00,9.4359,8.33,KHT-XE5S_2025_0526_1101,0.0002000000000000668,0.5
KHT-XE5S,2025-06-21 05:40:00,9.4371,8.328,KHT-XE5S_2025_0526_1101,0.0002000000000000668,0.5
KHT-XE5S,2025-06-21 05:50:00,9.4372,8.33,KHT-XE5S_2025_0526_1101,0.0002000000000000668,0.5
KHT-XE5S,2025-06-21 06:00:00,9.437,8.329,KHT-XE5S_2025_0526_1101,9.999999999994457e-05,0.5
KHT-XE5S,2025-06-21 06:10:00,9.4379,8.33,KHT-XE5S_2025_0526_1101,9.999999999994457e-05,0.5
KHT-XE5S,2025-06-21 06:20:00,9.4383,8.332,KHT-XE5S_2025_0526_1101,0.0002000000000000668,0.5
KHT-XE5S,2025-06-21 06:30:00,9.4387,8.33,KHT-XE5S_2025_0526_1101,0.0002000000000000668,0.5
KHT-XE5S,2025-06-21 06:40:00,9.4391,8.331,KHT-XE5S_2025_0526_1101,9.999999999994457e-05,0.5
KHT-XE5S,2025-06-21 06:50:00,9.4404,8.33,KHT-XE5S_2025_0526_1101,9.999999999994457e-05,0.5
KHT-XE5S,2025-06-21 07:00:00,9.4414,8.331,KHT-XE5S_2025_0526_1101,9.999999999994457e-05,0.5
KHT-XE5S,2025-06-21 07:10:00,9.4428,8.332,KHT-XE5S_2025_0526_1101,0.00010000000000012221,0.5
KHT-XE5S,2025-06-21 07:20:00,9.4428,8.332,KHT-XE5S_2025_0526_1101,0.0,0.5
KHT-XE5S,2025-06-21 07:30:00,9.4437,8.331,KHT-XE5S_2025_0526_1101,0.00010000000000012221,0.5
KHT-XE5S,2025-06-21 07:40:00,9.4445,8.332,KHT-XE5S_2025_0526_1101,0.00010000000000012221,0.5
KHT-XE5S,2025-06-21 07:50:00,9.4465,8.333,KHT-XE5S_2025_0526_1101,9.999999999994457e-05,0.5
KHT-XE5S,2025-06-21 08:00:00,9.4473,8.334,KHT-XE5S_2025_0526_1101,9.999999999994457e-05,0.5
KHT-XE5S,2025-06-21 08:10:00,9.4484,8.335,KHT-XE5S_2025_0526_1101,0.00010000000000012221,0.5
KHT-XE5S,2025-06-21 08:20:00,9.45,8.333,KHT-XE5S_2025_0526_1101,0.0002000000000000668,0.5
KHT-XE5S,2025-06-21 08:30:00,9.4506,8.333,KHT-XE5S_2025_0526_1101,0.0,0.5
KHT-XE5S,2025-06-21 08:40:00,9.4511,8.335,KHT-XE5S_2025_0526_1101,0.0002000000000000668,0.5
KHT-XE5S,2025-06-21 08:50:00,9.4524,8.336,KHT-XE5S_2025_0526_1101,9.999999999994457e-05,0.5
KHT-XE5S,2025-06-21 09:00:00,9.4516,8.336,KHT-XE5S_2025_0526_1101,0.0,0.5
KHT-XE5S,2025-06-21 09:10:00,9.4505,8.336,KHT-XE5S_2025_0526_1101,0.0,0.5
KHT-XE5S,2025-06-21 09:20:00,9.4523,8.337,KHT-XE5S_2025_0526_1101,9.999999999994457e-05,0.5
KHT-XE5S,2025-06-21 09:30:00,9.4508,8.337,KHT-XE5S_2025_0526_1101,0.0,0.5
KHT-XE5S,2025-06-21 09:40:00,9.4503,8.336,KHT-XE5S_2025_0526_1101,9.999999999994457e-05,0.5
KHT-XE5S,2025-06-21 09:50:00,9.4504,8.339,KHT-XE5S_2025_0526_1101,0.00030000000000001136,0.5
KHT-XE5S,2025-06-21 10:00:00,9.4505,8.338,KHT-XE5S_2025_0526_1101,0.00010000000000012221,0.5
KHT-XE5S,2025-06-21 10:10:00,9.4507,8.338,KHT-XE5S_2025_0526_1101,0.0,0.5
KHT-XE5S,2025-06-21 10:20:00,9.4503,8.34,KHT-XE5S_2025_0526_1101,0.0002000000000000668,0.5
KHT-XE5S,2025-06-21 10:30:00,9.451,8.339,KHT-XE5S_2025_0526_1101,9.999999999994457e-05,0.5
KHT-XE5S,2025-06-21 10:40:00,9.4503,8.338,KHT-XE5S_2025_0526_1101,0.00010000000000012221,0.5
KHT-XE5S,2025-06-21 10:50:00,9.4501,8.34,KHT-XE5S_2025_0526_1101,0.0002000000000000668,0.5
KHT-XE5S,2025-06-21 11:00:00,9.4508,8.339,KHT-XE5S_2025_0526_1101,9.999999999994457e-05,0.5
KHT-XE5S,2025-06-21 11:10:00,9.4509,8.342,KHT-XE5S_2025_0526_1101,0.00030000000000001136,0.5
KHT-XE5S,2025-06-21 11:20:00,9.452,8.341,KHT-XE5S_2025_0526_1101,0.00010000000000012221,0.5
KHT-XE5S,2025-06-21 11:30:00,9.4519,8.341,KHT-XE5S_2025_0526_1101,0.0,0.5
KHT-XE5S,2025-06-21 11:40:00,9.4523,8.343,KHT-XE5S_2025_0526_1101,0.0002000000000000668,0.5
KHT-XE5S,2025-06-21 11:50:00,9.4506,8.342,KHT-XE5S_2025_0526_1101,9.999999999994457e-05,0.5
KHT-XE5S,2025-06-21 12:00:00,9.4522,8.342,KHT-XE5S_2025_0526_1101,0.0,0.5
KHT-XE5S,2025-06-21 12:10:00,9.4516,8.342,KHT-XE5S_2025_0526_1101,0.0,0.5
KHT-XE5S,2025-06-21 12:20:00,9.4546,8.343,KHT-XE5S_2025_0526_1101,9.999999999994457e-05,0.5
KHT-XE5S,2025-06-21 12:30:00,9.4531,8.344,KHT-XE5S_2025_0526_1101,9.999999999994457e-05,0.5
KHT-XE5S,2025-06-21 12:40:00,9.4522,8.344,KHT-XE5S_2025_0526_1101,0.0,0.5
KHT-XE5S,2025-06-21 12:50:00,9.4521,8.344,KHT-XE5S_2025_0526_1101,0.0,0.5
KHT-XE5S,2025-06-21 13:00:00,9.4521,8.344,KHT-XE5S_2025_0526_1101,0.0,0.5
KHT-XE5S,2025-06-21 13:10:00,9.4524,8.346,KHT-XE5S_2025_0526_1101,0.0002000000000000668,0.5
KHT-XE5S,2025-06-21 13:20:00,9.4539,8.344,KHT-XE5S_2025_0526_1101,0.0002000000000000668,0.5
KHT-XE5S,2025-06-21 13:30:00,9.4559,8.345,KHT-XE5S_2025_0526_1101,0.00010000000000012221,0.5
KHT-XE5S,2025-06-21 13:40:00,9.4565,8.345,KHT-XE5S_2025_0526_1101,0.0,0.5
KHT-XE5S,2025-06-21 13:50:00,9.4569,8.346,KHT-XE5S_2025_0526_1101,9.999999999994457e-05,0.5
KHT-XE5S,2025-06-21 14:00:00,9.4572,8.345,KHT-XE5S_2025_0526_1101,9.999999999994457e-05,0.5
KHT-XE5S,2025-06-21 14:10:00,9.4592,8.347,KHT-XE5S_2025_0526_1101,0.00019999999999988915,0.5
KHT-XE5S,2025-06-21 14:20:00,9.4606,8.345,KHT-XE5S_2025_0526_1101,0.00019999999999988915,0.5
KHT-XE5S,2025-06-21 14:30:00,9.4618,8.345,KHT-XE5S_2025_0526_1101,0.0,0.5
KHT-XE5S,2025-06-21 14:40:00,9.4626,8.347,KHT-XE5S_2025_0526_1101,0.00019999999999988915,0.5
KHT-XE5S,2025-06-21 14:50:00,9.4641,8.349,KHT-XE5S_2025_0526_1101,0.0002000000000000668,0.5
KHT-XE5S,2025-06-21 15:00:00,9.4647,8.349,KHT-XE5S_2025_0526_1101,0.0,0.5
KHT-XE5S,2025-06-21 15:10:00,9.4644,8.349,KHT-XE5S_2025_0526_1101,0.0,0.5
KHT-XE5S,2025-06-21 15:20:00,9.4655,8.349,KHT-XE5S_2025_0526_1101,0.0,0.5
KHT-XE5S,2025-06-21 15:30:00,9.466,8.349,KHT-XE5S_2025_0526_1101,0.0,0.5
KHT-XE5S,2025-06-21 15:40:00,9.4657,8.352,KHT-XE5S_2025_0526_1101,0.00030000000000001136,0.5
KHT-XE5S,2025-06-21 15:50:00,9.4643,8.351,KHT-XE5S_2025_0526_1101,9.999999999994457e-05,0.5
KHT-XE5S,2025-06-21 16:00:00,9.4635,8.352,KHT-XE5S_2025_0526_1101,9.999999999994457e-05,0.5
KHT-XE5S,2025-06-21 16:10:00,9.4623,8.351,KHT-XE5S_2025_0526_1101,9.999999999994457e-05,0.5
KHT-XE5S,2025-06-21 16:20:00,9.4614,8.353,KHT-XE5S_2025_0526_1101,0.00019999999999988915,0.5
KHT-XE5S,2025-06-21 16:30:00,9.4615,8.352,KHT-XE5S_2025_0526_1101,9.999999999994457e-05,0.5
KHT-XE5S,2025-06-21 16:40:00,9.4611,8.353,KHT-XE5S_2025_0526_1101,9.999999999994457e-05,0.5
KHT-XE5S,2025-06-21 16:50:00,9.4599,8.352,KHT-XE5S_2025_0526_1101,9.999999999994457e-05,0.5
KHT-XE5S,2025-06-21 17:00:00,9.4594,8.355,KHT-XE5S_2025_0526_1101,0.00030000000000001136,0.5
KHT-XE5S,2025-06-21 17:10:00,9.4586,8.353,KHT-XE5S_2025_0526_1101,0.0002000000000000668,0.5
KHT-XE5S,2025-06-21 17:20:00,9.4585,8.355,KHT-XE5S_2025_0526_1101,0.0002000000000000668,0.5
KHT-XE5S,2025-06-21 17:30:00,9.4579,8.356,KHT-XE5S_2025_0526_1101,9.999999999994457e-05,0.5
KHT-XE5S,2025-06-21 17:40:00,9.4578,8.356,KHT-XE5S_2025_0526_1101,0.0,0.5
KHT-XE5S,2025-06-21 17:50:00,9.4564,8.355,KHT-XE5S_2025_0526_1101,9.999999999994457e-05,0.5
KHT-XE5S,2025-06-21 18:00:00,9.4557,8.356,KHT-XE5S_2025_0526_1101,9.999999999994457e-05,0.5
KHT-XE5S,2025-06-21 18:10:00,9.4561,8.356,KHT-XE5S_2025_0526_1101,0.0,0.5
KHT-XE5S,2025-06-21 18:20:00,9.4566,8.356,KHT-XE5S_2025_0526_1101,0.0,0.5
KHT-XE5S,2025-06-21 18:30:00,9.4565,8.356,KHT-XE5S_2025_0526_1101,0.0,0.5
KHT-XE5S,2025-06-21 18:40:00,9.4569,8.357,KHT-XE5S_2025_0526_1101,9.999999999994457e-05,0.5
KHT-XE5S,2025-06-21 18:50:00,9.457,8.359,KHT-XE5S_2025_0526_1101,0.0002000000000000668,0.5
KHT-XE5S,2025-06-21 19:00:00,9.4578,8.358,KHT-XE5S_2025_0526_1101,9.999999999994457e-05,0.5
KHT-XE5S,2025-06-21 19:10:00,9.4577,8.358,KHT-XE5S_2025_0526_1101,0.0,0.5
KHT-XE5S,2025-06-21 19:20:00,9.4576,8.359,KHT-XE5S_2025_0526_1101,9.999999999994457e-05,0.5
KHT-XE5S,2025-06-21 19:30:00,9.4586,8.36,KHT-XE5S_2025_0526_1101,9.999999999994457e-05,0.5
KHT-XE5S,2025-06-21 19:40:00,9.4583,8.359,KHT-XE5S_2025_0526_1101,9.999999999994457e-05,0.5
KHT-XE5S,2025-06-21 19:50:00,9.4589,8.36,KHT-XE5S_2025_0526_1101,9.999999999994457e-05,0.5
KHT-XE5S,2025-06-21 20:00:00,9.4596,8.361,KHT-XE5S_2025_0526_1101,0.00010000000000012221,0.5
KHT-XE5S,2025-06-21 20:10:00,9.4609,8.361,KHT-XE5S_2025_0526_1101,0.0,0.5
KHT-XE5S,2025-06-21 20:20:00,9.4609,8.36,KHT-XE5S_2025_0526_1101,0.00010000000000012221,0.5
KHT-XE5S,2025-06-21 20:30:00,9.462,8.362,KHT-XE5S_2025_0526_1101,0.0002000000000000668,0.5
KHT-XE5S,2025-06-21 20:40:00,9.4632,8.361,KHT-XE5S_2025_0526_1101,9.999999999994457e-05,0.5
KHT-XE5S,2025-06-21 20:50:00,9.4647,8.362,KHT-XE5S_2025_0526_1101,9.999999999994457e-05,0.5
KHT-XE5S,2025-06-21 21:00:00,9.4654,8.361,KHT-XE5S_2025_0526_1101,9.999999999994457e-05,0.5
KHT-XE5S,2025-06-21 21:10:00,9.4664,8.362,KHT-XE5S_2025_0526_1101,9.999999999994457e-05,0.5
KHT-XE5S,2025-06-21 21:20:00,9.4678,8.363,KHT-XE5S_2025_0526_1101,9.999999999994457e-05,0.5
KHT-XE5S,2025-06-21 21:30:00,9.4682,8.363,KHT-XE5S_2025_0526_1101,0.0,0.5
KHT-XE5S,2025-06-21 21:40:00,9.4701,8.363,KHT-XE5S_2025_0526_1101,0.0,0.5
KHT-XE5S,2025-06-21 21:50:00,9.4717,8.365,KHT-XE5S_2025_0526_1101,0.0002000000000000668,0.5
KHT-XE5S,2025-06-21 22:00:00,9.4739,8.365,KHT-XE5S_2025_0526_1101,0.0,0.5
KHT-XE5S,2025-06-21 22:10:00,9.4751,8.364,KHT-XE5S_2025_0526_1101,9.999999999994457e-05,0.5
KHT-XE5S,2025-06-21 22:20:00,9.4758,8.365,KHT-XE5S_2025_0526_1101,9.999999999994457e-05,0.5
KHT-XE5S,2025-06-21 22:30:00,9.4759,8.363,KHT-XE5S_2025_0526_1101,0.0002000000000000668,0.5
KHT-XE5S,2025-06-21 22:40:00,9.4767,8.367,KHT-XE5S_2025_0526_1101,0.0004000000000001336,0.5
KHT-XE5S,2025-06-21 22:50:00,9.4766,8.366,KHT-XE5S_2025_0526_1101,0.00010000000000012221,0.5
KHT-XE5S,2025-06-21 23:00:00,9.4761,8.366,KHT-XE5S_2025_0526_1101,0.0,0.5
KHT-XE5S,2025-06-21 23:10:00,9.476,8.368,KHT-XE5S_2025_0526_1101,0.0002000000000000668,0.5
KHT-XE5S,2025-06-21 23:20:00,9.4765,8.368,KHT-XE5S_2025_0526_1101,0.0,0.5
KHT-XE5S,2025-06-21 23:30:00,9.4766,8.369,KHT-XE5S_2025_0526_1101,9.999999999994457e-05,0.5
KHT-XE5S,2025-06-21 23:40:00,9.4777,8.369,KHT-XE5S_2025_0526_1101,0.0,0.5
KHT-XE5S,2025-06-21 23:50:00,9.4783,8.369,KHT-XE5S_2025_0526_1101,0.0,0.5
KHT-XE5S,2025-06-22 00:00:00,9.4781,8.369,KHT-XE5S_2025_0526_1101,0.0,0.5
KHT-XE5S,2025-06-22 00:10:00,9.4784,8.369,KHT-XE5S_2025_0526_1101,0.0,0.5
KHT-XE5S,2025-06-22 00:20:00,9.4781,8.37,KHT-XE5S_2025_0526_1101,9.999999999994457e-05,0.5
KHT-XE5S,2025-06-22 00:30:00,9.4782,8.372,KHT-XE5S_2025_0526_1101,0.0002000000000000668,0.5
KHT-XE5S,2025-06-22 00:40:00,9.4782,8.372,KHT-XE5S_2025_0526_1101,0.0,0.5
KHT-XE5S,2025-06-22 00:50:00,9.4782,8.372,KHT-XE5S_2025_0526_1101,0.0,0.5
KHT-XE5S,2025-06-22 01:00:00,9.4789,8.372,KHT-XE5S_2025_0526_1101,0.0,0.5
KHT-XE5S,2025-06-22 01:10:00,9.4779,8.372,KHT-XE5S_2025_0526_1101,0.0,0.5
KHT-XE5S,2025-06-22 01:20:00,9.4777,8.371,KHT-XE5S_2025_0526_1101,9.999999999994457e-05,0.5
KHT-XE5S,2025-06-22 01:30:00,9.4772,8.373,KHT-XE5S_2025_0526_1101,0.00019999999999988915,0.5
KHT-XE5S,2025-06-22 01:40:00,9.4772,8.372,KHT-XE5S_2025_0526_1101,9.999999999994457e-05,0.5
KHT-XE5S,2025-06-22 01:50:00,9.4772,8.373,KHT-XE5S_2025_0526_1101,9.999999999994457e-05,0.5
KHT-XE5S,2025-06-22 02:00:00,9.4772,8.373,KHT-XE5S_2025_0526_1101,0.0,0.5
KHT-XE5S,2025-06-22 02:10:00,9.4771,8.376,KHT-XE5S_2025_0526_1101,0.00030000000000001136,0.5
KHT-XE5S,2025-06-22 02:20:00,9.4772,8.376,KHT-XE5S_2025_0526_1101,0.0,0.5
KHT-XE5S,2025-06-22 02:30:00,9.4771,8.375,KHT-XE5S_2025_0526_1101,9.999999999994457e-05,0.5
KHT-XE5S,2025-06-22 02:40:00,9.476,8.375,KHT-XE5S_2025_0526_1101,0.0,0.5
KHT-XE5S,2025-06-22 02:50:00,9.4764,8.375,KHT-XE5S_2025_0526_1101,0.0,0.5
KHT-XE5S,2025-06-22 03:00:00,9.4761,8.377,KHT-XE5S_2025_0526_1101,0.0002000000000000668,0.5
KHT-XE5S,2025-06-22 03:10:00,9.4761,8.376,KHT-XE5S_2025_0526_1101,0.00010000000000012221,0.5
KHT-XE5S,2025-06-22 03:20:00,9.4761,8.378,KHT-XE5S_2025_0526_1101,0.0002000000000000668,0.5
KHT-XE5S,2025-06-22 03:30:00,9.4765,8.377,KHT-XE5S_2025_0526_1101,9.999999999994457e-05,0.5
KHT-XE5S,2025-06-22 03:40:00,9.4773,8.377,KHT-XE5S_2025_0526_1101,0.0,0.5
KHT-XE5S,2025-06-22 03:50:00,9.4776,8.378,KHT-XE5S_2025_0526_1101,9.999999999994457e-05,0.5
KHT-XE5S,2025-06-22 04:00:00,9.4773,8.379,KHT-XE5S_2025_0526_1101,9.999999999994457e-05,0.5
KHT-XE5S,2025-06-22 04:10:00,9.4774,8.379,KHT-XE5S_2025_0526_1101,0.0,0.5
KHT-XE5S,2025-06-22 04:20:00,9.4774,8.38,KHT-XE5S_2025_0526_1101,0.00010000000000012221,0.5
KHT-XE5S,2025-06-22 04:30:00,9.4776,8.381,KHT-XE5S_2025_0526_1101,9.999999999994457e-05,0.5
KHT-XE5S,2025-06-22 04:40:00,9.4776,8.381,KHT-XE5S_2025_0526_1101,0.0,0.5
KHT-XE5S,2025-06-22 04:50:00,9.4775,8.38,KHT-XE5S_2025_0526_1101,9.999999999994457e-05,0.5
KHT-XE5S,2025-06-22 05:00:00,9.4772,8.379,KHT-XE5S_2025_0526_1101,0.00010000000000012221,0.5
KHT-XE5S,2025-06-22 05:10:00,9.4778,8.381,KHT-XE5S_2025_0526_1101,0.0002000000000000668,0.5
KHT-XE5S,2025-06-22 05:20:00,9.4781,8.382,KHT-XE5S_2025_0526_1101,9.999999999994457e-05,0.5
KHT-XE5S,2025-06-22 05:30:00,9.4792,8.381,KHT-XE5S_2025_0526_1101,9.999999999994457e-05,0.5
KHT-XE5S,2025-06-22 05:40:00,9.4804,8.38,KHT-XE5S_2025_0526_1101,9.999999999994457e-05,0.5
KHT-XE5S,2025-06-22 05:50:00,9.4814,8.383,KHT-XE5S_2025_0526_1101,0.0002999999999998337,0.5
KHT-XE5S,2025-06-22 06:00:00,9.4814,8.383,KHT-XE5S_2025_0526_1101,0.0,0.5
KHT-XE5S,2025-06-22 06:10:00,9.4821,8.384,KHT-XE5S_2025_0526_1101,0.00010000000000012221,0.5
KHT-XE5S,2025-06-22 06:20:00,9.4824,8.384,KHT-XE5S_2025_0526_1101,0.0,0.5
KHT-XE5S,2025-06-22 06:30:00,9.4822,8.384,KHT-XE5S_2025_0526_1101,0.0,0.5
KHT-XE5S,2025-06-22 06:40:00,9.4816,8.385,KHT-XE5S_2025_0526_1101,9.999999999994457e-05,0.5
KHT-XE5S,2025-06-22 06:50:00,9.4821,8.385,KHT-XE5S_2025_0526_1101,0.0,0.5
KHT-XE5S,2025-06-22 07:00:00,9.483,8.382,KHT-XE5S_2025_0526_1101,0.00030000000000001136,0.5
KHT-XE5S,2025-06-22 07:10:00,9.4842,8.385,KHT-XE5S_2025_0526_1101,0.00030000000000001136,0.5
KHT-XE5S,2025-06-22 07:20:00,9.4852,8.387,KHT-XE5S_2025_0526_1101,0.0002000000000000668,0.5
KHT-XE5S,2025-06-22 07:30:00,9.4848,8.387,KHT-XE5S_2025_0526_1101,0.0,0.5
KHT-XE5S,2025-06-22 07:40:00,9.4862,8.387,KHT-XE5S_2025_0526_1101,0.0,0.5
KHT-XE5S,2025-06-22 07:50:00,9.4866,8.388,KHT-XE5S_2025_0526_1101,9.999999999994457e-05,0.5
KHT-XE5S,2025-06-22 08:00:00,9.4869,8.385,KHT-XE5S_2025_0526_1101,0.00030000000000001136,0.5
KHT-XE5S,2025-06-22 08:10:00,9.487,8.386,KHT-XE5S_2025_0526_1101,9.999999999994457e-05,0.5
KHT-XE5S,2025-06-22 08:20:00,9.4875,8.389,KHT-XE5S_2025_0526_1101,0.00030000000000001136,0.5
KHT-XE5S,2025-06-22 08:30:00,9.4875,8.388,KHT-XE5S_2025_0526_1101,9.999999999994457e-05,0.5
KHT-XE5S,2025-06-22 08:40:00,9.4879,8.389,KHT-XE5S_2025_0526_1101,9.999999999994457e-05,0.5
KHT-XE5S,2025-06-22 08:50:00,9.4883,8.389,KHT-XE5S_2025_0526_1101,0.0,0.5
KHT-XE5S,2025-06-22 09:00:00,9.4882,8.389,KHT-XE5S_2025_0526_1101,0.0,0.5
KHT-XE5S,2025-06-22 09:10:00,9.4873,8.388,KHT-XE5S_2025_0526_1101,9.999999999994457e-05,0.5
KHT-XE5S,2025-06-22 09:20:00,9.487,8.391,KHT-XE5S_2025_0526_1101,0.00030000000000001136,0.5
KHT-XE5S,2025-06-22 09:30:00,9.4857,8.389,KHT-XE5S_2025_0526_1101,0.0002000000000000668,0.5
KHT-XE5S,2025-06-22 09:40:00,9.4848,8.39,KHT-XE5S_2025_0526_1101,0.00010000000000012221,0.5
KHT-XE5S,2025-06-22 09:50:00,9.4845,8.39,KHT-XE5S_2025_0526_1101,0.0,0.5
KHT-XE5S,2025-06-22 10:00:00,9.4846,8.392,KHT-XE5S_2025_0526_1101,0.00019999999999988915,0.5
KHT-XE5S,2025-06-22 10:10:00,9.4838,8.392,KHT-XE5S_2025_0526_1101,0.0,0.5
KHT-XE5S,2025-06-22 10:20:00,9.4831,8.393,KHT-XE5S_2025_0526_1101,0.00010000000000012221,0.5
KHT-XE5S,2025-06-22 10:30:00,9.4825,8.393,KHT-XE5S_2025_0526_1101,0.0,0.5
KHT-XE5S,2025-06-22 10:40:00,9.4818,8.394,KHT-XE5S_2025_0526_1101,9.999999999994457e-05,0.5
KHT-XE5S,2025-06-22 10:50:00,9.4818,8.393,KHT-XE5S_2025_0526_1101,9.999999999994457e-05,0.5
KHT-XE5S,2025-06-22 11:00:00,9.4814,8.394,KHT-XE5S_2025_0526_1101,9.999999999994457e-05,0.5
KHT-XE5S,2025-06-22 11:10:00,9.4815,8.394,KHT-XE5S_2025_0526_1101,0.0,0.5
KHT-XE5S,2025-06-22 11:20:00,9.4815,8.396,KHT-XE5S_2025_0526_1101,0.0002000000000000668,0.5
KHT-XE5S,2025-06-22 11:30:00,9.4816,8.396,KHT-XE5S_2025_0526_1101,0.0,0.5
KHT-XE5S,2025-06-22 11:40:00,9.4803,8.396,KHT-XE5S_2025_0526_1101,0.0,0.5
KHT-XE5S,2025-06-22 11:50:00,9.4793,8.395,KHT-XE5S_2025_0526_1101,0.00010000000000012221,0.5
KHT-XE5S,2025-06-22 12:00:00,9.478,8.395,KHT-XE5S_2025_0526_1101,0.0,0.5
KHT-XE5S,2025-06-22 12:10:00,9.4769,8.396,KHT-XE5S_2025_0526_1101,0.00010000000000012221,0.5
KHT-XE5S,2025-06-22 12:20:00,9.4758,8.397,KHT-XE5S_2025_0526_1101,9.999999999994457e-05,0.5
KHT-XE5S,2025-06-22 12:30:00,9.4747,8.398,KHT-XE5S_2025_0526_1101,9.999999999994457e-05,0.5
KHT-XE5S,2025-06-22 12:40:00,9.4742,8.398,KHT-XE5S_2025_0526_1101,0.0,0.5
KHT-XE5S,2025-06-22 12:50:00,9.4741,8.4,KHT-XE5S_2025_0526_1101,0.0002000000000000668,0.5
KHT-XE5S,2025-06-22 13:00:00,9.4741,8.399,KHT-XE5S_2025_0526_1101,0.00010000000000012221,0.5
KHT-XE5S,2025-06-22 13:10:00,9.4734,8.398,KHT-XE5S_2025_0526_1101,9.999999999994457e-05,0.5
KHT-XE5S,2025-06-22 13:20:00,9.4724,8.397,KHT-XE5S_2025_0526_1101,9.999999999994457e-05,0.5
KHT-XE5S,2025-06-22 13:30:00,9.4725,8.401,KHT-XE5S_2025_0526_1101,0.00039999999999995595,0.5
KHT-XE5S,2025-06-22 13:40:00,9.4727,8.4,KHT-XE5S_2025_0526_1101,9.999999999994457e-05,0.5
KHT-XE5S,2025-06-22 13:50:00,9.4727,8.399,KHT-XE5S_2025_0526_1101,0.00010000000000012221,0.5
KHT-XE5S,2025-06-22 14:00:00,9.4722,8.399,KHT-XE5S_2025_0526_1101,0.0,0.5
KHT-XE5S,2025-06-22 14:10:00,9.4726,8.402,KHT-XE5S_2025_0526_1101,0.00030000000000001136,0.5
KHT-XE5S,2025-06-22 14:20:00,9.4727,8.401,KHT-XE5S_2025_0526_1101,9.999999999994457e-05,0.5
KHT-XE5S,2025-06-22 14:30:00,9.473,8.401,KHT-XE5S_2025_0526_1101,0.0,0.5
KHT-XE5S,2025-06-22 14:40:00,9.4728,8.402,KHT-XE5S_2025_0526_1101,9.999999999994457e-05,0.5
KHT-XE5S,2025-06-22 14:50:00,9.4729,8.402,KHT-XE5S_2025_0526_1101,0.0,0.5
KHT-XE5S,2025-06-22 15:00:00,9.4726,8.402,KHT-XE5S_2025_0526_1101,0.0,0.5
KHT-XE5S,2025-06-22 15:10:00,9.472,8.401,KHT-XE5S_2025_0526_1101,9.999999999994457e-05,0.5
KHT-XE5S,2025-06-22 15:20:00,9.4711,8.405,KHT-XE5S_2025_0526_1101,0.00039999999999995595,0.5
KHT-XE5S,2025-06-22 15:30:00,9.4714,8.404,KHT-XE5S_2025_0526_1101,9.999999999994457e-05,0.5
KHT-XE5S,2025-06-22 15:40:00,9.4706,8.404,KHT-XE5S_2025_0526_1101,0.0,0.5
KHT-XE5S,2025-06-22 15:50:00,9.4701,8.405,KHT-XE5S_2025_0526_1101,9.999999999994457e-05,0.5
KHT-XE5S,2025-06-22 16:00:00,9.4694,8.404,KHT-XE5S_2025_0526_1101,9.999999999994457e-05,0.5
KHT-XE5S,2025-06-22 16:10:00,9.4695,8.406,KHT-XE5S_2025_0526_1101,0.0002000000000000668,0.5
KHT-XE5S,2025-06-22 16:20:00,9.4695,8.406,KHT-XE5S_2025_0526_1101,0.0,0.5
KHT-XE5S,2025-06-22 16:30:00,9.469,8.406,KHT-XE5S_2025_0526_1101,0.0,0.5
KHT-XE5S,2025-06-22 16:40:00,9.469,8.405,KHT-XE5S_2025_0526_1101,0.00010000000000012221,0.5
KHT-XE5S,2025-06-22 16:50:00,9.4687,8.407,KHT-XE5S_2025_0526_1101,0.0002000000000000668,0.5
KHT-XE5S,2025-06-22 17:00:00,9.469,8.407,KHT-XE5S_2025_0526_1101,0.0,0.5
KHT-XE5S,2025-06-22 17:10:00,9.4688,8.407,KHT-XE5S_2025_0526_1101,0.0,0.5
KHT-XE5S,2025-06-22 17:20:00,9.4683,8.408,KHT-XE5S_2025_0526_1101,9.999999999994457e-05,0.5
KHT-XE5S,2025-06-22 17:30:00,9.468,8.408,KHT-XE5S_2025_0526_1101,0.0,0.5
KHT-XE5S,2025-06-22 17:40:00,9.4678,8.409,KHT-XE5S_2025_0526_1101,0.00010000000000012221,0.5
KHT-XE5S,2025-06-22 17:50:00,9.4677,8.411,KHT-XE5S_2025_0526_1101,0.00019999999999988915,0.5
KHT-XE5S,2025-06-22 18:00:00,9.4673,8.41,KHT-XE5S_2025_0526_1101,9.999999999994457e-05,0.5
KHT-XE5S,2025-06-22 18:10:00,9.467,8.41,KHT-XE5S_2025_0526_1101,0.0,0.5
KHT-XE5S,2025-06-22 18:20:00,9.4675,8.41,KHT-XE5S_2025_0526_1101,0.0,0.5
KHT-XE5S,2025-06-22 18:30:00,9.4676,8.41,KHT-XE5S_2025_0526_1101,0.0,0.5
KHT-XE5S,2025-06-22 18:40:00,9.4679,8.411,KHT-XE5S_2025_0526_1101,9.999999999994457e-05,0.5
KHT-XE5S,2025-06-22 18:50:00,9.4683,8.411,KHT-XE5S_2025_0526_1101,0.0,0.5
KHT-XE5S,2025-06-22 19:00:00,9.4685,8.411,KHT-XE5S_2025_0526_1101,0.0,0.5
KHT-XE5S,2025-06-22 19:10:00,9.469,8.412,KHT-XE5S_2025_0526_1101,0.00010000000000012221,0.5
KHT-XE5S,2025-06-22 19:20:00,9.4696,8.412,KHT-XE5S_2025_0526_1101,0.0,0.5
KHT-XE5S,2025-06-22 19:30:00,9.4702,8.414,KHT-XE5S_2025_0526_1101,0.00019999999999988915,0.5
KHT-XE5S,2025-06-22 19:40:00,9.4701,8.413,KHT-XE5S_2025_0526_1101,9.999999999994457e-05,0.5
KHT-XE5S,2025-06-22 19:50:00,9.4707,8.415,KHT-XE5S_2025_0526_1101,0.00019999999999988915,0.5
KHT-XE5S,2025-06-22 20:00:00,9.4714,8.414,KHT-XE5S_2025_0526_1101,9.999999999994457e-05,0.5
KHT-XE5S,2025-06-22 20:10:00,9.4726,8.413,KHT-XE5S_2025_0526_1101,9.999999999994457e-05,0.5
KHT-XE5S,2025-06-22 20:20:00,9.4738,8.415,KHT-XE5S_2025_0526_1101,0.00019999999999988915,0.5
KHT-XE5S,2025-06-22 20:30:00,9.4752,8.414,KHT-XE5S_2025_0526_1101,9.999999999994457e-05,0.5
KHT-XE5S,2025-06-22 20:40:00,9.4767,8.415,KHT-XE5S_2025_0526_1101,9.999999999994457e-05,0.5
KHT-XE5S,2025-06-22 20:50:00,9.4783,8.415,KHT-XE5S_2025_0526_1101,0.0,0.5
KHT-XE5S,2025-06-22 21:00:00,9.4798,8.414,KHT-XE5S_2025_0526_1101,9.999999999994457e-05,0.5
KHT-XE5S,2025-06-22 21:10:00,9.4818,8.417,KHT-XE5S_2025_0526_1101,0.00030000000000001136,0.5
KHT-XE5S,2025-06-22 21:20:00,9.4832,8.416,KHT-XE5S_2025_0526_1101,9.999999999994457e-05,0.5
KHT-XE5S,2025-06-22 21:30:00,9.4847,8.415,KHT-XE5S_2025_0526_1101,0.00010000000000012221,0.5
KHT-XE5S,2025-06-22 21:40:00,9.4861,8.417,KHT-XE5S_2025_0526_1101,0.0002000000000000668,0.5
KHT-XE5S,2025-06-22 21:50:00,9.4874,8.418,KHT-XE5S_2025_0526_1101,9.999999999994457e-05,0.5
KHT-XE5S,2025-06-22 22:00:00,9.4882,8.418,KHT-XE5S_2025_0526_1101,0.0,0.5
KHT-XE5S,2025-06-22 22:10:00,9.4893,8.415,KHT-XE5S_2025_0526_1101,0.00030000000000001136,0.5
KHT-XE5S,2025-06-22 22:20:00,9.49,8.419,KHT-XE5S_2025_0526_1101,0.0004000000000001336,0.5
KHT-XE5S,2025-06-22 22:30:00,9.4912,8.422,KHT-XE5S_2025_0526_1101,0.00030000000000001136,0.5
KHT-XE5S,2025-06-22 22:40:00,9.4923,8.418,KHT-XE5S_2025_0526_1101,0.0004000000000001336,0.5
KHT-XE5S,2025-06-22 22:50:00,9.4934,8.42,KHT-XE5S_2025_0526_1101,0.0002000000000000668,0.5
KHT-XE5S,2025-06-22 23:00:00,9.4939,8.419,KHT-XE5S_2025_0526_1101,9.999999999994457e-05,0.5
KHT-XE5S,2025-06-22 23:10:00,9.4946,8.422,KHT-XE5S_2025_0526_1101,0.00030000000000001136,0.5
KHT-XE5S,2025-06-22 23:20:00,9.4949,8.421,KHT-XE5S_2025_0526_1101,0.00010000000000012221,0.5
KHT-XE5S,2025-06-22 23:30:00,9.4949,8.422,KHT-XE5S_2025_0526_1101,0.00010000000000012221,0.5
KHT-XE5S,2025-06-22 23:40:00,9.4944,8.422,KHT-XE5S_2025_0526_1101,0.0,0.5
KHT-XE5S,2025-06-22 23:50:00,9.4945,8.421,KHT-XE5S_2025_0526_1101,0.00010000000000012221,0.5
KHT-XE5S,2025-06-23 00:00:00,9.4951,8.421,KHT-XE5S_2025_0526_1101,0.0,0.5
KHT-XE5S,2025-06-23 00:10:00,9.496,8.423,KHT-XE5S_2025_0526_1101,0.0002000000000000668,0.5
KHT-XE5S,2025-06-23 00:20:00,9.496,8.423,KHT-XE5S_2025_0526_1101,0.0,0.5
KHT-XE5S,2025-06-23 00:30:00,9.4955,8.422,KHT-XE5S_2025_0526_1101,9.999999999994457e-05,0.5
KHT-XE5S,2025-06-23 00:40:00,9.4953,8.423,KHT-XE5S_2025_0526_1101,9.999999999994457e-05,0.5
KHT-XE5S,2025-06-23 00:50:00,9.4959,8.424,KHT-XE5S_2025_0526_1101,9.999999999994457e-05,0.5
KHT-XE5S,2025-06-23 01:00:00,9.4959,8.424,KHT-XE5S_2025_0526_1101,0.0,0.5
KHT-XE5S,2025-06-23 01:10:00,9.4964,8.425,KHT-XE5S_2025_0526_1101,0.00010000000000012221,0.5
KHT-XE5S,2025-06-23 01:20:00,9.4961,8.426,KHT-XE5S_2025_0526_1101,9.999999999994457e-05,0.5
KHT-XE5S,2025-06-23 01:30:00,9.4964,8.428,KHT-XE5S_2025_0526_1101,0.0002000000000000668,0.5
KHT-XE5S,2025-06-23 01:40:00,9.4969,8.427,KHT-XE5S_2025_0526_1101,0.00010000000000012221,0.5
KHT-XE5S,2025-06-23 01:50:00,9.4969,8.426,KHT-XE5S_2025_0526_1101,9.999999999994457e-05,0.5
KHT-XE5S,2025-06-23 02:00:00,9.4966,8.427,KHT-XE5S_2025_0526_1101,9.999999999994457e-05,0.5
KHT-XE5S,2025-06-23 02:10:00,9.4975,8.426,KHT-XE5S_2025_0526_1101,9.999999999994457e-05,0.5
KHT-XE5S,2025-06-23 02:20:00,9.4971,8.428,KHT-XE5S_2025_0526_1101,0.0002000000000000668,0.5
KHT-XE5S,2025-06-23 02:30:00,9.4967,8.428,KHT-XE5S_2025_0526_1101,0.0,0.5
KHT-XE5S,2025-06-23 02:40:00,9.497,8.43,KHT-XE5S_2025_0526_1101,0.00019999999999988915,0.5
KHT-XE5S,2025-06-23 02:50:00,9.4972,8.429,KHT-XE5S_2025_0526_1101,9.999999999994457e-05,0.5
KHT-XE5S,2025-06-23 03:00:00,9.4973,8.429,KHT-XE5S_2025_0526_1101,0.0,0.5
KHT-XE5S,2025-06-23 03:10:00,9.4979,8.429,KHT-XE5S_2025_0526_1101,0.0,0.5
KHT-XE5S,2025-06-23 03:20:00,9.4981,8.43,KHT-XE5S_2025_0526_1101,9.999999999994457e-05,0.5
KHT-XE5S,2025-06-23 03:30:00,9.4989,8.429,KHT-XE5S_2025_0526_1101,9.999999999994457e-05,0.5
KHT-XE5S,2025-06-23 03:40:00,9.4989,8.429,KHT-XE5S_2025_0526_1101,0.0,0.5
KHT-XE5S,2025-06-23 03:50:00,9.4989,8.43,KHT-XE5S_2025_0526_1101,9.999999999994457e-05,0.5
KHT-XE5S,2025-06-23 04:00:00,9.4988,8.43,KHT-XE5S_2025_0526_1101,0.0,0.5
KHT-XE5S,2025-06-23 04:10:00,9.4985,8.431,KHT-XE5S_2025_0526_1101,9.999999999994457e-05,0.5
KHT-XE5S,2025-06-23 04:20:00,9.4991,8.434,KHT-XE5S_2025_0526_1101,0.00030000000000001136,0.5
KHT-XE5S,2025-06-23 04:30:00,9.4991,8.432,KHT-XE5S_2025_0526_1101,0.00019999999999988915,0.5
KHT-XE5S,2025-06-23 04:40:00,9.4997,8.433,KHT-XE5S_2025_0526_1101,9.999999999994457e-05,0.5
KHT-XE5S,2025-06-23 04:50:00,9.5006,8.433,KHT-XE5S_2025_0526_1101,0.0,0.5
KHT-XE5S,2025-06-23 05:00:00,9.5008,8.432,KHT-XE5S_2025_0526_1101,9.999999999994457e-05,0.5
KHT-XE5S,2025-06-23 05:10:00,9.5009,8.433,KHT-XE5S_2025_0526_1101,9.999999999994457e-05,0.5
KHT-XE5S,2025-06-23 05:20:00,9.5018,8.433,KHT-XE5S_2025_0526_1101,0.0,0.5
KHT-XE5S,2025-06-23 05:30:00,9.5023,8.434,KHT-XE5S_2025_0526_1101,9.999999999994457e-05,0.5
KHT-XE5S,2025-06-23 05:40:00,9.5031,8.435,KHT-XE5S_2025_0526_1101,0.00010000000000012221,0.5
KHT-XE5S,2025-06-23 05:50:00,9.5035,8.436,KHT-XE5S_2025_0526_1101,9.999999999994457e-05,0.5
KHT-XE5S,2025-06-23 06:00:00,9.5044,8.435,KHT-XE5S_2025_0526_1101,9.999999999994457e-05,0.5
KHT-XE5S,2025-06-23 06:10:00,9.5047,8.436,KHT-XE5S_2025_0526_1101,9.999999999994457e-05,0.5
KHT-XE5S,2025-06-23 06:20:00,9.5055,8.434,KHT-XE5S_2025_0526_1101,0.0002000000000000668,0.5
KHT-XE5S,2025-06-23 06:30:00,9.5055,8.436,KHT-XE5S_2025_0526_1101,0.0002000000000000668,0.5
KHT-XE5S,2025-06-23 06:40:00,9.5053,8.436,KHT-XE5S_2025_0526_1101,0.0,0.5
KHT-XE5S,2025-06-23 06:50:00,9.5064,8.438,KHT-XE5S_2025_0526_1101,0.0002000000000000668,0.5
KHT-XE5S,2025-06-23 07:00:00,9.5069,8.437,KHT-XE5S_2025_0526_1101,0.00010000000000012221,0.5
KHT-XE5S,2025-06-23 07:10:00,9.5069,8.437,KHT-XE5S_2025_0526_1101,0.0,0.5
KHT-XE5S,2025-06-23 07:20:00,9.5074,8.439,KHT-XE5S_2025_0526_1101,0.0002000000000000668,0.5
KHT-XE5S,2025-06-23 07:30:00,9.5081,8.44,KHT-XE5S_2025_0526_1101,9.999999999994457e-05,0.5
KHT-XE5S,2025-06-23 07:40:00,9.5085,8.439,KHT-XE5S_2025_0526_1101,9.999999999994457e-05,0.5
KHT-XE5S,2025-06-23 07:50:00,9.509,8.441,KHT-XE5S_2025_0526_1101,0.0002000000000000668,0.5
KHT-XE5S,2025-06-23 08:00:00,9.5091,8.441,KHT-XE5S_2025_0526_1101,0.0,0.5
KHT-XE5S,2025-06-23 08:10:00,9.5091,8.44,KHT-XE5S_2025_0526_1101,0.00010000000000012221,0.5
KHT-XE5S,2025-06-23 08:20:00,9.5087,8.44,KHT-XE5S_2025_0526_1101,0.0,0.5
KHT-XE5S,2025-06-23 08:30:00,9.5086,8.44,KHT-XE5S_2025_0526_1101,0.0,0.5
KHT-XE5S,2025-06-23 08:40:00,9.5089,8.442,KHT-XE5S_2025_0526_1101,0.0002000000000000668,0.5
KHT-XE5S,2025-06-23 08:50:00,9.5087,8.441,KHT-XE5S_2025_0526_1101,9.999999999994457e-05,0.5
KHT-XE5S,2025-06-23 09:00:00,9.5074,8.441,KHT-XE5S_2025_0526_1101,0.0,0.5
KHT-XE5S,2025-06-23 09:10:00,9.5066,8.443,KHT-XE5S_2025_0526_1101,0.00019999999999988915,0.5
KHT-XE5S,2025-06-23 09:20:00,9.5059,8.442,KHT-XE5S_2025_0526_1101,9.999999999994457e-05,0.5
KHT-XE5S,2025-06-23 09:30:00,9.5047,8.445,KHT-XE5S_2025_0526_1101,0.00030000000000001136,0.5
KHT-XE5S,2025-06-23 09:40:00,9.5026,8.442,KHT-XE5S_2025_0526_1101,0.00030000000000001136,0.5
KHT-XE5S,2025-06-23 09:50:00,9.5017,8.445,KHT-XE5S_2025_0526_1101,0.00030000000000001136,0.5
KHT-XE5S,2025-06-23 10:00:00,9.4999,8.444,KHT-XE5S_2025_0526_1101,9.999999999994457e-05,0.5
KHT-XE5S,2025-06-23 10:10:00,9.4985,8.445,KHT-XE5S_2025_0526_1101,9.999999999994457e-05,0.5
KHT-XE5S,2025-06-23 10:20:00,9.4968,8.444,KHT-XE5S_2025_0526_1101,9.999999999994457e-05,0.5
KHT-XE5S,2025-06-23 10:30:00,9.4965,8.447,KHT-XE5S_2025_0526_1101,0.0002999999999998337,0.5
KHT-XE5S,2025-06-23 10:40:00,9.4954,8.446,KHT-XE5S_2025_0526_1101,9.999999999994457e-05,0.5
KHT-XE5S,2025-06-23 10:50:00,9.4933,8.446,KHT-XE5S_2025_0526_1101,0.0,0.5
KHT-XE5S,2025-06-23 11:00:00,9.4923,8.445,KHT-XE5S_2025_0526_1101,9.999999999994457e-05,0.5
KHT-XE5S,2025-06-23 11:10:00,9.491,8.448,KHT-XE5S_2025_0526_1101,0.00030000000000001136,0.5
KHT-XE5S,2025-06-23 11:20:00,9.4893,8.447,KHT-XE5S_2025_0526_1101,0.00010000000000012221,0.5
KHT-XE5S,2025-06-23 11:30:00,9.4883,8.446,KHT-XE5S_2025_0526_1101,9.999999999994457e-05,0.5
KHT-XE5S,2025-06-23 11:40:00,9.4861,8.447,KHT-XE5S_2025_0526_1101,9.999999999994457e-05,0.5
KHT-XE5S,2025-06-23 11:50:00,9.4848,8.448,KHT-XE5S_2025_0526_1101,0.00010000000000012221,0.5
KHT-XE5S,2025-06-23 12:00:00,9.4834,8.448,KHT-XE5S_2025_0526_1101,0.0,0.5
KHT-XE5S,2025-06-23 12:10:00,9.4809,8.451,KHT-XE5S_2025_0526_1101,0.00030000000000001136,0.5
KHT-XE5S,2025-06-23 12:20:00,9.48,8.449,KHT-XE5S_2025_0526_1101,0.0002000000000000668,0.5
KHT-XE5S,2025-06-23 12:30:00,9.4775,8.451,KHT-XE5S_2025_0526_1101,0.0002000000000000668,0.5
KHT-XE5S,2025-06-23 12:40:00,9.4765,8.45,KHT-XE5S_2025_0526_1101,0.00010000000000012221,0.5
KHT-XE5S,2025-06-23 12:50:00,9.4748,8.45,KHT-XE5S_2025_0526_1101,0.0,0.5
KHT-XE5S,2025-06-23 13:00:00,9.4736,8.451,KHT-XE5S_2025_0526_1101,0.00010000000000012221,0.5
KHT-XE5S,2025-06-23 13:10:00,9.4723,8.451,KHT-XE5S_2025_0526_1101,0.0,0.5
KHT-XE5S,2025-06-23 13:20:00,9.4716,8.448,KHT-XE5S_2025_0526_1101,0.00030000000000001136,0.5
KHT-XE5S,2025-06-23 13:30:00,9.4706,8.453,KHT-XE5S_2025_0526_1101,0.0004999999999999005,0.5
KHT-XE5S,2025-06-23 13:40:00,9.4693,8.451,KHT-XE5S_2025_0526_1101,0.00019999999999988915,0.5
KHT-XE5S,2025-06-23 13:50:00,9.4693,8.452,KHT-XE5S_2025_0526_1101,9.999999999994457e-05,0.5
KHT-XE5S,2025-06-23 14:00:00,9.4684,8.453,KHT-XE5S_2025_0526_1101,9.999999999994457e-05,0.5
KHT-XE5S,2025-06-23 14:10:00,9.4681,8.454,KHT-XE5S_2025_0526_1101,0.00010000000000012221,0.5
KHT-XE5S,2025-06-23 14:20:00,9.468,8.452,KHT-XE5S_2025_0526_1101,0.0002000000000000668,0.5
KHT-XE5S,2025-06-23 14:30:00,9.4677,8.452,KHT-XE5S_2025_0526_1101,0.0,0.5
KHT-XE5S,2025-06-23 14:40:00,9.4667,8.454,KHT-XE5S_2025_0526_1101,0.0002000000000000668,0.5
KHT-XE5S,2025-06-23 14:50:00,9.4661,8.453,KHT-XE5S_2025_0526_1101,0.00010000000000012221,0.5
KHT-XE5S,2025-06-23 15:00:00,9.4642,8.454,KHT-XE5S_2025_0526_1101,0.00010000000000012221,0.5
KHT-XE5S,2025-06-23 15:10:00,9.4629,8.457,KHT-XE5S_2025_0526_1101,0.00030000000000001136,0.5
KHT-XE5S,2025-06-23 15:20:00,9.4616,8.457,KHT-XE5S_2025_0526_1101,0.0,0.5
KHT-XE5S,2025-06-23 15:30:00,9.4601,8.455,KHT-XE5S_2025_0526_1101,0.0002000000000000668,0.5
KHT-XE5S,2025-06-23 15:40:00,9.4588,8.456,KHT-XE5S_2025_0526_1101,9.999999999994457e-05,0.5
KHT-XE5S,2025-06-23 15:50:00,9.458,8.457,KHT-XE5S_2025_0526_1101,0.00010000000000012221,0.5
KHT-XE5S,2025-06-23 16:00:00,9.4573,8.459,KHT-XE5S_2025_0526_1101,0.00019999999999988915,0.5
KHT-XE5S,2025-06-23 16:10:00,9.4569,8.457,KHT-XE5S_2025_0526_1101,0.00019999999999988915,0.5
KHT-XE5S,2025-06-23 16:20:00,9.4564,8.459,KHT-XE5S_2025_0526_1101,0.00019999999999988915,0.5
KHT-XE5S,2025-06-23 16:30:00,9.4549,8.459,KHT-XE5S_2025_0526_1101,0.0,0.5
KHT-XE5S,2025-06-23 16:40:00,9.4548,8.459,KHT-XE5S_2025_0526_1101,0.0,0.5
KHT-XE5S,2025-06-23 16:50:00,9.4561,8.459,KHT-XE5S_2025_0526_1101,0.0,0.5
KHT-XE5S,2025-06-23 17:00:00,9.4569,8.458,KHT-XE5S_2025_0526_1101,9.999999999994457e-05,0.5
KHT-XE5S,2025-06-23 17:10:00,9.4571,8.459,KHT-XE5S_2025_0526_1101,9.999999999994457e-05,0.5
KHT-XE5S,2025-06-23 17:20:00,9.4569,8.461,KHT-XE5S_2025_0526_1101,0.0002000000000000668,0.5
KHT-XE5S,2025-06-23 17:30:00,9.4563,8.462,KHT-XE5S_2025_0526_1101,9.999999999994457e-05,0.5
KHT-XE5S,2025-06-23 17:40:00,9.456,8.46,KHT-XE5S_2025_0526_1101,0.00019999999999988915,0.5
KHT-XE5S,2025-06-23 17:50:00,9.4562,8.462,KHT-XE5S_2025_0526_1101,0.00019999999999988915,0.5
KHT-XE5S,2025-06-23 18:00:00,9.4581,8.462,KHT-XE5S_2025_0526_1101,0.0,0.5
KHT-XE5S,2025-06-23 18:10:00,9.4583,8.461,KHT-XE5S_2025_0526_1101,9.999999999994457e-05,0.5
KHT-XE5S,2025-06-23 18:20:00,9.4587,8.462,KHT-XE5S_2025_0526_1101,9.999999999994457e-05,0.5
KHT-XE5S,2025-06-23 18:30:00,9.4601,8.463,KHT-XE5S_2025_0526_1101,9.999999999994457e-05,0.5
KHT-XE5S,2025-06-23 18:40:00,9.4594,8.461,KHT-XE5S_2025_0526_1101,0.00019999999999988915,0.5
KHT-XE5S,2025-06-23 18:50:00,9.4589,8.463,KHT-XE5S_2025_0526_1101,0.00019999999999988915,0.5
KHT-XE5S,2025-06-23 19:00:00,9.4586,8.463,KHT-XE5S_2025_0526_1101,0.0,0.5
KHT-XE5S,2025-06-23 19:10:00,9.459,8.466,KHT-XE5S_2025_0526_1101,0.00030000000000001136,0.5
KHT-XE5S,2025-06-23 19:20:00,9.4588,8.462,KHT-XE5S_2025_0526_1101,0.00039999999999995595,0.5
KHT-XE5S,2025-06-23 19:30:00,9.4595,8.465,KHT-XE5S_2025_0526_1101,0.00030000000000001136,0.5
KHT-XE5S,2025-06-23 19:40:00,9.4599,8.464,KHT-XE5S_2025_0526_1101,9.999999999994457e-05,0.5
KHT-XE5S,2025-06-23 19:50:00,9.4599,8.466,KHT-XE5S_2025_0526_1101,0.00019999999999988915,0.5
KHT-XE5S,2025-06-23 20:00:00,9.4605,8.465,KHT-XE5S_2025_0526_1101,9.999999999994457e-05,0.5
KHT-XE5S,2025-06-23 20:10:00,9.4616,8.466,KHT-XE5S_2025_0526_1101,9.999999999994457e-05,0.5
KHT-XE5S,2025-06-23 20:20:00,9.4632,8.467,KHT-XE5S_2025_0526_1101,0.00010000000000012221,0.5
KHT-XE5S,2025-06-23 20:30:00,9.4642,8.467,KHT-XE5S_2025_0526_1101,0.0,0.5
KHT-XE5S,2025-06-23 20:40:00,9.4648,8.464,KHT-XE5S_2025_0526_1101,0.00030000000000001136,0.5
KHT-XE5S,2025-06-23 20:50:00,9.4656,8.467,KHT-XE5S_2025_0526_1101,0.00030000000000001136,0.5
KHT-XE5S,2025-06-23 21:00:00,9.4665,8.465,KHT-XE5S_2025_0526_1101,0.0002000000000000668,0.5
KHT-XE5S,2025-06-23 21:10:00,9.4678,8.468,KHT-XE5S_2025_0526_1101,0.00030000000000001136,0.5
KHT-XE5S,2025-06-23 21:20:00,9.4698,8.467,KHT-XE5S_2025_0526_1101,9.999999999994457e-05,0.5
KHT-XE5S,2025-06-23 21:30:00,9.4708,8.468,KHT-XE5S_2025_0526_1101,9.999999999994457e-05,0.5
KHT-XE5S,2025-06-23 21:40:00,9.4723,8.467,KHT-XE5S_2025_0526_1101,9.999999999994457e-05,0.5
KHT-XE5S,2025-06-23 21:50:00,9.4738,8.468,KHT-XE5S_2025_0526_1101,9.999999999994457e-05,0.5
KHT-XE5S,2025-06-23 22:00:00,9.4747,8.468,KHT-XE5S_2025_0526_1101,0.0,0.5
KHT-XE5S,2025-06-23 22:10:00,9.4756,8.47,KHT-XE5S_2025_0526_1101,0.0002000000000000668,0.5
KHT-XE5S,2025-06-23 22:20:00,9.4758,8.469,KHT-XE5S_2025_0526_1101,0.00010000000000012221,0.5
KHT-XE5S,2025-06-23 22:30:00,9.4767,8.469,KHT-XE5S_2025_0526_1101,0.0,0.5
KHT-XE5S,2025-06-23 22:40:00,9.4774,8.471,KHT-XE5S_2025_0526_1101,0.0002000000000000668,0.5
KHT-XE5S,2025-06-23 22:50:00,9.4775,8.471,KHT-XE5S_2025_0526_1101,0.0,0.5
KHT-XE5S,2025-06-23 23:00:00,9.4778,8.47,KHT-XE5S_2025_0526_1101,9.999999999994457e-05,0.5
KHT-XE5S,2025-06-23 23:10:00,9.4782,8.472,KHT-XE5S_2025_0526_1101,0.00019999999999988915,0.5
KHT-XE5S,2025-06-23 23:20:00,9.4783,8.471,KHT-XE5S_2025_0526_1101,9.999999999994457e-05,0.5
KHT-XE5S,2025-06-23 23:30:00,9.4783,8.473,KHT-XE5S_2025_0526_1101,0.0002000000000000668,0.5
KHT-XE5S,2025-06-23 23:40:00,9.4784,8.473,KHT-XE5S_2025_0526_1101,0.0,0.5
KHT-XE5S,2025-06-23 23:50:00,9.478,8.473,KHT-XE5S_2025_0526_1101,0.0,0.5
KHT-XE5S,2025-06-24 00:00:00,9.4783,8.473,KHT-XE5S_2025_0526_1101,0.0,0.5
KHT-XE5S,2025-06-24 00:10:00,9.478,8.474,KHT-XE5S_2025_0526_1101,9.999999999994457e-05,0.5
KHT-XE5S,2025-06-24 00:20:00,9.4779,8.473,KHT-XE5S_2025_0526_1101,9.999999999994457e-05,0.5
KHT-XE5S,2025-06-24 00:30:00,9.4776,8.472,KHT-XE5S_2025_0526_1101,0.00010000000000012221,0.5
KHT-XE5S,2025-06-24 00:40:00,9.478,8.474,KHT-XE5S_2025_0526_1101,0.0002000000000000668,0.5
KHT-XE5S,2025-06-24 00:50:00,9.4787,8.476,KHT-XE5S_2025_0526_1101,0.0002000000000000668,0.5
KHT-XE5S,2025-06-24 01:00:00,9.4784,8.475,KHT-XE5S_2025_0526_1101,0.00010000000000012221,0.5
KHT-XE5S,2025-06-24 01:10:00,9.4785,8.474,KHT-XE5S_2025_0526_1101,9.999999999994457e-05,0.5
KHT-XE5S,2025-06-24 01:20:00,9.4783,8.474,KHT-XE5S_2025_0526_1101,0.0,0.5
KHT-XE5S,2025-06-24 01:30:00,9.4776,8.475,KHT-XE5S_2025_0526_1101,9.999999999994457e-05,0.5
KHT-XE5S,2025-06-24 01:40:00,9.4779,8.475,KHT-XE5S_2025_0526_1101,0.0,0.5
KHT-XE5S,2025-06-24 01:50:00,9.4778,8.476,KHT-XE5S_2025_0526_1101,0.00010000000000012221,0.5
KHT-XE5S,2025-06-24 02:00:00,9.4782,8.475,KHT-XE5S_2025_0526_1101,0.00010000000000012221,0.5
KHT-XE5S,2025-06-24 02:10:00,9.4785,8.476,KHT-XE5S_2025_0526_1101,0.00010000000000012221,0.5
KHT-XE5S,2025-06-24 02:20:00,9.4792,8.479,KHT-XE5S_2025_0526_1101,0.0002999999999998337,0.5
KHT-XE5S,2025-06-24 02:30:00,9.4792,8.477,KHT-XE5S_2025_0526_1101,0.00019999999999988915,0.5
KHT-XE5S,2025-06-24 02:40:00,9.4788,8.479,KHT-XE5S_2025_0526_1101,0.00019999999999988915,0.5
KHT-XE5S,2025-06-24 02:50:00,9.479,8.477,KHT-XE5S_2025_0526_1101,0.00019999999999988915,0.5
KHT-XE5S,2025-06-24 03:00:00,9.4792,8.478,KHT-XE5S_2025_0526_1101,9.999999999994457e-05,0.5
KHT-XE5S,2025-06-24 03:10:00,9.48,8.48,KHT-XE5S_2025_0526_1101,0.0002000000000000668,0.5
KHT-XE5S,2025-06-24 03:20:00,9.4799,8.479,KHT-XE5S_2025_0526_1101,0.00010000000000012221,0.5
KHT-XE5S,2025-06-24 03:30:00,9.4805,8.478,KHT-XE5S_2025_0526_1101,9.999999999994457e-05,0.5
KHT-XE5S,2025-06-24 03:40:00,9.4812,8.48,KHT-XE5S_2025_0526_1101,0.0002000000000000668,0.5
KHT-XE5S,2025-06-24 03:50:00,9.4813,8.48,KHT-XE5S_2025_0526_1101,0.0,0.5
KHT-XE5S,2025-06-24 04:00:00,9.4817,8.482,KHT-XE5S_2025_0526_1101,0.00019999999999988915,0.5
KHT-XE5S,2025-06-24 04:10:00,9.4823,8.481,KHT-XE5S_2025_0526_1101,9.999999999994457e-05,0.5
KHT-XE5S,2025-06-24 04:20:00,9.4825,8.48,KHT-XE5S_2025_0526_1101,9.999999999994457e-05,0.5
KHT-XE5S,2025-06-24 04:30:00,9.4829,8.48,KHT-XE5S_2025_0526_1101,0.0,0.5
KHT-XE5S,2025-06-24 04:40:00,9.484,8.483,KHT-XE5S_2025_0526_1101,0.00030000000000001136,0.5
KHT-XE5S,2025-06-24 04:50:00,9.4848,8.481,KHT-XE5S_2025_0526_1101,0.0002000000000000668,0.5
KHT-XE5S,2025-06-24 05:00:00,9.4853,8.483,KHT-XE5S_2025_0526_1101,0.0002000000000000668,0.5
KHT-XE5S,2025-06-24 05:10:00,9.4853,8.483,KHT-XE5S_2025_0526_1101,0.0,0.5
KHT-XE5S,2025-06-24 05:20:00,9.4858,8.485,KHT-XE5S_2025_0526_1101,0.00019999999999988915,0.5
KHT-XE5S,2025-06-24 05:30:00,9.4863,8.483,KHT-XE5S_2025_0526_1101,0.00019999999999988915,0.5
KHT-XE5S,2025-06-24 05:40:00,9.4869,8.486,KHT-XE5S_2025_0526_1101,0.00030000000000001136,0.5
KHT-XE5S,2025-06-24 05:50:00,9.4872,8.485,KHT-XE5S_2025_0526_1101,0.00010000000000012221,0.5
KHT-XE5S,2025-06-24 06:00:00,9.4881,8.484,KHT-XE5S_2025_0526_1101,9.999999999994457e-05,0.5
KHT-XE5S,2025-06-24 06:10:00,9.4885,8.487,KHT-XE5S_2025_0526_1101,0.00030000000000001136,0.5
KHT-XE5S,2025-06-24 06:20:00,9.4895,8.486,KHT-XE5S_2025_0526_1101,9.999999999994457e-05,0.5
KHT-XE5S,2025-06-24 06:30:00,9.4901,8.485,KHT-XE5S_2025_0526_1101,0.00010000000000012221,0.5
KHT-XE5S,2025-06-24 06:40:00,9.491,8.487,KHT-XE5S_2025_0526_1101,0.0002000000000000668,0.5
KHT-XE5S,2025-06-24 06:50:00,9.492,8.487,KHT-XE5S_2025_0526_1101,0.0,0.5
KHT-XE5S,2025-06-24 07:00:00,9.4934,8.487,KHT-XE5S_2025_0526_1101,0.0,0.5
KHT-XE5S,2025-06-24 07:10:00,9.4932,8.488,KHT-XE5S_2025_0526_1101,9.999999999994457e-05,0.5
KHT-XE5S,2025-06-24 07:20:00,9.4938,8.488,KHT-XE5S_2025_0526_1101,0.0,0.5
KHT-XE5S,2025-06-24 07:30:00,9.4948,8.487,KHT-XE5S_2025_0526_1101,9.999999999994457e-05,0.5
KHT-XE5S,2025-06-24 07:40:00,9.4931,8.486,KHT-XE5S_2025_0526_1101,9.999999999994457e-05,0.5
KHT-XE5S,2025-06-24 07:50:00,9.4932,8.489,KHT-XE5S_2025_0526_1101,0.00030000000000001136,0.5
KHT-XE5S,2025-06-24 08:00:00,9.4937,8.489,KHT-XE5S_2025_0526_1101,0.0,0.5
KHT-XE5S,2025-06-24 08:10:00,9.4944,8.489,KHT-XE5S_2025_0526_1101,0.0,0.5
KHT-XE5S,2025-06-24 08:20:00,9.4945,8.489,KHT-XE5S_2025_0526_1101,0.0,0.5
KHT-XE5S,2025-06-24 08:30:00,9.4951,8.489,KHT-XE5S_2025_0526_1101,0.0,0.5
KHT-XE5S,2025-06-24 08:40:00,9.4956,8.49,KHT-XE5S_2025_0526_1101,9.999999999994457e-05,0.5
KHT-XE5S,2025-06-24 08:50:00,9.496,8.492,KHT-XE5S_2025_0526_1101,0.0002000000000000668,0.5
KHT-XE5S,2025-06-24 09:00:00,9.4962,8.491,KHT-XE5S_2025_0526_1101,0.00010000000000012221,0.5
KHT-XE5S,2025-06-24 09:10:00,9.4956,8.492,KHT-XE5S_2025_0526_1101,0.00010000000000012221,0.5
KHT-XE5S,2025-06-24 09:20:00,9.4952,8.489,KHT-XE5S_2025_0526_1101,0.00030000000000001136,0.5
KHT-XE5S,2025-06-24 09:30:00,9.495,8.491,KHT-XE5S_2025_0526_1101,0.00019999999999988915,0.5
KHT-XE5S,2025-06-24 09:40:00,9.4942,8.493,KHT-XE5S_2025_0526_1101,0.0002000000000000668,0.5
KHT-XE5S,2025-06-24 09:50:00,9.494,8.493,KHT-XE5S_2025_0526_1101,0.0,0.5
KHT-XE5S,2025-06-24 10:00:00,9.4929,8.493,KHT-XE5S_2025_0526_1101,0.0,0.5
KHT-XE5S,2025-06-24 10:10:00,9.4923,8.494,KHT-XE5S_2025_0526_1101,9.999999999994457e-05,0.5
KHT-XE5S,2025-06-24 10:20:00,9.4912,8.492,KHT-XE5S_2025_0526_1101,0.00019999999999988915,0.5
KHT-XE5S,2025-06-24 10:30:00,9.4897,8.494,KHT-XE5S_2025_0526_1101,0.00019999999999988915,0.5
KHT-XE5S,2025-06-24 10:40:00,9.489,8.493,KHT-XE5S_2025_0526_1101,9.999999999994457e-05,0.5
KHT-XE5S,2025-06-24 10:50:00,9.4881,8.495,KHT-XE5S_2025_0526_1101,0.00019999999999988915,0.5
KHT-XE5S,2025-06-24 11:00:00,9.4868,8.495,KHT-XE5S_2025_0526_1101,0.0,0.5
KHT-XE5S,2025-06-24 11:10:00,9.4855,8.496,KHT-XE5S_2025_0526_1101,0.00010000000000012221,0.5
KHT-XE5S,2025-06-24 11:20:00,9.4852,8.497,KHT-XE5S_2025_0526_1101,9.999999999994457e-05,0.5
KHT-XE5S,2025-06-24 11:30:00,9.4836,8.497,KHT-XE5S_2025_0526_1101,0.0,0.5
KHT-XE5S,2025-06-24 11:40:00,9.4826,8.496,KHT-XE5S_2025_0526_1101,9.999999999994457e-05,0.5
KHT-XE5S,2025-06-24 11:50:00,9.4825,8.498,KHT-XE5S_2025_0526_1101,0.00019999999999988915,0.5
KHT-XE5S,2025-06-24 12:00:00,9.4819,8.497,KHT-XE5S_2025_0526_1101,9.999999999994457e-05,0.5
KHT-XE5S,2025-06-24 12:10:00,9.4797,8.498,KHT-XE5S_2025_0526_1101,9.999999999994457e-05,0.5
KHT-XE5S,2025-06-24 12:20:00,9.4799,8.497,KHT-XE5S_2025_0526_1101,9.999999999994457e-05,0.5
KHT-XE5S,2025-06-24 12:30:00,9.4794,8.498,KHT-XE5S_2025_0526_1101,9.999999999994457e-05,0.5
KHT-XE5S,2025-06-24 12:40:00,9.4783,8.498,KHT-XE5S_2025_0526_1101,0.0,0.5
KHT-XE5S,2025-06-24 12:50:00,9.4771,8.499,KHT-XE5S_2025_0526_1101,0.00010000000000012221,0.5
KHT-XE5S,2025-06-24 13:00:00,9.4769,8.499,KHT-XE5S_2025_0526_1101,0.0,0.5
KHT-XE5S,2025-06-24 13:10:00,9.4769,8.499,KHT-XE5S_2025_0526_1101,0.0,0.5
KHT-XE5S,2025-06-24 13:20:00,9.4762,8.498,KHT-XE5S_2025_0526_1101,0.00010000000000012221,0.5
KHT-XE5S,2025-06-24 13:30:00,9.4745,8.5,KHT-XE5S_2025_0526_1101,0.0002000000000000668,0.5
KHT-XE5S,2025-06-24 13:40:00,9.4735,8.5,KHT-XE5S_2025_0526_1101,0.0,0.5
KHT-XE5S,2025-06-24 13:50:00,9.4711,8.501,KHT-XE5S_2025_0526_1101,9.999999999994457e-05,0.5
KHT-XE5S,2025-06-24 14:00:00,9.4698,8.5,KHT-XE5S_2025_0526_1101,9.999999999994457e-05,0.5
KHT-XE5S,2025-06-24 14:10:00,9.4684,8.501,KHT-XE5S_2025_0526_1101,9.999999999994457e-05,0.5
KHT-XE5S,2025-06-24 14:20:00,9.468,8.502,KHT-XE5S_2025_0526_1101,0.00010000000000012221,0.5
KHT-XE5S,2025-06-24 14:30:00,9.4682,8.501,KHT-XE5S_2025_0526_1101,0.00010000000000012221,0.5
KHT-XE5S,2025-06-24 14:40:00,9.4675,8.502,KHT-XE5S_2025_0526_1101,0.00010000000000012221,0.5
KHT-XE5S,2025-06-24 14:50:00,9.4672,8.503,KHT-XE5S_2025_0526_1101,9.999999999994457e-05,0.5
KHT-XE5S,2025-06-24 15:00:00,9.4663,8.504,KHT-XE5S_2025_0526_1101,9.999999999994457e-05,0.5
KHT-XE5S,2025-06-24 15:10:00,9.4648,8.503,KHT-XE5S_2025_0526_1101,9.999999999994457e-05,0.5
KHT-XE5S,2025-06-24 15:20:00,9.4644,8.505,KHT-XE5S_2025_0526_1101,0.0002000000000000668,0.5
KHT-XE5S,2025-06-24 15:30:00,9.4634,8.504,KHT-XE5S_2025_0526_1101,0.00010000000000012221,0.5
KHT-XE5S,2025-06-24 15:40:00,9.4634,8.506,KHT-XE5S_2025_0526_1101,0.0002000000000000668,0.5
KHT-XE5S,2025-06-24 15:50:00,9.4624,8.505,KHT-XE5S_2025_0526_1101,9.999999999994457e-05,0.5
KHT-XE5S,2025-06-24 16:00:00,9.462,8.504,KHT-XE5S_2025_0526_1101,0.00010000000000012221,0.5
KHT-XE5S,2025-06-24 16:10:00,9.4627,8.505,KHT-XE5S_2025_0526_1101,0.00010000000000012221,0.5
KHT-XE5S,2025-06-24 16:20:00,9.4618,8.504,KHT-XE5S_2025_0526_1101,0.00010000000000012221,0.5
KHT-XE5S,2025-06-24 16:30:00,9.4612,8.506,KHT-XE5S_2025_0526_1101,0.0002000000000000668,0.5
KHT-XE5S,2025-06-24 16:40:00,9.4607,8.505,KHT-XE5S_2025_0526_1101,9.999999999994457e-05,0.5
KHT-XE5S,2025-06-24 16:50:00,9.461,8.507,KHT-XE5S_2025_0526_1101,0.00019999999999988915,0.5
KHT-XE5S,2025-06-24 17:00:00,9.4604,8.509,KHT-XE5S_2025_0526_1101,0.0002000000000000668,0.5
KHT-XE5S,2025-06-24 17:10:00,9.4603,8.507,KHT-XE5S_2025_0526_1101,0.0002000000000000668,0.5
KHT-XE5S,2025-06-24 17:20:00,9.4621,8.507,KHT-XE5S_2025_0526_1101,0.0,0.5
KHT-XE5S,2025-06-24 17:30:00,9.4597,8.507,KHT-XE5S_2025_0526_1101,0.0,0.5
KHT-XE5S,2025-06-24 17:40:00,9.4597,8.509,KHT-XE5S_2025_0526_1101,0.0002000000000000668,0.5
KHT-XE5S,2025-06-24 17:50:00,9.4593,8.506,KHT-XE5S_2025_0526_1101,0.00030000000000001136,0.5
KHT-XE5S,2025-06-24 18:00:00,9.4598,8.508,KHT-XE5S_2025_0526_1101,0.00019999999999988915,0.5
KHT-XE5S,2025-06-24 18:10:00,9.4602,8.51,KHT-XE5S_2025_0526_1101,0.0002000000000000668,0.5
KHT-XE5S,2025-06-24 18:20:00,9.4607,8.509,KHT-XE5S_2025_0526_1101,9.999999999994457e-05,0.5
KHT-XE5S,2025-06-24 18:30:00,9.4616,8.51,KHT-XE5S_2025_0526_1101,9.999999999994457e-05,0.5
KHT-XE5S,2025-06-24 18:40:00,9.4613,8.509,KHT-XE5S_2025_0526_1101,9.999999999994457e-05,0.5
KHT-XE5S,2025-06-24 18:50:00,9.4615,8.511,KHT-XE5S_2025_0526_1101,0.00019999999999988915,0.5
KHT-XE5S,2025-06-24 19:00:00,9.4618,8.51,KHT-XE5S_2025_0526_1101,9.999999999994457e-05,0.5
KHT-XE5S,2025-06-24 19:10:00,9.4632,8.51,KHT-XE5S_2025_0526_1101,0.0,0.5
KHT-XE5S,2025-06-24 19:20:00,9.463,8.509,KHT-XE5S_2025_0526_1101,9.999999999994457e-05,0.5
KHT-XE5S,2025-06-24 19:30:00,9.4647,8.51,KHT-XE5S_2025_0526_1101,9.999999999994457e-05,0.5
KHT-XE5S,2025-06-24 19:40:00,9.4658,8.511,KHT-XE5S_2025_0526_1101,9.999999999994457e-05,0.5
KHT-XE5S,2025-06-24 19:50:00,9.4671,8.511,KHT-XE5S_2025_0526_1101,0.0,0.5
KHT-XE5S,2025-06-24 20:00:00,9.4685,8.512,KHT-XE5S_2025_0526_1101,0.00010000000000012221,0.5
KHT-XE5S,2025-06-24 20:10:00,9.4703,8.51,KHT-XE5S_2025_0526_1101,0.0002000000000000668,0.5
KHT-XE5S,2025-06-24 20:20:00,9.4721,8.514,KHT-XE5S_2025_0526_1101,0.00039999999999995595,0.5
KHT-XE5S,2025-06-24 20:30:00,9.4725,8.512,KHT-XE5S_2025_0526_1101,0.00019999999999988915,0.5
KHT-XE5S,2025-06-24 20:40:00,9.4736,8.513,KHT-XE5S_2025_0526_1101,9.999999999994457e-05,0.5
KHT-XE5S,2025-06-24 20:50:00,9.4748,8.512,KHT-XE5S_2025_0526_1101,9.999999999994457e-05,0.5
KHT-XE5S,2025-06-24 21:00:00,9.4756,8.514,KHT-XE5S_2025_0526_1101,0.00019999999999988915,0.5
KHT-XE5S,2025-06-24 21:10:00,9.4768,8.513,KHT-XE5S_2025_0526_1101,9.999999999994457e-05,0.5
KHT-XE5S,2025-06-24 21:20:00,9.4783,8.515,KHT-XE5S_2025_0526_1101,0.0002000000000000668,0.5
KHT-XE5S,2025-06-24 21:30:00,9.4792,8.513,KHT-XE5S_2025_0526_1101,0.0002000000000000668,0.5
KHT-XE5S,2025-06-24 21:40:00,9.4806,8.512,KHT-XE5S_2025_0526_1101,9.999999999994457e-05,0.5
KHT-XE5S,2025-06-24 21:50:00,9.4817,8.516,KHT-XE5S_2025_0526_1101,0.00039999999999995595,0.5
KHT-XE5S,2025-06-24 22:00:00,9.4828,8.515,KHT-XE5S_2025_0526_1101,9.999999999994457e-05,0.5
KHT-XE5S,2025-06-24 22:10:00,9.4844,8.514,KHT-XE5S_2025_0526_1101,0.00010000000000012221,0.5
KHT-XE5S,2025-06-24 22:20:00,9.4853,8.517,KHT-XE5S_2025_0526_1101,0.00030000000000001136,0.5
KHT-XE5S,2025-06-24 22:30:00,9.4863,8.517,KHT-XE5S_2025_0526_1101,0.0,0.5
KHT-XE5S,2025-06-24 22:40:00,9.487,8.516,KHT-XE5S_2025_0526_1101,9.999999999994457e-05,0.5
KHT-XE5S,2025-06-24 22:50:00,9.4874,8.518,KHT-XE5S_2025_0526_1101,0.0002000000000000668,0.5
KHT-XE5S,2025-06-24 23:00:00,9.4871,8.516,KHT-XE5S_2025_0526_1101,0.0002000000000000668,0.5
KHT-XE5S,2025-06-24 23:10:00,9.4878,8.517,KHT-XE5S_2025_0526_1101,9.999999999994457e-05,0.5
KHT-XE5S,2025-06-24 23:20:00,9.489,8.516,KHT-XE5S_2025_0526_1101,9.999999999994457e-05,0.5
KHT-XE5S,2025-06-24 23:30:00,9.4889,8.518,KHT-XE5S_2025_0526_1101,0.0002000000000000668,0.5
KHT-XE5S,2025-06-24 23:40:00,9.4895,8.518,KHT-XE5S_2025_0526_1101,0.0,0.5
KHT-XE5S,2025-06-24 23:50:00,9.4895,8.517,KHT-XE5S_2025_0526_1101,0.00010000000000012221,0.5
KHT-XE5S,2025-06-25 00:00:00,9.4895,8.519,KHT-XE5S_2025_0526_1101,0.0002000000000000668,0.5
KHT-XE5S,2025-06-25 00:10:00,9.4886,8.52,KHT-XE5S_2025_0526_1101,9.999999999994457e-05,0.5
KHT-XE5S,2025-06-25 00:20:00,9.4884,8.52,KHT-XE5S_2025_0526_1101,0.0,0.5
KHT-XE5S,2025-06-25 00:30:00,9.4881,8.52,KHT-XE5S_2025_0526_1101,0.0,0.5
KHT-XE5S,2025-06-25 00:40:00,9.4882,8.521,KHT-XE5S_2025_0526_1101,0.00010000000000012221,0.5
KHT-XE5S,2025-06-25 00:50:00,9.4879,8.52,KHT-XE5S_2025_0526_1101,0.00010000000000012221,0.5
KHT-XE5S,2025-06-25 01:00:00,9.4882,8.521,KHT-XE5S_2025_0526_1101,0.00010000000000012221,0.5
KHT-XE5S,2025-06-25 01:10:00,9.4888,8.522,KHT-XE5S_2025_0526_1101,9.999999999994457e-05,0.5
KHT-XE5S,2025-06-25 01:20:00,9.4887,8.523,KHT-XE5S_2025_0526_1101,9.999999999994457e-05,0.5
KHT-XE5S,2025-06-25 01:30:00,9.4886,8.52,KHT-XE5S_2025_0526_1101,0.00030000000000001136,0.5
KHT-XE5S,2025-06-25 01:40:00,9.4882,8.522,KHT-XE5S_2025_0526_1101,0.0002000000000000668,0.5
KHT-XE5S,2025-06-25 01:50:00,9.4882,8.523,KHT-XE5S_2025_0526_1101,9.999999999994457e-05,0.5
KHT-XE5S,2025-06-25 02:00:00,9.4885,8.523,KHT-XE5S_2025_0526_1101,0.0,0.5
KHT-XE5S,2025-06-25 02:10:00,9.4888,8.521,KHT-XE5S_2025_0526_1101,0.00019999999999988915,0.5
KHT-XE5S,2025-06-25 02:20:00,9.4897,8.524,KHT-XE5S_2025_0526_1101,0.0002999999999998337,0.5
KHT-XE5S,2025-06-25 02:30:00,9.4897,8.522,KHT-XE5S_2025_0526_1101,0.00019999999999988915,0.5
KHT-XE5S,2025-06-25 02:40:00,9.49,8.521,KHT-XE5S_2025_0526_1101,9.999999999994457e-05,0.5
KHT-XE5S,2025-06-25 02:50:00,9.4905,8.523,KHT-XE5S_2025_0526_1101,0.00019999999999988915,0.5
KHT-XE5S,2025-06-25 03:00:00,9.491,8.524,KHT-XE5S_2025_0526_1101,9.999999999994457e-05,0.5
KHT-XE5S,2025-06-25 03:10:00,9.4908,8.524,KHT-XE5S_2025_0526_1101,0.0,0.5
KHT-XE5S,2025-06-25 03:20:00,9.491,8.525,KHT-XE5S_2025_0526_1101,0.00010000000000012221,0.5
KHT-XE5S,2025-06-25 03:30:00,9.4908,8.524,KHT-XE5S_2025_0526_1101,0.00010000000000012221,0.5
KHT-XE5S,2025-06-25 03:40:00,9.4912,8.524,KHT-XE5S_2025_0526_1101,0.0,0.5
KHT-XE5S,2025-06-25 03:50:00,9.4913,8.526,KHT-XE5S_2025_0526_1101,0.0002000000000000668,0.5
KHT-XE5S,2025-06-25 04:00:00,9.4912,8.526,KHT-XE5S_2025_0526_1101,0.0,0.5
KHT-XE5S,2025-06-25 04:10:00,9.4918,8.525,KHT-XE5S_2025_0526_1101,9.999999999994457e-05,0.5
KHT-XE5S,2025-06-25 04:20:00,9.4922,8.526,KHT-XE5S_2025_0526_1101,9.999999999994457e-05,0.5
KHT-XE5S,2025-06-25 04:30:00,9.4933,8.526,KHT-XE5S_2025_0526_1101,0.0,0.5
KHT-XE5S,2025-06-25 04:40:00,9.494,8.525,KHT-XE5S_2025_0526_1101,9.999999999994457e-05,0.5
KHT-XE5S,2025-06-25 04:50:00,9.4943,8.526,KHT-XE5S_2025_0526_1101,9.999999999994457e-05,0.5
KHT-XE5S,2025-06-25 05:00:00,9.4944,8.527,KHT-XE5S_2025_0526_1101,9.999999999994457e-05,0.5
KHT-XE5S,2025-06-25 05:10:00,9.4952,8.528,KHT-XE5S_2025_0526_1101,0.00010000000000012221,0.5
KHT-XE5S,2025-06-25 05:20:00,9.496,8.529,KHT-XE5S_2025_0526_1101,9.999999999994457e-05,0.5
KHT-XE5S,2025-06-25 05:30:00,9.497,8.526,KHT-XE5S_2025_0526_1101,0.00030000000000001136,0.5
KHT-XE5S,2025-06-25 05:40:00,9.4978,8.529,KHT-XE5S_2025_0526_1101,0.00030000000000001136,0.5
KHT-XE5S,2025-06-25 05:50:00,9.499,8.528,KHT-XE5S_2025_0526_1101,9.999999999994457e-05,0.5
KHT-XE5S,2025-06-25 06:00:00,9.4993,8.531,KHT-XE5S_2025_0526_1101,0.00030000000000001136,0.5
KHT-XE5S,2025-06-25 06:10:00,9.5003,8.531,KHT-XE5S_2025_0526_1101,0.0,0.5
KHT-XE5S,2025-06-25 06:20:00,9.5011,8.529,KHT-XE5S_2025_0526_1101,0.0002000000000000668,0.5
KHT-XE5S,2025-06-25 06:30:00,9.5017,8.53,KHT-XE5S_2025_0526_1101,9.999999999994457e-05,0.5
KHT-XE5S,2025-06-25 06:40:00,9.5024,8.53,KHT-XE5S_2025_0526_1101,0.0,0.5
KHT-XE5S,2025-06-25 06:50:00,9.5022,8.531,KHT-XE5S_2025_0526_1101,0.00010000000000012221,0.5
KHT-XE5S,2025-06-25 07:00:00,9.5023,8.53,KHT-XE5S_2025_0526_1101,0.00010000000000012221,0.5
KHT-XE5S,2025-06-25 07:10:00,9.5022,8.53,KHT-XE5S_2025_0526_1101,0.0,0.5
KHT-XE5S,2025-06-25 07:20:00,9.5034,8.532,KHT-XE5S_2025_0526_1101,0.0002000000000000668,0.5
KHT-XE5S,2025-06-25 07:30:00,9.5037,8.531,KHT-XE5S_2025_0526_1101,9.999999999994457e-05,0.5
KHT-XE5S,2025-06-25 07:40:00,9.5038,8.533,KHT-XE5S_2025_0526_1101,0.00019999999999988915,0.5
KHT-XE5S,2025-06-25 07:50:00,9.5043,8.531,KHT-XE5S_2025_0526_1101,0.00019999999999988915,0.5
KHT-XE5S,2025-06-25 08:00:00,9.5048,8.532,KHT-XE5S_2025_0526_1101,9.999999999994457e-05,0.5
KHT-XE5S,2025-06-25 08:10:00,9.5051,8.533,KHT-XE5S_2025_0526_1101,9.999999999994457e-05,0.5
KHT-XE5S,2025-06-25 08:20:00,9.5056,8.533,KHT-XE5S_2025_0526_1101,0.0,0.5
KHT-XE5S,2025-06-25 08:30:00,9.5056,8.532,KHT-XE5S_2025_0526_1101,9.999999999994457e-05,0.5
KHT-XE5S,2025-06-25 08:40:00,9.5052,8.534,KHT-XE5S_2025_0526_1101,0.0002000000000000668,0.5
KHT-XE5S,2025-06-25 08:50:00,9.5046,8.534,KHT-XE5S_2025_0526_1101,0.0,0.5
KHT-XE5S,2025-06-25 09:00:00,9.5036,8.537,KHT-XE5S_2025_0526_1101,0.00030000000000001136,0.5
KHT-XE5S,2025-06-25 09:10:00,9.5011,8.534,KHT-XE5S_2025_0526_1101,0.00030000000000001136,0.5
KHT-XE5S,2025-06-25 09:20:00,9.4991,8.534,KHT-XE5S_2025_0526_1101,0.0,0.5
KHT-XE5S,2025-06-25 09:30:00,9.4975,8.537,KHT-XE5S_2025_0526_1101,0.00030000000000001136,0.5
KHT-XE5S,2025-06-25 09:40:00,9.4957,8.536,KHT-XE5S_2025_0526_1101,0.00010000000000012221,0.5
KHT-XE5S,2025-06-25 09:50:00,9.494,8.535,KHT-XE5S_2025_0526_1101,9.999999999994457e-05,0.5
KHT-XE5S,2025-06-25 10:00:00,9.4919,8.537,KHT-XE5S_2025_0526_1101,0.0002000000000000668,0.5
KHT-XE5S,2025-06-25 10:10:00,9.49,8.535,KHT-XE5S_2025_0526_1101,0.0002000000000000668,0.5
KHT-XE5S,2025-06-25 10:20:00,9.4888,8.536,KHT-XE5S_2025_0526_1101,9.999999999994457e-05,0.5
KHT-XE5S,2025-06-25 10:30:00,9.486,8.537,KHT-XE5S_2025_0526_1101,0.00010000000000012221,0.5
KHT-XE5S,2025-06-25 10:40:00,9.4849,8.537,KHT-XE5S_2025_0526_1101,0.0,0.5
KHT-XE5S,2025-06-25 10:50:00,9.4835,8.537,KHT-XE5S_2025_0526_1101,0.0,0.5
KHT-XE5S,2025-06-25 11:00:00,9.4822,8.539,KHT-XE5S_2025_0526_1101,0.00019999999999988915,0.5
KHT-XE5S,2025-06-25 11:10:00,9.4808,8.539,KHT-XE5S_2025_0526_1101,0.0,0.5
KHT-XE5S,2025-06-25 11:20:00,9.4795,8.538,KHT-XE5S_2025_0526_1101,9.999999999994457e-05,0.5
KHT-XE5S,2025-06-25 11:30:00,9.4794,8.539,KHT-XE5S_2025_0526_1101,9.999999999994457e-05,0.5
KHT-XE5S,2025-06-25 11:40:00,9.4777,8.538,KHT-XE5S_2025_0526_1101,9.999999999994457e-05,0.5
KHT-XE5S,2025-06-25 11:50:00,9.4774,8.54,KHT-XE5S_2025_0526_1101,0.00019999999999988915,0.5
KHT-XE5S,2025-06-25 12:00:00,9.4763,8.539,KHT-XE5S_2025_0526_1101,9.999999999994457e-05,0.5
KHT-XE5S,2025-06-25 12:10:00,9.4761,8.54,KHT-XE5S_2025_0526_1101,9.999999999994457e-05,0.5
KHT-XE5S,2025-06-25 12:20:00,9.4738,8.541,KHT-XE5S_2025_0526_1101,0.00010000000000012221,0.5
KHT-XE5S,2025-06-25 12:30:00,9.4729,8.54,KHT-XE5S_2025_0526_1101,0.00010000000000012221,0.5
KHT-XE5S,2025-06-25 12:40:00,9.4718,8.54,KHT-XE5S_2025_0526_1101,0.0,0.5
KHT-XE5S,2025-06-25 12:50:00,9.4698,8.54,KHT-XE5S_2025_0526_1101,0.0,0.5
KHT-XE5S,2025-06-25 13:00:00,9.4694,8.542,KHT-XE5S_2025_0526_1101,0.0002000000000000668,0.5
KHT-XE5S,2025-06-25 13:10:00,9.4687,8.541,KHT-XE5S_2025_0526_1101,9.999999999994457e-05,0.5
KHT-XE5S,2025-06-25 13:20:00,9.4685,8.541,KHT-XE5S_2025_0526_1101,0.0,0.5
KHT-XE5S,2025-06-25 13:30:00,9.4674,8.542,KHT-XE5S_2025_0526_1101,9.999999999994457e-05,0.5
KHT-XE5S,2025-06-25 13:40:00,9.4663,8.542,KHT-XE5S_2025_0526_1101,0.0,0.5
KHT-XE5S,2025-06-25 13:50:00,9.467,8.544,KHT-XE5S_2025_0526_1101,0.0002000000000000668,0.5
KHT-XE5S,2025-06-25 14:00:00,9.4663,8.542,KHT-XE5S_2025_0526_1101,0.0002000000000000668,0.5
KHT-XE5S,2025-06-25 14:10:00,9.4654,8.544,KHT-XE5S_2025_0526_1101,0.0002000000000000668,0.5
KHT-XE5S,2025-06-25 14:20:00,9.4639,8.544,KHT-XE5S_2025_0526_1101,0.0,0.5
KHT-XE5S,2025-06-25 14:30:00,9.4649,8.542,KHT-XE5S_2025_0526_1101,0.0002000000000000668,0.5
KHT-XE5S,2025-06-25 14:40:00,9.4637,8.545,KHT-XE5S_2025_0526_1101,0.00030000000000001136,0.5
KHT-XE5S,2025-06-25 14:50:00,9.4639,8.544,KHT-XE5S_2025_0526_1101,9.999999999994457e-05,0.5
KHT-XE5S,2025-06-25 15:00:00,9.4632,8.544,KHT-XE5S_2025_0526_1101,0.0,0.5
KHT-XE5S,2025-06-25 15:10:00,9.4631,8.544,KHT-XE5S_2025_0526_1101,0.0,0.5
KHT-XE5S,2025-06-25 15:20:00,9.462,8.547,KHT-XE5S_2025_0526_1101,0.00030000000000001136,0.5
KHT-XE5S,2025-06-25 15:30:00,9.4609,8.546,KHT-XE5S_2025_0526_1101,0.00010000000000012221,0.5
KHT-XE5S,2025-06-25 15:40:00,9.4601,8.546,KHT-XE5S_2025_0526_1101,0.0,0.5
KHT-XE5S,2025-06-25 15:50:00,9.4607,8.546,KHT-XE5S_2025_0526_1101,0.0,0.5
KHT-XE5S,2025-06-25 16:00:00,9.4583,8.547,KHT-XE5S_2025_0526_1101,0.00010000000000012221,0.5
KHT-XE5S,2025-06-25 16:10:00,9.4592,8.546,KHT-XE5S_2025_0526_1101,0.00010000000000012221,0.5
KHT-XE5S,2025-06-25 16:20:00,9.4581,8.548,KHT-XE5S_2025_0526_1101,0.0002000000000000668,0.5
KHT-XE5S,2025-06-25 16:30:00,9.4578,8.545,KHT-XE5S_2025_0526_1101,0.00030000000000001136,0.5
KHT-XE5S,2025-06-25 16:40:00,9.4561,8.548,KHT-XE5S_2025_0526_1101,0.00030000000000001136,0.5
KHT-XE5S,2025-06-25 16:50:00,9.456,8.548,KHT-XE5S_2025_0526_1101,0.0,0.5
KHT-XE5S,2025-06-25 17:00:00,9.4559,8.549,KHT-XE5S_2025_0526_1101,9.999999999994457e-05,0.5
KHT-XE5S,2025-06-25 17:10:00,9.4541,8.547,KHT-XE5S_2025_0526_1101,0.00019999999999988915,0.5
KHT-XE5S,2025-06-25 17:20:00,9.4539,8.55,KHT-XE5S_2025_0526_1101,0.00030000000000001136,0.5
KHT-XE5S,2025-06-25 17:30:00,9.4541,8.549,KHT-XE5S_2025_0526_1101,0.00010000000000012221,0.5
KHT-XE5S,2025-06-25 17:40:00,9.4525,8.549,KHT-XE5S_2025_0526_1101,0.0,0.5
KHT-XE5S,2025-06-25 17:50:00,9.4522,8.552,KHT-XE5S_2025_0526_1101,0.00030000000000001136,0.5
KHT-XE5S,2025-06-25 18:00:00,9.4533,8.55,KHT-XE5S_2025_0526_1101,0.00019999999999988915,0.5
KHT-XE5S,2025-06-25 18:10:00,9.453,8.55,KHT-XE5S_2025_0526_1101,0.0,0.5
KHT-XE5S,2025-06-25 18:20:00,9.452,8.551,KHT-XE5S_2025_0526_1101,9.999999999994457e-05,0.5
KHT-XE5S,2025-06-25 18:30:00,9.4522,8.55,KHT-XE5S_2025_0526_1101,9.999999999994457e-05,0.5
KHT-XE5S,2025-06-25 18:40:00,9.4517,8.551,KHT-XE5S_2025_0526_1101,9.999999999994457e-05,0.5
KHT-XE5S,2025-06-25 18:50:00,9.4517,8.55,KHT-XE5S_2025_0526_1101,9.999999999994457e-05,0.5
KHT-XE5S,2025-06-25 19:00:00,9.4518,8.552,KHT-XE5S_2025_0526_1101,0.00019999999999988915,0.5
KHT-XE5S,2025-06-25 19:10:00,9.4513,8.552,KHT-XE5S_2025_0526_1101,0.0,0.5
KHT-XE5S,2025-06-25 19:20:00,9.4513,8.554,KHT-XE5S_2025_0526_1101,0.0002000000000000668,0.5
KHT-XE5S,2025-06-25 19:30:00,9.4516,8.552,KHT-XE5S_2025_0526_1101,0.0002000000000000668,0.5
KHT-XE5S,2025-06-25 19:40:00,9.4526,8.552,KHT-XE5S_2025_0526_1101,0.0,0.5
KHT-XE5S,2025-06-25 19:50:00,9.4534,8.553,KHT-XE5S_2025_0526_1101,0.00010000000000012221,0.5
KHT-XE5S,2025-06-25 20:00:00,9.4539,8.552,KHT-XE5S_2025_0526_1101,0.00010000000000012221,0.5
KHT-XE5S,2025-06-25 20:10:00,9.4545,8.553,KHT-XE5S_2025_0526_1101,0.00010000000000012221,0.5
KHT-XE5S,2025-06-25 20:20:00,9.4551,8.552,KHT-XE5S_2025_0526_1101,0.00010000000000012221,0.5
KHT-XE5S,2025-06-25 20:30:00,9.4556,8.554,KHT-XE5S_2025_0526_1101,0.0002000000000000668,0.5
KHT-XE5S,2025-06-25 20:40:00,9.4559,8.551,KHT-XE5S_2025_0526_1101,0.00030000000000001136,0.5
KHT-XE5S,2025-06-25 20:50:00,9.4565,8.553,KHT-XE5S_2025_0526_1101,0.0002000000000000668,0.5
KHT-XE5S,2025-06-25 21:00:00,9.4574,8.554,KHT-XE5S_2025_0526_1101,9.999999999994457e-05,0.5
KHT-XE5S,2025-06-25 21:10:00,9.458,8.552,KHT-XE5S_2025_0526_1101,0.0002000000000000668,0.5
KHT-XE5S,2025-06-25 21:20:00,9.4593,8.556,KHT-XE5S_2025_0526_1101,0.00039999999999995595,0.5
KHT-XE5S,2025-06-25 21:30:00,9.4601,8.554,KHT-XE5S_2025_0526_1101,0.00019999999999988915,0.5
KHT-XE5S,2025-06-25 21:40:00,9.4605,8.555,KHT-XE5S_2025_0526_1101,9.999999999994457e-05,0.5
KHT-XE5S,2025-06-25 21:50:00,9.4617,8.556,KHT-XE5S_2025_0526_1101,9.999999999994457e-05,0.5
KHT-XE5S,2025-06-25 22:00:00,9.4621,8.556,KHT-XE5S_2025_0526_1101,0.0,0.5
KHT-XE5S,2025-06-25 22:10:00,9.4628,8.555,KHT-XE5S_2025_0526_1101,9.999999999994457e-05,0.5
KHT-XE5S,2025-06-25 22:20:00,9.463,8.554,KHT-XE5S_2025_0526_1101,9.999999999994457e-05,0.5
KHT-XE5S,2025-06-25 22:30:00,9.4631,8.554,KHT-XE5S_2025_0526_1101,0.0,0.5
KHT-XE5S,2025-06-25 22:40:00,9.4633,8.558,KHT-XE5S_2025_0526_1101,0.00039999999999995595,0.5
KHT-XE5S,2025-06-25 22:50:00,9.4642,8.556,KHT-XE5S_2025_0526_1101,0.0002000000000000668,0.5
KHT-XE5S,2025-06-25 23:00:00,9.4639,8.558,KHT-XE5S_2025_0526_1101,0.0002000000000000668,0.5
KHT-XE5S,2025-06-25 23:10:00,9.4643,8.558,KHT-XE5S_2025_0526_1101,0.0,0.5
KHT-XE5S,2025-06-25 23:20:00,9.4649,8.558,KHT-XE5S_2025_0526_1101,0.0,0.5
KHT-XE5S,2025-06-25 23:30:00,9.4657,8.558,KHT-XE5S_2025_0526_1101,0.0,0.5
KHT-XE5S,2025-06-25 23:40:00,9.4659,8.558,KHT-XE5S_2025_0526_1101,0.0,0.5
KHT-XE5S,2025-06-25 23:50:00,9.4653,8.557,KHT-XE5S_2025_0526_1101,9.999999999994457e-05,0.5
KHT-XE5S,2025-06-26 00:00:00,9.4659,8.558,KHT-XE5S_2025_0526_1101,9.999999999994457e-05,0.5
KHT-XE5S,2025-06-26 00:10:00,9.4661,8.558,KHT-XE5S_2025_0526_1101,0.0,0.5
KHT-XE5S,2025-06-26 00:20:00,9.4664,8.559,KHT-XE5S_2025_0526_1101,9.999999999994457e-05,0.5
KHT-XE5S,2025-06-26 00:30:00,9.4664,8.558,KHT-XE5S_2025_0526_1101,9.999999999994457e-05,0.5
KHT-XE5S,2025-06-26 00:40:00,9.4675,8.56,KHT-XE5S_2025_0526_1101,0.0002000000000000668,0.5
KHT-XE5S,2025-06-26 00:50:00,9.4671,8.56,KHT-XE5S_2025_0526_1101,0.0,0.5
KHT-XE5S,2025-06-26 01:00:00,9.4665,8.561,KHT-XE5S_2025_0526_1101,9.999999999994457e-05,0.5
KHT-XE5S,2025-06-26 01:10:00,9.4669,8.561,KHT-XE5S_2025_0526_1101,0.0,0.5
KHT-XE5S,2025-06-26 01:20:00,9.4675,8.56,KHT-XE5S_2025_0526_1101,9.999999999994457e-05,0.5
KHT-XE5S,2025-06-26 01:30:00,9.4669,8.561,KHT-XE5S_2025_0526_1101,9.999999999994457e-05,0.5
KHT-XE5S,2025-06-26 01:40:00,9.4664,8.56,KHT-XE5S_2025_0526_1101,9.999999999994457e-05,0.5
KHT-XE5S,2025-06-26 01:50:00,9.467,8.56,KHT-XE5S_2025_0526_1101,0.0,0.5
KHT-XE5S,2025-06-26 02:00:00,9.4666,8.561,KHT-XE5S_2025_0526_1101,9.999999999994457e-05,0.5
KHT-XE5S,2025-06-26 02:10:00,9.466,8.563,KHT-XE5S_2025_0526_1101,0.0002000000000000668,0.5
KHT-XE5S,2025-06-26 02:20:00,9.466,8.561,KHT-XE5S_2025_0526_1101,0.0002000000000000668,0.5
KHT-XE5S,2025-06-26 02:30:00,9.4656,8.56,KHT-XE5S_2025_0526_1101,9.999999999994457e-05,0.5
KHT-XE5S,2025-06-26 02:40:00,9.4661,8.563,KHT-XE5S_2025_0526_1101,0.00030000000000001136,0.5
KHT-XE5S,2025-06-26 02:50:00,9.4653,8.561,KHT-XE5S_2025_0526_1101,0.0002000000000000668,0.5
KHT-XE5S,2025-06-26 03:00:00,9.4645,8.561,KHT-XE5S_2025_0526_1101,0.0,0.5
KHT-XE5S,2025-06-26 03:10:00,9.464,8.565,KHT-XE5S_2025_0526_1101,0.00039999999999995595,0.5
KHT-XE5S,2025-06-26 03:20:00,9.4646,8.562,KHT-XE5S_2025_0526_1101,0.00030000000000001136,0.5
KHT-XE5S,2025-06-26 03:30:00,9.465,8.563,KHT-XE5S_2025_0526_1101,0.00010000000000012221,0.5
KHT-XE5S,2025-06-26 03:40:00,9.4652,8.563,KHT-XE5S_2025_0526_1101,0.0,0.5
KHT-XE5S,2025-06-26 03:50:00,9.465,8.563,KHT-XE5S_2025_0526_1101,0.0,0.5
KHT-XE5S,2025-06-26 04:00:00,9.4652,8.564,KHT-XE5S_2025_0526_1101,9.999999999994457e-05,0.5
KHT-XE5S,2025-06-26 04:10:00,9.4654,8.564,KHT-XE5S_2025_0526_1101,0.0,0.5
KHT-XE5S,2025-06-26 04:20:00,9.466,8.563,KHT-XE5S_2025_0526_1101,9.999999999994457e-05,0.5
KHT-XE5S,2025-06-26 04:30:00,9.4666,8.566,KHT-XE5S_2025_0526_1101,0.00030000000000001136,0.5
KHT-XE5S,2025-06-26 04:40:00,9.467,8.567,KHT-XE5S_2025_0526_1101,9.999999999994457e-05,0.5
KHT-XE5S,2025-06-26 04:50:00,9.4669,8.565,KHT-XE5S_2025_0526_1101,0.0002000000000000668,0.5
KHT-XE5S,2025-06-26 05:00:00,9.4675,8.565,KHT-XE5S_2025_0526_1101,0.0,0.5
KHT-XE5S,2025-06-26 05:10:00,9.4688,8.567,KHT-XE5S_2025_0526_1101,0.0002000000000000668,0.5
KHT-XE5S,2025-06-26 05:20:00,9.4696,8.567,KHT-XE5S_2025_0526_1101,0.0,0.5
KHT-XE5S,2025-06-26 05:30:00,9.47,8.566,KHT-XE5S_2025_0526_1101,9.999999999994457e-05,0.5
KHT-XE5S,2025-06-26 05:40:00,9.4709,8.568,KHT-XE5S_2025_0526_1101,0.00019999999999988915,0.5
KHT-XE5S,2025-06-26 05:50:00,9.4711,8.567,KHT-XE5S_2025_0526_1101,9.999999999994457e-05,0.5
KHT-XE5S,2025-06-26 06:00:00,9.4715,8.565,KHT-XE5S_2025_0526_1101,0.0002000000000000668,0.5
KHT-XE5S,2025-06-26 06:10:00,9.4725,8.569,KHT-XE5S_2025_0526_1101,0.0004000000000001336,0.5
KHT-XE5S,2025-06-26 06:20:00,9.4726,8.568,KHT-XE5S_2025_0526_1101,0.00010000000000012221,0.5
KHT-XE5S,2025-06-26 06:30:00,9.4732,8.567,KHT-XE5S_2025_0526_1101,9.999999999994457e-05,0.5
KHT-XE5S,2025-06-26 06:40:00,9.4736,8.57,KHT-XE5S_2025_0526_1101,0.00030000000000001136,0.5
KHT-XE5S,2025-06-26 06:50:00,9.4743,8.568,KHT-XE5S_2025_0526_1101,0.0002000000000000668,0.5
KHT-XE5S,2025-06-26 07:00:00,9.4739,8.57,KHT-XE5S_2025_0526_1101,0.0002000000000000668,0.5
KHT-XE5S,2025-06-26 07:10:00,9.4738,8.568,KHT-XE5S_2025_0526_1101,0.0002000000000000668,0.5
KHT-XE5S,2025-06-26 07:20:00,9.4741,8.569,KHT-XE5S_2025_0526_1101,0.00010000000000012221,0.5
KHT-XE5S,2025-06-26 07:30:00,9.4749,8.568,KHT-XE5S_2025_0526_1101,0.00010000000000012221,0.5
KHT-XE5S,2025-06-26 07:40:00,9.4746,8.57,KHT-XE5S_2025_0526_1101,0.0002000000000000668,0.5
KHT-XE5S,2025-06-26 07:50:00,9.4742,8.571,KHT-XE5S_2025_0526_1101,9.999999999994457e-05,0.5
KHT-XE5S,2025-06-26 08:00:00,9.474,8.572,KHT-XE5S_2025_0526_1101,9.999999999994457e-05,0.5
KHT-XE5S,2025-06-26 08:10:00,9.4732,8.57,KHT-XE5S_2025_0526_1101,0.00019999999999988915,0.5
KHT-XE5S,2025-06-26 08:20:00,9.4728,8.571,KHT-XE5S_2025_0526_1101,9.999999999994457e-05,0.5
KHT-XE5S,2025-06-26 08:30:00,9.4723,8.571,KHT-XE5S_2025_0526_1101,0.0,0.5
KHT-XE5S,2025-06-26 08:40:00,9.4724,8.573,KHT-XE5S_2025_0526_1101,0.0002000000000000668,0.5
KHT-XE5S,2025-06-26 08:50:00,9.4716,8.572,KHT-XE5S_2025_0526_1101,0.00010000000000012221,0.5
KHT-XE5S,2025-06-26 09:00:00,9.4702,8.573,KHT-XE5S_2025_0526_1101,0.00010000000000012221,0.5
KHT-XE5S,2025-06-26 09:10:00,9.4689,8.572,KHT-XE5S_2025_0526_1101,0.00010000000000012221,0.5
KHT-XE5S,2025-06-26 09:20:00,9.4671,8.573,KHT-XE5S_2025_0526_1101,0.00010000000000012221,0.5
KHT-XE5S,2025-06-26 09:30:00,9.4652,8.572,KHT-XE5S_2025_0526_1101,0.00010000000000012221,0.5
KHT-XE5S,2025-06-26 09:40:00,9.4637,8.572,KHT-XE5S_2025_0526_1101,0.0,0.5
KHT-XE5S,2025-06-26 09:50:00,9.4613,8.573,KHT-XE5S_2025_0526_1101,0.00010000000000012221,0.5
KHT-XE5S,2025-06-26 10:00:00,9.4601,8.573,KHT-XE5S_2025_0526_1101,0.0,0.5
KHT-XE5S,2025-06-26 10:10:00,9.4587,8.572,KHT-XE5S_2025_0526_1101,0.00010000000000012221,0.5
KHT-XE5S,2025-06-26 10:20:00,9.457,8.573,KHT-XE5S_2025_0526_1101,0.00010000000000012221,0.5
KHT-XE5S,2025-06-26 10:30:00,9.455,8.574,KHT-XE5S_2025_0526_1101,9.999999999994457e-05,0.5
KHT-XE5S,2025-06-26 10:40:00,9.4535,8.574,KHT-XE5S_2025_0526_1101,0.0,0.5
KHT-XE5S,2025-06-26 10:50:00,9.4519,8.575,KHT-XE5S_2025_0526_1101,9.999999999994457e-05,0.5
KHT-XE5S,2025-06-26 11:00:00,9.4505,8.576,KHT-XE5S_2025_0526_1101,0.00010000000000012221,0.5
KHT-XE5S,2025-06-26 11:10:00,9.4486,8.575,KHT-XE5S_2025_0526_1101,0.00010000000000012221,0.5
KHT-XE5S,2025-06-26 11:20:00,9.4482,8.575,KHT-XE5S_2025_0526_1101,0.0,0.5
KHT-XE5S,2025-06-26 11:30:00,9.4485,8.575,KHT-XE5S_2025_0526_1101,0.0,0.5
KHT-XE5S,2025-06-26 11:40:00,9.4475,8.575,KHT-XE5S_2025_0526_1101,0.0,0.5
KHT-XE5S,2025-06-26 11:50:00,9.447,8.575,KHT-XE5S_2025_0526_1101,0.0,0.5
KHT-XE5S,2025-06-26 12:00:00,9.4454,8.576,KHT-XE5S_2025_0526_1101,0.00010000000000012221,0.5
KHT-XE5S,2025-06-26 12:10:00,9.4453,8.577,KHT-XE5S_2025_0526_1101,9.999999999994457e-05,0.5
KHT-XE5S,2025-06-26 12:20:00,9.445,8.577,KHT-XE5S_2025_0526_1101,0.0,0.5
KHT-XE5S,2025-06-26 12:30:00,9.4443,8.578,KHT-XE5S_2025_0526_1101,9.999999999994457e-05,0.5
KHT-XE5S,2025-06-26 12:40:00,9.4429,8.578,KHT-XE5S_2025_0526_1101,0.0,0.5
KHT-XE5S,2025-06-26 12:50:00,9.442,8.579,KHT-XE5S_2025_0526_1101,0.00010000000000012221,0.5
KHT-XE5S,2025-06-26 13:00:00,9.4416,8.578,KHT-XE5S_2025_0526_1101,0.00010000000000012221,0.5
KHT-XE5S,2025-06-26 13:10:00,9.4394,8.577,KHT-XE5S_2025_0526_1101,9.999999999994457e-05,0.5
KHT-XE5S,2025-06-26 13:20:00,9.4385,8.576,KHT-XE5S_2025_0526_1101,9.999999999994457e-05,0.5
KHT-XE5S,2025-06-26 13:30:00,9.4377,8.577,KHT-XE5S_2025_0526_1101,9.999999999994457e-05,0.5
KHT-XE5S,2025-06-26 13:40:00,9.438,8.58,KHT-XE5S_2025_0526_1101,0.00030000000000001136,0.5
KHT-XE5S,2025-06-26 13:50:00,9.4373,8.578,KHT-XE5S_2025_0526_1101,0.0002000000000000668,0.5
KHT-XE5S,2025-06-26 14:00:00,9.4353,8.581,KHT-XE5S_2025_0526_1101,0.00030000000000001136,0.5
KHT-XE5S,2025-06-26 14:10:00,9.4342,8.58,KHT-XE5S_2025_0526_1101,9.999999999994457e-05,0.5
KHT-XE5S,2025-06-26 14:20:00,9.4338,8.579,KHT-XE5S_2025_0526_1101,9.999999999994457e-05,0.5
KHT-XE5S,2025-06-26 14:30:00,9.4321,8.582,KHT-XE5S_2025_0526_1101,0.00030000000000001136,0.5
KHT-XE5S,2025-06-26 14:40:00,9.4313,8.578,KHT-XE5S_2025_0526_1101,0.0004000000000001336,0.5
KHT-XE5S,2025-06-26 14:50:00,9.4306,8.581,KHT-XE5S_2025_0526_1101,0.00030000000000001136,0.5
KHT-XE5S,2025-06-26 15:00:00,9.4307,8.581,KHT-XE5S_2025_0526_1101,0.0,0.5
KHT-XE5S,2025-06-26 15:10:00,9.4305,8.581,KHT-XE5S_2025_0526_1101,0.0,0.5
KHT-XE5S,2025-06-26 15:20:00,9.4296,8.581,KHT-XE5S_2025_0526_1101,0.0,0.5
KHT-XE5S,2025-06-26 15:30:00,9.428,8.581,KHT-XE5S_2025_0526_1101,0.0,0.5
KHT-XE5S,2025-06-26 15:40:00,9.4277,8.581,KHT-XE5S_2025_0526_1101,0.0,0.5
KHT-XE5S,2025-06-26 15:50:00,9.4266,8.583,KHT-XE5S_2025_0526_1101,0.0002000000000000668,0.5
KHT-XE5S,2025-06-26 16:00:00,9.4273,8.583,KHT-XE5S_2025_0526_1101,0.0,0.5
KHT-XE5S,2025-06-26 16:10:00,9.4261,8.583,KHT-XE5S_2025_0526_1101,0.0,0.5
KHT-XE5S,2025-06-26 16:20:00,9.4267,8.585,KHT-XE5S_2025_0526_1101,0.0002000000000000668,0.5
KHT-XE5S,2025-06-26 16:30:00,9.426,8.584,KHT-XE5S_2025_0526_1101,0.00010000000000012221,0.5
KHT-XE5S,2025-06-26 16:40:00,9.4253,8.584,KHT-XE5S_2025_0526_1101,0.0,0.5
KHT-XE5S,2025-06-26 16:50:00,9.4254,8.584,KHT-XE5S_2025_0526_1101,0.0,0.5
KHT-XE5S,2025-06-26 17:00:00,9.4252,8.585,KHT-XE5S_2025_0526_1101,0.00010000000000012221,0.5
KHT-XE5S,2025-06-26 17:10:00,9.4248,8.584,KHT-XE5S_2025_0526_1101,0.00010000000000012221,0.5
KHT-XE5S,2025-06-26 17:20:00,9.4249,8.586,KHT-XE5S_2025_0526_1101,0.0002000000000000668,0.5
KHT-XE5S,2025-06-26 17:30:00,9.4246,8.584,KHT-XE5S_2025_0526_1101,0.0002000000000000668,0.5
KHT-XE5S,2025-06-26 17:40:00,9.424,8.587,KHT-XE5S_2025_0526_1101,0.00030000000000001136,0.5
KHT-XE5S,2025-06-26 17:50:00,9.4248,8.585,KHT-XE5S_2025_0526_1101,0.00019999999999988915,0.5
KHT-XE5S,2025-06-26 18:00:00,9.4254,8.584,KHT-XE5S_2025_0526_1101,0.00010000000000012221,0.5
KHT-XE5S,2025-06-26 18:10:00,9.4251,8.585,KHT-XE5S_2025_0526_1101,0.00010000000000012221,0.5
KHT-XE5S,2025-06-26 18:20:00,9.4247,8.586,KHT-XE5S_2025_0526_1101,9.999999999994457e-05,0.5
KHT-XE5S,2025-06-26 18:30:00,9.4247,8.585,KHT-XE5S_2025_0526_1101,9.999999999994457e-05,0.5
KHT-XE5S,2025-06-26 18:40:00,9.4258,8.586,KHT-XE5S_2025_0526_1101,9.999999999994457e-05,0.5
KHT-XE5S,2025-06-26 18:50:00,9.4263,8.587,KHT-XE5S_2025_0526_1101,9.999999999994457e-05,0.5
KHT-XE5S,2025-06-26 19:00:00,9.4261,8.586,KHT-XE5S_2025_0526_1101,9.999999999994457e-05,0.5
KHT-XE5S,2025-06-26 19:10:00,9.4268,8.586,KHT-XE5S_2025_0526_1101,0.0,0.5
KHT-XE5S,2025-06-26 19:20:00,9.4273,8.587,KHT-XE5S_2025_0526_1101,9.999999999994457e-05,0.5
KHT-XE5S,2025-06-26 19:30:00,9.4281,8.588,KHT-XE5S_2025_0526_1101,9.999999999994457e-05,0.5
KHT-XE5S,2025-06-26 19:40:00,9.4292,8.588,KHT-XE5S_2025_0526_1101,0.0,0.5
KHT-XE5S,2025-06-26 19:50:00,9.4302,8.588,KHT-XE5S_2025_0526_1101,0.0,0.5
KHT-XE5S,2025-06-26 20:00:00,9.4314,8.587,KHT-XE5S_2025_0526_1101,9.999999999994457e-05,0.5
KHT-XE5S,2025-06-26 20:10:00,9.4323,8.588,KHT-XE5S_2025_0526_1101,9.999999999994457e-05,0.5
KHT-XE5S,2025-06-26 20:20:00,9.4332,8.587,KHT-XE5S_2025_0526_1101,9.999999999994457e-05,0.5
KHT-XE5S,2025-06-26 20:30:00,9.4341,8.588,KHT-XE5S_2025_0526_1101,9.999999999994457e-05,0.5
KHT-XE5S,2025-06-26 20:40:00,9.4354,8.588,KHT-XE5S_2025_0526_1101,0.0,0.5
KHT-XE5S,2025-06-26 20:50:00,9.4372,8.589,KHT-XE5S_2025_0526_1101,0.00010000000000012221,0.5
KHT-XE5S,2025-06-26 21:00:00,9.4384,8.589,KHT-XE5S_2025_0526_1101,0.0,0.5
KHT-XE5S,2025-06-26 21:10:00,9.4388,8.588,KHT-XE5S_2025_0526_1101,0.00010000000000012221,0.5
KHT-XE5S,2025-06-26 21:20:00,9.4411,8.589,KHT-XE5S_2025_0526_1101,0.00010000000000012221,0.5
KHT-XE5S,2025-06-26 21:30:00,9.4419,8.59,KHT-XE5S_2025_0526_1101,9.999999999994457e-05,0.5
KHT-XE5S,2025-06-26 21:40:00,9.443,8.589,KHT-XE5S_2025_0526_1101,9.999999999994457e-05,0.5
KHT-XE5S,2025-06-26 21:50:00,9.4438,8.589,KHT-XE5S_2025_0526_1101,0.0,0.5
KHT-XE5S,2025-06-26 22:00:00,9.444,8.589,KHT-XE5S_2025_0526_1101,0.0,0.5
KHT-XE5S,2025-06-26 22:10:00,9.4446,8.589,KHT-XE5S_2025_0526_1101,0.0,0.5
KHT-XE5S,2025-06-26 22:20:00,9.4448,8.59,KHT-XE5S_2025_0526_1101,9.999999999994457e-05,0.5
KHT-XE5S,2025-06-26 22:30:00,9.4455,8.592,KHT-XE5S_2025_0526_1101,0.0002000000000000668,0.5
KHT-XE5S,2025-06-26 22:40:00,9.446,8.591,KHT-XE5S_2025_0526_1101,0.00010000000000012221,0.5
KHT-XE5S,2025-06-26 22:50:00,9.4461,8.591,KHT-XE5S_2025_0526_1101,0.0,0.5
KHT-XE5S,2025-06-26 23:00:00,9.4463,8.591,KHT-XE5S_2025_0526_1101,0.0,0.5
KHT-XE5S,2025-06-26 23:10:00,9.4467,8.592,KHT-XE5S_2025_0526_1101,0.00010000000000012221,0.5
KHT-XE5S,2025-06-26 23:20:00,9.4462,8.593,KHT-XE5S_2025_0526_1101,9.999999999994457e-05,0.5
KHT-XE5S,2025-06-26 23:30:00,9.4472,8.591,KHT-XE5S_2025_0526_1101,0.0002000000000000668,0.5
KHT-XE5S,2025-06-26 23:40:00,9.4478,8.592,KHT-XE5S_2025_0526_1101,0.00010000000000012221,0.5
KHT-XE5S,2025-06-26 23:50:00,9.4484,8.593,KHT-XE5S_2025_0526_1101,9.999999999994457e-05,0.5
KHT-XE5S,2025-06-27 00:00:00,9.4493,8.592,KHT-XE5S_2025_0526_1101,9.999999999994457e-05,0.5
KHT-XE5S,2025-06-27 00:10:00,9.4505,8.593,KHT-XE5S_2025_0526_1101,9.999999999994457e-05,0.5
KHT-XE5S,2025-06-27 00:20:00,9.4511,8.594,KHT-XE5S_2025_0526_1101,9.999999999994457e-05,0.5
KHT-XE5S,2025-06-27 00:30:00,9.4516,8.594,KHT-XE5S_2025_0526_1101,0.0,0.5
KHT-XE5S,2025-06-27 00:40:00,9.4511,8.592,KHT-XE5S_2025_0526_1101,0.00019999999999988915,0.5
KHT-XE5S,2025-06-27 00:50:00,9.4511,8.594,KHT-XE5S_2025_0526_1101,0.00019999999999988915,0.5
KHT-XE5S,2025-06-27 01:00:00,9.4506,8.595,KHT-XE5S_2025_0526_1101,0.00010000000000012221,0.5
KHT-XE5S,2025-06-27 01:10:00,9.4512,8.594,KHT-XE5S_2025_0526_1101,0.00010000000000012221,0.5
KHT-XE5S,2025-06-27 01:20:00,9.4517,8.592,KHT-XE5S_2025_0526_1101,0.00019999999999988915,0.5
KHT-XE5S,2025-06-27 01:30:00,9.4517,8.593,KHT-XE5S_2025_0526_1101,9.999999999994457e-05,0.5
KHT-XE5S,2025-06-27 01:40:00,9.4522,8.595,KHT-XE5S_2025_0526_1101,0.0002000000000000668,0.5
KHT-XE5S,2025-06-27 01:50:00,9.4522,8.594,KHT-XE5S_2025_0526_1101,0.00010000000000012221,0.5
KHT-XE5S,2025-06-27 02:00:00,9.4523,8.595,KHT-XE5S_2025_0526_1101,0.00010000000000012221,0.5
KHT-XE5S,2025-06-27 02:10:00,9.4517,8.594,KHT-XE5S_2025_0526_1101,0.00010000000000012221,0.5
KHT-XE5S,2025-06-27 02:20:00,9.4518,8.596,KHT-XE5S_2025_0526_1101,0.0002000000000000668,0.5
KHT-XE5S,2025-06-27 02:30:00,9.4518,8.596,KHT-XE5S_2025_0526_1101,0.0,0.5
KHT-XE5S,2025-06-27 02:40:00,9.4519,8.596,KHT-XE5S_2025_0526_1101,0.0,0.5
KHT-XE5S,2025-06-27 02:50:00,9.4519,8.596,KHT-XE5S_2025_0526_1101,0.0,0.5
KHT-XE5S,2025-06-27 03:00:00,9.452,8.595,KHT-XE5S_2025_0526_1101,9.999999999994457e-05,0.5
KHT-XE5S,2025-06-27 03:10:00,9.4521,8.597,KHT-XE5S_2025_0526_1101,0.00019999999999988915,0.5
KHT-XE5S,2025-06-27 03:20:00,9.4519,8.598,KHT-XE5S_2025_0526_1101,0.00010000000000012221,0.5
KHT-XE5S,2025-06-27 03:30:00,9.4517,8.596,KHT-XE5S_2025_0526_1101,0.0002000000000000668,0.5
KHT-XE5S,2025-06-27 03:40:00,9.4526,8.596,KHT-XE5S_2025_0526_1101,0.0,0.5
KHT-XE5S,2025-06-27 03:50:00,9.4524,8.598,KHT-XE5S_2025_0526_1101,0.0002000000000000668,0.5
KHT-XE5S,2025-06-27 04:00:00,9.452,8.598,KHT-XE5S_2025_0526_1101,0.0,0.5
KHT-XE5S,2025-06-27 04:10:00,9.4514,8.599,KHT-XE5S_2025_0526_1101,9.999999999994457e-05,0.5
KHT-XE5S,2025-06-27 04:20:00,9.4512,8.599,KHT-XE5S_2025_0526_1101,0.0,0.5
KHT-XE5S,2025-06-27 04:30:00,9.4515,8.597,KHT-XE5S_2025_0526_1101,0.0002000000000000668,0.5
KHT-XE5S,2025-06-27 04:40:00,9.4525,8.6,KHT-XE5S_2025_0526_1101,0.00030000000000001136,0.5
KHT-XE5S,2025-06-27 04:50:00,9.4531,8.598,KHT-XE5S_2025_0526_1101,0.00019999999999988915,0.5
KHT-XE5S,2025-06-27 05:00:00,9.454,8.601,KHT-XE5S_2025_0526_1101,0.00030000000000001136,0.5
KHT-XE5S,2025-06-27 05:10:00,9.4547,8.6,KHT-XE5S_2025_0526_1101,0.00010000000000012221,0.5
KHT-XE5S,2025-06-27 05:20:00,9.4553,8.599,KHT-XE5S_2025_0526_1101,9.999999999994457e-05,0.5
KHT-XE5S,2025-06-27 05:30:00,9.4559,8.599,KHT-XE5S_2025_0526_1101,0.0,0.5
KHT-XE5S,2025-06-27 05:40:00,9.4566,8.601,KHT-XE5S_2025_0526_1101,0.0002000000000000668,0.5
KHT-XE5S,2025-06-27 05:50:00,9.4575,8.599,KHT-XE5S_2025_0526_1101,0.0002000000000000668,0.5
KHT-XE5S,2025-06-27 06:00:00,9.458,8.601,KHT-XE5S_2025_0526_1101,0.0002000000000000668,0.5
KHT-XE5S,2025-06-27 06:10:00,9.4585,8.602,KHT-XE5S_2025_0526_1101,9.999999999994457e-05,0.5
KHT-XE5S,2025-06-27 06:20:00,9.4593,8.602,KHT-XE5S_2025_0526_1101,0.0,0.5
KHT-XE5S,2025-06-27 06:30:00,9.4597,8.6,KHT-XE5S_2025_0526_1101,0.0002000000000000668,0.5
KHT-XE5S,2025-06-27 06:40:00,9.4602,8.601,KHT-XE5S_2025_0526_1101,0.00010000000000012221,0.5
KHT-XE5S,2025-06-27 06:50:00,9.4602,8.601,KHT-XE5S_2025_0526_1101,0.0,0.5
KHT-XE5S,2025-06-27 07:00:00,9.4605,8.602,KHT-XE5S_2025_0526_1101,9.999999999994457e-05,0.5
KHT-XE5S,2025-06-27 07:10:00,9.461,8.6,KHT-XE5S_2025_0526_1101,0.0002000000000000668,0.5
KHT-XE5S,2025-06-27 07:20:00,9.4617,8.602,KHT-XE5S_2025_0526_1101,0.0002000000000000668,0.5
KHT-XE5S,2025-06-27 07:30:00,9.4622,8.601,KHT-XE5S_2025_0526_1101,9.999999999994457e-05,0.5
KHT-XE5S,2025-06-27 07:40:00,9.463,8.6,KHT-XE5S_2025_0526_1101,0.00010000000000012221,0.5
KHT-XE5S,2025-06-27 07:50:00,9.463,8.601,KHT-XE5S_2025_0526_1101,0.00010000000000012221,0.5
KHT-XE5S,2025-06-27 08:00:00,9.4638,8.602,KHT-XE5S_2025_0526_1101,9.999999999994457e-05,0.5
KHT-XE5S,2025-06-27 08:10:00,9.4638,8.601,KHT-XE5S_2025_0526_1101,9.999999999994457e-05,0.5
KHT-XE5S,2025-06-27 08:20:00,9.4645,8.602,KHT-XE5S_2025_0526_1101,9.999999999994457e-05,0.5
KHT-XE5S,2025-06-27 08:30:00,9.4637,8.602,KHT-XE5S_2025_0526_1101,0.0,0.5
KHT-XE5S,2025-06-27 08:40:00,9.4633,8.603,KHT-XE5S_2025_0526_1101,9.999999999994457e-05,0.5
KHT-XE5S,2025-06-27 08:50:00,9.4627,8.603,KHT-XE5S_2025_0526_1101,0.0,0.5
KHT-XE5S,2025-06-27 09:00:00,9.4614,8.603,KHT-XE5S_2025_0526_1101,0.0,0.5
KHT-XE5S,2025-06-27 09:10:00,9.4601,8.605,KHT-XE5S_2025_0526_1101,0.0002000000000000668,0.5
KHT-XE5S,2025-06-27 09:20:00,9.4593,8.604,KHT-XE5S_2025_0526_1101,0.00010000000000012221,0.5
KHT-XE5S,2025-06-27 09:30:00,9.4586,8.603,KHT-XE5S_2025_0526_1101,9.999999999994457e-05,0.5
KHT-XE5S,2025-06-27 09:40:00,9.4569,8.606,KHT-XE5S_2025_0526_1101,0.00030000000000001136,0.5
KHT-XE5S,2025-06-27 09:50:00,9.4548,8.605,KHT-XE5S_2025_0526_1101,9.999999999994457e-05,0.5
KHT-XE5S,2025-06-27 10:00:00,9.4526,8.603,KHT-XE5S_2025_0526_1101,0.0002000000000000668,0.5
KHT-XE5S,2025-06-27 10:10:00,9.4508,8.605,KHT-XE5S_2025_0526_1101,0.0002000000000000668,0.5
KHT-XE5S,2025-06-27 10:20:00,9.4489,8.605,KHT-XE5S_2025_0526_1101,0.0,0.5
KHT-XE5S,2025-06-27 10:30:00,9.4471,8.605,KHT-XE5S_2025_0526_1101,0.0,0.5
KHT-XE5S,2025-06-27 10:40:00,9.4458,8.606,KHT-XE5S_2025_0526_1101,9.999999999994457e-05,0.5
KHT-XE5S,2025-06-27 10:50:00,9.4439,8.607,KHT-XE5S_2025_0526_1101,9.999999999994457e-05,0.5
KHT-XE5S,2025-06-27 11:00:00,9.4421,8.607,KHT-XE5S_2025_0526_1101,0.0,0.5
KHT-XE5S,2025-06-27 11:10:00,9.4407,8.606,KHT-XE5S_2025_0526_1101,9.999999999994457e-05,0.5
KHT-XE5S,2025-06-27 11:20:00,9.4402,8.606,KHT-XE5S_2025_0526_1101,0.0,0.5
KHT-XE5S,2025-06-27 11:30:00,9.4377,8.608,KHT-XE5S_2025_0526_1101,0.0002000000000000668,0.5
KHT-XE5S,2025-06-27 11:40:00,9.4379,8.608,KHT-XE5S_2025_0526_1101,0.0,0.5
KHT-XE5S,2025-06-27 11:50:00,9.4366,8.606,KHT-XE5S_2025_0526_1101,0.0002000000000000668,0.5
KHT-XE5S,2025-06-27 12:00:00,9.4357,8.609,KHT-XE5S_2025_0526_1101,0.00030000000000001136,0.5
KHT-XE5S,2025-06-27 12:10:00,9.4345,8.608,KHT-XE5S_2025_0526_1101,9.999999999994457e-05,0.5
KHT-XE5S,2025-06-27 12:20:00,9.4341,8.609,KHT-XE5S_2025_0526_1101,9.999999999994457e-05,0.5
KHT-XE5S,2025-06-27 12:30:00,9.4336,8.609,KHT-XE5S_2025_0526_1101,0.0,0.5
KHT-XE5S,2025-06-27 12:40:00,9.433,8.609,KHT-XE5S_2025_0526_1101,0.0,0.5
KHT-XE5S,2025-06-27 12:50:00,9.4321,8.608,KHT-XE5S_2025_0526_1101,9.999999999994457e-05,0.5
KHT-XE5S,2025-06-27 13:00:00,9.4323,8.608,KHT-XE5S_2025_0526_1101,0.0,0.5
KHT-XE5S,2025-06-27 13:10:00,9.432,8.61,KHT-XE5S_2025_0526_1101,0.00019999999999988915,0.5
KHT-XE5S,2025-06-27 13:20:00,9.4307,8.608,KHT-XE5S_2025_0526_1101,0.00019999999999988915,0.5
KHT-XE5S,2025-06-27 13:30:00,9.4305,8.61,KHT-XE5S_2025_0526_1101,0.00019999999999988915,0.5
KHT-XE5S,2025-06-27 13:40:00,9.4297,8.611,KHT-XE5S_2025_0526_1101,0.00010000000000012221,0.5
KHT-XE5S,2025-06-27 13:50:00,9.4289,8.609,KHT-XE5S_2025_0526_1101,0.0002000000000000668,0.5
KHT-XE5S,2025-06-27 14:00:00,9.4282,8.611,KHT-XE5S_2025_0526_1101,0.0002000000000000668,0.5
KHT-XE5S,2025-06-27 14:10:00,9.4274,8.612,KHT-XE5S_2025_0526_1101,9.999999999994457e-05,0.5
KHT-XE5S,2025-06-27 14:20:00,9.4274,8.611,KHT-XE5S_2025_0526_1101,9.999999999994457e-05,0.5
KHT-XE5S,2025-06-27 14:30:00,9.4265,8.611,KHT-XE5S_2025_0526_1101,0.0,0.5
KHT-XE5S,2025-06-27 14:40:00,9.4258,8.612,KHT-XE5S_2025_0526_1101,9.999999999994457e-05,0.5
KHT-XE5S,2025-06-27 14:50:00,9.4249,8.613,KHT-XE5S_2025_0526_1101,9.999999999994457e-05,0.5
KHT-XE5S,2025-06-27 15:00:00,9.4246,8.612,KHT-XE5S_2025_0526_1101,9.999999999994457e-05,0.5
KHT-XE5S,2025-06-27 15:10:00,9.4238,8.611,KHT-XE5S_2025_0526_1101,9.999999999994457e-05,0.5
KHT-XE5S,2025-06-27 15:20:00,9.4235,8.612,KHT-XE5S_2025_0526_1101,9.999999999994457e-05,0.5
KHT-XE5S,2025-06-27 15:30:00,9.423,8.612,KHT-XE5S_2025_0526_1101,0.0,0.5
KHT-XE5S,2025-06-27 15:40:00,9.422,8.614,KHT-XE5S_2025_0526_1101,0.0002000000000000668,0.5
KHT-XE5S,2025-06-27 15:50:00,9.4216,8.615,KHT-XE5S_2025_0526_1101,9.999999999994457e-05,0.5
KHT-XE5S,2025-06-27 16:00:00,9.4215,8.613,KHT-XE5S_2025_0526_1101,0.0002000000000000668,0.5
KHT-XE5S,2025-06-27 16:10:00,9.422,8.613,KHT-XE5S_2025_0526_1101,0.0,0.5
KHT-XE5S,2025-06-27 16:20:00,9.4222,8.614,KHT-XE5S_2025_0526_1101,0.00010000000000012221,0.5
KHT-XE5S,2025-06-27 16:30:00,9.422,8.615,KHT-XE5S_2025_0526_1101,9.999999999994457e-05,0.5
KHT-XE5S,2025-06-27 16:40:00,9.4219,8.616,KHT-XE5S_2025_0526_1101,9.999999999994457e-05,0.5
KHT-XE5S,2025-06-27 16:50:00,9.4207,8.615,KHT-XE5S_2025_0526_1101,9.999999999994457e-05,0.5
KHT-XE5S,2025-06-27 17:00:00,9.4204,8.614,KHT-XE5S_2025_0526_1101,9.999999999994457e-05,0.5
KHT-XE5S,2025-06-27 17:10:00,9.4207,8.614,KHT-XE5S_2025_0526_1101,0.0,0.5
KHT-XE5S,2025-06-27 17:20:00,9.421,8.614,KHT-XE5S_2025_0526_1101,0.0,0.5
KHT-XE5S,2025-06-27 17:30:00,9.4212,8.615,KHT-XE5S_2025_0526_1101,9.999999999994457e-05,0.5
KHT-XE5S,2025-06-27 17:40:00,9.4218,8.617,KHT-XE5S_2025_0526_1101,0.0002000000000000668,0.5
KHT-XE5S,2025-06-27 17:50:00,9.4223,8.617,KHT-XE5S_2025_0526_1101,0.0,0.5
KHT-XE5S,2025-06-27 18:00:00,9.422,8.614,KHT-XE5S_2025_0526_1101,0.00030000000000001136,0.5
KHT-XE5S,2025-06-27 18:10:00,9.4226,8.616,KHT-XE5S_2025_0526_1101,0.00019999999999988915,0.5
KHT-XE5S,2025-06-27 18:20:00,9.4231,8.617,KHT-XE5S_2025_0526_1101,0.00010000000000012221,0.5
KHT-XE5S,2025-06-27 18:30:00,9.4237,8.617,KHT-XE5S_2025_0526_1101,0.0,0.5
KHT-XE5S,2025-06-27 18:40:00,9.4245,8.616,KHT-XE5S_2025_0526_1101,0.00010000000000012221,0.5
KHT-XE5S,2025-06-27 18:50:00,9.4245,8.615,KHT-XE5S_2025_0526_1101,9.999999999994457e-05,0.5
KHT-XE5S,2025-06-27 19:00:00,9.4256,8.617,KHT-XE5S_2025_0526_1101,0.0002000000000000668,0.5
KHT-XE5S,2025-06-27 19:10:00,9.4271,8.617,KHT-XE5S_2025_0526_1101,0.0,0.5
KHT-XE5S,2025-06-27 19:20:00,9.4279,8.617,KHT-XE5S_2025_0526_1101,0.0,0.5
KHT-XE5S,2025-06-27 19:30:00,9.4281,8.615,KHT-XE5S_2025_0526_1101,0.0002000000000000668,0.5
KHT-XE5S,2025-06-27 19:40:00,9.4296,8.616,KHT-XE5S_2025_0526_1101,9.999999999994457e-05,0.5
KHT-XE5S,2025-06-27 19:50:00,9.4302,8.619,KHT-XE5S_2025_0526_1101,0.00030000000000001136,0.5
KHT-XE5S,2025-06-27 20:00:00,9.4308,8.619,KHT-XE5S_2025_0526_1101,0.0,0.5
KHT-XE5S,2025-06-27 20:10:00,9.4321,8.618,KHT-XE5S_2025_0526_1101,9.999999999994457e-05,0.5
KHT-XE5S,2025-06-27 20:20:00,9.4333,8.617,KHT-XE5S_2025_0526_1101,9.999999999994457e-05,0.5
KHT-XE5S,2025-06-27 20:30:00,9.4354,8.617,KHT-XE5S_2025_0526_1101,0.0,0.5
KHT-XE5S,2025-06-27 20:40:00,9.4359,8.617,KHT-XE5S_2025_0526_1101,0.0,0.5
KHT-XE5S,2025-06-27 20:50:00,9.4375,8.618,KHT-XE5S_2025_0526_1101,9.999999999994457e-05,0.5
KHT-XE5S,2025-06-27 21:00:00,9.4391,8.621,KHT-XE5S_2025_0526_1101,0.00030000000000001136,0.5
KHT-XE5S,2025-06-27 21:10:00,9.4406,8.62,KHT-XE5S_2025_0526_1101,0.00010000000000012221,0.5
KHT-XE5S,2025-06-27 21:20:00,9.4424,8.62,KHT-XE5S_2025_0526_1101,0.0,0.5
KHT-XE5S,2025-06-27 21:30:00,9.4442,8.621,KHT-XE5S_2025_0526_1101,0.00010000000000012221,0.5
KHT-XE5S,2025-06-27 21:40:00,9.4457,8.619,KHT-XE5S_2025_0526_1101,0.0002000000000000668,0.5
KHT-XE5S,2025-06-27 21:50:00,9.4466,8.617,KHT-XE5S_2025_0526_1101,0.00019999999999988915,0.5
KHT-XE5S,2025-06-27 22:00:00,9.4479,8.621,KHT-XE5S_2025_0526_1101,0.00039999999999995595,0.5
KHT-XE5S,2025-06-27 22:10:00,9.449,8.621,KHT-XE5S_2025_0526_1101,0.0,0.5
KHT-XE5S,2025-06-27 22:20:00,9.4499,8.62,KHT-XE5S_2025_0526_1101,0.00010000000000012221,0.5
KHT-XE5S,2025-06-27 22:30:00,9.4499,8.621,KHT-XE5S_2025_0526_1101,0.00010000000000012221,0.5
KHT-XE5S,2025-06-27 22:40:00,9.4503,8.62,KHT-XE5S_2025_0526_1101,0.00010000000000012221,0.5
KHT-XE5S,2025-06-27 22:50:00,9.4508,8.622,KHT-XE5S_2025_0526_1101,0.0002000000000000668,0.5
KHT-XE5S,2025-06-27 23:00:00,9.4518,8.62,KHT-XE5S_2025_0526_1101,0.0002000000000000668,0.5
KHT-XE5S,2025-06-27 23:10:00,9.4529,8.619,KHT-XE5S_2025_0526_1101,9.999999999994457e-05,0.5
KHT-XE5S,2025-06-27 23:20:00,9.4529,8.621,KHT-XE5S_2025_0526_1101,0.0002000000000000668,0.5
KHT-XE5S,2025-06-27 23:30:00,9.453,8.62,KHT-XE5S_2025_0526_1101,0.00010000000000012221,0.5
KHT-XE5S,2025-06-27 23:40:00,9.4529,8.622,KHT-XE5S_2025_0526_1101,0.0002000000000000668,0.5
KHT-XE5S,2025-06-27 23:50:00,9.453,8.621,KHT-XE5S_2025_0526_1101,9.999999999994457e-05,0.5
KHT-XE5S,2025-06-28 00:00:00,9.4527,8.622,KHT-XE5S_2025_0526_1101,9.999999999994457e-05,0.5
KHT-XE5S,2025-06-28 00:10:00,9.4528,8.622,KHT-XE5S_2025_0526_1101,0.0,0.5
KHT-XE5S,2025-06-28 00:20:00,9.4533,8.62,KHT-XE5S_2025_0526_1101,0.0002000000000000668,0.5
KHT-XE5S,2025-06-28 00:30:00,9.4524,8.622,KHT-XE5S_2025_0526_1101,0.0002000000000000668,0.5
KHT-XE5S,2025-06-28 00:40:00,9.4524,8.622,KHT-XE5S_2025_0526_1101,0.0,0.5
KHT-XE5S,2025-06-28 00:50:00,9.4529,8.623,KHT-XE5S_2025_0526_1101,9.999999999994457e-05,0.5
KHT-XE5S,2025-06-28 01:00:00,9.4536,8.624,KHT-XE5S_2025_0526_1101,0.00010000000000012221,0.5
KHT-XE5S,2025-06-28 01:10:00,9.4542,8.622,KHT-XE5S_2025_0526_1101,0.0002000000000000668,0.5
KHT-XE5S,2025-06-28 01:20:00,9.4547,8.623,KHT-XE5S_2025_0526_1101,9.999999999994457e-05,0.5
KHT-XE5S,2025-06-28 01:30:00,9.4549,8.622,KHT-XE5S_2025_0526_1101,9.999999999994457e-05,0.5
KHT-XE5S,2025-06-28 01:40:00,9.4556,8.625,KHT-XE5S_2025_0526_1101,0.00030000000000001136,0.5
KHT-XE5S,2025-06-28 01:50:00,9.4555,8.623,KHT-XE5S_2025_0526_1101,0.0002000000000000668,0.5
KHT-XE5S,2025-06-28 02:00:00,9.456,8.624,KHT-XE5S_2025_0526_1101,0.00010000000000012221,0.5
KHT-XE5S,2025-06-28 02:10:00,9.4562,8.624,KHT-XE5S_2025_0526_1101,0.0,0.5
KHT-XE5S,2025-06-28 02:20:00,9.4568,8.624,KHT-XE5S_2025_0526_1101,0.0,0.5
KHT-XE5S,2025-06-28 02:30:00,9.4573,8.624,KHT-XE5S_2025_0526_1101,0.0,0.5
KHT-XE5S,2025-06-28 02:40:00,9.4577,8.625,KHT-XE5S_2025_0526_1101,9.999999999994457e-05,0.5
KHT-XE5S,2025-06-28 02:50:00,9.4578,8.626,KHT-XE5S_2025_0526_1101,9.999999999994457e-05,0.5
KHT-XE5S,2025-06-28 03:00:00,9.4585,8.627,KHT-XE5S_2025_0526_1101,0.00010000000000012221,0.5
KHT-XE5S,2025-06-28 03:10:00,9.46,8.627,KHT-XE5S_2025_0526_1101,0.0,0.5
KHT-XE5S,2025-06-28 03:20:00,9.4605,8.623,KHT-XE5S_2025_0526_1101,0.0004000000000001336,0.5
KHT-XE5S,2025-06-28 03:30:00,9.4605,8.626,KHT-XE5S_2025_0526_1101,0.00030000000000001136,0.5
KHT-XE5S,2025-06-28 03:40:00,9.4611,8.626,KHT-XE5S_2025_0526_1101,0.0,0.5
KHT-XE5S,2025-06-28 03:50:00,9.4616,8.628,KHT-XE5S_2025_0526_1101,0.0002000000000000668,0.5
KHT-XE5S,2025-06-28 04:00:00,9.4616,8.626,KHT-XE5S_2025_0526_1101,0.0002000000000000668,0.5
KHT-XE5S,2025-06-28 04:10:00,9.4627,8.629,KHT-XE5S_2025_0526_1101,0.00030000000000001136,0.5
KHT-XE5S,2025-06-28 04:20:00,9.4635,8.627,KHT-XE5S_2025_0526_1101,0.00019999999999988915,0.5
KHT-XE5S,2025-06-28 04:30:00,9.4645,8.626,KHT-XE5S_2025_0526_1101,0.00010000000000012221,0.5
KHT-XE5S,2025-06-28 04:40:00,9.465,8.626,KHT-XE5S_2025_0526_1101,0.0,0.5
KHT-XE5S,2025-06-28 04:50:00,9.4654,8.626,KHT-XE5S_2025_0526_1101,0.0,0.5
KHT-XE5S,2025-06-28 05:00:00,9.4654,8.627,KHT-XE5S_2025_0526_1101,0.00010000000000012221,0.5
KHT-XE5S,2025-06-28 05:10:00,9.4665,8.629,KHT-XE5S_2025_0526_1101,0.00019999999999988915,0.5
KHT-XE5S,2025-06-28 05:20:00,9.4674,8.628,KHT-XE5S_2025_0526_1101,9.999999999994457e-05,0.5
KHT-XE5S,2025-06-28 05:30:00,9.468,8.628,KHT-XE5S_2025_0526_1101,0.0,0.5
KHT-XE5S,2025-06-28 05:40:00,9.4682,8.628,KHT-XE5S_2025_0526_1101,0.0,0.5
KHT-XE5S,2025-06-28 05:50:00,9.4692,8.629,KHT-XE5S_2025_0526_1101,9.999999999994457e-05,0.5
KHT-XE5S,2025-06-28 06:00:00,9.4699,8.629,KHT-XE5S_2025_0526_1101,0.0,0.5
KHT-XE5S,2025-06-28 06:10:00,9.4712,8.629,KHT-XE5S_2025_0526_1101,0.0,0.5
KHT-XE5S,2025-06-28 06:20:00,9.4717,8.629,KHT-XE5S_2025_0526_1101,0.0,0.5
KHT-XE5S,2025-06-28 06:30:00,9.4721,8.629,KHT-XE5S_2025_0526_1101,0.0,0.5
KHT-XE5S,2025-06-28 06:40:00,9.4722,8.631,KHT-XE5S_2025_0526_1101,0.0002000000000000668,0.5
KHT-XE5S,2025-06-28 06:50:00,9.4726,8.63,KHT-XE5S_2025_0526_1101,9.999999999994457e-05,0.5
KHT-XE5S,2025-06-28 07:00:00,9.4726,8.63,KHT-XE5S_2025_0526_1101,0.0,0.5
KHT-XE5S,2025-06-28 07:10:00,9.4728,8.63,KHT-XE5S_2025_0526_1101,0.0,0.5
KHT-XE5S,2025-06-28 07:20:00,9.4734,8.63,KHT-XE5S_2025_0526_1101,0.0,0.5
KHT-XE5S,2025-06-28 07:30:00,9.4741,8.631,KHT-XE5S_2025_0526_1101,9.999999999994457e-05,0.5
KHT-XE5S,2025-06-28 07:40:00,9.4747,8.632,KHT-XE5S_2025_0526_1101,9.999999999994457e-05,0.5
KHT-XE5S,2025-06-28 07:50:00,9.4753,8.631,KHT-XE5S_2025_0526_1101,9.999999999994457e-05,0.5
KHT-XE5S,2025-06-28 08:00:00,9.4755,8.633,KHT-XE5S_2025_0526_1101,0.00019999999999988915,0.5
KHT-XE5S,2025-06-28 08:10:00,9.4761,8.632,KHT-XE5S_2025_0526_1101,9.999999999994457e-05,0.5
KHT-XE5S,2025-06-28 08:20:00,9.4764,8.632,KHT-XE5S_2025_0526_1101,0.0,0.5
KHT-XE5S,2025-06-28 08:30:00,9.4763,8.63,KHT-XE5S_2025_0526_1101,0.00019999999999988915,0.5
KHT-XE5S,2025-06-28 08:40:00,9.4762,8.632,KHT-XE5S_2025_0526_1101,0.00019999999999988915,0.5
KHT-XE5S,2025-06-28 08:50:00,9.4751,8.632,KHT-XE5S_2025_0526_1101,0.0,0.5
KHT-XE5S,2025-06-28 09:00:00,9.4743,8.632,KHT-XE5S_2025_0526_1101,0.0,0.5
KHT-XE5S,2025-06-28 09:10:00,9.4731,8.633,KHT-XE5S_2025_0526_1101,9.999999999994457e-05,0.5
KHT-XE5S,2025-06-28 09:20:00,9.4713,8.634,KHT-XE5S_2025_0526_1101,0.00010000000000012221,0.5
KHT-XE5S,2025-06-28 09:30:00,9.4691,8.633,KHT-XE5S_2025_0526_1101,0.00010000000000012221,0.5
KHT-XE5S,2025-06-28 09:40:00,9.4676,8.633,KHT-XE5S_2025_0526_1101,0.0,0.5
KHT-XE5S,2025-06-28 09:50:00,9.4656,8.634,KHT-XE5S_2025_0526_1101,0.00010000000000012221,0.5
KHT-XE5S,2025-06-28 10:00:00,9.4639,8.635,KHT-XE5S_2025_0526_1101,9.999999999994457e-05,0.5
KHT-XE5S,2025-06-28 10:10:00,9.4606,8.634,KHT-XE5S_2025_0526_1101,9.999999999994457e-05,0.5
KHT-XE5S,2025-06-28 10:20:00,9.4588,8.636,KHT-XE5S_2025_0526_1101,0.00019999999999988915,0.5
KHT-XE5S,2025-06-28 10:30:00,9.4561,8.636,KHT-XE5S_2025_0526_1101,0.0,0.5
KHT-XE5S,2025-06-28 10:40:00,9.4536,8.635,KHT-XE5S_2025_0526_1101,9.999999999994457e-05,0.5
KHT-XE5S,2025-06-28 10:50:00,9.4515,8.635,KHT-XE5S_2025_0526_1101,0.0,0.5
KHT-XE5S,2025-06-28 11:00:00,9.4497,8.636,KHT-XE5S_2025_0526_1101,9.999999999994457e-05,0.5
KHT-XE5S,2025-06-28 11:10:00,9.4478,8.637,KHT-XE5S_2025_0526_1101,0.00010000000000012221,0.5
KHT-XE5S,2025-06-28 11:20:00,9.4458,8.636,KHT-XE5S_2025_0526_1101,0.00010000000000012221,0.5
KHT-XE5S,2025-06-28 11:30:00,9.4448,8.636,KHT-XE5S_2025_0526_1101,0.0,0.5
KHT-XE5S,2025-06-28 11:40:00,9.4431,8.635,KHT-XE5S_2025_0526_1101,9.999999999994457e-05,0.5
KHT-XE5S,2025-06-28 11:50:00,9.4419,8.636,KHT-XE5S_2025_0526_1101,9.999999999994457e-05,0.5
KHT-XE5S,2025-06-28 12:00:00,9.4404,8.636,KHT-XE5S_2025_0526_1101,0.0,0.5
KHT-XE5S,2025-06-28 12:10:00,9.4397,8.636,KHT-XE5S_2025_0526_1101,0.0,0.5
KHT-XE5S,2025-06-28 12:20:00,9.4377,8.637,KHT-XE5S_2025_0526_1101,0.00010000000000012221,0.5
KHT-XE5S,2025-06-28 12:30:00,9.4366,8.636,KHT-XE5S_2025_0526_1101,0.00010000000000012221,0.5
KHT-XE5S,2025-06-28 12:40:00,9.4351,8.637,KHT-XE5S_2025_0526_1101,0.00010000000000012221,0.5
KHT-XE5S,2025-06-28 12:50:00,9.4358,8.636,KHT-XE5S_2025_0526_1101,0.00010000000000012221,0.5
KHT-XE5S,2025-06-28 13:00:00,9.4345,8.637,KHT-XE5S_2025_0526_1101,0.00010000000000012221,0.5
KHT-XE5S,2025-06-28 13:10:00,9.434,8.636,KHT-XE5S_2025_0526_1101,0.00010000000000012221,0.5
KHT-XE5S,2025-06-28 13:20:00,9.4324,8.637,KHT-XE5S_2025_0526_1101,0.00010000000000012221,0.5
KHT-XE5S,2025-06-28 13:30:00,9.4316,8.639,KHT-XE5S_2025_0526_1101,0.00019999999999988915,0.5
KHT-XE5S,2025-06-28 13:40:00,9.4301,8.639,KHT-XE5S_2025_0526_1101,0.0,0.5
KHT-XE5S,2025-06-28 13:50:00,9.4304,8.638,KHT-XE5S_2025_0526_1101,9.999999999994457e-05,0.5
KHT-XE5S,2025-06-28 14:00:00,9.4304,8.64,KHT-XE5S_2025_0526_1101,0.0002000000000000668,0.5
KHT-XE5S,2025-06-28 14:10:00,9.43,8.638,KHT-XE5S_2025_0526_1101,0.0002000000000000668,0.5
KHT-XE5S,2025-06-28 14:20:00,9.4279,8.639,KHT-XE5S_2025_0526_1101,9.999999999994457e-05,0.5
KHT-XE5S,2025-06-28 14:30:00,9.4268,8.64,KHT-XE5S_2025_0526_1101,0.00010000000000012221,0.5
KHT-XE5S,2025-06-28 14:40:00,9.4265,8.64,KHT-XE5S_2025_0526_1101,0.0,0.5
KHT-XE5S,2025-06-28 14:50:00,9.4255,8.64,KHT-XE5S_2025_0526_1101,0.0,0.5
KHT-XE5S,2025-06-28 15:00:00,9.425,8.642,KHT-XE5S_2025_0526_1101,0.00019999999999988915,0.5
KHT-XE5S,2025-06-28 15:10:00,9.4244,8.639,KHT-XE5S_2025_0526_1101,0.00030000000000001136,0.5
KHT-XE5S,2025-06-28 15:20:00,9.4238,8.641,KHT-XE5S_2025_0526_1101,0.0002000000000000668,0.5
KHT-XE5S,2025-06-28 15:30:00,9.4235,8.641,KHT-XE5S_2025_0526_1101,0.0,0.5
KHT-XE5S,2025-06-28 15:40:00,9.4214,8.641,KHT-XE5S_2025_0526_1101,0.0,0.5
KHT-XE5S,2025-06-28 15:50:00,9.4211,8.641,KHT-XE5S_2025_0526_1101,0.0,0.5
KHT-XE5S,2025-06-28 16:00:00,9.4216,8.641,KHT-XE5S_2025_0526_1101,0.0,0.5
KHT-XE5S,2025-06-28 16:10:00,9.421,8.643,KHT-XE5S_2025_0526_1101,0.0002000000000000668,0.5
KHT-XE5S,2025-06-28 16:20:00,9.4198,8.641,KHT-XE5S_2025_0526_1101,0.0002000000000000668,0.5
KHT-XE5S,2025-06-28 16:30:00,9.419,8.642,KHT-XE5S_2025_0526_1101,9.999999999994457e-05,0.5
KHT-XE5S,2025-06-28 16:40:00,9.4185,8.642,KHT-XE5S_2025_0526_1101,0.0,0.5
KHT-XE5S,2025-06-28 16:50:00,9.4186,8.644,KHT-XE5S_2025_0526_1101,0.0002000000000000668,0.5
KHT-XE5S,2025-06-28 17:00:00,9.4176,8.642,KHT-XE5S_2025_0526_1101,0.0002000000000000668,0.5
KHT-XE5S,2025-06-28 17:10:00,9.4177,8.644,KHT-XE5S_2025_0526_1101,0.0002000000000000668,0.5
KHT-XE5S,2025-06-28 17:20:00,9.4169,8.644,KHT-XE5S_2025_0526_1101,0.0,0.5
KHT-XE5S,2025-06-28 17:30:00,9.4177,8.643,KHT-XE5S_2025_0526_1101,9.999999999994457e-05,0.5
KHT-XE5S,2025-06-28 17:40:00,9.417,8.645,KHT-XE5S_2025_0526_1101,0.00019999999999988915,0.5
KHT-XE5S,2025-06-28 17:50:00,9.4163,8.643,KHT-XE5S_2025_0526_1101,0.00019999999999988915,0.5
KHT-XE5S,2025-06-28 18:00:00,9.417,8.644,KHT-XE5S_2025_0526_1101,9.999999999994457e-05,0.5
KHT-XE5S,2025-06-28 18:10:00,9.4173,8.644,KHT-XE5S_2025_0526_1101,0.0,0.5
KHT-XE5S,2025-06-28 18:20:00,9.4182,8.645,KHT-XE5S_2025_0526_1101,9.999999999994457e-05,0.5
KHT-XE5S,2025-06-28 18:30:00,9.4184,8.646,KHT-XE5S_2025_0526_1101,0.00010000000000012221,0.5
KHT-XE5S,2025-06-28 18:40:00,9.4193,8.645,KHT-XE5S_2025_0526_1101,0.00010000000000012221,0.5
KHT-XE5S,2025-06-28 18:50:00,9.4193,8.646,KHT-XE5S_2025_0526_1101,0.00010000000000012221,0.5
KHT-XE5S,2025-06-28 19:00:00,9.4197,8.644,KHT-XE5S_2025_0526_1101,0.0002000000000000668,0.5
KHT-XE5S,2025-06-28 19:10:00,9.4203,8.645,KHT-XE5S_2025_0526_1101,9.999999999994457e-05,0.5
KHT-XE5S,2025-06-28 19:20:00,9.4208,8.645,KHT-XE5S_2025_0526_1101,0.0,0.5
KHT-XE5S,2025-06-28 19:30:00,9.4218,8.644,KHT-XE5S_2025_0526_1101,9.999999999994457e-05,0.5
KHT-XE5S,2025-06-28 19:40:00,9.4235,8.646,KHT-XE5S_2025_0526_1101,0.0002000000000000668,0.5
KHT-XE5S,2025-06-28 19:50:00,9.4251,8.646,KHT-XE5S_2025_0526_1101,0.0,0.5
KHT-XE5S,2025-06-28 20:00:00,9.4264,8.646,KHT-XE5S_2025_0526_1101,0.0,0.5
KHT-XE5S,2025-06-28 20:10:00,9.4273,8.647,KHT-XE5S_2025_0526_1101,9.999999999994457e-05,0.5
KHT-XE5S,2025-06-28 20:20:00,9.4284,8.646,KHT-XE5S_2025_0526_1101,9.999999999994457e-05,0.5
KHT-XE5S,2025-06-28 20:30:00,9.4296,8.645,KHT-XE5S_2025_0526_1101,0.00010000000000012221,0.5
KHT-XE5S,2025-06-28 20:40:00,9.4317,8.647,KHT-XE5S_2025_0526_1101,0.0002000000000000668,0.5
KHT-XE5S,2025-06-28 20:50:00,9.4339,8.647,KHT-XE5S_2025_0526_1101,0.0,0.5
KHT-XE5S,2025-06-28 21:00:00,9.4353,8.645,KHT-XE5S_2025_0526_1101,0.0002000000000000668,0.5
KHT-XE5S,2025-06-28 21:10:00,9.4363,8.647,KHT-XE5S_2025_0526_1101,0.0002000000000000668,0.5
KHT-XE5S,2025-06-28 21:20:00,9.4384,8.647,KHT-XE5S_2025_0526_1101,0.0,0.5
KHT-XE5S,2025-06-28 21:30:00,9.4393,8.647,KHT-XE5S_2025_0526_1101,0.0,0.5
KHT-XE5S,2025-06-28 21:40:00,9.4397,8.646,KHT-XE5S_2025_0526_1101,9.999999999994457e-05,0.5
KHT-XE5S,2025-06-28 21:50:00,9.4399,8.648,KHT-XE5S_2025_0526_1101,0.00019999999999988915,0.5
KHT-XE5S,2025-06-28 22:00:00,9.4411,8.648,KHT-XE5S_2025_0526_1101,0.0,0.5
KHT-XE5S,2025-06-28 22:10:00,9.442,8.648,KHT-XE5S_2025_0526_1101,0.0,0.5
KHT-XE5S,2025-06-28 22:20:00,9.4422,8.65,KHT-XE5S_2025_0526_1101,0.0002000000000000668,0.5
KHT-XE5S,2025-06-28 22:30:00,9.4423,8.648,KHT-XE5S_2025_0526_1101,0.0002000000000000668,0.5
KHT-XE5S,2025-06-28 22:40:00,9.4428,8.648,KHT-XE5S_2025_0526_1101,0.0,0.5
KHT-XE5S,2025-06-28 22:50:00,9.4451,8.651,KHT-XE5S_2025_0526_1101,0.00030000000000001136,0.5
KHT-XE5S,2025-06-28 23:00:00,9.4447,8.649,KHT-XE5S_2025_0526_1101,0.0002000000000000668,0.5
KHT-XE5S,2025-06-28 23:10:00,9.4453,8.649,KHT-XE5S_2025_0526_1101,0.0,0.5
KHT-XE5S,2025-06-28 23:20:00,9.4463,8.649,KHT-XE5S_2025_0526_1101,0.0,0.5
KHT-XE5S,2025-06-28 23:30:00,9.4476,8.651,KHT-XE5S_2025_0526_1101,0.0002000000000000668,0.5
KHT-XE5S,2025-06-28 23:40:00,9.4484,8.651,KHT-XE5S_2025_0526_1101,0.0,0.5
KHT-XE5S,2025-06-28 23:50:00,9.4493,8.651,KHT-XE5S_2025_0526_1101,0.0,0.5
KHT-XE5S,2025-06-29 00:00:00,9.4497,8.65,KHT-XE5S_2025_0526_1101,9.999999999994457e-05,0.5
KHT-XE5S,2025-06-29 00:10:00,9.4497,8.65,KHT-XE5S_2025_0526_1101,0.0,0.5
KHT-XE5S,2025-06-29 00:20:00,9.4499,8.651,KHT-XE5S_2025_0526_1101,9.999999999994457e-05,0.5
KHT-XE5S,2025-06-29 00:30:00,9.45,8.651,KHT-XE5S_2025_0526_1101,0.0,0.5
KHT-XE5S,2025-06-29 00:40:00,9.4501,8.65,KHT-XE5S_2025_0526_1101,9.999999999994457e-05,0.5
KHT-XE5S,2025-06-29 00:50:00,9.45,8.651,KHT-XE5S_2025_0526_1101,9.999999999994457e-05,0.5
KHT-XE5S,2025-06-29 01:00:00,9.4511,8.651,KHT-XE5S_2025_0526_1101,0.0,0.5
KHT-XE5S,2025-06-29 01:10:00,9.4521,8.652,KHT-XE5S_2025_0526_1101,9.999999999994457e-05,0.5
KHT-XE5S,2025-06-29 01:20:00,9.4528,8.651,KHT-XE5S_2025_0526_1101,9.999999999994457e-05,0.5
KHT-XE5S,2025-06-29 01:30:00,9.4538,8.653,KHT-XE5S_2025_0526_1101,0.0002000000000000668,0.5
KHT-XE5S,2025-06-29 01:40:00,9.4537,8.65,KHT-XE5S_2025_0526_1101,0.00030000000000001136,0.5
KHT-XE5S,2025-06-29 01:50:00,9.4527,8.654,KHT-XE5S_2025_0526_1101,0.00039999999999995595,0.5
KHT-XE5S,2025-06-29 02:00:00,9.4518,8.652,KHT-XE5S_2025_0526_1101,0.0002000000000000668,0.5
KHT-XE5S,2025-06-29 02:10:00,9.4516,8.653,KHT-XE5S_2025_0526_1101,0.00010000000000012221,0.5
KHT-XE5S,2025-06-29 02:20:00,9.4521,8.653,KHT-XE5S_2025_0526_1101,0.0,0.5
KHT-XE5S,2025-06-29 02:30:00,9.4518,8.651,KHT-XE5S_2025_0526_1101,0.0002000000000000668,0.5
KHT-XE5S,2025-06-29 02:40:00,9.4518,8.654,KHT-XE5S_2025_0526_1101,0.00030000000000001136,0.5
KHT-XE5S,2025-06-29 02:50:00,9.4522,8.651,KHT-XE5S_2025_0526_1101,0.00030000000000001136,0.5
KHT-XE5S,2025-06-29 03:00:00,9.4526,8.651,KHT-XE5S_2025_0526_1101,0.0,0.5
KHT-XE5S,2025-06-29 03:10:00,9.4529,8.652,KHT-XE5S_2025_0526_1101,9.999999999994457e-05,0.5
KHT-XE5S,2025-06-29 03:20:00,9.4524,8.654,KHT-XE5S_2025_0526_1101,0.0002000000000000668,0.5
KHT-XE5S,2025-06-29 03:30:00,9.4522,8.653,KHT-XE5S_2025_0526_1101,9.999999999994457e-05,0.5
KHT-XE5S,2025-06-29 03:40:00,9.4524,8.653,KHT-XE5S_2025_0526_1101,0.0,0.5
KHT-XE5S,2025-06-29 03:50:00,9.4521,8.653,KHT-XE5S_2025_0526_1101,0.0,0.5
KHT-XE5S,2025-06-29 04:00:00,9.4519,8.654,KHT-XE5S_2025_0526_1101,9.999999999994457e-05,0.5
KHT-XE5S,2025-06-29 04:10:00,9.4533,8.655,KHT-XE5S_2025_0526_1101,9.999999999994457e-05,0.5
KHT-XE5S,2025-06-29 04:20:00,9.4535,8.653,KHT-XE5S_2025_0526_1101,0.00019999999999988915,0.5
KHT-XE5S,2025-06-29 04:30:00,9.4538,8.653,KHT-XE5S_2025_0526_1101,0.0,0.5
KHT-XE5S,2025-06-29 04:40:00,9.4547,8.655,KHT-XE5S_2025_0526_1101,0.00019999999999988915,0.5
KHT-XE5S,2025-06-29 04:50:00,9.4553,8.653,KHT-XE5S_2025_0526_1101,0.00019999999999988915,0.5
KHT-XE5S,2025-06-29 05:00:00,9.4566,8.655,KHT-XE5S_2025_0526_1101,0.00019999999999988915,0.5
KHT-XE5S,2025-06-29 05:10:00,9.4571,8.657,KHT-XE5S_2025_0526_1101,0.0002000000000000668,0.5
KHT-XE5S,2025-06-29 05:20:00,9.4569,8.654,KHT-XE5S_2025_0526_1101,0.00030000000000001136,0.5
KHT-XE5S,2025-06-29 05:30:00,9.4573,8.658,KHT-XE5S_2025_0526_1101,0.00039999999999995595,0.5
KHT-XE5S,2025-06-29 05:40:00,9.4575,8.656,KHT-XE5S_2025_0526_1101,0.00019999999999988915,0.5
KHT-XE5S,2025-06-29 05:50:00,9.4584,8.658,KHT-XE5S_2025_0526_1101,0.00019999999999988915,0.5
KHT-XE5S,2025-06-29 06:00:00,9.4594,8.656,KHT-XE5S_2025_0526_1101,0.00019999999999988915,0.5
KHT-XE5S,2025-06-29 06:10:00,9.4597,8.655,KHT-XE5S_2025_0526_1101,0.00010000000000012221,0.5
KHT-XE5S,2025-06-29 06:20:00,9.4604,8.657,KHT-XE5S_2025_0526_1101,0.0002000000000000668,0.5
KHT-XE5S,2025-06-29 06:30:00,9.4612,8.656,KHT-XE5S_2025_0526_1101,9.999999999994457e-05,0.5
KHT-XE5S,2025-06-29 06:40:00,9.462,8.656,KHT-XE5S_2025_0526_1101,0.0,0.5
KHT-XE5S,2025-06-29 06:50:00,9.4628,8.658,KHT-XE5S_2025_0526_1101,0.00019999999999988915,0.5
KHT-XE5S,2025-06-29 07:00:00,9.4631,8.655,KHT-XE5S_2025_0526_1101,0.00030000000000001136,0.5
KHT-XE5S,2025-06-29 07:10:00,9.4639,8.657,KHT-XE5S_2025_0526_1101,0.0002000000000000668,0.5
KHT-XE5S,2025-06-29 07:20:00,9.4636,8.657,KHT-XE5S_2025_0526_1101,0.0,0.5
KHT-XE5S,2025-06-29 07:30:00,9.4638,8.657,KHT-XE5S_2025_0526_1101,0.0,0.5
KHT-XE5S,2025-06-29 07:40:00,9.4636,8.659,KHT-XE5S_2025_0526_1101,0.0002000000000000668,0.5
KHT-XE5S,2025-06-29 07:50:00,9.4635,8.659,KHT-XE5S_2025_0526_1101,0.0,0.5
KHT-XE5S,2025-06-29 08:00:00,9.4631,8.659,KHT-XE5S_2025_0526_1101,0.0,0.5
KHT-XE5S,2025-06-29 08:10:00,9.4628,8.657,KHT-XE5S_2025_0526_1101,0.0002000000000000668,0.5
KHT-XE5S,2025-06-29 08:20:00,9.4631,8.659,KHT-XE5S_2025_0526_1101,0.0002000000000000668,0.5
KHT-XE5S,2025-06-29 08:30:00,9.4631,8.659,KHT-XE5S_2025_0526_1101,0.0,0.5
KHT-XE5S,2025-06-29 08:40:00,9.4624,8.66,KHT-XE5S_2025_0526_1101,9.999999999994457e-05,0.5
KHT-XE5S,2025-06-29 08:50:00,9.4619,8.66,KHT-XE5S_2025_0526_1101,0.0,0.5
KHT-XE5S,2025-06-29 09:00:00,9.4607,8.659,KHT-XE5S_2025_0526_1101,9.999999999994457e-05,0.5
KHT-XE5S,2025-06-29 09:10:00,9.4594,8.659,KHT-XE5S_2025_0526_1101,0.0,0.5
KHT-XE5S,2025-06-29 09:20:00,9.4577,8.661,KHT-XE5S_2025_0526_1101,0.00019999999999988915,0.5
KHT-XE5S,2025-06-29 09:30:00,9.4556,8.66,KHT-XE5S_2025_0526_1101,9.999999999994457e-05,0.5
KHT-XE5S,2025-06-29 09:40:00,9.4533,8.662,KHT-XE5S_2025_0526_1101,0.0002000000000000668,0.5
KHT-XE5S,2025-06-29 09:50:00,9.4519,8.661,KHT-XE5S_2025_0526_1101,0.00010000000000012221,0.5
KHT-XE5S,2025-06-29 10:00:00,9.4505,8.661,KHT-XE5S_2025_0526_1101,0.0,0.5
KHT-XE5S,2025-06-29 10:10:00,9.4485,8.66,KHT-XE5S_2025_0526_1101,9.999999999994457e-05,0.5
KHT-XE5S,2025-06-29 10:20:00,9.4472,8.663,KHT-XE5S_2025_0526_1101,0.00030000000000001136,0.5
KHT-XE5S,2025-06-29 10:30:00,9.4453,8.662,KHT-XE5S_2025_0526_1101,9.999999999994457e-05,0.5
KHT-XE5S,2025-06-29 10:40:00,9.4433,8.662,KHT-XE5S_2025_0526_1101,0.0,0.5
KHT-XE5S,2025-06-29 10:50:00,9.4412,8.662,KHT-XE5S_2025_0526_1101,0.0,0.5
KHT-XE5S,2025-06-29 11:00:00,9.4387,8.662,KHT-XE5S_2025_0526_1101,0.0,0.5
KHT-XE5S,2025-06-29 11:10:00,9.4368,8.661,KHT-XE5S_2025_0526_1101,0.00010000000000012221,0.5
KHT-XE5S,2025-06-29 11:20:00,9.4346,8.662,KHT-XE5S_2025_0526_1101,0.00010000000000012221,0.5
KHT-XE5S,2025-06-29 11:30:00,9.4331,8.663,KHT-XE5S_2025_0526_1101,9.999999999994457e-05,0.5
KHT-XE5S,2025-06-29 11:40:00,9.4326,8.664,KHT-XE5S_2025_0526_1101,9.999999999994457e-05,0.5
KHT-XE5S,2025-06-29 11:50:00,9.4309,8.663,KHT-XE5S_2025_0526_1101,9.999999999994457e-05,0.5
KHT-XE5S,2025-06-29 12:00:00,9.4288,8.664,KHT-XE5S_2025_0526_1101,9.999999999994457e-05,0.5
KHT-XE5S,2025-06-29 12:10:00,9.4265,8.662,KHT-XE5S_2025_0526_1101,0.00019999999999988915,0.5
KHT-XE5S,2025-06-29 12:20:00,9.4249,8.663,KHT-XE5S_2025_0526_1101,9.999999999994457e-05,0.5
KHT-XE5S,2025-06-29 12:30:00,9.4233,8.663,KHT-XE5S_2025_0526_1101,0.0,0.5
KHT-XE5S,2025-06-29 12:40:00,9.4216,8.663,KHT-XE5S_2025_0526_1101,0.0,0.5
KHT-XE5S,2025-06-29 12:50:00,9.4204,8.665,KHT-XE5S_2025_0526_1101,0.00019999999999988915,0.5
KHT-XE5S,2025-06-29 13:00:00,9.4191,8.665,KHT-XE5S_2025_0526_1101,0.0,0.5
KHT-XE5S,2025-06-29 13:10:00,9.4176,8.664,KHT-XE5S_2025_0526_1101,9.999999999994457e-05,0.5
KHT-XE5S,2025-06-29 13:20:00,9.4157,8.664,KHT-XE5S_2025_0526_1101,0.0,0.5
KHT-XE5S,2025-06-29 13:30:00,9.4135,8.663,KHT-XE5S_2025_0526_1101,9.999999999994457e-05,0.5
KHT-XE5S,2025-06-29 13:40:00,9.4117,8.665,KHT-XE5S_2025_0526_1101,0.00019999999999988915,0.5
KHT-XE5S,2025-06-29 13:50:00,9.4109,8.664,KHT-XE5S_2025_0526_1101,9.999999999994457e-05,0.5
KHT-XE5S,2025-06-29 14:00:00,9.4098,8.664,KHT-XE5S_2025_0526_1101,0.0,0.5
KHT-XE5S,2025-06-29 14:10:00,9.409,8.665,KHT-XE5S_2025_0526_1101,9.999999999994457e-05,0.5
KHT-XE5S,2025-06-29 14:20:00,9.4078,8.666,KHT-XE5S_2025_0526_1101,0.00010000000000012221,0.5
KHT-XE5S,2025-06-29 14:30:00,9.407,8.666,KHT-XE5S_2025_0526_1101,0.0,0.5
KHT-XE5S,2025-06-29 14:40:00,9.4067,8.663,KHT-XE5S_2025_0526_1101,0.00030000000000001136,0.5
KHT-XE5S,2025-06-29 14:50:00,9.404,8.666,KHT-XE5S_2025_0526_1101,0.00030000000000001136,0.5
KHT-XE5S,2025-06-29 15:00:00,9.4022,8.665,KHT-XE5S_2025_0526_1101,0.00010000000000012221,0.5
KHT-XE5S,2025-06-29 15:10:00,9.4012,8.665,KHT-XE5S_2025_0526_1101,0.0,0.5
KHT-XE5S,2025-06-29 15:20:00,9.4,8.666,KHT-XE5S_2025_0526_1101,0.00010000000000012221,0.5
KHT-XE5S,2025-06-29 15:30:00,9.3992,8.667,KHT-XE5S_2025_0526_1101,9.999999999994457e-05,0.5
KHT-XE5S,2025-06-29 15:40:00,9.3986,8.666,KHT-XE5S_2025_0526_1101,9.999999999994457e-05,0.5
KHT-XE5S,2025-06-29 15:50:00,9.3971,8.667,KHT-XE5S_2025_0526_1101,9.999999999994457e-05,0.5
KHT-XE5S,2025-06-29 16:00:00,9.3966,8.666,KHT-XE5S_2025_0526_1101,9.999999999994457e-05,0.5
KHT-XE5S,2025-06-29 16:10:00,9.396,8.665,KHT-XE5S_2025_0526_1101,0.00010000000000012221,0.5
KHT-XE5S,2025-06-29 16:20:00,9.3954,8.667,KHT-XE5S_2025_0526_1101,0.0002000000000000668,0.5
KHT-XE5S,2025-06-29 16:30:00,9.3948,8.668,KHT-XE5S_2025_0526_1101,9.999999999994457e-05,0.5
KHT-XE5S,2025-06-29 16:40:00,9.3948,8.668,KHT-XE5S_2025_0526_1101,0.0,0.5
KHT-XE5S,2025-06-29 16:50:00,9.3951,8.669,KHT-XE5S_2025_0526_1101,0.00010000000000012221,0.5
KHT-XE5S,2025-06-29 17:00:00,9.3942,8.669,KHT-XE5S_2025_0526_1101,0.0,0.5
KHT-XE5S,2025-06-29 17:10:00,9.3928,8.669,KHT-XE5S_2025_0526_1101,0.0,0.5
KHT-XE5S,2025-06-29 17:20:00,9.3929,8.667,KHT-XE5S_2025_0526_1101,0.0002000000000000668,0.5
KHT-XE5S,2025-06-29 17:30:00,9.3922,8.666,KHT-XE5S_2025_0526_1101,9.999999999994457e-05,0.5
KHT-XE5S,2025-06-29 17:40:00,9.3913,8.668,KHT-XE5S_2025_0526_1101,0.00019999999999988915,0.5
KHT-XE5S,2025-06-29 17:50:00,9.3909,8.67,KHT-XE5S_2025_0526_1101,0.0002000000000000668,0.5
KHT-XE5S,2025-06-29 18:00:00,9.3902,8.67,KHT-XE5S_2025_0526_1101,0.0,0.5
KHT-XE5S,2025-06-29 18:10:00,9.3893,8.669,KHT-XE5S_2025_0526_1101,9.999999999994457e-05,0.5
KHT-XE5S,2025-06-29 18:20:00,9.3892,8.672,KHT-XE5S_2025_0526_1101,0.00030000000000001136,0.5
KHT-XE5S,2025-06-29 18:30:00,9.3887,8.669,KHT-XE5S_2025_0526_1101,0.00030000000000001136,0.5
KHT-XE5S,2025-06-29 18:40:00,9.3882,8.669,KHT-XE5S_2025_0526_1101,0.0,0.5
KHT-XE5S,2025-06-29 18:50:00,9.3873,8.672,KHT-XE5S_2025_0526_1101,0.00030000000000001136,0.5
KHT-XE5S,2025-06-29 19:00:00,9.3876,8.671,KHT-XE5S_2025_0526_1101,0.00010000000000012221,0.5
KHT-XE5S,2025-06-29 19:10:00,9.3879,8.67,KHT-XE5S_2025_0526_1101,9.999999999994457e-05,0.5
KHT-XE5S,2025-06-29 19:20:00,9.3883,8.671,KHT-XE5S_2025_0526_1101,9.999999999994457e-05,0.5
KHT-XE5S,2025-06-29 19:30:00,9.3896,8.671,KHT-XE5S_2025_0526_1101,0.0,0.5
KHT-XE5S,2025-06-29 19:40:00,9.3897,8.669,KHT-XE5S_2025_0526_1101,0.00019999999999988915,0.5
KHT-XE5S,2025-06-29 19:50:00,9.3905,8.67,KHT-XE5S_2025_0526_1101,9.999999999994457e-05,0.5
KHT-XE5S,2025-06-29 20:00:00,9.3917,8.672,KHT-XE5S_2025_0526_1101,0.0002000000000000668,0.5
KHT-XE5S,2025-06-29 20:10:00,9.3927,8.671,KHT-XE5S_2025_0526_1101,0.00010000000000012221,0.5
KHT-XE5S,2025-06-29 20:20:00,9.3937,8.672,KHT-XE5S_2025_0526_1101,0.00010000000000012221,0.5
KHT-XE5S,2025-06-29 20:30:00,9.3946,8.67,KHT-XE5S_2025_0526_1101,0.0002000000000000668,0.5
KHT-XE5S,2025-06-29 20:40:00,9.396,8.67,KHT-XE5S_2025_0526_1101,0.0,0.5
KHT-XE5S,2025-06-29 20:50:00,9.3974,8.671,KHT-XE5S_2025_0526_1101,9.999999999994457e-05,0.5
KHT-XE5S,2025-06-29 21:00:00,9.399,8.671,KHT-XE5S_2025_0526_1101,0.0,0.5
KHT-XE5S,2025-06-29 21:10:00,9.4008,8.674,KHT-XE5S_2025_0526_1101,0.00030000000000001136,0.5
KHT-XE5S,2025-06-29 21:20:00,9.4021,8.672,KHT-XE5S_2025_0526_1101,0.00019999999999988915,0.5
KHT-XE5S,2025-06-29 21:30:00,9.4042,8.672,KHT-XE5S_2025_0526_1101,0.0,0.5
KHT-XE5S,2025-06-29 21:40:00,9.4053,8.672,KHT-XE5S_2025_0526_1101,0.0,0.5
KHT-XE5S,2025-06-29 21:50:00,9.4057,8.674,KHT-XE5S_2025_0526_1101,0.00019999999999988915,0.5
KHT-XE5S,2025-06-29 22:00:00,9.4064,8.671,KHT-XE5S_2025_0526_1101,0.00030000000000001136,0.5
KHT-XE5S,2025-06-29 22:10:00,9.4076,8.673,KHT-XE5S_2025_0526_1101,0.0002000000000000668,0.5
KHT-XE5S,2025-06-29 22:20:00,9.4081,8.673,KHT-XE5S_2025_0526_1101,0.0,0.5
KHT-XE5S,2025-06-29 22:30:00,9.4077,8.674,KHT-XE5S_2025_0526_1101,9.999999999994457e-05,0.5
KHT-XE5S,2025-06-29 22:40:00,9.4091,8.674,KHT-XE5S_2025_0526_1101,0.0,0.5
KHT-XE5S,2025-06-29 22:50:00,9.4097,8.674,KHT-XE5S_2025_0526_1101,0.0,0.5
KHT-XE5S,2025-06-29 23:00:00,9.4106,8.675,KHT-XE5S_2025_0526_1101,0.00010000000000012221,0.5
KHT-XE5S,2025-06-29 23:10:00,9.4117,8.675,KHT-XE5S_2025_0526_1101,0.0,0.5
KHT-XE5S,2025-06-29 23:20:00,9.412,8.675,KHT-XE5S_2025_0526_1101,0.0,0.5
KHT-XE5S,2025-06-29 23:30:00,9.4116,8.674,KHT-XE5S_2025_0526_1101,0.00010000000000012221,0.5
KHT-XE5S,2025-06-29 23:40:00,9.4123,8.675,KHT-XE5S_2025_0526_1101,0.00010000000000012221,0.5
KHT-XE5S,2025-06-29 23:50:00,9.4127,8.675,KHT-XE5S_2025_0526_1101,0.0,0.5
KHT-XE5S,2025-06-30 00:00:00,9.4127,8.674,KHT-XE5S_2025_0526_1101,0.00010000000000012221,0.5
KHT-XE5S,2025-06-30 00:10:00,9.4129,8.676,KHT-XE5S_2025_0526_1101,0.0002000000000000668,0.5
KHT-XE5S,2025-06-30 00:20:00,9.4128,8.674,KHT-XE5S_2025_0526_1101,0.0002000000000000668,0.5
KHT-XE5S,2025-06-30 00:30:00,9.4117,8.676,KHT-XE5S_2025_0526_1101,0.0002000000000000668,0.5
KHT-XE5S,2025-06-30 00:40:00,9.4127,8.677,KHT-XE5S_2025_0526_1101,9.999999999994457e-05,0.5
KHT-XE5S,2025-06-30 00:50:00,9.4127,8.676,KHT-XE5S_2025_0526_1101,9.999999999994457e-05,0.5
KHT-XE5S,2025-06-30 01:00:00,9.4128,8.678,KHT-XE5S_2025_0526_1101,0.0002000000000000668,0.5
KHT-XE5S,2025-06-30 01:10:00,9.4128,8.676,KHT-XE5S_2025_0526_1101,0.0002000000000000668,0.5
KHT-XE5S,2025-06-30 01:20:00,9.4134,8.677,KHT-XE5S_2025_0526_1101,9.999999999994457e-05,0.5
KHT-XE5S,2025-06-30 01:30:00,9.4129,8.676,KHT-XE5S_2025_0526_1101,9.999999999994457e-05,0.5
KHT-XE5S,2025-06-30 01:40:00,9.4131,8.679,KHT-XE5S_2025_0526_1101,0.00030000000000001136,0.5
KHT-XE5S,2025-06-30 01:50:00,9.4137,8.678,KHT-XE5S_2025_0526_1101,9.999999999994457e-05,0.5
KHT-XE5S,2025-06-30 02:00:00,9.4126,8.677,KHT-XE5S_2025_0526_1101,0.00010000000000012221,0.5
KHT-XE5S,2025-06-30 02:10:00,9.4123,8.678,KHT-XE5S_2025_0526_1101,0.00010000000000012221,0.5
KHT-XE5S,2025-06-30 02:20:00,9.4135,8.68,KHT-XE5S_2025_0526_1101,0.00019999999999988915,0.5
KHT-XE5S,2025-06-30 02:30:00,9.4136,8.678,KHT-XE5S_2025_0526_1101,0.00019999999999988915,0.5
KHT-XE5S,2025-06-30 02:40:00,9.4141,8.679,KHT-XE5S_2025_0526_1101,9.999999999994457e-05,0.5
KHT-XE5S,2025-06-30 02:50:00,9.4147,8.677,KHT-XE5S_2025_0526_1101,0.0002000000000000668,0.5
KHT-XE5S,2025-06-30 03:00:00,9.4163,8.68,KHT-XE5S_2025_0526_1101,0.00030000000000001136,0.5
KHT-XE5S,2025-06-30 03:10:00,9.4166,8.68,KHT-XE5S_2025_0526_1101,0.0,0.5
KHT-XE5S,2025-06-30 03:20:00,9.4176,8.679,KHT-XE5S_2025_0526_1101,9.999999999994457e-05,0.5
KHT-XE5S,2025-06-30 03:30:00,9.4177,8.678,KHT-XE5S_2025_0526_1101,9.999999999994457e-05,0.5
KHT-XE5S,2025-06-30 03:40:00,9.4172,8.68,KHT-XE5S_2025_0526_1101,0.00019999999999988915,0.5
KHT-XE5S,2025-06-30 03:50:00,9.4162,8.68,KHT-XE5S_2025_0526_1101,0.0,0.5
KHT-XE5S,2025-06-30 04:00:00,9.4168,8.68,KHT-XE5S_2025_0526_1101,0.0,0.5
KHT-XE5S,2025-06-30 04:10:00,9.4163,8.68,KHT-XE5S_2025_0526_1101,0.0,0.5
KHT-XE5S,2025-06-30 04:20:00,9.4173,8.68,KHT-XE5S_2025_0526_1101,0.0,0.5
KHT-XE5S,2025-06-30 04:30:00,9.4181,8.681,KHT-XE5S_2025_0526_1101,9.999999999994457e-05,0.5
KHT-XE5S,2025-06-30 04:40:00,9.4186,8.681,KHT-XE5S_2025_0526_1101,0.0,0.5
KHT-XE5S,2025-06-30 04:50:00,9.4185,8.681,KHT-XE5S_2025_0526_1101,0.0,0.5
KHT-XE5S,2025-06-30 05:00:00,9.4187,8.682,KHT-XE5S_2025_0526_1101,0.00010000000000012221,0.5
KHT-XE5S,2025-06-30 05:10:00,9.4177,8.68,KHT-XE5S_2025_0526_1101,0.0002000000000000668,0.5
KHT-XE5S,2025-06-30 05:20:00,9.4191,8.68,KHT-XE5S_2025_0526_1101,0.0,0.5
KHT-XE5S,2025-06-30 05:30:00,9.4203,8.682,KHT-XE5S_2025_0526_1101,0.0002000000000000668,0.5
KHT-XE5S,2025-06-30 05:40:00,9.4216,8.681,KHT-XE5S_2025_0526_1101,0.00010000000000012221,0.5
KHT-XE5S,2025-06-30 05:50:00,9.4223,8.682,KHT-XE5S_2025_0526_1101,0.00010000000000012221,0.5
KHT-XE5S,2025-06-30 06:00:00,9.4215,8.682,KHT-XE5S_2025_0526_1101,0.0,0.5
KHT-XE5S,2025-06-30 06:10:00,9.4216,8.683,KHT-XE5S_2025_0526_1101,9.999999999994457e-05,0.5
KHT-XE5S,2025-06-30 06:20:00,9.4218,8.683,KHT-XE5S_2025_0526_1101,0.0,0.5
KHT-XE5S,2025-06-30 06:30:00,9.4227,8.684,KHT-XE5S_2025_0526_1101,9.999999999994457e-05,0.5
KHT-XE5S,2025-06-30 06:40:00,9.4235,8.685,KHT-XE5S_2025_0526_1101,0.00010000000000012221,0.5
KHT-XE5S,2025-06-30 06:50:00,9.4242,8.682,KHT-XE5S_2025_0526_1101,0.00030000000000001136,0.5
KHT-XE5S,2025-06-30 07:00:00,9.4256,8.684,KHT-XE5S_2025_0526_1101,0.00019999999999988915,0.5
KHT-XE5S,2025-06-30 07:10:00,9.4264,8.684,KHT-XE5S_2025_0526_1101,0.0,0.5
KHT-XE5S,2025-06-30 07:20:00,9.4273,8.683,KHT-XE5S_2025_0526_1101,9.999999999994457e-05,0.5
KHT-XE5S,2025-06-30 07:30:00,9.4284,8.682,KHT-XE5S_2025_0526_1101,9.999999999994457e-05,0.5
KHT-XE5S,2025-06-30 07:40:00,9.4286,8.684,KHT-XE5S_2025_0526_1101,0.00019999999999988915,0.5
KHT-XE5S,2025-06-30 07:50:00,9.429,8.685,KHT-XE5S_2025_0526_1101,0.00010000000000012221,0.5
KHT-XE5S,2025-06-30 08:00:00,9.4291,8.684,KHT-XE5S_2025_0526_1101,0.00010000000000012221,0.5
KHT-XE5S,2025-06-30 08:10:00,9.4288,8.684,KHT-XE5S_2025_0526_1101,0.0,0.5
KHT-XE5S,2025-06-30 08:20:00,9.4285,8.685,KHT-XE5S_2025_0526_1101,0.00010000000000012221,0.5
KHT-XE5S,2025-06-30 08:30:00,9.4281,8.685,KHT-XE5S_2025_0526_1101,0.0,0.5
KHT-XE5S,2025-06-30 08:40:00,9.4282,8.686,KHT-XE5S_2025_0526_1101,9.999999999994457e-05,0.5
KHT-XE5S,2025-06-30 08:50:00,9.4277,8.685,KHT-XE5S_2025_0526_1101,9.999999999994457e-05,0.5
KHT-XE5S,2025-06-30 09:00:00,9.4264,8.685,KHT-XE5S_2025_0526_1101,0.0,0.5
KHT-XE5S,2025-06-30 09:10:00,9.4248,8.687,KHT-XE5S_2025_0526_1101,0.00019999999999988915,0.5
KHT-XE5S,2025-06-30 09:20:00,9.423,8.687,KHT-XE5S_2025_0526_1101,0.0,0.5
KHT-XE5S,2025-06-30 09:30:00,9.421,8.687,KHT-XE5S_2025_0526_1101,0.0,0.5
KHT-XE5S,2025-06-30 09:40:00,9.4186,8.686,KHT-XE5S_2025_0526_1101,9.999999999994457e-05,0.5
KHT-XE5S,2025-06-30 09:50:00,9.4169,8.688,KHT-XE5S_2025_0526_1101,0.0002000000000000668,0.5
KHT-XE5S,2025-06-30 10:00:00,9.4149,8.687,KHT-XE5S_2025_0526_1101,0.00010000000000012221,0.5
KHT-XE5S,2025-06-30 10:10:00,9.4128,8.686,KHT-XE5S_2025_0526_1101,9.999999999994457e-05,0.5
KHT-XE5S,2025-06-30 10:20:00,9.4112,8.686,KHT-XE5S_2025_0526_1101,0.0,0.5
KHT-XE5S,2025-06-30 10:30:00,9.4091,8.687,KHT-XE5S_2025_0526_1101,9.999999999994457e-05,0.5
KHT-XE5S,2025-06-30 10:40:00,9.4062,8.688,KHT-XE5S_2025_0526_1101,0.00010000000000012221,0.5
KHT-XE5S,2025-06-30 10:50:00,9.4038,8.69,KHT-XE5S_2025_0526_1101,0.00019999999999988915,0.5
KHT-XE5S,2025-06-30 11:00:00,9.4015,8.687,KHT-XE5S_2025_0526_1101,0.00030000000000001136,0.5
KHT-XE5S,2025-06-30 11:10:00,9.3994,8.687,KHT-XE5S_2025_0526_1101,0.0,0.5
KHT-XE5S,2025-06-30 11:20:00,9.3972,8.69,KHT-XE5S_2025_0526_1101,0.00030000000000001136,0.5
KHT-XE5S,2025-06-30 11:30:00,9.3956,8.69,KHT-XE5S_2025_0526_1101,0.0,0.5
KHT-XE5S,2025-06-30 11:40:00,9.3931,8.688,KHT-XE5S_2025_0526_1101,0.00019999999999988915,0.5
KHT-XE5S,2025-06-30 11:50:00,9.3919,8.687,KHT-XE5S_2025_0526_1101,0.00010000000000012221,0.5
KHT-XE5S,2025-06-30 12:00:00,9.3897,8.689,KHT-XE5S_2025_0526_1101,0.0002000000000000668,0.5
KHT-XE5S,2025-06-30 12:10:00,9.3869,8.691,KHT-XE5S_2025_0526_1101,0.0002000000000000668,0.5
KHT-XE5S,2025-06-30 12:20:00,9.3856,8.69,KHT-XE5S_2025_0526_1101,0.00010000000000012221,0.5
KHT-XE5S,2025-06-30 12:30:00,9.3847,8.688,KHT-XE5S_2025_0526_1101,0.00019999999999988915,0.5
KHT-XE5S,2025-06-30 12:40:00,9.3834,8.69,KHT-XE5S_2025_0526_1101,0.00019999999999988915,0.5
KHT-XE5S,2025-06-30 12:50:00,9.3827,8.69,KHT-XE5S_2025_0526_1101,0.0,0.5
KHT-XE5S,2025-06-30 13:00:00,9.3812,8.69,KHT-XE5S_2025_0526_1101,0.0,0.5
KHT-XE5S,2025-06-30 13:10:00,9.3803,8.69,KHT-XE5S_2025_0526_1101,0.0,0.5
KHT-XE5S,2025-06-30 13:20:00,9.3796,8.691,KHT-XE5S_2025_0526_1101,0.00010000000000012221,0.5
KHT-XE5S,2025-06-30 13:30:00,9.3783,8.692,KHT-XE5S_2025_0526_1101,9.999999999994457e-05,0.5
KHT-XE5S,2025-06-30 13:40:00,9.3769,8.691,KHT-XE5S_2025_0526_1101,9.999999999994457e-05,0.5
KHT-XE5S,2025-06-30 13:50:00,9.3762,8.69,KHT-XE5S_2025_0526_1101,0.00010000000000012221,0.5
KHT-XE5S,2025-06-30 14:00:00,9.3763,8.691,KHT-XE5S_2025_0526_1101,0.00010000000000012221,0.5
KHT-XE5S,2025-06-30 14:10:00,9.375,8.692,KHT-XE5S_2025_0526_1101,9.999999999994457e-05,0.5
KHT-XE5S,2025-06-30 14:20:00,9.3745,8.692,KHT-XE5S_2025_0526_1101,0.0,0.5
KHT-XE5S,2025-06-30 14:30:00,9.3728,8.692,KHT-XE5S_2025_0526_1101,0.0,0.5
KHT-XE5S,2025-06-30 14:40:00,9.3726,8.693,KHT-XE5S_2025_0526_1101,9.999999999994457e-05,0.5
KHT-XE5S,2025-06-30 14:50:00,9.3724,8.692,KHT-XE5S_2025_0526_1101,9.999999999994457e-05,0.5
KHT-XE5S,2025-06-30 15:00:00,9.371,8.694,KHT-XE5S_2025_0526_1101,0.0002000000000000668,0.5
KHT-XE5S,2025-06-30 15:10:00,9.3705,8.693,KHT-XE5S_2025_0526_1101,0.00010000000000012221,0.5
KHT-XE5S,2025-06-30 15:20:00,9.3696,8.693,KHT-XE5S_2025_0526_1101,0.0,0.5
KHT-XE5S,2025-06-30 15:30:00,9.3681,8.693,KHT-XE5S_2025_0526_1101,0.0,0.5
KHT-XE5S,2025-06-30 15:40:00,9.368,8.694,KHT-XE5S_2025_0526_1101,0.00010000000000012221,0.5
KHT-XE5S,2025-06-30 15:50:00,9.3677,8.695,KHT-XE5S_2025_0526_1101,9.999999999994457e-05,0.5
KHT-XE5S,2025-06-30 16:00:00,9.3674,8.694,KHT-XE5S_2025_0526_1101,9.999999999994457e-05,0.5
KHT-XE5S,2025-06-30 16:10:00,9.3673,8.693,KHT-XE5S_2025_0526_1101,0.00010000000000012221,0.5
KHT-XE5S,2025-06-30 16:20:00,9.367,8.695,KHT-XE5S_2025_0526_1101,0.0002000000000000668,0.5
KHT-XE5S,2025-06-30 16:30:00,9.3658,8.694,KHT-XE5S_2025_0526_1101,9.999999999994457e-05,0.5
KHT-XE5S,2025-06-30 16:40:00,9.3664,8.696,KHT-XE5S_2025_0526_1101,0.00019999999999988915,0.5
KHT-XE5S,2025-06-30 16:50:00,9.3664,8.695,KHT-XE5S_2025_0526_1101,9.999999999994457e-05,0.5
KHT-XE5S,2025-06-30 17:00:00,9.366,8.698,KHT-XE5S_2025_0526_1101,0.00030000000000001136,0.5
KHT-XE5S,2025-06-30 17:10:00,9.3664,8.695,KHT-XE5S_2025_0526_1101,0.00030000000000001136,0.5
KHT-XE5S,2025-06-30 17:20:00,9.3668,8.696,KHT-XE5S_2025_0526_1101,9.999999999994457e-05,0.5
KHT-XE5S,2025-06-30 17:30:00,9.3677,8.697,KHT-XE5S_2025_0526_1101,9.999999999994457e-05,0.5
KHT-XE5S,2025-06-30 17:40:00,9.3664,8.698,KHT-XE5S_2025_0526_1101,0.00010000000000012221,0.5
KHT-XE5S,2025-06-30 17:50:00,9.3662,8.697,KHT-XE5S_2025_0526_1101,0.00010000000000012221,0.5
KHT-XE5S,2025-06-30 18:00:00,9.3658,8.697,KHT-XE5S_2025_0526_1101,0.0,0.5
KHT-XE5S,2025-06-30 18:10:00,9.3665,8.697,KHT-XE5S_2025_0526_1101,0.0,0.5
KHT-XE5S,2025-06-30 18:20:00,9.3666,8.697,KHT-XE5S_2025_0526_1101,0.0,0.5
KHT-XE5S,2025-06-30 18:30:00,9.3676,8.697,KHT-XE5S_2025_0526_1101,0.0,0.5
KHT-XE5S,2025-06-30 18:40:00,9.3676,8.699,KHT-XE5S_2025_0526_1101,0.0002000000000000668,0.5
KHT-XE5S,2025-06-30 18:50:00,9.3682,8.696,KHT-XE5S_2025_0526_1101,0.00030000000000001136,0.5
KHT-XE5S,2025-06-30 19:00:00,9.3685,8.698,KHT-XE5S_2025_0526_1101,0.0002000000000000668,0.5
KHT-XE5S,2025-06-30 19:10:00,9.3688,8.699,KHT-XE5S_2025_0526_1101,9.999999999994457e-05,0.5
KHT-XE5S,2025-06-30 19:20:00,9.37,8.698,KHT-XE5S_2025_0526_1101,9.999999999994457e-05,0.5
KHT-XE5S,2025-06-30 19:30:00,9.3704,8.7,KHT-XE5S_2025_0526_1101,0.00019999999999988915,0.5
KHT-XE5S,2025-06-30 19:40:00,9.3714,8.699,KHT-XE5S_2025_0526_1101,9.999999999994457e-05,0.5
KHT-XE5S,2025-06-30 19:50:00,9.3737,8.7,KHT-XE5S_2025_0526_1101,9.999999999994457e-05,0.5
KHT-XE5S,2025-06-30 20:00:00,9.3738,8.698,KHT-XE5S_2025_0526_1101,0.00019999999999988915,0.5
KHT-XE5S,2025-06-30 20:10:00,9.3757,8.699,KHT-XE5S_2025_0526_1101,9.999999999994457e-05,0.5
KHT-XE5S,2025-06-30 20:20:00,9.376,8.699,KHT-XE5S_2025_0526_1101,0.0,0.5
KHT-XE5S,2025-06-30 20:30:00,9.3785,8.698,KHT-XE5S_2025_0526_1101,9.999999999994457e-05,0.5
KHT-XE5S,2025-06-30 20:40:00,9.3797,8.698,KHT-XE5S_2025_0526_1101,0.0,0.5
KHT-XE5S,2025-06-30 20:50:00,9.3807,8.699,KHT-XE5S_2025_0526_1101,9.999999999994457e-05,0.5
KHT-XE5S,2025-06-30 21:00:00,9.3822,8.698,KHT-XE5S_2025_0526_1101,9.999999999994457e-05,0.5
KHT-XE5S,2025-06-30 21:10:00,9.3837,8.699,KHT-XE5S_2025_0526_1101,9.999999999994457e-05,0.5
KHT-XE5S,2025-06-30 21:20:00,9.3858,8.701,KHT-XE5S_2025_0526_1101,0.0002000000000000668,0.5
KHT-XE5S,2025-06-30 21:30:00,9.3875,8.701,KHT-XE5S_2025_0526_1101,0.0,0.5
KHT-XE5S,2025-06-30 21:40:00,9.3894,8.7,KHT-XE5S_2025_0526_1101,0.00010000000000012221,0.5
KHT-XE5S,2025-06-30 21:50:00,9.3899,8.699,KHT-XE5S_2025_0526_1101,9.999999999994457e-05,0.5
KHT-XE5S,2025-06-30 22:00:00,9.3917,8.702,KHT-XE5S_2025_0526_1101,0.00030000000000001136,0.5
KHT-XE5S,2025-06-30 22:10:00,9.3927,8.701,KHT-XE5S_2025_0526_1101,9.999999999994457e-05,0.5
KHT-XE5S,2025-06-30 22:20:00,9.3932,8.701,KHT-XE5S_2025_0526_1101,0.0,0.5
KHT-XE5S,2025-06-30 22:30:00,9.3943,8.7,KHT-XE5S_2025_0526_1101,0.00010000000000012221,0.5
KHT-XE5S,2025-06-30 22:40:00,9.3956,8.701,KHT-XE5S_2025_0526_1101,0.00010000000000012221,0.5
KHT-XE5S,2025-06-30 22:50:00,9.3968,8.702,KHT-XE5S_2025_0526_1101,9.999999999994457e-05,0.5
KHT-XE5S,2025-06-30 23:00:00,9.397,8.705,KHT-XE5S_2025_0526_1101,0.00030000000000001136,0.5
KHT-XE5S,2025-06-30 23:10:00,9.3971,8.702,KHT-XE5S_2025_0526_1101,0.00030000000000001136,0.5
KHT-XE5S,2025-06-30 23:20:00,9.3978,8.703,KHT-XE5S_2025_0526_1101,9.999999999994457e-05,0.5
KHT-XE5S,2025-06-30 23:30:00,9.3993,8.705,KHT-XE5S_2025_0526_1101,0.0002000000000000668,0.5
KHT-XE5S,2025-06-30 23:40:00,9.3998,8.705,KHT-XE5S_2025_0526_1101,0.0,0.5
KHT-XE5S,2025-06-30 23:50:00,9.4012,8.703,KHT-XE5S_2025_0526_1101,0.0002000000000000668,0.5
KHT-XE5S,2025-07-01 00:00:00,9.4013,8.703,KHT-XE5S_2025_0526_1101,0.0,0.5
KHT-XE5S,2025-07-01 00:10:00,9.4013,8.703,KHT-XE5S_2025_0526_1101,0.0,0.5
KHT-XE5S,2025-07-01 00:20:00,9.4018,8.701,KHT-XE5S_2025_0526_1101,0.00019999999999988915,0.5
KHT-XE5S,2025-07-01 00:30:00,9.4022,8.704,KHT-XE5S_2025_0526_1101,0.00030000000000001136,0.5
KHT-XE5S,2025-07-01 00:40:00,9.4028,8.703,KHT-XE5S_2025_0526_1101,0.00010000000000012221,0.5
KHT-XE5S,2025-07-01 00:50:00,9.4026,8.706,KHT-XE5S_2025_0526_1101,0.00030000000000001136,0.5
KHT-XE5S,2025-07-01 01:00:00,9.4032,8.705,KHT-XE5S_2025_0526_1101,9.999999999994457e-05,0.5
KHT-XE5S,2025-07-01 01:10:00,9.4044,8.705,KHT-XE5S_2025_0526_1101,0.0,0.5
KHT-XE5S,2025-07-01 01:20:00,9.405,8.705,KHT-XE5S_2025_0526_1101,0.0,0.5
KHT-XE5S,2025-07-01 01:30:00,9.4052,8.706,KHT-XE5S_2025_0526_1101,9.999999999994457e-05,0.5
KHT-XE5S,2025-07-01 01:40:00,9.4045,8.706,KHT-XE5S_2025_0526_1101,0.0,0.5
KHT-XE5S,2025-07-01 01:50:00,9.4037,8.707,KHT-XE5S_2025_0526_1101,0.00010000000000012221,0.5
KHT-XE5S,2025-07-01 02:00:00,9.404,8.705,KHT-XE5S_2025_0526_1101,0.0002000000000000668,0.5
KHT-XE5S,2025-07-01 02:10:00,9.4035,8.708,KHT-XE5S_2025_0526_1101,0.00030000000000001136,0.5
KHT-XE5S,2025-07-01 02:20:00,9.403,8.707,KHT-XE5S_2025_0526_1101,9.999999999994457e-05,0.5
KHT-XE5S,2025-07-01 02:30:00,9.4029,8.707,KHT-XE5S_2025_0526_1101,0.0,0.5
KHT-XE5S,2025-07-01 02:40:00,9.4029,8.706,KHT-XE5S_2025_0526_1101,0.00010000000000012221,0.5
KHT-XE5S,2025-07-01 02:50:00,9.4019,8.706,KHT-XE5S_2025_0526_1101,0.0,0.5
KHT-XE5S,2025-07-01 03:00:00,9.4024,8.707,KHT-XE5S_2025_0526_1101,0.00010000000000012221,0.5
KHT-XE5S,2025-07-01 03:10:00,9.403,8.706,KHT-XE5S_2025_0526_1101,0.00010000000000012221,0.5
KHT-XE5S,2025-07-01 03:20:00,9.4026,8.707,KHT-XE5S_2025_0526_1101,0.00010000000000012221,0.5
KHT-XE5S,2025-07-01 03:30:00,9.4029,8.707,KHT-XE5S_2025_0526_1101,0.0,0.5
KHT-XE5S,2025-07-01 03:40:00,9.4029,8.709,KHT-XE5S_2025_0526_1101,0.00019999999999988915,0.5
KHT-XE5S,2025-07-01 03:50:00,9.4029,8.708,KHT-XE5S_2025_0526_1101,9.999999999994457e-05,0.5
KHT-XE5S,2025-07-01 04:00:00,9.4019,8.708,KHT-XE5S_2025_0526_1101,0.0,0.5
KHT-XE5S,2025-07-01 04:10:00,9.4019,8.709,KHT-XE5S_2025_0526_1101,9.999999999994457e-05,0.5
KHT-XE5S,2025-07-01 04:20:00,9.4021,8.709,KHT-XE5S_2025_0526_1101,0.0,0.5
KHT-XE5S,2025-07-01 04:30:00,9.4022,8.711,KHT-XE5S_2025_0526_1101,0.0002000000000000668,0.5
KHT-XE5S,2025-07-01 04:40:00,9.4027,8.709,KHT-XE5S_2025_0526_1101,0.0002000000000000668,0.5
KHT-XE5S,2025-07-01 04:50:00,9.4024,8.712,KHT-XE5S_2025_0526_1101,0.00030000000000001136,0.5
KHT-XE5S,2025-07-01 05:00:00,9.4031,8.711,KHT-XE5S_2025_0526_1101,9.999999999994457e-05,0.5
KHT-XE5S,2025-07-01 05:10:00,9.4045,8.711,KHT-XE5S_2025_0526_1101,0.0,0.5
KHT-XE5S,2025-07-01 05:20:00,9.4051,8.709,KHT-XE5S_2025_0526_1101,0.0002000000000000668,0.5
KHT-XE5S,2025-07-01 05:30:00,9.4068,8.71,KHT-XE5S_2025_0526_1101,0.00010000000000012221,0.5
KHT-XE5S,2025-07-01 05:40:00,9.4074,8.71,KHT-XE5S_2025_0526_1101,0.0,0.5
KHT-XE5S,2025-07-01 05:50:00,9.4086,8.71,KHT-XE5S_2025_0526_1101,0.0,0.5
KHT-XE5S,2025-07-01 06:00:00,9.4087,8.711,KHT-XE5S_2025_0526_1101,9.999999999994457e-05,0.5
KHT-XE5S,2025-07-01 06:10:00,9.4098,8.711,KHT-XE5S_2025_0526_1101,0.0,0.5
KHT-XE5S,2025-07-01 06:20:00,9.4108,8.71,KHT-XE5S_2025_0526_1101,9.999999999994457e-05,0.5
KHT-XE5S,2025-07-01 06:30:00,9.4112,8.712,KHT-XE5S_2025_0526_1101,0.00019999999999988915,0.5
KHT-XE5S,2025-07-01 06:40:00,9.411,8.71,KHT-XE5S_2025_0526_1101,0.00019999999999988915,0.5
KHT-XE5S,2025-07-01 06:50:00,9.412,8.713,KHT-XE5S_2025_0526_1101,0.0002999999999998337,0.5
KHT-XE5S,2025-07-01 07:00:00,9.4126,8.713,KHT-XE5S_2025_0526_1101,0.0,0.5
KHT-XE5S,2025-07-01 07:10:00,9.4125,8.714,KHT-XE5S_2025_0526_1101,0.00010000000000012221,0.5
KHT-XE5S,2025-07-01 07:20:00,9.4123,8.713,KHT-XE5S_2025_0526_1101,0.00010000000000012221,0.5
KHT-XE5S,2025-07-01 07:30:00,9.4122,8.712,KHT-XE5S_2025_0526_1101,9.999999999994457e-05,0.5
KHT-XE5S,2025-07-01 07:40:00,9.4128,8.713,KHT-XE5S_2025_0526_1101,9.999999999994457e-05,0.5
KHT-XE5S,2025-07-01 07:50:00,9.4124,8.712,KHT-XE5S_2025_0526_1101,9.999999999994457e-05,0.5
KHT-XE5S,2025-07-01 08:00:00,9.4122,8.715,KHT-XE5S_2025_0526_1101,0.00030000000000001136,0.5
KHT-XE5S,2025-07-01 08:10:00,9.4118,8.714,KHT-XE5S_2025_0526_1101,9.999999999994457e-05,0.5
KHT-XE5S,2025-07-01 08:20:00,9.4108,8.713,KHT-XE5S_2025_0526_1101,0.00010000000000012221,0.5
KHT-XE5S,2025-07-01 08:30:00,9.4099,8.714,KHT-XE5S_2025_0526_1101,0.00010000000000012221,0.5
KHT-XE5S,2025-07-01 08:40:00,9.4085,8.716,KHT-XE5S_2025_0526_1101,0.00019999999999988915,0.5
KHT-XE5S,2025-07-01 08:50:00,9.4065,8.715,KHT-XE5S_2025_0526_1101,9.999999999994457e-05,0.5
KHT-XE5S,2025-07-01 09:00:00,9.4055,8.714,KHT-XE5S_2025_0526_1101,9.999999999994457e-05,0.5
KHT-XE5S,2025-07-01 09:10:00,9.4038,8.715,KHT-XE5S_2025_0526_1101,9.999999999994457e-05,0.5
KHT-XE5S,2025-07-01 09:20:00,9.4017,8.714,KHT-XE5S_2025_0526_1101,9.999999999994457e-05,0.5
KHT-XE5S,2025-07-01 09:30:00,9.3996,8.716,KHT-XE5S_2025_0526_1101,0.00019999999999988915,0.5
KHT-XE5S,2025-07-01 09:40:00,9.3984,8.716,KHT-XE5S_2025_0526_1101,0.0,0.5
KHT-XE5S,2025-07-01 09:50:00,9.3964,8.716,KHT-XE5S_2025_0526_1101,0.0,0.5
KHT-XE5S,2025-07-01 10:00:00,9.3946,8.715,KHT-XE5S_2025_0526_1101,9.999999999994457e-05,0.5
KHT-XE5S,2025-07-01 10:10:00,9.3923,8.717,KHT-XE5S_2025_0526_1101,0.0002000000000000668,0.5
KHT-XE5S,2025-07-01 10:20:00,9.3916,8.717,KHT-XE5S_2025_0526_1101,0.0,0.5
KHT-XE5S,2025-07-01 10:30:00,9.3893,8.716,KHT-XE5S_2025_0526_1101,0.00010000000000012221,0.5
KHT-XE5S,2025-07-01 10:40:00,9.3872,8.718,KHT-XE5S_2025_0526_1101,0.0002000000000000668,0.5
KHT-XE5S,2025-07-01 10:50:00,9.3854,8.718,KHT-XE5S_2025_0526_1101,0.0,0.5
KHT-XE5S,2025-07-01 11:00:00,9.3834,8.718,KHT-XE5S_2025_0526_1101,0.0,0.5
KHT-XE5S,2025-07-01 11:10:00,9.3823,8.717,KHT-XE5S_2025_0526_1101,9.999999999994457e-05,0.5
KHT-XE5S,2025-07-01 11:20:00,9.38,8.719,KHT-XE5S_2025_0526_1101,0.00019999999999988915,0.5
KHT-XE5S,2025-07-01 11:30:00,9.3786,8.717,KHT-XE5S_2025_0526_1101,0.00019999999999988915,0.5
KHT-XE5S,2025-07-01 11:40:00,9.3761,8.716,KHT-XE5S_2025_0526_1101,0.00010000000000012221,0.5
KHT-XE5S,2025-07-01 11:50:00,9.3741,8.718,KHT-XE5S_2025_0526_1101,0.0002000000000000668,0.5
KHT-XE5S,2025-07-01 12:00:00,9.3729,8.716,KHT-XE5S_2025_0526_1101,0.0002000000000000668,0.5
KHT-XE5S,2025-07-01 12:10:00,9.3716,8.717,KHT-XE5S_2025_0526_1101,0.00010000000000012221,0.5
KHT-XE5S,2025-07-01 12:20:00,9.3709,8.719,KHT-XE5S_2025_0526_1101,0.00019999999999988915,0.5
KHT-XE5S,2025-07-01 12:30:00,9.3699,8.72,KHT-XE5S_2025_0526_1101,0.00010000000000012221,0.5
KHT-XE5S,2025-07-01 12:40:00,9.3691,8.72,KHT-XE5S_2025_0526_1101,0.0,0.5
KHT-XE5S,2025-07-01 12:50:00,9.367,8.718,KHT-XE5S_2025_0526_1101,0.0002000000000000668,0.5
KHT-XE5S,2025-07-01 13:00:00,9.3676,8.718,KHT-XE5S_2025_0526_1101,0.0,0.5
KHT-XE5S,2025-07-01 13:10:00,9.3668,8.72,KHT-XE5S_2025_0526_1101,0.0002000000000000668,0.5
KHT-XE5S,2025-07-01 13:20:00,9.365,8.72,KHT-XE5S_2025_0526_1101,0.0,0.5
KHT-XE5S,2025-07-01 13:30:00,9.3643,8.722,KHT-XE5S_2025_0526_1101,0.00019999999999988915,0.5
KHT-XE5S,2025-07-01 13:40:00,9.3642,8.72,KHT-XE5S_2025_0526_1101,0.00019999999999988915,0.5
KHT-XE5S,2025-07-01 13:50:00,9.3634,8.719,KHT-XE5S_2025_0526_1101,0.00010000000000012221,0.5
KHT-XE5S,2025-07-01 14:00:00,9.362,8.72,KHT-XE5S_2025_0526_1101,0.00010000000000012221,0.5
KHT-XE5S,2025-07-01 14:10:00,9.36,8.722,KHT-XE5S_2025_0526_1101,0.00019999999999988915,0.5
KHT-XE5S,2025-07-01 14:20:00,9.3596,8.722,KHT-XE5S_2025_0526_1101,0.0,0.5
KHT-XE5S,2025-07-01 14:30:00,9.3577,8.721,KHT-XE5S_2025_0526_1101,9.999999999994457e-05,0.5
KHT-XE5S,2025-07-01 14:40:00,9.3566,8.722,KHT-XE5S_2025_0526_1101,9.999999999994457e-05,0.5
KHT-XE5S,2025-07-01 14:50:00,9.3542,8.722,KHT-XE5S_2025_0526_1101,0.0,0.5
KHT-XE5S,2025-07-01 15:00:00,9.3529,8.722,KHT-XE5S_2025_0526_1101,0.0,0.5
KHT-XE5S,2025-07-01 15:10:00,9.3528,8.724,KHT-XE5S_2025_0526_1101,0.0002000000000000668,0.5
KHT-XE5S,2025-07-01 15:20:00,9.3516,8.723,KHT-XE5S_2025_0526_1101,9.999999999994457e-05,0.5
KHT-XE5S,2025-07-01 15:30:00,9.3521,8.723,KHT-XE5S_2025_0526_1101,0.0,0.5
KHT-XE5S,2025-07-01 15:40:00,9.3516,8.724,KHT-XE5S_2025_0526_1101,9.999999999994457e-05,0.5
KHT-XE5S,2025-07-01 15:50:00,9.3506,8.724,KHT-XE5S_2025_0526_1101,0.0,0.5
KHT-XE5S,2025-07-01 16:00:00,9.3527,8.725,KHT-XE5S_2025_0526_1101,9.999999999994457e-05,0.5
KHT-XE5S,2025-07-01 16:10:00,9.3595,8.725,KHT-XE5S_2025_0526_1101,0.0,0.5
KHT-XE5S,2025-07-01 16:20:00,9.3635,8.724,KHT-XE5S_2025_0526_1101,9.999999999994457e-05,0.5
KHT-XE5S,2025-07-01 16:30:00,9.3648,8.724,KHT-XE5S_2025_0526_1101,0.0,0.5
KHT-XE5S,2025-07-01 16:40:00,9.3635,8.725,KHT-XE5S_2025_0526_1101,9.999999999994457e-05,0.5
KHT-XE5S,2025-07-01 16:50:00,9.3576,8.724,KHT-XE5S_2025_0526_1101,9.999999999994457e-05,0.5
KHT-XE5S,2025-07-01 17:00:00,9.3632,8.725,KHT-XE5S_2025_0526_1101,9.999999999994457e-05,0.5
KHT-XE5S,2025-07-01 17:10:00,9.3619,8.726,KHT-XE5S_2025_0526_1101,0.00010000000000012221,0.5
KHT-XE5S,2025-07-01 17:20:00,9.3624,8.726,KHT-XE5S_2025_0526_1101,0.0,0.5
KHT-XE5S,2025-07-01 17:30:00,9.3631,8.723,KHT-XE5S_2025_0526_1101,0.00030000000000001136,0.5
KHT-XE5S,2025-07-01 17:40:00,9.3624,8.725,KHT-XE5S_2025_0526_1101,0.00019999999999988915,0.5
KHT-XE5S,2025-07-01 17:50:00,9.3639,8.727,KHT-XE5S_2025_0526_1101,0.0002000000000000668,0.5
KHT-XE5S,2025-07-01 18:00:00,9.3656,8.725,KHT-XE5S_2025_0526_1101,0.0002000000000000668,0.5
KHT-XE5S,2025-07-01 18:10:00,9.3675,8.726,KHT-XE5S_2025_0526_1101,0.00010000000000012221,0.5
KHT-XE5S,2025-07-01 18:20:00,9.3697,8.727,KHT-XE5S_2025_0526_1101,9.999999999994457e-05,0.5
KHT-XE5S,2025-07-01 18:30:00,9.3698,8.726,KHT-XE5S_2025_0526_1101,9.999999999994457e-05,0.5
KHT-XE5S,2025-07-01 18:40:00,9.3683,8.725,KHT-XE5S_2025_0526_1101,0.00010000000000012221,0.5
KHT-XE5S,2025-07-01 18:50:00,9.3675,8.727,KHT-XE5S_2025_0526_1101,0.0002000000000000668,0.5
KHT-XE5S,2025-07-01 19:00:00,9.3649,8.728,KHT-XE5S_2025_0526_1101,9.999999999994457e-05,0.5
KHT-XE5S,2025-07-01 19:10:00,9.3595,8.73,KHT-XE5S_2025_0526_1101,0.0002000000000000668,0.5
KHT-XE5S,2025-07-01 19:20:00,9.3567,8.728,KHT-XE5S_2025_0526_1101,0.0002000000000000668,0.5
KHT-XE5S,2025-07-01 19:30:00,9.3575,8.728,KHT-XE5S_2025_0526_1101,0.0,0.5
KHT-XE5S,2025-07-01 19:40:00,9.3602,8.728,KHT-XE5S_2025_0526_1101,0.0,0.5
KHT-XE5S,2025-07-01 19:50:00,9.3646,8.726,KHT-XE5S_2025_0526_1101,0.00019999999999988915,0.5
KHT-XE5S,2025-07-01 20:00:00,9.3666,8.728,KHT-XE5S_2025_0526_1101,0.00019999999999988915,0.5
KHT-XE5S,2025-07-01 20:10:00,9.3717,8.729,KHT-XE5S_2025_0526_1101,9.999999999994457e-05,0.5
KHT-XE5S,2025-07-01 20:20:00,9.3719,8.728,KHT-XE5S_2025_0526_1101,9.999999999994457e-05,0.5
KHT-XE5S,2025-07-01 20:30:00,9.3694,8.729,KHT-XE5S_2025_0526_1101,9.999999999994457e-05,0.5
KHT-XE5S,2025-07-01 20:40:00,9.3658,8.729,KHT-XE5S_2025_0526_1101,0.0,0.5
KHT-XE5S,2025-07-01 20:50:00,9.3684,8.729,KHT-XE5S_2025_0526_1101,0.0,0.5
KHT-XE5S,2025-07-01 21:00:00,9.3694,8.728,KHT-XE5S_2025_0526_1101,9.999999999994457e-05,0.5
KHT-XE5S,2025-07-01 21:10:00,9.3696,8.731,KHT-XE5S_2025_0526_1101,0.00030000000000001136,0.5
KHT-XE5S,2025-07-01 21:20:00,9.3712,8.729,KHT-XE5S_2025_0526_1101,0.0002000000000000668,0.5
KHT-XE5S,2025-07-01 21:30:00,9.3721,8.73,KHT-XE5S_2025_0526_1101,0.00010000000000012221,0.5
KHT-XE5S,2025-07-01 21:40:00,9.374,8.73,KHT-XE5S_2025_0526_1101,0.0,0.5
KHT-XE5S,2025-07-01 21:50:00,9.3764,8.731,KHT-XE5S_2025_0526_1101,9.999999999994457e-05,0.5
KHT-XE5S,2025-07-01 22:00:00,9.3781,8.73,KHT-XE5S_2025_0526_1101,9.999999999994457e-05,0.5
KHT-XE5S,2025-07-01 22:10:00,9.3793,8.732,KHT-XE5S_2025_0526_1101,0.00019999999999988915,0.5
KHT-XE5S,2025-07-01 22:20:00,9.3803,8.732,KHT-XE5S_2025_0526_1101,0.0,0.5
KHT-XE5S,2025-07-01 22:30:00,9.3811,8.73,KHT-XE5S_2025_0526_1101,0.00019999999999988915,0.5
KHT-XE5S,2025-07-01 22:40:00,9.3824,8.731,KHT-XE5S_2025_0526_1101,9.999999999994457e-05,0.5
KHT-XE5S,2025-07-01 22:50:00,9.3834,8.733,KHT-XE5S_2025_0526_1101,0.0002000000000000668,0.5
KHT-XE5S,2025-07-01 23:00:00,9.3855,8.73,KHT-XE5S_2025_0526_1101,0.00030000000000001136,0.5
KHT-XE5S,2025-07-01 23:10:00,9.3872,8.733,KHT-XE5S_2025_0526_1101,0.00030000000000001136,0.5
KHT-XE5S,2025-07-01 23:20:00,9.3876,8.732,KHT-XE5S_2025_0526_1101,0.00010000000000012221,0.5
KHT-XE5S,2025-07-01 23:30:00,9.3885,8.734,KHT-XE5S_2025_0526_1101,0.0002000000000000668,0.5
KHT-XE5S,2025-07-01 23:40:00,9.3895,8.734,KHT-XE5S_2025_0526_1101,0.0,0.5
KHT-XE5S,2025-07-01 23:50:00,9.3909,8.733,KHT-XE5S_2025_0526_1101,9.999999999994457e-05,0.5
KHT-XE5S,2025-07-02 00:00:00,9.392,8.734,KHT-XE5S_2025_0526_1101,9.999999999994457e-05,0.5
KHT-XE5S,2025-07-02 00:10:00,9.3917,8.734,KHT-XE5S_2025_0526_1101,0.0,0.5
KHT-XE5S,2025-07-02 00:20:00,9.3919,8.734,KHT-XE5S_2025_0526_1101,0.0,0.5
KHT-XE5S,2025-07-02 00:30:00,9.3917,8.735,KHT-XE5S_2025_0526_1101,9.999999999994457e-05,0.5
KHT-XE5S,2025-07-02 00:40:00,9.3913,8.734,KHT-XE5S_2025_0526_1101,9.999999999994457e-05,0.5
KHT-XE5S,2025-07-02 00:50:00,9.3906,8.733,KHT-XE5S_2025_0526_1101,9.999999999994457e-05,0.5
KHT-XE5S,2025-07-02 01:00:00,9.3905,8.733,KHT-XE5S_2025_0526_1101,0.0,0.5
KHT-XE5S,2025-07-02 01:10:00,9.3904,8.735,KHT-XE5S_2025_0526_1101,0.00019999999999988915,0.5
KHT-XE5S,2025-07-02 01:20:00,9.3911,8.735,KHT-XE5S_2025_0526_1101,0.0,0.5
KHT-XE5S,2025-07-02 01:30:00,9.3916,8.735,KHT-XE5S_2025_0526_1101,0.0,0.5
KHT-XE5S,2025-07-02 01:40:00,9.3925,8.735,KHT-XE5S_2025_0526_1101,0.0,0.5
KHT-XE5S,2025-07-02 01:50:00,9.3931,8.736,KHT-XE5S_2025_0526_1101,0.00010000000000012221,0.5
KHT-XE5S,2025-07-02 02:00:00,9.3936,8.735,KHT-XE5S_2025_0526_1101,0.00010000000000012221,0.5
KHT-XE5S,2025-07-02 02:10:00,9.3939,8.738,KHT-XE5S_2025_0526_1101,0.00030000000000001136,0.5
KHT-XE5S,2025-07-02 02:20:00,9.3944,8.736,KHT-XE5S_2025_0526_1101,0.00019999999999988915,0.5
KHT-XE5S,2025-07-02 02:30:00,9.3948,8.736,KHT-XE5S_2025_0526_1101,0.0,0.5
KHT-XE5S,2025-07-02 02:40:00,9.3929,8.735,KHT-XE5S_2025_0526_1101,0.00010000000000012221,0.5
KHT-XE5S,2025-07-02 02:50:00,9.3935,8.739,KHT-XE5S_2025_0526_1101,0.0004000000000001336,0.5
KHT-XE5S,2025-07-02 03:00:00,9.3936,8.737,KHT-XE5S_2025_0526_1101,0.0002000000000000668,0.5
KHT-XE5S,2025-07-02 03:10:00,9.3945,8.738,KHT-XE5S_2025_0526_1101,9.999999999994457e-05,0.5
KHT-XE5S,2025-07-02 03:20:00,9.3941,8.738,KHT-XE5S_2025_0526_1101,0.0,0.5
KHT-XE5S,2025-07-02 03:30:00,9.3955,8.738,KHT-XE5S_2025_0526_1101,0.0,0.5
KHT-XE5S,2025-07-02 03:40:00,9.3951,8.739,KHT-XE5S_2025_0526_1101,0.00010000000000012221,0.5
KHT-XE5S,2025-07-02 03:50:00,9.3953,8.739,KHT-XE5S_2025_0526_1101,0.0,0.5
KHT-XE5S,2025-07-02 04:00:00,9.3968,8.737,KHT-XE5S_2025_0526_1101,0.0002000000000000668,0.5
KHT-XE5S,2025-07-02 04:10:00,9.3972,8.74,KHT-XE5S_2025_0526_1101,0.00030000000000001136,0.5
KHT-XE5S,2025-07-02 04:20:00,9.3979,8.74,KHT-XE5S_2025_0526_1101,0.0,0.5
KHT-XE5S,2025-07-02 04:30:00,9.3986,8.739,KHT-XE5S_2025_0526_1101,9.999999999994457e-05,0.5
KHT-XE5S,2025-07-02 04:40:00,9.3987,8.739,KHT-XE5S_2025_0526_1101,0.0,0.5
KHT-XE5S,2025-07-02 04:50:00,9.3989,8.74,KHT-XE5S_2025_0526_1101,9.999999999994457e-05,0.5
KHT-XE5S,2025-07-02 05:00:00,9.3999,8.739,KHT-XE5S_2025_0526_1101,9.999999999994457e-05,0.5
KHT-XE5S,2025-07-02 05:10:00,9.401,8.741,KHT-XE5S_2025_0526_1101,0.00019999999999988915,0.5
KHT-XE5S,2025-07-02 05:20:00,9.4016,8.74,KHT-XE5S_2025_0526_1101,9.999999999994457e-05,0.5
KHT-XE5S,2025-07-02 05:30:00,9.4029,8.742,KHT-XE5S_2025_0526_1101,0.0002000000000000668,0.5
KHT-XE5S,2025-07-02 05:40:00,9.404,8.74,KHT-XE5S_2025_0526_1101,0.0002000000000000668,0.5
KHT-XE5S,2025-07-02 05:50:00,9.4039,8.74,KHT-XE5S_2025_0526_1101,0.0,0.5
KHT-XE5S,2025-07-02 06:00:00,9.4041,8.743,KHT-XE5S_2025_0526_1101,0.00030000000000001136,0.5
KHT-XE5S,2025-07-02 06:10:00,9.4047,8.743,KHT-XE5S_2025_0526_1101,0.0,0.5
KHT-XE5S,2025-07-02 06:20:00,9.4046,8.741,KHT-XE5S_2025_0526_1101,0.0002000000000000668,0.5
KHT-XE5S,2025-07-02 06:30:00,9.4053,8.741,KHT-XE5S_2025_0526_1101,0.0,0.5
KHT-XE5S,2025-07-02 06:40:00,9.4053,8.742,KHT-XE5S_2025_0526_1101,0.00010000000000012221,0.5
KHT-XE5S,2025-07-02 06:50:00,9.4063,8.743,KHT-XE5S_2025_0526_1101,9.999999999994457e-05,0.5
KHT-XE5S,2025-07-02 07:00:00,9.4072,8.745,KHT-XE5S_2025_0526_1101,0.00019999999999988915,0.5
KHT-XE5S,2025-07-02 07:10:00,9.4083,8.744,KHT-XE5S_2025_0526_1101,9.999999999994457e-05,0.5
KHT-XE5S,2025-07-02 07:20:00,9.4086,8.744,KHT-XE5S_2025_0526_1101,0.0,0.5
KHT-XE5S,2025-07-02 07:30:00,9.4094,8.744,KHT-XE5S_2025_0526_1101,0.0,0.5
KHT-XE5S,2025-07-02 07:40:00,9.409,8.745,KHT-XE5S_2025_0526_1101,9.999999999994457e-05,0.5
KHT-XE5S,2025-07-02 07:50:00,9.4076,8.744,KHT-XE5S_2025_0526_1101,9.999999999994457e-05,0.5
KHT-XE5S,2025-07-02 08:00:00,9.4073,8.745,KHT-XE5S_2025_0526_1101,9.999999999994457e-05,0.5
KHT-XE5S,2025-07-02 08:10:00,9.4067,8.744,KHT-XE5S_2025_0526_1101,9.999999999994457e-05,0.5
KHT-XE5S,2025-07-02 08:20:00,9.4061,8.745,KHT-XE5S_2025_0526_1101,9.999999999994457e-05,0.5
KHT-XE5S,2025-07-02 08:30:00,9.4055,8.745,KHT-XE5S_2025_0526_1101,0.0,0.5
KHT-XE5S,2025-07-02 08:40:00,9.4052,8.745,KHT-XE5S_2025_0526_1101,0.0,0.5
KHT-XE5S,2025-07-02 08:50:00,9.404,8.747,KHT-XE5S_2025_0526_1101,0.0002000000000000668,0.5
KHT-XE5S,2025-07-02 09:00:00,9.4027,8.745,KHT-XE5S_2025_0526_1101,0.0002000000000000668,0.5
KHT-XE5S,2025-07-02 09:10:00,9.4018,8.747,KHT-XE5S_2025_0526_1101,0.0002000000000000668,0.5
KHT-XE5S,2025-07-02 09:20:00,9.4005,8.747,KHT-XE5S_2025_0526_1101,0.0,0.5
KHT-XE5S,2025-07-02 09:30:00,9.3987,8.747,KHT-XE5S_2025_0526_1101,0.0,0.5
KHT-XE5S,2025-07-02 09:40:00,9.3969,8.747,KHT-XE5S_2025_0526_1101,0.0,0.5
KHT-XE5S,2025-07-02 09:50:00,9.395,8.746,KHT-XE5S_2025_0526_1101,9.999999999994457e-05,0.5
KHT-XE5S,2025-07-02 10:00:00,9.393,8.747,KHT-XE5S_2025_0526_1101,9.999999999994457e-05,0.5
KHT-XE5S,2025-07-02 10:10:00,9.3914,8.747,KHT-XE5S_2025_0526_1101,0.0,0.5
KHT-XE5S,2025-07-02 10:20:00,9.389,8.748,KHT-XE5S_2025_0526_1101,9.999999999994457e-05,0.5
KHT-XE5S,2025-07-02 10:30:00,9.3867,8.748,KHT-XE5S_2025_0526_1101,0.0,0.5
KHT-XE5S,2025-07-02 10:40:00,9.3845,8.748,KHT-XE5S_2025_0526_1101,0.0,0.5
KHT-XE5S,2025-07-02 10:50:00,9.3816,8.748,KHT-XE5S_2025_0526_1101,0.0,0.5
KHT-XE5S,2025-07-02 11:00:00,9.3786,8.748,KHT-XE5S_2025_0526_1101,0.0,0.5
KHT-XE5S,2025-07-02 11:10:00,9.3754,8.749,KHT-XE5S_2025_0526_1101,0.00010000000000012221,0.5
KHT-XE5S,2025-07-02 11:20:00,9.3726,8.75,KHT-XE5S_2025_0526_1101,9.999999999994457e-05,0.5
KHT-XE5S,2025-07-02 11:30:00,9.3693,8.749,KHT-XE5S_2025_0526_1101,9.999999999994457e-05,0.5
KHT-XE5S,2025-07-02 11:40:00,9.3673,8.75,KHT-XE5S_2025_0526_1101,9.999999999994457e-05,0.5
KHT-XE5S,2025-07-02 11:50:00,9.366,8.75,KHT-XE5S_2025_0526_1101,0.0,0.5
KHT-XE5S,2025-07-02 12:00:00,9.3643,8.75,KHT-XE5S_2025_0526_1101,0.0,0.5
KHT-XE5S,2025-07-02 12:10:00,9.3621,8.751,KHT-XE5S_2025_0526_1101,9.999999999994457e-05,0.5
KHT-XE5S,2025-07-02 12:20:00,9.3604,8.752,KHT-XE5S_2025_0526_1101,0.00010000000000012221,0.5
KHT-XE5S,2025-07-02 12:30:00,9.3587,8.751,KHT-XE5S_2025_0526_1101,0.00010000000000012221,0.5
KHT-XE5S,2025-07-02 12:40:00,9.3572,8.748,KHT-XE5S_2025_0526_1101,0.00030000000000001136,0.5
KHT-XE5S,2025-07-02 12:50:00,9.3558,8.75,KHT-XE5S_2025_0526_1101,0.0002000000000000668,0.5
KHT-XE5S,2025-07-02 13:00:00,9.3528,8.75,KHT-XE5S_2025_0526_1101,0.0,0.5
KHT-XE5S,2025-07-02 13:10:00,9.3512,8.751,KHT-XE5S_2025_0526_1101,9.999999999994457e-05,0.5
KHT-XE5S,2025-07-02 13:20:00,9.3494,8.749,KHT-XE5S_2025_0526_1101,0.00019999999999988915,0.5
KHT-XE5S,2025-07-02 13:30:00,9.3481,8.751,KHT-XE5S_2025_0526_1101,0.00019999999999988915,0.5
KHT-XE5S,2025-07-02 13:40:00,9.3492,8.751,KHT-XE5S_2025_0526_1101,0.0,0.5
KHT-XE5S,2025-07-02 13:50:00,9.3483,8.752,KHT-XE5S_2025_0526_1101,0.00010000000000012221,0.5
KHT-XE5S,2025-07-02 14:00:00,9.3478,8.753,KHT-XE5S_2025_0526_1101,9.999999999994457e-05,0.5
KHT-XE5S,2025-07-02 14:10:00,9.3455,8.752,KHT-XE5S_2025_0526_1101,9.999999999994457e-05,0.5
KHT-XE5S,2025-07-02 14:20:00,9.3442,8.751,KHT-XE5S_2025_0526_1101,0.00010000000000012221,0.5
KHT-XE5S,2025-07-02 14:30:00,9.3423,8.753,KHT-XE5S_2025_0526_1101,0.0002000000000000668,0.5
KHT-XE5S,2025-07-02 14:40:00,9.3418,8.751,KHT-XE5S_2025_0526_1101,0.0002000000000000668,0.5
KHT-XE5S,2025-07-02 14:50:00,9.3419,8.751,KHT-XE5S_2025_0526_1101,0.0,0.5
KHT-XE5S,2025-07-02 15:00:00,9.3417,8.753,KHT-XE5S_2025_0526_1101,0.0002000000000000668,0.5
KHT-XE5S,2025-07-02 15:10:00,9.3405,8.753,KHT-XE5S_2025_0526_1101,0.0,0.5
KHT-XE5S,2025-07-02 15:20:00,9.3406,8.753,KHT-XE5S_2025_0526_1101,0.0,0.5
KHT-XE5S,2025-07-02 15:30:00,9.3385,8.755,KHT-XE5S_2025_0526_1101,0.0002000000000000668,0.5
KHT-XE5S,2025-07-02 15:40:00,9.3382,8.754,KHT-XE5S_2025_0526_1101,0.00010000000000012221,0.5
KHT-XE5S,2025-07-02 15:50:00,9.3363,8.754,KHT-XE5S_2025_0526_1101,0.0,0.5
KHT-XE5S,2025-07-02 16:00:00,9.3371,8.755,KHT-XE5S_2025_0526_1101,0.00010000000000012221,0.5
KHT-XE5S,2025-07-02 16:10:00,9.3366,8.754,KHT-XE5S_2025_0526_1101,0.00010000000000012221,0.5
KHT-XE5S,2025-07-02 16:20:00,9.3371,8.758,KHT-XE5S_2025_0526_1101,0.00039999999999995595,0.5
KHT-XE5S,2025-07-02 16:30:00,9.3369,8.757,KHT-XE5S_2025_0526_1101,9.999999999994457e-05,0.5
KHT-XE5S,2025-07-02 16:40:00,9.3361,8.755,KHT-XE5S_2025_0526_1101,0.00019999999999988915,0.5
KHT-XE5S,2025-07-02 16:50:00,9.3359,8.756,KHT-XE5S_2025_0526_1101,9.999999999994457e-05,0.5
KHT-XE5S,2025-07-02 17:00:00,9.335,8.757,KHT-XE5S_2025_0526_1101,9.999999999994457e-05,0.5
KHT-XE5S,2025-07-02 17:10:00,9.3351,8.757,KHT-XE5S_2025_0526_1101,0.0,0.5
KHT-XE5S,2025-07-02 17:20:00,9.3343,8.758,KHT-XE5S_2025_0526_1101,9.999999999994457e-05,0.5
KHT-XE5S,2025-07-02 17:30:00,9.3343,8.756,KHT-XE5S_2025_0526_1101,0.00019999999999988915,0.5
KHT-XE5S,2025-07-02 17:40:00,9.3333,8.757,KHT-XE5S_2025_0526_1101,9.999999999994457e-05,0.5
KHT-XE5S,2025-07-02 17:50:00,9.3333,8.755,KHT-XE5S_2025_0526_1101,0.00019999999999988915,0.5
KHT-XE5S,2025-07-02 18:00:00,9.3345,8.759,KHT-XE5S_2025_0526_1101,0.00039999999999995595,0.5
KHT-XE5S,2025-07-02 18:10:00,9.3354,8.757,KHT-XE5S_2025_0526_1101,0.0002000000000000668,0.5
KHT-XE5S,2025-07-02 18:20:00,9.3361,8.759,KHT-XE5S_2025_0526_1101,0.0002000000000000668,0.5
KHT-XE5S,2025-07-02 18:30:00,9.3373,8.758,KHT-XE5S_2025_0526_1101,0.00010000000000012221,0.5
KHT-XE5S,2025-07-02 18:40:00,9.338,8.758,KHT-XE5S_2025_0526_1101,0.0,0.5
KHT-XE5S,2025-07-02 18:50:00,9.3395,8.76,KHT-XE5S_2025_0526_1101,0.0002000000000000668,0.5
KHT-XE5S,2025-07-02 19:00:00,9.3396,8.76,KHT-XE5S_2025_0526_1101,0.0,0.5
KHT-XE5S,2025-07-02 19:10:00,9.3392,8.76,KHT-XE5S_2025_0526_1101,0.0,0.5
KHT-XE5S,2025-07-02 19:20:00,9.3399,8.759,KHT-XE5S_2025_0526_1101,9.999999999994457e-05,0.5
KHT-XE5S,2025-07-02 19:30:00,9.3417,8.76,KHT-XE5S_2025_0526_1101,9.999999999994457e-05,0.5
KHT-XE5S,2025-07-02 19:40:00,9.3435,8.759,KHT-XE5S_2025_0526_1101,9.999999999994457e-05,0.5
KHT-XE5S,2025-07-02 19:50:00,9.3456,8.76,KHT-XE5S_2025_0526_1101,9.999999999994457e-05,0.5
KHT-XE5S,2025-07-02 20:00:00,9.3482,8.76,KHT-XE5S_2025_0526_1101,0.0,0.5
KHT-XE5S,2025-07-02 20:10:00,9.3499,8.759,KHT-XE5S_2025_0526_1101,9.999999999994457e-05,0.5
KHT-XE5S,2025-07-02 20:20:00,9.3512,8.759,KHT-XE5S_2025_0526_1101,0.0,0.5
KHT-XE5S,2025-07-02 20:30:00,9.3522,8.759,KHT-XE5S_2025_0526_1101,0.0,0.5
KHT-XE5S,2025-07-02 20:40:00,9.3541,8.76,KHT-XE5S_2025_0526_1101,9.999999999994457e-05,0.5
KHT-XE5S,2025-07-02 20:50:00,9.3554,8.761,KHT-XE5S_2025_0526_1101,9.999999999994457e-05,0.5
KHT-XE5S,2025-07-02 21:00:00,9.3567,8.763,KHT-XE5S_2025_0526_1101,0.0002000000000000668,0.5
KHT-XE5S,2025-07-02 21:10:00,9.3578,8.761,KHT-XE5S_2025_0526_1101,0.0002000000000000668,0.5
KHT-XE5S,2025-07-02 21:20:00,9.3598,8.762,KHT-XE5S_2025_0526_1101,0.00010000000000012221,0.5
KHT-XE5S,2025-07-02 21:30:00,9.3611,8.762,KHT-XE5S_2025_0526_1101,0.0,0.5
KHT-XE5S,2025-07-02 21:40:00,9.3624,8.762,KHT-XE5S_2025_0526_1101,0.0,0.5
KHT-XE5S,2025-07-02 21:50:00,9.363,8.762,KHT-XE5S_2025_0526_1101,0.0,0.5
KHT-XE5S,2025-07-02 22:00:00,9.3646,8.763,KHT-XE5S_2025_0526_1101,9.999999999994457e-05,0.5
KHT-XE5S,2025-07-02 22:10:00,9.365,8.762,KHT-XE5S_2025_0526_1101,9.999999999994457e-05,0.5
KHT-XE5S,2025-07-02 22:20:00,9.3661,8.763,KHT-XE5S_2025_0526_1101,9.999999999994457e-05,0.5
KHT-XE5S,2025-07-02 22:30:00,9.3666,8.765,KHT-XE5S_2025_0526_1101,0.0002000000000000668,0.5
KHT-XE5S,2025-07-02 22:40:00,9.3676,8.762,KHT-XE5S_2025_0526_1101,0.00030000000000001136,0.5
KHT-XE5S,2025-07-02 22:50:00,9.369,8.764,KHT-XE5S_2025_0526_1101,0.00019999999999988915,0.5
KHT-XE5S,2025-07-02 23:00:00,9.3703,8.763,KHT-XE5S_2025_0526_1101,9.999999999994457e-05,0.5
KHT-XE5S,2025-07-02 23:10:00,9.3707,8.764,KHT-XE5S_2025_0526_1101,9.999999999994457e-05,0.5
KHT-XE5S,2025-07-02 23:20:00,9.3716,8.765,KHT-XE5S_2025_0526_1101,0.00010000000000012221,0.5
KHT-XE5S,2025-07-02 23:30:00,9.3724,8.765,KHT-XE5S_2025_0526_1101,0.0,0.5
KHT-XE5S,2025-07-02 23:40:00,9.373,8.765,KHT-XE5S_2025_0526_1101,0.0,0.5
KHT-XE5S,2025-07-02 23:50:00,9.374,8.766,KHT-XE5S_2025_0526_1101,9.999999999994457e-05,0.5
KHT-XE5S,2025-07-03 00:00:00,9.3747,8.764,KHT-XE5S_2025_0526_1101,0.0002000000000000668,0.5
KHT-XE5S,2025-07-03 00:10:00,9.3758,8.765,KHT-XE5S_2025_0526_1101,0.00010000000000012221,0.5
KHT-XE5S,2025-07-03 00:20:00,9.3766,8.766,KHT-XE5S_2025_0526_1101,9.999999999994457e-05,0.5
KHT-XE5S,2025-07-03 00:30:00,9.377,8.767,KHT-XE5S_2025_0526_1101,9.999999999994457e-05,0.5
KHT-XE5S,2025-07-03 00:40:00,9.3772,8.766,KHT-XE5S_2025_0526_1101,9.999999999994457e-05,0.5
KHT-XE5S,2025-07-03 00:50:00,9.3778,8.766,KHT-XE5S_2025_0526_1101,0.0,0.5
KHT-XE5S,2025-07-03 01:00:00,9.3779,8.765,KHT-XE5S_2025_0526_1101,9.999999999994457e-05,0.5
KHT-XE5S,2025-07-03 01:10:00,9.3783,8.768,KHT-XE5S_2025_0526_1101,0.00030000000000001136,0.5
KHT-XE5S,2025-07-03 01:20:00,9.3781,8.767,KHT-XE5S_2025_0526_1101,0.00010000000000012221,0.5
KHT-XE5S,2025-07-03 01:30:00,9.3787,8.769,KHT-XE5S_2025_0526_1101,0.0002000000000000668,0.5
KHT-XE5S,2025-07-03 01:40:00,9.3786,8.767,KHT-XE5S_2025_0526_1101,0.0002000000000000668,0.5
KHT-XE5S,2025-07-03 01:50:00,9.3793,8.768,KHT-XE5S_2025_0526_1101,0.00010000000000012221,0.5
KHT-XE5S,2025-07-03 02:00:00,9.3794,8.768,KHT-XE5S_2025_0526_1101,0.0,0.5
KHT-XE5S,2025-07-03 02:10:00,9.379,8.769,KHT-XE5S_2025_0526_1101,9.999999999994457e-05,0.5
KHT-XE5S,2025-07-03 02:20:00,9.3791,8.769,KHT-XE5S_2025_0526_1101,0.0,0.5
KHT-XE5S,2025-07-03 02:30:00,9.38,8.769,KHT-XE5S_2025_0526_1101,0.0,0.5
KHT-XE5S,2025-07-03 02:40:00,9.38,8.77,KHT-XE5S_2025_0526_1101,9.999999999994457e-05,0.5
KHT-XE5S,2025-07-03 02:50:00,9.3798,8.769,KHT-XE5S_2025_0526_1101,9.999999999994457e-05,0.5
KHT-XE5S,2025-07-03 03:00:00,9.3788,8.77,KHT-XE5S_2025_0526_1101,9.999999999994457e-05,0.5
KHT-XE5S,2025-07-03 03:10:00,9.3784,8.769,KHT-XE5S_2025_0526_1101,9.999999999994457e-05,0.5
KHT-XE5S,2025-07-03 03:20:00,9.3789,8.771,KHT-XE5S_2025_0526_1101,0.0002000000000000668,0.5
KHT-XE5S,2025-07-03 03:30:00,9.3795,8.771,KHT-XE5S_2025_0526_1101,0.0,0.5
KHT-XE5S,2025-07-03 03:40:00,9.3795,8.772,KHT-XE5S_2025_0526_1101,9.999999999994457e-05,0.5
KHT-XE5S,2025-07-03 03:50:00,9.3793,8.77,KHT-XE5S_2025_0526_1101,0.0002000000000000668,0.5
KHT-XE5S,2025-07-03 04:00:00,9.379,8.771,KHT-XE5S_2025_0526_1101,0.00010000000000012221,0.5
KHT-XE5S,2025-07-03 04:10:00,9.3794,8.772,KHT-XE5S_2025_0526_1101,9.999999999994457e-05,0.5
KHT-XE5S,2025-07-03 04:20:00,9.3795,8.77,KHT-XE5S_2025_0526_1101,0.0002000000000000668,0.5
KHT-XE5S,2025-07-03 04:30:00,9.3807,8.77,KHT-XE5S_2025_0526_1101,0.0,0.5
KHT-XE5S,2025-07-03 04:40:00,9.3801,8.773,KHT-XE5S_2025_0526_1101,0.00030000000000001136,0.5
KHT-XE5S,2025-07-03 04:50:00,9.3809,8.773,KHT-XE5S_2025_0526_1101,0.0,0.5
KHT-XE5S,2025-07-03 05:00:00,9.3808,8.772,KHT-XE5S_2025_0526_1101,9.999999999994457e-05,0.5
KHT-XE5S,2025-07-03 05:10:00,9.3814,8.774,KHT-XE5S_2025_0526_1101,0.00019999999999988915,0.5
KHT-XE5S,2025-07-03 05:20:00,9.3823,8.774,KHT-XE5S_2025_0526_1101,0.0,0.5
KHT-XE5S,2025-07-03 05:30:00,9.3835,8.774,KHT-XE5S_2025_0526_1101,0.0,0.5
KHT-XE5S,2025-07-03 05:40:00,9.3847,8.773,KHT-XE5S_2025_0526_1101,9.999999999994457e-05,0.5
KHT-XE5S,2025-07-03 05:50:00,9.3854,8.774,KHT-XE5S_2025_0526_1101,9.999999999994457e-05,0.5
KHT-XE5S,2025-07-03 06:00:00,9.3855,8.775,KHT-XE5S_2025_0526_1101,0.00010000000000012221,0.5
KHT-XE5S,2025-07-03 06:10:00,9.3867,8.776,KHT-XE5S_2025_0526_1101,9.999999999994457e-05,0.5
KHT-XE5S,2025-07-03 06:20:00,9.3866,8.774,KHT-XE5S_2025_0526_1101,0.0002000000000000668,0.5
KHT-XE5S,2025-07-03 06:30:00,9.3863,8.775,KHT-XE5S_2025_0526_1101,0.00010000000000012221,0.5
KHT-XE5S,2025-07-03 06:40:00,9.387,8.775,KHT-XE5S_2025_0526_1101,0.0,0.5
KHT-XE5S,2025-07-03 06:50:00,9.3873,8.775,KHT-XE5S_2025_0526_1101,0.0,0.5
KHT-XE5S,2025-07-03 07:00:00,9.3878,8.776,KHT-XE5S_2025_0526_1101,9.999999999994457e-05,0.5
KHT-XE5S,2025-07-03 07:10:00,9.3886,8.777,KHT-XE5S_2025_0526_1101,9.999999999994457e-05,0.5
KHT-XE5S,2025-07-03 07:20:00,9.3893,8.778,KHT-XE5S_2025_0526_1101,0.00010000000000012221,0.5
KHT-XE5S,2025-07-03 07:30:00,9.3892,8.776,KHT-XE5S_2025_0526_1101,0.0002000000000000668,0.5
KHT-XE5S,2025-07-03 07:40:00,9.3904,8.778,KHT-XE5S_2025_0526_1101,0.0002000000000000668,0.5
KHT-XE5S,2025-07-03 07:50:00,9.3901,8.778,KHT-XE5S_2025_0526_1101,0.0,0.5
KHT-XE5S,2025-07-03 08:00:00,9.3902,8.777,KHT-XE5S_2025_0526_1101,0.00010000000000012221,0.5
KHT-XE5S,2025-07-03 08:10:00,9.3893,8.778,KHT-XE5S_2025_0526_1101,0.00010000000000012221,0.5
KHT-XE5S,2025-07-03 08:20:00,9.3887,8.776,KHT-XE5S_2025_0526_1101,0.0002000000000000668,0.5
KHT-XE5S,2025-07-03 08:30:00,9.3883,8.778,KHT-XE5S_2025_0526_1101,0.0002000000000000668,0.5
KHT-XE5S,2025-07-03 08:40:00,9.3885,8.78,KHT-XE5S_2025_0526_1101,0.00019999999999988915,0.5
KHT-XE5S,2025-07-03 08:50:00,9.3877,8.779,KHT-XE5S_2025_0526_1101,9.999999999994457e-05,0.5
KHT-XE5S,2025-07-03 09:00:00,9.3864,8.778,KHT-XE5S_2025_0526_1101,9.999999999994457e-05,0.5
KHT-XE5S,2025-07-03 09:10:00,9.385,8.781,KHT-XE5S_2025_0526_1101,0.00030000000000001136,0.5
KHT-XE5S,2025-07-03 09:20:00,9.3828,8.782,KHT-XE5S_2025_0526_1101,9.999999999994457e-05,0.5
KHT-XE5S,2025-07-03 09:30:00,9.381,8.781,KHT-XE5S_2025_0526_1101,9.999999999994457e-05,0.5
KHT-XE5S,2025-07-03 09:40:00,9.379,8.779,KHT-XE5S_2025_0526_1101,0.0002000000000000668,0.5
KHT-XE5S,2025-07-03 09:50:00,9.3779,8.781,KHT-XE5S_2025_0526_1101,0.0002000000000000668,0.5
KHT-XE5S,2025-07-03 10:00:00,9.3742,8.78,KHT-XE5S_2025_0526_1101,0.00010000000000012221,0.5
KHT-XE5S,2025-07-03 10:10:00,9.372,8.782,KHT-XE5S_2025_0526_1101,0.0002000000000000668,0.5
KHT-XE5S,2025-07-03 10:20:00,9.3694,8.783,KHT-XE5S_2025_0526_1101,9.999999999994457e-05,0.5
KHT-XE5S,2025-07-03 10:30:00,9.3677,8.782,KHT-XE5S_2025_0526_1101,9.999999999994457e-05,0.5
KHT-XE5S,2025-07-03 10:40:00,9.365,8.781,KHT-XE5S_2025_0526_1101,9.999999999994457e-05,0.5
KHT-XE5S,2025-07-03 10:50:00,9.3624,8.782,KHT-XE5S_2025_0526_1101,9.999999999994457e-05,0.5
KHT-XE5S,2025-07-03 11:00:00,9.3608,8.784,KHT-XE5S_2025_0526_1101,0.0002000000000000668,0.5
KHT-XE5S,2025-07-03 11:10:00,9.3575,8.781,KHT-XE5S_2025_0526_1101,0.00030000000000001136,0.5
KHT-XE5S,2025-07-03 11:20:00,9.3548,8.784,KHT-XE5S_2025_0526_1101,0.00030000000000001136,0.5
KHT-XE5S,2025-07-03 11:30:00,9.353,8.783,KHT-XE5S_2025_0526_1101,0.00010000000000012221,0.5
KHT-XE5S,2025-07-03 11:40:00,9.3505,8.782,KHT-XE5S_2025_0526_1101,9.999999999994457e-05,0.5
KHT-XE5S,2025-07-03 11:50:00,9.3475,8.784,KHT-XE5S_2025_0526_1101,0.0002000000000000668,0.5
KHT-XE5S,2025-07-03 12:00:00,9.3452,8.783,KHT-XE5S_2025_0526_1101,0.00010000000000012221,0.5
KHT-XE5S,2025-07-03 12:10:00,9.344,8.785,KHT-XE5S_2025_0526_1101,0.0002000000000000668,0.5
KHT-XE5S,2025-07-03 12:20:00,9.3422,8.783,KHT-XE5S_2025_0526_1101,0.0002000000000000668,0.5
KHT-XE5S,2025-07-03 12:30:00,9.3423,8.783,KHT-XE5S_2025_0526_1101,0.0,0.5
KHT-XE5S,2025-07-03 12:40:00,9.3395,8.783,KHT-XE5S_2025_0526_1101,0.0,0.5
KHT-XE5S,2025-07-03 12:50:00,9.3373,8.785,KHT-XE5S_2025_0526_1101,0.0002000000000000668,0.5
KHT-XE5S,2025-07-03 13:00:00,9.3365,8.784,KHT-XE5S_2025_0526_1101,9.999999999994457e-05,0.5
KHT-XE5S,2025-07-03 13:10:00,9.3351,8.783,KHT-XE5S_2025_0526_1101,0.00010000000000012221,0.5
KHT-XE5S,2025-07-03 13:20:00,9.3341,8.785,KHT-XE5S_2025_0526_1101,0.0002000000000000668,0.5
KHT-XE5S,2025-07-03 13:30:00,9.3337,8.783,KHT-XE5S_2025_0526_1101,0.0002000000000000668,0.5
KHT-XE5S,2025-07-03 13:40:00,9.3318,8.786,KHT-XE5S_2025_0526_1101,0.00030000000000001136,0.5
KHT-XE5S,2025-07-03 13:50:00,9.3326,8.786,KHT-XE5S_2025_0526_1101,0.0,0.5
KHT-XE5S,2025-07-03 14:00:00,9.3313,8.785,KHT-XE5S_2025_0526_1101,9.999999999994457e-05,0.5
KHT-XE5S,2025-07-03 14:10:00,9.3313,8.786,KHT-XE5S_2025_0526_1101,9.999999999994457e-05,0.5
KHT-XE5S,2025-07-03 14:20:00,9.3314,8.785,KHT-XE5S_2025_0526_1101,9.999999999994457e-05,0.5
KHT-XE5S,2025-07-03 14:30:00,9.3331,8.788,KHT-XE5S_2025_0526_1101,0.00030000000000001136,0.5
KHT-XE5S,2025-07-03 14:40:00,9.333,8.787,KHT-XE5S_2025_0526_1101,9.999999999994457e-05,0.5
KHT-XE5S,2025-07-03 14:50:00,9.3335,8.788,KHT-XE5S_2025_0526_1101,9.999999999994457e-05,0.5
KHT-XE5S,2025-07-03 15:00:00,9.3327,8.789,KHT-XE5S_2025_0526_1101,9.999999999994457e-05,0.5
KHT-XE5S,2025-07-03 15:10:00,9.3322,8.787,KHT-XE5S_2025_0526_1101,0.00019999999999988915,0.5
KHT-XE5S,2025-07-03 15:20:00,9.3332,8.785,KHT-XE5S_2025_0526_1101,0.0002000000000000668,0.5
KHT-XE5S,2025-07-03 15:30:00,9.3326,8.789,KHT-XE5S_2025_0526_1101,0.00039999999999995595,0.5
KHT-XE5S,2025-07-03 15:40:00,9.3333,8.788,KHT-XE5S_2025_0526_1101,9.999999999994457e-05,0.5
KHT-XE5S,2025-07-03 15:50:00,9.334,8.79,KHT-XE5S_2025_0526_1101,0.00019999999999988915,0.5
KHT-XE5S,2025-07-03 16:00:00,9.3315,8.79,KHT-XE5S_2025_0526_1101,0.0,0.5
KHT-XE5S,2025-07-03 16:10:00,9.3311,8.789,KHT-XE5S_2025_0526_1101,9.999999999994457e-05,0.5
KHT-XE5S,2025-07-03 16:20:00,9.3278,8.791,KHT-XE5S_2025_0526_1101,0.0002000000000000668,0.5
KHT-XE5S,2025-07-03 16:30:00,9.3277,8.79,KHT-XE5S_2025_0526_1101,0.00010000000000012221,0.5
KHT-XE5S,2025-07-03 16:40:00,9.3269,8.791,KHT-XE5S_2025_0526_1101,0.00010000000000012221,0.5
KHT-XE5S,2025-07-03 16:50:00,9.3269,8.791,KHT-XE5S_2025_0526_1101,0.0,0.5
KHT-XE5S,2025-07-03 17:00:00,9.327,8.791,KHT-XE5S_2025_0526_1101,0.0,0.5
KHT-XE5S,2025-07-03 17:10:00,9.3276,8.791,KHT-XE5S_2025_0526_1101,0.0,0.5
KHT-XE5S,2025-07-03 17:20:00,9.3267,8.792,KHT-XE5S_2025_0526_1101,9.999999999994457e-05,0.5
KHT-XE5S,2025-07-03 17:30:00,9.3282,8.792,KHT-XE5S_2025_0526_1101,0.0,0.5
KHT-XE5S,2025-07-03 17:40:00,9.3285,8.793,KHT-XE5S_2025_0526_1101,9.999999999994457e-05,0.5
KHT-XE5S,2025-07-03 17:50:00,9.3275,8.793,KHT-XE5S_2025_0526_1101,0.0,0.5
KHT-XE5S,2025-07-03 18:00:00,9.3277,8.792,KHT-XE5S_2025_0526_1101,9.999999999994457e-05,0.5
KHT-XE5S,2025-07-03 18:10:00,9.327,8.791,KHT-XE5S_2025_0526_1101,9.999999999994457e-05,0.5
KHT-XE5S,2025-07-03 18:20:00,9.3283,8.793,KHT-XE5S_2025_0526_1101,0.00019999999999988915,0.5
KHT-XE5S,2025-07-03 18:30:00,9.3283,8.795,KHT-XE5S_2025_0526_1101,0.0002000000000000668,0.5
KHT-XE5S,2025-07-03 18:40:00,9.3293,8.792,KHT-XE5S_2025_0526_1101,0.00030000000000001136,0.5
KHT-XE5S,2025-07-03 18:50:00,9.3291,8.794,KHT-XE5S_2025_0526_1101,0.0002000000000000668,0.5
KHT-XE5S,2025-07-03 19:00:00,9.33,8.793,KHT-XE5S_2025_0526_1101,0.00010000000000012221,0.5
KHT-XE5S,2025-07-03 19:10:00,9.3306,8.794,KHT-XE5S_2025_0526_1101,0.00010000000000012221,0.5
KHT-XE5S,2025-07-03 19:20:00,9.3299,8.793,KHT-XE5S_2025_0526_1101,0.00010000000000012221,0.5
KHT-XE5S,2025-07-03 19:30:00,9.3305,8.797,KHT-XE5S_2025_0526_1101,0.0004000000000001336,0.5
KHT-XE5S,2025-07-03 19:40:00,9.3318,8.794,KHT-XE5S_2025_0526_1101,0.00030000000000001136,0.5
KHT-XE5S,2025-07-03 19:50:00,9.3326,8.795,KHT-XE5S_2025_0526_1101,9.999999999994457e-05,0.5
KHT-XE5S,2025-07-03 20:00:00,9.3339,8.797,KHT-XE5S_2025_0526_1101,0.0002000000000000668,0.5
KHT-XE5S,2025-07-03 20:10:00,9.3353,8.794,KHT-XE5S_2025_0526_1101,0.00030000000000001136,0.5
KHT-XE5S,2025-07-03 20:20:00,9.3362,8.796,KHT-XE5S_2025_0526_1101,0.00019999999999988915,0.5
KHT-XE5S,2025-07-03 20:30:00,9.3374,8.795,KHT-XE5S_2025_0526_1101,9.999999999994457e-05,0.5
KHT-XE5S,2025-07-03 20:40:00,9.3374,8.797,KHT-XE5S_2025_0526_1101,0.0002000000000000668,0.5
KHT-XE5S,2025-07-03 20:50:00,9.3376,8.797,KHT-XE5S_2025_0526_1101,0.0,0.5
KHT-XE5S,2025-07-03 21:00:00,9.3388,8.797,KHT-XE5S_2025_0526_1101,0.0,0.5
KHT-XE5S,2025-07-03 21:10:00,9.3405,8.798,KHT-XE5S_2025_0526_1101,9.999999999994457e-05,0.5
KHT-XE5S,2025-07-03 21:20:00,9.3428,8.797,KHT-XE5S_2025_0526_1101,9.999999999994457e-05,0.5
KHT-XE5S,2025-07-03 21:30:00,9.3446,8.799,KHT-XE5S_2025_0526_1101,0.00019999999999988915,0.5
KHT-XE5S,2025-07-03 21:40:00,9.346,8.798,KHT-XE5S_2025_0526_1101,9.999999999994457e-05,0.5
KHT-XE5S,2025-07-03 21:50:00,9.3474,8.797,KHT-XE5S_2025_0526_1101,9.999999999994457e-05,0.5
KHT-XE5S,2025-07-03 22:00:00,9.3493,8.798,KHT-XE5S_2025_0526_1101,9.999999999994457e-05,0.5
KHT-XE5S,2025-07-03 22:10:00,9.3499,8.798,KHT-XE5S_2025_0526_1101,0.0,0.5
KHT-XE5S,2025-07-03 22:20:00,9.3503,8.801,KHT-XE5S_2025_0526_1101,0.00030000000000001136,0.5
KHT-XE5S,2025-07-03 22:30:00,9.3506,8.798,KHT-XE5S_2025_0526_1101,0.00030000000000001136,0.5
KHT-XE5S,2025-07-03 22:40:00,9.3502,8.799,KHT-XE5S_2025_0526_1101,9.999999999994457e-05,0.5
KHT-XE5S,2025-07-03 22:50:00,9.3502,8.798,KHT-XE5S_2025_0526_1101,9.999999999994457e-05,0.5
KHT-XE5S,2025-07-03 23:00:00,9.3509,8.799,KHT-XE5S_2025_0526_1101,9.999999999994457e-05,0.5
KHT-XE5S,2025-07-03 23:10:00,9.3507,8.799,KHT-XE5S_2025_0526_1101,0.0,0.5
KHT-XE5S,2025-07-03 23:20:00,9.3514,8.801,KHT-XE5S_2025_0526_1101,0.0002000000000000668,0.5
KHT-XE5S,2025-07-03 23:30:00,9.3512,8.799,KHT-XE5S_2025_0526_1101,0.0002000000000000668,0.5
KHT-XE5S,2025-07-03 23:40:00,9.3522,8.801,KHT-XE5S_2025_0526_1101,0.0002000000000000668,0.5
KHT-XE5S,2025-07-03 23:50:00,9.3536,8.801,KHT-XE5S_2025_0526_1101,0.0,0.5
KHT-XE5S,2025-07-04 00:00:00,9.3544,8.801,KHT-XE5S_2025_0526_1101,0.0,0.5
KHT-XE5S,2025-07-04 00:10:00,9.3539,8.802,KHT-XE5S_2025_0526_1101,9.999999999994457e-05,0.5
KHT-XE5S,2025-07-04 00:20:00,9.3542,8.8,KHT-XE5S_2025_0526_1101,0.00019999999999988915,0.5
KHT-XE5S,2025-07-04 00:30:00,9.3558,8.804,KHT-XE5S_2025_0526_1101,0.00039999999999995595,0.5
KHT-XE5S,2025-07-04 00:40:00,9.3567,8.803,KHT-XE5S_2025_0526_1101,9.999999999994457e-05,0.5
KHT-XE5S,2025-07-04 00:50:00,9.3575,8.802,KHT-XE5S_2025_0526_1101,0.00010000000000012221,0.5
KHT-XE5S,2025-07-04 01:00:00,9.3578,8.802,KHT-XE5S_2025_0526_1101,0.0,0.5
KHT-XE5S,2025-07-04 01:10:00,9.3589,8.805,KHT-XE5S_2025_0526_1101,0.00030000000000001136,0.5
KHT-XE5S,2025-07-04 01:20:00,9.359,8.804,KHT-XE5S_2025_0526_1101,9.999999999994457e-05,0.5
KHT-XE5S,2025-07-04 01:30:00,9.3608,8.804,KHT-XE5S_2025_0526_1101,0.0,0.5
KHT-XE5S,2025-07-04 01:40:00,9.3614,8.805,KHT-XE5S_2025_0526_1101,9.999999999994457e-05,0.5
KHT-XE5S,2025-07-04 01:50:00,9.3621,8.805,KHT-XE5S_2025_0526_1101,0.0,0.5
KHT-XE5S,2025-07-04 02:00:00,9.363,8.805,KHT-XE5S_2025_0526_1101,0.0,0.5
KHT-XE5S,2025-07-04 02:10:00,9.3636,8.807,KHT-XE5S_2025_0526_1101,0.0002000000000000668,0.5
KHT-XE5S,2025-07-04 02:20:00,9.3647,8.806,KHT-XE5S_2025_0526_1101,0.00010000000000012221,0.5
KHT-XE5S,2025-07-04 02:30:00,9.3656,8.807,KHT-XE5S_2025_0526_1101,0.00010000000000012221,0.5
KHT-XE5S,2025-07-04 02:40:00,9.3667,8.806,KHT-XE5S_2025_0526_1101,0.00010000000000012221,0.5
KHT-XE5S,2025-07-04 02:50:00,9.367,8.806,KHT-XE5S_2025_0526_1101,0.0,0.5
KHT-XE5S,2025-07-04 03:00:00,9.3668,8.805,KHT-XE5S_2025_0526_1101,9.999999999994457e-05,0.5
KHT-XE5S,2025-07-04 03:10:00,9.3668,8.807,KHT-XE5S_2025_0526_1101,0.0002000000000000668,0.5
KHT-XE5S,2025-07-04 03:20:00,9.3669,8.806,KHT-XE5S_2025_0526_1101,0.00010000000000012221,0.5
KHT-XE5S,2025-07-04 03:30:00,9.3676,8.807,KHT-XE5S_2025_0526_1101,0.00010000000000012221,0.5
KHT-XE5S,2025-07-04 03:40:00,9.3686,8.807,KHT-XE5S_2025_0526_1101,0.0,0.5
KHT-XE5S,2025-07-04 03:50:00,9.3687,8.809,KHT-XE5S_2025_0526_1101,0.00019999999999988915,0.5
KHT-XE5S,2025-07-04 04:00:00,9.3691,8.809,KHT-XE5S_2025_0526_1101,0.0,0.5
KHT-XE5S,2025-07-04 04:10:00,9.3695,8.809,KHT-XE5S_2025_0526_1101,0.0,0.5
KHT-XE5S,2025-07-04 04:20:00,9.3702,8.809,KHT-XE5S_2025_0526_1101,0.0,0.5
KHT-XE5S,2025-07-04 04:30:00,9.3718,8.81,KHT-XE5S_2025_0526_1101,0.00010000000000012221,0.5
KHT-XE5S,2025-07-04 04:40:00,9.3719,8.809,KHT-XE5S_2025_0526_1101,0.00010000000000012221,0.5
KHT-XE5S,2025-07-04 04:50:00,9.3726,8.81,KHT-XE5S_2025_0526_1101,0.00010000000000012221,0.5
KHT-XE5S,2025-07-04 05:00:00,9.3729,8.808,KHT-XE5S_2025_0526_1101,0.0002000000000000668,0.5
KHT-XE5S,2025-07-04 05:10:00,9.3729,8.809,KHT-XE5S_2025_0526_1101,9.999999999994457e-05,0.5
KHT-XE5S,2025-07-04 05:20:00,9.3737,8.811,KHT-XE5S_2025_0526_1101,0.0002000000000000668,0.5
KHT-XE5S,2025-07-04 05:30:00,9.3747,8.811,KHT-XE5S_2025_0526_1101,0.0,0.5
KHT-XE5S,2025-07-04 05:40:00,9.3744,8.81,KHT-XE5S_2025_0526_1101,9.999999999994457e-05,0.5
KHT-XE5S,2025-07-04 05:50:00,9.3755,8.81,KHT-XE5S_2025_0526_1101,0.0,0.5
KHT-XE5S,2025-07-04 06:00:00,9.3766,8.811,KHT-XE5S_2025_0526_1101,9.999999999994457e-05,0.5
KHT-XE5S,2025-07-04 06:10:00,9.3777,8.814,KHT-XE5S_2025_0526_1101,0.00030000000000001136,0.5
KHT-XE5S,2025-07-04 06:20:00,9.3787,8.811,KHT-XE5S_2025_0526_1101,0.00030000000000001136,0.5
KHT-XE5S,2025-07-04 06:30:00,9.3798,8.811,KHT-XE5S_2025_0526_1101,0.0,0.5
KHT-XE5S,2025-07-04 06:40:00,9.3809,8.814,KHT-XE5S_2025_0526_1101,0.00030000000000001136,0.5
KHT-XE5S,2025-07-04 06:50:00,9.3814,8.814,KHT-XE5S_2025_0526_1101,0.0,0.5
KHT-XE5S,2025-07-04 07:00:00,9.3822,8.814,KHT-XE5S_2025_0526_1101,0.0,0.5
KHT-XE5S,2025-07-04 07:10:00,9.3819,8.812,KHT-XE5S_2025_0526_1101,0.0002000000000000668,0.5
KHT-XE5S,2025-07-04 07:20:00,9.3824,8.815,KHT-XE5S_2025_0526_1101,0.00030000000000001136,0.5
KHT-XE5S,2025-07-04 07:30:00,9.3831,8.815,KHT-XE5S_2025_0526_1101,0.0,0.5
KHT-XE5S,2025-07-04 07:40:00,9.383,8.814,KHT-XE5S_2025_0526_1101,9.999999999994457e-05,0.5
KHT-XE5S,2025-07-04 07:50:00,9.3839,8.816,KHT-XE5S_2025_0526_1101,0.0002000000000000668,0.5
KHT-XE5S,2025-07-04 08:00:00,9.3846,8.815,KHT-XE5S_2025_0526_1101,0.00010000000000012221,0.5
KHT-XE5S,2025-07-04 08:10:00,9.3842,8.815,KHT-XE5S_2025_0526_1101,0.0,0.5
KHT-XE5S,2025-07-04 08:20:00,9.3846,8.815,KHT-XE5S_2025_0526_1101,0.0,0.5
KHT-XE5S,2025-07-04 08:30:00,9.385,8.816,KHT-XE5S_2025_0526_1101,0.00010000000000012221,0.5
KHT-XE5S,2025-07-04 08:40:00,9.3848,8.816,KHT-XE5S_2025_0526_1101,0.0,0.5
KHT-XE5S,2025-07-04 08:50:00,9.3838,8.816,KHT-XE5S_2025_0526_1101,0.0,0.5
KHT-XE5S,2025-07-04 09:00:00,9.3839,8.815,KHT-XE5S_2025_0526_1101,0.00010000000000012221,0.5
KHT-XE5S,2025-07-04 09:10:00,9.3849,8.818,KHT-XE5S_2025_0526_1101,0.00030000000000001136,0.5
KHT-XE5S,2025-07-04 09:20:00,9.3823,8.816,KHT-XE5S_2025_0526_1101,0.00019999999999988915,0.5
KHT-XE5S,2025-07-04 09:30:00,9.3808,8.817,KHT-XE5S_2025_0526_1101,9.999999999994457e-05,0.5
KHT-XE5S,2025-07-04 09:40:00,9.3783,8.818,KHT-XE5S_2025_0526_1101,9.999999999994457e-05,0.5
KHT-XE5S,2025-07-04 09:50:00,9.3773,8.816,KHT-XE5S_2025_0526_1101,0.00019999999999988915,0.5
KHT-XE5S,2025-07-04 10:00:00,9.3772,8.817,KHT-XE5S_2025_0526_1101,9.999999999994457e-05,0.5
KHT-XE5S,2025-07-04 10:10:00,9.3765,8.819,KHT-XE5S_2025_0526_1101,0.0002000000000000668,0.5
KHT-XE5S,2025-07-04 10:20:00,9.3756,8.819,KHT-XE5S_2025_0526_1101,0.0,0.5
KHT-XE5S,2025-07-04 10:30:00,9.3739,8.818,KHT-XE5S_2025_0526_1101,0.00010000000000012221,0.5
KHT-XE5S,2025-07-04 10:40:00,9.372,8.819,KHT-XE5S_2025_0526_1101,0.00010000000000012221,0.5
KHT-XE5S,2025-07-04 10:50:00,9.3704,8.822,KHT-XE5S_2025_0526_1101,0.0002999999999998337,0.5
KHT-XE5S,2025-07-04 11:00:00,9.3702,8.82,KHT-XE5S_2025_0526_1101,0.00019999999999988915,0.5
KHT-XE5S,2025-07-04 11:10:00,9.3672,8.819,KHT-XE5S_2025_0526_1101,9.999999999994457e-05,0.5
KHT-XE5S,2025-07-04 11:20:00,9.3669,8.82,KHT-XE5S_2025_0526_1101,9.999999999994457e-05,0.5
KHT-XE5S,2025-07-04 11:30:00,9.3644,8.822,KHT-XE5S_2025_0526_1101,0.00019999999999988915,0.5
KHT-XE5S,2025-07-04 11:40:00,9.3624,8.82,KHT-XE5S_2025_0526_1101,0.00019999999999988915,0.5
KHT-XE5S,2025-07-04 11:50:00,9.3637,8.821,KHT-XE5S_2025_0526_1101,9.999999999994457e-05,0.5
KHT-XE5S,2025-07-04 12:00:00,9.3603,8.82,KHT-XE5S_2025_0526_1101,9.999999999994457e-05,0.5
KHT-XE5S,2025-07-04 12:10:00,9.361,8.822,KHT-XE5S_2025_0526_1101,0.00019999999999988915,0.5
KHT-XE5S,2025-07-04 12:20:00,9.3597,8.822,KHT-XE5S_2025_0526_1101,0.0,0.5
KHT-XE5S,2025-07-04 12:30:00,9.3579,8.822,KHT-XE5S_2025_0526_1101,0.0,0.5
KHT-XE5S,2025-07-04 12:40:00,9.3576,8.823,KHT-XE5S_2025_0526_1101,0.00010000000000012221,0.5
KHT-XE5S,2025-07-04 12:50:00,9.3556,8.821,KHT-XE5S_2025_0526_1101,0.0002000000000000668,0.5
KHT-XE5S,2025-07-04 13:00:00,9.3551,8.823,KHT-XE5S_2025_0526_1101,0.0002000000000000668,0.5
KHT-XE5S,2025-07-04 13:10:00,9.3542,8.822,KHT-XE5S_2025_0526_1101,0.00010000000000012221,0.5
KHT-XE5S,2025-07-04 13:20:00,9.3545,8.823,KHT-XE5S_2025_0526_1101,0.00010000000000012221,0.5
KHT-XE5S,2025-07-04 13:30:00,9.3534,8.825,KHT-XE5S_2025_0526_1101,0.00019999999999988915,0.5
KHT-XE5S,2025-07-04 13:40:00,9.3556,8.823,KHT-XE5S_2025_0526_1101,0.00019999999999988915,0.5
KHT-XE5S,2025-07-04 13:50:00,9.3545,8.826,KHT-XE5S_2025_0526_1101,0.00030000000000001136,0.5
KHT-XE5S,2025-07-04 14:00:00,9.3545,8.824,KHT-XE5S_2025_0526_1101,0.0002000000000000668,0.5
KHT-XE5S,2025-07-04 14:10:00,9.3545,8.824,KHT-XE5S_2025_0526_1101,0.0,0.5
KHT-XE5S,2025-07-04 14:20:00,9.3547,8.824,KHT-XE5S_2025_0526_1101,0.0,0.5
KHT-XE5S,2025-07-04 14:30:00,9.354,8.825,KHT-XE5S_2025_0526_1101,9.999999999994457e-05,0.5
KHT-XE5S,2025-07-04 14:40:00,9.3542,8.825,KHT-XE5S_2025_0526_1101,0.0,0.5
KHT-XE5S,2025-07-04 14:50:00,9.3539,8.825,KHT-XE5S_2025_0526_1101,0.0,0.5
KHT-XE5S,2025-07-04 15:00:00,9.3527,8.825,KHT-XE5S_2025_0526_1101,0.0,0.5
KHT-XE5S,2025-07-04 15:10:00,9.3526,8.827,KHT-XE5S_2025_0526_1101,0.0002000000000000668,0.5
KHT-XE5S,2025-07-04 15:20:00,9.3545,8.827,KHT-XE5S_2025_0526_1101,0.0,0.5
KHT-XE5S,2025-07-04 15:30:00,9.3525,8.827,KHT-XE5S_2025_0526_1101,0.0,0.5
KHT-XE5S,2025-07-04 15:40:00,9.3537,8.827,KHT-XE5S_2025_0526_1101,0.0,0.5
KHT-XE5S,2025-07-04 15:50:00,9.3528,8.829,KHT-XE5S_2025_0526_1101,0.0002000000000000668,0.5
KHT-XE5S,2025-07-04 16:00:00,9.3539,8.828,KHT-XE5S_2025_0526_1101,0.00010000000000012221,0.5
KHT-XE5S,2025-07-04 16:10:00,9.3529,8.828,KHT-XE5S_2025_0526_1101,0.0,0.5
KHT-XE5S,2025-07-04 16:20:00,9.354,8.828,KHT-XE5S_2025_0526_1101,0.0,0.5
KHT-XE5S,2025-07-04 16:30:00,9.354,8.83,KHT-XE5S_2025_0526_1101,0.0002000000000000668,0.5
KHT-XE5S,2025-07-04 16:40:00,9.3538,8.829,KHT-XE5S_2025_0526_1101,9.999999999994457e-05,0.5
KHT-XE5S,2025-07-04 16:50:00,9.353,8.829,KHT-XE5S_2025_0526_1101,0.0,0.5
KHT-XE5S,2025-07-04 17:00:00,9.3526,8.83,KHT-XE5S_2025_0526_1101,9.999999999994457e-05,0.5
KHT-XE5S,2025-07-04 17:10:00,9.3538,8.83,KHT-XE5S_2025_0526_1101,0.0,0.5
KHT-XE5S,2025-07-04 17:20:00,9.3536,8.829,KHT-XE5S_2025_0526_1101,9.999999999994457e-05,0.5
KHT-XE5S,2025-07-04 17:30:00,9.3528,8.829,KHT-XE5S_2025_0526_1101,0.0,0.5
KHT-XE5S,2025-07-04 17:40:00,9.3526,8.83,KHT-XE5S_2025_0526_1101,9.999999999994457e-05,0.5
KHT-XE5S,2025-07-04 17:50:00,9.3543,8.832,KHT-XE5S_2025_0526_1101,0.0002000000000000668,0.5
KHT-XE5S,2025-07-04 18:00:00,9.3544,8.829,KHT-XE5S_2025_0526_1101,0.00030000000000001136,0.5
KHT-XE5S,2025-07-04 18:10:00,9.3546,8.832,KHT-XE5S_2025_0526_1101,0.00030000000000001136,0.5
KHT-XE5S,2025-07-04 18:20:00,9.3554,8.832,KHT-XE5S_2025_0526_1101,0.0,0.5
KHT-XE5S,2025-07-04 18:30:00,9.3569,8.831,KHT-XE5S_2025_0526_1101,0.00010000000000012221,0.5
KHT-XE5S,2025-07-04 18:40:00,9.3586,8.832,KHT-XE5S_2025_0526_1101,0.00010000000000012221,0.5
KHT-XE5S,2025-07-04 18:50:00,9.3591,8.831,KHT-XE5S_2025_0526_1101,0.00010000000000012221,0.5
KHT-XE5S,2025-07-04 19:00:00,9.3595,8.833,KHT-XE5S_2025_0526_1101,0.0002000000000000668,0.5
KHT-XE5S,2025-07-04 19:10:00,9.3603,8.832,KHT-XE5S_2025_0526_1101,9.999999999994457e-05,0.5
KHT-XE5S,2025-07-04 19:20:00,9.3606,8.833,KHT-XE5S_2025_0526_1101,9.999999999994457e-05,0.5
KHT-XE5S,2025-07-04 19:30:00,9.3624,8.835,KHT-XE5S_2025_0526_1101,0.0002000000000000668,0.5
KHT-XE5S,2025-07-04 19:40:00,9.3631,8.834,KHT-XE5S_2025_0526_1101,0.00010000000000012221,0.5
KHT-XE5S,2025-07-04 19:50:00,9.3644,8.833,KHT-XE5S_2025_0526_1101,9.999999999994457e-05,0.5
KHT-XE5S,2025-07-04 20:00:00,9.3659,8.835,KHT-XE5S_2025_0526_1101,0.0002000000000000668,0.5
KHT-XE5S,2025-07-04 20:10:00,9.3667,8.833,KHT-XE5S_2025_0526_1101,0.0002000000000000668,0.5
KHT-XE5S,2025-07-04 20:20:00,9.3689,8.834,KHT-XE5S_2025_0526_1101,9.999999999994457e-05,0.5
KHT-XE5S,2025-07-04 20:30:00,9.37,8.836,KHT-XE5S_2025_0526_1101,0.0002000000000000668,0.5
KHT-XE5S,2025-07-04 20:40:00,9.3722,8.836,KHT-XE5S_2025_0526_1101,0.0,0.5
KHT-XE5S,2025-07-04 20:50:00,9.3745,8.835,KHT-XE5S_2025_0526_1101,9.999999999994457e-05,0.5
KHT-XE5S,2025-07-04 21:00:00,9.377,8.835,KHT-XE5S_2025_0526_1101,0.0,0.5
KHT-XE5S,2025-07-04 21:10:00,9.3788,8.836,KHT-XE5S_2025_0526_1101,9.999999999994457e-05,0.5
KHT-XE5S,2025-07-04 21:20:00,9.3806,8.839,KHT-XE5S_2025_0526_1101,0.00030000000000001136,0.5
KHT-XE5S,2025-07-04 21:30:00,9.3827,8.836,KHT-XE5S_2025_0526_1101,0.00030000000000001136,0.5
KHT-XE5S,2025-07-04 21:40:00,9.3846,8.837,KHT-XE5S_2025_0526_1101,9.999999999994457e-05,0.5
KHT-XE5S,2025-07-04 21:50:00,9.3862,8.839,KHT-XE5S_2025_0526_1101,0.0002000000000000668,0.5
KHT-XE5S,2025-07-04 22:00:00,9.3875,8.839,KHT-XE5S_2025_0526_1101,0.0,0.5
KHT-XE5S,2025-07-04 22:10:00,9.3885,8.838,KHT-XE5S_2025_0526_1101,0.00010000000000012221,0.5
KHT-XE5S,2025-07-04 22:20:00,9.3902,8.841,KHT-XE5S_2025_0526_1101,0.00030000000000001136,0.5
KHT-XE5S,2025-07-04 22:30:00,9.3906,8.836,KHT-XE5S_2025_0526_1101,0.0004999999999999005,0.5
KHT-XE5S,2025-07-04 22:40:00,9.3924,8.839,KHT-XE5S_2025_0526_1101,0.00030000000000001136,0.5
KHT-XE5S,2025-07-04 22:50:00,9.3929,8.838,KHT-XE5S_2025_0526_1101,0.00010000000000012221,0.5
KHT-XE5S,2025-07-04 23:00:00,9.3931,8.839,KHT-XE5S_2025_0526_1101,0.00010000000000012221,0.5
KHT-XE5S,2025-07-04 23:10:00,9.3938,8.839,KHT-XE5S_2025_0526_1101,0.0,0.5
KHT-XE5S,2025-07-04 23:20:00,9.395,8.842,KHT-XE5S_2025_0526_1101,0.00030000000000001136,0.5
KHT-XE5S,2025-07-04 23:30:00,9.3951,8.84,KHT-XE5S_2025_0526_1101,0.0002000000000000668,0.5
KHT-XE5S,2025-07-04 23:40:00,9.3955,8.84,KHT-XE5S_2025_0526_1101,0.0,0.5
KHT-XE5S,2025-07-04 23:50:00,9.396,8.839,KHT-XE5S_2025_0526_1101,9.999999999994457e-05,0.5
KHT-XE5S,2025-07-05 00:00:00,9.3973,8.844,KHT-XE5S_2025_0526_1101,0.0004999999999999005,0.5
KHT-XE5S,2025-07-05 00:10:00,9.3983,8.842,KHT-XE5S_2025_0526_1101,0.00019999999999988915,0.5
KHT-XE5S,2025-07-05 00:20:00,9.3985,8.843,KHT-XE5S_2025_0526_1101,9.999999999994457e-05,0.5
KHT-XE5S,2025-07-05 00:30:00,9.3988,8.842,KHT-XE5S_2025_0526_1101,9.999999999994457e-05,0.5
KHT-XE5S,2025-07-05 00:40:00,9.3983,8.842,KHT-XE5S_2025_0526_1101,0.0,0.5
KHT-XE5S,2025-07-05 00:50:00,9.3988,8.844,KHT-XE5S_2025_0526_1101,0.00019999999999988915,0.5
KHT-XE5S,2025-07-05 01:00:00,9.3988,8.843,KHT-XE5S_2025_0526_1101,9.999999999994457e-05,0.5
KHT-XE5S,2025-07-05 01:10:00,9.3994,8.843,KHT-XE5S_2025_0526_1101,0.0,0.5
KHT-XE5S,2025-07-05 01:20:00,9.4,8.845,KHT-XE5S_2025_0526_1101,0.0002000000000000668,0.5
KHT-XE5S,2025-07-05 01:30:00,9.4,8.846,KHT-XE5S_2025_0526_1101,9.999999999994457e-05,0.5
KHT-XE5S,2025-07-05 01:40:00,9.4001,8.844,KHT-XE5S_2025_0526_1101,0.0002000000000000668,0.5
KHT-XE5S,2025-07-05 01:50:00,9.4004,8.844,KHT-XE5S_2025_0526_1101,0.0,0.5
KHT-XE5S,2025-07-05 02:00:00,9.4014,8.846,KHT-XE5S_2025_0526_1101,0.0002000000000000668,0.5
KHT-XE5S,2025-07-05 02:10:00,9.4011,8.844,KHT-XE5S_2025_0526_1101,0.0002000000000000668,0.5
KHT-XE5S,2025-07-05 02:20:00,9.402,8.845,KHT-XE5S_2025_0526_1101,0.00010000000000012221,0.5
KHT-XE5S,2025-07-05 02:30:00,9.4025,8.846,KHT-XE5S_2025_0526_1101,9.999999999994457e-05,0.5
KHT-XE5S,2025-07-05 02:40:00,9.4027,8.846,KHT-XE5S_2025_0526_1101,0.0,0.5
KHT-XE5S,2025-07-05 02:50:00,9.4034,8.847,KHT-XE5S_2025_0526_1101,9.999999999994457e-05,0.5
KHT-XE5S,2025-07-05 03:00:00,9.4037,8.846,KHT-XE5S_2025_0526_1101,9.999999999994457e-05,0.5
KHT-XE5S,2025-07-05 03:10:00,9.4035,8.848,KHT-XE5S_2025_0526_1101,0.0002000000000000668,0.5
KHT-XE5S,2025-07-05 03:20:00,9.4035,8.85,KHT-XE5S_2025_0526_1101,0.00019999999999988915,0.5
KHT-XE5S,2025-07-05 03:30:00,9.4032,8.847,KHT-XE5S_2025_0526_1101,0.00030000000000001136,0.5
KHT-XE5S,2025-07-05 03:40:00,9.4033,8.846,KHT-XE5S_2025_0526_1101,9.999999999994457e-05,0.5
KHT-XE5S,2025-07-05 03:50:00,9.4033,8.848,KHT-XE5S_2025_0526_1101,0.0002000000000000668,0.5
KHT-XE5S,2025-07-05 04:00:00,9.4036,8.848,KHT-XE5S_2025_0526_1101,0.0,0.5
KHT-XE5S,2025-07-05 04:10:00,9.4036,8.85,KHT-XE5S_2025_0526_1101,0.00019999999999988915,0.5
KHT-XE5S,2025-07-05 04:20:00,9.4035,8.848,KHT-XE5S_2025_0526_1101,0.00019999999999988915,0.5
KHT-XE5S,2025-07-05 04:30:00,9.4043,8.852,KHT-XE5S_2025_0526_1101,0.00039999999999995595,0.5
KHT-XE5S,2025-07-05 04:40:00,9.4045,8.848,KHT-XE5S_2025_0526_1101,0.00039999999999995595,0.5
KHT-XE5S,2025-07-05 04:50:00,9.4048,8.85,KHT-XE5S_2025_0526_1101,0.00019999999999988915,0.5
KHT-XE5S,2025-07-05 05:00:00,9.4056,8.852,KHT-XE5S_2025_0526_1101,0.0002000000000000668,0.5
KHT-XE5S,2025-07-05 05:10:00,9.4061,8.851,KHT-XE5S_2025_0526_1101,9.999999999994457e-05,0.5
KHT-XE5S,2025-07-05 05:20:00,9.4066,8.85,KHT-XE5S_2025_0526_1101,0.00010000000000012221,0.5
KHT-XE5S,2025-07-05 05:30:00,9.4071,8.851,KHT-XE5S_2025_0526_1101,0.00010000000000012221,0.5
KHT-XE5S,2025-07-05 05:40:00,9.4081,8.852,KHT-XE5S_2025_0526_1101,9.999999999994457e-05,0.5
KHT-XE5S,2025-07-05 05:50:00,9.4086,8.85,KHT-XE5S_2025_0526_1101,0.0002000000000000668,0.5
KHT-XE5S,2025-07-05 06:00:00,9.4094,8.852,KHT-XE5S_2025_0526_1101,0.0002000000000000668,0.5
KHT-XE5S,2025-07-05 06:10:00,9.41,8.851,KHT-XE5S_2025_0526_1101,9.999999999994457e-05,0.5
KHT-XE5S,2025-07-05 06:20:00,9.4106,8.853,KHT-XE5S_2025_0526_1101,0.00019999999999988915,0.5
KHT-XE5S,2025-07-05 06:30:00,9.4107,8.853,KHT-XE5S_2025_0526_1101,0.0,0.5
KHT-XE5S,2025-07-05 06:40:00,9.4109,8.851,KHT-XE5S_2025_0526_1101,0.00019999999999988915,0.5
KHT-XE5S,2025-07-05 06:50:00,9.4116,8.853,KHT-XE5S_2025_0526_1101,0.00019999999999988915,0.5
KHT-XE5S,2025-07-05 07:00:00,9.4117,8.852,KHT-XE5S_2025_0526_1101,9.999999999994457e-05,0.5
KHT-XE5S,2025-07-05 07:10:00,9.4128,8.853,KHT-XE5S_2025_0526_1101,9.999999999994457e-05,0.5
KHT-XE5S,2025-07-05 07:20:00,9.414,8.854,KHT-XE5S_2025_0526_1101,9.999999999994457e-05,0.5
KHT-XE5S,2025-07-05 07:30:00,9.4146,8.854,KHT-XE5S_2025_0526_1101,0.0,0.5
KHT-XE5S,2025-07-05 07:40:00,9.4148,8.852,KHT-XE5S_2025_0526_1101,0.00019999999999988915,0.5
KHT-XE5S,2025-07-05 07:50:00,9.4164,8.854,KHT-XE5S_2025_0526_1101,0.00019999999999988915,0.5
KHT-XE5S,2025-07-05 08:00:00,9.4168,8.854,KHT-XE5S_2025_0526_1101,0.0,0.5
KHT-XE5S,2025-07-05 08:10:00,9.4174,8.852,KHT-XE5S_2025_0526_1101,0.00019999999999988915,0.5
KHT-XE5S,2025-07-05 08:20:00,9.4177,8.855,KHT-XE5S_2025_0526_1101,0.00030000000000001136,0.5
KHT-XE5S,2025-07-05 08:30:00,9.4183,8.856,KHT-XE5S_2025_0526_1101,9.999999999994457e-05,0.5
KHT-XE5S,2025-07-05 08:40:00,9.4181,8.856,KHT-XE5S_2025_0526_1101,0.0,0.5
KHT-XE5S,2025-07-05 08:50:00,9.4172,8.856,KHT-XE5S_2025_0526_1101,0.0,0.5
KHT-XE5S,2025-07-05 09:00:00,9.4161,8.857,KHT-XE5S_2025_0526_1101,9.999999999994457e-05,0.5
KHT-XE5S,2025-07-05 09:10:00,9.4149,8.856,KHT-XE5S_2025_0526_1101,9.999999999994457e-05,0.5
KHT-XE5S,2025-07-05 09:20:00,9.4138,8.858,KHT-XE5S_2025_0526_1101,0.0002000000000000668,0.5
KHT-XE5S,2025-07-05 09:30:00,9.4128,8.859,KHT-XE5S_2025_0526_1101,9.999999999994457e-05,0.5
KHT-XE5S,2025-07-05 09:40:00,9.4117,8.857,KHT-XE5S_2025_0526_1101,0.0002000000000000668,0.5
KHT-XE5S,2025-07-05 09:50:00,9.4103,8.86,KHT-XE5S_2025_0526_1101,0.00030000000000001136,0.5
KHT-XE5S,2025-07-05 10:00:00,9.4093,8.858,KHT-XE5S_2025_0526_1101,0.00019999999999988915,0.5
KHT-XE5S,2025-07-05 10:10:00,9.4076,8.858,KHT-XE5S_2025_0526_1101,0.0,0.5
KHT-XE5S,2025-07-05 10:20:00,9.4057,8.858,KHT-XE5S_2025_0526_1101,0.0,0.5
KHT-XE5S,2025-07-05 10:30:00,9.4041,8.859,KHT-XE5S_2025_0526_1101,9.999999999994457e-05,0.5
KHT-XE5S,2025-07-05 10:40:00,9.4011,8.86,KHT-XE5S_2025_0526_1101,9.999999999994457e-05,0.5
KHT-XE5S,2025-07-05 10:50:00,9.3999,8.859,KHT-XE5S_2025_0526_1101,9.999999999994457e-05,0.5
KHT-XE5S,2025-07-05 11:00:00,9.3975,8.86,KHT-XE5S_2025_0526_1101,9.999999999994457e-05,0.5
KHT-XE5S,2025-07-05 11:10:00,9.3962,8.86,KHT-XE5S_2025_0526_1101,0.0,0.5
KHT-XE5S,2025-07-05 11:20:00,9.3934,8.86,KHT-XE5S_2025_0526_1101,0.0,0.5
KHT-XE5S,2025-07-05 11:30:00,9.3919,8.862,KHT-XE5S_2025_0526_1101,0.0002000000000000668,0.5
KHT-XE5S,2025-07-05 11:40:00,9.3889,8.861,KHT-XE5S_2025_0526_1101,9.999999999994457e-05,0.5
KHT-XE5S,2025-07-05 11:50:00,9.3867,8.861,KHT-XE5S_2025_0526_1101,0.0,0.5
KHT-XE5S,2025-07-05 12:00:00,9.3843,8.863,KHT-XE5S_2025_0526_1101,0.00019999999999988915,0.5
KHT-XE5S,2025-07-05 12:10:00,9.3825,8.862,KHT-XE5S_2025_0526_1101,9.999999999994457e-05,0.5
KHT-XE5S,2025-07-05 12:20:00,9.3806,8.861,KHT-XE5S_2025_0526_1101,9.999999999994457e-05,0.5
KHT-XE5S,2025-07-05 12:30:00,9.3789,8.862,KHT-XE5S_2025_0526_1101,9.999999999994457e-05,0.5
KHT-XE5S,2025-07-05 12:40:00,9.3772,8.864,KHT-XE5S_2025_0526_1101,0.0002000000000000668,0.5
KHT-XE5S,2025-07-05 12:50:00,9.3758,8.863,KHT-XE5S_2025_0526_1101,0.00010000000000012221,0.5
KHT-XE5S,2025-07-05 13:00:00,9.3734,8.864,KHT-XE5S_2025_0526_1101,0.00010000000000012221,0.5
KHT-XE5S,2025-07-05 13:10:00,9.373,8.865,KHT-XE5S_2025_0526_1101,9.999999999994457e-05,0.5
KHT-XE5S,2025-07-05 13:20:00,9.3721,8.865,KHT-XE5S_2025_0526_1101,0.0,0.5
KHT-XE5S,2025-07-05 13:30:00,9.37,8.863,KHT-XE5S_2025_0526_1101,0.0002000000000000668,0.5
KHT-XE5S,2025-07-05 13:40:00,9.3691,8.863,KHT-XE5S_2025_0526_1101,0.0,0.5
KHT-XE5S,2025-07-05 13:50:00,9.3684,8.865,KHT-XE5S_2025_0526_1101,0.0002000000000000668,0.5
KHT-XE5S,2025-07-05 14:00:00,9.367,8.866,KHT-XE5S_2025_0526_1101,9.999999999994457e-05,0.5
KHT-XE5S,2025-07-05 14:10:00,9.3661,8.865,KHT-XE5S_2025_0526_1101,9.999999999994457e-05,0.5
KHT-XE5S,2025-07-05 14:20:00,9.3659,8.865,KHT-XE5S_2025_0526_1101,0.0,0.5
KHT-XE5S,2025-07-05 14:30:00,9.3646,8.865,KHT-XE5S_2025_0526_1101,0.0,0.5
KHT-XE5S,2025-07-05 14:40:00,9.3638,8.866,KHT-XE5S_2025_0526_1101,9.999999999994457e-05,0.5
KHT-XE5S,2025-07-05 14:50:00,9.3621,8.865,KHT-XE5S_2025_0526_1101,9.999999999994457e-05,0.5
KHT-XE5S,2025-07-05 15:00:00,9.3614,8.867,KHT-XE5S_2025_0526_1101,0.0002000000000000668,0.5
KHT-XE5S,2025-07-05 15:10:00,9.3612,8.867,KHT-XE5S_2025_0526_1101,0.0,0.5
KHT-XE5S,2025-07-05 15:20:00,9.3599,8.869,KHT-XE5S_2025_0526_1101,0.00019999999999988915,0.5
KHT-XE5S,2025-07-05 15:30:00,9.3595,8.868,KHT-XE5S_2025_0526_1101,9.999999999994457e-05,0.5
KHT-XE5S,2025-07-05 15:40:00,9.3588,8.869,KHT-XE5S_2025_0526_1101,9.999999999994457e-05,0.5
KHT-XE5S,2025-07-05 15:50:00,9.3569,8.867,KHT-XE5S_2025_0526_1101,0.00019999999999988915,0.5
KHT-XE5S,2025-07-05 16:00:00,9.3575,8.868,KHT-XE5S_2025_0526_1101,9.999999999994457e-05,0.5
KHT-XE5S,2025-07-05 16:10:00,9.3565,8.868,KHT-XE5S_2025_0526_1101,0.0,0.5
KHT-XE5S,2025-07-05 16:20:00,9.3566,8.869,KHT-XE5S_2025_0526_1101,9.999999999994457e-05,0.5
KHT-XE5S,2025-07-05 16:30:00,9.3554,8.87,KHT-XE5S_2025_0526_1101,9.999999999994457e-05,0.5
KHT-XE5S,2025-07-05 16:40:00,9.356,8.869,KHT-XE5S_2025_0526_1101,9.999999999994457e-05,0.5
KHT-XE5S,2025-07-05 16:50:00,9.3549,8.871,KHT-XE5S_2025_0526_1101,0.0002000000000000668,0.5
KHT-XE5S,2025-07-05 17:00:00,9.3545,8.871,KHT-XE5S_2025_0526_1101,0.0,0.5
KHT-XE5S,2025-07-05 17:10:00,9.3538,8.869,KHT-XE5S_2025_0526_1101,0.0002000000000000668,0.5
KHT-XE5S,2025-07-05 17:20:00,9.3546,8.871,KHT-XE5S_2025_0526_1101,0.0002000000000000668,0.5
KHT-XE5S,2025-07-05 17:30:00,9.3533,8.872,KHT-XE5S_2025_0526_1101,9.999999999994457e-05,0.5
KHT-XE5S,2025-07-05 17:40:00,9.3532,8.871,KHT-XE5S_2025_0526_1101,9.999999999994457e-05,0.5
KHT-XE5S,2025-07-05 17:50:00,9.3544,8.872,KHT-XE5S_2025_0526_1101,9.999999999994457e-05,0.5
KHT-XE5S,2025-07-05 18:00:00,9.3554,8.871,KHT-XE5S_2025_0526_1101,9.999999999994457e-05,0.5
KHT-XE5S,2025-07-05 18:10:00,9.3556,8.872,KHT-XE5S_2025_0526_1101,9.999999999994457e-05,0.5
KHT-XE5S,2025-07-05 18:20:00,9.3565,8.871,KHT-XE5S_2025_0526_1101,9.999999999994457e-05,0.5
KHT-XE5S,2025-07-05 18:30:00,9.3577,8.873,KHT-XE5S_2025_0526_1101,0.00019999999999988915,0.5
KHT-XE5S,2025-07-05 18:40:00,9.3583,8.873,KHT-XE5S_2025_0526_1101,0.0,0.5
KHT-XE5S,2025-07-05 18:50:00,9.3588,8.872,KHT-XE5S_2025_0526_1101,9.999999999994457e-05,0.5
KHT-XE5S,2025-07-05 19:00:00,9.3593,8.874,KHT-XE5S_2025_0526_1101,0.0002000000000000668,0.5
KHT-XE5S,2025-07-05 19:10:00,9.3597,8.874,KHT-XE5S_2025_0526_1101,0.0,0.5
KHT-XE5S,2025-07-05 19:20:00,9.3603,8.874,KHT-XE5S_2025_0526_1101,0.0,0.5
KHT-XE5S,2025-07-05 19:30:00,9.3613,8.874,KHT-XE5S_2025_0526_1101,0.0,0.5
KHT-XE5S,2025-07-05 19:40:00,9.361,8.875,KHT-XE5S_2025_0526_1101,9.999999999994457e-05,0.5
KHT-XE5S,2025-07-05 19:50:00,9.3618,8.875,KHT-XE5S_2025_0526_1101,0.0,0.5
KHT-XE5S,2025-07-05 20:00:00,9.363,8.874,KHT-XE5S_2025_0526_1101,9.999999999994457e-05,0.5
KHT-XE5S,2025-07-05 20:10:00,9.3644,8.877,KHT-XE5S_2025_0526_1101,0.00030000000000001136,0.5
KHT-XE5S,2025-07-05 20:20:00,9.366,8.876,KHT-XE5S_2025_0526_1101,0.00010000000000012221,0.5
KHT-XE5S,2025-07-05 20:30:00,9.3679,8.875,KHT-XE5S_2025_0526_1101,9.999999999994457e-05,0.5
KHT-XE5S,2025-07-05 20:40:00,9.3697,8.874,KHT-XE5S_2025_0526_1101,9.999999999994457e-05,0.5
KHT-XE5S,2025-07-05 20:50:00,9.3722,8.876,KHT-XE5S_2025_0526_1101,0.00019999999999988915,0.5
KHT-XE5S,2025-07-05 21:00:00,9.3746,8.877,KHT-XE5S_2025_0526_1101,0.00010000000000012221,0.5
KHT-XE5S,2025-07-05 21:10:00,9.3767,8.875,KHT-XE5S_2025_0526_1101,0.0002000000000000668,0.5
KHT-XE5S,2025-07-05 21:20:00,9.3788,8.878,KHT-XE5S_2025_0526_1101,0.00030000000000001136,0.5
KHT-XE5S,2025-07-05 21:30:00,9.3809,8.878,KHT-XE5S_2025_0526_1101,0.0,0.5
KHT-XE5S,2025-07-05 21:40:00,9.3824,8.88,KHT-XE5S_2025_0526_1101,0.0002000000000000668,0.5
KHT-XE5S,2025-07-05 21:50:00,9.3837,8.879,KHT-XE5S_2025_0526_1101,0.00010000000000012221,0.5
KHT-XE5S,2025-07-05 22:00:00,9.3852,8.879,KHT-XE5S_2025_0526_1101,0.0,0.5
KHT-XE5S,2025-07-05 22:10:00,9.3855,8.878,KHT-XE5S_2025_0526_1101,9.999999999994457e-05,0.5
KHT-XE5S,2025-07-05 22:20:00,9.3865,8.879,KHT-XE5S_2025_0526_1101,9.999999999994457e-05,0.5
KHT-XE5S,2025-07-05 22:30:00,9.3874,8.88,KHT-XE5S_2025_0526_1101,0.00010000000000012221,0.5
KHT-XE5S,2025-07-05 22:40:00,9.3886,8.88,KHT-XE5S_2025_0526_1101,0.0,0.5
KHT-XE5S,2025-07-05 22:50:00,9.389,8.883,KHT-XE5S_2025_0526_1101,0.0002999999999998337,0.5
KHT-XE5S,2025-07-05 23:00:00,9.3894,8.88,KHT-XE5S_2025_0526_1101,0.0002999999999998337,0.5
KHT-XE5S,2025-07-05 23:10:00,9.3906,8.882,KHT-XE5S_2025_0526_1101,0.00019999999999988915,0.5
KHT-XE5S,2025-07-05 23:20:00,9.3913,8.88,KHT-XE5S_2025_0526_1101,0.00019999999999988915,0.5
KHT-XE5S,2025-07-05 23:30:00,9.3922,8.879,KHT-XE5S_2025_0526_1101,0.00010000000000012221,0.5
KHT-XE5S,2025-07-05 23:40:00,9.3922,8.882,KHT-XE5S_2025_0526_1101,0.00030000000000001136,0.5
KHT-XE5S,2025-07-05 23:50:00,9.3917,8.882,KHT-XE5S_2025_0526_1101,0.0,0.5
KHT-XE5S,2025-07-06 00:00:00,9.3922,8.883,KHT-XE5S_2025_0526_1101,9.999999999994457e-05,0.5
KHT-XE5S,2025-07-06 00:10:00,9.3921,8.885,KHT-XE5S_2025_0526_1101,0.0002000000000000668,0.5
KHT-XE5S,2025-07-06 00:20:00,9.3915,8.882,KHT-XE5S_2025_0526_1101,0.00030000000000001136,0.5
KHT-XE5S,2025-07-06 00:30:00,9.3911,8.884,KHT-XE5S_2025_0526_1101,0.0002000000000000668,0.5
KHT-XE5S,2025-07-06 00:40:00,9.3915,8.883,KHT-XE5S_2025_0526_1101,0.00010000000000012221,0.5
KHT-XE5S,2025-07-06 00:50:00,9.3916,8.882,KHT-XE5S_2025_0526_1101,9.999999999994457e-05,0.5
KHT-XE5S,2025-07-06 01:00:00,9.3917,8.885,KHT-XE5S_2025_0526_1101,0.00030000000000001136,0.5
KHT-XE5S,2025-07-06 01:10:00,9.3916,8.884,KHT-XE5S_2025_0526_1101,9.999999999994457e-05,0.5
KHT-XE5S,2025-07-06 01:20:00,9.3919,8.884,KHT-XE5S_2025_0526_1101,0.0,0.5
KHT-XE5S,2025-07-06 01:30:00,9.3916,8.884,KHT-XE5S_2025_0526_1101,0.0,0.5
KHT-XE5S,2025-07-06 01:40:00,9.3912,8.885,KHT-XE5S_2025_0526_1101,9.999999999994457e-05,0.5
KHT-XE5S,2025-07-06 01:50:00,9.3914,8.886,KHT-XE5S_2025_0526_1101,9.999999999994457e-05,0.5
KHT-XE5S,2025-07-06 02:00:00,9.3915,8.886,KHT-XE5S_2025_0526_1101,0.0,0.5
KHT-XE5S,2025-07-06 02:10:00,9.3915,8.886,KHT-XE5S_2025_0526_1101,0.0,0.5
KHT-XE5S,2025-07-06 02:20:00,9.3924,8.887,KHT-XE5S_2025_0526_1101,0.00010000000000012221,0.5
KHT-XE5S,2025-07-06 02:30:00,9.3927,8.89,KHT-XE5S_2025_0526_1101,0.00030000000000001136,0.5
KHT-XE5S,2025-07-06 02:40:00,9.3925,8.888,KHT-XE5S_2025_0526_1101,0.0002000000000000668,0.5
KHT-XE5S,2025-07-06 02:50:00,9.3921,8.888,KHT-XE5S_2025_0526_1101,0.0,0.5
KHT-XE5S,2025-07-06 03:00:00,9.3921,8.889,KHT-XE5S_2025_0526_1101,9.999999999994457e-05,0.5
KHT-XE5S,2025-07-06 03:10:00,9.393,8.89,KHT-XE5S_2025_0526_1101,0.00010000000000012221,0.5
KHT-XE5S,2025-07-06 03:20:00,9.394,8.888,KHT-XE5S_2025_0526_1101,0.0002000000000000668,0.5
KHT-XE5S,2025-07-06 03:30:00,9.3944,8.888,KHT-XE5S_2025_0526_1101,0.0,0.5
KHT-XE5S,2025-07-06 03:40:00,9.3945,8.889,KHT-XE5S_2025_0526_1101,9.999999999994457e-05,0.5
KHT-XE5S,2025-07-06 03:50:00,9.3943,8.89,KHT-XE5S_2025_0526_1101,0.00010000000000012221,0.5
KHT-XE5S,2025-07-06 04:00:00,9.3938,8.89,KHT-XE5S_2025_0526_1101,0.0,0.5
KHT-XE5S,2025-07-06 04:10:00,9.3939,8.888,KHT-XE5S_2025_0526_1101,0.0002000000000000668,0.5
KHT-XE5S,2025-07-06 04:20:00,9.3939,8.89,KHT-XE5S_2025_0526_1101,0.0002000000000000668,0.5
KHT-XE5S,2025-07-06 04:30:00,9.3939,8.889,KHT-XE5S_2025_0526_1101,0.00010000000000012221,0.5
KHT-XE5S,2025-07-06 04:40:00,9.3943,8.891,KHT-XE5S_2025_0526_1101,0.0002000000000000668,0.5
KHT-XE5S,2025-07-06 04:50:00,9.3946,8.893,KHT-XE5S_2025_0526_1101,0.0002000000000000668,0.5
KHT-XE5S,2025-07-06 05:00:00,9.3947,8.891,KHT-XE5S_2025_0526_1101,0.0002000000000000668,0.5
KHT-XE5S,2025-07-06 05:10:00,9.395,8.892,KHT-XE5S_2025_0526_1101,9.999999999994457e-05,0.5
KHT-XE5S,2025-07-06 05:20:00,9.3956,8.89,KHT-XE5S_2025_0526_1101,0.00019999999999988915,0.5
KHT-XE5S,2025-07-06 05:30:00,9.3962,8.893,KHT-XE5S_2025_0526_1101,0.00030000000000001136,0.5
KHT-XE5S,2025-07-06 05:40:00,9.3967,8.894,KHT-XE5S_2025_0526_1101,9.999999999994457e-05,0.5
KHT-XE5S,2025-07-06 05:50:00,9.3972,8.894,KHT-XE5S_2025_0526_1101,0.0,0.5
KHT-XE5S,2025-07-06 06:00:00,9.398,8.893,KHT-XE5S_2025_0526_1101,9.999999999994457e-05,0.5
KHT-XE5S,2025-07-06 06:10:00,9.3996,8.892,KHT-XE5S_2025_0526_1101,0.00010000000000012221,0.5
KHT-XE5S,2025-07-06 06:20:00,9.4006,8.895,KHT-XE5S_2025_0526_1101,0.00030000000000001136,0.5
KHT-XE5S,2025-07-06 06:30:00,9.4008,8.895,KHT-XE5S_2025_0526_1101,0.0,0.5
KHT-XE5S,2025-07-06 06:40:00,9.4011,8.895,KHT-XE5S_2025_0526_1101,0.0,0.5
KHT-XE5S,2025-07-06 06:50:00,9.4008,8.895,KHT-XE5S_2025_0526_1101,0.0,0.5
KHT-XE5S,2025-07-06 07:00:00,9.4012,8.895,KHT-XE5S_2025_0526_1101,0.0,0.5
KHT-XE5S,2025-07-06 07:10:00,9.4017,8.895,KHT-XE5S_2025_0526_1101,0.0,0.5
KHT-XE5S,2025-07-06 07:20:00,9.4021,8.894,KHT-XE5S_2025_0526_1101,9.999999999994457e-05,0.5
KHT-XE5S,2025-07-06 07:30:00,9.4022,8.895,KHT-XE5S_2025_0526_1101,9.999999999994457e-05,0.5
KHT-XE5S,2025-07-06 07:40:00,9.4023,8.896,KHT-XE5S_2025_0526_1101,0.00010000000000012221,0.5
KHT-XE5S,2025-07-06 07:50:00,9.402,8.897,KHT-XE5S_2025_0526_1101,9.999999999994457e-05,0.5
KHT-XE5S,2025-07-06 08:00:00,9.4019,8.895,KHT-XE5S_2025_0526_1101,0.0002000000000000668,0.5
KHT-XE5S,2025-07-06 08:10:00,9.4021,8.897,KHT-XE5S_2025_0526_1101,0.0002000000000000668,0.5
KHT-XE5S,2025-07-06 08:20:00,9.4022,8.895,KHT-XE5S_2025_0526_1101,0.0002000000000000668,0.5
KHT-XE5S,2025-07-06 08:30:00,9.4019,8.897,KHT-XE5S_2025_0526_1101,0.0002000000000000668,0.5
KHT-XE5S,2025-07-06 08:40:00,9.401,8.899,KHT-XE5S_2025_0526_1101,0.00019999999999988915,0.5
KHT-XE5S,2025-07-06 08:50:00,9.4001,8.899,KHT-XE5S_2025_0526_1101,0.0,0.5
KHT-XE5S,2025-07-06 09:00:00,9.399,8.899,KHT-XE5S_2025_0526_1101,0.0,0.5
KHT-XE5S,2025-07-06 09:10:00,9.3977,8.901,KHT-XE5S_2025_0526_1101,0.0002000000000000668,0.5
KHT-XE5S,2025-07-06 09:20:00,9.3961,8.901,KHT-XE5S_2025_0526_1101,0.0,0.5
KHT-XE5S,2025-07-06 09:30:00,9.3939,8.899,KHT-XE5S_2025_0526_1101,0.0002000000000000668,0.5
KHT-XE5S,2025-07-06 09:40:00,9.3922,8.9,KHT-XE5S_2025_0526_1101,0.00010000000000012221,0.5
KHT-XE5S,2025-07-06 09:50:00,9.3896,8.9,KHT-XE5S_2025_0526_1101,0.0,0.5
KHT-XE5S,2025-07-06 10:00:00,9.3875,8.901,KHT-XE5S_2025_0526_1101,9.999999999994457e-05,0.5
KHT-XE5S,2025-07-06 10:10:00,9.3851,8.9,KHT-XE5S_2025_0526_1101,9.999999999994457e-05,0.5
KHT-XE5S,2025-07-06 10:20:00,9.3831,8.902,KHT-XE5S_2025_0526_1101,0.00019999999999988915,0.5
KHT-XE5S,2025-07-06 10:30:00,9.3798,8.903,KHT-XE5S_2025_0526_1101,0.00010000000000012221,0.5
KHT-XE5S,2025-07-06 10:40:00,9.3775,8.903,KHT-XE5S_2025_0526_1101,0.0,0.5
KHT-XE5S,2025-07-06 10:50:00,9.3751,8.901,KHT-XE5S_2025_0526_1101,0.0002000000000000668,0.5
KHT-XE5S,2025-07-06 11:00:00,9.3723,8.903,KHT-XE5S_2025_0526_1101,0.0002000000000000668,0.5
KHT-XE5S,2025-07-06 11:10:00,9.3697,8.904,KHT-XE5S_2025_0526_1101,9.999999999994457e-05,0.5
KHT-XE5S,2025-07-06 11:20:00,9.3675,8.903,KHT-XE5S_2025_0526_1101,9.999999999994457e-05,0.5
KHT-XE5S,2025-07-06 11:30:00,9.3648,8.902,KHT-XE5S_2025_0526_1101,0.00010000000000012221,0.5
KHT-XE5S,2025-07-06 11:40:00,9.362,8.904,KHT-XE5S_2025_0526_1101,0.0002000000000000668,0.5
KHT-XE5S,2025-07-06 11:50:00,9.3581,8.903,KHT-XE5S_2025_0526_1101,9.999999999994457e-05,0.5
KHT-XE5S,2025-07-06 12:00:00,9.3557,8.906,KHT-XE5S_2025_0526_1101,0.00030000000000001136,0.5
KHT-XE5S,2025-07-06 12:10:00,9.3529,8.904,KHT-XE5S_2025_0526_1101,0.0002000000000000668,0.5
KHT-XE5S,2025-07-06 12:20:00,9.3502,8.906,KHT-XE5S_2025_0526_1101,0.0002000000000000668,0.5
KHT-XE5S,2025-07-06 12:30:00,9.3474,8.903,KHT-XE5S_2025_0526_1101,0.00030000000000001136,0.5
KHT-XE5S,2025-07-06 12:40:00,9.3452,8.904,KHT-XE5S_2025_0526_1101,9.999999999994457e-05,0.5
KHT-XE5S,2025-07-06 12:50:00,9.3418,8.906,KHT-XE5S_2025_0526_1101,0.0002000000000000668,0.5
KHT-XE5S,2025-07-06 13:00:00,9.3417,8.904,KHT-XE5S_2025_0526_1101,0.0002000000000000668,0.5
KHT-XE5S,2025-07-06 13:10:00,9.3399,8.906,KHT-XE5S_2025_0526_1101,0.0002000000000000668,0.5
KHT-XE5S,2025-07-06 13:20:00,9.3388,8.906,KHT-XE5S_2025_0526_1101,0.0,0.5
KHT-XE5S,2025-07-06 13:30:00,9.3377,8.906,KHT-XE5S_2025_0526_1101,0.0,0.5
KHT-XE5S,2025-07-06 13:40:00,9.3358,8.906,KHT-XE5S_2025_0526_1101,0.0,0.5
KHT-XE5S,2025-07-06 13:50:00,9.3347,8.907,KHT-XE5S_2025_0526_1101,9.999999999994457e-05,0.5
KHT-XE5S,2025-07-06 14:00:00,9.333,8.905,KHT-XE5S_2025_0526_1101,0.0002000000000000668,0.5
KHT-XE5S,2025-07-06 14:10:00,9.3304,8.907,KHT-XE5S_2025_0526_1101,0.0002000000000000668,0.5
KHT-XE5S,2025-07-06 14:20:00,9.3289,8.907,KHT-XE5S_2025_0526_1101,0.0,0.5
KHT-XE5S,2025-07-06 14:30:00,9.328,8.909,KHT-XE5S_2025_0526_1101,0.0002000000000000668,0.5
KHT-XE5S,2025-07-06 14:40:00,9.3271,8.908,KHT-XE5S_2025_0526_1101,0.00010000000000012221,0.5
KHT-XE5S,2025-07-06 14:50:00,9.326,8.909,KHT-XE5S_2025_0526_1101,0.00010000000000012221,0.5
KHT-XE5S,2025-07-06 15:00:00,9.3247,8.909,KHT-XE5S_2025_0526_1101,0.0,0.5
KHT-XE5S,2025-07-06 15:10:00,9.3231,8.909,KHT-XE5S_2025_0526_1101,0.0,0.5
KHT-XE5S,2025-07-06 15:20:00,9.3226,8.908,KHT-XE5S_2025_0526_1101,0.00010000000000012221,0.5
KHT-XE5S,2025-07-06 15:30:00,9.3216,8.909,KHT-XE5S_2025_0526_1101,0.00010000000000012221,0.5
KHT-XE5S,2025-07-06 15:40:00,9.3197,8.909,KHT-XE5S_2025_0526_1101,0.0,0.5
KHT-XE5S,2025-07-06 15:50:00,9.3191,8.912,KHT-XE5S_2025_0526_1101,0.00030000000000001136,0.5
KHT-XE5S,2025-07-06 16:00:00,9.3181,8.91,KHT-XE5S_2025_0526_1101,0.0002000000000000668,0.5
KHT-XE5S,2025-07-06 16:10:00,9.3165,8.913,KHT-XE5S_2025_0526_1101,0.00030000000000001136,0.5
KHT-XE5S,2025-07-06 16:20:00,9.3162,8.912,KHT-XE5S_2025_0526_1101,9.999999999994457e-05,0.5
KHT-XE5S,2025-07-06 16:30:00,9.3148,8.911,KHT-XE5S_2025_0526_1101,0.00010000000000012221,0.5
KHT-XE5S,2025-07-06 16:40:00,9.3141,8.912,KHT-XE5S_2025_0526_1101,0.00010000000000012221,0.5
KHT-XE5S,2025-07-06 16:50:00,9.3137,8.913,KHT-XE5S_2025_0526_1101,9.999999999994457e-05,0.5
KHT-XE5S,2025-07-06 17:00:00,9.3129,8.912,KHT-XE5S_2025_0526_1101,9.999999999994457e-05,0.5
KHT-XE5S,2025-07-06 17:10:00,9.312,8.911,KHT-XE5S_2025_0526_1101,0.00010000000000012221,0.5
KHT-XE5S,2025-07-06 17:20:00,9.312,8.916,KHT-XE5S_2025_0526_1101,0.0005000000000000782,0.5
KHT-XE5S,2025-07-06 17:30:00,9.3119,8.913,KHT-XE5S_2025_0526_1101,0.00030000000000001136,0.5
KHT-XE5S,2025-07-06 17:40:00,9.3118,8.914,KHT-XE5S_2025_0526_1101,9.999999999994457e-05,0.5
KHT-XE5S,2025-07-06 17:50:00,9.3116,8.915,KHT-XE5S_2025_0526_1101,9.999999999994457e-05,0.5
KHT-XE5S,2025-07-06 18:00:00,9.3124,8.914,KHT-XE5S_2025_0526_1101,9.999999999994457e-05,0.5
KHT-XE5S,2025-07-06 18:10:00,9.3136,8.912,KHT-XE5S_2025_0526_1101,0.00019999999999988915,0.5
KHT-XE5S,2025-07-06 18:20:00,9.3146,8.914,KHT-XE5S_2025_0526_1101,0.00019999999999988915,0.5
KHT-XE5S,2025-07-06 18:30:00,9.3147,8.914,KHT-XE5S_2025_0526_1101,0.0,0.5
KHT-XE5S,2025-07-06 18:40:00,9.3153,8.917,KHT-XE5S_2025_0526_1101,0.00030000000000001136,0.5
KHT-XE5S,2025-07-06 18:50:00,9.3149,8.915,KHT-XE5S_2025_0526_1101,0.0002000000000000668,0.5
KHT-XE5S,2025-07-06 19:00:00,9.3152,8.916,KHT-XE5S_2025_0526_1101,0.00010000000000012221,0.5
KHT-XE5S,2025-07-06 19:10:00,9.3164,8.919,KHT-XE5S_2025_0526_1101,0.00030000000000001136,0.5
KHT-XE5S,2025-07-06 19:20:00,9.3176,8.916,KHT-XE5S_2025_0526_1101,0.00030000000000001136,0.5
KHT-XE5S,2025-07-06 19:30:00,9.3188,8.917,KHT-XE5S_2025_0526_1101,9.999999999994457e-05,0.5
KHT-XE5S,2025-07-06 19:40:00,9.3211,8.917,KHT-XE5S_2025_0526_1101,0.0,0.5
KHT-XE5S,2025-07-06 19:50:00,9.3231,8.919,KHT-XE5S_2025_0526_1101,0.0002000000000000668,0.5
KHT-XE5S,2025-07-06 20:00:00,9.3249,8.918,KHT-XE5S_2025_0526_1101,0.00010000000000012221,0.5
KHT-XE5S,2025-07-06 20:10:00,9.3272,8.918,KHT-XE5S_2025_0526_1101,0.0,0.5
KHT-XE5S,2025-07-06 20:20:00,9.3294,8.918,KHT-XE5S_2025_0526_1101,0.0,0.5
KHT-XE5S,2025-07-06 20:30:00,9.3319,8.918,KHT-XE5S_2025_0526_1101,0.0,0.5
KHT-XE5S,2025-07-06 20:40:00,9.3343,8.919,KHT-XE5S_2025_0526_1101,0.00010000000000012221,0.5
KHT-XE5S,2025-07-06 20:50:00,9.3358,8.919,KHT-XE5S_2025_0526_1101,0.0,0.5
KHT-XE5S,2025-07-06 21:00:00,9.3372,8.918,KHT-XE5S_2025_0526_1101,0.00010000000000012221,0.5
KHT-XE5S,2025-07-06 21:10:00,9.3389,8.919,KHT-XE5S_2025_0526_1101,0.00010000000000012221,0.5
KHT-XE5S,2025-07-06 21:20:00,9.3411,8.921,KHT-XE5S_2025_0526_1101,0.00019999999999988915,0.5
KHT-XE5S,2025-07-06 21:30:00,9.3436,8.92,KHT-XE5S_2025_0526_1101,9.999999999994457e-05,0.5
KHT-XE5S,2025-07-06 21:40:00,9.3455,8.92,KHT-XE5S_2025_0526_1101,0.0,0.5
KHT-XE5S,2025-07-06 21:50:00,9.3474,8.922,KHT-XE5S_2025_0526_1101,0.0002000000000000668,0.5
KHT-XE5S,2025-07-06 22:00:00,9.3489,8.921,KHT-XE5S_2025_0526_1101,0.00010000000000012221,0.5
KHT-XE5S,2025-07-06 22:10:00,9.3493,8.921,KHT-XE5S_2025_0526_1101,0.0,0.5
KHT-XE5S,2025-07-06 22:20:00,9.3499,8.92,KHT-XE5S_2025_0526_1101,9.999999999994457e-05,0.5
KHT-XE5S,2025-07-06 22:30:00,9.3509,8.922,KHT-XE5S_2025_0526_1101,0.0002000000000000668,0.5
KHT-XE5S,2025-07-06 22:40:00,9.3515,8.922,KHT-XE5S_2025_0526_1101,0.0,0.5
KHT-XE5S,2025-07-06 22:50:00,9.3522,8.923,KHT-XE5S_2025_0526_1101,9.999999999994457e-05,0.5
KHT-XE5S,2025-07-06 23:00:00,9.3527,8.923,KHT-XE5S_2025_0526_1101,0.0,0.5
KHT-XE5S,2025-07-06 23:10:00,9.353,8.924,KHT-XE5S_2025_0526_1101,9.999999999994457e-05,0.5
KHT-XE5S,2025-07-06 23:20:00,9.3537,8.922,KHT-XE5S_2025_0526_1101,0.00019999999999988915,0.5
KHT-XE5S,2025-07-06 23:30:00,9.3548,8.925,KHT-XE5S_2025_0526_1101,0.00030000000000001136,0.5
KHT-XE5S,2025-07-06 23:40:00,9.3554,8.924,KHT-XE5S_2025_0526_1101,0.00010000000000012221,0.5
KHT-XE5S,2025-07-06 23:50:00,9.3569,8.925,KHT-XE5S_2025_0526_1101,0.00010000000000012221,0.5
KHT-XE5S,2025-07-07 00:00:00,9.3578,8.926,KHT-XE5S_2025_0526_1101,9.999999999994457e-05,0.5
KHT-XE5S,2025-07-07 00:10:00,9.3582,8.926,KHT-XE5S_2025_0526_1101,0.0,0.5
KHT-XE5S,2025-07-07 00:20:00,9.3581,8.926,KHT-XE5S_2025_0526_1101,0.0,0.5
KHT-XE5S,2025-07-07 00:30:00,9.3586,8.927,KHT-XE5S_2025_0526_1101,9.999999999994457e-05,0.5
KHT-XE5S,2025-07-07 00:40:00,9.3586,8.926,KHT-XE5S_2025_0526_1101,9.999999999994457e-05,0.5
KHT-XE5S,2025-07-07 00:50:00,9.3586,8.924,KHT-XE5S_2025_0526_1101,0.0002000000000000668,0.5
KHT-XE5S,2025-07-07 01:00:00,9.3589,8.926,KHT-XE5S_2025_0526_1101,0.0002000000000000668,0.5
KHT-XE5S,2025-07-07 01:10:00,9.3595,8.928,KHT-XE5S_2025_0526_1101,0.0002000000000000668,0.5
KHT-XE5S,2025-07-07 01:20:00,9.3603,8.927,KHT-XE5S_2025_0526_1101,0.00010000000000012221,0.5
KHT-XE5S,2025-07-07 01:30:00,9.361,8.926,KHT-XE5S_2025_0526_1101,9.999999999994457e-05,0.5
KHT-XE5S,2025-07-07 01:40:00,9.3615,8.929,KHT-XE5S_2025_0526_1101,0.00030000000000001136,0.5
KHT-XE5S,2025-07-07 01:50:00,9.3622,8.928,KHT-XE5S_2025_0526_1101,9.999999999994457e-05,0.5
KHT-XE5S,2025-07-07 02:00:00,9.3626,8.928,KHT-XE5S_2025_0526_1101,0.0,0.5
KHT-XE5S,2025-07-07 02:10:00,9.3623,8.93,KHT-XE5S_2025_0526_1101,0.00019999999999988915,0.5
KHT-XE5S,2025-07-07 02:20:00,9.3624,8.929,KHT-XE5S_2025_0526_1101,9.999999999994457e-05,0.5
KHT-XE5S,2025-07-07 02:30:00,9.3631,8.928,KHT-XE5S_2025_0526_1101,9.999999999994457e-05,0.5
KHT-XE5S,2025-07-07 02:40:00,9.3633,8.93,KHT-XE5S_2025_0526_1101,0.00019999999999988915,0.5
KHT-XE5S,2025-07-07 02:50:00,9.3631,8.93,KHT-XE5S_2025_0526_1101,0.0,0.5
KHT-XE5S,2025-07-07 03:00:00,9.3635,8.931,KHT-XE5S_2025_0526_1101,9.999999999994457e-05,0.5
KHT-XE5S,2025-07-07 03:10:00,9.3633,8.93,KHT-XE5S_2025_0526_1101,9.999999999994457e-05,0.5
KHT-XE5S,2025-07-07 03:20:00,9.3636,8.932,KHT-XE5S_2025_0526_1101,0.0002000000000000668,0.5
KHT-XE5S,2025-07-07 03:30:00,9.3636,8.931,KHT-XE5S_2025_0526_1101,0.00010000000000012221,0.5
KHT-XE5S,2025-07-07 03:40:00,9.3635,8.932,KHT-XE5S_2025_0526_1101,0.00010000000000012221,0.5
KHT-XE5S,2025-07-07 03:50:00,9.364,8.932,KHT-XE5S_2025_0526_1101,0.0,0.5
KHT-XE5S,2025-07-07 04:00:00,9.3646,8.932,KHT-XE5S_2025_0526_1101,0.0,0.5
KHT-XE5S,2025-07-07 04:10:00,9.3648,8.931,KHT-XE5S_2025_0526_1101,0.00010000000000012221,0.5
KHT-XE5S,2025-07-07 04:20:00,9.3659,8.932,KHT-XE5S_2025_0526_1101,0.00010000000000012221,0.5
KHT-XE5S,2025-07-07 04:30:00,9.3667,8.934,KHT-XE5S_2025_0526_1101,0.00019999999999988915,0.5
KHT-XE5S,2025-07-07 04:40:00,9.3669,8.934,KHT-XE5S_2025_0526_1101,0.0,0.5
KHT-XE5S,2025-07-07 04:50:00,9.368,8.932,KHT-XE5S_2025_0526_1101,0.00019999999999988915,0.5
KHT-XE5S,2025-07-07 05:00:00,9.369,8.932,KHT-XE5S_2025_0526_1101,0.0,0.5
KHT-XE5S,2025-07-07 05:10:00,9.3697,8.935,KHT-XE5S_2025_0526_1101,0.00030000000000001136,0.5
KHT-XE5S,2025-07-07 05:20:00,9.3702,8.935,KHT-XE5S_2025_0526_1101,0.0,0.5
KHT-XE5S,2025-07-07 05:30:00,9.3708,8.935,KHT-XE5S_2025_0526_1101,0.0,0.5
KHT-XE5S,2025-07-07 05:40:00,9.371,8.935,KHT-XE5S_2025_0526_1101,0.0,0.5
KHT-XE5S,2025-07-07 05:50:00,9.3714,8.935,KHT-XE5S_2025_0526_1101,0.0,0.5
KHT-XE5S,2025-07-07 06:00:00,9.3719,8.936,KHT-XE5S_2025_0526_1101,9.999999999994457e-05,0.5
KHT-XE5S,2025-07-07 06:10:00,9.3727,8.937,KHT-XE5S_2025_0526_1101,9.999999999994457e-05,0.5
KHT-XE5S,2025-07-07 06:20:00,9.3729,8.935,KHT-XE5S_2025_0526_1101,0.00019999999999988915,0.5
KHT-XE5S,2025-07-07 06:30:00,9.3734,8.934,KHT-XE5S_2025_0526_1101,0.00010000000000012221,0.5
KHT-XE5S,2025-07-07 06:40:00,9.3744,8.936,KHT-XE5S_2025_0526_1101,0.0002000000000000668,0.5
KHT-XE5S,2025-07-07 06:50:00,9.3745,8.938,KHT-XE5S_2025_0526_1101,0.0002000000000000668,0.5
KHT-XE5S,2025-07-07 07:00:00,9.3748,8.937,KHT-XE5S_2025_0526_1101,0.00010000000000012221,0.5
KHT-XE5S,2025-07-07 07:10:00,9.3755,8.939,KHT-XE5S_2025_0526_1101,0.0002000000000000668,0.5
KHT-XE5S,2025-07-07 07:20:00,9.3763,8.938,KHT-XE5S_2025_0526_1101,9.999999999994457e-05,0.5
KHT-XE5S,2025-07-07 07:30:00,9.3775,8.939,KHT-XE5S_2025_0526_1101,9.999999999994457e-05,0.5
KHT-XE5S,2025-07-07 07:40:00,9.3782,8.939,KHT-XE5S_2025_0526_1101,0.0,0.5
KHT-XE5S,2025-07-07 07:50:00,9.3783,8.937,KHT-XE5S_2025_0526_1101,0.0002000000000000668,0.5
KHT-XE5S,2025-07-07 08:00:00,9.3786,8.938,KHT-XE5S_2025_0526_1101,0.00010000000000012221,0.5
KHT-XE5S,2025-07-07 08:10:00,9.3785,8.939,KHT-XE5S_2025_0526_1101,9.999999999994457e-05,0.5
KHT-XE5S,2025-07-07 08:20:00,9.3784,8.94,KHT-XE5S_2025_0526_1101,9.999999999994457e-05,0.5
KHT-XE5S,2025-07-07 08:30:00,9.3779,8.938,KHT-XE5S_2025_0526_1101,0.00019999999999988915,0.5
KHT-XE5S,2025-07-07 08:40:00,9.3772,8.941,KHT-XE5S_2025_0526_1101,0.00030000000000001136,0.5
KHT-XE5S,2025-07-07 08:50:00,9.3762,8.942,KHT-XE5S_2025_0526_1101,9.999999999994457e-05,0.5
KHT-XE5S,2025-07-07 09:00:00,9.375,8.943,KHT-XE5S_2025_0526_1101,9.999999999994457e-05,0.5
KHT-XE5S,2025-07-07 09:10:00,9.3735,8.941,KHT-XE5S_2025_0526_1101,0.00019999999999988915,0.5
KHT-XE5S,2025-07-07 09:20:00,9.3721,8.944,KHT-XE5S_2025_0526_1101,0.00030000000000001136,0.5
KHT-XE5S,2025-07-07 09:30:00,9.37,8.943,KHT-XE5S_2025_0526_1101,0.00010000000000012221,0.5
KHT-XE5S,2025-07-07 09:40:00,9.3674,8.944,KHT-XE5S_2025_0526_1101,0.00010000000000012221,0.5
KHT-XE5S,2025-07-07 09:50:00,9.3661,8.942,KHT-XE5S_2025_0526_1101,0.0002000000000000668,0.5
KHT-XE5S,2025-07-07 10:00:00,9.3639,8.944,KHT-XE5S_2025_0526_1101,0.0002000000000000668,0.5
KHT-XE5S,2025-07-07 10:10:00,9.3621,8.943,KHT-XE5S_2025_0526_1101,0.00010000000000012221,0.5
KHT-XE5S,2025-07-07 10:20:00,9.3592,8.945,KHT-XE5S_2025_0526_1101,0.0002000000000000668,0.5
KHT-XE5S,2025-07-07 10:30:00,9.357,8.943,KHT-XE5S_2025_0526_1101,0.0002000000000000668,0.5
KHT-XE5S,2025-07-07 10:40:00,9.3545,8.946,KHT-XE5S_2025_0526_1101,0.00030000000000001136,0.5
KHT-XE5S,2025-07-07 10:50:00,9.3518,8.944,KHT-XE5S_2025_0526_1101,0.00019999999999988915,0.5
KHT-XE5S,2025-07-07 11:00:00,9.3496,8.947,KHT-XE5S_2025_0526_1101,0.0002999999999998337,0.5
KHT-XE5S,2025-07-07 11:10:00,9.3464,8.948,KHT-XE5S_2025_0526_1101,0.00010000000000012221,0.5
KHT-XE5S,2025-07-07 11:20:00,9.3432,8.945,KHT-XE5S_2025_0526_1101,0.00030000000000001136,0.5
KHT-XE5S,2025-07-07 11:30:00,9.3403,8.946,KHT-XE5S_2025_0526_1101,9.999999999994457e-05,0.5
KHT-XE5S,2025-07-07 11:40:00,9.3384,8.946,KHT-XE5S_2025_0526_1101,0.0,0.5
KHT-XE5S,2025-07-07 11:50:00,9.3368,8.947,KHT-XE5S_2025_0526_1101,9.999999999994457e-05,0.5
KHT-XE5S,2025-07-07 12:00:00,9.3353,8.947,KHT-XE5S_2025_0526_1101,0.0,0.5
KHT-XE5S,2025-07-07 12:10:00,9.3331,8.948,KHT-XE5S_2025_0526_1101,0.00010000000000012221,0.5
KHT-XE5S,2025-07-07 12:20:00,9.3304,8.947,KHT-XE5S_2025_0526_1101,0.00010000000000012221,0.5
KHT-XE5S,2025-07-07 12:30:00,9.3279,8.947,KHT-XE5S_2025_0526_1101,0.0,0.5
KHT-XE5S,2025-07-07 12:40:00,9.3257,8.948,KHT-XE5S_2025_0526_1101,0.00010000000000012221,0.5
KHT-XE5S,2025-07-07 12:50:00,9.3226,8.946,KHT-XE5S_2025_0526_1101,0.0002000000000000668,0.5
KHT-XE5S,2025-07-07 13:00:00,9.3211,8.949,KHT-XE5S_2025_0526_1101,0.00030000000000001136,0.5
KHT-XE5S,2025-07-07 13:10:00,9.3193,8.948,KHT-XE5S_2025_0526_1101,9.999999999994457e-05,0.5
KHT-XE5S,2025-07-07 13:20:00,9.3169,8.949,KHT-XE5S_2025_0526_1101,9.999999999994457e-05,0.5
KHT-XE5S,2025-07-07 13:30:00,9.3151,8.948,KHT-XE5S_2025_0526_1101,9.999999999994457e-05,0.5
KHT-XE5S,2025-07-07 13:40:00,9.315,8.95,KHT-XE5S_2025_0526_1101,0.00019999999999988915,0.5
KHT-XE5S,2025-07-07 13:50:00,9.3142,8.949,KHT-XE5S_2025_0526_1101,9.999999999994457e-05,0.5
KHT-XE5S,2025-07-07 14:00:00,9.3124,8.949,KHT-XE5S_2025_0526_1101,0.0,0.5
KHT-XE5S,2025-07-07 14:10:00,9.3118,8.948,KHT-XE5S_2025_0526_1101,9.999999999994457e-05,0.5
KHT-XE5S,2025-07-07 14:20:00,9.3103,8.952,KHT-XE5S_2025_0526_1101,0.00039999999999995595,0.5
KHT-XE5S,2025-07-07 14:30:00,9.3095,8.951,KHT-XE5S_2025_0526_1101,9.999999999994457e-05,0.5
KHT-XE5S,2025-07-07 14:40:00,9.3086,8.952,KHT-XE5S_2025_0526_1101,9.999999999994457e-05,0.5
KHT-XE5S,2025-07-07 14:50:00,9.3083,8.951,KHT-XE5S_2025_0526_1101,9.999999999994457e-05,0.5
KHT-XE5S,2025-07-07 15:00:00,9.3072,8.95,KHT-XE5S_2025_0526_1101,0.00010000000000012221,0.5
KHT-XE5S,2025-07-07 15:10:00,9.3066,8.951,KHT-XE5S_2025_0526_1101,0.00010000000000012221,0.5
KHT-XE5S,2025-07-07 15:20:00,9.306,8.951,KHT-XE5S_2025_0526_1101,0.0,0.5
KHT-XE5S,2025-07-07 15:30:00,9.3052,8.951,KHT-XE5S_2025_0526_1101,0.0,0.5
KHT-XE5S,2025-07-07 15:40:00,9.3047,8.953,KHT-XE5S_2025_0526_1101,0.00019999999999988915,0.5
KHT-XE5S,2025-07-07 15:50:00,9.3059,8.952,KHT-XE5S_2025_0526_1101,9.999999999994457e-05,0.5
KHT-XE5S,2025-07-07 16:00:00,9.306,8.954,KHT-XE5S_2025_0526_1101,0.0002000000000000668,0.5
KHT-XE5S,2025-07-07 16:10:00,9.3056,8.954,KHT-XE5S_2025_0526_1101,0.0,0.5
KHT-XE5S,2025-07-07 16:20:00,9.3058,8.955,KHT-XE5S_2025_0526_1101,9.999999999994457e-05,0.5
KHT-XE5S,2025-07-07 16:30:00,9.3067,8.953,KHT-XE5S_2025_0526_1101,0.0002000000000000668,0.5
KHT-XE5S,2025-07-07 16:40:00,9.3066,8.953,KHT-XE5S_2025_0526_1101,0.0,0.5
KHT-XE5S,2025-07-07 16:50:00,9.3058,8.953,KHT-XE5S_2025_0526_1101,0.0,0.5
KHT-XE5S,2025-07-07 17:00:00,9.3062,8.955,KHT-XE5S_2025_0526_1101,0.0002000000000000668,0.5
KHT-XE5S,2025-07-07 17:10:00,9.306,8.957,KHT-XE5S_2025_0526_1101,0.0002000000000000668,0.5
KHT-XE5S,2025-07-07 17:20:00,9.3064,8.954,KHT-XE5S_2025_0526_1101,0.00030000000000001136,0.5
KHT-XE5S,2025-07-07 17:30:00,9.3065,8.955,KHT-XE5S_2025_0526_1101,9.999999999994457e-05,0.5
KHT-XE5S,2025-07-07 17:40:00,9.3076,8.956,KHT-XE5S_2025_0526_1101,9.999999999994457e-05,0.5
KHT-XE5S,2025-07-07 17:50:00,9.3084,8.955,KHT-XE5S_2025_0526_1101,9.999999999994457e-05,0.5
KHT-XE5S,2025-07-07 18:00:00,9.3103,8.958,KHT-XE5S_2025_0526_1101,0.00030000000000001136,0.5
KHT-XE5S,2025-07-07 18:10:00,9.3116,8.955,KHT-XE5S_2025_0526_1101,0.00030000000000001136,0.5
KHT-XE5S,2025-07-07 18:20:00,9.3126,8.957,KHT-XE5S_2025_0526_1101,0.0002000000000000668,0.5
KHT-XE5S,2025-07-07 18:30:00,9.3147,8.956,KHT-XE5S_2025_0526_1101,0.00010000000000012221,0.5
KHT-XE5S,2025-07-07 18:40:00,9.3159,8.958,KHT-XE5S_2025_0526_1101,0.0002000000000000668,0.5
KHT-XE5S,2025-07-07 18:50:00,9.3169,8.958,KHT-XE5S_2025_0526_1101,0.0,0.5
KHT-XE5S,2025-07-07 19:00:00,9.3176,8.957,KHT-XE5S_2025_0526_1101,9.999999999994457e-05,0.5
KHT-XE5S,2025-07-07 19:10:00,9.3191,8.957,KHT-XE5S_2025_0526_1101,0.0,0.5
KHT-XE5S,2025-07-07 19:20:00,9.321,8.96,KHT-XE5S_2025_0526_1101,0.00030000000000001136,0.5
KHT-XE5S,2025-07-07 19:30:00,9.3233,8.96,KHT-XE5S_2025_0526_1101,0.0,0.5
KHT-XE5S,2025-07-07 19:40:00,9.3259,8.959,KHT-XE5S_2025_0526_1101,0.00010000000000012221,0.5
KHT-XE5S,2025-07-07 19:50:00,9.3286,8.957,KHT-XE5S_2025_0526_1101,0.00019999999999988915,0.5
KHT-XE5S,2025-07-07 20:00:00,9.3306,8.96,KHT-XE5S_2025_0526_1101,0.00030000000000001136,0.5
KHT-XE5S,2025-07-07 20:10:00,9.3327,8.961,KHT-XE5S_2025_0526_1101,9.999999999994457e-05,0.5
KHT-XE5S,2025-07-07 20:20:00,9.3346,8.961,KHT-XE5S_2025_0526_1101,0.0,0.5
KHT-XE5S,2025-07-07 20:30:00,9.3372,8.959,KHT-XE5S_2025_0526_1101,0.0002000000000000668,0.5
KHT-XE5S,2025-07-07 20:40:00,9.3393,8.962,KHT-XE5S_2025_0526_1101,0.00030000000000001136,0.5
KHT-XE5S,2025-07-07 20:50:00,9.3408,8.961,KHT-XE5S_2025_0526_1101,9.999999999994457e-05,0.5
KHT-XE5S,2025-07-07 21:00:00,9.3429,8.963,KHT-XE5S_2025_0526_1101,0.00019999999999988915,0.5
KHT-XE5S,2025-07-07 21:10:00,9.3452,8.963,KHT-XE5S_2025_0526_1101,0.0,0.5
KHT-XE5S,2025-07-07 21:20:00,9.3468,8.963,KHT-XE5S_2025_0526_1101,0.0,0.5
KHT-XE5S,2025-07-07 21:30:00,9.3494,8.962,KHT-XE5S_2025_0526_1101,9.999999999994457e-05,0.5
KHT-XE5S,2025-07-07 21:40:00,9.3516,8.962,KHT-XE5S_2025_0526_1101,0.0,0.5
KHT-XE5S,2025-07-07 21:50:00,9.354,8.963,KHT-XE5S_2025_0526_1101,9.999999999994457e-05,0.5
KHT-XE5S,2025-07-07 22:00:00,9.3561,8.965,KHT-XE5S_2025_0526_1101,0.0002000000000000668,0.5
KHT-XE5S,2025-07-07 22:10:00,9.3577,8.962,KHT-XE5S_2025_0526_1101,0.00030000000000001136,0.5
KHT-XE5S,2025-07-07 22:20:00,9.3587,8.964,KHT-XE5S_2025_0526_1101,0.0002000000000000668,0.5
KHT-XE5S,2025-07-07 22:30:00,9.3614,8.963,KHT-XE5S_2025_0526_1101,0.00010000000000012221,0.5
KHT-XE5S,2025-07-07 22:40:00,9.3616,8.964,KHT-XE5S_2025_0526_1101,0.00010000000000012221,0.5
KHT-XE5S,2025-07-07 22:50:00,9.3638,8.964,KHT-XE5S_2025_0526_1101,0.0,0.5
KHT-XE5S,2025-07-07 23:00:00,9.3653,8.965,KHT-XE5S_2025_0526_1101,9.999999999994457e-05,0.5
KHT-XE5S,2025-07-07 23:10:00,9.366,8.965,KHT-XE5S_2025_0526_1101,0.0,0.5
KHT-XE5S,2025-07-07 23:20:00,9.3664,8.967,KHT-XE5S_2025_0526_1101,0.0002000000000000668,0.5
KHT-XE5S,2025-07-07 23:30:00,9.3668,8.965,KHT-XE5S_2025_0526_1101,0.0002000000000000668,0.5
KHT-XE5S,2025-07-07 23:40:00,9.3678,8.966,KHT-XE5S_2025_0526_1101,9.999999999994457e-05,0.5
KHT-XE5S,2025-07-07 23:50:00,9.3683,8.966,KHT-XE5S_2025_0526_1101,0.0,0.5
KHT-XE5S,2025-07-08 00:00:00,9.3701,8.967,KHT-XE5S_2025_0526_1101,0.00010000000000012221,0.5
KHT-XE5S,2025-07-08 00:10:00,9.3697,8.969,KHT-XE5S_2025_0526_1101,0.00019999999999988915,0.5
KHT-XE5S,2025-07-08 00:20:00,9.3698,8.966,KHT-XE5S_2025_0526_1101,0.00030000000000001136,0.5
KHT-XE5S,2025-07-08 00:30:00,9.3707,8.968,KHT-XE5S_2025_0526_1101,0.0002000000000000668,0.5
KHT-XE5S,2025-07-08 00:40:00,9.3709,8.968,KHT-XE5S_2025_0526_1101,0.0,0.5
KHT-XE5S,2025-07-08 00:50:00,9.3717,8.968,KHT-XE5S_2025_0526_1101,0.0,0.5
KHT-XE5S,2025-07-08 01:00:00,9.3724,8.967,KHT-XE5S_2025_0526_1101,9.999999999994457e-05,0.5
KHT-XE5S,2025-07-08 01:10:00,9.3729,8.968,KHT-XE5S_2025_0526_1101,9.999999999994457e-05,0.5
KHT-XE5S,2025-07-08 01:20:00,9.3735,8.971,KHT-XE5S_2025_0526_1101,0.00030000000000001136,0.5
KHT-XE5S,2025-07-08 01:30:00,9.3742,8.969,KHT-XE5S_2025_0526_1101,0.0002000000000000668,0.5
KHT-XE5S,2025-07-08 01:40:00,9.375,8.969,KHT-XE5S_2025_0526_1101,0.0,0.5
KHT-XE5S,2025-07-08 01:50:00,9.3761,8.97,KHT-XE5S_2025_0526_1101,0.00010000000000012221,0.5
KHT-XE5S,2025-07-08 02:00:00,9.3774,8.971,KHT-XE5S_2025_0526_1101,9.999999999994457e-05,0.5
KHT-XE5S,2025-07-08 02:10:00,9.3777,8.971,KHT-XE5S_2025_0526_1101,0.0,0.5
KHT-XE5S,2025-07-08 02:20:00,9.378,8.971,KHT-XE5S_2025_0526_1101,0.0,0.5
KHT-XE5S,2025-07-08 02:30:00,9.3784,8.973,KHT-XE5S_2025_0526_1101,0.0002000000000000668,0.5
KHT-XE5S,2025-07-08 02:40:00,9.379,8.97,KHT-XE5S_2025_0526_1101,0.00030000000000001136,0.5
KHT-XE5S,2025-07-08 02:50:00,9.3787,8.971,KHT-XE5S_2025_0526_1101,9.999999999994457e-05,0.5
KHT-XE5S,2025-07-08 03:00:00,9.3781,8.974,KHT-XE5S_2025_0526_1101,0.00030000000000001136,0.5
KHT-XE5S,2025-07-08 03:10:00,9.3777,8.971,KHT-XE5S_2025_0526_1101,0.00030000000000001136,0.5
KHT-XE5S,2025-07-08 03:20:00,9.3785,8.973,KHT-XE5S_2025_0526_1101,0.0002000000000000668,0.5
KHT-XE5S,2025-07-08 03:30:00,9.3794,8.972,KHT-XE5S_2025_0526_1101,0.00010000000000012221,0.5
KHT-XE5S,2025-07-08 03:40:00,9.3798,8.972,KHT-XE5S_2025_0526_1101,0.0,0.5
KHT-XE5S,2025-07-08 03:50:00,9.3806,8.975,KHT-XE5S_2025_0526_1101,0.00030000000000001136,0.5
KHT-XE5S,2025-07-08 04:00:00,9.3818,8.974,KHT-XE5S_2025_0526_1101,9.999999999994457e-05,0.5
KHT-XE5S,2025-07-08 04:10:00,9.3822,8.974,KHT-XE5S_2025_0526_1101,0.0,0.5
KHT-XE5S,2025-07-08 04:20:00,9.383,8.975,KHT-XE5S_2025_0526_1101,9.999999999994457e-05,0.5
KHT-XE5S,2025-07-08 04:30:00,9.3829,8.974,KHT-XE5S_2025_0526_1101,9.999999999994457e-05,0.5
KHT-XE5S,2025-07-08 04:40:00,9.3841,8.975,KHT-XE5S_2025_0526_1101,9.999999999994457e-05,0.5
KHT-XE5S,2025-07-08 04:50:00,9.3845,8.975,KHT-XE5S_2025_0526_1101,0.0,0.5
KHT-XE5S,2025-07-08 05:00:00,9.3852,8.975,KHT-XE5S_2025_0526_1101,0.0,0.5
KHT-XE5S,2025-07-08 05:10:00,9.3863,8.976,KHT-XE5S_2025_0526_1101,0.00010000000000012221,0.5
KHT-XE5S,2025-07-08 05:20:00,9.3877,8.977,KHT-XE5S_2025_0526_1101,9.999999999994457e-05,0.5
KHT-XE5S,2025-07-08 05:30:00,9.3885,8.976,KHT-XE5S_2025_0526_1101,9.999999999994457e-05,0.5
KHT-XE5S,2025-07-08 05:40:00,9.3891,8.975,KHT-XE5S_2025_0526_1101,0.00010000000000012221,0.5
KHT-XE5S,2025-07-08 05:50:00,9.3898,8.977,KHT-XE5S_2025_0526_1101,0.0002000000000000668,0.5
KHT-XE5S,2025-07-08 06:00:00,9.3902,8.977,KHT-XE5S_2025_0526_1101,0.0,0.5
KHT-XE5S,2025-07-08 06:10:00,9.3913,8.977,KHT-XE5S_2025_0526_1101,0.0,0.5
KHT-XE5S,2025-07-08 06:20:00,9.392,8.977,KHT-XE5S_2025_0526_1101,0.0,0.5
KHT-XE5S,2025-07-08 06:30:00,9.3924,8.978,KHT-XE5S_2025_0526_1101,9.999999999994457e-05,0.5
KHT-XE5S,2025-07-08 06:40:00,9.3937,8.98,KHT-XE5S_2025_0526_1101,0.0002000000000000668,0.5
KHT-XE5S,2025-07-08 06:50:00,9.3947,8.98,KHT-XE5S_2025_0526_1101,0.0,0.5
KHT-XE5S,2025-07-08 07:00:00,9.3957,8.979,KHT-XE5S_2025_0526_1101,0.00010000000000012221,0.5
KHT-XE5S,2025-07-08 07:10:00,9.3964,8.981,KHT-XE5S_2025_0526_1101,0.0002000000000000668,0.5
KHT-XE5S,2025-07-08 07:20:00,9.3969,8.98,KHT-XE5S_2025_0526_1101,9.999999999994457e-05,0.5
KHT-XE5S,2025-07-08 07:30:00,9.3973,8.98,KHT-XE5S_2025_0526_1101,0.0,0.5
KHT-XE5S,2025-07-08 07:40:00,9.3979,8.979,KHT-XE5S_2025_0526_1101,0.00010000000000012221,0.5
KHT-XE5S,2025-07-08 07:50:00,9.3986,8.981,KHT-XE5S_2025_0526_1101,0.0002000000000000668,0.5
KHT-XE5S,2025-07-08 08:00:00,9.3992,8.981,KHT-XE5S_2025_0526_1101,0.0,0.5
KHT-XE5S,2025-07-08 08:10:00,9.3995,8.982,KHT-XE5S_2025_0526_1101,9.999999999994457e-05,0.5
KHT-XE5S,2025-07-08 08:20:00,9.3989,8.983,KHT-XE5S_2025_0526_1101,0.00010000000000012221,0.5
KHT-XE5S,2025-07-08 08:30:00,9.3983,8.981,KHT-XE5S_2025_0526_1101,0.0002000000000000668,0.5
KHT-XE5S,2025-07-08 08:40:00,9.398,8.983,KHT-XE5S_2025_0526_1101,0.0002000000000000668,0.5
KHT-XE5S,2025-07-08 08:50:00,9.3971,8.983,KHT-XE5S_2025_0526_1101,0.0,0.5
KHT-XE5S,2025-07-08 09:00:00,9.3961,8.982,KHT-XE5S_2025_0526_1101,0.00010000000000012221,0.5
KHT-XE5S,2025-07-08 09:10:00,9.3946,8.984,KHT-XE5S_2025_0526_1101,0.0002000000000000668,0.5
KHT-XE5S,2025-07-08 09:20:00,9.3935,8.984,KHT-XE5S_2025_0526_1101,0.0,0.5
KHT-XE5S,2025-07-08 09:30:00,9.3918,8.984,KHT-XE5S_2025_0526_1101,0.0,0.5
KHT-XE5S,2025-07-08 09:40:00,9.3898,8.985,KHT-XE5S_2025_0526_1101,9.999999999994457e-05,0.5
KHT-XE5S,2025-07-08 09:50:00,9.387,8.986,KHT-XE5S_2025_0526_1101,0.00010000000000012221,0.5
KHT-XE5S,2025-07-08 10:00:00,9.3845,8.985,KHT-XE5S_2025_0526_1101,0.00010000000000012221,0.5
KHT-XE5S,2025-07-08 10:10:00,9.3834,8.985,KHT-XE5S_2025_0526_1101,0.0,0.5
KHT-XE5S,2025-07-08 10:20:00,9.3806,8.984,KHT-XE5S_2025_0526_1101,9.999999999994457e-05,0.5
KHT-XE5S,2025-07-08 10:30:00,9.3787,8.986,KHT-XE5S_2025_0526_1101,0.0002000000000000668,0.5
KHT-XE5S,2025-07-08 10:40:00,9.3757,8.986,KHT-XE5S_2025_0526_1101,0.0,0.5
KHT-XE5S,2025-07-08 10:50:00,9.3734,8.987,KHT-XE5S_2025_0526_1101,9.999999999994457e-05,0.5
KHT-XE5S,2025-07-08 11:00:00,9.3711,8.986,KHT-XE5S_2025_0526_1101,9.999999999994457e-05,0.5
KHT-XE5S,2025-07-08 11:10:00,9.3681,8.986,KHT-XE5S_2025_0526_1101,0.0,0.5
KHT-XE5S,2025-07-08 11:20:00,9.3655,8.987,KHT-XE5S_2025_0526_1101,9.999999999994457e-05,0.5
KHT-XE5S,2025-07-08 11:30:00,9.3619,8.987,KHT-XE5S_2025_0526_1101,0.0,0.5
KHT-XE5S,2025-07-08 11:40:00,9.36,8.986,KHT-XE5S_2025_0526_1101,9.999999999994457e-05,0.5
KHT-XE5S,2025-07-08 11:50:00,9.3579,8.987,KHT-XE5S_2025_0526_1101,9.999999999994457e-05,0.5
KHT-XE5S,2025-07-08 12:00:00,9.3565,8.989,KHT-XE5S_2025_0526_1101,0.0002000000000000668,0.5
KHT-XE5S,2025-07-08 12:10:00,9.3552,8.987,KHT-XE5S_2025_0526_1101,0.0002000000000000668,0.5
KHT-XE5S,2025-07-08 12:20:00,9.3531,8.988,KHT-XE5S_2025_0526_1101,9.999999999994457e-05,0.5
KHT-XE5S,2025-07-08 12:30:00,9.3509,8.987,KHT-XE5S_2025_0526_1101,9.999999999994457e-05,0.5
KHT-XE5S,2025-07-08 12:40:00,9.3503,8.99,KHT-XE5S_2025_0526_1101,0.00030000000000001136,0.5
KHT-XE5S,2025-07-08 12:50:00,9.3491,8.989,KHT-XE5S_2025_0526_1101,9.999999999994457e-05,0.5
KHT-XE5S,2025-07-08 13:00:00,9.347,8.989,KHT-XE5S_2025_0526_1101,0.0,0.5
KHT-XE5S,2025-07-08 13:10:00,9.3451,8.989,KHT-XE5S_2025_0526_1101,0.0,0.5
KHT-XE5S,2025-07-08 13:20:00,9.3436,8.99,KHT-XE5S_2025_0526_1101,9.999999999994457e-05,0.5
KHT-XE5S,2025-07-08 13:30:00,9.343,8.992,KHT-XE5S_2025_0526_1101,0.0002000000000000668,0.5
KHT-XE5S,2025-07-08 13:40:00,9.3425,8.989,KHT-XE5S_2025_0526_1101,0.00030000000000001136,0.5
KHT-XE5S,2025-07-08 13:50:00,9.3408,8.99,KHT-XE5S_2025_0526_1101,9.999999999994457e-05,0.5
KHT-XE5S,2025-07-08 14:00:00,9.3399,8.989,KHT-XE5S_2025_0526_1101,9.999999999994457e-05,0.5
KHT-XE5S,2025-07-08 14:10:00,9.3396,8.992,KHT-XE5S_2025_0526_1101,0.00030000000000001136,0.5
KHT-XE5S,2025-07-08 14:20:00,9.3389,8.991,KHT-XE5S_2025_0526_1101,0.00010000000000012221,0.5
KHT-XE5S,2025-07-08 14:30:00,9.3395,8.991,KHT-XE5S_2025_0526_1101,0.0,0.5
KHT-XE5S,2025-07-08 14:40:00,9.3379,8.994,KHT-XE5S_2025_0526_1101,0.00030000000000001136,0.5
KHT-XE5S,2025-07-08 14:50:00,9.3378,8.992,KHT-XE5S_2025_0526_1101,0.00019999999999988915,0.5
KHT-XE5S,2025-07-08 15:00:00,9.3368,8.994,KHT-XE5S_2025_0526_1101,0.00019999999999988915,0.5
KHT-XE5S,2025-07-08 15:10:00,9.3369,8.992,KHT-XE5S_2025_0526_1101,0.00019999999999988915,0.5
KHT-XE5S,2025-07-08 15:20:00,9.3368,8.994,KHT-XE5S_2025_0526_1101,0.00019999999999988915,0.5
KHT-XE5S,2025-07-08 15:30:00,9.3365,8.991,KHT-XE5S_2025_0526_1101,0.00030000000000001136,0.5
KHT-XE5S,2025-07-08 15:40:00,9.3353,8.994,KHT-XE5S_2025_0526_1101,0.00030000000000001136,0.5
KHT-XE5S,2025-07-08 15:50:00,9.3332,8.994,KHT-XE5S_2025_0526_1101,0.0,0.5
KHT-XE5S,2025-07-08 16:00:00,9.3337,8.995,KHT-XE5S_2025_0526_1101,9.999999999994457e-05,0.5
KHT-XE5S,2025-07-08 16:10:00,9.3325,8.994,KHT-XE5S_2025_0526_1101,9.999999999994457e-05,0.5
KHT-XE5S,2025-07-08 16:20:00,9.3324,8.993,KHT-XE5S_2025_0526_1101,9.999999999994457e-05,0.5
KHT-XE5S,2025-07-08 16:30:00,9.333,8.995,KHT-XE5S_2025_0526_1101,0.00019999999999988915,0.5
KHT-XE5S,2025-07-08 16:40:00,9.3315,8.993,KHT-XE5S_2025_0526_1101,0.00019999999999988915,0.5
KHT-XE5S,2025-07-08 16:50:00,9.3315,8.995,KHT-XE5S_2025_0526_1101,0.00019999999999988915,0.5
KHT-XE5S,2025-07-08 17:00:00,9.3322,8.997,KHT-XE5S_2025_0526_1101,0.0002000000000000668,0.5
KHT-XE5S,2025-07-08 17:10:00,9.3324,8.997,KHT-XE5S_2025_0526_1101,0.0,0.5
KHT-XE5S,2025-07-08 17:20:00,9.3328,8.997,KHT-XE5S_2025_0526_1101,0.0,0.5
KHT-XE5S,2025-07-08 17:30:00,9.3341,8.996,KHT-XE5S_2025_0526_1101,9.999999999994457e-05,0.5
KHT-XE5S,2025-07-08 17:40:00,9.3344,8.997,KHT-XE5S_2025_0526_1101,9.999999999994457e-05,0.5
KHT-XE5S,2025-07-08 17:50:00,9.3342,8.999,KHT-XE5S_2025_0526_1101,0.0002000000000000668,0.5
KHT-XE5S,2025-07-08 18:00:00,9.3349,8.996,KHT-XE5S_2025_0526_1101,0.00030000000000001136,0.5
KHT-XE5S,2025-07-08 18:10:00,9.3353,8.997,KHT-XE5S_2025_0526_1101,9.999999999994457e-05,0.5
KHT-XE5S,2025-07-08 18:20:00,9.337,8.997,KHT-XE5S_2025_0526_1101,0.0,0.5
KHT-XE5S,2025-07-08 18:30:00,9.3378,8.997,KHT-XE5S_2025_0526_1101,0.0,0.5
KHT-XE5S,2025-07-08 18:40:00,9.3407,8.998,KHT-XE5S_2025_0526_1101,9.999999999994457e-05,0.5
KHT-XE5S,2025-07-08 18:50:00,9.3404,8.999,KHT-XE5S_2025_0526_1101,0.00010000000000012221,0.5
KHT-XE5S,2025-07-08 19:00:00,9.3413,9.0,KHT-XE5S_2025_0526_1101,9.999999999994457e-05,0.5
KHT-XE5S,2025-07-08 19:10:00,9.3408,8.999,KHT-XE5S_2025_0526_1101,9.999999999994457e-05,0.5
KHT-XE5S,2025-07-08 19:20:00,9.3411,8.999,KHT-XE5S_2025_0526_1101,0.0,0.5
KHT-XE5S,2025-07-08 19:30:00,9.3413,8.999,KHT-XE5S_2025_0526_1101,0.0,0.5
KHT-XE5S,2025-07-08 19:40:00,9.3427,9.0,KHT-XE5S_2025_0526_1101,9.999999999994457e-05,0.5
KHT-XE5S,2025-07-08 19:50:00,9.344,9.0,KHT-XE5S_2025_0526_1101,0.0,0.5
KHT-XE5S,2025-07-08 20:00:00,9.3456,9.0,KHT-XE5S_2025_0526_1101,0.0,0.5
KHT-XE5S,2025-07-08 20:10:00,9.3475,9.001,KHT-XE5S_2025_0526_1101,9.999999999994457e-05,0.5
KHT-XE5S,2025-07-08 20:20:00,9.3499,9.0,KHT-XE5S_2025_0526_1101,9.999999999994457e-05,0.5
KHT-XE5S,2025-07-08 20:30:00,9.3518,9.0,KHT-XE5S_2025_0526_1101,0.0,0.5
KHT-XE5S,2025-07-08 20:40:00,9.3538,9.003,KHT-XE5S_2025_0526_1101,0.00030000000000001136,0.5
KHT-XE5S,2025-07-08 20:50:00,9.3562,9.0,KHT-XE5S_2025_0526_1101,0.00030000000000001136,0.5
KHT-XE5S,2025-07-08 21:00:00,9.3595,9.003,KHT-XE5S_2025_0526_1101,0.00030000000000001136,0.5
KHT-XE5S,2025-07-08 21:10:00,9.361,9.003,KHT-XE5S_2025_0526_1101,0.0,0.5
KHT-XE5S,2025-07-08 21:20:00,9.3626,9.001,KHT-XE5S_2025_0526_1101,0.0002000000000000668,0.5
KHT-XE5S,2025-07-08 21:30:00,9.364,9.004,KHT-XE5S_2025_0526_1101,0.00030000000000001136,0.5
KHT-XE5S,2025-07-08 21:40:00,9.3664,9.002,KHT-XE5S_2025_0526_1101,0.00019999999999988915,0.5
KHT-XE5S,2025-07-08 21:50:00,9.3683,9.004,KHT-XE5S_2025_0526_1101,0.00019999999999988915,0.5
KHT-XE5S,2025-07-08 22:00:00,9.3693,9.004,KHT-XE5S_2025_0526_1101,0.0,0.5
KHT-XE5S,2025-07-08 22:10:00,9.3701,9.004,KHT-XE5S_2025_0526_1101,0.0,0.5
KHT-XE5S,2025-07-08 22:20:00,9.3709,9.003,KHT-XE5S_2025_0526_1101,9.999999999994457e-05,0.5
KHT-XE5S,2025-07-08 22:30:00,9.3716,9.004,KHT-XE5S_2025_0526_1101,9.999999999994457e-05,0.5
KHT-XE5S,2025-07-08 22:40:00,9.3722,9.005,KHT-XE5S_2025_0526_1101,0.00010000000000012221,0.5
KHT-XE5S,2025-07-08 22:50:00,9.372,9.005,KHT-XE5S_2025_0526_1101,0.0,0.5
KHT-XE5S,2025-07-08 23:00:00,9.3726,9.005,KHT-XE5S_2025_0526_1101,0.0,0.5
KHT-XE5S,2025-07-08 23:10:00,9.3728,9.005,KHT-XE5S_2025_0526_1101,0.0,0.5
KHT-XE5S,2025-07-08 23:20:00,9.373,9.006,KHT-XE5S_2025_0526_1101,9.999999999994457e-05,0.5
KHT-XE5S,2025-07-08 23:30:00,9.3738,9.006,KHT-XE5S_2025_0526_1101,0.0,0.5
KHT-XE5S,2025-07-08 23:40:00,9.3743,9.004,KHT-XE5S_2025_0526_1101,0.0002000000000000668,0.5
KHT-XE5S,2025-07-08 23:50:00,9.3744,9.007,KHT-XE5S_2025_0526_1101,0.00030000000000001136,0.5
KHT-XE5S,2025-07-09 00:00:00,9.3753,9.006,KHT-XE5S_2025_0526_1101,9.999999999994457e-05,0.5
KHT-XE5S,2025-07-09 00:10:00,9.3762,9.006,KHT-XE5S_2025_0526_1101,0.0,0.5
KHT-XE5S,2025-07-09 00:20:00,9.3764,9.007,KHT-XE5S_2025_0526_1101,9.999999999994457e-05,0.5
KHT-XE5S,2025-07-09 00:30:00,9.3775,9.007,KHT-XE5S_2025_0526_1101,0.0,0.5
KHT-XE5S,2025-07-09 00:40:00,9.3772,9.007,KHT-XE5S_2025_0526_1101,0.0,0.5
KHT-XE5S,2025-07-09 00:50:00,9.3778,9.007,KHT-XE5S_2025_0526_1101,0.0,0.5
KHT-XE5S,2025-07-09 01:00:00,9.3785,9.009,KHT-XE5S_2025_0526_1101,0.0002000000000000668,0.5
KHT-XE5S,2025-07-09 01:10:00,9.3785,9.009,KHT-XE5S_2025_0526_1101,0.0,0.5
KHT-XE5S,2025-07-09 01:20:00,9.3779,9.009,KHT-XE5S_2025_0526_1101,0.0,0.5
KHT-XE5S,2025-07-09 01:30:00,9.3783,9.009,KHT-XE5S_2025_0526_1101,0.0,0.5
KHT-XE5S,2025-07-09 01:40:00,9.3788,9.011,KHT-XE5S_2025_0526_1101,0.00019999999999988915,0.5
KHT-XE5S,2025-07-09 01:50:00,9.3795,9.011,KHT-XE5S_2025_0526_1101,0.0,0.5
KHT-XE5S,2025-07-09 02:00:00,9.3791,9.012,KHT-XE5S_2025_0526_1101,0.00010000000000012221,0.5
KHT-XE5S,2025-07-09 02:10:00,9.3796,9.011,KHT-XE5S_2025_0526_1101,0.00010000000000012221,0.5
KHT-XE5S,2025-07-09 02:20:00,9.3801,9.01,KHT-XE5S_2025_0526_1101,9.999999999994457e-05,0.5
KHT-XE5S,2025-07-09 02:30:00,9.3804,9.012,KHT-XE5S_2025_0526_1101,0.0002000000000000668,0.5
KHT-XE5S,2025-07-09 02:40:00,9.3806,9.011,KHT-XE5S_2025_0526_1101,0.00010000000000012221,0.5
KHT-XE5S,2025-07-09 02:50:00,9.3814,9.013,KHT-XE5S_2025_0526_1101,0.0002000000000000668,0.5
KHT-XE5S,2025-07-09 03:00:00,9.3825,9.013,KHT-XE5S_2025_0526_1101,0.0,0.5
KHT-XE5S,2025-07-09 03:10:00,9.3825,9.013,KHT-XE5S_2025_0526_1101,0.0,0.5
KHT-XE5S,2025-07-09 03:20:00,9.3829,9.012,KHT-XE5S_2025_0526_1101,9.999999999994457e-05,0.5
KHT-XE5S,2025-07-09 03:30:00,9.3846,9.013,KHT-XE5S_2025_0526_1101,9.999999999994457e-05,0.5
KHT-XE5S,2025-07-09 03:40:00,9.3846,9.012,KHT-XE5S_2025_0526_1101,9.999999999994457e-05,0.5
KHT-XE5S,2025-07-09 03:50:00,9.385,9.015,KHT-XE5S_2025_0526_1101,0.00030000000000001136,0.5
KHT-XE5S,2025-07-09 04:00:00,9.385,9.014,KHT-XE5S_2025_0526_1101,0.00010000000000012221,0.5
KHT-XE5S,2025-07-09 04:10:00,9.3851,9.015,KHT-XE5S_2025_0526_1101,0.00010000000000012221,0.5
KHT-XE5S,2025-07-09 04:20:00,9.3851,9.013,KHT-XE5S_2025_0526_1101,0.0002000000000000668,0.5
KHT-XE5S,2025-07-09 04:30:00,9.3848,9.016,KHT-XE5S_2025_0526_1101,0.00030000000000001136,0.5
KHT-XE5S,2025-07-09 04:40:00,9.3858,9.016,KHT-XE5S_2025_0526_1101,0.0,0.5
KHT-XE5S,2025-07-09 04:50:00,9.3863,9.015,KHT-XE5S_2025_0526_1101,9.999999999994457e-05,0.5
KHT-XE5S,2025-07-09 05:00:00,9.3868,9.016,KHT-XE5S_2025_0526_1101,9.999999999994457e-05,0.5
KHT-XE5S,2025-07-09 05:10:00,9.3879,9.015,KHT-XE5S_2025_0526_1101,9.999999999994457e-05,0.5
KHT-XE5S,2025-07-09 05:20:00,9.3902,9.017,KHT-XE5S_2025_0526_1101,0.00019999999999988915,0.5
KHT-XE5S,2025-07-09 05:30:00,9.3923,9.017,KHT-XE5S_2025_0526_1101,0.0,0.5
KHT-XE5S,2025-07-09 05:40:00,9.3921,9.017,KHT-XE5S_2025_0526_1101,0.0,0.5
KHT-XE5S,2025-07-09 05:50:00,9.3928,9.017,KHT-XE5S_2025_0526_1101,0.0,0.5
KHT-XE5S,2025-07-09 06:00:00,9.3923,9.018,KHT-XE5S_2025_0526_1101,0.00010000000000012221,0.5
KHT-XE5S,2025-07-09 06:10:00,9.392,9.015,KHT-XE5S_2025_0526_1101,0.00030000000000001136,0.5
KHT-XE5S,2025-07-09 06:20:00,9.3922,9.018,KHT-XE5S_2025_0526_1101,0.00030000000000001136,0.5
KHT-XE5S,2025-07-09 06:30:00,9.3935,9.018,KHT-XE5S_2025_0526_1101,0.0,0.5
KHT-XE5S,2025-07-09 06:40:00,9.3938,9.02,KHT-XE5S_2025_0526_1101,0.00019999999999988915,0.5
KHT-XE5S,2025-07-09 06:50:00,9.3942,9.018,KHT-XE5S_2025_0526_1101,0.00019999999999988915,0.5
KHT-XE5S,2025-07-09 07:00:00,9.3942,9.019,KHT-XE5S_2025_0526_1101,9.999999999994457e-05,0.5
KHT-XE5S,2025-07-09 07:10:00,9.3944,9.018,KHT-XE5S_2025_0526_1101,9.999999999994457e-05,0.5
KHT-XE5S,2025-07-09 07:20:00,9.3946,9.019,KHT-XE5S_2025_0526_1101,9.999999999994457e-05,0.5
KHT-XE5S,2025-07-09 07:30:00,9.3945,9.02,KHT-XE5S_2025_0526_1101,9.999999999994457e-05,0.5
KHT-XE5S,2025-07-09 07:40:00,9.3947,9.02,KHT-XE5S_2025_0526_1101,0.0,0.5
KHT-XE5S,2025-07-09 07:50:00,9.3967,9.019,KHT-XE5S_2025_0526_1101,9.999999999994457e-05,0.5
KHT-XE5S,2025-07-09 08:00:00,9.3967,9.022,KHT-XE5S_2025_0526_1101,0.00030000000000001136,0.5
KHT-XE5S,2025-07-09 08:10:00,9.3959,9.02,KHT-XE5S_2025_0526_1101,0.0002000000000000668,0.5
KHT-XE5S,2025-07-09 08:20:00,9.3952,9.023,KHT-XE5S_2025_0526_1101,0.00030000000000001136,0.5
KHT-XE5S,2025-07-09 08:30:00,9.3951,9.021,KHT-XE5S_2025_0526_1101,0.00019999999999988915,0.5
KHT-XE5S,2025-07-09 08:40:00,9.3949,9.024,KHT-XE5S_2025_0526_1101,0.0002999999999998337,0.5
KHT-XE5S,2025-07-09 08:50:00,9.3936,9.022,KHT-XE5S_2025_0526_1101,0.00019999999999988915,0.5
KHT-XE5S,2025-07-09 09:00:00,9.3924,9.023,KHT-XE5S_2025_0526_1101,9.999999999994457e-05,0.5
KHT-XE5S,2025-07-09 09:10:00,9.3915,9.023,KHT-XE5S_2025_0526_1101,0.0,0.5
KHT-XE5S,2025-07-09 09:20:00,9.3892,9.024,KHT-XE5S_2025_0526_1101,9.999999999994457e-05,0.5
KHT-XE5S,2025-07-09 09:30:00,9.388,9.024,KHT-XE5S_2025_0526_1101,0.0,0.5
KHT-XE5S,2025-07-09 09:40:00,9.3868,9.025,KHT-XE5S_2025_0526_1101,0.00010000000000012221,0.5
KHT-XE5S,2025-07-09 09:50:00,9.3836,9.026,KHT-XE5S_2025_0526_1101,9.999999999994457e-05,0.5
KHT-XE5S,2025-07-09 10:00:00,9.3816,9.024,KHT-XE5S_2025_0526_1101,0.0002000000000000668,0.5
KHT-XE5S,2025-07-09 10:10:00,9.3804,9.024,KHT-XE5S_2025_0526_1101,0.0,0.5
KHT-XE5S,2025-07-09 10:20:00,9.378,9.026,KHT-XE5S_2025_0526_1101,0.0002000000000000668,0.5
KHT-XE5S,2025-07-09 10:30:00,9.3757,9.025,KHT-XE5S_2025_0526_1101,9.999999999994457e-05,0.5
KHT-XE5S,2025-07-09 10:40:00,9.3718,9.026,KHT-XE5S_2025_0526_1101,9.999999999994457e-05,0.5
KHT-XE5S,2025-07-09 10:50:00,9.3704,9.027,KHT-XE5S_2025_0526_1101,9.999999999994457e-05,0.5
KHT-XE5S,2025-07-09 11:00:00,9.3677,9.027,KHT-XE5S_2025_0526_1101,0.0,0.5
KHT-XE5S,2025-07-09 11:10:00,9.366,9.026,KHT-XE5S_2025_0526_1101,9.999999999994457e-05,0.5
KHT-XE5S,2025-07-09 11:20:00,9.3628,9.026,KHT-XE5S_2025_0526_1101,0.0,0.5
KHT-XE5S,2025-07-09 11:30:00,9.3622,9.026,KHT-XE5S_2025_0526_1101,0.0,0.5
KHT-XE5S,2025-07-09 11:40:00,9.3604,9.027,KHT-XE5S_2025_0526_1101,9.999999999994457e-05,0.5
KHT-XE5S,2025-07-09 11:50:00,9.3577,9.029,KHT-XE5S_2025_0526_1101,0.0002000000000000668,0.5
KHT-XE5S,2025-07-09 12:00:00,9.3564,9.028,KHT-XE5S_2025_0526_1101,9.999999999994457e-05,0.5
KHT-XE5S,2025-07-09 12:10:00,9.3518,9.027,KHT-XE5S_2025_0526_1101,0.00010000000000012221,0.5
KHT-XE5S,2025-07-09 12:20:00,9.3508,9.027,KHT-XE5S_2025_0526_1101,0.0,0.5
KHT-XE5S,2025-07-09 12:30:00,9.3485,9.028,KHT-XE5S_2025_0526_1101,0.00010000000000012221,0.5
KHT-XE5S,2025-07-09 12:40:00,9.3462,9.028,KHT-XE5S_2025_0526_1101,0.0,0.5
KHT-XE5S,2025-07-09 12:50:00,9.3441,9.028,KHT-XE5S_2025_0526_1101,0.0,0.5
KHT-XE5S,2025-07-09 13:00:00,9.3427,9.029,KHT-XE5S_2025_0526_1101,9.999999999994457e-05,0.5
KHT-XE5S,2025-07-09 13:10:00,9.3423,9.028,KHT-XE5S_2025_0526_1101,9.999999999994457e-05,0.5
KHT-XE5S,2025-07-09 13:20:00,9.3421,9.03,KHT-XE5S_2025_0526_1101,0.00019999999999988915,0.5
KHT-XE5S,2025-07-09 13:30:00,9.3405,9.028,KHT-XE5S_2025_0526_1101,0.00019999999999988915,0.5
KHT-XE5S,2025-07-09 13:40:00,9.3392,9.031,KHT-XE5S_2025_0526_1101,0.00030000000000001136,0.5
KHT-XE5S,2025-07-09 13:50:00,9.3369,9.029,KHT-XE5S_2025_0526_1101,0.0002000000000000668,0.5
KHT-XE5S,2025-07-09 14:00:00,9.3367,9.03,KHT-XE5S_2025_0526_1101,9.999999999994457e-05,0.5
KHT-XE5S,2025-07-09 14:10:00,9.3377,9.029,KHT-XE5S_2025_0526_1101,9.999999999994457e-05,0.5
KHT-XE5S,2025-07-09 14:20:00,9.3359,9.03,KHT-XE5S_2025_0526_1101,9.999999999994457e-05,0.5
KHT-XE5S,2025-07-09 14:30:00,9.3346,9.031,KHT-XE5S_2025_0526_1101,0.00010000000000012221,0.5
KHT-XE5S,2025-07-09 14:40:00,9.3348,9.03,KHT-XE5S_2025_0526_1101,0.00010000000000012221,0.5
KHT-XE5S,2025-07-09 14:50:00,9.3337,9.031,KHT-XE5S_2025_0526_1101,0.00010000000000012221,0.5
KHT-XE5S,2025-07-09 15:00:00,9.3333,9.032,KHT-XE5S_2025_0526_1101,9.999999999994457e-05,0.5
KHT-XE5S,2025-07-09 15:10:00,9.3338,9.031,KHT-XE5S_2025_0526_1101,9.999999999994457e-05,0.5
KHT-XE5S,2025-07-09 15:20:00,9.333,9.032,KHT-XE5S_2025_0526_1101,9.999999999994457e-05,0.5
KHT-XE5S,2025-07-09 15:30:00,9.3313,9.033,KHT-XE5S_2025_0526_1101,9.999999999994457e-05,0.5
KHT-XE5S,2025-07-09 15:40:00,9.3303,9.032,KHT-XE5S_2025_0526_1101,9.999999999994457e-05,0.5
KHT-XE5S,2025-07-09 15:50:00,9.3309,9.034,KHT-XE5S_2025_0526_1101,0.0002000000000000668,0.5
KHT-XE5S,2025-07-09 16:00:00,9.3294,9.032,KHT-XE5S_2025_0526_1101,0.0002000000000000668,0.5
KHT-XE5S,2025-07-09 16:10:00,9.3301,9.033,KHT-XE5S_2025_0526_1101,9.999999999994457e-05,0.5
KHT-XE5S,2025-07-09 16:20:00,9.3304,9.035,KHT-XE5S_2025_0526_1101,0.0002000000000000668,0.5
KHT-XE5S,2025-07-09 16:30:00,9.3285,9.033,KHT-XE5S_2025_0526_1101,0.0002000000000000668,0.5
KHT-XE5S,2025-07-09 16:40:00,9.3286,9.034,KHT-XE5S_2025_0526_1101,0.00010000000000012221,0.5
KHT-XE5S,2025-07-09 16:50:00,9.3275,9.034,KHT-XE5S_2025_0526_1101,0.0,0.5
KHT-XE5S,2025-07-09 17:00:00,9.3262,9.036,KHT-XE5S_2025_0526_1101,0.00019999999999988915,0.5
KHT-XE5S,2025-07-09 17:10:00,9.3262,9.034,KHT-XE5S_2025_0526_1101,0.00019999999999988915,0.5
KHT-XE5S,2025-07-09 17:20:00,9.3262,9.035,KHT-XE5S_2025_0526_1101,9.999999999994457e-05,0.5
KHT-XE5S,2025-07-09 17:30:00,9.327,9.035,KHT-XE5S_2025_0526_1101,0.0,0.5
KHT-XE5S,2025-07-09 17:40:00,9.3275,9.035,KHT-XE5S_2025_0526_1101,0.0,0.5
KHT-XE5S,2025-07-09 17:50:00,9.3283,9.036,KHT-XE5S_2025_0526_1101,9.999999999994457e-05,0.5
KHT-XE5S,2025-07-09 18:00:00,9.3285,9.034,KHT-XE5S_2025_0526_1101,0.00019999999999988915,0.5
KHT-XE5S,2025-07-09 18:10:00,9.3298,9.035,KHT-XE5S_2025_0526_1101,9.999999999994457e-05,0.5
KHT-XE5S,2025-07-09 18:20:00,9.3311,9.036,KHT-XE5S_2025_0526_1101,9.999999999994457e-05,0.5
KHT-XE5S,2025-07-09 18:30:00,9.3333,9.037,KHT-XE5S_2025_0526_1101,0.00010000000000012221,0.5
KHT-XE5S,2025-07-09 18:40:00,9.3344,9.037,KHT-XE5S_2025_0526_1101,0.0,0.5
KHT-XE5S,2025-07-09 18:50:00,9.3354,9.037,KHT-XE5S_2025_0526_1101,0.0,0.5
KHT-XE5S,2025-07-09 19:00:00,9.3368,9.037,KHT-XE5S_2025_0526_1101,0.0,0.5
KHT-XE5S,2025-07-09 19:10:00,9.3383,9.035,KHT-XE5S_2025_0526_1101,0.0002000000000000668,0.5
KHT-XE5S,2025-07-09 19:20:00,9.3398,9.039,KHT-XE5S_2025_0526_1101,0.00039999999999995595,0.5
KHT-XE5S,2025-07-09 19:30:00,9.3417,9.038,KHT-XE5S_2025_0526_1101,9.999999999994457e-05,0.5
KHT-XE5S,2025-07-09 19:40:00,9.3435,9.038,KHT-XE5S_2025_0526_1101,0.0,0.5
KHT-XE5S,2025-07-09 19:50:00,9.3453,9.04,KHT-XE5S_2025_0526_1101,0.00019999999999988915,0.5
KHT-XE5S,2025-07-09 20:00:00,9.3473,9.04,KHT-XE5S_2025_0526_1101,0.0,0.5
KHT-XE5S,2025-07-09 20:10:00,9.3497,9.038,KHT-XE5S_2025_0526_1101,0.00019999999999988915,0.5
KHT-XE5S,2025-07-09 20:20:00,9.3516,9.041,KHT-XE5S_2025_0526_1101,0.00030000000000001136,0.5
KHT-XE5S,2025-07-09 20:30:00,9.3535,9.039,KHT-XE5S_2025_0526_1101,0.0002000000000000668,0.5
KHT-XE5S,2025-07-09 20:40:00,9.3556,9.039,KHT-XE5S_2025_0526_1101,0.0,0.5
KHT-XE5S,2025-07-09 20:50:00,9.3577,9.04,KHT-XE5S_2025_0526_1101,9.999999999994457e-05,0.5
KHT-XE5S,2025-07-09 21:00:00,9.359,9.041,KHT-XE5S_2025_0526_1101,0.00010000000000012221,0.5
KHT-XE5S,2025-07-09 21:10:00,9.3606,9.04,KHT-XE5S_2025_0526_1101,0.00010000000000012221,0.5
KHT-XE5S,2025-07-09 21:20:00,9.3628,9.042,KHT-XE5S_2025_0526_1101,0.0002000000000000668,0.5
KHT-XE5S,2025-07-09 21:30:00,9.3646,9.043,KHT-XE5S_2025_0526_1101,9.999999999994457e-05,0.5
KHT-XE5S,2025-07-09 21:40:00,9.3667,9.042,KHT-XE5S_2025_0526_1101,9.999999999994457e-05,0.5
KHT-XE5S,2025-07-09 21:50:00,9.3681,9.041,KHT-XE5S_2025_0526_1101,9.999999999994457e-05,0.5
KHT-XE5S,2025-07-09 22:00:00,9.3699,9.044,KHT-XE5S_2025_0526_1101,0.00030000000000001136,0.5
KHT-XE5S,2025-07-09 22:10:00,9.3709,9.043,KHT-XE5S_2025_0526_1101,0.00010000000000012221,0.5
KHT-XE5S,2025-07-09 22:20:00,9.3718,9.043,KHT-XE5S_2025_0526_1101,0.0,0.5
KHT-XE5S,2025-07-09 22:30:00,9.3715,9.045,KHT-XE5S_2025_0526_1101,0.0002000000000000668,0.5
KHT-XE5S,2025-07-09 22:40:00,9.3715,9.044,KHT-XE5S_2025_0526_1101,9.999999999994457e-05,0.5
KHT-XE5S,2025-07-09 22:50:00,9.3719,9.044,KHT-XE5S_2025_0526_1101,0.0,0.5
KHT-XE5S,2025-07-09 23:00:00,9.3729,9.043,KHT-XE5S_2025_0526_1101,0.00010000000000012221,0.5
KHT-XE5S,2025-07-09 23:10:00,9.3746,9.046,KHT-XE5S_2025_0526_1101,0.00030000000000001136,0.5
KHT-XE5S,2025-07-09 23:20:00,9.3751,9.046,KHT-XE5S_2025_0526_1101,0.0,0.5
KHT-XE5S,2025-07-09 23:30:00,9.3756,9.046,KHT-XE5S_2025_0526_1101,0.0,0.5
KHT-XE5S,2025-07-09 23:40:00,9.376,9.046,KHT-XE5S_2025_0526_1101,0.0,0.5
KHT-XE5S,2025-07-09 23:50:00,9.376,9.047,KHT-XE5S_2025_0526_1101,0.00010000000000012221,0.5
KHT-XE5S,2025-07-10 00:00:00,9.3761,9.045,KHT-XE5S_2025_0526_1101,0.0002000000000000668,0.5
KHT-XE5S,2025-07-10 00:10:00,9.3767,9.046,KHT-XE5S_2025_0526_1101,9.999999999994457e-05,0.5
KHT-XE5S,2025-07-10 00:20:00,9.3773,9.047,KHT-XE5S_2025_0526_1101,0.00010000000000012221,0.5
KHT-XE5S,2025-07-10 00:30:00,9.3774,9.046,KHT-XE5S_2025_0526_1101,0.00010000000000012221,0.5
KHT-XE5S,2025-07-10 00:40:00,9.3778,9.048,KHT-XE5S_2025_0526_1101,0.0002000000000000668,0.5
KHT-XE5S,2025-07-10 00:50:00,9.378,9.048,KHT-XE5S_2025_0526_1101,0.0,0.5
KHT-XE5S,2025-07-10 01:00:00,9.3783,9.048,KHT-XE5S_2025_0526_1101,0.0,0.5
KHT-XE5S,2025-07-10 01:10:00,9.3784,9.048,KHT-XE5S_2025_0526_1101,0.0,0.5
KHT-XE5S,2025-07-10 01:20:00,9.379,9.049,KHT-XE5S_2025_0526_1101,9.999999999994457e-05,0.5
KHT-XE5S,2025-07-10 01:30:00,9.3797,9.048,KHT-XE5S_2025_0526_1101,9.999999999994457e-05,0.5
KHT-XE5S,2025-07-10 01:40:00,9.381,9.046,KHT-XE5S_2025_0526_1101,0.0002000000000000668,0.5
KHT-XE5S,2025-07-10 01:50:00,9.3809,9.048,KHT-XE5S_2025_0526_1101,0.0002000000000000668,0.5
KHT-XE5S,2025-07-10 02:00:00,9.3809,9.051,KHT-XE5S_2025_0526_1101,0.00030000000000001136,0.5
KHT-XE5S,2025-07-10 02:10:00,9.3816,9.05,KHT-XE5S_2025_0526_1101,9.999999999994457e-05,0.5
KHT-XE5S,2025-07-10 02:20:00,9.3815,9.049,KHT-XE5S_2025_0526_1101,0.00010000000000012221,0.5
KHT-XE5S,2025-07-10 02:30:00,9.382,9.051,KHT-XE5S_2025_0526_1101,0.0002000000000000668,0.5
KHT-XE5S,2025-07-10 02:40:00,9.382,9.051,KHT-XE5S_2025_0526_1101,0.0,0.5
KHT-XE5S,2025-07-10 02:50:00,9.3817,9.052,KHT-XE5S_2025_0526_1101,9.999999999994457e-05,0.5
KHT-XE5S,2025-07-10 03:00:00,9.3821,9.051,KHT-XE5S_2025_0526_1101,9.999999999994457e-05,0.5
KHT-XE5S,2025-07-10 03:10:00,9.3828,9.051,KHT-XE5S_2025_0526_1101,0.0,0.5
KHT-XE5S,2025-07-10 03:20:00,9.3824,9.052,KHT-XE5S_2025_0526_1101,9.999999999994457e-05,0.5
KHT-XE5S,2025-07-10 03:30:00,9.3823,9.052,KHT-XE5S_2025_0526_1101,0.0,0.5
KHT-XE5S,2025-07-10 03:40:00,9.3824,9.052,KHT-XE5S_2025_0526_1101,0.0,0.5
KHT-XE5S,2025-07-10 03:50:00,9.3824,9.052,KHT-XE5S_2025_0526_1101,0.0,0.5
KHT-XE5S,2025-07-10 04:00:00,9.3832,9.053,KHT-XE5S_2025_0526_1101,0.00010000000000012221,0.5
KHT-XE5S,2025-07-10 04:10:00,9.3839,9.054,KHT-XE5S_2025_0526_1101,9.999999999994457e-05,0.5
KHT-XE5S,2025-07-10 04:20:00,9.3832,9.052,KHT-XE5S_2025_0526_1101,0.0002000000000000668,0.5
KHT-XE5S,2025-07-10 04:30:00,9.3831,9.053,KHT-XE5S_2025_0526_1101,0.00010000000000012221,0.5
KHT-XE5S,2025-07-10 04:40:00,9.3832,9.053,KHT-XE5S_2025_0526_1101,0.0,0.5
KHT-XE5S,2025-07-10 04:50:00,9.383,9.054,KHT-XE5S_2025_0526_1101,9.999999999994457e-05,0.5
KHT-XE5S,2025-07-10 05:00:00,9.3835,9.054,KHT-XE5S_2025_0526_1101,0.0,0.5
KHT-XE5S,2025-07-10 05:10:00,9.3842,9.055,KHT-XE5S_2025_0526_1101,9.999999999994457e-05,0.5
KHT-XE5S,2025-07-10 05:20:00,9.3854,9.054,KHT-XE5S_2025_0526_1101,9.999999999994457e-05,0.5
KHT-XE5S,2025-07-10 05:30:00,9.386,9.054,KHT-XE5S_2025_0526_1101,0.0,0.5
KHT-XE5S,2025-07-10 05:40:00,9.3873,9.055,KHT-XE5S_2025_0526_1101,9.999999999994457e-05,0.5
KHT-XE5S,2025-07-10 05:50:00,9.3874,9.055,KHT-XE5S_2025_0526_1101,0.0,0.5
KHT-XE5S,2025-07-10 06:00:00,9.3882,9.055,KHT-XE5S_2025_0526_1101,0.0,0.5
KHT-XE5S,2025-07-10 06:10:00,9.3886,9.056,KHT-XE5S_2025_0526_1101,9.999999999994457e-05,0.5
KHT-XE5S,2025-07-10 06:20:00,9.3891,9.058,KHT-XE5S_2025_0526_1101,0.0002000000000000668,0.5
KHT-XE5S,2025-07-10 06:30:00,9.3901,9.055,KHT-XE5S_2025_0526_1101,0.00030000000000001136,0.5
KHT-XE5S,2025-07-10 06:40:00,9.3904,9.057,KHT-XE5S_2025_0526_1101,0.0002000000000000668,0.5
KHT-XE5S,2025-07-10 06:50:00,9.3904,9.059,KHT-XE5S_2025_0526_1101,0.00019999999999988915,0.5
KHT-XE5S,2025-07-10 07:00:00,9.3916,9.058,KHT-XE5S_2025_0526_1101,9.999999999994457e-05,0.5
KHT-XE5S,2025-07-10 07:10:00,9.3924,9.058,KHT-XE5S_2025_0526_1101,0.0,0.5
KHT-XE5S,2025-07-10 07:20:00,9.393,9.059,KHT-XE5S_2025_0526_1101,9.999999999994457e-05,0.5
KHT-XE5S,2025-07-10 07:30:00,9.3935,9.06,KHT-XE5S_2025_0526_1101,0.00010000000000012221,0.5
KHT-XE5S,2025-07-10 07:40:00,9.394,9.059,KHT-XE5S_2025_0526_1101,0.00010000000000012221,0.5
KHT-XE5S,2025-07-10 07:50:00,9.3955,9.058,KHT-XE5S_2025_0526_1101,9.999999999994457e-05,0.5
KHT-XE5S,2025-07-10 08:00:00,9.3959,9.059,KHT-XE5S_2025_0526_1101,9.999999999994457e-05,0.5
KHT-XE5S,2025-07-10 08:10:00,9.3961,9.06,KHT-XE5S_2025_0526_1101,0.00010000000000012221,0.5
KHT-XE5S,2025-07-10 08:20:00,9.396,9.059,KHT-XE5S_2025_0526_1101,0.00010000000000012221,0.5
KHT-XE5S,2025-07-10 08:30:00,9.3957,9.062,KHT-XE5S_2025_0526_1101,0.00030000000000001136,0.5
KHT-XE5S,2025-07-10 08:40:00,9.395,9.061,KHT-XE5S_2025_0526_1101,9.999999999994457e-05,0.5
KHT-XE5S,2025-07-10 08:50:00,9.3939,9.063,KHT-XE5S_2025_0526_1101,0.0002000000000000668,0.5
KHT-XE5S,2025-07-10 09:00:00,9.3927,9.061,KHT-XE5S_2025_0526_1101,0.0002000000000000668,0.5
KHT-XE5S,2025-07-10 09:10:00,9.3902,9.061,KHT-XE5S_2025_0526_1101,0.0,0.5
KHT-XE5S,2025-07-10 09:20:00,9.3882,9.062,KHT-XE5S_2025_0526_1101,9.999999999994457e-05,0.5
KHT-XE5S,2025-07-10 09:30:00,9.3862,9.062,KHT-XE5S_2025_0526_1101,0.0,0.5
KHT-XE5S,2025-07-10 09:40:00,9.3844,9.062,KHT-XE5S_2025_0526_1101,0.0,0.5
KHT-XE5S,2025-07-10 09:50:00,9.3826,9.064,KHT-XE5S_2025_0526_1101,0.0002000000000000668,0.5
KHT-XE5S,2025-07-10 10:00:00,9.38,9.064,KHT-XE5S_2025_0526_1101,0.0,0.5
KHT-XE5S,2025-07-10 10:10:00,9.3778,9.064,KHT-XE5S_2025_0526_1101,0.0,0.5
KHT-XE5S,2025-07-10 10:20:00,9.3749,9.064,KHT-XE5S_2025_0526_1101,0.0,0.5
KHT-XE5S,2025-07-10 10:30:00,9.3724,9.064,KHT-XE5S_2025_0526_1101,0.0,0.5
KHT-XE5S,2025-07-10 10:40:00,9.3694,9.065,KHT-XE5S_2025_0526_1101,9.999999999994457e-05,0.5
KHT-XE5S,2025-07-10 10:50:00,9.3664,9.063,KHT-XE5S_2025_0526_1101,0.00019999999999988915,0.5
KHT-XE5S,2025-07-10 11:00:00,9.363,9.064,KHT-XE5S_2025_0526_1101,9.999999999994457e-05,0.5
KHT-XE5S,2025-07-10 11:10:00,9.361,9.063,KHT-XE5S_2025_0526_1101,9.999999999994457e-05,0.5
KHT-XE5S,2025-07-10 11:20:00,9.3582,9.065,KHT-XE5S_2025_0526_1101,0.00019999999999988915,0.5
KHT-XE5S,2025-07-10 11:30:00,9.3547,9.064,KHT-XE5S_2025_0526_1101,9.999999999994457e-05,0.5
KHT-XE5S,2025-07-10 11:40:00,9.3517,9.064,KHT-XE5S_2025_0526_1101,0.0,0.5
KHT-XE5S,2025-07-10 11:50:00,9.3486,9.067,KHT-XE5S_2025_0526_1101,0.00030000000000001136,0.5
KHT-XE5S,2025-07-10 12:00:00,9.345,9.067,KHT-XE5S_2025_0526_1101,0.0,0.5
KHT-XE5S,2025-07-10 12:10:00,9.3415,9.066,KHT-XE5S_2025_0526_1101,9.999999999994457e-05,0.5
KHT-XE5S,2025-07-10 12:20:00,9.3383,9.064,KHT-XE5S_2025_0526_1101,0.0002000000000000668,0.5
KHT-XE5S,2025-07-10 12:30:00,9.3357,9.066,KHT-XE5S_2025_0526_1101,0.0002000000000000668,0.5
KHT-XE5S,2025-07-10 12:40:00,9.3323,9.066,KHT-XE5S_2025_0526_1101,0.0,0.5
KHT-XE5S,2025-07-10 12:50:00,9.3294,9.067,KHT-XE5S_2025_0526_1101,9.999999999994457e-05,0.5
KHT-XE5S,2025-07-10 13:00:00,9.3278,9.066,KHT-XE5S_2025_0526_1101,9.999999999994457e-05,0.5
KHT-XE5S,2025-07-10 13:10:00,9.325,9.066,KHT-XE5S_2025_0526_1101,0.0,0.5
KHT-XE5S,2025-07-10 13:20:00,9.3228,9.067,KHT-XE5S_2025_0526_1101,9.999999999994457e-05,0.5
KHT-XE5S,2025-07-10 13:30:00,9.3215,9.068,KHT-XE5S_2025_0526_1101,9.999999999994457e-05,0.5
KHT-XE5S,2025-07-10 13:40:00,9.3196,9.067,KHT-XE5S_2025_0526_1101,9.999999999994457e-05,0.5
KHT-XE5S,2025-07-10 13:50:00,9.3174,9.067,KHT-XE5S_2025_0526_1101,0.0,0.5
KHT-XE5S,2025-07-10 14:00:00,9.3162,9.067,KHT-XE5S_2025_0526_1101,0.0,0.5
KHT-XE5S,2025-07-10 14:10:00,9.3134,9.068,KHT-XE5S_2025_0526_1101,9.999999999994457e-05,0.5
KHT-XE5S,2025-07-10 14:20:00,9.3116,9.069,KHT-XE5S_2025_0526_1101,0.00010000000000012221,0.5
KHT-XE5S,2025-07-10 14:30:00,9.3094,9.069,KHT-XE5S_2025_0526_1101,0.0,0.5
KHT-XE5S,2025-07-10 14:40:00,9.3078,9.069,KHT-XE5S_2025_0526_1101,0.0,0.5
KHT-XE5S,2025-07-10 14:50:00,9.3063,9.069,KHT-XE5S_2025_0526_1101,0.0,0.5
KHT-XE5S,2025-07-10 15:00:00,9.3051,9.07,KHT-XE5S_2025_0526_1101,9.999999999994457e-05,0.5
KHT-XE5S,2025-07-10 15:10:00,9.3031,9.07,KHT-XE5S_2025_0526_1101,0.0,0.5
KHT-XE5S,2025-07-10 15:20:00,9.3022,9.069,KHT-XE5S_2025_0526_1101,9.999999999994457e-05,0.5
KHT-XE5S,2025-07-10 15:30:00,9.3008,9.069,KHT-XE5S_2025_0526_1101,0.0,0.5
KHT-XE5S,2025-07-10 15:40:00,9.2995,9.07,KHT-XE5S_2025_0526_1101,9.999999999994457e-05,0.5
KHT-XE5S,2025-07-10 15:50:00,9.2978,9.072,KHT-XE5S_2025_0526_1101,0.00019999999999988915,0.5
KHT-XE5S,2025-07-10 16:00:00,9.2974,9.071,KHT-XE5S_2025_0526_1101,9.999999999994457e-05,0.5
KHT-XE5S,2025-07-10 16:10:00,9.296,9.071,KHT-XE5S_2025_0526_1101,0.0,0.5
KHT-XE5S,2025-07-10 16:20:00,9.2953,9.071,KHT-XE5S_2025_0526_1101,0.0,0.5
KHT-XE5S,2025-07-10 16:30:00,9.2945,9.073,KHT-XE5S_2025_0526_1101,0.0002000000000000668,0.5
KHT-XE5S,2025-07-10 16:40:00,9.2936,9.072,KHT-XE5S_2025_0526_1101,0.00010000000000012221,0.5
KHT-XE5S,2025-07-10 16:50:00,9.293,9.072,KHT-XE5S_2025_0526_1101,0.0,0.5
KHT-XE5S,2025-07-10 17:00:00,9.2921,9.075,KHT-XE5S_2025_0526_1101,0.00030000000000001136,0.5
KHT-XE5S,2025-07-10 17:10:00,9.2916,9.072,KHT-XE5S_2025_0526_1101,0.00030000000000001136,0.5
KHT-XE5S,2025-07-10 17:20:00,9.2911,9.072,KHT-XE5S_2025_0526_1101,0.0,0.5
KHT-XE5S,2025-07-10 17:30:00,9.2908,9.073,KHT-XE5S_2025_0526_1101,0.00010000000000012221,0.5
KHT-XE5S,2025-07-10 17:40:00,9.2917,9.074,KHT-XE5S_2025_0526_1101,9.999999999994457e-05,0.5
KHT-XE5S,2025-07-10 17:50:00,9.2923,9.074,KHT-XE5S_2025_0526_1101,0.0,0.5
KHT-XE5S,2025-07-10 18:00:00,9.2941,9.075,KHT-XE5S_2025_0526_1101,9.999999999994457e-05,0.5
KHT-XE5S,2025-07-10 18:10:00,9.296,9.074,KHT-XE5S_2025_0526_1101,9.999999999994457e-05,0.5
KHT-XE5S,2025-07-10 18:20:00,9.2972,9.075,KHT-XE5S_2025_0526_1101,9.999999999994457e-05,0.5
KHT-XE5S,2025-07-10 18:30:00,9.2993,9.076,KHT-XE5S_2025_0526_1101,0.00010000000000012221,0.5
KHT-XE5S,2025-07-10 18:40:00,9.2999,9.075,KHT-XE5S_2025_0526_1101,0.00010000000000012221,0.5
KHT-XE5S,2025-07-10 18:50:00,9.3012,9.078,KHT-XE5S_2025_0526_1101,0.00030000000000001136,0.5
KHT-XE5S,2025-07-10 19:00:00,9.3026,9.076,KHT-XE5S_2025_0526_1101,0.00019999999999988915,0.5
KHT-XE5S,2025-07-10 19:10:00,9.3031,9.076,KHT-XE5S_2025_0526_1101,0.0,0.5
KHT-XE5S,2025-07-10 19:20:00,9.3042,9.078,KHT-XE5S_2025_0526_1101,0.00019999999999988915,0.5
KHT-XE5S,2025-07-10 19:30:00,9.3049,9.077,KHT-XE5S_2025_0526_1101,9.999999999994457e-05,0.5
KHT-XE5S,2025-07-10 19:40:00,9.307,9.076,KHT-XE5S_2025_0526_1101,9.999999999994457e-05,0.5
KHT-XE5S,2025-07-10 19:50:00,9.3093,9.078,KHT-XE5S_2025_0526_1101,0.00019999999999988915,0.5
KHT-XE5S,2025-07-10 20:00:00,9.3114,9.077,KHT-XE5S_2025_0526_1101,9.999999999994457e-05,0.5
KHT-XE5S,2025-07-10 20:10:00,9.3135,9.078,KHT-XE5S_2025_0526_1101,9.999999999994457e-05,0.5
KHT-XE5S,2025-07-10 20:20:00,9.3153,9.077,KHT-XE5S_2025_0526_1101,9.999999999994457e-05,0.5
KHT-XE5S,2025-07-10 20:30:00,9.3163,9.077,KHT-XE5S_2025_0526_1101,0.0,0.5
KHT-XE5S,2025-07-10 20:40:00,9.3179,9.079,KHT-XE5S_2025_0526_1101,0.0002000000000000668,0.5
KHT-XE5S,2025-07-10 20:50:00,9.3197,9.077,KHT-XE5S_2025_0526_1101,0.0002000000000000668,0.5
KHT-XE5S,2025-07-10 21:00:00,9.3226,9.08,KHT-XE5S_2025_0526_1101,0.00030000000000001136,0.5
KHT-XE5S,2025-07-10 21:10:00,9.3247,9.078,KHT-XE5S_2025_0526_1101,0.0002000000000000668,0.5
KHT-XE5S,2025-07-10 21:20:00,9.3271,9.079,KHT-XE5S_2025_0526_1101,0.00010000000000012221,0.5
KHT-XE5S,2025-07-10 21:30:00,9.3293,9.078,KHT-XE5S_2025_0526_1101,0.00010000000000012221,0.5
KHT-XE5S,2025-07-10 21:40:00,9.3324,9.078,KHT-XE5S_2025_0526_1101,0.0,0.5
KHT-XE5S,2025-07-10 21:50:00,9.3349,9.08,KHT-XE5S_2025_0526_1101,0.0002000000000000668,0.5
KHT-XE5S,2025-07-10 22:00:00,9.3369,9.083,KHT-XE5S_2025_0526_1101,0.00030000000000001136,0.5
KHT-XE5S,2025-07-10 22:10:00,9.3379,9.082,KHT-XE5S_2025_0526_1101,9.999999999994457e-05,0.5
KHT-XE5S,2025-07-10 22:20:00,9.3391,9.081,KHT-XE5S_2025_0526_1101,0.00010000000000012221,0.5
KHT-XE5S,2025-07-10 22:30:00,9.3398,9.081,KHT-XE5S_2025_0526_1101,0.0,0.5
KHT-XE5S,2025-07-10 22:40:00,9.3404,9.081,KHT-XE5S_2025_0526_1101,0.0,0.5
KHT-XE5S,2025-07-10 22:50:00,9.3412,9.082,KHT-XE5S_2025_0526_1101,0.00010000000000012221,0.5
KHT-XE5S,2025-07-10 23:00:00,9.3418,9.082,KHT-XE5S_2025_0526_1101,0.0,0.5
KHT-XE5S,2025-07-10 23:10:00,9.3422,9.086,KHT-XE5S_2025_0526_1101,0.00039999999999995595,0.5
KHT-XE5S,2025-07-10 23:20:00,9.3427,9.083,KHT-XE5S_2025_0526_1101,0.00030000000000001136,0.5
KHT-XE5S,2025-07-10 23:30:00,9.3433,9.085,KHT-XE5S_2025_0526_1101,0.0002000000000000668,0.5
KHT-XE5S,2025-07-10 23:40:00,9.3442,9.084,KHT-XE5S_2025_0526_1101,0.00010000000000012221,0.5
KHT-XE5S,2025-07-10 23:50:00,9.345,9.082,KHT-XE5S_2025_0526_1101,0.00019999999999988915,0.5
KHT-XE5S,2025-07-11 00:00:00,9.3456,9.084,KHT-XE5S_2025_0526_1101,0.00019999999999988915,0.5
KHT-XE5S,2025-07-11 00:10:00,9.3463,9.085,KHT-XE5S_2025_0526_1101,0.00010000000000012221,0.5
KHT-XE5S,2025-07-11 00:20:00,9.3469,9.085,KHT-XE5S_2025_0526_1101,0.0,0.5
KHT-XE5S,2025-07-11 00:30:00,9.3474,9.087,KHT-XE5S_2025_0526_1101,0.00019999999999988915,0.5
KHT-XE5S,2025-07-11 00:40:00,9.3472,9.086,KHT-XE5S_2025_0526_1101,9.999999999994457e-05,0.5
KHT-XE5S,2025-07-11 00:50:00,9.3473,9.085,KHT-XE5S_2025_0526_1101,9.999999999994457e-05,0.5
KHT-XE5S,2025-07-11 01:00:00,9.3477,9.086,KHT-XE5S_2025_0526_1101,9.999999999994457e-05,0.5
KHT-XE5S,2025-07-11 01:10:00,9.3482,9.088,KHT-XE5S_2025_0526_1101,0.00019999999999988915,0.5
KHT-XE5S,2025-07-11 01:20:00,9.348,9.086,KHT-XE5S_2025_0526_1101,0.00019999999999988915,0.5
KHT-XE5S,2025-07-11 01:30:00,9.3486,9.089,KHT-XE5S_2025_0526_1101,0.00030000000000001136,0.5
KHT-XE5S,2025-07-11 01:40:00,9.3492,9.089,KHT-XE5S_2025_0526_1101,0.0,0.5
KHT-XE5S,2025-07-11 01:50:00,9.3497,9.087,KHT-XE5S_2025_0526_1101,0.0002000000000000668,0.5
KHT-XE5S,2025-07-11 02:00:00,9.3504,9.089,KHT-XE5S_2025_0526_1101,0.0002000000000000668,0.5
KHT-XE5S,2025-07-11 02:10:00,9.3506,9.089,KHT-XE5S_2025_0526_1101,0.0,0.5
KHT-XE5S,2025-07-11 02:20:00,9.3502,9.09,KHT-XE5S_2025_0526_1101,9.999999999994457e-05,0.5
KHT-XE5S,2025-07-11 02:30:00,9.351,9.089,KHT-XE5S_2025_0526_1101,9.999999999994457e-05,0.5
KHT-XE5S,2025-07-11 02:40:00,9.3512,9.089,KHT-XE5S_2025_0526_1101,0.0,0.5
KHT-XE5S,2025-07-11 02:50:00,9.3515,9.088,KHT-XE5S_2025_0526_1101,0.00010000000000012221,0.5
KHT-XE5S,2025-07-11 03:00:00,9.3524,9.088,KHT-XE5S_2025_0526_1101,0.0,0.5
KHT-XE5S,2025-07-11 03:10:00,9.3527,9.09,KHT-XE5S_2025_0526_1101,0.0002000000000000668,0.5
KHT-XE5S,2025-07-11 03:20:00,9.3536,9.089,KHT-XE5S_2025_0526_1101,9.999999999994457e-05,0.5
KHT-XE5S,2025-07-11 03:30:00,9.354,9.09,KHT-XE5S_2025_0526_1101,9.999999999994457e-05,0.5
KHT-XE5S,2025-07-11 03:40:00,9.3545,9.09,KHT-XE5S_2025_0526_1101,0.0,0.5
KHT-XE5S,2025-07-11 03:50:00,9.3545,9.089,KHT-XE5S_2025_0526_1101,9.999999999994457e-05,0.5
KHT-XE5S,2025-07-11 04:00:00,9.3548,9.091,KHT-XE5S_2025_0526_1101,0.00019999999999988915,0.5
KHT-XE5S,2025-07-11 04:10:00,9.3549,9.091,KHT-XE5S_2025_0526_1101,0.0,0.5
KHT-XE5S,2025-07-11 04:20:00,9.3549,9.092,KHT-XE5S_2025_0526_1101,0.00010000000000012221,0.5
KHT-XE5S,2025-07-11 04:30:00,9.3559,9.09,KHT-XE5S_2025_0526_1101,0.0002000000000000668,0.5
KHT-XE5S,2025-07-11 04:40:00,9.3576,9.092,KHT-XE5S_2025_0526_1101,0.0002000000000000668,0.5
KHT-XE5S,2025-07-11 04:50:00,9.3582,9.094,KHT-XE5S_2025_0526_1101,0.00019999999999988915,0.5
KHT-XE5S,2025-07-11 05:00:00,9.3589,9.093,KHT-XE5S_2025_0526_1101,9.999999999994457e-05,0.5
KHT-XE5S,2025-07-11 05:10:00,9.3593,9.093,KHT-XE5S_2025_0526_1101,0.0,0.5
KHT-XE5S,2025-07-11 05:20:00,9.3594,9.092,KHT-XE5S_2025_0526_1101,9.999999999994457e-05,0.5
KHT-XE5S,2025-07-11 05:30:00,9.3603,9.095,KHT-XE5S_2025_0526_1101,0.00030000000000001136,0.5
KHT-XE5S,2025-07-11 05:40:00,9.361,9.094,KHT-XE5S_2025_0526_1101,0.00010000000000012221,0.5
KHT-XE5S,2025-07-11 05:50:00,9.3617,9.093,KHT-XE5S_2025_0526_1101,9.999999999994457e-05,0.5
KHT-XE5S,2025-07-11 06:00:00,9.3626,9.095,KHT-XE5S_2025_0526_1101,0.0002000000000000668,0.5
KHT-XE5S,2025-07-11 06:10:00,9.3638,9.096,KHT-XE5S_2025_0526_1101,9.999999999994457e-05,0.5
KHT-XE5S,2025-07-11 06:20:00,9.3641,9.095,KHT-XE5S_2025_0526_1101,9.999999999994457e-05,0.5
KHT-XE5S,2025-07-11 06:30:00,9.365,9.096,KHT-XE5S_2025_0526_1101,9.999999999994457e-05,0.5
KHT-XE5S,2025-07-11 06:40:00,9.3657,9.095,KHT-XE5S_2025_0526_1101,9.999999999994457e-05,0.5
KHT-XE5S,2025-07-11 06:50:00,9.366,9.097,KHT-XE5S_2025_0526_1101,0.00019999999999988915,0.5
KHT-XE5S,2025-07-11 07:00:00,9.3666,9.098,KHT-XE5S_2025_0526_1101,0.00010000000000012221,0.5
KHT-XE5S,2025-07-11 07:10:00,9.3677,9.097,KHT-XE5S_2025_0526_1101,0.00010000000000012221,0.5
KHT-XE5S,2025-07-11 07:20:00,9.3689,9.097,KHT-XE5S_2025_0526_1101,0.0,0.5
KHT-XE5S,2025-07-11 07:30:00,9.3694,9.097,KHT-XE5S_2025_0526_1101,0.0,0.5
KHT-XE5S,2025-07-11 07:40:00,9.3695,9.098,KHT-XE5S_2025_0526_1101,0.00010000000000012221,0.5
KHT-XE5S,2025-07-11 07:50:00,9.3702,9.097,KHT-XE5S_2025_0526_1101,0.00010000000000012221,0.5
KHT-XE5S,2025-07-11 08:00:00,9.3704,9.098,KHT-XE5S_2025_0526_1101,0.00010000000000012221,0.5
KHT-XE5S,2025-07-11 08:10:00,9.3705,9.099,KHT-XE5S_2025_0526_1101,9.999999999994457e-05,0.5
KHT-XE5S,2025-07-11 08:20:00,9.3697,9.1,KHT-XE5S_2025_0526_1101,9.999999999994457e-05,0.5
KHT-XE5S,2025-07-11 08:30:00,9.3688,9.099,KHT-XE5S_2025_0526_1101,9.999999999994457e-05,0.5
KHT-XE5S,2025-07-11 08:40:00,9.3675,9.101,KHT-XE5S_2025_0526_1101,0.0002000000000000668,0.5
KHT-XE5S,2025-07-11 08:50:00,9.3662,9.101,KHT-XE5S_2025_0526_1101,0.0,0.5
KHT-XE5S,2025-07-11 09:00:00,9.3651,9.101,KHT-XE5S_2025_0526_1101,0.0,0.5
KHT-XE5S,2025-07-11 09:10:00,9.3632,9.101,KHT-XE5S_2025_0526_1101,0.0,0.5
KHT-XE5S,2025-07-11 09:20:00,9.3621,9.1,KHT-XE5S_2025_0526_1101,0.00010000000000012221,0.5
KHT-XE5S,2025-07-11 09:30:00,9.36,9.101,KHT-XE5S_2025_0526_1101,0.00010000000000012221,0.5
KHT-XE5S,2025-07-11 09:40:00,9.3575,9.102,KHT-XE5S_2025_0526_1101,9.999999999994457e-05,0.5
KHT-XE5S,2025-07-11 09:50:00,9.3544,9.102,KHT-XE5S_2025_0526_1101,0.0,0.5
KHT-XE5S,2025-07-11 10:00:00,9.352,9.102,KHT-XE5S_2025_0526_1101,0.0,0.5
KHT-XE5S,2025-07-11 10:10:00,9.3499,9.106,KHT-XE5S_2025_0526_1101,0.00039999999999995595,0.5
KHT-XE5S,2025-07-11 10:20:00,9.3473,9.104,KHT-XE5S_2025_0526_1101,0.0002000000000000668,0.5
KHT-XE5S,2025-07-11 10:30:00,9.3441,9.105,KHT-XE5S_2025_0526_1101,0.00010000000000012221,0.5
KHT-XE5S,2025-07-11 10:40:00,9.3414,9.104,KHT-XE5S_2025_0526_1101,0.00010000000000012221,0.5
KHT-XE5S,2025-07-11 10:50:00,9.3388,9.104,KHT-XE5S_2025_0526_1101,0.0,0.5
KHT-XE5S,2025-07-11 11:00:00,9.3363,9.104,KHT-XE5S_2025_0526_1101,0.0,0.5
KHT-XE5S,2025-07-11 11:10:00,9.3334,9.104,KHT-XE5S_2025_0526_1101,0.0,0.5
KHT-XE5S,2025-07-11 11:20:00,9.3303,9.104,KHT-XE5S_2025_0526_1101,0.0,0.5
KHT-XE5S,2025-07-11 11:30:00,9.3274,9.103,KHT-XE5S_2025_0526_1101,9.999999999994457e-05,0.5
KHT-XE5S,2025-07-11 11:40:00,9.3242,9.104,KHT-XE5S_2025_0526_1101,9.999999999994457e-05,0.5
KHT-XE5S,2025-07-11 11:50:00,9.321,9.104,KHT-XE5S_2025_0526_1101,0.0,0.5
KHT-XE5S,2025-07-11 12:00:00,9.3192,9.105,KHT-XE5S_2025_0526_1101,0.00010000000000012221,0.5
KHT-XE5S,2025-07-11 12:10:00,9.3156,9.105,KHT-XE5S_2025_0526_1101,0.0,0.5
KHT-XE5S,2025-07-11 12:20:00,9.3128,9.106,KHT-XE5S_2025_0526_1101,9.999999999994457e-05,0.5
KHT-XE5S,2025-07-11 12:30:00,9.3106,9.105,KHT-XE5S_2025_0526_1101,9.999999999994457e-05,0.5
KHT-XE5S,2025-07-11 12:40:00,9.3074,9.106,KHT-XE5S_2025_0526_1101,9.999999999994457e-05,0.5
KHT-XE5S,2025-07-11 12:50:00,9.3041,9.106,KHT-XE5S_2025_0526_1101,0.0,0.5
KHT-XE5S,2025-07-11 13:00:00,9.3012,9.109,KHT-XE5S_2025_0526_1101,0.00030000000000001136,0.5
KHT-XE5S,2025-07-11 13:10:00,9.2995,9.109,KHT-XE5S_2025_0526_1101,0.0,0.5
KHT-XE5S,2025-07-11 13:20:00,9.2972,9.106,KHT-XE5S_2025_0526_1101,0.00030000000000001136,0.5
KHT-XE5S,2025-07-11 13:30:00,9.295,9.108,KHT-XE5S_2025_0526_1101,0.0002000000000000668,0.5
KHT-XE5S,2025-07-11 13:40:00,9.2925,9.107,KHT-XE5S_2025_0526_1101,0.00010000000000012221,0.5
KHT-XE5S,2025-07-11 13:50:00,9.2905,9.108,KHT-XE5S_2025_0526_1101,0.00010000000000012221,0.5
KHT-XE5S,2025-07-11 14:00:00,9.2887,9.108,KHT-XE5S_2025_0526_1101,0.0,0.5
KHT-XE5S,2025-07-11 14:10:00,9.2876,9.109,KHT-XE5S_2025_0526_1101,9.999999999994457e-05,0.5
KHT-XE5S,2025-07-11 14:20:00,9.2869,9.108,KHT-XE5S_2025_0526_1101,9.999999999994457e-05,0.5
KHT-XE5S,2025-07-11 14:30:00,9.2861,9.109,KHT-XE5S_2025_0526_1101,9.999999999994457e-05,0.5
KHT-XE5S,2025-07-11 14:40:00,9.2848,9.109,KHT-XE5S_2025_0526_1101,0.0,0.5
KHT-XE5S,2025-07-11 14:50:00,9.284,9.109,KHT-XE5S_2025_0526_1101,0.0,0.5
KHT-XE5S,2025-07-11 15:00:00,9.2827,9.11,KHT-XE5S_2025_0526_1101,9.999999999994457e-05,0.5
KHT-XE5S,2025-07-11 15:10:00,9.2818,9.11,KHT-XE5S_2025_0526_1101,0.0,0.5
KHT-XE5S,2025-07-11 15:20:00,9.2811,9.112,KHT-XE5S_2025_0526_1101,0.0002000000000000668,0.5
KHT-XE5S,2025-07-11 15:30:00,9.2796,9.109,KHT-XE5S_2025_0526_1101,0.00030000000000001136,0.5
KHT-XE5S,2025-07-11 15:40:00,9.2775,9.109,KHT-XE5S_2025_0526_1101,0.0,0.5
KHT-XE5S,2025-07-11 15:50:00,9.2772,9.111,KHT-XE5S_2025_0526_1101,0.0002000000000000668,0.5
KHT-XE5S,2025-07-11 16:00:00,9.2768,9.111,KHT-XE5S_2025_0526_1101,0.0,0.5
KHT-XE5S,2025-07-11 16:10:00,9.276,9.111,KHT-XE5S_2025_0526_1101,0.0,0.5
KHT-XE5S,2025-07-11 16:20:00,9.2757,9.111,KHT-XE5S_2025_0526_1101,0.0,0.5
KHT-XE5S,2025-07-11 16:30:00,9.2764,9.112,KHT-XE5S_2025_0526_1101,9.999999999994457e-05,0.5
KHT-XE5S,2025-07-11 16:40:00,9.2774,9.111,KHT-XE5S_2025_0526_1101,9.999999999994457e-05,0.5
KHT-XE5S,2025-07-11 16:50:00,9.2787,9.11,KHT-XE5S_2025_0526_1101,0.00010000000000012221,0.5
KHT-XE5S,2025-07-11 17:00:00,9.2804,9.11,KHT-XE5S_2025_0526_1101,0.0,0.5
KHT-XE5S,2025-07-11 17:10:00,9.2817,9.113,KHT-XE5S_2025_0526_1101,0.00030000000000001136,0.5
KHT-XE5S,2025-07-11 17:20:00,9.2826,9.113,KHT-XE5S_2025_0526_1101,0.0,0.5
KHT-XE5S,2025-07-11 17:30:00,9.2833,9.113,KHT-XE5S_2025_0526_1101,0.0,0.5
KHT-XE5S,2025-07-11 17:40:00,9.283,9.113,KHT-XE5S_2025_0526_1101,0.0,0.5
KHT-XE5S,2025-07-11 17:50:00,9.2834,9.114,KHT-XE5S_2025_0526_1101,0.00010000000000012221,0.5
KHT-XE5S,2025-07-11 18:00:00,9.2833,9.113,KHT-XE5S_2025_0526_1101,0.00010000000000012221,0.5
KHT-XE5S,2025-07-11 18:10:00,9.2845,9.114,KHT-XE5S_2025_0526_1101,0.00010000000000012221,0.5
KHT-XE5S,2025-07-11 18:20:00,9.2853,9.115,KHT-XE5S_2025_0526_1101,9.999999999994457e-05,0.5
KHT-XE5S,2025-07-11 18:30:00,9.2862,9.115,KHT-XE5S_2025_0526_1101,0.0,0.5
KHT-XE5S,2025-07-11 18:40:00,9.287,9.116,KHT-XE5S_2025_0526_1101,9.999999999994457e-05,0.5
KHT-XE5S,2025-07-11 18:50:00,9.2879,9.116,KHT-XE5S_2025_0526_1101,0.0,0.5
KHT-XE5S,2025-07-11 19:00:00,9.2887,9.117,KHT-XE5S_2025_0526_1101,0.00010000000000012221,0.5
KHT-XE5S,2025-07-11 19:10:00,9.2897,9.115,KHT-XE5S_2025_0526_1101,0.0002000000000000668,0.5
KHT-XE5S,2025-07-11 19:20:00,9.2912,9.117,KHT-XE5S_2025_0526_1101,0.0002000000000000668,0.5
KHT-XE5S,2025-07-11 19:30:00,9.2931,9.117,KHT-XE5S_2025_0526_1101,0.0,0.5
KHT-XE5S,2025-07-11 19:40:00,9.2951,9.118,KHT-XE5S_2025_0526_1101,9.999999999994457e-05,0.5
KHT-XE5S,2025-07-11 19:50:00,9.2971,9.12,KHT-XE5S_2025_0526_1101,0.00019999999999988915,0.5
KHT-XE5S,2025-07-11 20:00:00,9.2992,9.116,KHT-XE5S_2025_0526_1101,0.00039999999999995595,0.5
KHT-XE5S,2025-07-11 20:10:00,9.302,9.118,KHT-XE5S_2025_0526_1101,0.0002000000000000668,0.5
KHT-XE5S,2025-07-11 20:20:00,9.3044,9.119,KHT-XE5S_2025_0526_1101,9.999999999994457e-05,0.5
KHT-XE5S,2025-07-11 20:30:00,9.3073,9.119,KHT-XE5S_2025_0526_1101,0.0,0.5
KHT-XE5S,2025-07-11 20:40:00,9.3098,9.119,KHT-XE5S_2025_0526_1101,0.0,0.5
KHT-XE5S,2025-07-11 20:50:00,9.3126,9.117,KHT-XE5S_2025_0526_1101,0.00019999999999988915,0.5
KHT-XE5S,2025-07-11 21:00:00,9.3157,9.118,KHT-XE5S_2025_0526_1101,9.999999999994457e-05,0.5
KHT-XE5S,2025-07-11 21:10:00,9.3192,9.119,KHT-XE5S_2025_0526_1101,9.999999999994457e-05,0.5
KHT-XE5S,2025-07-11 21:20:00,9.3217,9.118,KHT-XE5S_2025_0526_1101,9.999999999994457e-05,0.5
KHT-XE5S,2025-07-11 21:30:00,9.3238,9.121,KHT-XE5S_2025_0526_1101,0.00030000000000001136,0.5
KHT-XE5S,2025-07-11 21:40:00,9.3259,9.12,KHT-XE5S_2025_0526_1101,0.00010000000000012221,0.5
KHT-XE5S,2025-07-11 21:50:00,9.3279,9.119,KHT-XE5S_2025_0526_1101,9.999999999994457e-05,0.5
KHT-XE5S,2025-07-11 22:00:00,9.3297,9.12,KHT-XE5S_2025_0526_1101,9.999999999994457e-05,0.5
KHT-XE5S,2025-07-11 22:10:00,9.3311,9.121,KHT-XE5S_2025_0526_1101,0.00010000000000012221,0.5
KHT-XE5S,2025-07-11 22:20:00,9.3322,9.122,KHT-XE5S_2025_0526_1101,9.999999999994457e-05,0.5
KHT-XE5S,2025-07-11 22:30:00,9.3332,9.122,KHT-XE5S_2025_0526_1101,0.0,0.5
KHT-XE5S,2025-07-11 22:40:00,9.3337,9.122,KHT-XE5S_2025_0526_1101,0.0,0.5
KHT-XE5S,2025-07-11 22:50:00,9.3351,9.122,KHT-XE5S_2025_0526_1101,0.0,0.5
KHT-XE5S,2025-07-11 23:00:00,9.3361,9.123,KHT-XE5S_2025_0526_1101,9.999999999994457e-05,0.5
KHT-XE5S,2025-07-11 23:10:00,9.3371,9.122,KHT-XE5S_2025_0526_1101,9.999999999994457e-05,0.5
KHT-XE5S,2025-07-11 23:20:00,9.3381,9.124,KHT-XE5S_2025_0526_1101,0.0002000000000000668,0.5
KHT-XE5S,2025-07-11 23:30:00,9.3385,9.123,KHT-XE5S_2025_0526_1101,0.00010000000000012221,0.5
KHT-XE5S,2025-07-11 23:40:00,9.3394,9.124,KHT-XE5S_2025_0526_1101,0.00010000000000012221,0.5
KHT-XE5S,2025-07-11 23:50:00,9.3403,9.124,KHT-XE5S_2025_0526_1101,0.0,0.5
KHT-XE5S,2025-07-12 00:00:00,9.3404,9.124,KHT-XE5S_2025_0526_1101,0.0,0.5
KHT-XE5S,2025-07-12 00:10:00,9.3397,9.125,KHT-XE5S_2025_0526_1101,9.999999999994457e-05,0.5
KHT-XE5S,2025-07-12 00:20:00,9.3398,9.125,KHT-XE5S_2025_0526_1101,0.0,0.5
KHT-XE5S,2025-07-12 00:30:00,9.3401,9.125,KHT-XE5S_2025_0526_1101,0.0,0.5
KHT-XE5S,2025-07-12 00:40:00,9.3402,9.125,KHT-XE5S_2025_0526_1101,0.0,0.5
KHT-XE5S,2025-07-12 00:50:00,9.3411,9.126,KHT-XE5S_2025_0526_1101,9.999999999994457e-05,0.5
KHT-XE5S,2025-07-12 01:00:00,9.3416,9.126,KHT-XE5S_2025_0526_1101,0.0,0.5
KHT-XE5S,2025-07-12 01:10:00,9.3423,9.126,KHT-XE5S_2025_0526_1101,0.0,0.5
KHT-XE5S,2025-07-12 01:20:00,9.3425,9.128,KHT-XE5S_2025_0526_1101,0.0002000000000000668,0.5
KHT-XE5S,2025-07-12 01:30:00,9.3437,9.128,KHT-XE5S_2025_0526_1101,0.0,0.5
KHT-XE5S,2025-07-12 01:40:00,9.3442,9.126,KHT-XE5S_2025_0526_1101,0.0002000000000000668,0.5
KHT-XE5S,2025-07-12 01:50:00,9.3442,9.125,KHT-XE5S_2025_0526_1101,9.999999999994457e-05,0.5
KHT-XE5S,2025-07-12 02:00:00,9.3447,9.127,KHT-XE5S_2025_0526_1101,0.0002000000000000668,0.5
KHT-XE5S,2025-07-12 02:10:00,9.3448,9.128,KHT-XE5S_2025_0526_1101,9.999999999994457e-05,0.5
KHT-XE5S,2025-07-12 02:20:00,9.3459,9.128,KHT-XE5S_2025_0526_1101,0.0,0.5
KHT-XE5S,2025-07-12 02:30:00,9.3461,9.128,KHT-XE5S_2025_0526_1101,0.0,0.5
KHT-XE5S,2025-07-12 02:40:00,9.3468,9.129,KHT-XE5S_2025_0526_1101,9.999999999994457e-05,0.5
KHT-XE5S,2025-07-12 02:50:00,9.3469,9.131,KHT-XE5S_2025_0526_1101,0.0002000000000000668,0.5
KHT-XE5S,2025-07-12 03:00:00,9.3473,9.131,KHT-XE5S_2025_0526_1101,0.0,0.5
KHT-XE5S,2025-07-12 03:10:00,9.3472,9.128,KHT-XE5S_2025_0526_1101,0.00030000000000001136,0.5
KHT-XE5S,2025-07-12 03:20:00,9.3472,9.13,KHT-XE5S_2025_0526_1101,0.0002000000000000668,0.5
KHT-XE5S,2025-07-12 03:30:00,9.3479,9.13,KHT-XE5S_2025_0526_1101,0.0,0.5
KHT-XE5S,2025-07-12 03:40:00,9.3491,9.131,KHT-XE5S_2025_0526_1101,9.999999999994457e-05,0.5
KHT-XE5S,2025-07-12 03:50:00,9.3499,9.132,KHT-XE5S_2025_0526_1101,9.999999999994457e-05,0.5
KHT-XE5S,2025-07-12 04:00:00,9.3502,9.131,KHT-XE5S_2025_0526_1101,9.999999999994457e-05,0.5
KHT-XE5S,2025-07-12 04:10:00,9.3511,9.131,KHT-XE5S_2025_0526_1101,0.0,0.5
KHT-XE5S,2025-07-12 04:20:00,9.352,9.13,KHT-XE5S_2025_0526_1101,9.999999999994457e-05,0.5
KHT-XE5S,2025-07-12 04:30:00,9.3525,9.131,KHT-XE5S_2025_0526_1101,9.999999999994457e-05,0.5
KHT-XE5S,2025-07-12 04:40:00,9.3545,9.132,KHT-XE5S_2025_0526_1101,9.999999999994457e-05,0.5
KHT-XE5S,2025-07-12 04:50:00,9.3554,9.132,KHT-XE5S_2025_0526_1101,0.0,0.5
KHT-XE5S,2025-07-12 05:00:00,9.3556,9.133,KHT-XE5S_2025_0526_1101,9.999999999994457e-05,0.5
KHT-XE5S,2025-07-12 05:10:00,9.3555,9.132,KHT-XE5S_2025_0526_1101,9.999999999994457e-05,0.5
KHT-XE5S,2025-07-12 05:20:00,9.3562,9.133,KHT-XE5S_2025_0526_1101,9.999999999994457e-05,0.5
KHT-XE5S,2025-07-12 05:30:00,9.3573,9.133,KHT-XE5S_2025_0526_1101,0.0,0.5
KHT-XE5S,2025-07-12 05:40:00,9.358,9.134,KHT-XE5S_2025_0526_1101,0.00010000000000012221,0.5
KHT-XE5S,2025-07-12 05:50:00,9.3581,9.134,KHT-XE5S_2025_0526_1101,0.0,0.5
KHT-XE5S,2025-07-12 06:00:00,9.3588,9.135,KHT-XE5S_2025_0526_1101,9.999999999994457e-05,0.5
KHT-XE5S,2025-07-12 06:10:00,9.3595,9.134,KHT-XE5S_2025_0526_1101,9.999999999994457e-05,0.5
KHT-XE5S,2025-07-12 06:20:00,9.3601,9.134,KHT-XE5S_2025_0526_1101,0.0,0.5
KHT-XE5S,2025-07-12 06:30:00,9.3605,9.135,KHT-XE5S_2025_0526_1101,9.999999999994457e-05,0.5
KHT-XE5S,2025-07-12 06:40:00,9.362,9.135,KHT-XE5S_2025_0526_1101,0.0,0.5
KHT-XE5S,2025-07-12 06:50:00,9.3626,9.137,KHT-XE5S_2025_0526_1101,0.0002000000000000668,0.5
KHT-XE5S,2025-07-12 07:00:00,9.3631,9.136,KHT-XE5S_2025_0526_1101,0.00010000000000012221,0.5
KHT-XE5S,2025-07-12 07:10:00,9.3635,9.138,KHT-XE5S_2025_0526_1101,0.0002000000000000668,0.5
KHT-XE5S,2025-07-12 07:20:00,9.3639,9.135,KHT-XE5S_2025_0526_1101,0.00030000000000001136,0.5
KHT-XE5S,2025-07-12 07:30:00,9.3641,9.138,KHT-XE5S_2025_0526_1101,0.00030000000000001136,0.5
KHT-XE5S,2025-07-12 07:40:00,9.3649,9.139,KHT-XE5S_2025_0526_1101,9.999999999994457e-05,0.5
KHT-XE5S,2025-07-12 07:50:00,9.3658,9.135,KHT-XE5S_2025_0526_1101,0.00039999999999995595,0.5
KHT-XE5S,2025-07-12 08:00:00,9.3664,9.138,KHT-XE5S_2025_0526_1101,0.00030000000000001136,0.5
KHT-XE5S,2025-07-12 08:10:00,9.366,9.139,KHT-XE5S_2025_0526_1101,9.999999999994457e-05,0.5
KHT-XE5S,2025-07-12 08:20:00,9.3661,9.137,KHT-XE5S_2025_0526_1101,0.00019999999999988915,0.5
KHT-XE5S,2025-07-12 08:30:00,9.3655,9.141,KHT-XE5S_2025_0526_1101,0.00039999999999995595,0.5
KHT-XE5S,2025-07-12 08:40:00,9.3645,9.137,KHT-XE5S_2025_0526_1101,0.00039999999999995595,0.5
KHT-XE5S,2025-07-12 08:50:00,9.3637,9.141,KHT-XE5S_2025_0526_1101,0.00039999999999995595,0.5
KHT-XE5S,2025-07-12 09:00:00,9.3624,9.141,KHT-XE5S_2025_0526_1101,0.0,0.5
KHT-XE5S,2025-07-12 09:10:00,9.3608,9.14,KHT-XE5S_2025_0526_1101,9.999999999994457e-05,0.5
KHT-XE5S,2025-07-12 09:20:00,9.3589,9.141,KHT-XE5S_2025_0526_1101,9.999999999994457e-05,0.5
KHT-XE5S,2025-07-12 09:30:00,9.3567,9.141,KHT-XE5S_2025_0526_1101,0.0,0.5
KHT-XE5S,2025-07-12 09:40:00,9.3538,9.142,KHT-XE5S_2025_0526_1101,9.999999999994457e-05,0.5
KHT-XE5S,2025-07-12 09:50:00,9.3518,9.141,KHT-XE5S_2025_0526_1101,9.999999999994457e-05,0.5
KHT-XE5S,2025-07-12 10:00:00,9.35,9.142,KHT-XE5S_2025_0526_1101,9.999999999994457e-05,0.5
KHT-XE5S,2025-07-12 10:10:00,9.3477,9.143,KHT-XE5S_2025_0526_1101,0.00010000000000012221,0.5
KHT-XE5S,2025-07-12 10:20:00,9.3451,9.142,KHT-XE5S_2025_0526_1101,0.00010000000000012221,0.5
KHT-XE5S,2025-07-12 10:30:00,9.3424,9.143,KHT-XE5S_2025_0526_1101,0.00010000000000012221,0.5
KHT-XE5S,2025-07-12 10:40:00,9.34,9.144,KHT-XE5S_2025_0526_1101,9.999999999994457e-05,0.5
KHT-XE5S,2025-07-12 10:50:00,9.3364,9.145,KHT-XE5S_2025_0526_1101,9.999999999994457e-05,0.5
KHT-XE5S,2025-07-12 11:00:00,9.3338,9.144,KHT-XE5S_2025_0526_1101,9.999999999994457e-05,0.5
KHT-XE5S,2025-07-12 11:10:00,9.3306,9.144,KHT-XE5S_2025_0526_1101,0.0,0.5
KHT-XE5S,2025-07-12 11:20:00,9.3275,9.143,KHT-XE5S_2025_0526_1101,9.999999999994457e-05,0.5
KHT-XE5S,2025-07-12 11:30:00,9.3248,9.146,KHT-XE5S_2025_0526_1101,0.00030000000000001136,0.5
KHT-XE5S,2025-07-12 11:40:00,9.3215,9.145,KHT-XE5S_2025_0526_1101,0.00010000000000012221,0.5
KHT-XE5S,2025-07-12 11:50:00,9.3181,9.145,KHT-XE5S_2025_0526_1101,0.0,0.5
KHT-XE5S,2025-07-12 12:00:00,9.3153,9.145,KHT-XE5S_2025_0526_1101,0.0,0.5
KHT-XE5S,2025-07-12 12:10:00,9.312,9.146,KHT-XE5S_2025_0526_1101,0.00010000000000012221,0.5
KHT-XE5S,2025-07-12 12:20:00,9.3094,9.145,KHT-XE5S_2025_0526_1101,0.00010000000000012221,0.5
KHT-XE5S,2025-07-12 12:30:00,9.3074,9.146,KHT-XE5S_2025_0526_1101,0.00010000000000012221,0.5
KHT-XE5S,2025-07-12 12:40:00,9.305,9.145,KHT-XE5S_2025_0526_1101,0.00010000000000012221,0.5
KHT-XE5S,2025-07-12 12:50:00,9.3022,9.147,KHT-XE5S_2025_0526_1101,0.0002000000000000668,0.5
KHT-XE5S,2025-07-12 13:00:00,9.3001,9.146,KHT-XE5S_2025_0526_1101,9.999999999994457e-05,0.5
KHT-XE5S,2025-07-12 13:10:00,9.2972,9.147,KHT-XE5S_2025_0526_1101,9.999999999994457e-05,0.5
KHT-XE5S,2025-07-12 13:20:00,9.295,9.147,KHT-XE5S_2025_0526_1101,0.0,0.5
KHT-XE5S,2025-07-12 13:30:00,9.2928,9.146,KHT-XE5S_2025_0526_1101,9.999999999994457e-05,0.5
KHT-XE5S,2025-07-12 13:40:00,9.291,9.149,KHT-XE5S_2025_0526_1101,0.0002999999999998337,0.5
KHT-XE5S,2025-07-12 13:50:00,9.2897,9.147,KHT-XE5S_2025_0526_1101,0.00019999999999988915,0.5
KHT-XE5S,2025-07-12 14:00:00,9.2895,9.148,KHT-XE5S_2025_0526_1101,9.999999999994457e-05,0.5
KHT-XE5S,2025-07-12 14:10:00,9.2868,9.148,KHT-XE5S_2025_0526_1101,0.0,0.5
KHT-XE5S,2025-07-12 14:20:00,9.285,9.148,KHT-XE5S_2025_0526_1101,0.0,0.5
KHT-XE5S,2025-07-12 14:30:00,9.284,9.149,KHT-XE5S_2025_0526_1101,9.999999999994457e-05,0.5
KHT-XE5S,2025-07-12 14:40:00,9.2821,9.147,KHT-XE5S_2025_0526_1101,0.00019999999999988915,0.5
KHT-XE5S,2025-07-12 14:50:00,9.2808,9.149,KHT-XE5S_2025_0526_1101,0.00019999999999988915,0.5
KHT-XE5S,2025-07-12 15:00:00,9.2802,9.149,KHT-XE5S_2025_0526_1101,0.0,0.5
KHT-XE5S,2025-07-12 15:10:00,9.279,9.148,KHT-XE5S_2025_0526_1101,9.999999999994457e-05,0.5
KHT-XE5S,2025-07-12 15:20:00,9.2778,9.149,KHT-XE5S_2025_0526_1101,9.999999999994457e-05,0.5
KHT-XE5S,2025-07-12 15:30:00,9.2762,9.15,KHT-XE5S_2025_0526_1101,0.00010000000000012221,0.5
KHT-XE5S,2025-07-12 15:40:00,9.2775,9.149,KHT-XE5S_2025_0526_1101,0.00010000000000012221,0.5
KHT-XE5S,2025-07-12 15:50:00,9.2767,9.15,KHT-XE5S_2025_0526_1101,0.00010000000000012221,0.5
KHT-XE5S,2025-07-12 16:00:00,9.2761,9.151,KHT-XE5S_2025_0526_1101,9.999999999994457e-05,0.5
KHT-XE5S,2025-07-12 16:10:00,9.2769,9.153,KHT-XE5S_2025_0526_1101,0.0002000000000000668,0.5
KHT-XE5S,2025-07-12 16:20:00,9.2779,9.151,KHT-XE5S_2025_0526_1101,0.0002000000000000668,0.5
KHT-XE5S,2025-07-12 16:30:00,9.2781,9.151,KHT-XE5S_2025_0526_1101,0.0,0.5
KHT-XE5S,2025-07-12 16:40:00,9.2783,9.15,KHT-XE5S_2025_0526_1101,9.999999999994457e-05,0.5
KHT-XE5S,2025-07-12 16:50:00,9.2774,9.152,KHT-XE5S_2025_0526_1101,0.00019999999999988915,0.5
KHT-XE5S,2025-07-12 17:00:00,9.2761,9.152,KHT-XE5S_2025_0526_1101,0.0,0.5
KHT-XE5S,2025-07-12 17:10:00,9.2746,9.154,KHT-XE5S_2025_0526_1101,0.0002000000000000668,0.5
KHT-XE5S,2025-07-12 17:20:00,9.2747,9.152,KHT-XE5S_2025_0526_1101,0.0002000000000000668,0.5
KHT-XE5S,2025-07-12 17:30:00,9.2754,9.153,KHT-XE5S_2025_0526_1101,0.00010000000000012221,0.5
KHT-XE5S,2025-07-12 17:40:00,9.2757,9.154,KHT-XE5S_2025_0526_1101,9.999999999994457e-05,0.5
KHT-XE5S,2025-07-12 17:50:00,9.277,9.155,KHT-XE5S_2025_0526_1101,9.999999999994457e-05,0.5
KHT-XE5S,2025-07-12 18:00:00,9.2773,9.155,KHT-XE5S_2025_0526_1101,0.0,0.5
KHT-XE5S,2025-07-12 18:10:00,9.2799,9.153,KHT-XE5S_2025_0526_1101,0.00019999999999988915,0.5
KHT-XE5S,2025-07-12 18:20:00,9.2814,9.155,KHT-XE5S_2025_0526_1101,0.00019999999999988915,0.5
KHT-XE5S,2025-07-12 18:30:00,9.2843,9.154,KHT-XE5S_2025_0526_1101,9.999999999994457e-05,0.5
KHT-XE5S,2025-07-12 18:40:00,9.2871,9.158,KHT-XE5S_2025_0526_1101,0.00039999999999995595,0.5
KHT-XE5S,2025-07-12 18:50:00,9.2885,9.153,KHT-XE5S_2025_0526_1101,0.0004999999999999005,0.5
KHT-XE5S,2025-07-12 19:00:00,9.2898,9.155,KHT-XE5S_2025_0526_1101,0.00019999999999988915,0.5
KHT-XE5S,2025-07-12 19:10:00,9.2917,9.157,KHT-XE5S_2025_0526_1101,0.0002000000000000668,0.5
KHT-XE5S,2025-07-12 19:20:00,9.2926,9.156,KHT-XE5S_2025_0526_1101,9.999999999994457e-05,0.5
KHT-XE5S,2025-07-12 19:30:00,9.2937,9.157,KHT-XE5S_2025_0526_1101,9.999999999994457e-05,0.5
KHT-XE5S,2025-07-12 19:40:00,9.2954,9.156,KHT-XE5S_2025_0526_1101,9.999999999994457e-05,0.5
KHT-XE5S,2025-07-12 19:50:00,9.297,9.157,KHT-XE5S_2025_0526_1101,9.999999999994457e-05,0.5
KHT-XE5S,2025-07-12 20:00:00,9.2988,9.157,KHT-XE5S_2025_0526_1101,0.0,0.5
KHT-XE5S,2025-07-12 20:10:00,9.3014,9.156,KHT-XE5S_2025_0526_1101,9.999999999994457e-05,0.5
KHT-XE5S,2025-07-12 20:20:00,9.3044,9.159,KHT-XE5S_2025_0526_1101,0.00030000000000001136,0.5
KHT-XE5S,2025-07-12 20:30:00,9.3077,9.157,KHT-XE5S_2025_0526_1101,0.0002000000000000668,0.5
KHT-XE5S,2025-07-12 20:40:00,9.311,9.157,KHT-XE5S_2025_0526_1101,0.0,0.5
KHT-XE5S,2025-07-12 20:50:00,9.314,9.158,KHT-XE5S_2025_0526_1101,9.999999999994457e-05,0.5
KHT-XE5S,2025-07-12 21:00:00,9.3165,9.16,KHT-XE5S_2025_0526_1101,0.0002000000000000668,0.5
KHT-XE5S,2025-07-12 21:10:00,9.3181,9.157,KHT-XE5S_2025_0526_1101,0.00030000000000001136,0.5
KHT-XE5S,2025-07-12 21:20:00,9.3209,9.16,KHT-XE5S_2025_0526_1101,0.00030000000000001136,0.5
KHT-XE5S,2025-07-12 21:30:00,9.3236,9.158,KHT-XE5S_2025_0526_1101,0.0002000000000000668,0.5
KHT-XE5S,2025-07-12 21:40:00,9.3266,9.159,KHT-XE5S_2025_0526_1101,0.00010000000000012221,0.5
KHT-XE5S,2025-07-12 21:50:00,9.3283,9.161,KHT-XE5S_2025_0526_1101,0.00019999999999988915,0.5
KHT-XE5S,2025-07-12 22:00:00,9.3307,9.16,KHT-XE5S_2025_0526_1101,9.999999999994457e-05,0.5
KHT-XE5S,2025-07-12 22:10:00,9.3321,9.16,KHT-XE5S_2025_0526_1101,0.0,0.5
KHT-XE5S,2025-07-12 22:20:00,9.3334,9.161,KHT-XE5S_2025_0526_1101,9.999999999994457e-05,0.5
KHT-XE5S,2025-07-12 22:30:00,9.3343,9.162,KHT-XE5S_2025_0526_1101,0.00010000000000012221,0.5
KHT-XE5S,2025-07-12 22:40:00,9.3358,9.162,KHT-XE5S_2025_0526_1101,0.0,0.5
KHT-XE5S,2025-07-12 22:50:00,9.3366,9.163,KHT-XE5S_2025_0526_1101,9.999999999994457e-05,0.5
KHT-XE5S,2025-07-12 23:00:00,9.3376,9.163,KHT-XE5S_2025_0526_1101,0.0,0.5
KHT-XE5S,2025-07-12 23:10:00,9.3385,9.162,KHT-XE5S_2025_0526_1101,9.999999999994457e-05,0.5
KHT-XE5S,2025-07-12 23:20:00,9.3394,9.161,KHT-XE5S_2025_0526_1101,0.00010000000000012221,0.5
KHT-XE5S,2025-07-12 23:30:00,9.3406,9.164,KHT-XE5S_2025_0526_1101,0.00030000000000001136,0.5
KHT-XE5S,2025-07-12 23:40:00,9.3417,9.163,KHT-XE5S_2025_0526_1101,9.999999999994457e-05,0.5
KHT-XE5S,2025-07-12 23:50:00,9.3429,9.164,KHT-XE5S_2025_0526_1101,9.999999999994457e-05,0.5
KHT-XE5S,2025-07-13 00:00:00,9.3442,9.164,KHT-XE5S_2025_0526_1101,0.0,0.5
KHT-XE5S,2025-07-13 00:10:00,9.3454,9.164,KHT-XE5S_2025_0526_1101,0.0,0.5
KHT-XE5S,2025-07-13 00:20:00,9.3458,9.166,KHT-XE5S_2025_0526_1101,0.0002000000000000668,0.5
KHT-XE5S,2025-07-13 00:30:00,9.3471,9.165,KHT-XE5S_2025_0526_1101,0.00010000000000012221,0.5
KHT-XE5S,2025-07-13 00:40:00,9.3476,9.165,KHT-XE5S_2025_0526_1101,0.0,0.5
KHT-XE5S,2025-07-13 00:50:00,9.3464,9.166,KHT-XE5S_2025_0526_1101,0.00010000000000012221,0.5
KHT-XE5S,2025-07-13 01:00:00,9.3473,9.167,KHT-XE5S_2025_0526_1101,9.999999999994457e-05,0.5
KHT-XE5S,2025-07-13 01:10:00,9.3482,9.168,KHT-XE5S_2025_0526_1101,9.999999999994457e-05,0.5
KHT-XE5S,2025-07-13 01:20:00,9.3479,9.165,KHT-XE5S_2025_0526_1101,0.00030000000000001136,0.5
KHT-XE5S,2025-07-13 01:30:00,9.3492,9.166,KHT-XE5S_2025_0526_1101,0.00010000000000012221,0.5
KHT-XE5S,2025-07-13 01:40:00,9.35,9.169,KHT-XE5S_2025_0526_1101,0.00030000000000001136,0.5
KHT-XE5S,2025-07-13 01:50:00,9.3504,9.169,KHT-XE5S_2025_0526_1101,0.0,0.5
KHT-XE5S,2025-07-13 02:00:00,9.3509,9.167,KHT-XE5S_2025_0526_1101,0.0002000000000000668,0.5
KHT-XE5S,2025-07-13 02:10:00,9.3507,9.167,KHT-XE5S_2025_0526_1101,0.0,0.5
KHT-XE5S,2025-07-13 02:20:00,9.3508,9.169,KHT-XE5S_2025_0526_1101,0.0002000000000000668,0.5
KHT-XE5S,2025-07-13 02:30:00,9.3512,9.169,KHT-XE5S_2025_0526_1101,0.0,0.5
KHT-XE5S,2025-07-13 02:40:00,9.3516,9.169,KHT-XE5S_2025_0526_1101,0.0,0.5
KHT-XE5S,2025-07-13 02:50:00,9.3514,9.167,KHT-XE5S_2025_0526_1101,0.0002000000000000668,0.5
KHT-XE5S,2025-07-13 03:00:00,9.3523,9.169,KHT-XE5S_2025_0526_1101,0.0002000000000000668,0.5
KHT-XE5S,2025-07-13 03:10:00,9.3526,9.171,KHT-XE5S_2025_0526_1101,0.00019999999999988915,0.5
KHT-XE5S,2025-07-13 03:20:00,9.3529,9.17,KHT-XE5S_2025_0526_1101,9.999999999994457e-05,0.5
KHT-XE5S,2025-07-13 03:30:00,9.3537,9.172,KHT-XE5S_2025_0526_1101,0.0002000000000000668,0.5
KHT-XE5S,2025-07-13 03:40:00,9.3546,9.171,KHT-XE5S_2025_0526_1101,0.00010000000000012221,0.5
KHT-XE5S,2025-07-13 03:50:00,9.3551,9.169,KHT-XE5S_2025_0526_1101,0.00019999999999988915,0.5
KHT-XE5S,2025-07-13 04:00:00,9.356,9.17,KHT-XE5S_2025_0526_1101,9.999999999994457e-05,0.5
KHT-XE5S,2025-07-13 04:10:00,9.3569,9.171,KHT-XE5S_2025_0526_1101,9.999999999994457e-05,0.5
KHT-XE5S,2025-07-13 04:20:00,9.358,9.173,KHT-XE5S_2025_0526_1101,0.0002000000000000668,0.5
KHT-XE5S,2025-07-13 04:30:00,9.3592,9.173,KHT-XE5S_2025_0526_1101,0.0,0.5
KHT-XE5S,2025-07-13 04:40:00,9.3598,9.172,KHT-XE5S_2025_0526_1101,9.999999999994457e-05,0.5
KHT-XE5S,2025-07-13 04:50:00,9.3599,9.173,KHT-XE5S_2025_0526_1101,9.999999999994457e-05,0.5
KHT-XE5S,2025-07-13 05:00:00,9.3598,9.173,KHT-XE5S_2025_0526_1101,0.0,0.5
KHT-XE5S,2025-07-13 05:10:00,9.3599,9.173,KHT-XE5S_2025_0526_1101,0.0,0.5
KHT-XE5S,2025-07-13 05:20:00,9.36,9.171,KHT-XE5S_2025_0526_1101,0.0002000000000000668,0.5
KHT-XE5S,2025-07-13 05:30:00,9.3611,9.172,KHT-XE5S_2025_0526_1101,0.00010000000000012221,0.5
KHT-XE5S,2025-07-13 05:40:00,9.3624,9.175,KHT-XE5S_2025_0526_1101,0.00030000000000001136,0.5
KHT-XE5S,2025-07-13 05:50:00,9.3637,9.174,KHT-XE5S_2025_0526_1101,0.00010000000000012221,0.5
KHT-XE5S,2025-07-13 06:00:00,9.3637,9.174,KHT-XE5S_2025_0526_1101,0.0,0.5
KHT-XE5S,2025-07-13 06:10:00,9.3638,9.173,KHT-XE5S_2025_0526_1101,9.999999999994457e-05,0.5
KHT-XE5S,2025-07-13 06:20:00,9.3646,9.175,KHT-XE5S_2025_0526_1101,0.0002000000000000668,0.5
KHT-XE5S,2025-07-13 06:30:00,9.3658,9.175,KHT-XE5S_2025_0526_1101,0.0,0.5
KHT-XE5S,2025-07-13 06:40:00,9.3662,9.175,KHT-XE5S_2025_0526_1101,0.0,0.5
KHT-XE5S,2025-07-13 06:50:00,9.3665,9.176,KHT-XE5S_2025_0526_1101,9.999999999994457e-05,0.5
KHT-XE5S,2025-07-13 07:00:00,9.3666,9.177,KHT-XE5S_2025_0526_1101,9.999999999994457e-05,0.5
KHT-XE5S,2025-07-13 07:10:00,9.3671,9.175,KHT-XE5S_2025_0526_1101,0.00019999999999988915,0.5
KHT-XE5S,2025-07-13 07:20:00,9.3674,9.176,KHT-XE5S_2025_0526_1101,9.999999999994457e-05,0.5
KHT-XE5S,2025-07-13 07:30:00,9.368,9.177,KHT-XE5S_2025_0526_1101,9.999999999994457e-05,0.5
KHT-XE5S,2025-07-13 07:40:00,9.3676,9.178,KHT-XE5S_2025_0526_1101,0.00010000000000012221,0.5
KHT-XE5S,2025-07-13 07:50:00,9.3674,9.177,KHT-XE5S_2025_0526_1101,0.00010000000000012221,0.5
KHT-XE5S,2025-07-13 08:00:00,9.3672,9.179,KHT-XE5S_2025_0526_1101,0.0002000000000000668,0.5
KHT-XE5S,2025-07-13 08:10:00,9.3676,9.178,KHT-XE5S_2025_0526_1101,9.999999999994457e-05,0.5
KHT-XE5S,2025-07-13 08:20:00,9.3671,9.182,KHT-XE5S_2025_0526_1101,0.00039999999999995595,0.5
KHT-XE5S,2025-07-13 08:30:00,9.3671,9.179,KHT-XE5S_2025_0526_1101,0.00030000000000001136,0.5
KHT-XE5S,2025-07-13 08:40:00,9.3664,9.181,KHT-XE5S_2025_0526_1101,0.00019999999999988915,0.5
KHT-XE5S,2025-07-13 08:50:00,9.3651,9.182,KHT-XE5S_2025_0526_1101,0.00010000000000012221,0.5
KHT-XE5S,2025-07-13 09:00:00,9.3642,9.182,KHT-XE5S_2025_0526_1101,0.0,0.5
KHT-XE5S,2025-07-13 09:10:00,9.3629,9.182,KHT-XE5S_2025_0526_1101,0.0,0.5
KHT-XE5S,2025-07-13 09:20:00,9.3616,9.181,KHT-XE5S_2025_0526_1101,0.00010000000000012221,0.5
KHT-XE5S,2025-07-13 09:30:00,9.3593,9.181,KHT-XE5S_2025_0526_1101,0.0,0.5
KHT-XE5S,2025-07-13 09:40:00,9.3573,9.184,KHT-XE5S_2025_0526_1101,0.00030000000000001136,0.5
KHT-XE5S,2025-07-13 09:50:00,9.3549,9.183,KHT-XE5S_2025_0526_1101,9.999999999994457e-05,0.5
KHT-XE5S,2025-07-13 10:00:00,9.3522,9.182,KHT-XE5S_2025_0526_1101,9.999999999994457e-05,0.5
KHT-XE5S,2025-07-13 10:10:00,9.3497,9.182,KHT-XE5S_2025_0526_1101,0.0,0.5
KHT-XE5S,2025-07-13 10:20:00,9.3471,9.184,KHT-XE5S_2025_0526_1101,0.00019999999999988915,0.5
KHT-XE5S,2025-07-13 10:30:00,9.3441,9.183,KHT-XE5S_2025_0526_1101,9.999999999994457e-05,0.5
KHT-XE5S,2025-07-13 10:40:00,9.3409,9.184,KHT-XE5S_2025_0526_1101,9.999999999994457e-05,0.5
KHT-XE5S,2025-07-13 10:50:00,9.3381,9.184,KHT-XE5S_2025_0526_1101,0.0,0.5
KHT-XE5S,2025-07-13 11:00:00,9.3348,9.183,KHT-XE5S_2025_0526_1101,9.999999999994457e-05,0.5
KHT-XE5S,2025-07-13 11:10:00,9.3321,9.186,KHT-XE5S_2025_0526_1101,0.00030000000000001136,0.5
KHT-XE5S,2025-07-13 11:20:00,9.3283,9.185,KHT-XE5S_2025_0526_1101,9.999999999994457e-05,0.5
KHT-XE5S,2025-07-13 11:30:00,9.3243,9.185,KHT-XE5S_2025_0526_1101,0.0,0.5
KHT-XE5S,2025-07-13 11:40:00,9.3215,9.185,KHT-XE5S_2025_0526_1101,0.0,0.5
KHT-XE5S,2025-07-13 11:50:00,9.3189,9.184,KHT-XE5S_2025_0526_1101,0.00010000000000012221,0.5
KHT-XE5S,2025-07-13 12:00:00,9.3159,9.184,KHT-XE5S_2025_0526_1101,0.0,0.5
KHT-XE5S,2025-07-13 12:10:00,9.3129,9.184,KHT-XE5S_2025_0526_1101,0.0,0.5
KHT-XE5S,2025-07-13 12:20:00,9.3097,9.188,KHT-XE5S_2025_0526_1101,0.0004000000000001336,0.5
KHT-XE5S,2025-07-13 12:30:00,9.3063,9.186,KHT-XE5S_2025_0526_1101,0.0002000000000000668,0.5
KHT-XE5S,2025-07-13 12:40:00,9.304,9.186,KHT-XE5S_2025_0526_1101,0.0,0.5
KHT-XE5S,2025-07-13 12:50:00,9.3015,9.186,KHT-XE5S_2025_0526_1101,0.0,0.5
KHT-XE5S,2025-07-13 13:00:00,9.2993,9.187,KHT-XE5S_2025_0526_1101,9.999999999994457e-05,0.5
KHT-XE5S,2025-07-13 13:10:00,9.2975,9.187,KHT-XE5S_2025_0526_1101,0.0,0.5
KHT-XE5S,2025-07-13 13:20:00,9.2943,9.187,KHT-XE5S_2025_0526_1101,0.0,0.5
KHT-XE5S,2025-07-13 13:30:00,9.292,9.186,KHT-XE5S_2025_0526_1101,9.999999999994457e-05,0.5
KHT-XE5S,2025-07-13 13:40:00,9.2902,9.187,KHT-XE5S_2025_0526_1101,9.999999999994457e-05,0.5
KHT-XE5S,2025-07-13 13:50:00,9.2884,9.187,KHT-XE5S_2025_0526_1101,0.0,0.5
KHT-XE5S,2025-07-13 14:00:00,9.2858,9.188,KHT-XE5S_2025_0526_1101,0.00010000000000012221,0.5
KHT-XE5S,2025-07-13 14:10:00,9.2842,9.189,KHT-XE5S_2025_0526_1101,9.999999999994457e-05,0.5
KHT-XE5S,2025-07-13 14:20:00,9.2826,9.187,KHT-XE5S_2025_0526_1101,0.0002000000000000668,0.5
KHT-XE5S,2025-07-13 14:30:00,9.2816,9.189,KHT-XE5S_2025_0526_1101,0.0002000000000000668,0.5
KHT-XE5S,2025-07-13 14:40:00,9.2803,9.188,KHT-XE5S_2025_0526_1101,9.999999999994457e-05,0.5
KHT-XE5S,2025-07-13 14:50:00,9.2786,9.188,KHT-XE5S_2025_0526_1101,0.0,0.5
KHT-XE5S,2025-07-13 15:00:00,9.2786,9.19,KHT-XE5S_2025_0526_1101,0.00019999999999988915,0.5
KHT-XE5S,2025-07-13 15:10:00,9.276,9.19,KHT-XE5S_2025_0526_1101,0.0,0.5
KHT-XE5S,2025-07-13 15:20:00,9.275,9.19,KHT-XE5S_2025_0526_1101,0.0,0.5
KHT-XE5S,2025-07-13 15:30:00,9.2726,9.188,KHT-XE5S_2025_0526_1101,0.00019999999999988915,0.5
KHT-XE5S,2025-07-13 15:40:00,9.273,9.191,KHT-XE5S_2025_0526_1101,0.00030000000000001136,0.5
KHT-XE5S,2025-07-13 15:50:00,9.2719,9.191,KHT-XE5S_2025_0526_1101,0.0,0.5
KHT-XE5S,2025-07-13 16:00:00,9.2707,9.192,KHT-XE5S_2025_0526_1101,9.999999999994457e-05,0.5
KHT-XE5S,2025-07-13 16:10:00,9.2707,9.192,KHT-XE5S_2025_0526_1101,0.0,0.5
KHT-XE5S,2025-07-13 16:20:00,9.2702,9.193,KHT-XE5S_2025_0526_1101,9.999999999994457e-05,0.5
KHT-XE5S,2025-07-13 16:30:00,9.2685,9.19,KHT-XE5S_2025_0526_1101,0.00030000000000001136,0.5
KHT-XE5S,2025-07-13 16:40:00,9.2674,9.192,KHT-XE5S_2025_0526_1101,0.0002000000000000668,0.5
KHT-XE5S,2025-07-13 16:50:00,9.2665,9.193,KHT-XE5S_2025_0526_1101,9.999999999994457e-05,0.5
KHT-XE5S,2025-07-13 17:00:00,9.2651,9.193,KHT-XE5S_2025_0526_1101,0.0,0.5
KHT-XE5S,2025-07-13 17:10:00,9.2653,9.195,KHT-XE5S_2025_0526_1101,0.0002000000000000668,0.5
KHT-XE5S,2025-07-13 17:20:00,9.267,9.194,KHT-XE5S_2025_0526_1101,9.999999999994457e-05,0.5
KHT-XE5S,2025-07-13 17:30:00,9.2675,9.195,KHT-XE5S_2025_0526_1101,9.999999999994457e-05,0.5
KHT-XE5S,2025-07-13 17:40:00,9.2691,9.193,KHT-XE5S_2025_0526_1101,0.0002000000000000668,0.5
KHT-XE5S,2025-07-13 17:50:00,9.2707,9.195,KHT-XE5S_2025_0526_1101,0.0002000000000000668,0.5
KHT-XE5S,2025-07-13 18:00:00,9.2725,9.194,KHT-XE5S_2025_0526_1101,9.999999999994457e-05,0.5
KHT-XE5S,2025-07-13 18:10:00,9.2743,9.195,KHT-XE5S_2025_0526_1101,9.999999999994457e-05,0.5
KHT-XE5S,2025-07-13 18:20:00,9.2763,9.195,KHT-XE5S_2025_0526_1101,0.0,0.5
KHT-XE5S,2025-07-13 18:30:00,9.2779,9.195,KHT-XE5S_2025_0526_1101,0.0,0.5
KHT-XE5S,2025-07-13 18:40:00,9.2792,9.195,KHT-XE5S_2025_0526_1101,0.0,0.5
KHT-XE5S,2025-07-13 18:50:00,9.2808,9.196,KHT-XE5S_2025_0526_1101,9.999999999994457e-05,0.5
KHT-XE5S,2025-07-13 19:00:00,9.2822,9.197,KHT-XE5S_2025_0526_1101,9.999999999994457e-05,0.5
KHT-XE5S,2025-07-13 19:10:00,9.2838,9.195,KHT-XE5S_2025_0526_1101,0.00019999999999988915,0.5
KHT-XE5S,2025-07-13 19:20:00,9.2864,9.195,KHT-XE5S_2025_0526_1101,0.0,0.5
KHT-XE5S,2025-07-13 19:30:00,9.2892,9.196,KHT-XE5S_2025_0526_1101,9.999999999994457e-05,0.5
KHT-XE5S,2025-07-13 19:40:00,9.2922,9.198,KHT-XE5S_2025_0526_1101,0.0002000000000000668,0.5
KHT-XE5S,2025-07-13 19:50:00,9.2948,9.199,KHT-XE5S_2025_0526_1101,9.999999999994457e-05,0.5
KHT-XE5S,2025-07-13 20:00:00,9.2974,9.196,KHT-XE5S_2025_0526_1101,0.00030000000000001136,0.5
KHT-XE5S,2025-07-13 20:10:00,9.3004,9.199,KHT-XE5S_2025_0526_1101,0.00030000000000001136,0.5
KHT-XE5S,2025-07-13 20:20:00,9.303,9.197,KHT-XE5S_2025_0526_1101,0.0002000000000000668,0.5
KHT-XE5S,2025-07-13 20:30:00,9.3062,9.198,KHT-XE5S_2025_0526_1101,0.00010000000000012221,0.5
KHT-XE5S,2025-07-13 20:40:00,9.3099,9.198,KHT-XE5S_2025_0526_1101,0.0,0.5
KHT-XE5S,2025-07-13 20:50:00,9.3125,9.198,KHT-XE5S_2025_0526_1101,0.0,0.5
KHT-XE5S,2025-07-13 21:00:00,9.316,9.199,KHT-XE5S_2025_0526_1101,9.999999999994457e-05,0.5
KHT-XE5S,2025-07-13 21:10:00,9.3193,9.198,KHT-XE5S_2025_0526_1101,9.999999999994457e-05,0.5
KHT-XE5S,2025-07-13 21:20:00,9.3223,9.2,KHT-XE5S_2025_0526_1101,0.00019999999999988915,0.5
KHT-XE5S,2025-07-13 21:30:00,9.3252,9.2,KHT-XE5S_2025_0526_1101,0.0,0.5
KHT-XE5S,2025-07-13 21:40:00,9.3272,9.201,KHT-XE5S_2025_0526_1101,0.00010000000000012221,0.5
KHT-XE5S,2025-07-13 21:50:00,9.3293,9.2,KHT-XE5S_2025_0526_1101,0.00010000000000012221,0.5
KHT-XE5S,2025-07-13 22:00:00,9.33,9.202,KHT-XE5S_2025_0526_1101,0.0002000000000000668,0.5
KHT-XE5S,2025-07-13 22:10:00,9.3305,9.201,KHT-XE5S_2025_0526_1101,9.999999999994457e-05,0.5
KHT-XE5S,2025-07-13 22:20:00,9.3318,9.199,KHT-XE5S_2025_0526_1101,0.0002000000000000668,0.5
KHT-XE5S,2025-07-13 22:30:00,9.3329,9.201,KHT-XE5S_2025_0526_1101,0.0002000000000000668,0.5
KHT-XE5S,2025-07-13 22:40:00,9.334,9.202,KHT-XE5S_2025_0526_1101,9.999999999994457e-05,0.5
KHT-XE5S,2025-07-13 22:50:00,9.3352,9.203,KHT-XE5S_2025_0526_1101,9.999999999994457e-05,0.5
KHT-XE5S,2025-07-13 23:00:00,9.3359,9.203,KHT-XE5S_2025_0526_1101,0.0,0.5
KHT-XE5S,2025-07-13 23:10:00,9.3367,9.203,KHT-XE5S_2025_0526_1101,0.0,0.5
KHT-XE5S,2025-07-13 23:20:00,9.3391,9.203,KHT-XE5S_2025_0526_1101,0.0,0.5
KHT-XE5S,2025-07-13 23:30:00,9.3398,9.204,KHT-XE5S_2025_0526_1101,0.00010000000000012221,0.5
KHT-XE5S,2025-07-13 23:40:00,9.3408,9.203,KHT-XE5S_2025_0526_1101,0.00010000000000012221,0.5
KHT-XE5S,2025-07-13 23:50:00,9.343,9.202,KHT-XE5S_2025_0526_1101,9.999999999994457e-05,0.5
KHT-XE5S,2025-07-14 00:00:00,9.3437,9.204,KHT-XE5S_2025_0526_1101,0.0002000000000000668,0.5
KHT-XE5S,2025-07-14 00:10:00,9.3447,9.204,KHT-XE5S_2025_0526_1101,0.0,0.5
KHT-XE5S,2025-07-14 00:20:00,9.3444,9.207,KHT-XE5S_2025_0526_1101,0.00030000000000001136,0.5
KHT-XE5S,2025-07-14 00:30:00,9.3447,9.203,KHT-XE5S_2025_0526_1101,0.0004000000000001336,0.5
KHT-XE5S,2025-07-14 00:40:00,9.3461,9.205,KHT-XE5S_2025_0526_1101,0.0002000000000000668,0.5
KHT-XE5S,2025-07-14 00:50:00,9.3465,9.207,KHT-XE5S_2025_0526_1101,0.0002000000000000668,0.5
KHT-XE5S,2025-07-14 01:00:00,9.3469,9.208,KHT-XE5S_2025_0526_1101,9.999999999994457e-05,0.5
KHT-XE5S,2025-07-14 01:10:00,9.3476,9.206,KHT-XE5S_2025_0526_1101,0.0002000000000000668,0.5
KHT-XE5S,2025-07-14 01:20:00,9.3467,9.205,KHT-XE5S_2025_0526_1101,9.999999999994457e-05,0.5
KHT-XE5S,2025-07-14 01:30:00,9.3471,9.206,KHT-XE5S_2025_0526_1101,9.999999999994457e-05,0.5
KHT-XE5S,2025-07-14 01:40:00,9.3471,9.209,KHT-XE5S_2025_0526_1101,0.00030000000000001136,0.5
KHT-XE5S,2025-07-14 01:50:00,9.3471,9.208,KHT-XE5S_2025_0526_1101,9.999999999994457e-05,0.5
KHT-XE5S,2025-07-14 02:00:00,9.3478,9.209,KHT-XE5S_2025_0526_1101,9.999999999994457e-05,0.5
KHT-XE5S,2025-07-14 02:10:00,9.3485,9.208,KHT-XE5S_2025_0526_1101,9.999999999994457e-05,0.5
KHT-XE5S,2025-07-14 02:20:00,9.348,9.208,KHT-XE5S_2025_0526_1101,0.0,0.5
KHT-XE5S,2025-07-14 02:30:00,9.348,9.208,KHT-XE5S_2025_0526_1101,0.0,0.5
KHT-XE5S,2025-07-14 02:40:00,9.3484,9.21,KHT-XE5S_2025_0526_1101,0.0002000000000000668,0.5
KHT-XE5S,2025-07-14 02:50:00,9.3487,9.209,KHT-XE5S_2025_0526_1101,0.00010000000000012221,0.5
KHT-XE5S,2025-07-14 03:00:00,9.3491,9.21,KHT-XE5S_2025_0526_1101,0.00010000000000012221,0.5
KHT-XE5S,2025-07-14 03:10:00,9.3499,9.209,KHT-XE5S_2025_0526_1101,0.00010000000000012221,0.5
KHT-XE5S,2025-07-14 03:20:00,9.3502,9.21,KHT-XE5S_2025_0526_1101,0.00010000000000012221,0.5
KHT-XE5S,2025-07-14 03:30:00,9.3499,9.211,KHT-XE5S_2025_0526_1101,9.999999999994457e-05,0.5
KHT-XE5S,2025-07-14 03:40:00,9.3494,9.211,KHT-XE5S_2025_0526_1101,0.0,0.5
KHT-XE5S,2025-07-14 03:50:00,9.3494,9.211,KHT-XE5S_2025_0526_1101,0.0,0.5
KHT-XE5S,2025-07-14 04:00:00,9.3492,9.211,KHT-XE5S_2025_0526_1101,0.0,0.5
KHT-XE5S,2025-07-14 04:10:00,9.3497,9.21,KHT-XE5S_2025_0526_1101,9.999999999994457e-05,0.5
KHT-XE5S,2025-07-14 04:20:00,9.35,9.212,KHT-XE5S_2025_0526_1101,0.00019999999999988915,0.5
KHT-XE5S,2025-07-14 04:30:00,9.35,9.212,KHT-XE5S_2025_0526_1101,0.0,0.5
KHT-XE5S,2025-07-14 04:40:00,9.3503,9.213,KHT-XE5S_2025_0526_1101,9.999999999994457e-05,0.5
KHT-XE5S,2025-07-14 04:50:00,9.3507,9.212,KHT-XE5S_2025_0526_1101,9.999999999994457e-05,0.5
KHT-XE5S,2025-07-14 05:00:00,9.3517,9.212,KHT-XE5S_2025_0526_1101,0.0,0.5
KHT-XE5S,2025-07-14 05:10:00,9.352,9.213,KHT-XE5S_2025_0526_1101,9.999999999994457e-05,0.5
KHT-XE5S,2025-07-14 05:20:00,9.3526,9.214,KHT-XE5S_2025_0526_1101,0.00010000000000012221,0.5
KHT-XE5S,2025-07-14 05:30:00,9.3537,9.214,KHT-XE5S_2025_0526_1101,0.0,0.5
KHT-XE5S,2025-07-14 05:40:00,9.3534,9.212,KHT-XE5S_2025_0526_1101,0.0002000000000000668,0.5
KHT-XE5S,2025-07-14 05:50:00,9.3541,9.214,KHT-XE5S_2025_0526_1101,0.0002000000000000668,0.5
KHT-XE5S,2025-07-14 06:00:00,9.3545,9.215,KHT-XE5S_2025_0526_1101,9.999999999994457e-05,0.5
KHT-XE5S,2025-07-14 06:10:00,9.3551,9.213,KHT-XE5S_2025_0526_1101,0.0002000000000000668,0.5
KHT-XE5S,2025-07-14 06:20:00,9.3557,9.215,KHT-XE5S_2025_0526_1101,0.0002000000000000668,0.5
KHT-XE5S,2025-07-14 06:30:00,9.3563,9.216,KHT-XE5S_2025_0526_1101,9.999999999994457e-05,0.5
KHT-XE5S,2025-07-14 06:40:00,9.3571,9.217,KHT-XE5S_2025_0526_1101,0.00010000000000012221,0.5
KHT-XE5S,2025-07-14 06:50:00,9.3575,9.215,KHT-XE5S_2025_0526_1101,0.0002000000000000668,0.5
KHT-XE5S,2025-07-14 07:00:00,9.3577,9.217,KHT-XE5S_2025_0526_1101,0.0002000000000000668,0.5
KHT-XE5S,2025-07-14 07:10:00,9.3577,9.217,KHT-XE5S_2025_0526_1101,0.0,0.5
KHT-XE5S,2025-07-14 07:20:00,9.3582,9.217,KHT-XE5S_2025_0526_1101,0.0,0.5
KHT-XE5S,2025-07-14 07:30:00,9.358,9.217,KHT-XE5S_2025_0526_1101,0.0,0.5
KHT-XE5S,2025-07-14 07:40:00,9.3586,9.218,KHT-XE5S_2025_0526_1101,9.999999999994457e-05,0.5
KHT-XE5S,2025-07-14 07:50:00,9.3586,9.219,KHT-XE5S_2025_0526_1101,9.999999999994457e-05,0.5
KHT-XE5S,2025-07-14 08:00:00,9.3582,9.218,KHT-XE5S_2025_0526_1101,9.999999999994457e-05,0.5
KHT-XE5S,2025-07-14 08:10:00,9.3579,9.219,KHT-XE5S_2025_0526_1101,9.999999999994457e-05,0.5
KHT-XE5S,2025-07-14 08:20:00,9.3572,9.221,KHT-XE5S_2025_0526_1101,0.0002000000000000668,0.5
KHT-XE5S,2025-07-14 08:30:00,9.3565,9.22,KHT-XE5S_2025_0526_1101,9.999999999994457e-05,0.5
KHT-XE5S,2025-07-14 08:40:00,9.3554,9.219,KHT-XE5S_2025_0526_1101,0.00010000000000012221,0.5
KHT-XE5S,2025-07-14 08:50:00,9.3539,9.222,KHT-XE5S_2025_0526_1101,0.00030000000000001136,0.5
KHT-XE5S,2025-07-14 09:00:00,9.3516,9.22,KHT-XE5S_2025_0526_1101,0.00019999999999988915,0.5
KHT-XE5S,2025-07-14 09:10:00,9.3501,9.222,KHT-XE5S_2025_0526_1101,0.00019999999999988915,0.5
KHT-XE5S,2025-07-14 09:20:00,9.3477,9.222,KHT-XE5S_2025_0526_1101,0.0,0.5
KHT-XE5S,2025-07-14 09:30:00,9.3451,9.222,KHT-XE5S_2025_0526_1101,0.0,0.5
KHT-XE5S,2025-07-14 09:40:00,9.343,9.224,KHT-XE5S_2025_0526_1101,0.0002000000000000668,0.5
KHT-XE5S,2025-07-14 09:50:00,9.3409,9.224,KHT-XE5S_2025_0526_1101,0.0,0.5
KHT-XE5S,2025-07-14 10:00:00,9.3379,9.224,KHT-XE5S_2025_0526_1101,0.0,0.5
KHT-XE5S,2025-07-14 10:10:00,9.3352,9.226,KHT-XE5S_2025_0526_1101,0.0002000000000000668,0.5
KHT-XE5S,2025-07-14 10:20:00,9.3319,9.223,KHT-XE5S_2025_0526_1101,0.00030000000000001136,0.5
KHT-XE5S,2025-07-14 10:30:00,9.3285,9.225,KHT-XE5S_2025_0526_1101,0.00019999999999988915,0.5
KHT-XE5S,2025-07-14 10:40:00,9.325,9.224,KHT-XE5S_2025_0526_1101,9.999999999994457e-05,0.5
KHT-XE5S,2025-07-14 10:50:00,9.3221,9.224,KHT-XE5S_2025_0526_1101,0.0,0.5
KHT-XE5S,2025-07-14 11:00:00,9.319,9.226,KHT-XE5S_2025_0526_1101,0.0002000000000000668,0.5
KHT-XE5S,2025-07-14 11:10:00,9.3153,9.224,KHT-XE5S_2025_0526_1101,0.0002000000000000668,0.5
KHT-XE5S,2025-07-14 11:20:00,9.3124,9.226,KHT-XE5S_2025_0526_1101,0.0002000000000000668,0.5
KHT-XE5S,2025-07-14 11:30:00,9.3085,9.226,KHT-XE5S_2025_0526_1101,0.0,0.5
KHT-XE5S,2025-07-14 11:40:00,9.305,9.227,KHT-XE5S_2025_0526_1101,9.999999999994457e-05,0.5
KHT-XE5S,2025-07-14 11:50:00,9.3014,9.227,KHT-XE5S_2025_0526_1101,0.0,0.5
KHT-XE5S,2025-07-14 12:00:00,9.2967,9.226,KHT-XE5S_2025_0526_1101,9.999999999994457e-05,0.5
KHT-XE5S,2025-07-14 12:10:00,9.2936,9.225,KHT-XE5S_2025_0526_1101,0.00010000000000012221,0.5
KHT-XE5S,2025-07-14 12:20:00,9.2906,9.226,KHT-XE5S_2025_0526_1101,0.00010000000000012221,0.5
KHT-XE5S,2025-07-14 12:30:00,9.2876,9.227,KHT-XE5S_2025_0526_1101,9.999999999994457e-05,0.5
KHT-XE5S,2025-07-14 12:40:00,9.2842,9.227,KHT-XE5S_2025_0526_1101,0.0,0.5
KHT-XE5S,2025-07-14 12:50:00,9.2818,9.227,KHT-XE5S_2025_0526_1101,0.0,0.5
KHT-XE5S,2025-07-14 13:00:00,9.2788,9.228,KHT-XE5S_2025_0526_1101,9.999999999994457e-05,0.5
KHT-XE5S,2025-07-14 13:10:00,9.2766,9.229,KHT-XE5S_2025_0526_1101,9.999999999994457e-05,0.5
KHT-XE5S,2025-07-14 13:20:00,9.274,9.228,KHT-XE5S_2025_0526_1101,9.999999999994457e-05,0.5
KHT-XE5S,2025-07-14 13:30:00,9.2723,9.229,KHT-XE5S_2025_0526_1101,9.999999999994457e-05,0.5
KHT-XE5S,2025-07-14 13:40:00,9.2701,9.23,KHT-XE5S_2025_0526_1101,0.00010000000000012221,0.5
KHT-XE5S,2025-07-14 13:50:00,9.2678,9.229,KHT-XE5S_2025_0526_1101,0.00010000000000012221,0.5
KHT-XE5S,2025-07-14 14:00:00,9.259,9.228,KHT-XE5S_2025_0526_1101,9.999999999994457e-05,0.5
KHT-XE5S,2025-07-14 14:10:00,9.2655,9.227,KHT-XE5S_2025_0526_1101,9.999999999994457e-05,0.5
KHT-XE5S,2025-07-14 14:20:00,9.2624,9.23,KHT-XE5S_2025_0526_1101,0.00030000000000001136,0.5
KHT-XE5S,2025-07-14 14:30:00,9.2612,9.227,KHT-XE5S_2025_0526_1101,0.00030000000000001136,0.5
KHT-XE5S,2025-07-14 14:40:00,9.2593,9.228,KHT-XE5S_2025_0526_1101,9.999999999994457e-05,0.5
KHT-XE5S,2025-07-14 14:50:00,9.2578,9.229,KHT-XE5S_2025_0526_1101,9.999999999994457e-05,0.5
KHT-XE5S,2025-07-14 15:00:00,9.2568,9.23,KHT-XE5S_2025_0526_1101,0.00010000000000012221,0.5
KHT-XE5S,2025-07-14 15:10:00,9.255,9.229,KHT-XE5S_2025_0526_1101,0.00010000000000012221,0.5
KHT-XE5S,2025-07-14 15:20:00,9.2539,9.232,KHT-XE5S_2025_0526_1101,0.00030000000000001136,0.5
KHT-XE5S,2025-07-14 15:30:00,9.2533,9.231,KHT-XE5S_2025_0526_1101,9.999999999994457e-05,0.5
KHT-XE5S,2025-07-14 15:40:00,9.252,9.231,KHT-XE5S_2025_0526_1101,0.0,0.5
KHT-XE5S,2025-07-14 15:50:00,9.2511,9.231,KHT-XE5S_2025_0526_1101,0.0,0.5
KHT-XE5S,2025-07-14 16:00:00,9.2503,9.23,KHT-XE5S_2025_0526_1101,9.999999999994457e-05,0.5
KHT-XE5S,2025-07-14 16:10:00,9.2493,9.23,KHT-XE5S_2025_0526_1101,0.0,0.5
KHT-XE5S,2025-07-14 16:20:00,9.2478,9.232,KHT-XE5S_2025_0526_1101,0.00019999999999988915,0.5
KHT-XE5S,2025-07-14 16:30:00,9.2476,9.233,KHT-XE5S_2025_0526_1101,0.00010000000000012221,0.5
KHT-XE5S,2025-07-14 16:40:00,9.2469,9.231,KHT-XE5S_2025_0526_1101,0.0002000000000000668,0.5
KHT-XE5S,2025-07-14 16:50:00,9.2456,9.232,KHT-XE5S_2025_0526_1101,9.999999999994457e-05,0.5
KHT-XE5S,2025-07-14 17:00:00,9.2451,9.231,KHT-XE5S_2025_0526_1101,9.999999999994457e-05,0.5
KHT-XE5S,2025-07-14 17:10:00,9.245,9.234,KHT-XE5S_2025_0526_1101,0.00030000000000001136,0.5
KHT-XE5S,2025-07-14 17:20:00,9.2431,9.234,KHT-XE5S_2025_0526_1101,0.0,0.5
KHT-XE5S,2025-07-14 17:30:00,9.2428,9.236,KHT-XE5S_2025_0526_1101,0.0002000000000000668,0.5
KHT-XE5S,2025-07-14 17:40:00,9.2422,9.235,KHT-XE5S_2025_0526_1101,0.00010000000000012221,0.5
KHT-XE5S,2025-07-14 17:50:00,9.2423,9.234,KHT-XE5S_2025_0526_1101,9.999999999994457e-05,0.5
KHT-XE5S,2025-07-14 18:00:00,9.2441,9.233,KHT-XE5S_2025_0526_1101,9.999999999994457e-05,0.5
KHT-XE5S,2025-07-14 18:10:00,9.2461,9.236,KHT-XE5S_2025_0526_1101,0.00030000000000001136,0.5
KHT-XE5S,2025-07-14 18:20:00,9.2481,9.236,KHT-XE5S_2025_0526_1101,0.0,0.5
KHT-XE5S,2025-07-14 18:30:00,9.2514,9.234,KHT-XE5S_2025_0526_1101,0.0002000000000000668,0.5
KHT-XE5S,2025-07-14 18:40:00,9.2528,9.236,KHT-XE5S_2025_0526_1101,0.0002000000000000668,0.5
KHT-XE5S,2025-07-14 18:50:00,9.2552,9.236,KHT-XE5S_2025_0526_1101,0.0,0.5
KHT-XE5S,2025-07-14 19:00:00,9.2571,9.235,KHT-XE5S_2025_0526_1101,0.00010000000000012221,0.5
KHT-XE5S,2025-07-14 19:10:00,9.2584,9.237,KHT-XE5S_2025_0526_1101,0.0002000000000000668,0.5
KHT-XE5S,2025-07-14 19:20:00,9.26,9.237,KHT-XE5S_2025_0526_1101,0.0,0.5
KHT-XE5S,2025-07-14 19:30:00,9.2624,9.238,KHT-XE5S_2025_0526_1101,9.999999999994457e-05,0.5
KHT-XE5S,2025-07-14 19:40:00,9.2638,9.237,KHT-XE5S_2025_0526_1101,9.999999999994457e-05,0.5
KHT-XE5S,2025-07-14 19:50:00,9.2671,9.238,KHT-XE5S_2025_0526_1101,9.999999999994457e-05,0.5
KHT-XE5S,2025-07-14 20:00:00,9.2705,9.237,KHT-XE5S_2025_0526_1101,9.999999999994457e-05,0.5
KHT-XE5S,2025-07-14 20:10:00,9.2736,9.237,KHT-XE5S_2025_0526_1101,0.0,0.5
KHT-XE5S,2025-07-14 20:20:00,9.2763,9.236,KHT-XE5S_2025_0526_1101,9.999999999994457e-05,0.5
KHT-XE5S,2025-07-14 20:30:00,9.2787,9.239,KHT-XE5S_2025_0526_1101,0.00030000000000001136,0.5
KHT-XE5S,2025-07-14 20:40:00,9.2808,9.238,KHT-XE5S_2025_0526_1101,0.00010000000000012221,0.5
KHT-XE5S,2025-07-14 20:50:00,9.2837,9.239,KHT-XE5S_2025_0526_1101,0.00010000000000012221,0.5
KHT-XE5S,2025-07-14 21:00:00,9.287,9.24,KHT-XE5S_2025_0526_1101,9.999999999994457e-05,0.5
KHT-XE5S,2025-07-14 21:10:00,9.2894,9.239,KHT-XE5S_2025_0526_1101,9.999999999994457e-05,0.5
KHT-XE5S,2025-07-14 21:20:00,9.2914,9.239,KHT-XE5S_2025_0526_1101,0.0,0.5
KHT-XE5S,2025-07-14 21:30:00,9.2934,9.24,KHT-XE5S_2025_0526_1101,9.999999999994457e-05,0.5
KHT-XE5S,2025-07-14 21:40:00,9.2945,9.241,KHT-XE5S_2025_0526_1101,9.999999999994457e-05,0.5
KHT-XE5S,2025-07-14 21:50:00,9.2962,9.241,KHT-XE5S_2025_0526_1101,0.0,0.5
KHT-XE5S,2025-07-14 22:00:00,9.2974,9.241,KHT-XE5S_2025_0526_1101,0.0,0.5
KHT-XE5S,2025-07-14 22:10:00,9.2992,9.24,KHT-XE5S_2025_0526_1101,9.999999999994457e-05,0.5
KHT-XE5S,2025-07-14 22:20:00,9.3015,9.241,KHT-XE5S_2025_0526_1101,9.999999999994457e-05,0.5
KHT-XE5S,2025-07-14 22:30:00,9.3027,9.241,KHT-XE5S_2025_0526_1101,0.0,0.5
KHT-XE5S,2025-07-14 22:40:00,9.3033,9.242,KHT-XE5S_2025_0526_1101,0.00010000000000012221,0.5
KHT-XE5S,2025-07-14 22:50:00,9.3046,9.243,KHT-XE5S_2025_0526_1101,9.999999999994457e-05,0.5
KHT-XE5S,2025-07-14 23:00:00,9.305,9.242,KHT-XE5S_2025_0526_1101,9.999999999994457e-05,0.5
KHT-XE5S,2025-07-14 23:10:00,9.3055,9.245,KHT-XE5S_2025_0526_1101,0.0002999999999998337,0.5
KHT-XE5S,2025-07-14 23:20:00,9.3059,9.245,KHT-XE5S_2025_0526_1101,0.0,0.5
KHT-XE5S,2025-07-14 23:30:00,9.3075,9.244,KHT-XE5S_2025_0526_1101,9.999999999994457e-05,0.5
KHT-XE5S,2025-07-14 23:40:00,9.3088,9.244,KHT-XE5S_2025_0526_1101,0.0,0.5
KHT-XE5S,2025-07-14 23:50:00,9.3098,9.245,KHT-XE5S_2025_0526_1101,9.999999999994457e-05,0.5
KHT-XE5S,2025-07-15 00:00:00,9.3116,9.245,KHT-XE5S_2025_0526_1101,0.0,0.5
KHT-XE5S,2025-07-15 00:10:00,9.3117,9.245,KHT-XE5S_2025_0526_1101,0.0,0.5
KHT-XE5S,2025-07-15 00:20:00,9.3124,9.245,KHT-XE5S_2025_0526_1101,0.0,0.5
KHT-XE5S,2025-07-15 00:30:00,9.3128,9.245,KHT-XE5S_2025_0526_1101,0.0,0.5
KHT-XE5S,2025-07-15 00:40:00,9.3129,9.245,KHT-XE5S_2025_0526_1101,0.0,0.5
KHT-XE5S,2025-07-15 00:50:00,9.3128,9.246,KHT-XE5S_2025_0526_1101,0.00010000000000012221,0.5
KHT-XE5S,2025-07-15 01:00:00,9.3134,9.247,KHT-XE5S_2025_0526_1101,9.999999999994457e-05,0.5
KHT-XE5S,2025-07-15 01:10:00,9.3131,9.246,KHT-XE5S_2025_0526_1101,9.999999999994457e-05,0.5
KHT-XE5S,2025-07-15 01:20:00,9.3138,9.247,KHT-XE5S_2025_0526_1101,9.999999999994457e-05,0.5
KHT-XE5S,2025-07-15 01:30:00,9.3138,9.248,KHT-XE5S_2025_0526_1101,9.999999999994457e-05,0.5
KHT-XE5S,2025-07-15 01:40:00,9.3141,9.25,KHT-XE5S_2025_0526_1101,0.0002000000000000668,0.5
KHT-XE5S,2025-07-15 01:50:00,9.3149,9.247,KHT-XE5S_2025_0526_1101,0.00030000000000001136,0.5
KHT-XE5S,2025-07-15 02:00:00,9.3156,9.247,KHT-XE5S_2025_0526_1101,0.0,0.5
KHT-XE5S,2025-07-15 02:10:00,9.3153,9.248,KHT-XE5S_2025_0526_1101,9.999999999994457e-05,0.5
KHT-XE5S,2025-07-15 02:20:00,9.3156,9.25,KHT-XE5S_2025_0526_1101,0.0002000000000000668,0.5
KHT-XE5S,2025-07-15 02:30:00,9.3152,9.247,KHT-XE5S_2025_0526_1101,0.00030000000000001136,0.5
KHT-XE5S,2025-07-15 02:40:00,9.315,9.249,KHT-XE5S_2025_0526_1101,0.0002000000000000668,0.5
KHT-XE5S,2025-07-15 02:50:00,9.315,9.251,KHT-XE5S_2025_0526_1101,0.00019999999999988915,0.5
KHT-XE5S,2025-07-15 03:00:00,9.3153,9.248,KHT-XE5S_2025_0526_1101,0.00030000000000001136,0.5
KHT-XE5S,2025-07-15 03:10:00,9.3154,9.251,KHT-XE5S_2025_0526_1101,0.00030000000000001136,0.5
KHT-XE5S,2025-07-15 03:20:00,9.316,9.251,KHT-XE5S_2025_0526_1101,0.0,0.5
KHT-XE5S,2025-07-15 03:30:00,9.3156,9.251,KHT-XE5S_2025_0526_1101,0.0,0.5
KHT-XE5S,2025-07-15 03:40:00,9.3154,9.251,KHT-XE5S_2025_0526_1101,0.0,0.5
KHT-XE5S,2025-07-15 03:50:00,9.3163,9.251,KHT-XE5S_2025_0526_1101,0.0,0.5
KHT-XE5S,2025-07-15 04:00:00,9.3165,9.25,KHT-XE5S_2025_0526_1101,9.999999999994457e-05,0.5
KHT-XE5S,2025-07-15 04:10:00,9.3172,9.251,KHT-XE5S_2025_0526_1101,9.999999999994457e-05,0.5
KHT-XE5S,2025-07-15 04:20:00,9.3174,9.254,KHT-XE5S_2025_0526_1101,0.00030000000000001136,0.5
KHT-XE5S,2025-07-15 04:30:00,9.3175,9.252,KHT-XE5S_2025_0526_1101,0.00019999999999988915,0.5
KHT-XE5S,2025-07-15 04:40:00,9.3179,9.252,KHT-XE5S_2025_0526_1101,0.0,0.5
KHT-XE5S,2025-07-15 04:50:00,9.3178,9.252,KHT-XE5S_2025_0526_1101,0.0,0.5
KHT-XE5S,2025-07-15 05:00:00,9.3176,9.253,KHT-XE5S_2025_0526_1101,9.999999999994457e-05,0.5
KHT-XE5S,2025-07-15 05:10:00,9.3179,9.254,KHT-XE5S_2025_0526_1101,9.999999999994457e-05,0.5
KHT-XE5S,2025-07-15 05:20:00,9.3179,9.253,KHT-XE5S_2025_0526_1101,9.999999999994457e-05,0.5
KHT-XE5S,2025-07-15 05:30:00,9.318,9.254,KHT-XE5S_2025_0526_1101,9.999999999994457e-05,0.5
KHT-XE5S,2025-07-15 05:40:00,9.3191,9.254,KHT-XE5S_2025_0526_1101,0.0,0.5
KHT-XE5S,2025-07-15 05:50:00,9.3198,9.254,KHT-XE5S_2025_0526_1101,0.0,0.5
KHT-XE5S,2025-07-15 06:00:00,9.3209,9.254,KHT-XE5S_2025_0526_1101,0.0,0.5
KHT-XE5S,2025-07-15 06:10:00,9.3213,9.256,KHT-XE5S_2025_0526_1101,0.0002000000000000668,0.5
KHT-XE5S,2025-07-15 06:20:00,9.3221,9.255,KHT-XE5S_2025_0526_1101,9.999999999994457e-05,0.5
KHT-XE5S,2025-07-15 06:30:00,9.323,9.255,KHT-XE5S_2025_0526_1101,0.0,0.5
KHT-XE5S,2025-07-15 06:40:00,9.323,9.258,KHT-XE5S_2025_0526_1101,0.0002999999999998337,0.5
KHT-XE5S,2025-07-15 06:50:00,9.3235,9.256,KHT-XE5S_2025_0526_1101,0.00019999999999988915,0.5
KHT-XE5S,2025-07-15 07:00:00,9.3247,9.257,KHT-XE5S_2025_0526_1101,9.999999999994457e-05,0.5
KHT-XE5S,2025-07-15 07:10:00,9.3248,9.259,KHT-XE5S_2025_0526_1101,0.0002000000000000668,0.5
KHT-XE5S,2025-07-15 07:20:00,9.3251,9.258,KHT-XE5S_2025_0526_1101,0.00010000000000012221,0.5
KHT-XE5S,2025-07-15 07:30:00,9.3251,9.258,KHT-XE5S_2025_0526_1101,0.0,0.5
KHT-XE5S,2025-07-15 07:40:00,9.3252,9.258,KHT-XE5S_2025_0526_1101,0.0,0.5
KHT-XE5S,2025-07-15 07:50:00,9.3255,9.256,KHT-XE5S_2025_0526_1101,0.00019999999999988915,0.5
KHT-XE5S,2025-07-15 08:00:00,9.3254,9.26,KHT-XE5S_2025_0526_1101,0.00039999999999995595,0.5
KHT-XE5S,2025-07-15 08:10:00,9.3253,9.26,KHT-XE5S_2025_0526_1101,0.0,0.5
KHT-XE5S,2025-07-15 08:20:00,9.3256,9.259,KHT-XE5S_2025_0526_1101,9.999999999994457e-05,0.5
KHT-XE5S,2025-07-15 08:30:00,9.3246,9.261,KHT-XE5S_2025_0526_1101,0.00019999999999988915,0.5
KHT-XE5S,2025-07-15 08:40:00,9.3238,9.262,KHT-XE5S_2025_0526_1101,0.00010000000000012221,0.5
KHT-XE5S,2025-07-15 08:50:00,9.3226,9.262,KHT-XE5S_2025_0526_1101,0.0,0.5
KHT-XE5S,2025-07-15 09:00:00,9.3212,9.258,KHT-XE5S_2025_0526_1101,0.0004000000000001336,0.5
KHT-XE5S,2025-07-15 09:10:00,9.3192,9.262,KHT-XE5S_2025_0526_1101,0.0004000000000001336,0.5
KHT-XE5S,2025-07-15 09:20:00,9.3161,9.262,KHT-XE5S_2025_0526_1101,0.0,0.5
KHT-XE5S,2025-07-15 09:30:00,9.3135,9.262,KHT-XE5S_2025_0526_1101,0.0,0.5
KHT-XE5S,2025-07-15 09:40:00,9.3108,9.264,KHT-XE5S_2025_0526_1101,0.00019999999999988915,0.5
KHT-XE5S,2025-07-15 09:50:00,9.3091,9.265,KHT-XE5S_2025_0526_1101,0.00010000000000012221,0.5
KHT-XE5S,2025-07-15 10:00:00,9.3067,9.264,KHT-XE5S_2025_0526_1101,0.00010000000000012221,0.5
KHT-XE5S,2025-07-15 10:10:00,9.3041,9.266,KHT-XE5S_2025_0526_1101,0.0002000000000000668,0.5
KHT-XE5S,2025-07-15 10:20:00,9.3005,9.266,KHT-XE5S_2025_0526_1101,0.0,0.5
KHT-XE5S,2025-07-15 10:30:00,9.2971,9.264,KHT-XE5S_2025_0526_1101,0.0002000000000000668,0.5
KHT-XE5S,2025-07-15 10:40:00,9.2923,9.266,KHT-XE5S_2025_0526_1101,0.0002000000000000668,0.5
KHT-XE5S,2025-07-15 10:50:00,9.2903,9.264,KHT-XE5S_2025_0526_1101,0.0002000000000000668,0.5
KHT-XE5S,2025-07-15 11:00:00,9.2875,9.267,KHT-XE5S_2025_0526_1101,0.00030000000000001136,0.5
KHT-XE5S,2025-07-15 11:10:00,9.2853,9.266,KHT-XE5S_2025_0526_1101,9.999999999994457e-05,0.5
KHT-XE5S,2025-07-15 11:20:00,9.2817,9.265,KHT-XE5S_2025_0526_1101,9.999999999994457e-05,0.5
KHT-XE5S,2025-07-15 11:30:00,9.2779,9.267,KHT-XE5S_2025_0526_1101,0.00019999999999988915,0.5
KHT-XE5S,2025-07-15 11:40:00,9.276,9.27,KHT-XE5S_2025_0526_1101,0.00030000000000001136,0.5
KHT-XE5S,2025-07-15 11:50:00,9.2732,9.267,KHT-XE5S_2025_0526_1101,0.00030000000000001136,0.5
KHT-XE5S,2025-07-15 12:00:00,9.2703,9.267,KHT-XE5S_2025_0526_1101,0.0,0.5
KHT-XE5S,2025-07-15 12:10:00,9.2684,9.268,KHT-XE5S_2025_0526_1101,0.00010000000000012221,0.5
KHT-XE5S,2025-07-15 12:20:00,9.2662,9.267,KHT-XE5S_2025_0526_1101,0.00010000000000012221,0.5
KHT-XE5S,2025-07-15 12:30:00,9.2634,9.268,KHT-XE5S_2025_0526_1101,0.00010000000000012221,0.5
KHT-XE5S,2025-07-15 12:40:00,9.26,9.268,KHT-XE5S_2025_0526_1101,0.0,0.5
KHT-XE5S,2025-07-15 12:50:00,9.2584,9.267,KHT-XE5S_2025_0526_1101,0.00010000000000012221,0.5
KHT-XE5S,2025-07-15 13:00:00,9.2552,9.27,KHT-XE5S_2025_0526_1101,0.00030000000000001136,0.5
KHT-XE5S,2025-07-15 13:10:00,9.2527,9.269,KHT-XE5S_2025_0526_1101,9.999999999994457e-05,0.5
KHT-XE5S,2025-07-15 13:20:00,9.2508,9.271,KHT-XE5S_2025_0526_1101,0.0002000000000000668,0.5
KHT-XE5S,2025-07-15 13:30:00,9.2484,9.268,KHT-XE5S_2025_0526_1101,0.00030000000000001136,0.5
KHT-XE5S,2025-07-15 13:40:00,9.2457,9.271,KHT-XE5S_2025_0526_1101,0.00030000000000001136,0.5
KHT-XE5S,2025-07-15 13:50:00,9.243,9.269,KHT-XE5S_2025_0526_1101,0.0002000000000000668,0.5
KHT-XE5S,2025-07-15 14:00:00,9.2414,9.27,KHT-XE5S_2025_0526_1101,9.999999999994457e-05,0.5
KHT-XE5S,2025-07-15 14:10:00,9.2393,9.27,KHT-XE5S_2025_0526_1101,0.0,0.5
KHT-XE5S,2025-07-15 14:20:00,9.2383,9.27,KHT-XE5S_2025_0526_1101,0.0,0.5
KHT-XE5S,2025-07-15 14:30:00,9.2367,9.271,KHT-XE5S_2025_0526_1101,0.00010000000000012221,0.5
KHT-XE5S,2025-07-15 14:40:00,9.2353,9.271,KHT-XE5S_2025_0526_1101,0.0,0.5
KHT-XE5S,2025-07-15 14:50:00,9.2347,9.272,KHT-XE5S_2025_0526_1101,9.999999999994457e-05,0.5
KHT-XE5S,2025-07-15 15:00:00,9.2322,9.271,KHT-XE5S_2025_0526_1101,9.999999999994457e-05,0.5
KHT-XE5S,2025-07-15 15:10:00,9.2317,9.271,KHT-XE5S_2025_0526_1101,0.0,0.5
KHT-XE5S,2025-07-15 15:20:00,9.231,9.271,KHT-XE5S_2025_0526_1101,0.0,0.5
KHT-XE5S,2025-07-15 15:30:00,9.2293,9.271,KHT-XE5S_2025_0526_1101,0.0,0.5
KHT-XE5S,2025-07-15 15:40:00,9.2274,9.271,KHT-XE5S_2025_0526_1101,0.0,0.5
KHT-XE5S,2025-07-15 15:50:00,9.2263,9.271,KHT-XE5S_2025_0526_1101,0.0,0.5
KHT-XE5S,2025-07-15 16:00:00,9.225,9.274,KHT-XE5S_2025_0526_1101,0.0002999999999998337,0.5
KHT-XE5S,2025-07-15 16:10:00,9.2236,9.274,KHT-XE5S_2025_0526_1101,0.0,0.5
KHT-XE5S,2025-07-15 16:20:00,9.2233,9.275,KHT-XE5S_2025_0526_1101,0.00010000000000012221,0.5
KHT-XE5S,2025-07-15 16:30:00,9.2224,9.273,KHT-XE5S_2025_0526_1101,0.0002000000000000668,0.5
KHT-XE5S,2025-07-15 16:40:00,9.2223,9.273,KHT-XE5S_2025_0526_1101,0.0,0.5
KHT-XE5S,2025-07-15 16:50:00,9.2228,9.274,KHT-XE5S_2025_0526_1101,9.999999999994457e-05,0.5
KHT-XE5S,2025-07-15 17:00:00,9.2232,9.276,KHT-XE5S_2025_0526_1101,0.0002000000000000668,0.5
KHT-XE5S,2025-07-15 17:10:00,9.2233,9.275,KHT-XE5S_2025_0526_1101,9.999999999994457e-05,0.5
KHT-XE5S,2025-07-15 17:20:00,9.2233,9.273,KHT-XE5S_2025_0526_1101,0.0002000000000000668,0.5
KHT-XE5S,2025-07-15 17:30:00,9.2237,9.275,KHT-XE5S_2025_0526_1101,0.0002000000000000668,0.5
KHT-XE5S,2025-07-15 17:40:00,9.2233,9.276,KHT-XE5S_2025_0526_1101,9.999999999994457e-05,0.5
KHT-XE5S,2025-07-15 17:50:00,9.2233,9.277,KHT-XE5S_2025_0526_1101,9.999999999994457e-05,0.5
KHT-XE5S,2025-07-15 18:00:00,9.2252,9.274,KHT-XE5S_2025_0526_1101,0.00030000000000001136,0.5
KHT-XE5S,2025-07-15 18:10:00,9.2282,9.275,KHT-XE5S_2025_0526_1101,0.00010000000000012221,0.5
KHT-XE5S,2025-07-15 18:20:00,9.2307,9.276,KHT-XE5S_2025_0526_1101,9.999999999994457e-05,0.5
KHT-XE5S,2025-07-15 18:30:00,9.2328,9.275,KHT-XE5S_2025_0526_1101,9.999999999994457e-05,0.5
KHT-XE5S,2025-07-15 18:40:00,9.2349,9.278,KHT-XE5S_2025_0526_1101,0.00030000000000001136,0.5
KHT-XE5S,2025-07-15 18:50:00,9.2374,9.276,KHT-XE5S_2025_0526_1101,0.0002000000000000668,0.5
KHT-XE5S,2025-07-15 19:00:00,9.2394,9.277,KHT-XE5S_2025_0526_1101,9.999999999994457e-05,0.5
KHT-XE5S,2025-07-15 19:10:00,9.2404,9.279,KHT-XE5S_2025_0526_1101,0.0002000000000000668,0.5
KHT-XE5S,2025-07-15 19:20:00,9.2425,9.279,KHT-XE5S_2025_0526_1101,0.0,0.5
KHT-XE5S,2025-07-15 19:30:00,9.2454,9.279,KHT-XE5S_2025_0526_1101,0.0,0.5
KHT-XE5S,2025-07-15 19:40:00,9.2481,9.278,KHT-XE5S_2025_0526_1101,9.999999999994457e-05,0.5
KHT-XE5S,2025-07-15 19:50:00,9.2508,9.277,KHT-XE5S_2025_0526_1101,0.00010000000000012221,0.5
KHT-XE5S,2025-07-15 20:00:00,9.2531,9.28,KHT-XE5S_2025_0526_1101,0.00030000000000001136,0.5
KHT-XE5S,2025-07-15 20:10:00,9.2556,9.278,KHT-XE5S_2025_0526_1101,0.00019999999999988915,0.5
KHT-XE5S,2025-07-15 20:20:00,9.2583,9.277,KHT-XE5S_2025_0526_1101,0.00010000000000012221,0.5
KHT-XE5S,2025-07-15 20:30:00,9.2603,9.279,KHT-XE5S_2025_0526_1101,0.0002000000000000668,0.5
KHT-XE5S,2025-07-15 20:40:00,9.2625,9.278,KHT-XE5S_2025_0526_1101,9.999999999994457e-05,0.5
KHT-XE5S,2025-07-15 20:50:00,9.2649,9.282,KHT-XE5S_2025_0526_1101,0.00039999999999995595,0.5
KHT-XE5S,2025-07-15 21:00:00,9.2679,9.279,KHT-XE5S_2025_0526_1101,0.00030000000000001136,0.5
KHT-XE5S,2025-07-15 21:10:00,9.2706,9.279,KHT-XE5S_2025_0526_1101,0.0,0.5
KHT-XE5S,2025-07-15 21:20:00,9.2739,9.28,KHT-XE5S_2025_0526_1101,9.999999999994457e-05,0.5
KHT-XE5S,2025-07-15 21:30:00,9.2761,9.28,KHT-XE5S_2025_0526_1101,0.0,0.5
KHT-XE5S,2025-07-15 21:40:00,9.2778,9.282,KHT-XE5S_2025_0526_1101,0.0002000000000000668,0.5
KHT-XE5S,2025-07-15 21:50:00,9.2797,9.281,KHT-XE5S_2025_0526_1101,9.999999999994457e-05,0.5
KHT-XE5S,2025-07-15 22:00:00,9.2814,9.281,KHT-XE5S_2025_0526_1101,0.0,0.5
KHT-XE5S,2025-07-15 22:10:00,9.2829,9.281,KHT-XE5S_2025_0526_1101,0.0,0.5
KHT-XE5S,2025-07-15 22:20:00,9.2834,9.283,KHT-XE5S_2025_0526_1101,0.00019999999999988915,0.5
KHT-XE5S,2025-07-15 22:30:00,9.2845,9.282,KHT-XE5S_2025_0526_1101,9.999999999994457e-05,0.5
KHT-XE5S,2025-07-15 22:40:00,9.2853,9.284,KHT-XE5S_2025_0526_1101,0.0002000000000000668,0.5
KHT-XE5S,2025-07-15 22:50:00,9.2862,9.284,KHT-XE5S_2025_0526_1101,0.0,0.5
KHT-XE5S,2025-07-15 23:00:00,9.289,9.284,KHT-XE5S_2025_0526_1101,0.0,0.5
KHT-XE5S,2025-07-15 23:10:00,9.2906,9.284,KHT-XE5S_2025_0526_1101,0.0,0.5
KHT-XE5S,2025-07-15 23:20:00,9.292,9.285,KHT-XE5S_2025_0526_1101,9.999999999994457e-05,0.5
KHT-XE5S,2025-07-15 23:30:00,9.2921,9.285,KHT-XE5S_2025_0526_1101,0.0,0.5
KHT-XE5S,2025-07-15 23:40:00,9.2927,9.285,KHT-XE5S_2025_0526_1101,0.0,0.5
KHT-XE5S,2025-07-15 23:50:00,9.2932,9.286,KHT-XE5S_2025_0526_1101,9.999999999994457e-05,0.5
KHT-XE5S,2025-07-16 00:00:00,9.2943,9.287,KHT-XE5S_2025_0526_1101,0.00010000000000012221,0.5
KHT-XE5S,2025-07-16 00:10:00,9.2955,9.287,KHT-XE5S_2025_0526_1101,0.0,0.5
KHT-XE5S,2025-07-16 00:20:00,9.2962,9.289,KHT-XE5S_2025_0526_1101,0.00019999999999988915,0.5
KHT-XE5S,2025-07-16 00:30:00,9.2964,9.287,KHT-XE5S_2025_0526_1101,0.00019999999999988915,0.5
KHT-XE5S,2025-07-16 00:40:00,9.2965,9.287,KHT-XE5S_2025_0526_1101,0.0,0.5
KHT-XE5S,2025-07-16 00:50:00,9.2972,9.288,KHT-XE5S_2025_0526_1101,9.999999999994457e-05,0.5
KHT-XE5S,2025-07-16 01:00:00,9.2982,9.287,KHT-XE5S_2025_0526_1101,9.999999999994457e-05,0.5
KHT-XE5S,2025-07-16 01:10:00,9.2982,9.288,KHT-XE5S_2025_0526_1101,9.999999999994457e-05,0.5
KHT-XE5S,2025-07-16 01:20:00,9.2989,9.289,KHT-XE5S_2025_0526_1101,9.999999999994457e-05,0.5
KHT-XE5S,2025-07-16 01:30:00,9.2995,9.289,KHT-XE5S_2025_0526_1101,0.0,0.5
KHT-XE5S,2025-07-16 01:40:00,9.3004,9.288,KHT-XE5S_2025_0526_1101,9.999999999994457e-05,0.5
KHT-XE5S,2025-07-16 01:50:00,9.3005,9.289,KHT-XE5S_2025_0526_1101,9.999999999994457e-05,0.5
KHT-XE5S,2025-07-16 02:00:00,9.3009,9.289,KHT-XE5S_2025_0526_1101,0.0,0.5
KHT-XE5S,2025-07-16 02:10:00,9.3019,9.289,KHT-XE5S_2025_0526_1101,0.0,0.5
KHT-XE5S,2025-07-16 02:20:00,9.3021,9.291,KHT-XE5S_2025_0526_1101,0.0002000000000000668,0.5
KHT-XE5S,2025-07-16 02:30:00,9.3026,9.291,KHT-XE5S_2025_0526_1101,0.0,0.5
KHT-XE5S,2025-07-16 02:40:00,9.3034,9.29,KHT-XE5S_2025_0526_1101,0.00010000000000012221,0.5
KHT-XE5S,2025-07-16 02:50:00,9.3042,9.291,KHT-XE5S_2025_0526_1101,0.00010000000000012221,0.5
KHT-XE5S,2025-07-16 03:00:00,9.3035,9.293,KHT-XE5S_2025_0526_1101,0.00019999999999988915,0.5
KHT-XE5S,2025-07-16 03:10:00,9.304,9.293,KHT-XE5S_2025_0526_1101,0.0,0.5
KHT-XE5S,2025-07-16 03:20:00,9.304,9.292,KHT-XE5S_2025_0526_1101,9.999999999994457e-05,0.5
KHT-XE5S,2025-07-16 03:30:00,9.3051,9.293,KHT-XE5S_2025_0526_1101,9.999999999994457e-05,0.5
KHT-XE5S,2025-07-16 03:40:00,9.3055,9.294,KHT-XE5S_2025_0526_1101,0.00010000000000012221,0.5
KHT-XE5S,2025-07-16 03:50:00,9.3063,9.294,KHT-XE5S_2025_0526_1101,0.0,0.5
KHT-XE5S,2025-07-16 04:00:00,9.3063,9.293,KHT-XE5S_2025_0526_1101,0.00010000000000012221,0.5
KHT-XE5S,2025-07-16 04:10:00,9.3067,9.294,KHT-XE5S_2025_0526_1101,0.00010000000000012221,0.5
KHT-XE5S,2025-07-16 04:20:00,9.3076,9.294,KHT-XE5S_2025_0526_1101,0.0,0.5
KHT-XE5S,2025-07-16 04:30:00,9.3074,9.294,KHT-XE5S_2025_0526_1101,0.0,0.5
KHT-XE5S,2025-07-16 04:40:00,9.308,9.294,KHT-XE5S_2025_0526_1101,0.0,0.5
KHT-XE5S,2025-07-16 04:50:00,9.3091,9.294,KHT-XE5S_2025_0526_1101,0.0,0.5
KHT-XE5S,2025-07-16 05:00:00,9.3102,9.296,KHT-XE5S_2025_0526_1101,0.00019999999999988915,0.5
KHT-XE5S,2025-07-16 05:10:00,9.3108,9.297,KHT-XE5S_2025_0526_1101,0.00010000000000012221,0.5
KHT-XE5S,2025-07-16 05:20:00,9.3121,9.297,KHT-XE5S_2025_0526_1101,0.0,0.5
KHT-XE5S,2025-07-16 05:30:00,9.3119,9.296,KHT-XE5S_2025_0526_1101,0.00010000000000012221,0.5
KHT-XE5S,2025-07-16 05:40:00,9.3125,9.294,KHT-XE5S_2025_0526_1101,0.00019999999999988915,0.5
KHT-XE5S,2025-07-16 05:50:00,9.3136,9.296,KHT-XE5S_2025_0526_1101,0.00019999999999988915,0.5
KHT-XE5S,2025-07-16 06:00:00,9.3139,9.297,KHT-XE5S_2025_0526_1101,0.00010000000000012221,0.5
KHT-XE5S,2025-07-16 06:10:00,9.3148,9.297,KHT-XE5S_2025_0526_1101,0.0,0.5
KHT-XE5S,2025-07-16 06:20:00,9.3161,9.297,KHT-XE5S_2025_0526_1101,0.0,0.5
KHT-XE5S,2025-07-16 06:30:00,9.3167,9.297,KHT-XE5S_2025_0526_1101,0.0,0.5
KHT-XE5S,2025-07-16 06:40:00,9.3169,9.298,KHT-XE5S_2025_0526_1101,9.999999999994457e-05,0.5
KHT-XE5S,2025-07-16 06:50:00,9.3181,9.299,KHT-XE5S_2025_0526_1101,9.999999999994457e-05,0.5
KHT-XE5S,2025-07-16 07:00:00,9.3185,9.299,KHT-XE5S_2025_0526_1101,0.0,0.5
KHT-XE5S,2025-07-16 07:10:00,9.3193,9.298,KHT-XE5S_2025_0526_1101,9.999999999994457e-05,0.5
KHT-XE5S,2025-07-16 07:20:00,9.3201,9.298,KHT-XE5S_2025_0526_1101,0.0,0.5
KHT-XE5S,2025-07-16 07:30:00,9.3203,9.3,KHT-XE5S_2025_0526_1101,0.0002000000000000668,0.5
KHT-XE5S,2025-07-16 07:40:00,9.3202,9.3,KHT-XE5S_2025_0526_1101,0.0,0.5
KHT-XE5S,2025-07-16 07:50:00,9.3202,9.302,KHT-XE5S_2025_0526_1101,0.00019999999999988915,0.5
KHT-XE5S,2025-07-16 08:00:00,9.3205,9.301,KHT-XE5S_2025_0526_1101,9.999999999994457e-05,0.5
KHT-XE5S,2025-07-16 08:10:00,9.3204,9.303,KHT-XE5S_2025_0526_1101,0.0002000000000000668,0.5
KHT-XE5S,2025-07-16 08:20:00,9.3211,9.303,KHT-XE5S_2025_0526_1101,0.0,0.5
KHT-XE5S,2025-07-16 08:30:00,9.3209,9.303,KHT-XE5S_2025_0526_1101,0.0,0.5
KHT-XE5S,2025-07-16 08:40:00,9.3201,9.302,KHT-XE5S_2025_0526_1101,0.00010000000000012221,0.5
KHT-XE5S,2025-07-16 08:50:00,9.3188,9.301,KHT-XE5S_2025_0526_1101,9.999999999994457e-05,0.5
KHT-XE5S,2025-07-16 09:00:00,9.3176,9.304,KHT-XE5S_2025_0526_1101,0.00030000000000001136,0.5
KHT-XE5S,2025-07-16 09:10:00,9.3156,9.303,KHT-XE5S_2025_0526_1101,9.999999999994457e-05,0.5
KHT-XE5S,2025-07-16 09:20:00,9.3129,9.305,KHT-XE5S_2025_0526_1101,0.00019999999999988915,0.5
KHT-XE5S,2025-07-16 09:30:00,9.3112,9.306,KHT-XE5S_2025_0526_1101,9.999999999994457e-05,0.5
KHT-XE5S,2025-07-16 09:40:00,9.309,9.306,KHT-XE5S_2025_0526_1101,0.0,0.5
KHT-XE5S,2025-07-16 09:50:00,9.3061,9.308,KHT-XE5S_2025_0526_1101,0.0002000000000000668,0.5
KHT-XE5S,2025-07-16 10:00:00,9.3039,9.307,KHT-XE5S_2025_0526_1101,9.999999999994457e-05,0.5
KHT-XE5S,2025-07-16 10:10:00,9.3009,9.307,KHT-XE5S_2025_0526_1101,0.0,0.5
KHT-XE5S,2025-07-16 10:20:00,9.2989,9.307,KHT-XE5S_2025_0526_1101,0.0,0.5
KHT-XE5S,2025-07-16 10:30:00,9.296,9.308,KHT-XE5S_2025_0526_1101,9.999999999994457e-05,0.5
KHT-XE5S,2025-07-16 10:40:00,9.2925,9.308,KHT-XE5S_2025_0526_1101,0.0,0.5
KHT-XE5S,2025-07-16 10:50:00,9.2905,9.306,KHT-XE5S_2025_0526_1101,0.0002000000000000668,0.5
KHT-XE5S,2025-07-16 11:00:00,9.288,9.309,KHT-XE5S_2025_0526_1101,0.00030000000000001136,0.5
KHT-XE5S,2025-07-16 11:10:00,9.2842,9.308,KHT-XE5S_2025_0526_1101,9.999999999994457e-05,0.5
KHT-XE5S,2025-07-16 11:20:00,9.281,9.308,KHT-XE5S_2025_0526_1101,0.0,0.5
KHT-XE5S,2025-07-16 11:30:00,9.2779,9.31,KHT-XE5S_2025_0526_1101,0.0002000000000000668,0.5
KHT-XE5S,2025-07-16 11:40:00,9.2751,9.308,KHT-XE5S_2025_0526_1101,0.0002000000000000668,0.5
KHT-XE5S,2025-07-16 11:50:00,9.2719,9.309,KHT-XE5S_2025_0526_1101,9.999999999994457e-05,0.5
KHT-XE5S,2025-07-16 12:00:00,9.2683,9.31,KHT-XE5S_2025_0526_1101,0.00010000000000012221,0.5
KHT-XE5S,2025-07-16 12:10:00,9.2656,9.308,KHT-XE5S_2025_0526_1101,0.0002000000000000668,0.5
KHT-XE5S,2025-07-16 12:20:00,9.2625,9.31,KHT-XE5S_2025_0526_1101,0.0002000000000000668,0.5
KHT-XE5S,2025-07-16 12:30:00,9.2602,9.311,KHT-XE5S_2025_0526_1101,9.999999999994457e-05,0.5
KHT-XE5S,2025-07-16 12:40:00,9.2562,9.311,KHT-XE5S_2025_0526_1101,0.0,0.5
KHT-XE5S,2025-07-16 12:50:00,9.2534,9.311,KHT-XE5S_2025_0526_1101,0.0,0.5
KHT-XE5S,2025-07-16 13:00:00,9.2503,9.311,KHT-XE5S_2025_0526_1101,0.0,0.5
KHT-XE5S,2025-07-16 13:10:00,9.2485,9.31,KHT-XE5S_2025_0526_1101,9.999999999994457e-05,0.5
KHT-XE5S,2025-07-16 13:20:00,9.2453,9.313,KHT-XE5S_2025_0526_1101,0.00030000000000001136,0.5
KHT-XE5S,2025-07-16 13:30:00,9.2424,9.312,KHT-XE5S_2025_0526_1101,0.00010000000000012221,0.5
KHT-XE5S,2025-07-16 13:40:00,9.2395,9.312,KHT-XE5S_2025_0526_1101,0.0,0.5
KHT-XE5S,2025-07-16 13:50:00,9.2369,9.313,KHT-XE5S_2025_0526_1101,0.00010000000000012221,0.5
KHT-XE5S,2025-07-16 14:00:00,9.2349,9.311,KHT-XE5S_2025_0526_1101,0.0002000000000000668,0.5
KHT-XE5S,2025-07-16 14:10:00,9.2322,9.315,KHT-XE5S_2025_0526_1101,0.00039999999999995595,0.5
KHT-XE5S,2025-07-16 14:20:00,9.2309,9.312,KHT-XE5S_2025_0526_1101,0.00030000000000001136,0.5
KHT-XE5S,2025-07-16 14:30:00,9.2301,9.312,KHT-XE5S_2025_0526_1101,0.0,0.5
KHT-XE5S,2025-07-16 14:40:00,9.2264,9.314,KHT-XE5S_2025_0526_1101,0.0002000000000000668,0.5
KHT-XE5S,2025-07-16 14:50:00,9.2255,9.314,KHT-XE5S_2025_0526_1101,0.0,0.5
KHT-XE5S,2025-07-16 15:00:00,9.2233,9.315,KHT-XE5S_2025_0526_1101,9.999999999994457e-05,0.5
KHT-XE5S,2025-07-16 15:10:00,9.2225,9.315,KHT-XE5S_2025_0526_1101,0.0,0.5
KHT-XE5S,2025-07-16 15:20:00,9.2207,9.315,KHT-XE5S_2025_0526_1101,0.0,0.5
KHT-XE5S,2025-07-16 15:30:00,9.2189,9.315,KHT-XE5S_2025_0526_1101,0.0,0.5
KHT-XE5S,2025-07-16 15:40:00,9.2182,9.315,KHT-XE5S_2025_0526_1101,0.0,0.5
KHT-XE5S,2025-07-16 15:50:00,9.2173,9.315,KHT-XE5S_2025_0526_1101,0.0,0.5
KHT-XE5S,2025-07-16 16:00:00,9.2171,9.316,KHT-XE5S_2025_0526_1101,0.00010000000000012221,0.5
KHT-XE5S,2025-07-16 16:10:00,9.2162,9.316,KHT-XE5S_2025_0526_1101,0.0,0.5
KHT-XE5S,2025-07-16 16:20:00,9.2153,9.317,KHT-XE5S_2025_0526_1101,9.999999999994457e-05,0.5
KHT-XE5S,2025-07-16 16:30:00,9.2147,9.316,KHT-XE5S_2025_0526_1101,9.999999999994457e-05,0.5
KHT-XE5S,2025-07-16 16:40:00,9.2138,9.316,KHT-XE5S_2025_0526_1101,0.0,0.5
KHT-XE5S,2025-07-16 16:50:00,9.2129,9.317,KHT-XE5S_2025_0526_1101,9.999999999994457e-05,0.5
KHT-XE5S,2025-07-16 17:00:00,9.2128,9.317,KHT-XE5S_2025_0526_1101,0.0,0.5
KHT-XE5S,2025-07-16 17:10:00,9.2121,9.317,KHT-XE5S_2025_0526_1101,0.0,0.5
KHT-XE5S,2025-07-16 17:20:00,9.2127,9.319,KHT-XE5S_2025_0526_1101,0.0002000000000000668,0.5
KHT-XE5S,2025-07-16 17:30:00,9.2131,9.317,KHT-XE5S_2025_0526_1101,0.0002000000000000668,0.5
KHT-XE5S,2025-07-16 17:40:00,9.2132,9.317,KHT-XE5S_2025_0526_1101,0.0,0.5
KHT-XE5S,2025-07-16 17:50:00,9.2135,9.319,KHT-XE5S_2025_0526_1101,0.0002000000000000668,0.5
KHT-XE5S,2025-07-16 18:00:00,9.2148,9.32,KHT-XE5S_2025_0526_1101,9.999999999994457e-05,0.5
KHT-XE5S,2025-07-16 18:10:00,9.2164,9.319,KHT-XE5S_2025_0526_1101,9.999999999994457e-05,0.5
KHT-XE5S,2025-07-16 18:20:00,9.2183,9.32,KHT-XE5S_2025_0526_1101,9.999999999994457e-05,0.5
KHT-XE5S,2025-07-16 18:30:00,9.2202,9.322,KHT-XE5S_2025_0526_1101,0.00019999999999988915,0.5
KHT-XE5S,2025-07-16 18:40:00,9.2232,9.32,KHT-XE5S_2025_0526_1101,0.00019999999999988915,0.5
KHT-XE5S,2025-07-16 18:50:00,9.2256,9.323,KHT-XE5S_2025_0526_1101,0.00030000000000001136,0.5
KHT-XE5S,2025-07-16 19:00:00,9.2275,9.322,KHT-XE5S_2025_0526_1101,0.00010000000000012221,0.5
KHT-XE5S,2025-07-16 19:10:00,9.2291,9.321,KHT-XE5S_2025_0526_1101,9.999999999994457e-05,0.5
KHT-XE5S,2025-07-16 19:20:00,9.2323,9.322,KHT-XE5S_2025_0526_1101,9.999999999994457e-05,0.5
KHT-XE5S,2025-07-16 19:30:00,9.2348,9.323,KHT-XE5S_2025_0526_1101,0.00010000000000012221,0.5
KHT-XE5S,2025-07-16 19:40:00,9.2376,9.322,KHT-XE5S_2025_0526_1101,0.00010000000000012221,0.5
KHT-XE5S,2025-07-16 19:50:00,9.24,9.322,KHT-XE5S_2025_0526_1101,0.0,0.5
KHT-XE5S,2025-07-16 20:00:00,9.2422,9.322,KHT-XE5S_2025_0526_1101,0.0,0.5
KHT-XE5S,2025-07-16 20:10:00,9.2446,9.322,KHT-XE5S_2025_0526_1101,0.0,0.5
KHT-XE5S,2025-07-16 20:20:00,9.2473,9.323,KHT-XE5S_2025_0526_1101,0.00010000000000012221,0.5
KHT-XE5S,2025-07-16 20:30:00,9.2497,9.323,KHT-XE5S_2025_0526_1101,0.0,0.5
KHT-XE5S,2025-07-16 20:40:00,9.2521,9.322,KHT-XE5S_2025_0526_1101,0.00010000000000012221,0.5
KHT-XE5S,2025-07-16 20:50:00,9.2543,9.322,KHT-XE5S_2025_0526_1101,0.0,0.5
KHT-XE5S,2025-07-16 21:00:00,9.2556,9.324,KHT-XE5S_2025_0526_1101,0.0002000000000000668,0.5
KHT-XE5S,2025-07-16 21:10:00,9.2584,9.324,KHT-XE5S_2025_0526_1101,0.0,0.5
KHT-XE5S,2025-07-16 21:20:00,9.2599,9.324,KHT-XE5S_2025_0526_1101,0.0,0.5
KHT-XE5S,2025-07-16 21:30:00,9.263,9.325,KHT-XE5S_2025_0526_1101,9.999999999994457e-05,0.5
KHT-XE5S,2025-07-16 21:40:00,9.2666,9.324,KHT-XE5S_2025_0526_1101,9.999999999994457e-05,0.5
KHT-XE5S,2025-07-16 21:50:00,9.2687,9.325,KHT-XE5S_2025_0526_1101,9.999999999994457e-05,0.5
KHT-XE5S,2025-07-16 22:00:00,9.2706,9.324,KHT-XE5S_2025_0526_1101,9.999999999994457e-05,0.5
KHT-XE5S,2025-07-16 22:10:00,9.2729,9.327,KHT-XE5S_2025_0526_1101,0.00030000000000001136,0.5
KHT-XE5S,2025-07-16 22:20:00,9.275,9.328,KHT-XE5S_2025_0526_1101,9.999999999994457e-05,0.5
KHT-XE5S,2025-07-16 22:30:00,9.2778,9.327,KHT-XE5S_2025_0526_1101,9.999999999994457e-05,0.5
KHT-XE5S,2025-07-16 22:40:00,9.2788,9.328,KHT-XE5S_2025_0526_1101,9.999999999994457e-05,0.5
KHT-XE5S,2025-07-16 22:50:00,9.2799,9.327,KHT-XE5S_2025_0526_1101,9.999999999994457e-05,0.5
KHT-XE5S,2025-07-16 23:00:00,9.281,9.331,KHT-XE5S_2025_0526_1101,0.00039999999999995595,0.5
KHT-XE5S,2025-07-16 23:10:00,9.283,9.328,KHT-XE5S_2025_0526_1101,0.00030000000000001136,0.5
KHT-XE5S,2025-07-16 23:20:00,9.2841,9.327,KHT-XE5S_2025_0526_1101,9.999999999994457e-05,0.5
KHT-XE5S,2025-07-16 23:30:00,9.2852,9.328,KHT-XE5S_2025_0526_1101,9.999999999994457e-05,0.5
KHT-XE5S,2025-07-16 23:40:00,9.2866,9.33,KHT-XE5S_2025_0526_1101,0.0002000000000000668,0.5
KHT-XE5S,2025-07-16 23:50:00,9.2879,9.33,KHT-XE5S_2025_0526_1101,0.0,0.5
KHT-XE5S,2025-07-17 00:00:00,9.289,9.33,KHT-XE5S_2025_0526_1101,0.0,0.5
KHT-XE5S,2025-07-17 00:10:00,9.29,9.33,KHT-XE5S_2025_0526_1101,0.0,0.5
KHT-XE5S,2025-07-17 00:20:00,9.2907,9.33,KHT-XE5S_2025_0526_1101,0.0,0.5
KHT-XE5S,2025-07-17 00:30:00,9.2917,9.331,KHT-XE5S_2025_0526_1101,9.999999999994457e-05,0.5
KHT-XE5S,2025-07-17 00:40:00,9.2928,9.332,KHT-XE5S_2025_0526_1101,0.00010000000000012221,0.5
KHT-XE5S,2025-07-17 00:50:00,9.2929,9.334,KHT-XE5S_2025_0526_1101,0.00019999999999988915,0.5
KHT-XE5S,2025-07-17 01:00:00,9.2932,9.331,KHT-XE5S_2025_0526_1101,0.00030000000000001136,0.5
KHT-XE5S,2025-07-17 01:10:00,9.2932,9.333,KHT-XE5S_2025_0526_1101,0.0002000000000000668,0.5
KHT-XE5S,2025-07-17 01:20:00,9.2941,9.334,KHT-XE5S_2025_0526_1101,9.999999999994457e-05,0.5
KHT-XE5S,2025-07-17 01:30:00,9.2951,9.334,KHT-XE5S_2025_0526_1101,0.0,0.5
KHT-XE5S,2025-07-17 01:40:00,9.2957,9.332,KHT-XE5S_2025_0526_1101,0.00019999999999988915,0.5
KHT-XE5S,2025-07-17 01:50:00,9.2961,9.334,KHT-XE5S_2025_0526_1101,0.00019999999999988915,0.5
KHT-XE5S,2025-07-17 02:00:00,9.2971,9.333,KHT-XE5S_2025_0526_1101,9.999999999994457e-05,0.5
KHT-XE5S,2025-07-17 02:10:00,9.2975,9.334,KHT-XE5S_2025_0526_1101,9.999999999994457e-05,0.5
KHT-XE5S,2025-07-17 02:20:00,9.2983,9.337,KHT-XE5S_2025_0526_1101,0.00030000000000001136,0.5
KHT-XE5S,2025-07-17 02:30:00,9.2996,9.334,KHT-XE5S_2025_0526_1101,0.00030000000000001136,0.5
KHT-XE5S,2025-07-17 02:40:00,9.2994,9.335,KHT-XE5S_2025_0526_1101,0.00010000000000012221,0.5
KHT-XE5S,2025-07-17 02:50:00,9.2995,9.337,KHT-XE5S_2025_0526_1101,0.00019999999999988915,0.5
KHT-XE5S,2025-07-17 03:00:00,9.2993,9.337,KHT-XE5S_2025_0526_1101,0.0,0.5
KHT-XE5S,2025-07-17 03:10:00,9.2999,9.336,KHT-XE5S_2025_0526_1101,9.999999999994457e-05,0.5
KHT-XE5S,2025-07-17 03:20:00,9.3004,9.337,KHT-XE5S_2025_0526_1101,9.999999999994457e-05,0.5
KHT-XE5S,2025-07-17 03:30:00,9.3007,9.337,KHT-XE5S_2025_0526_1101,0.0,0.5
KHT-XE5S,2025-07-17 03:40:00,9.3006,9.337,KHT-XE5S_2025_0526_1101,0.0,0.5
KHT-XE5S,2025-07-17 03:50:00,9.301,9.337,KHT-XE5S_2025_0526_1101,0.0,0.5
KHT-XE5S,2025-07-17 04:00:00,9.3017,9.339,KHT-XE5S_2025_0526_1101,0.0002000000000000668,0.5
KHT-XE5S,2025-07-17 04:10:00,9.3026,9.34,KHT-XE5S_2025_0526_1101,9.999999999994457e-05,0.5
KHT-XE5S,2025-07-17 04:20:00,9.3031,9.336,KHT-XE5S_2025_0526_1101,0.00039999999999995595,0.5
KHT-XE5S,2025-07-17 04:30:00,9.3043,9.338,KHT-XE5S_2025_0526_1101,0.00019999999999988915,0.5
KHT-XE5S,2025-07-17 04:40:00,9.3049,9.34,KHT-XE5S_2025_0526_1101,0.0002000000000000668,0.5
KHT-XE5S,2025-07-17 04:50:00,9.3058,9.338,KHT-XE5S_2025_0526_1101,0.0002000000000000668,0.5
KHT-XE5S,2025-07-17 05:00:00,9.3074,9.342,KHT-XE5S_2025_0526_1101,0.0004000000000001336,0.5
KHT-XE5S,2025-07-17 05:10:00,9.3078,9.34,KHT-XE5S_2025_0526_1101,0.0002000000000000668,0.5
KHT-XE5S,2025-07-17 05:20:00,9.3089,9.341,KHT-XE5S_2025_0526_1101,9.999999999994457e-05,0.5
KHT-XE5S,2025-07-17 05:30:00,9.3104,9.339,KHT-XE5S_2025_0526_1101,0.00019999999999988915,0.5
KHT-XE5S,2025-07-17 05:40:00,9.3113,9.343,KHT-XE5S_2025_0526_1101,0.00039999999999995595,0.5
KHT-XE5S,2025-07-17 05:50:00,9.3123,9.34,KHT-XE5S_2025_0526_1101,0.00030000000000001136,0.5
KHT-XE5S,2025-07-17 06:00:00,9.3135,9.342,KHT-XE5S_2025_0526_1101,0.0002000000000000668,0.5
KHT-XE5S,2025-07-17 06:10:00,9.3142,9.344,KHT-XE5S_2025_0526_1101,0.00019999999999988915,0.5
KHT-XE5S,2025-07-17 06:20:00,9.3147,9.341,KHT-XE5S_2025_0526_1101,0.00030000000000001136,0.5
KHT-XE5S,2025-07-17 06:30:00,9.3151,9.345,KHT-XE5S_2025_0526_1101,0.0004000000000001336,0.5
KHT-XE5S,2025-07-17 06:40:00,9.3161,9.344,KHT-XE5S_2025_0526_1101,0.00010000000000012221,0.5
KHT-XE5S,2025-07-17 06:50:00,9.3169,9.344,KHT-XE5S_2025_0526_1101,0.0,0.5
KHT-XE5S,2025-07-17 07:00:00,9.3171,9.345,KHT-XE5S_2025_0526_1101,0.00010000000000012221,0.5
KHT-XE5S,2025-07-17 07:10:00,9.3181,9.344,KHT-XE5S_2025_0526_1101,0.00010000000000012221,0.5
KHT-XE5S,2025-07-17 07:20:00,9.3182,9.343,KHT-XE5S_2025_0526_1101,9.999999999994457e-05,0.5
KHT-XE5S,2025-07-17 07:30:00,9.3186,9.344,KHT-XE5S_2025_0526_1101,9.999999999994457e-05,0.5
KHT-XE5S,2025-07-17 07:40:00,9.3186,9.346,KHT-XE5S_2025_0526_1101,0.0002000000000000668,0.5
KHT-XE5S,2025-07-17 07:50:00,9.3191,9.345,KHT-XE5S_2025_0526_1101,9.999999999994457e-05,0.5
KHT-XE5S,2025-07-17 08:00:00,9.3192,9.346,KHT-XE5S_2025_0526_1101,9.999999999994457e-05,0.5
KHT-XE5S,2025-07-17 08:10:00,9.3196,9.346,KHT-XE5S_2025_0526_1101,0.0,0.5
KHT-XE5S,2025-07-17 08:20:00,9.3193,9.346,KHT-XE5S_2025_0526_1101,0.0,0.5
KHT-XE5S,2025-07-17 08:30:00,9.3194,9.348,KHT-XE5S_2025_0526_1101,0.0002000000000000668,0.5
KHT-XE5S,2025-07-17 08:40:00,9.319,9.348,KHT-XE5S_2025_0526_1101,0.0,0.5
KHT-XE5S,2025-07-17 08:50:00,9.3175,9.348,KHT-XE5S_2025_0526_1101,0.0,0.5
KHT-XE5S,2025-07-17 09:00:00,9.3163,9.348,KHT-XE5S_2025_0526_1101,0.0,0.5
KHT-XE5S,2025-07-17 09:10:00,9.315,9.35,KHT-XE5S_2025_0526_1101,0.00019999999999988915,0.5
KHT-XE5S,2025-07-17 09:20:00,9.3126,9.351,KHT-XE5S_2025_0526_1101,0.00010000000000012221,0.5
KHT-XE5S,2025-07-17 09:30:00,9.31,9.351,KHT-XE5S_2025_0526_1101,0.0,0.5
KHT-XE5S,2025-07-17 09:40:00,9.307,9.35,KHT-XE5S_2025_0526_1101,0.00010000000000012221,0.5
KHT-XE5S,2025-07-17 09:50:00,9.3055,9.35,KHT-XE5S_2025_0526_1101,0.0,0.5
KHT-XE5S,2025-07-17 10:00:00,9.3037,9.351,KHT-XE5S_2025_0526_1101,0.00010000000000012221,0.5
KHT-XE5S,2025-07-17 10:10:00,9.3009,9.351,KHT-XE5S_2025_0526_1101,0.0,0.5
KHT-XE5S,2025-07-17 10:20:00,9.2991,9.352,KHT-XE5S_2025_0526_1101,9.999999999994457e-05,0.5
KHT-XE5S,2025-07-17 10:30:00,9.2954,9.353,KHT-XE5S_2025_0526_1101,9.999999999994457e-05,0.5
KHT-XE5S,2025-07-17 10:40:00,9.293,9.352,KHT-XE5S_2025_0526_1101,9.999999999994457e-05,0.5
KHT-XE5S,2025-07-17 10:50:00,9.2909,9.353,KHT-XE5S_2025_0526_1101,9.999999999994457e-05,0.5
KHT-XE5S,2025-07-17 11:00:00,9.2873,9.353,KHT-XE5S_2025_0526_1101,0.0,0.5
KHT-XE5S,2025-07-17 11:10:00,9.2852,9.354,KHT-XE5S_2025_0526_1101,9.999999999994457e-05,0.5
KHT-XE5S,2025-07-17 11:20:00,9.2816,9.352,KHT-XE5S_2025_0526_1101,0.00019999999999988915,0.5
KHT-XE5S,2025-07-17 11:30:00,9.2784,9.355,KHT-XE5S_2025_0526_1101,0.00030000000000001136,0.5
KHT-XE5S,2025-07-17 11:40:00,9.2741,9.356,KHT-XE5S_2025_0526_1101,9.999999999994457e-05,0.5
KHT-XE5S,2025-07-17 11:50:00,9.2716,9.354,KHT-XE5S_2025_0526_1101,0.0002000000000000668,0.5
KHT-XE5S,2025-07-17 12:00:00,9.2682,9.355,KHT-XE5S_2025_0526_1101,0.00010000000000012221,0.5
KHT-XE5S,2025-07-17 12:10:00,9.2654,9.355,KHT-XE5S_2025_0526_1101,0.0,0.5
KHT-XE5S,2025-07-17 12:20:00,9.262,9.356,KHT-XE5S_2025_0526_1101,9.999999999994457e-05,0.5
KHT-XE5S,2025-07-17 12:30:00,9.2594,9.357,KHT-XE5S_2025_0526_1101,9.999999999994457e-05,0.5
KHT-XE5S,2025-07-17 12:40:00,9.2569,9.356,KHT-XE5S_2025_0526_1101,9.999999999994457e-05,0.5
KHT-XE5S,2025-07-17 12:50:00,9.2535,9.356,KHT-XE5S_2025_0526_1101,0.0,0.5
KHT-XE5S,2025-07-17 13:00:00,9.251,9.357,KHT-XE5S_2025_0526_1101,9.999999999994457e-05,0.5
KHT-XE5S,2025-07-17 13:10:00,9.2487,9.358,KHT-XE5S_2025_0526_1101,0.00010000000000012221,0.5
KHT-XE5S,2025-07-17 13:20:00,9.2456,9.359,KHT-XE5S_2025_0526_1101,9.999999999994457e-05,0.5
KHT-XE5S,2025-07-17 13:30:00,9.2428,9.357,KHT-XE5S_2025_0526_1101,0.0002000000000000668,0.5
KHT-XE5S,2025-07-17 13:40:00,9.2403,9.357,KHT-XE5S_2025_0526_1101,0.0,0.5
KHT-XE5S,2025-07-17 13:50:00,9.2374,9.358,KHT-XE5S_2025_0526_1101,0.00010000000000012221,0.5
KHT-XE5S,2025-07-17 14:00:00,9.2343,9.358,KHT-XE5S_2025_0526_1101,0.0,0.5
KHT-XE5S,2025-07-17 14:10:00,9.2334,9.359,KHT-XE5S_2025_0526_1101,9.999999999994457e-05,0.5
KHT-XE5S,2025-07-17 14:20:00,9.2305,9.357,KHT-XE5S_2025_0526_1101,0.0002000000000000668,0.5
KHT-XE5S,2025-07-17 14:30:00,9.2278,9.359,KHT-XE5S_2025_0526_1101,0.0002000000000000668,0.5
KHT-XE5S,2025-07-17 14:40:00,9.2273,9.359,KHT-XE5S_2025_0526_1101,0.0,0.5
KHT-XE5S,2025-07-17 14:50:00,9.225,9.36,KHT-XE5S_2025_0526_1101,9.999999999994457e-05,0.5
KHT-XE5S,2025-07-17 15:00:00,9.2232,9.36,KHT-XE5S_2025_0526_1101,0.0,0.5
KHT-XE5S,2025-07-17 15:10:00,9.2234,9.361,KHT-XE5S_2025_0526_1101,0.00010000000000012221,0.5
KHT-XE5S,2025-07-17 15:20:00,9.2212,9.361,KHT-XE5S_2025_0526_1101,0.0,0.5
KHT-XE5S,2025-07-17 15:30:00,9.2209,9.361,KHT-XE5S_2025_0526_1101,0.0,0.5
KHT-XE5S,2025-07-17 15:40:00,9.2199,9.361,KHT-XE5S_2025_0526_1101,0.0,0.5
KHT-XE5S,2025-07-17 15:50:00,9.2192,9.362,KHT-XE5S_2025_0526_1101,9.999999999994457e-05,0.5
KHT-XE5S,2025-07-17 16:00:00,9.2175,9.363,KHT-XE5S_2025_0526_1101,9.999999999994457e-05,0.5
KHT-XE5S,2025-07-17 16:10:00,9.2165,9.362,KHT-XE5S_2025_0526_1101,9.999999999994457e-05,0.5
KHT-XE5S,2025-07-17 16:20:00,9.216,9.362,KHT-XE5S_2025_0526_1101,0.0,0.5
KHT-XE5S,2025-07-17 16:30:00,9.2167,9.362,KHT-XE5S_2025_0526_1101,0.0,0.5
KHT-XE5S,2025-07-17 16:40:00,9.2159,9.363,KHT-XE5S_2025_0526_1101,9.999999999994457e-05,0.5
KHT-XE5S,2025-07-17 16:50:00,9.2158,9.363,KHT-XE5S_2025_0526_1101,0.0,0.5
KHT-XE5S,2025-07-17 17:00:00,9.2156,9.361,KHT-XE5S_2025_0526_1101,0.00019999999999988915,0.5
KHT-XE5S,2025-07-17 17:10:00,9.2164,9.363,KHT-XE5S_2025_0526_1101,0.00019999999999988915,0.5
KHT-XE5S,2025-07-17 17:20:00,9.2151,9.364,KHT-XE5S_2025_0526_1101,0.00010000000000012221,0.5
KHT-XE5S,2025-07-17 17:30:00,9.2143,9.364,KHT-XE5S_2025_0526_1101,0.0,0.5
KHT-XE5S,2025-07-17 17:40:00,9.2153,9.365,KHT-XE5S_2025_0526_1101,9.999999999994457e-05,0.5
KHT-XE5S,2025-07-17 17:50:00,9.2158,9.365,KHT-XE5S_2025_0526_1101,0.0,0.5
KHT-XE5S,2025-07-17 18:00:00,9.2165,9.364,KHT-XE5S_2025_0526_1101,9.999999999994457e-05,0.5
KHT-XE5S,2025-07-17 18:10:00,9.2179,9.365,KHT-XE5S_2025_0526_1101,9.999999999994457e-05,0.5
KHT-XE5S,2025-07-17 18:20:00,9.2205,9.365,KHT-XE5S_2025_0526_1101,0.0,0.5
KHT-XE5S,2025-07-17 18:30:00,9.2224,9.365,KHT-XE5S_2025_0526_1101,0.0,0.5
KHT-XE5S,2025-07-17 18:40:00,9.2254,9.366,KHT-XE5S_2025_0526_1101,9.999999999994457e-05,0.5
KHT-XE5S,2025-07-17 18:50:00,9.2275,9.368,KHT-XE5S_2025_0526_1101,0.0002000000000000668,0.5
KHT-XE5S,2025-07-17 19:00:00,9.2294,9.368,KHT-XE5S_2025_0526_1101,0.0,0.5
KHT-XE5S,2025-07-17 19:10:00,9.2314,9.368,KHT-XE5S_2025_0526_1101,0.0,0.5
KHT-XE5S,2025-07-17 19:20:00,9.2334,9.368,KHT-XE5S_2025_0526_1101,0.0,0.5
KHT-XE5S,2025-07-17 19:30:00,9.2352,9.368,KHT-XE5S_2025_0526_1101,0.0,0.5
KHT-XE5S,2025-07-17 19:40:00,9.2377,9.369,KHT-XE5S_2025_0526_1101,9.999999999994457e-05,0.5
KHT-XE5S,2025-07-17 19:50:00,9.2403,9.368,KHT-XE5S_2025_0526_1101,9.999999999994457e-05,0.5
KHT-XE5S,2025-07-17 20:00:00,9.2434,9.369,KHT-XE5S_2025_0526_1101,9.999999999994457e-05,0.5
KHT-XE5S,2025-07-17 20:10:00,9.2474,9.369,KHT-XE5S_2025_0526_1101,0.0,0.5
KHT-XE5S,2025-07-17 20:20:00,9.2502,9.369,KHT-XE5S_2025_0526_1101,0.0,0.5
KHT-XE5S,2025-07-17 20:30:00,9.2541,9.37,KHT-XE5S_2025_0526_1101,9.999999999994457e-05,0.5
KHT-XE5S,2025-07-17 20:40:00,9.2574,9.371,KHT-XE5S_2025_0526_1101,0.00010000000000012221,0.5
KHT-XE5S,2025-07-17 20:50:00,9.2605,9.369,KHT-XE5S_2025_0526_1101,0.0002000000000000668,0.5
KHT-XE5S,2025-07-17 21:00:00,9.2644,9.37,KHT-XE5S_2025_0526_1101,9.999999999994457e-05,0.5
KHT-XE5S,2025-07-17 21:10:00,9.2673,9.37,KHT-XE5S_2025_0526_1101,0.0,0.5
KHT-XE5S,2025-07-17 21:20:00,9.2696,9.369,KHT-XE5S_2025_0526_1101,9.999999999994457e-05,0.5
KHT-XE5S,2025-07-17 21:30:00,9.2725,9.371,KHT-XE5S_2025_0526_1101,0.0002000000000000668,0.5
KHT-XE5S,2025-07-17 21:40:00,9.2749,9.372,KHT-XE5S_2025_0526_1101,9.999999999994457e-05,0.5
KHT-XE5S,2025-07-17 21:50:00,9.2779,9.372,KHT-XE5S_2025_0526_1101,0.0,0.5
KHT-XE5S,2025-07-17 22:00:00,9.2807,9.374,KHT-XE5S_2025_0526_1101,0.0002000000000000668,0.5
KHT-XE5S,2025-07-17 22:10:00,9.2832,9.372,KHT-XE5S_2025_0526_1101,0.0002000000000000668,0.5
KHT-XE5S,2025-07-17 22:20:00,9.2855,9.373,KHT-XE5S_2025_0526_1101,9.999999999994457e-05,0.5
KHT-XE5S,2025-07-17 22:30:00,9.287,9.373,KHT-XE5S_2025_0526_1101,0.0,0.5
KHT-XE5S,2025-07-17 22:40:00,9.2881,9.374,KHT-XE5S_2025_0526_1101,0.00010000000000012221,0.5
KHT-XE5S,2025-07-17 22:50:00,9.2894,9.375,KHT-XE5S_2025_0526_1101,9.999999999994457e-05,0.5
KHT-XE5S,2025-07-17 23:00:00,9.2913,9.375,KHT-XE5S_2025_0526_1101,0.0,0.5
KHT-XE5S,2025-07-17 23:10:00,9.2923,9.376,KHT-XE5S_2025_0526_1101,9.999999999994457e-05,0.5
KHT-XE5S,2025-07-17 23:20:00,9.2937,9.376,KHT-XE5S_2025_0526_1101,0.0,0.5
KHT-XE5S,2025-07-17 23:30:00,9.2954,9.376,KHT-XE5S_2025_0526_1101,0.0,0.5
KHT-XE5S,2025-07-17 23:40:00,9.2958,9.377,KHT-XE5S_2025_0526_1101,0.00010000000000012221,0.5
KHT-XE5S,2025-07-17 23:50:00,9.2965,9.377,KHT-XE5S_2025_0526_1101,0.0,0.5
KHT-XE5S,2025-07-18 00:00:00,9.2973,9.378,KHT-XE5S_2025_0526_1101,9.999999999994457e-05,0.5
KHT-XE5S,2025-07-18 00:10:00,9.2989,9.375,KHT-XE5S_2025_0526_1101,0.00030000000000001136,0.5
KHT-XE5S,2025-07-18 00:20:00,9.3008,9.376,KHT-XE5S_2025_0526_1101,9.999999999994457e-05,0.5
KHT-XE5S,2025-07-18 00:30:00,9.3023,9.38,KHT-XE5S_2025_0526_1101,0.0004000000000001336,0.5
KHT-XE5S,2025-07-18 00:40:00,9.3032,9.379,KHT-XE5S_2025_0526_1101,0.00010000000000012221,0.5
KHT-XE5S,2025-07-18 00:50:00,9.3043,9.38,KHT-XE5S_2025_0526_1101,0.00010000000000012221,0.5
KHT-XE5S,2025-07-18 01:00:00,9.3045,9.378,KHT-XE5S_2025_0526_1101,0.0002000000000000668,0.5
KHT-XE5S,2025-07-18 01:10:00,9.3046,9.38,KHT-XE5S_2025_0526_1101,0.0002000000000000668,0.5
KHT-XE5S,2025-07-18 01:20:00,9.3057,9.381,KHT-XE5S_2025_0526_1101,9.999999999994457e-05,0.5
KHT-XE5S,2025-07-18 01:30:00,9.3065,9.38,KHT-XE5S_2025_0526_1101,9.999999999994457e-05,0.5
KHT-XE5S,2025-07-18 01:40:00,9.3069,9.381,KHT-XE5S_2025_0526_1101,9.999999999994457e-05,0.5
KHT-XE5S,2025-07-18 01:50:00,9.3077,9.379,KHT-XE5S_2025_0526_1101,0.0002000000000000668,0.5
KHT-XE5S,2025-07-18 02:00:00,9.3082,9.38,KHT-XE5S_2025_0526_1101,0.00010000000000012221,0.5
KHT-XE5S,2025-07-18 02:10:00,9.309,9.381,KHT-XE5S_2025_0526_1101,9.999999999994457e-05,0.5
KHT-XE5S,2025-07-18 02:20:00,9.3102,9.381,KHT-XE5S_2025_0526_1101,0.0,0.5
KHT-XE5S,2025-07-18 02:30:00,9.3113,9.382,KHT-XE5S_2025_0526_1101,9.999999999994457e-05,0.5
KHT-XE5S,2025-07-18 02:40:00,9.3135,9.382,KHT-XE5S_2025_0526_1101,0.0,0.5
KHT-XE5S,2025-07-18 02:50:00,9.3139,9.385,KHT-XE5S_2025_0526_1101,0.00030000000000001136,0.5
KHT-XE5S,2025-07-18 03:00:00,9.314,9.383,KHT-XE5S_2025_0526_1101,0.0002000000000000668,0.5
KHT-XE5S,2025-07-18 03:10:00,9.3147,9.383,KHT-XE5S_2025_0526_1101,0.0,0.5
KHT-XE5S,2025-07-18 03:20:00,9.3142,9.384,KHT-XE5S_2025_0526_1101,0.00010000000000012221,0.5
KHT-XE5S,2025-07-18 03:30:00,9.3149,9.385,KHT-XE5S_2025_0526_1101,9.999999999994457e-05,0.5
KHT-XE5S,2025-07-18 03:40:00,9.3157,9.385,KHT-XE5S_2025_0526_1101,0.0,0.5
KHT-XE5S,2025-07-18 03:50:00,9.3169,9.386,KHT-XE5S_2025_0526_1101,9.999999999994457e-05,0.5
KHT-XE5S,2025-07-18 04:00:00,9.3176,9.385,KHT-XE5S_2025_0526_1101,9.999999999994457e-05,0.5
KHT-XE5S,2025-07-18 04:10:00,9.318,9.385,KHT-XE5S_2025_0526_1101,0.0,0.5
KHT-XE5S,2025-07-18 04:20:00,9.3182,9.386,KHT-XE5S_2025_0526_1101,9.999999999994457e-05,0.5
KHT-XE5S,2025-07-18 04:30:00,9.3199,9.386,KHT-XE5S_2025_0526_1101,0.0,0.5
KHT-XE5S,2025-07-18 04:40:00,9.3209,9.385,KHT-XE5S_2025_0526_1101,9.999999999994457e-05,0.5
KHT-XE5S,2025-07-18 04:50:00,9.3215,9.387,KHT-XE5S_2025_0526_1101,0.0002000000000000668,0.5
KHT-XE5S,2025-07-18 05:00:00,9.3217,9.387,KHT-XE5S_2025_0526_1101,0.0,0.5
KHT-XE5S,2025-07-18 05:10:00,9.3223,9.388,KHT-XE5S_2025_0526_1101,9.999999999994457e-05,0.5
KHT-XE5S,2025-07-18 05:20:00,9.3234,9.388,KHT-XE5S_2025_0526_1101,0.0,0.5
KHT-XE5S,2025-07-18 05:30:00,9.3245,9.387,KHT-XE5S_2025_0526_1101,9.999999999994457e-05,0.5
KHT-XE5S,2025-07-18 05:40:00,9.3261,9.39,KHT-XE5S_2025_0526_1101,0.00030000000000001136,0.5
KHT-XE5S,2025-07-18 05:50:00,9.3271,9.39,KHT-XE5S_2025_0526_1101,0.0,0.5
KHT-XE5S,2025-07-18 06:00:00,9.3285,9.388,KHT-XE5S_2025_0526_1101,0.0002000000000000668,0.5
KHT-XE5S,2025-07-18 06:10:00,9.3294,9.389,KHT-XE5S_2025_0526_1101,9.999999999994457e-05,0.5
KHT-XE5S,2025-07-18 06:20:00,9.3302,9.39,KHT-XE5S_2025_0526_1101,0.00010000000000012221,0.5
KHT-XE5S,2025-07-18 06:30:00,9.3309,9.391,KHT-XE5S_2025_0526_1101,9.999999999994457e-05,0.5
KHT-XE5S,2025-07-18 06:40:00,9.331,9.391,KHT-XE5S_2025_0526_1101,0.0,0.5
KHT-XE5S,2025-07-18 06:50:00,9.3321,9.391,KHT-XE5S_2025_0526_1101,0.0,0.5
KHT-XE5S,2025-07-18 07:00:00,9.3332,9.392,KHT-XE5S_2025_0526_1101,9.999999999994457e-05,0.5
KHT-XE5S,2025-07-18 07:10:00,9.3341,9.391,KHT-XE5S_2025_0526_1101,9.999999999994457e-05,0.5
KHT-XE5S,2025-07-18 07:20:00,9.335,9.39,KHT-XE5S_2025_0526_1101,9.999999999994457e-05,0.5
KHT-XE5S,2025-07-18 07:30:00,9.3357,9.392,KHT-XE5S_2025_0526_1101,0.00019999999999988915,0.5
KHT-XE5S,2025-07-18 07:40:00,9.3369,9.39,KHT-XE5S_2025_0526_1101,0.00019999999999988915,0.5
KHT-XE5S,2025-07-18 07:50:00,9.3371,9.394,KHT-XE5S_2025_0526_1101,0.00039999999999995595,0.5
KHT-XE5S,2025-07-18 08:00:00,9.3375,9.393,KHT-XE5S_2025_0526_1101,9.999999999994457e-05,0.5
KHT-XE5S,2025-07-18 08:10:00,9.3377,9.394,KHT-XE5S_2025_0526_1101,9.999999999994457e-05,0.5
KHT-XE5S,2025-07-18 08:20:00,9.3379,9.395,KHT-XE5S_2025_0526_1101,9.999999999994457e-05,0.5
KHT-XE5S,2025-07-18 08:30:00,9.3376,9.395,KHT-XE5S_2025_0526_1101,0.0,0.5
KHT-XE5S,2025-07-18 08:40:00,9.3373,9.397,KHT-XE5S_2025_0526_1101,0.0002000000000000668,0.5
KHT-XE5S,2025-07-18 08:50:00,9.3363,9.395,KHT-XE5S_2025_0526_1101,0.0002000000000000668,0.5
KHT-XE5S,2025-07-18 09:00:00,9.3352,9.397,KHT-XE5S_2025_0526_1101,0.0002000000000000668,0.5
KHT-XE5S,2025-07-18 09:10:00,9.3337,9.397,KHT-XE5S_2025_0526_1101,0.0,0.5
KHT-XE5S,2025-07-18 09:20:00,9.3316,9.398,KHT-XE5S_2025_0526_1101,9.999999999994457e-05,0.5
KHT-XE5S,2025-07-18 09:30:00,9.3293,9.399,KHT-XE5S_2025_0526_1101,9.999999999994457e-05,0.5
KHT-XE5S,2025-07-18 09:40:00,9.3271,9.399,KHT-XE5S_2025_0526_1101,0.0,0.5
KHT-XE5S,2025-07-18 09:50:00,9.3253,9.399,KHT-XE5S_2025_0526_1101,0.0,0.5
KHT-XE5S,2025-07-18 10:00:00,9.3222,9.4,KHT-XE5S_2025_0526_1101,0.00010000000000012221,0.5
KHT-XE5S,2025-07-18 10:10:00,9.3193,9.4,KHT-XE5S_2025_0526_1101,0.0,0.5
KHT-XE5S,2025-07-18 10:20:00,9.3176,9.398,KHT-XE5S_2025_0526_1101,0.0002000000000000668,0.5
KHT-XE5S,2025-07-18 10:30:00,9.3148,9.401,KHT-XE5S_2025_0526_1101,0.00030000000000001136,0.5
KHT-XE5S,2025-07-18 10:40:00,9.3122,9.399,KHT-XE5S_2025_0526_1101,0.0002000000000000668,0.5
KHT-XE5S,2025-07-18 10:50:00,9.3088,9.4,KHT-XE5S_2025_0526_1101,0.00010000000000012221,0.5
KHT-XE5S,2025-07-18 11:00:00,9.306,9.402,KHT-XE5S_2025_0526_1101,0.00019999999999988915,0.5
KHT-XE5S,2025-07-18 11:10:00,9.3028,9.403,KHT-XE5S_2025_0526_1101,0.00010000000000012221,0.5
KHT-XE5S,2025-07-18 11:20:00,9.2987,9.403,KHT-XE5S_2025_0526_1101,0.0,0.5
KHT-XE5S,2025-07-18 11:30:00,9.2951,9.401,KHT-XE5S_2025_0526_1101,0.0002000000000000668,0.5
KHT-XE5S,2025-07-18 11:40:00,9.292,9.403,KHT-XE5S_2025_0526_1101,0.0002000000000000668,0.5
KHT-XE5S,2025-07-18 11:50:00,9.288,9.403,KHT-XE5S_2025_0526_1101,0.0,0.5
KHT-XE5S,2025-07-18 12:00:00,9.2859,9.404,KHT-XE5S_2025_0526_1101,9.999999999994457e-05,0.5
KHT-XE5S,2025-07-18 12:10:00,9.2827,9.403,KHT-XE5S_2025_0526_1101,9.999999999994457e-05,0.5
KHT-XE5S,2025-07-18 12:20:00,9.2791,9.404,KHT-XE5S_2025_0526_1101,9.999999999994457e-05,0.5
KHT-XE5S,2025-07-18 12:30:00,9.2757,9.405,KHT-XE5S_2025_0526_1101,9.999999999994457e-05,0.5
KHT-XE5S,2025-07-18 12:40:00,9.2728,9.405,KHT-XE5S_2025_0526_1101,0.0,0.5
KHT-XE5S,2025-07-18 12:50:00,9.27,9.404,KHT-XE5S_2025_0526_1101,9.999999999994457e-05,0.5
KHT-XE5S,2025-07-18 13:00:00,9.2678,9.404,KHT-XE5S_2025_0526_1101,0.0,0.5
KHT-XE5S,2025-07-18 13:10:00,9.2654,9.405,KHT-XE5S_2025_0526_1101,9.999999999994457e-05,0.5
KHT-XE5S,2025-07-18 13:20:00,9.2615,9.406,KHT-XE5S_2025_0526_1101,0.00010000000000012221,0.5
KHT-XE5S,2025-07-18 13:30:00,9.2583,9.405,KHT-XE5S_2025_0526_1101,0.00010000000000012221,0.5
KHT-XE5S,2025-07-18 13:40:00,9.2568,9.406,KHT-XE5S_2025_0526_1101,0.00010000000000012221,0.5
KHT-XE5S,2025-07-18 13:50:00,9.2544,9.407,KHT-XE5S_2025_0526_1101,9.999999999994457e-05,0.5
KHT-XE5S,2025-07-18 14:00:00,9.2512,9.406,KHT-XE5S_2025_0526_1101,9.999999999994457e-05,0.5
KHT-XE5S,2025-07-18 14:10:00,9.2494,9.405,KHT-XE5S_2025_0526_1101,0.00010000000000012221,0.5
KHT-XE5S,2025-07-18 14:20:00,9.2466,9.406,KHT-XE5S_2025_0526_1101,0.00010000000000012221,0.5
KHT-XE5S,2025-07-18 14:30:00,9.2435,9.408,KHT-XE5S_2025_0526_1101,0.00019999999999988915,0.5
KHT-XE5S,2025-07-18 14:40:00,9.2423,9.407,KHT-XE5S_2025_0526_1101,9.999999999994457e-05,0.5
KHT-XE5S,2025-07-18 14:50:00,9.2401,9.408,KHT-XE5S_2025_0526_1101,9.999999999994457e-05,0.5
KHT-XE5S,2025-07-18 15:00:00,9.2386,9.409,KHT-XE5S_2025_0526_1101,0.00010000000000012221,0.5
KHT-XE5S,2025-07-18 15:10:00,9.2367,9.408,KHT-XE5S_2025_0526_1101,0.00010000000000012221,0.5
KHT-XE5S,2025-07-18 15:20:00,9.2359,9.41,KHT-XE5S_2025_0526_1101,0.0002000000000000668,0.5
KHT-XE5S,2025-07-18 15:30:00,9.235,9.412,KHT-XE5S_2025_0526_1101,0.0002000000000000668,0.5
KHT-XE5S,2025-07-18 15:40:00,9.2332,9.41,KHT-XE5S_2025_0526_1101,0.0002000000000000668,0.5
KHT-XE5S,2025-07-18 15:50:00,9.2315,9.408,KHT-XE5S_2025_0526_1101,0.0002000000000000668,0.5
KHT-XE5S,2025-07-18 16:00:00,9.2313,9.41,KHT-XE5S_2025_0526_1101,0.0002000000000000668,0.5
KHT-XE5S,2025-07-18 16:10:00,9.231,9.41,KHT-XE5S_2025_0526_1101,0.0,0.5
KHT-XE5S,2025-07-18 16:20:00,9.2307,9.412,KHT-XE5S_2025_0526_1101,0.0002000000000000668,0.5
KHT-XE5S,2025-07-18 16:30:00,9.2302,9.41,KHT-XE5S_2025_0526_1101,0.0002000000000000668,0.5
KHT-XE5S,2025-07-18 16:40:00,9.2294,9.41,KHT-XE5S_2025_0526_1101,0.0,0.5
KHT-XE5S,2025-07-18 16:50:00,9.2295,9.41,KHT-XE5S_2025_0526_1101,0.0,0.5
KHT-XE5S,2025-07-18 17:00:00,9.2291,9.411,KHT-XE5S_2025_0526_1101,9.999999999994457e-05,0.5
KHT-XE5S,2025-07-18 17:10:00,9.2279,9.412,KHT-XE5S_2025_0526_1101,0.00010000000000012221,0.5
KHT-XE5S,2025-07-18 17:20:00,9.2277,9.414,KHT-XE5S_2025_0526_1101,0.00019999999999988915,0.5
KHT-XE5S,2025-07-18 17:30:00,9.2278,9.413,KHT-XE5S_2025_0526_1101,9.999999999994457e-05,0.5
KHT-XE5S,2025-07-18 17:40:00,9.2289,9.414,KHT-XE5S_2025_0526_1101,9.999999999994457e-05,0.5
KHT-XE5S,2025-07-18 17:50:00,9.2294,9.412,KHT-XE5S_2025_0526_1101,0.00019999999999988915,0.5
KHT-XE5S,2025-07-18 18:00:00,9.2307,9.414,KHT-XE5S_2025_0526_1101,0.00019999999999988915,0.5
KHT-XE5S,2025-07-18 18:10:00,9.2321,9.413,KHT-XE5S_2025_0526_1101,9.999999999994457e-05,0.5
KHT-XE5S,2025-07-18 18:20:00,9.2341,9.414,KHT-XE5S_2025_0526_1101,9.999999999994457e-05,0.5
KHT-XE5S,2025-07-18 18:30:00,9.2365,9.413,KHT-XE5S_2025_0526_1101,9.999999999994457e-05,0.5
KHT-XE5S,2025-07-18 18:40:00,9.2383,9.413,KHT-XE5S_2025_0526_1101,0.0,0.5
KHT-XE5S,2025-07-18 18:50:00,9.2401,9.414,KHT-XE5S_2025_0526_1101,9.999999999994457e-05,0.5
KHT-XE5S,2025-07-18 19:00:00,9.2427,9.416,KHT-XE5S_2025_0526_1101,0.0002000000000000668,0.5
KHT-XE5S,2025-07-18 19:10:00,9.245,9.416,KHT-XE5S_2025_0526_1101,0.0,0.5
KHT-XE5S,2025-07-18 19:20:00,9.2473,9.413,KHT-XE5S_2025_0526_1101,0.00030000000000001136,0.5
KHT-XE5S,2025-07-18 19:30:00,9.2505,9.416,KHT-XE5S_2025_0526_1101,0.00030000000000001136,0.5
KHT-XE5S,2025-07-18 19:40:00,9.2532,9.416,KHT-XE5S_2025_0526_1101,0.0,0.5
KHT-XE5S,2025-07-18 19:50:00,9.2564,9.417,KHT-XE5S_2025_0526_1101,9.999999999994457e-05,0.5
KHT-XE5S,2025-07-18 20:00:00,9.2592,9.418,KHT-XE5S_2025_0526_1101,9.999999999994457e-05,0.5
KHT-XE5S,2025-07-18 20:10:00,9.2617,9.417,KHT-XE5S_2025_0526_1101,9.999999999994457e-05,0.5
KHT-XE5S,2025-07-18 20:20:00,9.2648,9.416,KHT-XE5S_2025_0526_1101,9.999999999994457e-05,0.5
KHT-XE5S,2025-07-18 20:30:00,9.2677,9.417,KHT-XE5S_2025_0526_1101,9.999999999994457e-05,0.5
KHT-XE5S,2025-07-18 20:40:00,9.27,9.417,KHT-XE5S_2025_0526_1101,0.0,0.5
KHT-XE5S,2025-07-18 20:50:00,9.2729,9.417,KHT-XE5S_2025_0526_1101,0.0,0.5
KHT-XE5S,2025-07-18 21:00:00,9.2758,9.42,KHT-XE5S_2025_0526_1101,0.00030000000000001136,0.5
KHT-XE5S,2025-07-18 21:10:00,9.2791,9.419,KHT-XE5S_2025_0526_1101,9.999999999994457e-05,0.5
KHT-XE5S,2025-07-18 21:20:00,9.2822,9.419,KHT-XE5S_2025_0526_1101,0.0,0.5
KHT-XE5S,2025-07-18 21:30:00,9.2847,9.419,KHT-XE5S_2025_0526_1101,0.0,0.5
KHT-XE5S,2025-07-18 21:40:00,9.2875,9.419,KHT-XE5S_2025_0526_1101,0.0,0.5
KHT-XE5S,2025-07-18 21:50:00,9.29,9.418,KHT-XE5S_2025_0526_1101,0.00010000000000012221,0.5
KHT-XE5S,2025-07-18 22:00:00,9.292,9.421,KHT-XE5S_2025_0526_1101,0.00030000000000001136,0.5
KHT-XE5S,2025-07-18 22:10:00,9.2945,9.421,KHT-XE5S_2025_0526_1101,0.0,0.5
KHT-XE5S,2025-07-18 22:20:00,9.2966,9.421,KHT-XE5S_2025_0526_1101,0.0,0.5
KHT-XE5S,2025-07-18 22:30:00,9.2975,9.42,KHT-XE5S_2025_0526_1101,9.999999999994457e-05,0.5
KHT-XE5S,2025-07-18 22:40:00,9.299,9.422,KHT-XE5S_2025_0526_1101,0.0002000000000000668,0.5
KHT-XE5S,2025-07-18 22:50:00,9.3002,9.422,KHT-XE5S_2025_0526_1101,0.0,0.5
KHT-XE5S,2025-07-18 23:00:00,9.3016,9.423,KHT-XE5S_2025_0526_1101,9.999999999994457e-05,0.5
KHT-XE5S,2025-07-18 23:10:00,9.3033,9.424,KHT-XE5S_2025_0526_1101,9.999999999994457e-05,0.5
KHT-XE5S,2025-07-18 23:20:00,9.3046,9.424,KHT-XE5S_2025_0526_1101,0.0,0.5
KHT-XE5S,2025-07-18 23:30:00,9.3058,9.422,KHT-XE5S_2025_0526_1101,0.00019999999999988915,0.5
KHT-XE5S,2025-07-18 23:40:00,9.307,9.424,KHT-XE5S_2025_0526_1101,0.00019999999999988915,0.5
KHT-XE5S,2025-07-18 23:50:00,9.3082,9.426,KHT-XE5S_2025_0526_1101,0.0002000000000000668,0.5
KHT-XE5S,2025-07-19 00:00:00,9.3095,9.425,KHT-XE5S_2025_0526_1101,9.999999999994457e-05,0.5
KHT-XE5S,2025-07-19 00:10:00,9.3101,9.424,KHT-XE5S_2025_0526_1101,0.00010000000000012221,0.5
KHT-XE5S,2025-07-19 00:20:00,9.3104,9.426,KHT-XE5S_2025_0526_1101,0.0002000000000000668,0.5
KHT-XE5S,2025-07-19 00:30:00,9.3116,9.425,KHT-XE5S_2025_0526_1101,9.999999999994457e-05,0.5
KHT-XE5S,2025-07-19 00:40:00,9.3129,9.427,KHT-XE5S_2025_0526_1101,0.00019999999999988915,0.5
KHT-XE5S,2025-07-19 00:50:00,9.3144,9.427,KHT-XE5S_2025_0526_1101,0.0,0.5
KHT-XE5S,2025-07-19 01:00:00,9.3156,9.429,KHT-XE5S_2025_0526_1101,0.0002000000000000668,0.5
KHT-XE5S,2025-07-19 01:10:00,9.3164,9.429,KHT-XE5S_2025_0526_1101,0.0,0.5
KHT-XE5S,2025-07-19 01:20:00,9.3167,9.427,KHT-XE5S_2025_0526_1101,0.0002000000000000668,0.5
KHT-XE5S,2025-07-19 01:30:00,9.3176,9.429,KHT-XE5S_2025_0526_1101,0.0002000000000000668,0.5
KHT-XE5S,2025-07-19 01:40:00,9.3184,9.428,KHT-XE5S_2025_0526_1101,9.999999999994457e-05,0.5
KHT-XE5S,2025-07-19 01:50:00,9.3193,9.428,KHT-XE5S_2025_0526_1101,0.0,0.5
KHT-XE5S,2025-07-19 02:00:00,9.3198,9.429,KHT-XE5S_2025_0526_1101,9.999999999994457e-05,0.5
KHT-XE5S,2025-07-19 02:10:00,9.3205,9.429,KHT-XE5S_2025_0526_1101,0.0,0.5
KHT-XE5S,2025-07-19 02:20:00,9.3214,9.429,KHT-XE5S_2025_0526_1101,0.0,0.5
KHT-XE5S,2025-07-19 02:30:00,9.3222,9.431,KHT-XE5S_2025_0526_1101,0.00019999999999988915,0.5
KHT-XE5S,2025-07-19 02:40:00,9.3231,9.43,KHT-XE5S_2025_0526_1101,9.999999999994457e-05,0.5
KHT-XE5S,2025-07-19 02:50:00,9.3238,9.429,KHT-XE5S_2025_0526_1101,9.999999999994457e-05,0.5
KHT-XE5S,2025-07-19 03:00:00,9.3242,9.431,KHT-XE5S_2025_0526_1101,0.00019999999999988915,0.5
KHT-XE5S,2025-07-19 03:10:00,9.3251,9.429,KHT-XE5S_2025_0526_1101,0.00019999999999988915,0.5
KHT-XE5S,2025-07-19 03:20:00,9.326,9.433,KHT-XE5S_2025_0526_1101,0.00039999999999995595,0.5
KHT-XE5S,2025-07-19 03:30:00,9.3272,9.433,KHT-XE5S_2025_0526_1101,0.0,0.5
KHT-XE5S,2025-07-19 03:40:00,9.3273,9.43,KHT-XE5S_2025_0526_1101,0.00030000000000001136,0.5
KHT-XE5S,2025-07-19 03:50:00,9.3277,9.433,KHT-XE5S_2025_0526_1101,0.00030000000000001136,0.5
KHT-XE5S,2025-07-19 04:00:00,9.3274,9.432,KHT-XE5S_2025_0526_1101,9.999999999994457e-05,0.5
KHT-XE5S,2025-07-19 04:10:00,9.3276,9.433,KHT-XE5S_2025_0526_1101,9.999999999994457e-05,0.5
KHT-XE5S,2025-07-19 04:20:00,9.3277,9.433,KHT-XE5S_2025_0526_1101,0.0,0.5
KHT-XE5S,2025-07-19 04:30:00,9.3287,9.434,KHT-XE5S_2025_0526_1101,9.999999999994457e-05,0.5
KHT-XE5S,2025-07-19 04:40:00,9.3297,9.435,KHT-XE5S_2025_0526_1101,0.00010000000000012221,0.5
KHT-XE5S,2025-07-19 04:50:00,9.331,9.435,KHT-XE5S_2025_0526_1101,0.0,0.5
KHT-XE5S,2025-07-19 05:00:00,9.3313,9.436,KHT-XE5S_2025_0526_1101,9.999999999994457e-05,0.5
KHT-XE5S,2025-07-19 05:10:00,9.332,9.435,KHT-XE5S_2025_0526_1101,9.999999999994457e-05,0.5
KHT-XE5S,2025-07-19 05:20:00,9.3329,9.435,KHT-XE5S_2025_0526_1101,0.0,0.5
KHT-XE5S,2025-07-19 05:30:00,9.3343,9.437,KHT-XE5S_2025_0526_1101,0.00019999999999988915,0.5
KHT-XE5S,2025-07-19 05:40:00,9.3352,9.436,KHT-XE5S_2025_0526_1101,9.999999999994457e-05,0.5
KHT-XE5S,2025-07-19 05:50:00,9.3361,9.437,KHT-XE5S_2025_0526_1101,9.999999999994457e-05,0.5
KHT-XE5S,2025-07-19 06:00:00,9.3369,9.437,KHT-XE5S_2025_0526_1101,0.0,0.5
KHT-XE5S,2025-07-19 06:10:00,9.3376,9.439,KHT-XE5S_2025_0526_1101,0.0002000000000000668,0.5
KHT-XE5S,2025-07-19 06:20:00,9.338,9.437,KHT-XE5S_2025_0526_1101,0.0002000000000000668,0.5
KHT-XE5S,2025-07-19 06:30:00,9.3385,9.438,KHT-XE5S_2025_0526_1101,0.00010000000000012221,0.5
KHT-XE5S,2025-07-19 06:40:00,9.3396,9.437,KHT-XE5S_2025_0526_1101,0.00010000000000012221,0.5
KHT-XE5S,2025-07-19 06:50:00,9.3399,9.439,KHT-XE5S_2025_0526_1101,0.0002000000000000668,0.5
KHT-XE5S,2025-07-19 07:00:00,9.3406,9.438,KHT-XE5S_2025_0526_1101,9.999999999994457e-05,0.5
KHT-XE5S,2025-07-19 07:10:00,9.3414,9.438,KHT-XE5S_2025_0526_1101,0.0,0.5
KHT-XE5S,2025-07-19 07:20:00,9.3419,9.439,KHT-XE5S_2025_0526_1101,9.999999999994457e-05,0.5
KHT-XE5S,2025-07-19 07:30:00,9.343,9.439,KHT-XE5S_2025_0526_1101,0.0,0.5
KHT-XE5S,2025-07-19 07:40:00,9.3428,9.441,KHT-XE5S_2025_0526_1101,0.0002000000000000668,0.5
KHT-XE5S,2025-07-19 07:50:00,9.3431,9.44,KHT-XE5S_2025_0526_1101,0.00010000000000012221,0.5
KHT-XE5S,2025-07-19 08:00:00,9.3441,9.441,KHT-XE5S_2025_0526_1101,0.00010000000000012221,0.5
KHT-XE5S,2025-07-19 08:10:00,9.3448,9.442,KHT-XE5S_2025_0526_1101,9.999999999994457e-05,0.5
KHT-XE5S,2025-07-19 08:20:00,9.345,9.44,KHT-XE5S_2025_0526_1101,0.0002000000000000668,0.5
KHT-XE5S,2025-07-19 08:30:00,9.3446,9.442,KHT-XE5S_2025_0526_1101,0.0002000000000000668,0.5
KHT-XE5S,2025-07-19 08:40:00,9.3435,9.442,KHT-XE5S_2025_0526_1101,0.0,0.5
KHT-XE5S,2025-07-19 08:50:00,9.3424,9.444,KHT-XE5S_2025_0526_1101,0.0002000000000000668,0.5
KHT-XE5S,2025-07-19 09:00:00,9.341,9.444,KHT-XE5S_2025_0526_1101,0.0,0.5
KHT-XE5S,2025-07-19 09:10:00,9.3395,9.445,KHT-XE5S_2025_0526_1101,9.999999999994457e-05,0.5
KHT-XE5S,2025-07-19 09:20:00,9.3364,9.446,KHT-XE5S_2025_0526_1101,9.999999999994457e-05,0.5
KHT-XE5S,2025-07-19 09:30:00,9.334,9.444,KHT-XE5S_2025_0526_1101,0.00019999999999988915,0.5
KHT-XE5S,2025-07-19 09:40:00,9.3316,9.447,KHT-XE5S_2025_0526_1101,0.0002999999999998337,0.5
KHT-XE5S,2025-07-19 09:50:00,9.3291,9.446,KHT-XE5S_2025_0526_1101,9.999999999994457e-05,0.5
KHT-XE5S,2025-07-19 10:00:00,9.3264,9.448,KHT-XE5S_2025_0526_1101,0.0002000000000000668,0.5
KHT-XE5S,2025-07-19 10:10:00,9.3242,9.445,KHT-XE5S_2025_0526_1101,0.00030000000000001136,0.5
KHT-XE5S,2025-07-19 10:20:00,9.3213,9.448,KHT-XE5S_2025_0526_1101,0.00030000000000001136,0.5
KHT-XE5S,2025-07-19 10:30:00,9.3185,9.45,KHT-XE5S_2025_0526_1101,0.00019999999999988915,0.5
KHT-XE5S,2025-07-19 10:40:00,9.3152,9.448,KHT-XE5S_2025_0526_1101,0.00019999999999988915,0.5
KHT-XE5S,2025-07-19 10:50:00,9.3125,9.449,KHT-XE5S_2025_0526_1101,9.999999999994457e-05,0.5
KHT-XE5S,2025-07-19 11:00:00,9.3088,9.45,KHT-XE5S_2025_0526_1101,9.999999999994457e-05,0.5
KHT-XE5S,2025-07-19 11:10:00,9.3058,9.449,KHT-XE5S_2025_0526_1101,9.999999999994457e-05,0.5
KHT-XE5S,2025-07-19 11:20:00,9.3015,9.449,KHT-XE5S_2025_0526_1101,0.0,0.5
KHT-XE5S,2025-07-19 11:30:00,9.2977,9.45,KHT-XE5S_2025_0526_1101,9.999999999994457e-05,0.5
KHT-XE5S,2025-07-19 11:40:00,9.2932,9.451,KHT-XE5S_2025_0526_1101,0.00010000000000012221,0.5
KHT-XE5S,2025-07-19 11:50:00,9.2893,9.451,KHT-XE5S_2025_0526_1101,0.0,0.5
KHT-XE5S,2025-07-19 12:00:00,9.2853,9.45,KHT-XE5S_2025_0526_1101,0.00010000000000012221,0.5
KHT-XE5S,2025-07-19 12:10:00,9.2816,9.45,KHT-XE5S_2025_0526_1101,0.0,0.5
KHT-XE5S,2025-07-19 12:20:00,9.2784,9.45,KHT-XE5S_2025_0526_1101,0.0,0.5
KHT-XE5S,2025-07-19 12:30:00,9.2746,9.453,KHT-XE5S_2025_0526_1101,0.00030000000000001136,0.5
KHT-XE5S,2025-07-19 12:40:00,9.2713,9.453,KHT-XE5S_2025_0526_1101,0.0,0.5
KHT-XE5S,2025-07-19 12:50:00,9.2684,9.453,KHT-XE5S_2025_0526_1101,0.0,0.5
KHT-XE5S,2025-07-19 13:00:00,9.2653,9.452,KHT-XE5S_2025_0526_1101,9.999999999994457e-05,0.5
KHT-XE5S,2025-07-19 13:10:00,9.2617,9.454,KHT-XE5S_2025_0526_1101,0.0002000000000000668,0.5
KHT-XE5S,2025-07-19 13:20:00,9.2591,9.455,KHT-XE5S_2025_0526_1101,9.999999999994457e-05,0.5
KHT-XE5S,2025-07-19 13:30:00,9.2557,9.454,KHT-XE5S_2025_0526_1101,9.999999999994457e-05,0.5
KHT-XE5S,2025-07-19 13:40:00,9.2515,9.454,KHT-XE5S_2025_0526_1101,0.0,0.5
KHT-XE5S,2025-07-19 13:50:00,9.2484,9.454,KHT-XE5S_2025_0526_1101,0.0,0.5
KHT-XE5S,2025-07-19 14:00:00,9.246,9.454,KHT-XE5S_2025_0526_1101,0.0,0.5
KHT-XE5S,2025-07-19 14:10:00,9.2435,9.455,KHT-XE5S_2025_0526_1101,9.999999999994457e-05,0.5
KHT-XE5S,2025-07-19 14:20:00,9.2415,9.454,KHT-XE5S_2025_0526_1101,9.999999999994457e-05,0.5
KHT-XE5S,2025-07-19 14:30:00,9.2395,9.456,KHT-XE5S_2025_0526_1101,0.00019999999999988915,0.5
KHT-XE5S,2025-07-19 14:40:00,9.239,9.456,KHT-XE5S_2025_0526_1101,0.0,0.5
KHT-XE5S,2025-07-19 14:50:00,9.2366,9.458,KHT-XE5S_2025_0526_1101,0.0002000000000000668,0.5
KHT-XE5S,2025-07-19 15:00:00,9.2347,9.456,KHT-XE5S_2025_0526_1101,0.0002000000000000668,0.5
KHT-XE5S,2025-07-19 15:10:00,9.2322,9.456,KHT-XE5S_2025_0526_1101,0.0,0.5
KHT-XE5S,2025-07-19 15:20:00,9.2309,9.459,KHT-XE5S_2025_0526_1101,0.00030000000000001136,0.5
KHT-XE5S,2025-07-19 15:30:00,9.2298,9.456,KHT-XE5S_2025_0526_1101,0.00030000000000001136,0.5
KHT-XE5S,2025-07-19 15:40:00,9.2285,9.457,KHT-XE5S_2025_0526_1101,0.00010000000000012221,0.5
KHT-XE5S,2025-07-19 15:50:00,9.2263,9.46,KHT-XE5S_2025_0526_1101,0.00030000000000001136,0.5
KHT-XE5S,2025-07-19 16:00:00,9.2258,9.457,KHT-XE5S_2025_0526_1101,0.00030000000000001136,0.5
KHT-XE5S,2025-07-19 16:10:00,9.2241,9.46,KHT-XE5S_2025_0526_1101,0.00030000000000001136,0.5
KHT-XE5S,2025-07-19 16:20:00,9.2231,9.459,KHT-XE5S_2025_0526_1101,0.00010000000000012221,0.5
KHT-XE5S,2025-07-19 16:30:00,9.2217,9.459,KHT-XE5S_2025_0526_1101,0.0,0.5
KHT-XE5S,2025-07-19 16:40:00,9.2198,9.461,KHT-XE5S_2025_0526_1101,0.0002000000000000668,0.5
KHT-XE5S,2025-07-19 16:50:00,9.2199,9.461,KHT-XE5S_2025_0526_1101,0.0,0.5
KHT-XE5S,2025-07-19 17:00:00,9.2195,9.46,KHT-XE5S_2025_0526_1101,9.999999999994457e-05,0.5
KHT-XE5S,2025-07-19 17:10:00,9.2194,9.459,KHT-XE5S_2025_0526_1101,0.00010000000000012221,0.5
KHT-XE5S,2025-07-19 17:20:00,9.219,9.461,KHT-XE5S_2025_0526_1101,0.0002000000000000668,0.5
KHT-XE5S,2025-07-19 17:30:00,9.2179,9.46,KHT-XE5S_2025_0526_1101,9.999999999994457e-05,0.5
KHT-XE5S,2025-07-19 17:40:00,9.2176,9.461,KHT-XE5S_2025_0526_1101,9.999999999994457e-05,0.5
KHT-XE5S,2025-07-19 17:50:00,9.2181,9.461,KHT-XE5S_2025_0526_1101,0.0,0.5
KHT-XE5S,2025-07-19 18:00:00,9.2206,9.462,KHT-XE5S_2025_0526_1101,9.999999999994457e-05,0.5
KHT-XE5S,2025-07-19 18:10:00,9.2239,9.464,KHT-XE5S_2025_0526_1101,0.0002000000000000668,0.5
KHT-XE5S,2025-07-19 18:20:00,9.2261,9.463,KHT-XE5S_2025_0526_1101,0.00010000000000012221,0.5
KHT-XE5S,2025-07-19 18:30:00,9.2284,9.46,KHT-XE5S_2025_0526_1101,0.0002999999999998337,0.5
KHT-XE5S,2025-07-19 18:40:00,9.2301,9.463,KHT-XE5S_2025_0526_1101,0.0002999999999998337,0.5
KHT-XE5S,2025-07-19 18:50:00,9.2315,9.463,KHT-XE5S_2025_0526_1101,0.0,0.5
KHT-XE5S,2025-07-19 19:00:00,9.2332,9.463,KHT-XE5S_2025_0526_1101,0.0,0.5
KHT-XE5S,2025-07-19 19:10:00,9.2347,9.464,KHT-XE5S_2025_0526_1101,0.00010000000000012221,0.5
KHT-XE5S,2025-07-19 19:20:00,9.237,9.465,KHT-XE5S_2025_0526_1101,9.999999999994457e-05,0.5
KHT-XE5S,2025-07-19 19:30:00,9.2404,9.465,KHT-XE5S_2025_0526_1101,0.0,0.5
KHT-XE5S,2025-07-19 19:40:00,9.2432,9.464,KHT-XE5S_2025_0526_1101,9.999999999994457e-05,0.5
KHT-XE5S,2025-07-19 19:50:00,9.2461,9.463,KHT-XE5S_2025_0526_1101,0.00010000000000012221,0.5
KHT-XE5S,2025-07-19 20:00:00,9.2494,9.462,KHT-XE5S_2025_0526_1101,9.999999999994457e-05,0.5
KHT-XE5S,2025-07-19 20:10:00,9.2518,9.463,KHT-XE5S_2025_0526_1101,9.999999999994457e-05,0.5
KHT-XE5S,2025-07-19 20:20:00,9.2549,9.464,KHT-XE5S_2025_0526_1101,0.00010000000000012221,0.5
KHT-XE5S,2025-07-19 20:30:00,9.2584,9.465,KHT-XE5S_2025_0526_1101,9.999999999994457e-05,0.5
KHT-XE5S,2025-07-19 20:40:00,9.2613,9.465,KHT-XE5S_2025_0526_1101,0.0,0.5
KHT-XE5S,2025-07-19 20:50:00,9.2642,9.466,KHT-XE5S_2025_0526_1101,9.999999999994457e-05,0.5
KHT-XE5S,2025-07-19 21:00:00,9.2669,9.466,KHT-XE5S_2025_0526_1101,0.0,0.5
KHT-XE5S,2025-07-19 21:10:00,9.2696,9.467,KHT-XE5S_2025_0526_1101,0.00010000000000012221,0.5
KHT-XE5S,2025-07-19 21:20:00,9.2723,9.466,KHT-XE5S_2025_0526_1101,0.00010000000000012221,0.5
KHT-XE5S,2025-07-19 21:30:00,9.2749,9.468,KHT-XE5S_2025_0526_1101,0.0002000000000000668,0.5
KHT-XE5S,2025-07-19 21:40:00,9.2762,9.467,KHT-XE5S_2025_0526_1101,9.999999999994457e-05,0.5
KHT-XE5S,2025-07-19 21:50:00,9.2778,9.468,KHT-XE5S_2025_0526_1101,9.999999999994457e-05,0.5
KHT-XE5S,2025-07-19 22:00:00,9.2797,9.469,KHT-XE5S_2025_0526_1101,9.999999999994457e-05,0.5
KHT-XE5S,2025-07-19 22:10:00,9.2805,9.467,KHT-XE5S_2025_0526_1101,0.00019999999999988915,0.5
KHT-XE5S,2025-07-19 22:20:00,9.2821,9.468,KHT-XE5S_2025_0526_1101,9.999999999994457e-05,0.5
KHT-XE5S,2025-07-19 22:30:00,9.2837,9.468,KHT-XE5S_2025_0526_1101,0.0,0.5
KHT-XE5S,2025-07-19 22:40:00,9.285,9.47,KHT-XE5S_2025_0526_1101,0.0002000000000000668,0.5
KHT-XE5S,2025-07-19 22:50:00,9.2865,9.469,KHT-XE5S_2025_0526_1101,0.00010000000000012221,0.5
KHT-XE5S,2025-07-19 23:00:00,9.2878,9.47,KHT-XE5S_2025_0526_1101,0.00010000000000012221,0.5
KHT-XE5S,2025-07-19 23:10:00,9.2893,9.47,KHT-XE5S_2025_0526_1101,0.0,0.5
KHT-XE5S,2025-07-19 23:20:00,9.2909,9.47,KHT-XE5S_2025_0526_1101,0.0,0.5
KHT-XE5S,2025-07-19 23:30:00,9.2922,9.472,KHT-XE5S_2025_0526_1101,0.00019999999999988915,0.5
KHT-XE5S,2025-07-19 23:40:00,9.2933,9.474,KHT-XE5S_2025_0526_1101,0.0002000000000000668,0.5
KHT-XE5S,2025-07-19 23:50:00,9.2948,9.47,KHT-XE5S_2025_0526_1101,0.00039999999999995595,0.5
KHT-XE5S,2025-07-20 00:00:00,9.2965,9.472,KHT-XE5S_2025_0526_1101,0.00019999999999988915,0.5
KHT-XE5S,2025-07-20 00:10:00,9.2975,9.473,KHT-XE5S_2025_0526_1101,0.00010000000000012221,0.5
KHT-XE5S,2025-07-20 00:20:00,9.2987,9.473,KHT-XE5S_2025_0526_1101,0.0,0.5
KHT-XE5S,2025-07-20 00:30:00,9.2996,9.473,KHT-XE5S_2025_0526_1101,0.0,0.5
KHT-XE5S,2025-07-20 00:40:00,9.3001,9.473,KHT-XE5S_2025_0526_1101,0.0,0.5
KHT-XE5S,2025-07-20 00:50:00,9.3012,9.472,KHT-XE5S_2025_0526_1101,0.00010000000000012221,0.5
KHT-XE5S,2025-07-20 01:00:00,9.3024,9.474,KHT-XE5S_2025_0526_1101,0.0002000000000000668,0.5
KHT-XE5S,2025-07-20 01:10:00,9.3032,9.475,KHT-XE5S_2025_0526_1101,9.999999999994457e-05,0.5
KHT-XE5S,2025-07-20 01:20:00,9.304,9.476,KHT-XE5S_2025_0526_1101,0.00010000000000012221,0.5
KHT-XE5S,2025-07-20 01:30:00,9.3054,9.476,KHT-XE5S_2025_0526_1101,0.0,0.5
KHT-XE5S,2025-07-20 01:40:00,9.3059,9.476,KHT-XE5S_2025_0526_1101,0.0,0.5
KHT-XE5S,2025-07-20 01:50:00,9.3068,9.477,KHT-XE5S_2025_0526_1101,9.999999999994457e-05,0.5
KHT-XE5S,2025-07-20 02:00:00,9.3072,9.477,KHT-XE5S_2025_0526_1101,0.0,0.5
KHT-XE5S,2025-07-20 02:10:00,9.3077,9.477,KHT-XE5S_2025_0526_1101,0.0,0.5
KHT-XE5S,2025-07-20 02:20:00,9.3081,9.478,KHT-XE5S_2025_0526_1101,9.999999999994457e-05,0.5
KHT-XE5S,2025-07-20 02:30:00,9.3083,9.476,KHT-XE5S_2025_0526_1101,0.00019999999999988915,0.5
KHT-XE5S,2025-07-20 02:40:00,9.3086,9.478,KHT-XE5S_2025_0526_1101,0.00019999999999988915,0.5
KHT-XE5S,2025-07-20 02:50:00,9.3094,9.477,KHT-XE5S_2025_0526_1101,9.999999999994457e-05,0.5
KHT-XE5S,2025-07-20 03:00:00,9.3098,9.479,KHT-XE5S_2025_0526_1101,0.00019999999999988915,0.5
KHT-XE5S,2025-07-20 03:10:00,9.3102,9.477,KHT-XE5S_2025_0526_1101,0.00019999999999988915,0.5
KHT-XE5S,2025-07-20 03:20:00,9.3111,9.479,KHT-XE5S_2025_0526_1101,0.00019999999999988915,0.5
KHT-XE5S,2025-07-20 03:30:00,9.3117,9.479,KHT-XE5S_2025_0526_1101,0.0,0.5
KHT-XE5S,2025-07-20 03:40:00,9.3122,9.48,KHT-XE5S_2025_0526_1101,0.00010000000000012221,0.5
KHT-XE5S,2025-07-20 03:50:00,9.3123,9.479,KHT-XE5S_2025_0526_1101,0.00010000000000012221,0.5
KHT-XE5S,2025-07-20 04:00:00,9.3126,9.481,KHT-XE5S_2025_0526_1101,0.0002000000000000668,0.5
KHT-XE5S,2025-07-20 04:10:00,9.3122,9.48,KHT-XE5S_2025_0526_1101,9.999999999994457e-05,0.5
KHT-XE5S,2025-07-20 04:20:00,9.3131,9.48,KHT-XE5S_2025_0526_1101,0.0,0.5
KHT-XE5S,2025-07-20 04:30:00,9.3139,9.48,KHT-XE5S_2025_0526_1101,0.0,0.5
KHT-XE5S,2025-07-20 04:40:00,9.3152,9.482,KHT-XE5S_2025_0526_1101,0.00019999999999988915,0.5
KHT-XE5S,2025-07-20 04:50:00,9.3153,9.483,KHT-XE5S_2025_0526_1101,0.00010000000000012221,0.5
KHT-XE5S,2025-07-20 05:00:00,9.3155,9.484,KHT-XE5S_2025_0526_1101,9.999999999994457e-05,0.5
KHT-XE5S,2025-07-20 05:10:00,9.3161,9.482,KHT-XE5S_2025_0526_1101,0.0002000000000000668,0.5
KHT-XE5S,2025-07-20 05:20:00,9.3164,9.483,KHT-XE5S_2025_0526_1101,0.00010000000000012221,0.5
KHT-XE5S,2025-07-20 05:30:00,9.3167,9.484,KHT-XE5S_2025_0526_1101,9.999999999994457e-05,0.5
KHT-XE5S,2025-07-20 05:40:00,9.3172,9.483,KHT-XE5S_2025_0526_1101,9.999999999994457e-05,0.5
KHT-XE5S,2025-07-20 05:50:00,9.318,9.483,KHT-XE5S_2025_0526_1101,0.0,0.5
KHT-XE5S,2025-07-20 06:00:00,9.3186,9.484,KHT-XE5S_2025_0526_1101,9.999999999994457e-05,0.5
KHT-XE5S,2025-07-20 06:10:00,9.3194,9.485,KHT-XE5S_2025_0526_1101,9.999999999994457e-05,0.5
KHT-XE5S,2025-07-20 06:20:00,9.3199,9.484,KHT-XE5S_2025_0526_1101,9.999999999994457e-05,0.5
KHT-XE5S,2025-07-20 06:30:00,9.3199,9.485,KHT-XE5S_2025_0526_1101,9.999999999994457e-05,0.5
KHT-XE5S,2025-07-20 06:40:00,9.3205,9.485,KHT-XE5S_2025_0526_1101,0.0,0.5
KHT-XE5S,2025-07-20 06:50:00,9.3208,9.485,KHT-XE5S_2025_0526_1101,0.0,0.5
KHT-XE5S,2025-07-20 07:00:00,9.322,9.484,KHT-XE5S_2025_0526_1101,9.999999999994457e-05,0.5
KHT-XE5S,2025-07-20 07:10:00,9.3229,9.487,KHT-XE5S_2025_0526_1101,0.00030000000000001136,0.5
KHT-XE5S,2025-07-20 07:20:00,9.324,9.487,KHT-XE5S_2025_0526_1101,0.0,0.5
KHT-XE5S,2025-07-20 07:30:00,9.3245,9.487,KHT-XE5S_2025_0526_1101,0.0,0.5
KHT-XE5S,2025-07-20 07:40:00,9.3255,9.486,KHT-XE5S_2025_0526_1101,9.999999999994457e-05,0.5
KHT-XE5S,2025-07-20 07:50:00,9.3253,9.488,KHT-XE5S_2025_0526_1101,0.00019999999999988915,0.5
KHT-XE5S,2025-07-20 08:00:00,9.3255,9.487,KHT-XE5S_2025_0526_1101,9.999999999994457e-05,0.5
KHT-XE5S,2025-07-20 08:10:00,9.3253,9.488,KHT-XE5S_2025_0526_1101,9.999999999994457e-05,0.5
KHT-XE5S,2025-07-20 08:20:00,9.3246,9.49,KHT-XE5S_2025_0526_1101,0.0002000000000000668,0.5
KHT-XE5S,2025-07-20 08:30:00,9.3243,9.491,KHT-XE5S_2025_0526_1101,9.999999999994457e-05,0.5
KHT-XE5S,2025-07-20 08:40:00,9.3229,9.49,KHT-XE5S_2025_0526_1101,9.999999999994457e-05,0.5
KHT-XE5S,2025-07-20 08:50:00,9.322,9.489,KHT-XE5S_2025_0526_1101,9.999999999994457e-05,0.5
KHT-XE5S,2025-07-20 09:00:00,9.3204,9.49,KHT-XE5S_2025_0526_1101,9.999999999994457e-05,0.5
KHT-XE5S,2025-07-20 09:10:00,9.318,9.491,KHT-XE5S_2025_0526_1101,9.999999999994457e-05,0.5
KHT-XE5S,2025-07-20 09:20:00,9.3153,9.493,KHT-XE5S_2025_0526_1101,0.0002000000000000668,0.5
KHT-XE5S,2025-07-20 09:30:00,9.313,9.493,KHT-XE5S_2025_0526_1101,0.0,0.5
KHT-XE5S,2025-07-20 09:40:00,9.3093,9.493,KHT-XE5S_2025_0526_1101,0.0,0.5
KHT-XE5S,2025-07-20 09:50:00,9.3076,9.494,KHT-XE5S_2025_0526_1101,9.999999999994457e-05,0.5
KHT-XE5S,2025-07-20 10:00:00,9.3046,9.495,KHT-XE5S_2025_0526_1101,9.999999999994457e-05,0.5
KHT-XE5S,2025-07-20 10:10:00,9.3011,9.494,KHT-XE5S_2025_0526_1101,9.999999999994457e-05,0.5
KHT-XE5S,2025-07-20 10:20:00,9.2982,9.496,KHT-XE5S_2025_0526_1101,0.0002000000000000668,0.5
KHT-XE5S,2025-07-20 10:30:00,9.2939,9.494,KHT-XE5S_2025_0526_1101,0.0002000000000000668,0.5
KHT-XE5S,2025-07-20 10:40:00,9.2906,9.497,KHT-XE5S_2025_0526_1101,0.00030000000000001136,0.5
KHT-XE5S,2025-07-20 10:50:00,9.287,9.496,KHT-XE5S_2025_0526_1101,9.999999999994457e-05,0.5
KHT-XE5S,2025-07-20 11:00:00,9.2833,9.497,KHT-XE5S_2025_0526_1101,9.999999999994457e-05,0.5
KHT-XE5S,2025-07-20 11:10:00,9.2784,9.496,KHT-XE5S_2025_0526_1101,9.999999999994457e-05,0.5
KHT-XE5S,2025-07-20 11:20:00,9.2744,9.499,KHT-XE5S_2025_0526_1101,0.00030000000000001136,0.5
KHT-XE5S,2025-07-20 11:30:00,9.2702,9.497,KHT-XE5S_2025_0526_1101,0.0002000000000000668,0.5
KHT-XE5S,2025-07-20 11:40:00,9.267,9.498,KHT-XE5S_2025_0526_1101,9.999999999994457e-05,0.5
KHT-XE5S,2025-07-20 11:50:00,9.2628,9.497,KHT-XE5S_2025_0526_1101,9.999999999994457e-05,0.5
KHT-XE5S,2025-07-20 12:00:00,9.2589,9.497,KHT-XE5S_2025_0526_1101,0.0,0.5
KHT-XE5S,2025-07-20 12:10:00,9.2545,9.499,KHT-XE5S_2025_0526_1101,0.0002000000000000668,0.5
KHT-XE5S,2025-07-20 12:20:00,9.2513,9.498,KHT-XE5S_2025_0526_1101,0.00010000000000012221,0.5
KHT-XE5S,2025-07-20 12:30:00,9.2479,9.499,KHT-XE5S_2025_0526_1101,0.00010000000000012221,0.5
KHT-XE5S,2025-07-20 12:40:00,9.2443,9.499,KHT-XE5S_2025_0526_1101,0.0,0.5
KHT-XE5S,2025-07-20 12:50:00,9.2419,9.499,KHT-XE5S_2025_0526_1101,0.0,0.5
KHT-XE5S,2025-07-20 13:00:00,9.2368,9.499,KHT-XE5S_2025_0526_1101,0.0,0.5
KHT-XE5S,2025-07-20 13:10:00,9.2333,9.499,KHT-XE5S_2025_0526_1101,0.0,0.5
KHT-XE5S,2025-07-20 13:20:00,9.2308,9.501,KHT-XE5S_2025_0526_1101,0.00019999999999988915,0.5
KHT-XE5S,2025-07-20 13:30:00,9.228,9.501,KHT-XE5S_2025_0526_1101,0.0,0.5
KHT-XE5S,2025-07-20 13:40:00,9.2242,9.501,KHT-XE5S_2025_0526_1101,0.0,0.5
KHT-XE5S,2025-07-20 13:50:00,9.2214,9.501,KHT-XE5S_2025_0526_1101,0.0,0.5
KHT-XE5S,2025-07-20 14:00:00,9.2181,9.502,KHT-XE5S_2025_0526_1101,0.00010000000000012221,0.5
KHT-XE5S,2025-07-20 14:10:00,9.2144,9.502,KHT-XE5S_2025_0526_1101,0.0,0.5
KHT-XE5S,2025-07-20 14:20:00,9.2125,9.502,KHT-XE5S_2025_0526_1101,0.0,0.5
KHT-XE5S,2025-07-20 14:30:00,9.2107,9.502,KHT-XE5S_2025_0526_1101,0.0,0.5
KHT-XE5S,2025-07-20 14:40:00,9.2075,9.502,KHT-XE5S_2025_0526_1101,0.0,0.5
KHT-XE5S,2025-07-20 14:50:00,9.2053,9.504,KHT-XE5S_2025_0526_1101,0.00019999999999988915,0.5
KHT-XE5S,2025-07-20 15:00:00,9.2029,9.503,KHT-XE5S_2025_0526_1101,9.999999999994457e-05,0.5
KHT-XE5S,2025-07-20 15:10:00,9.2015,9.504,KHT-XE5S_2025_0526_1101,9.999999999994457e-05,0.5
KHT-XE5S,2025-07-20 15:20:00,9.2004,9.503,KHT-XE5S_2025_0526_1101,9.999999999994457e-05,0.5
KHT-XE5S,2025-07-20 15:30:00,9.1977,9.502,KHT-XE5S_2025_0526_1101,9.999999999994457e-05,0.5
KHT-XE5S,2025-07-20 15:40:00,9.1964,9.504,KHT-XE5S_2025_0526_1101,0.00019999999999988915,0.5
KHT-XE5S,2025-07-20 15:50:00,9.1961,9.504,KHT-XE5S_2025_0526_1101,0.0,0.5
KHT-XE5S,2025-07-20 16:00:00,9.1951,9.504,KHT-XE5S_2025_0526_1101,0.0,0.5
KHT-XE5S,2025-07-20 16:10:00,9.1941,9.503,KHT-XE5S_2025_0526_1101,9.999999999994457e-05,0.5
KHT-XE5S,2025-07-20 16:20:00,9.1933,9.506,KHT-XE5S_2025_0526_1101,0.00030000000000001136,0.5
KHT-XE5S,2025-07-20 16:30:00,9.1924,9.507,KHT-XE5S_2025_0526_1101,9.999999999994457e-05,0.5
KHT-XE5S,2025-07-20 16:40:00,9.1919,9.505,KHT-XE5S_2025_0526_1101,0.00019999999999988915,0.5
KHT-XE5S,2025-07-20 16:50:00,9.1908,9.507,KHT-XE5S_2025_0526_1101,0.00019999999999988915,0.5
KHT-XE5S,2025-07-20 17:00:00,9.1895,9.507,KHT-XE5S_2025_0526_1101,0.0,0.5
KHT-XE5S,2025-07-20 17:10:00,9.1894,9.507,KHT-XE5S_2025_0526_1101,0.0,0.5
KHT-XE5S,2025-07-20 17:20:00,9.1898,9.507,KHT-XE5S_2025_0526_1101,0.0,0.5
KHT-XE5S,2025-07-20 17:30:00,9.1908,9.507,KHT-XE5S_2025_0526_1101,0.0,0.5
KHT-XE5S,2025-07-20 17:40:00,9.1909,9.508,KHT-XE5S_2025_0526_1101,9.999999999994457e-05,0.5
KHT-XE5S,2025-07-20 17:50:00,9.1907,9.508,KHT-XE5S_2025_0526_1101,0.0,0.5
KHT-XE5S,2025-07-20 18:00:00,9.1919,9.509,KHT-XE5S_2025_0526_1101,0.00010000000000012221,0.5
KHT-XE5S,2025-07-20 18:10:00,9.1948,9.508,KHT-XE5S_2025_0526_1101,0.00010000000000012221,0.5
KHT-XE5S,2025-07-20 18:20:00,9.1956,9.507,KHT-XE5S_2025_0526_1101,9.999999999994457e-05,0.5
KHT-XE5S,2025-07-20 18:30:00,9.1986,9.508,KHT-XE5S_2025_0526_1101,9.999999999994457e-05,0.5
KHT-XE5S,2025-07-20 18:40:00,9.1999,9.507,KHT-XE5S_2025_0526_1101,9.999999999994457e-05,0.5
KHT-XE5S,2025-07-20 18:50:00,9.2015,9.509,KHT-XE5S_2025_0526_1101,0.0002000000000000668,0.5
KHT-XE5S,2025-07-20 19:00:00,9.203,9.509,KHT-XE5S_2025_0526_1101,0.0,0.5
KHT-XE5S,2025-07-20 19:10:00,9.2042,9.511,KHT-XE5S_2025_0526_1101,0.00019999999999988915,0.5
KHT-XE5S,2025-07-20 19:20:00,9.2066,9.511,KHT-XE5S_2025_0526_1101,0.0,0.5
KHT-XE5S,2025-07-20 19:30:00,9.2091,9.51,KHT-XE5S_2025_0526_1101,9.999999999994457e-05,0.5
KHT-XE5S,2025-07-20 19:40:00,9.2119,9.51,KHT-XE5S_2025_0526_1101,0.0,0.5
KHT-XE5S,2025-07-20 19:50:00,9.2146,9.511,KHT-XE5S_2025_0526_1101,9.999999999994457e-05,0.5
KHT-XE5S,2025-07-20 20:00:00,9.2176,9.511,KHT-XE5S_2025_0526_1101,0.0,0.5
KHT-XE5S,2025-07-20 20:10:00,9.2208,9.511,KHT-XE5S_2025_0526_1101,0.0,0.5
KHT-XE5S,2025-07-20 20:20:00,9.2238,9.511,KHT-XE5S_2025_0526_1101,0.0,0.5
KHT-XE5S,2025-07-20 20:30:00,9.2271,9.511,KHT-XE5S_2025_0526_1101,0.0,0.5
KHT-XE5S,2025-07-20 20:40:00,9.2303,9.511,KHT-XE5S_2025_0526_1101,0.0,0.5
KHT-XE5S,2025-07-20 20:50:00,9.233,9.511,KHT-XE5S_2025_0526_1101,0.0,0.5
KHT-XE5S,2025-07-20 21:00:00,9.2366,9.513,KHT-XE5S_2025_0526_1101,0.0002000000000000668,0.5
KHT-XE5S,2025-07-20 21:10:00,9.2394,9.513,KHT-XE5S_2025_0526_1101,0.0,0.5
KHT-XE5S,2025-07-20 21:20:00,9.2423,9.513,KHT-XE5S_2025_0526_1101,0.0,0.5
KHT-XE5S,2025-07-20 21:30:00,9.245,9.513,KHT-XE5S_2025_0526_1101,0.0,0.5
KHT-XE5S,2025-07-20 21:40:00,9.2475,9.514,KHT-XE5S_2025_0526_1101,9.999999999994457e-05,0.5
KHT-XE5S,2025-07-20 21:50:00,9.2499,9.515,KHT-XE5S_2025_0526_1101,0.00010000000000012221,0.5
KHT-XE5S,2025-07-20 22:00:00,9.2516,9.514,KHT-XE5S_2025_0526_1101,0.00010000000000012221,0.5
KHT-XE5S,2025-07-20 22:10:00,9.2529,9.513,KHT-XE5S_2025_0526_1101,9.999999999994457e-05,0.5
KHT-XE5S,2025-07-20 22:20:00,9.2544,9.514,KHT-XE5S_2025_0526_1101,9.999999999994457e-05,0.5
KHT-XE5S,2025-07-20 22:30:00,9.2564,9.517,KHT-XE5S_2025_0526_1101,0.00030000000000001136,0.5
KHT-XE5S,2025-07-20 22:40:00,9.2581,9.516,KHT-XE5S_2025_0526_1101,9.999999999994457e-05,0.5
KHT-XE5S,2025-07-20 22:50:00,9.2594,9.516,KHT-XE5S_2025_0526_1101,0.0,0.5
KHT-XE5S,2025-07-20 23:00:00,9.2609,9.516,KHT-XE5S_2025_0526_1101,0.0,0.5
KHT-XE5S,2025-07-20 23:10:00,9.2623,9.517,KHT-XE5S_2025_0526_1101,9.999999999994457e-05,0.5
KHT-XE5S,2025-07-20 23:20:00,9.2635,9.516,KHT-XE5S_2025_0526_1101,9.999999999994457e-05,0.5
KHT-XE5S,2025-07-20 23:30:00,9.2652,9.519,KHT-XE5S_2025_0526_1101,0.00030000000000001136,0.5
KHT-XE5S,2025-07-20 23:40:00,9.2663,9.517,KHT-XE5S_2025_0526_1101,0.0002000000000000668,0.5
KHT-XE5S,2025-07-20 23:50:00,9.2678,9.519,KHT-XE5S_2025_0526_1101,0.0002000000000000668,0.5
KHT-XE5S,2025-07-21 00:00:00,9.268,9.519,KHT-XE5S_2025_0526_1101,0.0,0.5
KHT-XE5S,2025-07-21 00:10:00,9.2683,9.519,KHT-XE5S_2025_0526_1101,0.0,0.5
KHT-XE5S,2025-07-21 00:20:00,9.269,9.519,KHT-XE5S_2025_0526_1101,0.0,0.5
KHT-XE5S,2025-07-21 00:30:00,9.2699,9.519,KHT-XE5S_2025_0526_1101,0.0,0.5
KHT-XE5S,2025-07-21 00:40:00,9.2694,9.52,KHT-XE5S_2025_0526_1101,9.999999999994457e-05,0.5
KHT-XE5S,2025-07-21 00:50:00,9.2701,9.52,KHT-XE5S_2025_0526_1101,0.0,0.5
KHT-XE5S,2025-07-21 01:00:00,9.2704,9.522,KHT-XE5S_2025_0526_1101,0.0002000000000000668,0.5
KHT-XE5S,2025-07-21 01:10:00,9.2708,9.522,KHT-XE5S_2025_0526_1101,0.0,0.5
KHT-XE5S,2025-07-21 01:20:00,9.2716,9.524,KHT-XE5S_2025_0526_1101,0.00019999999999988915,0.5
KHT-XE5S,2025-07-21 01:30:00,9.2719,9.524,KHT-XE5S_2025_0526_1101,0.0,0.5
KHT-XE5S,2025-07-21 01:40:00,9.2716,9.522,KHT-XE5S_2025_0526_1101,0.00019999999999988915,0.5
KHT-XE5S,2025-07-21 01:50:00,9.2721,9.525,KHT-XE5S_2025_0526_1101,0.00030000000000001136,0.5
KHT-XE5S,2025-07-21 02:00:00,9.2724,9.524,KHT-XE5S_2025_0526_1101,0.00010000000000012221,0.5
KHT-XE5S,2025-07-21 02:10:00,9.2717,9.522,KHT-XE5S_2025_0526_1101,0.00019999999999988915,0.5
KHT-XE5S,2025-07-21 02:20:00,9.2719,9.523,KHT-XE5S_2025_0526_1101,9.999999999994457e-05,0.5
KHT-XE5S,2025-07-21 02:30:00,9.2728,9.525,KHT-XE5S_2025_0526_1101,0.0002000000000000668,0.5
KHT-XE5S,2025-07-21 02:40:00,9.2729,9.524,KHT-XE5S_2025_0526_1101,0.00010000000000012221,0.5
KHT-XE5S,2025-07-21 02:50:00,9.2726,9.524,KHT-XE5S_2025_0526_1101,0.0,0.5
KHT-XE5S,2025-07-21 03:00:00,9.2727,9.525,KHT-XE5S_2025_0526_1101,0.00010000000000012221,0.5
KHT-XE5S,2025-07-21 03:10:00,9.273,9.525,KHT-XE5S_2025_0526_1101,0.0,0.5
KHT-XE5S,2025-07-21 03:20:00,9.2729,9.526,KHT-XE5S_2025_0526_1101,9.999999999994457e-05,0.5
KHT-XE5S,2025-07-21 03:30:00,9.2726,9.527,KHT-XE5S_2025_0526_1101,9.999999999994457e-05,0.5
KHT-XE5S,2025-07-21 03:40:00,9.2735,9.527,KHT-XE5S_2025_0526_1101,0.0,0.5
KHT-XE5S,2025-07-21 03:50:00,9.2751,9.525,KHT-XE5S_2025_0526_1101,0.00019999999999988915,0.5
KHT-XE5S,2025-07-21 04:00:00,9.276,9.528,KHT-XE5S_2025_0526_1101,0.00030000000000001136,0.5
KHT-XE5S,2025-07-21 04:10:00,9.2754,9.528,KHT-XE5S_2025_0526_1101,0.0,0.5
KHT-XE5S,2025-07-21 04:20:00,9.2754,9.527,KHT-XE5S_2025_0526_1101,0.00010000000000012221,0.5
KHT-XE5S,2025-07-21 04:30:00,9.2753,9.527,KHT-XE5S_2025_0526_1101,0.0,0.5
KHT-XE5S,2025-07-21 04:40:00,9.2752,9.528,KHT-XE5S_2025_0526_1101,0.00010000000000012221,0.5
KHT-XE5S,2025-07-21 04:50:00,9.2759,9.527,KHT-XE5S_2025_0526_1101,0.00010000000000012221,0.5
KHT-XE5S,2025-07-21 05:00:00,9.276,9.528,KHT-XE5S_2025_0526_1101,0.00010000000000012221,0.5
KHT-XE5S,2025-07-21 05:10:00,9.2759,9.528,KHT-XE5S_2025_0526_1101,0.0,0.5
KHT-XE5S,2025-07-21 05:20:00,9.2756,9.527,KHT-XE5S_2025_0526_1101,0.00010000000000012221,0.5
KHT-XE5S,2025-07-21 05:30:00,9.2761,9.529,KHT-XE5S_2025_0526_1101,0.0002000000000000668,0.5
KHT-XE5S,2025-07-21 05:40:00,9.277,9.53,KHT-XE5S_2025_0526_1101,9.999999999994457e-05,0.5
KHT-XE5S,2025-07-21 05:50:00,9.2779,9.532,KHT-XE5S_2025_0526_1101,0.0002000000000000668,0.5
KHT-XE5S,2025-07-21 06:00:00,9.2777,9.531,KHT-XE5S_2025_0526_1101,9.999999999994457e-05,0.5
KHT-XE5S,2025-07-21 06:10:00,9.2786,9.531,KHT-XE5S_2025_0526_1101,0.0,0.5
KHT-XE5S,2025-07-21 06:20:00,9.2791,9.532,KHT-XE5S_2025_0526_1101,9.999999999994457e-05,0.5
KHT-XE5S,2025-07-21 06:30:00,9.2798,9.533,KHT-XE5S_2025_0526_1101,9.999999999994457e-05,0.5
KHT-XE5S,2025-07-21 06:40:00,9.2805,9.533,KHT-XE5S_2025_0526_1101,0.0,0.5
KHT-XE5S,2025-07-21 06:50:00,9.2816,9.533,KHT-XE5S_2025_0526_1101,0.0,0.5
KHT-XE5S,2025-07-21 07:00:00,9.2827,9.532,KHT-XE5S_2025_0526_1101,9.999999999994457e-05,0.5
KHT-XE5S,2025-07-21 07:10:00,9.2826,9.532,KHT-XE5S_2025_0526_1101,0.0,0.5
KHT-XE5S,2025-07-21 07:20:00,9.283,9.532,KHT-XE5S_2025_0526_1101,0.0,0.5
KHT-XE5S,2025-07-21 07:30:00,9.2828,9.534,KHT-XE5S_2025_0526_1101,0.0002000000000000668,0.5
KHT-XE5S,2025-07-21 07:40:00,9.2839,9.533,KHT-XE5S_2025_0526_1101,0.00010000000000012221,0.5
KHT-XE5S,2025-07-21 07:50:00,9.2828,9.533,KHT-XE5S_2025_0526_1101,0.0,0.5
KHT-XE5S,2025-07-21 08:00:00,9.283,9.534,KHT-XE5S_2025_0526_1101,0.00010000000000012221,0.5
KHT-XE5S,2025-07-21 08:10:00,9.2833,9.535,KHT-XE5S_2025_0526_1101,9.999999999994457e-05,0.5
KHT-XE5S,2025-07-21 08:20:00,9.2825,9.537,KHT-XE5S_2025_0526_1101,0.0002000000000000668,0.5
KHT-XE5S,2025-07-21 08:30:00,9.2809,9.536,KHT-XE5S_2025_0526_1101,0.00010000000000012221,0.5
KHT-XE5S,2025-07-21 08:40:00,9.2805,9.537,KHT-XE5S_2025_0526_1101,0.00010000000000012221,0.5
KHT-XE5S,2025-07-21 08:50:00,9.2785,9.537,KHT-XE5S_2025_0526_1101,0.0,0.5
KHT-XE5S,2025-07-21 09:00:00,9.2763,9.538,KHT-XE5S_2025_0526_1101,9.999999999994457e-05,0.5
KHT-XE5S,2025-07-21 09:10:00,9.2761,9.538,KHT-XE5S_2025_0526_1101,0.0,0.5
KHT-XE5S,2025-07-21 09:20:00,9.2731,9.54,KHT-XE5S_2025_0526_1101,0.00019999999999988915,0.5
KHT-XE5S,2025-07-21 09:30:00,9.2706,9.539,KHT-XE5S_2025_0526_1101,9.999999999994457e-05,0.5
KHT-XE5S,2025-07-21 09:40:00,9.2684,9.539,KHT-XE5S_2025_0526_1101,0.0,0.5
KHT-XE5S,2025-07-21 09:50:00,9.2672,9.538,KHT-XE5S_2025_0526_1101,9.999999999994457e-05,0.5
KHT-XE5S,2025-07-21 10:00:00,9.2649,9.542,KHT-XE5S_2025_0526_1101,0.00039999999999995595,0.5
KHT-XE5S,2025-07-21 10:10:00,9.2619,9.541,KHT-XE5S_2025_0526_1101,9.999999999994457e-05,0.5
KHT-XE5S,2025-07-21 10:20:00,9.2605,9.539,KHT-XE5S_2025_0526_1101,0.0002000000000000668,0.5
KHT-XE5S,2025-07-21 10:30:00,9.257,9.543,KHT-XE5S_2025_0526_1101,0.00039999999999995595,0.5
KHT-XE5S,2025-07-21 10:40:00,9.2549,9.541,KHT-XE5S_2025_0526_1101,0.00019999999999988915,0.5
KHT-XE5S,2025-07-21 10:50:00,9.2525,9.542,KHT-XE5S_2025_0526_1101,9.999999999994457e-05,0.5
KHT-XE5S,2025-07-21 11:00:00,9.2485,9.542,KHT-XE5S_2025_0526_1101,0.0,0.5
KHT-XE5S,2025-07-21 11:10:00,9.2459,9.543,KHT-XE5S_2025_0526_1101,9.999999999994457e-05,0.5
KHT-XE5S,2025-07-21 11:20:00,9.2409,9.542,KHT-XE5S_2025_0526_1101,9.999999999994457e-05,0.5
KHT-XE5S,2025-07-21 11:30:00,9.2378,9.543,KHT-XE5S_2025_0526_1101,9.999999999994457e-05,0.5
KHT-XE5S,2025-07-21 11:40:00,9.2343,9.543,KHT-XE5S_2025_0526_1101,0.0,0.5
KHT-XE5S,2025-07-21 11:50:00,9.2326,9.542,KHT-XE5S_2025_0526_1101,9.999999999994457e-05,0.5
KHT-XE5S,2025-07-21 12:00:00,9.2289,9.544,KHT-XE5S_2025_0526_1101,0.0002000000000000668,0.5
KHT-XE5S,2025-07-21 12:10:00,9.2289,9.543,KHT-XE5S_2025_0526_1101,0.00010000000000012221,0.5
KHT-XE5S,2025-07-21 12:20:00,9.2277,9.544,KHT-XE5S_2025_0526_1101,0.00010000000000012221,0.5
KHT-XE5S,2025-07-21 12:30:00,9.226,9.544,KHT-XE5S_2025_0526_1101,0.0,0.5
KHT-XE5S,2025-07-21 12:40:00,9.2252,9.544,KHT-XE5S_2025_0526_1101,0.0,0.5
KHT-XE5S,2025-07-21 12:50:00,9.2223,9.546,KHT-XE5S_2025_0526_1101,0.00019999999999988915,0.5
KHT-XE5S,2025-07-21 13:00:00,9.2216,9.544,KHT-XE5S_2025_0526_1101,0.00019999999999988915,0.5
KHT-XE5S,2025-07-21 13:10:00,9.2201,9.545,KHT-XE5S_2025_0526_1101,9.999999999994457e-05,0.5
KHT-XE5S,2025-07-21 13:20:00,9.2178,9.545,KHT-XE5S_2025_0526_1101,0.0,0.5
KHT-XE5S,2025-07-21 13:30:00,9.2168,9.545,KHT-XE5S_2025_0526_1101,0.0,0.5
KHT-XE5S,2025-07-21 13:40:00,9.2159,9.545,KHT-XE5S_2025_0526_1101,0.0,0.5
KHT-XE5S,2025-07-21 13:50:00,9.2131,9.545,KHT-XE5S_2025_0526_1101,0.0,0.5
KHT-XE5S,2025-07-21 14:00:00,9.2104,9.547,KHT-XE5S_2025_0526_1101,0.0002000000000000668,0.5
KHT-XE5S,2025-07-21 14:10:00,9.2093,9.545,KHT-XE5S_2025_0526_1101,0.0002000000000000668,0.5
KHT-XE5S,2025-07-21 14:20:00,9.2066,9.546,KHT-XE5S_2025_0526_1101,9.999999999994457e-05,0.5
KHT-XE5S,2025-07-21 14:30:00,9.2063,9.547,KHT-XE5S_2025_0526_1101,0.00010000000000012221,0.5
KHT-XE5S,2025-07-21 14:40:00,9.2035,9.546,KHT-XE5S_2025_0526_1101,0.00010000000000012221,0.5
KHT-XE5S,2025-07-21 14:50:00,9.2019,9.549,KHT-XE5S_2025_0526_1101,0.00030000000000001136,0.5
KHT-XE5S,2025-07-21 15:00:00,9.2026,9.546,KHT-XE5S_2025_0526_1101,0.00030000000000001136,0.5
KHT-XE5S,2025-07-21 15:10:00,9.2013,9.549,KHT-XE5S_2025_0526_1101,0.00030000000000001136,0.5
KHT-XE5S,2025-07-21 15:20:00,9.1992,9.548,KHT-XE5S_2025_0526_1101,9.999999999994457e-05,0.5
KHT-XE5S,2025-07-21 15:30:00,9.197,9.548,KHT-XE5S_2025_0526_1101,0.0,0.5
KHT-XE5S,2025-07-21 15:40:00,9.1961,9.548,KHT-XE5S_2025_0526_1101,0.0,0.5
KHT-XE5S,2025-07-21 15:50:00,9.196,9.548,KHT-XE5S_2025_0526_1101,0.0,0.5
KHT-XE5S,2025-07-21 16:00:00,9.1958,9.549,KHT-XE5S_2025_0526_1101,9.999999999994457e-05,0.5
KHT-XE5S,2025-07-21 16:10:00,9.1949,9.548,KHT-XE5S_2025_0526_1101,9.999999999994457e-05,0.5
KHT-XE5S,2025-07-21 16:20:00,9.1937,9.549,KHT-XE5S_2025_0526_1101,9.999999999994457e-05,0.5
KHT-XE5S,2025-07-21 16:30:00,9.1933,9.551,KHT-XE5S_2025_0526_1101,0.0002000000000000668,0.5
KHT-XE5S,2025-07-21 16:40:00,9.1911,9.552,KHT-XE5S_2025_0526_1101,9.999999999994457e-05,0.5
KHT-XE5S,2025-07-21 16:50:00,9.1902,9.553,KHT-XE5S_2025_0526_1101,0.00010000000000012221,0.5
KHT-XE5S,2025-07-21 17:00:00,9.1898,9.552,KHT-XE5S_2025_0526_1101,0.00010000000000012221,0.5
KHT-XE5S,2025-07-21 17:10:00,9.1889,9.551,KHT-XE5S_2025_0526_1101,9.999999999994457e-05,0.5
KHT-XE5S,2025-07-21 17:20:00,9.1885,9.552,KHT-XE5S_2025_0526_1101,9.999999999994457e-05,0.5
KHT-XE5S,2025-07-21 17:30:00,9.1887,9.551,KHT-XE5S_2025_0526_1101,9.999999999994457e-05,0.5
KHT-XE5S,2025-07-21 17:40:00,9.1891,9.552,KHT-XE5S_2025_0526_1101,9.999999999994457e-05,0.5
KHT-XE5S,2025-07-21 17:50:00,9.1902,9.552,KHT-XE5S_2025_0526_1101,0.0,0.5
KHT-XE5S,2025-07-21 18:00:00,9.1916,9.553,KHT-XE5S_2025_0526_1101,0.00010000000000012221,0.5
KHT-XE5S,2025-07-21 18:10:00,9.1922,9.554,KHT-XE5S_2025_0526_1101,9.999999999994457e-05,0.5
KHT-XE5S,2025-07-21 18:20:00,9.1939,9.553,KHT-XE5S_2025_0526_1101,9.999999999994457e-05,0.5
KHT-XE5S,2025-07-21 18:30:00,9.196,9.554,KHT-XE5S_2025_0526_1101,9.999999999994457e-05,0.5
KHT-XE5S,2025-07-21 18:40:00,9.1974,9.554,KHT-XE5S_2025_0526_1101,0.0,0.5
KHT-XE5S,2025-07-21 18:50:00,9.1988,9.553,KHT-XE5S_2025_0526_1101,9.999999999994457e-05,0.5
KHT-XE5S,2025-07-21 19:00:00,9.1991,9.554,KHT-XE5S_2025_0526_1101,9.999999999994457e-05,0.5
KHT-XE5S,2025-07-21 19:10:00,9.2,9.554,KHT-XE5S_2025_0526_1101,0.0,0.5
KHT-XE5S,2025-07-21 19:20:00,9.2013,9.556,KHT-XE5S_2025_0526_1101,0.00019999999999988915,0.5
KHT-XE5S,2025-07-21 19:30:00,9.2025,9.554,KHT-XE5S_2025_0526_1101,0.00019999999999988915,0.5
KHT-XE5S,2025-07-21 19:40:00,9.2036,9.557,KHT-XE5S_2025_0526_1101,0.00030000000000001136,0.5
KHT-XE5S,2025-07-21 19:50:00,9.2043,9.556,KHT-XE5S_2025_0526_1101,0.00010000000000012221,0.5
KHT-XE5S,2025-07-21 20:00:00,9.2062,9.556,KHT-XE5S_2025_0526_1101,0.0,0.5
KHT-XE5S,2025-07-21 20:10:00,9.2064,9.556,KHT-XE5S_2025_0526_1101,0.0,0.5
KHT-XE5S,2025-07-21 20:20:00,9.2079,9.558,KHT-XE5S_2025_0526_1101,0.0002000000000000668,0.5
KHT-XE5S,2025-07-21 20:30:00,9.2103,9.556,KHT-XE5S_2025_0526_1101,0.0002000000000000668,0.5
KHT-XE5S,2025-07-21 20:40:00,9.2118,9.557,KHT-XE5S_2025_0526_1101,0.00010000000000012221,0.5
KHT-XE5S,2025-07-21 20:50:00,9.2132,9.558,KHT-XE5S_2025_0526_1101,9.999999999994457e-05,0.5
KHT-XE5S,2025-07-21 21:00:00,9.2155,9.558,KHT-XE5S_2025_0526_1101,0.0,0.5
KHT-XE5S,2025-07-21 21:10:00,9.2181,9.559,KHT-XE5S_2025_0526_1101,9.999999999994457e-05,0.5
KHT-XE5S,2025-07-21 21:20:00,9.2212,9.557,KHT-XE5S_2025_0526_1101,0.00019999999999988915,0.5
KHT-XE5S,2025-07-21 21:30:00,9.2225,9.559,KHT-XE5S_2025_0526_1101,0.00019999999999988915,0.5
KHT-XE5S,2025-07-21 21:40:00,9.2249,9.56,KHT-XE5S_2025_0526_1101,0.00010000000000012221,0.5
KHT-XE5S,2025-07-21 21:50:00,9.2263,9.561,KHT-XE5S_2025_0526_1101,9.999999999994457e-05,0.5
KHT-XE5S,2025-07-21 22:00:00,9.2276,9.561,KHT-XE5S_2025_0526_1101,0.0,0.5
KHT-XE5S,2025-07-21 22:10:00,9.2292,9.561,KHT-XE5S_2025_0526_1101,0.0,0.5
KHT-XE5S,2025-07-21 22:20:00,9.2314,9.563,KHT-XE5S_2025_0526_1101,0.0002000000000000668,0.5
KHT-XE5S,2025-07-21 22:30:00,9.2336,9.561,KHT-XE5S_2025_0526_1101,0.0002000000000000668,0.5
KHT-XE5S,2025-07-21 22:40:00,9.2353,9.561,KHT-XE5S_2025_0526_1101,0.0,0.5
KHT-XE5S,2025-07-21 22:50:00,9.2365,9.562,KHT-XE5S_2025_0526_1101,9.999999999994457e-05,0.5
KHT-XE5S,2025-07-21 23:00:00,9.2363,9.563,KHT-XE5S_2025_0526_1101,0.00010000000000012221,0.5
KHT-XE5S,2025-07-21 23:10:00,9.2373,9.561,KHT-XE5S_2025_0526_1101,0.0002000000000000668,0.5
KHT-XE5S,2025-07-21 23:20:00,9.2394,9.563,KHT-XE5S_2025_0526_1101,0.0002000000000000668,0.5
KHT-XE5S,2025-07-21 23:30:00,9.2394,9.563,KHT-XE5S_2025_0526_1101,0.0,0.5
KHT-XE5S,2025-07-21 23:40:00,9.2409,9.564,KHT-XE5S_2025_0526_1101,9.999999999994457e-05,0.5
KHT-XE5S,2025-07-21 23:50:00,9.2423,9.566,KHT-XE5S_2025_0526_1101,0.0002000000000000668,0.5
KHT-XE5S,2025-07-22 00:00:00,9.2426,9.563,KHT-XE5S_2025_0526_1101,0.00030000000000001136,0.5
KHT-XE5S,2025-07-22 00:10:00,9.244,9.565,KHT-XE5S_2025_0526_1101,0.00019999999999988915,0.5
KHT-XE5S,2025-07-22 00:20:00,9.2453,9.565,KHT-XE5S_2025_0526_1101,0.0,0.5
KHT-XE5S,2025-07-22 00:30:00,9.2455,9.566,KHT-XE5S_2025_0526_1101,0.00010000000000012221,0.5
KHT-XE5S,2025-07-22 00:40:00,9.2469,9.566,KHT-XE5S_2025_0526_1101,0.0,0.5
KHT-XE5S,2025-07-22 00:50:00,9.2482,9.566,KHT-XE5S_2025_0526_1101,0.0,0.5
KHT-XE5S,2025-07-22 01:00:00,9.2504,9.566,KHT-XE5S_2025_0526_1101,0.0,0.5
KHT-XE5S,2025-07-22 01:10:00,9.2499,9.564,KHT-XE5S_2025_0526_1101,0.0002000000000000668,0.5
KHT-XE5S,2025-07-22 01:20:00,9.2502,9.566,KHT-XE5S_2025_0526_1101,0.0002000000000000668,0.5
KHT-XE5S,2025-07-22 01:30:00,9.2509,9.566,KHT-XE5S_2025_0526_1101,0.0,0.5
KHT-XE5S,2025-07-22 01:40:00,9.2514,9.566,KHT-XE5S_2025_0526_1101,0.0,0.5
KHT-XE5S,2025-07-22 01:50:00,9.2525,9.565,KHT-XE5S_2025_0526_1101,0.00010000000000012221,0.5
KHT-XE5S,2025-07-22 02:00:00,9.2544,9.565,KHT-XE5S_2025_0526_1101,0.0,0.5
KHT-XE5S,2025-07-22 02:10:00,9.2552,9.567,KHT-XE5S_2025_0526_1101,0.0002000000000000668,0.5
KHT-XE5S,2025-07-22 02:20:00,9.2565,9.567,KHT-XE5S_2025_0526_1101,0.0,0.5
KHT-XE5S,2025-07-22 02:30:00,9.2562,9.567,KHT-XE5S_2025_0526_1101,0.0,0.5
KHT-XE5S,2025-07-22 02:40:00,9.2578,9.569,KHT-XE5S_2025_0526_1101,0.0002000000000000668,0.5
KHT-XE5S,2025-07-22 02:50:00,9.259,9.568,KHT-XE5S_2025_0526_1101,0.00010000000000012221,0.5
KHT-XE5S,2025-07-22 03:00:00,9.2601,9.571,KHT-XE5S_2025_0526_1101,0.00030000000000001136,0.5
KHT-XE5S,2025-07-22 03:10:00,9.261,9.57,KHT-XE5S_2025_0526_1101,9.999999999994457e-05,0.5
KHT-XE5S,2025-07-22 03:20:00,9.2622,9.571,KHT-XE5S_2025_0526_1101,9.999999999994457e-05,0.5
KHT-XE5S,2025-07-22 03:30:00,9.2624,9.571,KHT-XE5S_2025_0526_1101,0.0,0.5
KHT-XE5S,2025-07-22 03:40:00,9.262,9.57,KHT-XE5S_2025_0526_1101,9.999999999994457e-05,0.5
KHT-XE5S,2025-07-22 03:50:00,9.2632,9.571,KHT-XE5S_2025_0526_1101,9.999999999994457e-05,0.5
KHT-XE5S,2025-07-22 04:00:00,9.2629,9.569,KHT-XE5S_2025_0526_1101,0.00019999999999988915,0.5
KHT-XE5S,2025-07-22 04:10:00,9.2643,9.573,KHT-XE5S_2025_0526_1101,0.00039999999999995595,0.5
KHT-XE5S,2025-07-22 04:20:00,9.2656,9.571,KHT-XE5S_2025_0526_1101,0.0002000000000000668,0.5
KHT-XE5S,2025-07-22 04:30:00,9.2667,9.572,KHT-XE5S_2025_0526_1101,9.999999999994457e-05,0.5
KHT-XE5S,2025-07-22 04:40:00,9.2666,9.571,KHT-XE5S_2025_0526_1101,9.999999999994457e-05,0.5
KHT-XE5S,2025-07-22 04:50:00,9.267,9.572,KHT-XE5S_2025_0526_1101,9.999999999994457e-05,0.5
KHT-XE5S,2025-07-22 05:00:00,9.2685,9.574,KHT-XE5S_2025_0526_1101,0.0002000000000000668,0.5
KHT-XE5S,2025-07-22 05:10:00,9.2678,9.573,KHT-XE5S_2025_0526_1101,9.999999999994457e-05,0.5
KHT-XE5S,2025-07-22 05:20:00,9.2685,9.574,KHT-XE5S_2025_0526_1101,9.999999999994457e-05,0.5
KHT-XE5S,2025-07-22 05:30:00,9.2689,9.575,KHT-XE5S_2025_0526_1101,9.999999999994457e-05,0.5
KHT-XE5S,2025-07-22 05:40:00,9.2705,9.576,KHT-XE5S_2025_0526_1101,0.00010000000000012221,0.5
KHT-XE5S,2025-07-22 05:50:00,9.271,9.573,KHT-XE5S_2025_0526_1101,0.00030000000000001136,0.5
KHT-XE5S,2025-07-22 06:00:00,9.2725,9.574,KHT-XE5S_2025_0526_1101,9.999999999994457e-05,0.5
KHT-XE5S,2025-07-22 06:10:00,9.2732,9.577,KHT-XE5S_2025_0526_1101,0.00030000000000001136,0.5
KHT-XE5S,2025-07-22 06:20:00,9.2753,9.574,KHT-XE5S_2025_0526_1101,0.00030000000000001136,0.5
KHT-XE5S,2025-07-22 06:30:00,9.277,9.574,KHT-XE5S_2025_0526_1101,0.0,0.5
KHT-XE5S,2025-07-22 06:40:00,9.2778,9.578,KHT-XE5S_2025_0526_1101,0.00039999999999995595,0.5
KHT-XE5S,2025-07-22 06:50:00,9.2786,9.575,KHT-XE5S_2025_0526_1101,0.00030000000000001136,0.5
KHT-XE5S,2025-07-22 07:00:00,9.2792,9.577,KHT-XE5S_2025_0526_1101,0.0002000000000000668,0.5
KHT-XE5S,2025-07-22 07:10:00,9.2798,9.575,KHT-XE5S_2025_0526_1101,0.0002000000000000668,0.5
KHT-XE5S,2025-07-22 07:20:00,9.2816,9.578,KHT-XE5S_2025_0526_1101,0.00030000000000001136,0.5
KHT-XE5S,2025-07-22 07:30:00,9.2829,9.579,KHT-XE5S_2025_0526_1101,0.00010000000000012221,0.5
KHT-XE5S,2025-07-22 07:40:00,9.2839,9.577,KHT-XE5S_2025_0526_1101,0.0002000000000000668,0.5
KHT-XE5S,2025-07-22 07:50:00,9.2843,9.58,KHT-XE5S_2025_0526_1101,0.00030000000000001136,0.5
KHT-XE5S,2025-07-22 08:00:00,9.2857,9.578,KHT-XE5S_2025_0526_1101,0.0002000000000000668,0.5
KHT-XE5S,2025-07-22 08:10:00,9.2855,9.578,KHT-XE5S_2025_0526_1101,0.0,0.5
KHT-XE5S,2025-07-22 08:20:00,9.2859,9.58,KHT-XE5S_2025_0526_1101,0.0002000000000000668,0.5
KHT-XE5S,2025-07-22 08:30:00,9.2861,9.579,KHT-XE5S_2025_0526_1101,9.999999999994457e-05,0.5
KHT-XE5S,2025-07-22 08:40:00,9.2866,9.579,KHT-XE5S_2025_0526_1101,0.0,0.5
KHT-XE5S,2025-07-22 08:50:00,9.2876,9.58,KHT-XE5S_2025_0526_1101,9.999999999994457e-05,0.5
KHT-XE5S,2025-07-22 09:00:00,9.287,9.579,KHT-XE5S_2025_0526_1101,9.999999999994457e-05,0.5
KHT-XE5S,2025-07-22 09:10:00,9.2865,9.581,KHT-XE5S_2025_0526_1101,0.00019999999999988915,0.5
KHT-XE5S,2025-07-22 09:20:00,9.2864,9.581,KHT-XE5S_2025_0526_1101,0.0,0.5
KHT-XE5S,2025-07-22 09:30:00,9.2868,9.582,KHT-XE5S_2025_0526_1101,0.00010000000000012221,0.5
KHT-XE5S,2025-07-22 09:40:00,9.2868,9.583,KHT-XE5S_2025_0526_1101,9.999999999994457e-05,0.5
KHT-XE5S,2025-07-22 09:50:00,9.2865,9.582,KHT-XE5S_2025_0526_1101,9.999999999994457e-05,0.5
KHT-XE5S,2025-07-22 10:00:00,9.2856,9.583,KHT-XE5S_2025_0526_1101,9.999999999994457e-05,0.5
KHT-XE5S,2025-07-22 10:10:00,9.2843,9.583,KHT-XE5S_2025_0526_1101,0.0,0.5
KHT-XE5S,2025-07-22 10:20:00,9.2819,9.583,KHT-XE5S_2025_0526_1101,0.0,0.5
KHT-XE5S,2025-07-22 10:30:00,9.2802,9.584,KHT-XE5S_2025_0526_1101,9.999999999994457e-05,0.5
KHT-XE5S,2025-07-22 10:40:00,9.2789,9.585,KHT-XE5S_2025_0526_1101,0.00010000000000012221,0.5
KHT-XE5S,2025-07-22 10:50:00,9.277,9.585,KHT-XE5S_2025_0526_1101,0.0,0.5
KHT-XE5S,2025-07-22 11:00:00,9.2744,9.586,KHT-XE5S_2025_0526_1101,9.999999999994457e-05,0.5
KHT-XE5S,2025-07-22 11:10:00,9.2718,9.585,KHT-XE5S_2025_0526_1101,9.999999999994457e-05,0.5
KHT-XE5S,2025-07-22 11:20:00,9.2717,9.586,KHT-XE5S_2025_0526_1101,9.999999999994457e-05,0.5
KHT-XE5S,2025-07-22 11:30:00,9.2705,9.588,KHT-XE5S_2025_0526_1101,0.00019999999999988915,0.5
KHT-XE5S,2025-07-22 11:40:00,9.269,9.587,KHT-XE5S_2025_0526_1101,9.999999999994457e-05,0.5
KHT-XE5S,2025-07-22 11:50:00,9.2666,9.587,KHT-XE5S_2025_0526_1101,0.0,0.5
KHT-XE5S,2025-07-22 12:00:00,9.2646,9.587,KHT-XE5S_2025_0526_1101,0.0,0.5
KHT-XE5S,2025-07-22 12:10:00,9.2624,9.587,KHT-XE5S_2025_0526_1101,0.0,0.5
KHT-XE5S,2025-07-22 12:20:00,9.2586,9.587,KHT-XE5S_2025_0526_1101,0.0,0.5
KHT-XE5S,2025-07-22 12:30:00,9.2551,9.588,KHT-XE5S_2025_0526_1101,9.999999999994457e-05,0.5
KHT-XE5S,2025-07-22 12:40:00,9.2514,9.588,KHT-XE5S_2025_0526_1101,0.0,0.5
KHT-XE5S,2025-07-22 12:50:00,9.2468,9.589,KHT-XE5S_2025_0526_1101,0.00010000000000012221,0.5
KHT-XE5S,2025-07-22 13:00:00,9.2434,9.591,KHT-XE5S_2025_0526_1101,0.00019999999999988915,0.5
KHT-XE5S,2025-07-22 13:10:00,9.2418,9.59,KHT-XE5S_2025_0526_1101,9.999999999994457e-05,0.5
KHT-XE5S,2025-07-22 13:20:00,9.2397,9.59,KHT-XE5S_2025_0526_1101,0.0,0.5
KHT-XE5S,2025-07-22 13:30:00,9.236,9.59,KHT-XE5S_2025_0526_1101,0.0,0.5
KHT-XE5S,2025-07-22 13:40:00,9.2319,9.591,KHT-XE5S_2025_0526_1101,9.999999999994457e-05,0.5
KHT-XE5S,2025-07-22 13:50:00,9.2288,9.59,KHT-XE5S_2025_0526_1101,9.999999999994457e-05,0.5
KHT-XE5S,2025-07-22 14:00:00,9.2254,9.59,KHT-XE5S_2025_0526_1101,0.0,0.5
KHT-XE5S,2025-07-22 14:10:00,9.222,9.59,KHT-XE5S_2025_0526_1101,0.0,0.5
KHT-XE5S,2025-07-22 14:20:00,9.22,9.59,KHT-XE5S_2025_0526_1101,0.0,0.5
KHT-XE5S,2025-07-22 14:30:00,9.2188,9.592,KHT-XE5S_2025_0526_1101,0.0002000000000000668,0.5
KHT-XE5S,2025-07-22 14:40:00,9.217,9.591,KHT-XE5S_2025_0526_1101,0.00010000000000012221,0.5
KHT-XE5S,2025-07-22 14:50:00,9.216,9.59,KHT-XE5S_2025_0526_1101,9.999999999994457e-05,0.5
KHT-XE5S,2025-07-22 15:00:00,9.2148,9.591,KHT-XE5S_2025_0526_1101,9.999999999994457e-05,0.5
KHT-XE5S,2025-07-22 15:10:00,9.2139,9.592,KHT-XE5S_2025_0526_1101,0.00010000000000012221,0.5
KHT-XE5S,2025-07-22 15:20:00,9.2114,9.592,KHT-XE5S_2025_0526_1101,0.0,0.5
KHT-XE5S,2025-07-22 15:30:00,9.2108,9.592,KHT-XE5S_2025_0526_1101,0.0,0.5
KHT-XE5S,2025-07-22 15:40:00,9.21,9.592,KHT-XE5S_2025_0526_1101,0.0,0.5
KHT-XE5S,2025-07-22 15:50:00,9.2091,9.593,KHT-XE5S_2025_0526_1101,9.999999999994457e-05,0.5
KHT-XE5S,2025-07-22 16:00:00,9.2079,9.593,KHT-XE5S_2025_0526_1101,0.0,0.5
KHT-XE5S,2025-07-22 16:10:00,9.2073,9.592,KHT-XE5S_2025_0526_1101,9.999999999994457e-05,0.5
KHT-XE5S,2025-07-22 16:20:00,9.2065,9.593,KHT-XE5S_2025_0526_1101,9.999999999994457e-05,0.5
KHT-XE5S,2025-07-22 16:30:00,9.2059,9.593,KHT-XE5S_2025_0526_1101,0.0,0.5
KHT-XE5S,2025-07-22 16:40:00,9.2055,9.594,KHT-XE5S_2025_0526_1101,9.999999999994457e-05,0.5
KHT-XE5S,2025-07-22 16:50:00,9.2042,9.594,KHT-XE5S_2025_0526_1101,0.0,0.5
KHT-XE5S,2025-07-22 17:00:00,9.2029,9.595,KHT-XE5S_2025_0526_1101,0.00010000000000012221,0.5
KHT-XE5S,2025-07-22 17:10:00,9.2037,9.594,KHT-XE5S_2025_0526_1101,0.00010000000000012221,0.5
KHT-XE5S,2025-07-22 17:20:00,9.2041,9.596,KHT-XE5S_2025_0526_1101,0.0002000000000000668,0.5
KHT-XE5S,2025-07-22 17:30:00,9.205,9.597,KHT-XE5S_2025_0526_1101,9.999999999994457e-05,0.5
KHT-XE5S,2025-07-22 17:40:00,9.2056,9.596,KHT-XE5S_2025_0526_1101,9.999999999994457e-05,0.5
KHT-XE5S,2025-07-22 17:50:00,9.2052,9.595,KHT-XE5S_2025_0526_1101,9.999999999994457e-05,0.5
KHT-XE5S,2025-07-22 18:00:00,9.2056,9.596,KHT-XE5S_2025_0526_1101,9.999999999994457e-05,0.5
KHT-XE5S,2025-07-22 18:10:00,9.2063,9.597,KHT-XE5S_2025_0526_1101,9.999999999994457e-05,0.5
KHT-XE5S,2025-07-22 18:20:00,9.2069,9.597,KHT-XE5S_2025_0526_1101,0.0,0.5
KHT-XE5S,2025-07-22 18:30:00,9.2071,9.596,KHT-XE5S_2025_0526_1101,9.999999999994457e-05,0.5
KHT-XE5S,2025-07-22 18:40:00,9.2072,9.597,KHT-XE5S_2025_0526_1101,9.999999999994457e-05,0.5
KHT-XE5S,2025-07-22 18:50:00,9.2085,9.598,KHT-XE5S_2025_0526_1101,0.00010000000000012221,0.5
KHT-XE5S,2025-07-22 19:00:00,9.2105,9.598,KHT-XE5S_2025_0526_1101,0.0,0.5
KHT-XE5S,2025-07-22 19:10:00,9.2115,9.598,KHT-XE5S_2025_0526_1101,0.0,0.5
KHT-XE5S,2025-07-22 19:20:00,9.2134,9.597,KHT-XE5S_2025_0526_1101,0.00010000000000012221,0.5
KHT-XE5S,2025-07-22 19:30:00,9.215,9.599,KHT-XE5S_2025_0526_1101,0.0002000000000000668,0.5
KHT-XE5S,2025-07-22 19:40:00,9.2168,9.599,KHT-XE5S_2025_0526_1101,0.0,0.5
KHT-XE5S,2025-07-22 19:50:00,9.2188,9.599,KHT-XE5S_2025_0526_1101,0.0,0.5
KHT-XE5S,2025-07-22 20:00:00,9.2215,9.6,KHT-XE5S_2025_0526_1101,9.999999999994457e-05,0.5
KHT-XE5S,2025-07-22 20:10:00,9.2236,9.599,KHT-XE5S_2025_0526_1101,9.999999999994457e-05,0.5
KHT-XE5S,2025-07-22 20:20:00,9.2252,9.602,KHT-XE5S_2025_0526_1101,0.00030000000000001136,0.5
KHT-XE5S,2025-07-22 20:30:00,9.2286,9.601,KHT-XE5S_2025_0526_1101,9.999999999994457e-05,0.5
KHT-XE5S,2025-07-22 20:40:00,9.2307,9.601,KHT-XE5S_2025_0526_1101,0.0,0.5
KHT-XE5S,2025-07-22 20:50:00,9.2341,9.601,KHT-XE5S_2025_0526_1101,0.0,0.5
KHT-XE5S,2025-07-22 21:00:00,9.2366,9.6,KHT-XE5S_2025_0526_1101,0.00010000000000012221,0.5
KHT-XE5S,2025-07-22 21:10:00,9.2381,9.601,KHT-XE5S_2025_0526_1101,0.00010000000000012221,0.5
KHT-XE5S,2025-07-22 21:20:00,9.2414,9.602,KHT-XE5S_2025_0526_1101,9.999999999994457e-05,0.5
KHT-XE5S,2025-07-22 21:30:00,9.244,9.602,KHT-XE5S_2025_0526_1101,0.0,0.5
KHT-XE5S,2025-07-22 21:40:00,9.2459,9.6,KHT-XE5S_2025_0526_1101,0.0002000000000000668,0.5
KHT-XE5S,2025-07-22 21:50:00,9.2491,9.602,KHT-XE5S_2025_0526_1101,0.0002000000000000668,0.5
KHT-XE5S,2025-07-22 22:00:00,9.2512,9.602,KHT-XE5S_2025_0526_1101,0.0,0.5
KHT-XE5S,2025-07-22 22:10:00,9.2522,9.604,KHT-XE5S_2025_0526_1101,0.00019999999999988915,0.5
KHT-XE5S,2025-07-22 22:20:00,9.2546,9.602,KHT-XE5S_2025_0526_1101,0.00019999999999988915,0.5
KHT-XE5S,2025-07-22 22:30:00,9.2569,9.603,KHT-XE5S_2025_0526_1101,9.999999999994457e-05,0.5
KHT-XE5S,2025-07-22 22:40:00,9.2584,9.603,KHT-XE5S_2025_0526_1101,0.0,0.5
KHT-XE5S,2025-07-22 22:50:00,9.2604,9.604,KHT-XE5S_2025_0526_1101,9.999999999994457e-05,0.5
KHT-XE5S,2025-07-22 23:00:00,9.2613,9.604,KHT-XE5S_2025_0526_1101,0.0,0.5
KHT-XE5S,2025-07-22 23:10:00,9.2642,9.603,KHT-XE5S_2025_0526_1101,9.999999999994457e-05,0.5
KHT-XE5S,2025-07-22 23:20:00,9.2663,9.605,KHT-XE5S_2025_0526_1101,0.0002000000000000668,0.5
KHT-XE5S,2025-07-22 23:30:00,9.2675,9.607,KHT-XE5S_2025_0526_1101,0.00019999999999988915,0.5
KHT-XE5S,2025-07-22 23:40:00,9.2692,9.603,KHT-XE5S_2025_0526_1101,0.00039999999999995595,0.5
KHT-XE5S,2025-07-22 23:50:00,9.2708,9.606,KHT-XE5S_2025_0526_1101,0.00030000000000001136,0.5
KHT-XE5S,2025-07-23 00:00:00,9.2728,9.605,KHT-XE5S_2025_0526_1101,9.999999999994457e-05,0.5
KHT-XE5S,2025-07-23 00:10:00,9.2744,9.607,KHT-XE5S_2025_0526_1101,0.00019999999999988915,0.5
KHT-XE5S,2025-07-23 00:20:00,9.2764,9.607,KHT-XE5S_2025_0526_1101,0.0,0.5
KHT-XE5S,2025-07-23 00:30:00,9.2776,9.608,KHT-XE5S_2025_0526_1101,0.00010000000000012221,0.5
KHT-XE5S,2025-07-23 00:40:00,9.2786,9.607,KHT-XE5S_2025_0526_1101,0.00010000000000012221,0.5
KHT-XE5S,2025-07-23 00:50:00,9.2796,9.608,KHT-XE5S_2025_0526_1101,0.00010000000000012221,0.5
KHT-XE5S,2025-07-23 01:00:00,9.2802,9.608,KHT-XE5S_2025_0526_1101,0.0,0.5
KHT-XE5S,2025-07-23 01:10:00,9.281,9.609,KHT-XE5S_2025_0526_1101,9.999999999994457e-05,0.5
KHT-XE5S,2025-07-23 01:20:00,9.2815,9.61,KHT-XE5S_2025_0526_1101,9.999999999994457e-05,0.5
KHT-XE5S,2025-07-23 01:30:00,9.2826,9.609,KHT-XE5S_2025_0526_1101,9.999999999994457e-05,0.5
KHT-XE5S,2025-07-23 01:40:00,9.2839,9.61,KHT-XE5S_2025_0526_1101,9.999999999994457e-05,0.5
KHT-XE5S,2025-07-23 01:50:00,9.285,9.611,KHT-XE5S_2025_0526_1101,0.00010000000000012221,0.5
KHT-XE5S,2025-07-23 02:00:00,9.286,9.612,KHT-XE5S_2025_0526_1101,9.999999999994457e-05,0.5
KHT-XE5S,2025-07-23 02:10:00,9.2865,9.61,KHT-XE5S_2025_0526_1101,0.0002000000000000668,0.5
KHT-XE5S,2025-07-23 02:20:00,9.2867,9.61,KHT-XE5S_2025_0526_1101,0.0,0.5
KHT-XE5S,2025-07-23 02:30:00,9.2871,9.612,KHT-XE5S_2025_0526_1101,0.0002000000000000668,0.5
KHT-XE5S,2025-07-23 02:40:00,9.2883,9.611,KHT-XE5S_2025_0526_1101,9.999999999994457e-05,0.5
KHT-XE5S,2025-07-23 02:50:00,9.2885,9.611,KHT-XE5S_2025_0526_1101,0.0,0.5
KHT-XE5S,2025-07-23 03:00:00,9.2888,9.61,KHT-XE5S_2025_0526_1101,0.00010000000000012221,0.5
KHT-XE5S,2025-07-23 03:10:00,9.2891,9.612,KHT-XE5S_2025_0526_1101,0.0002000000000000668,0.5
KHT-XE5S,2025-07-23 03:20:00,9.2903,9.611,KHT-XE5S_2025_0526_1101,9.999999999994457e-05,0.5
KHT-XE5S,2025-07-23 03:30:00,9.2911,9.612,KHT-XE5S_2025_0526_1101,9.999999999994457e-05,0.5
KHT-XE5S,2025-07-23 03:40:00,9.2919,9.614,KHT-XE5S_2025_0526_1101,0.0002000000000000668,0.5
KHT-XE5S,2025-07-23 03:50:00,9.2926,9.613,KHT-XE5S_2025_0526_1101,0.00010000000000012221,0.5
KHT-XE5S,2025-07-23 04:00:00,9.2932,9.612,KHT-XE5S_2025_0526_1101,9.999999999994457e-05,0.5
KHT-XE5S,2025-07-23 04:10:00,9.2941,9.615,KHT-XE5S_2025_0526_1101,0.00030000000000001136,0.5
KHT-XE5S,2025-07-23 04:20:00,9.2947,9.613,KHT-XE5S_2025_0526_1101,0.0002000000000000668,0.5
KHT-XE5S,2025-07-23 04:30:00,9.2952,9.613,KHT-XE5S_2025_0526_1101,0.0,0.5
KHT-XE5S,2025-07-23 04:40:00,9.2969,9.614,KHT-XE5S_2025_0526_1101,0.00010000000000012221,0.5
KHT-XE5S,2025-07-23 04:50:00,9.2982,9.615,KHT-XE5S_2025_0526_1101,9.999999999994457e-05,0.5
KHT-XE5S,2025-07-23 05:00:00,9.2991,9.615,KHT-XE5S_2025_0526_1101,0.0,0.5
KHT-XE5S,2025-07-23 05:10:00,9.2993,9.615,KHT-XE5S_2025_0526_1101,0.0,0.5
KHT-XE5S,2025-07-23 05:20:00,9.2994,9.614,KHT-XE5S_2025_0526_1101,9.999999999994457e-05,0.5
KHT-XE5S,2025-07-23 05:30:00,9.3006,9.616,KHT-XE5S_2025_0526_1101,0.00019999999999988915,0.5
KHT-XE5S,2025-07-23 05:40:00,9.3015,9.617,KHT-XE5S_2025_0526_1101,0.00010000000000012221,0.5
KHT-XE5S,2025-07-23 05:50:00,9.3019,9.615,KHT-XE5S_2025_0526_1101,0.0002000000000000668,0.5
KHT-XE5S,2025-07-23 06:00:00,9.3032,9.616,KHT-XE5S_2025_0526_1101,9.999999999994457e-05,0.5
KHT-XE5S,2025-07-23 06:10:00,9.3038,9.617,KHT-XE5S_2025_0526_1101,0.00010000000000012221,0.5
KHT-XE5S,2025-07-23 06:20:00,9.3043,9.617,KHT-XE5S_2025_0526_1101,0.0,0.5
KHT-XE5S,2025-07-23 06:30:00,9.3055,9.618,KHT-XE5S_2025_0526_1101,9.999999999994457e-05,0.5
KHT-XE5S,2025-07-23 06:40:00,9.307,9.619,KHT-XE5S_2025_0526_1101,9.999999999994457e-05,0.5
KHT-XE5S,2025-07-23 06:50:00,9.3084,9.618,KHT-XE5S_2025_0526_1101,9.999999999994457e-05,0.5
KHT-XE5S,2025-07-23 07:00:00,9.31,9.618,KHT-XE5S_2025_0526_1101,0.0,0.5
KHT-XE5S,2025-07-23 07:10:00,9.311,9.618,KHT-XE5S_2025_0526_1101,0.0,0.5
KHT-XE5S,2025-07-23 07:20:00,9.3116,9.618,KHT-XE5S_2025_0526_1101,0.0,0.5
KHT-XE5S,2025-07-23 07:30:00,9.3124,9.619,KHT-XE5S_2025_0526_1101,9.999999999994457e-05,0.5
KHT-XE5S,2025-07-23 07:40:00,9.3131,9.62,KHT-XE5S_2025_0526_1101,9.999999999994457e-05,0.5
KHT-XE5S,2025-07-23 07:50:00,9.3138,9.619,KHT-XE5S_2025_0526_1101,9.999999999994457e-05,0.5
KHT-XE5S,2025-07-23 08:00:00,9.3142,9.62,KHT-XE5S_2025_0526_1101,9.999999999994457e-05,0.5
KHT-XE5S,2025-07-23 08:10:00,9.3145,9.622,KHT-XE5S_2025_0526_1101,0.0002000000000000668,0.5
KHT-XE5S,2025-07-23 08:20:00,9.3143,9.619,KHT-XE5S_2025_0526_1101,0.00030000000000001136,0.5
KHT-XE5S,2025-07-23 08:30:00,9.3138,9.618,KHT-XE5S_2025_0526_1101,9.999999999994457e-05,0.5
KHT-XE5S,2025-07-23 08:40:00,9.3128,9.621,KHT-XE5S_2025_0526_1101,0.00030000000000001136,0.5
KHT-XE5S,2025-07-23 08:50:00,9.3119,9.622,KHT-XE5S_2025_0526_1101,9.999999999994457e-05,0.5
KHT-XE5S,2025-07-23 09:00:00,9.3097,9.623,KHT-XE5S_2025_0526_1101,9.999999999994457e-05,0.5
KHT-XE5S,2025-07-23 09:10:00,9.3079,9.624,KHT-XE5S_2025_0526_1101,0.00010000000000012221,0.5
KHT-XE5S,2025-07-23 09:20:00,9.3059,9.625,KHT-XE5S_2025_0526_1101,9.999999999994457e-05,0.5
KHT-XE5S,2025-07-23 09:30:00,9.3035,9.622,KHT-XE5S_2025_0526_1101,0.00030000000000001136,0.5
KHT-XE5S,2025-07-23 09:40:00,9.3012,9.626,KHT-XE5S_2025_0526_1101,0.00039999999999995595,0.5
KHT-XE5S,2025-07-23 09:50:00,9.2986,9.624,KHT-XE5S_2025_0526_1101,0.00019999999999988915,0.5
KHT-XE5S,2025-07-23 10:00:00,9.2964,9.624,KHT-XE5S_2025_0526_1101,0.0,0.5
KHT-XE5S,2025-07-23 10:10:00,9.294,9.625,KHT-XE5S_2025_0526_1101,9.999999999994457e-05,0.5
KHT-XE5S,2025-07-23 10:20:00,9.2904,9.626,KHT-XE5S_2025_0526_1101,9.999999999994457e-05,0.5
KHT-XE5S,2025-07-23 10:30:00,9.2874,9.626,KHT-XE5S_2025_0526_1101,0.0,0.5
KHT-XE5S,2025-07-23 10:40:00,9.2844,9.627,KHT-XE5S_2025_0526_1101,0.00010000000000012221,0.5
KHT-XE5S,2025-07-23 10:50:00,9.2815,9.627,KHT-XE5S_2025_0526_1101,0.0,0.5
KHT-XE5S,2025-07-23 11:00:00,9.2781,9.629,KHT-XE5S_2025_0526_1101,0.00019999999999988915,0.5
KHT-XE5S,2025-07-23 11:10:00,9.2745,9.627,KHT-XE5S_2025_0526_1101,0.00019999999999988915,0.5
KHT-XE5S,2025-07-23 11:20:00,9.2708,9.627,KHT-XE5S_2025_0526_1101,0.0,0.5
KHT-XE5S,2025-07-23 11:30:00,9.2682,9.629,KHT-XE5S_2025_0526_1101,0.00019999999999988915,0.5
KHT-XE5S,2025-07-23 11:40:00,9.2643,9.628,KHT-XE5S_2025_0526_1101,9.999999999994457e-05,0.5
KHT-XE5S,2025-07-23 11:50:00,9.261,9.63,KHT-XE5S_2025_0526_1101,0.0002000000000000668,0.5
KHT-XE5S,2025-07-23 12:00:00,9.2574,9.628,KHT-XE5S_2025_0526_1101,0.0002000000000000668,0.5
KHT-XE5S,2025-07-23 12:10:00,9.2546,9.63,KHT-XE5S_2025_0526_1101,0.0002000000000000668,0.5
KHT-XE5S,2025-07-23 12:20:00,9.2508,9.63,KHT-XE5S_2025_0526_1101,0.0,0.5
KHT-XE5S,2025-07-23 12:30:00,9.2468,9.63,KHT-XE5S_2025_0526_1101,0.0,0.5
KHT-XE5S,2025-07-23 12:40:00,9.2437,9.632,KHT-XE5S_2025_0526_1101,0.00019999999999988915,0.5
KHT-XE5S,2025-07-23 12:50:00,9.2401,9.629,KHT-XE5S_2025_0526_1101,0.00030000000000001136,0.5
KHT-XE5S,2025-07-23 13:00:00,9.2368,9.63,KHT-XE5S_2025_0526_1101,0.00010000000000012221,0.5
KHT-XE5S,2025-07-23 13:10:00,9.2335,9.63,KHT-XE5S_2025_0526_1101,0.0,0.5
KHT-XE5S,2025-07-23 13:20:00,9.2306,9.63,KHT-XE5S_2025_0526_1101,0.0,0.5
KHT-XE5S,2025-07-23 13:30:00,9.2278,9.631,KHT-XE5S_2025_0526_1101,9.999999999994457e-05,0.5
KHT-XE5S,2025-07-23 13:40:00,9.2246,9.631,KHT-XE5S_2025_0526_1101,0.0,0.5
KHT-XE5S,2025-07-23 13:50:00,9.2227,9.631,KHT-XE5S_2025_0526_1101,0.0,0.5
KHT-XE5S,2025-07-23 14:00:00,9.2209,9.631,KHT-XE5S_2025_0526_1101,0.0,0.5
KHT-XE5S,2025-07-23 14:10:00,9.2197,9.632,KHT-XE5S_2025_0526_1101,9.999999999994457e-05,0.5
KHT-XE5S,2025-07-23 14:20:00,9.2172,9.632,KHT-XE5S_2025_0526_1101,0.0,0.5
KHT-XE5S,2025-07-23 14:30:00,9.2146,9.633,KHT-XE5S_2025_0526_1101,9.999999999994457e-05,0.5
KHT-XE5S,2025-07-23 14:40:00,9.212,9.631,KHT-XE5S_2025_0526_1101,0.00019999999999988915,0.5
KHT-XE5S,2025-07-23 14:50:00,9.2095,9.634,KHT-XE5S_2025_0526_1101,0.00030000000000001136,0.5
KHT-XE5S,2025-07-23 15:00:00,9.2079,9.632,KHT-XE5S_2025_0526_1101,0.0002000000000000668,0.5
KHT-XE5S,2025-07-23 15:10:00,9.2063,9.634,KHT-XE5S_2025_0526_1101,0.0002000000000000668,0.5
KHT-XE5S,2025-07-23 15:20:00,9.2059,9.634,KHT-XE5S_2025_0526_1101,0.0,0.5
KHT-XE5S,2025-07-23 15:30:00,9.2052,9.633,KHT-XE5S_2025_0526_1101,0.00010000000000012221,0.5
KHT-XE5S,2025-07-23 15:40:00,9.2044,9.632,KHT-XE5S_2025_0526_1101,9.999999999994457e-05,0.5
KHT-XE5S,2025-07-23 15:50:00,9.2033,9.633,KHT-XE5S_2025_0526_1101,9.999999999994457e-05,0.5
KHT-XE5S,2025-07-23 16:00:00,9.2033,9.637,KHT-XE5S_2025_0526_1101,0.0004000000000001336,0.5
KHT-XE5S,2025-07-23 16:10:00,9.2017,9.635,KHT-XE5S_2025_0526_1101,0.0002000000000000668,0.5
KHT-XE5S,2025-07-23 16:20:00,9.2004,9.636,KHT-XE5S_2025_0526_1101,9.999999999994457e-05,0.5
KHT-XE5S,2025-07-23 16:30:00,9.1998,9.635,KHT-XE5S_2025_0526_1101,9.999999999994457e-05,0.5
KHT-XE5S,2025-07-23 16:40:00,9.1979,9.636,KHT-XE5S_2025_0526_1101,9.999999999994457e-05,0.5
KHT-XE5S,2025-07-23 16:50:00,9.1965,9.636,KHT-XE5S_2025_0526_1101,0.0,0.5
KHT-XE5S,2025-07-23 17:00:00,9.1951,9.638,KHT-XE5S_2025_0526_1101,0.0002000000000000668,0.5
KHT-XE5S,2025-07-23 17:10:00,9.1959,9.637,KHT-XE5S_2025_0526_1101,9.999999999994457e-05,0.5
KHT-XE5S,2025-07-23 17:20:00,9.1974,9.639,KHT-XE5S_2025_0526_1101,0.00019999999999988915,0.5
KHT-XE5S,2025-07-23 17:30:00,9.1979,9.638,KHT-XE5S_2025_0526_1101,9.999999999994457e-05,0.5
KHT-XE5S,2025-07-23 17:40:00,9.1979,9.639,KHT-XE5S_2025_0526_1101,9.999999999994457e-05,0.5
KHT-XE5S,2025-07-23 17:50:00,9.1974,9.639,KHT-XE5S_2025_0526_1101,0.0,0.5
KHT-XE5S,2025-07-23 18:00:00,9.1972,9.639,KHT-XE5S_2025_0526_1101,0.0,0.5
KHT-XE5S,2025-07-23 18:10:00,9.1984,9.639,KHT-XE5S_2025_0526_1101,0.0,0.5
KHT-XE5S,2025-07-23 18:20:00,9.1997,9.64,KHT-XE5S_2025_0526_1101,0.00010000000000012221,0.5
KHT-XE5S,2025-07-23 18:30:00,9.2012,9.64,KHT-XE5S_2025_0526_1101,0.0,0.5
KHT-XE5S,2025-07-23 18:40:00,9.2027,9.64,KHT-XE5S_2025_0526_1101,0.0,0.5
KHT-XE5S,2025-07-23 18:50:00,9.2053,9.64,KHT-XE5S_2025_0526_1101,0.0,0.5
KHT-XE5S,2025-07-23 19:00:00,9.2078,9.64,KHT-XE5S_2025_0526_1101,0.0,0.5
KHT-XE5S,2025-07-23 19:10:00,9.2107,9.64,KHT-XE5S_2025_0526_1101,0.0,0.5
KHT-XE5S,2025-07-23 19:20:00,9.2131,9.642,KHT-XE5S_2025_0526_1101,0.00019999999999988915,0.5
KHT-XE5S,2025-07-23 19:30:00,9.2164,9.641,KHT-XE5S_2025_0526_1101,9.999999999994457e-05,0.5
KHT-XE5S,2025-07-23 19:40:00,9.2191,9.641,KHT-XE5S_2025_0526_1101,0.0,0.5
KHT-XE5S,2025-07-23 19:50:00,9.2219,9.639,KHT-XE5S_2025_0526_1101,0.0002000000000000668,0.5
KHT-XE5S,2025-07-23 20:00:00,9.2261,9.642,KHT-XE5S_2025_0526_1101,0.00030000000000001136,0.5
KHT-XE5S,2025-07-23 20:10:00,9.23,9.642,KHT-XE5S_2025_0526_1101,0.0,0.5
KHT-XE5S,2025-07-23 20:20:00,9.2344,9.642,KHT-XE5S_2025_0526_1101,0.0,0.5
KHT-XE5S,2025-07-23 20:30:00,9.2378,9.644,KHT-XE5S_2025_0526_1101,0.0002000000000000668,0.5
KHT-XE5S,2025-07-23 20:40:00,9.2422,9.643,KHT-XE5S_2025_0526_1101,9.999999999994457e-05,0.5
KHT-XE5S,2025-07-23 20:50:00,9.2455,9.642,KHT-XE5S_2025_0526_1101,0.00010000000000012221,0.5
KHT-XE5S,2025-07-23 21:00:00,9.249,9.643,KHT-XE5S_2025_0526_1101,0.00010000000000012221,0.5
KHT-XE5S,2025-07-23 21:10:00,9.2515,9.644,KHT-XE5S_2025_0526_1101,9.999999999994457e-05,0.5
KHT-XE5S,2025-07-23 21:20:00,9.254,9.643,KHT-XE5S_2025_0526_1101,9.999999999994457e-05,0.5
KHT-XE5S,2025-07-23 21:30:00,9.2585,9.644,KHT-XE5S_2025_0526_1101,9.999999999994457e-05,0.5
KHT-XE5S,2025-07-23 21:40:00,9.2609,9.645,KHT-XE5S_2025_0526_1101,9.999999999994457e-05,0.5
KHT-XE5S,2025-07-23 21:50:00,9.2641,9.645,KHT-XE5S_2025_0526_1101,0.0,0.5
KHT-XE5S,2025-07-23 22:00:00,9.2676,9.646,KHT-XE5S_2025_0526_1101,0.00010000000000012221,0.5
KHT-XE5S,2025-07-23 22:10:00,9.2697,9.644,KHT-XE5S_2025_0526_1101,0.0002000000000000668,0.5
KHT-XE5S,2025-07-23 22:20:00,9.2722,9.644,KHT-XE5S_2025_0526_1101,0.0,0.5
KHT-XE5S,2025-07-23 22:30:00,9.274,9.646,KHT-XE5S_2025_0526_1101,0.0002000000000000668,0.5
KHT-XE5S,2025-07-23 22:40:00,9.2755,9.645,KHT-XE5S_2025_0526_1101,0.00010000000000012221,0.5
KHT-XE5S,2025-07-23 22:50:00,9.2762,9.647,KHT-XE5S_2025_0526_1101,0.0002000000000000668,0.5
KHT-XE5S,2025-07-23 23:00:00,9.2785,9.646,KHT-XE5S_2025_0526_1101,9.999999999994457e-05,0.5
KHT-XE5S,2025-07-23 23:10:00,9.2803,9.647,KHT-XE5S_2025_0526_1101,9.999999999994457e-05,0.5
KHT-XE5S,2025-07-23 23:20:00,9.283,9.647,KHT-XE5S_2025_0526_1101,0.0,0.5
KHT-XE5S,2025-07-23 23:30:00,9.2846,9.649,KHT-XE5S_2025_0526_1101,0.00019999999999988915,0.5
KHT-XE5S,2025-07-23 23:40:00,9.2862,9.646,KHT-XE5S_2025_0526_1101,0.0002999999999998337,0.5
KHT-XE5S,2025-07-23 23:50:00,9.2872,9.649,KHT-XE5S_2025_0526_1101,0.0002999999999998337,0.5
KHT-XE5S,2025-07-24 00:00:00,9.2896,9.649,KHT-XE5S_2025_0526_1101,0.0,0.5
KHT-XE5S,2025-07-24 00:10:00,9.2908,9.649,KHT-XE5S_2025_0526_1101,0.0,0.5
KHT-XE5S,2025-07-24 00:20:00,9.2924,9.649,KHT-XE5S_2025_0526_1101,0.0,0.5
KHT-XE5S,2025-07-24 00:30:00,9.2939,9.65,KHT-XE5S_2025_0526_1101,0.00010000000000012221,0.5
KHT-XE5S,2025-07-24 00:40:00,9.2953,9.65,KHT-XE5S_2025_0526_1101,0.0,0.5
KHT-XE5S,2025-07-24 00:50:00,9.297,9.651,KHT-XE5S_2025_0526_1101,9.999999999994457e-05,0.5
KHT-XE5S,2025-07-24 01:00:00,9.2987,9.651,KHT-XE5S_2025_0526_1101,0.0,0.5
KHT-XE5S,2025-07-24 01:10:00,9.3002,9.65,KHT-XE5S_2025_0526_1101,9.999999999994457e-05,0.5
KHT-XE5S,2025-07-24 01:20:00,9.3019,9.652,KHT-XE5S_2025_0526_1101,0.00019999999999988915,0.5
KHT-XE5S,2025-07-24 01:30:00,9.3021,9.65,KHT-XE5S_2025_0526_1101,0.00019999999999988915,0.5
KHT-XE5S,2025-07-24 01:40:00,9.3023,9.651,KHT-XE5S_2025_0526_1101,9.999999999994457e-05,0.5
KHT-XE5S,2025-07-24 01:50:00,9.303,9.653,KHT-XE5S_2025_0526_1101,0.0002000000000000668,0.5
KHT-XE5S,2025-07-24 02:00:00,9.3038,9.651,KHT-XE5S_2025_0526_1101,0.0002000000000000668,0.5
KHT-XE5S,2025-07-24 02:10:00,9.305,9.652,KHT-XE5S_2025_0526_1101,9.999999999994457e-05,0.5
KHT-XE5S,2025-07-24 02:20:00,9.3058,9.654,KHT-XE5S_2025_0526_1101,0.0002000000000000668,0.5
KHT-XE5S,2025-07-24 02:30:00,9.3063,9.653,KHT-XE5S_2025_0526_1101,9.999999999994457e-05,0.5
KHT-XE5S,2025-07-24 02:40:00,9.3068,9.654,KHT-XE5S_2025_0526_1101,9.999999999994457e-05,0.5
KHT-XE5S,2025-07-24 02:50:00,9.3081,9.654,KHT-XE5S_2025_0526_1101,0.0,0.5
KHT-XE5S,2025-07-24 03:00:00,9.309,9.653,KHT-XE5S_2025_0526_1101,9.999999999994457e-05,0.5
KHT-XE5S,2025-07-24 03:10:00,9.3095,9.654,KHT-XE5S_2025_0526_1101,9.999999999994457e-05,0.5
KHT-XE5S,2025-07-24 03:20:00,9.3103,9.656,KHT-XE5S_2025_0526_1101,0.0002000000000000668,0.5
KHT-XE5S,2025-07-24 03:30:00,9.3113,9.655,KHT-XE5S_2025_0526_1101,0.00010000000000012221,0.5
KHT-XE5S,2025-07-24 03:40:00,9.3128,9.654,KHT-XE5S_2025_0526_1101,9.999999999994457e-05,0.5
KHT-XE5S,2025-07-24 03:50:00,9.313,9.653,KHT-XE5S_2025_0526_1101,9.999999999994457e-05,0.5
KHT-XE5S,2025-07-24 04:00:00,9.3132,9.655,KHT-XE5S_2025_0526_1101,0.00019999999999988915,0.5
KHT-XE5S,2025-07-24 04:10:00,9.3137,9.656,KHT-XE5S_2025_0526_1101,0.00010000000000012221,0.5
KHT-XE5S,2025-07-24 04:20:00,9.3136,9.656,KHT-XE5S_2025_0526_1101,0.0,0.5
KHT-XE5S,2025-07-24 04:30:00,9.3137,9.656,KHT-XE5S_2025_0526_1101,0.0,0.5
KHT-XE5S,2025-07-24 04:40:00,9.315,9.656,KHT-XE5S_2025_0526_1101,0.0,0.5
KHT-XE5S,2025-07-24 04:50:00,9.3169,9.657,KHT-XE5S_2025_0526_1101,9.999999999994457e-05,0.5
KHT-XE5S,2025-07-24 05:00:00,9.3181,9.658,KHT-XE5S_2025_0526_1101,9.999999999994457e-05,0.5
KHT-XE5S,2025-07-24 05:10:00,9.3183,9.656,KHT-XE5S_2025_0526_1101,0.00019999999999988915,0.5
KHT-XE5S,2025-07-24 05:20:00,9.3186,9.656,KHT-XE5S_2025_0526_1101,0.0,0.5
KHT-XE5S,2025-07-24 05:30:00,9.3191,9.658,KHT-XE5S_2025_0526_1101,0.00019999999999988915,0.5
KHT-XE5S,2025-07-24 05:40:00,9.32,9.658,KHT-XE5S_2025_0526_1101,0.0,0.5
KHT-XE5S,2025-07-24 05:50:00,9.3203,9.659,KHT-XE5S_2025_0526_1101,0.00010000000000012221,0.5
KHT-XE5S,2025-07-24 06:00:00,9.3207,9.66,KHT-XE5S_2025_0526_1101,9.999999999994457e-05,0.5
KHT-XE5S,2025-07-24 06:10:00,9.3224,9.659,KHT-XE5S_2025_0526_1101,9.999999999994457e-05,0.5
KHT-XE5S,2025-07-24 06:20:00,9.3231,9.659,KHT-XE5S_2025_0526_1101,0.0,0.5
KHT-XE5S,2025-07-24 06:30:00,9.323,9.659,KHT-XE5S_2025_0526_1101,0.0,0.5
KHT-XE5S,2025-07-24 06:40:00,9.3232,9.658,KHT-XE5S_2025_0526_1101,0.00010000000000012221,0.5
KHT-XE5S,2025-07-24 06:50:00,9.324,9.659,KHT-XE5S_2025_0526_1101,0.00010000000000012221,0.5
KHT-XE5S,2025-07-24 07:00:00,9.3248,9.661,KHT-XE5S_2025_0526_1101,0.00019999999999988915,0.5
KHT-XE5S,2025-07-24 07:10:00,9.3254,9.659,KHT-XE5S_2025_0526_1101,0.00019999999999988915,0.5
KHT-XE5S,2025-07-24 07:20:00,9.3264,9.661,KHT-XE5S_2025_0526_1101,0.00019999999999988915,0.5
KHT-XE5S,2025-07-24 07:30:00,9.3268,9.661,KHT-XE5S_2025_0526_1101,0.0,0.5
KHT-XE5S,2025-07-24 07:40:00,9.328,9.66,KHT-XE5S_2025_0526_1101,9.999999999994457e-05,0.5
KHT-XE5S,2025-07-24 07:50:00,9.328,9.661,KHT-XE5S_2025_0526_1101,9.999999999994457e-05,0.5
KHT-XE5S,2025-07-24 08:00:00,9.3282,9.662,KHT-XE5S_2025_0526_1101,0.00010000000000012221,0.5
KHT-XE5S,2025-07-24 08:10:00,9.3284,9.664,KHT-XE5S_2025_0526_1101,0.00019999999999988915,0.5
KHT-XE5S,2025-07-24 08:20:00,9.3287,9.662,KHT-XE5S_2025_0526_1101,0.00019999999999988915,0.5
KHT-XE5S,2025-07-24 08:30:00,9.3285,9.663,KHT-XE5S_2025_0526_1101,9.999999999994457e-05,0.5
KHT-XE5S,2025-07-24 08:40:00,9.3288,9.665,KHT-XE5S_2025_0526_1101,0.00019999999999988915,0.5
KHT-XE5S,2025-07-24 08:50:00,9.3274,9.662,KHT-XE5S_2025_0526_1101,0.0002999999999998337,0.5
KHT-XE5S,2025-07-24 09:00:00,9.3263,9.664,KHT-XE5S_2025_0526_1101,0.00019999999999988915,0.5
KHT-XE5S,2025-07-24 09:10:00,9.3249,9.666,KHT-XE5S_2025_0526_1101,0.0002000000000000668,0.5
KHT-XE5S,2025-07-24 09:20:00,9.3227,9.666,KHT-XE5S_2025_0526_1101,0.0,0.5
KHT-XE5S,2025-07-24 09:30:00,9.3209,9.666,KHT-XE5S_2025_0526_1101,0.0,0.5
KHT-XE5S,2025-07-24 09:40:00,9.318,9.666,KHT-XE5S_2025_0526_1101,0.0,0.5
KHT-XE5S,2025-07-24 09:50:00,9.3145,9.668,KHT-XE5S_2025_0526_1101,0.00019999999999988915,0.5
KHT-XE5S,2025-07-24 10:00:00,9.3116,9.668,KHT-XE5S_2025_0526_1101,0.0,0.5
KHT-XE5S,2025-07-24 10:10:00,9.3084,9.667,KHT-XE5S_2025_0526_1101,9.999999999994457e-05,0.5
KHT-XE5S,2025-07-24 10:20:00,9.306,9.667,KHT-XE5S_2025_0526_1101,0.0,0.5
KHT-XE5S,2025-07-24 10:30:00,9.3037,9.668,KHT-XE5S_2025_0526_1101,9.999999999994457e-05,0.5
KHT-XE5S,2025-07-24 10:40:00,9.3002,9.667,KHT-XE5S_2025_0526_1101,9.999999999994457e-05,0.5
KHT-XE5S,2025-07-24 10:50:00,9.2968,9.669,KHT-XE5S_2025_0526_1101,0.0002000000000000668,0.5
KHT-XE5S,2025-07-24 11:00:00,9.2938,9.669,KHT-XE5S_2025_0526_1101,0.0,0.5
KHT-XE5S,2025-07-24 11:10:00,9.2904,9.669,KHT-XE5S_2025_0526_1101,0.0,0.5
KHT-XE5S,2025-07-24 11:20:00,9.2871,9.67,KHT-XE5S_2025_0526_1101,9.999999999994457e-05,0.5
KHT-XE5S,2025-07-24 11:30:00,9.2827,9.671,KHT-XE5S_2025_0526_1101,9.999999999994457e-05,0.5
KHT-XE5S,2025-07-24 11:40:00,9.2787,9.67,KHT-XE5S_2025_0526_1101,9.999999999994457e-05,0.5
KHT-XE5S,2025-07-24 11:50:00,9.2746,9.672,KHT-XE5S_2025_0526_1101,0.0002000000000000668,0.5
KHT-XE5S,2025-07-24 12:00:00,9.2707,9.673,KHT-XE5S_2025_0526_1101,9.999999999994457e-05,0.5
KHT-XE5S,2025-07-24 12:10:00,9.2675,9.672,KHT-XE5S_2025_0526_1101,9.999999999994457e-05,0.5
KHT-XE5S,2025-07-24 12:20:00,9.2633,9.672,KHT-XE5S_2025_0526_1101,0.0,0.5
KHT-XE5S,2025-07-24 12:30:00,9.2597,9.671,KHT-XE5S_2025_0526_1101,0.00010000000000012221,0.5
KHT-XE5S,2025-07-24 12:40:00,9.2564,9.672,KHT-XE5S_2025_0526_1101,0.00010000000000012221,0.5
KHT-XE5S,2025-07-24 12:50:00,9.2524,9.672,KHT-XE5S_2025_0526_1101,0.0,0.5
KHT-XE5S,2025-07-24 13:00:00,9.248,9.673,KHT-XE5S_2025_0526_1101,9.999999999994457e-05,0.5
KHT-XE5S,2025-07-24 13:10:00,9.2446,9.673,KHT-XE5S_2025_0526_1101,0.0,0.5
KHT-XE5S,2025-07-24 13:20:00,9.2405,9.673,KHT-XE5S_2025_0526_1101,0.0,0.5
KHT-XE5S,2025-07-24 13:30:00,9.2378,9.672,KHT-XE5S_2025_0526_1101,9.999999999994457e-05,0.5
KHT-XE5S,2025-07-24 13:40:00,9.2343,9.672,KHT-XE5S_2025_0526_1101,0.0,0.5
KHT-XE5S,2025-07-24 13:50:00,9.2316,9.674,KHT-XE5S_2025_0526_1101,0.00019999999999988915,0.5
KHT-XE5S,2025-07-24 14:00:00,9.2296,9.674,KHT-XE5S_2025_0526_1101,0.0,0.5
KHT-XE5S,2025-07-24 14:10:00,9.2303,9.673,KHT-XE5S_2025_0526_1101,9.999999999994457e-05,0.5
KHT-XE5S,2025-07-24 14:20:00,9.2321,9.672,KHT-XE5S_2025_0526_1101,9.999999999994457e-05,0.5
KHT-XE5S,2025-07-24 14:30:00,9.2326,9.673,KHT-XE5S_2025_0526_1101,9.999999999994457e-05,0.5
KHT-XE5S,2025-07-24 14:40:00,9.2322,9.673,KHT-XE5S_2025_0526_1101,0.0,0.5
KHT-XE5S,2025-07-24 14:50:00,9.2315,9.674,KHT-XE5S_2025_0526_1101,9.999999999994457e-05,0.5
KHT-XE5S,2025-07-24 15:00:00,9.2313,9.675,KHT-XE5S_2025_0526_1101,0.00010000000000012221,0.5
KHT-XE5S,2025-07-24 15:10:00,9.2301,9.673,KHT-XE5S_2025_0526_1101,0.0002000000000000668,0.5
KHT-XE5S,2025-07-24 15:20:00,9.2286,9.674,KHT-XE5S_2025_0526_1101,9.999999999994457e-05,0.5
KHT-XE5S,2025-07-24 15:30:00,9.2271,9.674,KHT-XE5S_2025_0526_1101,0.0,0.5
KHT-XE5S,2025-07-24 15:40:00,9.2253,9.675,KHT-XE5S_2025_0526_1101,0.00010000000000012221,0.5
KHT-XE5S,2025-07-24 15:50:00,9.2233,9.675,KHT-XE5S_2025_0526_1101,0.0,0.5
KHT-XE5S,2025-07-24 16:00:00,9.2196,9.678,KHT-XE5S_2025_0526_1101,0.00030000000000001136,0.5
KHT-XE5S,2025-07-24 16:10:00,9.2167,9.679,KHT-XE5S_2025_0526_1101,9.999999999994457e-05,0.5
KHT-XE5S,2025-07-24 16:20:00,9.2139,9.677,KHT-XE5S_2025_0526_1101,0.0002000000000000668,0.5
KHT-XE5S,2025-07-24 16:30:00,9.2128,9.676,KHT-XE5S_2025_0526_1101,9.999999999994457e-05,0.5
KHT-XE5S,2025-07-24 16:40:00,9.2127,9.677,KHT-XE5S_2025_0526_1101,9.999999999994457e-05,0.5
KHT-XE5S,2025-07-24 16:50:00,9.2122,9.676,KHT-XE5S_2025_0526_1101,9.999999999994457e-05,0.5
KHT-XE5S,2025-07-24 17:00:00,9.2137,9.679,KHT-XE5S_2025_0526_1101,0.00030000000000001136,0.5
KHT-XE5S,2025-07-24 17:10:00,9.2126,9.678,KHT-XE5S_2025_0526_1101,9.999999999994457e-05,0.5
KHT-XE5S,2025-07-24 17:20:00,9.2117,9.678,KHT-XE5S_2025_0526_1101,0.0,0.5
KHT-XE5S,2025-07-24 17:30:00,9.212,9.676,KHT-XE5S_2025_0526_1101,0.0002000000000000668,0.5
KHT-XE5S,2025-07-24 17:40:00,9.2157,9.678,KHT-XE5S_2025_0526_1101,0.0002000000000000668,0.5
KHT-XE5S,2025-07-24 17:50:00,9.2205,9.677,KHT-XE5S_2025_0526_1101,0.00010000000000012221,0.5
KHT-XE5S,2025-07-24 18:00:00,9.2245,9.68,KHT-XE5S_2025_0526_1101,0.00030000000000001136,0.5
KHT-XE5S,2025-07-24 18:10:00,9.2274,9.678,KHT-XE5S_2025_0526_1101,0.00019999999999988915,0.5
KHT-XE5S,2025-07-24 18:20:00,9.2287,9.678,KHT-XE5S_2025_0526_1101,0.0,0.5
KHT-XE5S,2025-07-24 18:30:00,9.2304,9.677,KHT-XE5S_2025_0526_1101,0.00010000000000012221,0.5
KHT-XE5S,2025-07-24 18:40:00,9.2305,9.679,KHT-XE5S_2025_0526_1101,0.0002000000000000668,0.5
KHT-XE5S,2025-07-24 18:50:00,9.2377,9.679,KHT-XE5S_2025_0526_1101,0.0,0.5
KHT-XE5S,2025-07-24 19:00:00,9.2411,9.679,KHT-XE5S_2025_0526_1101,0.0,0.5
KHT-XE5S,2025-07-24 19:10:00,9.2439,9.681,KHT-XE5S_2025_0526_1101,0.00019999999999988915,0.5
KHT-XE5S,2025-07-24 19:20:00,9.2454,9.679,KHT-XE5S_2025_0526_1101,0.00019999999999988915,0.5
KHT-XE5S,2025-07-24 19:30:00,9.2451,9.68,KHT-XE5S_2025_0526_1101,9.999999999994457e-05,0.5
KHT-XE5S,2025-07-24 19:40:00,9.2451,9.68,KHT-XE5S_2025_0526_1101,0.0,0.5
KHT-XE5S,2025-07-24 19:50:00,9.2491,9.679,KHT-XE5S_2025_0526_1101,9.999999999994457e-05,0.5
KHT-XE5S,2025-07-24 20:00:00,9.2511,9.679,KHT-XE5S_2025_0526_1101,0.0,0.5
KHT-XE5S,2025-07-24 20:10:00,9.251,9.68,KHT-XE5S_2025_0526_1101,9.999999999994457e-05,0.5
KHT-XE5S,2025-07-24 20:20:00,9.2559,9.682,KHT-XE5S_2025_0526_1101,0.0002000000000000668,0.5
KHT-XE5S,2025-07-24 20:30:00,9.2582,9.681,KHT-XE5S_2025_0526_1101,0.00010000000000012221,0.5
KHT-XE5S,2025-07-24 20:40:00,9.2589,9.683,KHT-XE5S_2025_0526_1101,0.0002000000000000668,0.5
KHT-XE5S,2025-07-24 20:50:00,9.259,9.683,KHT-XE5S_2025_0526_1101,0.0,0.5
KHT-XE5S,2025-07-24 21:00:00,9.2599,9.682,KHT-XE5S_2025_0526_1101,9.999999999994457e-05,0.5
KHT-XE5S,2025-07-24 21:10:00,9.2631,9.682,KHT-XE5S_2025_0526_1101,0.0,0.5
KHT-XE5S,2025-07-24 21:20:00,9.2671,9.683,KHT-XE5S_2025_0526_1101,9.999999999994457e-05,0.5
KHT-XE5S,2025-07-24 21:30:00,9.2695,9.684,KHT-XE5S_2025_0526_1101,9.999999999994457e-05,0.5
KHT-XE5S,2025-07-24 21:40:00,9.2717,9.682,KHT-XE5S_2025_0526_1101,0.00019999999999988915,0.5
KHT-XE5S,2025-07-24 21:50:00,9.2745,9.684,KHT-XE5S_2025_0526_1101,0.00019999999999988915,0.5
KHT-XE5S,2025-07-24 22:00:00,9.2766,9.686,KHT-XE5S_2025_0526_1101,0.0002000000000000668,0.5
KHT-XE5S,2025-07-24 22:10:00,9.2781,9.685,KHT-XE5S_2025_0526_1101,9.999999999994457e-05,0.5
KHT-XE5S,2025-07-24 22:20:00,9.2793,9.684,KHT-XE5S_2025_0526_1101,0.00010000000000012221,0.5
KHT-XE5S,2025-07-24 22:30:00,9.282,9.685,KHT-XE5S_2025_0526_1101,0.00010000000000012221,0.5
KHT-XE5S,2025-07-24 22:40:00,9.2832,9.687,KHT-XE5S_2025_0526_1101,0.00019999999999988915,0.5
KHT-XE5S,2025-07-24 22:50:00,9.2857,9.684,KHT-XE5S_2025_0526_1101,0.00030000000000001136,0.5
KHT-XE5S,2025-07-24 23:00:00,9.2877,9.686,KHT-XE5S_2025_0526_1101,0.0002000000000000668,0.5
KHT-XE5S,2025-07-24 23:10:00,9.2885,9.688,KHT-XE5S_2025_0526_1101,0.0002000000000000668,0.5
KHT-XE5S,2025-07-24 23:20:00,9.291,9.687,KHT-XE5S_2025_0526_1101,0.00010000000000012221,0.5
KHT-XE5S,2025-07-24 23:30:00,9.2915,9.688,KHT-XE5S_2025_0526_1101,0.00010000000000012221,0.5
KHT-XE5S,2025-07-24 23:40:00,9.2945,9.689,KHT-XE5S_2025_0526_1101,9.999999999994457e-05,0.5
KHT-XE5S,2025-07-24 23:50:00,9.2969,9.687,KHT-XE5S_2025_0526_1101,0.0002000000000000668,0.5
KHT-XE5S,2025-07-25 00:00:00,9.298,9.686,KHT-XE5S_2025_0526_1101,9.999999999994457e-05,0.5
KHT-XE5S,2025-07-25 00:10:00,9.2988,9.688,KHT-XE5S_2025_0526_1101,0.0002000000000000668,0.5
KHT-XE5S,2025-07-25 00:20:00,9.3013,9.686,KHT-XE5S_2025_0526_1101,0.0002000000000000668,0.5
KHT-XE5S,2025-07-25 00:30:00,9.3019,9.686,KHT-XE5S_2025_0526_1101,0.0,0.5
KHT-XE5S,2025-07-25 00:40:00,9.3031,9.689,KHT-XE5S_2025_0526_1101,0.00030000000000001136,0.5
KHT-XE5S,2025-07-25 00:50:00,9.3047,9.69,KHT-XE5S_2025_0526_1101,9.999999999994457e-05,0.5
KHT-XE5S,2025-07-25 01:00:00,9.3058,9.689,KHT-XE5S_2025_0526_1101,9.999999999994457e-05,0.5
KHT-XE5S,2025-07-25 01:10:00,9.306,9.688,KHT-XE5S_2025_0526_1101,9.999999999994457e-05,0.5
KHT-XE5S,2025-07-25 01:20:00,9.3051,9.691,KHT-XE5S_2025_0526_1101,0.00030000000000001136,0.5
KHT-XE5S,2025-07-25 01:30:00,9.3051,9.69,KHT-XE5S_2025_0526_1101,0.00010000000000012221,0.5
KHT-XE5S,2025-07-25 01:40:00,9.3051,9.692,KHT-XE5S_2025_0526_1101,0.0002000000000000668,0.5
KHT-XE5S,2025-07-25 01:50:00,9.3041,9.689,KHT-XE5S_2025_0526_1101,0.00030000000000001136,0.5
KHT-XE5S,2025-07-25 02:00:00,9.3044,9.691,KHT-XE5S_2025_0526_1101,0.0002000000000000668,0.5
KHT-XE5S,2025-07-25 02:10:00,9.304,9.689,KHT-XE5S_2025_0526_1101,0.0002000000000000668,0.5
KHT-XE5S,2025-07-25 02:20:00,9.304,9.691,KHT-XE5S_2025_0526_1101,0.0002000000000000668,0.5
KHT-XE5S,2025-07-25 02:30:00,9.3046,9.691,KHT-XE5S_2025_0526_1101,0.0,0.5
KHT-XE5S,2025-07-25 02:40:00,9.3048,9.692,KHT-XE5S_2025_0526_1101,9.999999999994457e-05,0.5
KHT-XE5S,2025-07-25 02:50:00,9.3053,9.691,KHT-XE5S_2025_0526_1101,9.999999999994457e-05,0.5
KHT-XE5S,2025-07-25 03:00:00,9.3048,9.692,KHT-XE5S_2025_0526_1101,9.999999999994457e-05,0.5
KHT-XE5S,2025-07-25 03:10:00,9.3044,9.692,KHT-XE5S_2025_0526_1101,0.0,0.5
KHT-XE5S,2025-07-25 03:20:00,9.3043,9.692,KHT-XE5S_2025_0526_1101,0.0,0.5
KHT-XE5S,2025-07-25 03:30:00,9.3042,9.691,KHT-XE5S_2025_0526_1101,9.999999999994457e-05,0.5
KHT-XE5S,2025-07-25 03:40:00,9.3045,9.693,KHT-XE5S_2025_0526_1101,0.00019999999999988915,0.5
KHT-XE5S,2025-07-25 03:50:00,9.305,9.694,KHT-XE5S_2025_0526_1101,0.00010000000000012221,0.5
KHT-XE5S,2025-07-25 04:00:00,9.305,9.693,KHT-XE5S_2025_0526_1101,0.00010000000000012221,0.5
KHT-XE5S,2025-07-25 04:10:00,9.3052,9.694,KHT-XE5S_2025_0526_1101,0.00010000000000012221,0.5
KHT-XE5S,2025-07-25 04:20:00,9.3049,9.693,KHT-XE5S_2025_0526_1101,0.00010000000000012221,0.5
KHT-XE5S,2025-07-25 04:30:00,9.3056,9.695,KHT-XE5S_2025_0526_1101,0.0002000000000000668,0.5
KHT-XE5S,2025-07-25 04:40:00,9.3056,9.695,KHT-XE5S_2025_0526_1101,0.0,0.5
KHT-XE5S,2025-07-25 04:50:00,9.3048,9.695,KHT-XE5S_2025_0526_1101,0.0,0.5
KHT-XE5S,2025-07-25 05:00:00,9.3063,9.695,KHT-XE5S_2025_0526_1101,0.0,0.5
KHT-XE5S,2025-07-25 05:10:00,9.3064,9.696,KHT-XE5S_2025_0526_1101,9.999999999994457e-05,0.5
KHT-XE5S,2025-07-25 05:20:00,9.3066,9.694,KHT-XE5S_2025_0526_1101,0.00019999999999988915,0.5
KHT-XE5S,2025-07-25 05:30:00,9.3073,9.694,KHT-XE5S_2025_0526_1101,0.0,0.5
KHT-XE5S,2025-07-25 05:40:00,9.3076,9.697,KHT-XE5S_2025_0526_1101,0.0002999999999998337,0.5
KHT-XE5S,2025-07-25 05:50:00,9.3073,9.696,KHT-XE5S_2025_0526_1101,9.999999999994457e-05,0.5
KHT-XE5S,2025-07-25 06:00:00,9.3075,9.695,KHT-XE5S_2025_0526_1101,9.999999999994457e-05,0.5
KHT-XE5S,2025-07-25 06:10:00,9.3092,9.697,KHT-XE5S_2025_0526_1101,0.00019999999999988915,0.5
KHT-XE5S,2025-07-25 06:20:00,9.3088,9.696,KHT-XE5S_2025_0526_1101,9.999999999994457e-05,0.5
KHT-XE5S,2025-07-25 06:30:00,9.3084,9.697,KHT-XE5S_2025_0526_1101,9.999999999994457e-05,0.5
KHT-XE5S,2025-07-25 06:40:00,9.3087,9.699,KHT-XE5S_2025_0526_1101,0.0002000000000000668,0.5
KHT-XE5S,2025-07-25 06:50:00,9.3095,9.698,KHT-XE5S_2025_0526_1101,9.999999999994457e-05,0.5
KHT-XE5S,2025-07-25 07:00:00,9.3098,9.699,KHT-XE5S_2025_0526_1101,9.999999999994457e-05,0.5
KHT-XE5S,2025-07-25 07:10:00,9.3097,9.698,KHT-XE5S_2025_0526_1101,9.999999999994457e-05,0.5
KHT-XE5S,2025-07-25 07:20:00,9.3098,9.698,KHT-XE5S_2025_0526_1101,0.0,0.5
KHT-XE5S,2025-07-25 07:30:00,9.3099,9.697,KHT-XE5S_2025_0526_1101,0.00010000000000012221,0.5
KHT-XE5S,2025-07-25 07:40:00,9.3099,9.697,KHT-XE5S_2025_0526_1101,0.0,0.5
KHT-XE5S,2025-07-25 07:50:00,9.31,9.699,KHT-XE5S_2025_0526_1101,0.0002000000000000668,0.5
KHT-XE5S,2025-07-25 08:00:00,9.3104,9.698,KHT-XE5S_2025_0526_1101,9.999999999994457e-05,0.5
KHT-XE5S,2025-07-25 08:10:00,9.3106,9.699,KHT-XE5S_2025_0526_1101,9.999999999994457e-05,0.5
KHT-XE5S,2025-07-25 08:20:00,9.3109,9.701,KHT-XE5S_2025_0526_1101,0.0002000000000000668,0.5
KHT-XE5S,2025-07-25 08:30:00,9.3098,9.701,KHT-XE5S_2025_0526_1101,0.0,0.5
KHT-XE5S,2025-07-25 08:40:00,9.3081,9.7,KHT-XE5S_2025_0526_1101,0.00010000000000012221,0.5
KHT-XE5S,2025-07-25 08:50:00,9.3069,9.702,KHT-XE5S_2025_0526_1101,0.0002000000000000668,0.5
KHT-XE5S,2025-07-25 09:00:00,9.3048,9.701,KHT-XE5S_2025_0526_1101,9.999999999994457e-05,0.5
KHT-XE5S,2025-07-25 09:10:00,9.3026,9.702,KHT-XE5S_2025_0526_1101,9.999999999994457e-05,0.5
KHT-XE5S,2025-07-25 09:20:00,9.3,9.702,KHT-XE5S_2025_0526_1101,0.0,0.5
KHT-XE5S,2025-07-25 09:30:00,9.2976,9.703,KHT-XE5S_2025_0526_1101,9.999999999994457e-05,0.5
KHT-XE5S,2025-07-25 09:40:00,9.295,9.704,KHT-XE5S_2025_0526_1101,0.00010000000000012221,0.5
KHT-XE5S,2025-07-25 09:50:00,9.2926,9.704,KHT-XE5S_2025_0526_1101,0.0,0.5
KHT-XE5S,2025-07-25 10:00:00,9.2902,9.706,KHT-XE5S_2025_0526_1101,0.00019999999999988915,0.5
KHT-XE5S,2025-07-25 10:10:00,9.2874,9.707,KHT-XE5S_2025_0526_1101,0.00010000000000012221,0.5
KHT-XE5S,2025-07-25 10:20:00,9.284,9.704,KHT-XE5S_2025_0526_1101,0.00030000000000001136,0.5
KHT-XE5S,2025-07-25 10:30:00,9.281,9.704,KHT-XE5S_2025_0526_1101,0.0,0.5
KHT-XE5S,2025-07-25 10:40:00,9.2775,9.705,KHT-XE5S_2025_0526_1101,9.999999999994457e-05,0.5
KHT-XE5S,2025-07-25 10:50:00,9.2749,9.706,KHT-XE5S_2025_0526_1101,9.999999999994457e-05,0.5
KHT-XE5S,2025-07-25 11:00:00,9.2711,9.706,KHT-XE5S_2025_0526_1101,0.0,0.5
KHT-XE5S,2025-07-25 11:10:00,9.268,9.707,KHT-XE5S_2025_0526_1101,0.00010000000000012221,0.5
KHT-XE5S,2025-07-25 11:20:00,9.2637,9.706,KHT-XE5S_2025_0526_1101,0.00010000000000012221,0.5
KHT-XE5S,2025-07-25 11:30:00,9.2592,9.706,KHT-XE5S_2025_0526_1101,0.0,0.5
KHT-XE5S,2025-07-25 11:40:00,9.255,9.706,KHT-XE5S_2025_0526_1101,0.0,0.5
KHT-XE5S,2025-07-25 11:50:00,9.2508,9.707,KHT-XE5S_2025_0526_1101,0.00010000000000012221,0.5
KHT-XE5S,2025-07-25 12:00:00,9.2464,9.709,KHT-XE5S_2025_0526_1101,0.00019999999999988915,0.5
KHT-XE5S,2025-07-25 12:10:00,9.2414,9.709,KHT-XE5S_2025_0526_1101,0.0,0.5
KHT-XE5S,2025-07-25 12:20:00,9.2372,9.709,KHT-XE5S_2025_0526_1101,0.0,0.5
KHT-XE5S,2025-07-25 12:30:00,9.2334,9.707,KHT-XE5S_2025_0526_1101,0.00019999999999988915,0.5
KHT-XE5S,2025-07-25 12:40:00,9.2288,9.707,KHT-XE5S_2025_0526_1101,0.0,0.5
KHT-XE5S,2025-07-25 12:50:00,9.2253,9.711,KHT-XE5S_2025_0526_1101,0.00039999999999995595,0.5
KHT-XE5S,2025-07-25 13:00:00,9.223,9.709,KHT-XE5S_2025_0526_1101,0.0002000000000000668,0.5
KHT-XE5S,2025-07-25 13:10:00,9.2229,9.71,KHT-XE5S_2025_0526_1101,0.00010000000000012221,0.5
KHT-XE5S,2025-07-25 13:20:00,9.2222,9.708,KHT-XE5S_2025_0526_1101,0.0002000000000000668,0.5
KHT-XE5S,2025-07-25 13:30:00,9.2224,9.709,KHT-XE5S_2025_0526_1101,9.999999999994457e-05,0.5
KHT-XE5S,2025-07-25 13:40:00,9.222,9.709,KHT-XE5S_2025_0526_1101,0.0,0.5
KHT-XE5S,2025-07-25 13:50:00,9.2254,9.708,KHT-XE5S_2025_0526_1101,9.999999999994457e-05,0.5
KHT-XE5S,2025-07-25 14:00:00,9.2272,9.71,KHT-XE5S_2025_0526_1101,0.0002000000000000668,0.5
KHT-XE5S,2025-07-25 14:10:00,9.228,9.709,KHT-XE5S_2025_0526_1101,0.00010000000000012221,0.5
KHT-XE5S,2025-07-25 14:20:00,9.2279,9.709,KHT-XE5S_2025_0526_1101,0.0,0.5
KHT-XE5S,2025-07-25 14:30:00,9.2283,9.707,KHT-XE5S_2025_0526_1101,0.00019999999999988915,0.5
KHT-XE5S,2025-07-25 14:40:00,9.2294,9.709,KHT-XE5S_2025_0526_1101,0.00019999999999988915,0.5
KHT-XE5S,2025-07-25 14:50:00,9.2284,9.711,KHT-XE5S_2025_0526_1101,0.0002000000000000668,0.5
KHT-XE5S,2025-07-25 15:00:00,9.2256,9.711,KHT-XE5S_2025_0526_1101,0.0,0.5
KHT-XE5S,2025-07-25 15:10:00,9.2236,9.712,KHT-XE5S_2025_0526_1101,9.999999999994457e-05,0.5
KHT-XE5S,2025-07-25 15:20:00,9.2206,9.712,KHT-XE5S_2025_0526_1101,0.0,0.5
KHT-XE5S,2025-07-25 15:30:00,9.2152,9.712,KHT-XE5S_2025_0526_1101,0.0,0.5
KHT-XE5S,2025-07-25 15:40:00,9.2139,9.714,KHT-XE5S_2025_0526_1101,0.0002000000000000668,0.5
KHT-XE5S,2025-07-25 15:50:00,9.2123,9.712,KHT-XE5S_2025_0526_1101,0.0002000000000000668,0.5
KHT-XE5S,2025-07-25 16:00:00,9.2128,9.712,KHT-XE5S_2025_0526_1101,0.0,0.5
KHT-XE5S,2025-07-25 16:10:00,9.2112,9.712,KHT-XE5S_2025_0526_1101,0.0,0.5
KHT-XE5S,2025-07-25 16:20:00,9.2113,9.713,KHT-XE5S_2025_0526_1101,9.999999999994457e-05,0.5
KHT-XE5S,2025-07-25 16:30:00,9.2136,9.71,KHT-XE5S_2025_0526_1101,0.0002999999999998337,0.5
KHT-XE5S,2025-07-25 16:40:00,9.2184,9.711,KHT-XE5S_2025_0526_1101,9.999999999994457e-05,0.5
KHT-XE5S,2025-07-25 16:50:00,9.2198,9.711,KHT-XE5S_2025_0526_1101,0.0,0.5
KHT-XE5S,2025-07-25 17:00:00,9.2248,9.714,KHT-XE5S_2025_0526_1101,0.00030000000000001136,0.5
KHT-XE5S,2025-07-25 17:10:00,9.2308,9.714,KHT-XE5S_2025_0526_1101,0.0,0.5
KHT-XE5S,2025-07-25 17:20:00,9.236,9.715,KHT-XE5S_2025_0526_1101,9.999999999994457e-05,0.5
KHT-XE5S,2025-07-25 17:30:00,9.2391,9.714,KHT-XE5S_2025_0526_1101,9.999999999994457e-05,0.5
KHT-XE5S,2025-07-25 17:40:00,9.2434,9.714,KHT-XE5S_2025_0526_1101,0.0,0.5
KHT-XE5S,2025-07-25 17:50:00,9.245,9.714,KHT-XE5S_2025_0526_1101,0.0,0.5
KHT-XE5S,2025-07-25 18:00:00,9.2426,9.715,KHT-XE5S_2025_0526_1101,9.999999999994457e-05,0.5
KHT-XE5S,2025-07-25 18:10:00,9.244,9.714,KHT-XE5S_2025_0526_1101,9.999999999994457e-05,0.5
KHT-XE5S,2025-07-25 18:20:00,9.2448,9.712,KHT-XE5S_2025_0526_1101,0.0002000000000000668,0.5
KHT-XE5S,2025-07-25 18:30:00,9.245,9.715,KHT-XE5S_2025_0526_1101,0.00030000000000001136,0.5
KHT-XE5S,2025-07-25 18:40:00,9.2461,9.714,KHT-XE5S_2025_0526_1101,9.999999999994457e-05,0.5
KHT-XE5S,2025-07-25 18:50:00,9.247,9.715,KHT-XE5S_2025_0526_1101,9.999999999994457e-05,0.5
KHT-XE5S,2025-07-25 19:00:00,9.2475,9.715,KHT-XE5S_2025_0526_1101,0.0,0.5
KHT-XE5S,2025-07-25 19:10:00,9.2515,9.716,KHT-XE5S_2025_0526_1101,9.999999999994457e-05,0.5
KHT-XE5S,2025-07-25 19:20:00,9.2505,9.714,KHT-XE5S_2025_0526_1101,0.00019999999999988915,0.5
KHT-XE5S,2025-07-25 19:30:00,9.2518,9.715,KHT-XE5S_2025_0526_1101,9.999999999994457e-05,0.5
KHT-XE5S,2025-07-25 19:40:00,9.2533,9.715,KHT-XE5S_2025_0526_1101,0.0,0.5
KHT-XE5S,2025-07-25 19:50:00,9.2557,9.717,KHT-XE5S_2025_0526_1101,0.0002000000000000668,0.5
KHT-XE5S,2025-07-25 20:00:00,9.2577,9.716,KHT-XE5S_2025_0526_1101,0.00010000000000012221,0.5
KHT-XE5S,2025-07-25 20:10:00,9.2582,9.717,KHT-XE5S_2025_0526_1101,0.00010000000000012221,0.5
KHT-XE5S,2025-07-25 20:20:00,9.2619,9.717,KHT-XE5S_2025_0526_1101,0.0,0.5
KHT-XE5S,2025-07-25 20:30:00,9.2636,9.719,KHT-XE5S_2025_0526_1101,0.00019999999999988915,0.5
KHT-XE5S,2025-07-25 20:40:00,9.2644,9.719,KHT-XE5S_2025_0526_1101,0.0,0.5
KHT-XE5S,2025-07-25 20:50:00,9.2658,9.718,KHT-XE5S_2025_0526_1101,9.999999999994457e-05,0.5
KHT-XE5S,2025-07-25 21:00:00,9.2668,9.718,KHT-XE5S_2025_0526_1101,0.0,0.5
KHT-XE5S,2025-07-25 21:10:00,9.2683,9.719,KHT-XE5S_2025_0526_1101,9.999999999994457e-05,0.5
KHT-XE5S,2025-07-25 21:20:00,9.2697,9.72,KHT-XE5S_2025_0526_1101,0.00010000000000012221,0.5
KHT-XE5S,2025-07-25 21:30:00,9.2702,9.72,KHT-XE5S_2025_0526_1101,0.0,0.5
KHT-XE5S,2025-07-25 21:40:00,9.2723,9.72,KHT-XE5S_2025_0526_1101,0.0,0.5
KHT-XE5S,2025-07-25 21:50:00,9.2744,9.718,KHT-XE5S_2025_0526_1101,0.0002000000000000668,0.5
KHT-XE5S,2025-07-25 22:00:00,9.2769,9.719,KHT-XE5S_2025_0526_1101,9.999999999994457e-05,0.5
KHT-XE5S,2025-07-25 22:10:00,9.2798,9.718,KHT-XE5S_2025_0526_1101,9.999999999994457e-05,0.5
KHT-XE5S,2025-07-25 22:20:00,9.2802,9.719,KHT-XE5S_2025_0526_1101,9.999999999994457e-05,0.5
KHT-XE5S,2025-07-25 22:30:00,9.281,9.719,KHT-XE5S_2025_0526_1101,0.0,0.5
KHT-XE5S,2025-07-25 22:40:00,9.2821,9.72,KHT-XE5S_2025_0526_1101,0.00010000000000012221,0.5
KHT-XE5S,2025-07-25 22:50:00,9.2829,9.721,KHT-XE5S_2025_0526_1101,9.999999999994457e-05,0.5
KHT-XE5S,2025-07-25 23:00:00,9.2846,9.721,KHT-XE5S_2025_0526_1101,0.0,0.5
KHT-XE5S,2025-07-25 23:10:00,9.2864,9.721,KHT-XE5S_2025_0526_1101,0.0,0.5
KHT-XE5S,2025-07-25 23:20:00,9.2878,9.721,KHT-XE5S_2025_0526_1101,0.0,0.5
KHT-XE5S,2025-07-25 23:30:00,9.2888,9.722,KHT-XE5S_2025_0526_1101,9.999999999994457e-05,0.5
KHT-XE5S,2025-07-25 23:40:00,9.2896,9.723,KHT-XE5S_2025_0526_1101,0.00010000000000012221,0.5
KHT-XE5S,2025-07-25 23:50:00,9.2906,9.719,KHT-XE5S_2025_0526_1101,0.0004000000000001336,0.5
KHT-XE5S,2025-07-26 00:00:00,9.291,9.723,KHT-XE5S_2025_0526_1101,0.0004000000000001336,0.5
KHT-XE5S,2025-07-26 00:10:00,9.2917,9.724,KHT-XE5S_2025_0526_1101,9.999999999994457e-05,0.5
KHT-XE5S,2025-07-26 00:20:00,9.2916,9.722,KHT-XE5S_2025_0526_1101,0.0002000000000000668,0.5
KHT-XE5S,2025-07-26 00:30:00,9.2916,9.723,KHT-XE5S_2025_0526_1101,0.00010000000000012221,0.5
KHT-XE5S,2025-07-26 00:40:00,9.2916,9.722,KHT-XE5S_2025_0526_1101,0.00010000000000012221,0.5
KHT-XE5S,2025-07-26 00:50:00,9.2923,9.723,KHT-XE5S_2025_0526_1101,0.00010000000000012221,0.5
KHT-XE5S,2025-07-26 01:00:00,9.2939,9.726,KHT-XE5S_2025_0526_1101,0.00030000000000001136,0.5
KHT-XE5S,2025-07-26 01:10:00,9.294,9.724,KHT-XE5S_2025_0526_1101,0.0002000000000000668,0.5
KHT-XE5S,2025-07-26 01:20:00,9.2937,9.725,KHT-XE5S_2025_0526_1101,9.999999999994457e-05,0.5
KHT-XE5S,2025-07-26 01:30:00,9.2943,9.727,KHT-XE5S_2025_0526_1101,0.0002000000000000668,0.5
KHT-XE5S,2025-07-26 01:40:00,9.295,9.725,KHT-XE5S_2025_0526_1101,0.0002000000000000668,0.5
KHT-XE5S,2025-07-26 01:50:00,9.295,9.725,KHT-XE5S_2025_0526_1101,0.0,0.5
KHT-XE5S,2025-07-26 02:00:00,9.2952,9.726,KHT-XE5S_2025_0526_1101,0.00010000000000012221,0.5
KHT-XE5S,2025-07-26 02:10:00,9.2944,9.726,KHT-XE5S_2025_0526_1101,0.0,0.5
KHT-XE5S,2025-07-26 02:20:00,9.2951,9.726,KHT-XE5S_2025_0526_1101,0.0,0.5
KHT-XE5S,2025-07-26 02:30:00,9.2949,9.726,KHT-XE5S_2025_0526_1101,0.0,0.5
KHT-XE5S,2025-07-26 02:40:00,9.2948,9.726,KHT-XE5S_2025_0526_1101,0.0,0.5
KHT-XE5S,2025-07-26 02:50:00,9.2939,9.726,KHT-XE5S_2025_0526_1101,0.0,0.5
KHT-XE5S,2025-07-26 03:00:00,9.2948,9.727,KHT-XE5S_2025_0526_1101,9.999999999994457e-05,0.5
KHT-XE5S,2025-07-26 03:10:00,9.2948,9.728,KHT-XE5S_2025_0526_1101,9.999999999994457e-05,0.5
KHT-XE5S,2025-07-26 03:20:00,9.2948,9.725,KHT-XE5S_2025_0526_1101,0.00030000000000001136,0.5
KHT-XE5S,2025-07-26 03:30:00,9.2954,9.726,KHT-XE5S_2025_0526_1101,0.00010000000000012221,0.5
KHT-XE5S,2025-07-26 03:40:00,9.2956,9.727,KHT-XE5S_2025_0526_1101,9.999999999994457e-05,0.5
KHT-XE5S,2025-07-26 03:50:00,9.2958,9.728,KHT-XE5S_2025_0526_1101,9.999999999994457e-05,0.5
KHT-XE5S,2025-07-26 04:00:00,9.2965,9.728,KHT-XE5S_2025_0526_1101,0.0,0.5
KHT-XE5S,2025-07-26 04:10:00,9.2965,9.725,KHT-XE5S_2025_0526_1101,0.00030000000000001136,0.5
KHT-XE5S,2025-07-26 04:20:00,9.2967,9.728,KHT-XE5S_2025_0526_1101,0.00030000000000001136,0.5
KHT-XE5S,2025-07-26 04:30:00,9.2974,9.729,KHT-XE5S_2025_0526_1101,9.999999999994457e-05,0.5
KHT-XE5S,2025-07-26 04:40:00,9.2972,9.729,KHT-XE5S_2025_0526_1101,0.0,0.5
KHT-XE5S,2025-07-26 04:50:00,9.2983,9.729,KHT-XE5S_2025_0526_1101,0.0,0.5
KHT-XE5S,2025-07-26 05:00:00,9.2986,9.727,KHT-XE5S_2025_0526_1101,0.00019999999999988915,0.5
KHT-XE5S,2025-07-26 05:10:00,9.2992,9.729,KHT-XE5S_2025_0526_1101,0.00019999999999988915,0.5
KHT-XE5S,2025-07-26 05:20:00,9.3002,9.729,KHT-XE5S_2025_0526_1101,0.0,0.5
KHT-XE5S,2025-07-26 05:30:00,9.3009,9.729,KHT-XE5S_2025_0526_1101,0.0,0.5
KHT-XE5S,2025-07-26 05:40:00,9.3021,9.73,KHT-XE5S_2025_0526_1101,0.00010000000000012221,0.5
KHT-XE5S,2025-07-26 05:50:00,9.303,9.731,KHT-XE5S_2025_0526_1101,9.999999999994457e-05,0.5
KHT-XE5S,2025-07-26 06:00:00,9.3034,9.731,KHT-XE5S_2025_0526_1101,0.0,0.5
KHT-XE5S,2025-07-26 06:10:00,9.3038,9.729,KHT-XE5S_2025_0526_1101,0.0002000000000000668,0.5
KHT-XE5S,2025-07-26 06:20:00,9.3039,9.732,KHT-XE5S_2025_0526_1101,0.00030000000000001136,0.5
KHT-XE5S,2025-07-26 06:30:00,9.3039,9.732,KHT-XE5S_2025_0526_1101,0.0,0.5
KHT-XE5S,2025-07-26 06:40:00,9.3048,9.73,KHT-XE5S_2025_0526_1101,0.00019999999999988915,0.5
KHT-XE5S,2025-07-26 06:50:00,9.3055,9.731,KHT-XE5S_2025_0526_1101,9.999999999994457e-05,0.5
KHT-XE5S,2025-07-26 07:00:00,9.3067,9.732,KHT-XE5S_2025_0526_1101,9.999999999994457e-05,0.5
KHT-XE5S,2025-07-26 07:10:00,9.3071,9.732,KHT-XE5S_2025_0526_1101,0.0,0.5
KHT-XE5S,2025-07-26 07:20:00,9.3075,9.732,KHT-XE5S_2025_0526_1101,0.0,0.5
KHT-XE5S,2025-07-26 07:30:00,9.3086,9.734,KHT-XE5S_2025_0526_1101,0.0002000000000000668,0.5
KHT-XE5S,2025-07-26 07:40:00,9.3091,9.733,KHT-XE5S_2025_0526_1101,9.999999999994457e-05,0.5
KHT-XE5S,2025-07-26 07:50:00,9.3103,9.735,KHT-XE5S_2025_0526_1101,0.00019999999999988915,0.5
KHT-XE5S,2025-07-26 08:00:00,9.3105,9.732,KHT-XE5S_2025_0526_1101,0.00030000000000001136,0.5
KHT-XE5S,2025-07-26 08:10:00,9.3108,9.735,KHT-XE5S_2025_0526_1101,0.00030000000000001136,0.5
KHT-XE5S,2025-07-26 08:20:00,9.3112,9.736,KHT-XE5S_2025_0526_1101,0.00010000000000012221,0.5
KHT-XE5S,2025-07-26 08:30:00,9.3117,9.734,KHT-XE5S_2025_0526_1101,0.0002000000000000668,0.5
KHT-XE5S,2025-07-26 08:40:00,9.3123,9.735,KHT-XE5S_2025_0526_1101,9.999999999994457e-05,0.5
KHT-XE5S,2025-07-26 08:50:00,9.3132,9.733,KHT-XE5S_2025_0526_1101,0.00019999999999988915,0.5
KHT-XE5S,2025-07-26 09:00:00,9.3134,9.735,KHT-XE5S_2025_0526_1101,0.00019999999999988915,0.5
KHT-XE5S,2025-07-26 09:10:00,9.3132,9.736,KHT-XE5S_2025_0526_1101,0.00010000000000012221,0.5
KHT-XE5S,2025-07-26 09:20:00,9.3124,9.737,KHT-XE5S_2025_0526_1101,9.999999999994457e-05,0.5
KHT-XE5S,2025-07-26 09:30:00,9.312,9.737,KHT-XE5S_2025_0526_1101,0.0,0.5
KHT-XE5S,2025-07-26 09:40:00,9.3112,9.736,KHT-XE5S_2025_0526_1101,9.999999999994457e-05,0.5
KHT-XE5S,2025-07-26 09:50:00,9.31,9.738,KHT-XE5S_2025_0526_1101,0.00019999999999988915,0.5
KHT-XE5S,2025-07-26 10:00:00,9.3088,9.737,KHT-XE5S_2025_0526_1101,9.999999999994457e-05,0.5
KHT-XE5S,2025-07-26 10:10:00,9.3079,9.737,KHT-XE5S_2025_0526_1101,0.0,0.5
KHT-XE5S,2025-07-26 10:20:00,9.3067,9.738,KHT-XE5S_2025_0526_1101,9.999999999994457e-05,0.5
KHT-XE5S,2025-07-26 10:30:00,9.305,9.737,KHT-XE5S_2025_0526_1101,9.999999999994457e-05,0.5
KHT-XE5S,2025-07-26 10:40:00,9.3029,9.74,KHT-XE5S_2025_0526_1101,0.00030000000000001136,0.5
KHT-XE5S,2025-07-26 10:50:00,9.3011,9.739,KHT-XE5S_2025_0526_1101,9.999999999994457e-05,0.5
KHT-XE5S,2025-07-26 11:00:00,9.2993,9.739,KHT-XE5S_2025_0526_1101,0.0,0.5
KHT-XE5S,2025-07-26 11:10:00,9.2969,9.739,KHT-XE5S_2025_0526_1101,0.0,0.5
KHT-XE5S,2025-07-26 11:20:00,9.2947,9.742,KHT-XE5S_2025_0526_1101,0.00030000000000001136,0.5
KHT-XE5S,2025-07-26 11:30:00,9.2923,9.74,KHT-XE5S_2025_0526_1101,0.0002000000000000668,0.5
KHT-XE5S,2025-07-26 11:40:00,9.29,9.74,KHT-XE5S_2025_0526_1101,0.0,0.5
KHT-XE5S,2025-07-26 11:50:00,9.2867,9.742,KHT-XE5S_2025_0526_1101,0.0002000000000000668,0.5
KHT-XE5S,2025-07-26 12:00:00,9.2841,9.739,KHT-XE5S_2025_0526_1101,0.00030000000000001136,0.5
KHT-XE5S,2025-07-26 12:10:00,9.2818,9.741,KHT-XE5S_2025_0526_1101,0.00019999999999988915,0.5
KHT-XE5S,2025-07-26 12:20:00,9.2817,9.74,KHT-XE5S_2025_0526_1101,9.999999999994457e-05,0.5
KHT-XE5S,2025-07-26 12:30:00,9.2818,9.741,KHT-XE5S_2025_0526_1101,9.999999999994457e-05,0.5
KHT-XE5S,2025-07-26 12:40:00,9.281,9.742,KHT-XE5S_2025_0526_1101,0.00010000000000012221,0.5
KHT-XE5S,2025-07-26 12:50:00,9.2806,9.742,KHT-XE5S_2025_0526_1101,0.0,0.5
KHT-XE5S,2025-07-26 13:00:00,9.2811,9.742,KHT-XE5S_2025_0526_1101,0.0,0.5
KHT-XE5S,2025-07-26 13:10:00,9.2821,9.742,KHT-XE5S_2025_0526_1101,0.0,0.5
KHT-XE5S,2025-07-26 13:20:00,9.2809,9.742,KHT-XE5S_2025_0526_1101,0.0,0.5
KHT-XE5S,2025-07-26 13:30:00,9.2794,9.742,KHT-XE5S_2025_0526_1101,0.0,0.5
KHT-XE5S,2025-07-26 13:40:00,9.2787,9.741,KHT-XE5S_2025_0526_1101,0.00010000000000012221,0.5
KHT-XE5S,2025-07-26 13:50:00,9.2797,9.744,KHT-XE5S_2025_0526_1101,0.00030000000000001136,0.5
KHT-XE5S,2025-07-26 14:00:00,9.2812,9.742,KHT-XE5S_2025_0526_1101,0.00019999999999988915,0.5
KHT-XE5S,2025-07-26 14:10:00,9.2819,9.742,KHT-XE5S_2025_0526_1101,0.0,0.5
KHT-XE5S,2025-07-26 14:20:00,9.2815,9.744,KHT-XE5S_2025_0526_1101,0.00019999999999988915,0.5
KHT-XE5S,2025-07-26 14:30:00,9.2836,9.743,KHT-XE5S_2025_0526_1101,9.999999999994457e-05,0.5
KHT-XE5S,2025-07-26 14:40:00,9.2847,9.743,KHT-XE5S_2025_0526_1101,0.0,0.5
KHT-XE5S,2025-07-26 14:50:00,9.2845,9.743,KHT-XE5S_2025_0526_1101,0.0,0.5
KHT-XE5S,2025-07-26 15:00:00,9.2858,9.741,KHT-XE5S_2025_0526_1101,0.0002000000000000668,0.5
KHT-XE5S,2025-07-26 15:10:00,9.2849,9.743,KHT-XE5S_2025_0526_1101,0.0002000000000000668,0.5
KHT-XE5S,2025-07-26 15:20:00,9.2863,9.744,KHT-XE5S_2025_0526_1101,9.999999999994457e-05,0.5
KHT-XE5S,2025-07-26 15:30:00,9.2858,9.744,KHT-XE5S_2025_0526_1101,0.0,0.5
KHT-XE5S,2025-07-26 15:40:00,9.2867,9.744,KHT-XE5S_2025_0526_1101,0.0,0.5
KHT-XE5S,2025-07-26 15:50:00,9.288,9.744,KHT-XE5S_2025_0526_1101,0.0,0.5
KHT-XE5S,2025-07-26 16:00:00,9.2886,9.745,KHT-XE5S_2025_0526_1101,9.999999999994457e-05,0.5
KHT-XE5S,2025-07-26 16:10:00,9.29,9.745,KHT-XE5S_2025_0526_1101,0.0,0.5
KHT-XE5S,2025-07-26 16:20:00,9.2906,9.746,KHT-XE5S_2025_0526_1101,0.00010000000000012221,0.5
KHT-XE5S,2025-07-26 16:30:00,9.2921,9.745,KHT-XE5S_2025_0526_1101,0.00010000000000012221,0.5
KHT-XE5S,2025-07-26 16:40:00,9.2913,9.748,KHT-XE5S_2025_0526_1101,0.00030000000000001136,0.5
KHT-XE5S,2025-07-26 16:50:00,9.2903,9.747,KHT-XE5S_2025_0526_1101,9.999999999994457e-05,0.5
KHT-XE5S,2025-07-26 17:00:00,9.2896,9.747,KHT-XE5S_2025_0526_1101,0.0,0.5
KHT-XE5S,2025-07-26 17:10:00,9.2894,9.748,KHT-XE5S_2025_0526_1101,9.999999999994457e-05,0.5
KHT-XE5S,2025-07-26 17:20:00,9.2895,9.749,KHT-XE5S_2025_0526_1101,0.00010000000000012221,0.5
KHT-XE5S,2025-07-26 17:30:00,9.2895,9.749,KHT-XE5S_2025_0526_1101,0.0,0.5
KHT-XE5S,2025-07-26 17:40:00,9.289,9.748,KHT-XE5S_2025_0526_1101,0.00010000000000012221,0.5
KHT-XE5S,2025-07-26 17:50:00,9.2882,9.748,KHT-XE5S_2025_0526_1101,0.0,0.5
KHT-XE5S,2025-07-26 18:00:00,9.2882,9.748,KHT-XE5S_2025_0526_1101,0.0,0.5
KHT-XE5S,2025-07-26 18:10:00,9.2876,9.748,KHT-XE5S_2025_0526_1101,0.0,0.5
KHT-XE5S,2025-07-26 18:20:00,9.2906,9.748,KHT-XE5S_2025_0526_1101,0.0,0.5
KHT-XE5S,2025-07-26 18:30:00,9.2901,9.75,KHT-XE5S_2025_0526_1101,0.0002000000000000668,0.5
KHT-XE5S,2025-07-26 18:40:00,9.2905,9.75,KHT-XE5S_2025_0526_1101,0.0,0.5
KHT-XE5S,2025-07-26 18:50:00,9.2909,9.751,KHT-XE5S_2025_0526_1101,9.999999999994457e-05,0.5
KHT-XE5S,2025-07-26 19:00:00,9.2898,9.749,KHT-XE5S_2025_0526_1101,0.00019999999999988915,0.5
KHT-XE5S,2025-07-26 19:10:00,9.2897,9.749,KHT-XE5S_2025_0526_1101,0.0,0.5
KHT-XE5S,2025-07-26 19:20:00,9.2902,9.749,KHT-XE5S_2025_0526_1101,0.0,0.5
KHT-XE5S,2025-07-26 19:30:00,9.2918,9.749,KHT-XE5S_2025_0526_1101,0.0,0.5
KHT-XE5S,2025-07-26 19:40:00,9.2919,9.752,KHT-XE5S_2025_0526_1101,0.00030000000000001136,0.5
KHT-XE5S,2025-07-26 19:50:00,9.2929,9.749,KHT-XE5S_2025_0526_1101,0.00030000000000001136,0.5
KHT-XE5S,2025-07-26 20:00:00,9.2939,9.752,KHT-XE5S_2025_0526_1101,0.00030000000000001136,0.5
KHT-XE5S,2025-07-26 20:10:00,9.2949,9.75,KHT-XE5S_2025_0526_1101,0.0002000000000000668,0.5
KHT-XE5S,2025-07-26 20:20:00,9.2967,9.751,KHT-XE5S_2025_0526_1101,9.999999999994457e-05,0.5
KHT-XE5S,2025-07-26 20:30:00,9.2993,9.752,KHT-XE5S_2025_0526_1101,0.00010000000000012221,0.5
KHT-XE5S,2025-07-26 20:40:00,9.3003,9.75,KHT-XE5S_2025_0526_1101,0.0002000000000000668,0.5
KHT-XE5S,2025-07-26 20:50:00,9.3017,9.75,KHT-XE5S_2025_0526_1101,0.0,0.5
KHT-XE5S,2025-07-26 21:00:00,9.3034,9.753,KHT-XE5S_2025_0526_1101,0.00030000000000001136,0.5
KHT-XE5S,2025-07-26 21:10:00,9.306,9.752,KHT-XE5S_2025_0526_1101,9.999999999994457e-05,0.5
KHT-XE5S,2025-07-26 21:20:00,9.3084,9.752,KHT-XE5S_2025_0526_1101,0.0,0.5
KHT-XE5S,2025-07-26 21:30:00,9.3102,9.751,KHT-XE5S_2025_0526_1101,0.00010000000000012221,0.5
KHT-XE5S,2025-07-26 21:40:00,9.3109,9.753,KHT-XE5S_2025_0526_1101,0.0002000000000000668,0.5
KHT-XE5S,2025-07-26 21:50:00,9.3122,9.753,KHT-XE5S_2025_0526_1101,0.0,0.5
KHT-XE5S,2025-07-26 22:00:00,9.3125,9.752,KHT-XE5S_2025_0526_1101,9.999999999994457e-05,0.5
KHT-XE5S,2025-07-26 22:10:00,9.3128,9.754,KHT-XE5S_2025_0526_1101,0.00019999999999988915,0.5
KHT-XE5S,2025-07-26 22:20:00,9.313,9.754,KHT-XE5S_2025_0526_1101,0.0,0.5
KHT-XE5S,2025-07-26 22:30:00,9.3129,9.754,KHT-XE5S_2025_0526_1101,0.0,0.5
KHT-XE5S,2025-07-26 22:40:00,9.3134,9.754,KHT-XE5S_2025_0526_1101,0.0,0.5
KHT-XE5S,2025-07-26 22:50:00,9.3129,9.754,KHT-XE5S_2025_0526_1101,0.0,0.5
KHT-XE5S,2025-07-26 23:00:00,9.3132,9.754,KHT-XE5S_2025_0526_1101,0.0,0.5
KHT-XE5S,2025-07-26 23:10:00,9.3136,9.756,KHT-XE5S_2025_0526_1101,0.0002000000000000668,0.5
KHT-XE5S,2025-07-26 23:20:00,9.314,9.754,KHT-XE5S_2025_0526_1101,0.0002000000000000668,0.5
KHT-XE5S,2025-07-26 23:30:00,9.3141,9.755,KHT-XE5S_2025_0526_1101,0.00010000000000012221,0.5
KHT-XE5S,2025-07-26 23:40:00,9.3148,9.756,KHT-XE5S_2025_0526_1101,9.999999999994457e-05,0.5
KHT-XE5S,2025-07-26 23:50:00,9.3152,9.755,KHT-XE5S_2025_0526_1101,9.999999999994457e-05,0.5
KHT-XE5S,2025-07-27 00:00:00,9.3162,9.755,KHT-XE5S_2025_0526_1101,0.0,0.5
KHT-XE5S,2025-07-27 00:10:00,9.3173,9.754,KHT-XE5S_2025_0526_1101,0.00010000000000012221,0.5
KHT-XE5S,2025-07-27 00:20:00,9.3172,9.757,KHT-XE5S_2025_0526_1101,0.00030000000000001136,0.5
KHT-XE5S,2025-07-27 00:30:00,9.3172,9.756,KHT-XE5S_2025_0526_1101,9.999999999994457e-05,0.5
KHT-XE5S,2025-07-27 00:40:00,9.3174,9.755,KHT-XE5S_2025_0526_1101,9.999999999994457e-05,0.5
KHT-XE5S,2025-07-27 00:50:00,9.3178,9.754,KHT-XE5S_2025_0526_1101,0.00010000000000012221,0.5
KHT-XE5S,2025-07-27 01:00:00,9.3189,9.757,KHT-XE5S_2025_0526_1101,0.00030000000000001136,0.5
KHT-XE5S,2025-07-27 01:10:00,9.3192,9.756,KHT-XE5S_2025_0526_1101,9.999999999994457e-05,0.5
KHT-XE5S,2025-07-27 01:20:00,9.3202,9.759,KHT-XE5S_2025_0526_1101,0.00030000000000001136,0.5
KHT-XE5S,2025-07-27 01:30:00,9.3214,9.755,KHT-XE5S_2025_0526_1101,0.00039999999999995595,0.5
KHT-XE5S,2025-07-27 01:40:00,9.3216,9.757,KHT-XE5S_2025_0526_1101,0.00019999999999988915,0.5
KHT-XE5S,2025-07-27 01:50:00,9.3222,9.757,KHT-XE5S_2025_0526_1101,0.0,0.5
KHT-XE5S,2025-07-27 02:00:00,9.3226,9.759,KHT-XE5S_2025_0526_1101,0.0002000000000000668,0.5
KHT-XE5S,2025-07-27 02:10:00,9.3225,9.758,KHT-XE5S_2025_0526_1101,0.00010000000000012221,0.5
KHT-XE5S,2025-07-27 02:20:00,9.322,9.758,KHT-XE5S_2025_0526_1101,0.0,0.5
KHT-XE5S,2025-07-27 02:30:00,9.3222,9.759,KHT-XE5S_2025_0526_1101,0.00010000000000012221,0.5
KHT-XE5S,2025-07-27 02:40:00,9.3224,9.758,KHT-XE5S_2025_0526_1101,0.00010000000000012221,0.5
KHT-XE5S,2025-07-27 02:50:00,9.3226,9.757,KHT-XE5S_2025_0526_1101,9.999999999994457e-05,0.5
KHT-XE5S,2025-07-27 03:00:00,9.3228,9.758,KHT-XE5S_2025_0526_1101,9.999999999994457e-05,0.5
KHT-XE5S,2025-07-27 03:10:00,9.3233,9.757,KHT-XE5S_2025_0526_1101,9.999999999994457e-05,0.5
KHT-XE5S,2025-07-27 03:20:00,9.3239,9.762,KHT-XE5S_2025_0526_1101,0.0005000000000000782,0.5
KHT-XE5S,2025-07-27 03:30:00,9.3247,9.759,KHT-XE5S_2025_0526_1101,0.00030000000000001136,0.5
KHT-XE5S,2025-07-27 03:40:00,9.3258,9.76,KHT-XE5S_2025_0526_1101,9.999999999994457e-05,0.5
KHT-XE5S,2025-07-27 03:50:00,9.3257,9.76,KHT-XE5S_2025_0526_1101,0.0,0.5
KHT-XE5S,2025-07-27 04:00:00,9.3255,9.761,KHT-XE5S_2025_0526_1101,9.999999999994457e-05,0.5
KHT-XE5S,2025-07-27 04:10:00,9.3257,9.76,KHT-XE5S_2025_0526_1101,9.999999999994457e-05,0.5
KHT-XE5S,2025-07-27 04:20:00,9.3266,9.763,KHT-XE5S_2025_0526_1101,0.00030000000000001136,0.5
KHT-XE5S,2025-07-27 04:30:00,9.3269,9.761,KHT-XE5S_2025_0526_1101,0.0002000000000000668,0.5
KHT-XE5S,2025-07-27 04:40:00,9.3278,9.763,KHT-XE5S_2025_0526_1101,0.0002000000000000668,0.5
KHT-XE5S,2025-07-27 04:50:00,9.3283,9.761,KHT-XE5S_2025_0526_1101,0.0002000000000000668,0.5
KHT-XE5S,2025-07-27 05:00:00,9.3286,9.763,KHT-XE5S_2025_0526_1101,0.0002000000000000668,0.5
KHT-XE5S,2025-07-27 05:10:00,9.3283,9.761,KHT-XE5S_2025_0526_1101,0.0002000000000000668,0.5
KHT-XE5S,2025-07-27 05:20:00,9.3272,9.762,KHT-XE5S_2025_0526_1101,0.00010000000000012221,0.5
KHT-XE5S,2025-07-27 05:30:00,9.3275,9.763,KHT-XE5S_2025_0526_1101,9.999999999994457e-05,0.5
KHT-XE5S,2025-07-27 05:40:00,9.3283,9.761,KHT-XE5S_2025_0526_1101,0.0002000000000000668,0.5
KHT-XE5S,2025-07-27 05:50:00,9.3298,9.762,KHT-XE5S_2025_0526_1101,0.00010000000000012221,0.5
KHT-XE5S,2025-07-27 06:00:00,9.3309,9.763,KHT-XE5S_2025_0526_1101,9.999999999994457e-05,0.5
KHT-XE5S,2025-07-27 06:10:00,9.3316,9.762,KHT-XE5S_2025_0526_1101,9.999999999994457e-05,0.5
KHT-XE5S,2025-07-27 06:20:00,9.3313,9.764,KHT-XE5S_2025_0526_1101,0.00019999999999988915,0.5
KHT-XE5S,2025-07-27 06:30:00,9.3312,9.764,KHT-XE5S_2025_0526_1101,0.0,0.5
KHT-XE5S,2025-07-27 06:40:00,9.3315,9.763,KHT-XE5S_2025_0526_1101,9.999999999994457e-05,0.5
KHT-XE5S,2025-07-27 06:50:00,9.332,9.764,KHT-XE5S_2025_0526_1101,9.999999999994457e-05,0.5
KHT-XE5S,2025-07-27 07:00:00,9.3318,9.763,KHT-XE5S_2025_0526_1101,9.999999999994457e-05,0.5
KHT-XE5S,2025-07-27 07:10:00,9.3315,9.763,KHT-XE5S_2025_0526_1101,0.0,0.5
KHT-XE5S,2025-07-27 07:20:00,9.3318,9.764,KHT-XE5S_2025_0526_1101,9.999999999994457e-05,0.5
KHT-XE5S,2025-07-27 07:30:00,9.3325,9.764,KHT-XE5S_2025_0526_1101,0.0,0.5
KHT-XE5S,2025-07-27 07:40:00,9.3332,9.766,KHT-XE5S_2025_0526_1101,0.0002000000000000668,0.5
KHT-XE5S,2025-07-27 07:50:00,9.3336,9.765,KHT-XE5S_2025_0526_1101,9.999999999994457e-05,0.5
KHT-XE5S,2025-07-27 08:00:00,9.3345,9.765,KHT-XE5S_2025_0526_1101,0.0,0.5
KHT-XE5S,2025-07-27 08:10:00,9.3351,9.764,KHT-XE5S_2025_0526_1101,0.00010000000000012221,0.5
KHT-XE5S,2025-07-27 08:20:00,9.335,9.766,KHT-XE5S_2025_0526_1101,0.0002000000000000668,0.5
KHT-XE5S,2025-07-27 08:30:00,9.3349,9.769,KHT-XE5S_2025_0526_1101,0.00030000000000001136,0.5
KHT-XE5S,2025-07-27 08:40:00,9.3346,9.768,KHT-XE5S_2025_0526_1101,9.999999999994457e-05,0.5
KHT-XE5S,2025-07-27 08:50:00,9.334,9.767,KHT-XE5S_2025_0526_1101,0.00010000000000012221,0.5
KHT-XE5S,2025-07-27 09:00:00,9.3334,9.766,KHT-XE5S_2025_0526_1101,9.999999999994457e-05,0.5
KHT-XE5S,2025-07-27 09:10:00,9.332,9.767,KHT-XE5S_2025_0526_1101,9.999999999994457e-05,0.5
KHT-XE5S,2025-07-27 09:20:00,9.3307,9.766,KHT-XE5S_2025_0526_1101,9.999999999994457e-05,0.5
KHT-XE5S,2025-07-27 09:30:00,9.3289,9.767,KHT-XE5S_2025_0526_1101,9.999999999994457e-05,0.5
KHT-XE5S,2025-07-27 09:40:00,9.3268,9.767,KHT-XE5S_2025_0526_1101,0.0,0.5
KHT-XE5S,2025-07-27 09:50:00,9.3252,9.769,KHT-XE5S_2025_0526_1101,0.0002000000000000668,0.5
KHT-XE5S,2025-07-27 10:00:00,9.3232,9.77,KHT-XE5S_2025_0526_1101,9.999999999994457e-05,0.5
KHT-XE5S,2025-07-27 10:10:00,9.3198,9.77,KHT-XE5S_2025_0526_1101,0.0,0.5
KHT-XE5S,2025-07-27 10:20:00,9.318,9.77,KHT-XE5S_2025_0526_1101,0.0,0.5
KHT-XE5S,2025-07-27 10:30:00,9.3165,9.769,KHT-XE5S_2025_0526_1101,9.999999999994457e-05,0.5
KHT-XE5S,2025-07-27 10:40:00,9.3138,9.771,KHT-XE5S_2025_0526_1101,0.0002000000000000668,0.5
KHT-XE5S,2025-07-27 10:50:00,9.3115,9.771,KHT-XE5S_2025_0526_1101,0.0,0.5
KHT-XE5S,2025-07-27 11:00:00,9.3081,9.771,KHT-XE5S_2025_0526_1101,0.0,0.5
KHT-XE5S,2025-07-27 11:10:00,9.3048,9.772,KHT-XE5S_2025_0526_1101,9.999999999994457e-05,0.5
KHT-XE5S,2025-07-27 11:20:00,9.3018,9.771,KHT-XE5S_2025_0526_1101,9.999999999994457e-05,0.5
KHT-XE5S,2025-07-27 11:30:00,9.2982,9.772,KHT-XE5S_2025_0526_1101,9.999999999994457e-05,0.5
KHT-XE5S,2025-07-27 11:40:00,9.295,9.771,KHT-XE5S_2025_0526_1101,9.999999999994457e-05,0.5
KHT-XE5S,2025-07-27 11:50:00,9.2916,9.77,KHT-XE5S_2025_0526_1101,0.00010000000000012221,0.5
KHT-XE5S,2025-07-27 12:00:00,9.288,9.773,KHT-XE5S_2025_0526_1101,0.00030000000000001136,0.5
KHT-XE5S,2025-07-27 12:10:00,9.2849,9.772,KHT-XE5S_2025_0526_1101,9.999999999994457e-05,0.5
KHT-XE5S,2025-07-27 12:20:00,9.281,9.773,KHT-XE5S_2025_0526_1101,9.999999999994457e-05,0.5
KHT-XE5S,2025-07-27 12:30:00,9.2781,9.773,KHT-XE5S_2025_0526_1101,0.0,0.5
KHT-XE5S,2025-07-27 12:40:00,9.2743,9.771,KHT-XE5S_2025_0526_1101,0.00019999999999988915,0.5
KHT-XE5S,2025-07-27 12:50:00,9.2727,9.774,KHT-XE5S_2025_0526_1101,0.0002999999999998337,0.5
KHT-XE5S,2025-07-27 13:00:00,9.2711,9.774,KHT-XE5S_2025_0526_1101,0.0,0.5
KHT-XE5S,2025-07-27 13:10:00,9.2699,9.774,KHT-XE5S_2025_0526_1101,0.0,0.5
KHT-XE5S,2025-07-27 13:20:00,9.2693,9.774,KHT-XE5S_2025_0526_1101,0.0,0.5
KHT-XE5S,2025-07-27 13:30:00,9.268,9.773,KHT-XE5S_2025_0526_1101,9.999999999994457e-05,0.5
KHT-XE5S,2025-07-27 13:40:00,9.2661,9.773,KHT-XE5S_2025_0526_1101,0.0,0.5
KHT-XE5S,2025-07-27 13:50:00,9.2639,9.773,KHT-XE5S_2025_0526_1101,0.0,0.5
KHT-XE5S,2025-07-27 14:00:00,9.2631,9.775,KHT-XE5S_2025_0526_1101,0.0002000000000000668,0.5
KHT-XE5S,2025-07-27 14:10:00,9.2624,9.775,KHT-XE5S_2025_0526_1101,0.0,0.5
KHT-XE5S,2025-07-27 14:20:00,9.2623,9.774,KHT-XE5S_2025_0526_1101,0.00010000000000012221,0.5
KHT-XE5S,2025-07-27 14:30:00,9.2633,9.772,KHT-XE5S_2025_0526_1101,0.00019999999999988915,0.5
KHT-XE5S,2025-07-27 14:40:00,9.2631,9.773,KHT-XE5S_2025_0526_1101,9.999999999994457e-05,0.5
KHT-XE5S,2025-07-27 14:50:00,9.2633,9.774,KHT-XE5S_2025_0526_1101,9.999999999994457e-05,0.5
KHT-XE5S,2025-07-27 15:00:00,9.2611,9.775,KHT-XE5S_2025_0526_1101,0.00010000000000012221,0.5
KHT-XE5S,2025-07-27 15:10:00,9.2578,9.775,KHT-XE5S_2025_0526_1101,0.0,0.5
KHT-XE5S,2025-07-27 15:20:00,9.2562,9.775,KHT-XE5S_2025_0526_1101,0.0,0.5
KHT-XE5S,2025-07-27 15:30:00,9.2546,9.776,KHT-XE5S_2025_0526_1101,9.999999999994457e-05,0.5
KHT-XE5S,2025-07-27 15:40:00,9.2528,9.776,KHT-XE5S_2025_0526_1101,0.0,0.5
KHT-XE5S,2025-07-27 15:50:00,9.2512,9.777,KHT-XE5S_2025_0526_1101,9.999999999994457e-05,0.5
KHT-XE5S,2025-07-27 16:00:00,9.2495,9.776,KHT-XE5S_2025_0526_1101,9.999999999994457e-05,0.5
KHT-XE5S,2025-07-27 16:10:00,9.2472,9.777,KHT-XE5S_2025_0526_1101,9.999999999994457e-05,0.5
KHT-XE5S,2025-07-27 16:20:00,9.2458,9.779,KHT-XE5S_2025_0526_1101,0.0002000000000000668,0.5
KHT-XE5S,2025-07-27 16:30:00,9.2451,9.778,KHT-XE5S_2025_0526_1101,9.999999999994457e-05,0.5
KHT-XE5S,2025-07-27 16:40:00,9.2427,9.779,KHT-XE5S_2025_0526_1101,9.999999999994457e-05,0.5
KHT-XE5S,2025-07-27 16:50:00,9.2405,9.777,KHT-XE5S_2025_0526_1101,0.0002000000000000668,0.5
KHT-XE5S,2025-07-27 17:00:00,9.2392,9.777,KHT-XE5S_2025_0526_1101,0.0,0.5
KHT-XE5S,2025-07-27 17:10:00,9.2376,9.777,KHT-XE5S_2025_0526_1101,0.0,0.5
KHT-XE5S,2025-07-27 17:20:00,9.2374,9.779,KHT-XE5S_2025_0526_1101,0.0002000000000000668,0.5
KHT-XE5S,2025-07-27 17:30:00,9.2368,9.779,KHT-XE5S_2025_0526_1101,0.0,0.5
KHT-XE5S,2025-07-27 17:40:00,9.2356,9.781,KHT-XE5S_2025_0526_1101,0.0002000000000000668,0.5
KHT-XE5S,2025-07-27 17:50:00,9.2363,9.778,KHT-XE5S_2025_0526_1101,0.00030000000000001136,0.5
KHT-XE5S,2025-07-27 18:00:00,9.2361,9.78,KHT-XE5S_2025_0526_1101,0.00019999999999988915,0.5
KHT-XE5S,2025-07-27 18:10:00,9.2373,9.778,KHT-XE5S_2025_0526_1101,0.00019999999999988915,0.5
KHT-XE5S,2025-07-27 18:20:00,9.2385,9.78,KHT-XE5S_2025_0526_1101,0.00019999999999988915,0.5
KHT-XE5S,2025-07-27 18:30:00,9.2395,9.779,KHT-XE5S_2025_0526_1101,9.999999999994457e-05,0.5
KHT-XE5S,2025-07-27 18:40:00,9.2406,9.78,KHT-XE5S_2025_0526_1101,9.999999999994457e-05,0.5
KHT-XE5S,2025-07-27 18:50:00,9.2418,9.78,KHT-XE5S_2025_0526_1101,0.0,0.5
KHT-XE5S,2025-07-27 19:00:00,9.2427,9.778,KHT-XE5S_2025_0526_1101,0.00019999999999988915,0.5
KHT-XE5S,2025-07-27 19:10:00,9.2442,9.779,KHT-XE5S_2025_0526_1101,9.999999999994457e-05,0.5
KHT-XE5S,2025-07-27 19:20:00,9.246,9.782,KHT-XE5S_2025_0526_1101,0.00030000000000001136,0.5
KHT-XE5S,2025-07-27 19:30:00,9.2478,9.78,KHT-XE5S_2025_0526_1101,0.0002000000000000668,0.5
KHT-XE5S,2025-07-27 19:40:00,9.2502,9.781,KHT-XE5S_2025_0526_1101,0.00010000000000012221,0.5
KHT-XE5S,2025-07-27 19:50:00,9.2524,9.78,KHT-XE5S_2025_0526_1101,0.00010000000000012221,0.5
KHT-XE5S,2025-07-27 20:00:00,9.2554,9.78,KHT-XE5S_2025_0526_1101,0.0,0.5
KHT-XE5S,2025-07-27 20:10:00,9.2588,9.78,KHT-XE5S_2025_0526_1101,0.0,0.5
KHT-XE5S,2025-07-27 20:20:00,9.2618,9.781,KHT-XE5S_2025_0526_1101,0.00010000000000012221,0.5
KHT-XE5S,2025-07-27 20:30:00,9.2646,9.782,KHT-XE5S_2025_0526_1101,9.999999999994457e-05,0.5
KHT-XE5S,2025-07-27 20:40:00,9.2678,9.781,KHT-XE5S_2025_0526_1101,9.999999999994457e-05,0.5
KHT-XE5S,2025-07-27 20:50:00,9.2708,9.782,KHT-XE5S_2025_0526_1101,9.999999999994457e-05,0.5
KHT-XE5S,2025-07-27 21:00:00,9.2745,9.781,KHT-XE5S_2025_0526_1101,9.999999999994457e-05,0.5
KHT-XE5S,2025-07-27 21:10:00,9.2773,9.781,KHT-XE5S_2025_0526_1101,0.0,0.5
KHT-XE5S,2025-07-27 21:20:00,9.28,9.783,KHT-XE5S_2025_0526_1101,0.00019999999999988915,0.5
KHT-XE5S,2025-07-27 21:30:00,9.2824,9.783,KHT-XE5S_2025_0526_1101,0.0,0.5
KHT-XE5S,2025-07-27 21:40:00,9.2847,9.784,KHT-XE5S_2025_0526_1101,0.00010000000000012221,0.5
KHT-XE5S,2025-07-27 21:50:00,9.2877,9.783,KHT-XE5S_2025_0526_1101,0.00010000000000012221,0.5
KHT-XE5S,2025-07-27 22:00:00,9.2903,9.784,KHT-XE5S_2025_0526_1101,0.00010000000000012221,0.5
KHT-XE5S,2025-07-27 22:10:00,9.2916,9.784,KHT-XE5S_2025_0526_1101,0.0,0.5
KHT-XE5S,2025-07-27 22:20:00,9.2931,9.782,KHT-XE5S_2025_0526_1101,0.0002000000000000668,0.5
KHT-XE5S,2025-07-27 22:30:00,9.2945,9.783,KHT-XE5S_2025_0526_1101,9.999999999994457e-05,0.5
KHT-XE5S,2025-07-27 22:40:00,9.2952,9.784,KHT-XE5S_2025_0526_1101,0.00010000000000012221,0.5
KHT-XE5S,2025-07-27 22:50:00,9.2968,9.785,KHT-XE5S_2025_0526_1101,9.999999999994457e-05,0.5
KHT-XE5S,2025-07-27 23:00:00,9.2974,9.785,KHT-XE5S_2025_0526_1101,0.0,0.5
KHT-XE5S,2025-07-27 23:10:00,9.299,9.784,KHT-XE5S_2025_0526_1101,9.999999999994457e-05,0.5
KHT-XE5S,2025-07-27 23:20:00,9.3004,9.785,KHT-XE5S_2025_0526_1101,9.999999999994457e-05,0.5
KHT-XE5S,2025-07-27 23:30:00,9.3011,9.784,KHT-XE5S_2025_0526_1101,9.999999999994457e-05,0.5
KHT-XE5S,2025-07-27 23:40:00,9.3031,9.788,KHT-XE5S_2025_0526_1101,0.00039999999999995595,0.5
KHT-XE5S,2025-07-27 23:50:00,9.3053,9.786,KHT-XE5S_2025_0526_1101,0.0002000000000000668,0.5
KHT-XE5S,2025-07-28 00:00:00,9.3064,9.788,KHT-XE5S_2025_0526_1101,0.0002000000000000668,0.5
KHT-XE5S,2025-07-28 00:10:00,9.3071,9.785,KHT-XE5S_2025_0526_1101,0.00030000000000001136,0.5
KHT-XE5S,2025-07-28 00:20:00,9.3081,9.786,KHT-XE5S_2025_0526_1101,9.999999999994457e-05,0.5
KHT-XE5S,2025-07-28 00:30:00,9.3087,9.788,KHT-XE5S_2025_0526_1101,0.0002000000000000668,0.5
KHT-XE5S,2025-07-28 00:40:00,9.3091,9.787,KHT-XE5S_2025_0526_1101,9.999999999994457e-05,0.5
KHT-XE5S,2025-07-28 00:50:00,9.3095,9.786,KHT-XE5S_2025_0526_1101,0.00010000000000012221,0.5
KHT-XE5S,2025-07-28 01:00:00,9.31,9.787,KHT-XE5S_2025_0526_1101,0.00010000000000012221,0.5
KHT-XE5S,2025-07-28 01:10:00,9.3101,9.788,KHT-XE5S_2025_0526_1101,9.999999999994457e-05,0.5
KHT-XE5S,2025-07-28 01:20:00,9.3107,9.789,KHT-XE5S_2025_0526_1101,9.999999999994457e-05,0.5
KHT-XE5S,2025-07-28 01:30:00,9.3111,9.789,KHT-XE5S_2025_0526_1101,0.0,0.5
KHT-XE5S,2025-07-28 01:40:00,9.3112,9.787,KHT-XE5S_2025_0526_1101,0.00019999999999988915,0.5
KHT-XE5S,2025-07-28 01:50:00,9.3124,9.79,KHT-XE5S_2025_0526_1101,0.0002999999999998337,0.5
KHT-XE5S,2025-07-28 02:00:00,9.3133,9.79,KHT-XE5S_2025_0526_1101,0.0,0.5
KHT-XE5S,2025-07-28 02:10:00,9.314,9.789,KHT-XE5S_2025_0526_1101,9.999999999994457e-05,0.5
KHT-XE5S,2025-07-28 02:20:00,9.3146,9.791,KHT-XE5S_2025_0526_1101,0.0002000000000000668,0.5
KHT-XE5S,2025-07-28 02:30:00,9.3153,9.788,KHT-XE5S_2025_0526_1101,0.00030000000000001136,0.5
KHT-XE5S,2025-07-28 02:40:00,9.3159,9.79,KHT-XE5S_2025_0526_1101,0.00019999999999988915,0.5
KHT-XE5S,2025-07-28 02:50:00,9.3164,9.79,KHT-XE5S_2025_0526_1101,0.0,0.5
KHT-XE5S,2025-07-28 03:00:00,9.3171,9.79,KHT-XE5S_2025_0526_1101,0.0,0.5
KHT-XE5S,2025-07-28 03:10:00,9.3174,9.791,KHT-XE5S_2025_0526_1101,0.00010000000000012221,0.5
KHT-XE5S,2025-07-28 03:20:00,9.3186,9.79,KHT-XE5S_2025_0526_1101,0.00010000000000012221,0.5
KHT-XE5S,2025-07-28 03:30:00,9.319,9.792,KHT-XE5S_2025_0526_1101,0.0002000000000000668,0.5
KHT-XE5S,2025-07-28 03:40:00,9.3192,9.79,KHT-XE5S_2025_0526_1101,0.0002000000000000668,0.5
KHT-XE5S,2025-07-28 03:50:00,9.3202,9.791,KHT-XE5S_2025_0526_1101,0.00010000000000012221,0.5
KHT-XE5S,2025-07-28 04:00:00,9.3217,9.793,KHT-XE5S_2025_0526_1101,0.00019999999999988915,0.5
KHT-XE5S,2025-07-28 04:10:00,9.3228,9.792,KHT-XE5S_2025_0526_1101,9.999999999994457e-05,0.5
KHT-XE5S,2025-07-28 04:20:00,9.3237,9.789,KHT-XE5S_2025_0526_1101,0.00030000000000001136,0.5
KHT-XE5S,2025-07-28 04:30:00,9.3243,9.794,KHT-XE5S_2025_0526_1101,0.0005000000000000782,0.5
KHT-XE5S,2025-07-28 04:40:00,9.3252,9.792,KHT-XE5S_2025_0526_1101,0.0002000000000000668,0.5
KHT-XE5S,2025-07-28 04:50:00,9.3258,9.793,KHT-XE5S_2025_0526_1101,9.999999999994457e-05,0.5
KHT-XE5S,2025-07-28 05:00:00,9.3266,9.793,KHT-XE5S_2025_0526_1101,0.0,0.5
KHT-XE5S,2025-07-28 05:10:00,9.3273,9.793,KHT-XE5S_2025_0526_1101,0.0,0.5
KHT-XE5S,2025-07-28 05:20:00,9.3286,9.792,KHT-XE5S_2025_0526_1101,9.999999999994457e-05,0.5
KHT-XE5S,2025-07-28 05:30:00,9.3298,9.793,KHT-XE5S_2025_0526_1101,9.999999999994457e-05,0.5
KHT-XE5S,2025-07-28 05:40:00,9.3306,9.794,KHT-XE5S_2025_0526_1101,0.00010000000000012221,0.5
KHT-XE5S,2025-07-28 05:50:00,9.3318,9.792,KHT-XE5S_2025_0526_1101,0.0002000000000000668,0.5
KHT-XE5S,2025-07-28 06:00:00,9.3325,9.795,KHT-XE5S_2025_0526_1101,0.00030000000000001136,0.5
KHT-XE5S,2025-07-28 06:10:00,9.3337,9.793,KHT-XE5S_2025_0526_1101,0.0002000000000000668,0.5
KHT-XE5S,2025-07-28 06:20:00,9.3345,9.795,KHT-XE5S_2025_0526_1101,0.0002000000000000668,0.5
KHT-XE5S,2025-07-28 06:30:00,9.3354,9.795,KHT-XE5S_2025_0526_1101,0.0,0.5
KHT-XE5S,2025-07-28 06:40:00,9.3358,9.796,KHT-XE5S_2025_0526_1101,9.999999999994457e-05,0.5
KHT-XE5S,2025-07-28 06:50:00,9.3364,9.793,KHT-XE5S_2025_0526_1101,0.00030000000000001136,0.5
KHT-XE5S,2025-07-28 07:00:00,9.3374,9.794,KHT-XE5S_2025_0526_1101,0.00010000000000012221,0.5
KHT-XE5S,2025-07-28 07:10:00,9.3377,9.796,KHT-XE5S_2025_0526_1101,0.00019999999999988915,0.5
KHT-XE5S,2025-07-28 07:20:00,9.3381,9.795,KHT-XE5S_2025_0526_1101,9.999999999994457e-05,0.5
KHT-XE5S,2025-07-28 07:30:00,9.3385,9.795,KHT-XE5S_2025_0526_1101,0.0,0.5
KHT-XE5S,2025-07-28 07:40:00,9.3393,9.795,KHT-XE5S_2025_0526_1101,0.0,0.5
KHT-XE5S,2025-07-28 07:50:00,9.34,9.795,KHT-XE5S_2025_0526_1101,0.0,0.5
KHT-XE5S,2025-07-28 08:00:00,9.3402,9.797,KHT-XE5S_2025_0526_1101,0.0002000000000000668,0.5
KHT-XE5S,2025-07-28 08:10:00,9.3405,9.797,KHT-XE5S_2025_0526_1101,0.0,0.5
KHT-XE5S,2025-07-28 08:20:00,9.3414,9.796,KHT-XE5S_2025_0526_1101,0.00010000000000012221,0.5
KHT-XE5S,2025-07-28 08:30:00,9.3416,9.798,KHT-XE5S_2025_0526_1101,0.0002000000000000668,0.5
KHT-XE5S,2025-07-28 08:40:00,9.3409,9.797,KHT-XE5S_2025_0526_1101,9.999999999994457e-05,0.5
KHT-XE5S,2025-07-28 08:50:00,9.3399,9.799,KHT-XE5S_2025_0526_1101,0.00019999999999988915,0.5
KHT-XE5S,2025-07-28 09:00:00,9.3389,9.798,KHT-XE5S_2025_0526_1101,9.999999999994457e-05,0.5
KHT-XE5S,2025-07-28 09:10:00,9.3369,9.798,KHT-XE5S_2025_0526_1101,0.0,0.5
KHT-XE5S,2025-07-28 09:20:00,9.3347,9.799,KHT-XE5S_2025_0526_1101,9.999999999994457e-05,0.5
KHT-XE5S,2025-07-28 09:30:00,9.3328,9.801,KHT-XE5S_2025_0526_1101,0.0002000000000000668,0.5
KHT-XE5S,2025-07-28 09:40:00,9.3302,9.801,KHT-XE5S_2025_0526_1101,0.0,0.5
KHT-XE5S,2025-07-28 09:50:00,9.3278,9.8,KHT-XE5S_2025_0526_1101,9.999999999994457e-05,0.5
KHT-XE5S,2025-07-28 10:00:00,9.3256,9.8,KHT-XE5S_2025_0526_1101,0.0,0.5
KHT-XE5S,2025-07-28 10:10:00,9.322,9.802,KHT-XE5S_2025_0526_1101,0.00019999999999988915,0.5
KHT-XE5S,2025-07-28 10:20:00,9.3196,9.802,KHT-XE5S_2025_0526_1101,0.0,0.5
KHT-XE5S,2025-07-28 10:30:00,9.3166,9.8,KHT-XE5S_2025_0526_1101,0.00019999999999988915,0.5
KHT-XE5S,2025-07-28 10:40:00,9.3134,9.802,KHT-XE5S_2025_0526_1101,0.00019999999999988915,0.5
KHT-XE5S,2025-07-28 10:50:00,9.3103,9.803,KHT-XE5S_2025_0526_1101,0.00010000000000012221,0.5
KHT-XE5S,2025-07-28 11:00:00,9.3065,9.803,KHT-XE5S_2025_0526_1101,0.0,0.5
KHT-XE5S,2025-07-28 11:10:00,9.3031,9.802,KHT-XE5S_2025_0526_1101,0.00010000000000012221,0.5
KHT-XE5S,2025-07-28 11:20:00,9.3,9.805,KHT-XE5S_2025_0526_1101,0.00030000000000001136,0.5
KHT-XE5S,2025-07-28 11:30:00,9.2974,9.803,KHT-XE5S_2025_0526_1101,0.00019999999999988915,0.5
KHT-XE5S,2025-07-28 11:40:00,9.2939,9.803,KHT-XE5S_2025_0526_1101,0.0,0.5
KHT-XE5S,2025-07-28 11:50:00,9.2897,9.804,KHT-XE5S_2025_0526_1101,9.999999999994457e-05,0.5
KHT-XE5S,2025-07-28 12:00:00,9.2867,9.804,KHT-XE5S_2025_0526_1101,0.0,0.5
KHT-XE5S,2025-07-28 12:10:00,9.2827,9.803,KHT-XE5S_2025_0526_1101,9.999999999994457e-05,0.5
KHT-XE5S,2025-07-28 12:20:00,9.2785,9.804,KHT-XE5S_2025_0526_1101,9.999999999994457e-05,0.5
KHT-XE5S,2025-07-28 12:30:00,9.2759,9.804,KHT-XE5S_2025_0526_1101,0.0,0.5
KHT-XE5S,2025-07-28 12:40:00,9.272,9.804,KHT-XE5S_2025_0526_1101,0.0,0.5
KHT-XE5S,2025-07-28 12:50:00,9.2692,9.804,KHT-XE5S_2025_0526_1101,0.0,0.5
KHT-XE5S,2025-07-28 13:00:00,9.2663,9.806,KHT-XE5S_2025_0526_1101,0.00019999999999988915,0.5
KHT-XE5S,2025-07-28 13:10:00,9.2622,9.804,KHT-XE5S_2025_0526_1101,0.00019999999999988915,0.5
KHT-XE5S,2025-07-28 13:20:00,9.2602,9.805,KHT-XE5S_2025_0526_1101,9.999999999994457e-05,0.5
KHT-XE5S,2025-07-28 13:30:00,9.2578,9.805,KHT-XE5S_2025_0526_1101,0.0,0.5
KHT-XE5S,2025-07-28 13:40:00,9.2564,9.806,KHT-XE5S_2025_0526_1101,9.999999999994457e-05,0.5
KHT-XE5S,2025-07-28 13:50:00,9.2538,9.805,KHT-XE5S_2025_0526_1101,9.999999999994457e-05,0.5
KHT-XE5S,2025-07-28 14:00:00,9.2518,9.808,KHT-XE5S_2025_0526_1101,0.00030000000000001136,0.5
KHT-XE5S,2025-07-28 14:10:00,9.2499,9.807,KHT-XE5S_2025_0526_1101,9.999999999994457e-05,0.5
KHT-XE5S,2025-07-28 14:20:00,9.2482,9.806,KHT-XE5S_2025_0526_1101,0.00010000000000012221,0.5
KHT-XE5S,2025-07-28 14:30:00,9.2464,9.808,KHT-XE5S_2025_0526_1101,0.0002000000000000668,0.5
KHT-XE5S,2025-07-28 14:40:00,9.2459,9.807,KHT-XE5S_2025_0526_1101,9.999999999994457e-05,0.5
KHT-XE5S,2025-07-28 14:50:00,9.2435,9.807,KHT-XE5S_2025_0526_1101,0.0,0.5
KHT-XE5S,2025-07-28 15:00:00,9.2434,9.809,KHT-XE5S_2025_0526_1101,0.00019999999999988915,0.5
KHT-XE5S,2025-07-28 15:10:00,9.2403,9.809,KHT-XE5S_2025_0526_1101,0.0,0.5
KHT-XE5S,2025-07-28 15:20:00,9.24,9.811,KHT-XE5S_2025_0526_1101,0.0002000000000000668,0.5
KHT-XE5S,2025-07-28 15:30:00,9.2383,9.809,KHT-XE5S_2025_0526_1101,0.0002000000000000668,0.5
KHT-XE5S,2025-07-28 15:40:00,9.2367,9.809,KHT-XE5S_2025_0526_1101,0.0,0.5
KHT-XE5S,2025-07-28 15:50:00,9.2362,9.81,KHT-XE5S_2025_0526_1101,0.00010000000000012221,0.5
KHT-XE5S,2025-07-28 16:00:00,9.2353,9.81,KHT-XE5S_2025_0526_1101,0.0,0.5
KHT-XE5S,2025-07-28 16:10:00,9.235,9.811,KHT-XE5S_2025_0526_1101,9.999999999994457e-05,0.5
KHT-XE5S,2025-07-28 16:20:00,9.2329,9.813,KHT-XE5S_2025_0526_1101,0.0002000000000000668,0.5
KHT-XE5S,2025-07-28 16:30:00,9.233,9.812,KHT-XE5S_2025_0526_1101,0.00010000000000012221,0.5
KHT-XE5S,2025-07-28 16:40:00,9.2315,9.812,KHT-XE5S_2025_0526_1101,0.0,0.5
KHT-XE5S,2025-07-28 16:50:00,9.2316,9.812,KHT-XE5S_2025_0526_1101,0.0,0.5
KHT-XE5S,2025-07-28 17:00:00,9.2308,9.812,KHT-XE5S_2025_0526_1101,0.0,0.5
KHT-XE5S,2025-07-28 17:10:00,9.2297,9.811,KHT-XE5S_2025_0526_1101,9.999999999994457e-05,0.5
KHT-XE5S,2025-07-28 17:20:00,9.2291,9.811,KHT-XE5S_2025_0526_1101,0.0,0.5
KHT-XE5S,2025-07-28 17:30:00,9.2292,9.812,KHT-XE5S_2025_0526_1101,9.999999999994457e-05,0.5
KHT-XE5S,2025-07-28 17:40:00,9.2283,9.814,KHT-XE5S_2025_0526_1101,0.0002000000000000668,0.5
KHT-XE5S,2025-07-28 17:50:00,9.2283,9.812,KHT-XE5S_2025_0526_1101,0.0002000000000000668,0.5
KHT-XE5S,2025-07-28 18:00:00,9.2302,9.812,KHT-XE5S_2025_0526_1101,0.0,0.5
KHT-XE5S,2025-07-28 18:10:00,9.2308,9.814,KHT-XE5S_2025_0526_1101,0.0002000000000000668,0.5
KHT-XE5S,2025-07-28 18:20:00,9.2329,9.812,KHT-XE5S_2025_0526_1101,0.0002000000000000668,0.5
KHT-XE5S,2025-07-28 18:30:00,9.2342,9.812,KHT-XE5S_2025_0526_1101,0.0,0.5
KHT-XE5S,2025-07-28 18:40:00,9.2363,9.81,KHT-XE5S_2025_0526_1101,0.00019999999999988915,0.5
KHT-XE5S,2025-07-28 18:50:00,9.2378,9.813,KHT-XE5S_2025_0526_1101,0.00030000000000001136,0.5
KHT-XE5S,2025-07-28 19:00:00,9.2397,9.813,KHT-XE5S_2025_0526_1101,0.0,0.5
KHT-XE5S,2025-07-28 19:10:00,9.2398,9.814,KHT-XE5S_2025_0526_1101,9.999999999994457e-05,0.5
KHT-XE5S,2025-07-28 19:20:00,9.2405,9.814,KHT-XE5S_2025_0526_1101,0.0,0.5
KHT-XE5S,2025-07-28 19:30:00,9.2426,9.812,KHT-XE5S_2025_0526_1101,0.0002000000000000668,0.5
KHT-XE5S,2025-07-28 19:40:00,9.2438,9.816,KHT-XE5S_2025_0526_1101,0.0004000000000001336,0.5
KHT-XE5S,2025-07-28 19:50:00,9.245,9.815,KHT-XE5S_2025_0526_1101,0.00010000000000012221,0.5
KHT-XE5S,2025-07-28 20:00:00,9.2461,9.814,KHT-XE5S_2025_0526_1101,9.999999999994457e-05,0.5
KHT-XE5S,2025-07-28 20:10:00,9.248,9.814,KHT-XE5S_2025_0526_1101,0.0,0.5
KHT-XE5S,2025-07-28 20:20:00,9.2513,9.813,KHT-XE5S_2025_0526_1101,9.999999999994457e-05,0.5
KHT-XE5S,2025-07-28 20:30:00,9.2544,9.812,KHT-XE5S_2025_0526_1101,0.00010000000000012221,0.5
KHT-XE5S,2025-07-28 20:40:00,9.2592,9.814,KHT-XE5S_2025_0526_1101,0.0002000000000000668,0.5
KHT-XE5S,2025-07-28 20:50:00,9.2635,9.814,KHT-XE5S_2025_0526_1101,0.0,0.5
KHT-XE5S,2025-07-28 21:00:00,9.2679,9.816,KHT-XE5S_2025_0526_1101,0.0002000000000000668,0.5
KHT-XE5S,2025-07-28 21:10:00,9.2714,9.814,KHT-XE5S_2025_0526_1101,0.0002000000000000668,0.5
KHT-XE5S,2025-07-28 21:20:00,9.2741,9.815,KHT-XE5S_2025_0526_1101,9.999999999994457e-05,0.5
KHT-XE5S,2025-07-28 21:30:00,9.2781,9.814,KHT-XE5S_2025_0526_1101,9.999999999994457e-05,0.5
KHT-XE5S,2025-07-28 21:40:00,9.2821,9.816,KHT-XE5S_2025_0526_1101,0.0002000000000000668,0.5
KHT-XE5S,2025-07-28 21:50:00,9.285,9.815,KHT-XE5S_2025_0526_1101,0.00010000000000012221,0.5
KHT-XE5S,2025-07-28 22:00:00,9.2869,9.816,KHT-XE5S_2025_0526_1101,0.00010000000000012221,0.5
KHT-XE5S,2025-07-28 22:10:00,9.2891,9.817,KHT-XE5S_2025_0526_1101,9.999999999994457e-05,0.5
KHT-XE5S,2025-07-28 22:20:00,9.2896,9.816,KHT-XE5S_2025_0526_1101,9.999999999994457e-05,0.5
KHT-XE5S,2025-07-28 22:30:00,9.2914,9.817,KHT-XE5S_2025_0526_1101,9.999999999994457e-05,0.5
KHT-XE5S,2025-07-28 22:40:00,9.293,9.816,KHT-XE5S_2025_0526_1101,9.999999999994457e-05,0.5
KHT-XE5S,2025-07-28 22:50:00,9.2937,9.816,KHT-XE5S_2025_0526_1101,0.0,0.5
KHT-XE5S,2025-07-28 23:00:00,9.2947,9.819,KHT-XE5S_2025_0526_1101,0.00030000000000001136,0.5
KHT-XE5S,2025-07-28 23:10:00,9.2972,9.818,KHT-XE5S_2025_0526_1101,0.00010000000000012221,0.5
KHT-XE5S,2025-07-28 23:20:00,9.3007,9.817,KHT-XE5S_2025_0526_1101,9.999999999994457e-05,0.5
KHT-XE5S,2025-07-28 23:30:00,9.3014,9.818,KHT-XE5S_2025_0526_1101,9.999999999994457e-05,0.5
KHT-XE5S,2025-07-28 23:40:00,9.3025,9.817,KHT-XE5S_2025_0526_1101,9.999999999994457e-05,0.5
KHT-XE5S,2025-07-28 23:50:00,9.3023,9.819,KHT-XE5S_2025_0526_1101,0.0002000000000000668,0.5
KHT-XE5S,2025-07-29 00:00:00,9.303,9.818,KHT-XE5S_2025_0526_1101,0.00010000000000012221,0.5
KHT-XE5S,2025-07-29 00:10:00,9.3039,9.821,KHT-XE5S_2025_0526_1101,0.00030000000000001136,0.5
KHT-XE5S,2025-07-29 00:20:00,9.3056,9.821,KHT-XE5S_2025_0526_1101,0.0,0.5
KHT-XE5S,2025-07-29 00:30:00,9.3081,9.819,KHT-XE5S_2025_0526_1101,0.00019999999999988915,0.5
KHT-XE5S,2025-07-29 00:40:00,9.3112,9.822,KHT-XE5S_2025_0526_1101,0.0002999999999998337,0.5
KHT-XE5S,2025-07-29 00:50:00,9.3123,9.819,KHT-XE5S_2025_0526_1101,0.0002999999999998337,0.5
KHT-XE5S,2025-07-29 01:00:00,9.3133,9.821,KHT-XE5S_2025_0526_1101,0.00019999999999988915,0.5
KHT-XE5S,2025-07-29 01:10:00,9.3144,9.82,KHT-XE5S_2025_0526_1101,9.999999999994457e-05,0.5
KHT-XE5S,2025-07-29 01:20:00,9.3152,9.819,KHT-XE5S_2025_0526_1101,9.999999999994457e-05,0.5
KHT-XE5S,2025-07-29 01:30:00,9.3159,9.82,KHT-XE5S_2025_0526_1101,9.999999999994457e-05,0.5
KHT-XE5S,2025-07-29 01:40:00,9.3158,9.82,KHT-XE5S_2025_0526_1101,0.0,0.5
KHT-XE5S,2025-07-29 01:50:00,9.3157,9.821,KHT-XE5S_2025_0526_1101,9.999999999994457e-05,0.5
KHT-XE5S,2025-07-29 02:00:00,9.3174,9.824,KHT-XE5S_2025_0526_1101,0.00030000000000001136,0.5
KHT-XE5S,2025-07-29 02:10:00,9.3182,9.821,KHT-XE5S_2025_0526_1101,0.00030000000000001136,0.5
KHT-XE5S,2025-07-29 02:20:00,9.3188,9.824,KHT-XE5S_2025_0526_1101,0.00030000000000001136,0.5
KHT-XE5S,2025-07-29 02:30:00,9.3194,9.822,KHT-XE5S_2025_0526_1101,0.0002000000000000668,0.5
KHT-XE5S,2025-07-29 02:40:00,9.3201,9.824,KHT-XE5S_2025_0526_1101,0.0002000000000000668,0.5
KHT-XE5S,2025-07-29 02:50:00,9.3208,9.821,KHT-XE5S_2025_0526_1101,0.00030000000000001136,0.5
KHT-XE5S,2025-07-29 03:00:00,9.3217,9.823,KHT-XE5S_2025_0526_1101,0.0002000000000000668,0.5
KHT-XE5S,2025-07-29 03:10:00,9.3227,9.822,KHT-XE5S_2025_0526_1101,0.00010000000000012221,0.5
KHT-XE5S,2025-07-29 03:20:00,9.3229,9.825,KHT-XE5S_2025_0526_1101,0.00030000000000001136,0.5
KHT-XE5S,2025-07-29 03:30:00,9.3239,9.823,KHT-XE5S_2025_0526_1101,0.00019999999999988915,0.5
KHT-XE5S,2025-07-29 03:40:00,9.3257,9.823,KHT-XE5S_2025_0526_1101,0.0,0.5
KHT-XE5S,2025-07-29 03:50:00,9.3269,9.825,KHT-XE5S_2025_0526_1101,0.00019999999999988915,0.5
KHT-XE5S,2025-07-29 04:00:00,9.3269,9.825,KHT-XE5S_2025_0526_1101,0.0,0.5
KHT-XE5S,2025-07-29 04:10:00,9.327,9.824,KHT-XE5S_2025_0526_1101,9.999999999994457e-05,0.5
KHT-XE5S,2025-07-29 04:20:00,9.3275,9.824,KHT-XE5S_2025_0526_1101,0.0,0.5
KHT-XE5S,2025-07-29 04:30:00,9.328,9.824,KHT-XE5S_2025_0526_1101,0.0,0.5
KHT-XE5S,2025-07-29 04:40:00,9.3285,9.824,KHT-XE5S_2025_0526_1101,0.0,0.5
KHT-XE5S,2025-07-29 04:50:00,9.3289,9.825,KHT-XE5S_2025_0526_1101,9.999999999994457e-05,0.5
KHT-XE5S,2025-07-29 05:00:00,9.3311,9.825,KHT-XE5S_2025_0526_1101,0.0,0.5
KHT-XE5S,2025-07-29 05:10:00,9.3319,9.825,KHT-XE5S_2025_0526_1101,0.0,0.5
KHT-XE5S,2025-07-29 05:20:00,9.3332,9.827,KHT-XE5S_2025_0526_1101,0.0002000000000000668,0.5
KHT-XE5S,2025-07-29 05:30:00,9.3343,9.825,KHT-XE5S_2025_0526_1101,0.0002000000000000668,0.5
KHT-XE5S,2025-07-29 05:40:00,9.3347,9.825,KHT-XE5S_2025_0526_1101,0.0,0.5
KHT-XE5S,2025-07-29 05:50:00,9.3354,9.825,KHT-XE5S_2025_0526_1101,0.0,0.5
KHT-XE5S,2025-07-29 06:00:00,9.3364,9.825,KHT-XE5S_2025_0526_1101,0.0,0.5
KHT-XE5S,2025-07-29 06:10:00,9.3369,9.828,KHT-XE5S_2025_0526_1101,0.00030000000000001136,0.5
KHT-XE5S,2025-07-29 06:20:00,9.3373,9.826,KHT-XE5S_2025_0526_1101,0.00019999999999988915,0.5
KHT-XE5S,2025-07-29 06:30:00,9.3382,9.827,KHT-XE5S_2025_0526_1101,9.999999999994457e-05,0.5
KHT-XE5S,2025-07-29 06:40:00,9.3388,9.828,KHT-XE5S_2025_0526_1101,9.999999999994457e-05,0.5
KHT-XE5S,2025-07-29 06:50:00,9.3395,9.828,KHT-XE5S_2025_0526_1101,0.0,0.5
KHT-XE5S,2025-07-29 07:00:00,9.3398,9.829,KHT-XE5S_2025_0526_1101,0.00010000000000012221,0.5
KHT-XE5S,2025-07-29 07:10:00,9.3404,9.828,KHT-XE5S_2025_0526_1101,0.00010000000000012221,0.5
KHT-XE5S,2025-07-29 07:20:00,9.3413,9.828,KHT-XE5S_2025_0526_1101,0.0,0.5
KHT-XE5S,2025-07-29 07:30:00,9.3417,9.827,KHT-XE5S_2025_0526_1101,9.999999999994457e-05,0.5
KHT-XE5S,2025-07-29 07:40:00,9.3423,9.828,KHT-XE5S_2025_0526_1101,9.999999999994457e-05,0.5
KHT-XE5S,2025-07-29 07:50:00,9.343,9.829,KHT-XE5S_2025_0526_1101,0.00010000000000012221,0.5
KHT-XE5S,2025-07-29 08:00:00,9.3438,9.827,KHT-XE5S_2025_0526_1101,0.0002000000000000668,0.5
KHT-XE5S,2025-07-29 08:10:00,9.3441,9.829,KHT-XE5S_2025_0526_1101,0.0002000000000000668,0.5
KHT-XE5S,2025-07-29 08:20:00,9.3438,9.831,KHT-XE5S_2025_0526_1101,0.00019999999999988915,0.5
KHT-XE5S,2025-07-29 08:30:00,9.3434,9.83,KHT-XE5S_2025_0526_1101,9.999999999994457e-05,0.5
KHT-XE5S,2025-07-29 08:40:00,9.3423,9.83,KHT-XE5S_2025_0526_1101,0.0,0.5
KHT-XE5S,2025-07-29 08:50:00,9.341,9.83,KHT-XE5S_2025_0526_1101,0.0,0.5
KHT-XE5S,2025-07-29 09:00:00,9.3393,9.832,KHT-XE5S_2025_0526_1101,0.0002000000000000668,0.5
KHT-XE5S,2025-07-29 09:10:00,9.3375,9.831,KHT-XE5S_2025_0526_1101,0.00010000000000012221,0.5
KHT-XE5S,2025-07-29 09:20:00,9.3358,9.831,KHT-XE5S_2025_0526_1101,0.0,0.5
KHT-XE5S,2025-07-29 09:30:00,9.3333,9.833,KHT-XE5S_2025_0526_1101,0.0002000000000000668,0.5
KHT-XE5S,2025-07-29 09:40:00,9.3312,9.833,KHT-XE5S_2025_0526_1101,0.0,0.5
KHT-XE5S,2025-07-29 09:50:00,9.3288,9.833,KHT-XE5S_2025_0526_1101,0.0,0.5
KHT-XE5S,2025-07-29 10:00:00,9.3265,9.831,KHT-XE5S_2025_0526_1101,0.0002000000000000668,0.5
KHT-XE5S,2025-07-29 10:10:00,9.3232,9.834,KHT-XE5S_2025_0526_1101,0.00030000000000001136,0.5
KHT-XE5S,2025-07-29 10:20:00,9.3203,9.835,KHT-XE5S_2025_0526_1101,0.00010000000000012221,0.5
KHT-XE5S,2025-07-29 10:30:00,9.3171,9.835,KHT-XE5S_2025_0526_1101,0.0,0.5
KHT-XE5S,2025-07-29 10:40:00,9.3134,9.837,KHT-XE5S_2025_0526_1101,0.00019999999999988915,0.5
KHT-XE5S,2025-07-29 10:50:00,9.3098,9.835,KHT-XE5S_2025_0526_1101,0.00019999999999988915,0.5
KHT-XE5S,2025-07-29 11:00:00,9.3063,9.834,KHT-XE5S_2025_0526_1101,0.00010000000000012221,0.5
KHT-XE5S,2025-07-29 11:10:00,9.3027,9.836,KHT-XE5S_2025_0526_1101,0.0002000000000000668,0.5
KHT-XE5S,2025-07-29 11:20:00,9.2989,9.834,KHT-XE5S_2025_0526_1101,0.0002000000000000668,0.5
KHT-XE5S,2025-07-29 11:30:00,9.2958,9.836,KHT-XE5S_2025_0526_1101,0.0002000000000000668,0.5
KHT-XE5S,2025-07-29 11:40:00,9.2914,9.836,KHT-XE5S_2025_0526_1101,0.0,0.5
KHT-XE5S,2025-07-29 11:50:00,9.2871,9.836,KHT-XE5S_2025_0526_1101,0.0,0.5
KHT-XE5S,2025-07-29 12:00:00,9.2839,9.837,KHT-XE5S_2025_0526_1101,9.999999999994457e-05,0.5
KHT-XE5S,2025-07-29 12:10:00,9.2796,9.836,KHT-XE5S_2025_0526_1101,9.999999999994457e-05,0.5
KHT-XE5S,2025-07-29 12:20:00,9.276,9.837,KHT-XE5S_2025_0526_1101,9.999999999994457e-05,0.5
KHT-XE5S,2025-07-29 12:30:00,9.2722,9.838,KHT-XE5S_2025_0526_1101,9.999999999994457e-05,0.5
KHT-XE5S,2025-07-29 12:40:00,9.2681,9.837,KHT-XE5S_2025_0526_1101,9.999999999994457e-05,0.5
KHT-XE5S,2025-07-29 12:50:00,9.2642,9.838,KHT-XE5S_2025_0526_1101,9.999999999994457e-05,0.5
KHT-XE5S,2025-07-29 13:00:00,9.2613,9.837,KHT-XE5S_2025_0526_1101,9.999999999994457e-05,0.5
KHT-XE5S,2025-07-29 13:10:00,9.2575,9.838,KHT-XE5S_2025_0526_1101,9.999999999994457e-05,0.5
KHT-XE5S,2025-07-29 13:20:00,9.2544,9.839,KHT-XE5S_2025_0526_1101,0.00010000000000012221,0.5
KHT-XE5S,2025-07-29 13:30:00,9.251,9.837,KHT-XE5S_2025_0526_1101,0.0002000000000000668,0.5
KHT-XE5S,2025-07-29 13:40:00,9.2475,9.838,KHT-XE5S_2025_0526_1101,9.999999999994457e-05,0.5
KHT-XE5S,2025-07-29 13:50:00,9.2448,9.84,KHT-XE5S_2025_0526_1101,0.0002000000000000668,0.5
KHT-XE5S,2025-07-29 14:00:00,9.2412,9.839,KHT-XE5S_2025_0526_1101,9.999999999994457e-05,0.5
KHT-XE5S,2025-07-29 14:10:00,9.2379,9.839,KHT-XE5S_2025_0526_1101,0.0,0.5
KHT-XE5S,2025-07-29 14:20:00,9.2362,9.842,KHT-XE5S_2025_0526_1101,0.00030000000000001136,0.5
KHT-XE5S,2025-07-29 14:30:00,9.2328,9.84,KHT-XE5S_2025_0526_1101,0.0002000000000000668,0.5
KHT-XE5S,2025-07-29 14:40:00,9.2306,9.842,KHT-XE5S_2025_0526_1101,0.0002000000000000668,0.5
KHT-XE5S,2025-07-29 14:50:00,9.2279,9.84,KHT-XE5S_2025_0526_1101,0.0002000000000000668,0.5
KHT-XE5S,2025-07-29 15:00:00,9.2261,9.841,KHT-XE5S_2025_0526_1101,9.999999999994457e-05,0.5
KHT-XE5S,2025-07-29 15:10:00,9.2254,9.842,KHT-XE5S_2025_0526_1101,0.00010000000000012221,0.5
KHT-XE5S,2025-07-29 15:20:00,9.2239,9.841,KHT-XE5S_2025_0526_1101,0.00010000000000012221,0.5
KHT-XE5S,2025-07-29 15:30:00,9.2218,9.843,KHT-XE5S_2025_0526_1101,0.0002000000000000668,0.5
KHT-XE5S,2025-07-29 15:40:00,9.2202,9.842,KHT-XE5S_2025_0526_1101,9.999999999994457e-05,0.5
KHT-XE5S,2025-07-29 15:50:00,9.2181,9.842,KHT-XE5S_2025_0526_1101,0.0,0.5
KHT-XE5S,2025-07-29 16:00:00,9.2163,9.842,KHT-XE5S_2025_0526_1101,0.0,0.5
KHT-XE5S,2025-07-29 16:10:00,9.2154,9.845,KHT-XE5S_2025_0526_1101,0.00030000000000001136,0.5
KHT-XE5S,2025-07-29 16:20:00,9.2142,9.843,KHT-XE5S_2025_0526_1101,0.0002000000000000668,0.5
KHT-XE5S,2025-07-29 16:30:00,9.2134,9.843,KHT-XE5S_2025_0526_1101,0.0,0.5
KHT-XE5S,2025-07-29 16:40:00,9.2134,9.844,KHT-XE5S_2025_0526_1101,9.999999999994457e-05,0.5
KHT-XE5S,2025-07-29 16:50:00,9.2139,9.842,KHT-XE5S_2025_0526_1101,0.00019999999999988915,0.5
KHT-XE5S,2025-07-29 17:00:00,9.2135,9.844,KHT-XE5S_2025_0526_1101,0.00019999999999988915,0.5
KHT-XE5S,2025-07-29 17:10:00,9.214,9.842,KHT-XE5S_2025_0526_1101,0.00019999999999988915,0.5
KHT-XE5S,2025-07-29 17:20:00,9.214,9.845,KHT-XE5S_2025_0526_1101,0.00030000000000001136,0.5
KHT-XE5S,2025-07-29 17:30:00,9.2141,9.844,KHT-XE5S_2025_0526_1101,0.00010000000000012221,0.5
KHT-XE5S,2025-07-29 17:40:00,9.2145,9.845,KHT-XE5S_2025_0526_1101,0.00010000000000012221,0.5
KHT-XE5S,2025-07-29 17:50:00,9.2149,9.844,KHT-XE5S_2025_0526_1101,0.00010000000000012221,0.5
KHT-XE5S,2025-07-29 18:00:00,9.2166,9.842,KHT-XE5S_2025_0526_1101,0.00019999999999988915,0.5
KHT-XE5S,2025-07-29 18:10:00,9.2177,9.845,KHT-XE5S_2025_0526_1101,0.00030000000000001136,0.5
KHT-XE5S,2025-07-29 18:20:00,9.22,9.843,KHT-XE5S_2025_0526_1101,0.0002000000000000668,0.5
KHT-XE5S,2025-07-29 18:30:00,9.2217,9.843,KHT-XE5S_2025_0526_1101,0.0,0.5
KHT-XE5S,2025-07-29 18:40:00,9.2238,9.843,KHT-XE5S_2025_0526_1101,0.0,0.5
KHT-XE5S,2025-07-29 18:50:00,9.2265,9.843,KHT-XE5S_2025_0526_1101,0.0,0.5
KHT-XE5S,2025-07-29 19:00:00,9.2288,9.845,KHT-XE5S_2025_0526_1101,0.0002000000000000668,0.5
KHT-XE5S,2025-07-29 19:10:00,9.2319,9.843,KHT-XE5S_2025_0526_1101,0.0002000000000000668,0.5
KHT-XE5S,2025-07-29 19:20:00,9.2347,9.845,KHT-XE5S_2025_0526_1101,0.0002000000000000668,0.5
KHT-XE5S,2025-07-29 19:30:00,9.237,9.843,KHT-XE5S_2025_0526_1101,0.0002000000000000668,0.5
KHT-XE5S,2025-07-29 19:40:00,9.2386,9.844,KHT-XE5S_2025_0526_1101,9.999999999994457e-05,0.5
KHT-XE5S,2025-07-29 19:50:00,9.2414,9.847,KHT-XE5S_2025_0526_1101,0.00030000000000001136,0.5
KHT-XE5S,2025-07-29 20:00:00,9.2438,9.843,KHT-XE5S_2025_0526_1101,0.00039999999999995595,0.5
KHT-XE5S,2025-07-29 20:10:00,9.247,9.846,KHT-XE5S_2025_0526_1101,0.00030000000000001136,0.5
KHT-XE5S,2025-07-29 20:20:00,9.2508,9.845,KHT-XE5S_2025_0526_1101,9.999999999994457e-05,0.5
KHT-XE5S,2025-07-29 20:30:00,9.2543,9.847,KHT-XE5S_2025_0526_1101,0.00019999999999988915,0.5
KHT-XE5S,2025-07-29 20:40:00,9.2571,9.845,KHT-XE5S_2025_0526_1101,0.00019999999999988915,0.5
KHT-XE5S,2025-07-29 20:50:00,9.2601,9.845,KHT-XE5S_2025_0526_1101,0.0,0.5
KHT-XE5S,2025-07-29 21:00:00,9.2628,9.844,KHT-XE5S_2025_0526_1101,0.00010000000000012221,0.5
KHT-XE5S,2025-07-29 21:10:00,9.2656,9.846,KHT-XE5S_2025_0526_1101,0.0002000000000000668,0.5
KHT-XE5S,2025-07-29 21:20:00,9.2678,9.847,KHT-XE5S_2025_0526_1101,9.999999999994457e-05,0.5
KHT-XE5S,2025-07-29 21:30:00,9.2704,9.845,KHT-XE5S_2025_0526_1101,0.00019999999999988915,0.5
KHT-XE5S,2025-07-29 21:40:00,9.2726,9.845,KHT-XE5S_2025_0526_1101,0.0,0.5
KHT-XE5S,2025-07-29 21:50:00,9.2745,9.849,KHT-XE5S_2025_0526_1101,0.00039999999999995595,0.5
KHT-XE5S,2025-07-29 22:00:00,9.277,9.846,KHT-XE5S_2025_0526_1101,0.00030000000000001136,0.5
KHT-XE5S,2025-07-29 22:10:00,9.279,9.848,KHT-XE5S_2025_0526_1101,0.0002000000000000668,0.5
KHT-XE5S,2025-07-29 22:20:00,9.281,9.848,KHT-XE5S_2025_0526_1101,0.0,0.5
KHT-XE5S,2025-07-29 22:30:00,9.282,9.847,KHT-XE5S_2025_0526_1101,0.00010000000000012221,0.5
KHT-XE5S,2025-07-29 22:40:00,9.2829,9.847,KHT-XE5S_2025_0526_1101,0.0,0.5
KHT-XE5S,2025-07-29 22:50:00,9.2844,9.849,KHT-XE5S_2025_0526_1101,0.0002000000000000668,0.5
KHT-XE5S,2025-07-29 23:00:00,9.285,9.848,KHT-XE5S_2025_0526_1101,9.999999999994457e-05,0.5
KHT-XE5S,2025-07-29 23:10:00,9.284,9.85,KHT-XE5S_2025_0526_1101,0.00019999999999988915,0.5
KHT-XE5S,2025-07-29 23:20:00,9.2862,9.848,KHT-XE5S_2025_0526_1101,0.00019999999999988915,0.5
KHT-XE5S,2025-07-29 23:30:00,9.289,9.848,KHT-XE5S_2025_0526_1101,0.0,0.5
KHT-XE5S,2025-07-29 23:40:00,9.2919,9.848,KHT-XE5S_2025_0526_1101,0.0,0.5
KHT-XE5S,2025-07-29 23:50:00,9.293,9.852,KHT-XE5S_2025_0526_1101,0.00039999999999995595,0.5
KHT-XE5S,2025-07-30 00:00:00,9.2929,9.849,KHT-XE5S_2025_0526_1101,0.00030000000000001136,0.5
KHT-XE5S,2025-07-30 00:10:00,9.293,9.85,KHT-XE5S_2025_0526_1101,9.999999999994457e-05,0.5
KHT-XE5S,2025-07-30 00:20:00,9.2926,9.85,KHT-XE5S_2025_0526_1101,0.0,0.5
KHT-XE5S,2025-07-30 00:30:00,9.2937,9.849,KHT-XE5S_2025_0526_1101,9.999999999994457e-05,0.5
KHT-XE5S,2025-07-30 00:40:00,9.2975,9.85,KHT-XE5S_2025_0526_1101,9.999999999994457e-05,0.5
KHT-XE5S,2025-07-30 00:50:00,9.2997,9.851,KHT-XE5S_2025_0526_1101,0.00010000000000012221,0.5
KHT-XE5S,2025-07-30 01:00:00,9.3018,9.851,KHT-XE5S_2025_0526_1101,0.0,0.5
KHT-XE5S,2025-07-30 01:10:00,9.3019,9.851,KHT-XE5S_2025_0526_1101,0.0,0.5
KHT-XE5S,2025-07-30 01:20:00,9.3022,9.85,KHT-XE5S_2025_0526_1101,0.00010000000000012221,0.5
KHT-XE5S,2025-07-30 01:30:00,9.3067,9.851,KHT-XE5S_2025_0526_1101,0.00010000000000012221,0.5
KHT-XE5S,2025-07-30 01:40:00,9.3074,9.853,KHT-XE5S_2025_0526_1101,0.00019999999999988915,0.5
KHT-XE5S,2025-07-30 01:50:00,9.3068,9.851,KHT-XE5S_2025_0526_1101,0.00019999999999988915,0.5
KHT-XE5S,2025-07-30 02:00:00,9.3071,9.852,KHT-XE5S_2025_0526_1101,9.999999999994457e-05,0.5
KHT-XE5S,2025-07-30 02:10:00,9.3074,9.854,KHT-XE5S_2025_0526_1101,0.00019999999999988915,0.5
KHT-XE5S,2025-07-30 02:20:00,9.3105,9.851,KHT-XE5S_2025_0526_1101,0.0002999999999998337,0.5
KHT-XE5S,2025-07-30 02:30:00,9.3107,9.852,KHT-XE5S_2025_0526_1101,9.999999999994457e-05,0.5
KHT-XE5S,2025-07-30 02:40:00,9.3053,9.853,KHT-XE5S_2025_0526_1101,9.999999999994457e-05,0.5
KHT-XE5S,2025-07-30 02:50:00,9.3021,9.853,KHT-XE5S_2025_0526_1101,0.0,0.5
KHT-XE5S,2025-07-30 03:00:00,9.303,9.852,KHT-XE5S_2025_0526_1101,9.999999999994457e-05,0.5
KHT-XE5S,2025-07-30 03:10:00,9.3066,9.854,KHT-XE5S_2025_0526_1101,0.00019999999999988915,0.5
KHT-XE5S,2025-07-30 03:20:00,9.3068,9.853,KHT-XE5S_2025_0526_1101,9.999999999994457e-05,0.5
KHT-XE5S,2025-07-30 03:30:00,9.3066,9.854,KHT-XE5S_2025_0526_1101,9.999999999994457e-05,0.5
KHT-XE5S,2025-07-30 03:40:00,9.3058,9.854,KHT-XE5S_2025_0526_1101,0.0,0.5
KHT-XE5S,2025-07-30 03:50:00,9.3094,9.854,KHT-XE5S_2025_0526_1101,0.0,0.5
KHT-XE5S,2025-07-30 04:00:00,9.3095,9.852,KHT-XE5S_2025_0526_1101,0.00019999999999988915,0.5
KHT-XE5S,2025-07-30 04:10:00,9.3089,9.855,KHT-XE5S_2025_0526_1101,0.00030000000000001136,0.5
KHT-XE5S,2025-07-30 04:20:00,9.3093,9.854,KHT-XE5S_2025_0526_1101,0.00010000000000012221,0.5
KHT-XE5S,2025-07-30 04:30:00,9.3091,9.853,KHT-XE5S_2025_0526_1101,9.999999999994457e-05,0.5
KHT-XE5S,2025-07-30 04:40:00,9.309,9.855,KHT-XE5S_2025_0526_1101,0.0002000000000000668,0.5
KHT-XE5S,2025-07-30 04:50:00,9.3126,9.857,KHT-XE5S_2025_0526_1101,0.00019999999999988915,0.5
KHT-XE5S,2025-07-30 05:00:00,9.3156,9.855,KHT-XE5S_2025_0526_1101,0.00019999999999988915,0.5
KHT-XE5S,2025-07-30 05:10:00,9.3161,9.855,KHT-XE5S_2025_0526_1101,0.0,0.5
KHT-XE5S,2025-07-30 05:20:00,9.3165,9.854,KHT-XE5S_2025_0526_1101,0.00010000000000012221,0.5
KHT-XE5S,2025-07-30 05:30:00,9.3152,9.856,KHT-XE5S_2025_0526_1101,0.0002000000000000668,0.5
KHT-XE5S,2025-07-30 05:40:00,9.3159,9.855,KHT-XE5S_2025_0526_1101,9.999999999994457e-05,0.5
KHT-XE5S,2025-07-30 05:50:00,9.3166,9.856,KHT-XE5S_2025_0526_1101,9.999999999994457e-05,0.5
KHT-XE5S,2025-07-30 06:00:00,9.3166,9.856,KHT-XE5S_2025_0526_1101,0.0,0.5
KHT-XE5S,2025-07-30 06:10:00,9.3164,9.857,KHT-XE5S_2025_0526_1101,9.999999999994457e-05,0.5
KHT-XE5S,2025-07-30 06:20:00,9.3173,9.857,KHT-XE5S_2025_0526_1101,0.0,0.5
KHT-XE5S,2025-07-30 06:30:00,9.3177,9.857,KHT-XE5S_2025_0526_1101,0.0,0.5
KHT-XE5S,2025-07-30 06:40:00,9.319,9.855,KHT-XE5S_2025_0526_1101,0.00019999999999988915,0.5
KHT-XE5S,2025-07-30 06:50:00,9.3202,9.856,KHT-XE5S_2025_0526_1101,9.999999999994457e-05,0.5
KHT-XE5S,2025-07-30 07:00:00,9.3204,9.856,KHT-XE5S_2025_0526_1101,0.0,0.5
KHT-XE5S,2025-07-30 07:10:00,9.3208,9.856,KHT-XE5S_2025_0526_1101,0.0,0.5
KHT-XE5S,2025-07-30 07:20:00,9.3213,9.858,KHT-XE5S_2025_0526_1101,0.0002000000000000668,0.5
KHT-XE5S,2025-07-30 07:30:00,9.321,9.858,KHT-XE5S_2025_0526_1101,0.0,0.5
KHT-XE5S,2025-07-30 07:40:00,9.3207,9.858,KHT-XE5S_2025_0526_1101,0.0,0.5
KHT-XE5S,2025-07-30 07:50:00,9.3212,9.856,KHT-XE5S_2025_0526_1101,0.0002000000000000668,0.5
KHT-XE5S,2025-07-30 08:00:00,9.3218,9.857,KHT-XE5S_2025_0526_1101,9.999999999994457e-05,0.5
KHT-XE5S,2025-07-30 08:10:00,9.3223,9.858,KHT-XE5S_2025_0526_1101,0.00010000000000012221,0.5
KHT-XE5S,2025-07-30 08:20:00,9.3218,9.857,KHT-XE5S_2025_0526_1101,0.00010000000000012221,0.5
KHT-XE5S,2025-07-30 08:30:00,9.3188,9.858,KHT-XE5S_2025_0526_1101,0.00010000000000012221,0.5
KHT-XE5S,2025-07-30 08:40:00,9.3168,9.862,KHT-XE5S_2025_0526_1101,0.00039999999999995595,0.5
KHT-XE5S,2025-07-30 08:50:00,9.3162,9.86,KHT-XE5S_2025_0526_1101,0.0002000000000000668,0.5
KHT-XE5S,2025-07-30 09:00:00,9.3127,9.86,KHT-XE5S_2025_0526_1101,0.0,0.5
KHT-XE5S,2025-07-30 09:10:00,9.3093,9.861,KHT-XE5S_2025_0526_1101,0.00010000000000012221,0.5
KHT-XE5S,2025-07-30 09:20:00,9.3058,9.863,KHT-XE5S_2025_0526_1101,0.00019999999999988915,0.5
KHT-XE5S,2025-07-30 09:30:00,9.3032,9.862,KHT-XE5S_2025_0526_1101,9.999999999994457e-05,0.5
KHT-XE5S,2025-07-30 09:40:00,9.3008,9.861,KHT-XE5S_2025_0526_1101,9.999999999994457e-05,0.5
KHT-XE5S,2025-07-30 09:50:00,9.2967,9.862,KHT-XE5S_2025_0526_1101,9.999999999994457e-05,0.5
KHT-XE5S,2025-07-30 10:00:00,9.2936,9.864,KHT-XE5S_2025_0526_1101,0.0002000000000000668,0.5
KHT-XE5S,2025-07-30 10:10:00,9.2913,9.863,KHT-XE5S_2025_0526_1101,0.00010000000000012221,0.5
KHT-XE5S,2025-07-30 10:20:00,9.2883,9.863,KHT-XE5S_2025_0526_1101,0.0,0.5
KHT-XE5S,2025-07-30 10:30:00,9.2851,9.863,KHT-XE5S_2025_0526_1101,0.0,0.5
KHT-XE5S,2025-07-30 10:40:00,9.2811,9.863,KHT-XE5S_2025_0526_1101,0.0,0.5
KHT-XE5S,2025-07-30 10:50:00,9.2772,9.864,KHT-XE5S_2025_0526_1101,0.00010000000000012221,0.5
KHT-XE5S,2025-07-30 11:00:00,9.274,9.864,KHT-XE5S_2025_0526_1101,0.0,0.5
KHT-XE5S,2025-07-30 11:10:00,9.2703,9.864,KHT-XE5S_2025_0526_1101,0.0,0.5
KHT-XE5S,2025-07-30 11:20:00,9.2663,9.865,KHT-XE5S_2025_0526_1101,9.999999999994457e-05,0.5
KHT-XE5S,2025-07-30 11:30:00,9.2627,9.866,KHT-XE5S_2025_0526_1101,9.999999999994457e-05,0.5
KHT-XE5S,2025-07-30 11:40:00,9.259,9.864,KHT-XE5S_2025_0526_1101,0.00019999999999988915,0.5
KHT-XE5S,2025-07-30 11:50:00,9.2545,9.864,KHT-XE5S_2025_0526_1101,0.0,0.5
KHT-XE5S,2025-07-30 12:00:00,9.2518,9.864,KHT-XE5S_2025_0526_1101,0.0,0.5
KHT-XE5S,2025-07-30 12:10:00,9.25,9.866,KHT-XE5S_2025_0526_1101,0.00019999999999988915,0.5
KHT-XE5S,2025-07-30 12:20:00,9.2479,9.865,KHT-XE5S_2025_0526_1101,9.999999999994457e-05,0.5
KHT-XE5S,2025-07-30 12:30:00,9.246,9.865,KHT-XE5S_2025_0526_1101,0.0,0.5
KHT-XE5S,2025-07-30 12:40:00,9.2424,9.864,KHT-XE5S_2025_0526_1101,9.999999999994457e-05,0.5
KHT-XE5S,2025-07-30 12:50:00,9.2387,9.865,KHT-XE5S_2025_0526_1101,9.999999999994457e-05,0.5
KHT-XE5S,2025-07-30 13:00:00,9.2357,9.865,KHT-XE5S_2025_0526_1101,0.0,0.5
KHT-XE5S,2025-07-30 13:10:00,9.2325,9.866,KHT-XE5S_2025_0526_1101,9.999999999994457e-05,0.5
KHT-XE5S,2025-07-30 13:20:00,9.2292,9.867,KHT-XE5S_2025_0526_1101,0.00010000000000012221,0.5
KHT-XE5S,2025-07-30 13:30:00,9.2265,9.865,KHT-XE5S_2025_0526_1101,0.0002000000000000668,0.5
KHT-XE5S,2025-07-30 13:40:00,9.223,9.867,KHT-XE5S_2025_0526_1101,0.0002000000000000668,0.5
KHT-XE5S,2025-07-30 13:50:00,9.2209,9.866,KHT-XE5S_2025_0526_1101,0.00010000000000012221,0.5
KHT-XE5S,2025-07-30 14:00:00,9.2185,9.866,KHT-XE5S_2025_0526_1101,0.0,0.5
KHT-XE5S,2025-07-30 14:10:00,9.2155,9.867,KHT-XE5S_2025_0526_1101,0.00010000000000012221,0.5
KHT-XE5S,2025-07-30 14:20:00,9.2114,9.867,KHT-XE5S_2025_0526_1101,0.0,0.5
KHT-XE5S,2025-07-30 14:30:00,9.2108,9.867,KHT-XE5S_2025_0526_1101,0.0,0.5
KHT-XE5S,2025-07-30 14:40:00,9.2072,9.868,KHT-XE5S_2025_0526_1101,9.999999999994457e-05,0.5
KHT-XE5S,2025-07-30 14:50:00,9.2037,9.867,KHT-XE5S_2025_0526_1101,9.999999999994457e-05,0.5
KHT-XE5S,2025-07-30 15:00:00,9.2023,9.866,KHT-XE5S_2025_0526_1101,0.00010000000000012221,0.5
KHT-XE5S,2025-07-30 15:10:00,9.2011,9.869,KHT-XE5S_2025_0526_1101,0.00030000000000001136,0.5
KHT-XE5S,2025-07-30 15:20:00,9.1993,9.869,KHT-XE5S_2025_0526_1101,0.0,0.5
KHT-XE5S,2025-07-30 15:30:00,9.1986,9.869,KHT-XE5S_2025_0526_1101,0.0,0.5
KHT-XE5S,2025-07-30 15:40:00,9.1984,9.868,KHT-XE5S_2025_0526_1101,9.999999999994457e-05,0.5
KHT-XE5S,2025-07-30 15:50:00,9.1976,9.867,KHT-XE5S_2025_0526_1101,9.999999999994457e-05,0.5
KHT-XE5S,2025-07-30 16:00:00,9.1971,9.87,KHT-XE5S_2025_0526_1101,0.0002999999999998337,0.5
KHT-XE5S,2025-07-30 16:10:00,9.1969,9.87,KHT-XE5S_2025_0526_1101,0.0,0.5
KHT-XE5S,2025-07-30 16:20:00,9.1969,9.869,KHT-XE5S_2025_0526_1101,9.999999999994457e-05,0.5
KHT-XE5S,2025-07-30 16:30:00,9.1977,9.87,KHT-XE5S_2025_0526_1101,9.999999999994457e-05,0.5
KHT-XE5S,2025-07-30 16:40:00,9.1997,9.868,KHT-XE5S_2025_0526_1101,0.00019999999999988915,0.5
KHT-XE5S,2025-07-30 16:50:00,9.2019,9.868,KHT-XE5S_2025_0526_1101,0.0,0.5
KHT-XE5S,2025-07-30 17:00:00,9.2017,9.869,KHT-XE5S_2025_0526_1101,9.999999999994457e-05,0.5
KHT-XE5S,2025-07-30 17:10:00,9.2017,9.867,KHT-XE5S_2025_0526_1101,0.00019999999999988915,0.5
KHT-XE5S,2025-07-30 17:20:00,9.2008,9.867,KHT-XE5S_2025_0526_1101,0.0,0.5
KHT-XE5S,2025-07-30 17:30:00,9.2004,9.869,KHT-XE5S_2025_0526_1101,0.00019999999999988915,0.5
KHT-XE5S,2025-07-30 17:40:00,9.2012,9.869,KHT-XE5S_2025_0526_1101,0.0,0.5
KHT-XE5S,2025-07-30 17:50:00,9.2014,9.87,KHT-XE5S_2025_0526_1101,9.999999999994457e-05,0.5
KHT-XE5S,2025-07-30 18:00:00,9.2012,9.869,KHT-XE5S_2025_0526_1101,9.999999999994457e-05,0.5
KHT-XE5S,2025-07-30 18:10:00,9.202,9.871,KHT-XE5S_2025_0526_1101,0.0002000000000000668,0.5
KHT-XE5S,2025-07-30 18:20:00,9.203,9.869,KHT-XE5S_2025_0526_1101,0.0002000000000000668,0.5
KHT-XE5S,2025-07-30 18:30:00,9.2047,9.871,KHT-XE5S_2025_0526_1101,0.0002000000000000668,0.5
KHT-XE5S,2025-07-30 18:40:00,9.2071,9.87,KHT-XE5S_2025_0526_1101,0.00010000000000012221,0.5
KHT-XE5S,2025-07-30 18:50:00,9.2082,9.87,KHT-XE5S_2025_0526_1101,0.0,0.5
KHT-XE5S,2025-07-30 19:00:00,9.2095,9.871,KHT-XE5S_2025_0526_1101,0.00010000000000012221,0.5
KHT-XE5S,2025-07-30 19:10:00,9.2114,9.871,KHT-XE5S_2025_0526_1101,0.0,0.5
KHT-XE5S,2025-07-30 19:20:00,9.2135,9.87,KHT-XE5S_2025_0526_1101,0.00010000000000012221,0.5
KHT-XE5S,2025-07-30 19:30:00,9.216,9.872,KHT-XE5S_2025_0526_1101,0.0002000000000000668,0.5
KHT-XE5S,2025-07-30 19:40:00,9.2192,9.872,KHT-XE5S_2025_0526_1101,0.0,0.5
KHT-XE5S,2025-07-30 19:50:00,9.222,9.873,KHT-XE5S_2025_0526_1101,9.999999999994457e-05,0.5
KHT-XE5S,2025-07-30 20:00:00,9.2245,9.87,KHT-XE5S_2025_0526_1101,0.00030000000000001136,0.5
KHT-XE5S,2025-07-30 20:10:00,9.2267,9.873,KHT-XE5S_2025_0526_1101,0.00030000000000001136,0.5
KHT-XE5S,2025-07-30 20:20:00,9.2291,9.872,KHT-XE5S_2025_0526_1101,9.999999999994457e-05,0.5
KHT-XE5S,2025-07-30 20:30:00,9.2315,9.872,KHT-XE5S_2025_0526_1101,0.0,0.5
KHT-XE5S,2025-07-30 20:40:00,9.2337,9.87,KHT-XE5S_2025_0526_1101,0.0002000000000000668,0.5
KHT-XE5S,2025-07-30 20:50:00,9.2364,9.874,KHT-XE5S_2025_0526_1101,0.0004000000000001336,0.5
KHT-XE5S,2025-07-30 21:00:00,9.2393,9.871,KHT-XE5S_2025_0526_1101,0.00030000000000001136,0.5
KHT-XE5S,2025-07-30 21:10:00,9.2423,9.872,KHT-XE5S_2025_0526_1101,9.999999999994457e-05,0.5
KHT-XE5S,2025-07-30 21:20:00,9.2444,9.871,KHT-XE5S_2025_0526_1101,9.999999999994457e-05,0.5
KHT-XE5S,2025-07-30 21:30:00,9.2478,9.874,KHT-XE5S_2025_0526_1101,0.00030000000000001136,0.5
KHT-XE5S,2025-07-30 21:40:00,9.2507,9.872,KHT-XE5S_2025_0526_1101,0.0002000000000000668,0.5
KHT-XE5S,2025-07-30 21:50:00,9.2538,9.875,KHT-XE5S_2025_0526_1101,0.00030000000000001136,0.5
KHT-XE5S,2025-07-30 22:00:00,9.2568,9.874,KHT-XE5S_2025_0526_1101,9.999999999994457e-05,0.5
KHT-XE5S,2025-07-30 22:10:00,9.2585,9.874,KHT-XE5S_2025_0526_1101,0.0,0.5
KHT-XE5S,2025-07-30 22:20:00,9.2602,9.874,KHT-XE5S_2025_0526_1101,0.0,0.5
KHT-XE5S,2025-07-30 22:30:00,9.2624,9.874,KHT-XE5S_2025_0526_1101,0.0,0.5
KHT-XE5S,2025-07-30 22:40:00,9.2639,9.874,KHT-XE5S_2025_0526_1101,0.0,0.5
KHT-XE5S,2025-07-30 22:50:00,9.2651,9.874,KHT-XE5S_2025_0526_1101,0.0,0.5
KHT-XE5S,2025-07-30 23:00:00,9.2674,9.875,KHT-XE5S_2025_0526_1101,9.999999999994457e-05,0.5
KHT-XE5S,2025-07-30 23:10:00,9.2689,9.875,KHT-XE5S_2025_0526_1101,0.0,0.5
KHT-XE5S,2025-07-30 23:20:00,9.2705,9.874,KHT-XE5S_2025_0526_1101,9.999999999994457e-05,0.5
KHT-XE5S,2025-07-30 23:30:00,9.2727,9.874,KHT-XE5S_2025_0526_1101,0.0,0.5
KHT-XE5S,2025-07-30 23:40:00,9.2748,9.877,KHT-XE5S_2025_0526_1101,0.00030000000000001136,0.5
KHT-XE5S,2025-07-30 23:50:00,9.2774,9.876,KHT-XE5S_2025_0526_1101,0.00010000000000012221,0.5
KHT-XE5S,2025-07-31 00:00:00,9.2795,9.877,KHT-XE5S_2025_0526_1101,0.00010000000000012221,0.5
KHT-XE5S,2025-07-31 00:10:00,9.2812,9.876,KHT-XE5S_2025_0526_1101,0.00010000000000012221,0.5
KHT-XE5S,2025-07-31 00:20:00,9.2828,9.876,KHT-XE5S_2025_0526_1101,0.0,0.5
KHT-XE5S,2025-07-31 00:30:00,9.2831,9.875,KHT-XE5S_2025_0526_1101,9.999999999994457e-05,0.5
KHT-XE5S,2025-07-31 00:40:00,9.2843,9.878,KHT-XE5S_2025_0526_1101,0.00030000000000001136,0.5
KHT-XE5S,2025-07-31 00:50:00,9.2855,9.875,KHT-XE5S_2025_0526_1101,0.00030000000000001136,0.5
KHT-XE5S,2025-07-31 01:00:00,9.2861,9.879,KHT-XE5S_2025_0526_1101,0.00039999999999995595,0.5
KHT-XE5S,2025-07-31 01:10:00,9.2877,9.878,KHT-XE5S_2025_0526_1101,9.999999999994457e-05,0.5
KHT-XE5S,2025-07-31 01:20:00,9.2886,9.878,KHT-XE5S_2025_0526_1101,0.0,0.5
KHT-XE5S,2025-07-31 01:30:00,9.2898,9.878,KHT-XE5S_2025_0526_1101,0.0,0.5
KHT-XE5S,2025-07-31 01:40:00,9.2906,9.877,KHT-XE5S_2025_0526_1101,9.999999999994457e-05,0.5
KHT-XE5S,2025-07-31 01:50:00,9.2913,9.877,KHT-XE5S_2025_0526_1101,0.0,0.5
KHT-XE5S,2025-07-31 02:00:00,9.292,9.878,KHT-XE5S_2025_0526_1101,9.999999999994457e-05,0.5
KHT-XE5S,2025-07-31 02:10:00,9.2931,9.88,KHT-XE5S_2025_0526_1101,0.0002000000000000668,0.5
KHT-XE5S,2025-07-31 02:20:00,9.2942,9.878,KHT-XE5S_2025_0526_1101,0.0002000000000000668,0.5
KHT-XE5S,2025-07-31 02:30:00,9.2942,9.88,KHT-XE5S_2025_0526_1101,0.0002000000000000668,0.5
KHT-XE5S,2025-07-31 02:40:00,9.2947,9.878,KHT-XE5S_2025_0526_1101,0.0002000000000000668,0.5
KHT-XE5S,2025-07-31 02:50:00,9.2962,9.878,KHT-XE5S_2025_0526_1101,0.0,0.5
KHT-XE5S,2025-07-31 03:00:00,9.2972,9.879,KHT-XE5S_2025_0526_1101,9.999999999994457e-05,0.5
KHT-XE5S,2025-07-31 03:10:00,9.2976,9.881,KHT-XE5S_2025_0526_1101,0.0002000000000000668,0.5
KHT-XE5S,2025-07-31 03:20:00,9.2988,9.88,KHT-XE5S_2025_0526_1101,9.999999999994457e-05,0.5
KHT-XE5S,2025-07-31 03:30:00,9.2995,9.88,KHT-XE5S_2025_0526_1101,0.0,0.5
KHT-XE5S,2025-07-31 03:40:00,9.3004,9.88,KHT-XE5S_2025_0526_1101,0.0,0.5
KHT-XE5S,2025-07-31 03:50:00,9.3012,9.881,KHT-XE5S_2025_0526_1101,9.999999999994457e-05,0.5
KHT-XE5S,2025-07-31 04:00:00,9.3021,9.88,KHT-XE5S_2025_0526_1101,9.999999999994457e-05,0.5
KHT-XE5S,2025-07-31 04:10:00,9.3022,9.879,KHT-XE5S_2025_0526_1101,0.00010000000000012221,0.5
KHT-XE5S,2025-07-31 04:20:00,9.3029,9.879,KHT-XE5S_2025_0526_1101,0.0,0.5
KHT-XE5S,2025-07-31 04:30:00,9.3032,9.879,KHT-XE5S_2025_0526_1101,0.0,0.5
KHT-XE5S,2025-07-31 04:40:00,9.3044,9.881,KHT-XE5S_2025_0526_1101,0.0002000000000000668,0.5
KHT-XE5S,2025-07-31 04:50:00,9.3051,9.881,KHT-XE5S_2025_0526_1101,0.0,0.5
KHT-XE5S,2025-07-31 05:00:00,9.3052,9.881,KHT-XE5S_2025_0526_1101,0.0,0.5
KHT-XE5S,2025-07-31 05:10:00,9.3061,9.881,KHT-XE5S_2025_0526_1101,0.0,0.5
KHT-XE5S,2025-07-31 05:20:00,9.307,9.883,KHT-XE5S_2025_0526_1101,0.00019999999999988915,0.5
KHT-XE5S,2025-07-31 05:30:00,9.3078,9.882,KHT-XE5S_2025_0526_1101,9.999999999994457e-05,0.5
KHT-XE5S,2025-07-31 05:40:00,9.3097,9.881,KHT-XE5S_2025_0526_1101,9.999999999994457e-05,0.5
KHT-XE5S,2025-07-31 05:50:00,9.311,9.881,KHT-XE5S_2025_0526_1101,0.0,0.5
KHT-XE5S,2025-07-31 06:00:00,9.313,9.884,KHT-XE5S_2025_0526_1101,0.00030000000000001136,0.5
KHT-XE5S,2025-07-31 06:10:00,9.3142,9.881,KHT-XE5S_2025_0526_1101,0.00030000000000001136,0.5
KHT-XE5S,2025-07-31 06:20:00,9.3149,9.883,KHT-XE5S_2025_0526_1101,0.00019999999999988915,0.5
KHT-XE5S,2025-07-31 06:30:00,9.3158,9.885,KHT-XE5S_2025_0526_1101,0.0002000000000000668,0.5
KHT-XE5S,2025-07-31 06:40:00,9.3173,9.883,KHT-XE5S_2025_0526_1101,0.0002000000000000668,0.5
KHT-XE5S,2025-07-31 06:50:00,9.318,9.883,KHT-XE5S_2025_0526_1101,0.0,0.5
KHT-XE5S,2025-07-31 07:00:00,9.3188,9.884,KHT-XE5S_2025_0526_1101,0.00010000000000012221,0.5
KHT-XE5S,2025-07-31 07:10:00,9.3193,9.882,KHT-XE5S_2025_0526_1101,0.0002000000000000668,0.5
KHT-XE5S,2025-07-31 07:20:00,9.3195,9.883,KHT-XE5S_2025_0526_1101,9.999999999994457e-05,0.5
KHT-XE5S,2025-07-31 07:30:00,9.321,9.883,KHT-XE5S_2025_0526_1101,0.0,0.5
KHT-XE5S,2025-07-31 07:40:00,9.3228,9.884,KHT-XE5S_2025_0526_1101,0.00010000000000012221,0.5
KHT-XE5S,2025-07-31 07:50:00,9.324,9.884,KHT-XE5S_2025_0526_1101,0.0,0.5
KHT-XE5S,2025-07-31 08:00:00,9.3244,9.883,KHT-XE5S_2025_0526_1101,0.00010000000000012221,0.5
KHT-XE5S,2025-07-31 08:10:00,9.3247,9.884,KHT-XE5S_2025_0526_1101,0.00010000000000012221,0.5
KHT-XE5S,2025-07-31 08:20:00,9.3248,9.884,KHT-XE5S_2025_0526_1101,0.0,0.5
KHT-XE5S,2025-07-31 08:30:00,9.3246,9.883,KHT-XE5S_2025_0526_1101,0.00010000000000012221,0.5
KHT-XE5S,2025-07-31 08:40:00,9.3239,9.884,KHT-XE5S_2025_0526_1101,0.00010000000000012221,0.5
KHT-XE5S,2025-07-31 08:50:00,9.3222,9.885,KHT-XE5S_2025_0526_1101,9.999999999994457e-05,0.5
KHT-XE5S,2025-07-31 09:00:00,9.3206,9.887,KHT-XE5S_2025_0526_1101,0.0002000000000000668,0.5
KHT-XE5S,2025-07-31 09:10:00,9.3191,9.884,KHT-XE5S_2025_0526_1101,0.00030000000000001136,0.5
KHT-XE5S,2025-07-31 09:20:00,9.3172,9.888,KHT-XE5S_2025_0526_1101,0.00039999999999995595,0.5
KHT-XE5S,2025-07-31 09:30:00,9.3152,9.887,KHT-XE5S_2025_0526_1101,9.999999999994457e-05,0.5
KHT-XE5S,2025-07-31 09:40:00,9.313,9.887,KHT-XE5S_2025_0526_1101,0.0,0.5
KHT-XE5S,2025-07-31 09:50:00,9.3115,9.888,KHT-XE5S_2025_0526_1101,9.999999999994457e-05,0.5
KHT-XE5S,2025-07-31 10:00:00,9.3092,9.888,KHT-XE5S_2025_0526_1101,0.0,0.5
KHT-XE5S,2025-07-31 10:10:00,9.3075,9.889,KHT-XE5S_2025_0526_1101,9.999999999994457e-05,0.5
KHT-XE5S,2025-07-31 10:20:00,9.3044,9.888,KHT-XE5S_2025_0526_1101,9.999999999994457e-05,0.5
KHT-XE5S,2025-07-31 10:30:00,9.3014,9.887,KHT-XE5S_2025_0526_1101,9.999999999994457e-05,0.5
KHT-XE5S,2025-07-31 10:40:00,9.2978,9.889,KHT-XE5S_2025_0526_1101,0.00019999999999988915,0.5
KHT-XE5S,2025-07-31 10:50:00,9.2949,9.889,KHT-XE5S_2025_0526_1101,0.0,0.5
KHT-XE5S,2025-07-31 11:00:00,9.2907,9.889,KHT-XE5S_2025_0526_1101,0.0,0.5
KHT-XE5S,2025-07-31 11:10:00,9.2877,9.888,KHT-XE5S_2025_0526_1101,9.999999999994457e-05,0.5
KHT-XE5S,2025-07-31 11:20:00,9.2831,9.889,KHT-XE5S_2025_0526_1101,9.999999999994457e-05,0.5
KHT-XE5S,2025-07-31 11:30:00,9.2799,9.889,KHT-XE5S_2025_0526_1101,0.0,0.5
KHT-XE5S,2025-07-31 11:40:00,9.276,9.888,KHT-XE5S_2025_0526_1101,9.999999999994457e-05,0.5
KHT-XE5S,2025-07-31 11:50:00,9.2735,9.89,KHT-XE5S_2025_0526_1101,0.0002000000000000668,0.5
KHT-XE5S,2025-07-31 12:00:00,9.2702,9.89,KHT-XE5S_2025_0526_1101,0.0,0.5
KHT-XE5S,2025-07-31 12:10:00,9.2658,9.89,KHT-XE5S_2025_0526_1101,0.0,0.5
KHT-XE5S,2025-07-31 12:20:00,9.2625,9.89,KHT-XE5S_2025_0526_1101,0.0,0.5
KHT-XE5S,2025-07-31 12:30:00,9.2583,9.891,KHT-XE5S_2025_0526_1101,9.999999999994457e-05,0.5
KHT-XE5S,2025-07-31 12:40:00,9.2548,9.891,KHT-XE5S_2025_0526_1101,0.0,0.5
KHT-XE5S,2025-07-31 12:50:00,9.2522,9.892,KHT-XE5S_2025_0526_1101,9.999999999994457e-05,0.5
KHT-XE5S,2025-07-31 13:00:00,9.2487,9.891,KHT-XE5S_2025_0526_1101,9.999999999994457e-05,0.5
KHT-XE5S,2025-07-31 13:10:00,9.2458,9.892,KHT-XE5S_2025_0526_1101,9.999999999994457e-05,0.5
KHT-XE5S,2025-07-31 13:20:00,9.243,9.891,KHT-XE5S_2025_0526_1101,9.999999999994457e-05,0.5
KHT-XE5S,2025-07-31 13:30:00,9.2389,9.895,KHT-XE5S_2025_0526_1101,0.00039999999999995595,0.5
KHT-XE5S,2025-07-31 13:40:00,9.2357,9.892,KHT-XE5S_2025_0526_1101,0.00030000000000001136,0.5
KHT-XE5S,2025-07-31 13:50:00,9.2326,9.892,KHT-XE5S_2025_0526_1101,0.0,0.5
KHT-XE5S,2025-07-31 14:00:00,9.2301,9.892,KHT-XE5S_2025_0526_1101,0.0,0.5
KHT-XE5S,2025-07-31 14:10:00,9.2274,9.893,KHT-XE5S_2025_0526_1101,0.00010000000000012221,0.5
KHT-XE5S,2025-07-31 14:20:00,9.2253,9.894,KHT-XE5S_2025_0526_1101,9.999999999994457e-05,0.5
KHT-XE5S,2025-07-31 14:30:00,9.2232,9.893,KHT-XE5S_2025_0526_1101,9.999999999994457e-05,0.5
KHT-XE5S,2025-07-31 14:40:00,9.2195,9.893,KHT-XE5S_2025_0526_1101,0.0,0.5
KHT-XE5S,2025-07-31 14:50:00,9.2162,9.893,KHT-XE5S_2025_0526_1101,0.0,0.5
KHT-XE5S,2025-07-31 15:00:00,9.215,9.894,KHT-XE5S_2025_0526_1101,9.999999999994457e-05,0.5
KHT-XE5S,2025-07-31 15:10:00,9.2129,9.894,KHT-XE5S_2025_0526_1101,0.0,0.5
KHT-XE5S,2025-07-31 15:20:00,9.211,9.894,KHT-XE5S_2025_0526_1101,0.0,0.5
KHT-XE5S,2025-07-31 15:30:00,9.2089,9.894,KHT-XE5S_2025_0526_1101,0.0,0.5
KHT-XE5S,2025-07-31 15:40:00,9.2071,9.895,KHT-XE5S_2025_0526_1101,9.999999999994457e-05,0.5
KHT-XE5S,2025-07-31 15:50:00,9.2056,9.895,KHT-XE5S_2025_0526_1101,0.0,0.5
KHT-XE5S,2025-07-31 16:00:00,9.2046,9.895,KHT-XE5S_2025_0526_1101,0.0,0.5
KHT-XE5S,2025-07-31 16:10:00,9.2023,9.897,KHT-XE5S_2025_0526_1101,0.0002000000000000668,0.5
KHT-XE5S,2025-07-31 16:20:00,9.2017,9.894,KHT-XE5S_2025_0526_1101,0.00030000000000001136,0.5
KHT-XE5S,2025-07-31 16:30:00,9.2004,9.896,KHT-XE5S_2025_0526_1101,0.0002000000000000668,0.5
KHT-XE5S,2025-07-31 16:40:00,9.2,9.894,KHT-XE5S_2025_0526_1101,0.0002000000000000668,0.5
KHT-XE5S,2025-07-31 16:50:00,9.1995,9.896,KHT-XE5S_2025_0526_1101,0.0002000000000000668,0.5
KHT-XE5S,2025-07-31 17:00:00,9.1989,9.897,KHT-XE5S_2025_0526_1101,9.999999999994457e-05,0.5
KHT-XE5S,2025-07-31 17:10:00,9.1986,9.897,KHT-XE5S_2025_0526_1101,0.0,0.5
KHT-XE5S,2025-07-31 17:20:00,9.1986,9.896,KHT-XE5S_2025_0526_1101,9.999999999994457e-05,0.5
KHT-XE5S,2025-07-31 17:30:00,9.1991,9.896,KHT-XE5S_2025_0526_1101,0.0,0.5
KHT-XE5S,2025-07-31 17:40:00,9.1991,9.896,KHT-XE5S_2025_0526_1101,0.0,0.5
KHT-XE5S,2025-07-31 17:50:00,9.2005,9.896,KHT-XE5S_2025_0526_1101,0.0,0.5
KHT-XE5S,2025-07-31 18:00:00,9.2017,9.896,KHT-XE5S_2025_0526_1101,0.0,0.5
KHT-XE5S,2025-07-31 18:10:00,9.2038,9.896,KHT-XE5S_2025_0526_1101,0.0,0.5
KHT-XE5S,2025-07-31 18:20:00,9.2058,9.897,KHT-XE5S_2025_0526_1101,9.999999999994457e-05,0.5
KHT-XE5S,2025-07-31 18:30:00,9.2075,9.895,KHT-XE5S_2025_0526_1101,0.0002000000000000668,0.5
KHT-XE5S,2025-07-31 18:40:00,9.21,9.896,KHT-XE5S_2025_0526_1101,0.00010000000000012221,0.5
KHT-XE5S,2025-07-31 18:50:00,9.2127,9.896,KHT-XE5S_2025_0526_1101,0.0,0.5
KHT-XE5S,2025-07-31 19:00:00,9.2153,9.897,KHT-XE5S_2025_0526_1101,9.999999999994457e-05,0.5
KHT-XE5S,2025-07-31 19:10:00,9.218,9.897,KHT-XE5S_2025_0526_1101,0.0,0.5
KHT-XE5S,2025-07-31 19:20:00,9.2209,9.899,KHT-XE5S_2025_0526_1101,0.00019999999999988915,0.5
KHT-XE5S,2025-07-31 19:30:00,9.2237,9.897,KHT-XE5S_2025_0526_1101,0.00019999999999988915,0.5
KHT-XE5S,2025-07-31 19:40:00,9.2269,9.897,KHT-XE5S_2025_0526_1101,0.0,0.5
KHT-XE5S,2025-07-31 19:50:00,9.2297,9.895,KHT-XE5S_2025_0526_1101,0.0002000000000000668,0.5
KHT-XE5S,2025-07-31 20:00:00,9.2331,9.896,KHT-XE5S_2025_0526_1101,0.00010000000000012221,0.5
KHT-XE5S,2025-07-31 20:10:00,9.2366,9.897,KHT-XE5S_2025_0526_1101,9.999999999994457e-05,0.5
KHT-XE5S,2025-07-31 20:20:00,9.2399,9.896,KHT-XE5S_2025_0526_1101,9.999999999994457e-05,0.5
KHT-XE5S,2025-07-31 20:30:00,9.2434,9.897,KHT-XE5S_2025_0526_1101,9.999999999994457e-05,0.5
KHT-XE5S,2025-07-31 20:40:00,9.2469,9.896,KHT-XE5S_2025_0526_1101,9.999999999994457e-05,0.5
KHT-XE5S,2025-07-31 20:50:00,9.2502,9.898,KHT-XE5S_2025_0526_1101,0.00019999999999988915,0.5
KHT-XE5S,2025-07-31 21:00:00,9.2537,9.896,KHT-XE5S_2025_0526_1101,0.00019999999999988915,0.5
KHT-XE5S,2025-07-31 21:10:00,9.2572,9.897,KHT-XE5S_2025_0526_1101,9.999999999994457e-05,0.5
KHT-XE5S,2025-07-31 21:20:00,9.2607,9.897,KHT-XE5S_2025_0526_1101,0.0,0.5
KHT-XE5S,2025-07-31 21:30:00,9.2637,9.897,KHT-XE5S_2025_0526_1101,0.0,0.5
KHT-XE5S,2025-07-31 21:40:00,9.2665,9.898,KHT-XE5S_2025_0526_1101,9.999999999994457e-05,0.5
KHT-XE5S,2025-07-31 21:50:00,9.2694,9.898,KHT-XE5S_2025_0526_1101,0.0,0.5
KHT-XE5S,2025-07-31 22:00:00,9.2717,9.898,KHT-XE5S_2025_0526_1101,0.0,0.5
KHT-XE5S,2025-07-31 22:10:00,9.2746,9.897,KHT-XE5S_2025_0526_1101,9.999999999994457e-05,0.5
KHT-XE5S,2025-07-31 22:20:00,9.277,9.897,KHT-XE5S_2025_0526_1101,0.0,0.5
KHT-XE5S,2025-07-31 22:30:00,9.2799,9.9,KHT-XE5S_2025_0526_1101,0.00030000000000001136,0.5
KHT-XE5S,2025-07-31 22:40:00,9.2822,9.9,KHT-XE5S_2025_0526_1101,0.0,0.5
KHT-XE5S,2025-07-31 22:50:00,9.2836,9.897,KHT-XE5S_2025_0526_1101,0.00030000000000001136,0.5
KHT-XE5S,2025-07-31 23:00:00,9.2852,9.9,KHT-XE5S_2025_0526_1101,0.00030000000000001136,0.5
KHT-XE5S,2025-07-31 23:10:00,9.2878,9.9,KHT-XE5S_2025_0526_1101,0.0,0.5
KHT-XE5S,2025-07-31 23:20:00,9.2897,9.899,KHT-XE5S_2025_0526_1101,0.00010000000000012221,0.5
KHT-XE5S,2025-07-31 23:30:00,9.2921,9.9,KHT-XE5S_2025_0526_1101,0.00010000000000012221,0.5
KHT-XE5S,2025-07-31 23:40:00,9.2943,9.9,KHT-XE5S_2025_0526_1101,0.0,0.5
KHT-XE5S,2025-07-31 23:50:00,9.2951,9.9,KHT-XE5S_2025_0526_1101,0.0,0.5
KHT-XE5S,2025-08-01 00:00:00,9.2968,9.9,KHT-XE5S_2025_0526_1101,0.0,0.5
KHT-XE5S,2025-08-01 00:10:00,9.2974,9.9,KHT-XE5S_2025_0526_1101,0.0,0.5
KHT-XE5S,2025-08-01 00:20:00,9.298,9.9,KHT-XE5S_2025_0526_1101,0.0,0.5
KHT-XE5S,2025-08-01 00:30:00,9.299,9.9,KHT-XE5S_2025_0526_1101,0.0,0.5
KHT-XE5S,2025-08-01 00:40:00,9.2997,9.9,KHT-XE5S_2025_0526_1101,0.0,0.5
KHT-XE5S,2025-08-01 00:50:00,9.3007,9.901,KHT-XE5S_2025_0526_1101,9.999999999994457e-05,0.5
KHT-XE5S,2025-08-01 01:00:00,9.3019,9.901,KHT-XE5S_2025_0526_1101,0.0,0.5
KHT-XE5S,2025-08-01 01:10:00,9.3034,9.902,KHT-XE5S_2025_0526_1101,9.999999999994457e-05,0.5
KHT-XE5S,2025-08-01 01:20:00,9.306,9.903,KHT-XE5S_2025_0526_1101,0.00010000000000012221,0.5
KHT-XE5S,2025-08-01 01:30:00,9.3068,9.901,KHT-XE5S_2025_0526_1101,0.0002000000000000668,0.5
KHT-XE5S,2025-08-01 01:40:00,9.3076,9.903,KHT-XE5S_2025_0526_1101,0.0002000000000000668,0.5
KHT-XE5S,2025-08-01 01:50:00,9.308,9.902,KHT-XE5S_2025_0526_1101,0.00010000000000012221,0.5
KHT-XE5S,2025-08-01 02:00:00,9.3088,9.902,KHT-XE5S_2025_0526_1101,0.0,0.5
KHT-XE5S,2025-08-01 02:10:00,9.3095,9.903,KHT-XE5S_2025_0526_1101,0.00010000000000012221,0.5
KHT-XE5S,2025-08-01 02:20:00,9.3104,9.904,KHT-XE5S_2025_0526_1101,9.999999999994457e-05,0.5
KHT-XE5S,2025-08-01 02:30:00,9.3116,9.903,KHT-XE5S_2025_0526_1101,9.999999999994457e-05,0.5
KHT-XE5S,2025-08-01 02:40:00,9.313,9.902,KHT-XE5S_2025_0526_1101,0.00010000000000012221,0.5
KHT-XE5S,2025-08-01 02:50:00,9.3149,9.903,KHT-XE5S_2025_0526_1101,0.00010000000000012221,0.5
KHT-XE5S,2025-08-01 03:00:00,9.315,9.904,KHT-XE5S_2025_0526_1101,9.999999999994457e-05,0.5
KHT-XE5S,2025-08-01 03:10:00,9.3159,9.905,KHT-XE5S_2025_0526_1101,9.999999999994457e-05,0.5
KHT-XE5S,2025-08-01 03:20:00,9.3163,9.903,KHT-XE5S_2025_0526_1101,0.00019999999999988915,0.5
KHT-XE5S,2025-08-01 03:30:00,9.3175,9.903,KHT-XE5S_2025_0526_1101,0.0,0.5
KHT-XE5S,2025-08-01 03:40:00,9.3184,9.905,KHT-XE5S_2025_0526_1101,0.00019999999999988915,0.5
KHT-XE5S,2025-08-01 03:50:00,9.3194,9.905,KHT-XE5S_2025_0526_1101,0.0,0.5
KHT-XE5S,2025-08-01 04:00:00,9.3196,9.903,KHT-XE5S_2025_0526_1101,0.00019999999999988915,0.5
KHT-XE5S,2025-08-01 04:10:00,9.3203,9.905,KHT-XE5S_2025_0526_1101,0.00019999999999988915,0.5
KHT-XE5S,2025-08-01 04:20:00,9.321,9.905,KHT-XE5S_2025_0526_1101,0.0,0.5
KHT-XE5S,2025-08-01 04:30:00,9.3216,9.905,KHT-XE5S_2025_0526_1101,0.0,0.5
KHT-XE5S,2025-08-01 04:40:00,9.3218,9.903,KHT-XE5S_2025_0526_1101,0.00019999999999988915,0.5
KHT-XE5S,2025-08-01 04:50:00,9.3226,9.903,KHT-XE5S_2025_0526_1101,0.0,0.5
KHT-XE5S,2025-08-01 05:00:00,9.3229,9.906,KHT-XE5S_2025_0526_1101,0.00030000000000001136,0.5
KHT-XE5S,2025-08-01 05:10:00,9.3237,9.905,KHT-XE5S_2025_0526_1101,0.00010000000000012221,0.5
KHT-XE5S,2025-08-01 05:20:00,9.3246,9.904,KHT-XE5S_2025_0526_1101,9.999999999994457e-05,0.5
KHT-XE5S,2025-08-01 05:30:00,9.3253,9.906,KHT-XE5S_2025_0526_1101,0.0002000000000000668,0.5
KHT-XE5S,2025-08-01 05:40:00,9.3266,9.907,KHT-XE5S_2025_0526_1101,9.999999999994457e-05,0.5
KHT-XE5S,2025-08-01 05:50:00,9.3278,9.906,KHT-XE5S_2025_0526_1101,9.999999999994457e-05,0.5
KHT-XE5S,2025-08-01 06:00:00,9.3287,9.907,KHT-XE5S_2025_0526_1101,9.999999999994457e-05,0.5
KHT-XE5S,2025-08-01 06:10:00,9.33,9.906,KHT-XE5S_2025_0526_1101,9.999999999994457e-05,0.5
KHT-XE5S,2025-08-01 06:20:00,9.3317,9.906,KHT-XE5S_2025_0526_1101,0.0,0.5
KHT-XE5S,2025-08-01 06:30:00,9.3328,9.905,KHT-XE5S_2025_0526_1101,0.00010000000000012221,0.5
KHT-XE5S,2025-08-01 06:40:00,9.3333,9.907,KHT-XE5S_2025_0526_1101,0.0002000000000000668,0.5
KHT-XE5S,2025-08-01 06:50:00,9.3338,9.906,KHT-XE5S_2025_0526_1101,9.999999999994457e-05,0.5
KHT-XE5S,2025-08-01 07:00:00,9.3339,9.908,KHT-XE5S_2025_0526_1101,0.00019999999999988915,0.5
KHT-XE5S,2025-08-01 07:10:00,9.3343,9.907,KHT-XE5S_2025_0526_1101,9.999999999994457e-05,0.5
KHT-XE5S,2025-08-01 07:20:00,9.3347,9.908,KHT-XE5S_2025_0526_1101,9.999999999994457e-05,0.5
KHT-XE5S,2025-08-01 07:30:00,9.3356,9.906,KHT-XE5S_2025_0526_1101,0.00019999999999988915,0.5
KHT-XE5S,2025-08-01 07:40:00,9.3364,9.909,KHT-XE5S_2025_0526_1101,0.00030000000000001136,0.5
KHT-XE5S,2025-08-01 07:50:00,9.3369,9.906,KHT-XE5S_2025_0526_1101,0.00030000000000001136,0.5
KHT-XE5S,2025-08-01 08:00:00,9.3378,9.908,KHT-XE5S_2025_0526_1101,0.00019999999999988915,0.5
KHT-XE5S,2025-08-01 08:10:00,9.338,9.908,KHT-XE5S_2025_0526_1101,0.0,0.5
KHT-XE5S,2025-08-01 08:20:00,9.3385,9.91,KHT-XE5S_2025_0526_1101,0.0002000000000000668,0.5
KHT-XE5S,2025-08-01 08:30:00,9.3385,9.908,KHT-XE5S_2025_0526_1101,0.0002000000000000668,0.5
KHT-XE5S,2025-08-01 08:40:00,9.338,9.909,KHT-XE5S_2025_0526_1101,0.00010000000000012221,0.5
KHT-XE5S,2025-08-01 08:50:00,9.3369,9.909,KHT-XE5S_2025_0526_1101,0.0,0.5
KHT-XE5S,2025-08-01 09:00:00,9.3353,9.909,KHT-XE5S_2025_0526_1101,0.0,0.5
KHT-XE5S,2025-08-01 09:10:00,9.3333,9.911,KHT-XE5S_2025_0526_1101,0.00019999999999988915,0.5
KHT-XE5S,2025-08-01 09:20:00,9.3314,9.912,KHT-XE5S_2025_0526_1101,0.00010000000000012221,0.5
KHT-XE5S,2025-08-01 09:30:00,9.3293,9.909,KHT-XE5S_2025_0526_1101,0.00030000000000001136,0.5
KHT-XE5S,2025-08-01 09:40:00,9.3271,9.91,KHT-XE5S_2025_0526_1101,9.999999999994457e-05,0.5
KHT-XE5S,2025-08-01 09:50:00,9.3252,9.911,KHT-XE5S_2025_0526_1101,9.999999999994457e-05,0.5
KHT-XE5S,2025-08-01 10:00:00,9.3238,9.912,KHT-XE5S_2025_0526_1101,0.00010000000000012221,0.5
KHT-XE5S,2025-08-01 10:10:00,9.3218,9.911,KHT-XE5S_2025_0526_1101,0.00010000000000012221,0.5
KHT-XE5S,2025-08-01 10:20:00,9.3187,9.911,KHT-XE5S_2025_0526_1101,0.0,0.5
KHT-XE5S,2025-08-01 10:30:00,9.3166,9.911,KHT-XE5S_2025_0526_1101,0.0,0.5
KHT-XE5S,2025-08-01 10:40:00,9.3129,9.914,KHT-XE5S_2025_0526_1101,0.00030000000000001136,0.5
KHT-XE5S,2025-08-01 10:50:00,9.3105,9.913,KHT-XE5S_2025_0526_1101,9.999999999994457e-05,0.5
KHT-XE5S,2025-08-01 11:00:00,9.3066,9.914,KHT-XE5S_2025_0526_1101,9.999999999994457e-05,0.5
KHT-XE5S,2025-08-01 11:10:00,9.303,9.913,KHT-XE5S_2025_0526_1101,9.999999999994457e-05,0.5
KHT-XE5S,2025-08-01 11:20:00,9.2989,9.915,KHT-XE5S_2025_0526_1101,0.00019999999999988915,0.5
KHT-XE5S,2025-08-01 11:30:00,9.2953,9.913,KHT-XE5S_2025_0526_1101,0.00019999999999988915,0.5
KHT-XE5S,2025-08-01 11:40:00,9.2917,9.916,KHT-XE5S_2025_0526_1101,0.00030000000000001136,0.5
KHT-XE5S,2025-08-01 11:50:00,9.2864,9.913,KHT-XE5S_2025_0526_1101,0.00030000000000001136,0.5
KHT-XE5S,2025-08-01 12:00:00,9.2826,9.915,KHT-XE5S_2025_0526_1101,0.00019999999999988915,0.5
KHT-XE5S,2025-08-01 12:10:00,9.2779,9.915,KHT-XE5S_2025_0526_1101,0.0,0.5
KHT-XE5S,2025-08-01 12:20:00,9.2739,9.915,KHT-XE5S_2025_0526_1101,0.0,0.5
KHT-XE5S,2025-08-01 12:30:00,9.2689,9.915,KHT-XE5S_2025_0526_1101,0.0,0.5
KHT-XE5S,2025-08-01 12:40:00,9.2653,9.917,KHT-XE5S_2025_0526_1101,0.0002000000000000668,0.5
KHT-XE5S,2025-08-01 12:50:00,9.2628,9.917,KHT-XE5S_2025_0526_1101,0.0,0.5
KHT-XE5S,2025-08-01 13:00:00,9.259,9.917,KHT-XE5S_2025_0526_1101,0.0,0.5
KHT-XE5S,2025-08-01 13:10:00,9.2554,9.917,KHT-XE5S_2025_0526_1101,0.0,0.5
KHT-XE5S,2025-08-01 13:20:00,9.2524,9.916,KHT-XE5S_2025_0526_1101,9.999999999994457e-05,0.5
KHT-XE5S,2025-08-01 13:30:00,9.2491,9.916,KHT-XE5S_2025_0526_1101,0.0,0.5
KHT-XE5S,2025-08-01 13:40:00,9.2455,9.916,KHT-XE5S_2025_0526_1101,0.0,0.5
KHT-XE5S,2025-08-01 13:50:00,9.2438,9.918,KHT-XE5S_2025_0526_1101,0.00019999999999988915,0.5
KHT-XE5S,2025-08-01 14:00:00,9.2401,9.918,KHT-XE5S_2025_0526_1101,0.0,0.5
KHT-XE5S,2025-08-01 14:10:00,9.2389,9.916,KHT-XE5S_2025_0526_1101,0.00019999999999988915,0.5
KHT-XE5S,2025-08-01 14:20:00,9.2346,9.915,KHT-XE5S_2025_0526_1101,0.00010000000000012221,0.5
KHT-XE5S,2025-08-01 14:30:00,9.2313,9.919,KHT-XE5S_2025_0526_1101,0.0004000000000001336,0.5
KHT-XE5S,2025-08-01 14:40:00,9.2292,9.917,KHT-XE5S_2025_0526_1101,0.0002000000000000668,0.5
KHT-XE5S,2025-08-01 14:50:00,9.2273,9.918,KHT-XE5S_2025_0526_1101,9.999999999994457e-05,0.5
KHT-XE5S,2025-08-01 15:00:00,9.2249,9.919,KHT-XE5S_2025_0526_1101,0.00010000000000012221,0.5
KHT-XE5S,2025-08-01 15:10:00,9.2232,9.918,KHT-XE5S_2025_0526_1101,0.00010000000000012221,0.5
KHT-XE5S,2025-08-01 15:20:00,9.2211,9.918,KHT-XE5S_2025_0526_1101,0.0,0.5
KHT-XE5S,2025-08-01 15:30:00,9.2183,9.918,KHT-XE5S_2025_0526_1101,0.0,0.5
KHT-XE5S,2025-08-01 15:40:00,9.2165,9.917,KHT-XE5S_2025_0526_1101,9.999999999994457e-05,0.5
KHT-XE5S,2025-08-01 15:50:00,9.2149,9.92,KHT-XE5S_2025_0526_1101,0.00030000000000001136,0.5
KHT-XE5S,2025-08-01 16:00:00,9.214,9.918,KHT-XE5S_2025_0526_1101,0.0002000000000000668,0.5
KHT-XE5S,2025-08-01 16:10:00,9.2123,9.919,KHT-XE5S_2025_0526_1101,0.00010000000000012221,0.5
KHT-XE5S,2025-08-01 16:20:00,9.2128,9.92,KHT-XE5S_2025_0526_1101,9.999999999994457e-05,0.5
KHT-XE5S,2025-08-01 16:30:00,9.212,9.92,KHT-XE5S_2025_0526_1101,0.0,0.5
KHT-XE5S,2025-08-01 16:40:00,9.2119,9.918,KHT-XE5S_2025_0526_1101,0.0002000000000000668,0.5
KHT-XE5S,2025-08-01 16:50:00,9.2104,9.922,KHT-XE5S_2025_0526_1101,0.0004000000000001336,0.5
KHT-XE5S,2025-08-01 17:00:00,9.2107,9.922,KHT-XE5S_2025_0526_1101,0.0,0.5
KHT-XE5S,2025-08-01 17:10:00,9.2101,9.921,KHT-XE5S_2025_0526_1101,0.00010000000000012221,0.5
KHT-XE5S,2025-08-01 17:20:00,9.2098,9.922,KHT-XE5S_2025_0526_1101,0.00010000000000012221,0.5
KHT-XE5S,2025-08-01 17:30:00,9.2098,9.922,KHT-XE5S_2025_0526_1101,0.0,0.5
KHT-XE5S,2025-08-01 17:40:00,9.21,9.923,KHT-XE5S_2025_0526_1101,9.999999999994457e-05,0.5
KHT-XE5S,2025-08-01 17:50:00,9.2113,9.922,KHT-XE5S_2025_0526_1101,9.999999999994457e-05,0.5
KHT-XE5S,2025-08-01 18:00:00,9.2124,9.921,KHT-XE5S_2025_0526_1101,0.00010000000000012221,0.5
KHT-XE5S,2025-08-01 18:10:00,9.2134,9.921,KHT-XE5S_2025_0526_1101,0.0,0.5
KHT-XE5S,2025-08-01 18:20:00,9.2151,9.919,KHT-XE5S_2025_0526_1101,0.00019999999999988915,0.5
KHT-XE5S,2025-08-01 18:30:00,9.2171,9.921,KHT-XE5S_2025_0526_1101,0.00019999999999988915,0.5
KHT-XE5S,2025-08-01 18:40:00,9.2201,9.919,KHT-XE5S_2025_0526_1101,0.00019999999999988915,0.5
KHT-XE5S,2025-08-01 18:50:00,9.223,9.92,KHT-XE5S_2025_0526_1101,9.999999999994457e-05,0.5
KHT-XE5S,2025-08-01 19:00:00,9.226,9.92,KHT-XE5S_2025_0526_1101,0.0,0.5
KHT-XE5S,2025-08-01 19:10:00,9.2292,9.92,KHT-XE5S_2025_0526_1101,0.0,0.5
KHT-XE5S,2025-08-01 19:20:00,9.2325,9.921,KHT-XE5S_2025_0526_1101,9.999999999994457e-05,0.5
KHT-XE5S,2025-08-01 19:30:00,9.2353,9.92,KHT-XE5S_2025_0526_1101,9.999999999994457e-05,0.5
KHT-XE5S,2025-08-01 19:40:00,9.2392,9.925,KHT-XE5S_2025_0526_1101,0.0005000000000000782,0.5
KHT-XE5S,2025-08-01 19:50:00,9.2434,9.922,KHT-XE5S_2025_0526_1101,0.00030000000000001136,0.5
KHT-XE5S,2025-08-01 20:00:00,9.2471,9.923,KHT-XE5S_2025_0526_1101,9.999999999994457e-05,0.5
KHT-XE5S,2025-08-01 20:10:00,9.2507,9.921,KHT-XE5S_2025_0526_1101,0.0002000000000000668,0.5
KHT-XE5S,2025-08-01 20:20:00,9.2546,9.921,KHT-XE5S_2025_0526_1101,0.0,0.5
KHT-XE5S,2025-08-01 20:30:00,9.258,9.922,KHT-XE5S_2025_0526_1101,0.00010000000000012221,0.5
KHT-XE5S,2025-08-01 20:40:00,9.2613,9.921,KHT-XE5S_2025_0526_1101,0.00010000000000012221,0.5
KHT-XE5S,2025-08-01 20:50:00,9.2657,9.921,KHT-XE5S_2025_0526_1101,0.0,0.5
KHT-XE5S,2025-08-01 21:00:00,9.2691,9.923,KHT-XE5S_2025_0526_1101,0.0002000000000000668,0.5
KHT-XE5S,2025-08-01 21:10:00,9.2727,9.922,KHT-XE5S_2025_0526_1101,9.999999999994457e-05,0.5
KHT-XE5S,2025-08-01 21:20:00,9.2751,9.922,KHT-XE5S_2025_0526_1101,0.0,0.5
KHT-XE5S,2025-08-01 21:30:00,9.2786,9.922,KHT-XE5S_2025_0526_1101,0.0,0.5
KHT-XE5S,2025-08-01 21:40:00,9.2817,9.923,KHT-XE5S_2025_0526_1101,9.999999999994457e-05,0.5
KHT-XE5S,2025-08-01 21:50:00,9.2844,9.922,KHT-XE5S_2025_0526_1101,9.999999999994457e-05,0.5
KHT-XE5S,2025-08-01 22:00:00,9.2875,9.923,KHT-XE5S_2025_0526_1101,9.999999999994457e-05,0.5
KHT-XE5S,2025-08-01 22:10:00,9.29,9.923,KHT-XE5S_2025_0526_1101,0.0,0.5
KHT-XE5S,2025-08-01 22:20:00,9.2914,9.921,KHT-XE5S_2025_0526_1101,0.0002000000000000668,0.5
KHT-XE5S,2025-08-01 22:30:00,9.2933,9.926,KHT-XE5S_2025_0526_1101,0.0005000000000000782,0.5
KHT-XE5S,2025-08-01 22:40:00,9.295,9.923,KHT-XE5S_2025_0526_1101,0.00030000000000001136,0.5
KHT-XE5S,2025-08-01 22:50:00,9.2971,9.924,KHT-XE5S_2025_0526_1101,9.999999999994457e-05,0.5
KHT-XE5S,2025-08-01 23:00:00,9.2982,9.923,KHT-XE5S_2025_0526_1101,9.999999999994457e-05,0.5
KHT-XE5S,2025-08-01 23:10:00,9.3003,9.925,KHT-XE5S_2025_0526_1101,0.0002000000000000668,0.5
KHT-XE5S,2025-08-01 23:20:00,9.3022,9.926,KHT-XE5S_2025_0526_1101,9.999999999994457e-05,0.5
KHT-XE5S,2025-08-01 23:30:00,9.3042,9.925,KHT-XE5S_2025_0526_1101,9.999999999994457e-05,0.5
KHT-XE5S,2025-08-01 23:40:00,9.3057,9.926,KHT-XE5S_2025_0526_1101,9.999999999994457e-05,0.5
KHT-XE5S,2025-08-01 23:50:00,9.3085,9.927,KHT-XE5S_2025_0526_1101,9.999999999994457e-05,0.5
KHT-XE5S,2025-08-02 00:00:00,9.3098,9.925,KHT-XE5S_2025_0526_1101,0.00019999999999988915,0.5
KHT-XE5S,2025-08-02 00:10:00,9.3116,9.926,KHT-XE5S_2025_0526_1101,9.999999999994457e-05,0.5
KHT-XE5S,2025-08-02 00:20:00,9.3124,9.926,KHT-XE5S_2025_0526_1101,0.0,0.5
KHT-XE5S,2025-08-02 00:30:00,9.3139,9.926,KHT-XE5S_2025_0526_1101,0.0,0.5
KHT-XE5S,2025-08-02 00:40:00,9.3148,9.926,KHT-XE5S_2025_0526_1101,0.0,0.5
KHT-XE5S,2025-08-02 00:50:00,9.3153,9.924,KHT-XE5S_2025_0526_1101,0.0002000000000000668,0.5
KHT-XE5S,2025-08-02 01:00:00,9.3164,9.927,KHT-XE5S_2025_0526_1101,0.00030000000000001136,0.5
KHT-XE5S,2025-08-02 01:10:00,9.3177,9.927,KHT-XE5S_2025_0526_1101,0.0,0.5
KHT-XE5S,2025-08-02 01:20:00,9.3193,9.927,KHT-XE5S_2025_0526_1101,0.0,0.5
KHT-XE5S,2025-08-02 01:30:00,9.32,9.926,KHT-XE5S_2025_0526_1101,9.999999999994457e-05,0.5
KHT-XE5S,2025-08-02 01:40:00,9.3214,9.927,KHT-XE5S_2025_0526_1101,9.999999999994457e-05,0.5
KHT-XE5S,2025-08-02 01:50:00,9.3221,9.929,KHT-XE5S_2025_0526_1101,0.0002000000000000668,0.5
KHT-XE5S,2025-08-02 02:00:00,9.3226,9.928,KHT-XE5S_2025_0526_1101,9.999999999994457e-05,0.5
KHT-XE5S,2025-08-02 02:10:00,9.3238,9.928,KHT-XE5S_2025_0526_1101,0.0,0.5
KHT-XE5S,2025-08-02 02:20:00,9.3243,9.929,KHT-XE5S_2025_0526_1101,9.999999999994457e-05,0.5
KHT-XE5S,2025-08-02 02:30:00,9.3248,9.929,KHT-XE5S_2025_0526_1101,0.0,0.5
KHT-XE5S,2025-08-02 02:40:00,9.3258,9.928,KHT-XE5S_2025_0526_1101,9.999999999994457e-05,0.5
KHT-XE5S,2025-08-02 02:50:00,9.3267,9.929,KHT-XE5S_2025_0526_1101,9.999999999994457e-05,0.5
KHT-XE5S,2025-08-02 03:00:00,9.3277,9.929,KHT-XE5S_2025_0526_1101,0.0,0.5
KHT-XE5S,2025-08-02 03:10:00,9.3284,9.928,KHT-XE5S_2025_0526_1101,9.999999999994457e-05,0.5
KHT-XE5S,2025-08-02 03:20:00,9.3296,9.929,KHT-XE5S_2025_0526_1101,9.999999999994457e-05,0.5
KHT-XE5S,2025-08-02 03:30:00,9.3308,9.929,KHT-XE5S_2025_0526_1101,0.0,0.5
KHT-XE5S,2025-08-02 03:40:00,9.3316,9.928,KHT-XE5S_2025_0526_1101,9.999999999994457e-05,0.5
KHT-XE5S,2025-08-02 03:50:00,9.3321,9.93,KHT-XE5S_2025_0526_1101,0.00019999999999988915,0.5
KHT-XE5S,2025-08-02 04:00:00,9.3331,9.93,KHT-XE5S_2025_0526_1101,0.0,0.5
KHT-XE5S,2025-08-02 04:10:00,9.3344,9.932,KHT-XE5S_2025_0526_1101,0.0002000000000000668,0.5
KHT-XE5S,2025-08-02 04:20:00,9.3349,9.929,KHT-XE5S_2025_0526_1101,0.00030000000000001136,0.5
KHT-XE5S,2025-08-02 04:30:00,9.3356,9.932,KHT-XE5S_2025_0526_1101,0.00030000000000001136,0.5
KHT-XE5S,2025-08-02 04:40:00,9.3359,9.93,KHT-XE5S_2025_0526_1101,0.0002000000000000668,0.5
KHT-XE5S,2025-08-02 04:50:00,9.3367,9.93,KHT-XE5S_2025_0526_1101,0.0,0.5
KHT-XE5S,2025-08-02 05:00:00,9.3378,9.932,KHT-XE5S_2025_0526_1101,0.0002000000000000668,0.5
KHT-XE5S,2025-08-02 05:10:00,9.3392,9.929,KHT-XE5S_2025_0526_1101,0.00030000000000001136,0.5
KHT-XE5S,2025-08-02 05:20:00,9.3404,9.93,KHT-XE5S_2025_0526_1101,9.999999999994457e-05,0.5
KHT-XE5S,2025-08-02 05:30:00,9.3417,9.932,KHT-XE5S_2025_0526_1101,0.0002000000000000668,0.5
KHT-XE5S,2025-08-02 05:40:00,9.3426,9.93,KHT-XE5S_2025_0526_1101,0.0002000000000000668,0.5
KHT-XE5S,2025-08-02 05:50:00,9.3442,9.931,KHT-XE5S_2025_0526_1101,9.999999999994457e-05,0.5
KHT-XE5S,2025-08-02 06:00:00,9.3458,9.932,KHT-XE5S_2025_0526_1101,0.00010000000000012221,0.5
KHT-XE5S,2025-08-02 06:10:00,9.3469,9.93,KHT-XE5S_2025_0526_1101,0.0002000000000000668,0.5
KHT-XE5S,2025-08-02 06:20:00,9.3473,9.933,KHT-XE5S_2025_0526_1101,0.00030000000000001136,0.5
KHT-XE5S,2025-08-02 06:30:00,9.3482,9.932,KHT-XE5S_2025_0526_1101,9.999999999994457e-05,0.5
KHT-XE5S,2025-08-02 06:40:00,9.3498,9.932,KHT-XE5S_2025_0526_1101,0.0,0.5
KHT-XE5S,2025-08-02 06:50:00,9.3506,9.931,KHT-XE5S_2025_0526_1101,0.00010000000000012221,0.5
KHT-XE5S,2025-08-02 07:00:00,9.351,9.931,KHT-XE5S_2025_0526_1101,0.0,0.5
KHT-XE5S,2025-08-02 07:10:00,9.3519,9.933,KHT-XE5S_2025_0526_1101,0.0002000000000000668,0.5
KHT-XE5S,2025-08-02 07:20:00,9.353,9.934,KHT-XE5S_2025_0526_1101,9.999999999994457e-05,0.5
KHT-XE5S,2025-08-02 07:30:00,9.3537,9.933,KHT-XE5S_2025_0526_1101,9.999999999994457e-05,0.5
KHT-XE5S,2025-08-02 07:40:00,9.3545,9.933,KHT-XE5S_2025_0526_1101,0.0,0.5
KHT-XE5S,2025-08-02 07:50:00,9.3558,9.934,KHT-XE5S_2025_0526_1101,9.999999999994457e-05,0.5
KHT-XE5S,2025-08-02 08:00:00,9.3563,9.935,KHT-XE5S_2025_0526_1101,0.00010000000000012221,0.5
KHT-XE5S,2025-08-02 08:10:00,9.3563,9.933,KHT-XE5S_2025_0526_1101,0.0002000000000000668,0.5
KHT-XE5S,2025-08-02 08:20:00,9.3564,9.934,KHT-XE5S_2025_0526_1101,9.999999999994457e-05,0.5
KHT-XE5S,2025-08-02 08:30:00,9.3567,9.934,KHT-XE5S_2025_0526_1101,0.0,0.5
KHT-XE5S,2025-08-02 08:40:00,9.3567,9.935,KHT-XE5S_2025_0526_1101,0.00010000000000012221,0.5
KHT-XE5S,2025-08-02 08:50:00,9.356,9.935,KHT-XE5S_2025_0526_1101,0.0,0.5
KHT-XE5S,2025-08-02 09:00:00,9.3548,9.935,KHT-XE5S_2025_0526_1101,0.0,0.5
KHT-XE5S,2025-08-02 09:10:00,9.3538,9.936,KHT-XE5S_2025_0526_1101,9.999999999994457e-05,0.5
KHT-XE5S,2025-08-02 09:20:00,9.3528,9.937,KHT-XE5S_2025_0526_1101,9.999999999994457e-05,0.5
KHT-XE5S,2025-08-02 09:30:00,9.3507,9.934,KHT-XE5S_2025_0526_1101,0.00030000000000001136,0.5
KHT-XE5S,2025-08-02 09:40:00,9.3478,9.935,KHT-XE5S_2025_0526_1101,0.00010000000000012221,0.5
KHT-XE5S,2025-08-02 09:50:00,9.3453,9.938,KHT-XE5S_2025_0526_1101,0.00030000000000001136,0.5
KHT-XE5S,2025-08-02 10:00:00,9.3428,9.937,KHT-XE5S_2025_0526_1101,0.00010000000000012221,0.5
KHT-XE5S,2025-08-02 10:10:00,9.3406,9.938,KHT-XE5S_2025_0526_1101,0.00010000000000012221,0.5
KHT-XE5S,2025-08-02 10:20:00,9.3384,9.938,KHT-XE5S_2025_0526_1101,0.0,0.5
KHT-XE5S,2025-08-02 10:30:00,9.3359,9.939,KHT-XE5S_2025_0526_1101,9.999999999994457e-05,0.5
KHT-XE5S,2025-08-02 10:40:00,9.3338,9.94,KHT-XE5S_2025_0526_1101,9.999999999994457e-05,0.5
KHT-XE5S,2025-08-02 10:50:00,9.3307,9.939,KHT-XE5S_2025_0526_1101,9.999999999994457e-05,0.5
KHT-XE5S,2025-08-02 11:00:00,9.3274,9.938,KHT-XE5S_2025_0526_1101,9.999999999994457e-05,0.5
KHT-XE5S,2025-08-02 11:10:00,9.3227,9.94,KHT-XE5S_2025_0526_1101,0.00019999999999988915,0.5
KHT-XE5S,2025-08-02 11:20:00,9.3189,9.941,KHT-XE5S_2025_0526_1101,0.00010000000000012221,0.5
KHT-XE5S,2025-08-02 11:30:00,9.3153,9.943,KHT-XE5S_2025_0526_1101,0.00019999999999988915,0.5
KHT-XE5S,2025-08-02 11:40:00,9.3107,9.94,KHT-XE5S_2025_0526_1101,0.00030000000000001136,0.5
KHT-XE5S,2025-08-02 11:50:00,9.3065,9.941,KHT-XE5S_2025_0526_1101,0.00010000000000012221,0.5
KHT-XE5S,2025-08-02 12:00:00,9.3026,9.942,KHT-XE5S_2025_0526_1101,9.999999999994457e-05,0.5
KHT-XE5S,2025-08-02 12:10:00,9.2995,9.942,KHT-XE5S_2025_0526_1101,0.0,0.5
KHT-XE5S,2025-08-02 12:20:00,9.2963,9.942,KHT-XE5S_2025_0526_1101,0.0,0.5
KHT-XE5S,2025-08-02 12:30:00,9.2919,9.942,KHT-XE5S_2025_0526_1101,0.0,0.5
KHT-XE5S,2025-08-02 12:40:00,9.2887,9.942,KHT-XE5S_2025_0526_1101,0.0,0.5
KHT-XE5S,2025-08-02 12:50:00,9.2851,9.943,KHT-XE5S_2025_0526_1101,9.999999999994457e-05,0.5
KHT-XE5S,2025-08-02 13:00:00,9.2824,9.944,KHT-XE5S_2025_0526_1101,0.00010000000000012221,0.5
KHT-XE5S,2025-08-02 13:10:00,9.2779,9.943,KHT-XE5S_2025_0526_1101,0.00010000000000012221,0.5
KHT-XE5S,2025-08-02 13:20:00,9.2744,9.944,KHT-XE5S_2025_0526_1101,0.00010000000000012221,0.5
KHT-XE5S,2025-08-02 13:30:00,9.2717,9.944,KHT-XE5S_2025_0526_1101,0.0,0.5
KHT-XE5S,2025-08-02 13:40:00,9.267,9.943,KHT-XE5S_2025_0526_1101,0.00010000000000012221,0.5
KHT-XE5S,2025-08-02 13:50:00,9.2636,9.944,KHT-XE5S_2025_0526_1101,0.00010000000000012221,0.5
KHT-XE5S,2025-08-02 14:00:00,9.2608,9.943,KHT-XE5S_2025_0526_1101,0.00010000000000012221,0.5
KHT-XE5S,2025-08-02 14:10:00,9.2565,9.944,KHT-XE5S_2025_0526_1101,0.00010000000000012221,0.5
KHT-XE5S,2025-08-02 14:20:00,9.2539,9.943,KHT-XE5S_2025_0526_1101,0.00010000000000012221,0.5
KHT-XE5S,2025-08-02 14:30:00,9.2496,9.942,KHT-XE5S_2025_0526_1101,9.999999999994457e-05,0.5
KHT-XE5S,2025-08-02 14:40:00,9.2465,9.947,KHT-XE5S_2025_0526_1101,0.0004999999999999005,0.5
KHT-XE5S,2025-08-02 14:50:00,9.2433,9.944,KHT-XE5S_2025_0526_1101,0.0002999999999998337,0.5
KHT-XE5S,2025-08-02 15:00:00,9.2409,9.944,KHT-XE5S_2025_0526_1101,0.0,0.5
KHT-XE5S,2025-08-02 15:10:00,9.239,9.947,KHT-XE5S_2025_0526_1101,0.0002999999999998337,0.5
KHT-XE5S,2025-08-02 15:20:00,9.2366,9.944,KHT-XE5S_2025_0526_1101,0.0002999999999998337,0.5
KHT-XE5S,2025-08-02 15:30:00,9.2344,9.946,KHT-XE5S_2025_0526_1101,0.00019999999999988915,0.5
KHT-XE5S,2025-08-02 15:40:00,9.2309,9.947,KHT-XE5S_2025_0526_1101,9.999999999994457e-05,0.5
KHT-XE5S,2025-08-02 15:50:00,9.229,9.948,KHT-XE5S_2025_0526_1101,0.00010000000000012221,0.5
KHT-XE5S,2025-08-02 16:00:00,9.2276,9.948,KHT-XE5S_2025_0526_1101,0.0,0.5
KHT-XE5S,2025-08-02 16:10:00,9.2255,9.947,KHT-XE5S_2025_0526_1101,0.00010000000000012221,0.5
KHT-XE5S,2025-08-02 16:20:00,9.2237,9.948,KHT-XE5S_2025_0526_1101,0.00010000000000012221,0.5
KHT-XE5S,2025-08-02 16:30:00,9.2215,9.946,KHT-XE5S_2025_0526_1101,0.0002000000000000668,0.5
KHT-XE5S,2025-08-02 16:40:00,9.2204,9.948,KHT-XE5S_2025_0526_1101,0.0002000000000000668,0.5
KHT-XE5S,2025-08-02 16:50:00,9.2186,9.946,KHT-XE5S_2025_0526_1101,0.0002000000000000668,0.5
KHT-XE5S,2025-08-02 17:00:00,9.2181,9.947,KHT-XE5S_2025_0526_1101,9.999999999994457e-05,0.5
KHT-XE5S,2025-08-02 17:10:00,9.2179,9.947,KHT-XE5S_2025_0526_1101,0.0,0.5
KHT-XE5S,2025-08-02 17:20:00,9.2166,9.947,KHT-XE5S_2025_0526_1101,0.0,0.5
KHT-XE5S,2025-08-02 17:30:00,9.2166,9.948,KHT-XE5S_2025_0526_1101,0.00010000000000012221,0.5
KHT-XE5S,2025-08-02 17:40:00,9.2168,9.948,KHT-XE5S_2025_0526_1101,0.0,0.5
KHT-XE5S,2025-08-02 17:50:00,9.2174,9.948,KHT-XE5S_2025_0526_1101,0.0,0.5
KHT-XE5S,2025-08-02 18:00:00,9.2181,9.947,KHT-XE5S_2025_0526_1101,0.00010000000000012221,0.5
KHT-XE5S,2025-08-02 18:10:00,9.2194,9.947,KHT-XE5S_2025_0526_1101,0.0,0.5
KHT-XE5S,2025-08-02 18:20:00,9.221,9.947,KHT-XE5S_2025_0526_1101,0.0,0.5
KHT-XE5S,2025-08-02 18:30:00,9.2227,9.946,KHT-XE5S_2025_0526_1101,9.999999999994457e-05,0.5
KHT-XE5S,2025-08-02 18:40:00,9.2237,9.948,KHT-XE5S_2025_0526_1101,0.0002000000000000668,0.5
KHT-XE5S,2025-08-02 18:50:00,9.2259,9.948,KHT-XE5S_2025_0526_1101,0.0,0.5
KHT-XE5S,2025-08-02 19:00:00,9.2272,9.948,KHT-XE5S_2025_0526_1101,0.0,0.5
KHT-XE5S,2025-08-02 19:10:00,9.2289,9.947,KHT-XE5S_2025_0526_1101,0.00010000000000012221,0.5
KHT-XE5S,2025-08-02 19:20:00,9.2312,9.948,KHT-XE5S_2025_0526_1101,0.00010000000000012221,0.5
KHT-XE5S,2025-08-02 19:30:00,9.2344,9.947,KHT-XE5S_2025_0526_1101,0.00010000000000012221,0.5
KHT-XE5S,2025-08-02 19:40:00,9.2375,9.947,KHT-XE5S_2025_0526_1101,0.0,0.5
KHT-XE5S,2025-08-02 19:50:00,9.2409,9.946,KHT-XE5S_2025_0526_1101,9.999999999994457e-05,0.5
KHT-XE5S,2025-08-02 20:00:00,9.2436,9.948,KHT-XE5S_2025_0526_1101,0.0002000000000000668,0.5
KHT-XE5S,2025-08-02 20:10:00,9.2466,9.947,KHT-XE5S_2025_0526_1101,0.00010000000000012221,0.5
KHT-XE5S,2025-08-02 20:20:00,9.2492,9.947,KHT-XE5S_2025_0526_1101,0.0,0.5
KHT-XE5S,2025-08-02 20:30:00,9.2521,9.947,KHT-XE5S_2025_0526_1101,0.0,0.5
KHT-XE5S,2025-08-02 20:40:00,9.2547,9.948,KHT-XE5S_2025_0526_1101,0.00010000000000012221,0.5
KHT-XE5S,2025-08-02 20:50:00,9.2578,9.947,KHT-XE5S_2025_0526_1101,0.00010000000000012221,0.5
KHT-XE5S,2025-08-02 21:00:00,9.2611,9.946,KHT-XE5S_2025_0526_1101,9.999999999994457e-05,0.5
KHT-XE5S,2025-08-02 21:10:00,9.2643,9.949,KHT-XE5S_2025_0526_1101,0.00030000000000001136,0.5
KHT-XE5S,2025-08-02 21:20:00,9.2679,9.949,KHT-XE5S_2025_0526_1101,0.0,0.5
KHT-XE5S,2025-08-02 21:30:00,9.2704,9.949,KHT-XE5S_2025_0526_1101,0.0,0.5
KHT-XE5S,2025-08-02 21:40:00,9.2723,9.949,KHT-XE5S_2025_0526_1101,0.0,0.5
KHT-XE5S,2025-08-02 21:50:00,9.2753,9.949,KHT-XE5S_2025_0526_1101,0.0,0.5
KHT-XE5S,2025-08-02 22:00:00,9.2776,9.949,KHT-XE5S_2025_0526_1101,0.0,0.5
KHT-XE5S,2025-08-02 22:10:00,9.2799,9.949,KHT-XE5S_2025_0526_1101,0.0,0.5
KHT-XE5S,2025-08-02 22:20:00,9.2827,9.951,KHT-XE5S_2025_0526_1101,0.0002000000000000668,0.5
KHT-XE5S,2025-08-02 22:30:00,9.2837,9.949,KHT-XE5S_2025_0526_1101,0.0002000000000000668,0.5
KHT-XE5S,2025-08-02 22:40:00,9.2852,9.95,KHT-XE5S_2025_0526_1101,9.999999999994457e-05,0.5
KHT-XE5S,2025-08-02 22:50:00,9.2873,9.951,KHT-XE5S_2025_0526_1101,0.00010000000000012221,0.5
KHT-XE5S,2025-08-02 23:00:00,9.2889,9.951,KHT-XE5S_2025_0526_1101,0.0,0.5
KHT-XE5S,2025-08-02 23:10:00,9.2902,9.951,KHT-XE5S_2025_0526_1101,0.0,0.5
KHT-XE5S,2025-08-02 23:20:00,9.2917,9.953,KHT-XE5S_2025_0526_1101,0.00019999999999988915,0.5
KHT-XE5S,2025-08-02 23:30:00,9.2929,9.952,KHT-XE5S_2025_0526_1101,9.999999999994457e-05,0.5
KHT-XE5S,2025-08-02 23:40:00,9.2951,9.951,KHT-XE5S_2025_0526_1101,9.999999999994457e-05,0.5
KHT-XE5S,2025-08-02 23:50:00,9.2964,9.951,KHT-XE5S_2025_0526_1101,0.0,0.5
KHT-XE5S,2025-08-03 00:00:00,9.2979,9.952,KHT-XE5S_2025_0526_1101,9.999999999994457e-05,0.5
KHT-XE5S,2025-08-03 00:10:00,9.298,9.952,KHT-XE5S_2025_0526_1101,0.0,0.5
KHT-XE5S,2025-08-03 00:20:00,9.2991,9.954,KHT-XE5S_2025_0526_1101,0.0002000000000000668,0.5
KHT-XE5S,2025-08-03 00:30:00,9.3011,9.951,KHT-XE5S_2025_0526_1101,0.00030000000000001136,0.5
KHT-XE5S,2025-08-03 00:40:00,9.3024,9.952,KHT-XE5S_2025_0526_1101,9.999999999994457e-05,0.5
KHT-XE5S,2025-08-03 00:50:00,9.3036,9.953,KHT-XE5S_2025_0526_1101,9.999999999994457e-05,0.5
KHT-XE5S,2025-08-03 01:00:00,9.3049,9.954,KHT-XE5S_2025_0526_1101,0.00010000000000012221,0.5
KHT-XE5S,2025-08-03 01:10:00,9.3055,9.953,KHT-XE5S_2025_0526_1101,0.00010000000000012221,0.5
KHT-XE5S,2025-08-03 01:20:00,9.3053,9.954,KHT-XE5S_2025_0526_1101,0.00010000000000012221,0.5
KHT-XE5S,2025-08-03 01:30:00,9.3054,9.955,KHT-XE5S_2025_0526_1101,9.999999999994457e-05,0.5
KHT-XE5S,2025-08-03 01:40:00,9.3051,9.957,KHT-XE5S_2025_0526_1101,0.0002000000000000668,0.5
KHT-XE5S,2025-08-03 01:50:00,9.3054,9.953,KHT-XE5S_2025_0526_1101,0.0004000000000001336,0.5
KHT-XE5S,2025-08-03 02:00:00,9.3069,9.954,KHT-XE5S_2025_0526_1101,0.00010000000000012221,0.5
KHT-XE5S,2025-08-03 02:10:00,9.3076,9.955,KHT-XE5S_2025_0526_1101,9.999999999994457e-05,0.5
KHT-XE5S,2025-08-03 02:20:00,9.3081,9.956,KHT-XE5S_2025_0526_1101,9.999999999994457e-05,0.5
KHT-XE5S,2025-08-03 02:30:00,9.3086,9.955,KHT-XE5S_2025_0526_1101,9.999999999994457e-05,0.5
KHT-XE5S,2025-08-03 02:40:00,9.3102,9.956,KHT-XE5S_2025_0526_1101,9.999999999994457e-05,0.5
KHT-XE5S,2025-08-03 02:50:00,9.3107,9.956,KHT-XE5S_2025_0526_1101,0.0,0.5
KHT-XE5S,2025-08-03 03:00:00,9.3109,9.956,KHT-XE5S_2025_0526_1101,0.0,0.5
KHT-XE5S,2025-08-03 03:10:00,9.3119,9.956,KHT-XE5S_2025_0526_1101,0.0,0.5
KHT-XE5S,2025-08-03 03:20:00,9.313,9.956,KHT-XE5S_2025_0526_1101,0.0,0.5
KHT-XE5S,2025-08-03 03:30:00,9.3139,9.956,KHT-XE5S_2025_0526_1101,0.0,0.5
KHT-XE5S,2025-08-03 03:40:00,9.3145,9.955,KHT-XE5S_2025_0526_1101,9.999999999994457e-05,0.5
KHT-XE5S,2025-08-03 03:50:00,9.3151,9.955,KHT-XE5S_2025_0526_1101,0.0,0.5
KHT-XE5S,2025-08-03 04:00:00,9.3156,9.956,KHT-XE5S_2025_0526_1101,9.999999999994457e-05,0.5
KHT-XE5S,2025-08-03 04:10:00,9.3163,9.958,KHT-XE5S_2025_0526_1101,0.0002000000000000668,0.5
KHT-XE5S,2025-08-03 04:20:00,9.317,9.956,KHT-XE5S_2025_0526_1101,0.0002000000000000668,0.5
KHT-XE5S,2025-08-03 04:30:00,9.3173,9.957,KHT-XE5S_2025_0526_1101,0.00010000000000012221,0.5
KHT-XE5S,2025-08-03 04:40:00,9.3172,9.957,KHT-XE5S_2025_0526_1101,0.0,0.5
KHT-XE5S,2025-08-03 04:50:00,9.3179,9.958,KHT-XE5S_2025_0526_1101,9.999999999994457e-05,0.5
KHT-XE5S,2025-08-03 05:00:00,9.3184,9.958,KHT-XE5S_2025_0526_1101,0.0,0.5
KHT-XE5S,2025-08-03 05:10:00,9.3194,9.958,KHT-XE5S_2025_0526_1101,0.0,0.5
KHT-XE5S,2025-08-03 05:20:00,9.3208,9.958,KHT-XE5S_2025_0526_1101,0.0,0.5
KHT-XE5S,2025-08-03 05:30:00,9.3222,9.958,KHT-XE5S_2025_0526_1101,0.0,0.5
KHT-XE5S,2025-08-03 05:40:00,9.3228,9.959,KHT-XE5S_2025_0526_1101,9.999999999994457e-05,0.5
KHT-XE5S,2025-08-03 05:50:00,9.3241,9.957,KHT-XE5S_2025_0526_1101,0.00019999999999988915,0.5
KHT-XE5S,2025-08-03 06:00:00,9.3244,9.958,KHT-XE5S_2025_0526_1101,9.999999999994457e-05,0.5
KHT-XE5S,2025-08-03 06:10:00,9.3248,9.958,KHT-XE5S_2025_0526_1101,0.0,0.5
KHT-XE5S,2025-08-03 06:20:00,9.3255,9.957,KHT-XE5S_2025_0526_1101,9.999999999994457e-05,0.5
KHT-XE5S,2025-08-03 06:30:00,9.3259,9.958,KHT-XE5S_2025_0526_1101,9.999999999994457e-05,0.5
KHT-XE5S,2025-08-03 06:40:00,9.3263,9.958,KHT-XE5S_2025_0526_1101,0.0,0.5
KHT-XE5S,2025-08-03 06:50:00,9.327,9.96,KHT-XE5S_2025_0526_1101,0.0002000000000000668,0.5
KHT-XE5S,2025-08-03 07:00:00,9.3277,9.959,KHT-XE5S_2025_0526_1101,0.00010000000000012221,0.5
KHT-XE5S,2025-08-03 07:10:00,9.3283,9.96,KHT-XE5S_2025_0526_1101,0.00010000000000012221,0.5
KHT-XE5S,2025-08-03 07:20:00,9.3279,9.96,KHT-XE5S_2025_0526_1101,0.0,0.5
KHT-XE5S,2025-08-03 07:30:00,9.3287,9.959,KHT-XE5S_2025_0526_1101,0.00010000000000012221,0.5
KHT-XE5S,2025-08-03 07:40:00,9.329,9.96,KHT-XE5S_2025_0526_1101,0.00010000000000012221,0.5
KHT-XE5S,2025-08-03 07:50:00,9.3292,9.961,KHT-XE5S_2025_0526_1101,9.999999999994457e-05,0.5
KHT-XE5S,2025-08-03 08:00:00,9.3292,9.959,KHT-XE5S_2025_0526_1101,0.0002000000000000668,0.5
KHT-XE5S,2025-08-03 08:10:00,9.3302,9.96,KHT-XE5S_2025_0526_1101,0.00010000000000012221,0.5
KHT-XE5S,2025-08-03 08:20:00,9.3301,9.962,KHT-XE5S_2025_0526_1101,0.00019999999999988915,0.5
KHT-XE5S,2025-08-03 08:30:00,9.3292,9.961,KHT-XE5S_2025_0526_1101,9.999999999994457e-05,0.5
KHT-XE5S,2025-08-03 08:40:00,9.3284,9.962,KHT-XE5S_2025_0526_1101,9.999999999994457e-05,0.5
KHT-XE5S,2025-08-03 08:50:00,9.3262,9.962,KHT-XE5S_2025_0526_1101,0.0,0.5
KHT-XE5S,2025-08-03 09:00:00,9.3243,9.963,KHT-XE5S_2025_0526_1101,9.999999999994457e-05,0.5
KHT-XE5S,2025-08-03 09:10:00,9.3223,9.962,KHT-XE5S_2025_0526_1101,9.999999999994457e-05,0.5
KHT-XE5S,2025-08-03 09:20:00,9.321,9.963,KHT-XE5S_2025_0526_1101,9.999999999994457e-05,0.5
KHT-XE5S,2025-08-03 09:30:00,9.319,9.964,KHT-XE5S_2025_0526_1101,0.00010000000000012221,0.5
KHT-XE5S,2025-08-03 09:40:00,9.3181,9.964,KHT-XE5S_2025_0526_1101,0.0,0.5
KHT-XE5S,2025-08-03 09:50:00,9.3167,9.965,KHT-XE5S_2025_0526_1101,9.999999999994457e-05,0.5
KHT-XE5S,2025-08-03 10:00:00,9.3136,9.967,KHT-XE5S_2025_0526_1101,0.0002000000000000668,0.5
KHT-XE5S,2025-08-03 10:10:00,9.3113,9.965,KHT-XE5S_2025_0526_1101,0.0002000000000000668,0.5
KHT-XE5S,2025-08-03 10:20:00,9.3088,9.964,KHT-XE5S_2025_0526_1101,9.999999999994457e-05,0.5
KHT-XE5S,2025-08-03 10:30:00,9.3063,9.967,KHT-XE5S_2025_0526_1101,0.00030000000000001136,0.5
KHT-XE5S,2025-08-03 10:40:00,9.3035,9.968,KHT-XE5S_2025_0526_1101,9.999999999994457e-05,0.5
KHT-XE5S,2025-08-03 10:50:00,9.3012,9.966,KHT-XE5S_2025_0526_1101,0.0002000000000000668,0.5
KHT-XE5S,2025-08-03 11:00:00,9.2966,9.967,KHT-XE5S_2025_0526_1101,0.00010000000000012221,0.5
KHT-XE5S,2025-08-03 11:10:00,9.2952,9.966,KHT-XE5S_2025_0526_1101,0.00010000000000012221,0.5
KHT-XE5S,2025-08-03 11:20:00,9.29,9.968,KHT-XE5S_2025_0526_1101,0.0002000000000000668,0.5
KHT-XE5S,2025-08-03 11:30:00,9.2868,9.968,KHT-XE5S_2025_0526_1101,0.0,0.5
KHT-XE5S,2025-08-03 11:40:00,9.2823,9.967,KHT-XE5S_2025_0526_1101,9.999999999994457e-05,0.5
KHT-XE5S,2025-08-03 11:50:00,9.278,9.968,KHT-XE5S_2025_0526_1101,9.999999999994457e-05,0.5
KHT-XE5S,2025-08-03 12:00:00,9.2732,9.968,KHT-XE5S_2025_0526_1101,0.0,0.5
KHT-XE5S,2025-08-03 12:10:00,9.2694,9.97,KHT-XE5S_2025_0526_1101,0.0002000000000000668,0.5
KHT-XE5S,2025-08-03 12:20:00,9.2653,9.969,KHT-XE5S_2025_0526_1101,0.00010000000000012221,0.5
KHT-XE5S,2025-08-03 12:30:00,9.2609,9.969,KHT-XE5S_2025_0526_1101,0.0,0.5
KHT-XE5S,2025-08-03 12:40:00,9.2571,9.97,KHT-XE5S_2025_0526_1101,0.00010000000000012221,0.5
KHT-XE5S,2025-08-03 12:50:00,9.2534,9.97,KHT-XE5S_2025_0526_1101,0.0,0.5
KHT-XE5S,2025-08-03 13:00:00,9.2507,9.971,KHT-XE5S_2025_0526_1101,9.999999999994457e-05,0.5
KHT-XE5S,2025-08-03 13:10:00,9.2473,9.969,KHT-XE5S_2025_0526_1101,0.0002000000000000668,0.5
KHT-XE5S,2025-08-03 13:20:00,9.2448,9.971,KHT-XE5S_2025_0526_1101,0.0002000000000000668,0.5
KHT-XE5S,2025-08-03 13:30:00,9.241,9.97,KHT-XE5S_2025_0526_1101,9.999999999994457e-05,0.5
KHT-XE5S,2025-08-03 13:40:00,9.2366,9.971,KHT-XE5S_2025_0526_1101,9.999999999994457e-05,0.5
KHT-XE5S,2025-08-03 13:50:00,9.2331,9.972,KHT-XE5S_2025_0526_1101,9.999999999994457e-05,0.5
KHT-XE5S,2025-08-03 14:00:00,9.2295,9.972,KHT-XE5S_2025_0526_1101,0.0,0.5
KHT-XE5S,2025-08-03 14:10:00,9.2254,9.972,KHT-XE5S_2025_0526_1101,0.0,0.5
KHT-XE5S,2025-08-03 14:20:00,9.2238,9.971,KHT-XE5S_2025_0526_1101,9.999999999994457e-05,0.5
KHT-XE5S,2025-08-03 14:30:00,9.2205,9.971,KHT-XE5S_2025_0526_1101,0.0,0.5
KHT-XE5S,2025-08-03 14:40:00,9.2168,9.972,KHT-XE5S_2025_0526_1101,9.999999999994457e-05,0.5
KHT-XE5S,2025-08-03 14:50:00,9.2132,9.972,KHT-XE5S_2025_0526_1101,0.0,0.5
KHT-XE5S,2025-08-03 15:00:00,9.21,9.972,KHT-XE5S_2025_0526_1101,0.0,0.5
KHT-XE5S,2025-08-03 15:10:00,9.2078,9.971,KHT-XE5S_2025_0526_1101,9.999999999994457e-05,0.5
KHT-XE5S,2025-08-03 15:20:00,9.204,9.972,KHT-XE5S_2025_0526_1101,9.999999999994457e-05,0.5
KHT-XE5S,2025-08-03 15:30:00,9.2013,9.973,KHT-XE5S_2025_0526_1101,0.00010000000000012221,0.5
KHT-XE5S,2025-08-03 15:40:00,9.1988,9.972,KHT-XE5S_2025_0526_1101,0.00010000000000012221,0.5
KHT-XE5S,2025-08-03 15:50:00,9.1969,9.973,KHT-XE5S_2025_0526_1101,0.00010000000000012221,0.5
KHT-XE5S,2025-08-03 16:00:00,9.1934,9.972,KHT-XE5S_2025_0526_1101,0.00010000000000012221,0.5
KHT-XE5S,2025-08-03 16:10:00,9.1922,9.973,KHT-XE5S_2025_0526_1101,0.00010000000000012221,0.5
KHT-XE5S,2025-08-03 16:20:00,9.188,9.975,KHT-XE5S_2025_0526_1101,0.00019999999999988915,0.5
KHT-XE5S,2025-08-03 16:30:00,9.1862,9.974,KHT-XE5S_2025_0526_1101,9.999999999994457e-05,0.5
KHT-XE5S,2025-08-03 16:40:00,9.1844,9.975,KHT-XE5S_2025_0526_1101,9.999999999994457e-05,0.5
KHT-XE5S,2025-08-03 16:50:00,9.1837,9.973,KHT-XE5S_2025_0526_1101,0.00019999999999988915,0.5
KHT-XE5S,2025-08-03 17:00:00,9.1816,9.975,KHT-XE5S_2025_0526_1101,0.00019999999999988915,0.5
KHT-XE5S,2025-08-03 17:10:00,9.181,9.975,KHT-XE5S_2025_0526_1101,0.0,0.5
KHT-XE5S,2025-08-03 17:20:00,9.1798,9.973,KHT-XE5S_2025_0526_1101,0.00019999999999988915,0.5
KHT-XE5S,2025-08-03 17:30:00,9.1797,9.975,KHT-XE5S_2025_0526_1101,0.00019999999999988915,0.5
KHT-XE5S,2025-08-03 17:40:00,9.1796,9.973,KHT-XE5S_2025_0526_1101,0.00019999999999988915,0.5
KHT-XE5S,2025-08-03 17:50:00,9.1796,9.973,KHT-XE5S_2025_0526_1101,0.0,0.5
KHT-XE5S,2025-08-03 18:00:00,9.1788,9.974,KHT-XE5S_2025_0526_1101,9.999999999994457e-05,0.5
KHT-XE5S,2025-08-03 18:10:00,9.1807,9.973,KHT-XE5S_2025_0526_1101,9.999999999994457e-05,0.5
KHT-XE5S,2025-08-03 18:20:00,9.1819,9.975,KHT-XE5S_2025_0526_1101,0.00019999999999988915,0.5
KHT-XE5S,2025-08-03 18:30:00,9.1832,9.975,KHT-XE5S_2025_0526_1101,0.0,0.5
KHT-XE5S,2025-08-03 18:40:00,9.1853,9.974,KHT-XE5S_2025_0526_1101,9.999999999994457e-05,0.5
KHT-XE5S,2025-08-03 18:50:00,9.1864,9.973,KHT-XE5S_2025_0526_1101,9.999999999994457e-05,0.5
KHT-XE5S,2025-08-03 19:00:00,9.1897,9.974,KHT-XE5S_2025_0526_1101,9.999999999994457e-05,0.5
KHT-XE5S,2025-08-03 19:10:00,9.1919,9.973,KHT-XE5S_2025_0526_1101,9.999999999994457e-05,0.5
KHT-XE5S,2025-08-03 19:20:00,9.194,9.973,KHT-XE5S_2025_0526_1101,0.0,0.5
KHT-XE5S,2025-08-03 19:30:00,9.1961,9.975,KHT-XE5S_2025_0526_1101,0.00019999999999988915,0.5
KHT-XE5S,2025-08-03 19:40:00,9.1986,9.975,KHT-XE5S_2025_0526_1101,0.0,0.5
KHT-XE5S,2025-08-03 19:50:00,9.2011,9.976,KHT-XE5S_2025_0526_1101,0.00010000000000012221,0.5
KHT-XE5S,2025-08-03 20:00:00,9.204,9.974,KHT-XE5S_2025_0526_1101,0.0002000000000000668,0.5
KHT-XE5S,2025-08-03 20:10:00,9.2062,9.974,KHT-XE5S_2025_0526_1101,0.0,0.5
KHT-XE5S,2025-08-03 20:20:00,9.2099,9.975,KHT-XE5S_2025_0526_1101,9.999999999994457e-05,0.5
KHT-XE5S,2025-08-03 20:30:00,9.2123,9.974,KHT-XE5S_2025_0526_1101,9.999999999994457e-05,0.5
KHT-XE5S,2025-08-03 20:40:00,9.2158,9.976,KHT-XE5S_2025_0526_1101,0.0002000000000000668,0.5
KHT-XE5S,2025-08-03 20:50:00,9.2188,9.975,KHT-XE5S_2025_0526_1101,0.00010000000000012221,0.5
KHT-XE5S,2025-08-03 21:00:00,9.2229,9.976,KHT-XE5S_2025_0526_1101,0.00010000000000012221,0.5
KHT-XE5S,2025-08-03 21:10:00,9.2259,9.974,KHT-XE5S_2025_0526_1101,0.0002000000000000668,0.5
KHT-XE5S,2025-08-03 21:20:00,9.2285,9.975,KHT-XE5S_2025_0526_1101,9.999999999994457e-05,0.5
KHT-XE5S,2025-08-03 21:30:00,9.232,9.975,KHT-XE5S_2025_0526_1101,0.0,0.5
KHT-XE5S,2025-08-03 21:40:00,9.2346,9.974,KHT-XE5S_2025_0526_1101,9.999999999994457e-05,0.5
KHT-XE5S,2025-08-03 21:50:00,9.2372,9.976,KHT-XE5S_2025_0526_1101,0.0002000000000000668,0.5
KHT-XE5S,2025-08-03 22:00:00,9.2396,9.977,KHT-XE5S_2025_0526_1101,9.999999999994457e-05,0.5
KHT-XE5S,2025-08-03 22:10:00,9.2414,9.977,KHT-XE5S_2025_0526_1101,0.0,0.5
KHT-XE5S,2025-08-03 22:20:00,9.2424,9.978,KHT-XE5S_2025_0526_1101,9.999999999994457e-05,0.5
KHT-XE5S,2025-08-03 22:30:00,9.2431,9.975,KHT-XE5S_2025_0526_1101,0.00030000000000001136,0.5
KHT-XE5S,2025-08-03 22:40:00,9.2452,9.977,KHT-XE5S_2025_0526_1101,0.0002000000000000668,0.5
KHT-XE5S,2025-08-03 22:50:00,9.2473,9.978,KHT-XE5S_2025_0526_1101,9.999999999994457e-05,0.5
KHT-XE5S,2025-08-03 23:00:00,9.2488,9.978,KHT-XE5S_2025_0526_1101,0.0,0.5
KHT-XE5S,2025-08-03 23:10:00,9.2508,9.979,KHT-XE5S_2025_0526_1101,9.999999999994457e-05,0.5
KHT-XE5S,2025-08-03 23:20:00,9.2516,9.979,KHT-XE5S_2025_0526_1101,0.0,0.5
KHT-XE5S,2025-08-03 23:30:00,9.2526,9.98,KHT-XE5S_2025_0526_1101,0.00010000000000012221,0.5
KHT-XE5S,2025-08-03 23:40:00,9.2547,9.98,KHT-XE5S_2025_0526_1101,0.0,0.5
KHT-XE5S,2025-08-03 23:50:00,9.2567,9.979,KHT-XE5S_2025_0526_1101,0.00010000000000012221,0.5
KHT-XE5S,2025-08-04 00:00:00,9.2578,9.978,KHT-XE5S_2025_0526_1101,9.999999999994457e-05,0.5
KHT-XE5S,2025-08-04 00:10:00,9.2593,9.98,KHT-XE5S_2025_0526_1101,0.0002000000000000668,0.5
KHT-XE5S,2025-08-04 00:20:00,9.2606,9.979,KHT-XE5S_2025_0526_1101,0.00010000000000012221,0.5
KHT-XE5S,2025-08-04 00:30:00,9.2622,9.978,KHT-XE5S_2025_0526_1101,9.999999999994457e-05,0.5
KHT-XE5S,2025-08-04 00:40:00,9.2632,9.979,KHT-XE5S_2025_0526_1101,9.999999999994457e-05,0.5
KHT-XE5S,2025-08-04 00:50:00,9.264,9.982,KHT-XE5S_2025_0526_1101,0.00030000000000001136,0.5
KHT-XE5S,2025-08-04 01:00:00,9.2645,9.982,KHT-XE5S_2025_0526_1101,0.0,0.5
KHT-XE5S,2025-08-04 01:10:00,9.2654,9.982,KHT-XE5S_2025_0526_1101,0.0,0.5
KHT-XE5S,2025-08-04 01:20:00,9.2658,9.979,KHT-XE5S_2025_0526_1101,0.00030000000000001136,0.5
KHT-XE5S,2025-08-04 01:30:00,9.2665,9.981,KHT-XE5S_2025_0526_1101,0.0002000000000000668,0.5
KHT-XE5S,2025-08-04 01:40:00,9.2678,9.984,KHT-XE5S_2025_0526_1101,0.00030000000000001136,0.5
KHT-XE5S,2025-08-04 01:50:00,9.2679,9.981,KHT-XE5S_2025_0526_1101,0.00030000000000001136,0.5
KHT-XE5S,2025-08-04 02:00:00,9.2684,9.981,KHT-XE5S_2025_0526_1101,0.0,0.5
KHT-XE5S,2025-08-04 02:10:00,9.2689,9.982,KHT-XE5S_2025_0526_1101,9.999999999994457e-05,0.5
KHT-XE5S,2025-08-04 02:20:00,9.2694,9.983,KHT-XE5S_2025_0526_1101,0.00010000000000012221,0.5
KHT-XE5S,2025-08-04 02:30:00,9.2701,9.982,KHT-XE5S_2025_0526_1101,0.00010000000000012221,0.5
KHT-XE5S,2025-08-04 02:40:00,9.27,9.982,KHT-XE5S_2025_0526_1101,0.0,0.5
KHT-XE5S,2025-08-04 02:50:00,9.2709,9.983,KHT-XE5S_2025_0526_1101,0.00010000000000012221,0.5
KHT-XE5S,2025-08-04 03:00:00,9.2715,9.982,KHT-XE5S_2025_0526_1101,0.00010000000000012221,0.5
KHT-XE5S,2025-08-04 03:10:00,9.2727,9.982,KHT-XE5S_2025_0526_1101,0.0,0.5
KHT-XE5S,2025-08-04 03:20:00,9.2734,9.982,KHT-XE5S_2025_0526_1101,0.0,0.5
KHT-XE5S,2025-08-04 03:30:00,9.2737,9.985,KHT-XE5S_2025_0526_1101,0.00030000000000001136,0.5
KHT-XE5S,2025-08-04 03:40:00,9.2748,9.984,KHT-XE5S_2025_0526_1101,9.999999999994457e-05,0.5
KHT-XE5S,2025-08-04 03:50:00,9.2757,9.984,KHT-XE5S_2025_0526_1101,0.0,0.5
KHT-XE5S,2025-08-04 04:00:00,9.2757,9.985,KHT-XE5S_2025_0526_1101,9.999999999994457e-05,0.5
KHT-XE5S,2025-08-04 04:10:00,9.2763,9.984,KHT-XE5S_2025_0526_1101,9.999999999994457e-05,0.5
KHT-XE5S,2025-08-04 04:20:00,9.2762,9.985,KHT-XE5S_2025_0526_1101,9.999999999994457e-05,0.5
KHT-XE5S,2025-08-04 04:30:00,9.2768,9.984,KHT-XE5S_2025_0526_1101,9.999999999994457e-05,0.5
KHT-XE5S,2025-08-04 04:40:00,9.2773,9.986,KHT-XE5S_2025_0526_1101,0.0002000000000000668,0.5
KHT-XE5S,2025-08-04 04:50:00,9.2774,9.985,KHT-XE5S_2025_0526_1101,0.00010000000000012221,0.5
KHT-XE5S,2025-08-04 05:00:00,9.2777,9.985,KHT-XE5S_2025_0526_1101,0.0,0.5
KHT-XE5S,2025-08-04 05:10:00,9.2788,9.986,KHT-XE5S_2025_0526_1101,0.00010000000000012221,0.5
KHT-XE5S,2025-08-04 05:20:00,9.2795,9.984,KHT-XE5S_2025_0526_1101,0.0002000000000000668,0.5
KHT-XE5S,2025-08-04 05:30:00,9.2812,9.985,KHT-XE5S_2025_0526_1101,9.999999999994457e-05,0.5
KHT-XE5S,2025-08-04 05:40:00,9.2827,9.985,KHT-XE5S_2025_0526_1101,0.0,0.5
KHT-XE5S,2025-08-04 05:50:00,9.2839,9.986,KHT-XE5S_2025_0526_1101,0.00010000000000012221,0.5
KHT-XE5S,2025-08-04 06:00:00,9.2854,9.988,KHT-XE5S_2025_0526_1101,0.00019999999999988915,0.5
KHT-XE5S,2025-08-04 06:10:00,9.2862,9.986,KHT-XE5S_2025_0526_1101,0.00019999999999988915,0.5
KHT-XE5S,2025-08-04 06:20:00,9.2871,9.987,KHT-XE5S_2025_0526_1101,9.999999999994457e-05,0.5
KHT-XE5S,2025-08-04 06:30:00,9.2883,9.986,KHT-XE5S_2025_0526_1101,9.999999999994457e-05,0.5
KHT-XE5S,2025-08-04 06:40:00,9.2887,9.986,KHT-XE5S_2025_0526_1101,0.0,0.5
KHT-XE5S,2025-08-04 06:50:00,9.2895,9.987,KHT-XE5S_2025_0526_1101,9.999999999994457e-05,0.5
KHT-XE5S,2025-08-04 07:00:00,9.2903,9.986,KHT-XE5S_2025_0526_1101,9.999999999994457e-05,0.5
KHT-XE5S,2025-08-04 07:10:00,9.2912,9.987,KHT-XE5S_2025_0526_1101,9.999999999994457e-05,0.5
KHT-XE5S,2025-08-04 07:20:00,9.2913,9.987,KHT-XE5S_2025_0526_1101,0.0,0.5
KHT-XE5S,2025-08-04 07:30:00,9.2913,9.986,KHT-XE5S_2025_0526_1101,9.999999999994457e-05,0.5
KHT-XE5S,2025-08-04 07:40:00,9.2919,9.987,KHT-XE5S_2025_0526_1101,9.999999999994457e-05,0.5
KHT-XE5S,2025-08-04 07:50:00,9.2922,9.989,KHT-XE5S_2025_0526_1101,0.0002000000000000668,0.5
KHT-XE5S,2025-08-04 08:00:00,9.2922,9.988,KHT-XE5S_2025_0526_1101,0.00010000000000012221,0.5
KHT-XE5S,2025-08-04 08:10:00,9.2923,9.989,KHT-XE5S_2025_0526_1101,0.00010000000000012221,0.5
KHT-XE5S,2025-08-04 08:20:00,9.2933,9.989,KHT-XE5S_2025_0526_1101,0.0,0.5
KHT-XE5S,2025-08-04 08:30:00,9.2935,9.99,KHT-XE5S_2025_0526_1101,9.999999999994457e-05,0.5
KHT-XE5S,2025-08-04 08:40:00,9.294,9.989,KHT-XE5S_2025_0526_1101,9.999999999994457e-05,0.5
KHT-XE5S,2025-08-04 08:50:00,9.2933,9.991,KHT-XE5S_2025_0526_1101,0.00019999999999988915,0.5
KHT-XE5S,2025-08-04 09:00:00,9.293,9.989,KHT-XE5S_2025_0526_1101,0.00019999999999988915,0.5
KHT-XE5S,2025-08-04 09:10:00,9.2907,9.992,KHT-XE5S_2025_0526_1101,0.00030000000000001136,0.5
KHT-XE5S,2025-08-04 09:20:00,9.2892,9.991,KHT-XE5S_2025_0526_1101,0.00010000000000012221,0.5
KHT-XE5S,2025-08-04 09:30:00,9.2869,9.992,KHT-XE5S_2025_0526_1101,0.00010000000000012221,0.5
KHT-XE5S,2025-08-04 09:40:00,9.2864,9.991,KHT-XE5S_2025_0526_1101,0.00010000000000012221,0.5
KHT-XE5S,2025-08-04 09:50:00,9.2847,9.994,KHT-XE5S_2025_0526_1101,0.00030000000000001136,0.5
KHT-XE5S,2025-08-04 10:00:00,9.2823,9.993,KHT-XE5S_2025_0526_1101,9.999999999994457e-05,0.5
KHT-XE5S,2025-08-04 10:10:00,9.2813,9.994,KHT-XE5S_2025_0526_1101,9.999999999994457e-05,0.5
KHT-XE5S,2025-08-04 10:20:00,9.2773,9.993,KHT-XE5S_2025_0526_1101,9.999999999994457e-05,0.5
KHT-XE5S,2025-08-04 10:30:00,9.2761,9.993,KHT-XE5S_2025_0526_1101,0.0,0.5
KHT-XE5S,2025-08-04 10:40:00,9.2736,9.994,KHT-XE5S_2025_0526_1101,9.999999999994457e-05,0.5
KHT-XE5S,2025-08-04 10:50:00,9.2714,9.996,KHT-XE5S_2025_0526_1101,0.0002000000000000668,0.5
KHT-XE5S,2025-08-04 11:00:00,9.2679,9.993,KHT-XE5S_2025_0526_1101,0.00030000000000001136,0.5
KHT-XE5S,2025-08-04 11:10:00,9.2654,9.994,KHT-XE5S_2025_0526_1101,9.999999999994457e-05,0.5
KHT-XE5S,2025-08-04 11:20:00,9.2614,9.995,KHT-XE5S_2025_0526_1101,9.999999999994457e-05,0.5
KHT-XE5S,2025-08-04 11:30:00,9.2581,9.995,KHT-XE5S_2025_0526_1101,0.0,0.5
KHT-XE5S,2025-08-04 11:40:00,9.2549,9.994,KHT-XE5S_2025_0526_1101,9.999999999994457e-05,0.5
KHT-XE5S,2025-08-04 11:50:00,9.2518,9.997,KHT-XE5S_2025_0526_1101,0.00030000000000001136,0.5
KHT-XE5S,2025-08-04 12:00:00,9.2471,9.995,KHT-XE5S_2025_0526_1101,0.0002000000000000668,0.5
KHT-XE5S,2025-08-04 12:10:00,9.2443,9.997,KHT-XE5S_2025_0526_1101,0.0002000000000000668,0.5
KHT-XE5S,2025-08-04 12:20:00,9.2409,9.996,KHT-XE5S_2025_0526_1101,9.999999999994457e-05,0.5
KHT-XE5S,2025-08-04 12:30:00,9.2366,9.997,KHT-XE5S_2025_0526_1101,9.999999999994457e-05,0.5
KHT-XE5S,2025-08-04 12:40:00,9.2344,9.998,KHT-XE5S_2025_0526_1101,9.999999999994457e-05,0.5
KHT-XE5S,2025-08-04 12:50:00,9.2291,9.996,KHT-XE5S_2025_0526_1101,0.00019999999999988915,0.5
KHT-XE5S,2025-08-04 13:00:00,9.2255,9.996,KHT-XE5S_2025_0526_1101,0.0,0.5
KHT-XE5S,2025-08-04 13:10:00,9.2229,9.998,KHT-XE5S_2025_0526_1101,0.00019999999999988915,0.5
KHT-XE5S,2025-08-04 13:20:00,9.2194,10.0,KHT-XE5S_2025_0526_1101,0.0002000000000000668,0.5
KHT-XE5S,2025-08-04 13:30:00,9.2157,9.998,KHT-XE5S_2025_0526_1101,0.0002000000000000668,0.5
KHT-XE5S,2025-08-04 13:40:00,9.2132,9.998,KHT-XE5S_2025_0526_1101,0.0,0.5
KHT-XE5S,2025-08-04 13:50:00,9.2089,10.0,KHT-XE5S_2025_0526_1101,0.0002000000000000668,0.5
KHT-XE5S,2025-08-04 14:00:00,9.2057,10.001,KHT-XE5S_2025_0526_1101,9.999999999994457e-05,0.5
KHT-XE5S,2025-08-04 14:10:00,9.2024,10.0,KHT-XE5S_2025_0526_1101,9.999999999994457e-05,0.5
KHT-XE5S,2025-08-04 14:20:00,9.2002,9.999,KHT-XE5S_2025_0526_1101,9.999999999994457e-05,0.5
KHT-XE5S,2025-08-04 14:30:00,9.1956,10.0,KHT-XE5S_2025_0526_1101,9.999999999994457e-05,0.5
KHT-XE5S,2025-08-04 14:40:00,9.1942,9.999,KHT-XE5S_2025_0526_1101,9.999999999994457e-05,0.5
KHT-XE5S,2025-08-04 14:50:00,9.1908,10.0,KHT-XE5S_2025_0526_1101,9.999999999994457e-05,0.5
KHT-XE5S,2025-08-04 15:00:00,9.1879,10.0,KHT-XE5S_2025_0526_1101,0.0,0.5
KHT-XE5S,2025-08-04 15:10:00,9.1852,10.0,KHT-XE5S_2025_0526_1101,0.0,0.5
KHT-XE5S,2025-08-04 15:20:00,9.1836,10.001,KHT-XE5S_2025_0526_1101,9.999999999994457e-05,0.5
KHT-XE5S,2025-08-04 15:30:00,9.1809,10.001,KHT-XE5S_2025_0526_1101,0.0,0.5
KHT-XE5S,2025-08-04 15:40:00,9.1787,10.002,KHT-XE5S_2025_0526_1101,0.00010000000000012221,0.5
KHT-XE5S,2025-08-04 15:50:00,9.176,10.002,KHT-XE5S_2025_0526_1101,0.0,0.5
KHT-XE5S,2025-08-04 16:00:00,9.175,10.001,KHT-XE5S_2025_0526_1101,0.00010000000000012221,0.5
KHT-XE5S,2025-08-04 16:10:00,9.1726,10.0,KHT-XE5S_2025_0526_1101,9.999999999994457e-05,0.5
KHT-XE5S,2025-08-04 16:20:00,9.1717,10.003,KHT-XE5S_2025_0526_1101,0.00030000000000001136,0.5
KHT-XE5S,2025-08-04 16:30:00,9.1696,10.002,KHT-XE5S_2025_0526_1101,9.999999999994457e-05,0.5
KHT-XE5S,2025-08-04 16:40:00,9.1682,10.004,KHT-XE5S_2025_0526_1101,0.00019999999999988915,0.5
KHT-XE5S,2025-08-04 16:50:00,9.1667,10.0,KHT-XE5S_2025_0526_1101,0.00039999999999995595,0.5
KHT-XE5S,2025-08-04 17:00:00,9.1669,10.004,KHT-XE5S_2025_0526_1101,0.00039999999999995595,0.5
KHT-XE5S,2025-08-04 17:10:00,9.1664,10.004,KHT-XE5S_2025_0526_1101,0.0,0.5
KHT-XE5S,2025-08-04 17:20:00,9.1656,10.003,KHT-XE5S_2025_0526_1101,9.999999999994457e-05,0.5
KHT-XE5S,2025-08-04 17:30:00,9.1641,10.003,KHT-XE5S_2025_0526_1101,0.0,0.5
KHT-XE5S,2025-08-04 17:40:00,9.1643,10.003,KHT-XE5S_2025_0526_1101,0.0,0.5
KHT-XE5S,2025-08-04 17:50:00,9.164,10.003,KHT-XE5S_2025_0526_1101,0.0,0.5
KHT-XE5S,2025-08-04 18:00:00,9.1649,10.003,KHT-XE5S_2025_0526_1101,0.0,0.5
KHT-XE5S,2025-08-04 18:10:00,9.1671,10.003,KHT-XE5S_2025_0526_1101,0.0,0.5
KHT-XE5S,2025-08-04 18:20:00,9.169,10.002,KHT-XE5S_2025_0526_1101,9.999999999994457e-05,0.5
KHT-XE5S,2025-08-04 18:30:00,9.1707,10.002,KHT-XE5S_2025_0526_1101,0.0,0.5
KHT-XE5S,2025-08-04 18:40:00,9.1736,10.004,KHT-XE5S_2025_0526_1101,0.00019999999999988915,0.5
KHT-XE5S,2025-08-04 18:50:00,9.1769,10.002,KHT-XE5S_2025_0526_1101,0.00019999999999988915,0.5
KHT-XE5S,2025-08-04 19:00:00,9.1798,10.002,KHT-XE5S_2025_0526_1101,0.0,0.5
KHT-XE5S,2025-08-04 19:10:00,9.1825,10.003,KHT-XE5S_2025_0526_1101,9.999999999994457e-05,0.5
KHT-XE5S,2025-08-04 19:20:00,9.1849,10.002,KHT-XE5S_2025_0526_1101,9.999999999994457e-05,0.5
KHT-XE5S,2025-08-04 19:30:00,9.1883,10.003,KHT-XE5S_2025_0526_1101,9.999999999994457e-05,0.5
KHT-XE5S,2025-08-04 19:40:00,9.1909,10.005,KHT-XE5S_2025_0526_1101,0.0002000000000000668,0.5
KHT-XE5S,2025-08-04 19:50:00,9.1943,10.004,KHT-XE5S_2025_0526_1101,0.00010000000000012221,0.5
KHT-XE5S,2025-08-04 20:00:00,9.1972,10.004,KHT-XE5S_2025_0526_1101,0.0,0.5
KHT-XE5S,2025-08-04 20:10:00,9.2004,10.004,KHT-XE5S_2025_0526_1101,0.0,0.5
KHT-XE5S,2025-08-04 20:20:00,9.2037,10.003,KHT-XE5S_2025_0526_1101,9.999999999994457e-05,0.5
KHT-XE5S,2025-08-04 20:30:00,9.2061,10.002,KHT-XE5S_2025_0526_1101,9.999999999994457e-05,0.5
KHT-XE5S,2025-08-04 20:40:00,9.2091,10.005,KHT-XE5S_2025_0526_1101,0.00030000000000001136,0.5
KHT-XE5S,2025-08-04 20:50:00,9.2121,10.004,KHT-XE5S_2025_0526_1101,0.00010000000000012221,0.5
KHT-XE5S,2025-08-04 21:00:00,9.2162,10.005,KHT-XE5S_2025_0526_1101,0.00010000000000012221,0.5
KHT-XE5S,2025-08-04 21:10:00,9.22,10.004,KHT-XE5S_2025_0526_1101,0.00010000000000012221,0.5
KHT-XE5S,2025-08-04 21:20:00,9.2238,10.005,KHT-XE5S_2025_0526_1101,0.00010000000000012221,0.5
KHT-XE5S,2025-08-04 21:30:00,9.2264,10.004,KHT-XE5S_2025_0526_1101,0.00010000000000012221,0.5
KHT-XE5S,2025-08-04 21:40:00,9.2291,10.004,KHT-XE5S_2025_0526_1101,0.0,0.5
KHT-XE5S,2025-08-04 21:50:00,9.2322,10.006,KHT-XE5S_2025_0526_1101,0.0002000000000000668,0.5
KHT-XE5S,2025-08-04 22:00:00,9.2351,10.006,KHT-XE5S_2025_0526_1101,0.0,0.5
KHT-XE5S,2025-08-04 22:10:00,9.237,10.005,KHT-XE5S_2025_0526_1101,9.999999999994457e-05,0.5
KHT-XE5S,2025-08-04 22:20:00,9.2385,10.007,KHT-XE5S_2025_0526_1101,0.00019999999999988915,0.5
KHT-XE5S,2025-08-04 22:30:00,9.2405,10.006,KHT-XE5S_2025_0526_1101,9.999999999994457e-05,0.5
KHT-XE5S,2025-08-04 22:40:00,9.2425,10.007,KHT-XE5S_2025_0526_1101,9.999999999994457e-05,0.5
KHT-XE5S,2025-08-04 22:50:00,9.245,10.007,KHT-XE5S_2025_0526_1101,0.0,0.5
KHT-XE5S,2025-08-04 23:00:00,9.2467,10.006,KHT-XE5S_2025_0526_1101,9.999999999994457e-05,0.5
KHT-XE5S,2025-08-04 23:10:00,9.248,10.006,KHT-XE5S_2025_0526_1101,0.0,0.5
KHT-XE5S,2025-08-04 23:20:00,9.2505,10.006,KHT-XE5S_2025_0526_1101,0.0,0.5
KHT-XE5S,2025-08-04 23:30:00,9.2521,10.006,KHT-XE5S_2025_0526_1101,0.0,0.5
KHT-XE5S,2025-08-04 23:40:00,9.2539,10.007,KHT-XE5S_2025_0526_1101,9.999999999994457e-05,0.5
KHT-XE5S,2025-08-04 23:50:00,9.2558,10.008,KHT-XE5S_2025_0526_1101,9.999999999994457e-05,0.5
KHT-XE5S,2025-08-05 00:00:00,9.2569,10.008,KHT-XE5S_2025_0526_1101,0.0,0.5
KHT-XE5S,2025-08-05 00:10:00,9.2586,10.009,KHT-XE5S_2025_0526_1101,0.00010000000000012221,0.5
KHT-XE5S,2025-08-05 00:20:00,9.2604,10.008,KHT-XE5S_2025_0526_1101,0.00010000000000012221,0.5
KHT-XE5S,2025-08-05 00:30:00,9.2622,10.009,KHT-XE5S_2025_0526_1101,0.00010000000000012221,0.5
KHT-XE5S,2025-08-05 00:40:00,9.2633,10.009,KHT-XE5S_2025_0526_1101,0.0,0.5
KHT-XE5S,2025-08-05 00:50:00,9.264,10.01,KHT-XE5S_2025_0526_1101,9.999999999994457e-05,0.5
KHT-XE5S,2025-08-05 01:00:00,9.2646,10.009,KHT-XE5S_2025_0526_1101,9.999999999994457e-05,0.5
KHT-XE5S,2025-08-05 01:10:00,9.2663,10.009,KHT-XE5S_2025_0526_1101,0.0,0.5
KHT-XE5S,2025-08-05 01:20:00,9.2673,10.011,KHT-XE5S_2025_0526_1101,0.00019999999999988915,0.5
KHT-XE5S,2025-08-05 01:30:00,9.2685,10.012,KHT-XE5S_2025_0526_1101,0.00010000000000012221,0.5
KHT-XE5S,2025-08-05 01:40:00,9.2688,10.01,KHT-XE5S_2025_0526_1101,0.0002000000000000668,0.5
KHT-XE5S,2025-08-05 01:50:00,9.2698,10.011,KHT-XE5S_2025_0526_1101,9.999999999994457e-05,0.5
KHT-XE5S,2025-08-05 02:00:00,9.2703,10.009,KHT-XE5S_2025_0526_1101,0.00019999999999988915,0.5
KHT-XE5S,2025-08-05 02:10:00,9.2718,10.011,KHT-XE5S_2025_0526_1101,0.00019999999999988915,0.5
KHT-XE5S,2025-08-05 02:20:00,9.2737,10.011,KHT-XE5S_2025_0526_1101,0.0,0.5
KHT-XE5S,2025-08-05 02:30:00,9.2745,10.012,KHT-XE5S_2025_0526_1101,0.00010000000000012221,0.5
KHT-XE5S,2025-08-05 02:40:00,9.2749,10.013,KHT-XE5S_2025_0526_1101,9.999999999994457e-05,0.5
KHT-XE5S,2025-08-05 02:50:00,9.2756,10.01,KHT-XE5S_2025_0526_1101,0.00030000000000001136,0.5
KHT-XE5S,2025-08-05 03:00:00,9.2769,10.011,KHT-XE5S_2025_0526_1101,9.999999999994457e-05,0.5
KHT-XE5S,2025-08-05 03:10:00,9.2787,10.013,KHT-XE5S_2025_0526_1101,0.0002000000000000668,0.5
KHT-XE5S,2025-08-05 03:20:00,9.2803,10.012,KHT-XE5S_2025_0526_1101,9.999999999994457e-05,0.5
KHT-XE5S,2025-08-05 03:30:00,9.2814,10.012,KHT-XE5S_2025_0526_1101,0.0,0.5
KHT-XE5S,2025-08-05 03:40:00,9.2822,10.014,KHT-XE5S_2025_0526_1101,0.00019999999999988915,0.5
KHT-XE5S,2025-08-05 03:50:00,9.2836,10.012,KHT-XE5S_2025_0526_1101,0.00019999999999988915,0.5
KHT-XE5S,2025-08-05 04:00:00,9.284,10.011,KHT-XE5S_2025_0526_1101,0.00010000000000012221,0.5
KHT-XE5S,2025-08-05 04:10:00,9.2845,10.015,KHT-XE5S_2025_0526_1101,0.0004000000000001336,0.5
KHT-XE5S,2025-08-05 04:20:00,9.2855,10.013,KHT-XE5S_2025_0526_1101,0.0002000000000000668,0.5
KHT-XE5S,2025-08-05 04:30:00,9.286,10.013,KHT-XE5S_2025_0526_1101,0.0,0.5
KHT-XE5S,2025-08-05 04:40:00,9.2871,10.012,KHT-XE5S_2025_0526_1101,9.999999999994457e-05,0.5
KHT-XE5S,2025-08-05 04:50:00,9.2881,10.013,KHT-XE5S_2025_0526_1101,9.999999999994457e-05,0.5
KHT-XE5S,2025-08-05 05:00:00,9.2899,10.014,KHT-XE5S_2025_0526_1101,9.999999999994457e-05,0.5
KHT-XE5S,2025-08-05 05:10:00,9.2906,10.014,KHT-XE5S_2025_0526_1101,0.0,0.5
KHT-XE5S,2025-08-05 05:20:00,9.2917,10.013,KHT-XE5S_2025_0526_1101,9.999999999994457e-05,0.5
KHT-XE5S,2025-08-05 05:30:00,9.2922,10.014,KHT-XE5S_2025_0526_1101,9.999999999994457e-05,0.5
KHT-XE5S,2025-08-05 05:40:00,9.2932,10.014,KHT-XE5S_2025_0526_1101,0.0,0.5
KHT-XE5S,2025-08-05 05:50:00,9.2945,10.014,KHT-XE5S_2025_0526_1101,0.0,0.5
KHT-XE5S,2025-08-05 06:00:00,9.2955,10.015,KHT-XE5S_2025_0526_1101,0.00010000000000012221,0.5
KHT-XE5S,2025-08-05 06:10:00,9.2971,10.015,KHT-XE5S_2025_0526_1101,0.0,0.5
KHT-XE5S,2025-08-05 06:20:00,9.2975,10.016,KHT-XE5S_2025_0526_1101,9.999999999994457e-05,0.5
KHT-XE5S,2025-08-05 06:30:00,9.298,10.018,KHT-XE5S_2025_0526_1101,0.0002000000000000668,0.5
KHT-XE5S,2025-08-05 06:40:00,9.2982,10.015,KHT-XE5S_2025_0526_1101,0.00030000000000001136,0.5
KHT-XE5S,2025-08-05 06:50:00,9.3003,10.016,KHT-XE5S_2025_0526_1101,9.999999999994457e-05,0.5
KHT-XE5S,2025-08-05 07:00:00,9.3012,10.017,KHT-XE5S_2025_0526_1101,9.999999999994457e-05,0.5
KHT-XE5S,2025-08-05 07:10:00,9.3016,10.016,KHT-XE5S_2025_0526_1101,9.999999999994457e-05,0.5
KHT-XE5S,2025-08-05 07:20:00,9.3028,10.014,KHT-XE5S_2025_0526_1101,0.0002000000000000668,0.5
KHT-XE5S,2025-08-05 07:30:00,9.3044,10.018,KHT-XE5S_2025_0526_1101,0.0004000000000001336,0.5
KHT-XE5S,2025-08-05 07:40:00,9.3055,10.018,KHT-XE5S_2025_0526_1101,0.0,0.5
KHT-XE5S,2025-08-05 07:50:00,9.3078,10.017,KHT-XE5S_2025_0526_1101,0.00010000000000012221,0.5
KHT-XE5S,2025-08-05 08:00:00,9.3089,10.018,KHT-XE5S_2025_0526_1101,0.00010000000000012221,0.5
KHT-XE5S,2025-08-05 08:10:00,9.3102,10.017,KHT-XE5S_2025_0526_1101,0.00010000000000012221,0.5
KHT-XE5S,2025-08-05 08:20:00,9.3115,10.018,KHT-XE5S_2025_0526_1101,0.00010000000000012221,0.5
KHT-XE5S,2025-08-05 08:30:00,9.3122,10.019,KHT-XE5S_2025_0526_1101,9.999999999994457e-05,0.5
KHT-XE5S,2025-08-05 08:40:00,9.312,10.018,KHT-XE5S_2025_0526_1101,9.999999999994457e-05,0.5
KHT-XE5S,2025-08-05 08:50:00,9.3116,10.018,KHT-XE5S_2025_0526_1101,0.0,0.5
KHT-XE5S,2025-08-05 09:00:00,9.3108,10.019,KHT-XE5S_2025_0526_1101,9.999999999994457e-05,0.5
KHT-XE5S,2025-08-05 09:10:00,9.3096,10.019,KHT-XE5S_2025_0526_1101,0.0,0.5
KHT-XE5S,2025-08-05 09:20:00,9.3076,10.02,KHT-XE5S_2025_0526_1101,9.999999999994457e-05,0.5
KHT-XE5S,2025-08-05 09:30:00,9.3056,10.021,KHT-XE5S_2025_0526_1101,0.00010000000000012221,0.5
KHT-XE5S,2025-08-05 09:40:00,9.3042,10.021,KHT-XE5S_2025_0526_1101,0.0,0.5
KHT-XE5S,2025-08-05 09:50:00,9.3026,10.022,KHT-XE5S_2025_0526_1101,9.999999999994457e-05,0.5
KHT-XE5S,2025-08-05 10:00:00,9.3016,10.023,KHT-XE5S_2025_0526_1101,9.999999999994457e-05,0.5
KHT-XE5S,2025-08-05 10:10:00,9.2996,10.024,KHT-XE5S_2025_0526_1101,9.999999999994457e-05,0.5
KHT-XE5S,2025-08-05 10:20:00,9.2974,10.024,KHT-XE5S_2025_0526_1101,0.0,0.5
KHT-XE5S,2025-08-05 10:30:00,9.2948,10.021,KHT-XE5S_2025_0526_1101,0.0002999999999998337,0.5
KHT-XE5S,2025-08-05 10:40:00,9.2927,10.022,KHT-XE5S_2025_0526_1101,9.999999999994457e-05,0.5
KHT-XE5S,2025-08-05 10:50:00,9.2902,10.023,KHT-XE5S_2025_0526_1101,9.999999999994457e-05,0.5
KHT-XE5S,2025-08-05 11:00:00,9.288,10.024,KHT-XE5S_2025_0526_1101,9.999999999994457e-05,0.5
KHT-XE5S,2025-08-05 11:10:00,9.285,10.025,KHT-XE5S_2025_0526_1101,0.00010000000000012221,0.5
KHT-XE5S,2025-08-05 11:20:00,9.2817,10.025,KHT-XE5S_2025_0526_1101,0.0,0.5
KHT-XE5S,2025-08-05 11:30:00,9.2778,10.025,KHT-XE5S_2025_0526_1101,0.0,0.5
KHT-XE5S,2025-08-05 11:40:00,9.2749,10.024,KHT-XE5S_2025_0526_1101,0.00010000000000012221,0.5
KHT-XE5S,2025-08-05 11:50:00,9.2701,10.023,KHT-XE5S_2025_0526_1101,9.999999999994457e-05,0.5
KHT-XE5S,2025-08-05 12:00:00,9.2675,10.025,KHT-XE5S_2025_0526_1101,0.0002000000000000668,0.5
KHT-XE5S,2025-08-05 12:10:00,9.2631,10.026,KHT-XE5S_2025_0526_1101,9.999999999994457e-05,0.5
KHT-XE5S,2025-08-05 12:20:00,9.2587,10.026,KHT-XE5S_2025_0526_1101,0.0,0.5
KHT-XE5S,2025-08-05 12:30:00,9.2547,10.026,KHT-XE5S_2025_0526_1101,0.0,0.5
KHT-XE5S,2025-08-05 12:40:00,9.252,10.027,KHT-XE5S_2025_0526_1101,9.999999999994457e-05,0.5
KHT-XE5S,2025-08-05 12:50:00,9.2483,10.028,KHT-XE5S_2025_0526_1101,0.00010000000000012221,0.5
KHT-XE5S,2025-08-05 13:00:00,9.2442,10.028,KHT-XE5S_2025_0526_1101,0.0,0.5
KHT-XE5S,2025-08-05 13:10:00,9.241,10.027,KHT-XE5S_2025_0526_1101,0.00010000000000012221,0.5
KHT-XE5S,2025-08-05 13:20:00,9.2376,10.027,KHT-XE5S_2025_0526_1101,0.0,0.5
KHT-XE5S,2025-08-05 13:30:00,9.2338,10.028,KHT-XE5S_2025_0526_1101,0.00010000000000012221,0.5
KHT-XE5S,2025-08-05 13:40:00,9.2298,10.028,KHT-XE5S_2025_0526_1101,0.0,0.5
KHT-XE5S,2025-08-05 13:50:00,9.2256,10.028,KHT-XE5S_2025_0526_1101,0.0,0.5
KHT-XE5S,2025-08-05 14:00:00,9.2235,10.03,KHT-XE5S_2025_0526_1101,0.00019999999999988915,0.5
KHT-XE5S,2025-08-05 14:10:00,9.2209,10.028,KHT-XE5S_2025_0526_1101,0.00019999999999988915,0.5
KHT-XE5S,2025-08-05 14:20:00,9.2179,10.028,KHT-XE5S_2025_0526_1101,0.0,0.5
KHT-XE5S,2025-08-05 14:30:00,9.2144,10.03,KHT-XE5S_2025_0526_1101,0.00019999999999988915,0.5
KHT-XE5S,2025-08-05 14:40:00,9.2111,10.029,KHT-XE5S_2025_0526_1101,9.999999999994457e-05,0.5
KHT-XE5S,2025-08-05 14:50:00,9.2081,10.03,KHT-XE5S_2025_0526_1101,9.999999999994457e-05,0.5
KHT-XE5S,2025-08-05 15:00:00,9.2056,10.032,KHT-XE5S_2025_0526_1101,0.0002000000000000668,0.5
KHT-XE5S,2025-08-05 15:10:00,9.2023,10.03,KHT-XE5S_2025_0526_1101,0.0002000000000000668,0.5
KHT-XE5S,2025-08-05 15:20:00,9.1998,10.03,KHT-XE5S_2025_0526_1101,0.0,0.5
KHT-XE5S,2025-08-05 15:30:00,9.1986,10.03,KHT-XE5S_2025_0526_1101,0.0,0.5
KHT-XE5S,2025-08-05 15:40:00,9.196,10.032,KHT-XE5S_2025_0526_1101,0.0002000000000000668,0.5
KHT-XE5S,2025-08-05 15:50:00,9.1947,10.031,KHT-XE5S_2025_0526_1101,9.999999999994457e-05,0.5
KHT-XE5S,2025-08-05 16:00:00,9.1924,10.032,KHT-XE5S_2025_0526_1101,9.999999999994457e-05,0.5
KHT-XE5S,2025-08-05 16:10:00,9.1897,10.031,KHT-XE5S_2025_0526_1101,9.999999999994457e-05,0.5
KHT-XE5S,2025-08-05 16:20:00,9.1881,10.031,KHT-XE5S_2025_0526_1101,0.0,0.5
KHT-XE5S,2025-08-05 16:30:00,9.1874,10.032,KHT-XE5S_2025_0526_1101,9.999999999994457e-05,0.5
KHT-XE5S,2025-08-05 16:40:00,9.1869,10.032,KHT-XE5S_2025_0526_1101,0.0,0.5
KHT-XE5S,2025-08-05 16:50:00,9.1862,10.032,KHT-XE5S_2025_0526_1101,0.0,0.5
KHT-XE5S,2025-08-05 17:00:00,9.185,10.033,KHT-XE5S_2025_0526_1101,9.999999999994457e-05,0.5
KHT-XE5S,2025-08-05 17:10:00,9.1842,10.031,KHT-XE5S_2025_0526_1101,0.00019999999999988915,0.5
KHT-XE5S,2025-08-05 17:20:00,9.1838,10.031,KHT-XE5S_2025_0526_1101,0.0,0.5
KHT-XE5S,2025-08-05 17:30:00,9.1834,10.034,KHT-XE5S_2025_0526_1101,0.00030000000000001136,0.5
KHT-XE5S,2025-08-05 17:40:00,9.1835,10.033,KHT-XE5S_2025_0526_1101,0.00010000000000012221,0.5
KHT-XE5S,2025-08-05 17:50:00,9.1829,10.032,KHT-XE5S_2025_0526_1101,9.999999999994457e-05,0.5
KHT-XE5S,2025-08-05 18:00:00,9.1835,10.032,KHT-XE5S_2025_0526_1101,0.0,0.5
KHT-XE5S,2025-08-05 18:10:00,9.1839,10.032,KHT-XE5S_2025_0526_1101,0.0,0.5
KHT-XE5S,2025-08-05 18:20:00,9.1852,10.031,KHT-XE5S_2025_0526_1101,9.999999999994457e-05,0.5
KHT-XE5S,2025-08-05 18:30:00,9.1865,10.033,KHT-XE5S_2025_0526_1101,0.00019999999999988915,0.5
KHT-XE5S,2025-08-05 18:40:00,9.1886,10.033,KHT-XE5S_2025_0526_1101,0.0,0.5
KHT-XE5S,2025-08-05 18:50:00,9.191,10.031,KHT-XE5S_2025_0526_1101,0.00019999999999988915,0.5
KHT-XE5S,2025-08-05 19:00:00,9.1924,10.032,KHT-XE5S_2025_0526_1101,9.999999999994457e-05,0.5
KHT-XE5S,2025-08-05 19:10:00,9.1943,10.031,KHT-XE5S_2025_0526_1101,9.999999999994457e-05,0.5
KHT-XE5S,2025-08-05 19:20:00,9.197,10.034,KHT-XE5S_2025_0526_1101,0.00030000000000001136,0.5
KHT-XE5S,2025-08-05 19:30:00,9.2001,10.03,KHT-XE5S_2025_0526_1101,0.0004000000000001336,0.5
KHT-XE5S,2025-08-05 19:40:00,9.2031,10.031,KHT-XE5S_2025_0526_1101,0.00010000000000012221,0.5
KHT-XE5S,2025-08-05 19:50:00,9.2065,10.034,KHT-XE5S_2025_0526_1101,0.00030000000000001136,0.5
KHT-XE5S,2025-08-05 20:00:00,9.2095,10.033,KHT-XE5S_2025_0526_1101,0.00010000000000012221,0.5
KHT-XE5S,2025-08-05 20:10:00,9.2131,10.032,KHT-XE5S_2025_0526_1101,9.999999999994457e-05,0.5
KHT-XE5S,2025-08-05 20:20:00,9.2164,10.031,KHT-XE5S_2025_0526_1101,9.999999999994457e-05,0.5
KHT-XE5S,2025-08-05 20:30:00,9.2198,10.033,KHT-XE5S_2025_0526_1101,0.00019999999999988915,0.5
KHT-XE5S,2025-08-05 20:40:00,9.2235,10.034,KHT-XE5S_2025_0526_1101,0.00010000000000012221,0.5
KHT-XE5S,2025-08-05 20:50:00,9.2269,10.033,KHT-XE5S_2025_0526_1101,0.00010000000000012221,0.5
KHT-XE5S,2025-08-05 21:00:00,9.2309,10.033,KHT-XE5S_2025_0526_1101,0.0,0.5
KHT-XE5S,2025-08-05 21:10:00,9.2341,10.034,KHT-XE5S_2025_0526_1101,0.00010000000000012221,0.5
KHT-XE5S,2025-08-05 21:20:00,9.238,10.035,KHT-XE5S_2025_0526_1101,9.999999999994457e-05,0.5
KHT-XE5S,2025-08-05 21:30:00,9.2415,10.034,KHT-XE5S_2025_0526_1101,9.999999999994457e-05,0.5
KHT-XE5S,2025-08-05 21:40:00,9.2442,10.034,KHT-XE5S_2025_0526_1101,0.0,0.5
KHT-XE5S,2025-08-05 21:50:00,9.2468,10.036,KHT-XE5S_2025_0526_1101,0.00019999999999988915,0.5
KHT-XE5S,2025-08-05 22:00:00,9.2489,10.035,KHT-XE5S_2025_0526_1101,9.999999999994457e-05,0.5
KHT-XE5S,2025-08-05 22:10:00,9.2521,10.034,KHT-XE5S_2025_0526_1101,9.999999999994457e-05,0.5
KHT-XE5S,2025-08-05 22:20:00,9.2545,10.034,KHT-XE5S_2025_0526_1101,0.0,0.5
KHT-XE5S,2025-08-05 22:30:00,9.2559,10.036,KHT-XE5S_2025_0526_1101,0.00019999999999988915,0.5
KHT-XE5S,2025-08-05 22:40:00,9.2583,10.037,KHT-XE5S_2025_0526_1101,0.00010000000000012221,0.5
KHT-XE5S,2025-08-05 22:50:00,9.2608,10.036,KHT-XE5S_2025_0526_1101,0.00010000000000012221,0.5
KHT-XE5S,2025-08-05 23:00:00,9.2631,10.037,KHT-XE5S_2025_0526_1101,0.00010000000000012221,0.5
KHT-XE5S,2025-08-05 23:10:00,9.2654,10.036,KHT-XE5S_2025_0526_1101,0.00010000000000012221,0.5
KHT-XE5S,2025-08-05 23:20:00,9.2672,10.037,KHT-XE5S_2025_0526_1101,0.00010000000000012221,0.5
KHT-XE5S,2025-08-05 23:30:00,9.2689,10.037,KHT-XE5S_2025_0526_1101,0.0,0.5
KHT-XE5S,2025-08-05 23:40:00,9.2703,10.036,KHT-XE5S_2025_0526_1101,0.00010000000000012221,0.5
KHT-XE5S,2025-08-05 23:50:00,9.2724,10.036,KHT-XE5S_2025_0526_1101,0.0,0.5
KHT-XE5S,2025-08-06 00:00:00,9.2746,10.037,KHT-XE5S_2025_0526_1101,0.00010000000000012221,0.5
KHT-XE5S,2025-08-06 00:10:00,9.2773,10.037,KHT-XE5S_2025_0526_1101,0.0,0.5
KHT-XE5S,2025-08-06 00:20:00,9.2791,10.039,KHT-XE5S_2025_0526_1101,0.00019999999999988915,0.5
KHT-XE5S,2025-08-06 00:30:00,9.2806,10.035,KHT-XE5S_2025_0526_1101,0.00039999999999995595,0.5
KHT-XE5S,2025-08-06 00:40:00,9.2822,10.038,KHT-XE5S_2025_0526_1101,0.00030000000000001136,0.5
KHT-XE5S,2025-08-06 00:50:00,9.2835,10.038,KHT-XE5S_2025_0526_1101,0.0,0.5
KHT-XE5S,2025-08-06 01:00:00,9.2842,10.039,KHT-XE5S_2025_0526_1101,9.999999999994457e-05,0.5
KHT-XE5S,2025-08-06 01:10:00,9.2845,10.04,KHT-XE5S_2025_0526_1101,9.999999999994457e-05,0.5
KHT-XE5S,2025-08-06 01:20:00,9.2851,10.04,KHT-XE5S_2025_0526_1101,0.0,0.5
KHT-XE5S,2025-08-06 01:30:00,9.2857,10.039,KHT-XE5S_2025_0526_1101,9.999999999994457e-05,0.5
KHT-XE5S,2025-08-06 01:40:00,9.2853,10.038,KHT-XE5S_2025_0526_1101,9.999999999994457e-05,0.5
KHT-XE5S,2025-08-06 01:50:00,9.2857,10.038,KHT-XE5S_2025_0526_1101,0.0,0.5
KHT-XE5S,2025-08-06 02:00:00,9.2865,10.041,KHT-XE5S_2025_0526_1101,0.00030000000000001136,0.5
KHT-XE5S,2025-08-06 02:10:00,9.2873,10.042,KHT-XE5S_2025_0526_1101,9.999999999994457e-05,0.5
KHT-XE5S,2025-08-06 02:20:00,9.2878,10.039,KHT-XE5S_2025_0526_1101,0.00030000000000001136,0.5
KHT-XE5S,2025-08-06 02:30:00,9.2887,10.039,KHT-XE5S_2025_0526_1101,0.0,0.5
KHT-XE5S,2025-08-06 02:40:00,9.2897,10.041,KHT-XE5S_2025_0526_1101,0.0002000000000000668,0.5
KHT-XE5S,2025-08-06 02:50:00,9.291,10.041,KHT-XE5S_2025_0526_1101,0.0,0.5
KHT-XE5S,2025-08-06 03:00:00,9.2916,10.04,KHT-XE5S_2025_0526_1101,0.00010000000000012221,0.5
KHT-XE5S,2025-08-06 03:10:00,9.2928,10.041,KHT-XE5S_2025_0526_1101,0.00010000000000012221,0.5
KHT-XE5S,2025-08-06 03:20:00,9.2934,10.042,KHT-XE5S_2025_0526_1101,9.999999999994457e-05,0.5
KHT-XE5S,2025-08-06 03:30:00,9.2955,10.04,KHT-XE5S_2025_0526_1101,0.0002000000000000668,0.5
KHT-XE5S,2025-08-06 03:40:00,9.2964,10.042,KHT-XE5S_2025_0526_1101,0.0002000000000000668,0.5
KHT-XE5S,2025-08-06 03:50:00,9.298,10.042,KHT-XE5S_2025_0526_1101,0.0,0.5
KHT-XE5S,2025-08-06 04:00:00,9.2986,10.042,KHT-XE5S_2025_0526_1101,0.0,0.5
KHT-XE5S,2025-08-06 04:10:00,9.299,10.042,KHT-XE5S_2025_0526_1101,0.0,0.5
KHT-XE5S,2025-08-06 04:20:00,9.2999,10.043,KHT-XE5S_2025_0526_1101,9.999999999994457e-05,0.5
KHT-XE5S,2025-08-06 04:30:00,9.3009,10.042,KHT-XE5S_2025_0526_1101,9.999999999994457e-05,0.5
KHT-XE5S,2025-08-06 04:40:00,9.302,10.043,KHT-XE5S_2025_0526_1101,9.999999999994457e-05,0.5
KHT-XE5S,2025-08-06 04:50:00,9.3026,10.043,KHT-XE5S_2025_0526_1101,0.0,0.5
KHT-XE5S,2025-08-06 05:00:00,9.3032,10.042,KHT-XE5S_2025_0526_1101,9.999999999994457e-05,0.5
KHT-XE5S,2025-08-06 05:10:00,9.3039,10.044,KHT-XE5S_2025_0526_1101,0.0002000000000000668,0.5
KHT-XE5S,2025-08-06 05:20:00,9.3053,10.044,KHT-XE5S_2025_0526_1101,0.0,0.5
KHT-XE5S,2025-08-06 05:30:00,9.3073,10.044,KHT-XE5S_2025_0526_1101,0.0,0.5
KHT-XE5S,2025-08-06 05:40:00,9.3097,10.045,KHT-XE5S_2025_0526_1101,9.999999999994457e-05,0.5
KHT-XE5S,2025-08-06 05:50:00,9.3108,10.042,KHT-XE5S_2025_0526_1101,0.00030000000000001136,0.5
KHT-XE5S,2025-08-06 06:00:00,9.3124,10.044,KHT-XE5S_2025_0526_1101,0.0002000000000000668,0.5
KHT-XE5S,2025-08-06 06:10:00,9.3139,10.044,KHT-XE5S_2025_0526_1101,0.0,0.5
KHT-XE5S,2025-08-06 06:20:00,9.3148,10.043,KHT-XE5S_2025_0526_1101,0.00010000000000012221,0.5
KHT-XE5S,2025-08-06 06:30:00,9.3157,10.044,KHT-XE5S_2025_0526_1101,0.00010000000000012221,0.5
KHT-XE5S,2025-08-06 06:40:00,9.3172,10.046,KHT-XE5S_2025_0526_1101,0.00019999999999988915,0.5
KHT-XE5S,2025-08-06 06:50:00,9.3182,10.044,KHT-XE5S_2025_0526_1101,0.00019999999999988915,0.5
KHT-XE5S,2025-08-06 07:00:00,9.319,10.045,KHT-XE5S_2025_0526_1101,9.999999999994457e-05,0.5
KHT-XE5S,2025-08-06 07:10:00,9.32,10.045,KHT-XE5S_2025_0526_1101,0.0,0.5
KHT-XE5S,2025-08-06 07:20:00,9.3209,10.047,KHT-XE5S_2025_0526_1101,0.0002000000000000668,0.5
KHT-XE5S,2025-08-06 07:30:00,9.3217,10.045,KHT-XE5S_2025_0526_1101,0.0002000000000000668,0.5
KHT-XE5S,2025-08-06 07:40:00,9.3231,10.046,KHT-XE5S_2025_0526_1101,9.999999999994457e-05,0.5
KHT-XE5S,2025-08-06 07:50:00,9.3238,10.045,KHT-XE5S_2025_0526_1101,9.999999999994457e-05,0.5
KHT-XE5S,2025-08-06 08:00:00,9.3252,10.048,KHT-XE5S_2025_0526_1101,0.00030000000000001136,0.5
KHT-XE5S,2025-08-06 08:10:00,9.3255,10.047,KHT-XE5S_2025_0526_1101,9.999999999994457e-05,0.5
KHT-XE5S,2025-08-06 08:20:00,9.3261,10.045,KHT-XE5S_2025_0526_1101,0.0002000000000000668,0.5
KHT-XE5S,2025-08-06 08:30:00,9.3257,10.045,KHT-XE5S_2025_0526_1101,0.0,0.5
KHT-XE5S,2025-08-06 08:40:00,9.3255,10.047,KHT-XE5S_2025_0526_1101,0.0002000000000000668,0.5
KHT-XE5S,2025-08-06 08:50:00,9.3251,10.048,KHT-XE5S_2025_0526_1101,9.999999999994457e-05,0.5
KHT-XE5S,2025-08-06 09:00:00,9.3232,10.049,KHT-XE5S_2025_0526_1101,9.999999999994457e-05,0.5
KHT-XE5S,2025-08-06 09:10:00,9.3215,10.048,KHT-XE5S_2025_0526_1101,9.999999999994457e-05,0.5
KHT-XE5S,2025-08-06 09:20:00,9.3196,10.05,KHT-XE5S_2025_0526_1101,0.0002000000000000668,0.5
KHT-XE5S,2025-08-06 09:30:00,9.3169,10.049,KHT-XE5S_2025_0526_1101,0.00010000000000012221,0.5
KHT-XE5S,2025-08-06 09:40:00,9.315,10.051,KHT-XE5S_2025_0526_1101,0.0002000000000000668,0.5
KHT-XE5S,2025-08-06 09:50:00,9.313,10.05,KHT-XE5S_2025_0526_1101,9.999999999994457e-05,0.5
KHT-XE5S,2025-08-06 10:00:00,9.31,10.052,KHT-XE5S_2025_0526_1101,0.00019999999999988915,0.5
KHT-XE5S,2025-08-06 10:10:00,9.3073,10.052,KHT-XE5S_2025_0526_1101,0.0,0.5
KHT-XE5S,2025-08-06 10:20:00,9.305,10.051,KHT-XE5S_2025_0526_1101,9.999999999994457e-05,0.5
KHT-XE5S,2025-08-06 10:30:00,9.3028,10.051,KHT-XE5S_2025_0526_1101,0.0,0.5
KHT-XE5S,2025-08-06 10:40:00,9.3,10.053,KHT-XE5S_2025_0526_1101,0.0002000000000000668,0.5
KHT-XE5S,2025-08-06 10:50:00,9.297,10.054,KHT-XE5S_2025_0526_1101,9.999999999994457e-05,0.5
KHT-XE5S,2025-08-06 11:00:00,9.2946,10.054,KHT-XE5S_2025_0526_1101,0.0,0.5
KHT-XE5S,2025-08-06 11:10:00,9.2923,10.051,KHT-XE5S_2025_0526_1101,0.00030000000000001136,0.5
KHT-XE5S,2025-08-06 11:20:00,9.289,10.055,KHT-XE5S_2025_0526_1101,0.00039999999999995595,0.5
KHT-XE5S,2025-08-06 11:30:00,9.2853,10.054,KHT-XE5S_2025_0526_1101,9.999999999994457e-05,0.5
KHT-XE5S,2025-08-06 11:40:00,9.2823,10.054,KHT-XE5S_2025_0526_1101,0.0,0.5
KHT-XE5S,2025-08-06 11:50:00,9.2786,10.054,KHT-XE5S_2025_0526_1101,0.0,0.5
KHT-XE5S,2025-08-06 12:00:00,9.2746,10.056,KHT-XE5S_2025_0526_1101,0.00019999999999988915,0.5
KHT-XE5S,2025-08-06 12:10:00,9.2704,10.054,KHT-XE5S_2025_0526_1101,0.00019999999999988915,0.5
KHT-XE5S,2025-08-06 12:20:00,9.2671,10.056,KHT-XE5S_2025_0526_1101,0.00019999999999988915,0.5
KHT-XE5S,2025-08-06 12:30:00,9.2632,10.056,KHT-XE5S_2025_0526_1101,0.0,0.5
KHT-XE5S,2025-08-06 12:40:00,9.2584,10.056,KHT-XE5S_2025_0526_1101,0.0,0.5
KHT-XE5S,2025-08-06 12:50:00,9.2541,10.055,KHT-XE5S_2025_0526_1101,9.999999999994457e-05,0.5
KHT-XE5S,2025-08-06 13:00:00,9.2515,10.055,KHT-XE5S_2025_0526_1101,0.0,0.5
KHT-XE5S,2025-08-06 13:10:00,9.2468,10.058,KHT-XE5S_2025_0526_1101,0.00030000000000001136,0.5
KHT-XE5S,2025-08-06 13:20:00,9.2437,10.055,KHT-XE5S_2025_0526_1101,0.00030000000000001136,0.5
KHT-XE5S,2025-08-06 13:30:00,9.2396,10.056,KHT-XE5S_2025_0526_1101,9.999999999994457e-05,0.5
KHT-XE5S,2025-08-06 13:40:00,9.2369,10.057,KHT-XE5S_2025_0526_1101,0.00010000000000012221,0.5
KHT-XE5S,2025-08-06 13:50:00,9.2327,10.057,KHT-XE5S_2025_0526_1101,0.0,0.5
KHT-XE5S,2025-08-06 14:00:00,9.2289,10.059,KHT-XE5S_2025_0526_1101,0.00019999999999988915,0.5
KHT-XE5S,2025-08-06 14:10:00,9.2262,10.057,KHT-XE5S_2025_0526_1101,0.00019999999999988915,0.5
KHT-XE5S,2025-08-06 14:20:00,9.2221,10.056,KHT-XE5S_2025_0526_1101,0.00010000000000012221,0.5
KHT-XE5S,2025-08-06 14:30:00,9.2198,10.056,KHT-XE5S_2025_0526_1101,0.0,0.5
KHT-XE5S,2025-08-06 14:40:00,9.2164,10.06,KHT-XE5S_2025_0526_1101,0.0004000000000001336,0.5
KHT-XE5S,2025-08-06 14:50:00,9.213,10.059,KHT-XE5S_2025_0526_1101,0.00010000000000012221,0.5
KHT-XE5S,2025-08-06 15:00:00,9.2097,10.061,KHT-XE5S_2025_0526_1101,0.0002000000000000668,0.5
KHT-XE5S,2025-08-06 15:10:00,9.2069,10.06,KHT-XE5S_2025_0526_1101,9.999999999994457e-05,0.5
KHT-XE5S,2025-08-06 15:20:00,9.2046,10.061,KHT-XE5S_2025_0526_1101,9.999999999994457e-05,0.5
KHT-XE5S,2025-08-06 15:30:00,9.202,10.061,KHT-XE5S_2025_0526_1101,0.0,0.5
KHT-XE5S,2025-08-06 15:40:00,9.1998,10.059,KHT-XE5S_2025_0526_1101,0.0002000000000000668,0.5
KHT-XE5S,2025-08-06 15:50:00,9.1982,10.059,KHT-XE5S_2025_0526_1101,0.0,0.5
KHT-XE5S,2025-08-06 16:00:00,9.1979,10.057,KHT-XE5S_2025_0526_1101,0.00019999999999988915,0.5
KHT-XE5S,2025-08-06 16:10:00,9.1969,10.06,KHT-XE5S_2025_0526_1101,0.00030000000000001136,0.5
KHT-XE5S,2025-08-06 16:20:00,9.1952,10.06,KHT-XE5S_2025_0526_1101,0.0,0.5
KHT-XE5S,2025-08-06 16:30:00,9.193,10.06,KHT-XE5S_2025_0526_1101,0.0,0.5
KHT-XE5S,2025-08-06 16:40:00,9.1916,10.06,KHT-XE5S_2025_0526_1101,0.0,0.5
KHT-XE5S,2025-08-06 16:50:00,9.193,10.061,KHT-XE5S_2025_0526_1101,9.999999999994457e-05,0.5
KHT-XE5S,2025-08-06 17:00:00,9.1923,10.059,KHT-XE5S_2025_0526_1101,0.0002000000000000668,0.5
KHT-XE5S,2025-08-06 17:10:00,9.1949,10.059,KHT-XE5S_2025_0526_1101,0.0,0.5
KHT-XE5S,2025-08-06 17:20:00,9.1958,10.059,KHT-XE5S_2025_0526_1101,0.0,0.5
KHT-XE5S,2025-08-06 17:30:00,9.1952,10.06,KHT-XE5S_2025_0526_1101,0.00010000000000012221,0.5
KHT-XE5S,2025-08-06 17:40:00,9.1941,10.061,KHT-XE5S_2025_0526_1101,9.999999999994457e-05,0.5
KHT-XE5S,2025-08-06 17:50:00,9.1928,10.06,KHT-XE5S_2025_0526_1101,9.999999999994457e-05,0.5
KHT-XE5S,2025-08-06 18:00:00,9.1925,10.059,KHT-XE5S_2025_0526_1101,0.00010000000000012221,0.5
KHT-XE5S,2025-08-06 18:10:00,9.1922,10.061,KHT-XE5S_2025_0526_1101,0.0002000000000000668,0.5
KHT-XE5S,2025-08-06 18:20:00,9.1928,10.06,KHT-XE5S_2025_0526_1101,9.999999999994457e-05,0.5
KHT-XE5S,2025-08-06 18:30:00,9.1921,10.062,KHT-XE5S_2025_0526_1101,0.00019999999999988915,0.5
KHT-XE5S,2025-08-06 18:40:00,9.1922,10.061,KHT-XE5S_2025_0526_1101,9.999999999994457e-05,0.5
KHT-XE5S,2025-08-06 18:50:00,9.1926,10.062,KHT-XE5S_2025_0526_1101,9.999999999994457e-05,0.5
KHT-XE5S,2025-08-06 19:00:00,9.1943,10.06,KHT-XE5S_2025_0526_1101,0.00019999999999988915,0.5
KHT-XE5S,2025-08-06 19:10:00,9.1953,10.062,KHT-XE5S_2025_0526_1101,0.00019999999999988915,0.5
KHT-XE5S,2025-08-06 19:20:00,9.1977,10.062,KHT-XE5S_2025_0526_1101,0.0,0.5
KHT-XE5S,2025-08-06 19:30:00,9.1997,10.062,KHT-XE5S_2025_0526_1101,0.0,0.5
KHT-XE5S,2025-08-06 19:40:00,9.2019,10.061,KHT-XE5S_2025_0526_1101,9.999999999994457e-05,0.5
KHT-XE5S,2025-08-06 19:50:00,9.2045,10.062,KHT-XE5S_2025_0526_1101,9.999999999994457e-05,0.5
KHT-XE5S,2025-08-06 20:00:00,9.2072,10.061,KHT-XE5S_2025_0526_1101,9.999999999994457e-05,0.5
KHT-XE5S,2025-08-06 20:10:00,9.2103,10.063,KHT-XE5S_2025_0526_1101,0.0002000000000000668,0.5
KHT-XE5S,2025-08-06 20:20:00,9.2135,10.064,KHT-XE5S_2025_0526_1101,9.999999999994457e-05,0.5
KHT-XE5S,2025-08-06 20:30:00,9.2167,10.061,KHT-XE5S_2025_0526_1101,0.00030000000000001136,0.5
KHT-XE5S,2025-08-06 20:40:00,9.22,10.061,KHT-XE5S_2025_0526_1101,0.0,0.5
KHT-XE5S,2025-08-06 20:50:00,9.2234,10.061,KHT-XE5S_2025_0526_1101,0.0,0.5
KHT-XE5S,2025-08-06 21:00:00,9.2275,10.062,KHT-XE5S_2025_0526_1101,9.999999999994457e-05,0.5
KHT-XE5S,2025-08-06 21:10:00,9.2313,10.061,KHT-XE5S_2025_0526_1101,9.999999999994457e-05,0.5
KHT-XE5S,2025-08-06 21:20:00,9.2345,10.061,KHT-XE5S_2025_0526_1101,0.0,0.5
KHT-XE5S,2025-08-06 21:30:00,9.2379,10.063,KHT-XE5S_2025_0526_1101,0.0002000000000000668,0.5
KHT-XE5S,2025-08-06 21:40:00,9.2406,10.063,KHT-XE5S_2025_0526_1101,0.0,0.5
KHT-XE5S,2025-08-06 21:50:00,9.2433,10.065,KHT-XE5S_2025_0526_1101,0.00019999999999988915,0.5
KHT-XE5S,2025-08-06 22:00:00,9.2462,10.062,KHT-XE5S_2025_0526_1101,0.00030000000000001136,0.5
KHT-XE5S,2025-08-06 22:10:00,9.2489,10.063,KHT-XE5S_2025_0526_1101,0.00010000000000012221,0.5
KHT-XE5S,2025-08-06 22:20:00,9.2512,10.064,KHT-XE5S_2025_0526_1101,9.999999999994457e-05,0.5
KHT-XE5S,2025-08-06 22:30:00,9.2534,10.063,KHT-XE5S_2025_0526_1101,9.999999999994457e-05,0.5
KHT-XE5S,2025-08-06 22:40:00,9.2562,10.064,KHT-XE5S_2025_0526_1101,9.999999999994457e-05,0.5
KHT-XE5S,2025-08-06 22:50:00,9.2581,10.063,KHT-XE5S_2025_0526_1101,9.999999999994457e-05,0.5
KHT-XE5S,2025-08-06 23:00:00,9.2601,10.065,KHT-XE5S_2025_0526_1101,0.00019999999999988915,0.5
KHT-XE5S,2025-08-06 23:10:00,9.2615,10.064,KHT-XE5S_2025_0526_1101,9.999999999994457e-05,0.5
KHT-XE5S,2025-08-06 23:20:00,9.2631,10.067,KHT-XE5S_2025_0526_1101,0.00030000000000001136,0.5
KHT-XE5S,2025-08-06 23:30:00,9.2643,10.065,KHT-XE5S_2025_0526_1101,0.0002000000000000668,0.5
KHT-XE5S,2025-08-06 23:40:00,9.267,10.066,KHT-XE5S_2025_0526_1101,0.00010000000000012221,0.5
KHT-XE5S,2025-08-06 23:50:00,9.2691,10.066,KHT-XE5S_2025_0526_1101,0.0,0.5
KHT-XE5S,2025-08-07 00:00:00,9.2705,10.066,KHT-XE5S_2025_0526_1101,0.0,0.5
KHT-XE5S,2025-08-07 00:10:00,9.272,10.066,KHT-XE5S_2025_0526_1101,0.0,0.5
KHT-XE5S,2025-08-07 00:20:00,9.2739,10.066,KHT-XE5S_2025_0526_1101,0.0,0.5
KHT-XE5S,2025-08-07 00:30:00,9.2758,10.065,KHT-XE5S_2025_0526_1101,0.00010000000000012221,0.5
KHT-XE5S,2025-08-07 00:40:00,9.2772,10.067,KHT-XE5S_2025_0526_1101,0.0002000000000000668,0.5
KHT-XE5S,2025-08-07 00:50:00,9.2786,10.068,KHT-XE5S_2025_0526_1101,9.999999999994457e-05,0.5
KHT-XE5S,2025-08-07 01:00:00,9.2795,10.068,KHT-XE5S_2025_0526_1101,0.0,0.5
KHT-XE5S,2025-08-07 01:10:00,9.2803,10.068,KHT-XE5S_2025_0526_1101,0.0,0.5
KHT-XE5S,2025-08-07 01:20:00,9.2813,10.067,KHT-XE5S_2025_0526_1101,9.999999999994457e-05,0.5
KHT-XE5S,2025-08-07 01:30:00,9.2832,10.068,KHT-XE5S_2025_0526_1101,9.999999999994457e-05,0.5
KHT-XE5S,2025-08-07 01:40:00,9.285,10.068,KHT-XE5S_2025_0526_1101,0.0,0.5
KHT-XE5S,2025-08-07 01:50:00,9.2865,10.067,KHT-XE5S_2025_0526_1101,9.999999999994457e-05,0.5
KHT-XE5S,2025-08-07 02:00:00,9.288,10.07,KHT-XE5S_2025_0526_1101,0.00030000000000001136,0.5
KHT-XE5S,2025-08-07 02:10:00,9.289,10.07,KHT-XE5S_2025_0526_1101,0.0,0.5
KHT-XE5S,2025-08-07 02:20:00,9.2889,10.068,KHT-XE5S_2025_0526_1101,0.0002000000000000668,0.5
KHT-XE5S,2025-08-07 02:30:00,9.2902,10.068,KHT-XE5S_2025_0526_1101,0.0,0.5
KHT-XE5S,2025-08-07 02:40:00,9.2906,10.067,KHT-XE5S_2025_0526_1101,9.999999999994457e-05,0.5
KHT-XE5S,2025-08-07 02:50:00,9.2914,10.069,KHT-XE5S_2025_0526_1101,0.0002000000000000668,0.5
KHT-XE5S,2025-08-07 03:00:00,9.2921,10.07,KHT-XE5S_2025_0526_1101,9.999999999994457e-05,0.5
KHT-XE5S,2025-08-07 03:10:00,9.2928,10.067,KHT-XE5S_2025_0526_1101,0.00030000000000001136,0.5
KHT-XE5S,2025-08-07 03:20:00,9.2935,10.069,KHT-XE5S_2025_0526_1101,0.0002000000000000668,0.5
KHT-XE5S,2025-08-07 03:30:00,9.2939,10.069,KHT-XE5S_2025_0526_1101,0.0,0.5
KHT-XE5S,2025-08-07 03:40:00,9.2948,10.07,KHT-XE5S_2025_0526_1101,9.999999999994457e-05,0.5
KHT-XE5S,2025-08-07 03:50:00,9.2961,10.071,KHT-XE5S_2025_0526_1101,9.999999999994457e-05,0.5
KHT-XE5S,2025-08-07 04:00:00,9.2974,10.072,KHT-XE5S_2025_0526_1101,9.999999999994457e-05,0.5
KHT-XE5S,2025-08-07 04:10:00,9.2977,10.072,KHT-XE5S_2025_0526_1101,0.0,0.5
KHT-XE5S,2025-08-07 04:20:00,9.2988,10.072,KHT-XE5S_2025_0526_1101,0.0,0.5
KHT-XE5S,2025-08-07 04:30:00,9.2998,10.072,KHT-XE5S_2025_0526_1101,0.0,0.5
KHT-XE5S,2025-08-07 04:40:00,9.3006,10.071,KHT-XE5S_2025_0526_1101,9.999999999994457e-05,0.5
KHT-XE5S,2025-08-07 04:50:00,9.3008,10.071,KHT-XE5S_2025_0526_1101,0.0,0.5
KHT-XE5S,2025-08-07 05:00:00,9.3014,10.071,KHT-XE5S_2025_0526_1101,0.0,0.5
KHT-XE5S,2025-08-07 05:10:00,9.3019,10.071,KHT-XE5S_2025_0526_1101,0.0,0.5
KHT-XE5S,2025-08-07 05:20:00,9.3027,10.072,KHT-XE5S_2025_0526_1101,9.999999999994457e-05,0.5
KHT-XE5S,2025-08-07 05:30:00,9.3034,10.073,KHT-XE5S_2025_0526_1101,0.00010000000000012221,0.5
KHT-XE5S,2025-08-07 05:40:00,9.3044,10.074,KHT-XE5S_2025_0526_1101,9.999999999994457e-05,0.5
KHT-XE5S,2025-08-07 05:50:00,9.3057,10.074,KHT-XE5S_2025_0526_1101,0.0,0.5
KHT-XE5S,2025-08-07 06:00:00,9.3064,10.072,KHT-XE5S_2025_0526_1101,0.0002000000000000668,0.5
KHT-XE5S,2025-08-07 06:10:00,9.3074,10.074,KHT-XE5S_2025_0526_1101,0.0002000000000000668,0.5
KHT-XE5S,2025-08-07 06:20:00,9.3089,10.074,KHT-XE5S_2025_0526_1101,0.0,0.5
KHT-XE5S,2025-08-07 06:30:00,9.3101,10.075,KHT-XE5S_2025_0526_1101,9.999999999994457e-05,0.5
KHT-XE5S,2025-08-07 06:40:00,9.3115,10.073,KHT-XE5S_2025_0526_1101,0.00019999999999988915,0.5
KHT-XE5S,2025-08-07 06:50:00,9.3126,10.073,KHT-XE5S_2025_0526_1101,0.0,0.5
KHT-XE5S,2025-08-07 07:00:00,9.3131,10.074,KHT-XE5S_2025_0526_1101,9.999999999994457e-05,0.5
KHT-XE5S,2025-08-07 07:10:00,9.3132,10.073,KHT-XE5S_2025_0526_1101,9.999999999994457e-05,0.5
KHT-XE5S,2025-08-07 07:20:00,9.313,10.073,KHT-XE5S_2025_0526_1101,0.0,0.5
KHT-XE5S,2025-08-07 07:30:00,9.3135,10.074,KHT-XE5S_2025_0526_1101,9.999999999994457e-05,0.5
KHT-XE5S,2025-08-07 07:40:00,9.3136,10.077,KHT-XE5S_2025_0526_1101,0.00030000000000001136,0.5
KHT-XE5S,2025-08-07 07:50:00,9.3139,10.073,KHT-XE5S_2025_0526_1101,0.00039999999999995595,0.5
KHT-XE5S,2025-08-07 08:00:00,9.3142,10.076,KHT-XE5S_2025_0526_1101,0.00030000000000001136,0.5
KHT-XE5S,2025-08-07 08:10:00,9.3152,10.076,KHT-XE5S_2025_0526_1101,0.0,0.5
KHT-XE5S,2025-08-07 08:20:00,9.3146,10.075,KHT-XE5S_2025_0526_1101,0.00010000000000012221,0.5
KHT-XE5S,2025-08-07 08:30:00,9.315,10.076,KHT-XE5S_2025_0526_1101,0.00010000000000012221,0.5
KHT-XE5S,2025-08-07 08:40:00,9.3148,10.074,KHT-XE5S_2025_0526_1101,0.0002000000000000668,0.5
KHT-XE5S,2025-08-07 08:50:00,9.3134,10.079,KHT-XE5S_2025_0526_1101,0.0005000000000000782,0.5
KHT-XE5S,2025-08-07 09:00:00,9.312,10.077,KHT-XE5S_2025_0526_1101,0.0002000000000000668,0.5
KHT-XE5S,2025-08-07 09:10:00,9.3103,10.076,KHT-XE5S_2025_0526_1101,9.999999999994457e-05,0.5
KHT-XE5S,2025-08-07 09:20:00,9.3084,10.077,KHT-XE5S_2025_0526_1101,9.999999999994457e-05,0.5
KHT-XE5S,2025-08-07 09:30:00,9.3065,10.078,KHT-XE5S_2025_0526_1101,9.999999999994457e-05,0.5
KHT-XE5S,2025-08-07 09:40:00,9.3045,10.078,KHT-XE5S_2025_0526_1101,0.0,0.5
KHT-XE5S,2025-08-07 09:50:00,9.3016,10.078,KHT-XE5S_2025_0526_1101,0.0,0.5
KHT-XE5S,2025-08-07 10:00:00,9.2997,10.08,KHT-XE5S_2025_0526_1101,0.0002000000000000668,0.5
KHT-XE5S,2025-08-07 10:10:00,9.2972,10.079,KHT-XE5S_2025_0526_1101,9.999999999994457e-05,0.5
KHT-XE5S,2025-08-07 10:20:00,9.2948,10.08,KHT-XE5S_2025_0526_1101,9.999999999994457e-05,0.5
KHT-XE5S,2025-08-07 10:30:00,9.292,10.078,KHT-XE5S_2025_0526_1101,0.0002000000000000668,0.5
KHT-XE5S,2025-08-07 10:40:00,9.2894,10.08,KHT-XE5S_2025_0526_1101,0.0002000000000000668,0.5
KHT-XE5S,2025-08-07 10:50:00,9.2873,10.081,KHT-XE5S_2025_0526_1101,9.999999999994457e-05,0.5
KHT-XE5S,2025-08-07 11:00:00,9.2845,10.082,KHT-XE5S_2025_0526_1101,0.00010000000000012221,0.5
KHT-XE5S,2025-08-07 11:10:00,9.2797,10.082,KHT-XE5S_2025_0526_1101,0.0,0.5
KHT-XE5S,2025-08-07 11:20:00,9.275,10.081,KHT-XE5S_2025_0526_1101,0.00010000000000012221,0.5
KHT-XE5S,2025-08-07 11:30:00,9.2721,10.082,KHT-XE5S_2025_0526_1101,0.00010000000000012221,0.5
KHT-XE5S,2025-08-07 11:40:00,9.2679,10.083,KHT-XE5S_2025_0526_1101,9.999999999994457e-05,0.5
KHT-XE5S,2025-08-07 11:50:00,9.2651,10.08,KHT-XE5S_2025_0526_1101,0.00030000000000001136,0.5
KHT-XE5S,2025-08-07 12:00:00,9.2617,10.082,KHT-XE5S_2025_0526_1101,0.0002000000000000668,0.5
KHT-XE5S,2025-08-07 12:10:00,9.2573,10.083,KHT-XE5S_2025_0526_1101,9.999999999994457e-05,0.5
KHT-XE5S,2025-08-07 12:20:00,9.2518,10.082,KHT-XE5S_2025_0526_1101,9.999999999994457e-05,0.5
KHT-XE5S,2025-08-07 12:30:00,9.2478,10.085,KHT-XE5S_2025_0526_1101,0.00030000000000001136,0.5
KHT-XE5S,2025-08-07 12:40:00,9.2444,10.084,KHT-XE5S_2025_0526_1101,0.00010000000000012221,0.5
KHT-XE5S,2025-08-07 12:50:00,9.2399,10.083,KHT-XE5S_2025_0526_1101,9.999999999994457e-05,0.5
KHT-XE5S,2025-08-07 13:00:00,9.2358,10.085,KHT-XE5S_2025_0526_1101,0.0002000000000000668,0.5
KHT-XE5S,2025-08-07 13:10:00,9.2329,10.086,KHT-XE5S_2025_0526_1101,9.999999999994457e-05,0.5
KHT-XE5S,2025-08-07 13:20:00,9.2299,10.084,KHT-XE5S_2025_0526_1101,0.0002000000000000668,0.5
KHT-XE5S,2025-08-07 13:30:00,9.2244,10.084,KHT-XE5S_2025_0526_1101,0.0,0.5
KHT-XE5S,2025-08-07 13:40:00,9.2215,10.085,KHT-XE5S_2025_0526_1101,0.00010000000000012221,0.5
KHT-XE5S,2025-08-07 13:50:00,9.2176,10.085,KHT-XE5S_2025_0526_1101,0.0,0.5
KHT-XE5S,2025-08-07 14:00:00,9.2134,10.087,KHT-XE5S_2025_0526_1101,0.00019999999999988915,0.5
KHT-XE5S,2025-08-07 14:10:00,9.2094,10.085,KHT-XE5S_2025_0526_1101,0.00019999999999988915,0.5
KHT-XE5S,2025-08-07 14:20:00,9.2062,10.086,KHT-XE5S_2025_0526_1101,9.999999999994457e-05,0.5
KHT-XE5S,2025-08-07 14:30:00,9.2036,10.086,KHT-XE5S_2025_0526_1101,0.0,0.5
KHT-XE5S,2025-08-07 14:40:00,9.2012,10.087,KHT-XE5S_2025_0526_1101,9.999999999994457e-05,0.5
KHT-XE5S,2025-08-07 14:50:00,9.1979,10.088,KHT-XE5S_2025_0526_1101,9.999999999994457e-05,0.5
KHT-XE5S,2025-08-07 15:00:00,9.1954,10.087,KHT-XE5S_2025_0526_1101,9.999999999994457e-05,0.5
KHT-XE5S,2025-08-07 15:10:00,9.1911,10.088,KHT-XE5S_2025_0526_1101,9.999999999994457e-05,0.5
KHT-XE5S,2025-08-07 15:20:00,9.1883,10.087,KHT-XE5S_2025_0526_1101,9.999999999994457e-05,0.5
KHT-XE5S,2025-08-07 15:30:00,9.1856,10.089,KHT-XE5S_2025_0526_1101,0.0002000000000000668,0.5
KHT-XE5S,2025-08-07 15:40:00,9.1835,10.085,KHT-XE5S_2025_0526_1101,0.00039999999999995595,0.5
KHT-XE5S,2025-08-07 15:50:00,9.1818,10.088,KHT-XE5S_2025_0526_1101,0.0002999999999998337,0.5
KHT-XE5S,2025-08-07 16:00:00,9.1803,10.087,KHT-XE5S_2025_0526_1101,9.999999999994457e-05,0.5
KHT-XE5S,2025-08-07 16:10:00,9.1783,10.087,KHT-XE5S_2025_0526_1101,0.0,0.5
KHT-XE5S,2025-08-07 16:20:00,9.1771,10.088,KHT-XE5S_2025_0526_1101,9.999999999994457e-05,0.5
KHT-XE5S,2025-08-07 16:30:00,9.1757,10.089,KHT-XE5S_2025_0526_1101,0.00010000000000012221,0.5
KHT-XE5S,2025-08-07 16:40:00,9.1751,10.089,KHT-XE5S_2025_0526_1101,0.0,0.5
KHT-XE5S,2025-08-07 16:50:00,9.174,10.089,KHT-XE5S_2025_0526_1101,0.0,0.5
KHT-XE5S,2025-08-07 17:00:00,9.1729,10.088,KHT-XE5S_2025_0526_1101,0.00010000000000012221,0.5
KHT-XE5S,2025-08-07 17:10:00,9.1729,10.09,KHT-XE5S_2025_0526_1101,0.0002000000000000668,0.5
KHT-XE5S,2025-08-07 17:20:00,9.1727,10.09,KHT-XE5S_2025_0526_1101,0.0,0.5
KHT-XE5S,2025-08-07 17:30:00,9.1731,10.088,KHT-XE5S_2025_0526_1101,0.0002000000000000668,0.5
KHT-XE5S,2025-08-07 17:40:00,9.1728,10.092,KHT-XE5S_2025_0526_1101,0.0004000000000001336,0.5
KHT-XE5S,2025-08-07 17:50:00,9.1729,10.09,KHT-XE5S_2025_0526_1101,0.0002000000000000668,0.5
KHT-XE5S,2025-08-07 18:00:00,9.1735,10.09,KHT-XE5S_2025_0526_1101,0.0,0.5
KHT-XE5S,2025-08-07 18:10:00,9.1743,10.089,KHT-XE5S_2025_0526_1101,9.999999999994457e-05,0.5
KHT-XE5S,2025-08-07 18:20:00,9.1757,10.089,KHT-XE5S_2025_0526_1101,0.0,0.5
KHT-XE5S,2025-08-07 18:30:00,9.1768,10.09,KHT-XE5S_2025_0526_1101,9.999999999994457e-05,0.5
KHT-XE5S,2025-08-07 18:40:00,9.179,10.089,KHT-XE5S_2025_0526_1101,9.999999999994457e-05,0.5
KHT-XE5S,2025-08-07 18:50:00,9.1806,10.088,KHT-XE5S_2025_0526_1101,0.00010000000000012221,0.5
KHT-XE5S,2025-08-07 19:00:00,9.1822,10.091,KHT-XE5S_2025_0526_1101,0.00030000000000001136,0.5
KHT-XE5S,2025-08-07 19:10:00,9.1837,10.089,KHT-XE5S_2025_0526_1101,0.00019999999999988915,0.5
KHT-XE5S,2025-08-07 19:20:00,9.1854,10.09,KHT-XE5S_2025_0526_1101,9.999999999994457e-05,0.5
KHT-XE5S,2025-08-07 19:30:00,9.1881,10.089,KHT-XE5S_2025_0526_1101,9.999999999994457e-05,0.5
KHT-XE5S,2025-08-07 19:40:00,9.1908,10.089,KHT-XE5S_2025_0526_1101,0.0,0.5
KHT-XE5S,2025-08-07 19:50:00,9.194,10.089,KHT-XE5S_2025_0526_1101,0.0,0.5
KHT-XE5S,2025-08-07 20:00:00,9.1967,10.089,KHT-XE5S_2025_0526_1101,0.0,0.5
KHT-XE5S,2025-08-07 20:10:00,9.1995,10.089,KHT-XE5S_2025_0526_1101,0.0,0.5
KHT-XE5S,2025-08-07 20:20:00,9.2027,10.09,KHT-XE5S_2025_0526_1101,9.999999999994457e-05,0.5
KHT-XE5S,2025-08-07 20:30:00,9.2056,10.088,KHT-XE5S_2025_0526_1101,0.0002000000000000668,0.5
KHT-XE5S,2025-08-07 20:40:00,9.2095,10.089,KHT-XE5S_2025_0526_1101,0.00010000000000012221,0.5
KHT-XE5S,2025-08-07 20:50:00,9.2133,10.089,KHT-XE5S_2025_0526_1101,0.0,0.5
KHT-XE5S,2025-08-07 21:00:00,9.2176,10.088,KHT-XE5S_2025_0526_1101,0.00010000000000012221,0.5
KHT-XE5S,2025-08-07 21:10:00,9.2218,10.09,KHT-XE5S_2025_0526_1101,0.0002000000000000668,0.5
KHT-XE5S,2025-08-07 21:20:00,9.2255,10.09,KHT-XE5S_2025_0526_1101,0.0,0.5
KHT-XE5S,2025-08-07 21:30:00,9.2294,10.09,KHT-XE5S_2025_0526_1101,0.0,0.5
KHT-XE5S,2025-08-07 21:40:00,9.2313,10.09,KHT-XE5S_2025_0526_1101,0.0,0.5
KHT-XE5S,2025-08-07 21:50:00,9.2339,10.089,KHT-XE5S_2025_0526_1101,9.999999999994457e-05,0.5
KHT-XE5S,2025-08-07 22:00:00,9.2355,10.092,KHT-XE5S_2025_0526_1101,0.00030000000000001136,0.5
KHT-XE5S,2025-08-07 22:10:00,9.2367,10.092,KHT-XE5S_2025_0526_1101,0.0,0.5
KHT-XE5S,2025-08-07 22:20:00,9.2384,10.091,KHT-XE5S_2025_0526_1101,0.00010000000000012221,0.5
KHT-XE5S,2025-08-07 22:30:00,9.2401,10.091,KHT-XE5S_2025_0526_1101,0.0,0.5
KHT-XE5S,2025-08-07 22:40:00,9.2425,10.092,KHT-XE5S_2025_0526_1101,0.00010000000000012221,0.5
KHT-XE5S,2025-08-07 22:50:00,9.2441,10.092,KHT-XE5S_2025_0526_1101,0.0,0.5
KHT-XE5S,2025-08-07 23:00:00,9.246,10.092,KHT-XE5S_2025_0526_1101,0.0,0.5
KHT-XE5S,2025-08-07 23:10:00,9.2482,10.091,KHT-XE5S_2025_0526_1101,0.00010000000000012221,0.5
KHT-XE5S,2025-08-07 23:20:00,9.2501,10.093,KHT-XE5S_2025_0526_1101,0.0002000000000000668,0.5
KHT-XE5S,2025-08-07 23:30:00,9.2517,10.092,KHT-XE5S_2025_0526_1101,9.999999999994457e-05,0.5
KHT-XE5S,2025-08-07 23:40:00,9.2529,10.095,KHT-XE5S_2025_0526_1101,0.00030000000000001136,0.5
KHT-XE5S,2025-08-07 23:50:00,9.2547,10.093,KHT-XE5S_2025_0526_1101,0.0002000000000000668,0.5
KHT-XE5S,2025-08-08 00:00:00,9.2571,10.094,KHT-XE5S_2025_0526_1101,9.999999999994457e-05,0.5
KHT-XE5S,2025-08-08 00:10:00,9.2583,10.094,KHT-XE5S_2025_0526_1101,0.0,0.5
KHT-XE5S,2025-08-08 00:20:00,9.2597,10.093,KHT-XE5S_2025_0526_1101,9.999999999994457e-05,0.5
KHT-XE5S,2025-08-08 00:30:00,9.2606,10.093,KHT-XE5S_2025_0526_1101,0.0,0.5
KHT-XE5S,2025-08-08 00:40:00,9.2619,10.094,KHT-XE5S_2025_0526_1101,9.999999999994457e-05,0.5
KHT-XE5S,2025-08-08 00:50:00,9.2634,10.095,KHT-XE5S_2025_0526_1101,0.00010000000000012221,0.5
KHT-XE5S,2025-08-08 01:00:00,9.2647,10.094,KHT-XE5S_2025_0526_1101,0.00010000000000012221,0.5
KHT-XE5S,2025-08-08 01:10:00,9.2655,10.095,KHT-XE5S_2025_0526_1101,0.00010000000000012221,0.5
KHT-XE5S,2025-08-08 01:20:00,9.267,10.096,KHT-XE5S_2025_0526_1101,9.999999999994457e-05,0.5
KHT-XE5S,2025-08-08 01:30:00,9.2676,10.095,KHT-XE5S_2025_0526_1101,9.999999999994457e-05,0.5
KHT-XE5S,2025-08-08 01:40:00,9.269,10.093,KHT-XE5S_2025_0526_1101,0.0002000000000000668,0.5
KHT-XE5S,2025-08-08 01:50:00,9.2701,10.096,KHT-XE5S_2025_0526_1101,0.00030000000000001136,0.5
KHT-XE5S,2025-08-08 02:00:00,9.2712,10.094,KHT-XE5S_2025_0526_1101,0.0002000000000000668,0.5
KHT-XE5S,2025-08-08 02:10:00,9.272,10.095,KHT-XE5S_2025_0526_1101,0.00010000000000012221,0.5
KHT-XE5S,2025-08-08 02:20:00,9.2732,10.096,KHT-XE5S_2025_0526_1101,9.999999999994457e-05,0.5
KHT-XE5S,2025-08-08 02:30:00,9.2744,10.096,KHT-XE5S_2025_0526_1101,0.0,0.5
KHT-XE5S,2025-08-08 02:40:00,9.2758,10.098,KHT-XE5S_2025_0526_1101,0.0002000000000000668,0.5
KHT-XE5S,2025-08-08 02:50:00,9.2756,10.096,KHT-XE5S_2025_0526_1101,0.0002000000000000668,0.5
KHT-XE5S,2025-08-08 03:00:00,9.2757,10.097,KHT-XE5S_2025_0526_1101,9.999999999994457e-05,0.5
KHT-XE5S,2025-08-08 03:10:00,9.2763,10.096,KHT-XE5S_2025_0526_1101,9.999999999994457e-05,0.5
KHT-XE5S,2025-08-08 03:20:00,9.2777,10.095,KHT-XE5S_2025_0526_1101,9.999999999994457e-05,0.5
KHT-XE5S,2025-08-08 03:30:00,9.2785,10.097,KHT-XE5S_2025_0526_1101,0.00019999999999988915,0.5
KHT-XE5S,2025-08-08 03:40:00,9.2791,10.097,KHT-XE5S_2025_0526_1101,0.0,0.5
KHT-XE5S,2025-08-08 03:50:00,9.2793,10.096,KHT-XE5S_2025_0526_1101,9.999999999994457e-05,0.5
KHT-XE5S,2025-08-08 04:00:00,9.2801,10.098,KHT-XE5S_2025_0526_1101,0.0002000000000000668,0.5
KHT-XE5S,2025-08-08 04:10:00,9.281,10.099,KHT-XE5S_2025_0526_1101,9.999999999994457e-05,0.5
KHT-XE5S,2025-08-08 04:20:00,9.2815,10.097,KHT-XE5S_2025_0526_1101,0.0002000000000000668,0.5
KHT-XE5S,2025-08-08 04:30:00,9.2822,10.099,KHT-XE5S_2025_0526_1101,0.0002000000000000668,0.5
KHT-XE5S,2025-08-08 04:40:00,9.2823,10.1,KHT-XE5S_2025_0526_1101,9.999999999994457e-05,0.5
KHT-XE5S,2025-08-08 04:50:00,9.2832,10.099,KHT-XE5S_2025_0526_1101,9.999999999994457e-05,0.5
KHT-XE5S,2025-08-08 05:00:00,9.2842,10.1,KHT-XE5S_2025_0526_1101,9.999999999994457e-05,0.5
KHT-XE5S,2025-08-08 05:10:00,9.2848,10.098,KHT-XE5S_2025_0526_1101,0.00019999999999988915,0.5
KHT-XE5S,2025-08-08 05:20:00,9.2852,10.099,KHT-XE5S_2025_0526_1101,9.999999999994457e-05,0.5
KHT-XE5S,2025-08-08 05:30:00,9.2863,10.101,KHT-XE5S_2025_0526_1101,0.0002000000000000668,0.5
KHT-XE5S,2025-08-08 05:40:00,9.2869,10.098,KHT-XE5S_2025_0526_1101,0.00030000000000001136,0.5
KHT-XE5S,2025-08-08 05:50:00,9.2884,10.099,KHT-XE5S_2025_0526_1101,9.999999999994457e-05,0.5
KHT-XE5S,2025-08-08 06:00:00,9.2904,10.099,KHT-XE5S_2025_0526_1101,0.0,0.5
KHT-XE5S,2025-08-08 06:10:00,9.2924,10.099,KHT-XE5S_2025_0526_1101,0.0,0.5
KHT-XE5S,2025-08-08 06:20:00,9.2937,10.1,KHT-XE5S_2025_0526_1101,9.999999999994457e-05,0.5
KHT-XE5S,2025-08-08 06:30:00,9.2946,10.102,KHT-XE5S_2025_0526_1101,0.0002000000000000668,0.5
KHT-XE5S,2025-08-08 06:40:00,9.2965,10.1,KHT-XE5S_2025_0526_1101,0.0002000000000000668,0.5
KHT-XE5S,2025-08-08 06:50:00,9.2981,10.1,KHT-XE5S_2025_0526_1101,0.0,0.5
KHT-XE5S,2025-08-08 07:00:00,9.2991,10.101,KHT-XE5S_2025_0526_1101,0.00010000000000012221,0.5
KHT-XE5S,2025-08-08 07:10:00,9.3002,10.101,KHT-XE5S_2025_0526_1101,0.0,0.5
KHT-XE5S,2025-08-08 07:20:00,9.3014,10.099,KHT-XE5S_2025_0526_1101,0.0002000000000000668,0.5
KHT-XE5S,2025-08-08 07:30:00,9.3025,10.099,KHT-XE5S_2025_0526_1101,0.0,0.5
KHT-XE5S,2025-08-08 07:40:00,9.3034,10.1,KHT-XE5S_2025_0526_1101,9.999999999994457e-05,0.5
KHT-XE5S,2025-08-08 07:50:00,9.3043,10.1,KHT-XE5S_2025_0526_1101,0.0,0.5
KHT-XE5S,2025-08-08 08:00:00,9.305,10.102,KHT-XE5S_2025_0526_1101,0.0002000000000000668,0.5
KHT-XE5S,2025-08-08 08:10:00,9.3054,10.101,KHT-XE5S_2025_0526_1101,9.999999999994457e-05,0.5
KHT-XE5S,2025-08-08 08:20:00,9.3055,10.102,KHT-XE5S_2025_0526_1101,9.999999999994457e-05,0.5
KHT-XE5S,2025-08-08 08:30:00,9.3049,10.104,KHT-XE5S_2025_0526_1101,0.00019999999999988915,0.5
KHT-XE5S,2025-08-08 08:40:00,9.3047,10.102,KHT-XE5S_2025_0526_1101,0.00019999999999988915,0.5
KHT-XE5S,2025-08-08 08:50:00,9.3042,10.105,KHT-XE5S_2025_0526_1101,0.00030000000000001136,0.5
KHT-XE5S,2025-08-08 09:00:00,9.3027,10.105,KHT-XE5S_2025_0526_1101,0.0,0.5
KHT-XE5S,2025-08-08 09:10:00,9.3012,10.105,KHT-XE5S_2025_0526_1101,0.0,0.5
KHT-XE5S,2025-08-08 09:20:00,9.299,10.106,KHT-XE5S_2025_0526_1101,9.999999999994457e-05,0.5
KHT-XE5S,2025-08-08 09:30:00,9.2963,10.105,KHT-XE5S_2025_0526_1101,9.999999999994457e-05,0.5
KHT-XE5S,2025-08-08 09:40:00,9.294,10.104,KHT-XE5S_2025_0526_1101,0.00010000000000012221,0.5
KHT-XE5S,2025-08-08 09:50:00,9.2921,10.106,KHT-XE5S_2025_0526_1101,0.0002000000000000668,0.5
KHT-XE5S,2025-08-08 10:00:00,9.2891,10.105,KHT-XE5S_2025_0526_1101,9.999999999994457e-05,0.5
KHT-XE5S,2025-08-08 10:10:00,9.2874,10.108,KHT-XE5S_2025_0526_1101,0.00030000000000001136,0.5
KHT-XE5S,2025-08-08 10:20:00,9.2844,10.107,KHT-XE5S_2025_0526_1101,0.00010000000000012221,0.5
KHT-XE5S,2025-08-08 10:30:00,9.2819,10.107,KHT-XE5S_2025_0526_1101,0.0,0.5
KHT-XE5S,2025-08-08 10:40:00,9.2784,10.106,KHT-XE5S_2025_0526_1101,9.999999999994457e-05,0.5
KHT-XE5S,2025-08-08 10:50:00,9.2754,10.108,KHT-XE5S_2025_0526_1101,0.0002000000000000668,0.5
KHT-XE5S,2025-08-08 11:00:00,9.2725,10.11,KHT-XE5S_2025_0526_1101,0.00019999999999988915,0.5
KHT-XE5S,2025-08-08 11:10:00,9.2687,10.108,KHT-XE5S_2025_0526_1101,0.00019999999999988915,0.5
KHT-XE5S,2025-08-08 11:20:00,9.2649,10.109,KHT-XE5S_2025_0526_1101,9.999999999994457e-05,0.5
KHT-XE5S,2025-08-08 11:30:00,9.2612,10.109,KHT-XE5S_2025_0526_1101,0.0,0.5
KHT-XE5S,2025-08-08 11:40:00,9.2574,10.109,KHT-XE5S_2025_0526_1101,0.0,0.5
KHT-XE5S,2025-08-08 11:50:00,9.2526,10.108,KHT-XE5S_2025_0526_1101,9.999999999994457e-05,0.5
KHT-XE5S,2025-08-08 12:00:00,9.2484,10.11,KHT-XE5S_2025_0526_1101,0.00019999999999988915,0.5
KHT-XE5S,2025-08-08 12:10:00,9.244,10.11,KHT-XE5S_2025_0526_1101,0.0,0.5
KHT-XE5S,2025-08-08 12:20:00,9.2379,10.11,KHT-XE5S_2025_0526_1101,0.0,0.5
KHT-XE5S,2025-08-08 12:30:00,9.2345,10.11,KHT-XE5S_2025_0526_1101,0.0,0.5
KHT-XE5S,2025-08-08 12:40:00,9.2295,10.11,KHT-XE5S_2025_0526_1101,0.0,0.5
KHT-XE5S,2025-08-08 12:50:00,9.2258,10.11,KHT-XE5S_2025_0526_1101,0.0,0.5
KHT-XE5S,2025-08-08 13:00:00,9.2213,10.111,KHT-XE5S_2025_0526_1101,0.00010000000000012221,0.5
KHT-XE5S,2025-08-08 13:10:00,9.2168,10.111,KHT-XE5S_2025_0526_1101,0.0,0.5
KHT-XE5S,2025-08-08 13:20:00,9.2132,10.112,KHT-XE5S_2025_0526_1101,9.999999999994457e-05,0.5
KHT-XE5S,2025-08-08 13:30:00,9.2096,10.112,KHT-XE5S_2025_0526_1101,0.0,0.5
KHT-XE5S,2025-08-08 13:40:00,9.2055,10.112,KHT-XE5S_2025_0526_1101,0.0,0.5
KHT-XE5S,2025-08-08 13:50:00,9.202,10.113,KHT-XE5S_2025_0526_1101,9.999999999994457e-05,0.5
KHT-XE5S,2025-08-08 14:00:00,9.1982,10.114,KHT-XE5S_2025_0526_1101,0.00010000000000012221,0.5
KHT-XE5S,2025-08-08 14:10:00,9.1942,10.111,KHT-XE5S_2025_0526_1101,0.00030000000000001136,0.5
KHT-XE5S,2025-08-08 14:20:00,9.1907,10.113,KHT-XE5S_2025_0526_1101,0.00019999999999988915,0.5
KHT-XE5S,2025-08-08 14:30:00,9.187,10.113,KHT-XE5S_2025_0526_1101,0.0,0.5
KHT-XE5S,2025-08-08 14:40:00,9.1846,10.114,KHT-XE5S_2025_0526_1101,0.00010000000000012221,0.5
KHT-XE5S,2025-08-08 14:50:00,9.1807,10.115,KHT-XE5S_2025_0526_1101,9.999999999994457e-05,0.5
KHT-XE5S,2025-08-08 15:00:00,9.1778,10.112,KHT-XE5S_2025_0526_1101,0.00030000000000001136,0.5
KHT-XE5S,2025-08-08 15:10:00,9.1748,10.115,KHT-XE5S_2025_0526_1101,0.00030000000000001136,0.5
KHT-XE5S,2025-08-08 15:20:00,9.1723,10.116,KHT-XE5S_2025_0526_1101,9.999999999994457e-05,0.5
KHT-XE5S,2025-08-08 15:30:00,9.1688,10.114,KHT-XE5S_2025_0526_1101,0.00019999999999988915,0.5
KHT-XE5S,2025-08-08 15:40:00,9.1662,10.115,KHT-XE5S_2025_0526_1101,9.999999999994457e-05,0.5
KHT-XE5S,2025-08-08 15:50:00,9.1634,10.116,KHT-XE5S_2025_0526_1101,9.999999999994457e-05,0.5
KHT-XE5S,2025-08-08 16:00:00,9.1617,10.114,KHT-XE5S_2025_0526_1101,0.00019999999999988915,0.5
KHT-XE5S,2025-08-08 16:10:00,9.1591,10.114,KHT-XE5S_2025_0526_1101,0.0,0.5
KHT-XE5S,2025-08-08 16:20:00,9.1577,10.117,KHT-XE5S_2025_0526_1101,0.00030000000000001136,0.5
KHT-XE5S,2025-08-08 16:30:00,9.1558,10.117,KHT-XE5S_2025_0526_1101,0.0,0.5
KHT-XE5S,2025-08-08 16:40:00,9.1544,10.118,KHT-XE5S_2025_0526_1101,9.999999999994457e-05,0.5
KHT-XE5S,2025-08-08 16:50:00,9.153,10.115,KHT-XE5S_2025_0526_1101,0.00030000000000001136,0.5
KHT-XE5S,2025-08-08 17:00:00,9.1522,10.118,KHT-XE5S_2025_0526_1101,0.00030000000000001136,0.5
KHT-XE5S,2025-08-08 17:10:00,9.1516,10.117,KHT-XE5S_2025_0526_1101,9.999999999994457e-05,0.5
KHT-XE5S,2025-08-08 17:20:00,9.1512,10.118,KHT-XE5S_2025_0526_1101,9.999999999994457e-05,0.5
KHT-XE5S,2025-08-08 17:30:00,9.1509,10.118,KHT-XE5S_2025_0526_1101,0.0,0.5
KHT-XE5S,2025-08-08 17:40:00,9.1508,10.117,KHT-XE5S_2025_0526_1101,9.999999999994457e-05,0.5
KHT-XE5S,2025-08-08 17:50:00,9.1508,10.117,KHT-XE5S_2025_0526_1101,0.0,0.5
KHT-XE5S,2025-08-08 18:00:00,9.1524,10.115,KHT-XE5S_2025_0526_1101,0.0002000000000000668,0.5
KHT-XE5S,2025-08-08 18:10:00,9.1538,10.118,KHT-XE5S_2025_0526_1101,0.00030000000000001136,0.5
KHT-XE5S,2025-08-08 18:20:00,9.1553,10.116,KHT-XE5S_2025_0526_1101,0.0002000000000000668,0.5
KHT-XE5S,2025-08-08 18:30:00,9.157,10.115,KHT-XE5S_2025_0526_1101,9.999999999994457e-05,0.5
KHT-XE5S,2025-08-08 18:40:00,9.1587,10.116,KHT-XE5S_2025_0526_1101,9.999999999994457e-05,0.5
KHT-XE5S,2025-08-08 18:50:00,9.1609,10.117,KHT-XE5S_2025_0526_1101,0.00010000000000012221,0.5
KHT-XE5S,2025-08-08 19:00:00,9.1628,10.116,KHT-XE5S_2025_0526_1101,0.00010000000000012221,0.5
KHT-XE5S,2025-08-08 19:10:00,9.1655,10.119,KHT-XE5S_2025_0526_1101,0.00030000000000001136,0.5
KHT-XE5S,2025-08-08 19:20:00,9.168,10.116,KHT-XE5S_2025_0526_1101,0.00030000000000001136,0.5
KHT-XE5S,2025-08-08 19:30:00,9.1716,10.116,KHT-XE5S_2025_0526_1101,0.0,0.5
KHT-XE5S,2025-08-08 19:40:00,9.1738,10.118,KHT-XE5S_2025_0526_1101,0.0002000000000000668,0.5
KHT-XE5S,2025-08-08 19:50:00,9.1771,10.116,KHT-XE5S_2025_0526_1101,0.0002000000000000668,0.5
KHT-XE5S,2025-08-08 20:00:00,9.1804,10.117,KHT-XE5S_2025_0526_1101,0.00010000000000012221,0.5
KHT-XE5S,2025-08-08 20:10:00,9.1837,10.118,KHT-XE5S_2025_0526_1101,9.999999999994457e-05,0.5
KHT-XE5S,2025-08-08 20:20:00,9.1877,10.118,KHT-XE5S_2025_0526_1101,0.0,0.5
KHT-XE5S,2025-08-08 20:30:00,9.1913,10.117,KHT-XE5S_2025_0526_1101,9.999999999994457e-05,0.5
KHT-XE5S,2025-08-08 20:40:00,9.1954,10.115,KHT-XE5S_2025_0526_1101,0.0002000000000000668,0.5
KHT-XE5S,2025-08-08 20:50:00,9.1998,10.115,KHT-XE5S_2025_0526_1101,0.0,0.5
KHT-XE5S,2025-08-08 21:00:00,9.204,10.118,KHT-XE5S_2025_0526_1101,0.00030000000000001136,0.5
KHT-XE5S,2025-08-08 21:10:00,9.2075,10.116,KHT-XE5S_2025_0526_1101,0.0002000000000000668,0.5
KHT-XE5S,2025-08-08 21:20:00,9.2114,10.118,KHT-XE5S_2025_0526_1101,0.0002000000000000668,0.5
KHT-XE5S,2025-08-08 21:30:00,9.2148,10.118,KHT-XE5S_2025_0526_1101,0.0,0.5
KHT-XE5S,2025-08-08 21:40:00,9.2181,10.117,KHT-XE5S_2025_0526_1101,9.999999999994457e-05,0.5
KHT-XE5S,2025-08-08 21:50:00,9.2208,10.117,KHT-XE5S_2025_0526_1101,0.0,0.5
KHT-XE5S,2025-08-08 22:00:00,9.2234,10.118,KHT-XE5S_2025_0526_1101,9.999999999994457e-05,0.5
KHT-XE5S,2025-08-08 22:10:00,9.2262,10.118,KHT-XE5S_2025_0526_1101,0.0,0.5
KHT-XE5S,2025-08-08 22:20:00,9.2287,10.119,KHT-XE5S_2025_0526_1101,9.999999999994457e-05,0.5
KHT-XE5S,2025-08-08 22:30:00,9.2312,10.119,KHT-XE5S_2025_0526_1101,0.0,0.5
KHT-XE5S,2025-08-08 22:40:00,9.2335,10.119,KHT-XE5S_2025_0526_1101,0.0,0.5
KHT-XE5S,2025-08-08 22:50:00,9.2355,10.119,KHT-XE5S_2025_0526_1101,0.0,0.5
KHT-XE5S,2025-08-08 23:00:00,9.2374,10.119,KHT-XE5S_2025_0526_1101,0.0,0.5
KHT-XE5S,2025-08-08 23:10:00,9.2398,10.12,KHT-XE5S_2025_0526_1101,9.999999999994457e-05,0.5
KHT-XE5S,2025-08-08 23:20:00,9.2419,10.12,KHT-XE5S_2025_0526_1101,0.0,0.5
KHT-XE5S,2025-08-08 23:30:00,9.2437,10.12,KHT-XE5S_2025_0526_1101,0.0,0.5
KHT-XE5S,2025-08-08 23:40:00,9.2451,10.121,KHT-XE5S_2025_0526_1101,0.00010000000000012221,0.5
KHT-XE5S,2025-08-08 23:50:00,9.2469,10.12,KHT-XE5S_2025_0526_1101,0.00010000000000012221,0.5
KHT-XE5S,2025-08-09 00:00:00,9.2494,10.121,KHT-XE5S_2025_0526_1101,0.00010000000000012221,0.5
KHT-XE5S,2025-08-09 00:10:00,9.251,10.12,KHT-XE5S_2025_0526_1101,0.00010000000000012221,0.5
KHT-XE5S,2025-08-09 00:20:00,9.2528,10.121,KHT-XE5S_2025_0526_1101,0.00010000000000012221,0.5
KHT-XE5S,2025-08-09 00:30:00,9.2543,10.12,KHT-XE5S_2025_0526_1101,0.00010000000000012221,0.5
KHT-XE5S,2025-08-09 00:40:00,9.2552,10.121,KHT-XE5S_2025_0526_1101,0.00010000000000012221,0.5
KHT-XE5S,2025-08-09 00:50:00,9.2564,10.12,KHT-XE5S_2025_0526_1101,0.00010000000000012221,0.5
KHT-XE5S,2025-08-09 01:00:00,9.2571,10.121,KHT-XE5S_2025_0526_1101,0.00010000000000012221,0.5
KHT-XE5S,2025-08-09 01:10:00,9.2576,10.12,KHT-XE5S_2025_0526_1101,0.00010000000000012221,0.5
KHT-XE5S,2025-08-09 01:20:00,9.2587,10.121,KHT-XE5S_2025_0526_1101,0.00010000000000012221,0.5
KHT-XE5S,2025-08-09 01:30:00,9.2598,10.12,KHT-XE5S_2025_0526_1101,0.00010000000000012221,0.5
KHT-XE5S,2025-08-09 01:40:00,9.2614,10.121,KHT-XE5S_2025_0526_1101,0.00010000000000012221,0.5
KHT-XE5S,2025-08-09 01:50:00,9.2625,10.12,KHT-XE5S_2025_0526_1101,0.00010000000000012221,0.5
KHT-XE5S,2025-08-09 02:00:00,9.2642,10.121,KHT-XE5S_2025_0526_1101,0.00010000000000012221,0.5
KHT-XE5S,2025-08-09 02:10:00,9.2647,10.124,KHT-XE5S_2025_0526_1101,0.00030000000000001136,0.5
KHT-XE5S,2025-08-09 02:20:00,9.2661,10.123,KHT-XE5S_2025_0526_1101,0.00010000000000012221,0.5
KHT-XE5S,2025-08-09 02:30:00,9.2674,10.122,KHT-XE5S_2025_0526_1101,9.999999999994457e-05,0.5
KHT-XE5S,2025-08-09 02:40:00,9.2686,10.122,KHT-XE5S_2025_0526_1101,0.0,0.5
KHT-XE5S,2025-08-09 02:50:00,9.2694,10.121,KHT-XE5S_2025_0526_1101,9.999999999994457e-05,0.5
KHT-XE5S,2025-08-09 03:00:00,9.271,10.122,KHT-XE5S_2025_0526_1101,9.999999999994457e-05,0.5
KHT-XE5S,2025-08-09 03:10:00,9.2724,10.123,KHT-XE5S_2025_0526_1101,9.999999999994457e-05,0.5
KHT-XE5S,2025-08-09 03:20:00,9.2726,10.123,KHT-XE5S_2025_0526_1101,0.0,0.5
KHT-XE5S,2025-08-09 03:30:00,9.2737,10.123,KHT-XE5S_2025_0526_1101,0.0,0.5
KHT-XE5S,2025-08-09 03:40:00,9.2748,10.123,KHT-XE5S_2025_0526_1101,0.0,0.5
KHT-XE5S,2025-08-09 03:50:00,9.2754,10.126,KHT-XE5S_2025_0526_1101,0.00030000000000001136,0.5
KHT-XE5S,2025-08-09 04:00:00,9.2761,10.124,KHT-XE5S_2025_0526_1101,0.00019999999999988915,0.5
KHT-XE5S,2025-08-09 04:10:00,9.2769,10.123,KHT-XE5S_2025_0526_1101,0.00010000000000012221,0.5
KHT-XE5S,2025-08-09 04:20:00,9.278,10.124,KHT-XE5S_2025_0526_1101,0.00010000000000012221,0.5
KHT-XE5S,2025-08-09 04:30:00,9.2792,10.124,KHT-XE5S_2025_0526_1101,0.0,0.5
KHT-XE5S,2025-08-09 04:40:00,9.2806,10.124,KHT-XE5S_2025_0526_1101,0.0,0.5
KHT-XE5S,2025-08-09 04:50:00,9.2816,10.124,KHT-XE5S_2025_0526_1101,0.0,0.5
KHT-XE5S,2025-08-09 05:00:00,9.2829,10.124,KHT-XE5S_2025_0526_1101,0.0,0.5
KHT-XE5S,2025-08-09 05:10:00,9.2844,10.125,KHT-XE5S_2025_0526_1101,9.999999999994457e-05,0.5
KHT-XE5S,2025-08-09 05:20:00,9.2854,10.125,KHT-XE5S_2025_0526_1101,0.0,0.5
KHT-XE5S,2025-08-09 05:30:00,9.2865,10.125,KHT-XE5S_2025_0526_1101,0.0,0.5
KHT-XE5S,2025-08-09 05:40:00,9.2876,10.126,KHT-XE5S_2025_0526_1101,9.999999999994457e-05,0.5
KHT-XE5S,2025-08-09 05:50:00,9.2886,10.125,KHT-XE5S_2025_0526_1101,9.999999999994457e-05,0.5
KHT-XE5S,2025-08-09 06:00:00,9.2904,10.126,KHT-XE5S_2025_0526_1101,9.999999999994457e-05,0.5
KHT-XE5S,2025-08-09 06:10:00,9.2919,10.126,KHT-XE5S_2025_0526_1101,0.0,0.5
KHT-XE5S,2025-08-09 06:20:00,9.2935,10.127,KHT-XE5S_2025_0526_1101,0.00010000000000012221,0.5
KHT-XE5S,2025-08-09 06:30:00,9.296,10.127,KHT-XE5S_2025_0526_1101,0.0,0.5
KHT-XE5S,2025-08-09 06:40:00,9.2973,10.125,KHT-XE5S_2025_0526_1101,0.0002000000000000668,0.5
KHT-XE5S,2025-08-09 06:50:00,9.2983,10.126,KHT-XE5S_2025_0526_1101,9.999999999994457e-05,0.5
KHT-XE5S,2025-08-09 07:00:00,9.2993,10.126,KHT-XE5S_2025_0526_1101,0.0,0.5
KHT-XE5S,2025-08-09 07:10:00,9.2996,10.126,KHT-XE5S_2025_0526_1101,0.0,0.5
KHT-XE5S,2025-08-09 07:20:00,9.3013,10.127,KHT-XE5S_2025_0526_1101,0.00010000000000012221,0.5
KHT-XE5S,2025-08-09 07:30:00,9.302,10.125,KHT-XE5S_2025_0526_1101,0.0002000000000000668,0.5
KHT-XE5S,2025-08-09 07:40:00,9.3034,10.127,KHT-XE5S_2025_0526_1101,0.0002000000000000668,0.5
KHT-XE5S,2025-08-09 07:50:00,9.3035,10.127,KHT-XE5S_2025_0526_1101,0.0,0.5
KHT-XE5S,2025-08-09 08:00:00,9.3044,10.127,KHT-XE5S_2025_0526_1101,0.0,0.5
KHT-XE5S,2025-08-09 08:10:00,9.3041,10.127,KHT-XE5S_2025_0526_1101,0.0,0.5
KHT-XE5S,2025-08-09 08:20:00,9.3032,10.129,KHT-XE5S_2025_0526_1101,0.00019999999999988915,0.5
KHT-XE5S,2025-08-09 08:30:00,9.3043,10.128,KHT-XE5S_2025_0526_1101,9.999999999994457e-05,0.5
KHT-XE5S,2025-08-09 08:40:00,9.3041,10.128,KHT-XE5S_2025_0526_1101,0.0,0.5
KHT-XE5S,2025-08-09 08:50:00,9.3035,10.129,KHT-XE5S_2025_0526_1101,9.999999999994457e-05,0.5
KHT-XE5S,2025-08-09 09:00:00,9.3024,10.128,KHT-XE5S_2025_0526_1101,9.999999999994457e-05,0.5
KHT-XE5S,2025-08-09 09:10:00,9.2998,10.13,KHT-XE5S_2025_0526_1101,0.0002000000000000668,0.5
KHT-XE5S,2025-08-09 09:20:00,9.2979,10.131,KHT-XE5S_2025_0526_1101,9.999999999994457e-05,0.5
KHT-XE5S,2025-08-09 09:30:00,9.2953,10.13,KHT-XE5S_2025_0526_1101,9.999999999994457e-05,0.5
KHT-XE5S,2025-08-09 09:40:00,9.2929,10.13,KHT-XE5S_2025_0526_1101,0.0,0.5
KHT-XE5S,2025-08-09 09:50:00,9.2905,10.132,KHT-XE5S_2025_0526_1101,0.00019999999999988915,0.5
KHT-XE5S,2025-08-09 10:00:00,9.287,10.13,KHT-XE5S_2025_0526_1101,0.00019999999999988915,0.5
KHT-XE5S,2025-08-09 10:10:00,9.2839,10.132,KHT-XE5S_2025_0526_1101,0.00019999999999988915,0.5
KHT-XE5S,2025-08-09 10:20:00,9.2814,10.133,KHT-XE5S_2025_0526_1101,9.999999999994457e-05,0.5
KHT-XE5S,2025-08-09 10:30:00,9.2778,10.134,KHT-XE5S_2025_0526_1101,0.00010000000000012221,0.5
KHT-XE5S,2025-08-09 10:40:00,9.2739,10.134,KHT-XE5S_2025_0526_1101,0.0,0.5
KHT-XE5S,2025-08-09 10:50:00,9.27,10.134,KHT-XE5S_2025_0526_1101,0.0,0.5
KHT-XE5S,2025-08-09 11:00:00,9.2664,10.134,KHT-XE5S_2025_0526_1101,0.0,0.5
KHT-XE5S,2025-08-09 11:10:00,9.2624,10.135,KHT-XE5S_2025_0526_1101,9.999999999994457e-05,0.5
KHT-XE5S,2025-08-09 11:20:00,9.2592,10.134,KHT-XE5S_2025_0526_1101,9.999999999994457e-05,0.5
KHT-XE5S,2025-08-09 11:30:00,9.2547,10.134,KHT-XE5S_2025_0526_1101,0.0,0.5
KHT-XE5S,2025-08-09 11:40:00,9.2502,10.134,KHT-XE5S_2025_0526_1101,0.0,0.5
KHT-XE5S,2025-08-09 11:50:00,9.2455,10.135,KHT-XE5S_2025_0526_1101,9.999999999994457e-05,0.5
KHT-XE5S,2025-08-09 12:00:00,9.2421,10.136,KHT-XE5S_2025_0526_1101,9.999999999994457e-05,0.5
KHT-XE5S,2025-08-09 12:10:00,9.2371,10.134,KHT-XE5S_2025_0526_1101,0.00019999999999988915,0.5
KHT-XE5S,2025-08-09 12:20:00,9.2314,10.136,KHT-XE5S_2025_0526_1101,0.00019999999999988915,0.5
KHT-XE5S,2025-08-09 12:30:00,9.2265,10.137,KHT-XE5S_2025_0526_1101,0.00010000000000012221,0.5
KHT-XE5S,2025-08-09 12:40:00,9.2223,10.136,KHT-XE5S_2025_0526_1101,0.00010000000000012221,0.5
KHT-XE5S,2025-08-09 12:50:00,9.2185,10.136,KHT-XE5S_2025_0526_1101,0.0,0.5
KHT-XE5S,2025-08-09 13:00:00,9.2132,10.136,KHT-XE5S_2025_0526_1101,0.0,0.5
KHT-XE5S,2025-08-09 13:10:00,9.208,10.137,KHT-XE5S_2025_0526_1101,0.00010000000000012221,0.5
KHT-XE5S,2025-08-09 13:20:00,9.2031,10.138,KHT-XE5S_2025_0526_1101,9.999999999994457e-05,0.5
KHT-XE5S,2025-08-09 13:30:00,9.1983,10.136,KHT-XE5S_2025_0526_1101,0.0002000000000000668,0.5
KHT-XE5S,2025-08-09 13:40:00,9.1936,10.138,KHT-XE5S_2025_0526_1101,0.0002000000000000668,0.5
KHT-XE5S,2025-08-09 13:50:00,9.1894,10.138,KHT-XE5S_2025_0526_1101,0.0,0.5
KHT-XE5S,2025-08-09 14:00:00,9.1851,10.139,KHT-XE5S_2025_0526_1101,9.999999999994457e-05,0.5
KHT-XE5S,2025-08-09 14:10:00,9.1804,10.137,KHT-XE5S_2025_0526_1101,0.00019999999999988915,0.5
KHT-XE5S,2025-08-09 14:20:00,9.1762,10.138,KHT-XE5S_2025_0526_1101,9.999999999994457e-05,0.5
KHT-XE5S,2025-08-09 14:30:00,9.173,10.14,KHT-XE5S_2025_0526_1101,0.0002000000000000668,0.5
KHT-XE5S,2025-08-09 14:40:00,9.1687,10.139,KHT-XE5S_2025_0526_1101,0.00010000000000012221,0.5
KHT-XE5S,2025-08-09 14:50:00,9.1657,10.139,KHT-XE5S_2025_0526_1101,0.0,0.5
KHT-XE5S,2025-08-09 15:00:00,9.1617,10.138,KHT-XE5S_2025_0526_1101,9.999999999994457e-05,0.5
KHT-XE5S,2025-08-09 15:10:00,9.1583,10.14,KHT-XE5S_2025_0526_1101,0.0002000000000000668,0.5
KHT-XE5S,2025-08-09 15:20:00,9.1552,10.141,KHT-XE5S_2025_0526_1101,9.999999999994457e-05,0.5
KHT-XE5S,2025-08-09 15:30:00,9.1525,10.14,KHT-XE5S_2025_0526_1101,9.999999999994457e-05,0.5
KHT-XE5S,2025-08-09 15:40:00,9.1502,10.14,KHT-XE5S_2025_0526_1101,0.0,0.5
KHT-XE5S,2025-08-09 15:50:00,9.1473,10.14,KHT-XE5S_2025_0526_1101,0.0,0.5
KHT-XE5S,2025-08-09 16:00:00,9.1451,10.141,KHT-XE5S_2025_0526_1101,9.999999999994457e-05,0.5
KHT-XE5S,2025-08-09 16:10:00,9.1445,10.141,KHT-XE5S_2025_0526_1101,0.0,0.5
KHT-XE5S,2025-08-09 16:20:00,9.1434,10.14,KHT-XE5S_2025_0526_1101,9.999999999994457e-05,0.5
KHT-XE5S,2025-08-09 16:30:00,9.1427,10.142,KHT-XE5S_2025_0526_1101,0.00019999999999988915,0.5
KHT-XE5S,2025-08-09 16:40:00,9.1413,10.14,KHT-XE5S_2025_0526_1101,0.00019999999999988915,0.5
KHT-XE5S,2025-08-09 16:50:00,9.1404,10.14,KHT-XE5S_2025_0526_1101,0.0,0.5
KHT-XE5S,2025-08-09 17:00:00,9.1397,10.138,KHT-XE5S_2025_0526_1101,0.0002000000000000668,0.5
KHT-XE5S,2025-08-09 17:10:00,9.1389,10.142,KHT-XE5S_2025_0526_1101,0.00039999999999995595,0.5
KHT-XE5S,2025-08-09 17:20:00,9.139,10.142,KHT-XE5S_2025_0526_1101,0.0,0.5
KHT-XE5S,2025-08-09 17:30:00,9.1386,10.141,KHT-XE5S_2025_0526_1101,9.999999999994457e-05,0.5
KHT-XE5S,2025-08-09 17:40:00,9.1387,10.141,KHT-XE5S_2025_0526_1101,0.0,0.5
KHT-XE5S,2025-08-09 17:50:00,9.1392,10.143,KHT-XE5S_2025_0526_1101,0.0002000000000000668,0.5
KHT-XE5S,2025-08-09 18:00:00,9.1403,10.141,KHT-XE5S_2025_0526_1101,0.0002000000000000668,0.5
KHT-XE5S,2025-08-09 18:10:00,9.1417,10.141,KHT-XE5S_2025_0526_1101,0.0,0.5
KHT-XE5S,2025-08-09 18:20:00,9.1429,10.141,KHT-XE5S_2025_0526_1101,0.0,0.5
KHT-XE5S,2025-08-09 18:30:00,9.1443,10.141,KHT-XE5S_2025_0526_1101,0.0,0.5
KHT-XE5S,2025-08-09 18:40:00,9.1456,10.14,KHT-XE5S_2025_0526_1101,9.999999999994457e-05,0.5
KHT-XE5S,2025-08-09 18:50:00,9.1478,10.14,KHT-XE5S_2025_0526_1101,0.0,0.5
KHT-XE5S,2025-08-09 19:00:00,9.1504,10.14,KHT-XE5S_2025_0526_1101,0.0,0.5
KHT-XE5S,2025-08-09 19:10:00,9.1534,10.139,KHT-XE5S_2025_0526_1101,0.00010000000000012221,0.5
KHT-XE5S,2025-08-09 19:20:00,9.1562,10.139,KHT-XE5S_2025_0526_1101,0.0,0.5
KHT-XE5S,2025-08-09 19:30:00,9.1592,10.142,KHT-XE5S_2025_0526_1101,0.00030000000000001136,0.5
KHT-XE5S,2025-08-09 19:40:00,9.1626,10.141,KHT-XE5S_2025_0526_1101,9.999999999994457e-05,0.5
KHT-XE5S,2025-08-09 19:50:00,9.1661,10.141,KHT-XE5S_2025_0526_1101,0.0,0.5
KHT-XE5S,2025-08-09 20:00:00,9.1694,10.14,KHT-XE5S_2025_0526_1101,9.999999999994457e-05,0.5
KHT-XE5S,2025-08-09 20:10:00,9.1731,10.141,KHT-XE5S_2025_0526_1101,9.999999999994457e-05,0.5
KHT-XE5S,2025-08-09 20:20:00,9.1769,10.139,KHT-XE5S_2025_0526_1101,0.0002000000000000668,0.5
KHT-XE5S,2025-08-09 20:30:00,9.1816,10.141,KHT-XE5S_2025_0526_1101,0.0002000000000000668,0.5
KHT-XE5S,2025-08-09 20:40:00,9.1861,10.14,KHT-XE5S_2025_0526_1101,9.999999999994457e-05,0.5
KHT-XE5S,2025-08-09 20:50:00,9.1905,10.14,KHT-XE5S_2025_0526_1101,0.0,0.5
KHT-XE5S,2025-08-09 21:00:00,9.1947,10.14,KHT-XE5S_2025_0526_1101,0.0,0.5
KHT-XE5S,2025-08-09 21:10:00,9.1985,10.141,KHT-XE5S_2025_0526_1101,9.999999999994457e-05,0.5
KHT-XE5S,2025-08-09 21:20:00,9.2025,10.141,KHT-XE5S_2025_0526_1101,0.0,0.5
KHT-XE5S,2025-08-09 21:30:00,9.2066,10.141,KHT-XE5S_2025_0526_1101,0.0,0.5
KHT-XE5S,2025-08-09 21:40:00,9.2103,10.14,KHT-XE5S_2025_0526_1101,9.999999999994457e-05,0.5
KHT-XE5S,2025-08-09 21:50:00,9.2133,10.141,KHT-XE5S_2025_0526_1101,9.999999999994457e-05,0.5
KHT-XE5S,2025-08-09 22:00:00,9.216,10.141,KHT-XE5S_2025_0526_1101,0.0,0.5
KHT-XE5S,2025-08-09 22:10:00,9.2187,10.143,KHT-XE5S_2025_0526_1101,0.0002000000000000668,0.5
KHT-XE5S,2025-08-09 22:20:00,9.2206,10.142,KHT-XE5S_2025_0526_1101,0.00010000000000012221,0.5
KHT-XE5S,2025-08-09 22:30:00,9.2233,10.14,KHT-XE5S_2025_0526_1101,0.00019999999999988915,0.5
KHT-XE5S,2025-08-09 22:40:00,9.2263,10.143,KHT-XE5S_2025_0526_1101,0.00030000000000001136,0.5
KHT-XE5S,2025-08-09 22:50:00,9.2285,10.144,KHT-XE5S_2025_0526_1101,9.999999999994457e-05,0.5
KHT-XE5S,2025-08-09 23:00:00,9.2306,10.143,KHT-XE5S_2025_0526_1101,9.999999999994457e-05,0.5
KHT-XE5S,2025-08-09 23:10:00,9.2326,10.143,KHT-XE5S_2025_0526_1101,0.0,0.5
KHT-XE5S,2025-08-09 23:20:00,9.2347,10.142,KHT-XE5S_2025_0526_1101,0.00010000000000012221,0.5
KHT-XE5S,2025-08-09 23:30:00,9.2376,10.144,KHT-XE5S_2025_0526_1101,0.0002000000000000668,0.5
KHT-XE5S,2025-08-09 23:40:00,9.2397,10.145,KHT-XE5S_2025_0526_1101,9.999999999994457e-05,0.5
KHT-XE5S,2025-08-09 23:50:00,9.2416,10.142,KHT-XE5S_2025_0526_1101,0.00030000000000001136,0.5
KHT-XE5S,2025-08-10 00:00:00,9.2431,10.146,KHT-XE5S_2025_0526_1101,0.0004000000000001336,0.5
KHT-XE5S,2025-08-10 00:10:00,9.245,10.143,KHT-XE5S_2025_0526_1101,0.00030000000000001136,0.5
KHT-XE5S,2025-08-10 00:20:00,9.247,10.143,KHT-XE5S_2025_0526_1101,0.0,0.5
KHT-XE5S,2025-08-10 00:30:00,9.2486,10.143,KHT-XE5S_2025_0526_1101,0.0,0.5
KHT-XE5S,2025-08-10 00:40:00,9.2501,10.145,KHT-XE5S_2025_0526_1101,0.00019999999999988915,0.5
KHT-XE5S,2025-08-10 00:50:00,9.2514,10.144,KHT-XE5S_2025_0526_1101,9.999999999994457e-05,0.5
KHT-XE5S,2025-08-10 01:00:00,9.2531,10.146,KHT-XE5S_2025_0526_1101,0.0002000000000000668,0.5
KHT-XE5S,2025-08-10 01:10:00,9.2542,10.145,KHT-XE5S_2025_0526_1101,0.00010000000000012221,0.5
KHT-XE5S,2025-08-10 01:20:00,9.2559,10.146,KHT-XE5S_2025_0526_1101,0.00010000000000012221,0.5
KHT-XE5S,2025-08-10 01:30:00,9.2575,10.145,KHT-XE5S_2025_0526_1101,0.00010000000000012221,0.5
KHT-XE5S,2025-08-10 01:40:00,9.259,10.148,KHT-XE5S_2025_0526_1101,0.00030000000000001136,0.5
KHT-XE5S,2025-08-10 01:50:00,9.261,10.148,KHT-XE5S_2025_0526_1101,0.0,0.5
KHT-XE5S,2025-08-10 02:00:00,9.2622,10.145,KHT-XE5S_2025_0526_1101,0.00030000000000001136,0.5
KHT-XE5S,2025-08-10 02:10:00,9.2635,10.145,KHT-XE5S_2025_0526_1101,0.0,0.5
KHT-XE5S,2025-08-10 02:20:00,9.2648,10.146,KHT-XE5S_2025_0526_1101,0.00010000000000012221,0.5
KHT-XE5S,2025-08-10 02:30:00,9.2661,10.148,KHT-XE5S_2025_0526_1101,0.00019999999999988915,0.5
KHT-XE5S,2025-08-10 02:40:00,9.2671,10.145,KHT-XE5S_2025_0526_1101,0.00030000000000001136,0.5
KHT-XE5S,2025-08-10 02:50:00,9.2685,10.148,KHT-XE5S_2025_0526_1101,0.00030000000000001136,0.5
KHT-XE5S,2025-08-10 03:00:00,9.2705,10.148,KHT-XE5S_2025_0526_1101,0.0,0.5
KHT-XE5S,2025-08-10 03:10:00,9.2718,10.148,KHT-XE5S_2025_0526_1101,0.0,0.5
KHT-XE5S,2025-08-10 03:20:00,9.2736,10.149,KHT-XE5S_2025_0526_1101,9.999999999994457e-05,0.5
KHT-XE5S,2025-08-10 03:30:00,9.2752,10.149,KHT-XE5S_2025_0526_1101,0.0,0.5
KHT-XE5S,2025-08-10 03:40:00,9.2765,10.148,KHT-XE5S_2025_0526_1101,9.999999999994457e-05,0.5
KHT-XE5S,2025-08-10 03:50:00,9.2772,10.147,KHT-XE5S_2025_0526_1101,9.999999999994457e-05,0.5
KHT-XE5S,2025-08-10 04:00:00,9.2787,10.15,KHT-XE5S_2025_0526_1101,0.00030000000000001136,0.5
KHT-XE5S,2025-08-10 04:10:00,9.2799,10.149,KHT-XE5S_2025_0526_1101,0.00010000000000012221,0.5
KHT-XE5S,2025-08-10 04:20:00,9.2815,10.15,KHT-XE5S_2025_0526_1101,0.00010000000000012221,0.5
KHT-XE5S,2025-08-10 04:30:00,9.283,10.148,KHT-XE5S_2025_0526_1101,0.0002000000000000668,0.5
KHT-XE5S,2025-08-10 04:40:00,9.2846,10.15,KHT-XE5S_2025_0526_1101,0.0002000000000000668,0.5
KHT-XE5S,2025-08-10 04:50:00,9.2856,10.151,KHT-XE5S_2025_0526_1101,9.999999999994457e-05,0.5
KHT-XE5S,2025-08-10 05:00:00,9.2863,10.151,KHT-XE5S_2025_0526_1101,0.0,0.5
KHT-XE5S,2025-08-10 05:10:00,9.2874,10.15,KHT-XE5S_2025_0526_1101,9.999999999994457e-05,0.5
KHT-XE5S,2025-08-10 05:20:00,9.2892,10.15,KHT-XE5S_2025_0526_1101,0.0,0.5
KHT-XE5S,2025-08-10 05:30:00,9.2913,10.15,KHT-XE5S_2025_0526_1101,0.0,0.5
KHT-XE5S,2025-08-10 05:40:00,9.2936,10.15,KHT-XE5S_2025_0526_1101,0.0,0.5
KHT-XE5S,2025-08-10 05:50:00,9.2951,10.15,KHT-XE5S_2025_0526_1101,0.0,0.5
KHT-XE5S,2025-08-10 06:00:00,9.2967,10.15,KHT-XE5S_2025_0526_1101,0.0,0.5
KHT-XE5S,2025-08-10 06:10:00,9.2984,10.15,KHT-XE5S_2025_0526_1101,0.0,0.5
KHT-XE5S,2025-08-10 06:20:00,9.3003,10.149,KHT-XE5S_2025_0526_1101,0.00010000000000012221,0.5
KHT-XE5S,2025-08-10 06:30:00,9.302,10.152,KHT-XE5S_2025_0526_1101,0.00030000000000001136,0.5
KHT-XE5S,2025-08-10 06:40:00,9.3044,10.151,KHT-XE5S_2025_0526_1101,9.999999999994457e-05,0.5
KHT-XE5S,2025-08-10 06:50:00,9.3061,10.151,KHT-XE5S_2025_0526_1101,0.0,0.5
KHT-XE5S,2025-08-10 07:00:00,9.3078,10.152,KHT-XE5S_2025_0526_1101,9.999999999994457e-05,0.5
KHT-XE5S,2025-08-10 07:10:00,9.3091,10.151,KHT-XE5S_2025_0526_1101,9.999999999994457e-05,0.5
KHT-XE5S,2025-08-10 07:20:00,9.3107,10.152,KHT-XE5S_2025_0526_1101,9.999999999994457e-05,0.5
KHT-XE5S,2025-08-10 07:30:00,9.3116,10.153,KHT-XE5S_2025_0526_1101,0.00010000000000012221,0.5
KHT-XE5S,2025-08-10 07:40:00,9.313,10.152,KHT-XE5S_2025_0526_1101,0.00010000000000012221,0.5
KHT-XE5S,2025-08-10 07:50:00,9.3142,10.152,KHT-XE5S_2025_0526_1101,0.0,0.5
KHT-XE5S,2025-08-10 08:00:00,9.3152,10.152,KHT-XE5S_2025_0526_1101,0.0,0.5
KHT-XE5S,2025-08-10 08:10:00,9.3152,10.153,KHT-XE5S_2025_0526_1101,0.00010000000000012221,0.5
KHT-XE5S,2025-08-10 08:20:00,9.3158,10.154,KHT-XE5S_2025_0526_1101,9.999999999994457e-05,0.5
KHT-XE5S,2025-08-10 08:30:00,9.3159,10.152,KHT-XE5S_2025_0526_1101,0.0002000000000000668,0.5
KHT-XE5S,2025-08-10 08:40:00,9.3164,10.153,KHT-XE5S_2025_0526_1101,0.00010000000000012221,0.5
KHT-XE5S,2025-08-10 08:50:00,9.3156,10.153,KHT-XE5S_2025_0526_1101,0.0,0.5
KHT-XE5S,2025-08-10 09:00:00,9.3148,10.154,KHT-XE5S_2025_0526_1101,9.999999999994457e-05,0.5
KHT-XE5S,2025-08-10 09:10:00,9.3133,10.154,KHT-XE5S_2025_0526_1101,0.0,0.5
KHT-XE5S,2025-08-10 09:20:00,9.3118,10.155,KHT-XE5S_2025_0526_1101,9.999999999994457e-05,0.5
KHT-XE5S,2025-08-10 09:30:00,9.3101,10.157,KHT-XE5S_2025_0526_1101,0.0002000000000000668,0.5
KHT-XE5S,2025-08-10 09:40:00,9.3078,10.154,KHT-XE5S_2025_0526_1101,0.00030000000000001136,0.5
KHT-XE5S,2025-08-10 09:50:00,9.3056,10.155,KHT-XE5S_2025_0526_1101,9.999999999994457e-05,0.5
KHT-XE5S,2025-08-10 10:00:00,9.3029,10.157,KHT-XE5S_2025_0526_1101,0.0002000000000000668,0.5
KHT-XE5S,2025-08-10 10:10:00,9.3003,10.157,KHT-XE5S_2025_0526_1101,0.0,0.5
KHT-XE5S,2025-08-10 10:20:00,9.2972,10.159,KHT-XE5S_2025_0526_1101,0.0002000000000000668,0.5
KHT-XE5S,2025-08-10 10:30:00,9.2945,10.158,KHT-XE5S_2025_0526_1101,0.00010000000000012221,0.5
KHT-XE5S,2025-08-10 10:40:00,9.292,10.16,KHT-XE5S_2025_0526_1101,0.0002000000000000668,0.5
KHT-XE5S,2025-08-10 10:50:00,9.2884,10.158,KHT-XE5S_2025_0526_1101,0.0002000000000000668,0.5
KHT-XE5S,2025-08-10 11:00:00,9.2841,10.159,KHT-XE5S_2025_0526_1101,0.00010000000000012221,0.5
KHT-XE5S,2025-08-10 11:10:00,9.2804,10.16,KHT-XE5S_2025_0526_1101,9.999999999994457e-05,0.5
KHT-XE5S,2025-08-10 11:20:00,9.2761,10.161,KHT-XE5S_2025_0526_1101,9.999999999994457e-05,0.5
KHT-XE5S,2025-08-10 11:30:00,9.2721,10.16,KHT-XE5S_2025_0526_1101,9.999999999994457e-05,0.5
KHT-XE5S,2025-08-10 11:40:00,9.2675,10.16,KHT-XE5S_2025_0526_1101,0.0,0.5
KHT-XE5S,2025-08-10 11:50:00,9.2627,10.159,KHT-XE5S_2025_0526_1101,9.999999999994457e-05,0.5
KHT-XE5S,2025-08-10 12:00:00,9.2587,10.161,KHT-XE5S_2025_0526_1101,0.00019999999999988915,0.5
KHT-XE5S,2025-08-10 12:10:00,9.2527,10.16,KHT-XE5S_2025_0526_1101,9.999999999994457e-05,0.5
KHT-XE5S,2025-08-10 12:20:00,9.2473,10.16,KHT-XE5S_2025_0526_1101,0.0,0.5
KHT-XE5S,2025-08-10 12:30:00,9.2424,10.161,KHT-XE5S_2025_0526_1101,9.999999999994457e-05,0.5
KHT-XE5S,2025-08-10 12:40:00,9.2374,10.161,KHT-XE5S_2025_0526_1101,0.0,0.5
KHT-XE5S,2025-08-10 12:50:00,9.2328,10.161,KHT-XE5S_2025_0526_1101,0.0,0.5
KHT-XE5S,2025-08-10 13:00:00,9.228,10.163,KHT-XE5S_2025_0526_1101,0.0002000000000000668,0.5
KHT-XE5S,2025-08-10 13:10:00,9.2233,10.162,KHT-XE5S_2025_0526_1101,9.999999999994457e-05,0.5
KHT-XE5S,2025-08-10 13:20:00,9.2173,10.163,KHT-XE5S_2025_0526_1101,9.999999999994457e-05,0.5
KHT-XE5S,2025-08-10 13:30:00,9.2127,10.162,KHT-XE5S_2025_0526_1101,9.999999999994457e-05,0.5
KHT-XE5S,2025-08-10 13:40:00,9.2072,10.162,KHT-XE5S_2025_0526_1101,0.0,0.5
KHT-XE5S,2025-08-10 13:50:00,9.2025,10.163,KHT-XE5S_2025_0526_1101,9.999999999994457e-05,0.5
KHT-XE5S,2025-08-10 14:00:00,9.1979,10.162,KHT-XE5S_2025_0526_1101,9.999999999994457e-05,0.5
KHT-XE5S,2025-08-10 14:10:00,9.193,10.163,KHT-XE5S_2025_0526_1101,9.999999999994457e-05,0.5
KHT-XE5S,2025-08-10 14:20:00,9.1882,10.164,KHT-XE5S_2025_0526_1101,9.999999999994457e-05,0.5
KHT-XE5S,2025-08-10 14:30:00,9.1841,10.166,KHT-XE5S_2025_0526_1101,0.0002000000000000668,0.5
KHT-XE5S,2025-08-10 14:40:00,9.1803,10.165,KHT-XE5S_2025_0526_1101,0.00010000000000012221,0.5
KHT-XE5S,2025-08-10 14:50:00,9.1771,10.165,KHT-XE5S_2025_0526_1101,0.0,0.5
KHT-XE5S,2025-08-10 15:00:00,9.1726,10.165,KHT-XE5S_2025_0526_1101,0.0,0.5
KHT-XE5S,2025-08-10 15:10:00,9.1692,10.165,KHT-XE5S_2025_0526_1101,0.0,0.5
KHT-XE5S,2025-08-10 15:20:00,9.1649,10.164,KHT-XE5S_2025_0526_1101,9.999999999994457e-05,0.5
KHT-XE5S,2025-08-10 15:30:00,9.1631,10.166,KHT-XE5S_2025_0526_1101,0.0002000000000000668,0.5
KHT-XE5S,2025-08-10 15:40:00,9.1602,10.165,KHT-XE5S_2025_0526_1101,0.00010000000000012221,0.5
KHT-XE5S,2025-08-10 15:50:00,9.1586,10.166,KHT-XE5S_2025_0526_1101,0.00010000000000012221,0.5
KHT-XE5S,2025-08-10 16:00:00,9.1567,10.167,KHT-XE5S_2025_0526_1101,9.999999999994457e-05,0.5
KHT-XE5S,2025-08-10 16:10:00,9.1547,10.168,KHT-XE5S_2025_0526_1101,9.999999999994457e-05,0.5
KHT-XE5S,2025-08-10 16:20:00,9.1528,10.165,KHT-XE5S_2025_0526_1101,0.00030000000000001136,0.5
KHT-XE5S,2025-08-10 16:30:00,9.1511,10.168,KHT-XE5S_2025_0526_1101,0.00030000000000001136,0.5
KHT-XE5S,2025-08-10 16:40:00,9.1494,10.167,KHT-XE5S_2025_0526_1101,9.999999999994457e-05,0.5
KHT-XE5S,2025-08-10 16:50:00,9.149,10.166,KHT-XE5S_2025_0526_1101,9.999999999994457e-05,0.5
KHT-XE5S,2025-08-10 17:00:00,9.1488,10.166,KHT-XE5S_2025_0526_1101,0.0,0.5
KHT-XE5S,2025-08-10 17:10:00,9.1483,10.168,KHT-XE5S_2025_0526_1101,0.00019999999999988915,0.5
KHT-XE5S,2025-08-10 17:20:00,9.1479,10.167,KHT-XE5S_2025_0526_1101,9.999999999994457e-05,0.5
KHT-XE5S,2025-08-10 17:30:00,9.1477,10.167,KHT-XE5S_2025_0526_1101,0.0,0.5
KHT-XE5S,2025-08-10 17:40:00,9.1475,10.166,KHT-XE5S_2025_0526_1101,9.999999999994457e-05,0.5
KHT-XE5S,2025-08-10 17:50:00,9.1483,10.166,KHT-XE5S_2025_0526_1101,0.0,0.5
KHT-XE5S,2025-08-10 18:00:00,9.149,10.167,KHT-XE5S_2025_0526_1101,9.999999999994457e-05,0.5
KHT-XE5S,2025-08-10 18:10:00,9.15,10.166,KHT-XE5S_2025_0526_1101,9.999999999994457e-05,0.5
KHT-XE5S,2025-08-10 18:20:00,9.1522,10.168,KHT-XE5S_2025_0526_1101,0.00019999999999988915,0.5
KHT-XE5S,2025-08-10 18:30:00,9.1543,10.166,KHT-XE5S_2025_0526_1101,0.00019999999999988915,0.5
KHT-XE5S,2025-08-10 18:40:00,9.1559,10.165,KHT-XE5S_2025_0526_1101,0.00010000000000012221,0.5
KHT-XE5S,2025-08-10 18:50:00,9.1583,10.168,KHT-XE5S_2025_0526_1101,0.00030000000000001136,0.5
KHT-XE5S,2025-08-10 19:00:00,9.1604,10.166,KHT-XE5S_2025_0526_1101,0.00019999999999988915,0.5
KHT-XE5S,2025-08-10 19:10:00,9.1629,10.164,KHT-XE5S_2025_0526_1101,0.0002000000000000668,0.5
KHT-XE5S,2025-08-10 19:20:00,9.1659,10.164,KHT-XE5S_2025_0526_1101,0.0,0.5
KHT-XE5S,2025-08-10 19:30:00,9.1692,10.165,KHT-XE5S_2025_0526_1101,9.999999999994457e-05,0.5
KHT-XE5S,2025-08-10 19:40:00,9.1726,10.167,KHT-XE5S_2025_0526_1101,0.0002000000000000668,0.5
KHT-XE5S,2025-08-10 19:50:00,9.1766,10.166,KHT-XE5S_2025_0526_1101,9.999999999994457e-05,0.5
KHT-XE5S,2025-08-10 20:00:00,9.1802,10.166,KHT-XE5S_2025_0526_1101,0.0,0.5
KHT-XE5S,2025-08-10 20:10:00,9.1844,10.164,KHT-XE5S_2025_0526_1101,0.0002000000000000668,0.5
KHT-XE5S,2025-08-10 20:20:00,9.1883,10.165,KHT-XE5S_2025_0526_1101,9.999999999994457e-05,0.5
KHT-XE5S,2025-08-10 20:30:00,9.1925,10.166,KHT-XE5S_2025_0526_1101,0.00010000000000012221,0.5
KHT-XE5S,2025-08-10 20:40:00,9.1972,10.166,KHT-XE5S_2025_0526_1101,0.0,0.5
KHT-XE5S,2025-08-10 20:50:00,9.2015,10.167,KHT-XE5S_2025_0526_1101,9.999999999994457e-05,0.5
KHT-XE5S,2025-08-10 21:00:00,9.2053,10.166,KHT-XE5S_2025_0526_1101,9.999999999994457e-05,0.5
KHT-XE5S,2025-08-10 21:10:00,9.2095,10.165,KHT-XE5S_2025_0526_1101,0.00010000000000012221,0.5
KHT-XE5S,2025-08-10 21:20:00,9.2132,10.166,KHT-XE5S_2025_0526_1101,0.00010000000000012221,0.5
KHT-XE5S,2025-08-10 21:30:00,9.2168,10.165,KHT-XE5S_2025_0526_1101,0.00010000000000012221,0.5
KHT-XE5S,2025-08-10 21:40:00,9.2204,10.166,KHT-XE5S_2025_0526_1101,0.00010000000000012221,0.5
KHT-XE5S,2025-08-10 21:50:00,9.2234,10.166,KHT-XE5S_2025_0526_1101,0.0,0.5
KHT-XE5S,2025-08-10 22:00:00,9.2262,10.167,KHT-XE5S_2025_0526_1101,9.999999999994457e-05,0.5
KHT-XE5S,2025-08-10 22:10:00,9.2284,10.168,KHT-XE5S_2025_0526_1101,9.999999999994457e-05,0.5
KHT-XE5S,2025-08-10 22:20:00,9.2304,10.167,KHT-XE5S_2025_0526_1101,9.999999999994457e-05,0.5
KHT-XE5S,2025-08-10 22:30:00,9.2326,10.167,KHT-XE5S_2025_0526_1101,0.0,0.5
KHT-XE5S,2025-08-10 22:40:00,9.2349,10.167,KHT-XE5S_2025_0526_1101,0.0,0.5
KHT-XE5S,2025-08-10 22:50:00,9.2369,10.167,KHT-XE5S_2025_0526_1101,0.0,0.5
KHT-XE5S,2025-08-10 23:00:00,9.2384,10.169,KHT-XE5S_2025_0526_1101,0.0002000000000000668,0.5
KHT-XE5S,2025-08-10 23:10:00,9.2404,10.168,KHT-XE5S_2025_0526_1101,0.00010000000000012221,0.5
KHT-XE5S,2025-08-10 23:20:00,9.2432,10.168,KHT-XE5S_2025_0526_1101,0.0,0.5
KHT-XE5S,2025-08-10 23:30:00,9.2458,10.169,KHT-XE5S_2025_0526_1101,0.00010000000000012221,0.5
KHT-XE5S,2025-08-10 23:40:00,9.248,10.169,KHT-XE5S_2025_0526_1101,0.0,0.5
KHT-XE5S,2025-08-10 23:50:00,9.2501,10.169,KHT-XE5S_2025_0526_1101,0.0,0.5
KHT-XE5S,2025-08-11 00:00:00,9.2516,10.169,KHT-XE5S_2025_0526_1101,0.0,0.5
KHT-XE5S,2025-08-11 00:10:00,9.2532,10.169,KHT-XE5S_2025_0526_1101,0.0,0.5
KHT-XE5S,2025-08-11 00:20:00,9.2552,10.168,KHT-XE5S_2025_0526_1101,0.00010000000000012221,0.5
KHT-XE5S,2025-08-11 00:30:00,9.2574,10.169,KHT-XE5S_2025_0526_1101,0.00010000000000012221,0.5
KHT-XE5S,2025-08-11 00:40:00,9.259,10.169,KHT-XE5S_2025_0526_1101,0.0,0.5
KHT-XE5S,2025-08-11 00:50:00,9.2608,10.172,KHT-XE5S_2025_0526_1101,0.00030000000000001136,0.5
KHT-XE5S,2025-08-11 01:00:00,9.2621,10.171,KHT-XE5S_2025_0526_1101,0.00010000000000012221,0.5
KHT-XE5S,2025-08-11 01:10:00,9.2639,10.172,KHT-XE5S_2025_0526_1101,0.00010000000000012221,0.5
KHT-XE5S,2025-08-11 01:20:00,9.2652,10.171,KHT-XE5S_2025_0526_1101,0.00010000000000012221,0.5
KHT-XE5S,2025-08-11 01:30:00,9.267,10.172,KHT-XE5S_2025_0526_1101,0.00010000000000012221,0.5
KHT-XE5S,2025-08-11 01:40:00,9.2679,10.171,KHT-XE5S_2025_0526_1101,0.00010000000000012221,0.5
KHT-XE5S,2025-08-11 01:50:00,9.2693,10.172,KHT-XE5S_2025_0526_1101,0.00010000000000012221,0.5
KHT-XE5S,2025-08-11 02:00:00,9.2697,10.171,KHT-XE5S_2025_0526_1101,0.00010000000000012221,0.5
KHT-XE5S,2025-08-11 02:10:00,9.2711,10.172,KHT-XE5S_2025_0526_1101,0.00010000000000012221,0.5
KHT-XE5S,2025-08-11 02:20:00,9.2722,10.17,KHT-XE5S_2025_0526_1101,0.0002000000000000668,0.5
KHT-XE5S,2025-08-11 02:30:00,9.2734,10.172,KHT-XE5S_2025_0526_1101,0.0002000000000000668,0.5
KHT-XE5S,2025-08-11 02:40:00,9.2749,10.171,KHT-XE5S_2025_0526_1101,0.00010000000000012221,0.5
KHT-XE5S,2025-08-11 02:50:00,9.2769,10.173,KHT-XE5S_2025_0526_1101,0.0002000000000000668,0.5
KHT-XE5S,2025-08-11 03:00:00,9.2778,10.171,KHT-XE5S_2025_0526_1101,0.0002000000000000668,0.5
KHT-XE5S,2025-08-11 03:10:00,9.2797,10.172,KHT-XE5S_2025_0526_1101,0.00010000000000012221,0.5
KHT-XE5S,2025-08-11 03:20:00,9.2815,10.173,KHT-XE5S_2025_0526_1101,9.999999999994457e-05,0.5
KHT-XE5S,2025-08-11 03:30:00,9.2835,10.173,KHT-XE5S_2025_0526_1101,0.0,0.5
KHT-XE5S,2025-08-11 03:40:00,9.2848,10.173,KHT-XE5S_2025_0526_1101,0.0,0.5
KHT-XE5S,2025-08-11 03:50:00,9.2861,10.174,KHT-XE5S_2025_0526_1101,9.999999999994457e-05,0.5
KHT-XE5S,2025-08-11 04:00:00,9.2875,10.174,KHT-XE5S_2025_0526_1101,0.0,0.5
KHT-XE5S,2025-08-11 04:10:00,9.2886,10.172,KHT-XE5S_2025_0526_1101,0.00019999999999988915,0.5
KHT-XE5S,2025-08-11 04:20:00,9.2891,10.175,KHT-XE5S_2025_0526_1101,0.00030000000000001136,0.5
KHT-XE5S,2025-08-11 04:30:00,9.2895,10.176,KHT-XE5S_2025_0526_1101,9.999999999994457e-05,0.5
KHT-XE5S,2025-08-11 04:40:00,9.2907,10.175,KHT-XE5S_2025_0526_1101,9.999999999994457e-05,0.5
KHT-XE5S,2025-08-11 04:50:00,9.2923,10.174,KHT-XE5S_2025_0526_1101,0.00010000000000012221,0.5
KHT-XE5S,2025-08-11 05:00:00,9.2941,10.176,KHT-XE5S_2025_0526_1101,0.0002000000000000668,0.5
KHT-XE5S,2025-08-11 05:10:00,9.2945,10.175,KHT-XE5S_2025_0526_1101,9.999999999994457e-05,0.5
KHT-XE5S,2025-08-11 05:20:00,9.2965,10.174,KHT-XE5S_2025_0526_1101,0.00010000000000012221,0.5
KHT-XE5S,2025-08-11 05:30:00,9.2979,10.174,KHT-XE5S_2025_0526_1101,0.0,0.5
KHT-XE5S,2025-08-11 05:40:00,9.2992,10.174,KHT-XE5S_2025_0526_1101,0.0,0.5
KHT-XE5S,2025-08-11 05:50:00,9.3018,10.176,KHT-XE5S_2025_0526_1101,0.0002000000000000668,0.5
KHT-XE5S,2025-08-11 06:00:00,9.3029,10.177,KHT-XE5S_2025_0526_1101,9.999999999994457e-05,0.5
KHT-XE5S,2025-08-11 06:10:00,9.3043,10.174,KHT-XE5S_2025_0526_1101,0.00030000000000001136,0.5
KHT-XE5S,2025-08-11 06:20:00,9.3051,10.173,KHT-XE5S_2025_0526_1101,9.999999999994457e-05,0.5
KHT-XE5S,2025-08-11 06:30:00,9.3052,10.176,KHT-XE5S_2025_0526_1101,0.00030000000000001136,0.5
KHT-XE5S,2025-08-11 06:40:00,9.306,10.176,KHT-XE5S_2025_0526_1101,0.0,0.5
KHT-XE5S,2025-08-11 06:50:00,9.3075,10.174,KHT-XE5S_2025_0526_1101,0.0002000000000000668,0.5
KHT-XE5S,2025-08-11 07:00:00,9.3093,10.176,KHT-XE5S_2025_0526_1101,0.0002000000000000668,0.5
KHT-XE5S,2025-08-11 07:10:00,9.311,10.174,KHT-XE5S_2025_0526_1101,0.0002000000000000668,0.5
KHT-XE5S,2025-08-11 07:20:00,9.3126,10.176,KHT-XE5S_2025_0526_1101,0.0002000000000000668,0.5
KHT-XE5S,2025-08-11 07:30:00,9.3138,10.177,KHT-XE5S_2025_0526_1101,9.999999999994457e-05,0.5
KHT-XE5S,2025-08-11 07:40:00,9.3153,10.178,KHT-XE5S_2025_0526_1101,0.00010000000000012221,0.5
KHT-XE5S,2025-08-11 07:50:00,9.3165,10.176,KHT-XE5S_2025_0526_1101,0.0002000000000000668,0.5
KHT-XE5S,2025-08-11 08:00:00,9.3167,10.177,KHT-XE5S_2025_0526_1101,9.999999999994457e-05,0.5
KHT-XE5S,2025-08-11 08:10:00,9.3166,10.179,KHT-XE5S_2025_0526_1101,0.0002000000000000668,0.5
KHT-XE5S,2025-08-11 08:20:00,9.3174,10.178,KHT-XE5S_2025_0526_1101,9.999999999994457e-05,0.5
KHT-XE5S,2025-08-11 08:30:00,9.3165,10.178,KHT-XE5S_2025_0526_1101,0.0,0.5
KHT-XE5S,2025-08-11 08:40:00,9.3155,10.179,KHT-XE5S_2025_0526_1101,9.999999999994457e-05,0.5
KHT-XE5S,2025-08-11 08:50:00,9.3147,10.179,KHT-XE5S_2025_0526_1101,0.0,0.5
KHT-XE5S,2025-08-11 09:00:00,9.3134,10.178,KHT-XE5S_2025_0526_1101,9.999999999994457e-05,0.5
KHT-XE5S,2025-08-11 09:10:00,9.3115,10.179,KHT-XE5S_2025_0526_1101,9.999999999994457e-05,0.5
KHT-XE5S,2025-08-11 09:20:00,9.3097,10.18,KHT-XE5S_2025_0526_1101,9.999999999994457e-05,0.5
KHT-XE5S,2025-08-11 09:30:00,9.3077,10.181,KHT-XE5S_2025_0526_1101,9.999999999994457e-05,0.5
KHT-XE5S,2025-08-11 09:40:00,9.3058,10.181,KHT-XE5S_2025_0526_1101,0.0,0.5
KHT-XE5S,2025-08-11 09:50:00,9.3034,10.184,KHT-XE5S_2025_0526_1101,0.00030000000000001136,0.5
KHT-XE5S,2025-08-11 10:00:00,9.3004,10.183,KHT-XE5S_2025_0526_1101,9.999999999994457e-05,0.5
KHT-XE5S,2025-08-11 10:10:00,9.2968,10.182,KHT-XE5S_2025_0526_1101,9.999999999994457e-05,0.5
KHT-XE5S,2025-08-11 10:20:00,9.2933,10.183,KHT-XE5S_2025_0526_1101,9.999999999994457e-05,0.5
KHT-XE5S,2025-08-11 10:30:00,9.2898,10.184,KHT-XE5S_2025_0526_1101,9.999999999994457e-05,0.5
KHT-XE5S,2025-08-11 10:40:00,9.2865,10.184,KHT-XE5S_2025_0526_1101,0.0,0.5
KHT-XE5S,2025-08-11 10:50:00,9.2819,10.182,KHT-XE5S_2025_0526_1101,0.00019999999999988915,0.5
KHT-XE5S,2025-08-11 11:00:00,9.2781,10.186,KHT-XE5S_2025_0526_1101,0.00039999999999995595,0.5
KHT-XE5S,2025-08-11 11:10:00,9.2741,10.185,KHT-XE5S_2025_0526_1101,9.999999999994457e-05,0.5
KHT-XE5S,2025-08-11 11:20:00,9.2687,10.185,KHT-XE5S_2025_0526_1101,0.0,0.5
KHT-XE5S,2025-08-11 11:30:00,9.2643,10.185,KHT-XE5S_2025_0526_1101,0.0,0.5
KHT-XE5S,2025-08-11 11:40:00,9.259,10.185,KHT-XE5S_2025_0526_1101,0.0,0.5
KHT-XE5S,2025-08-11 11:50:00,9.2539,10.184,KHT-XE5S_2025_0526_1101,0.00010000000000012221,0.5
KHT-XE5S,2025-08-11 12:00:00,9.2482,10.187,KHT-XE5S_2025_0526_1101,0.00030000000000001136,0.5
KHT-XE5S,2025-08-11 12:10:00,9.2435,10.184,KHT-XE5S_2025_0526_1101,0.00030000000000001136,0.5
KHT-XE5S,2025-08-11 12:20:00,9.2382,10.186,KHT-XE5S_2025_0526_1101,0.0002000000000000668,0.5
KHT-XE5S,2025-08-11 12:30:00,9.2314,10.185,KHT-XE5S_2025_0526_1101,9.999999999994457e-05,0.5
KHT-XE5S,2025-08-11 12:40:00,9.2263,10.187,KHT-XE5S_2025_0526_1101,0.00019999999999988915,0.5
KHT-XE5S,2025-08-11 12:50:00,9.2208,10.186,KHT-XE5S_2025_0526_1101,9.999999999994457e-05,0.5
KHT-XE5S,2025-08-11 13:00:00,9.2152,10.187,KHT-XE5S_2025_0526_1101,9.999999999994457e-05,0.5
KHT-XE5S,2025-08-11 13:10:00,9.2096,10.189,KHT-XE5S_2025_0526_1101,0.0002000000000000668,0.5
KHT-XE5S,2025-08-11 13:20:00,9.2044,10.186,KHT-XE5S_2025_0526_1101,0.00030000000000001136,0.5
KHT-XE5S,2025-08-11 13:30:00,9.1997,10.189,KHT-XE5S_2025_0526_1101,0.00030000000000001136,0.5
KHT-XE5S,2025-08-11 13:40:00,9.1949,10.187,KHT-XE5S_2025_0526_1101,0.0002000000000000668,0.5
KHT-XE5S,2025-08-11 13:50:00,9.1892,10.19,KHT-XE5S_2025_0526_1101,0.00030000000000001136,0.5
KHT-XE5S,2025-08-11 14:00:00,9.1842,10.188,KHT-XE5S_2025_0526_1101,0.00019999999999988915,0.5
KHT-XE5S,2025-08-11 14:10:00,9.179,10.189,KHT-XE5S_2025_0526_1101,9.999999999994457e-05,0.5
KHT-XE5S,2025-08-11 14:20:00,9.1746,10.189,KHT-XE5S_2025_0526_1101,0.0,0.5
KHT-XE5S,2025-08-11 14:30:00,9.1702,10.19,KHT-XE5S_2025_0526_1101,9.999999999994457e-05,0.5
KHT-XE5S,2025-08-11 14:40:00,9.1663,10.189,KHT-XE5S_2025_0526_1101,9.999999999994457e-05,0.5
KHT-XE5S,2025-08-11 14:50:00,9.1624,10.19,KHT-XE5S_2025_0526_1101,9.999999999994457e-05,0.5
KHT-XE5S,2025-08-11 15:00:00,9.1579,10.192,KHT-XE5S_2025_0526_1101,0.0002000000000000668,0.5
KHT-XE5S,2025-08-11 15:10:00,9.1541,10.19,KHT-XE5S_2025_0526_1101,0.0002000000000000668,0.5
KHT-XE5S,2025-08-11 15:20:00,9.1511,10.19,KHT-XE5S_2025_0526_1101,0.0,0.5
KHT-XE5S,2025-08-11 15:30:00,9.147,10.191,KHT-XE5S_2025_0526_1101,0.00010000000000012221,0.5
KHT-XE5S,2025-08-11 15:40:00,9.1445,10.192,KHT-XE5S_2025_0526_1101,9.999999999994457e-05,0.5
KHT-XE5S,2025-08-11 15:50:00,9.1409,10.191,KHT-XE5S_2025_0526_1101,9.999999999994457e-05,0.5
KHT-XE5S,2025-08-11 16:00:00,9.1396,10.192,KHT-XE5S_2025_0526_1101,9.999999999994457e-05,0.5
KHT-XE5S,2025-08-11 16:10:00,9.1376,10.19,KHT-XE5S_2025_0526_1101,0.0002000000000000668,0.5
KHT-XE5S,2025-08-11 16:20:00,9.1367,10.194,KHT-XE5S_2025_0526_1101,0.0004000000000001336,0.5
KHT-XE5S,2025-08-11 16:30:00,9.1357,10.191,KHT-XE5S_2025_0526_1101,0.00030000000000001136,0.5
KHT-XE5S,2025-08-11 16:40:00,9.1345,10.192,KHT-XE5S_2025_0526_1101,9.999999999994457e-05,0.5
KHT-XE5S,2025-08-11 16:50:00,9.1338,10.193,KHT-XE5S_2025_0526_1101,9.999999999994457e-05,0.5
KHT-XE5S,2025-08-11 17:00:00,9.1325,10.193,KHT-XE5S_2025_0526_1101,0.0,0.5
KHT-XE5S,2025-08-11 17:10:00,9.1326,10.192,KHT-XE5S_2025_0526_1101,9.999999999994457e-05,0.5
KHT-XE5S,2025-08-11 17:20:00,9.1317,10.193,KHT-XE5S_2025_0526_1101,9.999999999994457e-05,0.5
KHT-XE5S,2025-08-11 17:30:00,9.1318,10.194,KHT-XE5S_2025_0526_1101,0.00010000000000012221,0.5
KHT-XE5S,2025-08-11 17:40:00,9.1309,10.193,KHT-XE5S_2025_0526_1101,0.00010000000000012221,0.5
KHT-XE5S,2025-08-11 17:50:00,9.1308,10.194,KHT-XE5S_2025_0526_1101,0.00010000000000012221,0.5
KHT-XE5S,2025-08-11 18:00:00,9.1311,10.191,KHT-XE5S_2025_0526_1101,0.00030000000000001136,0.5
KHT-XE5S,2025-08-11 18:10:00,9.1322,10.194,KHT-XE5S_2025_0526_1101,0.00030000000000001136,0.5
KHT-XE5S,2025-08-11 18:20:00,9.134,10.193,KHT-XE5S_2025_0526_1101,0.00010000000000012221,0.5
KHT-XE5S,2025-08-11 18:30:00,9.1354,10.191,KHT-XE5S_2025_0526_1101,0.00019999999999988915,0.5
KHT-XE5S,2025-08-11 18:40:00,9.137,10.191,KHT-XE5S_2025_0526_1101,0.0,0.5
KHT-XE5S,2025-08-11 18:50:00,9.1385,10.192,KHT-XE5S_2025_0526_1101,9.999999999994457e-05,0.5
KHT-XE5S,2025-08-11 19:00:00,9.1403,10.193,KHT-XE5S_2025_0526_1101,9.999999999994457e-05,0.5
KHT-XE5S,2025-08-11 19:10:00,9.1426,10.194,KHT-XE5S_2025_0526_1101,0.00010000000000012221,0.5
KHT-XE5S,2025-08-11 19:20:00,9.145,10.191,KHT-XE5S_2025_0526_1101,0.00030000000000001136,0.5
KHT-XE5S,2025-08-11 19:30:00,9.1477,10.194,KHT-XE5S_2025_0526_1101,0.00030000000000001136,0.5
KHT-XE5S,2025-08-11 19:40:00,9.1508,10.192,KHT-XE5S_2025_0526_1101,0.0002000000000000668,0.5
KHT-XE5S,2025-08-11 19:50:00,9.1542,10.194,KHT-XE5S_2025_0526_1101,0.0002000000000000668,0.5
KHT-XE5S,2025-08-11 20:00:00,9.1574,10.193,KHT-XE5S_2025_0526_1101,0.00010000000000012221,0.5
KHT-XE5S,2025-08-11 20:10:00,9.1612,10.193,KHT-XE5S_2025_0526_1101,0.0,0.5
KHT-XE5S,2025-08-11 20:20:00,9.1656,10.192,KHT-XE5S_2025_0526_1101,9.999999999994457e-05,0.5
KHT-XE5S,2025-08-11 20:30:00,9.17,10.192,KHT-XE5S_2025_0526_1101,0.0,0.5
KHT-XE5S,2025-08-11 20:40:00,9.1743,10.192,KHT-XE5S_2025_0526_1101,0.0,0.5
KHT-XE5S,2025-08-11 20:50:00,9.1788,10.191,KHT-XE5S_2025_0526_1101,9.999999999994457e-05,0.5
KHT-XE5S,2025-08-11 21:00:00,9.1824,10.19,KHT-XE5S_2025_0526_1101,0.00010000000000012221,0.5
KHT-XE5S,2025-08-11 21:10:00,9.1865,10.19,KHT-XE5S_2025_0526_1101,0.0,0.5
KHT-XE5S,2025-08-11 21:20:00,9.191,10.189,KHT-XE5S_2025_0526_1101,9.999999999994457e-05,0.5
KHT-XE5S,2025-08-11 21:30:00,9.1945,10.19,KHT-XE5S_2025_0526_1101,9.999999999994457e-05,0.5
KHT-XE5S,2025-08-11 21:40:00,9.1977,10.194,KHT-XE5S_2025_0526_1101,0.0004000000000001336,0.5
KHT-XE5S,2025-08-11 21:50:00,9.2011,10.191,KHT-XE5S_2025_0526_1101,0.00030000000000001136,0.5
KHT-XE5S,2025-08-11 22:00:00,9.2033,10.192,KHT-XE5S_2025_0526_1101,9.999999999994457e-05,0.5
KHT-XE5S,2025-08-11 22:10:00,9.2068,10.192,KHT-XE5S_2025_0526_1101,0.0,0.5
KHT-XE5S,2025-08-11 22:20:00,9.2095,10.194,KHT-XE5S_2025_0526_1101,0.0002000000000000668,0.5
KHT-XE5S,2025-08-11 22:30:00,9.2119,10.191,KHT-XE5S_2025_0526_1101,0.00030000000000001136,0.5
KHT-XE5S,2025-08-11 22:40:00,9.2147,10.194,KHT-XE5S_2025_0526_1101,0.00030000000000001136,0.5
KHT-XE5S,2025-08-11 22:50:00,9.217,10.193,KHT-XE5S_2025_0526_1101,0.00010000000000012221,0.5
KHT-XE5S,2025-08-11 23:00:00,9.2185,10.192,KHT-XE5S_2025_0526_1101,9.999999999994457e-05,0.5
KHT-XE5S,2025-08-11 23:10:00,9.221,10.194,KHT-XE5S_2025_0526_1101,0.0002000000000000668,0.5
KHT-XE5S,2025-08-11 23:20:00,9.2231,10.194,KHT-XE5S_2025_0526_1101,0.0,0.5
KHT-XE5S,2025-08-11 23:30:00,9.2245,10.194,KHT-XE5S_2025_0526_1101,0.0,0.5
KHT-XE5S,2025-08-11 23:40:00,9.2268,10.194,KHT-XE5S_2025_0526_1101,0.0,0.5
KHT-XE5S,2025-08-11 23:50:00,9.2291,10.196,KHT-XE5S_2025_0526_1101,0.00019999999999988915,0.5
KHT-XE5S,2025-08-12 00:00:00,9.2307,10.196,KHT-XE5S_2025_0526_1101,0.0,0.5
KHT-XE5S,2025-08-12 00:10:00,9.232,10.194,KHT-XE5S_2025_0526_1101,0.00019999999999988915,0.5
KHT-XE5S,2025-08-12 00:20:00,9.2337,10.195,KHT-XE5S_2025_0526_1101,9.999999999994457e-05,0.5
KHT-XE5S,2025-08-12 00:30:00,9.236,10.196,KHT-XE5S_2025_0526_1101,9.999999999994457e-05,0.5
KHT-XE5S,2025-08-12 00:40:00,9.2377,10.196,KHT-XE5S_2025_0526_1101,0.0,0.5
KHT-XE5S,2025-08-12 00:50:00,9.2395,10.195,KHT-XE5S_2025_0526_1101,9.999999999994457e-05,0.5
KHT-XE5S,2025-08-12 01:00:00,9.2402,10.196,KHT-XE5S_2025_0526_1101,9.999999999994457e-05,0.5
KHT-XE5S,2025-08-12 01:10:00,9.2414,10.197,KHT-XE5S_2025_0526_1101,9.999999999994457e-05,0.5
KHT-XE5S,2025-08-12 01:20:00,9.2432,10.196,KHT-XE5S_2025_0526_1101,9.999999999994457e-05,0.5
KHT-XE5S,2025-08-12 01:30:00,9.2446,10.197,KHT-XE5S_2025_0526_1101,9.999999999994457e-05,0.5
KHT-XE5S,2025-08-12 01:40:00,9.2462,10.194,KHT-XE5S_2025_0526_1101,0.0002999999999998337,0.5
KHT-XE5S,2025-08-12 01:50:00,9.2473,10.198,KHT-XE5S_2025_0526_1101,0.00039999999999995595,0.5
KHT-XE5S,2025-08-12 02:00:00,9.248,10.197,KHT-XE5S_2025_0526_1101,0.00010000000000012221,0.5
KHT-XE5S,2025-08-12 02:10:00,9.2491,10.198,KHT-XE5S_2025_0526_1101,0.00010000000000012221,0.5
KHT-XE5S,2025-08-12 02:20:00,9.2495,10.197,KHT-XE5S_2025_0526_1101,0.00010000000000012221,0.5
KHT-XE5S,2025-08-12 02:30:00,9.2505,10.198,KHT-XE5S_2025_0526_1101,0.00010000000000012221,0.5
KHT-XE5S,2025-08-12 02:40:00,9.2522,10.198,KHT-XE5S_2025_0526_1101,0.0,0.5
KHT-XE5S,2025-08-12 02:50:00,9.2531,10.198,KHT-XE5S_2025_0526_1101,0.0,0.5
KHT-XE5S,2025-08-12 03:00:00,9.2543,10.199,KHT-XE5S_2025_0526_1101,9.999999999994457e-05,0.5
KHT-XE5S,2025-08-12 03:10:00,9.2557,10.198,KHT-XE5S_2025_0526_1101,9.999999999994457e-05,0.5
KHT-XE5S,2025-08-12 03:20:00,9.2568,10.199,KHT-XE5S_2025_0526_1101,9.999999999994457e-05,0.5
KHT-XE5S,2025-08-12 03:30:00,9.2577,10.197,KHT-XE5S_2025_0526_1101,0.0002000000000000668,0.5
KHT-XE5S,2025-08-12 03:40:00,9.2591,10.198,KHT-XE5S_2025_0526_1101,0.00010000000000012221,0.5
KHT-XE5S,2025-08-12 03:50:00,9.2602,10.199,KHT-XE5S_2025_0526_1101,9.999999999994457e-05,0.5
KHT-XE5S,2025-08-12 04:00:00,9.2614,10.199,KHT-XE5S_2025_0526_1101,0.0,0.5
KHT-XE5S,2025-08-12 04:10:00,9.2629,10.2,KHT-XE5S_2025_0526_1101,9.999999999994457e-05,0.5
KHT-XE5S,2025-08-12 04:20:00,9.2639,10.201,KHT-XE5S_2025_0526_1101,0.00010000000000012221,0.5
KHT-XE5S,2025-08-12 04:30:00,9.2653,10.2,KHT-XE5S_2025_0526_1101,0.00010000000000012221,0.5
KHT-XE5S,2025-08-12 04:40:00,9.2663,10.2,KHT-XE5S_2025_0526_1101,0.0,0.5
KHT-XE5S,2025-08-12 04:50:00,9.2682,10.2,KHT-XE5S_2025_0526_1101,0.0,0.5
KHT-XE5S,2025-08-12 05:00:00,9.2689,10.201,KHT-XE5S_2025_0526_1101,0.00010000000000012221,0.5
KHT-XE5S,2025-08-12 05:10:00,9.2697,10.201,KHT-XE5S_2025_0526_1101,0.0,0.5
KHT-XE5S,2025-08-12 05:20:00,9.2708,10.201,KHT-XE5S_2025_0526_1101,0.0,0.5
KHT-XE5S,2025-08-12 05:30:00,9.2717,10.199,KHT-XE5S_2025_0526_1101,0.0002000000000000668,0.5
KHT-XE5S,2025-08-12 05:40:00,9.2738,10.201,KHT-XE5S_2025_0526_1101,0.0002000000000000668,0.5
KHT-XE5S,2025-08-12 05:50:00,9.2753,10.2,KHT-XE5S_2025_0526_1101,0.00010000000000012221,0.5
KHT-XE5S,2025-08-12 06:00:00,9.2762,10.201,KHT-XE5S_2025_0526_1101,0.00010000000000012221,0.5
KHT-XE5S,2025-08-12 06:10:00,9.2776,10.202,KHT-XE5S_2025_0526_1101,9.999999999994457e-05,0.5
KHT-XE5S,2025-08-12 06:20:00,9.2786,10.202,KHT-XE5S_2025_0526_1101,0.0,0.5
KHT-XE5S,2025-08-12 06:30:00,9.2794,10.203,KHT-XE5S_2025_0526_1101,9.999999999994457e-05,0.5
KHT-XE5S,2025-08-12 06:40:00,9.2809,10.202,KHT-XE5S_2025_0526_1101,9.999999999994457e-05,0.5
KHT-XE5S,2025-08-12 06:50:00,9.2823,10.203,KHT-XE5S_2025_0526_1101,9.999999999994457e-05,0.5
KHT-XE5S,2025-08-12 07:00:00,9.2837,10.202,KHT-XE5S_2025_0526_1101,9.999999999994457e-05,0.5
KHT-XE5S,2025-08-12 07:10:00,9.285,10.202,KHT-XE5S_2025_0526_1101,0.0,0.5
KHT-XE5S,2025-08-12 07:20:00,9.2855,10.204,KHT-XE5S_2025_0526_1101,0.0002000000000000668,0.5
KHT-XE5S,2025-08-12 07:30:00,9.2864,10.202,KHT-XE5S_2025_0526_1101,0.0002000000000000668,0.5
KHT-XE5S,2025-08-12 07:40:00,9.2872,10.202,KHT-XE5S_2025_0526_1101,0.0,0.5
KHT-XE5S,2025-08-12 07:50:00,9.2878,10.202,KHT-XE5S_2025_0526_1101,0.0,0.5
KHT-XE5S,2025-08-12 08:00:00,9.2887,10.204,KHT-XE5S_2025_0526_1101,0.0002000000000000668,0.5
KHT-XE5S,2025-08-12 08:10:00,9.2897,10.205,KHT-XE5S_2025_0526_1101,9.999999999994457e-05,0.5
KHT-XE5S,2025-08-12 08:20:00,9.2898,10.204,KHT-XE5S_2025_0526_1101,9.999999999994457e-05,0.5
KHT-XE5S,2025-08-12 08:30:00,9.29,10.204,KHT-XE5S_2025_0526_1101,0.0,0.5
KHT-XE5S,2025-08-12 08:40:00,9.2892,10.204,KHT-XE5S_2025_0526_1101,0.0,0.5
KHT-XE5S,2025-08-12 08:50:00,9.2888,10.205,KHT-XE5S_2025_0526_1101,9.999999999994457e-05,0.5
KHT-XE5S,2025-08-12 09:00:00,9.2868,10.207,KHT-XE5S_2025_0526_1101,0.0002000000000000668,0.5
KHT-XE5S,2025-08-12 09:10:00,9.2846,10.207,KHT-XE5S_2025_0526_1101,0.0,0.5
KHT-XE5S,2025-08-12 09:20:00,9.2824,10.209,KHT-XE5S_2025_0526_1101,0.00019999999999988915,0.5
KHT-XE5S,2025-08-12 09:30:00,9.2806,10.207,KHT-XE5S_2025_0526_1101,0.00019999999999988915,0.5
KHT-XE5S,2025-08-12 09:40:00,9.2781,10.208,KHT-XE5S_2025_0526_1101,9.999999999994457e-05,0.5
KHT-XE5S,2025-08-12 09:50:00,9.275,10.21,KHT-XE5S_2025_0526_1101,0.0002000000000000668,0.5
KHT-XE5S,2025-08-12 10:00:00,9.2719,10.209,KHT-XE5S_2025_0526_1101,0.00010000000000012221,0.5
KHT-XE5S,2025-08-12 10:10:00,9.2686,10.21,KHT-XE5S_2025_0526_1101,0.00010000000000012221,0.5
KHT-XE5S,2025-08-12 10:20:00,9.265,10.209,KHT-XE5S_2025_0526_1101,0.00010000000000012221,0.5
KHT-XE5S,2025-08-12 10:30:00,9.2612,10.21,KHT-XE5S_2025_0526_1101,0.00010000000000012221,0.5
KHT-XE5S,2025-08-12 10:40:00,9.257,10.211,KHT-XE5S_2025_0526_1101,9.999999999994457e-05,0.5
KHT-XE5S,2025-08-12 10:50:00,9.2522,10.212,KHT-XE5S_2025_0526_1101,9.999999999994457e-05,0.5
KHT-XE5S,2025-08-12 11:00:00,9.2474,10.211,KHT-XE5S_2025_0526_1101,9.999999999994457e-05,0.5
KHT-XE5S,2025-08-12 11:10:00,9.2425,10.211,KHT-XE5S_2025_0526_1101,0.0,0.5
KHT-XE5S,2025-08-12 11:20:00,9.2383,10.213,KHT-XE5S_2025_0526_1101,0.00019999999999988915,0.5
KHT-XE5S,2025-08-12 11:30:00,9.2332,10.212,KHT-XE5S_2025_0526_1101,9.999999999994457e-05,0.5
KHT-XE5S,2025-08-12 11:40:00,9.2274,10.21,KHT-XE5S_2025_0526_1101,0.00019999999999988915,0.5
KHT-XE5S,2025-08-12 11:50:00,9.2224,10.213,KHT-XE5S_2025_0526_1101,0.0002999999999998337,0.5
KHT-XE5S,2025-08-12 12:00:00,9.2171,10.215,KHT-XE5S_2025_0526_1101,0.0002000000000000668,0.5
KHT-XE5S,2025-08-12 12:10:00,9.2113,10.215,KHT-XE5S_2025_0526_1101,0.0,0.5
KHT-XE5S,2025-08-12 12:20:00,9.2064,10.214,KHT-XE5S_2025_0526_1101,9.999999999994457e-05,0.5
KHT-XE5S,2025-08-12 12:30:00,9.201,10.214,KHT-XE5S_2025_0526_1101,0.0,0.5
KHT-XE5S,2025-08-12 12:40:00,9.1963,10.216,KHT-XE5S_2025_0526_1101,0.00019999999999988915,0.5
KHT-XE5S,2025-08-12 12:50:00,9.1901,10.215,KHT-XE5S_2025_0526_1101,9.999999999994457e-05,0.5
KHT-XE5S,2025-08-12 13:00:00,9.1848,10.215,KHT-XE5S_2025_0526_1101,0.0,0.5
KHT-XE5S,2025-08-12 13:10:00,9.1796,10.216,KHT-XE5S_2025_0526_1101,9.999999999994457e-05,0.5
KHT-XE5S,2025-08-12 13:20:00,9.1748,10.215,KHT-XE5S_2025_0526_1101,9.999999999994457e-05,0.5
KHT-XE5S,2025-08-12 13:30:00,9.1705,10.218,KHT-XE5S_2025_0526_1101,0.00030000000000001136,0.5
KHT-XE5S,2025-08-12 13:40:00,9.165,10.218,KHT-XE5S_2025_0526_1101,0.0,0.5
KHT-XE5S,2025-08-12 13:50:00,9.1599,10.218,KHT-XE5S_2025_0526_1101,0.0,0.5
KHT-XE5S,2025-08-12 14:00:00,9.1564,10.216,KHT-XE5S_2025_0526_1101,0.0002000000000000668,0.5
KHT-XE5S,2025-08-12 14:10:00,9.1508,10.218,KHT-XE5S_2025_0526_1101,0.0002000000000000668,0.5
KHT-XE5S,2025-08-12 14:20:00,9.146,10.22,KHT-XE5S_2025_0526_1101,0.0002000000000000668,0.5
KHT-XE5S,2025-08-12 14:30:00,9.1429,10.22,KHT-XE5S_2025_0526_1101,0.0,0.5
KHT-XE5S,2025-08-12 14:40:00,9.139,10.22,KHT-XE5S_2025_0526_1101,0.0,0.5
KHT-XE5S,2025-08-12 14:50:00,9.1345,10.219,KHT-XE5S_2025_0526_1101,0.00010000000000012221,0.5
KHT-XE5S,2025-08-12 15:00:00,9.1309,10.218,KHT-XE5S_2025_0526_1101,9.999999999994457e-05,0.5
KHT-XE5S,2025-08-12 15:10:00,9.1269,10.219,KHT-XE5S_2025_0526_1101,9.999999999994457e-05,0.5
KHT-XE5S,2025-08-12 15:20:00,9.1228,10.221,KHT-XE5S_2025_0526_1101,0.0002000000000000668,0.5
KHT-XE5S,2025-08-12 15:30:00,9.1197,10.22,KHT-XE5S_2025_0526_1101,9.999999999994457e-05,0.5
KHT-XE5S,2025-08-12 15:40:00,9.1173,10.218,KHT-XE5S_2025_0526_1101,0.0002000000000000668,0.5
KHT-XE5S,2025-08-12 15:50:00,9.1158,10.218,KHT-XE5S_2025_0526_1101,0.0,0.5
KHT-XE5S,2025-08-12 16:00:00,9.1144,10.219,KHT-XE5S_2025_0526_1101,9.999999999994457e-05,0.5
KHT-XE5S,2025-08-12 16:10:00,9.1127,10.22,KHT-XE5S_2025_0526_1101,0.00010000000000012221,0.5
KHT-XE5S,2025-08-12 16:20:00,9.1117,10.219,KHT-XE5S_2025_0526_1101,0.00010000000000012221,0.5
KHT-XE5S,2025-08-12 16:30:00,9.1108,10.22,KHT-XE5S_2025_0526_1101,0.00010000000000012221,0.5
KHT-XE5S,2025-08-12 16:40:00,9.1095,10.22,KHT-XE5S_2025_0526_1101,0.0,0.5
KHT-XE5S,2025-08-12 16:50:00,9.1085,10.22,KHT-XE5S_2025_0526_1101,0.0,0.5
KHT-XE5S,2025-08-12 17:00:00,9.1083,10.222,KHT-XE5S_2025_0526_1101,0.00019999999999988915,0.5
KHT-XE5S,2025-08-12 17:10:00,9.1085,10.22,KHT-XE5S_2025_0526_1101,0.00019999999999988915,0.5
KHT-XE5S,2025-08-12 17:20:00,9.109,10.221,KHT-XE5S_2025_0526_1101,9.999999999994457e-05,0.5
KHT-XE5S,2025-08-12 17:30:00,9.109,10.22,KHT-XE5S_2025_0526_1101,9.999999999994457e-05,0.5
KHT-XE5S,2025-08-12 17:40:00,9.1092,10.22,KHT-XE5S_2025_0526_1101,0.0,0.5
KHT-XE5S,2025-08-12 17:50:00,9.1104,10.221,KHT-XE5S_2025_0526_1101,9.999999999994457e-05,0.5
KHT-XE5S,2025-08-12 18:00:00,9.111,10.219,KHT-XE5S_2025_0526_1101,0.0002000000000000668,0.5
KHT-XE5S,2025-08-12 18:10:00,9.113,10.219,KHT-XE5S_2025_0526_1101,0.0,0.5
KHT-XE5S,2025-08-12 18:20:00,9.1147,10.222,KHT-XE5S_2025_0526_1101,0.00030000000000001136,0.5
KHT-XE5S,2025-08-12 18:30:00,9.1156,10.219,KHT-XE5S_2025_0526_1101,0.00030000000000001136,0.5
KHT-XE5S,2025-08-12 18:40:00,9.1178,10.219,KHT-XE5S_2025_0526_1101,0.0,0.5
KHT-XE5S,2025-08-12 18:50:00,9.1195,10.22,KHT-XE5S_2025_0526_1101,0.00010000000000012221,0.5
KHT-XE5S,2025-08-12 19:00:00,9.1216,10.22,KHT-XE5S_2025_0526_1101,0.0,0.5
KHT-XE5S,2025-08-12 19:10:00,9.1228,10.219,KHT-XE5S_2025_0526_1101,0.00010000000000012221,0.5
KHT-XE5S,2025-08-12 19:20:00,9.1251,10.221,KHT-XE5S_2025_0526_1101,0.0002000000000000668,0.5
KHT-XE5S,2025-08-12 19:30:00,9.1277,10.221,KHT-XE5S_2025_0526_1101,0.0,0.5
KHT-XE5S,2025-08-12 19:40:00,9.1305,10.219,KHT-XE5S_2025_0526_1101,0.0002000000000000668,0.5
KHT-XE5S,2025-08-12 19:50:00,9.135,10.22,KHT-XE5S_2025_0526_1101,0.00010000000000012221,0.5
KHT-XE5S,2025-08-12 20:00:00,9.1396,10.219,KHT-XE5S_2025_0526_1101,0.00010000000000012221,0.5
KHT-XE5S,2025-08-12 20:10:00,9.1439,10.219,KHT-XE5S_2025_0526_1101,0.0,0.5
KHT-XE5S,2025-08-12 20:20:00,9.1482,10.219,KHT-XE5S_2025_0526_1101,0.0,0.5
KHT-XE5S,2025-08-12 20:30:00,9.153,10.218,KHT-XE5S_2025_0526_1101,9.999999999994457e-05,0.5
KHT-XE5S,2025-08-12 20:40:00,9.157,10.22,KHT-XE5S_2025_0526_1101,0.0002000000000000668,0.5
KHT-XE5S,2025-08-12 20:50:00,9.1612,10.218,KHT-XE5S_2025_0526_1101,0.0002000000000000668,0.5
KHT-XE5S,2025-08-12 21:00:00,9.1656,10.22,KHT-XE5S_2025_0526_1101,0.0002000000000000668,0.5
KHT-XE5S,2025-08-12 21:10:00,9.1695,10.219,KHT-XE5S_2025_0526_1101,0.00010000000000012221,0.5
KHT-XE5S,2025-08-12 21:20:00,9.1735,10.22,KHT-XE5S_2025_0526_1101,0.00010000000000012221,0.5
KHT-XE5S,2025-08-12 21:30:00,9.1764,10.219,KHT-XE5S_2025_0526_1101,0.00010000000000012221,0.5
KHT-XE5S,2025-08-12 21:40:00,9.1801,10.22,KHT-XE5S_2025_0526_1101,0.00010000000000012221,0.5
KHT-XE5S,2025-08-12 21:50:00,9.1832,10.219,KHT-XE5S_2025_0526_1101,0.00010000000000012221,0.5
KHT-XE5S,2025-08-12 22:00:00,9.1854,10.22,KHT-XE5S_2025_0526_1101,0.00010000000000012221,0.5
KHT-XE5S,2025-08-12 22:10:00,9.1881,10.22,KHT-XE5S_2025_0526_1101,0.0,0.5
KHT-XE5S,2025-08-12 22:20:00,9.19,10.221,KHT-XE5S_2025_0526_1101,9.999999999994457e-05,0.5
KHT-XE5S,2025-08-12 22:30:00,9.1919,10.22,KHT-XE5S_2025_0526_1101,9.999999999994457e-05,0.5
KHT-XE5S,2025-08-12 22:40:00,9.1942,10.221,KHT-XE5S_2025_0526_1101,9.999999999994457e-05,0.5
KHT-XE5S,2025-08-12 22:50:00,9.1962,10.221,KHT-XE5S_2025_0526_1101,0.0,0.5
KHT-XE5S,2025-08-12 23:00:00,9.1988,10.221,KHT-XE5S_2025_0526_1101,0.0,0.5
KHT-XE5S,2025-08-12 23:10:00,9.2009,10.221,KHT-XE5S_2025_0526_1101,0.0,0.5
KHT-XE5S,2025-08-12 23:20:00,9.2029,10.221,KHT-XE5S_2025_0526_1101,0.0,0.5
KHT-XE5S,2025-08-12 23:30:00,9.2053,10.221,KHT-XE5S_2025_0526_1101,0.0,0.5
KHT-XE5S,2025-08-12 23:40:00,9.2074,10.222,KHT-XE5S_2025_0526_1101,9.999999999994457e-05,0.5
KHT-XE5S,2025-08-12 23:50:00,9.2086,10.221,KHT-XE5S_2025_0526_1101,9.999999999994457e-05,0.5
KHT-XE5S,2025-08-13 00:00:00,9.2104,10.223,KHT-XE5S_2025_0526_1101,0.0002000000000000668,0.5
KHT-XE5S,2025-08-13 00:10:00,9.213,10.223,KHT-XE5S_2025_0526_1101,0.0,0.5
KHT-XE5S,2025-08-13 00:20:00,9.2153,10.222,KHT-XE5S_2025_0526_1101,0.00010000000000012221,0.5
KHT-XE5S,2025-08-13 00:30:00,9.2168,10.222,KHT-XE5S_2025_0526_1101,0.0,0.5
KHT-XE5S,2025-08-13 00:40:00,9.219,10.224,KHT-XE5S_2025_0526_1101,0.0002000000000000668,0.5
KHT-XE5S,2025-08-13 00:50:00,9.221,10.224,KHT-XE5S_2025_0526_1101,0.0,0.5
KHT-XE5S,2025-08-13 01:00:00,9.2227,10.226,KHT-XE5S_2025_0526_1101,0.0002000000000000668,0.5
KHT-XE5S,2025-08-13 01:10:00,9.2242,10.223,KHT-XE5S_2025_0526_1101,0.00030000000000001136,0.5
KHT-XE5S,2025-08-13 01:20:00,9.2259,10.224,KHT-XE5S_2025_0526_1101,9.999999999994457e-05,0.5
KHT-XE5S,2025-08-13 01:30:00,9.2273,10.224,KHT-XE5S_2025_0526_1101,0.0,0.5
KHT-XE5S,2025-08-13 01:40:00,9.2283,10.227,KHT-XE5S_2025_0526_1101,0.00030000000000001136,0.5
KHT-XE5S,2025-08-13 01:50:00,9.2291,10.226,KHT-XE5S_2025_0526_1101,9.999999999994457e-05,0.5
KHT-XE5S,2025-08-13 02:00:00,9.2306,10.226,KHT-XE5S_2025_0526_1101,0.0,0.5
KHT-XE5S,2025-08-13 02:10:00,9.2315,10.226,KHT-XE5S_2025_0526_1101,0.0,0.5
KHT-XE5S,2025-08-13 02:20:00,9.2332,10.224,KHT-XE5S_2025_0526_1101,0.0002000000000000668,0.5
KHT-XE5S,2025-08-13 02:30:00,9.2348,10.226,KHT-XE5S_2025_0526_1101,0.0002000000000000668,0.5
KHT-XE5S,2025-08-13 02:40:00,9.2368,10.227,KHT-XE5S_2025_0526_1101,9.999999999994457e-05,0.5
KHT-XE5S,2025-08-13 02:50:00,9.2389,10.227,KHT-XE5S_2025_0526_1101,0.0,0.5
KHT-XE5S,2025-08-13 03:00:00,9.241,10.225,KHT-XE5S_2025_0526_1101,0.0002000000000000668,0.5
KHT-XE5S,2025-08-13 03:10:00,9.2424,10.224,KHT-XE5S_2025_0526_1101,9.999999999994457e-05,0.5
KHT-XE5S,2025-08-13 03:20:00,9.2436,10.226,KHT-XE5S_2025_0526_1101,0.0002000000000000668,0.5
KHT-XE5S,2025-08-13 03:30:00,9.2442,10.225,KHT-XE5S_2025_0526_1101,0.00010000000000012221,0.5
KHT-XE5S,2025-08-13 03:40:00,9.2451,10.227,KHT-XE5S_2025_0526_1101,0.0002000000000000668,0.5
KHT-XE5S,2025-08-13 03:50:00,9.247,10.227,KHT-XE5S_2025_0526_1101,0.0,0.5
KHT-XE5S,2025-08-13 04:00:00,9.2478,10.228,KHT-XE5S_2025_0526_1101,9.999999999994457e-05,0.5
KHT-XE5S,2025-08-13 04:10:00,9.2493,10.227,KHT-XE5S_2025_0526_1101,9.999999999994457e-05,0.5
KHT-XE5S,2025-08-13 04:20:00,9.2501,10.228,KHT-XE5S_2025_0526_1101,9.999999999994457e-05,0.5
KHT-XE5S,2025-08-13 04:30:00,9.2514,10.228,KHT-XE5S_2025_0526_1101,0.0,0.5
KHT-XE5S,2025-08-13 04:40:00,9.2532,10.228,KHT-XE5S_2025_0526_1101,0.0,0.5
KHT-XE5S,2025-08-13 04:50:00,9.2542,10.227,KHT-XE5S_2025_0526_1101,9.999999999994457e-05,0.5
KHT-XE5S,2025-08-13 05:00:00,9.255,10.227,KHT-XE5S_2025_0526_1101,0.0,0.5
KHT-XE5S,2025-08-13 05:10:00,9.2566,10.231,KHT-XE5S_2025_0526_1101,0.00039999999999995595,0.5
KHT-XE5S,2025-08-13 05:20:00,9.2579,10.229,KHT-XE5S_2025_0526_1101,0.0002000000000000668,0.5
KHT-XE5S,2025-08-13 05:30:00,9.2595,10.229,KHT-XE5S_2025_0526_1101,0.0,0.5
KHT-XE5S,2025-08-13 05:40:00,9.2611,10.23,KHT-XE5S_2025_0526_1101,0.00010000000000012221,0.5
KHT-XE5S,2025-08-13 05:50:00,9.2625,10.231,KHT-XE5S_2025_0526_1101,9.999999999994457e-05,0.5
KHT-XE5S,2025-08-13 06:00:00,9.2639,10.23,KHT-XE5S_2025_0526_1101,9.999999999994457e-05,0.5
KHT-XE5S,2025-08-13 06:10:00,9.2653,10.23,KHT-XE5S_2025_0526_1101,0.0,0.5
KHT-XE5S,2025-08-13 06:20:00,9.267,10.229,KHT-XE5S_2025_0526_1101,0.00010000000000012221,0.5
KHT-XE5S,2025-08-13 06:30:00,9.2686,10.23,KHT-XE5S_2025_0526_1101,0.00010000000000012221,0.5
KHT-XE5S,2025-08-13 06:40:00,9.2697,10.231,KHT-XE5S_2025_0526_1101,9.999999999994457e-05,0.5
KHT-XE5S,2025-08-13 06:50:00,9.2713,10.231,KHT-XE5S_2025_0526_1101,0.0,0.5
KHT-XE5S,2025-08-13 07:00:00,9.2724,10.23,KHT-XE5S_2025_0526_1101,9.999999999994457e-05,0.5
KHT-XE5S,2025-08-13 07:10:00,9.2729,10.231,KHT-XE5S_2025_0526_1101,9.999999999994457e-05,0.5
KHT-XE5S,2025-08-13 07:20:00,9.2747,10.23,KHT-XE5S_2025_0526_1101,9.999999999994457e-05,0.5
KHT-XE5S,2025-08-13 07:30:00,9.2752,10.234,KHT-XE5S_2025_0526_1101,0.00039999999999995595,0.5
KHT-XE5S,2025-08-13 07:40:00,9.2769,10.233,KHT-XE5S_2025_0526_1101,9.999999999994457e-05,0.5
KHT-XE5S,2025-08-13 07:50:00,9.2775,10.232,KHT-XE5S_2025_0526_1101,0.00010000000000012221,0.5
KHT-XE5S,2025-08-13 08:00:00,9.2784,10.233,KHT-XE5S_2025_0526_1101,0.00010000000000012221,0.5
KHT-XE5S,2025-08-13 08:10:00,9.2793,10.233,KHT-XE5S_2025_0526_1101,0.0,0.5
KHT-XE5S,2025-08-13 08:20:00,9.2793,10.232,KHT-XE5S_2025_0526_1101,0.00010000000000012221,0.5
KHT-XE5S,2025-08-13 08:30:00,9.2784,10.233,KHT-XE5S_2025_0526_1101,0.00010000000000012221,0.5
KHT-XE5S,2025-08-13 08:40:00,9.2778,10.234,KHT-XE5S_2025_0526_1101,9.999999999994457e-05,0.5
KHT-XE5S,2025-08-13 08:50:00,9.2757,10.234,KHT-XE5S_2025_0526_1101,0.0,0.5
KHT-XE5S,2025-08-13 09:00:00,9.2727,10.236,KHT-XE5S_2025_0526_1101,0.0002000000000000668,0.5
KHT-XE5S,2025-08-13 09:10:00,9.2703,10.236,KHT-XE5S_2025_0526_1101,0.0,0.5
KHT-XE5S,2025-08-13 09:20:00,9.2676,10.237,KHT-XE5S_2025_0526_1101,9.999999999994457e-05,0.5
KHT-XE5S,2025-08-13 09:30:00,9.2645,10.237,KHT-XE5S_2025_0526_1101,0.0,0.5
KHT-XE5S,2025-08-13 09:40:00,9.261,10.237,KHT-XE5S_2025_0526_1101,0.0,0.5
KHT-XE5S,2025-08-13 09:50:00,9.2575,10.237,KHT-XE5S_2025_0526_1101,0.0,0.5
KHT-XE5S,2025-08-13 10:00:00,9.2542,10.239,KHT-XE5S_2025_0526_1101,0.0002000000000000668,0.5
KHT-XE5S,2025-08-13 10:10:00,9.2499,10.238,KHT-XE5S_2025_0526_1101,0.00010000000000012221,0.5
KHT-XE5S,2025-08-13 10:20:00,9.2465,10.237,KHT-XE5S_2025_0526_1101,9.999999999994457e-05,0.5
KHT-XE5S,2025-08-13 10:30:00,9.2418,10.24,KHT-XE5S_2025_0526_1101,0.00030000000000001136,0.5
KHT-XE5S,2025-08-13 10:40:00,9.238,10.241,KHT-XE5S_2025_0526_1101,9.999999999994457e-05,0.5
KHT-XE5S,2025-08-13 10:50:00,9.2339,10.241,KHT-XE5S_2025_0526_1101,0.0,0.5
KHT-XE5S,2025-08-13 11:00:00,9.2294,10.24,KHT-XE5S_2025_0526_1101,9.999999999994457e-05,0.5
KHT-XE5S,2025-08-13 11:10:00,9.2257,10.239,KHT-XE5S_2025_0526_1101,9.999999999994457e-05,0.5
KHT-XE5S,2025-08-13 11:20:00,9.2208,10.242,KHT-XE5S_2025_0526_1101,0.00030000000000001136,0.5
KHT-XE5S,2025-08-13 11:30:00,9.2161,10.241,KHT-XE5S_2025_0526_1101,0.00010000000000012221,0.5
KHT-XE5S,2025-08-13 11:40:00,9.2117,10.24,KHT-XE5S_2025_0526_1101,9.999999999994457e-05,0.5
KHT-XE5S,2025-08-13 11:50:00,9.2065,10.243,KHT-XE5S_2025_0526_1101,0.00030000000000001136,0.5
KHT-XE5S,2025-08-13 12:00:00,9.2009,10.242,KHT-XE5S_2025_0526_1101,9.999999999994457e-05,0.5
KHT-XE5S,2025-08-13 12:10:00,9.1958,10.243,KHT-XE5S_2025_0526_1101,9.999999999994457e-05,0.5
KHT-XE5S,2025-08-13 12:20:00,9.1904,10.241,KHT-XE5S_2025_0526_1101,0.0002000000000000668,0.5
KHT-XE5S,2025-08-13 12:30:00,9.186,10.244,KHT-XE5S_2025_0526_1101,0.00030000000000001136,0.5
KHT-XE5S,2025-08-13 12:40:00,9.1809,10.243,KHT-XE5S_2025_0526_1101,9.999999999994457e-05,0.5
KHT-XE5S,2025-08-13 12:50:00,9.1777,10.245,KHT-XE5S_2025_0526_1101,0.00019999999999988915,0.5
KHT-XE5S,2025-08-13 13:00:00,9.1718,10.243,KHT-XE5S_2025_0526_1101,0.00019999999999988915,0.5
KHT-XE5S,2025-08-13 13:10:00,9.1673,10.243,KHT-XE5S_2025_0526_1101,0.0,0.5
KHT-XE5S,2025-08-13 13:20:00,9.1621,10.243,KHT-XE5S_2025_0526_1101,0.0,0.5
KHT-XE5S,2025-08-13 13:30:00,9.1567,10.245,KHT-XE5S_2025_0526_1101,0.00019999999999988915,0.5
KHT-XE5S,2025-08-13 13:40:00,9.1519,10.245,KHT-XE5S_2025_0526_1101,0.0,0.5
KHT-XE5S,2025-08-13 13:50:00,9.1477,10.244,KHT-XE5S_2025_0526_1101,9.999999999994457e-05,0.5
KHT-XE5S,2025-08-13 14:00:00,9.1435,10.245,KHT-XE5S_2025_0526_1101,9.999999999994457e-05,0.5
KHT-XE5S,2025-08-13 14:10:00,9.1385,10.246,KHT-XE5S_2025_0526_1101,0.00010000000000012221,0.5
KHT-XE5S,2025-08-13 14:20:00,9.1331,10.247,KHT-XE5S_2025_0526_1101,9.999999999994457e-05,0.5
KHT-XE5S,2025-08-13 14:30:00,9.1289,10.246,KHT-XE5S_2025_0526_1101,9.999999999994457e-05,0.5
KHT-XE5S,2025-08-13 14:40:00,9.1261,10.249,KHT-XE5S_2025_0526_1101,0.00030000000000001136,0.5
KHT-XE5S,2025-08-13 14:50:00,9.1217,10.247,KHT-XE5S_2025_0526_1101,0.0002000000000000668,0.5
KHT-XE5S,2025-08-13 15:00:00,9.1197,10.248,KHT-XE5S_2025_0526_1101,9.999999999994457e-05,0.5
KHT-XE5S,2025-08-13 15:10:00,9.117,10.246,KHT-XE5S_2025_0526_1101,0.00019999999999988915,0.5
KHT-XE5S,2025-08-13 15:20:00,9.115,10.245,KHT-XE5S_2025_0526_1101,0.00010000000000012221,0.5
KHT-XE5S,2025-08-13 15:30:00,9.1131,10.246,KHT-XE5S_2025_0526_1101,0.00010000000000012221,0.5
KHT-XE5S,2025-08-13 15:40:00,9.1111,10.246,KHT-XE5S_2025_0526_1101,0.0,0.5
KHT-XE5S,2025-08-13 15:50:00,9.1095,10.244,KHT-XE5S_2025_0526_1101,0.0002000000000000668,0.5
KHT-XE5S,2025-08-13 16:00:00,9.1092,10.246,KHT-XE5S_2025_0526_1101,0.0002000000000000668,0.5
KHT-XE5S,2025-08-13 16:10:00,9.1065,10.245,KHT-XE5S_2025_0526_1101,0.00010000000000012221,0.5
KHT-XE5S,2025-08-13 16:20:00,9.1048,10.244,KHT-XE5S_2025_0526_1101,9.999999999994457e-05,0.5
KHT-XE5S,2025-08-13 16:30:00,9.1016,10.247,KHT-XE5S_2025_0526_1101,0.00030000000000001136,0.5
KHT-XE5S,2025-08-13 16:40:00,9.1012,10.248,KHT-XE5S_2025_0526_1101,9.999999999994457e-05,0.5
KHT-XE5S,2025-08-13 16:50:00,9.1011,10.247,KHT-XE5S_2025_0526_1101,9.999999999994457e-05,0.5
KHT-XE5S,2025-08-13 17:00:00,9.0985,10.249,KHT-XE5S_2025_0526_1101,0.0002000000000000668,0.5
KHT-XE5S,2025-08-13 17:10:00,9.0965,10.248,KHT-XE5S_2025_0526_1101,0.00010000000000012221,0.5
KHT-XE5S,2025-08-13 17:20:00,9.0962,10.248,KHT-XE5S_2025_0526_1101,0.0,0.5
KHT-XE5S,2025-08-13 17:30:00,9.0961,10.247,KHT-XE5S_2025_0526_1101,9.999999999994457e-05,0.5
KHT-XE5S,2025-08-13 17:40:00,9.0951,10.248,KHT-XE5S_2025_0526_1101,9.999999999994457e-05,0.5
KHT-XE5S,2025-08-13 17:50:00,9.0944,10.248,KHT-XE5S_2025_0526_1101,0.0,0.5
KHT-XE5S,2025-08-13 18:00:00,9.0952,10.248,KHT-XE5S_2025_0526_1101,0.0,0.5
KHT-XE5S,2025-08-13 18:10:00,9.0966,10.246,KHT-XE5S_2025_0526_1101,0.00019999999999988915,0.5
KHT-XE5S,2025-08-13 18:20:00,9.0995,10.246,KHT-XE5S_2025_0526_1101,0.0,0.5
KHT-XE5S,2025-08-13 18:30:00,9.1013,10.248,KHT-XE5S_2025_0526_1101,0.00019999999999988915,0.5
KHT-XE5S,2025-08-13 18:40:00,9.1025,10.248,KHT-XE5S_2025_0526_1101,0.0,0.5
KHT-XE5S,2025-08-13 18:50:00,9.1041,10.249,KHT-XE5S_2025_0526_1101,0.00010000000000012221,0.5
KHT-XE5S,2025-08-13 19:00:00,9.1075,10.247,KHT-XE5S_2025_0526_1101,0.0002000000000000668,0.5
KHT-XE5S,2025-08-13 19:10:00,9.1098,10.247,KHT-XE5S_2025_0526_1101,0.0,0.5
KHT-XE5S,2025-08-13 19:20:00,9.1124,10.248,KHT-XE5S_2025_0526_1101,9.999999999994457e-05,0.5
KHT-XE5S,2025-08-13 19:30:00,9.1151,10.247,KHT-XE5S_2025_0526_1101,9.999999999994457e-05,0.5
KHT-XE5S,2025-08-13 19:40:00,9.1185,10.249,KHT-XE5S_2025_0526_1101,0.0002000000000000668,0.5
KHT-XE5S,2025-08-13 19:50:00,9.1222,10.246,KHT-XE5S_2025_0526_1101,0.00030000000000001136,0.5
KHT-XE5S,2025-08-13 20:00:00,9.1257,10.246,KHT-XE5S_2025_0526_1101,0.0,0.5
KHT-XE5S,2025-08-13 20:10:00,9.1297,10.249,KHT-XE5S_2025_0526_1101,0.00030000000000001136,0.5
KHT-XE5S,2025-08-13 20:20:00,9.1339,10.246,KHT-XE5S_2025_0526_1101,0.00030000000000001136,0.5
KHT-XE5S,2025-08-13 20:30:00,9.1383,10.247,KHT-XE5S_2025_0526_1101,9.999999999994457e-05,0.5
KHT-XE5S,2025-08-13 20:40:00,9.1422,10.248,KHT-XE5S_2025_0526_1101,9.999999999994457e-05,0.5
KHT-XE5S,2025-08-13 20:50:00,9.1463,10.248,KHT-XE5S_2025_0526_1101,0.0,0.5
KHT-XE5S,2025-08-13 21:00:00,9.1501,10.248,KHT-XE5S_2025_0526_1101,0.0,0.5
KHT-XE5S,2025-08-13 21:10:00,9.154,10.248,KHT-XE5S_2025_0526_1101,0.0,0.5
KHT-XE5S,2025-08-13 21:20:00,9.1574,10.249,KHT-XE5S_2025_0526_1101,0.00010000000000012221,0.5
KHT-XE5S,2025-08-13 21:30:00,9.1616,10.249,KHT-XE5S_2025_0526_1101,0.0,0.5
KHT-XE5S,2025-08-13 21:40:00,9.1649,10.248,KHT-XE5S_2025_0526_1101,0.00010000000000012221,0.5
KHT-XE5S,2025-08-13 21:50:00,9.1686,10.251,KHT-XE5S_2025_0526_1101,0.00030000000000001136,0.5
KHT-XE5S,2025-08-13 22:00:00,9.1711,10.248,KHT-XE5S_2025_0526_1101,0.00030000000000001136,0.5
KHT-XE5S,2025-08-13 22:10:00,9.1738,10.249,KHT-XE5S_2025_0526_1101,0.00010000000000012221,0.5
KHT-XE5S,2025-08-13 22:20:00,9.177,10.25,KHT-XE5S_2025_0526_1101,9.999999999994457e-05,0.5
KHT-XE5S,2025-08-13 22:30:00,9.1792,10.25,KHT-XE5S_2025_0526_1101,0.0,0.5
KHT-XE5S,2025-08-13 22:40:00,9.1817,10.252,KHT-XE5S_2025_0526_1101,0.0002000000000000668,0.5
KHT-XE5S,2025-08-13 22:50:00,9.1832,10.249,KHT-XE5S_2025_0526_1101,0.00030000000000001136,0.5
KHT-XE5S,2025-08-13 23:00:00,9.1855,10.251,KHT-XE5S_2025_0526_1101,0.00019999999999988915,0.5
KHT-XE5S,2025-08-13 23:10:00,9.1883,10.25,KHT-XE5S_2025_0526_1101,9.999999999994457e-05,0.5
KHT-XE5S,2025-08-13 23:20:00,9.191,10.254,KHT-XE5S_2025_0526_1101,0.00039999999999995595,0.5
KHT-XE5S,2025-08-13 23:30:00,9.1933,10.251,KHT-XE5S_2025_0526_1101,0.00030000000000001136,0.5
KHT-XE5S,2025-08-13 23:40:00,9.1956,10.252,KHT-XE5S_2025_0526_1101,0.00010000000000012221,0.5
KHT-XE5S,2025-08-13 23:50:00,9.1971,10.252,KHT-XE5S_2025_0526_1101,0.0,0.5
KHT-XE5S,2025-08-14 00:00:00,9.1982,10.254,KHT-XE5S_2025_0526_1101,0.00019999999999988915,0.5
KHT-XE5S,2025-08-14 00:10:00,9.1996,10.253,KHT-XE5S_2025_0526_1101,9.999999999994457e-05,0.5
KHT-XE5S,2025-08-14 00:20:00,9.2018,10.254,KHT-XE5S_2025_0526_1101,9.999999999994457e-05,0.5
KHT-XE5S,2025-08-14 00:30:00,9.2037,10.253,KHT-XE5S_2025_0526_1101,9.999999999994457e-05,0.5
KHT-XE5S,2025-08-14 00:40:00,9.2052,10.254,KHT-XE5S_2025_0526_1101,9.999999999994457e-05,0.5
KHT-XE5S,2025-08-14 00:50:00,9.2063,10.255,KHT-XE5S_2025_0526_1101,0.00010000000000012221,0.5
KHT-XE5S,2025-08-14 01:00:00,9.2091,10.254,KHT-XE5S_2025_0526_1101,0.00010000000000012221,0.5
KHT-XE5S,2025-08-14 01:10:00,9.2104,10.253,KHT-XE5S_2025_0526_1101,9.999999999994457e-05,0.5
KHT-XE5S,2025-08-14 01:20:00,9.2117,10.258,KHT-XE5S_2025_0526_1101,0.0004999999999999005,0.5
KHT-XE5S,2025-08-14 01:30:00,9.2135,10.257,KHT-XE5S_2025_0526_1101,9.999999999994457e-05,0.5
KHT-XE5S,2025-08-14 01:40:00,9.2149,10.257,KHT-XE5S_2025_0526_1101,0.0,0.5
KHT-XE5S,2025-08-14 01:50:00,9.2163,10.256,KHT-XE5S_2025_0526_1101,9.999999999994457e-05,0.5
KHT-XE5S,2025-08-14 02:00:00,9.2188,10.255,KHT-XE5S_2025_0526_1101,9.999999999994457e-05,0.5
KHT-XE5S,2025-08-14 02:10:00,9.2204,10.256,KHT-XE5S_2025_0526_1101,9.999999999994457e-05,0.5
KHT-XE5S,2025-08-14 02:20:00,9.2215,10.257,KHT-XE5S_2025_0526_1101,9.999999999994457e-05,0.5
KHT-XE5S,2025-08-14 02:30:00,9.2228,10.255,KHT-XE5S_2025_0526_1101,0.00019999999999988915,0.5
KHT-XE5S,2025-08-14 02:40:00,9.2245,10.254,KHT-XE5S_2025_0526_1101,0.00010000000000012221,0.5
KHT-XE5S,2025-08-14 02:50:00,9.2261,10.259,KHT-XE5S_2025_0526_1101,0.0005000000000000782,0.5
KHT-XE5S,2025-08-14 03:00:00,9.2274,10.256,KHT-XE5S_2025_0526_1101,0.00030000000000001136,0.5
KHT-XE5S,2025-08-14 03:10:00,9.2286,10.256,KHT-XE5S_2025_0526_1101,0.0,0.5
KHT-XE5S,2025-08-14 03:20:00,9.2298,10.256,KHT-XE5S_2025_0526_1101,0.0,0.5
KHT-XE5S,2025-08-14 03:30:00,9.2311,10.257,KHT-XE5S_2025_0526_1101,9.999999999994457e-05,0.5
KHT-XE5S,2025-08-14 03:40:00,9.2326,10.258,KHT-XE5S_2025_0526_1101,9.999999999994457e-05,0.5
KHT-XE5S,2025-08-14 03:50:00,9.2336,10.259,KHT-XE5S_2025_0526_1101,0.00010000000000012221,0.5
KHT-XE5S,2025-08-14 04:00:00,9.2342,10.256,KHT-XE5S_2025_0526_1101,0.00030000000000001136,0.5
KHT-XE5S,2025-08-14 04:10:00,9.2351,10.258,KHT-XE5S_2025_0526_1101,0.00019999999999988915,0.5
KHT-XE5S,2025-08-14 04:20:00,9.2356,10.258,KHT-XE5S_2025_0526_1101,0.0,0.5
KHT-XE5S,2025-08-14 04:30:00,9.2368,10.259,KHT-XE5S_2025_0526_1101,0.00010000000000012221,0.5
KHT-XE5S,2025-08-14 04:40:00,9.2384,10.26,KHT-XE5S_2025_0526_1101,9.999999999994457e-05,0.5
KHT-XE5S,2025-08-14 04:50:00,9.2395,10.257,KHT-XE5S_2025_0526_1101,0.00030000000000001136,0.5
KHT-XE5S,2025-08-14 05:00:00,9.2405,10.258,KHT-XE5S_2025_0526_1101,9.999999999994457e-05,0.5
KHT-XE5S,2025-08-14 05:10:00,9.2417,10.259,KHT-XE5S_2025_0526_1101,0.00010000000000012221,0.5
KHT-XE5S,2025-08-14 05:20:00,9.2434,10.26,KHT-XE5S_2025_0526_1101,9.999999999994457e-05,0.5
KHT-XE5S,2025-08-14 05:30:00,9.2452,10.26,KHT-XE5S_2025_0526_1101,0.0,0.5
KHT-XE5S,2025-08-14 05:40:00,9.2477,10.262,KHT-XE5S_2025_0526_1101,0.0002000000000000668,0.5
KHT-XE5S,2025-08-14 05:50:00,9.2496,10.262,KHT-XE5S_2025_0526_1101,0.0,0.5
KHT-XE5S,2025-08-14 06:00:00,9.251,10.261,KHT-XE5S_2025_0526_1101,0.00010000000000012221,0.5
KHT-XE5S,2025-08-14 06:10:00,9.2523,10.261,KHT-XE5S_2025_0526_1101,0.0,0.5
KHT-XE5S,2025-08-14 06:20:00,9.2533,10.261,KHT-XE5S_2025_0526_1101,0.0,0.5
KHT-XE5S,2025-08-14 06:30:00,9.2546,10.261,KHT-XE5S_2025_0526_1101,0.0,0.5
KHT-XE5S,2025-08-14 06:40:00,9.2554,10.263,KHT-XE5S_2025_0526_1101,0.0002000000000000668,0.5
KHT-XE5S,2025-08-14 06:50:00,9.257,10.261,KHT-XE5S_2025_0526_1101,0.0002000000000000668,0.5
KHT-XE5S,2025-08-14 07:00:00,9.2586,10.262,KHT-XE5S_2025_0526_1101,0.00010000000000012221,0.5
KHT-XE5S,2025-08-14 07:10:00,9.2591,10.263,KHT-XE5S_2025_0526_1101,9.999999999994457e-05,0.5
KHT-XE5S,2025-08-14 07:20:00,9.26,10.264,KHT-XE5S_2025_0526_1101,9.999999999994457e-05,0.5
KHT-XE5S,2025-08-14 07:30:00,9.2609,10.265,KHT-XE5S_2025_0526_1101,0.00010000000000012221,0.5
KHT-XE5S,2025-08-14 07:40:00,9.2621,10.264,KHT-XE5S_2025_0526_1101,0.00010000000000012221,0.5
KHT-XE5S,2025-08-14 07:50:00,9.2631,10.261,KHT-XE5S_2025_0526_1101,0.00030000000000001136,0.5
KHT-XE5S,2025-08-14 08:00:00,9.264,10.264,KHT-XE5S_2025_0526_1101,0.00030000000000001136,0.5
KHT-XE5S,2025-08-14 08:10:00,9.2649,10.265,KHT-XE5S_2025_0526_1101,0.00010000000000012221,0.5
KHT-XE5S,2025-08-14 08:20:00,9.2655,10.263,KHT-XE5S_2025_0526_1101,0.0002000000000000668,0.5
KHT-XE5S,2025-08-14 08:30:00,9.2654,10.266,KHT-XE5S_2025_0526_1101,0.00030000000000001136,0.5
KHT-XE5S,2025-08-14 08:40:00,9.2653,10.264,KHT-XE5S_2025_0526_1101,0.0002000000000000668,0.5
KHT-XE5S,2025-08-14 08:50:00,9.2648,10.266,KHT-XE5S_2025_0526_1101,0.0002000000000000668,0.5
KHT-XE5S,2025-08-14 09:00:00,9.2641,10.264,KHT-XE5S_2025_0526_1101,0.0002000000000000668,0.5
KHT-XE5S,2025-08-14 09:10:00,9.2629,10.267,KHT-XE5S_2025_0526_1101,0.00030000000000001136,0.5
KHT-XE5S,2025-08-14 09:20:00,9.2624,10.266,KHT-XE5S_2025_0526_1101,9.999999999994457e-05,0.5
KHT-XE5S,2025-08-14 09:30:00,9.2608,10.267,KHT-XE5S_2025_0526_1101,9.999999999994457e-05,0.5
KHT-XE5S,2025-08-14 09:40:00,9.259,10.267,KHT-XE5S_2025_0526_1101,0.0,0.5
KHT-XE5S,2025-08-14 09:50:00,9.2571,10.268,KHT-XE5S_2025_0526_1101,0.00010000000000012221,0.5
KHT-XE5S,2025-08-14 10:00:00,9.2547,10.269,KHT-XE5S_2025_0526_1101,9.999999999994457e-05,0.5
KHT-XE5S,2025-08-14 10:10:00,9.2514,10.269,KHT-XE5S_2025_0526_1101,0.0,0.5
KHT-XE5S,2025-08-14 10:20:00,9.2485,10.268,KHT-XE5S_2025_0526_1101,9.999999999994457e-05,0.5
KHT-XE5S,2025-08-14 10:30:00,9.2451,10.272,KHT-XE5S_2025_0526_1101,0.00039999999999995595,0.5
KHT-XE5S,2025-08-14 10:40:00,9.2422,10.271,KHT-XE5S_2025_0526_1101,9.999999999994457e-05,0.5
KHT-XE5S,2025-08-14 10:50:00,9.2377,10.272,KHT-XE5S_2025_0526_1101,9.999999999994457e-05,0.5
KHT-XE5S,2025-08-14 11:00:00,9.2333,10.27,KHT-XE5S_2025_0526_1101,0.0002000000000000668,0.5
KHT-XE5S,2025-08-14 11:10:00,9.2292,10.271,KHT-XE5S_2025_0526_1101,0.00010000000000012221,0.5
KHT-XE5S,2025-08-14 11:20:00,9.2254,10.272,KHT-XE5S_2025_0526_1101,9.999999999994457e-05,0.5
KHT-XE5S,2025-08-14 11:30:00,9.2208,10.274,KHT-XE5S_2025_0526_1101,0.00019999999999988915,0.5
KHT-XE5S,2025-08-14 11:40:00,9.2154,10.275,KHT-XE5S_2025_0526_1101,0.00010000000000012221,0.5
KHT-XE5S,2025-08-14 11:50:00,9.2124,10.274,KHT-XE5S_2025_0526_1101,0.00010000000000012221,0.5
KHT-XE5S,2025-08-14 12:00:00,9.2067,10.275,KHT-XE5S_2025_0526_1101,0.00010000000000012221,0.5
KHT-XE5S,2025-08-14 12:10:00,9.2018,10.275,KHT-XE5S_2025_0526_1101,0.0,0.5
KHT-XE5S,2025-08-14 12:20:00,9.1966,10.276,KHT-XE5S_2025_0526_1101,9.999999999994457e-05,0.5
KHT-XE5S,2025-08-14 12:30:00,9.191,10.276,KHT-XE5S_2025_0526_1101,0.0,0.5
KHT-XE5S,2025-08-14 12:40:00,9.1864,10.276,KHT-XE5S_2025_0526_1101,0.0,0.5
KHT-XE5S,2025-08-14 12:50:00,9.1813,10.277,KHT-XE5S_2025_0526_1101,9.999999999994457e-05,0.5
KHT-XE5S,2025-08-14 13:00:00,9.1759,10.278,KHT-XE5S_2025_0526_1101,0.00010000000000012221,0.5
KHT-XE5S,2025-08-14 13:10:00,9.1713,10.277,KHT-XE5S_2025_0526_1101,0.00010000000000012221,0.5
KHT-XE5S,2025-08-14 13:20:00,9.1661,10.278,KHT-XE5S_2025_0526_1101,0.00010000000000012221,0.5
KHT-XE5S,2025-08-14 13:30:00,9.1612,10.281,KHT-XE5S_2025_0526_1101,0.00030000000000001136,0.5
KHT-XE5S,2025-08-14 13:40:00,9.1562,10.28,KHT-XE5S_2025_0526_1101,0.00010000000000012221,0.5
KHT-XE5S,2025-08-14 13:50:00,9.1522,10.281,KHT-XE5S_2025_0526_1101,0.00010000000000012221,0.5
KHT-XE5S,2025-08-14 14:00:00,9.1475,10.279,KHT-XE5S_2025_0526_1101,0.0002000000000000668,0.5
KHT-XE5S,2025-08-14 14:10:00,9.142,10.281,KHT-XE5S_2025_0526_1101,0.0002000000000000668,0.5
KHT-XE5S,2025-08-14 14:20:00,9.1376,10.282,KHT-XE5S_2025_0526_1101,9.999999999994457e-05,0.5
KHT-XE5S,2025-08-14 14:30:00,9.1331,10.281,KHT-XE5S_2025_0526_1101,9.999999999994457e-05,0.5
KHT-XE5S,2025-08-14 14:40:00,9.1279,10.281,KHT-XE5S_2025_0526_1101,0.0,0.5
KHT-XE5S,2025-08-14 14:50:00,9.1233,10.281,KHT-XE5S_2025_0526_1101,0.0,0.5
KHT-XE5S,2025-08-14 15:00:00,9.1194,10.283,KHT-XE5S_2025_0526_1101,0.00019999999999988915,0.5
KHT-XE5S,2025-08-14 15:10:00,9.1155,10.284,KHT-XE5S_2025_0526_1101,0.00010000000000012221,0.5
KHT-XE5S,2025-08-14 15:20:00,9.1127,10.281,KHT-XE5S_2025_0526_1101,0.00030000000000001136,0.5
KHT-XE5S,2025-08-14 15:30:00,9.109,10.283,KHT-XE5S_2025_0526_1101,0.00019999999999988915,0.5
KHT-XE5S,2025-08-14 15:40:00,9.106,10.283,KHT-XE5S_2025_0526_1101,0.0,0.5
KHT-XE5S,2025-08-14 15:50:00,9.1026,10.284,KHT-XE5S_2025_0526_1101,0.00010000000000012221,0.5
KHT-XE5S,2025-08-14 16:00:00,9.0994,10.283,KHT-XE5S_2025_0526_1101,0.00010000000000012221,0.5
KHT-XE5S,2025-08-14 16:10:00,9.0966,10.283,KHT-XE5S_2025_0526_1101,0.0,0.5
KHT-XE5S,2025-08-14 16:20:00,9.0943,10.284,KHT-XE5S_2025_0526_1101,0.00010000000000012221,0.5
KHT-XE5S,2025-08-14 16:30:00,9.0912,10.284,KHT-XE5S_2025_0526_1101,0.0,0.5
KHT-XE5S,2025-08-14 16:40:00,9.09,10.285,KHT-XE5S_2025_0526_1101,9.999999999994457e-05,0.5
KHT-XE5S,2025-08-14 16:50:00,9.0881,10.283,KHT-XE5S_2025_0526_1101,0.0002000000000000668,0.5
KHT-XE5S,2025-08-14 17:00:00,9.0866,10.284,KHT-XE5S_2025_0526_1101,0.00010000000000012221,0.5
KHT-XE5S,2025-08-14 17:10:00,9.0856,10.285,KHT-XE5S_2025_0526_1101,9.999999999994457e-05,0.5
KHT-XE5S,2025-08-14 17:20:00,9.084,10.284,KHT-XE5S_2025_0526_1101,9.999999999994457e-05,0.5
KHT-XE5S,2025-08-14 17:30:00,9.0828,10.283,KHT-XE5S_2025_0526_1101,0.00010000000000012221,0.5
KHT-XE5S,2025-08-14 17:40:00,9.0818,10.285,KHT-XE5S_2025_0526_1101,0.0002000000000000668,0.5
KHT-XE5S,2025-08-14 17:50:00,9.0818,10.284,KHT-XE5S_2025_0526_1101,9.999999999994457e-05,0.5
KHT-XE5S,2025-08-14 18:00:00,9.0818,10.283,KHT-XE5S_2025_0526_1101,0.00010000000000012221,0.5
KHT-XE5S,2025-08-14 18:10:00,9.0825,10.284,KHT-XE5S_2025_0526_1101,0.00010000000000012221,0.5
KHT-XE5S,2025-08-14 18:20:00,9.0836,10.284,KHT-XE5S_2025_0526_1101,0.0,0.5
KHT-XE5S,2025-08-14 18:30:00,9.085,10.282,KHT-XE5S_2025_0526_1101,0.0002000000000000668,0.5
KHT-XE5S,2025-08-14 18:40:00,9.0863,10.282,KHT-XE5S_2025_0526_1101,0.0,0.5
KHT-XE5S,2025-08-14 18:50:00,9.0886,10.281,KHT-XE5S_2025_0526_1101,9.999999999994457e-05,0.5
KHT-XE5S,2025-08-14 19:00:00,9.0907,10.283,KHT-XE5S_2025_0526_1101,0.00019999999999988915,0.5
KHT-XE5S,2025-08-14 19:10:00,9.0934,10.282,KHT-XE5S_2025_0526_1101,9.999999999994457e-05,0.5
KHT-XE5S,2025-08-14 19:20:00,9.0956,10.282,KHT-XE5S_2025_0526_1101,0.0,0.5
KHT-XE5S,2025-08-14 19:30:00,9.0984,10.283,KHT-XE5S_2025_0526_1101,9.999999999994457e-05,0.5
KHT-XE5S,2025-08-14 19:40:00,9.1018,10.281,KHT-XE5S_2025_0526_1101,0.00019999999999988915,0.5
KHT-XE5S,2025-08-14 19:50:00,9.1055,10.28,KHT-XE5S_2025_0526_1101,0.00010000000000012221,0.5
KHT-XE5S,2025-08-14 20:00:00,9.1101,10.282,KHT-XE5S_2025_0526_1101,0.0002000000000000668,0.5
KHT-XE5S,2025-08-14 20:10:00,9.1137,10.281,KHT-XE5S_2025_0526_1101,9.999999999994457e-05,0.5
KHT-XE5S,2025-08-14 20:20:00,9.1175,10.281,KHT-XE5S_2025_0526_1101,0.0,0.5
KHT-XE5S,2025-08-14 20:30:00,9.1212,10.281,KHT-XE5S_2025_0526_1101,0.0,0.5
KHT-XE5S,2025-08-14 20:40:00,9.1257,10.279,KHT-XE5S_2025_0526_1101,0.0002000000000000668,0.5
KHT-XE5S,2025-08-14 20:50:00,9.1294,10.28,KHT-XE5S_2025_0526_1101,9.999999999994457e-05,0.5
KHT-XE5S,2025-08-14 21:00:00,9.1348,10.282,KHT-XE5S_2025_0526_1101,0.0002000000000000668,0.5
KHT-XE5S,2025-08-14 21:10:00,9.1394,10.283,KHT-XE5S_2025_0526_1101,9.999999999994457e-05,0.5
KHT-XE5S,2025-08-14 21:20:00,9.1429,10.283,KHT-XE5S_2025_0526_1101,0.0,0.5
KHT-XE5S,2025-08-14 21:30:00,9.1465,10.283,KHT-XE5S_2025_0526_1101,0.0,0.5
KHT-XE5S,2025-08-14 21:40:00,9.1501,10.284,KHT-XE5S_2025_0526_1101,0.00010000000000012221,0.5
KHT-XE5S,2025-08-14 21:50:00,9.1542,10.282,KHT-XE5S_2025_0526_1101,0.0002000000000000668,0.5
KHT-XE5S,2025-08-14 22:00:00,9.1574,10.284,KHT-XE5S_2025_0526_1101,0.0002000000000000668,0.5
KHT-XE5S,2025-08-14 22:10:00,9.1604,10.284,KHT-XE5S_2025_0526_1101,0.0,0.5
KHT-XE5S,2025-08-14 22:20:00,9.1626,10.284,KHT-XE5S_2025_0526_1101,0.0,0.5
KHT-XE5S,2025-08-14 22:30:00,9.1653,10.283,KHT-XE5S_2025_0526_1101,0.00010000000000012221,0.5
KHT-XE5S,2025-08-14 22:40:00,9.1673,10.285,KHT-XE5S_2025_0526_1101,0.0002000000000000668,0.5
KHT-XE5S,2025-08-14 22:50:00,9.1694,10.286,KHT-XE5S_2025_0526_1101,9.999999999994457e-05,0.5
KHT-XE5S,2025-08-14 23:00:00,9.1723,10.285,KHT-XE5S_2025_0526_1101,9.999999999994457e-05,0.5
KHT-XE5S,2025-08-14 23:10:00,9.1744,10.286,KHT-XE5S_2025_0526_1101,9.999999999994457e-05,0.5
KHT-XE5S,2025-08-14 23:20:00,9.1775,10.285,KHT-XE5S_2025_0526_1101,9.999999999994457e-05,0.5
KHT-XE5S,2025-08-14 23:30:00,9.1797,10.285,KHT-XE5S_2025_0526_1101,0.0,0.5
KHT-XE5S,2025-08-14 23:40:00,9.1817,10.285,KHT-XE5S_2025_0526_1101,0.0,0.5
KHT-XE5S,2025-08-14 23:50:00,9.183,10.286,KHT-XE5S_2025_0526_1101,9.999999999994457e-05,0.5
KHT-XE5S,2025-08-15 00:00:00,9.1851,10.287,KHT-XE5S_2025_0526_1101,0.00010000000000012221,0.5
KHT-XE5S,2025-08-15 00:10:00,9.1872,10.287,KHT-XE5S_2025_0526_1101,0.0,0.5
KHT-XE5S,2025-08-15 00:20:00,9.1893,10.285,KHT-XE5S_2025_0526_1101,0.0002000000000000668,0.5
KHT-XE5S,2025-08-15 00:30:00,9.191,10.286,KHT-XE5S_2025_0526_1101,9.999999999994457e-05,0.5
KHT-XE5S,2025-08-15 00:40:00,9.1926,10.288,KHT-XE5S_2025_0526_1101,0.0002000000000000668,0.5
KHT-XE5S,2025-08-15 00:50:00,9.195,10.286,KHT-XE5S_2025_0526_1101,0.0002000000000000668,0.5
KHT-XE5S,2025-08-15 01:00:00,9.1966,10.29,KHT-XE5S_2025_0526_1101,0.00039999999999995595,0.5
KHT-XE5S,2025-08-15 01:10:00,9.1973,10.288,KHT-XE5S_2025_0526_1101,0.00019999999999988915,0.5
KHT-XE5S,2025-08-15 01:20:00,9.1985,10.289,KHT-XE5S_2025_0526_1101,9.999999999994457e-05,0.5
KHT-XE5S,2025-08-15 01:30:00,9.2,10.291,KHT-XE5S_2025_0526_1101,0.0002000000000000668,0.5
KHT-XE5S,2025-08-15 01:40:00,9.2016,10.291,KHT-XE5S_2025_0526_1101,0.0,0.5
KHT-XE5S,2025-08-15 01:50:00,9.2024,10.289,KHT-XE5S_2025_0526_1101,0.0002000000000000668,0.5
KHT-XE5S,2025-08-15 02:00:00,9.2042,10.289,KHT-XE5S_2025_0526_1101,0.0,0.5
KHT-XE5S,2025-08-15 02:10:00,9.2059,10.29,KHT-XE5S_2025_0526_1101,9.999999999994457e-05,0.5
KHT-XE5S,2025-08-15 02:20:00,9.2073,10.289,KHT-XE5S_2025_0526_1101,9.999999999994457e-05,0.5
KHT-XE5S,2025-08-15 02:30:00,9.2093,10.29,KHT-XE5S_2025_0526_1101,9.999999999994457e-05,0.5
KHT-XE5S,2025-08-15 02:40:00,9.2099,10.29,KHT-XE5S_2025_0526_1101,0.0,0.5
KHT-XE5S,2025-08-15 02:50:00,9.2115,10.289,KHT-XE5S_2025_0526_1101,9.999999999994457e-05,0.5
KHT-XE5S,2025-08-15 03:00:00,9.2135,10.291,KHT-XE5S_2025_0526_1101,0.0002000000000000668,0.5
KHT-XE5S,2025-08-15 03:10:00,9.2139,10.29,KHT-XE5S_2025_0526_1101,0.00010000000000012221,0.5
KHT-XE5S,2025-08-15 03:20:00,9.2145,10.29,KHT-XE5S_2025_0526_1101,0.0,0.5
KHT-XE5S,2025-08-15 03:30:00,9.2161,10.293,KHT-XE5S_2025_0526_1101,0.00030000000000001136,0.5
KHT-XE5S,2025-08-15 03:40:00,9.2166,10.29,KHT-XE5S_2025_0526_1101,0.00030000000000001136,0.5
KHT-XE5S,2025-08-15 03:50:00,9.2178,10.291,KHT-XE5S_2025_0526_1101,0.00010000000000012221,0.5
KHT-XE5S,2025-08-15 04:00:00,9.2188,10.293,KHT-XE5S_2025_0526_1101,0.00019999999999988915,0.5
KHT-XE5S,2025-08-15 04:10:00,9.22,10.292,KHT-XE5S_2025_0526_1101,9.999999999994457e-05,0.5
KHT-XE5S,2025-08-15 04:20:00,9.2216,10.293,KHT-XE5S_2025_0526_1101,9.999999999994457e-05,0.5
KHT-XE5S,2025-08-15 04:30:00,9.2234,10.296,KHT-XE5S_2025_0526_1101,0.00030000000000001136,0.5
KHT-XE5S,2025-08-15 04:40:00,9.2247,10.295,KHT-XE5S_2025_0526_1101,9.999999999994457e-05,0.5
KHT-XE5S,2025-08-15 04:50:00,9.2259,10.294,KHT-XE5S_2025_0526_1101,9.999999999994457e-05,0.5
KHT-XE5S,2025-08-15 05:00:00,9.2273,10.294,KHT-XE5S_2025_0526_1101,0.0,0.5
KHT-XE5S,2025-08-15 05:10:00,9.228,10.294,KHT-XE5S_2025_0526_1101,0.0,0.5
KHT-XE5S,2025-08-15 05:20:00,9.2287,10.293,KHT-XE5S_2025_0526_1101,0.00010000000000012221,0.5
KHT-XE5S,2025-08-15 05:30:00,9.2303,10.294,KHT-XE5S_2025_0526_1101,0.00010000000000012221,0.5
KHT-XE5S,2025-08-15 05:40:00,9.2312,10.295,KHT-XE5S_2025_0526_1101,9.999999999994457e-05,0.5
KHT-XE5S,2025-08-15 05:50:00,9.2326,10.294,KHT-XE5S_2025_0526_1101,9.999999999994457e-05,0.5
KHT-XE5S,2025-08-15 06:00:00,9.2342,10.295,KHT-XE5S_2025_0526_1101,9.999999999994457e-05,0.5
KHT-XE5S,2025-08-15 06:10:00,9.2349,10.296,KHT-XE5S_2025_0526_1101,9.999999999994457e-05,0.5
KHT-XE5S,2025-08-15 06:20:00,9.2367,10.297,KHT-XE5S_2025_0526_1101,0.00010000000000012221,0.5
KHT-XE5S,2025-08-15 06:30:00,9.2379,10.295,KHT-XE5S_2025_0526_1101,0.0002000000000000668,0.5
KHT-XE5S,2025-08-15 06:40:00,9.2386,10.297,KHT-XE5S_2025_0526_1101,0.0002000000000000668,0.5
KHT-XE5S,2025-08-15 06:50:00,9.2403,10.297,KHT-XE5S_2025_0526_1101,0.0,0.5
KHT-XE5S,2025-08-15 07:00:00,9.2419,10.296,KHT-XE5S_2025_0526_1101,0.00010000000000012221,0.5
KHT-XE5S,2025-08-15 07:10:00,9.2431,10.299,KHT-XE5S_2025_0526_1101,0.00030000000000001136,0.5
KHT-XE5S,2025-08-15 07:20:00,9.2439,10.298,KHT-XE5S_2025_0526_1101,9.999999999994457e-05,0.5
KHT-XE5S,2025-08-15 07:30:00,9.2456,10.298,KHT-XE5S_2025_0526_1101,0.0,0.5
KHT-XE5S,2025-08-15 07:40:00,9.2473,10.297,KHT-XE5S_2025_0526_1101,9.999999999994457e-05,0.5
KHT-XE5S,2025-08-15 07:50:00,9.2483,10.296,KHT-XE5S_2025_0526_1101,0.00010000000000012221,0.5
KHT-XE5S,2025-08-15 08:00:00,9.2492,10.298,KHT-XE5S_2025_0526_1101,0.0002000000000000668,0.5
KHT-XE5S,2025-08-15 08:10:00,9.2498,10.298,KHT-XE5S_2025_0526_1101,0.0,0.5
KHT-XE5S,2025-08-15 08:20:00,9.2502,10.298,KHT-XE5S_2025_0526_1101,0.0,0.5
KHT-XE5S,2025-08-15 08:30:00,9.2501,10.3,KHT-XE5S_2025_0526_1101,0.0002000000000000668,0.5
KHT-XE5S,2025-08-15 08:40:00,9.2498,10.301,KHT-XE5S_2025_0526_1101,9.999999999994457e-05,0.5
KHT-XE5S,2025-08-15 08:50:00,9.2487,10.299,KHT-XE5S_2025_0526_1101,0.0002000000000000668,0.5
KHT-XE5S,2025-08-15 09:00:00,9.2477,10.303,KHT-XE5S_2025_0526_1101,0.0004000000000001336,0.5
KHT-XE5S,2025-08-15 09:10:00,9.2465,10.3,KHT-XE5S_2025_0526_1101,0.00030000000000001136,0.5
KHT-XE5S,2025-08-15 09:20:00,9.2458,10.302,KHT-XE5S_2025_0526_1101,0.00019999999999988915,0.5
KHT-XE5S,2025-08-15 09:30:00,9.2445,10.302,KHT-XE5S_2025_0526_1101,0.0,0.5
KHT-XE5S,2025-08-15 09:40:00,9.2428,10.301,KHT-XE5S_2025_0526_1101,9.999999999994457e-05,0.5
KHT-XE5S,2025-08-15 09:50:00,9.2406,10.303,KHT-XE5S_2025_0526_1101,0.0002000000000000668,0.5
KHT-XE5S,2025-08-15 10:00:00,9.2378,10.303,KHT-XE5S_2025_0526_1101,0.0,0.5
KHT-XE5S,2025-08-15 10:10:00,9.2351,10.305,KHT-XE5S_2025_0526_1101,0.00019999999999988915,0.5
KHT-XE5S,2025-08-15 10:20:00,9.2322,10.304,KHT-XE5S_2025_0526_1101,9.999999999994457e-05,0.5
KHT-XE5S,2025-08-15 10:30:00,9.2285,10.304,KHT-XE5S_2025_0526_1101,0.0,0.5
KHT-XE5S,2025-08-15 10:40:00,9.2255,10.306,KHT-XE5S_2025_0526_1101,0.00019999999999988915,0.5
KHT-XE5S,2025-08-15 10:50:00,9.222,10.307,KHT-XE5S_2025_0526_1101,0.00010000000000012221,0.5
KHT-XE5S,2025-08-15 11:00:00,9.2185,10.307,KHT-XE5S_2025_0526_1101,0.0,0.5
KHT-XE5S,2025-08-15 11:10:00,9.215,10.307,KHT-XE5S_2025_0526_1101,0.0,0.5
KHT-XE5S,2025-08-15 11:20:00,9.2111,10.308,KHT-XE5S_2025_0526_1101,9.999999999994457e-05,0.5
KHT-XE5S,2025-08-15 11:30:00,9.2067,10.307,KHT-XE5S_2025_0526_1101,9.999999999994457e-05,0.5
KHT-XE5S,2025-08-15 11:40:00,9.2025,10.308,KHT-XE5S_2025_0526_1101,9.999999999994457e-05,0.5
KHT-XE5S,2025-08-15 11:50:00,9.1982,10.309,KHT-XE5S_2025_0526_1101,9.999999999994457e-05,0.5
KHT-XE5S,2025-08-15 12:00:00,9.1933,10.309,KHT-XE5S_2025_0526_1101,0.0,0.5
KHT-XE5S,2025-08-15 12:10:00,9.1888,10.308,KHT-XE5S_2025_0526_1101,9.999999999994457e-05,0.5
KHT-XE5S,2025-08-15 12:20:00,9.1843,10.309,KHT-XE5S_2025_0526_1101,9.999999999994457e-05,0.5
KHT-XE5S,2025-08-15 12:30:00,9.1792,10.311,KHT-XE5S_2025_0526_1101,0.0002000000000000668,0.5
KHT-XE5S,2025-08-15 12:40:00,9.1749,10.311,KHT-XE5S_2025_0526_1101,0.0,0.5
KHT-XE5S,2025-08-15 12:50:00,9.1707,10.309,KHT-XE5S_2025_0526_1101,0.0002000000000000668,0.5
KHT-XE5S,2025-08-15 13:00:00,9.1659,10.31,KHT-XE5S_2025_0526_1101,0.00010000000000012221,0.5
KHT-XE5S,2025-08-15 13:10:00,9.161,10.312,KHT-XE5S_2025_0526_1101,0.00019999999999988915,0.5
KHT-XE5S,2025-08-15 13:20:00,9.1567,10.313,KHT-XE5S_2025_0526_1101,0.00010000000000012221,0.5
KHT-XE5S,2025-08-15 13:30:00,9.1529,10.314,KHT-XE5S_2025_0526_1101,9.999999999994457e-05,0.5
KHT-XE5S,2025-08-15 13:40:00,9.1484,10.313,KHT-XE5S_2025_0526_1101,9.999999999994457e-05,0.5
KHT-XE5S,2025-08-15 13:50:00,9.1436,10.312,KHT-XE5S_2025_0526_1101,0.00010000000000012221,0.5
KHT-XE5S,2025-08-15 14:00:00,9.1387,10.313,KHT-XE5S_2025_0526_1101,0.00010000000000012221,0.5
KHT-XE5S,2025-08-15 14:10:00,9.135,10.314,KHT-XE5S_2025_0526_1101,9.999999999994457e-05,0.5
KHT-XE5S,2025-08-15 14:20:00,9.1307,10.313,KHT-XE5S_2025_0526_1101,9.999999999994457e-05,0.5
KHT-XE5S,2025-08-15 14:30:00,9.1266,10.315,KHT-XE5S_2025_0526_1101,0.00019999999999988915,0.5
KHT-XE5S,2025-08-15 14:40:00,9.1219,10.315,KHT-XE5S_2025_0526_1101,0.0,0.5
KHT-XE5S,2025-08-15 14:50:00,9.1185,10.316,KHT-XE5S_2025_0526_1101,0.00010000000000012221,0.5
KHT-XE5S,2025-08-15 15:00:00,9.1148,10.315,KHT-XE5S_2025_0526_1101,0.00010000000000012221,0.5
KHT-XE5S,2025-08-15 15:10:00,9.1104,10.316,KHT-XE5S_2025_0526_1101,0.00010000000000012221,0.5
KHT-XE5S,2025-08-15 15:20:00,9.1067,10.318,KHT-XE5S_2025_0526_1101,0.00019999999999988915,0.5
KHT-XE5S,2025-08-15 15:30:00,9.1033,10.317,KHT-XE5S_2025_0526_1101,9.999999999994457e-05,0.5
KHT-XE5S,2025-08-15 15:40:00,9.0996,10.316,KHT-XE5S_2025_0526_1101,9.999999999994457e-05,0.5
KHT-XE5S,2025-08-15 15:50:00,9.096,10.316,KHT-XE5S_2025_0526_1101,0.0,0.5
KHT-XE5S,2025-08-15 16:00:00,9.0934,10.316,KHT-XE5S_2025_0526_1101,0.0,0.5
KHT-XE5S,2025-08-15 16:10:00,9.0909,10.315,KHT-XE5S_2025_0526_1101,0.00010000000000012221,0.5
KHT-XE5S,2025-08-15 16:20:00,9.089,10.318,KHT-XE5S_2025_0526_1101,0.00030000000000001136,0.5
KHT-XE5S,2025-08-15 16:30:00,9.0874,10.317,KHT-XE5S_2025_0526_1101,9.999999999994457e-05,0.5
KHT-XE5S,2025-08-15 16:40:00,9.0864,10.319,KHT-XE5S_2025_0526_1101,0.0002000000000000668,0.5
KHT-XE5S,2025-08-15 16:50:00,9.0858,10.318,KHT-XE5S_2025_0526_1101,0.00010000000000012221,0.5
KHT-XE5S,2025-08-15 17:00:00,9.085,10.318,KHT-XE5S_2025_0526_1101,0.0,0.5
KHT-XE5S,2025-08-15 17:10:00,9.084,10.317,KHT-XE5S_2025_0526_1101,9.999999999994457e-05,0.5
KHT-XE5S,2025-08-15 17:20:00,9.0823,10.318,KHT-XE5S_2025_0526_1101,9.999999999994457e-05,0.5
KHT-XE5S,2025-08-15 17:30:00,9.0815,10.318,KHT-XE5S_2025_0526_1101,0.0,0.5
KHT-XE5S,2025-08-15 17:40:00,9.0807,10.319,KHT-XE5S_2025_0526_1101,0.00010000000000012221,0.5
KHT-XE5S,2025-08-15 17:50:00,9.0813,10.318,KHT-XE5S_2025_0526_1101,0.00010000000000012221,0.5
KHT-XE5S,2025-08-15 18:00:00,9.0827,10.318,KHT-XE5S_2025_0526_1101,0.0,0.5
KHT-XE5S,2025-08-15 18:10:00,9.0839,10.318,KHT-XE5S_2025_0526_1101,0.0,0.5
KHT-XE5S,2025-08-15 18:20:00,9.085,10.318,KHT-XE5S_2025_0526_1101,0.0,0.5
KHT-XE5S,2025-08-15 18:30:00,9.0869,10.316,KHT-XE5S_2025_0526_1101,0.00019999999999988915,0.5
KHT-XE5S,2025-08-15 18:40:00,9.0892,10.318,KHT-XE5S_2025_0526_1101,0.00019999999999988915,0.5
KHT-XE5S,2025-08-15 18:50:00,9.0916,10.317,KHT-XE5S_2025_0526_1101,9.999999999994457e-05,0.5
KHT-XE5S,2025-08-15 19:00:00,9.0937,10.315,KHT-XE5S_2025_0526_1101,0.0002000000000000668,0.5
KHT-XE5S,2025-08-15 19:10:00,9.0959,10.316,KHT-XE5S_2025_0526_1101,0.00010000000000012221,0.5
KHT-XE5S,2025-08-15 19:20:00,9.0991,10.315,KHT-XE5S_2025_0526_1101,0.00010000000000012221,0.5
KHT-XE5S,2025-08-15 19:30:00,9.103,10.316,KHT-XE5S_2025_0526_1101,0.00010000000000012221,0.5
KHT-XE5S,2025-08-15 19:40:00,9.1069,10.317,KHT-XE5S_2025_0526_1101,9.999999999994457e-05,0.5
KHT-XE5S,2025-08-15 19:50:00,9.11,10.315,KHT-XE5S_2025_0526_1101,0.0002000000000000668,0.5
KHT-XE5S,2025-08-15 20:00:00,9.1135,10.317,KHT-XE5S_2025_0526_1101,0.0002000000000000668,0.5
KHT-XE5S,2025-08-15 20:10:00,9.1169,10.315,KHT-XE5S_2025_0526_1101,0.0002000000000000668,0.5
KHT-XE5S,2025-08-15 20:20:00,9.1211,10.316,KHT-XE5S_2025_0526_1101,0.00010000000000012221,0.5
KHT-XE5S,2025-08-15 20:30:00,9.1254,10.316,KHT-XE5S_2025_0526_1101,0.0,0.5
KHT-XE5S,2025-08-15 20:40:00,9.1291,10.318,KHT-XE5S_2025_0526_1101,0.00019999999999988915,0.5
KHT-XE5S,2025-08-15 20:50:00,9.1329,10.317,KHT-XE5S_2025_0526_1101,9.999999999994457e-05,0.5
KHT-XE5S,2025-08-15 21:00:00,9.1373,10.318,KHT-XE5S_2025_0526_1101,9.999999999994457e-05,0.5
KHT-XE5S,2025-08-15 21:10:00,9.1405,10.318,KHT-XE5S_2025_0526_1101,0.0,0.5
KHT-XE5S,2025-08-15 21:20:00,9.1446,10.319,KHT-XE5S_2025_0526_1101,0.00010000000000012221,0.5
KHT-XE5S,2025-08-15 21:30:00,9.1482,10.319,KHT-XE5S_2025_0526_1101,0.0,0.5
KHT-XE5S,2025-08-15 21:40:00,9.1522,10.318,KHT-XE5S_2025_0526_1101,0.00010000000000012221,0.5
KHT-XE5S,2025-08-15 21:50:00,9.1552,10.319,KHT-XE5S_2025_0526_1101,0.00010000000000012221,0.5
KHT-XE5S,2025-08-15 22:00:00,9.1574,10.32,KHT-XE5S_2025_0526_1101,9.999999999994457e-05,0.5
KHT-XE5S,2025-08-15 22:10:00,9.1595,10.318,KHT-XE5S_2025_0526_1101,0.0002000000000000668,0.5
KHT-XE5S,2025-08-15 22:20:00,9.1626,10.321,KHT-XE5S_2025_0526_1101,0.00030000000000001136,0.5
KHT-XE5S,2025-08-15 22:30:00,9.1652,10.32,KHT-XE5S_2025_0526_1101,9.999999999994457e-05,0.5
KHT-XE5S,2025-08-15 22:40:00,9.1671,10.322,KHT-XE5S_2025_0526_1101,0.00019999999999988915,0.5
KHT-XE5S,2025-08-15 22:50:00,9.1696,10.32,KHT-XE5S_2025_0526_1101,0.00019999999999988915,0.5
KHT-XE5S,2025-08-15 23:00:00,9.1716,10.32,KHT-XE5S_2025_0526_1101,0.0,0.5
KHT-XE5S,2025-08-15 23:10:00,9.1737,10.32,KHT-XE5S_2025_0526_1101,0.0,0.5
KHT-XE5S,2025-08-15 23:20:00,9.1757,10.321,KHT-XE5S_2025_0526_1101,9.999999999994457e-05,0.5
KHT-XE5S,2025-08-15 23:30:00,9.1782,10.322,KHT-XE5S_2025_0526_1101,9.999999999994457e-05,0.5
KHT-XE5S,2025-08-15 23:40:00,9.1801,10.321,KHT-XE5S_2025_0526_1101,9.999999999994457e-05,0.5
KHT-XE5S,2025-08-15 23:50:00,9.1827,10.324,KHT-XE5S_2025_0526_1101,0.00030000000000001136,0.5
KHT-XE5S,2025-08-16 00:00:00,9.184,10.323,KHT-XE5S_2025_0526_1101,9.999999999994457e-05,0.5
KHT-XE5S,2025-08-16 00:10:00,9.1858,10.322,KHT-XE5S_2025_0526_1101,0.00010000000000012221,0.5
KHT-XE5S,2025-08-16 00:20:00,9.1881,10.324,KHT-XE5S_2025_0526_1101,0.0002000000000000668,0.5
KHT-XE5S,2025-08-16 00:30:00,9.1903,10.324,KHT-XE5S_2025_0526_1101,0.0,0.5
KHT-XE5S,2025-08-16 00:40:00,9.1925,10.323,KHT-XE5S_2025_0526_1101,9.999999999994457e-05,0.5
KHT-XE5S,2025-08-16 00:50:00,9.1946,10.325,KHT-XE5S_2025_0526_1101,0.00019999999999988915,0.5
KHT-XE5S,2025-08-16 01:00:00,9.1958,10.325,KHT-XE5S_2025_0526_1101,0.0,0.5
KHT-XE5S,2025-08-16 01:10:00,9.1975,10.324,KHT-XE5S_2025_0526_1101,9.999999999994457e-05,0.5
KHT-XE5S,2025-08-16 01:20:00,9.1992,10.325,KHT-XE5S_2025_0526_1101,9.999999999994457e-05,0.5
KHT-XE5S,2025-08-16 01:30:00,9.2014,10.325,KHT-XE5S_2025_0526_1101,0.0,0.5
KHT-XE5S,2025-08-16 01:40:00,9.2034,10.325,KHT-XE5S_2025_0526_1101,0.0,0.5
KHT-XE5S,2025-08-16 01:50:00,9.2048,10.326,KHT-XE5S_2025_0526_1101,0.00010000000000012221,0.5
KHT-XE5S,2025-08-16 02:00:00,9.206,10.326,KHT-XE5S_2025_0526_1101,0.0,0.5
KHT-XE5S,2025-08-16 02:10:00,9.2075,10.326,KHT-XE5S_2025_0526_1101,0.0,0.5
KHT-XE5S,2025-08-16 02:20:00,9.2081,10.326,KHT-XE5S_2025_0526_1101,0.0,0.5
KHT-XE5S,2025-08-16 02:30:00,9.2096,10.327,KHT-XE5S_2025_0526_1101,9.999999999994457e-05,0.5
KHT-XE5S,2025-08-16 02:40:00,9.2112,10.327,KHT-XE5S_2025_0526_1101,0.0,0.5
KHT-XE5S,2025-08-16 02:50:00,9.2118,10.326,KHT-XE5S_2025_0526_1101,9.999999999994457e-05,0.5
KHT-XE5S,2025-08-16 03:00:00,9.2139,10.327,KHT-XE5S_2025_0526_1101,9.999999999994457e-05,0.5
KHT-XE5S,2025-08-16 03:10:00,9.2147,10.326,KHT-XE5S_2025_0526_1101,9.999999999994457e-05,0.5
KHT-XE5S,2025-08-16 03:20:00,9.2157,10.328,KHT-XE5S_2025_0526_1101,0.00019999999999988915,0.5
KHT-XE5S,2025-08-16 03:30:00,9.217,10.328,KHT-XE5S_2025_0526_1101,0.0,0.5
KHT-XE5S,2025-08-16 03:40:00,9.2182,10.327,KHT-XE5S_2025_0526_1101,9.999999999994457e-05,0.5
KHT-XE5S,2025-08-16 03:50:00,9.2194,10.329,KHT-XE5S_2025_0526_1101,0.0002000000000000668,0.5
KHT-XE5S,2025-08-16 04:00:00,9.2211,10.33,KHT-XE5S_2025_0526_1101,9.999999999994457e-05,0.5
KHT-XE5S,2025-08-16 04:10:00,9.2226,10.33,KHT-XE5S_2025_0526_1101,0.0,0.5
KHT-XE5S,2025-08-16 04:20:00,9.2236,10.331,KHT-XE5S_2025_0526_1101,9.999999999994457e-05,0.5
KHT-XE5S,2025-08-16 04:30:00,9.2246,10.33,KHT-XE5S_2025_0526_1101,9.999999999994457e-05,0.5
KHT-XE5S,2025-08-16 04:40:00,9.2259,10.332,KHT-XE5S_2025_0526_1101,0.0002000000000000668,0.5
KHT-XE5S,2025-08-16 04:50:00,9.2271,10.329,KHT-XE5S_2025_0526_1101,0.00030000000000001136,0.5
KHT-XE5S,2025-08-16 05:00:00,9.2294,10.33,KHT-XE5S_2025_0526_1101,9.999999999994457e-05,0.5
KHT-XE5S,2025-08-16 05:10:00,9.2308,10.331,KHT-XE5S_2025_0526_1101,9.999999999994457e-05,0.5
KHT-XE5S,2025-08-16 05:20:00,9.2319,10.332,KHT-XE5S_2025_0526_1101,0.00010000000000012221,0.5
KHT-XE5S,2025-08-16 05:30:00,9.2339,10.331,KHT-XE5S_2025_0526_1101,0.00010000000000012221,0.5
KHT-XE5S,2025-08-16 05:40:00,9.2351,10.331,KHT-XE5S_2025_0526_1101,0.0,0.5
KHT-XE5S,2025-08-16 05:50:00,9.2361,10.333,KHT-XE5S_2025_0526_1101,0.0002000000000000668,0.5
KHT-XE5S,2025-08-16 06:00:00,9.2375,10.331,KHT-XE5S_2025_0526_1101,0.0002000000000000668,0.5
KHT-XE5S,2025-08-16 06:10:00,9.239,10.333,KHT-XE5S_2025_0526_1101,0.0002000000000000668,0.5
KHT-XE5S,2025-08-16 06:20:00,9.2404,10.334,KHT-XE5S_2025_0526_1101,9.999999999994457e-05,0.5
KHT-XE5S,2025-08-16 06:30:00,9.2419,10.335,KHT-XE5S_2025_0526_1101,0.00010000000000012221,0.5
KHT-XE5S,2025-08-16 06:40:00,9.2435,10.333,KHT-XE5S_2025_0526_1101,0.0002000000000000668,0.5
KHT-XE5S,2025-08-16 06:50:00,9.245,10.333,KHT-XE5S_2025_0526_1101,0.0,0.5
KHT-XE5S,2025-08-16 07:00:00,9.2457,10.334,KHT-XE5S_2025_0526_1101,9.999999999994457e-05,0.5
KHT-XE5S,2025-08-16 07:10:00,9.247,10.336,KHT-XE5S_2025_0526_1101,0.0002000000000000668,0.5
KHT-XE5S,2025-08-16 07:20:00,9.2478,10.333,KHT-XE5S_2025_0526_1101,0.00030000000000001136,0.5
KHT-XE5S,2025-08-16 07:30:00,9.2494,10.336,KHT-XE5S_2025_0526_1101,0.00030000000000001136,0.5
KHT-XE5S,2025-08-16 07:40:00,9.2506,10.336,KHT-XE5S_2025_0526_1101,0.0,0.5
KHT-XE5S,2025-08-16 07:50:00,9.2518,10.335,KHT-XE5S_2025_0526_1101,9.999999999994457e-05,0.5
KHT-XE5S,2025-08-16 08:00:00,9.2533,10.337,KHT-XE5S_2025_0526_1101,0.00019999999999988915,0.5
KHT-XE5S,2025-08-16 08:10:00,9.2542,10.336,KHT-XE5S_2025_0526_1101,9.999999999994457e-05,0.5
KHT-XE5S,2025-08-16 08:20:00,9.2544,10.337,KHT-XE5S_2025_0526_1101,9.999999999994457e-05,0.5
KHT-XE5S,2025-08-16 08:30:00,9.2547,10.337,KHT-XE5S_2025_0526_1101,0.0,0.5
KHT-XE5S,2025-08-16 08:40:00,9.2549,10.337,KHT-XE5S_2025_0526_1101,0.0,0.5
KHT-XE5S,2025-08-16 08:50:00,9.2545,10.339,KHT-XE5S_2025_0526_1101,0.0002000000000000668,0.5
KHT-XE5S,2025-08-16 09:00:00,9.2535,10.338,KHT-XE5S_2025_0526_1101,0.00010000000000012221,0.5
KHT-XE5S,2025-08-16 09:10:00,9.2531,10.339,KHT-XE5S_2025_0526_1101,0.00010000000000012221,0.5
KHT-XE5S,2025-08-16 09:20:00,9.2525,10.341,KHT-XE5S_2025_0526_1101,0.00019999999999988915,0.5
KHT-XE5S,2025-08-16 09:30:00,9.2509,10.339,KHT-XE5S_2025_0526_1101,0.00019999999999988915,0.5
KHT-XE5S,2025-08-16 09:40:00,9.2483,10.341,KHT-XE5S_2025_0526_1101,0.00019999999999988915,0.5
KHT-XE5S,2025-08-16 09:50:00,9.2462,10.341,KHT-XE5S_2025_0526_1101,0.0,0.5
KHT-XE5S,2025-08-16 10:00:00,9.2441,10.341,KHT-XE5S_2025_0526_1101,0.0,0.5
KHT-XE5S,2025-08-16 10:10:00,9.2417,10.342,KHT-XE5S_2025_0526_1101,0.00010000000000012221,0.5
KHT-XE5S,2025-08-16 10:20:00,9.2391,10.343,KHT-XE5S_2025_0526_1101,9.999999999994457e-05,0.5
KHT-XE5S,2025-08-16 10:30:00,9.2378,10.343,KHT-XE5S_2025_0526_1101,0.0,0.5
KHT-XE5S,2025-08-16 10:40:00,9.234,10.345,KHT-XE5S_2025_0526_1101,0.0002000000000000668,0.5
KHT-XE5S,2025-08-16 10:50:00,9.2315,10.344,KHT-XE5S_2025_0526_1101,0.00010000000000012221,0.5
KHT-XE5S,2025-08-16 11:00:00,9.2286,10.345,KHT-XE5S_2025_0526_1101,0.00010000000000012221,0.5
KHT-XE5S,2025-08-16 11:10:00,9.2256,10.342,KHT-XE5S_2025_0526_1101,0.00030000000000001136,0.5
KHT-XE5S,2025-08-16 11:20:00,9.2215,10.347,KHT-XE5S_2025_0526_1101,0.0004999999999999005,0.5
KHT-XE5S,2025-08-16 11:30:00,9.2176,10.344,KHT-XE5S_2025_0526_1101,0.00030000000000001136,0.5
KHT-XE5S,2025-08-16 11:40:00,9.2147,10.346,KHT-XE5S_2025_0526_1101,0.0002000000000000668,0.5
KHT-XE5S,2025-08-16 11:50:00,9.2095,10.348,KHT-XE5S_2025_0526_1101,0.0002000000000000668,0.5
KHT-XE5S,2025-08-16 12:00:00,9.2059,10.347,KHT-XE5S_2025_0526_1101,0.00010000000000012221,0.5
KHT-XE5S,2025-08-16 12:10:00,9.2009,10.346,KHT-XE5S_2025_0526_1101,9.999999999994457e-05,0.5
KHT-XE5S,2025-08-16 12:20:00,9.1974,10.347,KHT-XE5S_2025_0526_1101,9.999999999994457e-05,0.5
KHT-XE5S,2025-08-16 12:30:00,9.1924,10.347,KHT-XE5S_2025_0526_1101,0.0,0.5
KHT-XE5S,2025-08-16 12:40:00,9.1882,10.349,KHT-XE5S_2025_0526_1101,0.0002000000000000668,0.5
KHT-XE5S,2025-08-16 12:50:00,9.1833,10.349,KHT-XE5S_2025_0526_1101,0.0,0.5
KHT-XE5S,2025-08-16 13:00:00,9.1788,10.348,KHT-XE5S_2025_0526_1101,9.999999999994457e-05,0.5
KHT-XE5S,2025-08-16 13:10:00,9.1754,10.35,KHT-XE5S_2025_0526_1101,0.00019999999999988915,0.5
KHT-XE5S,2025-08-16 13:20:00,9.1698,10.351,KHT-XE5S_2025_0526_1101,0.00010000000000012221,0.5
KHT-XE5S,2025-08-16 13:30:00,9.166,10.349,KHT-XE5S_2025_0526_1101,0.0002000000000000668,0.5
KHT-XE5S,2025-08-16 13:40:00,9.1619,10.349,KHT-XE5S_2025_0526_1101,0.0,0.5
KHT-XE5S,2025-08-16 13:50:00,9.1589,10.35,KHT-XE5S_2025_0526_1101,9.999999999994457e-05,0.5
KHT-XE5S,2025-08-16 14:00:00,9.1532,10.351,KHT-XE5S_2025_0526_1101,0.00010000000000012221,0.5
KHT-XE5S,2025-08-16 14:10:00,9.1502,10.351,KHT-XE5S_2025_0526_1101,0.0,0.5
KHT-XE5S,2025-08-16 14:20:00,9.1463,10.351,KHT-XE5S_2025_0526_1101,0.0,0.5
KHT-XE5S,2025-08-16 14:30:00,9.1419,10.351,KHT-XE5S_2025_0526_1101,0.0,0.5
KHT-XE5S,2025-08-16 14:40:00,9.1388,10.35,KHT-XE5S_2025_0526_1101,0.00010000000000012221,0.5
KHT-XE5S,2025-08-16 14:50:00,9.1341,10.353,KHT-XE5S_2025_0526_1101,0.00030000000000001136,0.5
KHT-XE5S,2025-08-16 15:00:00,9.13,10.353,KHT-XE5S_2025_0526_1101,0.0,0.5
KHT-XE5S,2025-08-16 15:10:00,9.1274,10.352,KHT-XE5S_2025_0526_1101,9.999999999994457e-05,0.5
KHT-XE5S,2025-08-16 15:20:00,9.1227,10.355,KHT-XE5S_2025_0526_1101,0.00030000000000001136,0.5
KHT-XE5S,2025-08-16 15:30:00,9.1196,10.354,KHT-XE5S_2025_0526_1101,0.00010000000000012221,0.5
KHT-XE5S,2025-08-16 15:40:00,9.1173,10.353,KHT-XE5S_2025_0526_1101,9.999999999994457e-05,0.5
KHT-XE5S,2025-08-16 15:50:00,9.113,10.354,KHT-XE5S_2025_0526_1101,9.999999999994457e-05,0.5
KHT-XE5S,2025-08-16 16:00:00,9.1098,10.355,KHT-XE5S_2025_0526_1101,0.00010000000000012221,0.5
KHT-XE5S,2025-08-16 16:10:00,9.1077,10.355,KHT-XE5S_2025_0526_1101,0.0,0.5
KHT-XE5S,2025-08-16 16:20:00,9.105,10.355,KHT-XE5S_2025_0526_1101,0.0,0.5
KHT-XE5S,2025-08-16 16:30:00,9.1034,10.354,KHT-XE5S_2025_0526_1101,0.00010000000000012221,0.5
KHT-XE5S,2025-08-16 16:40:00,9.0998,10.353,KHT-XE5S_2025_0526_1101,9.999999999994457e-05,0.5
KHT-XE5S,2025-08-16 16:50:00,9.0987,10.355,KHT-XE5S_2025_0526_1101,0.0002000000000000668,0.5
KHT-XE5S,2025-08-16 17:00:00,9.0963,10.355,KHT-XE5S_2025_0526_1101,0.0,0.5
KHT-XE5S,2025-08-16 17:10:00,9.0943,10.355,KHT-XE5S_2025_0526_1101,0.0,0.5
KHT-XE5S,2025-08-16 17:20:00,9.0929,10.357,KHT-XE5S_2025_0526_1101,0.00019999999999988915,0.5
KHT-XE5S,2025-08-16 17:30:00,9.0933,10.354,KHT-XE5S_2025_0526_1101,0.00030000000000001136,0.5
KHT-XE5S,2025-08-16 17:40:00,9.0925,10.355,KHT-XE5S_2025_0526_1101,0.00010000000000012221,0.5
KHT-XE5S,2025-08-16 17:50:00,9.0935,10.355,KHT-XE5S_2025_0526_1101,0.0,0.5
KHT-XE5S,2025-08-16 18:00:00,9.0944,10.354,KHT-XE5S_2025_0526_1101,0.00010000000000012221,0.5
KHT-XE5S,2025-08-16 18:10:00,9.0957,10.355,KHT-XE5S_2025_0526_1101,0.00010000000000012221,0.5
KHT-XE5S,2025-08-16 18:20:00,9.0973,10.356,KHT-XE5S_2025_0526_1101,9.999999999994457e-05,0.5
KHT-XE5S,2025-08-16 18:30:00,9.0985,10.355,KHT-XE5S_2025_0526_1101,9.999999999994457e-05,0.5
KHT-XE5S,2025-08-16 18:40:00,9.101,10.354,KHT-XE5S_2025_0526_1101,0.00010000000000012221,0.5
KHT-XE5S,2025-08-16 18:50:00,9.1039,10.357,KHT-XE5S_2025_0526_1101,0.00030000000000001136,0.5
KHT-XE5S,2025-08-16 19:00:00,9.1057,10.354,KHT-XE5S_2025_0526_1101,0.00030000000000001136,0.5
KHT-XE5S,2025-08-16 19:10:00,9.1077,10.353,KHT-XE5S_2025_0526_1101,9.999999999994457e-05,0.5
KHT-XE5S,2025-08-16 19:20:00,9.1116,10.353,KHT-XE5S_2025_0526_1101,0.0,0.5
KHT-XE5S,2025-08-16 19:30:00,9.1143,10.353,KHT-XE5S_2025_0526_1101,0.0,0.5
KHT-XE5S,2025-08-16 19:40:00,9.1172,10.354,KHT-XE5S_2025_0526_1101,9.999999999994457e-05,0.5
KHT-XE5S,2025-08-16 19:50:00,9.1211,10.355,KHT-XE5S_2025_0526_1101,0.00010000000000012221,0.5
KHT-XE5S,2025-08-16 20:00:00,9.1238,10.354,KHT-XE5S_2025_0526_1101,0.00010000000000012221,0.5
KHT-XE5S,2025-08-16 20:10:00,9.128,10.355,KHT-XE5S_2025_0526_1101,0.00010000000000012221,0.5
KHT-XE5S,2025-08-16 20:20:00,9.1323,10.355,KHT-XE5S_2025_0526_1101,0.0,0.5
KHT-XE5S,2025-08-16 20:30:00,9.1365,10.355,KHT-XE5S_2025_0526_1101,0.0,0.5
KHT-XE5S,2025-08-16 20:40:00,9.1399,10.357,KHT-XE5S_2025_0526_1101,0.00019999999999988915,0.5
KHT-XE5S,2025-08-16 20:50:00,9.1437,10.356,KHT-XE5S_2025_0526_1101,9.999999999994457e-05,0.5
KHT-XE5S,2025-08-16 21:00:00,9.1466,10.357,KHT-XE5S_2025_0526_1101,9.999999999994457e-05,0.5
KHT-XE5S,2025-08-16 21:10:00,9.1498,10.355,KHT-XE5S_2025_0526_1101,0.00019999999999988915,0.5
KHT-XE5S,2025-08-16 21:20:00,9.1532,10.357,KHT-XE5S_2025_0526_1101,0.00019999999999988915,0.5
KHT-XE5S,2025-08-16 21:30:00,9.1561,10.357,KHT-XE5S_2025_0526_1101,0.0,0.5
KHT-XE5S,2025-08-16 21:40:00,9.1585,10.357,KHT-XE5S_2025_0526_1101,0.0,0.5
KHT-XE5S,2025-08-16 21:50:00,9.1605,10.358,KHT-XE5S_2025_0526_1101,0.00010000000000012221,0.5
KHT-XE5S,2025-08-16 22:00:00,9.1629,10.357,KHT-XE5S_2025_0526_1101,0.00010000000000012221,0.5
KHT-XE5S,2025-08-16 22:10:00,9.1653,10.358,KHT-XE5S_2025_0526_1101,0.00010000000000012221,0.5
KHT-XE5S,2025-08-16 22:20:00,9.1659,10.359,KHT-XE5S_2025_0526_1101,9.999999999994457e-05,0.5
KHT-XE5S,2025-08-16 22:30:00,9.1684,10.361,KHT-XE5S_2025_0526_1101,0.0002000000000000668,0.5
KHT-XE5S,2025-08-16 22:40:00,9.171,10.358,KHT-XE5S_2025_0526_1101,0.00030000000000001136,0.5
KHT-XE5S,2025-08-16 22:50:00,9.1734,10.359,KHT-XE5S_2025_0526_1101,9.999999999994457e-05,0.5
KHT-XE5S,2025-08-16 23:00:00,9.1757,10.359,KHT-XE5S_2025_0526_1101,0.0,0.5
KHT-XE5S,2025-08-16 23:10:00,9.1774,10.362,KHT-XE5S_2025_0526_1101,0.00030000000000001136,0.5
KHT-XE5S,2025-08-16 23:20:00,9.1805,10.36,KHT-XE5S_2025_0526_1101,0.0002000000000000668,0.5
KHT-XE5S,2025-08-16 23:30:00,9.1818,10.361,KHT-XE5S_2025_0526_1101,0.00010000000000012221,0.5
KHT-XE5S,2025-08-16 23:40:00,9.1843,10.359,KHT-XE5S_2025_0526_1101,0.0002000000000000668,0.5
KHT-XE5S,2025-08-16 23:50:00,9.1863,10.363,KHT-XE5S_2025_0526_1101,0.00039999999999995595,0.5
KHT-XE5S,2025-08-17 00:00:00,9.1875,10.361,KHT-XE5S_2025_0526_1101,0.00019999999999988915,0.5
KHT-XE5S,2025-08-17 00:10:00,9.1891,10.363,KHT-XE5S_2025_0526_1101,0.00019999999999988915,0.5
KHT-XE5S,2025-08-17 00:20:00,9.1905,10.363,KHT-XE5S_2025_0526_1101,0.0,0.5
KHT-XE5S,2025-08-17 00:30:00,9.1918,10.361,KHT-XE5S_2025_0526_1101,0.00019999999999988915,0.5
KHT-XE5S,2025-08-17 00:40:00,9.1931,10.363,KHT-XE5S_2025_0526_1101,0.00019999999999988915,0.5
KHT-XE5S,2025-08-17 00:50:00,9.1951,10.363,KHT-XE5S_2025_0526_1101,0.0,0.5
KHT-XE5S,2025-08-17 01:00:00,9.1966,10.363,KHT-XE5S_2025_0526_1101,0.0,0.5
KHT-XE5S,2025-08-17 01:10:00,9.1993,10.362,KHT-XE5S_2025_0526_1101,9.999999999994457e-05,0.5
KHT-XE5S,2025-08-17 01:20:00,9.2009,10.363,KHT-XE5S_2025_0526_1101,9.999999999994457e-05,0.5
KHT-XE5S,2025-08-17 01:30:00,9.2018,10.363,KHT-XE5S_2025_0526_1101,0.0,0.5
KHT-XE5S,2025-08-17 01:40:00,9.2035,10.362,KHT-XE5S_2025_0526_1101,9.999999999994457e-05,0.5
KHT-XE5S,2025-08-17 01:50:00,9.2057,10.365,KHT-XE5S_2025_0526_1101,0.00030000000000001136,0.5
KHT-XE5S,2025-08-17 02:00:00,9.2058,10.365,KHT-XE5S_2025_0526_1101,0.0,0.5
KHT-XE5S,2025-08-17 02:10:00,9.2076,10.363,KHT-XE5S_2025_0526_1101,0.0002000000000000668,0.5
KHT-XE5S,2025-08-17 02:20:00,9.2095,10.364,KHT-XE5S_2025_0526_1101,0.00010000000000012221,0.5
KHT-XE5S,2025-08-17 02:30:00,9.2109,10.366,KHT-XE5S_2025_0526_1101,0.00019999999999988915,0.5
KHT-XE5S,2025-08-17 02:40:00,9.2132,10.364,KHT-XE5S_2025_0526_1101,0.00019999999999988915,0.5
KHT-XE5S,2025-08-17 02:50:00,9.2145,10.366,KHT-XE5S_2025_0526_1101,0.00019999999999988915,0.5
KHT-XE5S,2025-08-17 03:00:00,9.2162,10.367,KHT-XE5S_2025_0526_1101,0.00010000000000012221,0.5
KHT-XE5S,2025-08-17 03:10:00,9.2172,10.367,KHT-XE5S_2025_0526_1101,0.0,0.5
KHT-XE5S,2025-08-17 03:20:00,9.2189,10.365,KHT-XE5S_2025_0526_1101,0.0002000000000000668,0.5
KHT-XE5S,2025-08-17 03:30:00,9.2198,10.366,KHT-XE5S_2025_0526_1101,9.999999999994457e-05,0.5
KHT-XE5S,2025-08-17 03:40:00,9.2215,10.368,KHT-XE5S_2025_0526_1101,0.0002000000000000668,0.5
KHT-XE5S,2025-08-17 03:50:00,9.2224,10.365,KHT-XE5S_2025_0526_1101,0.00030000000000001136,0.5
KHT-XE5S,2025-08-17 04:00:00,9.2234,10.369,KHT-XE5S_2025_0526_1101,0.00039999999999995595,0.5
KHT-XE5S,2025-08-17 04:10:00,9.2246,10.368,KHT-XE5S_2025_0526_1101,9.999999999994457e-05,0.5
KHT-XE5S,2025-08-17 04:20:00,9.2256,10.371,KHT-XE5S_2025_0526_1101,0.00030000000000001136,0.5
KHT-XE5S,2025-08-17 04:30:00,9.2264,10.368,KHT-XE5S_2025_0526_1101,0.00030000000000001136,0.5
KHT-XE5S,2025-08-17 04:40:00,9.2282,10.371,KHT-XE5S_2025_0526_1101,0.00030000000000001136,0.5
KHT-XE5S,2025-08-17 04:50:00,9.2284,10.371,KHT-XE5S_2025_0526_1101,0.0,0.5
KHT-XE5S,2025-08-17 05:00:00,9.2295,10.369,KHT-XE5S_2025_0526_1101,0.0002000000000000668,0.5
KHT-XE5S,2025-08-17 05:10:00,9.2301,10.368,KHT-XE5S_2025_0526_1101,9.999999999994457e-05,0.5
KHT-XE5S,2025-08-17 05:20:00,9.2321,10.37,KHT-XE5S_2025_0526_1101,0.00019999999999988915,0.5
KHT-XE5S,2025-08-17 05:30:00,9.2353,10.37,KHT-XE5S_2025_0526_1101,0.0,0.5
KHT-XE5S,2025-08-17 05:40:00,9.2373,10.371,KHT-XE5S_2025_0526_1101,0.00010000000000012221,0.5
KHT-XE5S,2025-08-17 05:50:00,9.2386,10.371,KHT-XE5S_2025_0526_1101,0.0,0.5
KHT-XE5S,2025-08-17 06:00:00,9.2411,10.37,KHT-XE5S_2025_0526_1101,0.00010000000000012221,0.5
KHT-XE5S,2025-08-17 06:10:00,9.2424,10.371,KHT-XE5S_2025_0526_1101,0.00010000000000012221,0.5
KHT-XE5S,2025-08-17 06:20:00,9.2437,10.369,KHT-XE5S_2025_0526_1101,0.0002000000000000668,0.5
KHT-XE5S,2025-08-17 06:30:00,9.2447,10.373,KHT-XE5S_2025_0526_1101,0.00039999999999995595,0.5
KHT-XE5S,2025-08-17 06:40:00,9.2459,10.372,KHT-XE5S_2025_0526_1101,9.999999999994457e-05,0.5
KHT-XE5S,2025-08-17 06:50:00,9.2476,10.373,KHT-XE5S_2025_0526_1101,9.999999999994457e-05,0.5
KHT-XE5S,2025-08-17 07:00:00,9.2485,10.373,KHT-XE5S_2025_0526_1101,0.0,0.5
KHT-XE5S,2025-08-17 07:10:00,9.2492,10.374,KHT-XE5S_2025_0526_1101,0.00010000000000012221,0.5
KHT-XE5S,2025-08-17 07:20:00,9.2504,10.373,KHT-XE5S_2025_0526_1101,0.00010000000000012221,0.5
KHT-XE5S,2025-08-17 07:30:00,9.2518,10.372,KHT-XE5S_2025_0526_1101,9.999999999994457e-05,0.5
KHT-XE5S,2025-08-17 07:40:00,9.2532,10.374,KHT-XE5S_2025_0526_1101,0.0002000000000000668,0.5
KHT-XE5S,2025-08-17 07:50:00,9.2543,10.373,KHT-XE5S_2025_0526_1101,0.00010000000000012221,0.5
KHT-XE5S,2025-08-17 08:00:00,9.2547,10.373,KHT-XE5S_2025_0526_1101,0.0,0.5
KHT-XE5S,2025-08-17 08:10:00,9.2554,10.375,KHT-XE5S_2025_0526_1101,0.0002000000000000668,0.5
KHT-XE5S,2025-08-17 08:20:00,9.2555,10.374,KHT-XE5S_2025_0526_1101,9.999999999994457e-05,0.5
KHT-XE5S,2025-08-17 08:30:00,9.2553,10.375,KHT-XE5S_2025_0526_1101,9.999999999994457e-05,0.5
KHT-XE5S,2025-08-17 08:40:00,9.2553,10.375,KHT-XE5S_2025_0526_1101,0.0,0.5
KHT-XE5S,2025-08-17 08:50:00,9.2548,10.375,KHT-XE5S_2025_0526_1101,0.0,0.5
KHT-XE5S,2025-08-17 09:00:00,9.2542,10.377,KHT-XE5S_2025_0526_1101,0.0002000000000000668,0.5
KHT-XE5S,2025-08-17 09:10:00,9.2529,10.377,KHT-XE5S_2025_0526_1101,0.0,0.5
KHT-XE5S,2025-08-17 09:20:00,9.2511,10.376,KHT-XE5S_2025_0526_1101,0.00010000000000012221,0.5
KHT-XE5S,2025-08-17 09:30:00,9.2499,10.379,KHT-XE5S_2025_0526_1101,0.00030000000000001136,0.5
KHT-XE5S,2025-08-17 09:40:00,9.2477,10.379,KHT-XE5S_2025_0526_1101,0.0,0.5
KHT-XE5S,2025-08-17 09:50:00,9.2465,10.38,KHT-XE5S_2025_0526_1101,0.00010000000000012221,0.5
KHT-XE5S,2025-08-17 10:00:00,9.2447,10.381,KHT-XE5S_2025_0526_1101,9.999999999994457e-05,0.5
KHT-XE5S,2025-08-17 10:10:00,9.2438,10.38,KHT-XE5S_2025_0526_1101,9.999999999994457e-05,0.5
KHT-XE5S,2025-08-17 10:20:00,9.2406,10.38,KHT-XE5S_2025_0526_1101,0.0,0.5
KHT-XE5S,2025-08-17 10:30:00,9.2382,10.383,KHT-XE5S_2025_0526_1101,0.0002999999999998337,0.5
KHT-XE5S,2025-08-17 10:40:00,9.2345,10.381,KHT-XE5S_2025_0526_1101,0.00019999999999988915,0.5
KHT-XE5S,2025-08-17 10:50:00,9.2315,10.383,KHT-XE5S_2025_0526_1101,0.00019999999999988915,0.5
KHT-XE5S,2025-08-17 11:00:00,9.2281,10.384,KHT-XE5S_2025_0526_1101,0.00010000000000012221,0.5
KHT-XE5S,2025-08-17 11:10:00,9.2241,10.383,KHT-XE5S_2025_0526_1101,0.00010000000000012221,0.5
KHT-XE5S,2025-08-17 11:20:00,9.2214,10.384,KHT-XE5S_2025_0526_1101,0.00010000000000012221,0.5
KHT-XE5S,2025-08-17 11:30:00,9.2173,10.385,KHT-XE5S_2025_0526_1101,9.999999999994457e-05,0.5
KHT-XE5S,2025-08-17 11:40:00,9.2137,10.386,KHT-XE5S_2025_0526_1101,9.999999999994457e-05,0.5
KHT-XE5S,2025-08-17 11:50:00,9.2112,10.385,KHT-XE5S_2025_0526_1101,9.999999999994457e-05,0.5
KHT-XE5S,2025-08-17 12:00:00,9.2084,10.384,KHT-XE5S_2025_0526_1101,9.999999999994457e-05,0.5
KHT-XE5S,2025-08-17 12:10:00,9.2066,10.383,KHT-XE5S_2025_0526_1101,0.00010000000000012221,0.5
KHT-XE5S,2025-08-17 12:20:00,9.2029,10.386,KHT-XE5S_2025_0526_1101,0.00030000000000001136,0.5
KHT-XE5S,2025-08-17 12:30:00,9.1998,10.383,KHT-XE5S_2025_0526_1101,0.00030000000000001136,0.5
KHT-XE5S,2025-08-17 12:40:00,9.1977,10.383,KHT-XE5S_2025_0526_1101,0.0,0.5
KHT-XE5S,2025-08-17 12:50:00,9.1941,10.386,KHT-XE5S_2025_0526_1101,0.00030000000000001136,0.5
KHT-XE5S,2025-08-17 13:00:00,9.1917,10.385,KHT-XE5S_2025_0526_1101,9.999999999994457e-05,0.5
KHT-XE5S,2025-08-17 13:10:00,9.1877,10.386,KHT-XE5S_2025_0526_1101,9.999999999994457e-05,0.5
KHT-XE5S,2025-08-17 13:20:00,9.1833,10.386,KHT-XE5S_2025_0526_1101,0.0,0.5
KHT-XE5S,2025-08-17 13:30:00,9.1791,10.385,KHT-XE5S_2025_0526_1101,9.999999999994457e-05,0.5
KHT-XE5S,2025-08-17 13:40:00,9.1752,10.389,KHT-XE5S_2025_0526_1101,0.00039999999999995595,0.5
KHT-XE5S,2025-08-17 13:50:00,9.1713,10.389,KHT-XE5S_2025_0526_1101,0.0,0.5
KHT-XE5S,2025-08-17 14:00:00,9.1673,10.388,KHT-XE5S_2025_0526_1101,9.999999999994457e-05,0.5
KHT-XE5S,2025-08-17 14:10:00,9.1632,10.39,KHT-XE5S_2025_0526_1101,0.0002000000000000668,0.5
KHT-XE5S,2025-08-17 14:20:00,9.1589,10.391,KHT-XE5S_2025_0526_1101,9.999999999994457e-05,0.5
KHT-XE5S,2025-08-17 14:30:00,9.1543,10.388,KHT-XE5S_2025_0526_1101,0.00030000000000001136,0.5
KHT-XE5S,2025-08-17 14:40:00,9.1515,10.388,KHT-XE5S_2025_0526_1101,0.0,0.5
KHT-XE5S,2025-08-17 14:50:00,9.1462,10.388,KHT-XE5S_2025_0526_1101,0.0,0.5
KHT-XE5S,2025-08-17 15:00:00,9.142,10.389,KHT-XE5S_2025_0526_1101,9.999999999994457e-05,0.5
KHT-XE5S,2025-08-17 15:10:00,9.1383,10.39,KHT-XE5S_2025_0526_1101,0.00010000000000012221,0.5
KHT-XE5S,2025-08-17 15:20:00,9.1348,10.392,KHT-XE5S_2025_0526_1101,0.00019999999999988915,0.5
KHT-XE5S,2025-08-17 15:30:00,9.1311,10.393,KHT-XE5S_2025_0526_1101,0.00010000000000012221,0.5
KHT-XE5S,2025-08-17 15:40:00,9.127,10.392,KHT-XE5S_2025_0526_1101,0.00010000000000012221,0.5
KHT-XE5S,2025-08-17 15:50:00,9.1242,10.393,KHT-XE5S_2025_0526_1101,0.00010000000000012221,0.5
KHT-XE5S,2025-08-17 16:00:00,9.1197,10.393,KHT-XE5S_2025_0526_1101,0.0,0.5
KHT-XE5S,2025-08-17 16:10:00,9.1182,10.393,KHT-XE5S_2025_0526_1101,0.0,0.5
KHT-XE5S,2025-08-17 16:20:00,9.1152,10.394,KHT-XE5S_2025_0526_1101,9.999999999994457e-05,0.5
KHT-XE5S,2025-08-17 16:30:00,9.113,10.394,KHT-XE5S_2025_0526_1101,0.0,0.5
KHT-XE5S,2025-08-17 16:40:00,9.11,10.394,KHT-XE5S_2025_0526_1101,0.0,0.5
KHT-XE5S,2025-08-17 16:50:00,9.1078,10.393,KHT-XE5S_2025_0526_1101,9.999999999994457e-05,0.5
KHT-XE5S,2025-08-17 17:00:00,9.1062,10.393,KHT-XE5S_2025_0526_1101,0.0,0.5
KHT-XE5S,2025-08-17 17:10:00,9.1046,10.394,KHT-XE5S_2025_0526_1101,9.999999999994457e-05,0.5
KHT-XE5S,2025-08-17 17:20:00,9.1035,10.393,KHT-XE5S_2025_0526_1101,9.999999999994457e-05,0.5
KHT-XE5S,2025-08-17 17:30:00,9.1026,10.393,KHT-XE5S_2025_0526_1101,0.0,0.5
KHT-XE5S,2025-08-17 17:40:00,9.1014,10.394,KHT-XE5S_2025_0526_1101,9.999999999994457e-05,0.5
KHT-XE5S,2025-08-17 17:50:00,9.1009,10.393,KHT-XE5S_2025_0526_1101,9.999999999994457e-05,0.5
KHT-XE5S,2025-08-17 18:00:00,9.1014,10.394,KHT-XE5S_2025_0526_1101,9.999999999994457e-05,0.5
KHT-XE5S,2025-08-17 18:10:00,9.1015,10.393,KHT-XE5S_2025_0526_1101,9.999999999994457e-05,0.5
KHT-XE5S,2025-08-17 18:20:00,9.1022,10.394,KHT-XE5S_2025_0526_1101,9.999999999994457e-05,0.5
KHT-XE5S,2025-08-17 18:30:00,9.1037,10.393,KHT-XE5S_2025_0526_1101,9.999999999994457e-05,0.5
KHT-XE5S,2025-08-17 18:40:00,9.105,10.393,KHT-XE5S_2025_0526_1101,0.0,0.5
KHT-XE5S,2025-08-17 18:50:00,9.1067,10.392,KHT-XE5S_2025_0526_1101,0.00010000000000012221,0.5
KHT-XE5S,2025-08-17 19:00:00,9.1091,10.391,KHT-XE5S_2025_0526_1101,9.999999999994457e-05,0.5
KHT-XE5S,2025-08-17 19:10:00,9.1112,10.392,KHT-XE5S_2025_0526_1101,9.999999999994457e-05,0.5
KHT-XE5S,2025-08-17 19:20:00,9.1135,10.393,KHT-XE5S_2025_0526_1101,0.00010000000000012221,0.5
KHT-XE5S,2025-08-17 19:30:00,9.1166,10.394,KHT-XE5S_2025_0526_1101,9.999999999994457e-05,0.5
KHT-XE5S,2025-08-17 19:40:00,9.1188,10.393,KHT-XE5S_2025_0526_1101,9.999999999994457e-05,0.5
KHT-XE5S,2025-08-17 19:50:00,9.1217,10.392,KHT-XE5S_2025_0526_1101,0.00010000000000012221,0.5
KHT-XE5S,2025-08-17 20:00:00,9.1248,10.393,KHT-XE5S_2025_0526_1101,0.00010000000000012221,0.5
KHT-XE5S,2025-08-17 20:10:00,9.1268,10.392,KHT-XE5S_2025_0526_1101,0.00010000000000012221,0.5
KHT-XE5S,2025-08-17 20:20:00,9.13,10.392,KHT-XE5S_2025_0526_1101,0.0,0.5
KHT-XE5S,2025-08-17 20:30:00,9.1333,10.392,KHT-XE5S_2025_0526_1101,0.0,0.5
KHT-XE5S,2025-08-17 20:40:00,9.1363,10.394,KHT-XE5S_2025_0526_1101,0.0002000000000000668,0.5
KHT-XE5S,2025-08-17 20:50:00,9.1393,10.394,KHT-XE5S_2025_0526_1101,0.0,0.5
KHT-XE5S,2025-08-17 21:00:00,9.1431,10.394,KHT-XE5S_2025_0526_1101,0.0,0.5
KHT-XE5S,2025-08-17 21:10:00,9.1458,10.395,KHT-XE5S_2025_0526_1101,9.999999999994457e-05,0.5
KHT-XE5S,2025-08-17 21:20:00,9.149,10.394,KHT-XE5S_2025_0526_1101,9.999999999994457e-05,0.5
KHT-XE5S,2025-08-17 21:30:00,9.1506,10.395,KHT-XE5S_2025_0526_1101,9.999999999994457e-05,0.5
KHT-XE5S,2025-08-17 21:40:00,9.153,10.398,KHT-XE5S_2025_0526_1101,0.00030000000000001136,0.5
KHT-XE5S,2025-08-17 21:50:00,9.1546,10.396,KHT-XE5S_2025_0526_1101,0.00019999999999988915,0.5
KHT-XE5S,2025-08-17 22:00:00,9.1564,10.396,KHT-XE5S_2025_0526_1101,0.0,0.5
KHT-XE5S,2025-08-17 22:10:00,9.1592,10.396,KHT-XE5S_2025_0526_1101,0.0,0.5
KHT-XE5S,2025-08-17 22:20:00,9.1617,10.397,KHT-XE5S_2025_0526_1101,9.999999999994457e-05,0.5
KHT-XE5S,2025-08-17 22:30:00,9.1636,10.396,KHT-XE5S_2025_0526_1101,9.999999999994457e-05,0.5
KHT-XE5S,2025-08-17 22:40:00,9.1651,10.398,KHT-XE5S_2025_0526_1101,0.00019999999999988915,0.5
KHT-XE5S,2025-08-17 22:50:00,9.1683,10.396,KHT-XE5S_2025_0526_1101,0.00019999999999988915,0.5
KHT-XE5S,2025-08-17 23:00:00,9.1703,10.398,KHT-XE5S_2025_0526_1101,0.00019999999999988915,0.5
KHT-XE5S,2025-08-17 23:10:00,9.1727,10.399,KHT-XE5S_2025_0526_1101,9.999999999994457e-05,0.5
KHT-XE5S,2025-08-17 23:20:00,9.1743,10.399,KHT-XE5S_2025_0526_1101,0.0,0.5
KHT-XE5S,2025-08-17 23:30:00,9.176,10.398,KHT-XE5S_2025_0526_1101,9.999999999994457e-05,0.5
KHT-XE5S,2025-08-17 23:40:00,9.1777,10.398,KHT-XE5S_2025_0526_1101,0.0,0.5
KHT-XE5S,2025-08-17 23:50:00,9.1791,10.398,KHT-XE5S_2025_0526_1101,0.0,0.5
KHT-XE5S,2025-08-18 00:00:00,9.1812,10.401,KHT-XE5S_2025_0526_1101,0.00030000000000001136,0.5
KHT-XE5S,2025-08-18 00:10:00,9.1835,10.4,KHT-XE5S_2025_0526_1101,9.999999999994457e-05,0.5
KHT-XE5S,2025-08-18 00:20:00,9.1852,10.4,KHT-XE5S_2025_0526_1101,0.0,0.5
KHT-XE5S,2025-08-18 00:30:00,9.1866,10.399,KHT-XE5S_2025_0526_1101,0.00010000000000012221,0.5
KHT-XE5S,2025-08-18 00:40:00,9.1877,10.402,KHT-XE5S_2025_0526_1101,0.00030000000000001136,0.5
KHT-XE5S,2025-08-18 00:50:00,9.189,10.403,KHT-XE5S_2025_0526_1101,0.00010000000000012221,0.5
KHT-XE5S,2025-08-18 01:00:00,9.1915,10.4,KHT-XE5S_2025_0526_1101,0.00030000000000001136,0.5
KHT-XE5S,2025-08-18 01:10:00,9.193,10.4,KHT-XE5S_2025_0526_1101,0.0,0.5
KHT-XE5S,2025-08-18 01:20:00,9.1948,10.401,KHT-XE5S_2025_0526_1101,9.999999999994457e-05,0.5
KHT-XE5S,2025-08-18 01:30:00,9.1966,10.402,KHT-XE5S_2025_0526_1101,9.999999999994457e-05,0.5
KHT-XE5S,2025-08-18 01:40:00,9.1986,10.402,KHT-XE5S_2025_0526_1101,0.0,0.5
KHT-XE5S,2025-08-18 01:50:00,9.2001,10.403,KHT-XE5S_2025_0526_1101,0.00010000000000012221,0.5
KHT-XE5S,2025-08-18 02:00:00,9.2015,10.402,KHT-XE5S_2025_0526_1101,0.00010000000000012221,0.5
KHT-XE5S,2025-08-18 02:10:00,9.2029,10.405,KHT-XE5S_2025_0526_1101,0.00030000000000001136,0.5
KHT-XE5S,2025-08-18 02:20:00,9.2044,10.404,KHT-XE5S_2025_0526_1101,9.999999999994457e-05,0.5
KHT-XE5S,2025-08-18 02:30:00,9.2054,10.404,KHT-XE5S_2025_0526_1101,0.0,0.5
KHT-XE5S,2025-08-18 02:40:00,9.2068,10.403,KHT-XE5S_2025_0526_1101,9.999999999994457e-05,0.5
KHT-XE5S,2025-08-18 02:50:00,9.2084,10.404,KHT-XE5S_2025_0526_1101,9.999999999994457e-05,0.5
KHT-XE5S,2025-08-18 03:00:00,9.2099,10.404,KHT-XE5S_2025_0526_1101,0.0,0.5
KHT-XE5S,2025-08-18 03:10:00,9.2121,10.404,KHT-XE5S_2025_0526_1101,0.0,0.5
KHT-XE5S,2025-08-18 03:20:00,9.2137,10.404,KHT-XE5S_2025_0526_1101,0.0,0.5
KHT-XE5S,2025-08-18 03:30:00,9.2147,10.405,KHT-XE5S_2025_0526_1101,9.999999999994457e-05,0.5
KHT-XE5S,2025-08-18 03:40:00,9.2156,10.406,KHT-XE5S_2025_0526_1101,0.00010000000000012221,0.5
KHT-XE5S,2025-08-18 03:50:00,9.2178,10.406,KHT-XE5S_2025_0526_1101,0.0,0.5
KHT-XE5S,2025-08-18 04:00:00,9.219,10.407,KHT-XE5S_2025_0526_1101,9.999999999994457e-05,0.5
KHT-XE5S,2025-08-18 04:10:00,9.2213,10.405,KHT-XE5S_2025_0526_1101,0.0002000000000000668,0.5
KHT-XE5S,2025-08-18 04:20:00,9.2228,10.407,KHT-XE5S_2025_0526_1101,0.0002000000000000668,0.5
KHT-XE5S,2025-08-18 04:30:00,9.2231,10.407,KHT-XE5S_2025_0526_1101,0.0,0.5
KHT-XE5S,2025-08-18 04:40:00,9.2243,10.406,KHT-XE5S_2025_0526_1101,9.999999999994457e-05,0.5
KHT-XE5S,2025-08-18 04:50:00,9.2254,10.406,KHT-XE5S_2025_0526_1101,0.0,0.5
KHT-XE5S,2025-08-18 05:00:00,9.2257,10.408,KHT-XE5S_2025_0526_1101,0.00019999999999988915,0.5
KHT-XE5S,2025-08-18 05:10:00,9.2275,10.41,KHT-XE5S_2025_0526_1101,0.0002000000000000668,0.5
KHT-XE5S,2025-08-18 05:20:00,9.2291,10.406,KHT-XE5S_2025_0526_1101,0.00039999999999995595,0.5
KHT-XE5S,2025-08-18 05:30:00,9.2311,10.408,KHT-XE5S_2025_0526_1101,0.00019999999999988915,0.5
KHT-XE5S,2025-08-18 05:40:00,9.2329,10.407,KHT-XE5S_2025_0526_1101,9.999999999994457e-05,0.5
KHT-XE5S,2025-08-18 05:50:00,9.2345,10.406,KHT-XE5S_2025_0526_1101,9.999999999994457e-05,0.5
KHT-XE5S,2025-08-18 06:00:00,9.2371,10.407,KHT-XE5S_2025_0526_1101,9.999999999994457e-05,0.5
KHT-XE5S,2025-08-18 06:10:00,9.2395,10.409,KHT-XE5S_2025_0526_1101,0.0002000000000000668,0.5
KHT-XE5S,2025-08-18 06:20:00,9.2416,10.409,KHT-XE5S_2025_0526_1101,0.0,0.5
KHT-XE5S,2025-08-18 06:30:00,9.2431,10.41,KHT-XE5S_2025_0526_1101,9.999999999994457e-05,0.5
KHT-XE5S,2025-08-18 06:40:00,9.2442,10.409,KHT-XE5S_2025_0526_1101,9.999999999994457e-05,0.5
KHT-XE5S,2025-08-18 06:50:00,9.2461,10.41,KHT-XE5S_2025_0526_1101,9.999999999994457e-05,0.5
KHT-XE5S,2025-08-18 07:00:00,9.2479,10.411,KHT-XE5S_2025_0526_1101,9.999999999994457e-05,0.5
KHT-XE5S,2025-08-18 07:10:00,9.2495,10.41,KHT-XE5S_2025_0526_1101,9.999999999994457e-05,0.5
KHT-XE5S,2025-08-18 07:20:00,9.2503,10.41,KHT-XE5S_2025_0526_1101,0.0,0.5
KHT-XE5S,2025-08-18 07:30:00,9.2515,10.41,KHT-XE5S_2025_0526_1101,0.0,0.5
KHT-XE5S,2025-08-18 07:40:00,9.2524,10.413,KHT-XE5S_2025_0526_1101,0.00030000000000001136,0.5
KHT-XE5S,2025-08-18 07:50:00,9.2533,10.412,KHT-XE5S_2025_0526_1101,9.999999999994457e-05,0.5
KHT-XE5S,2025-08-18 08:00:00,9.2543,10.412,KHT-XE5S_2025_0526_1101,0.0,0.5
KHT-XE5S,2025-08-18 08:10:00,9.2562,10.412,KHT-XE5S_2025_0526_1101,0.0,0.5
KHT-XE5S,2025-08-18 08:20:00,9.2563,10.414,KHT-XE5S_2025_0526_1101,0.00019999999999988915,0.5
KHT-XE5S,2025-08-18 08:30:00,9.2564,10.412,KHT-XE5S_2025_0526_1101,0.00019999999999988915,0.5
KHT-XE5S,2025-08-18 08:40:00,9.2558,10.413,KHT-XE5S_2025_0526_1101,9.999999999994457e-05,0.5
KHT-XE5S,2025-08-18 08:50:00,9.2545,10.413,KHT-XE5S_2025_0526_1101,0.0,0.5
KHT-XE5S,2025-08-18 09:00:00,9.2543,10.414,KHT-XE5S_2025_0526_1101,9.999999999994457e-05,0.5
KHT-XE5S,2025-08-18 09:10:00,9.2533,10.414,KHT-XE5S_2025_0526_1101,0.0,0.5
KHT-XE5S,2025-08-18 09:20:00,9.2531,10.415,KHT-XE5S_2025_0526_1101,9.999999999994457e-05,0.5
KHT-XE5S,2025-08-18 09:30:00,9.252,10.416,KHT-XE5S_2025_0526_1101,0.00010000000000012221,0.5
KHT-XE5S,2025-08-18 09:40:00,9.2499,10.417,KHT-XE5S_2025_0526_1101,9.999999999994457e-05,0.5
KHT-XE5S,2025-08-18 09:50:00,9.248,10.416,KHT-XE5S_2025_0526_1101,9.999999999994457e-05,0.5
KHT-XE5S,2025-08-18 10:00:00,9.2455,10.417,KHT-XE5S_2025_0526_1101,9.999999999994457e-05,0.5
KHT-XE5S,2025-08-18 10:10:00,9.2431,10.416,KHT-XE5S_2025_0526_1101,9.999999999994457e-05,0.5
KHT-XE5S,2025-08-18 10:20:00,9.2404,10.419,KHT-XE5S_2025_0526_1101,0.00030000000000001136,0.5
KHT-XE5S,2025-08-18 10:30:00,9.2379,10.416,KHT-XE5S_2025_0526_1101,0.00030000000000001136,0.5
KHT-XE5S,2025-08-18 10:40:00,9.2353,10.419,KHT-XE5S_2025_0526_1101,0.00030000000000001136,0.5
KHT-XE5S,2025-08-18 10:50:00,9.2333,10.419,KHT-XE5S_2025_0526_1101,0.0,0.5
KHT-XE5S,2025-08-18 11:00:00,9.2296,10.419,KHT-XE5S_2025_0526_1101,0.0,0.5
KHT-XE5S,2025-08-18 11:10:00,9.2264,10.419,KHT-XE5S_2025_0526_1101,0.0,0.5
KHT-XE5S,2025-08-18 11:20:00,9.2241,10.419,KHT-XE5S_2025_0526_1101,0.0,0.5
KHT-XE5S,2025-08-18 11:30:00,9.2208,10.42,KHT-XE5S_2025_0526_1101,9.999999999994457e-05,0.5
KHT-XE5S,2025-08-18 11:40:00,9.2161,10.421,KHT-XE5S_2025_0526_1101,9.999999999994457e-05,0.5
KHT-XE5S,2025-08-18 11:50:00,9.213,10.421,KHT-XE5S_2025_0526_1101,0.0,0.5
KHT-XE5S,2025-08-18 12:00:00,9.2097,10.421,KHT-XE5S_2025_0526_1101,0.0,0.5
KHT-XE5S,2025-08-18 12:10:00,9.2062,10.422,KHT-XE5S_2025_0526_1101,0.00010000000000012221,0.5
KHT-XE5S,2025-08-18 12:20:00,9.2014,10.423,KHT-XE5S_2025_0526_1101,9.999999999994457e-05,0.5
KHT-XE5S,2025-08-18 12:30:00,9.1973,10.422,KHT-XE5S_2025_0526_1101,9.999999999994457e-05,0.5
KHT-XE5S,2025-08-18 12:40:00,9.1926,10.423,KHT-XE5S_2025_0526_1101,9.999999999994457e-05,0.5
KHT-XE5S,2025-08-18 12:50:00,9.1898,10.422,KHT-XE5S_2025_0526_1101,9.999999999994457e-05,0.5
KHT-XE5S,2025-08-18 13:00:00,9.1853,10.424,KHT-XE5S_2025_0526_1101,0.00019999999999988915,0.5
KHT-XE5S,2025-08-18 13:10:00,9.1813,10.423,KHT-XE5S_2025_0526_1101,9.999999999994457e-05,0.5
KHT-XE5S,2025-08-18 13:20:00,9.1766,10.423,KHT-XE5S_2025_0526_1101,0.0,0.5
KHT-XE5S,2025-08-18 13:30:00,9.1729,10.425,KHT-XE5S_2025_0526_1101,0.0002000000000000668,0.5
KHT-XE5S,2025-08-18 13:40:00,9.1697,10.426,KHT-XE5S_2025_0526_1101,9.999999999994457e-05,0.5
KHT-XE5S,2025-08-18 13:50:00,9.1656,10.425,KHT-XE5S_2025_0526_1101,9.999999999994457e-05,0.5
KHT-XE5S,2025-08-18 14:00:00,9.1606,10.427,KHT-XE5S_2025_0526_1101,0.00019999999999988915,0.5
KHT-XE5S,2025-08-18 14:10:00,9.1582,10.424,KHT-XE5S_2025_0526_1101,0.00030000000000001136,0.5
KHT-XE5S,2025-08-18 14:20:00,9.1535,10.428,KHT-XE5S_2025_0526_1101,0.0004000000000001336,0.5
KHT-XE5S,2025-08-18 14:30:00,9.1501,10.428,KHT-XE5S_2025_0526_1101,0.0,0.5
KHT-XE5S,2025-08-18 14:40:00,9.147,10.428,KHT-XE5S_2025_0526_1101,0.0,0.5
KHT-XE5S,2025-08-18 14:50:00,9.1416,10.426,KHT-XE5S_2025_0526_1101,0.0002000000000000668,0.5
KHT-XE5S,2025-08-18 15:00:00,9.1394,10.429,KHT-XE5S_2025_0526_1101,0.00030000000000001136,0.5
KHT-XE5S,2025-08-18 15:10:00,9.1342,10.427,KHT-XE5S_2025_0526_1101,0.0002000000000000668,0.5
KHT-XE5S,2025-08-18 15:20:00,9.1303,10.429,KHT-XE5S_2025_0526_1101,0.0002000000000000668,0.5
KHT-XE5S,2025-08-18 15:30:00,9.1293,10.429,KHT-XE5S_2025_0526_1101,0.0,0.5
KHT-XE5S,2025-08-18 15:40:00,9.1249,10.429,KHT-XE5S_2025_0526_1101,0.0,0.5
KHT-XE5S,2025-08-18 15:50:00,9.1231,10.429,KHT-XE5S_2025_0526_1101,0.0,0.5
KHT-XE5S,2025-08-18 16:00:00,9.1191,10.429,KHT-XE5S_2025_0526_1101,0.0,0.5
KHT-XE5S,2025-08-18 16:10:00,9.1159,10.429,KHT-XE5S_2025_0526_1101,0.0,0.5
KHT-XE5S,2025-08-18 16:20:00,9.1128,10.429,KHT-XE5S_2025_0526_1101,0.0,0.5
KHT-XE5S,2025-08-18 16:30:00,9.1098,10.43,KHT-XE5S_2025_0526_1101,9.999999999994457e-05,0.5
KHT-XE5S,2025-08-18 16:40:00,9.1079,10.432,KHT-XE5S_2025_0526_1101,0.0002000000000000668,0.5
KHT-XE5S,2025-08-18 16:50:00,9.1056,10.431,KHT-XE5S_2025_0526_1101,0.00010000000000012221,0.5
KHT-XE5S,2025-08-18 17:00:00,9.1035,10.431,KHT-XE5S_2025_0526_1101,0.0,0.5
KHT-XE5S,2025-08-18 17:10:00,9.1022,10.431,KHT-XE5S_2025_0526_1101,0.0,0.5
KHT-XE5S,2025-08-18 17:20:00,9.0999,10.43,KHT-XE5S_2025_0526_1101,9.999999999994457e-05,0.5
KHT-XE5S,2025-08-18 17:30:00,9.0978,10.43,KHT-XE5S_2025_0526_1101,0.0,0.5
KHT-XE5S,2025-08-18 17:40:00,9.0971,10.43,KHT-XE5S_2025_0526_1101,0.0,0.5
KHT-XE5S,2025-08-18 17:50:00,9.0964,10.43,KHT-XE5S_2025_0526_1101,0.0,0.5
KHT-XE5S,2025-08-18 18:00:00,9.0964,10.43,KHT-XE5S_2025_0526_1101,0.0,0.5
KHT-XE5S,2025-08-18 18:10:00,9.0961,10.429,KHT-XE5S_2025_0526_1101,9.999999999994457e-05,0.5
KHT-XE5S,2025-08-18 18:20:00,9.0984,10.428,KHT-XE5S_2025_0526_1101,9.999999999994457e-05,0.5
KHT-XE5S,2025-08-18 18:30:00,9.0992,10.431,KHT-XE5S_2025_0526_1101,0.0002999999999998337,0.5
KHT-XE5S,2025-08-18 18:40:00,9.1002,10.429,KHT-XE5S_2025_0526_1101,0.00019999999999988915,0.5
KHT-XE5S,2025-08-18 18:50:00,9.1023,10.429,KHT-XE5S_2025_0526_1101,0.0,0.5
KHT-XE5S,2025-08-18 19:00:00,9.1054,10.429,KHT-XE5S_2025_0526_1101,0.0,0.5
KHT-XE5S,2025-08-18 19:10:00,9.1078,10.43,KHT-XE5S_2025_0526_1101,9.999999999994457e-05,0.5
KHT-XE5S,2025-08-18 19:20:00,9.1106,10.429,KHT-XE5S_2025_0526_1101,9.999999999994457e-05,0.5
KHT-XE5S,2025-08-18 19:30:00,9.113,10.429,KHT-XE5S_2025_0526_1101,0.0,0.5
KHT-XE5S,2025-08-18 19:40:00,9.1149,10.429,KHT-XE5S_2025_0526_1101,0.0,0.5
KHT-XE5S,2025-08-18 19:50:00,9.1175,10.43,KHT-XE5S_2025_0526_1101,9.999999999994457e-05,0.5
KHT-XE5S,2025-08-18 20:00:00,9.1211,10.432,KHT-XE5S_2025_0526_1101,0.0002000000000000668,0.5
KHT-XE5S,2025-08-18 20:10:00,9.1237,10.43,KHT-XE5S_2025_0526_1101,0.0002000000000000668,0.5
KHT-XE5S,2025-08-18 20:20:00,9.126,10.429,KHT-XE5S_2025_0526_1101,9.999999999994457e-05,0.5
KHT-XE5S,2025-08-18 20:30:00,9.1292,10.432,KHT-XE5S_2025_0526_1101,0.00030000000000001136,0.5
KHT-XE5S,2025-08-18 20:40:00,9.1318,10.432,KHT-XE5S_2025_0526_1101,0.0,0.5
KHT-XE5S,2025-08-18 20:50:00,9.1357,10.431,KHT-XE5S_2025_0526_1101,0.00010000000000012221,0.5
KHT-XE5S,2025-08-18 21:00:00,9.1386,10.434,KHT-XE5S_2025_0526_1101,0.00030000000000001136,0.5
KHT-XE5S,2025-08-18 21:10:00,9.1421,10.431,KHT-XE5S_2025_0526_1101,0.00030000000000001136,0.5
KHT-XE5S,2025-08-18 21:20:00,9.1462,10.432,KHT-XE5S_2025_0526_1101,0.00010000000000012221,0.5
KHT-XE5S,2025-08-18 21:30:00,9.1493,10.431,KHT-XE5S_2025_0526_1101,0.00010000000000012221,0.5
KHT-XE5S,2025-08-18 21:40:00,9.1525,10.432,KHT-XE5S_2025_0526_1101,0.00010000000000012221,0.5
KHT-XE5S,2025-08-18 21:50:00,9.155,10.431,KHT-XE5S_2025_0526_1101,0.00010000000000012221,0.5
KHT-XE5S,2025-08-18 22:00:00,9.1563,10.432,KHT-XE5S_2025_0526_1101,0.00010000000000012221,0.5
KHT-XE5S,2025-08-18 22:10:00,9.1593,10.433,KHT-XE5S_2025_0526_1101,9.999999999994457e-05,0.5
KHT-XE5S,2025-08-18 22:20:00,9.1613,10.433,KHT-XE5S_2025_0526_1101,0.0,0.5
KHT-XE5S,2025-08-18 22:30:00,9.1638,10.433,KHT-XE5S_2025_0526_1101,0.0,0.5
KHT-XE5S,2025-08-18 22:40:00,9.1666,10.433,KHT-XE5S_2025_0526_1101,0.0,0.5
KHT-XE5S,2025-08-18 22:50:00,9.1709,10.432,KHT-XE5S_2025_0526_1101,9.999999999994457e-05,0.5
KHT-XE5S,2025-08-18 23:00:00,9.1743,10.433,KHT-XE5S_2025_0526_1101,9.999999999994457e-05,0.5
KHT-XE5S,2025-08-18 23:10:00,9.1769,10.435,KHT-XE5S_2025_0526_1101,0.0002000000000000668,0.5
KHT-XE5S,2025-08-18 23:20:00,9.1798,10.435,KHT-XE5S_2025_0526_1101,0.0,0.5
KHT-XE5S,2025-08-18 23:30:00,9.182,10.435,KHT-XE5S_2025_0526_1101,0.0,0.5
KHT-XE5S,2025-08-18 23:40:00,9.1845,10.433,KHT-XE5S_2025_0526_1101,0.0002000000000000668,0.5
KHT-XE5S,2025-08-18 23:50:00,9.1871,10.435,KHT-XE5S_2025_0526_1101,0.0002000000000000668,0.5
KHT-XE5S,2025-08-19 00:00:00,9.1895,10.435,KHT-XE5S_2025_0526_1101,0.0,0.5
KHT-XE5S,2025-08-19 00:10:00,9.1917,10.437,KHT-XE5S_2025_0526_1101,0.00019999999999988915,0.5
KHT-XE5S,2025-08-19 00:20:00,9.1942,10.437,KHT-XE5S_2025_0526_1101,0.0,0.5
KHT-XE5S,2025-08-19 00:30:00,9.1963,10.436,KHT-XE5S_2025_0526_1101,9.999999999994457e-05,0.5
KHT-XE5S,2025-08-19 00:40:00,9.1989,10.437,KHT-XE5S_2025_0526_1101,9.999999999994457e-05,0.5
KHT-XE5S,2025-08-19 00:50:00,9.2013,10.437,KHT-XE5S_2025_0526_1101,0.0,0.5
KHT-XE5S,2025-08-19 01:00:00,9.2029,10.436,KHT-XE5S_2025_0526_1101,9.999999999994457e-05,0.5
KHT-XE5S,2025-08-19 01:10:00,9.205,10.436,KHT-XE5S_2025_0526_1101,0.0,0.5
KHT-XE5S,2025-08-19 01:20:00,9.2068,10.437,KHT-XE5S_2025_0526_1101,9.999999999994457e-05,0.5
KHT-XE5S,2025-08-19 01:30:00,9.2085,10.44,KHT-XE5S_2025_0526_1101,0.00030000000000001136,0.5
KHT-XE5S,2025-08-19 01:40:00,9.21,10.439,KHT-XE5S_2025_0526_1101,9.999999999994457e-05,0.5
KHT-XE5S,2025-08-19 01:50:00,9.2113,10.44,KHT-XE5S_2025_0526_1101,9.999999999994457e-05,0.5
KHT-XE5S,2025-08-19 02:00:00,9.2132,10.439,KHT-XE5S_2025_0526_1101,9.999999999994457e-05,0.5
KHT-XE5S,2025-08-19 02:10:00,9.2161,10.44,KHT-XE5S_2025_0526_1101,9.999999999994457e-05,0.5
KHT-XE5S,2025-08-19 02:20:00,9.2184,10.441,KHT-XE5S_2025_0526_1101,0.00010000000000012221,0.5
KHT-XE5S,2025-08-19 02:30:00,9.2201,10.439,KHT-XE5S_2025_0526_1101,0.0002000000000000668,0.5
KHT-XE5S,2025-08-19 02:40:00,9.2221,10.442,KHT-XE5S_2025_0526_1101,0.00030000000000001136,0.5
KHT-XE5S,2025-08-19 02:50:00,9.2238,10.44,KHT-XE5S_2025_0526_1101,0.0002000000000000668,0.5
KHT-XE5S,2025-08-19 03:00:00,9.2253,10.442,KHT-XE5S_2025_0526_1101,0.0002000000000000668,0.5
KHT-XE5S,2025-08-19 03:10:00,9.2268,10.441,KHT-XE5S_2025_0526_1101,9.999999999994457e-05,0.5
KHT-XE5S,2025-08-19 03:20:00,9.228,10.439,KHT-XE5S_2025_0526_1101,0.0002000000000000668,0.5
KHT-XE5S,2025-08-19 03:30:00,9.2292,10.441,KHT-XE5S_2025_0526_1101,0.0002000000000000668,0.5
KHT-XE5S,2025-08-19 03:40:00,9.2306,10.442,KHT-XE5S_2025_0526_1101,9.999999999994457e-05,0.5
KHT-XE5S,2025-08-19 03:50:00,9.2314,10.443,KHT-XE5S_2025_0526_1101,9.999999999994457e-05,0.5
KHT-XE5S,2025-08-19 04:00:00,9.232,10.442,KHT-XE5S_2025_0526_1101,9.999999999994457e-05,0.5
KHT-XE5S,2025-08-19 04:10:00,9.2338,10.442,KHT-XE5S_2025_0526_1101,0.0,0.5
KHT-XE5S,2025-08-19 04:20:00,9.2353,10.445,KHT-XE5S_2025_0526_1101,0.00030000000000001136,0.5
KHT-XE5S,2025-08-19 04:30:00,9.2369,10.442,KHT-XE5S_2025_0526_1101,0.00030000000000001136,0.5
KHT-XE5S,2025-08-19 04:40:00,9.2385,10.444,KHT-XE5S_2025_0526_1101,0.0002000000000000668,0.5
KHT-XE5S,2025-08-19 04:50:00,9.2399,10.443,KHT-XE5S_2025_0526_1101,0.00010000000000012221,0.5
KHT-XE5S,2025-08-19 05:00:00,9.2411,10.443,KHT-XE5S_2025_0526_1101,0.0,0.5
KHT-XE5S,2025-08-19 05:10:00,9.2425,10.443,KHT-XE5S_2025_0526_1101,0.0,0.5
KHT-XE5S,2025-08-19 05:20:00,9.2442,10.444,KHT-XE5S_2025_0526_1101,0.00010000000000012221,0.5
KHT-XE5S,2025-08-19 05:30:00,9.2459,10.446,KHT-XE5S_2025_0526_1101,0.00019999999999988915,0.5
KHT-XE5S,2025-08-19 05:40:00,9.2469,10.446,KHT-XE5S_2025_0526_1101,0.0,0.5
KHT-XE5S,2025-08-19 05:50:00,9.2486,10.445,KHT-XE5S_2025_0526_1101,9.999999999994457e-05,0.5
KHT-XE5S,2025-08-19 06:00:00,9.2491,10.445,KHT-XE5S_2025_0526_1101,0.0,0.5
KHT-XE5S,2025-08-19 06:10:00,9.2508,10.445,KHT-XE5S_2025_0526_1101,0.0,0.5
KHT-XE5S,2025-08-19 06:20:00,9.2525,10.446,KHT-XE5S_2025_0526_1101,9.999999999994457e-05,0.5
KHT-XE5S,2025-08-19 06:30:00,9.2541,10.445,KHT-XE5S_2025_0526_1101,9.999999999994457e-05,0.5
KHT-XE5S,2025-08-19 06:40:00,9.256,10.445,KHT-XE5S_2025_0526_1101,0.0,0.5
KHT-XE5S,2025-08-19 06:50:00,9.258,10.447,KHT-XE5S_2025_0526_1101,0.00019999999999988915,0.5
KHT-XE5S,2025-08-19 07:00:00,9.2599,10.446,KHT-XE5S_2025_0526_1101,9.999999999994457e-05,0.5
KHT-XE5S,2025-08-19 07:10:00,9.2617,10.445,KHT-XE5S_2025_0526_1101,9.999999999994457e-05,0.5
KHT-XE5S,2025-08-19 07:20:00,9.2636,10.445,KHT-XE5S_2025_0526_1101,0.0,0.5
KHT-XE5S,2025-08-19 07:30:00,9.2648,10.446,KHT-XE5S_2025_0526_1101,9.999999999994457e-05,0.5
KHT-XE5S,2025-08-19 07:40:00,9.266,10.446,KHT-XE5S_2025_0526_1101,0.0,0.5
KHT-XE5S,2025-08-19 07:50:00,9.2668,10.447,KHT-XE5S_2025_0526_1101,9.999999999994457e-05,0.5
KHT-XE5S,2025-08-19 08:00:00,9.2681,10.446,KHT-XE5S_2025_0526_1101,9.999999999994457e-05,0.5
KHT-XE5S,2025-08-19 08:10:00,9.2687,10.447,KHT-XE5S_2025_0526_1101,9.999999999994457e-05,0.5
KHT-XE5S,2025-08-19 08:20:00,9.2689,10.448,KHT-XE5S_2025_0526_1101,0.00010000000000012221,0.5
KHT-XE5S,2025-08-19 08:30:00,9.2693,10.449,KHT-XE5S_2025_0526_1101,9.999999999994457e-05,0.5
KHT-XE5S,2025-08-19 08:40:00,9.2692,10.45,KHT-XE5S_2025_0526_1101,9.999999999994457e-05,0.5
KHT-XE5S,2025-08-19 08:50:00,9.2686,10.45,KHT-XE5S_2025_0526_1101,0.0,0.5
KHT-XE5S,2025-08-19 09:00:00,9.2676,10.449,KHT-XE5S_2025_0526_1101,9.999999999994457e-05,0.5
KHT-XE5S,2025-08-19 09:10:00,9.2669,10.45,KHT-XE5S_2025_0526_1101,9.999999999994457e-05,0.5
KHT-XE5S,2025-08-19 09:20:00,9.2653,10.452,KHT-XE5S_2025_0526_1101,0.0002000000000000668,0.5
KHT-XE5S,2025-08-19 09:30:00,9.264,10.452,KHT-XE5S_2025_0526_1101,0.0,0.5
KHT-XE5S,2025-08-19 09:40:00,9.262,10.452,KHT-XE5S_2025_0526_1101,0.0,0.5
KHT-XE5S,2025-08-19 09:50:00,9.26,10.451,KHT-XE5S_2025_0526_1101,9.999999999994457e-05,0.5
KHT-XE5S,2025-08-19 10:00:00,9.2572,10.453,KHT-XE5S_2025_0526_1101,0.00019999999999988915,0.5
KHT-XE5S,2025-08-19 10:10:00,9.2554,10.454,KHT-XE5S_2025_0526_1101,0.00010000000000012221,0.5
KHT-XE5S,2025-08-19 10:20:00,9.2533,10.453,KHT-XE5S_2025_0526_1101,0.00010000000000012221,0.5
KHT-XE5S,2025-08-19 10:30:00,9.2503,10.454,KHT-XE5S_2025_0526_1101,0.00010000000000012221,0.5
KHT-XE5S,2025-08-19 10:40:00,9.2483,10.455,KHT-XE5S_2025_0526_1101,9.999999999994457e-05,0.5
KHT-XE5S,2025-08-19 10:50:00,9.2458,10.456,KHT-XE5S_2025_0526_1101,9.999999999994457e-05,0.5
KHT-XE5S,2025-08-19 11:00:00,9.2435,10.454,KHT-XE5S_2025_0526_1101,0.00019999999999988915,0.5
KHT-XE5S,2025-08-19 11:10:00,9.2396,10.455,KHT-XE5S_2025_0526_1101,9.999999999994457e-05,0.5
KHT-XE5S,2025-08-19 11:20:00,9.2358,10.456,KHT-XE5S_2025_0526_1101,9.999999999994457e-05,0.5
KHT-XE5S,2025-08-19 11:30:00,9.2324,10.457,KHT-XE5S_2025_0526_1101,0.00010000000000012221,0.5
KHT-XE5S,2025-08-19 11:40:00,9.2288,10.457,KHT-XE5S_2025_0526_1101,0.0,0.5
KHT-XE5S,2025-08-19 11:50:00,9.2247,10.456,KHT-XE5S_2025_0526_1101,0.00010000000000012221,0.5
KHT-XE5S,2025-08-19 12:00:00,9.2208,10.458,KHT-XE5S_2025_0526_1101,0.0002000000000000668,0.5
KHT-XE5S,2025-08-19 12:10:00,9.2163,10.459,KHT-XE5S_2025_0526_1101,9.999999999994457e-05,0.5
KHT-XE5S,2025-08-19 12:20:00,9.2133,10.46,KHT-XE5S_2025_0526_1101,0.00010000000000012221,0.5
KHT-XE5S,2025-08-19 12:30:00,9.2074,10.458,KHT-XE5S_2025_0526_1101,0.0002000000000000668,0.5
KHT-XE5S,2025-08-19 12:40:00,9.2046,10.459,KHT-XE5S_2025_0526_1101,9.999999999994457e-05,0.5
KHT-XE5S,2025-08-19 12:50:00,9.1995,10.459,KHT-XE5S_2025_0526_1101,0.0,0.5
KHT-XE5S,2025-08-19 13:00:00,9.1957,10.46,KHT-XE5S_2025_0526_1101,0.00010000000000012221,0.5
KHT-XE5S,2025-08-19 13:10:00,9.1916,10.461,KHT-XE5S_2025_0526_1101,9.999999999994457e-05,0.5
KHT-XE5S,2025-08-19 13:20:00,9.1881,10.46,KHT-XE5S_2025_0526_1101,9.999999999994457e-05,0.5
KHT-XE5S,2025-08-19 13:30:00,9.1838,10.46,KHT-XE5S_2025_0526_1101,0.0,0.5
KHT-XE5S,2025-08-19 13:40:00,9.1816,10.461,KHT-XE5S_2025_0526_1101,9.999999999994457e-05,0.5
KHT-XE5S,2025-08-19 13:50:00,9.1759,10.461,KHT-XE5S_2025_0526_1101,0.0,0.5
KHT-XE5S,2025-08-19 14:00:00,9.1723,10.462,KHT-XE5S_2025_0526_1101,9.999999999994457e-05,0.5
KHT-XE5S,2025-08-19 14:10:00,9.1678,10.463,KHT-XE5S_2025_0526_1101,9.999999999994457e-05,0.5
KHT-XE5S,2025-08-19 14:20:00,9.163,10.462,KHT-XE5S_2025_0526_1101,9.999999999994457e-05,0.5
KHT-XE5S,2025-08-19 14:30:00,9.1581,10.463,KHT-XE5S_2025_0526_1101,9.999999999994457e-05,0.5
KHT-XE5S,2025-08-19 14:40:00,9.1552,10.463,KHT-XE5S_2025_0526_1101,0.0,0.5
KHT-XE5S,2025-08-19 14:50:00,9.1512,10.464,KHT-XE5S_2025_0526_1101,0.00010000000000012221,0.5
KHT-XE5S,2025-08-19 15:00:00,9.147,10.462,KHT-XE5S_2025_0526_1101,0.0002000000000000668,0.5
KHT-XE5S,2025-08-19 15:10:00,9.1425,10.462,KHT-XE5S_2025_0526_1101,0.0,0.5
KHT-XE5S,2025-08-19 15:20:00,9.1374,10.465,KHT-XE5S_2025_0526_1101,0.00030000000000001136,0.5
KHT-XE5S,2025-08-19 15:30:00,9.1349,10.464,KHT-XE5S_2025_0526_1101,9.999999999994457e-05,0.5
KHT-XE5S,2025-08-19 15:40:00,9.1297,10.464,KHT-XE5S_2025_0526_1101,0.0,0.5
KHT-XE5S,2025-08-19 15:50:00,9.1268,10.464,KHT-XE5S_2025_0526_1101,0.0,0.5
KHT-XE5S,2025-08-19 16:00:00,9.1248,10.465,KHT-XE5S_2025_0526_1101,9.999999999994457e-05,0.5
KHT-XE5S,2025-08-19 16:10:00,9.1207,10.464,KHT-XE5S_2025_0526_1101,9.999999999994457e-05,0.5
KHT-XE5S,2025-08-19 16:20:00,9.1198,10.466,KHT-XE5S_2025_0526_1101,0.00019999999999988915,0.5
KHT-XE5S,2025-08-19 16:30:00,9.1163,10.464,KHT-XE5S_2025_0526_1101,0.00019999999999988915,0.5
KHT-XE5S,2025-08-19 16:40:00,9.1143,10.464,KHT-XE5S_2025_0526_1101,0.0,0.5
KHT-XE5S,2025-08-19 16:50:00,9.1141,10.466,KHT-XE5S_2025_0526_1101,0.00019999999999988915,0.5
KHT-XE5S,2025-08-19 17:00:00,9.1116,10.466,KHT-XE5S_2025_0526_1101,0.0,0.5
KHT-XE5S,2025-08-19 17:10:00,9.1093,10.466,KHT-XE5S_2025_0526_1101,0.0,0.5
KHT-XE5S,2025-08-19 17:20:00,9.1081,10.467,KHT-XE5S_2025_0526_1101,0.00010000000000012221,0.5
KHT-XE5S,2025-08-19 17:30:00,9.108,10.465,KHT-XE5S_2025_0526_1101,0.0002000000000000668,0.5
KHT-XE5S,2025-08-19 17:40:00,9.1071,10.466,KHT-XE5S_2025_0526_1101,9.999999999994457e-05,0.5
KHT-XE5S,2025-08-19 17:50:00,9.1071,10.467,KHT-XE5S_2025_0526_1101,0.00010000000000012221,0.5
KHT-XE5S,2025-08-19 18:00:00,9.1071,10.466,KHT-XE5S_2025_0526_1101,0.00010000000000012221,0.5
KHT-XE5S,2025-08-19 18:10:00,9.1073,10.465,KHT-XE5S_2025_0526_1101,9.999999999994457e-05,0.5
KHT-XE5S,2025-08-19 18:20:00,9.1087,10.464,KHT-XE5S_2025_0526_1101,9.999999999994457e-05,0.5
KHT-XE5S,2025-08-19 18:30:00,9.1102,10.464,KHT-XE5S_2025_0526_1101,0.0,0.5
KHT-XE5S,2025-08-19 18:40:00,9.112,10.466,KHT-XE5S_2025_0526_1101,0.00019999999999988915,0.5
KHT-XE5S,2025-08-19 18:50:00,9.1138,10.464,KHT-XE5S_2025_0526_1101,0.00019999999999988915,0.5
KHT-XE5S,2025-08-19 19:00:00,9.116,10.466,KHT-XE5S_2025_0526_1101,0.00019999999999988915,0.5
KHT-XE5S,2025-08-19 19:10:00,9.1192,10.464,KHT-XE5S_2025_0526_1101,0.00019999999999988915,0.5
KHT-XE5S,2025-08-19 19:20:00,9.1228,10.464,KHT-XE5S_2025_0526_1101,0.0,0.5
KHT-XE5S,2025-08-19 19:30:00,9.1259,10.465,KHT-XE5S_2025_0526_1101,9.999999999994457e-05,0.5
KHT-XE5S,2025-08-19 19:40:00,9.1293,10.464,KHT-XE5S_2025_0526_1101,9.999999999994457e-05,0.5
KHT-XE5S,2025-08-19 19:50:00,9.1327,10.463,KHT-XE5S_2025_0526_1101,0.00010000000000012221,0.5
KHT-XE5S,2025-08-19 20:00:00,9.1366,10.463,KHT-XE5S_2025_0526_1101,0.0,0.5
KHT-XE5S,2025-08-19 20:10:00,9.1401,10.464,KHT-XE5S_2025_0526_1101,0.00010000000000012221,0.5
KHT-XE5S,2025-08-19 20:20:00,9.1442,10.465,KHT-XE5S_2025_0526_1101,9.999999999994457e-05,0.5
KHT-XE5S,2025-08-19 20:30:00,9.1474,10.466,KHT-XE5S_2025_0526_1101,9.999999999994457e-05,0.5
KHT-XE5S,2025-08-19 20:40:00,9.1506,10.466,KHT-XE5S_2025_0526_1101,0.0,0.5
KHT-XE5S,2025-08-19 20:50:00,9.1545,10.465,KHT-XE5S_2025_0526_1101,9.999999999994457e-05,0.5
KHT-XE5S,2025-08-19 21:00:00,9.1584,10.466,KHT-XE5S_2025_0526_1101,9.999999999994457e-05,0.5
KHT-XE5S,2025-08-19 21:10:00,9.1621,10.465,KHT-XE5S_2025_0526_1101,9.999999999994457e-05,0.5
KHT-XE5S,2025-08-19 21:20:00,9.1659,10.467,KHT-XE5S_2025_0526_1101,0.0002000000000000668,0.5
KHT-XE5S,2025-08-19 21:30:00,9.1703,10.466,KHT-XE5S_2025_0526_1101,0.00010000000000012221,0.5
KHT-XE5S,2025-08-19 21:40:00,9.1737,10.468,KHT-XE5S_2025_0526_1101,0.0002000000000000668,0.5
KHT-XE5S,2025-08-19 21:50:00,9.1762,10.466,KHT-XE5S_2025_0526_1101,0.0002000000000000668,0.5
KHT-XE5S,2025-08-19 22:00:00,9.1794,10.467,KHT-XE5S_2025_0526_1101,0.00010000000000012221,0.5
KHT-XE5S,2025-08-19 22:10:00,9.1819,10.469,KHT-XE5S_2025_0526_1101,0.00019999999999988915,0.5
KHT-XE5S,2025-08-19 22:20:00,9.1845,10.468,KHT-XE5S_2025_0526_1101,9.999999999994457e-05,0.5
KHT-XE5S,2025-08-19 22:30:00,9.1869,10.467,KHT-XE5S_2025_0526_1101,9.999999999994457e-05,0.5
KHT-XE5S,2025-08-19 22:40:00,9.1891,10.468,KHT-XE5S_2025_0526_1101,9.999999999994457e-05,0.5
KHT-XE5S,2025-08-19 22:50:00,9.1914,10.47,KHT-XE5S_2025_0526_1101,0.0002000000000000668,0.5
KHT-XE5S,2025-08-19 23:00:00,9.1946,10.469,KHT-XE5S_2025_0526_1101,0.00010000000000012221,0.5
KHT-XE5S,2025-08-19 23:10:00,9.1965,10.469,KHT-XE5S_2025_0526_1101,0.0,0.5
KHT-XE5S,2025-08-19 23:20:00,9.1988,10.471,KHT-XE5S_2025_0526_1101,0.0002000000000000668,0.5
KHT-XE5S,2025-08-19 23:30:00,9.2011,10.467,KHT-XE5S_2025_0526_1101,0.00039999999999995595,0.5
KHT-XE5S,2025-08-19 23:40:00,9.2033,10.471,KHT-XE5S_2025_0526_1101,0.00039999999999995595,0.5
KHT-XE5S,2025-08-19 23:50:00,9.2064,10.47,KHT-XE5S_2025_0526_1101,9.999999999994457e-05,0.5
KHT-XE5S,2025-08-20 00:00:00,9.2089,10.47,KHT-XE5S_2025_0526_1101,0.0,0.5
KHT-XE5S,2025-08-20 00:10:00,9.2107,10.471,KHT-XE5S_2025_0526_1101,9.999999999994457e-05,0.5
KHT-XE5S,2025-08-20 00:20:00,9.2128,10.471,KHT-XE5S_2025_0526_1101,0.0,0.5
KHT-XE5S,2025-08-20 00:30:00,9.2154,10.471,KHT-XE5S_2025_0526_1101,0.0,0.5
KHT-XE5S,2025-08-20 00:40:00,9.2174,10.471,KHT-XE5S_2025_0526_1101,0.0,0.5
KHT-XE5S,2025-08-20 00:50:00,9.2187,10.471,KHT-XE5S_2025_0526_1101,0.0,0.5
KHT-XE5S,2025-08-20 01:00:00,9.2203,10.472,KHT-XE5S_2025_0526_1101,9.999999999994457e-05,0.5
KHT-XE5S,2025-08-20 01:10:00,9.2216,10.471,KHT-XE5S_2025_0526_1101,9.999999999994457e-05,0.5
KHT-XE5S,2025-08-20 01:20:00,9.2233,10.473,KHT-XE5S_2025_0526_1101,0.0002000000000000668,0.5
KHT-XE5S,2025-08-20 01:30:00,9.2252,10.471,KHT-XE5S_2025_0526_1101,0.0002000000000000668,0.5
KHT-XE5S,2025-08-20 01:40:00,9.2263,10.473,KHT-XE5S_2025_0526_1101,0.0002000000000000668,0.5
KHT-XE5S,2025-08-20 01:50:00,9.2271,10.473,KHT-XE5S_2025_0526_1101,0.0,0.5
KHT-XE5S,2025-08-20 02:00:00,9.2285,10.471,KHT-XE5S_2025_0526_1101,0.0002000000000000668,0.5
KHT-XE5S,2025-08-20 02:10:00,9.2302,10.473,KHT-XE5S_2025_0526_1101,0.0002000000000000668,0.5
KHT-XE5S,2025-08-20 02:20:00,9.2312,10.474,KHT-XE5S_2025_0526_1101,9.999999999994457e-05,0.5
KHT-XE5S,2025-08-20 02:30:00,9.2327,10.474,KHT-XE5S_2025_0526_1101,0.0,0.5
KHT-XE5S,2025-08-20 02:40:00,9.2347,10.476,KHT-XE5S_2025_0526_1101,0.0002000000000000668,0.5
KHT-XE5S,2025-08-20 02:50:00,9.2366,10.473,KHT-XE5S_2025_0526_1101,0.00030000000000001136,0.5
KHT-XE5S,2025-08-20 03:00:00,9.2381,10.473,KHT-XE5S_2025_0526_1101,0.0,0.5
KHT-XE5S,2025-08-20 03:10:00,9.2405,10.476,KHT-XE5S_2025_0526_1101,0.00030000000000001136,0.5
KHT-XE5S,2025-08-20 03:20:00,9.2426,10.476,KHT-XE5S_2025_0526_1101,0.0,0.5
KHT-XE5S,2025-08-20 03:30:00,9.2436,10.476,KHT-XE5S_2025_0526_1101,0.0,0.5
KHT-XE5S,2025-08-20 03:40:00,9.244,10.475,KHT-XE5S_2025_0526_1101,0.00010000000000012221,0.5
KHT-XE5S,2025-08-20 03:50:00,9.2454,10.476,KHT-XE5S_2025_0526_1101,0.00010000000000012221,0.5
KHT-XE5S,2025-08-20 04:00:00,9.2471,10.476,KHT-XE5S_2025_0526_1101,0.0,0.5
KHT-XE5S,2025-08-20 04:10:00,9.2485,10.476,KHT-XE5S_2025_0526_1101,0.0,0.5
KHT-XE5S,2025-08-20 04:20:00,9.25,10.477,KHT-XE5S_2025_0526_1101,9.999999999994457e-05,0.5
KHT-XE5S,2025-08-20 04:30:00,9.2508,10.477,KHT-XE5S_2025_0526_1101,0.0,0.5
KHT-XE5S,2025-08-20 04:40:00,9.2519,10.476,KHT-XE5S_2025_0526_1101,9.999999999994457e-05,0.5
KHT-XE5S,2025-08-20 04:50:00,9.2535,10.478,KHT-XE5S_2025_0526_1101,0.00019999999999988915,0.5
KHT-XE5S,2025-08-20 05:00:00,9.2547,10.478,KHT-XE5S_2025_0526_1101,0.0,0.5
KHT-XE5S,2025-08-20 05:10:00,9.2558,10.479,KHT-XE5S_2025_0526_1101,9.999999999994457e-05,0.5
KHT-XE5S,2025-08-20 05:20:00,9.2569,10.478,KHT-XE5S_2025_0526_1101,9.999999999994457e-05,0.5
KHT-XE5S,2025-08-20 05:30:00,9.2584,10.479,KHT-XE5S_2025_0526_1101,9.999999999994457e-05,0.5
KHT-XE5S,2025-08-20 05:40:00,9.2591,10.478,KHT-XE5S_2025_0526_1101,9.999999999994457e-05,0.5
KHT-XE5S,2025-08-20 05:50:00,9.2602,10.478,KHT-XE5S_2025_0526_1101,0.0,0.5
KHT-XE5S,2025-08-20 06:00:00,9.2613,10.479,KHT-XE5S_2025_0526_1101,9.999999999994457e-05,0.5
KHT-XE5S,2025-08-20 06:10:00,9.2629,10.479,KHT-XE5S_2025_0526_1101,0.0,0.5
KHT-XE5S,2025-08-20 06:20:00,9.2639,10.48,KHT-XE5S_2025_0526_1101,0.00010000000000012221,0.5
KHT-XE5S,2025-08-20 06:30:00,9.2665,10.48,KHT-XE5S_2025_0526_1101,0.0,0.5
KHT-XE5S,2025-08-20 06:40:00,9.2681,10.479,KHT-XE5S_2025_0526_1101,0.00010000000000012221,0.5
KHT-XE5S,2025-08-20 06:50:00,9.269,10.479,KHT-XE5S_2025_0526_1101,0.0,0.5
KHT-XE5S,2025-08-20 07:00:00,9.2706,10.481,KHT-XE5S_2025_0526_1101,0.0002000000000000668,0.5
KHT-XE5S,2025-08-20 07:10:00,9.2724,10.481,KHT-XE5S_2025_0526_1101,0.0,0.5
KHT-XE5S,2025-08-20 07:20:00,9.2737,10.481,KHT-XE5S_2025_0526_1101,0.0,0.5
KHT-XE5S,2025-08-20 07:30:00,9.2745,10.482,KHT-XE5S_2025_0526_1101,9.999999999994457e-05,0.5
KHT-XE5S,2025-08-20 07:40:00,9.2763,10.48,KHT-XE5S_2025_0526_1101,0.00019999999999988915,0.5
KHT-XE5S,2025-08-20 07:50:00,9.2777,10.48,KHT-XE5S_2025_0526_1101,0.0,0.5
KHT-XE5S,2025-08-20 08:00:00,9.279,10.483,KHT-XE5S_2025_0526_1101,0.00030000000000001136,0.5
KHT-XE5S,2025-08-20 08:10:00,9.2806,10.48,KHT-XE5S_2025_0526_1101,0.00030000000000001136,0.5
KHT-XE5S,2025-08-20 08:20:00,9.2807,10.481,KHT-XE5S_2025_0526_1101,9.999999999994457e-05,0.5
KHT-XE5S,2025-08-20 08:30:00,9.281,10.482,KHT-XE5S_2025_0526_1101,9.999999999994457e-05,0.5
KHT-XE5S,2025-08-20 08:40:00,9.2811,10.483,KHT-XE5S_2025_0526_1101,0.00010000000000012221,0.5
KHT-XE5S,2025-08-20 08:50:00,9.2811,10.482,KHT-XE5S_2025_0526_1101,0.00010000000000012221,0.5
KHT-XE5S,2025-08-20 09:00:00,9.2806,10.485,KHT-XE5S_2025_0526_1101,0.00030000000000001136,0.5
KHT-XE5S,2025-08-20 09:10:00,9.2798,10.484,KHT-XE5S_2025_0526_1101,9.999999999994457e-05,0.5
KHT-XE5S,2025-08-20 09:20:00,9.2786,10.485,KHT-XE5S_2025_0526_1101,9.999999999994457e-05,0.5
KHT-XE5S,2025-08-20 09:30:00,9.2771,10.485,KHT-XE5S_2025_0526_1101,0.0,0.5
KHT-XE5S,2025-08-20 09:40:00,9.2759,10.486,KHT-XE5S_2025_0526_1101,0.00010000000000012221,0.5
KHT-XE5S,2025-08-20 09:50:00,9.2743,10.486,KHT-XE5S_2025_0526_1101,0.0,0.5
KHT-XE5S,2025-08-20 10:00:00,9.2724,10.49,KHT-XE5S_2025_0526_1101,0.00039999999999995595,0.5
KHT-XE5S,2025-08-20 10:10:00,9.2703,10.488,KHT-XE5S_2025_0526_1101,0.0002000000000000668,0.5
KHT-XE5S,2025-08-20 10:20:00,9.2681,10.489,KHT-XE5S_2025_0526_1101,0.00010000000000012221,0.5
KHT-XE5S,2025-08-20 10:30:00,9.2654,10.488,KHT-XE5S_2025_0526_1101,0.00010000000000012221,0.5
KHT-XE5S,2025-08-20 10:40:00,9.2621,10.488,KHT-XE5S_2025_0526_1101,0.0,0.5
KHT-XE5S,2025-08-20 10:50:00,9.2585,10.491,KHT-XE5S_2025_0526_1101,0.00030000000000001136,0.5
KHT-XE5S,2025-08-20 11:00:00,9.2546,10.491,KHT-XE5S_2025_0526_1101,0.0,0.5
KHT-XE5S,2025-08-20 11:10:00,9.2506,10.491,KHT-XE5S_2025_0526_1101,0.0,0.5
KHT-XE5S,2025-08-20 11:20:00,9.247,10.49,KHT-XE5S_2025_0526_1101,9.999999999994457e-05,0.5
KHT-XE5S,2025-08-20 11:30:00,9.2422,10.492,KHT-XE5S_2025_0526_1101,0.0002000000000000668,0.5
KHT-XE5S,2025-08-20 11:40:00,9.2388,10.492,KHT-XE5S_2025_0526_1101,0.0,0.5
KHT-XE5S,2025-08-20 11:50:00,9.2335,10.493,KHT-XE5S_2025_0526_1101,9.999999999994457e-05,0.5
KHT-XE5S,2025-08-20 12:00:00,9.2282,10.492,KHT-XE5S_2025_0526_1101,9.999999999994457e-05,0.5
KHT-XE5S,2025-08-20 12:10:00,9.2232,10.495,KHT-XE5S_2025_0526_1101,0.0002999999999998337,0.5
KHT-XE5S,2025-08-20 12:20:00,9.2172,10.494,KHT-XE5S_2025_0526_1101,9.999999999994457e-05,0.5
KHT-XE5S,2025-08-20 12:30:00,9.2127,10.494,KHT-XE5S_2025_0526_1101,0.0,0.5
KHT-XE5S,2025-08-20 12:40:00,9.2074,10.496,KHT-XE5S_2025_0526_1101,0.0002000000000000668,0.5
KHT-XE5S,2025-08-20 12:50:00,9.2023,10.497,KHT-XE5S_2025_0526_1101,9.999999999994457e-05,0.5
KHT-XE5S,2025-08-20 13:00:00,9.1978,10.497,KHT-XE5S_2025_0526_1101,0.0,0.5
KHT-XE5S,2025-08-20 13:10:00,9.192,10.498,KHT-XE5S_2025_0526_1101,9.999999999994457e-05,0.5
KHT-XE5S,2025-08-20 13:20:00,9.187,10.497,KHT-XE5S_2025_0526_1101,9.999999999994457e-05,0.5
KHT-XE5S,2025-08-20 13:30:00,9.1814,10.496,KHT-XE5S_2025_0526_1101,9.999999999994457e-05,0.5
KHT-XE5S,2025-08-20 13:40:00,9.1763,10.498,KHT-XE5S_2025_0526_1101,0.00019999999999988915,0.5
KHT-XE5S,2025-08-20 13:50:00,9.171,10.499,KHT-XE5S_2025_0526_1101,0.00010000000000012221,0.5
KHT-XE5S,2025-08-20 14:00:00,9.1662,10.498,KHT-XE5S_2025_0526_1101,0.00010000000000012221,0.5
KHT-XE5S,2025-08-20 14:10:00,9.1616,10.5,KHT-XE5S_2025_0526_1101,0.0002000000000000668,0.5
KHT-XE5S,2025-08-20 14:20:00,9.1567,10.5,KHT-XE5S_2025_0526_1101,0.0,0.5
KHT-XE5S,2025-08-20 14:30:00,9.1519,10.5,KHT-XE5S_2025_0526_1101,0.0,0.5
KHT-XE5S,2025-08-20 14:40:00,9.1475,10.5,KHT-XE5S_2025_0526_1101,0.0,0.5
KHT-XE5S,2025-08-20 14:50:00,9.1429,10.5,KHT-XE5S_2025_0526_1101,0.0,0.5
KHT-XE5S,2025-08-20 15:00:00,9.1382,10.5,KHT-XE5S_2025_0526_1101,0.0,0.5
KHT-XE5S,2025-08-20 15:10:00,9.1333,10.501,KHT-XE5S_2025_0526_1101,9.999999999994457e-05,0.5
KHT-XE5S,2025-08-20 15:20:00,9.1293,10.5,KHT-XE5S_2025_0526_1101,9.999999999994457e-05,0.5
KHT-XE5S,2025-08-20 15:30:00,9.1257,10.501,KHT-XE5S_2025_0526_1101,9.999999999994457e-05,0.5
KHT-XE5S,2025-08-20 15:40:00,9.1219,10.499,KHT-XE5S_2025_0526_1101,0.00019999999999988915,0.5
KHT-XE5S,2025-08-20 15:50:00,9.1186,10.501,KHT-XE5S_2025_0526_1101,0.00019999999999988915,0.5
KHT-XE5S,2025-08-20 16:00:00,9.1147,10.502,KHT-XE5S_2025_0526_1101,0.00010000000000012221,0.5
KHT-XE5S,2025-08-20 16:10:00,9.1119,10.5,KHT-XE5S_2025_0526_1101,0.0002000000000000668,0.5
KHT-XE5S,2025-08-20 16:20:00,9.1088,10.502,KHT-XE5S_2025_0526_1101,0.0002000000000000668,0.5
KHT-XE5S,2025-08-20 16:30:00,9.1061,10.502,KHT-XE5S_2025_0526_1101,0.0,0.5
KHT-XE5S,2025-08-20 16:40:00,9.1042,10.502,KHT-XE5S_2025_0526_1101,0.0,0.5
KHT-XE5S,2025-08-20 16:50:00,9.1025,10.501,KHT-XE5S_2025_0526_1101,0.00010000000000012221,0.5
KHT-XE5S,2025-08-20 17:00:00,9.0999,10.499,KHT-XE5S_2025_0526_1101,0.00019999999999988915,0.5
KHT-XE5S,2025-08-20 17:10:00,9.0995,10.502,KHT-XE5S_2025_0526_1101,0.00030000000000001136,0.5
KHT-XE5S,2025-08-20 17:20:00,9.0984,10.501,KHT-XE5S_2025_0526_1101,0.00010000000000012221,0.5
KHT-XE5S,2025-08-20 17:30:00,9.0974,10.499,KHT-XE5S_2025_0526_1101,0.00019999999999988915,0.5
KHT-XE5S,2025-08-20 17:40:00,9.0971,10.501,KHT-XE5S_2025_0526_1101,0.00019999999999988915,0.5
KHT-XE5S,2025-08-20 17:50:00,9.0963,10.499,KHT-XE5S_2025_0526_1101,0.00019999999999988915,0.5
KHT-XE5S,2025-08-20 18:00:00,9.0969,10.499,KHT-XE5S_2025_0526_1101,0.0,0.5
KHT-XE5S,2025-08-20 18:10:00,9.0979,10.5,KHT-XE5S_2025_0526_1101,9.999999999994457e-05,0.5
KHT-XE5S,2025-08-20 18:20:00,9.0985,10.498,KHT-XE5S_2025_0526_1101,0.0002000000000000668,0.5
KHT-XE5S,2025-08-20 18:30:00,9.0996,10.499,KHT-XE5S_2025_0526_1101,0.00010000000000012221,0.5
KHT-XE5S,2025-08-20 18:40:00,9.1017,10.499,KHT-XE5S_2025_0526_1101,0.0,0.5
KHT-XE5S,2025-08-20 18:50:00,9.104,10.498,KHT-XE5S_2025_0526_1101,0.00010000000000012221,0.5
KHT-XE5S,2025-08-20 19:00:00,9.1063,10.5,KHT-XE5S_2025_0526_1101,0.0002000000000000668,0.5
KHT-XE5S,2025-08-20 19:10:00,9.109,10.498,KHT-XE5S_2025_0526_1101,0.0002000000000000668,0.5
KHT-XE5S,2025-08-20 19:20:00,9.1127,10.499,KHT-XE5S_2025_0526_1101,0.00010000000000012221,0.5
KHT-XE5S,2025-08-20 19:30:00,9.1158,10.497,KHT-XE5S_2025_0526_1101,0.0002000000000000668,0.5
KHT-XE5S,2025-08-20 19:40:00,9.1198,10.499,KHT-XE5S_2025_0526_1101,0.0002000000000000668,0.5
KHT-XE5S,2025-08-20 19:50:00,9.1231,10.498,KHT-XE5S_2025_0526_1101,0.00010000000000012221,0.5
KHT-XE5S,2025-08-20 20:00:00,9.1265,10.5,KHT-XE5S_2025_0526_1101,0.0002000000000000668,0.5
KHT-XE5S,2025-08-20 20:10:00,9.1306,10.499,KHT-XE5S_2025_0526_1101,9.999999999994457e-05,0.5
KHT-XE5S,2025-08-20 20:20:00,9.1344,10.498,KHT-XE5S_2025_0526_1101,0.00010000000000012221,0.5
KHT-XE5S,2025-08-20 20:30:00,9.1389,10.5,KHT-XE5S_2025_0526_1101,0.0002000000000000668,0.5
KHT-XE5S,2025-08-20 20:40:00,9.1424,10.498,KHT-XE5S_2025_0526_1101,0.0002000000000000668,0.5
KHT-XE5S,2025-08-20 20:50:00,9.1464,10.499,KHT-XE5S_2025_0526_1101,0.00010000000000012221,0.5
KHT-XE5S,2025-08-20 21:00:00,9.1503,10.497,KHT-XE5S_2025_0526_1101,0.0002000000000000668,0.5
KHT-XE5S,2025-08-20 21:10:00,9.1537,10.498,KHT-XE5S_2025_0526_1101,9.999999999994457e-05,0.5
KHT-XE5S,2025-08-20 21:20:00,9.1575,10.5,KHT-XE5S_2025_0526_1101,0.0002000000000000668,0.5
KHT-XE5S,2025-08-20 21:30:00,9.161,10.499,KHT-XE5S_2025_0526_1101,9.999999999994457e-05,0.5
KHT-XE5S,2025-08-20 21:40:00,9.1643,10.499,KHT-XE5S_2025_0526_1101,0.0,0.5
KHT-XE5S,2025-08-20 21:50:00,9.1678,10.501,KHT-XE5S_2025_0526_1101,0.00019999999999988915,0.5
KHT-XE5S,2025-08-20 22:00:00,9.1717,10.501,KHT-XE5S_2025_0526_1101,0.0,0.5
KHT-XE5S,2025-08-20 22:10:00,9.1745,10.501,KHT-XE5S_2025_0526_1101,0.0,0.5
KHT-XE5S,2025-08-20 22:20:00,9.1767,10.502,KHT-XE5S_2025_0526_1101,0.00010000000000012221,0.5
KHT-XE5S,2025-08-20 22:30:00,9.1784,10.502,KHT-XE5S_2025_0526_1101,0.0,0.5
KHT-XE5S,2025-08-20 22:40:00,9.1803,10.503,KHT-XE5S_2025_0526_1101,9.999999999994457e-05,0.5
KHT-XE5S,2025-08-20 22:50:00,9.1828,10.503,KHT-XE5S_2025_0526_1101,0.0,0.5
KHT-XE5S,2025-08-20 23:00:00,9.1847,10.502,KHT-XE5S_2025_0526_1101,9.999999999994457e-05,0.5
KHT-XE5S,2025-08-20 23:10:00,9.187,10.503,KHT-XE5S_2025_0526_1101,9.999999999994457e-05,0.5
KHT-XE5S,2025-08-20 23:20:00,9.1894,10.503,KHT-XE5S_2025_0526_1101,0.0,0.5
KHT-XE5S,2025-08-20 23:30:00,9.1917,10.503,KHT-XE5S_2025_0526_1101,0.0,0.5
KHT-XE5S,2025-08-20 23:40:00,9.1941,10.506,KHT-XE5S_2025_0526_1101,0.00030000000000001136,0.5
KHT-XE5S,2025-08-20 23:50:00,9.1958,10.504,KHT-XE5S_2025_0526_1101,0.0002000000000000668,0.5
KHT-XE5S,2025-08-21 00:00:00,9.1984,10.506,KHT-XE5S_2025_0526_1101,0.0002000000000000668,0.5
KHT-XE5S,2025-08-21 00:10:00,9.2008,10.504,KHT-XE5S_2025_0526_1101,0.0002000000000000668,0.5
KHT-XE5S,2025-08-21 00:20:00,9.2026,10.503,KHT-XE5S_2025_0526_1101,9.999999999994457e-05,0.5
KHT-XE5S,2025-08-21 00:30:00,9.2047,10.505,KHT-XE5S_2025_0526_1101,0.0002000000000000668,0.5
KHT-XE5S,2025-08-21 00:40:00,9.2066,10.506,KHT-XE5S_2025_0526_1101,9.999999999994457e-05,0.5
KHT-XE5S,2025-08-21 00:50:00,9.2086,10.506,KHT-XE5S_2025_0526_1101,0.0,0.5
KHT-XE5S,2025-08-21 01:00:00,9.2104,10.506,KHT-XE5S_2025_0526_1101,0.0,0.5
KHT-XE5S,2025-08-21 01:10:00,9.2122,10.506,KHT-XE5S_2025_0526_1101,0.0,0.5
KHT-XE5S,2025-08-21 01:20:00,9.2141,10.507,KHT-XE5S_2025_0526_1101,9.999999999994457e-05,0.5
KHT-XE5S,2025-08-21 01:30:00,9.2158,10.507,KHT-XE5S_2025_0526_1101,0.0,0.5
KHT-XE5S,2025-08-21 01:40:00,9.2177,10.507,KHT-XE5S_2025_0526_1101,0.0,0.5
KHT-XE5S,2025-08-21 01:50:00,9.2196,10.506,KHT-XE5S_2025_0526_1101,9.999999999994457e-05,0.5
KHT-XE5S,2025-08-21 02:00:00,9.2213,10.507,KHT-XE5S_2025_0526_1101,9.999999999994457e-05,0.5
KHT-XE5S,2025-08-21 02:10:00,9.2233,10.509,KHT-XE5S_2025_0526_1101,0.0002000000000000668,0.5
KHT-XE5S,2025-08-21 02:20:00,9.2248,10.508,KHT-XE5S_2025_0526_1101,0.00010000000000012221,0.5
KHT-XE5S,2025-08-21 02:30:00,9.226,10.507,KHT-XE5S_2025_0526_1101,9.999999999994457e-05,0.5
KHT-XE5S,2025-08-21 02:40:00,9.2272,10.509,KHT-XE5S_2025_0526_1101,0.0002000000000000668,0.5
KHT-XE5S,2025-08-21 02:50:00,9.2279,10.51,KHT-XE5S_2025_0526_1101,9.999999999994457e-05,0.5
KHT-XE5S,2025-08-21 03:00:00,9.2293,10.51,KHT-XE5S_2025_0526_1101,0.0,0.5
KHT-XE5S,2025-08-21 03:10:00,9.2305,10.509,KHT-XE5S_2025_0526_1101,9.999999999994457e-05,0.5
KHT-XE5S,2025-08-21 03:20:00,9.2325,10.51,KHT-XE5S_2025_0526_1101,9.999999999994457e-05,0.5
KHT-XE5S,2025-08-21 03:30:00,9.2335,10.507,KHT-XE5S_2025_0526_1101,0.00030000000000001136,0.5
KHT-XE5S,2025-08-21 03:40:00,9.2346,10.51,KHT-XE5S_2025_0526_1101,0.00030000000000001136,0.5
KHT-XE5S,2025-08-21 03:50:00,9.2356,10.51,KHT-XE5S_2025_0526_1101,0.0,0.5
KHT-XE5S,2025-08-21 04:00:00,9.237,10.511,KHT-XE5S_2025_0526_1101,9.999999999994457e-05,0.5
KHT-XE5S,2025-08-21 04:10:00,9.2383,10.51,KHT-XE5S_2025_0526_1101,9.999999999994457e-05,0.5
KHT-XE5S,2025-08-21 04:20:00,9.2388,10.51,KHT-XE5S_2025_0526_1101,0.0,0.5
KHT-XE5S,2025-08-21 04:30:00,9.2391,10.511,KHT-XE5S_2025_0526_1101,9.999999999994457e-05,0.5
KHT-XE5S,2025-08-21 04:40:00,9.2393,10.512,KHT-XE5S_2025_0526_1101,0.00010000000000012221,0.5
KHT-XE5S,2025-08-21 04:50:00,9.2405,10.511,KHT-XE5S_2025_0526_1101,0.00010000000000012221,0.5
KHT-XE5S,2025-08-21 05:00:00,9.2408,10.513,KHT-XE5S_2025_0526_1101,0.0002000000000000668,0.5
KHT-XE5S,2025-08-21 05:10:00,9.2421,10.512,KHT-XE5S_2025_0526_1101,9.999999999994457e-05,0.5
KHT-XE5S,2025-08-21 05:20:00,9.2434,10.511,KHT-XE5S_2025_0526_1101,0.00010000000000012221,0.5
KHT-XE5S,2025-08-21 05:30:00,9.2455,10.512,KHT-XE5S_2025_0526_1101,0.00010000000000012221,0.5
KHT-XE5S,2025-08-21 05:40:00,9.2475,10.512,KHT-XE5S_2025_0526_1101,0.0,0.5
KHT-XE5S,2025-08-21 05:50:00,9.2493,10.512,KHT-XE5S_2025_0526_1101,0.0,0.5
KHT-XE5S,2025-08-21 06:00:00,9.2505,10.513,KHT-XE5S_2025_0526_1101,9.999999999994457e-05,0.5
KHT-XE5S,2025-08-21 06:10:00,9.2528,10.513,KHT-XE5S_2025_0526_1101,0.0,0.5
KHT-XE5S,2025-08-21 06:20:00,9.2538,10.511,KHT-XE5S_2025_0526_1101,0.0002000000000000668,0.5
KHT-XE5S,2025-08-21 06:30:00,9.2553,10.513,KHT-XE5S_2025_0526_1101,0.0002000000000000668,0.5
KHT-XE5S,2025-08-21 06:40:00,9.2574,10.513,KHT-XE5S_2025_0526_1101,0.0,0.5
KHT-XE5S,2025-08-21 06:50:00,9.2587,10.513,KHT-XE5S_2025_0526_1101,0.0,0.5
KHT-XE5S,2025-08-21 07:00:00,9.2605,10.513,KHT-XE5S_2025_0526_1101,0.0,0.5
KHT-XE5S,2025-08-21 07:10:00,9.2618,10.513,KHT-XE5S_2025_0526_1101,0.0,0.5
KHT-XE5S,2025-08-21 07:20:00,9.2632,10.515,KHT-XE5S_2025_0526_1101,0.0002000000000000668,0.5
KHT-XE5S,2025-08-21 07:30:00,9.264,10.514,KHT-XE5S_2025_0526_1101,0.00010000000000012221,0.5
KHT-XE5S,2025-08-21 07:40:00,9.2644,10.514,KHT-XE5S_2025_0526_1101,0.0,0.5
KHT-XE5S,2025-08-21 07:50:00,9.2657,10.514,KHT-XE5S_2025_0526_1101,0.0,0.5
KHT-XE5S,2025-08-21 08:00:00,9.2669,10.517,KHT-XE5S_2025_0526_1101,0.00030000000000001136,0.5
KHT-XE5S,2025-08-21 08:10:00,9.2675,10.516,KHT-XE5S_2025_0526_1101,9.999999999994457e-05,0.5
KHT-XE5S,2025-08-21 08:20:00,9.268,10.516,KHT-XE5S_2025_0526_1101,0.0,0.5
KHT-XE5S,2025-08-21 08:30:00,9.2678,10.516,KHT-XE5S_2025_0526_1101,0.0,0.5
KHT-XE5S,2025-08-21 08:40:00,9.2671,10.516,KHT-XE5S_2025_0526_1101,0.0,0.5
KHT-XE5S,2025-08-21 08:50:00,9.2665,10.52,KHT-XE5S_2025_0526_1101,0.00039999999999995595,0.5
KHT-XE5S,2025-08-21 09:00:00,9.2654,10.52,KHT-XE5S_2025_0526_1101,0.0,0.5
KHT-XE5S,2025-08-21 09:10:00,9.2642,10.52,KHT-XE5S_2025_0526_1101,0.0,0.5
KHT-XE5S,2025-08-21 09:20:00,9.2625,10.518,KHT-XE5S_2025_0526_1101,0.00019999999999988915,0.5
KHT-XE5S,2025-08-21 09:30:00,9.2607,10.52,KHT-XE5S_2025_0526_1101,0.00019999999999988915,0.5
KHT-XE5S,2025-08-21 09:40:00,9.2584,10.522,KHT-XE5S_2025_0526_1101,0.0002000000000000668,0.5
KHT-XE5S,2025-08-21 09:50:00,9.2561,10.52,KHT-XE5S_2025_0526_1101,0.0002000000000000668,0.5
KHT-XE5S,2025-08-21 10:00:00,9.2534,10.521,KHT-XE5S_2025_0526_1101,0.00010000000000012221,0.5
KHT-XE5S,2025-08-21 10:10:00,9.2513,10.522,KHT-XE5S_2025_0526_1101,9.999999999994457e-05,0.5
KHT-XE5S,2025-08-21 10:20:00,9.2482,10.523,KHT-XE5S_2025_0526_1101,9.999999999994457e-05,0.5
KHT-XE5S,2025-08-21 10:30:00,9.2442,10.521,KHT-XE5S_2025_0526_1101,0.00019999999999988915,0.5
KHT-XE5S,2025-08-21 10:40:00,9.2408,10.523,KHT-XE5S_2025_0526_1101,0.00019999999999988915,0.5
KHT-XE5S,2025-08-21 10:50:00,9.237,10.523,KHT-XE5S_2025_0526_1101,0.0,0.5
KHT-XE5S,2025-08-21 11:00:00,9.233,10.524,KHT-XE5S_2025_0526_1101,9.999999999994457e-05,0.5
KHT-XE5S,2025-08-21 11:10:00,9.2286,10.524,KHT-XE5S_2025_0526_1101,0.0,0.5
KHT-XE5S,2025-08-21 11:20:00,9.2234,10.524,KHT-XE5S_2025_0526_1101,0.0,0.5
KHT-XE5S,2025-08-21 11:30:00,9.2189,10.527,KHT-XE5S_2025_0526_1101,0.00030000000000001136,0.5
KHT-XE5S,2025-08-21 11:40:00,9.2149,10.526,KHT-XE5S_2025_0526_1101,9.999999999994457e-05,0.5
KHT-XE5S,2025-08-21 11:50:00,9.2087,10.527,KHT-XE5S_2025_0526_1101,9.999999999994457e-05,0.5
KHT-XE5S,2025-08-21 12:00:00,9.2036,10.528,KHT-XE5S_2025_0526_1101,0.00010000000000012221,0.5
KHT-XE5S,2025-08-21 12:10:00,9.1985,10.526,KHT-XE5S_2025_0526_1101,0.0002000000000000668,0.5
KHT-XE5S,2025-08-21 12:20:00,9.1924,10.526,KHT-XE5S_2025_0526_1101,0.0,0.5
KHT-XE5S,2025-08-21 12:30:00,9.1866,10.529,KHT-XE5S_2025_0526_1101,0.00030000000000001136,0.5
KHT-XE5S,2025-08-21 12:40:00,9.1793,10.529,KHT-XE5S_2025_0526_1101,0.0,0.5
KHT-XE5S,2025-08-21 12:50:00,9.1743,10.529,KHT-XE5S_2025_0526_1101,0.0,0.5
KHT-XE5S,2025-08-21 13:00:00,9.1685,10.53,KHT-XE5S_2025_0526_1101,9.999999999994457e-05,0.5
KHT-XE5S,2025-08-21 13:10:00,9.1639,10.529,KHT-XE5S_2025_0526_1101,9.999999999994457e-05,0.5
KHT-XE5S,2025-08-21 13:20:00,9.159,10.531,KHT-XE5S_2025_0526_1101,0.0002000000000000668,0.5
KHT-XE5S,2025-08-21 13:30:00,9.153,10.531,KHT-XE5S_2025_0526_1101,0.0,0.5
KHT-XE5S,2025-08-21 13:40:00,9.1473,10.531,KHT-XE5S_2025_0526_1101,0.0,0.5
KHT-XE5S,2025-08-21 13:50:00,9.1417,10.531,KHT-XE5S_2025_0526_1101,0.0,0.5
KHT-XE5S,2025-08-21 14:00:00,9.1365,10.533,KHT-XE5S_2025_0526_1101,0.00019999999999988915,0.5
KHT-XE5S,2025-08-21 14:10:00,9.1302,10.532,KHT-XE5S_2025_0526_1101,9.999999999994457e-05,0.5
KHT-XE5S,2025-08-21 14:20:00,9.1247,10.533,KHT-XE5S_2025_0526_1101,9.999999999994457e-05,0.5
KHT-XE5S,2025-08-21 14:30:00,9.1194,10.531,KHT-XE5S_2025_0526_1101,0.00019999999999988915,0.5
KHT-XE5S,2025-08-21 14:40:00,9.1144,10.534,KHT-XE5S_2025_0526_1101,0.00030000000000001136,0.5
KHT-XE5S,2025-08-21 14:50:00,9.1098,10.532,KHT-XE5S_2025_0526_1101,0.0002000000000000668,0.5
KHT-XE5S,2025-08-21 15:00:00,9.1045,10.533,KHT-XE5S_2025_0526_1101,9.999999999994457e-05,0.5
KHT-XE5S,2025-08-21 15:10:00,9.0997,10.532,KHT-XE5S_2025_0526_1101,9.999999999994457e-05,0.5
KHT-XE5S,2025-08-21 15:20:00,9.0948,10.533,KHT-XE5S_2025_0526_1101,9.999999999994457e-05,0.5
KHT-XE5S,2025-08-21 15:30:00,9.0914,10.533,KHT-XE5S_2025_0526_1101,0.0,0.5
KHT-XE5S,2025-08-21 15:40:00,9.0862,10.535,KHT-XE5S_2025_0526_1101,0.0002000000000000668,0.5
KHT-XE5S,2025-08-21 15:50:00,9.083,10.533,KHT-XE5S_2025_0526_1101,0.0002000000000000668,0.5
KHT-XE5S,2025-08-21 16:00:00,9.0814,10.532,KHT-XE5S_2025_0526_1101,9.999999999994457e-05,0.5
KHT-XE5S,2025-08-21 16:10:00,9.0791,10.535,KHT-XE5S_2025_0526_1101,0.00030000000000001136,0.5
KHT-XE5S,2025-08-21 16:20:00,9.0772,10.535,KHT-XE5S_2025_0526_1101,0.0,0.5
KHT-XE5S,2025-08-21 16:30:00,9.0742,10.535,KHT-XE5S_2025_0526_1101,0.0,0.5
KHT-XE5S,2025-08-21 16:40:00,9.0716,10.534,KHT-XE5S_2025_0526_1101,9.999999999994457e-05,0.5
KHT-XE5S,2025-08-21 16:50:00,9.0705,10.535,KHT-XE5S_2025_0526_1101,9.999999999994457e-05,0.5
KHT-XE5S,2025-08-21 17:00:00,9.0691,10.534,KHT-XE5S_2025_0526_1101,9.999999999994457e-05,0.5
KHT-XE5S,2025-08-21 17:10:00,9.0674,10.536,KHT-XE5S_2025_0526_1101,0.00019999999999988915,0.5
KHT-XE5S,2025-08-21 17:20:00,9.068,10.536,KHT-XE5S_2025_0526_1101,0.0,0.5
KHT-XE5S,2025-08-21 17:30:00,9.0682,10.533,KHT-XE5S_2025_0526_1101,0.00030000000000001136,0.5
KHT-XE5S,2025-08-21 17:40:00,9.0679,10.535,KHT-XE5S_2025_0526_1101,0.0002000000000000668,0.5
KHT-XE5S,2025-08-21 17:50:00,9.0668,10.537,KHT-XE5S_2025_0526_1101,0.0002000000000000668,0.5
KHT-XE5S,2025-08-21 18:00:00,9.0661,10.535,KHT-XE5S_2025_0526_1101,0.0002000000000000668,0.5
KHT-XE5S,2025-08-21 18:10:00,9.0658,10.533,KHT-XE5S_2025_0526_1101,0.0002000000000000668,0.5
KHT-XE5S,2025-08-21 18:20:00,9.0651,10.536,KHT-XE5S_2025_0526_1101,0.00030000000000001136,0.5
KHT-XE5S,2025-08-21 18:30:00,9.0644,10.537,KHT-XE5S_2025_0526_1101,0.00010000000000012221,0.5
KHT-XE5S,2025-08-21 18:40:00,9.0647,10.536,KHT-XE5S_2025_0526_1101,0.00010000000000012221,0.5
KHT-XE5S,2025-08-21 18:50:00,9.0656,10.536,KHT-XE5S_2025_0526_1101,0.0,0.5
KHT-XE5S,2025-08-21 19:00:00,9.0674,10.537,KHT-XE5S_2025_0526_1101,0.00010000000000012221,0.5
KHT-XE5S,2025-08-21 19:10:00,9.0689,10.537,KHT-XE5S_2025_0526_1101,0.0,0.5
KHT-XE5S,2025-08-21 19:20:00,9.0703,10.533,KHT-XE5S_2025_0526_1101,0.0004000000000001336,0.5
KHT-XE5S,2025-08-21 19:30:00,9.0735,10.534,KHT-XE5S_2025_0526_1101,0.00010000000000012221,0.5
KHT-XE5S,2025-08-21 19:40:00,9.0773,10.533,KHT-XE5S_2025_0526_1101,0.00010000000000012221,0.5
KHT-XE5S,2025-08-21 19:50:00,9.0815,10.535,KHT-XE5S_2025_0526_1101,0.0002000000000000668,0.5
KHT-XE5S,2025-08-21 20:00:00,9.0858,10.535,KHT-XE5S_2025_0526_1101,0.0,0.5
KHT-XE5S,2025-08-21 20:10:00,9.0897,10.535,KHT-XE5S_2025_0526_1101,0.0,0.5
KHT-XE5S,2025-08-21 20:20:00,9.0946,10.535,KHT-XE5S_2025_0526_1101,0.0,0.5
KHT-XE5S,2025-08-21 20:30:00,9.099,10.533,KHT-XE5S_2025_0526_1101,0.0002000000000000668,0.5
KHT-XE5S,2025-08-21 20:40:00,9.1035,10.534,KHT-XE5S_2025_0526_1101,0.00010000000000012221,0.5
KHT-XE5S,2025-08-21 20:50:00,9.1073,10.535,KHT-XE5S_2025_0526_1101,9.999999999994457e-05,0.5
KHT-XE5S,2025-08-21 21:00:00,9.1117,10.533,KHT-XE5S_2025_0526_1101,0.0002000000000000668,0.5
KHT-XE5S,2025-08-21 21:10:00,9.1156,10.533,KHT-XE5S_2025_0526_1101,0.0,0.5
KHT-XE5S,2025-08-21 21:20:00,9.1188,10.533,KHT-XE5S_2025_0526_1101,0.0,0.5
KHT-XE5S,2025-08-21 21:30:00,9.122,10.533,KHT-XE5S_2025_0526_1101,0.0,0.5
KHT-XE5S,2025-08-21 21:40:00,9.1256,10.534,KHT-XE5S_2025_0526_1101,0.00010000000000012221,0.5
KHT-XE5S,2025-08-21 21:50:00,9.1291,10.534,KHT-XE5S_2025_0526_1101,0.0,0.5
KHT-XE5S,2025-08-21 22:00:00,9.1328,10.536,KHT-XE5S_2025_0526_1101,0.00019999999999988915,0.5
KHT-XE5S,2025-08-21 22:10:00,9.1356,10.536,KHT-XE5S_2025_0526_1101,0.0,0.5
KHT-XE5S,2025-08-21 22:20:00,9.1384,10.533,KHT-XE5S_2025_0526_1101,0.00030000000000001136,0.5
KHT-XE5S,2025-08-21 22:30:00,9.1413,10.536,KHT-XE5S_2025_0526_1101,0.00030000000000001136,0.5
KHT-XE5S,2025-08-21 22:40:00,9.1443,10.533,KHT-XE5S_2025_0526_1101,0.00030000000000001136,0.5
KHT-XE5S,2025-08-21 22:50:00,9.1463,10.535,KHT-XE5S_2025_0526_1101,0.0002000000000000668,0.5
KHT-XE5S,2025-08-21 23:00:00,9.1495,10.534,KHT-XE5S_2025_0526_1101,9.999999999994457e-05,0.5
KHT-XE5S,2025-08-21 23:10:00,9.1528,10.538,KHT-XE5S_2025_0526_1101,0.00039999999999995595,0.5
KHT-XE5S,2025-08-21 23:20:00,9.1556,10.536,KHT-XE5S_2025_0526_1101,0.0002000000000000668,0.5
KHT-XE5S,2025-08-21 23:30:00,9.1582,10.535,KHT-XE5S_2025_0526_1101,9.999999999994457e-05,0.5
KHT-XE5S,2025-08-21 23:40:00,9.1606,10.535,KHT-XE5S_2025_0526_1101,0.0,0.5
KHT-XE5S,2025-08-21 23:50:00,9.1635,10.538,KHT-XE5S_2025_0526_1101,0.00030000000000001136,0.5
KHT-XE5S,2025-08-22 00:00:00,9.1658,10.536,KHT-XE5S_2025_0526_1101,0.0002000000000000668,0.5
KHT-XE5S,2025-08-22 00:10:00,9.1684,10.537,KHT-XE5S_2025_0526_1101,0.00010000000000012221,0.5
KHT-XE5S,2025-08-22 00:20:00,9.1704,10.537,KHT-XE5S_2025_0526_1101,0.0,0.5
KHT-XE5S,2025-08-22 00:30:00,9.1722,10.538,KHT-XE5S_2025_0526_1101,9.999999999994457e-05,0.5
KHT-XE5S,2025-08-22 00:40:00,9.1746,10.537,KHT-XE5S_2025_0526_1101,9.999999999994457e-05,0.5
KHT-XE5S,2025-08-22 00:50:00,9.177,10.537,KHT-XE5S_2025_0526_1101,0.0,0.5
KHT-XE5S,2025-08-22 01:00:00,9.1781,10.537,KHT-XE5S_2025_0526_1101,0.0,0.5
KHT-XE5S,2025-08-22 01:10:00,9.1797,10.539,KHT-XE5S_2025_0526_1101,0.00019999999999988915,0.5
KHT-XE5S,2025-08-22 01:20:00,9.1813,10.539,KHT-XE5S_2025_0526_1101,0.0,0.5
KHT-XE5S,2025-08-22 01:30:00,9.183,10.54,KHT-XE5S_2025_0526_1101,9.999999999994457e-05,0.5
KHT-XE5S,2025-08-22 01:40:00,9.1843,10.539,KHT-XE5S_2025_0526_1101,9.999999999994457e-05,0.5
KHT-XE5S,2025-08-22 01:50:00,9.1862,10.539,KHT-XE5S_2025_0526_1101,0.0,0.5
KHT-XE5S,2025-08-22 02:00:00,9.1874,10.539,KHT-XE5S_2025_0526_1101,0.0,0.5
KHT-XE5S,2025-08-22 02:10:00,9.1892,10.54,KHT-XE5S_2025_0526_1101,9.999999999994457e-05,0.5
KHT-XE5S,2025-08-22 02:20:00,9.1916,10.54,KHT-XE5S_2025_0526_1101,0.0,0.5
KHT-XE5S,2025-08-22 02:30:00,9.1937,10.539,KHT-XE5S_2025_0526_1101,9.999999999994457e-05,0.5
KHT-XE5S,2025-08-22 02:40:00,9.196,10.539,KHT-XE5S_2025_0526_1101,0.0,0.5
KHT-XE5S,2025-08-22 02:50:00,9.1977,10.539,KHT-XE5S_2025_0526_1101,0.0,0.5
KHT-XE5S,2025-08-22 03:00:00,9.1994,10.541,KHT-XE5S_2025_0526_1101,0.0002000000000000668,0.5
KHT-XE5S,2025-08-22 03:10:00,9.2009,10.542,KHT-XE5S_2025_0526_1101,9.999999999994457e-05,0.5
KHT-XE5S,2025-08-22 03:20:00,9.2024,10.54,KHT-XE5S_2025_0526_1101,0.0002000000000000668,0.5
KHT-XE5S,2025-08-22 03:30:00,9.203,10.541,KHT-XE5S_2025_0526_1101,0.00010000000000012221,0.5
KHT-XE5S,2025-08-22 03:40:00,9.2039,10.542,KHT-XE5S_2025_0526_1101,9.999999999994457e-05,0.5
KHT-XE5S,2025-08-22 03:50:00,9.2056,10.543,KHT-XE5S_2025_0526_1101,9.999999999994457e-05,0.5
KHT-XE5S,2025-08-22 04:00:00,9.2069,10.543,KHT-XE5S_2025_0526_1101,0.0,0.5
KHT-XE5S,2025-08-22 04:10:00,9.2087,10.545,KHT-XE5S_2025_0526_1101,0.0002000000000000668,0.5
KHT-XE5S,2025-08-22 04:20:00,9.2098,10.543,KHT-XE5S_2025_0526_1101,0.0002000000000000668,0.5
KHT-XE5S,2025-08-22 04:30:00,9.2108,10.543,KHT-XE5S_2025_0526_1101,0.0,0.5
KHT-XE5S,2025-08-22 04:40:00,9.212,10.543,KHT-XE5S_2025_0526_1101,0.0,0.5
KHT-XE5S,2025-08-22 04:50:00,9.2131,10.544,KHT-XE5S_2025_0526_1101,0.00010000000000012221,0.5
KHT-XE5S,2025-08-22 05:00:00,9.2148,10.544,KHT-XE5S_2025_0526_1101,0.0,0.5
KHT-XE5S,2025-08-22 05:10:00,9.2165,10.544,KHT-XE5S_2025_0526_1101,0.0,0.5
KHT-XE5S,2025-08-22 05:20:00,9.2179,10.547,KHT-XE5S_2025_0526_1101,0.00030000000000001136,0.5
KHT-XE5S,2025-08-22 05:30:00,9.2197,10.543,KHT-XE5S_2025_0526_1101,0.0004000000000001336,0.5
KHT-XE5S,2025-08-22 05:40:00,9.2217,10.546,KHT-XE5S_2025_0526_1101,0.00030000000000001136,0.5
KHT-XE5S,2025-08-22 05:50:00,9.2226,10.546,KHT-XE5S_2025_0526_1101,0.0,0.5
KHT-XE5S,2025-08-22 06:00:00,9.2245,10.546,KHT-XE5S_2025_0526_1101,0.0,0.5
KHT-XE5S,2025-08-22 06:10:00,9.2269,10.546,KHT-XE5S_2025_0526_1101,0.0,0.5
KHT-XE5S,2025-08-22 06:20:00,9.2288,10.545,KHT-XE5S_2025_0526_1101,9.999999999994457e-05,0.5
KHT-XE5S,2025-08-22 06:30:00,9.2311,10.547,KHT-XE5S_2025_0526_1101,0.0002000000000000668,0.5
KHT-XE5S,2025-08-22 06:40:00,9.2331,10.546,KHT-XE5S_2025_0526_1101,0.00010000000000012221,0.5
KHT-XE5S,2025-08-22 06:50:00,9.2346,10.545,KHT-XE5S_2025_0526_1101,9.999999999994457e-05,0.5
KHT-XE5S,2025-08-22 07:00:00,9.2364,10.548,KHT-XE5S_2025_0526_1101,0.00030000000000001136,0.5
KHT-XE5S,2025-08-22 07:10:00,9.238,10.547,KHT-XE5S_2025_0526_1101,9.999999999994457e-05,0.5
KHT-XE5S,2025-08-22 07:20:00,9.24,10.549,KHT-XE5S_2025_0526_1101,0.00019999999999988915,0.5
KHT-XE5S,2025-08-22 07:30:00,9.2417,10.547,KHT-XE5S_2025_0526_1101,0.00019999999999988915,0.5
KHT-XE5S,2025-08-22 07:40:00,9.2435,10.548,KHT-XE5S_2025_0526_1101,9.999999999994457e-05,0.5
KHT-XE5S,2025-08-22 07:50:00,9.244,10.548,KHT-XE5S_2025_0526_1101,0.0,0.5
KHT-XE5S,2025-08-22 08:00:00,9.2446,10.547,KHT-XE5S_2025_0526_1101,9.999999999994457e-05,0.5
KHT-XE5S,2025-08-22 08:10:00,9.2455,10.548,KHT-XE5S_2025_0526_1101,9.999999999994457e-05,0.5
KHT-XE5S,2025-08-22 08:20:00,9.2463,10.548,KHT-XE5S_2025_0526_1101,0.0,0.5
KHT-XE5S,2025-08-22 08:30:00,9.2468,10.55,KHT-XE5S_2025_0526_1101,0.0002000000000000668,0.5
KHT-XE5S,2025-08-22 08:40:00,9.246,10.549,KHT-XE5S_2025_0526_1101,0.00010000000000012221,0.5
KHT-XE5S,2025-08-22 08:50:00,9.2449,10.55,KHT-XE5S_2025_0526_1101,0.00010000000000012221,0.5
KHT-XE5S,2025-08-22 09:00:00,9.2432,10.55,KHT-XE5S_2025_0526_1101,0.0,0.5
KHT-XE5S,2025-08-22 09:10:00,9.2419,10.551,KHT-XE5S_2025_0526_1101,9.999999999994457e-05,0.5
KHT-XE5S,2025-08-22 09:20:00,9.2404,10.551,KHT-XE5S_2025_0526_1101,0.0,0.5
KHT-XE5S,2025-08-22 09:30:00,9.2384,10.553,KHT-XE5S_2025_0526_1101,0.0002000000000000668,0.5
KHT-XE5S,2025-08-22 09:40:00,9.236,10.552,KHT-XE5S_2025_0526_1101,0.00010000000000012221,0.5
KHT-XE5S,2025-08-22 09:50:00,9.234,10.552,KHT-XE5S_2025_0526_1101,0.0,0.5
KHT-XE5S,2025-08-22 10:00:00,9.2312,10.553,KHT-XE5S_2025_0526_1101,0.00010000000000012221,0.5
KHT-XE5S,2025-08-22 10:10:00,9.2286,10.555,KHT-XE5S_2025_0526_1101,0.00019999999999988915,0.5
KHT-XE5S,2025-08-22 10:20:00,9.2249,10.556,KHT-XE5S_2025_0526_1101,9.999999999994457e-05,0.5
KHT-XE5S,2025-08-22 10:30:00,9.2215,10.557,KHT-XE5S_2025_0526_1101,0.00010000000000012221,0.5
KHT-XE5S,2025-08-22 10:40:00,9.2184,10.555,KHT-XE5S_2025_0526_1101,0.0002000000000000668,0.5
KHT-XE5S,2025-08-22 10:50:00,9.2147,10.558,KHT-XE5S_2025_0526_1101,0.00030000000000001136,0.5
KHT-XE5S,2025-08-22 11:00:00,9.2099,10.559,KHT-XE5S_2025_0526_1101,9.999999999994457e-05,0.5
KHT-XE5S,2025-08-22 11:10:00,9.2052,10.559,KHT-XE5S_2025_0526_1101,0.0,0.5
KHT-XE5S,2025-08-22 11:20:00,9.2007,10.557,KHT-XE5S_2025_0526_1101,0.00019999999999988915,0.5
KHT-XE5S,2025-08-22 11:30:00,9.195,10.558,KHT-XE5S_2025_0526_1101,9.999999999994457e-05,0.5
KHT-XE5S,2025-08-22 11:40:00,9.1899,10.559,KHT-XE5S_2025_0526_1101,9.999999999994457e-05,0.5
KHT-XE5S,2025-08-22 11:50:00,9.1854,10.559,KHT-XE5S_2025_0526_1101,0.0,0.5
KHT-XE5S,2025-08-22 12:00:00,9.181,10.56,KHT-XE5S_2025_0526_1101,0.00010000000000012221,0.5
KHT-XE5S,2025-08-22 12:10:00,9.1763,10.561,KHT-XE5S_2025_0526_1101,9.999999999994457e-05,0.5
KHT-XE5S,2025-08-22 12:20:00,9.1709,10.561,KHT-XE5S_2025_0526_1101,0.0,0.5
KHT-XE5S,2025-08-22 12:30:00,9.1654,10.561,KHT-XE5S_2025_0526_1101,0.0,0.5
KHT-XE5S,2025-08-22 12:40:00,9.1581,10.56,KHT-XE5S_2025_0526_1101,9.999999999994457e-05,0.5
KHT-XE5S,2025-08-22 12:50:00,9.1525,10.561,KHT-XE5S_2025_0526_1101,9.999999999994457e-05,0.5
KHT-XE5S,2025-08-22 13:00:00,9.1482,10.562,KHT-XE5S_2025_0526_1101,9.999999999994457e-05,0.5
KHT-XE5S,2025-08-22 13:10:00,9.1423,10.562,KHT-XE5S_2025_0526_1101,0.0,0.5
KHT-XE5S,2025-08-22 13:20:00,9.1376,10.562,KHT-XE5S_2025_0526_1101,0.0,0.5
KHT-XE5S,2025-08-22 13:30:00,9.132,10.564,KHT-XE5S_2025_0526_1101,0.0002000000000000668,0.5
KHT-XE5S,2025-08-22 13:40:00,9.1274,10.563,KHT-XE5S_2025_0526_1101,9.999999999994457e-05,0.5
KHT-XE5S,2025-08-22 13:50:00,9.1222,10.564,KHT-XE5S_2025_0526_1101,9.999999999994457e-05,0.5
KHT-XE5S,2025-08-22 14:00:00,9.1174,10.563,KHT-XE5S_2025_0526_1101,9.999999999994457e-05,0.5
KHT-XE5S,2025-08-22 14:10:00,9.1123,10.565,KHT-XE5S_2025_0526_1101,0.00019999999999988915,0.5
KHT-XE5S,2025-08-22 14:20:00,9.1079,10.566,KHT-XE5S_2025_0526_1101,0.00010000000000012221,0.5
KHT-XE5S,2025-08-22 14:30:00,9.1031,10.564,KHT-XE5S_2025_0526_1101,0.0002000000000000668,0.5
KHT-XE5S,2025-08-22 14:40:00,9.0988,10.564,KHT-XE5S_2025_0526_1101,0.0,0.5
KHT-XE5S,2025-08-22 14:50:00,9.0956,10.563,KHT-XE5S_2025_0526_1101,9.999999999994457e-05,0.5
KHT-XE5S,2025-08-22 15:00:00,9.0902,10.564,KHT-XE5S_2025_0526_1101,9.999999999994457e-05,0.5
KHT-XE5S,2025-08-22 15:10:00,9.0868,10.566,KHT-XE5S_2025_0526_1101,0.0002000000000000668,0.5
KHT-XE5S,2025-08-22 15:20:00,9.0829,10.568,KHT-XE5S_2025_0526_1101,0.00019999999999988915,0.5
KHT-XE5S,2025-08-22 15:30:00,9.0791,10.565,KHT-XE5S_2025_0526_1101,0.00030000000000001136,0.5
KHT-XE5S,2025-08-22 15:40:00,9.0763,10.566,KHT-XE5S_2025_0526_1101,0.00010000000000012221,0.5
KHT-XE5S,2025-08-22 15:50:00,9.0743,10.565,KHT-XE5S_2025_0526_1101,0.00010000000000012221,0.5
KHT-XE5S,2025-08-22 16:00:00,9.0702,10.567,KHT-XE5S_2025_0526_1101,0.0002000000000000668,0.5
KHT-XE5S,2025-08-22 16:10:00,9.0672,10.567,KHT-XE5S_2025_0526_1101,0.0,0.5
KHT-XE5S,2025-08-22 16:20:00,9.0651,10.567,KHT-XE5S_2025_0526_1101,0.0,0.5
KHT-XE5S,2025-08-22 16:30:00,9.0627,10.567,KHT-XE5S_2025_0526_1101,0.0,0.5
KHT-XE5S,2025-08-22 16:40:00,9.0603,10.565,KHT-XE5S_2025_0526_1101,0.0002000000000000668,0.5
KHT-XE5S,2025-08-22 16:50:00,9.0593,10.566,KHT-XE5S_2025_0526_1101,0.00010000000000012221,0.5
KHT-XE5S,2025-08-22 17:00:00,9.0585,10.567,KHT-XE5S_2025_0526_1101,9.999999999994457e-05,0.5
KHT-XE5S,2025-08-22 17:10:00,9.0579,10.567,KHT-XE5S_2025_0526_1101,0.0,0.5
KHT-XE5S,2025-08-22 17:20:00,9.0565,10.569,KHT-XE5S_2025_0526_1101,0.0002000000000000668,0.5
KHT-XE5S,2025-08-22 17:30:00,9.0556,10.569,KHT-XE5S_2025_0526_1101,0.0,0.5
KHT-XE5S,2025-08-22 17:40:00,9.0539,10.568,KHT-XE5S_2025_0526_1101,0.00010000000000012221,0.5
KHT-XE5S,2025-08-22 17:50:00,9.0532,10.568,KHT-XE5S_2025_0526_1101,0.0,0.5
KHT-XE5S,2025-08-22 18:00:00,9.0532,10.566,KHT-XE5S_2025_0526_1101,0.00019999999999988915,0.5
KHT-XE5S,2025-08-22 18:10:00,9.0533,10.569,KHT-XE5S_2025_0526_1101,0.00030000000000001136,0.5
KHT-XE5S,2025-08-22 18:20:00,9.0547,10.568,KHT-XE5S_2025_0526_1101,0.00010000000000012221,0.5
KHT-XE5S,2025-08-22 18:30:00,9.056,10.566,KHT-XE5S_2025_0526_1101,0.00019999999999988915,0.5
KHT-XE5S,2025-08-22 18:40:00,9.0572,10.568,KHT-XE5S_2025_0526_1101,0.00019999999999988915,0.5
KHT-XE5S,2025-08-22 18:50:00,9.0592,10.567,KHT-XE5S_2025_0526_1101,9.999999999994457e-05,0.5
KHT-XE5S,2025-08-22 19:00:00,9.0612,10.567,KHT-XE5S_2025_0526_1101,0.0,0.5
KHT-XE5S,2025-08-22 19:10:00,9.064,10.568,KHT-XE5S_2025_0526_1101,9.999999999994457e-05,0.5
KHT-XE5S,2025-08-22 19:20:00,9.068,10.566,KHT-XE5S_2025_0526_1101,0.00019999999999988915,0.5
KHT-XE5S,2025-08-22 19:30:00,9.0718,10.566,KHT-XE5S_2025_0526_1101,0.0,0.5
KHT-XE5S,2025-08-22 19:40:00,9.0754,10.565,KHT-XE5S_2025_0526_1101,0.00010000000000012221,0.5
KHT-XE5S,2025-08-22 19:50:00,9.079,10.564,KHT-XE5S_2025_0526_1101,9.999999999994457e-05,0.5
KHT-XE5S,2025-08-22 20:00:00,9.0831,10.567,KHT-XE5S_2025_0526_1101,0.00030000000000001136,0.5
KHT-XE5S,2025-08-22 20:10:00,9.0874,10.566,KHT-XE5S_2025_0526_1101,9.999999999994457e-05,0.5
KHT-XE5S,2025-08-22 20:20:00,9.0918,10.564,KHT-XE5S_2025_0526_1101,0.0002000000000000668,0.5
KHT-XE5S,2025-08-22 20:30:00,9.0975,10.564,KHT-XE5S_2025_0526_1101,0.0,0.5
KHT-XE5S,2025-08-22 20:40:00,9.1021,10.564,KHT-XE5S_2025_0526_1101,0.0,0.5
KHT-XE5S,2025-08-22 20:50:00,9.106,10.565,KHT-XE5S_2025_0526_1101,9.999999999994457e-05,0.5
KHT-XE5S,2025-08-22 21:00:00,9.1104,10.564,KHT-XE5S_2025_0526_1101,9.999999999994457e-05,0.5
KHT-XE5S,2025-08-22 21:10:00,9.1138,10.565,KHT-XE5S_2025_0526_1101,9.999999999994457e-05,0.5
KHT-XE5S,2025-08-22 21:20:00,9.1168,10.564,KHT-XE5S_2025_0526_1101,9.999999999994457e-05,0.5
KHT-XE5S,2025-08-22 21:30:00,9.1216,10.565,KHT-XE5S_2025_0526_1101,9.999999999994457e-05,0.5
KHT-XE5S,2025-08-22 21:40:00,9.1256,10.564,KHT-XE5S_2025_0526_1101,9.999999999994457e-05,0.5
KHT-XE5S,2025-08-22 21:50:00,9.1283,10.566,KHT-XE5S_2025_0526_1101,0.0002000000000000668,0.5
KHT-XE5S,2025-08-22 22:00:00,9.1317,10.565,KHT-XE5S_2025_0526_1101,0.00010000000000012221,0.5
KHT-XE5S,2025-08-22 22:10:00,9.135,10.567,KHT-XE5S_2025_0526_1101,0.0002000000000000668,0.5
KHT-XE5S,2025-08-22 22:20:00,9.1389,10.566,KHT-XE5S_2025_0526_1101,9.999999999994457e-05,0.5
KHT-XE5S,2025-08-22 22:30:00,9.1431,10.565,KHT-XE5S_2025_0526_1101,0.00010000000000012221,0.5
KHT-XE5S,2025-08-22 22:40:00,9.1455,10.568,KHT-XE5S_2025_0526_1101,0.00030000000000001136,0.5
KHT-XE5S,2025-08-22 22:50:00,9.1476,10.566,KHT-XE5S_2025_0526_1101,0.00019999999999988915,0.5
KHT-XE5S,2025-08-22 23:00:00,9.1496,10.565,KHT-XE5S_2025_0526_1101,0.00010000000000012221,0.5
KHT-XE5S,2025-08-22 23:10:00,9.1517,10.568,KHT-XE5S_2025_0526_1101,0.00030000000000001136,0.5
KHT-XE5S,2025-08-22 23:20:00,9.1537,10.567,KHT-XE5S_2025_0526_1101,9.999999999994457e-05,0.5
KHT-XE5S,2025-08-22 23:30:00,9.1554,10.568,KHT-XE5S_2025_0526_1101,9.999999999994457e-05,0.5
KHT-XE5S,2025-08-22 23:40:00,9.1575,10.566,KHT-XE5S_2025_0526_1101,0.00019999999999988915,0.5
KHT-XE5S,2025-08-22 23:50:00,9.1606,10.567,KHT-XE5S_2025_0526_1101,9.999999999994457e-05,0.5
KHT-XE5S,2025-08-23 00:00:00,9.1626,10.568,KHT-XE5S_2025_0526_1101,9.999999999994457e-05,0.5
KHT-XE5S,2025-08-23 00:10:00,9.1651,10.569,KHT-XE5S_2025_0526_1101,0.00010000000000012221,0.5
KHT-XE5S,2025-08-23 00:20:00,9.1676,10.568,KHT-XE5S_2025_0526_1101,0.00010000000000012221,0.5
KHT-XE5S,2025-08-23 00:30:00,9.1698,10.57,KHT-XE5S_2025_0526_1101,0.0002000000000000668,0.5
KHT-XE5S,2025-08-23 00:40:00,9.1723,10.571,KHT-XE5S_2025_0526_1101,9.999999999994457e-05,0.5
KHT-XE5S,2025-08-23 00:50:00,9.175,10.568,KHT-XE5S_2025_0526_1101,0.00030000000000001136,0.5
KHT-XE5S,2025-08-23 01:00:00,9.1777,10.571,KHT-XE5S_2025_0526_1101,0.00030000000000001136,0.5
KHT-XE5S,2025-08-23 01:10:00,9.1801,10.57,KHT-XE5S_2025_0526_1101,9.999999999994457e-05,0.5
KHT-XE5S,2025-08-23 01:20:00,9.1815,10.572,KHT-XE5S_2025_0526_1101,0.00019999999999988915,0.5
KHT-XE5S,2025-08-23 01:30:00,9.1827,10.569,KHT-XE5S_2025_0526_1101,0.0002999999999998337,0.5
KHT-XE5S,2025-08-23 01:40:00,9.1843,10.569,KHT-XE5S_2025_0526_1101,0.0,0.5
KHT-XE5S,2025-08-23 01:50:00,9.1858,10.571,KHT-XE5S_2025_0526_1101,0.00019999999999988915,0.5
KHT-XE5S,2025-08-23 02:00:00,9.1875,10.573,KHT-XE5S_2025_0526_1101,0.0002000000000000668,0.5
KHT-XE5S,2025-08-23 02:10:00,9.1889,10.571,KHT-XE5S_2025_0526_1101,0.0002000000000000668,0.5
KHT-XE5S,2025-08-23 02:20:00,9.1909,10.571,KHT-XE5S_2025_0526_1101,0.0,0.5
KHT-XE5S,2025-08-23 02:30:00,9.1932,10.57,KHT-XE5S_2025_0526_1101,9.999999999994457e-05,0.5
KHT-XE5S,2025-08-23 02:40:00,9.1945,10.571,KHT-XE5S_2025_0526_1101,9.999999999994457e-05,0.5
KHT-XE5S,2025-08-23 02:50:00,9.1959,10.572,KHT-XE5S_2025_0526_1101,9.999999999994457e-05,0.5
KHT-XE5S,2025-08-23 03:00:00,9.1978,10.574,KHT-XE5S_2025_0526_1101,0.0002000000000000668,0.5
KHT-XE5S,2025-08-23 03:10:00,9.1993,10.571,KHT-XE5S_2025_0526_1101,0.00030000000000001136,0.5
KHT-XE5S,2025-08-23 03:20:00,9.2015,10.574,KHT-XE5S_2025_0526_1101,0.00030000000000001136,0.5
KHT-XE5S,2025-08-23 03:30:00,9.203,10.574,KHT-XE5S_2025_0526_1101,0.0,0.5
KHT-XE5S,2025-08-23 03:40:00,9.2043,10.574,KHT-XE5S_2025_0526_1101,0.0,0.5
KHT-XE5S,2025-08-23 03:50:00,9.2067,10.574,KHT-XE5S_2025_0526_1101,0.0,0.5
KHT-XE5S,2025-08-23 04:00:00,9.2084,10.574,KHT-XE5S_2025_0526_1101,0.0,0.5
KHT-XE5S,2025-08-23 04:10:00,9.2105,10.573,KHT-XE5S_2025_0526_1101,9.999999999994457e-05,0.5
KHT-XE5S,2025-08-23 04:20:00,9.2118,10.573,KHT-XE5S_2025_0526_1101,0.0,0.5
KHT-XE5S,2025-08-23 04:30:00,9.2131,10.575,KHT-XE5S_2025_0526_1101,0.00019999999999988915,0.5
KHT-XE5S,2025-08-23 04:40:00,9.2148,10.575,KHT-XE5S_2025_0526_1101,0.0,0.5
KHT-XE5S,2025-08-23 04:50:00,9.216,10.576,KHT-XE5S_2025_0526_1101,0.00010000000000012221,0.5
KHT-XE5S,2025-08-23 05:00:00,9.2181,10.575,KHT-XE5S_2025_0526_1101,0.00010000000000012221,0.5
KHT-XE5S,2025-08-23 05:10:00,9.2197,10.577,KHT-XE5S_2025_0526_1101,0.0002000000000000668,0.5
KHT-XE5S,2025-08-23 05:20:00,9.2216,10.575,KHT-XE5S_2025_0526_1101,0.0002000000000000668,0.5
KHT-XE5S,2025-08-23 05:30:00,9.2238,10.573,KHT-XE5S_2025_0526_1101,0.00019999999999988915,0.5
KHT-XE5S,2025-08-23 05:40:00,9.2252,10.577,KHT-XE5S_2025_0526_1101,0.00039999999999995595,0.5
KHT-XE5S,2025-08-23 05:50:00,9.2272,10.575,KHT-XE5S_2025_0526_1101,0.0002000000000000668,0.5
KHT-XE5S,2025-08-23 06:00:00,9.2289,10.575,KHT-XE5S_2025_0526_1101,0.0,0.5
KHT-XE5S,2025-08-23 06:10:00,9.2306,10.576,KHT-XE5S_2025_0526_1101,0.00010000000000012221,0.5
KHT-XE5S,2025-08-23 06:20:00,9.2322,10.577,KHT-XE5S_2025_0526_1101,9.999999999994457e-05,0.5
KHT-XE5S,2025-08-23 06:30:00,9.2345,10.577,KHT-XE5S_2025_0526_1101,0.0,0.5
KHT-XE5S,2025-08-23 06:40:00,9.2369,10.579,KHT-XE5S_2025_0526_1101,0.0002000000000000668,0.5
KHT-XE5S,2025-08-23 06:50:00,9.239,10.578,KHT-XE5S_2025_0526_1101,0.00010000000000012221,0.5
KHT-XE5S,2025-08-23 07:00:00,9.2408,10.576,KHT-XE5S_2025_0526_1101,0.00019999999999988915,0.5
KHT-XE5S,2025-08-23 07:10:00,9.2422,10.578,KHT-XE5S_2025_0526_1101,0.00019999999999988915,0.5
KHT-XE5S,2025-08-23 07:20:00,9.2436,10.577,KHT-XE5S_2025_0526_1101,9.999999999994457e-05,0.5
KHT-XE5S,2025-08-23 07:30:00,9.245,10.579,KHT-XE5S_2025_0526_1101,0.0002000000000000668,0.5
KHT-XE5S,2025-08-23 07:40:00,9.246,10.578,KHT-XE5S_2025_0526_1101,0.00010000000000012221,0.5
KHT-XE5S,2025-08-23 07:50:00,9.2471,10.578,KHT-XE5S_2025_0526_1101,0.0,0.5
KHT-XE5S,2025-08-23 08:00:00,9.248,10.579,KHT-XE5S_2025_0526_1101,0.00010000000000012221,0.5
KHT-XE5S,2025-08-23 08:10:00,9.2487,10.579,KHT-XE5S_2025_0526_1101,0.0,0.5
KHT-XE5S,2025-08-23 08:20:00,9.2488,10.579,KHT-XE5S_2025_0526_1101,0.0,0.5
KHT-XE5S,2025-08-23 08:30:00,9.2498,10.579,KHT-XE5S_2025_0526_1101,0.0,0.5
KHT-XE5S,2025-08-23 08:40:00,9.2496,10.582,KHT-XE5S_2025_0526_1101,0.00030000000000001136,0.5
KHT-XE5S,2025-08-23 08:50:00,9.2489,10.581,KHT-XE5S_2025_0526_1101,0.00010000000000012221,0.5
KHT-XE5S,2025-08-23 09:00:00,9.2484,10.58,KHT-XE5S_2025_0526_1101,9.999999999994457e-05,0.5
KHT-XE5S,2025-08-23 09:10:00,9.2471,10.581,KHT-XE5S_2025_0526_1101,9.999999999994457e-05,0.5
KHT-XE5S,2025-08-23 09:20:00,9.2456,10.583,KHT-XE5S_2025_0526_1101,0.0002000000000000668,0.5
KHT-XE5S,2025-08-23 09:30:00,9.244,10.584,KHT-XE5S_2025_0526_1101,9.999999999994457e-05,0.5
KHT-XE5S,2025-08-23 09:40:00,9.2423,10.583,KHT-XE5S_2025_0526_1101,9.999999999994457e-05,0.5
KHT-XE5S,2025-08-23 09:50:00,9.2416,10.584,KHT-XE5S_2025_0526_1101,9.999999999994457e-05,0.5
KHT-XE5S,2025-08-23 10:00:00,9.2403,10.584,KHT-XE5S_2025_0526_1101,0.0,0.5
KHT-XE5S,2025-08-23 10:10:00,9.2375,10.584,KHT-XE5S_2025_0526_1101,0.0,0.5
KHT-XE5S,2025-08-23 10:20:00,9.2347,10.585,KHT-XE5S_2025_0526_1101,0.00010000000000012221,0.5
KHT-XE5S,2025-08-23 10:30:00,9.2317,10.584,KHT-XE5S_2025_0526_1101,0.00010000000000012221,0.5
KHT-XE5S,2025-08-23 10:40:00,9.2281,10.585,KHT-XE5S_2025_0526_1101,0.00010000000000012221,0.5
KHT-XE5S,2025-08-23 10:50:00,9.2243,10.587,KHT-XE5S_2025_0526_1101,0.00019999999999988915,0.5
KHT-XE5S,2025-08-23 11:00:00,9.2197,10.585,KHT-XE5S_2025_0526_1101,0.00019999999999988915,0.5
KHT-XE5S,2025-08-23 11:10:00,9.2147,10.586,KHT-XE5S_2025_0526_1101,9.999999999994457e-05,0.5
KHT-XE5S,2025-08-23 11:20:00,9.2097,10.588,KHT-XE5S_2025_0526_1101,0.00019999999999988915,0.5
KHT-XE5S,2025-08-23 11:30:00,9.2043,10.588,KHT-XE5S_2025_0526_1101,0.0,0.5
KHT-XE5S,2025-08-23 11:40:00,9.1986,10.59,KHT-XE5S_2025_0526_1101,0.0002000000000000668,0.5
KHT-XE5S,2025-08-23 11:50:00,9.1931,10.588,KHT-XE5S_2025_0526_1101,0.0002000000000000668,0.5
KHT-XE5S,2025-08-23 12:00:00,9.1874,10.586,KHT-XE5S_2025_0526_1101,0.00019999999999988915,0.5
KHT-XE5S,2025-08-23 12:10:00,9.1806,10.59,KHT-XE5S_2025_0526_1101,0.00039999999999995595,0.5
KHT-XE5S,2025-08-23 12:20:00,9.1752,10.59,KHT-XE5S_2025_0526_1101,0.0,0.5
KHT-XE5S,2025-08-23 12:30:00,9.1693,10.589,KHT-XE5S_2025_0526_1101,9.999999999994457e-05,0.5
KHT-XE5S,2025-08-23 12:40:00,9.1638,10.59,KHT-XE5S_2025_0526_1101,9.999999999994457e-05,0.5
KHT-XE5S,2025-08-23 12:50:00,9.1574,10.59,KHT-XE5S_2025_0526_1101,0.0,0.5
KHT-XE5S,2025-08-23 13:00:00,9.1503,10.593,KHT-XE5S_2025_0526_1101,0.00030000000000001136,0.5
KHT-XE5S,2025-08-23 13:10:00,9.145,10.591,KHT-XE5S_2025_0526_1101,0.0002000000000000668,0.5
KHT-XE5S,2025-08-23 13:20:00,9.1396,10.592,KHT-XE5S_2025_0526_1101,0.00010000000000012221,0.5
KHT-XE5S,2025-08-23 13:30:00,9.1341,10.591,KHT-XE5S_2025_0526_1101,0.00010000000000012221,0.5
KHT-XE5S,2025-08-23 13:40:00,9.1291,10.592,KHT-XE5S_2025_0526_1101,0.00010000000000012221,0.5
KHT-XE5S,2025-08-23 13:50:00,9.1231,10.594,KHT-XE5S_2025_0526_1101,0.00019999999999988915,0.5
KHT-XE5S,2025-08-23 14:00:00,9.1179,10.592,KHT-XE5S_2025_0526_1101,0.00019999999999988915,0.5
KHT-XE5S,2025-08-23 14:10:00,9.1117,10.593,KHT-XE5S_2025_0526_1101,9.999999999994457e-05,0.5
KHT-XE5S,2025-08-23 14:20:00,9.1071,10.593,KHT-XE5S_2025_0526_1101,0.0,0.5
KHT-XE5S,2025-08-23 14:30:00,9.1018,10.595,KHT-XE5S_2025_0526_1101,0.0002000000000000668,0.5
KHT-XE5S,2025-08-23 14:40:00,9.0986,10.595,KHT-XE5S_2025_0526_1101,0.0,0.5
KHT-XE5S,2025-08-23 14:50:00,9.0995,10.595,KHT-XE5S_2025_0526_1101,0.0,0.5
KHT-XE5S,2025-08-23 15:00:00,9.1002,10.596,KHT-XE5S_2025_0526_1101,9.999999999994457e-05,0.5
KHT-XE5S,2025-08-23 15:10:00,9.102,10.594,KHT-XE5S_2025_0526_1101,0.0002000000000000668,0.5
KHT-XE5S,2025-08-23 15:20:00,9.104,10.592,KHT-XE5S_2025_0526_1101,0.00019999999999988915,0.5
KHT-XE5S,2025-08-23 15:30:00,9.1074,10.591,KHT-XE5S_2025_0526_1101,0.00010000000000012221,0.5
KHT-XE5S,2025-08-23 15:40:00,9.1096,10.59,KHT-XE5S_2025_0526_1101,9.999999999994457e-05,0.5
KHT-XE5S,2025-08-23 15:50:00,9.1129,10.593,KHT-XE5S_2025_0526_1101,0.00030000000000001136,0.5
KHT-XE5S,2025-08-23 16:00:00,9.1152,10.59,KHT-XE5S_2025_0526_1101,0.00030000000000001136,0.5
KHT-XE5S,2025-08-23 16:10:00,9.1168,10.592,KHT-XE5S_2025_0526_1101,0.0002000000000000668,0.5
KHT-XE5S,2025-08-23 16:20:00,9.1189,10.591,KHT-XE5S_2025_0526_1101,0.00010000000000012221,0.5
KHT-XE5S,2025-08-23 16:30:00,9.1212,10.589,KHT-XE5S_2025_0526_1101,0.00019999999999988915,0.5
KHT-XE5S,2025-08-23 16:40:00,9.1249,10.592,KHT-XE5S_2025_0526_1101,0.00030000000000001136,0.5
KHT-XE5S,2025-08-23 16:50:00,9.1278,10.591,KHT-XE5S_2025_0526_1101,0.00010000000000012221,0.5
KHT-XE5S,2025-08-23 17:00:00,9.1305,10.591,KHT-XE5S_2025_0526_1101,0.0,0.5
KHT-XE5S,2025-08-23 17:10:00,9.1323,10.59,KHT-XE5S_2025_0526_1101,9.999999999994457e-05,0.5
KHT-XE5S,2025-08-23 17:20:00,9.1341,10.591,KHT-XE5S_2025_0526_1101,9.999999999994457e-05,0.5
KHT-XE5S,2025-08-23 17:30:00,9.1363,10.592,KHT-XE5S_2025_0526_1101,0.00010000000000012221,0.5
KHT-XE5S,2025-08-23 17:40:00,9.1384,10.592,KHT-XE5S_2025_0526_1101,0.0,0.5
KHT-XE5S,2025-08-23 17:50:00,9.1409,10.593,KHT-XE5S_2025_0526_1101,9.999999999994457e-05,0.5
KHT-XE5S,2025-08-23 18:00:00,9.1445,10.592,KHT-XE5S_2025_0526_1101,9.999999999994457e-05,0.5
KHT-XE5S,2025-08-23 18:10:00,9.1486,10.593,KHT-XE5S_2025_0526_1101,9.999999999994457e-05,0.5
KHT-XE5S,2025-08-23 18:20:00,9.1515,10.592,KHT-XE5S_2025_0526_1101,9.999999999994457e-05,0.5
KHT-XE5S,2025-08-23 18:30:00,9.1537,10.592,KHT-XE5S_2025_0526_1101,0.0,0.5
KHT-XE5S,2025-08-23 18:40:00,9.1552,10.594,KHT-XE5S_2025_0526_1101,0.00019999999999988915,0.5
KHT-XE5S,2025-08-23 18:50:00,9.1571,10.591,KHT-XE5S_2025_0526_1101,0.00030000000000001136,0.5
KHT-XE5S,2025-08-23 19:00:00,9.159,10.594,KHT-XE5S_2025_0526_1101,0.00030000000000001136,0.5
KHT-XE5S,2025-08-23 19:10:00,9.1616,10.592,KHT-XE5S_2025_0526_1101,0.00019999999999988915,0.5
KHT-XE5S,2025-08-23 19:20:00,9.164,10.593,KHT-XE5S_2025_0526_1101,9.999999999994457e-05,0.5
KHT-XE5S,2025-08-23 19:30:00,9.1654,10.593,KHT-XE5S_2025_0526_1101,0.0,0.5
KHT-XE5S,2025-08-23 19:40:00,9.1677,10.595,KHT-XE5S_2025_0526_1101,0.0002000000000000668,0.5
KHT-XE5S,2025-08-23 19:50:00,9.1709,10.593,KHT-XE5S_2025_0526_1101,0.0002000000000000668,0.5
KHT-XE5S,2025-08-23 20:00:00,9.1721,10.593,KHT-XE5S_2025_0526_1101,0.0,0.5
KHT-XE5S,2025-08-23 20:10:00,9.1742,10.594,KHT-XE5S_2025_0526_1101,9.999999999994457e-05,0.5
KHT-XE5S,2025-08-23 20:20:00,9.177,10.595,KHT-XE5S_2025_0526_1101,0.00010000000000012221,0.5
KHT-XE5S,2025-08-23 20:30:00,9.1792,10.595,KHT-XE5S_2025_0526_1101,0.0,0.5
KHT-XE5S,2025-08-23 20:40:00,9.1819,10.593,KHT-XE5S_2025_0526_1101,0.0002000000000000668,0.5
KHT-XE5S,2025-08-23 20:50:00,9.1844,10.596,KHT-XE5S_2025_0526_1101,0.00030000000000001136,0.5
KHT-XE5S,2025-08-23 21:00:00,9.1869,10.595,KHT-XE5S_2025_0526_1101,9.999999999994457e-05,0.5
KHT-XE5S,2025-08-23 21:10:00,9.1881,10.596,KHT-XE5S_2025_0526_1101,9.999999999994457e-05,0.5
KHT-XE5S,2025-08-23 21:20:00,9.1895,10.594,KHT-XE5S_2025_0526_1101,0.0002000000000000668,0.5
KHT-XE5S,2025-08-23 21:30:00,9.1914,10.597,KHT-XE5S_2025_0526_1101,0.00030000000000001136,0.5
KHT-XE5S,2025-08-23 21:40:00,9.1931,10.596,KHT-XE5S_2025_0526_1101,9.999999999994457e-05,0.5
KHT-XE5S,2025-08-23 21:50:00,9.1951,10.596,KHT-XE5S_2025_0526_1101,0.0,0.5
KHT-XE5S,2025-08-23 22:00:00,9.1976,10.596,KHT-XE5S_2025_0526_1101,0.0,0.5
KHT-XE5S,2025-08-23 22:10:00,9.1998,10.598,KHT-XE5S_2025_0526_1101,0.0002000000000000668,0.5
KHT-XE5S,2025-08-23 22:20:00,9.2015,10.596,KHT-XE5S_2025_0526_1101,0.0002000000000000668,0.5
KHT-XE5S,2025-08-23 22:30:00,9.2019,10.597,KHT-XE5S_2025_0526_1101,9.999999999994457e-05,0.5
KHT-XE5S,2025-08-23 22:40:00,9.203,10.596,KHT-XE5S_2025_0526_1101,9.999999999994457e-05,0.5
KHT-XE5S,2025-08-23 22:50:00,9.2041,10.597,KHT-XE5S_2025_0526_1101,9.999999999994457e-05,0.5
KHT-XE5S,2025-08-23 23:00:00,9.2057,10.595,KHT-XE5S_2025_0526_1101,0.00019999999999988915,0.5
KHT-XE5S,2025-08-23 23:10:00,9.2074,10.597,KHT-XE5S_2025_0526_1101,0.00019999999999988915,0.5
KHT-XE5S,2025-08-23 23:20:00,9.2098,10.596,KHT-XE5S_2025_0526_1101,9.999999999994457e-05,0.5
KHT-XE5S,2025-08-23 23:30:00,9.2121,10.598,KHT-XE5S_2025_0526_1101,0.0002000000000000668,0.5
KHT-XE5S,2025-08-23 23:40:00,9.214,10.596,KHT-XE5S_2025_0526_1101,0.0002000000000000668,0.5
KHT-XE5S,2025-08-23 23:50:00,9.2155,10.599,KHT-XE5S_2025_0526_1101,0.00030000000000001136,0.5
KHT-XE5S,2025-08-24 00:00:00,9.2167,10.599,KHT-XE5S_2025_0526_1101,0.0,0.5
KHT-XE5S,2025-08-24 00:10:00,9.2179,10.599,KHT-XE5S_2025_0526_1101,0.0,0.5
KHT-XE5S,2025-08-24 00:20:00,9.2184,10.597,KHT-XE5S_2025_0526_1101,0.0002000000000000668,0.5
KHT-XE5S,2025-08-24 00:30:00,9.2203,10.599,KHT-XE5S_2025_0526_1101,0.0002000000000000668,0.5
KHT-XE5S,2025-08-24 00:40:00,9.2223,10.599,KHT-XE5S_2025_0526_1101,0.0,0.5
KHT-XE5S,2025-08-24 00:50:00,9.2231,10.6,KHT-XE5S_2025_0526_1101,9.999999999994457e-05,0.5
KHT-XE5S,2025-08-24 01:00:00,9.2245,10.599,KHT-XE5S_2025_0526_1101,9.999999999994457e-05,0.5
KHT-XE5S,2025-08-24 01:10:00,9.2251,10.598,KHT-XE5S_2025_0526_1101,9.999999999994457e-05,0.5
KHT-XE5S,2025-08-24 01:20:00,9.2264,10.6,KHT-XE5S_2025_0526_1101,0.00019999999999988915,0.5
KHT-XE5S,2025-08-24 01:30:00,9.2275,10.6,KHT-XE5S_2025_0526_1101,0.0,0.5
KHT-XE5S,2025-08-24 01:40:00,9.2277,10.6,KHT-XE5S_2025_0526_1101,0.0,0.5
KHT-XE5S,2025-08-24 01:50:00,9.228,10.601,KHT-XE5S_2025_0526_1101,0.00010000000000012221,0.5
KHT-XE5S,2025-08-24 02:00:00,9.229,10.602,KHT-XE5S_2025_0526_1101,9.999999999994457e-05,0.5
KHT-XE5S,2025-08-24 02:10:00,9.2303,10.601,KHT-XE5S_2025_0526_1101,9.999999999994457e-05,0.5
KHT-XE5S,2025-08-24 02:20:00,9.2329,10.602,KHT-XE5S_2025_0526_1101,9.999999999994457e-05,0.5
KHT-XE5S,2025-08-24 02:30:00,9.2345,10.601,KHT-XE5S_2025_0526_1101,9.999999999994457e-05,0.5
KHT-XE5S,2025-08-24 02:40:00,9.2353,10.601,KHT-XE5S_2025_0526_1101,0.0,0.5
KHT-XE5S,2025-08-24 02:50:00,9.2359,10.601,KHT-XE5S_2025_0526_1101,0.0,0.5
KHT-XE5S,2025-08-24 03:00:00,9.2359,10.599,KHT-XE5S_2025_0526_1101,0.0002000000000000668,0.5
KHT-XE5S,2025-08-24 03:10:00,9.2369,10.601,KHT-XE5S_2025_0526_1101,0.0002000000000000668,0.5
KHT-XE5S,2025-08-24 03:20:00,9.2372,10.604,KHT-XE5S_2025_0526_1101,0.0002999999999998337,0.5
KHT-XE5S,2025-08-24 03:30:00,9.238,10.602,KHT-XE5S_2025_0526_1101,0.00019999999999988915,0.5
KHT-XE5S,2025-08-24 03:40:00,9.2384,10.602,KHT-XE5S_2025_0526_1101,0.0,0.5
KHT-XE5S,2025-08-24 03:50:00,9.239,10.603,KHT-XE5S_2025_0526_1101,9.999999999994457e-05,0.5
KHT-XE5S,2025-08-24 04:00:00,9.2399,10.602,KHT-XE5S_2025_0526_1101,9.999999999994457e-05,0.5
KHT-XE5S,2025-08-24 04:10:00,9.2402,10.604,KHT-XE5S_2025_0526_1101,0.00019999999999988915,0.5
KHT-XE5S,2025-08-24 04:20:00,9.2409,10.605,KHT-XE5S_2025_0526_1101,0.00010000000000012221,0.5
KHT-XE5S,2025-08-24 04:30:00,9.2418,10.604,KHT-XE5S_2025_0526_1101,0.00010000000000012221,0.5
KHT-XE5S,2025-08-24 04:40:00,9.2427,10.602,KHT-XE5S_2025_0526_1101,0.00019999999999988915,0.5
KHT-XE5S,2025-08-24 04:50:00,9.244,10.604,KHT-XE5S_2025_0526_1101,0.00019999999999988915,0.5
KHT-XE5S,2025-08-24 05:00:00,9.2449,10.603,KHT-XE5S_2025_0526_1101,9.999999999994457e-05,0.5
KHT-XE5S,2025-08-24 05:10:00,9.246,10.603,KHT-XE5S_2025_0526_1101,0.0,0.5
KHT-XE5S,2025-08-24 05:20:00,9.2477,10.603,KHT-XE5S_2025_0526_1101,0.0,0.5
KHT-XE5S,2025-08-24 05:30:00,9.2484,10.603,KHT-XE5S_2025_0526_1101,0.0,0.5
KHT-XE5S,2025-08-24 05:40:00,9.2499,10.604,KHT-XE5S_2025_0526_1101,9.999999999994457e-05,0.5
KHT-XE5S,2025-08-24 05:50:00,9.251,10.605,KHT-XE5S_2025_0526_1101,0.00010000000000012221,0.5
KHT-XE5S,2025-08-24 06:00:00,9.2521,10.604,KHT-XE5S_2025_0526_1101,0.00010000000000012221,0.5
KHT-XE5S,2025-08-24 06:10:00,9.2537,10.606,KHT-XE5S_2025_0526_1101,0.0002000000000000668,0.5
KHT-XE5S,2025-08-24 06:20:00,9.2551,10.605,KHT-XE5S_2025_0526_1101,9.999999999994457e-05,0.5
KHT-XE5S,2025-08-24 06:30:00,9.2572,10.606,KHT-XE5S_2025_0526_1101,9.999999999994457e-05,0.5
KHT-XE5S,2025-08-24 06:40:00,9.2593,10.608,KHT-XE5S_2025_0526_1101,0.0002000000000000668,0.5
KHT-XE5S,2025-08-24 06:50:00,9.26,10.607,KHT-XE5S_2025_0526_1101,0.00010000000000012221,0.5
KHT-XE5S,2025-08-24 07:00:00,9.2607,10.607,KHT-XE5S_2025_0526_1101,0.0,0.5
KHT-XE5S,2025-08-24 07:10:00,9.2619,10.607,KHT-XE5S_2025_0526_1101,0.0,0.5
KHT-XE5S,2025-08-24 07:20:00,9.2634,10.605,KHT-XE5S_2025_0526_1101,0.00019999999999988915,0.5
KHT-XE5S,2025-08-24 07:30:00,9.2652,10.606,KHT-XE5S_2025_0526_1101,9.999999999994457e-05,0.5
KHT-XE5S,2025-08-24 07:40:00,9.2678,10.608,KHT-XE5S_2025_0526_1101,0.0002000000000000668,0.5
KHT-XE5S,2025-08-24 07:50:00,9.2688,10.609,KHT-XE5S_2025_0526_1101,9.999999999994457e-05,0.5
KHT-XE5S,2025-08-24 08:00:00,9.2702,10.607,KHT-XE5S_2025_0526_1101,0.0002000000000000668,0.5
KHT-XE5S,2025-08-24 08:10:00,9.2714,10.606,KHT-XE5S_2025_0526_1101,9.999999999994457e-05,0.5
KHT-XE5S,2025-08-24 08:20:00,9.2726,10.609,KHT-XE5S_2025_0526_1101,0.00030000000000001136,0.5
KHT-XE5S,2025-08-24 08:30:00,9.2732,10.607,KHT-XE5S_2025_0526_1101,0.0002000000000000668,0.5
KHT-XE5S,2025-08-24 08:40:00,9.2739,10.608,KHT-XE5S_2025_0526_1101,0.00010000000000012221,0.5
KHT-XE5S,2025-08-24 08:50:00,9.2755,10.609,KHT-XE5S_2025_0526_1101,9.999999999994457e-05,0.5
KHT-XE5S,2025-08-24 09:00:00,9.2761,10.607,KHT-XE5S_2025_0526_1101,0.0002000000000000668,0.5
KHT-XE5S,2025-08-24 09:10:00,9.277,10.61,KHT-XE5S_2025_0526_1101,0.00030000000000001136,0.5
KHT-XE5S,2025-08-24 09:20:00,9.2779,10.61,KHT-XE5S_2025_0526_1101,0.0,0.5
KHT-XE5S,2025-08-24 09:30:00,9.2783,10.609,KHT-XE5S_2025_0526_1101,9.999999999994457e-05,0.5
KHT-XE5S,2025-08-24 09:40:00,9.2791,10.61,KHT-XE5S_2025_0526_1101,9.999999999994457e-05,0.5
KHT-XE5S,2025-08-24 09:50:00,9.28,10.61,KHT-XE5S_2025_0526_1101,0.0,0.5
KHT-XE5S,2025-08-24 10:00:00,9.2803,10.61,KHT-XE5S_2025_0526_1101,0.0,0.5
KHT-XE5S,2025-08-24 10:10:00,9.2794,10.61,KHT-XE5S_2025_0526_1101,0.0,0.5
KHT-XE5S,2025-08-24 10:20:00,9.2778,10.609,KHT-XE5S_2025_0526_1101,9.999999999994457e-05,0.5
KHT-XE5S,2025-08-24 10:30:00,9.2768,10.61,KHT-XE5S_2025_0526_1101,9.999999999994457e-05,0.5
KHT-XE5S,2025-08-24 10:40:00,9.2752,10.614,KHT-XE5S_2025_0526_1101,0.0004000000000001336,0.5
KHT-XE5S,2025-08-24 10:50:00,9.2725,10.612,KHT-XE5S_2025_0526_1101,0.0002000000000000668,0.5
KHT-XE5S,2025-08-24 11:00:00,9.2706,10.615,KHT-XE5S_2025_0526_1101,0.00030000000000001136,0.5
KHT-XE5S,2025-08-24 11:10:00,9.2688,10.613,KHT-XE5S_2025_0526_1101,0.0002000000000000668,0.5
KHT-XE5S,2025-08-24 11:20:00,9.2675,10.612,KHT-XE5S_2025_0526_1101,9.999999999994457e-05,0.5
KHT-XE5S,2025-08-24 11:30:00,9.2666,10.612,KHT-XE5S_2025_0526_1101,0.0,0.5
KHT-XE5S,2025-08-24 11:40:00,9.2659,10.614,KHT-XE5S_2025_0526_1101,0.0002000000000000668,0.5
KHT-XE5S,2025-08-24 11:50:00,9.2638,10.614,KHT-XE5S_2025_0526_1101,0.0,0.5
KHT-XE5S,2025-08-24 12:00:00,9.2624,10.613,KHT-XE5S_2025_0526_1101,0.00010000000000012221,0.5
KHT-XE5S,2025-08-24 12:10:00,9.2608,10.614,KHT-XE5S_2025_0526_1101,0.00010000000000012221,0.5
KHT-XE5S,2025-08-24 12:20:00,9.2598,10.613,KHT-XE5S_2025_0526_1101,0.00010000000000012221,0.5
KHT-XE5S,2025-08-24 12:30:00,9.2577,10.615,KHT-XE5S_2025_0526_1101,0.0002000000000000668,0.5
KHT-XE5S,2025-08-24 12:40:00,9.2554,10.614,KHT-XE5S_2025_0526_1101,9.999999999994457e-05,0.5
KHT-XE5S,2025-08-24 12:50:00,9.253,10.615,KHT-XE5S_2025_0526_1101,9.999999999994457e-05,0.5
KHT-XE5S,2025-08-24 13:00:00,9.2498,10.614,KHT-XE5S_2025_0526_1101,9.999999999994457e-05,0.5
KHT-XE5S,2025-08-24 13:10:00,9.2464,10.614,KHT-XE5S_2025_0526_1101,0.0,0.5
KHT-XE5S,2025-08-24 13:20:00,9.244,10.615,KHT-XE5S_2025_0526_1101,9.999999999994457e-05,0.5
KHT-XE5S,2025-08-24 13:30:00,9.2404,10.617,KHT-XE5S_2025_0526_1101,0.0002000000000000668,0.5
KHT-XE5S,2025-08-24 13:40:00,9.237,10.616,KHT-XE5S_2025_0526_1101,0.00010000000000012221,0.5
KHT-XE5S,2025-08-24 13:50:00,9.2323,10.618,KHT-XE5S_2025_0526_1101,0.0002000000000000668,0.5
KHT-XE5S,2025-08-24 14:00:00,9.2271,10.618,KHT-XE5S_2025_0526_1101,0.0,0.5
KHT-XE5S,2025-08-24 14:10:00,9.2236,10.619,KHT-XE5S_2025_0526_1101,9.999999999994457e-05,0.5
KHT-XE5S,2025-08-24 14:20:00,9.2195,10.617,KHT-XE5S_2025_0526_1101,0.00019999999999988915,0.5
KHT-XE5S,2025-08-24 14:30:00,9.2154,10.619,KHT-XE5S_2025_0526_1101,0.00019999999999988915,0.5
KHT-XE5S,2025-08-24 14:40:00,9.2118,10.618,KHT-XE5S_2025_0526_1101,9.999999999994457e-05,0.5
KHT-XE5S,2025-08-24 14:50:00,9.209,10.62,KHT-XE5S_2025_0526_1101,0.00019999999999988915,0.5
KHT-XE5S,2025-08-24 15:00:00,9.2074,10.617,KHT-XE5S_2025_0526_1101,0.0002999999999998337,0.5
KHT-XE5S,2025-08-24 15:10:00,9.2092,10.618,KHT-XE5S_2025_0526_1101,9.999999999994457e-05,0.5
KHT-XE5S,2025-08-24 15:20:00,9.2116,10.618,KHT-XE5S_2025_0526_1101,0.0,0.5
KHT-XE5S,2025-08-24 15:30:00,9.2177,10.618,KHT-XE5S_2025_0526_1101,0.0,0.5
KHT-XE5S,2025-08-24 15:40:00,9.2229,10.617,KHT-XE5S_2025_0526_1101,9.999999999994457e-05,0.5
KHT-XE5S,2025-08-24 15:50:00,9.2242,10.615,KHT-XE5S_2025_0526_1101,0.0002000000000000668,0.5
KHT-XE5S,2025-08-24 16:00:00,9.2282,10.617,KHT-XE5S_2025_0526_1101,0.0002000000000000668,0.5
KHT-XE5S,2025-08-24 16:10:00,9.2312,10.617,KHT-XE5S_2025_0526_1101,0.0,0.5
KHT-XE5S,2025-08-24 16:20:00,9.2344,10.618,KHT-XE5S_2025_0526_1101,9.999999999994457e-05,0.5
KHT-XE5S,2025-08-24 16:30:00,9.2375,10.616,KHT-XE5S_2025_0526_1101,0.0002000000000000668,0.5
KHT-XE5S,2025-08-24 16:40:00,9.2378,10.618,KHT-XE5S_2025_0526_1101,0.0002000000000000668,0.5
KHT-XE5S,2025-08-24 16:50:00,9.2428,10.616,KHT-XE5S_2025_0526_1101,0.0002000000000000668,0.5
KHT-XE5S,2025-08-24 17:00:00,9.2457,10.618,KHT-XE5S_2025_0526_1101,0.0002000000000000668,0.5
KHT-XE5S,2025-08-24 17:10:00,9.2482,10.618,KHT-XE5S_2025_0526_1101,0.0,0.5
KHT-XE5S,2025-08-24 17:20:00,9.2512,10.619,KHT-XE5S_2025_0526_1101,9.999999999994457e-05,0.5
KHT-XE5S,2025-08-24 17:30:00,9.2507,10.618,KHT-XE5S_2025_0526_1101,9.999999999994457e-05,0.5
KHT-XE5S,2025-08-24 17:40:00,9.2524,10.618,KHT-XE5S_2025_0526_1101,0.0,0.5
KHT-XE5S,2025-08-24 17:50:00,9.2572,10.617,KHT-XE5S_2025_0526_1101,9.999999999994457e-05,0.5
KHT-XE5S,2025-08-24 18:00:00,9.2621,10.616,KHT-XE5S_2025_0526_1101,0.00010000000000012221,0.5
KHT-XE5S,2025-08-24 18:10:00,9.2606,10.616,KHT-XE5S_2025_0526_1101,0.0,0.5
KHT-XE5S,2025-08-24 18:20:00,9.264,10.618,KHT-XE5S_2025_0526_1101,0.0002000000000000668,0.5
KHT-XE5S,2025-08-24 18:30:00,9.2672,10.618,KHT-XE5S_2025_0526_1101,0.0,0.5
KHT-XE5S,2025-08-24 18:40:00,9.2681,10.617,KHT-XE5S_2025_0526_1101,9.999999999994457e-05,0.5
KHT-XE5S,2025-08-24 18:50:00,9.2684,10.62,KHT-XE5S_2025_0526_1101,0.0002999999999998337,0.5
KHT-XE5S,2025-08-24 19:00:00,9.2683,10.62,KHT-XE5S_2025_0526_1101,0.0,0.5
KHT-XE5S,2025-08-24 19:10:00,9.2671,10.618,KHT-XE5S_2025_0526_1101,0.00019999999999988915,0.5
KHT-XE5S,2025-08-24 19:20:00,9.2676,10.62,KHT-XE5S_2025_0526_1101,0.00019999999999988915,0.5
KHT-XE5S,2025-08-24 19:30:00,9.2692,10.619,KHT-XE5S_2025_0526_1101,9.999999999994457e-05,0.5
KHT-XE5S,2025-08-24 19:40:00,9.2703,10.622,KHT-XE5S_2025_0526_1101,0.00030000000000001136,0.5
KHT-XE5S,2025-08-24 19:50:00,9.2718,10.621,KHT-XE5S_2025_0526_1101,9.999999999994457e-05,0.5
KHT-XE5S,2025-08-24 20:00:00,9.2723,10.621,KHT-XE5S_2025_0526_1101,0.0,0.5
KHT-XE5S,2025-08-24 20:10:00,9.2734,10.621,KHT-XE5S_2025_0526_1101,0.0,0.5
KHT-XE5S,2025-08-24 20:20:00,9.2751,10.619,KHT-XE5S_2025_0526_1101,0.0002000000000000668,0.5
KHT-XE5S,2025-08-24 20:30:00,9.2777,10.622,KHT-XE5S_2025_0526_1101,0.00030000000000001136,0.5
KHT-XE5S,2025-08-24 20:40:00,9.2809,10.621,KHT-XE5S_2025_0526_1101,9.999999999994457e-05,0.5
KHT-XE5S,2025-08-24 20:50:00,9.2833,10.621,KHT-XE5S_2025_0526_1101,0.0,0.5
KHT-XE5S,2025-08-24 21:00:00,9.2862,10.62,KHT-XE5S_2025_0526_1101,0.00010000000000012221,0.5
KHT-XE5S,2025-08-24 21:10:00,9.2873,10.62,KHT-XE5S_2025_0526_1101,0.0,0.5
KHT-XE5S,2025-08-24 21:20:00,9.2876,10.62,KHT-XE5S_2025_0526_1101,0.0,0.5
KHT-XE5S,2025-08-24 21:30:00,9.288,10.621,KHT-XE5S_2025_0526_1101,0.00010000000000012221,0.5
KHT-XE5S,2025-08-24 21:40:00,9.2896,10.619,KHT-XE5S_2025_0526_1101,0.0002000000000000668,0.5
KHT-XE5S,2025-08-24 21:50:00,9.2903,10.622,KHT-XE5S_2025_0526_1101,0.00030000000000001136,0.5
KHT-XE5S,2025-08-24 22:00:00,9.2913,10.623,KHT-XE5S_2025_0526_1101,9.999999999994457e-05,0.5
KHT-XE5S,2025-08-24 22:10:00,9.2909,10.622,KHT-XE5S_2025_0526_1101,9.999999999994457e-05,0.5
KHT-XE5S,2025-08-24 22:20:00,9.2911,10.621,KHT-XE5S_2025_0526_1101,9.999999999994457e-05,0.5
KHT-XE5S,2025-08-24 22:30:00,9.291,10.623,KHT-XE5S_2025_0526_1101,0.00019999999999988915,0.5
KHT-XE5S,2025-08-24 22:40:00,9.2908,10.623,KHT-XE5S_2025_0526_1101,0.0,0.5
KHT-XE5S,2025-08-24 22:50:00,9.2913,10.624,KHT-XE5S_2025_0526_1101,0.00010000000000012221,0.5
KHT-XE5S,2025-08-24 23:00:00,9.2919,10.623,KHT-XE5S_2025_0526_1101,0.00010000000000012221,0.5
KHT-XE5S,2025-08-24 23:10:00,9.2917,10.624,KHT-XE5S_2025_0526_1101,0.00010000000000012221,0.5
KHT-XE5S,2025-08-24 23:20:00,9.2911,10.622,KHT-XE5S_2025_0526_1101,0.0002000000000000668,0.5
KHT-XE5S,2025-08-24 23:30:00,9.2907,10.623,KHT-XE5S_2025_0526_1101,9.999999999994457e-05,0.5
KHT-XE5S,2025-08-24 23:40:00,9.2921,10.622,KHT-XE5S_2025_0526_1101,9.999999999994457e-05,0.5
KHT-XE5S,2025-08-24 23:50:00,9.2942,10.624,KHT-XE5S_2025_0526_1101,0.0002000000000000668,0.5
KHT-XE5S,2025-08-25 00:00:00,9.2946,10.625,KHT-XE5S_2025_0526_1101,9.999999999994457e-05,0.5
KHT-XE5S,2025-08-25 00:10:00,9.2953,10.624,KHT-XE5S_2025_0526_1101,9.999999999994457e-05,0.5
KHT-XE5S,2025-08-25 00:20:00,9.2953,10.624,KHT-XE5S_2025_0526_1101,0.0,0.5
KHT-XE5S,2025-08-25 00:30:00,9.295,10.624,KHT-XE5S_2025_0526_1101,0.0,0.5
KHT-XE5S,2025-08-25 00:40:00,9.2953,10.624,KHT-XE5S_2025_0526_1101,0.0,0.5
KHT-XE5S,2025-08-25 00:50:00,9.2974,10.625,KHT-XE5S_2025_0526_1101,9.999999999994457e-05,0.5
KHT-XE5S,2025-08-25 01:00:00,9.2986,10.625,KHT-XE5S_2025_0526_1101,0.0,0.5
KHT-XE5S,2025-08-25 01:10:00,9.2998,10.626,KHT-XE5S_2025_0526_1101,9.999999999994457e-05,0.5
KHT-XE5S,2025-08-25 01:20:00,9.2997,10.626,KHT-XE5S_2025_0526_1101,0.0,0.5
KHT-XE5S,2025-08-25 01:30:00,9.2991,10.625,KHT-XE5S_2025_0526_1101,9.999999999994457e-05,0.5
KHT-XE5S,2025-08-25 01:40:00,9.2996,10.625,KHT-XE5S_2025_0526_1101,0.0,0.5
KHT-XE5S,2025-08-25 01:50:00,9.2998,10.626,KHT-XE5S_2025_0526_1101,9.999999999994457e-05,0.5
KHT-XE5S,2025-08-25 02:00:00,9.2993,10.627,KHT-XE5S_2025_0526_1101,0.00010000000000012221,0.5
KHT-XE5S,2025-08-25 02:10:00,9.2996,10.625,KHT-XE5S_2025_0526_1101,0.0002000000000000668,0.5
KHT-XE5S,2025-08-25 02:20:00,9.3003,10.626,KHT-XE5S_2025_0526_1101,9.999999999994457e-05,0.5
KHT-XE5S,2025-08-25 02:30:00,9.3019,10.627,KHT-XE5S_2025_0526_1101,0.00010000000000012221,0.5
KHT-XE5S,2025-08-25 02:40:00,9.3023,10.627,KHT-XE5S_2025_0526_1101,0.0,0.5
KHT-XE5S,2025-08-25 02:50:00,9.3029,10.626,KHT-XE5S_2025_0526_1101,0.00010000000000012221,0.5
KHT-XE5S,2025-08-25 03:00:00,9.3031,10.627,KHT-XE5S_2025_0526_1101,0.00010000000000012221,0.5
KHT-XE5S,2025-08-25 03:10:00,9.3033,10.626,KHT-XE5S_2025_0526_1101,0.00010000000000012221,0.5
KHT-XE5S,2025-08-25 03:20:00,9.3019,10.628,KHT-XE5S_2025_0526_1101,0.0002000000000000668,0.5
KHT-XE5S,2025-08-25 03:30:00,9.3007,10.627,KHT-XE5S_2025_0526_1101,9.999999999994457e-05,0.5
KHT-XE5S,2025-08-25 03:40:00,9.3007,10.627,KHT-XE5S_2025_0526_1101,0.0,0.5
KHT-XE5S,2025-08-25 03:50:00,9.3017,10.627,KHT-XE5S_2025_0526_1101,0.0,0.5
KHT-XE5S,2025-08-25 04:00:00,9.3034,10.628,KHT-XE5S_2025_0526_1101,9.999999999994457e-05,0.5
KHT-XE5S,2025-08-25 04:10:00,9.305,10.628,KHT-XE5S_2025_0526_1101,0.0,0.5
KHT-XE5S,2025-08-25 04:20:00,9.3049,10.628,KHT-XE5S_2025_0526_1101,0.0,0.5
KHT-XE5S,2025-08-25 04:30:00,9.3055,10.629,KHT-XE5S_2025_0526_1101,9.999999999994457e-05,0.5
KHT-XE5S,2025-08-25 04:40:00,9.3057,10.628,KHT-XE5S_2025_0526_1101,9.999999999994457e-05,0.5
KHT-XE5S,2025-08-25 04:50:00,9.3061,10.628,KHT-XE5S_2025_0526_1101,0.0,0.5
KHT-XE5S,2025-08-25 05:00:00,9.3052,10.627,KHT-XE5S_2025_0526_1101,9.999999999994457e-05,0.5
KHT-XE5S,2025-08-25 05:10:00,9.3056,10.629,KHT-XE5S_2025_0526_1101,0.00019999999999988915,0.5
KHT-XE5S,2025-08-25 05:20:00,9.3069,10.629,KHT-XE5S_2025_0526_1101,0.0,0.5
KHT-XE5S,2025-08-25 05:30:00,9.3067,10.628,KHT-XE5S_2025_0526_1101,9.999999999994457e-05,0.5
KHT-XE5S,2025-08-25 05:40:00,9.3076,10.63,KHT-XE5S_2025_0526_1101,0.0002000000000000668,0.5
KHT-XE5S,2025-08-25 05:50:00,9.3087,10.63,KHT-XE5S_2025_0526_1101,0.0,0.5
KHT-XE5S,2025-08-25 06:00:00,9.3087,10.629,KHT-XE5S_2025_0526_1101,0.00010000000000012221,0.5
KHT-XE5S,2025-08-25 06:10:00,9.3094,10.629,KHT-XE5S_2025_0526_1101,0.0,0.5
KHT-XE5S,2025-08-25 06:20:00,9.3104,10.63,KHT-XE5S_2025_0526_1101,0.00010000000000012221,0.5
KHT-XE5S,2025-08-25 06:30:00,9.3111,10.63,KHT-XE5S_2025_0526_1101,0.0,0.5
KHT-XE5S,2025-08-25 06:40:00,9.3123,10.629,KHT-XE5S_2025_0526_1101,0.00010000000000012221,0.5
KHT-XE5S,2025-08-25 06:50:00,9.3134,10.629,KHT-XE5S_2025_0526_1101,0.0,0.5
KHT-XE5S,2025-08-25 07:00:00,9.315,10.631,KHT-XE5S_2025_0526_1101,0.0002000000000000668,0.5
KHT-XE5S,2025-08-25 07:10:00,9.316,10.629,KHT-XE5S_2025_0526_1101,0.0002000000000000668,0.5
KHT-XE5S,2025-08-25 07:20:00,9.3173,10.63,KHT-XE5S_2025_0526_1101,0.00010000000000012221,0.5
KHT-XE5S,2025-08-25 07:30:00,9.3178,10.629,KHT-XE5S_2025_0526_1101,0.00010000000000012221,0.5
KHT-XE5S,2025-08-25 07:40:00,9.3186,10.63,KHT-XE5S_2025_0526_1101,0.00010000000000012221,0.5
KHT-XE5S,2025-08-25 07:50:00,9.3191,10.63,KHT-XE5S_2025_0526_1101,0.0,0.5
KHT-XE5S,2025-08-25 08:00:00,9.3199,10.63,KHT-XE5S_2025_0526_1101,0.0,0.5
KHT-XE5S,2025-08-25 08:10:00,9.3203,10.63,KHT-XE5S_2025_0526_1101,0.0,0.5
KHT-XE5S,2025-08-25 08:20:00,9.321,10.632,KHT-XE5S_2025_0526_1101,0.00019999999999988915,0.5
KHT-XE5S,2025-08-25 08:30:00,9.3211,10.633,KHT-XE5S_2025_0526_1101,9.999999999994457e-05,0.5
KHT-XE5S,2025-08-25 08:40:00,9.3218,10.632,KHT-XE5S_2025_0526_1101,9.999999999994457e-05,0.5
KHT-XE5S,2025-08-25 08:50:00,9.322,10.632,KHT-XE5S_2025_0526_1101,0.0,0.5
KHT-XE5S,2025-08-25 09:00:00,9.3224,10.632,KHT-XE5S_2025_0526_1101,0.0,0.5
KHT-XE5S,2025-08-25 09:10:00,9.3228,10.631,KHT-XE5S_2025_0526_1101,9.999999999994457e-05,0.5
KHT-XE5S,2025-08-25 09:20:00,9.3234,10.632,KHT-XE5S_2025_0526_1101,9.999999999994457e-05,0.5
KHT-XE5S,2025-08-25 09:30:00,9.324,10.632,KHT-XE5S_2025_0526_1101,0.0,0.5
KHT-XE5S,2025-08-25 09:40:00,9.324,10.632,KHT-XE5S_2025_0526_1101,0.0,0.5
KHT-XE5S,2025-08-25 09:50:00,9.324,10.633,KHT-XE5S_2025_0526_1101,9.999999999994457e-05,0.5
KHT-XE5S,2025-08-25 10:00:00,9.3236,10.633,KHT-XE5S_2025_0526_1101,0.0,0.5
KHT-XE5S,2025-08-25 10:10:00,9.3238,10.633,KHT-XE5S_2025_0526_1101,0.0,0.5
KHT-XE5S,2025-08-25 10:20:00,9.3237,10.633,KHT-XE5S_2025_0526_1101,0.0,0.5
KHT-XE5S,2025-08-25 10:30:00,9.3235,10.634,KHT-XE5S_2025_0526_1101,0.00010000000000012221,0.5
KHT-XE5S,2025-08-25 10:40:00,9.3231,10.633,KHT-XE5S_2025_0526_1101,0.00010000000000012221,0.5
KHT-XE5S,2025-08-25 10:50:00,9.3219,10.637,KHT-XE5S_2025_0526_1101,0.0004000000000001336,0.5
KHT-XE5S,2025-08-25 11:00:00,9.3202,10.636,KHT-XE5S_2025_0526_1101,0.00010000000000012221,0.5
KHT-XE5S,2025-08-25 11:10:00,9.3185,10.637,KHT-XE5S_2025_0526_1101,0.00010000000000012221,0.5
KHT-XE5S,2025-08-25 11:20:00,9.3175,10.636,KHT-XE5S_2025_0526_1101,0.00010000000000012221,0.5
KHT-XE5S,2025-08-25 11:30:00,9.3159,10.636,KHT-XE5S_2025_0526_1101,0.0,0.5
KHT-XE5S,2025-08-25 11:40:00,9.3146,10.637,KHT-XE5S_2025_0526_1101,0.00010000000000012221,0.5
KHT-XE5S,2025-08-25 11:50:00,9.3135,10.636,KHT-XE5S_2025_0526_1101,0.00010000000000012221,0.5
KHT-XE5S,2025-08-25 12:00:00,9.3129,10.638,KHT-XE5S_2025_0526_1101,0.0002000000000000668,0.5
KHT-XE5S,2025-08-25 12:10:00,9.3128,10.636,KHT-XE5S_2025_0526_1101,0.0002000000000000668,0.5
KHT-XE5S,2025-08-25 12:20:00,9.3127,10.637,KHT-XE5S_2025_0526_1101,0.00010000000000012221,0.5
KHT-XE5S,2025-08-25 12:30:00,9.3128,10.637,KHT-XE5S_2025_0526_1101,0.0,0.5
KHT-XE5S,2025-08-25 12:40:00,9.3136,10.637,KHT-XE5S_2025_0526_1101,0.0,0.5
KHT-XE5S,2025-08-25 12:50:00,9.3155,10.637,KHT-XE5S_2025_0526_1101,0.0,0.5
KHT-XE5S,2025-08-25 13:00:00,9.3185,10.636,KHT-XE5S_2025_0526_1101,0.00010000000000012221,0.5
KHT-XE5S,2025-08-25 13:10:00,9.32,10.638,KHT-XE5S_2025_0526_1101,0.0002000000000000668,0.5
KHT-XE5S,2025-08-25 13:20:00,9.3203,10.637,KHT-XE5S_2025_0526_1101,9.999999999994457e-05,0.5
KHT-XE5S,2025-08-25 13:30:00,9.3238,10.638,KHT-XE5S_2025_0526_1101,9.999999999994457e-05,0.5
KHT-XE5S,2025-08-25 13:40:00,9.3272,10.636,KHT-XE5S_2025_0526_1101,0.0002000000000000668,0.5
KHT-XE5S,2025-08-25 13:50:00,9.3279,10.635,KHT-XE5S_2025_0526_1101,9.999999999994457e-05,0.5
KHT-XE5S,2025-08-25 14:00:00,9.3285,10.636,KHT-XE5S_2025_0526_1101,9.999999999994457e-05,0.5
KHT-XE5S,2025-08-25 14:10:00,9.3282,10.637,KHT-XE5S_2025_0526_1101,0.00010000000000012221,0.5
KHT-XE5S,2025-08-25 14:20:00,9.3298,10.637,KHT-XE5S_2025_0526_1101,0.0,0.5
KHT-XE5S,2025-08-25 14:30:00,9.3304,10.637,KHT-XE5S_2025_0526_1101,0.0,0.5
KHT-XE5S,2025-08-25 14:40:00,9.3333,10.636,KHT-XE5S_2025_0526_1101,0.00010000000000012221,0.5
KHT-XE5S,2025-08-25 14:50:00,9.334,10.637,KHT-XE5S_2025_0526_1101,0.00010000000000012221,0.5
KHT-XE5S,2025-08-25 15:00:00,9.3402,10.636,KHT-XE5S_2025_0526_1101,0.00010000000000012221,0.5
KHT-XE5S,2025-08-25 15:10:00,9.3454,10.636,KHT-XE5S_2025_0526_1101,0.0,0.5
KHT-XE5S,2025-08-25 15:20:00,9.3473,10.638,KHT-XE5S_2025_0526_1101,0.0002000000000000668,0.5
KHT-XE5S,2025-08-25 15:30:00,9.3478,10.64,KHT-XE5S_2025_0526_1101,0.0002000000000000668,0.5
KHT-XE5S,2025-08-25 15:40:00,9.3471,10.638,KHT-XE5S_2025_0526_1101,0.0002000000000000668,0.5
KHT-XE5S,2025-08-25 15:50:00,9.3454,10.638,KHT-XE5S_2025_0526_1101,0.0,0.5
KHT-XE5S,2025-08-25 16:00:00,9.3434,10.639,KHT-XE5S_2025_0526_1101,9.999999999994457e-05,0.5
KHT-XE5S,2025-08-25 16:10:00,9.3455,10.639,KHT-XE5S_2025_0526_1101,0.0,0.5
KHT-XE5S,2025-08-25 16:20:00,9.3479,10.639,KHT-XE5S_2025_0526_1101,0.0,0.5
KHT-XE5S,2025-08-25 16:30:00,9.3504,10.639,KHT-XE5S_2025_0526_1101,0.0,0.5
KHT-XE5S,2025-08-25 16:40:00,9.3496,10.639,KHT-XE5S_2025_0526_1101,0.0,0.5
KHT-XE5S,2025-08-25 16:50:00,9.3518,10.639,KHT-XE5S_2025_0526_1101,0.0,0.5
KHT-XE5S,2025-08-25 17:00:00,9.3522,10.639,KHT-XE5S_2025_0526_1101,0.0,0.5
KHT-XE5S,2025-08-25 17:10:00,9.3526,10.639,KHT-XE5S_2025_0526_1101,0.0,0.5
KHT-XE5S,2025-08-25 17:20:00,9.3513,10.64,KHT-XE5S_2025_0526_1101,0.00010000000000012221,0.5
KHT-XE5S,2025-08-25 17:30:00,9.3515,10.64,KHT-XE5S_2025_0526_1101,0.0,0.5
KHT-XE5S,2025-08-25 17:40:00,9.3529,10.64,KHT-XE5S_2025_0526_1101,0.0,0.5
KHT-XE5S,2025-08-25 17:50:00,9.3626,10.64,KHT-XE5S_2025_0526_1101,0.0,0.5
KHT-XE5S,2025-08-25 18:00:00,9.3641,10.64,KHT-XE5S_2025_0526_1101,0.0,0.5
KHT-XE5S,2025-08-25 18:10:00,9.3634,10.643,KHT-XE5S_2025_0526_1101,0.00030000000000001136,0.5
KHT-XE5S,2025-08-25 18:20:00,9.3637,10.641,KHT-XE5S_2025_0526_1101,0.0002000000000000668,0.5
KHT-XE5S,2025-08-25 18:30:00,9.3625,10.64,KHT-XE5S_2025_0526_1101,9.999999999994457e-05,0.5
KHT-XE5S,2025-08-25 18:40:00,9.3623,10.643,KHT-XE5S_2025_0526_1101,0.00030000000000001136,0.5
KHT-XE5S,2025-08-25 18:50:00,9.3594,10.642,KHT-XE5S_2025_0526_1101,0.00010000000000012221,0.5
KHT-XE5S,2025-08-25 19:00:00,9.3567,10.643,KHT-XE5S_2025_0526_1101,0.00010000000000012221,0.5
KHT-XE5S,2025-08-25 19:10:00,9.3533,10.641,KHT-XE5S_2025_0526_1101,0.0002000000000000668,0.5
KHT-XE5S,2025-08-25 19:20:00,9.3557,10.642,KHT-XE5S_2025_0526_1101,9.999999999994457e-05,0.5
KHT-XE5S,2025-08-25 19:30:00,9.3507,10.642,KHT-XE5S_2025_0526_1101,0.0,0.5
KHT-XE5S,2025-08-25 19:40:00,9.3511,10.643,KHT-XE5S_2025_0526_1101,0.00010000000000012221,0.5
KHT-XE5S,2025-08-25 19:50:00,9.3504,10.642,KHT-XE5S_2025_0526_1101,0.00010000000000012221,0.5
KHT-XE5S,2025-08-25 20:00:00,9.3501,10.642,KHT-XE5S_2025_0526_1101,0.0,0.5
KHT-XE5S,2025-08-25 20:10:00,9.3495,10.644,KHT-XE5S_2025_0526_1101,0.0002000000000000668,0.5
KHT-XE5S,2025-08-25 20:20:00,9.3498,10.643,KHT-XE5S_2025_0526_1101,9.999999999994457e-05,0.5
KHT-XE5S,2025-08-25 20:30:00,9.3507,10.642,KHT-XE5S_2025_0526_1101,0.00010000000000012221,0.5
KHT-XE5S,2025-08-25 20:40:00,9.35,10.644,KHT-XE5S_2025_0526_1101,0.0002000000000000668,0.5
KHT-XE5S,2025-08-25 20:50:00,9.3502,10.643,KHT-XE5S_2025_0526_1101,9.999999999994457e-05,0.5
KHT-XE5S,2025-08-25 21:00:00,9.3505,10.644,KHT-XE5S_2025_0526_1101,9.999999999994457e-05,0.5
KHT-XE5S,2025-08-25 21:10:00,9.3518,10.645,KHT-XE5S_2025_0526_1101,9.999999999994457e-05,0.5
KHT-XE5S,2025-08-25 21:20:00,9.3521,10.644,KHT-XE5S_2025_0526_1101,9.999999999994457e-05,0.5
KHT-XE5S,2025-08-25 21:30:00,9.3532,10.644,KHT-XE5S_2025_0526_1101,0.0,0.5
KHT-XE5S,2025-08-25 21:40:00,9.3545,10.643,KHT-XE5S_2025_0526_1101,9.999999999994457e-05,0.5
KHT-XE5S,2025-08-25 21:50:00,9.355,10.645,KHT-XE5S_2025_0526_1101,0.00019999999999988915,0.5
KHT-XE5S,2025-08-25 22:00:00,9.3563,10.644,KHT-XE5S_2025_0526_1101,9.999999999994457e-05,0.5
KHT-XE5S,2025-08-25 22:10:00,9.3564,10.645,KHT-XE5S_2025_0526_1101,9.999999999994457e-05,0.5
KHT-XE5S,2025-08-25 22:20:00,9.3553,10.645,KHT-XE5S_2025_0526_1101,0.0,0.5
KHT-XE5S,2025-08-25 22:30:00,9.3548,10.645,KHT-XE5S_2025_0526_1101,0.0,0.5
KHT-XE5S,2025-08-25 22:40:00,9.3564,10.645,KHT-XE5S_2025_0526_1101,0.0,0.5
KHT-XE5S,2025-08-25 22:50:00,9.3566,10.645,KHT-XE5S_2025_0526_1101,0.0,0.5
KHT-XE5S,2025-08-25 23:00:00,9.357,10.646,KHT-XE5S_2025_0526_1101,0.00010000000000012221,0.5
KHT-XE5S,2025-08-25 23:10:00,9.3588,10.645,KHT-XE5S_2025_0526_1101,0.00010000000000012221,0.5
KHT-XE5S,2025-08-25 23:20:00,9.3598,10.644,KHT-XE5S_2025_0526_1101,9.999999999994457e-05,0.5
KHT-XE5S,2025-08-25 23:30:00,9.3592,10.645,KHT-XE5S_2025_0526_1101,9.999999999994457e-05,0.5
KHT-XE5S,2025-08-25 23:40:00,9.3596,10.645,KHT-XE5S_2025_0526_1101,0.0,0.5
KHT-XE5S,2025-08-25 23:50:00,9.3599,10.647,KHT-XE5S_2025_0526_1101,0.0002000000000000668,0.5
KHT-XE5S,2025-08-26 00:00:00,9.3604,10.647,KHT-XE5S_2025_0526_1101,0.0,0.5
KHT-XE5S,2025-08-26 00:10:00,9.3605,10.648,KHT-XE5S_2025_0526_1101,9.999999999994457e-05,0.5
KHT-XE5S,2025-08-26 00:20:00,9.3608,10.647,KHT-XE5S_2025_0526_1101,9.999999999994457e-05,0.5
KHT-XE5S,2025-08-26 00:30:00,9.3614,10.646,KHT-XE5S_2025_0526_1101,9.999999999994457e-05,0.5
KHT-XE5S,2025-08-26 00:40:00,9.3614,10.648,KHT-XE5S_2025_0526_1101,0.00019999999999988915,0.5
KHT-XE5S,2025-08-26 00:50:00,9.361,10.647,KHT-XE5S_2025_0526_1101,9.999999999994457e-05,0.5
KHT-XE5S,2025-08-26 01:00:00,9.3624,10.648,KHT-XE5S_2025_0526_1101,9.999999999994457e-05,0.5
KHT-XE5S,2025-08-26 01:10:00,9.361,10.646,KHT-XE5S_2025_0526_1101,0.00019999999999988915,0.5
KHT-XE5S,2025-08-26 01:20:00,9.3605,10.648,KHT-XE5S_2025_0526_1101,0.00019999999999988915,0.5
KHT-XE5S,2025-08-26 01:30:00,9.3598,10.649,KHT-XE5S_2025_0526_1101,9.999999999994457e-05,0.5
KHT-XE5S,2025-08-26 01:40:00,9.3608,10.649,KHT-XE5S_2025_0526_1101,0.0,0.5
KHT-XE5S,2025-08-26 01:50:00,9.36,10.648,KHT-XE5S_2025_0526_1101,9.999999999994457e-05,0.5
KHT-XE5S,2025-08-26 02:00:00,9.36,10.648,KHT-XE5S_2025_0526_1101,0.0,0.5
KHT-XE5S,2025-08-26 02:10:00,9.3579,10.648,KHT-XE5S_2025_0526_1101,0.0,0.5
KHT-XE5S,2025-08-26 02:20:00,9.3573,10.649,KHT-XE5S_2025_0526_1101,9.999999999994457e-05,0.5
KHT-XE5S,2025-08-26 02:30:00,9.3573,10.649,KHT-XE5S_2025_0526_1101,0.0,0.5
KHT-XE5S,2025-08-26 02:40:00,9.3563,10.649,KHT-XE5S_2025_0526_1101,0.0,0.5
KHT-XE5S,2025-08-26 02:50:00,9.3564,10.648,KHT-XE5S_2025_0526_1101,9.999999999994457e-05,0.5
KHT-XE5S,2025-08-26 03:00:00,9.3553,10.649,KHT-XE5S_2025_0526_1101,9.999999999994457e-05,0.5
KHT-XE5S,2025-08-26 03:10:00,9.3549,10.649,KHT-XE5S_2025_0526_1101,0.0,0.5
KHT-XE5S,2025-08-26 03:20:00,9.3549,10.651,KHT-XE5S_2025_0526_1101,0.0002000000000000668,0.5
KHT-XE5S,2025-08-26 03:30:00,9.3558,10.65,KHT-XE5S_2025_0526_1101,9.999999999994457e-05,0.5
KHT-XE5S,2025-08-26 03:40:00,9.355,10.649,KHT-XE5S_2025_0526_1101,0.00010000000000012221,0.5
KHT-XE5S,2025-08-26 03:50:00,9.3549,10.651,KHT-XE5S_2025_0526_1101,0.0002000000000000668,0.5
KHT-XE5S,2025-08-26 04:00:00,9.3544,10.649,KHT-XE5S_2025_0526_1101,0.0002000000000000668,0.5
KHT-XE5S,2025-08-26 04:10:00,9.3547,10.648,KHT-XE5S_2025_0526_1101,9.999999999994457e-05,0.5
KHT-XE5S,2025-08-26 04:20:00,9.3557,10.65,KHT-XE5S_2025_0526_1101,0.0002000000000000668,0.5
KHT-XE5S,2025-08-26 04:30:00,9.356,10.653,KHT-XE5S_2025_0526_1101,0.00030000000000001136,0.5
KHT-XE5S,2025-08-26 04:40:00,9.3557,10.65,KHT-XE5S_2025_0526_1101,0.00030000000000001136,0.5
KHT-XE5S,2025-08-26 04:50:00,9.3556,10.651,KHT-XE5S_2025_0526_1101,9.999999999994457e-05,0.5
KHT-XE5S,2025-08-26 05:00:00,9.3556,10.652,KHT-XE5S_2025_0526_1101,9.999999999994457e-05,0.5
KHT-XE5S,2025-08-26 05:10:00,9.3562,10.65,KHT-XE5S_2025_0526_1101,0.00019999999999988915,0.5
KHT-XE5S,2025-08-26 05:20:00,9.3567,10.651,KHT-XE5S_2025_0526_1101,9.999999999994457e-05,0.5
KHT-XE5S,2025-08-26 05:30:00,9.3583,10.651,KHT-XE5S_2025_0526_1101,0.0,0.5
KHT-XE5S,2025-08-26 05:40:00,9.3586,10.651,KHT-XE5S_2025_0526_1101,0.0,0.5
KHT-XE5S,2025-08-26 05:50:00,9.3589,10.653,KHT-XE5S_2025_0526_1101,0.0002000000000000668,0.5
KHT-XE5S,2025-08-26 06:00:00,9.3593,10.651,KHT-XE5S_2025_0526_1101,0.0002000000000000668,0.5
KHT-XE5S,2025-08-26 06:10:00,9.3591,10.652,KHT-XE5S_2025_0526_1101,9.999999999994457e-05,0.5
KHT-XE5S,2025-08-26 06:20:00,9.3598,10.653,KHT-XE5S_2025_0526_1101,0.00010000000000012221,0.5
KHT-XE5S,2025-08-26 06:30:00,9.3605,10.654,KHT-XE5S_2025_0526_1101,9.999999999994457e-05,0.5
KHT-XE5S,2025-08-26 06:40:00,9.3616,10.651,KHT-XE5S_2025_0526_1101,0.00030000000000001136,0.5
KHT-XE5S,2025-08-26 06:50:00,9.3634,10.652,KHT-XE5S_2025_0526_1101,9.999999999994457e-05,0.5
KHT-XE5S,2025-08-26 07:00:00,9.3633,10.653,KHT-XE5S_2025_0526_1101,0.00010000000000012221,0.5
KHT-XE5S,2025-08-26 07:10:00,9.3629,10.652,KHT-XE5S_2025_0526_1101,0.00010000000000012221,0.5
KHT-XE5S,2025-08-26 07:20:00,9.3633,10.652,KHT-XE5S_2025_0526_1101,0.0,0.5
KHT-XE5S,2025-08-26 07:30:00,9.3641,10.654,KHT-XE5S_2025_0526_1101,0.0002000000000000668,0.5
KHT-XE5S,2025-08-26 07:40:00,9.3651,10.653,KHT-XE5S_2025_0526_1101,9.999999999994457e-05,0.5
KHT-XE5S,2025-08-26 07:50:00,9.3658,10.653,KHT-XE5S_2025_0526_1101,0.0,0.5
KHT-XE5S,2025-08-26 08:00:00,9.366,10.655,KHT-XE5S_2025_0526_1101,0.00019999999999988915,0.5
KHT-XE5S,2025-08-26 08:10:00,9.3662,10.655,KHT-XE5S_2025_0526_1101,0.0,0.5
KHT-XE5S,2025-08-26 08:20:00,9.3658,10.653,KHT-XE5S_2025_0526_1101,0.00019999999999988915,0.5
KHT-XE5S,2025-08-26 08:30:00,9.3663,10.656,KHT-XE5S_2025_0526_1101,0.00030000000000001136,0.5
KHT-XE5S,2025-08-26 08:40:00,9.3662,10.655,KHT-XE5S_2025_0526_1101,0.00010000000000012221,0.5
KHT-XE5S,2025-08-26 08:50:00,9.3669,10.656,KHT-XE5S_2025_0526_1101,0.00010000000000012221,0.5
KHT-XE5S,2025-08-26 09:00:00,9.3671,10.655,KHT-XE5S_2025_0526_1101,0.00010000000000012221,0.5
KHT-XE5S,2025-08-26 09:10:00,9.3681,10.657,KHT-XE5S_2025_0526_1101,0.0002000000000000668,0.5
KHT-XE5S,2025-08-26 09:20:00,9.368,10.655,KHT-XE5S_2025_0526_1101,0.0002000000000000668,0.5
KHT-XE5S,2025-08-26 09:30:00,9.369,10.656,KHT-XE5S_2025_0526_1101,0.00010000000000012221,0.5
KHT-XE5S,2025-08-26 09:40:00,9.3691,10.656,KHT-XE5S_2025_0526_1101,0.0,0.5
KHT-XE5S,2025-08-26 09:50:00,9.3689,10.656,KHT-XE5S_2025_0526_1101,0.0,0.5
KHT-XE5S,2025-08-26 10:00:00,9.3704,10.656,KHT-XE5S_2025_0526_1101,0.0,0.5
KHT-XE5S,2025-08-26 10:10:00,9.3702,10.655,KHT-XE5S_2025_0526_1101,0.00010000000000012221,0.5
KHT-XE5S,2025-08-26 10:20:00,9.3706,10.654,KHT-XE5S_2025_0526_1101,9.999999999994457e-05,0.5
KHT-XE5S,2025-08-26 10:30:00,9.3702,10.656,KHT-XE5S_2025_0526_1101,0.0002000000000000668,0.5
KHT-XE5S,2025-08-26 10:40:00,9.3697,10.656,KHT-XE5S_2025_0526_1101,0.0,0.5
KHT-XE5S,2025-08-26 10:50:00,9.3695,10.656,KHT-XE5S_2025_0526_1101,0.0,0.5
KHT-XE5S,2025-08-26 11:00:00,9.3689,10.656,KHT-XE5S_2025_0526_1101,0.0,0.5
KHT-XE5S,2025-08-26 11:10:00,9.3682,10.657,KHT-XE5S_2025_0526_1101,9.999999999994457e-05,0.5
KHT-XE5S,2025-08-26 11:20:00,9.3685,10.659,KHT-XE5S_2025_0526_1101,0.0002000000000000668,0.5
KHT-XE5S,2025-08-26 11:30:00,9.3686,10.657,KHT-XE5S_2025_0526_1101,0.0002000000000000668,0.5
KHT-XE5S,2025-08-26 11:40:00,9.3682,10.658,KHT-XE5S_2025_0526_1101,9.999999999994457e-05,0.5
KHT-XE5S,2025-08-26 11:50:00,9.367,10.657,KHT-XE5S_2025_0526_1101,9.999999999994457e-05,0.5
KHT-XE5S,2025-08-26 12:00:00,9.3662,10.659,KHT-XE5S_2025_0526_1101,0.0002000000000000668,0.5
KHT-XE5S,2025-08-26 12:10:00,9.3652,10.658,KHT-XE5S_2025_0526_1101,0.00010000000000012221,0.5
KHT-XE5S,2025-08-26 12:20:00,9.3631,10.658,KHT-XE5S_2025_0526_1101,0.0,0.5
KHT-XE5S,2025-08-26 12:30:00,9.3621,10.659,KHT-XE5S_2025_0526_1101,0.00010000000000012221,0.5
KHT-XE5S,2025-08-26 12:40:00,9.3614,10.661,KHT-XE5S_2025_0526_1101,0.00019999999999988915,0.5
KHT-XE5S,2025-08-26 12:50:00,9.3596,10.662,KHT-XE5S_2025_0526_1101,0.00010000000000012221,0.5
KHT-XE5S,2025-08-26 13:00:00,9.358,10.658,KHT-XE5S_2025_0526_1101,0.0004000000000001336,0.5
KHT-XE5S,2025-08-26 13:10:00,9.356,10.66,KHT-XE5S_2025_0526_1101,0.0002000000000000668,0.5
KHT-XE5S,2025-08-26 13:20:00,9.3544,10.659,KHT-XE5S_2025_0526_1101,9.999999999994457e-05,0.5
KHT-XE5S,2025-08-26 13:30:00,9.3507,10.66,KHT-XE5S_2025_0526_1101,9.999999999994457e-05,0.5
KHT-XE5S,2025-08-26 13:40:00,9.3491,10.66,KHT-XE5S_2025_0526_1101,0.0,0.5
KHT-XE5S,2025-08-26 13:50:00,9.3465,10.662,KHT-XE5S_2025_0526_1101,0.0002000000000000668,0.5
KHT-XE5S,2025-08-26 14:00:00,9.3434,10.661,KHT-XE5S_2025_0526_1101,0.00010000000000012221,0.5
KHT-XE5S,2025-08-26 14:10:00,9.3427,10.662,KHT-XE5S_2025_0526_1101,0.00010000000000012221,0.5
KHT-XE5S,2025-08-26 14:20:00,9.3434,10.661,KHT-XE5S_2025_0526_1101,0.00010000000000012221,0.5
KHT-XE5S,2025-08-26 14:30:00,9.3424,10.663,KHT-XE5S_2025_0526_1101,0.0002000000000000668,0.5
KHT-XE5S,2025-08-26 14:40:00,9.3408,10.663,KHT-XE5S_2025_0526_1101,0.0,0.5
KHT-XE5S,2025-08-26 14:50:00,9.3393,10.664,KHT-XE5S_2025_0526_1101,9.999999999994457e-05,0.5
KHT-XE5S,2025-08-26 15:00:00,9.3375,10.663,KHT-XE5S_2025_0526_1101,9.999999999994457e-05,0.5
KHT-XE5S,2025-08-26 15:10:00,9.3361,10.661,KHT-XE5S_2025_0526_1101,0.0002000000000000668,0.5
KHT-XE5S,2025-08-26 15:20:00,9.3347,10.663,KHT-XE5S_2025_0526_1101,0.0002000000000000668,0.5
KHT-XE5S,2025-08-26 15:30:00,9.3336,10.664,KHT-XE5S_2025_0526_1101,9.999999999994457e-05,0.5
KHT-XE5S,2025-08-26 15:40:00,9.3345,10.664,KHT-XE5S_2025_0526_1101,0.0,0.5
KHT-XE5S,2025-08-26 15:50:00,9.336,10.663,KHT-XE5S_2025_0526_1101,9.999999999994457e-05,0.5
KHT-XE5S,2025-08-26 16:00:00,9.343,10.664,KHT-XE5S_2025_0526_1101,9.999999999994457e-05,0.5
KHT-XE5S,2025-08-26 16:10:00,9.341,10.663,KHT-XE5S_2025_0526_1101,9.999999999994457e-05,0.5
KHT-XE5S,2025-08-26 16:20:00,9.3447,10.663,KHT-XE5S_2025_0526_1101,0.0,0.5
KHT-XE5S,2025-08-26 16:30:00,9.3476,10.663,KHT-XE5S_2025_0526_1101,0.0,0.5
KHT-XE5S,2025-08-26 16:40:00,9.3499,10.663,KHT-XE5S_2025_0526_1101,0.0,0.5
KHT-XE5S,2025-08-26 16:50:00,9.3529,10.663,KHT-XE5S_2025_0526_1101,0.0,0.5
KHT-XE5S,2025-08-26 17:00:00,9.3563,10.664,KHT-XE5S_2025_0526_1101,9.999999999994457e-05,0.5
KHT-XE5S,2025-08-26 17:10:00,9.3598,10.661,KHT-XE5S_2025_0526_1101,0.00030000000000001136,0.5
KHT-XE5S,2025-08-26 17:20:00,9.3619,10.663,KHT-XE5S_2025_0526_1101,0.0002000000000000668,0.5
KHT-XE5S,2025-08-26 17:30:00,9.3653,10.663,KHT-XE5S_2025_0526_1101,0.0,0.5
KHT-XE5S,2025-08-26 17:40:00,9.3674,10.664,KHT-XE5S_2025_0526_1101,9.999999999994457e-05,0.5
KHT-XE5S,2025-08-26 17:50:00,9.3687,10.664,KHT-XE5S_2025_0526_1101,0.0,0.5
KHT-XE5S,2025-08-26 18:00:00,9.3717,10.663,KHT-XE5S_2025_0526_1101,9.999999999994457e-05,0.5
KHT-XE5S,2025-08-26 18:10:00,9.3706,10.662,KHT-XE5S_2025_0526_1101,9.999999999994457e-05,0.5
KHT-XE5S,2025-08-26 18:20:00,9.3659,10.663,KHT-XE5S_2025_0526_1101,9.999999999994457e-05,0.5
KHT-XE5S,2025-08-26 18:30:00,9.3699,10.664,KHT-XE5S_2025_0526_1101,9.999999999994457e-05,0.5
KHT-XE5S,2025-08-26 18:40:00,9.3707,10.664,KHT-XE5S_2025_0526_1101,0.0,0.5
KHT-XE5S,2025-08-26 18:50:00,9.3721,10.664,KHT-XE5S_2025_0526_1101,0.0,0.5
KHT-XE5S,2025-08-26 19:00:00,9.3739,10.665,KHT-XE5S_2025_0526_1101,9.999999999994457e-05,0.5
KHT-XE5S,2025-08-26 19:10:00,9.376,10.664,KHT-XE5S_2025_0526_1101,9.999999999994457e-05,0.5
KHT-XE5S,2025-08-26 19:20:00,9.3776,10.664,KHT-XE5S_2025_0526_1101,0.0,0.5
KHT-XE5S,2025-08-26 19:30:00,9.3805,10.666,KHT-XE5S_2025_0526_1101,0.0002000000000000668,0.5
KHT-XE5S,2025-08-26 19:40:00,9.3811,10.666,KHT-XE5S_2025_0526_1101,0.0,0.5
KHT-XE5S,2025-08-26 19:50:00,9.3826,10.665,KHT-XE5S_2025_0526_1101,0.00010000000000012221,0.5
KHT-XE5S,2025-08-26 20:00:00,9.3829,10.666,KHT-XE5S_2025_0526_1101,0.00010000000000012221,0.5
KHT-XE5S,2025-08-26 20:10:00,9.3833,10.664,KHT-XE5S_2025_0526_1101,0.0002000000000000668,0.5
KHT-XE5S,2025-08-26 20:20:00,9.3825,10.666,KHT-XE5S_2025_0526_1101,0.0002000000000000668,0.5
KHT-XE5S,2025-08-26 20:30:00,9.3844,10.667,KHT-XE5S_2025_0526_1101,9.999999999994457e-05,0.5
KHT-XE5S,2025-08-26 20:40:00,9.385,10.667,KHT-XE5S_2025_0526_1101,0.0,0.5
KHT-XE5S,2025-08-26 20:50:00,9.3834,10.665,KHT-XE5S_2025_0526_1101,0.0002000000000000668,0.5
KHT-XE5S,2025-08-26 21:00:00,9.3832,10.666,KHT-XE5S_2025_0526_1101,0.00010000000000012221,0.5
KHT-XE5S,2025-08-26 21:10:00,9.3834,10.667,KHT-XE5S_2025_0526_1101,9.999999999994457e-05,0.5
KHT-XE5S,2025-08-26 21:20:00,9.3821,10.667,KHT-XE5S_2025_0526_1101,0.0,0.5
KHT-XE5S,2025-08-26 21:30:00,9.3798,10.666,KHT-XE5S_2025_0526_1101,9.999999999994457e-05,0.5
KHT-XE5S,2025-08-26 21:40:00,9.3809,10.668,KHT-XE5S_2025_0526_1101,0.00019999999999988915,0.5
KHT-XE5S,2025-08-26 21:50:00,9.3808,10.668,KHT-XE5S_2025_0526_1101,0.0,0.5
KHT-XE5S,2025-08-26 22:00:00,9.3818,10.67,KHT-XE5S_2025_0526_1101,0.0002000000000000668,0.5
KHT-XE5S,2025-08-26 22:10:00,9.3843,10.667,KHT-XE5S_2025_0526_1101,0.00030000000000001136,0.5
KHT-XE5S,2025-08-26 22:20:00,9.3858,10.67,KHT-XE5S_2025_0526_1101,0.00030000000000001136,0.5
KHT-XE5S,2025-08-26 22:30:00,9.3868,10.669,KHT-XE5S_2025_0526_1101,9.999999999994457e-05,0.5
KHT-XE5S,2025-08-26 22:40:00,9.3872,10.668,KHT-XE5S_2025_0526_1101,0.00010000000000012221,0.5
KHT-XE5S,2025-08-26 22:50:00,9.3879,10.668,KHT-XE5S_2025_0526_1101,0.0,0.5
KHT-XE5S,2025-08-26 23:00:00,9.3882,10.668,KHT-XE5S_2025_0526_1101,0.0,0.5
KHT-XE5S,2025-08-26 23:10:00,9.3914,10.67,KHT-XE5S_2025_0526_1101,0.0002000000000000668,0.5
KHT-XE5S,2025-08-26 23:20:00,9.3934,10.671,KHT-XE5S_2025_0526_1101,9.999999999994457e-05,0.5
KHT-XE5S,2025-08-26 23:30:00,9.3954,10.671,KHT-XE5S_2025_0526_1101,0.0,0.5
KHT-XE5S,2025-08-26 23:40:00,9.3955,10.67,KHT-XE5S_2025_0526_1101,9.999999999994457e-05,0.5
KHT-XE5S,2025-08-26 23:50:00,9.3963,10.669,KHT-XE5S_2025_0526_1101,9.999999999994457e-05,0.5
KHT-XE5S,2025-08-27 00:00:00,9.396,10.671,KHT-XE5S_2025_0526_1101,0.00019999999999988915,0.5
KHT-XE5S,2025-08-27 00:10:00,9.3957,10.67,KHT-XE5S_2025_0526_1101,9.999999999994457e-05,0.5
KHT-XE5S,2025-08-27 00:20:00,9.3961,10.67,KHT-XE5S_2025_0526_1101,0.0,0.5
KHT-XE5S,2025-08-27 00:30:00,9.3952,10.671,KHT-XE5S_2025_0526_1101,9.999999999994457e-05,0.5
KHT-XE5S,2025-08-27 00:40:00,9.396,10.671,KHT-XE5S_2025_0526_1101,0.0,0.5
KHT-XE5S,2025-08-27 00:50:00,9.3943,10.671,KHT-XE5S_2025_0526_1101,0.0,0.5
KHT-XE5S,2025-08-27 01:00:00,9.3938,10.671,KHT-XE5S_2025_0526_1101,0.0,0.5
KHT-XE5S,2025-08-27 01:10:00,9.3932,10.672,KHT-XE5S_2025_0526_1101,0.00010000000000012221,0.5
KHT-XE5S,2025-08-27 01:20:00,9.393,10.67,KHT-XE5S_2025_0526_1101,0.0002000000000000668,0.5
KHT-XE5S,2025-08-27 01:30:00,9.3931,10.672,KHT-XE5S_2025_0526_1101,0.0002000000000000668,0.5
KHT-XE5S,2025-08-27 01:40:00,9.3925,10.672,KHT-XE5S_2025_0526_1101,0.0,0.5
KHT-XE5S,2025-08-27 01:50:00,9.3908,10.673,KHT-XE5S_2025_0526_1101,9.999999999994457e-05,0.5
KHT-XE5S,2025-08-27 02:00:00,9.3896,10.672,KHT-XE5S_2025_0526_1101,9.999999999994457e-05,0.5
KHT-XE5S,2025-08-27 02:10:00,9.3867,10.672,KHT-XE5S_2025_0526_1101,0.0,0.5
KHT-XE5S,2025-08-27 02:20:00,9.3886,10.672,KHT-XE5S_2025_0526_1101,0.0,0.5
KHT-XE5S,2025-08-27 02:30:00,9.3896,10.671,KHT-XE5S_2025_0526_1101,0.00010000000000012221,0.5
KHT-XE5S,2025-08-27 02:40:00,9.3896,10.673,KHT-XE5S_2025_0526_1101,0.0002000000000000668,0.5
KHT-XE5S,2025-08-27 02:50:00,9.3881,10.672,KHT-XE5S_2025_0526_1101,9.999999999994457e-05,0.5
KHT-XE5S,2025-08-27 03:00:00,9.3874,10.673,KHT-XE5S_2025_0526_1101,9.999999999994457e-05,0.5
KHT-XE5S,2025-08-27 03:10:00,9.3876,10.674,KHT-XE5S_2025_0526_1101,9.999999999994457e-05,0.5
KHT-XE5S,2025-08-27 03:20:00,9.3885,10.676,KHT-XE5S_2025_0526_1101,0.0002000000000000668,0.5
KHT-XE5S,2025-08-27 03:30:00,9.3859,10.674,KHT-XE5S_2025_0526_1101,0.0002000000000000668,0.5
KHT-XE5S,2025-08-27 03:40:00,9.3841,10.675,KHT-XE5S_2025_0526_1101,0.00010000000000012221,0.5
KHT-XE5S,2025-08-27 03:50:00,9.3856,10.673,KHT-XE5S_2025_0526_1101,0.0002000000000000668,0.5
KHT-XE5S,2025-08-27 04:00:00,9.3859,10.673,KHT-XE5S_2025_0526_1101,0.0,0.5
KHT-XE5S,2025-08-27 04:10:00,9.3857,10.674,KHT-XE5S_2025_0526_1101,9.999999999994457e-05,0.5
KHT-XE5S,2025-08-27 04:20:00,9.3854,10.675,KHT-XE5S_2025_0526_1101,0.00010000000000012221,0.5
KHT-XE5S,2025-08-27 04:30:00,9.3853,10.675,KHT-XE5S_2025_0526_1101,0.0,0.5
KHT-XE5S,2025-08-27 04:40:00,9.3859,10.675,KHT-XE5S_2025_0526_1101,0.0,0.5
KHT-XE5S,2025-08-27 04:50:00,9.3863,10.674,KHT-XE5S_2025_0526_1101,0.00010000000000012221,0.5
KHT-XE5S,2025-08-27 05:00:00,9.3868,10.675,KHT-XE5S_2025_0526_1101,0.00010000000000012221,0.5
KHT-XE5S,2025-08-27 05:10:00,9.3869,10.674,KHT-XE5S_2025_0526_1101,0.00010000000000012221,0.5
KHT-XE5S,2025-08-27 05:20:00,9.3881,10.675,KHT-XE5S_2025_0526_1101,0.00010000000000012221,0.5
KHT-XE5S,2025-08-27 05:30:00,9.3883,10.677,KHT-XE5S_2025_0526_1101,0.00019999999999988915,0.5
KHT-XE5S,2025-08-27 05:40:00,9.3892,10.675,KHT-XE5S_2025_0526_1101,0.00019999999999988915,0.5
KHT-XE5S,2025-08-27 05:50:00,9.3898,10.676,KHT-XE5S_2025_0526_1101,9.999999999994457e-05,0.5
KHT-XE5S,2025-08-27 06:00:00,9.3904,10.676,KHT-XE5S_2025_0526_1101,0.0,0.5
KHT-XE5S,2025-08-27 06:10:00,9.3913,10.673,KHT-XE5S_2025_0526_1101,0.00030000000000001136,0.5
KHT-XE5S,2025-08-27 06:20:00,9.3913,10.676,KHT-XE5S_2025_0526_1101,0.00030000000000001136,0.5
KHT-XE5S,2025-08-27 06:30:00,9.3918,10.675,KHT-XE5S_2025_0526_1101,9.999999999994457e-05,0.5
KHT-XE5S,2025-08-27 06:40:00,9.3926,10.677,KHT-XE5S_2025_0526_1101,0.00019999999999988915,0.5
KHT-XE5S,2025-08-27 06:50:00,9.3936,10.675,KHT-XE5S_2025_0526_1101,0.00019999999999988915,0.5
KHT-XE5S,2025-08-27 07:00:00,9.3943,10.675,KHT-XE5S_2025_0526_1101,0.0,0.5
KHT-XE5S,2025-08-27 07:10:00,9.3953,10.675,KHT-XE5S_2025_0526_1101,0.0,0.5
KHT-XE5S,2025-08-27 07:20:00,9.396,10.676,KHT-XE5S_2025_0526_1101,9.999999999994457e-05,0.5
KHT-XE5S,2025-08-27 07:30:00,9.3967,10.675,KHT-XE5S_2025_0526_1101,9.999999999994457e-05,0.5
KHT-XE5S,2025-08-27 07:40:00,9.3979,10.676,KHT-XE5S_2025_0526_1101,9.999999999994457e-05,0.5
KHT-XE5S,2025-08-27 07:50:00,9.3984,10.676,KHT-XE5S_2025_0526_1101,0.0,0.5
KHT-XE5S,2025-08-27 08:00:00,9.3988,10.677,KHT-XE5S_2025_0526_1101,9.999999999994457e-05,0.5
KHT-XE5S,2025-08-27 08:10:00,9.3995,10.679,KHT-XE5S_2025_0526_1101,0.0002000000000000668,0.5
KHT-XE5S,2025-08-27 08:20:00,9.4002,10.677,KHT-XE5S_2025_0526_1101,0.0002000000000000668,0.5
KHT-XE5S,2025-08-27 08:30:00,9.4008,10.678,KHT-XE5S_2025_0526_1101,0.00010000000000012221,0.5
KHT-XE5S,2025-08-27 08:40:00,9.4008,10.68,KHT-XE5S_2025_0526_1101,0.00019999999999988915,0.5
KHT-XE5S,2025-08-27 08:50:00,9.4015,10.678,KHT-XE5S_2025_0526_1101,0.00019999999999988915,0.5
KHT-XE5S,2025-08-27 09:00:00,9.401,10.678,KHT-XE5S_2025_0526_1101,0.0,0.5
KHT-XE5S,2025-08-27 09:10:00,9.4019,10.679,KHT-XE5S_2025_0526_1101,9.999999999994457e-05,0.5
KHT-XE5S,2025-08-27 09:20:00,9.4016,10.679,KHT-XE5S_2025_0526_1101,0.0,0.5
KHT-XE5S,2025-08-27 09:30:00,9.4017,10.679,KHT-XE5S_2025_0526_1101,0.0,0.5
KHT-XE5S,2025-08-27 09:40:00,9.401,10.68,KHT-XE5S_2025_0526_1101,9.999999999994457e-05,0.5
KHT-XE5S,2025-08-27 09:50:00,9.4003,10.68,KHT-XE5S_2025_0526_1101,0.0,0.5
KHT-XE5S,2025-08-27 10:00:00,9.4003,10.68,KHT-XE5S_2025_0526_1101,0.0,0.5
KHT-XE5S,2025-08-27 10:10:00,9.3999,10.681,KHT-XE5S_2025_0526_1101,9.999999999994457e-05,0.5
KHT-XE5S,2025-08-27 10:20:00,9.3998,10.68,KHT-XE5S_2025_0526_1101,9.999999999994457e-05,0.5
KHT-XE5S,2025-08-27 10:30:00,9.3996,10.682,KHT-XE5S_2025_0526_1101,0.0002000000000000668,0.5
KHT-XE5S,2025-08-27 10:40:00,9.3998,10.68,KHT-XE5S_2025_0526_1101,0.0002000000000000668,0.5
KHT-XE5S,2025-08-27 10:50:00,9.3997,10.681,KHT-XE5S_2025_0526_1101,9.999999999994457e-05,0.5
KHT-XE5S,2025-08-27 11:00:00,9.3994,10.681,KHT-XE5S_2025_0526_1101,0.0,0.5
KHT-XE5S,2025-08-27 11:10:00,9.398,10.681,KHT-XE5S_2025_0526_1101,0.0,0.5
KHT-XE5S,2025-08-27 11:20:00,9.3963,10.681,KHT-XE5S_2025_0526_1101,0.0,0.5
KHT-XE5S,2025-08-27 11:30:00,9.3953,10.682,KHT-XE5S_2025_0526_1101,0.00010000000000012221,0.5
KHT-XE5S,2025-08-27 11:40:00,9.3937,10.681,KHT-XE5S_2025_0526_1101,0.00010000000000012221,0.5
KHT-XE5S,2025-08-27 11:50:00,9.3918,10.684,KHT-XE5S_2025_0526_1101,0.00030000000000001136,0.5
KHT-XE5S,2025-08-27 12:00:00,9.39,10.683,KHT-XE5S_2025_0526_1101,9.999999999994457e-05,0.5
KHT-XE5S,2025-08-27 12:10:00,9.389,10.681,KHT-XE5S_2025_0526_1101,0.0002000000000000668,0.5
KHT-XE5S,2025-08-27 12:20:00,9.3873,10.682,KHT-XE5S_2025_0526_1101,0.00010000000000012221,0.5
KHT-XE5S,2025-08-27 12:30:00,9.3849,10.686,KHT-XE5S_2025_0526_1101,0.00039999999999995595,0.5
KHT-XE5S,2025-08-27 12:40:00,9.3827,10.683,KHT-XE5S_2025_0526_1101,0.00030000000000001136,0.5
KHT-XE5S,2025-08-27 12:50:00,9.3803,10.682,KHT-XE5S_2025_0526_1101,9.999999999994457e-05,0.5
KHT-XE5S,2025-08-27 13:00:00,9.3784,10.683,KHT-XE5S_2025_0526_1101,9.999999999994457e-05,0.5
KHT-XE5S,2025-08-27 13:10:00,9.3768,10.685,KHT-XE5S_2025_0526_1101,0.0002000000000000668,0.5
KHT-XE5S,2025-08-27 13:20:00,9.3763,10.684,KHT-XE5S_2025_0526_1101,0.00010000000000012221,0.5
KHT-XE5S,2025-08-27 13:30:00,9.3742,10.684,KHT-XE5S_2025_0526_1101,0.0,0.5
KHT-XE5S,2025-08-27 13:40:00,9.3729,10.686,KHT-XE5S_2025_0526_1101,0.0002000000000000668,0.5
KHT-XE5S,2025-08-27 13:50:00,9.3698,10.687,KHT-XE5S_2025_0526_1101,9.999999999994457e-05,0.5
KHT-XE5S,2025-08-27 14:00:00,9.37,10.686,KHT-XE5S_2025_0526_1101,9.999999999994457e-05,0.5
KHT-XE5S,2025-08-27 14:10:00,9.3705,10.686,KHT-XE5S_2025_0526_1101,0.0,0.5
KHT-XE5S,2025-08-27 14:20:00,9.3716,10.687,KHT-XE5S_2025_0526_1101,9.999999999994457e-05,0.5
KHT-XE5S,2025-08-27 14:30:00,9.3723,10.686,KHT-XE5S_2025_0526_1101,9.999999999994457e-05,0.5
KHT-XE5S,2025-08-27 14:40:00,9.3717,10.685,KHT-XE5S_2025_0526_1101,9.999999999994457e-05,0.5
KHT-XE5S,2025-08-27 14:50:00,9.3755,10.685,KHT-XE5S_2025_0526_1101,0.0,0.5
KHT-XE5S,2025-08-27 15:00:00,9.3779,10.686,KHT-XE5S_2025_0526_1101,9.999999999994457e-05,0.5
KHT-XE5S,2025-08-27 15:10:00,9.3796,10.685,KHT-XE5S_2025_0526_1101,9.999999999994457e-05,0.5
KHT-XE5S,2025-08-27 15:20:00,9.3797,10.685,KHT-XE5S_2025_0526_1101,0.0,0.5
KHT-XE5S,2025-08-27 15:30:00,9.3825,10.684,KHT-XE5S_2025_0526_1101,0.00010000000000012221,0.5
KHT-XE5S,2025-08-27 15:40:00,9.3829,10.685,KHT-XE5S_2025_0526_1101,0.00010000000000012221,0.5
KHT-XE5S,2025-08-27 15:50:00,9.3827,10.684,KHT-XE5S_2025_0526_1101,0.00010000000000012221,0.5
KHT-XE5S,2025-08-27 16:00:00,9.383,10.685,KHT-XE5S_2025_0526_1101,0.00010000000000012221,0.5
KHT-XE5S,2025-08-27 16:10:00,9.3843,10.687,KHT-XE5S_2025_0526_1101,0.00019999999999988915,0.5
KHT-XE5S,2025-08-27 16:20:00,9.3854,10.686,KHT-XE5S_2025_0526_1101,9.999999999994457e-05,0.5
KHT-XE5S,2025-08-27 16:30:00,9.3857,10.687,KHT-XE5S_2025_0526_1101,9.999999999994457e-05,0.5
KHT-XE5S,2025-08-27 16:40:00,9.3853,10.686,KHT-XE5S_2025_0526_1101,9.999999999994457e-05,0.5
KHT-XE5S,2025-08-27 16:50:00,9.3845,10.688,KHT-XE5S_2025_0526_1101,0.0002000000000000668,0.5
KHT-XE5S,2025-08-27 17:00:00,9.3849,10.686,KHT-XE5S_2025_0526_1101,0.0002000000000000668,0.5
KHT-XE5S,2025-08-27 17:10:00,9.3853,10.686,KHT-XE5S_2025_0526_1101,0.0,0.5
KHT-XE5S,2025-08-27 17:20:00,9.3858,10.685,KHT-XE5S_2025_0526_1101,9.999999999994457e-05,0.5
KHT-XE5S,2025-08-27 17:30:00,9.3856,10.687,KHT-XE5S_2025_0526_1101,0.00019999999999988915,0.5
KHT-XE5S,2025-08-27 17:40:00,9.3863,10.688,KHT-XE5S_2025_0526_1101,0.00010000000000012221,0.5
KHT-XE5S,2025-08-27 17:50:00,9.3875,10.688,KHT-XE5S_2025_0526_1101,0.0,0.5
KHT-XE5S,2025-08-27 18:00:00,9.3888,10.687,KHT-XE5S_2025_0526_1101,0.00010000000000012221,0.5
KHT-XE5S,2025-08-27 18:10:00,9.3888,10.688,KHT-XE5S_2025_0526_1101,0.00010000000000012221,0.5
KHT-XE5S,2025-08-27 18:20:00,9.3885,10.688,KHT-XE5S_2025_0526_1101,0.0,0.5
KHT-XE5S,2025-08-27 18:30:00,9.3876,10.688,KHT-XE5S_2025_0526_1101,0.0,0.5
KHT-XE5S,2025-08-27 18:40:00,9.3883,10.687,KHT-XE5S_2025_0526_1101,0.00010000000000012221,0.5
KHT-XE5S,2025-08-27 18:50:00,9.3896,10.687,KHT-XE5S_2025_0526_1101,0.0,0.5
KHT-XE5S,2025-08-27 19:00:00,9.3899,10.688,KHT-XE5S_2025_0526_1101,0.00010000000000012221,0.5
KHT-XE5S,2025-08-27 19:10:00,9.3904,10.689,KHT-XE5S_2025_0526_1101,9.999999999994457e-05,0.5
KHT-XE5S,2025-08-27 19:20:00,9.3912,10.69,KHT-XE5S_2025_0526_1101,9.999999999994457e-05,0.5
KHT-XE5S,2025-08-27 19:30:00,9.3931,10.69,KHT-XE5S_2025_0526_1101,0.0,0.5
KHT-XE5S,2025-08-27 19:40:00,9.3937,10.689,KHT-XE5S_2025_0526_1101,9.999999999994457e-05,0.5
KHT-XE5S,2025-08-27 19:50:00,9.394,10.689,KHT-XE5S_2025_0526_1101,0.0,0.5
KHT-XE5S,2025-08-27 20:00:00,9.3961,10.69,KHT-XE5S_2025_0526_1101,9.999999999994457e-05,0.5
KHT-XE5S,2025-08-27 20:10:00,9.3985,10.69,KHT-XE5S_2025_0526_1101,0.0,0.5
KHT-XE5S,2025-08-27 20:20:00,9.4006,10.689,KHT-XE5S_2025_0526_1101,9.999999999994457e-05,0.5
KHT-XE5S,2025-08-27 20:30:00,9.4017,10.689,KHT-XE5S_2025_0526_1101,0.0,0.5
KHT-XE5S,2025-08-27 20:40:00,9.4026,10.69,KHT-XE5S_2025_0526_1101,9.999999999994457e-05,0.5
KHT-XE5S,2025-08-27 20:50:00,9.4041,10.69,KHT-XE5S_2025_0526_1101,0.0,0.5
KHT-XE5S,2025-08-27 21:00:00,9.4041,10.69,KHT-XE5S_2025_0526_1101,0.0,0.5
KHT-XE5S,2025-08-27 21:10:00,9.4046,10.69,KHT-XE5S_2025_0526_1101,0.0,0.5
KHT-XE5S,2025-08-27 21:20:00,9.4048,10.69,KHT-XE5S_2025_0526_1101,0.0,0.5
KHT-XE5S,2025-08-27 21:30:00,9.4062,10.689,KHT-XE5S_2025_0526_1101,9.999999999994457e-05,0.5
KHT-XE5S,2025-08-27 21:40:00,9.4074,10.689,KHT-XE5S_2025_0526_1101,0.0,0.5
KHT-XE5S,2025-08-27 21:50:00,9.4079,10.69,KHT-XE5S_2025_0526_1101,9.999999999994457e-05,0.5
KHT-XE5S,2025-08-27 22:00:00,9.408,10.693,KHT-XE5S_2025_0526_1101,0.00030000000000001136,0.5
KHT-XE5S,2025-08-27 22:10:00,9.4076,10.69,KHT-XE5S_2025_0526_1101,0.00030000000000001136,0.5
KHT-XE5S,2025-08-27 22:20:00,9.4075,10.692,KHT-XE5S_2025_0526_1101,0.0002000000000000668,0.5
KHT-XE5S,2025-08-27 22:30:00,9.4074,10.691,KHT-XE5S_2025_0526_1101,9.999999999994457e-05,0.5
KHT-XE5S,2025-08-27 22:40:00,9.4076,10.69,KHT-XE5S_2025_0526_1101,0.00010000000000012221,0.5
KHT-XE5S,2025-08-27 22:50:00,9.4083,10.69,KHT-XE5S_2025_0526_1101,0.0,0.5
KHT-XE5S,2025-08-27 23:00:00,9.4081,10.693,KHT-XE5S_2025_0526_1101,0.00030000000000001136,0.5
KHT-XE5S,2025-08-27 23:10:00,9.4079,10.692,KHT-XE5S_2025_0526_1101,9.999999999994457e-05,0.5
KHT-XE5S,2025-08-27 23:20:00,9.4077,10.692,KHT-XE5S_2025_0526_1101,0.0,0.5
KHT-XE5S,2025-08-27 23:30:00,9.4079,10.694,KHT-XE5S_2025_0526_1101,0.0002000000000000668,0.5
KHT-XE5S,2025-08-27 23:40:00,9.4081,10.693,KHT-XE5S_2025_0526_1101,0.00010000000000012221,0.5
KHT-XE5S,2025-08-27 23:50:00,9.4089,10.694,KHT-XE5S_2025_0526_1101,0.00010000000000012221,0.5
KHT-XE5S,2025-08-28 00:00:00,9.4094,10.693,KHT-XE5S_2025_0526_1101,0.00010000000000012221,0.5
KHT-XE5S,2025-08-28 00:10:00,9.4097,10.694,KHT-XE5S_2025_0526_1101,0.00010000000000012221,0.5
KHT-XE5S,2025-08-28 00:20:00,9.4101,10.695,KHT-XE5S_2025_0526_1101,9.999999999994457e-05,0.5
KHT-XE5S,2025-08-28 00:30:00,9.4101,10.694,KHT-XE5S_2025_0526_1101,9.999999999994457e-05,0.5
KHT-XE5S,2025-08-28 00:40:00,9.4106,10.693,KHT-XE5S_2025_0526_1101,0.00010000000000012221,0.5
KHT-XE5S,2025-08-28 00:50:00,9.4107,10.693,KHT-XE5S_2025_0526_1101,0.0,0.5
KHT-XE5S,2025-08-28 01:00:00,9.4102,10.694,KHT-XE5S_2025_0526_1101,0.00010000000000012221,0.5
KHT-XE5S,2025-08-28 01:10:00,9.4106,10.692,KHT-XE5S_2025_0526_1101,0.0002000000000000668,0.5
KHT-XE5S,2025-08-28 01:20:00,9.4104,10.696,KHT-XE5S_2025_0526_1101,0.00039999999999995595,0.5
KHT-XE5S,2025-08-28 01:30:00,9.4099,10.695,KHT-XE5S_2025_0526_1101,9.999999999994457e-05,0.5
KHT-XE5S,2025-08-28 01:40:00,9.409,10.694,KHT-XE5S_2025_0526_1101,9.999999999994457e-05,0.5
KHT-XE5S,2025-08-28 01:50:00,9.4087,10.696,KHT-XE5S_2025_0526_1101,0.00019999999999988915,0.5
KHT-XE5S,2025-08-28 02:00:00,9.4088,10.695,KHT-XE5S_2025_0526_1101,9.999999999994457e-05,0.5
KHT-XE5S,2025-08-28 02:10:00,9.4083,10.695,KHT-XE5S_2025_0526_1101,0.0,0.5
KHT-XE5S,2025-08-28 02:20:00,9.4072,10.696,KHT-XE5S_2025_0526_1101,9.999999999994457e-05,0.5
KHT-XE5S,2025-08-28 02:30:00,9.4067,10.695,KHT-XE5S_2025_0526_1101,9.999999999994457e-05,0.5
KHT-XE5S,2025-08-28 02:40:00,9.4064,10.695,KHT-XE5S_2025_0526_1101,0.0,0.5
KHT-XE5S,2025-08-28 02:50:00,9.4062,10.697,KHT-XE5S_2025_0526_1101,0.00019999999999988915,0.5
KHT-XE5S,2025-08-28 03:00:00,9.4064,10.694,KHT-XE5S_2025_0526_1101,0.0002999999999998337,0.5
KHT-XE5S,2025-08-28 03:10:00,9.4066,10.697,KHT-XE5S_2025_0526_1101,0.0002999999999998337,0.5
KHT-XE5S,2025-08-28 03:20:00,9.4066,10.694,KHT-XE5S_2025_0526_1101,0.0002999999999998337,0.5
KHT-XE5S,2025-08-28 03:30:00,9.4058,10.694,KHT-XE5S_2025_0526_1101,0.0,0.5
KHT-XE5S,2025-08-28 03:40:00,9.4056,10.697,KHT-XE5S_2025_0526_1101,0.0002999999999998337,0.5
KHT-XE5S,2025-08-28 03:50:00,9.4058,10.697,KHT-XE5S_2025_0526_1101,0.0,0.5
KHT-XE5S,2025-08-28 04:00:00,9.4065,10.698,KHT-XE5S_2025_0526_1101,0.00010000000000012221,0.5
KHT-XE5S,2025-08-28 04:10:00,9.4071,10.696,KHT-XE5S_2025_0526_1101,0.0002000000000000668,0.5
KHT-XE5S,2025-08-28 04:20:00,9.4072,10.697,KHT-XE5S_2025_0526_1101,9.999999999994457e-05,0.5
KHT-XE5S,2025-08-28 04:30:00,9.407,10.696,KHT-XE5S_2025_0526_1101,9.999999999994457e-05,0.5
KHT-XE5S,2025-08-28 04:40:00,9.4074,10.696,KHT-XE5S_2025_0526_1101,0.0,0.5
KHT-XE5S,2025-08-28 04:50:00,9.4079,10.696,KHT-XE5S_2025_0526_1101,0.0,0.5
KHT-XE5S,2025-08-28 05:00:00,9.4079,10.699,KHT-XE5S_2025_0526_1101,0.00030000000000001136,0.5
KHT-XE5S,2025-08-28 05:10:00,9.4078,10.698,KHT-XE5S_2025_0526_1101,9.999999999994457e-05,0.5
KHT-XE5S,2025-08-28 05:20:00,9.4078,10.698,KHT-XE5S_2025_0526_1101,0.0,0.5
KHT-XE5S,2025-08-28 05:30:00,9.4076,10.699,KHT-XE5S_2025_0526_1101,9.999999999994457e-05,0.5
KHT-XE5S,2025-08-28 05:40:00,9.408,10.698,KHT-XE5S_2025_0526_1101,9.999999999994457e-05,0.5
KHT-XE5S,2025-08-28 05:50:00,9.4087,10.699,KHT-XE5S_2025_0526_1101,9.999999999994457e-05,0.5
KHT-XE5S,2025-08-28 06:00:00,9.4092,10.698,KHT-XE5S_2025_0526_1101,9.999999999994457e-05,0.5
KHT-XE5S,2025-08-28 06:10:00,9.409,10.699,KHT-XE5S_2025_0526_1101,9.999999999994457e-05,0.5
KHT-XE5S,2025-08-28 06:20:00,9.41,10.699,KHT-XE5S_2025_0526_1101,0.0,0.5
KHT-XE5S,2025-08-28 06:30:00,9.4105,10.7,KHT-XE5S_2025_0526_1101,9.999999999994457e-05,0.5
KHT-XE5S,2025-08-28 06:40:00,9.4108,10.699,KHT-XE5S_2025_0526_1101,9.999999999994457e-05,0.5
KHT-XE5S,2025-08-28 06:50:00,9.4114,10.7,KHT-XE5S_2025_0526_1101,9.999999999994457e-05,0.5
KHT-XE5S,2025-08-28 07:00:00,9.4125,10.7,KHT-XE5S_2025_0526_1101,0.0,0.5
KHT-XE5S,2025-08-28 07:10:00,9.4131,10.701,KHT-XE5S_2025_0526_1101,0.00010000000000012221,0.5
KHT-XE5S,2025-08-28 07:20:00,9.4133,10.7,KHT-XE5S_2025_0526_1101,0.00010000000000012221,0.5
KHT-XE5S,2025-08-28 07:30:00,9.4131,10.7,KHT-XE5S_2025_0526_1101,0.0,0.5
KHT-XE5S,2025-08-28 07:40:00,9.4135,10.699,KHT-XE5S_2025_0526_1101,9.999999999994457e-05,0.5
KHT-XE5S,2025-08-28 07:50:00,9.4139,10.699,KHT-XE5S_2025_0526_1101,0.0,0.5
KHT-XE5S,2025-08-28 08:00:00,9.4141,10.701,KHT-XE5S_2025_0526_1101,0.0002000000000000668,0.5
KHT-XE5S,2025-08-28 08:10:00,9.4136,10.7,KHT-XE5S_2025_0526_1101,0.00010000000000012221,0.5
KHT-XE5S,2025-08-28 08:20:00,9.4139,10.7,KHT-XE5S_2025_0526_1101,0.0,0.5
KHT-XE5S,2025-08-28 08:30:00,9.4139,10.7,KHT-XE5S_2025_0526_1101,0.0,0.5
KHT-XE5S,2025-08-28 08:40:00,9.4145,10.699,KHT-XE5S_2025_0526_1101,9.999999999994457e-05,0.5
KHT-XE5S,2025-08-28 08:50:00,9.4148,10.701,KHT-XE5S_2025_0526_1101,0.0002000000000000668,0.5
KHT-XE5S,2025-08-28 09:00:00,9.4151,10.701,KHT-XE5S_2025_0526_1101,0.0,0.5
KHT-XE5S,2025-08-28 09:10:00,9.4143,10.701,KHT-XE5S_2025_0526_1101,0.0,0.5
KHT-XE5S,2025-08-28 09:20:00,9.4145,10.701,KHT-XE5S_2025_0526_1101,0.0,0.5
KHT-XE5S,2025-08-28 09:30:00,9.4142,10.702,KHT-XE5S_2025_0526_1101,9.999999999994457e-05,0.5
KHT-XE5S,2025-08-28 09:40:00,9.4132,10.703,KHT-XE5S_2025_0526_1101,9.999999999994457e-05,0.5
KHT-XE5S,2025-08-28 09:50:00,9.4119,10.702,KHT-XE5S_2025_0526_1101,9.999999999994457e-05,0.5
KHT-XE5S,2025-08-28 10:00:00,9.4108,10.701,KHT-XE5S_2025_0526_1101,9.999999999994457e-05,0.5
KHT-XE5S,2025-08-28 10:10:00,9.4093,10.703,KHT-XE5S_2025_0526_1101,0.00019999999999988915,0.5
KHT-XE5S,2025-08-28 10:20:00,9.4079,10.704,KHT-XE5S_2025_0526_1101,0.00010000000000012221,0.5
KHT-XE5S,2025-08-28 10:30:00,9.4064,10.703,KHT-XE5S_2025_0526_1101,0.00010000000000012221,0.5
KHT-XE5S,2025-08-28 10:40:00,9.4048,10.704,KHT-XE5S_2025_0526_1101,0.00010000000000012221,0.5
KHT-XE5S,2025-08-28 10:50:00,9.4034,10.704,KHT-XE5S_2025_0526_1101,0.0,0.5
KHT-XE5S,2025-08-28 11:00:00,9.4012,10.704,KHT-XE5S_2025_0526_1101,0.0,0.5
KHT-XE5S,2025-08-28 11:10:00,9.3995,10.705,KHT-XE5S_2025_0526_1101,9.999999999994457e-05,0.5
KHT-XE5S,2025-08-28 11:20:00,9.3979,10.705,KHT-XE5S_2025_0526_1101,0.0,0.5
KHT-XE5S,2025-08-28 11:30:00,9.3954,10.705,KHT-XE5S_2025_0526_1101,0.0,0.5
KHT-XE5S,2025-08-28 11:40:00,9.3946,10.705,KHT-XE5S_2025_0526_1101,0.0,0.5
KHT-XE5S,2025-08-28 11:50:00,9.3922,10.704,KHT-XE5S_2025_0526_1101,9.999999999994457e-05,0.5
KHT-XE5S,2025-08-28 12:00:00,9.3902,10.705,KHT-XE5S_2025_0526_1101,9.999999999994457e-05,0.5
KHT-XE5S,2025-08-28 12:10:00,9.3883,10.705,KHT-XE5S_2025_0526_1101,0.0,0.5
KHT-XE5S,2025-08-28 12:20:00,9.3864,10.705,KHT-XE5S_2025_0526_1101,0.0,0.5
KHT-XE5S,2025-08-28 12:30:00,9.3843,10.704,KHT-XE5S_2025_0526_1101,9.999999999994457e-05,0.5
KHT-XE5S,2025-08-28 12:40:00,9.382,10.706,KHT-XE5S_2025_0526_1101,0.00019999999999988915,0.5
KHT-XE5S,2025-08-28 12:50:00,9.3802,10.706,KHT-XE5S_2025_0526_1101,0.0,0.5
KHT-XE5S,2025-08-28 13:00:00,9.3783,10.707,KHT-XE5S_2025_0526_1101,0.00010000000000012221,0.5
KHT-XE5S,2025-08-28 13:10:00,9.3759,10.706,KHT-XE5S_2025_0526_1101,0.00010000000000012221,0.5
KHT-XE5S,2025-08-28 13:20:00,9.3743,10.707,KHT-XE5S_2025_0526_1101,0.00010000000000012221,0.5
KHT-XE5S,2025-08-28 13:30:00,9.3724,10.705,KHT-XE5S_2025_0526_1101,0.0002000000000000668,0.5
KHT-XE5S,2025-08-28 13:40:00,9.3714,10.707,KHT-XE5S_2025_0526_1101,0.0002000000000000668,0.5
KHT-XE5S,2025-08-28 13:50:00,9.3696,10.709,KHT-XE5S_2025_0526_1101,0.00019999999999988915,0.5
KHT-XE5S,2025-08-28 14:00:00,9.3678,10.708,KHT-XE5S_2025_0526_1101,9.999999999994457e-05,0.5
KHT-XE5S,2025-08-28 14:10:00,9.3664,10.708,KHT-XE5S_2025_0526_1101,0.0,0.5
KHT-XE5S,2025-08-28 14:20:00,9.3641,10.71,KHT-XE5S_2025_0526_1101,0.0002000000000000668,0.5
KHT-XE5S,2025-08-28 14:30:00,9.362,10.709,KHT-XE5S_2025_0526_1101,0.00010000000000012221,0.5
KHT-XE5S,2025-08-28 14:40:00,9.3607,10.71,KHT-XE5S_2025_0526_1101,0.00010000000000012221,0.5
KHT-XE5S,2025-08-28 14:50:00,9.3575,10.71,KHT-XE5S_2025_0526_1101,0.0,0.5
KHT-XE5S,2025-08-28 15:00:00,9.3568,10.712,KHT-XE5S_2025_0526_1101,0.00019999999999988915,0.5
KHT-XE5S,2025-08-28 15:10:00,9.3543,10.711,KHT-XE5S_2025_0526_1101,9.999999999994457e-05,0.5
KHT-XE5S,2025-08-28 15:20:00,9.352,10.711,KHT-XE5S_2025_0526_1101,0.0,0.5
KHT-XE5S,2025-08-28 15:30:00,9.3503,10.71,KHT-XE5S_2025_0526_1101,9.999999999994457e-05,0.5
KHT-XE5S,2025-08-28 15:40:00,9.3492,10.711,KHT-XE5S_2025_0526_1101,9.999999999994457e-05,0.5
KHT-XE5S,2025-08-28 15:50:00,9.3487,10.71,KHT-XE5S_2025_0526_1101,9.999999999994457e-05,0.5
KHT-XE5S,2025-08-28 16:00:00,9.3491,10.711,KHT-XE5S_2025_0526_1101,9.999999999994457e-05,0.5
KHT-XE5S,2025-08-28 16:10:00,9.3502,10.71,KHT-XE5S_2025_0526_1101,9.999999999994457e-05,0.5
KHT-XE5S,2025-08-28 16:20:00,9.3506,10.711,KHT-XE5S_2025_0526_1101,9.999999999994457e-05,0.5
KHT-XE5S,2025-08-28 16:30:00,9.352,10.711,KHT-XE5S_2025_0526_1101,0.0,0.5
KHT-XE5S,2025-08-28 16:40:00,9.3523,10.711,KHT-XE5S_2025_0526_1101,0.0,0.5
KHT-XE5S,2025-08-28 16:50:00,9.3527,10.71,KHT-XE5S_2025_0526_1101,9.999999999994457e-05,0.5
KHT-XE5S,2025-08-28 17:00:00,9.3524,10.712,KHT-XE5S_2025_0526_1101,0.00019999999999988915,0.5
KHT-XE5S,2025-08-28 17:10:00,9.352,10.713,KHT-XE5S_2025_0526_1101,9.999999999994457e-05,0.5
KHT-XE5S,2025-08-28 17:20:00,9.3513,10.714,KHT-XE5S_2025_0526_1101,0.00010000000000012221,0.5
KHT-XE5S,2025-08-28 17:30:00,9.351,10.713,KHT-XE5S_2025_0526_1101,0.00010000000000012221,0.5
KHT-XE5S,2025-08-28 17:40:00,9.3504,10.713,KHT-XE5S_2025_0526_1101,0.0,0.5
KHT-XE5S,2025-08-28 17:50:00,9.3504,10.712,KHT-XE5S_2025_0526_1101,9.999999999994457e-05,0.5
KHT-XE5S,2025-08-28 18:00:00,9.3508,10.712,KHT-XE5S_2025_0526_1101,0.0,0.5
KHT-XE5S,2025-08-28 18:10:00,9.3511,10.712,KHT-XE5S_2025_0526_1101,0.0,0.5
KHT-XE5S,2025-08-28 18:20:00,9.3522,10.711,KHT-XE5S_2025_0526_1101,9.999999999994457e-05,0.5
KHT-XE5S,2025-08-28 18:30:00,9.3536,10.711,KHT-XE5S_2025_0526_1101,0.0,0.5
KHT-XE5S,2025-08-28 18:40:00,9.3541,10.712,KHT-XE5S_2025_0526_1101,9.999999999994457e-05,0.5
KHT-XE5S,2025-08-28 18:50:00,9.3549,10.712,KHT-XE5S_2025_0526_1101,0.0,0.5
KHT-XE5S,2025-08-28 19:00:00,9.3566,10.713,KHT-XE5S_2025_0526_1101,9.999999999994457e-05,0.5
KHT-XE5S,2025-08-28 19:10:00,9.3581,10.712,KHT-XE5S_2025_0526_1101,9.999999999994457e-05,0.5
KHT-XE5S,2025-08-28 19:20:00,9.36,10.713,KHT-XE5S_2025_0526_1101,9.999999999994457e-05,0.5
KHT-XE5S,2025-08-28 19:30:00,9.3619,10.712,KHT-XE5S_2025_0526_1101,9.999999999994457e-05,0.5
KHT-XE5S,2025-08-28 19:40:00,9.3637,10.712,KHT-XE5S_2025_0526_1101,0.0,0.5
KHT-XE5S,2025-08-28 19:50:00,9.365,10.712,KHT-XE5S_2025_0526_1101,0.0,0.5
KHT-XE5S,2025-08-28 20:00:00,9.3673,10.712,KHT-XE5S_2025_0526_1101,0.0,0.5
KHT-XE5S,2025-08-28 20:10:00,9.369,10.712,KHT-XE5S_2025_0526_1101,0.0,0.5
KHT-XE5S,2025-08-28 20:20:00,9.3715,10.713,KHT-XE5S_2025_0526_1101,9.999999999994457e-05,0.5
KHT-XE5S,2025-08-28 20:30:00,9.3731,10.713,KHT-XE5S_2025_0526_1101,0.0,0.5
KHT-XE5S,2025-08-28 20:40:00,9.3754,10.713,KHT-XE5S_2025_0526_1101,0.0,0.5
KHT-XE5S,2025-08-28 20:50:00,9.3782,10.712,KHT-XE5S_2025_0526_1101,9.999999999994457e-05,0.5
KHT-XE5S,2025-08-28 21:00:00,9.3795,10.714,KHT-XE5S_2025_0526_1101,0.0002000000000000668,0.5
KHT-XE5S,2025-08-28 21:10:00,9.381,10.714,KHT-XE5S_2025_0526_1101,0.0,0.5
KHT-XE5S,2025-08-28 21:20:00,9.3819,10.716,KHT-XE5S_2025_0526_1101,0.00019999999999988915,0.5
KHT-XE5S,2025-08-28 21:30:00,9.3829,10.714,KHT-XE5S_2025_0526_1101,0.00019999999999988915,0.5
KHT-XE5S,2025-08-28 21:40:00,9.383,10.712,KHT-XE5S_2025_0526_1101,0.0002000000000000668,0.5
KHT-XE5S,2025-08-28 21:50:00,9.3842,10.716,KHT-XE5S_2025_0526_1101,0.00039999999999995595,0.5
KHT-XE5S,2025-08-28 22:00:00,9.3845,10.714,KHT-XE5S_2025_0526_1101,0.00019999999999988915,0.5
KHT-XE5S,2025-08-28 22:10:00,9.3852,10.714,KHT-XE5S_2025_0526_1101,0.0,0.5
KHT-XE5S,2025-08-28 22:20:00,9.3856,10.715,KHT-XE5S_2025_0526_1101,9.999999999994457e-05,0.5
KHT-XE5S,2025-08-28 22:30:00,9.3862,10.717,KHT-XE5S_2025_0526_1101,0.0002000000000000668,0.5
KHT-XE5S,2025-08-28 22:40:00,9.3868,10.715,KHT-XE5S_2025_0526_1101,0.0002000000000000668,0.5
KHT-XE5S,2025-08-28 22:50:00,9.3876,10.717,KHT-XE5S_2025_0526_1101,0.0002000000000000668,0.5
KHT-XE5S,2025-08-28 23:00:00,9.3878,10.715,KHT-XE5S_2025_0526_1101,0.0002000000000000668,0.5
KHT-XE5S,2025-08-28 23:10:00,9.3883,10.713,KHT-XE5S_2025_0526_1101,0.0002000000000000668,0.5
KHT-XE5S,2025-08-28 23:20:00,9.3899,10.717,KHT-XE5S_2025_0526_1101,0.0004000000000001336,0.5
KHT-XE5S,2025-08-28 23:30:00,9.3902,10.714,KHT-XE5S_2025_0526_1101,0.00030000000000001136,0.5
KHT-XE5S,2025-08-28 23:40:00,9.3911,10.717,KHT-XE5S_2025_0526_1101,0.00030000000000001136,0.5
KHT-XE5S,2025-08-28 23:50:00,9.392,10.716,KHT-XE5S_2025_0526_1101,0.00010000000000012221,0.5
KHT-XE5S,2025-08-29 00:00:00,9.3918,10.717,KHT-XE5S_2025_0526_1101,0.00010000000000012221,0.5
KHT-XE5S,2025-08-29 00:10:00,9.3916,10.718,KHT-XE5S_2025_0526_1101,9.999999999994457e-05,0.5
KHT-XE5S,2025-08-29 00:20:00,9.3917,10.717,KHT-XE5S_2025_0526_1101,9.999999999994457e-05,0.5
KHT-XE5S,2025-08-29 00:30:00,9.3916,10.717,KHT-XE5S_2025_0526_1101,0.0,0.5
KHT-XE5S,2025-08-29 00:40:00,9.3928,10.719,KHT-XE5S_2025_0526_1101,0.00019999999999988915,0.5
KHT-XE5S,2025-08-29 00:50:00,9.3931,10.719,KHT-XE5S_2025_0526_1101,0.0,0.5
KHT-XE5S,2025-08-29 01:00:00,9.3927,10.718,KHT-XE5S_2025_0526_1101,9.999999999994457e-05,0.5
KHT-XE5S,2025-08-29 01:10:00,9.3929,10.717,KHT-XE5S_2025_0526_1101,9.999999999994457e-05,0.5
KHT-XE5S,2025-08-29 01:20:00,9.3927,10.719,KHT-XE5S_2025_0526_1101,0.00019999999999988915,0.5
KHT-XE5S,2025-08-29 01:30:00,9.393,10.718,KHT-XE5S_2025_0526_1101,9.999999999994457e-05,0.5
KHT-XE5S,2025-08-29 01:40:00,9.3937,10.717,KHT-XE5S_2025_0526_1101,9.999999999994457e-05,0.5
KHT-XE5S,2025-08-29 01:50:00,9.3943,10.719,KHT-XE5S_2025_0526_1101,0.00019999999999988915,0.5
KHT-XE5S,2025-08-29 02:00:00,9.3948,10.719,KHT-XE5S_2025_0526_1101,0.0,0.5
KHT-XE5S,2025-08-29 02:10:00,9.3942,10.718,KHT-XE5S_2025_0526_1101,9.999999999994457e-05,0.5
KHT-XE5S,2025-08-29 02:20:00,9.3944,10.717,KHT-XE5S_2025_0526_1101,9.999999999994457e-05,0.5
KHT-XE5S,2025-08-29 02:30:00,9.3945,10.719,KHT-XE5S_2025_0526_1101,0.00019999999999988915,0.5
KHT-XE5S,2025-08-29 02:40:00,9.3948,10.719,KHT-XE5S_2025_0526_1101,0.0,0.5
KHT-XE5S,2025-08-29 02:50:00,9.3956,10.718,KHT-XE5S_2025_0526_1101,9.999999999994457e-05,0.5
KHT-XE5S,2025-08-29 03:00:00,9.3956,10.719,KHT-XE5S_2025_0526_1101,9.999999999994457e-05,0.5
KHT-XE5S,2025-08-29 03:10:00,9.3959,10.718,KHT-XE5S_2025_0526_1101,9.999999999994457e-05,0.5
KHT-XE5S,2025-08-29 03:20:00,9.3958,10.72,KHT-XE5S_2025_0526_1101,0.0002000000000000668,0.5
KHT-XE5S,2025-08-29 03:30:00,9.3961,10.72,KHT-XE5S_2025_0526_1101,0.0,0.5
KHT-XE5S,2025-08-29 03:40:00,9.3969,10.72,KHT-XE5S_2025_0526_1101,0.0,0.5
KHT-XE5S,2025-08-29 03:50:00,9.3967,10.72,KHT-XE5S_2025_0526_1101,0.0,0.5
KHT-XE5S,2025-08-29 04:00:00,9.396,10.721,KHT-XE5S_2025_0526_1101,9.999999999994457e-05,0.5
KHT-XE5S,2025-08-29 04:10:00,9.3955,10.72,KHT-XE5S_2025_0526_1101,9.999999999994457e-05,0.5
KHT-XE5S,2025-08-29 04:20:00,9.3955,10.721,KHT-XE5S_2025_0526_1101,9.999999999994457e-05,0.5
KHT-XE5S,2025-08-29 04:30:00,9.3965,10.72,KHT-XE5S_2025_0526_1101,9.999999999994457e-05,0.5
KHT-XE5S,2025-08-29 04:40:00,9.3965,10.721,KHT-XE5S_2025_0526_1101,9.999999999994457e-05,0.5
KHT-XE5S,2025-08-29 04:50:00,9.3967,10.72,KHT-XE5S_2025_0526_1101,9.999999999994457e-05,0.5
KHT-XE5S,2025-08-29 05:00:00,9.3964,10.721,KHT-XE5S_2025_0526_1101,9.999999999994457e-05,0.5
KHT-XE5S,2025-08-29 05:10:00,9.3962,10.721,KHT-XE5S_2025_0526_1101,0.0,0.5
KHT-XE5S,2025-08-29 05:20:00,9.3968,10.72,KHT-XE5S_2025_0526_1101,9.999999999994457e-05,0.5
KHT-XE5S,2025-08-29 05:30:00,9.3979,10.721,KHT-XE5S_2025_0526_1101,9.999999999994457e-05,0.5
KHT-XE5S,2025-08-29 05:40:00,9.3987,10.72,KHT-XE5S_2025_0526_1101,9.999999999994457e-05,0.5
KHT-XE5S,2025-08-29 05:50:00,9.3993,10.721,KHT-XE5S_2025_0526_1101,9.999999999994457e-05,0.5
KHT-XE5S,2025-08-29 06:00:00,9.3996,10.722,KHT-XE5S_2025_0526_1101,9.999999999994457e-05,0.5
KHT-XE5S,2025-08-29 06:10:00,9.4,10.721,KHT-XE5S_2025_0526_1101,9.999999999994457e-05,0.5
KHT-XE5S,2025-08-29 06:20:00,9.4011,10.722,KHT-XE5S_2025_0526_1101,9.999999999994457e-05,0.5
KHT-XE5S,2025-08-29 06:30:00,9.4022,10.721,KHT-XE5S_2025_0526_1101,9.999999999994457e-05,0.5
KHT-XE5S,2025-08-29 06:40:00,9.4029,10.722,KHT-XE5S_2025_0526_1101,9.999999999994457e-05,0.5
KHT-XE5S,2025-08-29 06:50:00,9.4031,10.72,KHT-XE5S_2025_0526_1101,0.00019999999999988915,0.5
KHT-XE5S,2025-08-29 07:00:00,9.4031,10.722,KHT-XE5S_2025_0526_1101,0.00019999999999988915,0.5
KHT-XE5S,2025-08-29 07:10:00,9.403,10.723,KHT-XE5S_2025_0526_1101,0.00010000000000012221,0.5
KHT-XE5S,2025-08-29 07:20:00,9.4036,10.722,KHT-XE5S_2025_0526_1101,0.00010000000000012221,0.5
KHT-XE5S,2025-08-29 07:30:00,9.4038,10.722,KHT-XE5S_2025_0526_1101,0.0,0.5
KHT-XE5S,2025-08-29 07:40:00,9.4044,10.722,KHT-XE5S_2025_0526_1101,0.0,0.5
KHT-XE5S,2025-08-29 07:50:00,9.4046,10.724,KHT-XE5S_2025_0526_1101,0.0002000000000000668,0.5
KHT-XE5S,2025-08-29 08:00:00,9.4052,10.723,KHT-XE5S_2025_0526_1101,9.999999999994457e-05,0.5
KHT-XE5S,2025-08-29 08:10:00,9.4051,10.724,KHT-XE5S_2025_0526_1101,9.999999999994457e-05,0.5
KHT-XE5S,2025-08-29 08:20:00,9.4056,10.723,KHT-XE5S_2025_0526_1101,9.999999999994457e-05,0.5
KHT-XE5S,2025-08-29 08:30:00,9.4063,10.723,KHT-XE5S_2025_0526_1101,0.0,0.5
KHT-XE5S,2025-08-29 08:40:00,9.4062,10.724,KHT-XE5S_2025_0526_1101,9.999999999994457e-05,0.5
KHT-XE5S,2025-08-29 08:50:00,9.406,10.723,KHT-XE5S_2025_0526_1101,9.999999999994457e-05,0.5
KHT-XE5S,2025-08-29 09:00:00,9.4057,10.724,KHT-XE5S_2025_0526_1101,9.999999999994457e-05,0.5
KHT-XE5S,2025-08-29 09:10:00,9.4055,10.722,KHT-XE5S_2025_0526_1101,0.0002000000000000668,0.5
KHT-XE5S,2025-08-29 09:20:00,9.4048,10.723,KHT-XE5S_2025_0526_1101,0.00010000000000012221,0.5
KHT-XE5S,2025-08-29 09:30:00,9.405,10.722,KHT-XE5S_2025_0526_1101,0.00010000000000012221,0.5
KHT-XE5S,2025-08-29 09:40:00,9.4049,10.726,KHT-XE5S_2025_0526_1101,0.0004000000000001336,0.5
KHT-XE5S,2025-08-29 09:50:00,9.4039,10.723,KHT-XE5S_2025_0526_1101,0.00030000000000001136,0.5
KHT-XE5S,2025-08-29 10:00:00,9.4032,10.723,KHT-XE5S_2025_0526_1101,0.0,0.5
KHT-XE5S,2025-08-29 10:10:00,9.4022,10.724,KHT-XE5S_2025_0526_1101,9.999999999994457e-05,0.5
KHT-XE5S,2025-08-29 10:20:00,9.4015,10.725,KHT-XE5S_2025_0526_1101,9.999999999994457e-05,0.5
KHT-XE5S,2025-08-29 10:30:00,9.4005,10.726,KHT-XE5S_2025_0526_1101,0.00010000000000012221,0.5
KHT-XE5S,2025-08-29 10:40:00,9.3986,10.725,KHT-XE5S_2025_0526_1101,0.00010000000000012221,0.5
KHT-XE5S,2025-08-29 10:50:00,9.3966,10.725,KHT-XE5S_2025_0526_1101,0.0,0.5
KHT-XE5S,2025-08-29 11:00:00,9.3951,10.727,KHT-XE5S_2025_0526_1101,0.0002000000000000668,0.5
KHT-XE5S,2025-08-29 11:10:00,9.3938,10.725,KHT-XE5S_2025_0526_1101,0.0002000000000000668,0.5
KHT-XE5S,2025-08-29 11:20:00,9.3921,10.726,KHT-XE5S_2025_0526_1101,0.00010000000000012221,0.5
KHT-XE5S,2025-08-29 11:30:00,9.3909,10.727,KHT-XE5S_2025_0526_1101,9.999999999994457e-05,0.5
KHT-XE5S,2025-08-29 11:40:00,9.3889,10.727,KHT-XE5S_2025_0526_1101,0.0,0.5
KHT-XE5S,2025-08-29 11:50:00,9.387,10.726,KHT-XE5S_2025_0526_1101,9.999999999994457e-05,0.5
KHT-XE5S,2025-08-29 12:00:00,9.385,10.729,KHT-XE5S_2025_0526_1101,0.0002999999999998337,0.5
KHT-XE5S,2025-08-29 12:10:00,9.382,10.727,KHT-XE5S_2025_0526_1101,0.00019999999999988915,0.5
KHT-XE5S,2025-08-29 12:20:00,9.3806,10.728,KHT-XE5S_2025_0526_1101,9.999999999994457e-05,0.5
KHT-XE5S,2025-08-29 12:30:00,9.3784,10.728,KHT-XE5S_2025_0526_1101,0.0,0.5
KHT-XE5S,2025-08-29 12:40:00,9.3765,10.729,KHT-XE5S_2025_0526_1101,9.999999999994457e-05,0.5
KHT-XE5S,2025-08-29 12:50:00,9.3743,10.728,KHT-XE5S_2025_0526_1101,9.999999999994457e-05,0.5
KHT-XE5S,2025-08-29 13:00:00,9.3722,10.729,KHT-XE5S_2025_0526_1101,9.999999999994457e-05,0.5
KHT-XE5S,2025-08-29 13:10:00,9.3705,10.731,KHT-XE5S_2025_0526_1101,0.0002000000000000668,0.5
KHT-XE5S,2025-08-29 13:20:00,9.3692,10.729,KHT-XE5S_2025_0526_1101,0.0002000000000000668,0.5
KHT-XE5S,2025-08-29 13:30:00,9.3691,10.729,KHT-XE5S_2025_0526_1101,0.0,0.5
KHT-XE5S,2025-08-29 13:40:00,9.3683,10.73,KHT-XE5S_2025_0526_1101,0.00010000000000012221,0.5
KHT-XE5S,2025-08-29 13:50:00,9.3677,10.73,KHT-XE5S_2025_0526_1101,0.0,0.5
KHT-XE5S,2025-08-29 14:00:00,9.3665,10.729,KHT-XE5S_2025_0526_1101,0.00010000000000012221,0.5
KHT-XE5S,2025-08-29 14:10:00,9.3654,10.73,KHT-XE5S_2025_0526_1101,0.00010000000000012221,0.5
KHT-XE5S,2025-08-29 14:20:00,9.3659,10.73,KHT-XE5S_2025_0526_1101,0.0,0.5
KHT-XE5S,2025-08-29 14:30:00,9.3652,10.728,KHT-XE5S_2025_0526_1101,0.0002000000000000668,0.5
KHT-XE5S,2025-08-29 14:40:00,9.3647,10.727,KHT-XE5S_2025_0526_1101,9.999999999994457e-05,0.5
KHT-XE5S,2025-08-29 14:50:00,9.3647,10.73,KHT-XE5S_2025_0526_1101,0.00030000000000001136,0.5
KHT-XE5S,2025-08-29 15:00:00,9.3646,10.73,KHT-XE5S_2025_0526_1101,0.0,0.5
KHT-XE5S,2025-08-29 15:10:00,9.3644,10.729,KHT-XE5S_2025_0526_1101,0.00010000000000012221,0.5
KHT-XE5S,2025-08-29 15:20:00,9.3637,10.729,KHT-XE5S_2025_0526_1101,0.0,0.5
KHT-XE5S,2025-08-29 15:30:00,9.3637,10.728,KHT-XE5S_2025_0526_1101,9.999999999994457e-05,0.5
KHT-XE5S,2025-08-29 15:40:00,9.3643,10.728,KHT-XE5S_2025_0526_1101,0.0,0.5
KHT-XE5S,2025-08-29 15:50:00,9.3647,10.731,KHT-XE5S_2025_0526_1101,0.00030000000000001136,0.5
KHT-XE5S,2025-08-29 16:00:00,9.3652,10.73,KHT-XE5S_2025_0526_1101,9.999999999994457e-05,0.5
KHT-XE5S,2025-08-29 16:10:00,9.3652,10.731,KHT-XE5S_2025_0526_1101,9.999999999994457e-05,0.5
KHT-XE5S,2025-08-29 16:20:00,9.3652,10.732,KHT-XE5S_2025_0526_1101,9.999999999994457e-05,0.5
KHT-XE5S,2025-08-29 16:30:00,9.3653,10.732,KHT-XE5S_2025_0526_1101,0.0,0.5
KHT-XE5S,2025-08-29 16:40:00,9.366,10.73,KHT-XE5S_2025_0526_1101,0.00019999999999988915,0.5
KHT-XE5S,2025-08-29 16:50:00,9.3662,10.732,KHT-XE5S_2025_0526_1101,0.00019999999999988915,0.5
KHT-XE5S,2025-08-29 17:00:00,9.3666,10.732,KHT-XE5S_2025_0526_1101,0.0,0.5
KHT-XE5S,2025-08-29 17:10:00,9.3653,10.731,KHT-XE5S_2025_0526_1101,9.999999999994457e-05,0.5
KHT-XE5S,2025-08-29 17:20:00,9.3655,10.734,KHT-XE5S_2025_0526_1101,0.00030000000000001136,0.5
KHT-XE5S,2025-08-29 17:30:00,9.3651,10.732,KHT-XE5S_2025_0526_1101,0.0002000000000000668,0.5
KHT-XE5S,2025-08-29 17:40:00,9.3651,10.732,KHT-XE5S_2025_0526_1101,0.0,0.5
KHT-XE5S,2025-08-29 17:50:00,9.3653,10.733,KHT-XE5S_2025_0526_1101,0.00010000000000012221,0.5
KHT-XE5S,2025-08-29 18:00:00,9.3654,10.733,KHT-XE5S_2025_0526_1101,0.0,0.5
KHT-XE5S,2025-08-29 18:10:00,9.366,10.732,KHT-XE5S_2025_0526_1101,0.00010000000000012221,0.5
KHT-XE5S,2025-08-29 18:20:00,9.3664,10.732,KHT-XE5S_2025_0526_1101,0.0,0.5
KHT-XE5S,2025-08-29 18:30:00,9.3668,10.732,KHT-XE5S_2025_0526_1101,0.0,0.5
KHT-XE5S,2025-08-29 18:40:00,9.3678,10.734,KHT-XE5S_2025_0526_1101,0.0002000000000000668,0.5
KHT-XE5S,2025-08-29 18:50:00,9.3686,10.733,KHT-XE5S_2025_0526_1101,9.999999999994457e-05,0.5
KHT-XE5S,2025-08-29 19:00:00,9.3698,10.733,KHT-XE5S_2025_0526_1101,0.0,0.5
KHT-XE5S,2025-08-29 19:10:00,9.371,10.734,KHT-XE5S_2025_0526_1101,9.999999999994457e-05,0.5
KHT-XE5S,2025-08-29 19:20:00,9.3718,10.732,KHT-XE5S_2025_0526_1101,0.0002000000000000668,0.5
KHT-XE5S,2025-08-29 19:30:00,9.3727,10.734,KHT-XE5S_2025_0526_1101,0.0002000000000000668,0.5
KHT-XE5S,2025-08-29 19:40:00,9.3741,10.733,KHT-XE5S_2025_0526_1101,9.999999999994457e-05,0.5
KHT-XE5S,2025-08-29 19:50:00,9.3755,10.732,KHT-XE5S_2025_0526_1101,0.00010000000000012221,0.5
KHT-XE5S,2025-08-29 20:00:00,9.377,10.733,KHT-XE5S_2025_0526_1101,0.00010000000000012221,0.5
KHT-XE5S,2025-08-29 20:10:00,9.3789,10.732,KHT-XE5S_2025_0526_1101,0.00010000000000012221,0.5
KHT-XE5S,2025-08-29 20:20:00,9.3804,10.733,KHT-XE5S_2025_0526_1101,0.00010000000000012221,0.5
KHT-XE5S,2025-08-29 20:30:00,9.3825,10.733,KHT-XE5S_2025_0526_1101,0.0,0.5
KHT-XE5S,2025-08-29 20:40:00,9.3842,10.734,KHT-XE5S_2025_0526_1101,9.999999999994457e-05,0.5
KHT-XE5S,2025-08-29 20:50:00,9.3856,10.732,KHT-XE5S_2025_0526_1101,0.0002000000000000668,0.5
KHT-XE5S,2025-08-29 21:00:00,9.3862,10.732,KHT-XE5S_2025_0526_1101,0.0,0.5
KHT-XE5S,2025-08-29 21:10:00,9.3876,10.732,KHT-XE5S_2025_0526_1101,0.0,0.5
KHT-XE5S,2025-08-29 21:20:00,9.3891,10.734,KHT-XE5S_2025_0526_1101,0.0002000000000000668,0.5
KHT-XE5S,2025-08-29 21:30:00,9.3906,10.733,KHT-XE5S_2025_0526_1101,9.999999999994457e-05,0.5
KHT-XE5S,2025-08-29 21:40:00,9.3914,10.734,KHT-XE5S_2025_0526_1101,9.999999999994457e-05,0.5
KHT-XE5S,2025-08-29 21:50:00,9.392,10.735,KHT-XE5S_2025_0526_1101,9.999999999994457e-05,0.5
KHT-XE5S,2025-08-29 22:00:00,9.3926,10.736,KHT-XE5S_2025_0526_1101,0.00010000000000012221,0.5
KHT-XE5S,2025-08-29 22:10:00,9.3929,10.736,KHT-XE5S_2025_0526_1101,0.0,0.5
KHT-XE5S,2025-08-29 22:20:00,9.3931,10.735,KHT-XE5S_2025_0526_1101,0.00010000000000012221,0.5
KHT-XE5S,2025-08-29 22:30:00,9.3933,10.735,KHT-XE5S_2025_0526_1101,0.0,0.5
KHT-XE5S,2025-08-29 22:40:00,9.3934,10.734,KHT-XE5S_2025_0526_1101,9.999999999994457e-05,0.5
KHT-XE5S,2025-08-29 22:50:00,9.3948,10.735,KHT-XE5S_2025_0526_1101,9.999999999994457e-05,0.5
KHT-XE5S,2025-08-29 23:00:00,9.3955,10.734,KHT-XE5S_2025_0526_1101,9.999999999994457e-05,0.5
KHT-XE5S,2025-08-29 23:10:00,9.3955,10.735,KHT-XE5S_2025_0526_1101,9.999999999994457e-05,0.5
KHT-XE5S,2025-08-29 23:20:00,9.3954,10.736,KHT-XE5S_2025_0526_1101,0.00010000000000012221,0.5
KHT-XE5S,2025-08-29 23:30:00,9.396,10.737,KHT-XE5S_2025_0526_1101,9.999999999994457e-05,0.5
KHT-XE5S,2025-08-29 23:40:00,9.396,10.735,KHT-XE5S_2025_0526_1101,0.0002000000000000668,0.5
KHT-XE5S,2025-08-29 23:50:00,9.396,10.736,KHT-XE5S_2025_0526_1101,0.00010000000000012221,0.5
KHT-XE5S,2025-08-30 00:00:00,9.3957,10.736,KHT-XE5S_2025_0526_1101,0.0,0.5
KHT-XE5S,2025-08-30 00:10:00,9.3963,10.736,KHT-XE5S_2025_0526_1101,0.0,0.5
KHT-XE5S,2025-08-30 00:20:00,9.396,10.736,KHT-XE5S_2025_0526_1101,0.0,0.5
KHT-XE5S,2025-08-30 00:30:00,9.396,10.735,KHT-XE5S_2025_0526_1101,0.00010000000000012221,0.5
KHT-XE5S,2025-08-30 00:40:00,9.3967,10.738,KHT-XE5S_2025_0526_1101,0.00030000000000001136,0.5
KHT-XE5S,2025-08-30 00:50:00,9.3975,10.737,KHT-XE5S_2025_0526_1101,9.999999999994457e-05,0.5
KHT-XE5S,2025-08-30 01:00:00,9.3969,10.739,KHT-XE5S_2025_0526_1101,0.0002000000000000668,0.5
KHT-XE5S,2025-08-30 01:10:00,9.3961,10.737,KHT-XE5S_2025_0526_1101,0.0002000000000000668,0.5
KHT-XE5S,2025-08-30 01:20:00,9.3963,10.736,KHT-XE5S_2025_0526_1101,9.999999999994457e-05,0.5
KHT-XE5S,2025-08-30 01:30:00,9.3958,10.738,KHT-XE5S_2025_0526_1101,0.00019999999999988915,0.5
KHT-XE5S,2025-08-30 01:40:00,9.3962,10.737,KHT-XE5S_2025_0526_1101,9.999999999994457e-05,0.5
KHT-XE5S,2025-08-30 01:50:00,9.3968,10.736,KHT-XE5S_2025_0526_1101,9.999999999994457e-05,0.5
KHT-XE5S,2025-08-30 02:00:00,9.3972,10.739,KHT-XE5S_2025_0526_1101,0.00030000000000001136,0.5
KHT-XE5S,2025-08-30 02:10:00,9.3966,10.737,KHT-XE5S_2025_0526_1101,0.0002000000000000668,0.5
KHT-XE5S,2025-08-30 02:20:00,9.3965,10.74,KHT-XE5S_2025_0526_1101,0.00030000000000001136,0.5
KHT-XE5S,2025-08-30 02:30:00,9.397,10.739,KHT-XE5S_2025_0526_1101,9.999999999994457e-05,0.5
KHT-XE5S,2025-08-30 02:40:00,9.3972,10.737,KHT-XE5S_2025_0526_1101,0.0002000000000000668,0.5
KHT-XE5S,2025-08-30 02:50:00,9.3977,10.738,KHT-XE5S_2025_0526_1101,9.999999999994457e-05,0.5
KHT-XE5S,2025-08-30 03:00:00,9.3981,10.739,KHT-XE5S_2025_0526_1101,0.00010000000000012221,0.5
KHT-XE5S,2025-08-30 03:10:00,9.3983,10.738,KHT-XE5S_2025_0526_1101,0.00010000000000012221,0.5
KHT-XE5S,2025-08-30 03:20:00,9.3985,10.738,KHT-XE5S_2025_0526_1101,0.0,0.5
KHT-XE5S,2025-08-30 03:30:00,9.3989,10.738,KHT-XE5S_2025_0526_1101,0.0,0.5
KHT-XE5S,2025-08-30 03:40:00,9.3989,10.739,KHT-XE5S_2025_0526_1101,0.00010000000000012221,0.5
KHT-XE5S,2025-08-30 03:50:00,9.3988,10.738,KHT-XE5S_2025_0526_1101,0.00010000000000012221,0.5
KHT-XE5S,2025-08-30 04:00:00,9.3981,10.74,KHT-XE5S_2025_0526_1101,0.0002000000000000668,0.5
KHT-XE5S,2025-08-30 04:10:00,9.3969,10.739,KHT-XE5S_2025_0526_1101,9.999999999994457e-05,0.5
KHT-XE5S,2025-08-30 04:20:00,9.3975,10.74,KHT-XE5S_2025_0526_1101,9.999999999994457e-05,0.5
KHT-XE5S,2025-08-30 04:30:00,9.3974,10.739,KHT-XE5S_2025_0526_1101,9.999999999994457e-05,0.5
KHT-XE5S,2025-08-30 04:40:00,9.3975,10.74,KHT-XE5S_2025_0526_1101,9.999999999994457e-05,0.5
KHT-XE5S,2025-08-30 04:50:00,9.3977,10.739,KHT-XE5S_2025_0526_1101,9.999999999994457e-05,0.5
KHT-XE5S,2025-08-30 05:00:00,9.3975,10.74,KHT-XE5S_2025_0526_1101,9.999999999994457e-05,0.5
KHT-XE5S,2025-08-30 05:10:00,9.3975,10.741,KHT-XE5S_2025_0526_1101,9.999999999994457e-05,0.5
KHT-XE5S,2025-08-30 05:20:00,9.3982,10.741,KHT-XE5S_2025_0526_1101,0.0,0.5
KHT-XE5S,2025-08-30 05:30:00,9.3986,10.739,KHT-XE5S_2025_0526_1101,0.00019999999999988915,0.5
KHT-XE5S,2025-08-30 05:40:00,9.3995,10.74,KHT-XE5S_2025_0526_1101,9.999999999994457e-05,0.5
KHT-XE5S,2025-08-30 05:50:00,9.3995,10.742,KHT-XE5S_2025_0526_1101,0.0002000000000000668,0.5
KHT-XE5S,2025-08-30 06:00:00,9.4001,10.742,KHT-XE5S_2025_0526_1101,0.0,0.5
KHT-XE5S,2025-08-30 06:10:00,9.4005,10.742,KHT-XE5S_2025_0526_1101,0.0,0.5
KHT-XE5S,2025-08-30 06:20:00,9.4011,10.741,KHT-XE5S_2025_0526_1101,0.00010000000000012221,0.5
KHT-XE5S,2025-08-30 06:30:00,9.4014,10.741,KHT-XE5S_2025_0526_1101,0.0,0.5
KHT-XE5S,2025-08-30 06:40:00,9.4013,10.741,KHT-XE5S_2025_0526_1101,0.0,0.5
KHT-XE5S,2025-08-30 06:50:00,9.4015,10.742,KHT-XE5S_2025_0526_1101,0.00010000000000012221,0.5
KHT-XE5S,2025-08-30 07:00:00,9.4024,10.742,KHT-XE5S_2025_0526_1101,0.0,0.5
KHT-XE5S,2025-08-30 07:10:00,9.4031,10.74,KHT-XE5S_2025_0526_1101,0.0002000000000000668,0.5
KHT-XE5S,2025-08-30 07:20:00,9.4033,10.741,KHT-XE5S_2025_0526_1101,9.999999999994457e-05,0.5
KHT-XE5S,2025-08-30 07:30:00,9.4032,10.742,KHT-XE5S_2025_0526_1101,0.00010000000000012221,0.5
KHT-XE5S,2025-08-30 07:40:00,9.4029,10.742,KHT-XE5S_2025_0526_1101,0.0,0.5
KHT-XE5S,2025-08-30 07:50:00,9.403,10.743,KHT-XE5S_2025_0526_1101,9.999999999994457e-05,0.5
KHT-XE5S,2025-08-30 08:00:00,9.403,10.741,KHT-XE5S_2025_0526_1101,0.0002000000000000668,0.5
KHT-XE5S,2025-08-30 08:10:00,9.4033,10.744,KHT-XE5S_2025_0526_1101,0.00030000000000001136,0.5
KHT-XE5S,2025-08-30 08:20:00,9.4036,10.743,KHT-XE5S_2025_0526_1101,9.999999999994457e-05,0.5
KHT-XE5S,2025-08-30 08:30:00,9.4031,10.742,KHT-XE5S_2025_0526_1101,9.999999999994457e-05,0.5
KHT-XE5S,2025-08-30 08:40:00,9.4037,10.742,KHT-XE5S_2025_0526_1101,0.0,0.5
KHT-XE5S,2025-08-30 08:50:00,9.4033,10.743,KHT-XE5S_2025_0526_1101,9.999999999994457e-05,0.5
KHT-XE5S,2025-08-30 09:00:00,9.4033,10.742,KHT-XE5S_2025_0526_1101,9.999999999994457e-05,0.5
KHT-XE5S,2025-08-30 09:10:00,9.4036,10.743,KHT-XE5S_2025_0526_1101,9.999999999994457e-05,0.5
KHT-XE5S,2025-08-30 09:20:00,9.4028,10.742,KHT-XE5S_2025_0526_1101,9.999999999994457e-05,0.5
KHT-XE5S,2025-08-30 09:30:00,9.4018,10.744,KHT-XE5S_2025_0526_1101,0.00019999999999988915,0.5
KHT-XE5S,2025-08-30 09:40:00,9.4005,10.746,KHT-XE5S_2025_0526_1101,0.0002000000000000668,0.5
KHT-XE5S,2025-08-30 09:50:00,9.3994,10.742,KHT-XE5S_2025_0526_1101,0.00039999999999995595,0.5
KHT-XE5S,2025-08-30 10:00:00,9.3979,10.745,KHT-XE5S_2025_0526_1101,0.0002999999999998337,0.5
KHT-XE5S,2025-08-30 10:10:00,9.3963,10.743,KHT-XE5S_2025_0526_1101,0.00019999999999988915,0.5
KHT-XE5S,2025-08-30 10:20:00,9.3946,10.744,KHT-XE5S_2025_0526_1101,9.999999999994457e-05,0.5
KHT-XE5S,2025-08-30 10:30:00,9.3934,10.744,KHT-XE5S_2025_0526_1101,0.0,0.5
KHT-XE5S,2025-08-30 10:40:00,9.392,10.746,KHT-XE5S_2025_0526_1101,0.0002000000000000668,0.5
KHT-XE5S,2025-08-30 10:50:00,9.3904,10.745,KHT-XE5S_2025_0526_1101,0.00010000000000012221,0.5
KHT-XE5S,2025-08-30 11:00:00,9.3882,10.747,KHT-XE5S_2025_0526_1101,0.0002000000000000668,0.5
KHT-XE5S,2025-08-30 11:10:00,9.3868,10.747,KHT-XE5S_2025_0526_1101,0.0,0.5
KHT-XE5S,2025-08-30 11:20:00,9.3851,10.747,KHT-XE5S_2025_0526_1101,0.0,0.5
KHT-XE5S,2025-08-30 11:30:00,9.3826,10.747,KHT-XE5S_2025_0526_1101,0.0,0.5
KHT-XE5S,2025-08-30 11:40:00,9.3802,10.746,KHT-XE5S_2025_0526_1101,9.999999999994457e-05,0.5
KHT-XE5S,2025-08-30 11:50:00,9.3778,10.747,KHT-XE5S_2025_0526_1101,9.999999999994457e-05,0.5
KHT-XE5S,2025-08-30 12:00:00,9.3756,10.747,KHT-XE5S_2025_0526_1101,0.0,0.5
KHT-XE5S,2025-08-30 12:10:00,9.3733,10.747,KHT-XE5S_2025_0526_1101,0.0,0.5
KHT-XE5S,2025-08-30 12:20:00,9.3718,10.748,KHT-XE5S_2025_0526_1101,9.999999999994457e-05,0.5
KHT-XE5S,2025-08-30 12:30:00,9.3713,10.749,KHT-XE5S_2025_0526_1101,0.00010000000000012221,0.5
KHT-XE5S,2025-08-30 12:40:00,9.3709,10.745,KHT-XE5S_2025_0526_1101,0.0004000000000001336,0.5
KHT-XE5S,2025-08-30 12:50:00,9.3684,10.749,KHT-XE5S_2025_0526_1101,0.0004000000000001336,0.5
KHT-XE5S,2025-08-30 13:00:00,9.3667,10.748,KHT-XE5S_2025_0526_1101,0.00010000000000012221,0.5
KHT-XE5S,2025-08-30 13:10:00,9.3654,10.749,KHT-XE5S_2025_0526_1101,0.00010000000000012221,0.5
KHT-XE5S,2025-08-30 13:20:00,9.3635,10.749,KHT-XE5S_2025_0526_1101,0.0,0.5
KHT-XE5S,2025-08-30 13:30:00,9.362,10.749,KHT-XE5S_2025_0526_1101,0.0,0.5
KHT-XE5S,2025-08-30 13:40:00,9.3609,10.75,KHT-XE5S_2025_0526_1101,9.999999999994457e-05,0.5
KHT-XE5S,2025-08-30 13:50:00,9.3595,10.75,KHT-XE5S_2025_0526_1101,0.0,0.5
KHT-XE5S,2025-08-30 14:00:00,9.3581,10.75,KHT-XE5S_2025_0526_1101,0.0,0.5
KHT-XE5S,2025-08-30 14:10:00,9.3573,10.748,KHT-XE5S_2025_0526_1101,0.0002000000000000668,0.5
KHT-XE5S,2025-08-30 14:20:00,9.3558,10.749,KHT-XE5S_2025_0526_1101,0.00010000000000012221,0.5
KHT-XE5S,2025-08-30 14:30:00,9.3537,10.75,KHT-XE5S_2025_0526_1101,9.999999999994457e-05,0.5
KHT-XE5S,2025-08-30 14:40:00,9.3517,10.75,KHT-XE5S_2025_0526_1101,0.0,0.5
KHT-XE5S,2025-08-30 14:50:00,9.3502,10.749,KHT-XE5S_2025_0526_1101,9.999999999994457e-05,0.5
KHT-XE5S,2025-08-30 15:00:00,9.3485,10.75,KHT-XE5S_2025_0526_1101,9.999999999994457e-05,0.5
KHT-XE5S,2025-08-30 15:10:00,9.3475,10.752,KHT-XE5S_2025_0526_1101,0.0002000000000000668,0.5
KHT-XE5S,2025-08-30 15:20:00,9.3465,10.751,KHT-XE5S_2025_0526_1101,0.00010000000000012221,0.5
KHT-XE5S,2025-08-30 15:30:00,9.3452,10.75,KHT-XE5S_2025_0526_1101,9.999999999994457e-05,0.5
KHT-XE5S,2025-08-30 15:40:00,9.3443,10.751,KHT-XE5S_2025_0526_1101,9.999999999994457e-05,0.5
KHT-XE5S,2025-08-30 15:50:00,9.3436,10.75,KHT-XE5S_2025_0526_1101,9.999999999994457e-05,0.5
KHT-XE5S,2025-08-30 16:00:00,9.3424,10.754,KHT-XE5S_2025_0526_1101,0.00039999999999995595,0.5
KHT-XE5S,2025-08-30 16:10:00,9.3401,10.751,KHT-XE5S_2025_0526_1101,0.00030000000000001136,0.5
KHT-XE5S,2025-08-30 16:20:00,9.3399,10.751,KHT-XE5S_2025_0526_1101,0.0,0.5
KHT-XE5S,2025-08-30 16:30:00,9.3396,10.75,KHT-XE5S_2025_0526_1101,9.999999999994457e-05,0.5
KHT-XE5S,2025-08-30 16:40:00,9.3386,10.752,KHT-XE5S_2025_0526_1101,0.0002000000000000668,0.5
KHT-XE5S,2025-08-30 16:50:00,9.3379,10.753,KHT-XE5S_2025_0526_1101,9.999999999994457e-05,0.5
KHT-XE5S,2025-08-30 17:00:00,9.3373,10.751,KHT-XE5S_2025_0526_1101,0.0002000000000000668,0.5
KHT-XE5S,2025-08-30 17:10:00,9.3362,10.752,KHT-XE5S_2025_0526_1101,0.00010000000000012221,0.5
KHT-XE5S,2025-08-30 17:20:00,9.3363,10.754,KHT-XE5S_2025_0526_1101,0.00019999999999988915,0.5
KHT-XE5S,2025-08-30 17:30:00,9.3361,10.754,KHT-XE5S_2025_0526_1101,0.0,0.5
KHT-XE5S,2025-08-30 17:40:00,9.3365,10.754,KHT-XE5S_2025_0526_1101,0.0,0.5
KHT-XE5S,2025-08-30 17:50:00,9.3366,10.752,KHT-XE5S_2025_0526_1101,0.00019999999999988915,0.5
KHT-XE5S,2025-08-30 18:00:00,9.3362,10.754,KHT-XE5S_2025_0526_1101,0.00019999999999988915,0.5
KHT-XE5S,2025-08-30 18:10:00,9.3365,10.754,KHT-XE5S_2025_0526_1101,0.0,0.5
KHT-XE5S,2025-08-30 18:20:00,9.3375,10.754,KHT-XE5S_2025_0526_1101,0.0,0.5
KHT-XE5S,2025-08-30 18:30:00,9.3382,10.753,KHT-XE5S_2025_0526_1101,9.999999999994457e-05,0.5
KHT-XE5S,2025-08-30 18:40:00,9.34,10.752,KHT-XE5S_2025_0526_1101,9.999999999994457e-05,0.5
KHT-XE5S,2025-08-30 18:50:00,9.3412,10.752,KHT-XE5S_2025_0526_1101,0.0,0.5
KHT-XE5S,2025-08-30 19:00:00,9.3434,10.752,KHT-XE5S_2025_0526_1101,0.0,0.5
KHT-XE5S,2025-08-30 19:10:00,9.345,10.752,KHT-XE5S_2025_0526_1101,0.0,0.5
KHT-XE5S,2025-08-30 19:20:00,9.347,10.753,KHT-XE5S_2025_0526_1101,9.999999999994457e-05,0.5
KHT-XE5S,2025-08-30 19:30:00,9.3484,10.752,KHT-XE5S_2025_0526_1101,9.999999999994457e-05,0.5
KHT-XE5S,2025-08-30 19:40:00,9.3503,10.753,KHT-XE5S_2025_0526_1101,9.999999999994457e-05,0.5
KHT-XE5S,2025-08-30 19:50:00,9.352,10.753,KHT-XE5S_2025_0526_1101,0.0,0.5
KHT-XE5S,2025-08-30 20:00:00,9.354,10.753,KHT-XE5S_2025_0526_1101,0.0,0.5
KHT-XE5S,2025-08-30 20:10:00,9.3566,10.754,KHT-XE5S_2025_0526_1101,9.999999999994457e-05,0.5
KHT-XE5S,2025-08-30 20:20:00,9.3581,10.751,KHT-XE5S_2025_0526_1101,0.00030000000000001136,0.5
KHT-XE5S,2025-08-30 20:30:00,9.3595,10.752,KHT-XE5S_2025_0526_1101,0.00010000000000012221,0.5
KHT-XE5S,2025-08-30 20:40:00,9.361,10.754,KHT-XE5S_2025_0526_1101,0.00019999999999988915,0.5
KHT-XE5S,2025-08-30 20:50:00,9.3623,10.754,KHT-XE5S_2025_0526_1101,0.0,0.5
KHT-XE5S,2025-08-30 21:00:00,9.3635,10.752,KHT-XE5S_2025_0526_1101,0.00019999999999988915,0.5
KHT-XE5S,2025-08-30 21:10:00,9.3646,10.754,KHT-XE5S_2025_0526_1101,0.00019999999999988915,0.5
KHT-XE5S,2025-08-30 21:20:00,9.3666,10.754,KHT-XE5S_2025_0526_1101,0.0,0.5
KHT-XE5S,2025-08-30 21:30:00,9.3684,10.754,KHT-XE5S_2025_0526_1101,0.0,0.5
KHT-XE5S,2025-08-30 21:40:00,9.3692,10.754,KHT-XE5S_2025_0526_1101,0.0,0.5
KHT-XE5S,2025-08-30 21:50:00,9.37,10.755,KHT-XE5S_2025_0526_1101,0.00010000000000012221,0.5
KHT-XE5S,2025-08-30 22:00:00,9.3706,10.754,KHT-XE5S_2025_0526_1101,0.00010000000000012221,0.5
KHT-XE5S,2025-08-30 22:10:00,9.3714,10.755,KHT-XE5S_2025_0526_1101,0.00010000000000012221,0.5
KHT-XE5S,2025-08-30 22:20:00,9.3725,10.753,KHT-XE5S_2025_0526_1101,0.0002000000000000668,0.5
KHT-XE5S,2025-08-30 22:30:00,9.3729,10.755,KHT-XE5S_2025_0526_1101,0.0002000000000000668,0.5
KHT-XE5S,2025-08-30 22:40:00,9.3735,10.755,KHT-XE5S_2025_0526_1101,0.0,0.5
KHT-XE5S,2025-08-30 22:50:00,9.3742,10.755,KHT-XE5S_2025_0526_1101,0.0,0.5
KHT-XE5S,2025-08-30 23:00:00,9.3748,10.754,KHT-XE5S_2025_0526_1101,0.00010000000000012221,0.5
KHT-XE5S,2025-08-30 23:10:00,9.3747,10.755,KHT-XE5S_2025_0526_1101,0.00010000000000012221,0.5
KHT-XE5S,2025-08-30 23:20:00,9.3755,10.755,KHT-XE5S_2025_0526_1101,0.0,0.5
KHT-XE5S,2025-08-30 23:30:00,9.3755,10.754,KHT-XE5S_2025_0526_1101,0.00010000000000012221,0.5
KHT-XE5S,2025-08-30 23:40:00,9.3757,10.757,KHT-XE5S_2025_0526_1101,0.00030000000000001136,0.5
KHT-XE5S,2025-08-30 23:50:00,9.3766,10.755,KHT-XE5S_2025_0526_1101,0.00019999999999988915,0.5
KHT-XE5S,2025-08-31 00:00:00,9.3769,10.755,KHT-XE5S_2025_0526_1101,0.0,0.5
KHT-XE5S,2025-08-31 00:10:00,9.3776,10.758,KHT-XE5S_2025_0526_1101,0.0002999999999998337,0.5
KHT-XE5S,2025-08-31 00:20:00,9.3781,10.756,KHT-XE5S_2025_0526_1101,0.00019999999999988915,0.5
KHT-XE5S,2025-08-31 00:30:00,9.3786,10.757,KHT-XE5S_2025_0526_1101,9.999999999994457e-05,0.5
KHT-XE5S,2025-08-31 00:40:00,9.3791,10.756,KHT-XE5S_2025_0526_1101,9.999999999994457e-05,0.5
KHT-XE5S,2025-08-31 00:50:00,9.3795,10.755,KHT-XE5S_2025_0526_1101,9.999999999994457e-05,0.5
KHT-XE5S,2025-08-31 01:00:00,9.3795,10.756,KHT-XE5S_2025_0526_1101,9.999999999994457e-05,0.5
KHT-XE5S,2025-08-31 01:10:00,9.3797,10.757,KHT-XE5S_2025_0526_1101,9.999999999994457e-05,0.5
KHT-XE5S,2025-08-31 01:20:00,9.3799,10.756,KHT-XE5S_2025_0526_1101,9.999999999994457e-05,0.5
KHT-XE5S,2025-08-31 01:30:00,9.3796,10.756,KHT-XE5S_2025_0526_1101,0.0,0.5
KHT-XE5S,2025-08-31 01:40:00,9.3788,10.757,KHT-XE5S_2025_0526_1101,9.999999999994457e-05,0.5
KHT-XE5S,2025-08-31 01:50:00,9.3787,10.757,KHT-XE5S_2025_0526_1101,0.0,0.5
KHT-XE5S,2025-08-31 02:00:00,9.3795,10.758,KHT-XE5S_2025_0526_1101,9.999999999994457e-05,0.5
KHT-XE5S,2025-08-31 02:10:00,9.3797,10.757,KHT-XE5S_2025_0526_1101,9.999999999994457e-05,0.5
KHT-XE5S,2025-08-31 02:20:00,9.3796,10.758,KHT-XE5S_2025_0526_1101,9.999999999994457e-05,0.5
KHT-XE5S,2025-08-31 02:30:00,9.3798,10.757,KHT-XE5S_2025_0526_1101,9.999999999994457e-05,0.5
KHT-XE5S,2025-08-31 02:40:00,9.38,10.758,KHT-XE5S_2025_0526_1101,9.999999999994457e-05,0.5
KHT-XE5S,2025-08-31 02:50:00,9.3804,10.757,KHT-XE5S_2025_0526_1101,9.999999999994457e-05,0.5
KHT-XE5S,2025-08-31 03:00:00,9.3804,10.759,KHT-XE5S_2025_0526_1101,0.0002000000000000668,0.5
KHT-XE5S,2025-08-31 03:10:00,9.3805,10.757,KHT-XE5S_2025_0526_1101,0.0002000000000000668,0.5
KHT-XE5S,2025-08-31 03:20:00,9.3814,10.758,KHT-XE5S_2025_0526_1101,9.999999999994457e-05,0.5
KHT-XE5S,2025-08-31 03:30:00,9.3818,10.758,KHT-XE5S_2025_0526_1101,0.0,0.5
KHT-XE5S,2025-08-31 03:40:00,9.3816,10.758,KHT-XE5S_2025_0526_1101,0.0,0.5
KHT-XE5S,2025-08-31 03:50:00,9.3813,10.758,KHT-XE5S_2025_0526_1101,0.0,0.5
KHT-XE5S,2025-08-31 04:00:00,9.3822,10.758,KHT-XE5S_2025_0526_1101,0.0,0.5
KHT-XE5S,2025-08-31 04:10:00,9.3825,10.759,KHT-XE5S_2025_0526_1101,0.00010000000000012221,0.5
KHT-XE5S,2025-08-31 04:20:00,9.3824,10.759,KHT-XE5S_2025_0526_1101,0.0,0.5
KHT-XE5S,2025-08-31 04:30:00,9.3828,10.762,KHT-XE5S_2025_0526_1101,0.00030000000000001136,0.5
KHT-XE5S,2025-08-31 04:40:00,9.3833,10.759,KHT-XE5S_2025_0526_1101,0.00030000000000001136,0.5
KHT-XE5S,2025-08-31 04:50:00,9.3833,10.757,KHT-XE5S_2025_0526_1101,0.0002000000000000668,0.5
KHT-XE5S,2025-08-31 05:00:00,9.3841,10.758,KHT-XE5S_2025_0526_1101,9.999999999994457e-05,0.5
KHT-XE5S,2025-08-31 05:10:00,9.3847,10.76,KHT-XE5S_2025_0526_1101,0.0002000000000000668,0.5
KHT-XE5S,2025-08-31 05:20:00,9.3845,10.76,KHT-XE5S_2025_0526_1101,0.0,0.5
KHT-XE5S,2025-08-31 05:30:00,9.385,10.759,KHT-XE5S_2025_0526_1101,9.999999999994457e-05,0.5
KHT-XE5S,2025-08-31 05:40:00,9.385,10.758,KHT-XE5S_2025_0526_1101,0.00010000000000012221,0.5
KHT-XE5S,2025-08-31 05:50:00,9.3855,10.76,KHT-XE5S_2025_0526_1101,0.0002000000000000668,0.5
KHT-XE5S,2025-08-31 06:00:00,9.3861,10.76,KHT-XE5S_2025_0526_1101,0.0,0.5
KHT-XE5S,2025-08-31 06:10:00,9.3865,10.76,KHT-XE5S_2025_0526_1101,0.0,0.5
KHT-XE5S,2025-08-31 06:20:00,9.3873,10.76,KHT-XE5S_2025_0526_1101,0.0,0.5
KHT-XE5S,2025-08-31 06:30:00,9.3882,10.76,KHT-XE5S_2025_0526_1101,0.0,0.5
KHT-XE5S,2025-08-31 06:40:00,9.3887,10.759,KHT-XE5S_2025_0526_1101,9.999999999994457e-05,0.5
KHT-XE5S,2025-08-31 06:50:00,9.3894,10.761,KHT-XE5S_2025_0526_1101,0.00019999999999988915,0.5
KHT-XE5S,2025-08-31 07:00:00,9.3901,10.763,KHT-XE5S_2025_0526_1101,0.0002000000000000668,0.5
KHT-XE5S,2025-08-31 07:10:00,9.3905,10.761,KHT-XE5S_2025_0526_1101,0.0002000000000000668,0.5
KHT-XE5S,2025-08-31 07:20:00,9.3904,10.758,KHT-XE5S_2025_0526_1101,0.00030000000000001136,0.5
KHT-XE5S,2025-08-31 07:30:00,9.3905,10.76,KHT-XE5S_2025_0526_1101,0.0002000000000000668,0.5
KHT-XE5S,2025-08-31 07:40:00,9.3905,10.76,KHT-XE5S_2025_0526_1101,0.0,0.5
KHT-XE5S,2025-08-31 07:50:00,9.3916,10.763,KHT-XE5S_2025_0526_1101,0.00030000000000001136,0.5
KHT-XE5S,2025-08-31 08:00:00,9.3915,10.763,KHT-XE5S_2025_0526_1101,0.0,0.5
KHT-XE5S,2025-08-31 08:10:00,9.3914,10.761,KHT-XE5S_2025_0526_1101,0.0002000000000000668,0.5
KHT-XE5S,2025-08-31 08:20:00,9.3913,10.761,KHT-XE5S_2025_0526_1101,0.0,0.5
KHT-XE5S,2025-08-31 08:30:00,9.3918,10.764,KHT-XE5S_2025_0526_1101,0.00030000000000001136,0.5
KHT-XE5S,2025-08-31 08:40:00,9.3919,10.761,KHT-XE5S_2025_0526_1101,0.00030000000000001136,0.5
KHT-XE5S,2025-08-31 08:50:00,9.3913,10.764,KHT-XE5S_2025_0526_1101,0.00030000000000001136,0.5
KHT-XE5S,2025-08-31 09:00:00,9.3911,10.762,KHT-XE5S_2025_0526_1101,0.00019999999999988915,0.5
KHT-XE5S,2025-08-31 09:10:00,9.3908,10.762,KHT-XE5S_2025_0526_1101,0.0,0.5
KHT-XE5S,2025-08-31 09:20:00,9.3894,10.763,KHT-XE5S_2025_0526_1101,9.999999999994457e-05,0.5
KHT-XE5S,2025-08-31 09:30:00,9.3886,10.762,KHT-XE5S_2025_0526_1101,9.999999999994457e-05,0.5
KHT-XE5S,2025-08-31 09:40:00,9.388,10.765,KHT-XE5S_2025_0526_1101,0.00030000000000001136,0.5
KHT-XE5S,2025-08-31 09:50:00,9.3865,10.763,KHT-XE5S_2025_0526_1101,0.0002000000000000668,0.5
KHT-XE5S,2025-08-31 10:00:00,9.3853,10.764,KHT-XE5S_2025_0526_1101,9.999999999994457e-05,0.5
KHT-XE5S,2025-08-31 10:10:00,9.3839,10.766,KHT-XE5S_2025_0526_1101,0.0002000000000000668,0.5
KHT-XE5S,2025-08-31 10:20:00,9.3829,10.764,KHT-XE5S_2025_0526_1101,0.0002000000000000668,0.5
KHT-XE5S,2025-08-31 10:30:00,9.3812,10.767,KHT-XE5S_2025_0526_1101,0.00030000000000001136,0.5
KHT-XE5S,2025-08-31 10:40:00,9.379,10.766,KHT-XE5S_2025_0526_1101,9.999999999994457e-05,0.5
KHT-XE5S,2025-08-31 10:50:00,9.3778,10.765,KHT-XE5S_2025_0526_1101,9.999999999994457e-05,0.5
KHT-XE5S,2025-08-31 11:00:00,9.3766,10.765,KHT-XE5S_2025_0526_1101,0.0,0.5
KHT-XE5S,2025-08-31 11:10:00,9.375,10.764,KHT-XE5S_2025_0526_1101,0.00010000000000012221,0.5
KHT-XE5S,2025-08-31 11:20:00,9.373,10.765,KHT-XE5S_2025_0526_1101,0.00010000000000012221,0.5
KHT-XE5S,2025-08-31 11:30:00,9.3718,10.765,KHT-XE5S_2025_0526_1101,0.0,0.5
KHT-XE5S,2025-08-31 11:40:00,9.3698,10.767,KHT-XE5S_2025_0526_1101,0.00019999999999988915,0.5
KHT-XE5S,2025-08-31 11:50:00,9.3673,10.766,KHT-XE5S_2025_0526_1101,9.999999999994457e-05,0.5
KHT-XE5S,2025-08-31 12:00:00,9.3664,10.768,KHT-XE5S_2025_0526_1101,0.0002000000000000668,0.5
KHT-XE5S,2025-08-31 12:10:00,9.3649,10.767,KHT-XE5S_2025_0526_1101,0.00010000000000012221,0.5
KHT-XE5S,2025-08-31 12:20:00,9.3623,10.766,KHT-XE5S_2025_0526_1101,9.999999999994457e-05,0.5
KHT-XE5S,2025-08-31 12:30:00,9.3615,10.767,KHT-XE5S_2025_0526_1101,9.999999999994457e-05,0.5
KHT-XE5S,2025-08-31 12:40:00,9.3594,10.766,KHT-XE5S_2025_0526_1101,9.999999999994457e-05,0.5
KHT-XE5S,2025-08-31 12:50:00,9.3574,10.767,KHT-XE5S_2025_0526_1101,9.999999999994457e-05,0.5
KHT-XE5S,2025-08-31 13:00:00,9.3561,10.768,KHT-XE5S_2025_0526_1101,0.00010000000000012221,0.5
KHT-XE5S,2025-08-31 13:10:00,9.3558,10.768,KHT-XE5S_2025_0526_1101,0.0,0.5
KHT-XE5S,2025-08-31 13:20:00,9.3532,10.768,KHT-XE5S_2025_0526_1101,0.0,0.5
KHT-XE5S,2025-08-31 13:30:00,9.3506,10.769,KHT-XE5S_2025_0526_1101,9.999999999994457e-05,0.5
KHT-XE5S,2025-08-31 13:40:00,9.3501,10.77,KHT-XE5S_2025_0526_1101,9.999999999994457e-05,0.5
KHT-XE5S,2025-08-31 13:50:00,9.3483,10.769,KHT-XE5S_2025_0526_1101,9.999999999994457e-05,0.5
KHT-XE5S,2025-08-31 14:00:00,9.3478,10.772,KHT-XE5S_2025_0526_1101,0.00030000000000001136,0.5
KHT-XE5S,2025-08-31 14:10:00,9.3459,10.768,KHT-XE5S_2025_0526_1101,0.00039999999999995595,0.5
KHT-XE5S,2025-08-31 14:20:00,9.345,10.768,KHT-XE5S_2025_0526_1101,0.0,0.5
KHT-XE5S,2025-08-31 14:30:00,9.3437,10.77,KHT-XE5S_2025_0526_1101,0.00019999999999988915,0.5
KHT-XE5S,2025-08-31 14:40:00,9.341,10.769,KHT-XE5S_2025_0526_1101,9.999999999994457e-05,0.5
KHT-XE5S,2025-08-31 14:50:00,9.3386,10.768,KHT-XE5S_2025_0526_1101,9.999999999994457e-05,0.5
KHT-XE5S,2025-08-31 15:00:00,9.3388,10.768,KHT-XE5S_2025_0526_1101,0.0,0.5
KHT-XE5S,2025-08-31 15:10:00,9.3373,10.769,KHT-XE5S_2025_0526_1101,9.999999999994457e-05,0.5
KHT-XE5S,2025-08-31 15:20:00,9.3351,10.769,KHT-XE5S_2025_0526_1101,0.0,0.5
KHT-XE5S,2025-08-31 15:30:00,9.335,10.77,KHT-XE5S_2025_0526_1101,9.999999999994457e-05,0.5
KHT-XE5S,2025-08-31 15:40:00,9.3335,10.77,KHT-XE5S_2025_0526_1101,0.0,0.5
KHT-XE5S,2025-08-31 15:50:00,9.3329,10.77,KHT-XE5S_2025_0526_1101,0.0,0.5
KHT-XE5S,2025-08-31 16:00:00,9.3321,10.77,KHT-XE5S_2025_0526_1101,0.0,0.5
KHT-XE5S,2025-08-31 16:10:00,9.3302,10.772,KHT-XE5S_2025_0526_1101,0.0002000000000000668,0.5
KHT-XE5S,2025-08-31 16:20:00,9.33,10.771,KHT-XE5S_2025_0526_1101,9.999999999994457e-05,0.5
KHT-XE5S,2025-08-31 16:30:00,9.3294,10.77,KHT-XE5S_2025_0526_1101,0.00010000000000012221,0.5
KHT-XE5S,2025-08-31 16:40:00,9.3303,10.771,KHT-XE5S_2025_0526_1101,0.00010000000000012221,0.5
KHT-XE5S,2025-08-31 16:50:00,9.329,10.77,KHT-XE5S_2025_0526_1101,0.00010000000000012221,0.5
KHT-XE5S,2025-08-31 17:00:00,9.3294,10.772,KHT-XE5S_2025_0526_1101,0.0002000000000000668,0.5
KHT-XE5S,2025-08-31 17:10:00,9.3283,10.77,KHT-XE5S_2025_0526_1101,0.0002000000000000668,0.5
KHT-XE5S,2025-08-31 17:20:00,9.3288,10.771,KHT-XE5S_2025_0526_1101,0.00010000000000012221,0.5
KHT-XE5S,2025-08-31 17:30:00,9.3294,10.769,KHT-XE5S_2025_0526_1101,0.0002000000000000668,0.5
KHT-XE5S,2025-08-31 17:40:00,9.3291,10.772,KHT-XE5S_2025_0526_1101,0.00030000000000001136,0.5
KHT-XE5S,2025-08-31 17:50:00,9.3296,10.772,KHT-XE5S_2025_0526_1101,0.0,0.5
KHT-XE5S,2025-08-31 18:00:00,9.3303,10.772,KHT-XE5S_2025_0526_1101,0.0,0.5
KHT-XE5S,2025-08-31 18:10:00,9.3313,10.77,KHT-XE5S_2025_0526_1101,0.0002000000000000668,0.5
KHT-XE5S,2025-08-31 18:20:00,9.3334,10.77,KHT-XE5S_2025_0526_1101,0.0,0.5
KHT-XE5S,2025-08-31 18:30:00,9.334,10.77,KHT-XE5S_2025_0526_1101,0.0,0.5
KHT-XE5S,2025-08-31 18:40:00,9.3349,10.772,KHT-XE5S_2025_0526_1101,0.0002000000000000668,0.5
KHT-XE5S,2025-08-31 18:50:00,9.3361,10.772,KHT-XE5S_2025_0526_1101,0.0,0.5
KHT-XE5S,2025-08-31 19:00:00,9.3381,10.771,KHT-XE5S_2025_0526_1101,9.999999999994457e-05,0.5
KHT-XE5S,2025-08-31 19:10:00,9.3398,10.772,KHT-XE5S_2025_0526_1101,9.999999999994457e-05,0.5
KHT-XE5S,2025-08-31 19:20:00,9.3412,10.771,KHT-XE5S_2025_0526_1101,9.999999999994457e-05,0.5
KHT-XE5S,2025-08-31 19:30:00,9.3433,10.771,KHT-XE5S_2025_0526_1101,0.0,0.5
KHT-XE5S,2025-08-31 19:40:00,9.3451,10.771,KHT-XE5S_2025_0526_1101,0.0,0.5
KHT-XE5S,2025-08-31 19:50:00,9.3461,10.77,KHT-XE5S_2025_0526_1101,0.00010000000000012221,0.5
KHT-XE5S,2025-08-31 20:00:00,9.3479,10.771,KHT-XE5S_2025_0526_1101,0.00010000000000012221,0.5
KHT-XE5S,2025-08-31 20:10:00,9.3502,10.772,KHT-XE5S_2025_0526_1101,9.999999999994457e-05,0.5
KHT-XE5S,2025-08-31 20:20:00,9.3515,10.772,KHT-XE5S_2025_0526_1101,0.0,0.5
KHT-XE5S,2025-08-31 20:30:00,9.3531,10.771,KHT-XE5S_2025_0526_1101,9.999999999994457e-05,0.5
KHT-XE5S,2025-08-31 20:40:00,9.3553,10.772,KHT-XE5S_2025_0526_1101,9.999999999994457e-05,0.5
KHT-XE5S,2025-08-31 20:50:00,9.357,10.773,KHT-XE5S_2025_0526_1101,9.999999999994457e-05,0.5
KHT-XE5S,2025-08-31 21:00:00,9.3583,10.773,KHT-XE5S_2025_0526_1101,0.0,0.5
KHT-XE5S,2025-08-31 21:10:00,9.36,10.773,KHT-XE5S_2025_0526_1101,0.0,0.5
KHT-XE5S,2025-08-31 21:20:00,9.361,10.772,KHT-XE5S_2025_0526_1101,9.999999999994457e-05,0.5
KHT-XE5S,2025-08-31 21:30:00,9.3621,10.774,KHT-XE5S_2025_0526_1101,0.00019999999999988915,0.5
KHT-XE5S,2025-08-31 21:40:00,9.3627,10.772,KHT-XE5S_2025_0526_1101,0.00019999999999988915,0.5
KHT-XE5S,2025-08-31 21:50:00,9.364,10.775,KHT-XE5S_2025_0526_1101,0.00030000000000001136,0.5
KHT-XE5S,2025-08-31 22:00:00,9.3655,10.773,KHT-XE5S_2025_0526_1101,0.0002000000000000668,0.5
KHT-XE5S,2025-08-31 22:10:00,9.3658,10.773,KHT-XE5S_2025_0526_1101,0.0,0.5
KHT-XE5S,2025-08-31 22:20:00,9.3664,10.775,KHT-XE5S_2025_0526_1101,0.0002000000000000668,0.5
KHT-XE5S,2025-08-31 22:30:00,9.3667,10.773,KHT-XE5S_2025_0526_1101,0.0002000000000000668,0.5
KHT-XE5S,2025-08-31 22:40:00,9.3669,10.773,KHT-XE5S_2025_0526_1101,0.0,0.5
KHT-XE5S,2025-08-31 22:50:00,9.3669,10.773,KHT-XE5S_2025_0526_1101,0.0,0.5
KHT-XE5S,2025-08-31 23:00:00,9.3685,10.773,KHT-XE5S_2025_0526_1101,0.0,0.5
KHT-XE5S,2025-08-31 23:10:00,9.3696,10.775,KHT-XE5S_2025_0526_1101,0.0002000000000000668,0.5
KHT-XE5S,2025-08-31 23:20:00,9.3695,10.776,KHT-XE5S_2025_0526_1101,9.999999999994457e-05,0.5
KHT-XE5S,2025-08-31 23:30:00,9.3704,10.775,KHT-XE5S_2025_0526_1101,9.999999999994457e-05,0.5
KHT-XE5S,2025-08-31 23:40:00,9.3709,10.776,KHT-XE5S_2025_0526_1101,9.999999999994457e-05,0.5
KHT-XE5S,2025-08-31 23:50:00,9.3712,10.775,KHT-XE5S_2025_0526_1101,9.999999999994457e-05,0.5
KHT-XE5S,2025-09-01 00:00:00,9.3718,10.774,KHT-XE5S_2025_0526_1101,0.00010000000000012221,0.5
KHT-XE5S,2025-09-01 00:10:00,9.3726,10.774,KHT-XE5S_2025_0526_1101,0.0,0.5
KHT-XE5S,2025-09-01 00:20:00,9.3726,10.776,KHT-XE5S_2025_0526_1101,0.0002000000000000668,0.5
KHT-XE5S,2025-09-01 00:30:00,9.3737,10.776,KHT-XE5S_2025_0526_1101,0.0,0.5
KHT-XE5S,2025-09-01 00:40:00,9.3742,10.778,KHT-XE5S_2025_0526_1101,0.0002000000000000668,0.5
KHT-XE5S,2025-09-01 00:50:00,9.3744,10.776,KHT-XE5S_2025_0526_1101,0.0002000000000000668,0.5
KHT-XE5S,2025-09-01 01:00:00,9.3748,10.775,KHT-XE5S_2025_0526_1101,9.999999999994457e-05,0.5
KHT-XE5S,2025-09-01 01:10:00,9.3752,10.777,KHT-XE5S_2025_0526_1101,0.00019999999999988915,0.5
KHT-XE5S,2025-09-01 01:20:00,9.3755,10.776,KHT-XE5S_2025_0526_1101,9.999999999994457e-05,0.5
KHT-XE5S,2025-09-01 01:30:00,9.3758,10.776,KHT-XE5S_2025_0526_1101,0.0,0.5
KHT-XE5S,2025-09-01 01:40:00,9.3759,10.777,KHT-XE5S_2025_0526_1101,9.999999999994457e-05,0.5
KHT-XE5S,2025-09-01 01:50:00,9.3764,10.777,KHT-XE5S_2025_0526_1101,0.0,0.5
KHT-XE5S,2025-09-01 02:00:00,9.3766,10.777,KHT-XE5S_2025_0526_1101,0.0,0.5
KHT-XE5S,2025-09-01 02:10:00,9.3772,10.778,KHT-XE5S_2025_0526_1101,0.00010000000000012221,0.5
KHT-XE5S,2025-09-01 02:20:00,9.3776,10.775,KHT-XE5S_2025_0526_1101,0.00030000000000001136,0.5
KHT-XE5S,2025-09-01 02:30:00,9.378,10.776,KHT-XE5S_2025_0526_1101,9.999999999994457e-05,0.5
KHT-XE5S,2025-09-01 02:40:00,9.3784,10.778,KHT-XE5S_2025_0526_1101,0.0002000000000000668,0.5
KHT-XE5S,2025-09-01 02:50:00,9.3787,10.776,KHT-XE5S_2025_0526_1101,0.0002000000000000668,0.5
KHT-XE5S,2025-09-01 03:00:00,9.3789,10.777,KHT-XE5S_2025_0526_1101,9.999999999994457e-05,0.5
KHT-XE5S,2025-09-01 03:10:00,9.3793,10.779,KHT-XE5S_2025_0526_1101,0.0002000000000000668,0.5
KHT-XE5S,2025-09-01 03:20:00,9.3796,10.779,KHT-XE5S_2025_0526_1101,0.0,0.5
KHT-XE5S,2025-09-01 03:30:00,9.3801,10.777,KHT-XE5S_2025_0526_1101,0.0002000000000000668,0.5
KHT-XE5S,2025-09-01 03:40:00,9.381,10.778,KHT-XE5S_2025_0526_1101,0.00010000000000012221,0.5
KHT-XE5S,2025-09-01 03:50:00,9.3814,10.777,KHT-XE5S_2025_0526_1101,0.00010000000000012221,0.5
KHT-XE5S,2025-09-01 04:00:00,9.3817,10.777,KHT-XE5S_2025_0526_1101,0.0,0.5
KHT-XE5S,2025-09-01 04:10:00,9.3822,10.779,KHT-XE5S_2025_0526_1101,0.0002000000000000668,0.5
KHT-XE5S,2025-09-01 04:20:00,9.3824,10.777,KHT-XE5S_2025_0526_1101,0.0002000000000000668,0.5
KHT-XE5S,2025-09-01 04:30:00,9.3831,10.777,KHT-XE5S_2025_0526_1101,0.0,0.5
KHT-XE5S,2025-09-01 04:40:00,9.3837,10.778,KHT-XE5S_2025_0526_1101,0.00010000000000012221,0.5
KHT-XE5S,2025-09-01 04:50:00,9.3841,10.779,KHT-XE5S_2025_0526_1101,9.999999999994457e-05,0.5
KHT-XE5S,2025-09-01 05:00:00,9.3853,10.778,KHT-XE5S_2025_0526_1101,9.999999999994457e-05,0.5
KHT-XE5S,2025-09-01 05:10:00,9.3854,10.78,KHT-XE5S_2025_0526_1101,0.00019999999999988915,0.5
KHT-XE5S,2025-09-01 05:20:00,9.3856,10.779,KHT-XE5S_2025_0526_1101,9.999999999994457e-05,0.5
KHT-XE5S,2025-09-01 05:30:00,9.3862,10.778,KHT-XE5S_2025_0526_1101,9.999999999994457e-05,0.5
KHT-XE5S,2025-09-01 05:40:00,9.3863,10.779,KHT-XE5S_2025_0526_1101,9.999999999994457e-05,0.5
KHT-XE5S,2025-09-01 05:50:00,9.3868,10.781,KHT-XE5S_2025_0526_1101,0.0002000000000000668,0.5
KHT-XE5S,2025-09-01 06:00:00,9.3871,10.779,KHT-XE5S_2025_0526_1101,0.0002000000000000668,0.5
KHT-XE5S,2025-09-01 06:10:00,9.3883,10.779,KHT-XE5S_2025_0526_1101,0.0,0.5
KHT-XE5S,2025-09-01 06:20:00,9.3894,10.779,KHT-XE5S_2025_0526_1101,0.0,0.5
KHT-XE5S,2025-09-01 06:30:00,9.3902,10.778,KHT-XE5S_2025_0526_1101,9.999999999994457e-05,0.5
KHT-XE5S,2025-09-01 06:40:00,9.3908,10.777,KHT-XE5S_2025_0526_1101,0.00010000000000012221,0.5
KHT-XE5S,2025-09-01 06:50:00,9.3914,10.781,KHT-XE5S_2025_0526_1101,0.0004000000000001336,0.5
KHT-XE5S,2025-09-01 07:00:00,9.3921,10.78,KHT-XE5S_2025_0526_1101,0.00010000000000012221,0.5
KHT-XE5S,2025-09-01 07:10:00,9.3927,10.781,KHT-XE5S_2025_0526_1101,0.00010000000000012221,0.5
KHT-XE5S,2025-09-01 07:20:00,9.3926,10.782,KHT-XE5S_2025_0526_1101,9.999999999994457e-05,0.5
KHT-XE5S,2025-09-01 07:30:00,9.3928,10.782,KHT-XE5S_2025_0526_1101,0.0,0.5
KHT-XE5S,2025-09-01 07:40:00,9.3933,10.782,KHT-XE5S_2025_0526_1101,0.0,0.5
KHT-XE5S,2025-09-01 07:50:00,9.3938,10.779,KHT-XE5S_2025_0526_1101,0.00030000000000001136,0.5
KHT-XE5S,2025-09-01 08:00:00,9.3939,10.781,KHT-XE5S_2025_0526_1101,0.0002000000000000668,0.5
KHT-XE5S,2025-09-01 08:10:00,9.3939,10.782,KHT-XE5S_2025_0526_1101,9.999999999994457e-05,0.5
KHT-XE5S,2025-09-01 08:20:00,9.3936,10.781,KHT-XE5S_2025_0526_1101,9.999999999994457e-05,0.5
KHT-XE5S,2025-09-01 08:30:00,9.3934,10.78,KHT-XE5S_2025_0526_1101,0.00010000000000012221,0.5
KHT-XE5S,2025-09-01 08:40:00,9.3927,10.782,KHT-XE5S_2025_0526_1101,0.0002000000000000668,0.5
KHT-XE5S,2025-09-01 08:50:00,9.3926,10.783,KHT-XE5S_2025_0526_1101,9.999999999994457e-05,0.5
KHT-XE5S,2025-09-01 09:00:00,9.3921,10.781,KHT-XE5S_2025_0526_1101,0.00019999999999988915,0.5
KHT-XE5S,2025-09-01 09:10:00,9.3915,10.782,KHT-XE5S_2025_0526_1101,9.999999999994457e-05,0.5
KHT-XE5S,2025-09-01 09:20:00,9.3904,10.783,KHT-XE5S_2025_0526_1101,9.999999999994457e-05,0.5
KHT-XE5S,2025-09-01 09:30:00,9.3889,10.784,KHT-XE5S_2025_0526_1101,0.00010000000000012221,0.5
KHT-XE5S,2025-09-01 09:40:00,9.3886,10.782,KHT-XE5S_2025_0526_1101,0.0002000000000000668,0.5
KHT-XE5S,2025-09-01 09:50:00,9.3877,10.783,KHT-XE5S_2025_0526_1101,9.999999999994457e-05,0.5
KHT-XE5S,2025-09-01 10:00:00,9.3865,10.785,KHT-XE5S_2025_0526_1101,0.0002000000000000668,0.5
KHT-XE5S,2025-09-01 10:10:00,9.3845,10.784,KHT-XE5S_2025_0526_1101,9.999999999994457e-05,0.5
KHT-XE5S,2025-09-01 10:20:00,9.3835,10.784,KHT-XE5S_2025_0526_1101,0.0,0.5
KHT-XE5S,2025-09-01 10:30:00,9.3815,10.784,KHT-XE5S_2025_0526_1101,0.0,0.5
KHT-XE5S,2025-09-01 10:40:00,9.3806,10.784,KHT-XE5S_2025_0526_1101,0.0,0.5
KHT-XE5S,2025-09-01 10:50:00,9.3783,10.783,KHT-XE5S_2025_0526_1101,0.00010000000000012221,0.5
KHT-XE5S,2025-09-01 11:00:00,9.3767,10.784,KHT-XE5S_2025_0526_1101,0.00010000000000012221,0.5
KHT-XE5S,2025-09-01 11:10:00,9.3758,10.785,KHT-XE5S_2025_0526_1101,9.999999999994457e-05,0.5
KHT-XE5S,2025-09-01 11:20:00,9.373,10.786,KHT-XE5S_2025_0526_1101,9.999999999994457e-05,0.5
KHT-XE5S,2025-09-01 11:30:00,9.3723,10.785,KHT-XE5S_2025_0526_1101,9.999999999994457e-05,0.5
KHT-XE5S,2025-09-01 11:40:00,9.3708,10.785,KHT-XE5S_2025_0526_1101,0.0,0.5
KHT-XE5S,2025-09-01 11:50:00,9.37,10.786,KHT-XE5S_2025_0526_1101,9.999999999994457e-05,0.5
KHT-XE5S,2025-09-01 12:00:00,9.3677,10.784,KHT-XE5S_2025_0526_1101,0.00019999999999988915,0.5
KHT-XE5S,2025-09-01 12:10:00,9.3665,10.786,KHT-XE5S_2025_0526_1101,0.00019999999999988915,0.5
KHT-XE5S,2025-09-01 12:20:00,9.364,10.786,KHT-XE5S_2025_0526_1101,0.0,0.5
KHT-XE5S,2025-09-01 12:30:00,9.362,10.785,KHT-XE5S_2025_0526_1101,9.999999999994457e-05,0.5
KHT-XE5S,2025-09-01 12:40:00,9.361,10.786,KHT-XE5S_2025_0526_1101,9.999999999994457e-05,0.5
KHT-XE5S,2025-09-01 12:50:00,9.3596,10.786,KHT-XE5S_2025_0526_1101,0.0,0.5
KHT-XE5S,2025-09-01 13:00:00,9.3583,10.786,KHT-XE5S_2025_0526_1101,0.0,0.5
KHT-XE5S,2025-09-01 13:10:00,9.355,10.787,KHT-XE5S_2025_0526_1101,0.00010000000000012221,0.5
KHT-XE5S,2025-09-01 13:20:00,9.3539,10.786,KHT-XE5S_2025_0526_1101,0.00010000000000012221,0.5
KHT-XE5S,2025-09-01 13:30:00,9.3524,10.787,KHT-XE5S_2025_0526_1101,0.00010000000000012221,0.5
KHT-XE5S,2025-09-01 13:40:00,9.3511,10.787,KHT-XE5S_2025_0526_1101,0.0,0.5
KHT-XE5S,2025-09-01 13:50:00,9.3499,10.786,KHT-XE5S_2025_0526_1101,0.00010000000000012221,0.5
KHT-XE5S,2025-09-01 14:00:00,9.3474,10.787,KHT-XE5S_2025_0526_1101,0.00010000000000012221,0.5
KHT-XE5S,2025-09-01 14:10:00,9.3443,10.788,KHT-XE5S_2025_0526_1101,9.999999999994457e-05,0.5
KHT-XE5S,2025-09-01 14:20:00,9.3442,10.787,KHT-XE5S_2025_0526_1101,9.999999999994457e-05,0.5
KHT-XE5S,2025-09-01 14:30:00,9.3426,10.788,KHT-XE5S_2025_0526_1101,9.999999999994457e-05,0.5
KHT-XE5S,2025-09-01 14:40:00,9.3401,10.787,KHT-XE5S_2025_0526_1101,9.999999999994457e-05,0.5
KHT-XE5S,2025-09-01 14:50:00,9.3379,10.79,KHT-XE5S_2025_0526_1101,0.0002999999999998337,0.5
KHT-XE5S,2025-09-01 15:00:00,9.3367,10.789,KHT-XE5S_2025_0526_1101,9.999999999994457e-05,0.5
KHT-XE5S,2025-09-01 15:10:00,9.335,10.787,KHT-XE5S_2025_0526_1101,0.00019999999999988915,0.5
KHT-XE5S,2025-09-01 15:20:00,9.3357,10.789,KHT-XE5S_2025_0526_1101,0.00019999999999988915,0.5
KHT-XE5S,2025-09-01 15:30:00,9.3345,10.788,KHT-XE5S_2025_0526_1101,9.999999999994457e-05,0.5
KHT-XE5S,2025-09-01 15:40:00,9.3349,10.789,KHT-XE5S_2025_0526_1101,9.999999999994457e-05,0.5
KHT-XE5S,2025-09-01 15:50:00,9.3336,10.788,KHT-XE5S_2025_0526_1101,9.999999999994457e-05,0.5
KHT-XE5S,2025-09-01 16:00:00,9.3317,10.792,KHT-XE5S_2025_0526_1101,0.00039999999999995595,0.5
KHT-XE5S,2025-09-01 16:10:00,9.3308,10.796,KHT-XE5S_2025_0526_1101,0.00039999999999995595,0.5
KHT-XE5S,2025-09-01 16:20:00,9.3305,10.793,KHT-XE5S_2025_0526_1101,0.00030000000000001136,0.5
KHT-XE5S,2025-09-01 16:30:00,9.3305,10.791,KHT-XE5S_2025_0526_1101,0.00019999999999988915,0.5
KHT-XE5S,2025-09-01 16:40:00,9.3295,10.792,KHT-XE5S_2025_0526_1101,9.999999999994457e-05,0.5
KHT-XE5S,2025-09-01 16:50:00,9.3296,10.791,KHT-XE5S_2025_0526_1101,9.999999999994457e-05,0.5
KHT-XE5S,2025-09-01 17:00:00,9.329,10.79,KHT-XE5S_2025_0526_1101,0.00010000000000012221,0.5
KHT-XE5S,2025-09-01 17:10:00,9.3297,10.789,KHT-XE5S_2025_0526_1101,9.999999999994457e-05,0.5
KHT-XE5S,2025-09-01 17:20:00,9.3297,10.79,KHT-XE5S_2025_0526_1101,9.999999999994457e-05,0.5
KHT-XE5S,2025-09-01 17:30:00,9.3303,10.792,KHT-XE5S_2025_0526_1101,0.0002000000000000668,0.5
KHT-XE5S,2025-09-01 17:40:00,9.3302,10.789,KHT-XE5S_2025_0526_1101,0.00030000000000001136,0.5
KHT-XE5S,2025-09-01 17:50:00,9.3309,10.792,KHT-XE5S_2025_0526_1101,0.00030000000000001136,0.5
KHT-XE5S,2025-09-01 18:00:00,9.3309,10.79,KHT-XE5S_2025_0526_1101,0.0002000000000000668,0.5
KHT-XE5S,2025-09-01 18:10:00,9.3325,10.791,KHT-XE5S_2025_0526_1101,0.00010000000000012221,0.5
KHT-XE5S,2025-09-01 18:20:00,9.3338,10.788,KHT-XE5S_2025_0526_1101,0.00030000000000001136,0.5
KHT-XE5S,2025-09-01 18:30:00,9.3352,10.789,KHT-XE5S_2025_0526_1101,9.999999999994457e-05,0.5
KHT-XE5S,2025-09-01 18:40:00,9.3364,10.789,KHT-XE5S_2025_0526_1101,0.0,0.5
KHT-XE5S,2025-09-01 18:50:00,9.3378,10.79,KHT-XE5S_2025_0526_1101,9.999999999994457e-05,0.5
KHT-XE5S,2025-09-01 19:00:00,9.3394,10.787,KHT-XE5S_2025_0526_1101,0.0002999999999998337,0.5
KHT-XE5S,2025-09-01 19:10:00,9.3413,10.79,KHT-XE5S_2025_0526_1101,0.0002999999999998337,0.5
KHT-XE5S,2025-09-01 19:20:00,9.3427,10.791,KHT-XE5S_2025_0526_1101,0.00010000000000012221,0.5
KHT-XE5S,2025-09-01 19:30:00,9.3443,10.79,KHT-XE5S_2025_0526_1101,0.00010000000000012221,0.5
KHT-XE5S,2025-09-01 19:40:00,9.3456,10.788,KHT-XE5S_2025_0526_1101,0.00019999999999988915,0.5
KHT-XE5S,2025-09-01 19:50:00,9.3483,10.789,KHT-XE5S_2025_0526_1101,9.999999999994457e-05,0.5
KHT-XE5S,2025-09-01 20:00:00,9.3499,10.788,KHT-XE5S_2025_0526_1101,9.999999999994457e-05,0.5
KHT-XE5S,2025-09-01 20:10:00,9.3518,10.791,KHT-XE5S_2025_0526_1101,0.00030000000000001136,0.5
KHT-XE5S,2025-09-01 20:20:00,9.3534,10.79,KHT-XE5S_2025_0526_1101,0.00010000000000012221,0.5
KHT-XE5S,2025-09-01 20:30:00,9.355,10.79,KHT-XE5S_2025_0526_1101,0.0,0.5
KHT-XE5S,2025-09-01 20:40:00,9.3572,10.79,KHT-XE5S_2025_0526_1101,0.0,0.5
KHT-XE5S,2025-09-01 20:50:00,9.3588,10.791,KHT-XE5S_2025_0526_1101,0.00010000000000012221,0.5
KHT-XE5S,2025-09-01 21:00:00,9.3599,10.793,KHT-XE5S_2025_0526_1101,0.00019999999999988915,0.5
KHT-XE5S,2025-09-01 21:10:00,9.3618,10.789,KHT-XE5S_2025_0526_1101,0.00039999999999995595,0.5
KHT-XE5S,2025-09-01 21:20:00,9.3639,10.79,KHT-XE5S_2025_0526_1101,9.999999999994457e-05,0.5
KHT-XE5S,2025-09-01 21:30:00,9.3656,10.793,KHT-XE5S_2025_0526_1101,0.00030000000000001136,0.5
KHT-XE5S,2025-09-01 21:40:00,9.3669,10.792,KHT-XE5S_2025_0526_1101,9.999999999994457e-05,0.5
KHT-XE5S,2025-09-01 21:50:00,9.3668,10.791,KHT-XE5S_2025_0526_1101,9.999999999994457e-05,0.5
KHT-XE5S,2025-09-01 22:00:00,9.3676,10.791,KHT-XE5S_2025_0526_1101,0.0,0.5
KHT-XE5S,2025-09-01 22:10:00,9.368,10.791,KHT-XE5S_2025_0526_1101,0.0,0.5
KHT-XE5S,2025-09-01 22:20:00,9.3686,10.792,KHT-XE5S_2025_0526_1101,9.999999999994457e-05,0.5
KHT-XE5S,2025-09-01 22:30:00,9.3707,10.79,KHT-XE5S_2025_0526_1101,0.0002000000000000668,0.5
KHT-XE5S,2025-09-01 22:40:00,9.3719,10.792,KHT-XE5S_2025_0526_1101,0.0002000000000000668,0.5
KHT-XE5S,2025-09-01 22:50:00,9.3715,10.793,KHT-XE5S_2025_0526_1101,9.999999999994457e-05,0.5
KHT-XE5S,2025-09-01 23:00:00,9.3727,10.791,KHT-XE5S_2025_0526_1101,0.00019999999999988915,0.5
KHT-XE5S,2025-09-01 23:10:00,9.3726,10.792,KHT-XE5S_2025_0526_1101,9.999999999994457e-05,0.5
KHT-XE5S,2025-09-01 23:20:00,9.3733,10.791,KHT-XE5S_2025_0526_1101,9.999999999994457e-05,0.5
KHT-XE5S,2025-09-01 23:30:00,9.374,10.793,KHT-XE5S_2025_0526_1101,0.00019999999999988915,0.5
KHT-XE5S,2025-09-01 23:40:00,9.3748,10.794,KHT-XE5S_2025_0526_1101,0.00010000000000012221,0.5
KHT-XE5S,2025-09-01 23:50:00,9.3744,10.792,KHT-XE5S_2025_0526_1101,0.0002000000000000668,0.5
KHT-XE5S,2025-09-02 00:00:00,9.3746,10.793,KHT-XE5S_2025_0526_1101,9.999999999994457e-05,0.5
KHT-XE5S,2025-09-02 00:10:00,9.3751,10.792,KHT-XE5S_2025_0526_1101,9.999999999994457e-05,0.5
KHT-XE5S,2025-09-02 00:20:00,9.3757,10.793,KHT-XE5S_2025_0526_1101,9.999999999994457e-05,0.5
KHT-XE5S,2025-09-02 00:30:00,9.3773,10.795,KHT-XE5S_2025_0526_1101,0.0002000000000000668,0.5
KHT-XE5S,2025-09-02 00:40:00,9.3779,10.795,KHT-XE5S_2025_0526_1101,0.0,0.5
KHT-XE5S,2025-09-02 00:50:00,9.378,10.793,KHT-XE5S_2025_0526_1101,0.0002000000000000668,0.5
KHT-XE5S,2025-09-02 01:00:00,9.3786,10.794,KHT-XE5S_2025_0526_1101,0.00010000000000012221,0.5
KHT-XE5S,2025-09-02 01:10:00,9.3788,10.792,KHT-XE5S_2025_0526_1101,0.0002000000000000668,0.5
KHT-XE5S,2025-09-02 01:20:00,9.38,10.794,KHT-XE5S_2025_0526_1101,0.0002000000000000668,0.5
KHT-XE5S,2025-09-02 01:30:00,9.3801,10.792,KHT-XE5S_2025_0526_1101,0.0002000000000000668,0.5
KHT-XE5S,2025-09-02 01:40:00,9.3806,10.795,KHT-XE5S_2025_0526_1101,0.00030000000000001136,0.5
KHT-XE5S,2025-09-02 01:50:00,9.381,10.793,KHT-XE5S_2025_0526_1101,0.0002000000000000668,0.5
KHT-XE5S,2025-09-02 02:00:00,9.381,10.793,KHT-XE5S_2025_0526_1101,0.0,0.5
KHT-XE5S,2025-09-02 02:10:00,9.3816,10.794,KHT-XE5S_2025_0526_1101,0.00010000000000012221,0.5
KHT-XE5S,2025-09-02 02:20:00,9.3824,10.796,KHT-XE5S_2025_0526_1101,0.00019999999999988915,0.5
KHT-XE5S,2025-09-02 02:30:00,9.3831,10.794,KHT-XE5S_2025_0526_1101,0.00019999999999988915,0.5
KHT-XE5S,2025-09-02 02:40:00,9.3839,10.795,KHT-XE5S_2025_0526_1101,9.999999999994457e-05,0.5
KHT-XE5S,2025-09-02 02:50:00,9.384,10.794,KHT-XE5S_2025_0526_1101,9.999999999994457e-05,0.5
KHT-XE5S,2025-09-02 03:00:00,9.3843,10.796,KHT-XE5S_2025_0526_1101,0.00019999999999988915,0.5
KHT-XE5S,2025-09-02 03:10:00,9.3845,10.794,KHT-XE5S_2025_0526_1101,0.00019999999999988915,0.5
KHT-XE5S,2025-09-02 03:20:00,9.3852,10.796,KHT-XE5S_2025_0526_1101,0.00019999999999988915,0.5
KHT-XE5S,2025-09-02 03:30:00,9.3851,10.796,KHT-XE5S_2025_0526_1101,0.0,0.5
KHT-XE5S,2025-09-02 03:40:00,9.3848,10.794,KHT-XE5S_2025_0526_1101,0.00019999999999988915,0.5
KHT-XE5S,2025-09-02 03:50:00,9.3846,10.795,KHT-XE5S_2025_0526_1101,9.999999999994457e-05,0.5
KHT-XE5S,2025-09-02 04:00:00,9.3847,10.794,KHT-XE5S_2025_0526_1101,9.999999999994457e-05,0.5
KHT-XE5S,2025-09-02 04:10:00,9.3853,10.795,KHT-XE5S_2025_0526_1101,9.999999999994457e-05,0.5
KHT-XE5S,2025-09-02 04:20:00,9.385,10.795,KHT-XE5S_2025_0526_1101,0.0,0.5
KHT-XE5S,2025-09-02 04:30:00,9.3854,10.797,KHT-XE5S_2025_0526_1101,0.0002000000000000668,0.5
KHT-XE5S,2025-09-02 04:40:00,9.3852,10.797,KHT-XE5S_2025_0526_1101,0.0,0.5
KHT-XE5S,2025-09-02 04:50:00,9.3846,10.796,KHT-XE5S_2025_0526_1101,0.00010000000000012221,0.5
KHT-XE5S,2025-09-02 05:00:00,9.3845,10.795,KHT-XE5S_2025_0526_1101,9.999999999994457e-05,0.5
KHT-XE5S,2025-09-02 05:10:00,9.3844,10.795,KHT-XE5S_2025_0526_1101,0.0,0.5
KHT-XE5S,2025-09-02 05:20:00,9.3846,10.797,KHT-XE5S_2025_0526_1101,0.0002000000000000668,0.5
KHT-XE5S,2025-09-02 05:30:00,9.3851,10.798,KHT-XE5S_2025_0526_1101,9.999999999994457e-05,0.5
KHT-XE5S,2025-09-02 05:40:00,9.3847,10.795,KHT-XE5S_2025_0526_1101,0.00030000000000001136,0.5
KHT-XE5S,2025-09-02 05:50:00,9.385,10.798,KHT-XE5S_2025_0526_1101,0.00030000000000001136,0.5
KHT-XE5S,2025-09-02 06:00:00,9.3858,10.795,KHT-XE5S_2025_0526_1101,0.00030000000000001136,0.5
KHT-XE5S,2025-09-02 06:10:00,9.3857,10.796,KHT-XE5S_2025_0526_1101,9.999999999994457e-05,0.5
KHT-XE5S,2025-09-02 06:20:00,9.3863,10.797,KHT-XE5S_2025_0526_1101,0.00010000000000012221,0.5
KHT-XE5S,2025-09-02 06:30:00,9.388,10.798,KHT-XE5S_2025_0526_1101,9.999999999994457e-05,0.5
KHT-XE5S,2025-09-02 06:40:00,9.3891,10.798,KHT-XE5S_2025_0526_1101,0.0,0.5
KHT-XE5S,2025-09-02 06:50:00,9.3893,10.797,KHT-XE5S_2025_0526_1101,9.999999999994457e-05,0.5
KHT-XE5S,2025-09-02 07:00:00,9.3907,10.798,KHT-XE5S_2025_0526_1101,9.999999999994457e-05,0.5
KHT-XE5S,2025-09-02 07:10:00,9.3903,10.799,KHT-XE5S_2025_0526_1101,9.999999999994457e-05,0.5
KHT-XE5S,2025-09-02 07:20:00,9.3902,10.797,KHT-XE5S_2025_0526_1101,0.00019999999999988915,0.5
KHT-XE5S,2025-09-02 07:30:00,9.391,10.797,KHT-XE5S_2025_0526_1101,0.0,0.5
KHT-XE5S,2025-09-02 07:40:00,9.3911,10.798,KHT-XE5S_2025_0526_1101,9.999999999994457e-05,0.5
KHT-XE5S,2025-09-02 07:50:00,9.3927,10.798,KHT-XE5S_2025_0526_1101,0.0,0.5
KHT-XE5S,2025-09-02 08:00:00,9.3975,10.799,KHT-XE5S_2025_0526_1101,9.999999999994457e-05,0.5
KHT-XE5S,2025-09-02 08:10:00,9.3975,10.799,KHT-XE5S_2025_0526_1101,0.0,0.5
KHT-XE5S,2025-09-02 08:20:00,9.3983,10.798,KHT-XE5S_2025_0526_1101,9.999999999994457e-05,0.5
KHT-XE5S,2025-09-02 08:30:00,9.3951,10.797,KHT-XE5S_2025_0526_1101,9.999999999994457e-05,0.5
KHT-XE5S,2025-09-02 08:40:00,9.3966,10.799,KHT-XE5S_2025_0526_1101,0.00019999999999988915,0.5
KHT-XE5S,2025-09-02 08:50:00,9.3967,10.798,KHT-XE5S_2025_0526_1101,9.999999999994457e-05,0.5
KHT-XE5S,2025-09-02 09:00:00,9.3973,10.799,KHT-XE5S_2025_0526_1101,9.999999999994457e-05,0.5
KHT-XE5S,2025-09-02 09:10:00,9.397,10.799,KHT-XE5S_2025_0526_1101,0.0,0.5
KHT-XE5S,2025-09-02 09:20:00,9.3964,10.798,KHT-XE5S_2025_0526_1101,9.999999999994457e-05,0.5
KHT-XE5S,2025-09-02 09:30:00,9.3955,10.8,KHT-XE5S_2025_0526_1101,0.0002000000000000668,0.5
KHT-XE5S,2025-09-02 09:40:00,9.3965,10.8,KHT-XE5S_2025_0526_1101,0.0,0.5
KHT-XE5S,2025-09-02 09:50:00,9.396,10.802,KHT-XE5S_2025_0526_1101,0.00019999999999988915,0.5
KHT-XE5S,2025-09-02 10:00:00,9.3959,10.801,KHT-XE5S_2025_0526_1101,9.999999999994457e-05,0.5
KHT-XE5S,2025-09-02 10:10:00,9.3953,10.802,KHT-XE5S_2025_0526_1101,9.999999999994457e-05,0.5
KHT-XE5S,2025-09-02 10:20:00,9.394,10.801,KHT-XE5S_2025_0526_1101,9.999999999994457e-05,0.5
KHT-XE5S,2025-09-02 10:30:00,9.3913,10.801,KHT-XE5S_2025_0526_1101,0.0,0.5
KHT-XE5S,2025-09-02 10:40:00,9.3905,10.802,KHT-XE5S_2025_0526_1101,9.999999999994457e-05,0.5
KHT-XE5S,2025-09-02 10:50:00,9.3937,10.802,KHT-XE5S_2025_0526_1101,0.0,0.5
KHT-XE5S,2025-09-02 11:00:00,9.3932,10.803,KHT-XE5S_2025_0526_1101,0.00010000000000012221,0.5
KHT-XE5S,2025-09-02 11:10:00,9.3926,10.8,KHT-XE5S_2025_0526_1101,0.00030000000000001136,0.5
KHT-XE5S,2025-09-02 11:20:00,9.3932,10.803,KHT-XE5S_2025_0526_1101,0.00030000000000001136,0.5
KHT-XE5S,2025-09-02 11:30:00,9.3916,10.799,KHT-XE5S_2025_0526_1101,0.0004000000000001336,0.5
KHT-XE5S,2025-09-02 11:40:00,9.3879,10.802,KHT-XE5S_2025_0526_1101,0.00030000000000001136,0.5
KHT-XE5S,2025-09-02 11:50:00,9.3852,10.802,KHT-XE5S_2025_0526_1101,0.0,0.5
KHT-XE5S,2025-09-02 12:00:00,9.384,10.802,KHT-XE5S_2025_0526_1101,0.0,0.5
KHT-XE5S,2025-09-02 12:10:00,9.3809,10.803,KHT-XE5S_2025_0526_1101,0.00010000000000012221,0.5
KHT-XE5S,2025-09-02 12:20:00,9.3794,10.803,KHT-XE5S_2025_0526_1101,0.0,0.5
KHT-XE5S,2025-09-02 12:30:00,9.3751,10.803,KHT-XE5S_2025_0526_1101,0.0,0.5
KHT-XE5S,2025-09-02 12:40:00,9.3726,10.803,KHT-XE5S_2025_0526_1101,0.0,0.5
KHT-XE5S,2025-09-02 12:50:00,9.3718,10.803,KHT-XE5S_2025_0526_1101,0.0,0.5
KHT-XE5S,2025-09-02 13:00:00,9.3701,10.803,KHT-XE5S_2025_0526_1101,0.0,0.5
KHT-XE5S,2025-09-02 13:10:00,9.3689,10.804,KHT-XE5S_2025_0526_1101,9.999999999994457e-05,0.5
KHT-XE5S,2025-09-02 13:20:00,9.3678,10.803,KHT-XE5S_2025_0526_1101,9.999999999994457e-05,0.5
KHT-XE5S,2025-09-02 13:30:00,9.3664,10.805,KHT-XE5S_2025_0526_1101,0.00019999999999988915,0.5
KHT-XE5S,2025-09-02 13:40:00,9.3653,10.804,KHT-XE5S_2025_0526_1101,9.999999999994457e-05,0.5
KHT-XE5S,2025-09-02 13:50:00,9.3636,10.804,KHT-XE5S_2025_0526_1101,0.0,0.5
KHT-XE5S,2025-09-02 14:00:00,9.36,10.803,KHT-XE5S_2025_0526_1101,9.999999999994457e-05,0.5
KHT-XE5S,2025-09-02 14:10:00,9.3576,10.803,KHT-XE5S_2025_0526_1101,0.0,0.5
KHT-XE5S,2025-09-02 14:20:00,9.3566,10.805,KHT-XE5S_2025_0526_1101,0.00019999999999988915,0.5
KHT-XE5S,2025-09-02 14:30:00,9.3554,10.804,KHT-XE5S_2025_0526_1101,9.999999999994457e-05,0.5
KHT-XE5S,2025-09-02 14:40:00,9.3538,10.803,KHT-XE5S_2025_0526_1101,9.999999999994457e-05,0.5
KHT-XE5S,2025-09-02 14:50:00,9.3544,10.803,KHT-XE5S_2025_0526_1101,0.0,0.5
KHT-XE5S,2025-09-02 15:00:00,9.3557,10.803,KHT-XE5S_2025_0526_1101,0.0,0.5
KHT-XE5S,2025-09-02 15:10:00,9.3554,10.804,KHT-XE5S_2025_0526_1101,9.999999999994457e-05,0.5
KHT-XE5S,2025-09-02 15:20:00,9.3557,10.805,KHT-XE5S_2025_0526_1101,9.999999999994457e-05,0.5
KHT-XE5S,2025-09-02 15:30:00,9.362,10.805,KHT-XE5S_2025_0526_1101,0.0,0.5
KHT-XE5S,2025-09-02 15:40:00,9.3716,10.807,KHT-XE5S_2025_0526_1101,0.0002000000000000668,0.5
KHT-XE5S,2025-09-02 15:50:00,9.369,10.804,KHT-XE5S_2025_0526_1101,0.00030000000000001136,0.5
KHT-XE5S,2025-09-02 16:00:00,9.3609,10.805,KHT-XE5S_2025_0526_1101,9.999999999994457e-05,0.5
KHT-XE5S,2025-09-02 16:10:00,9.3686,10.804,KHT-XE5S_2025_0526_1101,9.999999999994457e-05,0.5
KHT-XE5S,2025-09-02 16:20:00,9.3718,10.804,KHT-XE5S_2025_0526_1101,0.0,0.5
KHT-XE5S,2025-09-02 16:30:00,9.3779,10.805,KHT-XE5S_2025_0526_1101,9.999999999994457e-05,0.5
KHT-XE5S,2025-09-02 16:40:00,9.3842,10.804,KHT-XE5S_2025_0526_1101,9.999999999994457e-05,0.5
KHT-XE5S,2025-09-02 16:50:00,9.3866,10.805,KHT-XE5S_2025_0526_1101,9.999999999994457e-05,0.5
KHT-XE5S,2025-09-02 17:00:00,9.3909,10.804,KHT-XE5S_2025_0526_1101,9.999999999994457e-05,0.5
KHT-XE5S,2025-09-02 17:10:00,9.3938,10.804,KHT-XE5S_2025_0526_1101,0.0,0.5
KHT-XE5S,2025-09-02 17:20:00,9.397,10.805,KHT-XE5S_2025_0526_1101,9.999999999994457e-05,0.5
KHT-XE5S,2025-09-02 17:30:00,9.3999,10.804,KHT-XE5S_2025_0526_1101,9.999999999994457e-05,0.5
KHT-XE5S,2025-09-02 17:40:00,9.4005,10.805,KHT-XE5S_2025_0526_1101,9.999999999994457e-05,0.5
KHT-XE5S,2025-09-02 17:50:00,9.3974,10.805,KHT-XE5S_2025_0526_1101,0.0,0.5
KHT-XE5S,2025-09-02 18:00:00,9.3985,10.806,KHT-XE5S_2025_0526_1101,9.999999999994457e-05,0.5
KHT-XE5S,2025-09-02 18:10:00,9.4011,10.805,KHT-XE5S_2025_0526_1101,9.999999999994457e-05,0.5
KHT-XE5S,2025-09-02 18:20:00,9.4003,10.805,KHT-XE5S_2025_0526_1101,0.0,0.5
KHT-XE5S,2025-09-02 18:30:00,9.4044,10.807,KHT-XE5S_2025_0526_1101,0.0002000000000000668,0.5
KHT-XE5S,2025-09-02 18:40:00,9.4083,10.805,KHT-XE5S_2025_0526_1101,0.0002000000000000668,0.5
KHT-XE5S,2025-09-02 18:50:00,9.4071,10.807,KHT-XE5S_2025_0526_1101,0.0002000000000000668,0.5
KHT-XE5S,2025-09-02 19:00:00,9.4096,10.805,KHT-XE5S_2025_0526_1101,0.0002000000000000668,0.5
KHT-XE5S,2025-09-02 19:10:00,9.4116,10.806,KHT-XE5S_2025_0526_1101,9.999999999994457e-05,0.5
KHT-XE5S,2025-09-02 19:20:00,9.4133,10.806,KHT-XE5S_2025_0526_1101,0.0,0.5
KHT-XE5S,2025-09-02 19:30:00,9.4154,10.807,KHT-XE5S_2025_0526_1101,0.00010000000000012221,0.5
KHT-XE5S,2025-09-02 19:40:00,9.4175,10.806,KHT-XE5S_2025_0526_1101,0.00010000000000012221,0.5
KHT-XE5S,2025-09-02 19:50:00,9.4169,10.806,KHT-XE5S_2025_0526_1101,0.0,0.5
KHT-XE5S,2025-09-02 20:00:00,9.4155,10.805,KHT-XE5S_2025_0526_1101,9.999999999994457e-05,0.5
KHT-XE5S,2025-09-02 20:10:00,9.415,10.806,KHT-XE5S_2025_0526_1101,9.999999999994457e-05,0.5
KHT-XE5S,2025-09-02 20:20:00,9.4152,10.806,KHT-XE5S_2025_0526_1101,0.0,0.5
KHT-XE5S,2025-09-02 20:30:00,9.4128,10.807,KHT-XE5S_2025_0526_1101,0.00010000000000012221,0.5
KHT-XE5S,2025-09-02 20:40:00,9.4112,10.806,KHT-XE5S_2025_0526_1101,0.00010000000000012221,0.5
KHT-XE5S,2025-09-02 20:50:00,9.4098,10.807,KHT-XE5S_2025_0526_1101,0.00010000000000012221,0.5
KHT-XE5S,2025-09-02 21:00:00,9.4082,10.806,KHT-XE5S_2025_0526_1101,0.00010000000000012221,0.5
KHT-XE5S,2025-09-02 21:10:00,9.4089,10.808,KHT-XE5S_2025_0526_1101,0.0002000000000000668,0.5
KHT-XE5S,2025-09-02 21:20:00,9.409,10.807,KHT-XE5S_2025_0526_1101,9.999999999994457e-05,0.5
KHT-XE5S,2025-09-02 21:30:00,9.4098,10.805,KHT-XE5S_2025_0526_1101,0.0002000000000000668,0.5
KHT-XE5S,2025-09-02 21:40:00,9.41,10.808,KHT-XE5S_2025_0526_1101,0.00030000000000001136,0.5
KHT-XE5S,2025-09-02 21:50:00,9.4082,10.806,KHT-XE5S_2025_0526_1101,0.0002000000000000668,0.5
KHT-XE5S,2025-09-02 22:00:00,9.4081,10.81,KHT-XE5S_2025_0526_1101,0.0004000000000001336,0.5
KHT-XE5S,2025-09-02 22:10:00,9.4088,10.806,KHT-XE5S_2025_0526_1101,0.0004000000000001336,0.5
KHT-XE5S,2025-09-02 22:20:00,9.4084,10.809,KHT-XE5S_2025_0526_1101,0.00030000000000001136,0.5
KHT-XE5S,2025-09-02 22:30:00,9.4089,10.809,KHT-XE5S_2025_0526_1101,0.0,0.5
KHT-XE5S,2025-09-02 22:40:00,9.409,10.808,KHT-XE5S_2025_0526_1101,9.999999999994457e-05,0.5
KHT-XE5S,2025-09-02 22:50:00,9.4092,10.809,KHT-XE5S_2025_0526_1101,9.999999999994457e-05,0.5
KHT-XE5S,2025-09-02 23:00:00,9.4077,10.808,KHT-XE5S_2025_0526_1101,9.999999999994457e-05,0.5
KHT-XE5S,2025-09-02 23:10:00,9.4068,10.81,KHT-XE5S_2025_0526_1101,0.0002000000000000668,0.5
KHT-XE5S,2025-09-02 23:20:00,9.4075,10.807,KHT-XE5S_2025_0526_1101,0.00030000000000001136,0.5
KHT-XE5S,2025-09-02 23:30:00,9.4066,10.808,KHT-XE5S_2025_0526_1101,9.999999999994457e-05,0.5
KHT-XE5S,2025-09-02 23:40:00,9.4071,10.807,KHT-XE5S_2025_0526_1101,9.999999999994457e-05,0.5
KHT-XE5S,2025-09-02 23:50:00,9.4036,10.807,KHT-XE5S_2025_0526_1101,0.0,0.5
KHT-XE5S,2025-09-03 00:00:00,9.4049,10.808,KHT-XE5S_2025_0526_1101,9.999999999994457e-05,0.5
KHT-XE5S,2025-09-03 00:10:00,9.4081,10.811,KHT-XE5S_2025_0526_1101,0.00030000000000001136,0.5
KHT-XE5S,2025-09-03 00:20:00,9.4089,10.809,KHT-XE5S_2025_0526_1101,0.0002000000000000668,0.5
KHT-XE5S,2025-09-03 00:30:00,9.4103,10.809,KHT-XE5S_2025_0526_1101,0.0,0.5
KHT-XE5S,2025-09-03 00:40:00,9.4106,10.809,KHT-XE5S_2025_0526_1101,0.0,0.5
KHT-XE5S,2025-09-03 00:50:00,9.4107,10.809,KHT-XE5S_2025_0526_1101,0.0,0.5
KHT-XE5S,2025-09-03 01:00:00,9.4088,10.81,KHT-XE5S_2025_0526_1101,0.00010000000000012221,0.5
KHT-XE5S,2025-09-03 01:10:00,9.409,10.811,KHT-XE5S_2025_0526_1101,9.999999999994457e-05,0.5
KHT-XE5S,2025-09-03 01:20:00,9.4089,10.81,KHT-XE5S_2025_0526_1101,9.999999999994457e-05,0.5
KHT-XE5S,2025-09-03 01:30:00,9.4092,10.81,KHT-XE5S_2025_0526_1101,0.0,0.5
KHT-XE5S,2025-09-03 01:40:00,9.4084,10.81,KHT-XE5S_2025_0526_1101,0.0,0.5
KHT-XE5S,2025-09-03 01:50:00,9.4069,10.81,KHT-XE5S_2025_0526_1101,0.0,0.5
KHT-XE5S,2025-09-03 02:00:00,9.4066,10.81,KHT-XE5S_2025_0526_1101,0.0,0.5
KHT-XE5S,2025-09-03 02:10:00,9.4069,10.814,KHT-XE5S_2025_0526_1101,0.00039999999999995595,0.5
KHT-XE5S,2025-09-03 02:20:00,9.4073,10.811,KHT-XE5S_2025_0526_1101,0.00030000000000001136,0.5
KHT-XE5S,2025-09-03 02:30:00,9.4068,10.812,KHT-XE5S_2025_0526_1101,9.999999999994457e-05,0.5
KHT-XE5S,2025-09-03 02:40:00,9.4057,10.812,KHT-XE5S_2025_0526_1101,0.0,0.5
KHT-XE5S,2025-09-03 02:50:00,9.4057,10.813,KHT-XE5S_2025_0526_1101,0.00010000000000012221,0.5
KHT-XE5S,2025-09-03 03:00:00,9.405,10.812,KHT-XE5S_2025_0526_1101,0.00010000000000012221,0.5
KHT-XE5S,2025-09-03 03:10:00,9.404,10.81,KHT-XE5S_2025_0526_1101,0.00019999999999988915,0.5
KHT-XE5S,2025-09-03 03:20:00,9.4035,10.812,KHT-XE5S_2025_0526_1101,0.00019999999999988915,0.5
KHT-XE5S,2025-09-03 03:30:00,9.4028,10.812,KHT-XE5S_2025_0526_1101,0.0,0.5
KHT-XE5S,2025-09-03 03:40:00,9.4035,10.811,KHT-XE5S_2025_0526_1101,9.999999999994457e-05,0.5
KHT-XE5S,2025-09-03 03:50:00,9.4028,10.811,KHT-XE5S_2025_0526_1101,0.0,0.5
KHT-XE5S,2025-09-03 04:00:00,9.402,10.81,KHT-XE5S_2025_0526_1101,9.999999999994457e-05,0.5
KHT-XE5S,2025-09-03 04:10:00,9.4018,10.815,KHT-XE5S_2025_0526_1101,0.0004999999999999005,0.5
KHT-XE5S,2025-09-03 04:20:00,9.4022,10.812,KHT-XE5S_2025_0526_1101,0.00030000000000001136,0.5
KHT-XE5S,2025-09-03 04:30:00,9.4025,10.813,KHT-XE5S_2025_0526_1101,0.00010000000000012221,0.5
KHT-XE5S,2025-09-03 04:40:00,9.4023,10.811,KHT-XE5S_2025_0526_1101,0.0002000000000000668,0.5
KHT-XE5S,2025-09-03 04:50:00,9.4023,10.813,KHT-XE5S_2025_0526_1101,0.0002000000000000668,0.5
KHT-XE5S,2025-09-03 05:00:00,9.4026,10.812,KHT-XE5S_2025_0526_1101,0.00010000000000012221,0.5
KHT-XE5S,2025-09-03 05:10:00,9.4021,10.813,KHT-XE5S_2025_0526_1101,0.00010000000000012221,0.5
KHT-XE5S,2025-09-03 05:20:00,9.4016,10.811,KHT-XE5S_2025_0526_1101,0.0002000000000000668,0.5
KHT-XE5S,2025-09-03 05:30:00,9.4012,10.812,KHT-XE5S_2025_0526_1101,9.999999999994457e-05,0.5
KHT-XE5S,2025-09-03 05:40:00,9.4008,10.811,KHT-XE5S_2025_0526_1101,9.999999999994457e-05,0.5
KHT-XE5S,2025-09-03 05:50:00,9.4015,10.812,KHT-XE5S_2025_0526_1101,9.999999999994457e-05,0.5
KHT-XE5S,2025-09-03 06:00:00,9.4023,10.813,KHT-XE5S_2025_0526_1101,0.00010000000000012221,0.5
KHT-XE5S,2025-09-03 06:10:00,9.4023,10.812,KHT-XE5S_2025_0526_1101,0.00010000000000012221,0.5
KHT-XE5S,2025-09-03 06:20:00,9.4022,10.813,KHT-XE5S_2025_0526_1101,0.00010000000000012221,0.5
KHT-XE5S,2025-09-03 06:30:00,9.4019,10.812,KHT-XE5S_2025_0526_1101,0.00010000000000012221,0.5
KHT-XE5S,2025-09-03 06:40:00,9.4025,10.812,KHT-XE5S_2025_0526_1101,0.0,0.5
KHT-XE5S,2025-09-03 06:50:00,9.4036,10.812,KHT-XE5S_2025_0526_1101,0.0,0.5
KHT-XE5S,2025-09-03 07:00:00,9.4046,10.813,KHT-XE5S_2025_0526_1101,0.00010000000000012221,0.5
KHT-XE5S,2025-09-03 07:10:00,9.4053,10.814,KHT-XE5S_2025_0526_1101,9.999999999994457e-05,0.5
KHT-XE5S,2025-09-03 07:20:00,9.4046,10.815,KHT-XE5S_2025_0526_1101,9.999999999994457e-05,0.5
KHT-XE5S,2025-09-03 07:30:00,9.4041,10.816,KHT-XE5S_2025_0526_1101,0.00010000000000012221,0.5
KHT-XE5S,2025-09-03 07:40:00,9.4041,10.814,KHT-XE5S_2025_0526_1101,0.0002000000000000668,0.5
KHT-XE5S,2025-09-03 07:50:00,9.4049,10.815,KHT-XE5S_2025_0526_1101,9.999999999994457e-05,0.5
KHT-XE5S,2025-09-03 08:00:00,9.4073,10.816,KHT-XE5S_2025_0526_1101,0.00010000000000012221,0.5
KHT-XE5S,2025-09-03 08:10:00,9.4078,10.815,KHT-XE5S_2025_0526_1101,0.00010000000000012221,0.5
KHT-XE5S,2025-09-03 08:20:00,9.4077,10.814,KHT-XE5S_2025_0526_1101,9.999999999994457e-05,0.5
KHT-XE5S,2025-09-03 08:30:00,9.4078,10.816,KHT-XE5S_2025_0526_1101,0.0002000000000000668,0.5
KHT-XE5S,2025-09-03 08:40:00,9.407,10.814,KHT-XE5S_2025_0526_1101,0.0002000000000000668,0.5
KHT-XE5S,2025-09-03 08:50:00,9.4081,10.816,KHT-XE5S_2025_0526_1101,0.0002000000000000668,0.5
KHT-XE5S,2025-09-03 09:00:00,9.4089,10.814,KHT-XE5S_2025_0526_1101,0.0002000000000000668,0.5
KHT-XE5S,2025-09-03 09:10:00,9.4095,10.816,KHT-XE5S_2025_0526_1101,0.0002000000000000668,0.5
KHT-XE5S,2025-09-03 09:20:00,9.4097,10.814,KHT-XE5S_2025_0526_1101,0.0002000000000000668,0.5
KHT-XE5S,2025-09-03 09:30:00,9.41,10.817,KHT-XE5S_2025_0526_1101,0.00030000000000001136,0.5
KHT-XE5S,2025-09-03 09:40:00,9.4093,10.816,KHT-XE5S_2025_0526_1101,9.999999999994457e-05,0.5
KHT-XE5S,2025-09-03 09:50:00,9.4093,10.816,KHT-XE5S_2025_0526_1101,0.0,0.5
KHT-XE5S,2025-09-03 10:00:00,9.4103,10.816,KHT-XE5S_2025_0526_1101,0.0,0.5
KHT-XE5S,2025-09-03 10:10:00,9.4108,10.816,KHT-XE5S_2025_0526_1101,0.0,0.5
KHT-XE5S,2025-09-03 10:20:00,9.4101,10.819,KHT-XE5S_2025_0526_1101,0.00030000000000001136,0.5
KHT-XE5S,2025-09-03 10:30:00,9.4097,10.816,KHT-XE5S_2025_0526_1101,0.00030000000000001136,0.5
KHT-XE5S,2025-09-03 10:40:00,9.4092,10.817,KHT-XE5S_2025_0526_1101,9.999999999994457e-05,0.5
KHT-XE5S,2025-09-03 10:50:00,9.4077,10.814,KHT-XE5S_2025_0526_1101,0.00030000000000001136,0.5
KHT-XE5S,2025-09-03 11:00:00,9.4054,10.818,KHT-XE5S_2025_0526_1101,0.00039999999999995595,0.5
KHT-XE5S,2025-09-03 11:10:00,9.4034,10.817,KHT-XE5S_2025_0526_1101,9.999999999994457e-05,0.5
KHT-XE5S,2025-09-03 11:20:00,9.4,10.819,KHT-XE5S_2025_0526_1101,0.0002000000000000668,0.5
KHT-XE5S,2025-09-03 11:30:00,9.3993,10.816,KHT-XE5S_2025_0526_1101,0.00030000000000001136,0.5
KHT-XE5S,2025-09-03 11:40:00,9.3988,10.819,KHT-XE5S_2025_0526_1101,0.00030000000000001136,0.5
KHT-XE5S,2025-09-03 11:50:00,9.3984,10.819,KHT-XE5S_2025_0526_1101,0.0,0.5
KHT-XE5S,2025-09-03 12:00:00,9.3967,10.819,KHT-XE5S_2025_0526_1101,0.0,0.5
KHT-XE5S,2025-09-03 12:10:00,9.3946,10.819,KHT-XE5S_2025_0526_1101,0.0,0.5
KHT-XE5S,2025-09-03 12:20:00,9.3933,10.82,KHT-XE5S_2025_0526_1101,9.999999999994457e-05,0.5
KHT-XE5S,2025-09-03 12:30:00,9.3914,10.82,KHT-XE5S_2025_0526_1101,0.0,0.5
KHT-XE5S,2025-09-03 12:40:00,9.3897,10.819,KHT-XE5S_2025_0526_1101,9.999999999994457e-05,0.5
KHT-XE5S,2025-09-03 12:50:00,9.3883,10.818,KHT-XE5S_2025_0526_1101,0.00010000000000012221,0.5
KHT-XE5S,2025-09-03 13:00:00,9.3863,10.821,KHT-XE5S_2025_0526_1101,0.00030000000000001136,0.5
KHT-XE5S,2025-09-03 13:10:00,9.3846,10.821,KHT-XE5S_2025_0526_1101,0.0,0.5
KHT-XE5S,2025-09-03 13:20:00,9.3838,10.818,KHT-XE5S_2025_0526_1101,0.00030000000000001136,0.5
KHT-XE5S,2025-09-03 13:30:00,9.381,10.819,KHT-XE5S_2025_0526_1101,0.00010000000000012221,0.5
KHT-XE5S,2025-09-03 13:40:00,9.3788,10.821,KHT-XE5S_2025_0526_1101,0.00019999999999988915,0.5
KHT-XE5S,2025-09-03 13:50:00,9.3768,10.82,KHT-XE5S_2025_0526_1101,9.999999999994457e-05,0.5
KHT-XE5S,2025-09-03 14:00:00,9.3753,10.821,KHT-XE5S_2025_0526_1101,9.999999999994457e-05,0.5
KHT-XE5S,2025-09-03 14:10:00,9.3737,10.823,KHT-XE5S_2025_0526_1101,0.0002000000000000668,0.5
KHT-XE5S,2025-09-03 14:20:00,9.372,10.819,KHT-XE5S_2025_0526_1101,0.00039999999999995595,0.5
KHT-XE5S,2025-09-03 14:30:00,9.371,10.822,KHT-XE5S_2025_0526_1101,0.0002999999999998337,0.5
KHT-XE5S,2025-09-03 14:40:00,9.3683,10.822,KHT-XE5S_2025_0526_1101,0.0,0.5
KHT-XE5S,2025-09-03 14:50:00,9.366,10.821,KHT-XE5S_2025_0526_1101,9.999999999994457e-05,0.5
KHT-XE5S,2025-09-03 15:00:00,9.3633,10.82,KHT-XE5S_2025_0526_1101,9.999999999994457e-05,0.5
KHT-XE5S,2025-09-03 15:10:00,9.3615,10.82,KHT-XE5S_2025_0526_1101,0.0,0.5
KHT-XE5S,2025-09-03 15:20:00,9.3596,10.822,KHT-XE5S_2025_0526_1101,0.00019999999999988915,0.5
KHT-XE5S,2025-09-03 15:30:00,9.3583,10.821,KHT-XE5S_2025_0526_1101,9.999999999994457e-05,0.5
KHT-XE5S,2025-09-03 15:40:00,9.3592,10.821,KHT-XE5S_2025_0526_1101,0.0,0.5
KHT-XE5S,2025-09-03 15:50:00,9.3599,10.822,KHT-XE5S_2025_0526_1101,9.999999999994457e-05,0.5
KHT-XE5S,2025-09-03 16:00:00,9.3594,10.819,KHT-XE5S_2025_0526_1101,0.0002999999999998337,0.5
KHT-XE5S,2025-09-03 16:10:00,9.3597,10.821,KHT-XE5S_2025_0526_1101,0.00019999999999988915,0.5
KHT-XE5S,2025-09-03 16:20:00,9.3583,10.822,KHT-XE5S_2025_0526_1101,9.999999999994457e-05,0.5
KHT-XE5S,2025-09-03 16:30:00,9.3612,10.82,KHT-XE5S_2025_0526_1101,0.00019999999999988915,0.5
KHT-XE5S,2025-09-03 16:40:00,9.3619,10.821,KHT-XE5S_2025_0526_1101,9.999999999994457e-05,0.5
KHT-XE5S,2025-09-03 16:50:00,9.3625,10.818,KHT-XE5S_2025_0526_1101,0.00030000000000001136,0.5
KHT-XE5S,2025-09-03 17:00:00,9.3641,10.821,KHT-XE5S_2025_0526_1101,0.00030000000000001136,0.5
KHT-XE5S,2025-09-03 17:10:00,9.3636,10.82,KHT-XE5S_2025_0526_1101,9.999999999994457e-05,0.5
KHT-XE5S,2025-09-03 17:20:00,9.3614,10.821,KHT-XE5S_2025_0526_1101,9.999999999994457e-05,0.5
KHT-XE5S,2025-09-03 17:30:00,9.3626,10.82,KHT-XE5S_2025_0526_1101,9.999999999994457e-05,0.5
KHT-XE5S,2025-09-03 17:40:00,9.3636,10.821,KHT-XE5S_2025_0526_1101,9.999999999994457e-05,0.5
KHT-XE5S,2025-09-03 17:50:00,9.3626,10.823,KHT-XE5S_2025_0526_1101,0.0002000000000000668,0.5
KHT-XE5S,2025-09-03 18:00:00,9.3619,10.821,KHT-XE5S_2025_0526_1101,0.0002000000000000668,0.5
KHT-XE5S,2025-09-03 18:10:00,9.3616,10.824,KHT-XE5S_2025_0526_1101,0.00030000000000001136,0.5
KHT-XE5S,2025-09-03 18:20:00,9.3615,10.822,KHT-XE5S_2025_0526_1101,0.0002000000000000668,0.5
KHT-XE5S,2025-09-03 18:30:00,9.3622,10.822,KHT-XE5S_2025_0526_1101,0.0,0.5
KHT-XE5S,2025-09-03 18:40:00,9.363,10.822,KHT-XE5S_2025_0526_1101,0.0,0.5
KHT-XE5S,2025-09-03 18:50:00,9.3635,10.823,KHT-XE5S_2025_0526_1101,0.00010000000000012221,0.5
KHT-XE5S,2025-09-03 19:00:00,9.365,10.822,KHT-XE5S_2025_0526_1101,0.00010000000000012221,0.5
KHT-XE5S,2025-09-03 19:10:00,9.3657,10.824,KHT-XE5S_2025_0526_1101,0.0002000000000000668,0.5
KHT-XE5S,2025-09-03 19:20:00,9.3667,10.82,KHT-XE5S_2025_0526_1101,0.00039999999999995595,0.5
KHT-XE5S,2025-09-03 19:30:00,9.3687,10.822,KHT-XE5S_2025_0526_1101,0.00019999999999988915,0.5
KHT-XE5S,2025-09-03 19:40:00,9.3695,10.822,KHT-XE5S_2025_0526_1101,0.0,0.5
KHT-XE5S,2025-09-03 19:50:00,9.3709,10.823,KHT-XE5S_2025_0526_1101,0.00010000000000012221,0.5
KHT-XE5S,2025-09-03 20:00:00,9.3727,10.821,KHT-XE5S_2025_0526_1101,0.0002000000000000668,0.5
KHT-XE5S,2025-09-03 20:10:00,9.3739,10.823,KHT-XE5S_2025_0526_1101,0.0002000000000000668,0.5
KHT-XE5S,2025-09-03 20:20:00,9.3759,10.824,KHT-XE5S_2025_0526_1101,9.999999999994457e-05,0.5
KHT-XE5S,2025-09-03 20:30:00,9.3772,10.821,KHT-XE5S_2025_0526_1101,0.00030000000000001136,0.5
KHT-XE5S,2025-09-03 20:40:00,9.3785,10.823,KHT-XE5S_2025_0526_1101,0.0002000000000000668,0.5
KHT-XE5S,2025-09-03 20:50:00,9.3798,10.825,KHT-XE5S_2025_0526_1101,0.00019999999999988915,0.5
KHT-XE5S,2025-09-03 21:00:00,9.3807,10.829,KHT-XE5S_2025_0526_1101,0.0004000000000001336,0.5
KHT-XE5S,2025-09-03 21:10:00,9.3819,10.826,KHT-XE5S_2025_0526_1101,0.00030000000000001136,0.5
KHT-XE5S,2025-09-03 21:20:00,9.3829,10.825,KHT-XE5S_2025_0526_1101,0.00010000000000012221,0.5
KHT-XE5S,2025-09-03 21:30:00,9.3831,10.825,KHT-XE5S_2025_0526_1101,0.0,0.5
KHT-XE5S,2025-09-03 21:40:00,9.383,10.826,KHT-XE5S_2025_0526_1101,0.00010000000000012221,0.5
KHT-XE5S,2025-09-03 21:50:00,9.3834,10.825,KHT-XE5S_2025_0526_1101,0.00010000000000012221,0.5
KHT-XE5S,2025-09-03 22:00:00,9.3841,10.826,KHT-XE5S_2025_0526_1101,0.00010000000000012221,0.5
KHT-XE5S,2025-09-03 22:10:00,9.3851,10.824,KHT-XE5S_2025_0526_1101,0.0002000000000000668,0.5
KHT-XE5S,2025-09-03 22:20:00,9.3852,10.825,KHT-XE5S_2025_0526_1101,9.999999999994457e-05,0.5
KHT-XE5S,2025-09-03 22:30:00,9.3848,10.825,KHT-XE5S_2025_0526_1101,0.0,0.5
KHT-XE5S,2025-09-03 22:40:00,9.3848,10.824,KHT-XE5S_2025_0526_1101,9.999999999994457e-05,0.5
KHT-XE5S,2025-09-03 22:50:00,9.3847,10.825,KHT-XE5S_2025_0526_1101,9.999999999994457e-05,0.5
KHT-XE5S,2025-09-03 23:00:00,9.3846,10.825,KHT-XE5S_2025_0526_1101,0.0,0.5
KHT-XE5S,2025-09-03 23:10:00,9.3847,10.825,KHT-XE5S_2025_0526_1101,0.0,0.5
KHT-XE5S,2025-09-03 23:20:00,9.3848,10.828,KHT-XE5S_2025_0526_1101,0.00030000000000001136,0.5
KHT-XE5S,2025-09-03 23:30:00,9.385,10.826,KHT-XE5S_2025_0526_1101,0.00019999999999988915,0.5
KHT-XE5S,2025-09-03 23:40:00,9.3855,10.828,KHT-XE5S_2025_0526_1101,0.00019999999999988915,0.5
KHT-XE5S,2025-09-03 23:50:00,9.3853,10.826,KHT-XE5S_2025_0526_1101,0.00019999999999988915,0.5
KHT-XE5S,2025-09-04 00:00:00,9.3854,10.824,KHT-XE5S_2025_0526_1101,0.0002000000000000668,0.5
KHT-XE5S,2025-09-04 00:10:00,9.3852,10.828,KHT-XE5S_2025_0526_1101,0.00039999999999995595,0.5
KHT-XE5S,2025-09-04 00:20:00,9.3848,10.825,KHT-XE5S_2025_0526_1101,0.00030000000000001136,0.5
KHT-XE5S,2025-09-04 00:30:00,9.3847,10.827,KHT-XE5S_2025_0526_1101,0.0002000000000000668,0.5
KHT-XE5S,2025-09-04 00:40:00,9.3845,10.826,KHT-XE5S_2025_0526_1101,9.999999999994457e-05,0.5
KHT-XE5S,2025-09-04 00:50:00,9.3842,10.826,KHT-XE5S_2025_0526_1101,0.0,0.5
KHT-XE5S,2025-09-04 01:00:00,9.3845,10.826,KHT-XE5S_2025_0526_1101,0.0,0.5
KHT-XE5S,2025-09-04 01:10:00,9.3846,10.827,KHT-XE5S_2025_0526_1101,9.999999999994457e-05,0.5
KHT-XE5S,2025-09-04 01:20:00,9.3847,10.826,KHT-XE5S_2025_0526_1101,9.999999999994457e-05,0.5
KHT-XE5S,2025-09-04 01:30:00,9.3843,10.827,KHT-XE5S_2025_0526_1101,9.999999999994457e-05,0.5
KHT-XE5S,2025-09-04 01:40:00,9.3833,10.825,KHT-XE5S_2025_0526_1101,0.0002000000000000668,0.5
KHT-XE5S,2025-09-04 01:50:00,9.3835,10.828,KHT-XE5S_2025_0526_1101,0.00030000000000001136,0.5
KHT-XE5S,2025-09-04 02:00:00,9.3835,10.827,KHT-XE5S_2025_0526_1101,9.999999999994457e-05,0.5
KHT-XE5S,2025-09-04 02:10:00,9.384,10.827,KHT-XE5S_2025_0526_1101,0.0,0.5
KHT-XE5S,2025-09-04 02:20:00,9.3848,10.827,KHT-XE5S_2025_0526_1101,0.0,0.5
KHT-XE5S,2025-09-04 02:30:00,9.3846,10.827,KHT-XE5S_2025_0526_1101,0.0,0.5
KHT-XE5S,2025-09-04 02:40:00,9.3844,10.829,KHT-XE5S_2025_0526_1101,0.0002000000000000668,0.5
KHT-XE5S,2025-09-04 02:50:00,9.3843,10.828,KHT-XE5S_2025_0526_1101,0.00010000000000012221,0.5
KHT-XE5S,2025-09-04 03:00:00,9.3842,10.827,KHT-XE5S_2025_0526_1101,9.999999999994457e-05,0.5
KHT-XE5S,2025-09-04 03:10:00,9.3839,10.828,KHT-XE5S_2025_0526_1101,9.999999999994457e-05,0.5
KHT-XE5S,2025-09-04 03:20:00,9.3842,10.828,KHT-XE5S_2025_0526_1101,0.0,0.5
KHT-XE5S,2025-09-04 03:30:00,9.3843,10.828,KHT-XE5S_2025_0526_1101,0.0,0.5
KHT-XE5S,2025-09-04 03:40:00,9.3842,10.827,KHT-XE5S_2025_0526_1101,9.999999999994457e-05,0.5
KHT-XE5S,2025-09-04 03:50:00,9.3846,10.827,KHT-XE5S_2025_0526_1101,0.0,0.5
KHT-XE5S,2025-09-04 04:00:00,9.3845,10.827,KHT-XE5S_2025_0526_1101,0.0,0.5
KHT-XE5S,2025-09-04 04:10:00,9.384,10.829,KHT-XE5S_2025_0526_1101,0.0002000000000000668,0.5
KHT-XE5S,2025-09-04 04:20:00,9.3835,10.827,KHT-XE5S_2025_0526_1101,0.0002000000000000668,0.5
KHT-XE5S,2025-09-04 04:30:00,9.3834,10.827,KHT-XE5S_2025_0526_1101,0.0,0.5
KHT-XE5S,2025-09-04 04:40:00,9.3833,10.829,KHT-XE5S_2025_0526_1101,0.0002000000000000668,0.5
KHT-XE5S,2025-09-04 04:50:00,9.3827,10.829,KHT-XE5S_2025_0526_1101,0.0,0.5
KHT-XE5S,2025-09-04 05:00:00,9.3819,10.829,KHT-XE5S_2025_0526_1101,0.0,0.5
KHT-XE5S,2025-09-04 05:10:00,9.3814,10.829,KHT-XE5S_2025_0526_1101,0.0,0.5
KHT-XE5S,2025-09-04 05:20:00,9.381,10.829,KHT-XE5S_2025_0526_1101,0.0,0.5
KHT-XE5S,2025-09-04 05:30:00,9.3811,10.828,KHT-XE5S_2025_0526_1101,0.00010000000000012221,0.5
KHT-XE5S,2025-09-04 05:40:00,9.3806,10.829,KHT-XE5S_2025_0526_1101,0.00010000000000012221,0.5
KHT-XE5S,2025-09-04 05:50:00,9.3806,10.831,KHT-XE5S_2025_0526_1101,0.00019999999999988915,0.5
KHT-XE5S,2025-09-04 06:00:00,9.38,10.829,KHT-XE5S_2025_0526_1101,0.00019999999999988915,0.5
KHT-XE5S,2025-09-04 06:10:00,9.3803,10.83,KHT-XE5S_2025_0526_1101,9.999999999994457e-05,0.5
KHT-XE5S,2025-09-04 06:20:00,9.3801,10.83,KHT-XE5S_2025_0526_1101,0.0,0.5
KHT-XE5S,2025-09-04 06:30:00,9.3799,10.83,KHT-XE5S_2025_0526_1101,0.0,0.5
KHT-XE5S,2025-09-04 06:40:00,9.3803,10.83,KHT-XE5S_2025_0526_1101,0.0,0.5
KHT-XE5S,2025-09-04 06:50:00,9.3803,10.832,KHT-XE5S_2025_0526_1101,0.0002000000000000668,0.5
KHT-XE5S,2025-09-04 07:00:00,9.3805,10.83,KHT-XE5S_2025_0526_1101,0.0002000000000000668,0.5
KHT-XE5S,2025-09-04 07:10:00,9.3805,10.83,KHT-XE5S_2025_0526_1101,0.0,0.5
KHT-XE5S,2025-09-04 07:20:00,9.3808,10.83,KHT-XE5S_2025_0526_1101,0.0,0.5
KHT-XE5S,2025-09-04 07:30:00,9.381,10.831,KHT-XE5S_2025_0526_1101,9.999999999994457e-05,0.5
KHT-XE5S,2025-09-04 07:40:00,9.3808,10.83,KHT-XE5S_2025_0526_1101,9.999999999994457e-05,0.5
KHT-XE5S,2025-09-04 07:50:00,9.3812,10.83,KHT-XE5S_2025_0526_1101,0.0,0.5
KHT-XE5S,2025-09-04 08:00:00,9.3814,10.831,KHT-XE5S_2025_0526_1101,9.999999999994457e-05,0.5
KHT-XE5S,2025-09-04 08:10:00,9.3805,10.832,KHT-XE5S_2025_0526_1101,0.00010000000000012221,0.5
KHT-XE5S,2025-09-04 08:20:00,9.3802,10.831,KHT-XE5S_2025_0526_1101,0.00010000000000012221,0.5
KHT-XE5S,2025-09-04 08:30:00,9.3799,10.831,KHT-XE5S_2025_0526_1101,0.0,0.5
KHT-XE5S,2025-09-04 08:40:00,9.3801,10.831,KHT-XE5S_2025_0526_1101,0.0,0.5
KHT-XE5S,2025-09-04 08:50:00,9.38,10.831,KHT-XE5S_2025_0526_1101,0.0,0.5
KHT-XE5S,2025-09-04 09:00:00,9.3789,10.832,KHT-XE5S_2025_0526_1101,0.00010000000000012221,0.5
KHT-XE5S,2025-09-04 09:10:00,9.3783,10.833,KHT-XE5S_2025_0526_1101,9.999999999994457e-05,0.5
KHT-XE5S,2025-09-04 09:20:00,9.378,10.831,KHT-XE5S_2025_0526_1101,0.0002000000000000668,0.5
KHT-XE5S,2025-09-04 09:30:00,9.3783,10.832,KHT-XE5S_2025_0526_1101,0.00010000000000012221,0.5
KHT-XE5S,2025-09-04 09:40:00,9.3778,10.831,KHT-XE5S_2025_0526_1101,0.00010000000000012221,0.5
KHT-XE5S,2025-09-04 09:50:00,9.3772,10.833,KHT-XE5S_2025_0526_1101,0.0002000000000000668,0.5
KHT-XE5S,2025-09-04 10:00:00,9.3762,10.833,KHT-XE5S_2025_0526_1101,0.0,0.5
KHT-XE5S,2025-09-04 10:10:00,9.3749,10.832,KHT-XE5S_2025_0526_1101,9.999999999994457e-05,0.5
KHT-XE5S,2025-09-04 10:20:00,9.3732,10.836,KHT-XE5S_2025_0526_1101,0.00039999999999995595,0.5
KHT-XE5S,2025-09-04 10:30:00,9.3721,10.833,KHT-XE5S_2025_0526_1101,0.00030000000000001136,0.5
KHT-XE5S,2025-09-04 10:40:00,9.371,10.833,KHT-XE5S_2025_0526_1101,0.0,0.5
KHT-XE5S,2025-09-04 10:50:00,9.3694,10.834,KHT-XE5S_2025_0526_1101,9.999999999994457e-05,0.5
KHT-XE5S,2025-09-04 11:00:00,9.3673,10.834,KHT-XE5S_2025_0526_1101,0.0,0.5
KHT-XE5S,2025-09-04 11:10:00,9.3652,10.834,KHT-XE5S_2025_0526_1101,0.0,0.5
KHT-XE5S,2025-09-04 11:20:00,9.3637,10.834,KHT-XE5S_2025_0526_1101,0.0,0.5
KHT-XE5S,2025-09-04 11:30:00,9.3616,10.835,KHT-XE5S_2025_0526_1101,0.00010000000000012221,0.5
KHT-XE5S,2025-09-04 11:40:00,9.3598,10.832,KHT-XE5S_2025_0526_1101,0.00030000000000001136,0.5
KHT-XE5S,2025-09-04 11:50:00,9.3578,10.834,KHT-XE5S_2025_0526_1101,0.00019999999999988915,0.5
KHT-XE5S,2025-09-04 12:00:00,9.3561,10.834,KHT-XE5S_2025_0526_1101,0.0,0.5
KHT-XE5S,2025-09-04 12:10:00,9.3549,10.836,KHT-XE5S_2025_0526_1101,0.0002000000000000668,0.5
KHT-XE5S,2025-09-04 12:20:00,9.3531,10.834,KHT-XE5S_2025_0526_1101,0.0002000000000000668,0.5
KHT-XE5S,2025-09-04 12:30:00,9.3508,10.835,KHT-XE5S_2025_0526_1101,0.00010000000000012221,0.5
KHT-XE5S,2025-09-04 12:40:00,9.3481,10.836,KHT-XE5S_2025_0526_1101,9.999999999994457e-05,0.5
KHT-XE5S,2025-09-04 12:50:00,9.3465,10.836,KHT-XE5S_2025_0526_1101,0.0,0.5
KHT-XE5S,2025-09-04 13:00:00,9.3448,10.835,KHT-XE5S_2025_0526_1101,9.999999999994457e-05,0.5
KHT-XE5S,2025-09-04 13:10:00,9.3441,10.836,KHT-XE5S_2025_0526_1101,9.999999999994457e-05,0.5
KHT-XE5S,2025-09-04 13:20:00,9.3435,10.836,KHT-XE5S_2025_0526_1101,0.0,0.5
KHT-XE5S,2025-09-04 13:30:00,9.3423,10.836,KHT-XE5S_2025_0526_1101,0.0,0.5
KHT-XE5S,2025-09-04 13:40:00,9.3411,10.836,KHT-XE5S_2025_0526_1101,0.0,0.5
KHT-XE5S,2025-09-04 13:50:00,9.3391,10.837,KHT-XE5S_2025_0526_1101,9.999999999994457e-05,0.5
KHT-XE5S,2025-09-04 14:00:00,9.338,10.838,KHT-XE5S_2025_0526_1101,9.999999999994457e-05,0.5
KHT-XE5S,2025-09-04 14:10:00,9.3344,10.837,KHT-XE5S_2025_0526_1101,9.999999999994457e-05,0.5
KHT-XE5S,2025-09-04 14:20:00,9.3324,10.836,KHT-XE5S_2025_0526_1101,9.999999999994457e-05,0.5
KHT-XE5S,2025-09-04 14:30:00,9.3311,10.837,KHT-XE5S_2025_0526_1101,9.999999999994457e-05,0.5
KHT-XE5S,2025-09-04 14:40:00,9.3294,10.837,KHT-XE5S_2025_0526_1101,0.0,0.5
KHT-XE5S,2025-09-04 14:50:00,9.3269,10.838,KHT-XE5S_2025_0526_1101,9.999999999994457e-05,0.5
KHT-XE5S,2025-09-04 15:00:00,9.3253,10.841,KHT-XE5S_2025_0526_1101,0.00030000000000001136,0.5
KHT-XE5S,2025-09-04 15:10:00,9.3238,10.838,KHT-XE5S_2025_0526_1101,0.00030000000000001136,0.5
KHT-XE5S,2025-09-04 15:20:00,9.3237,10.838,KHT-XE5S_2025_0526_1101,0.0,0.5
KHT-XE5S,2025-09-04 15:30:00,9.3219,10.839,KHT-XE5S_2025_0526_1101,0.00010000000000012221,0.5
KHT-XE5S,2025-09-04 15:40:00,9.3203,10.838,KHT-XE5S_2025_0526_1101,0.00010000000000012221,0.5
KHT-XE5S,2025-09-04 15:50:00,9.3201,10.84,KHT-XE5S_2025_0526_1101,0.0002000000000000668,0.5
KHT-XE5S,2025-09-04 16:00:00,9.3192,10.838,KHT-XE5S_2025_0526_1101,0.0002000000000000668,0.5
KHT-XE5S,2025-09-04 16:10:00,9.3194,10.838,KHT-XE5S_2025_0526_1101,0.0,0.5
KHT-XE5S,2025-09-04 16:20:00,9.3191,10.837,KHT-XE5S_2025_0526_1101,9.999999999994457e-05,0.5
KHT-XE5S,2025-09-04 16:30:00,9.3183,10.84,KHT-XE5S_2025_0526_1101,0.00030000000000001136,0.5
KHT-XE5S,2025-09-04 16:40:00,9.3177,10.841,KHT-XE5S_2025_0526_1101,9.999999999994457e-05,0.5
KHT-XE5S,2025-09-04 16:50:00,9.3164,10.839,KHT-XE5S_2025_0526_1101,0.00019999999999988915,0.5
KHT-XE5S,2025-09-04 17:00:00,9.3163,10.84,KHT-XE5S_2025_0526_1101,9.999999999994457e-05,0.5
KHT-XE5S,2025-09-04 17:10:00,9.315,10.842,KHT-XE5S_2025_0526_1101,0.0002000000000000668,0.5
KHT-XE5S,2025-09-04 17:20:00,9.3148,10.841,KHT-XE5S_2025_0526_1101,0.00010000000000012221,0.5
KHT-XE5S,2025-09-04 17:30:00,9.3137,10.839,KHT-XE5S_2025_0526_1101,0.00019999999999988915,0.5
KHT-XE5S,2025-09-04 17:40:00,9.3138,10.84,KHT-XE5S_2025_0526_1101,9.999999999994457e-05,0.5
KHT-XE5S,2025-09-04 17:50:00,9.3141,10.842,KHT-XE5S_2025_0526_1101,0.0002000000000000668,0.5
KHT-XE5S,2025-09-04 18:00:00,9.3146,10.84,KHT-XE5S_2025_0526_1101,0.0002000000000000668,0.5
KHT-XE5S,2025-09-04 18:10:00,9.3147,10.841,KHT-XE5S_2025_0526_1101,9.999999999994457e-05,0.5
KHT-XE5S,2025-09-04 18:20:00,9.3152,10.838,KHT-XE5S_2025_0526_1101,0.00030000000000001136,0.5
KHT-XE5S,2025-09-04 18:30:00,9.3165,10.839,KHT-XE5S_2025_0526_1101,0.00010000000000012221,0.5
KHT-XE5S,2025-09-04 18:40:00,9.317,10.84,KHT-XE5S_2025_0526_1101,9.999999999994457e-05,0.5
KHT-XE5S,2025-09-04 18:50:00,9.3179,10.84,KHT-XE5S_2025_0526_1101,0.0,0.5
KHT-XE5S,2025-09-04 19:00:00,9.3187,10.841,KHT-XE5S_2025_0526_1101,9.999999999994457e-05,0.5
KHT-XE5S,2025-09-04 19:10:00,9.3192,10.84,KHT-XE5S_2025_0526_1101,9.999999999994457e-05,0.5
KHT-XE5S,2025-09-04 19:20:00,9.3204,10.839,KHT-XE5S_2025_0526_1101,9.999999999994457e-05,0.5
KHT-XE5S,2025-09-04 19:30:00,9.3213,10.84,KHT-XE5S_2025_0526_1101,9.999999999994457e-05,0.5
KHT-XE5S,2025-09-04 19:40:00,9.3224,10.839,KHT-XE5S_2025_0526_1101,9.999999999994457e-05,0.5
KHT-XE5S,2025-09-04 19:50:00,9.3243,10.841,KHT-XE5S_2025_0526_1101,0.00019999999999988915,0.5
KHT-XE5S,2025-09-04 20:00:00,9.3265,10.842,KHT-XE5S_2025_0526_1101,0.00010000000000012221,0.5
KHT-XE5S,2025-09-04 20:10:00,9.328,10.841,KHT-XE5S_2025_0526_1101,0.00010000000000012221,0.5
KHT-XE5S,2025-09-04 20:20:00,9.3293,10.841,KHT-XE5S_2025_0526_1101,0.0,0.5
KHT-XE5S,2025-09-04 20:30:00,9.3313,10.841,KHT-XE5S_2025_0526_1101,0.0,0.5
KHT-XE5S,2025-09-04 20:40:00,9.3332,10.84,KHT-XE5S_2025_0526_1101,9.999999999994457e-05,0.5
KHT-XE5S,2025-09-04 20:50:00,9.3341,10.841,KHT-XE5S_2025_0526_1101,9.999999999994457e-05,0.5
KHT-XE5S,2025-09-04 21:00:00,9.3355,10.84,KHT-XE5S_2025_0526_1101,9.999999999994457e-05,0.5
KHT-XE5S,2025-09-04 21:10:00,9.3376,10.841,KHT-XE5S_2025_0526_1101,9.999999999994457e-05,0.5
KHT-XE5S,2025-09-04 21:20:00,9.3389,10.84,KHT-XE5S_2025_0526_1101,9.999999999994457e-05,0.5
KHT-XE5S,2025-09-04 21:30:00,9.3394,10.842,KHT-XE5S_2025_0526_1101,0.0002000000000000668,0.5
KHT-XE5S,2025-09-04 21:40:00,9.3402,10.842,KHT-XE5S_2025_0526_1101,0.0,0.5
KHT-XE5S,2025-09-04 21:50:00,9.3406,10.84,KHT-XE5S_2025_0526_1101,0.0002000000000000668,0.5
KHT-XE5S,2025-09-04 22:00:00,9.3401,10.842,KHT-XE5S_2025_0526_1101,0.0002000000000000668,0.5
KHT-XE5S,2025-09-04 22:10:00,9.3404,10.843,KHT-XE5S_2025_0526_1101,9.999999999994457e-05,0.5
KHT-XE5S,2025-09-04 22:20:00,9.3411,10.842,KHT-XE5S_2025_0526_1101,9.999999999994457e-05,0.5
KHT-XE5S,2025-09-04 22:30:00,9.3412,10.842,KHT-XE5S_2025_0526_1101,0.0,0.5
KHT-XE5S,2025-09-04 22:40:00,9.3423,10.842,KHT-XE5S_2025_0526_1101,0.0,0.5
KHT-XE5S,2025-09-04 22:50:00,9.3432,10.842,KHT-XE5S_2025_0526_1101,0.0,0.5
KHT-XE5S,2025-09-04 23:00:00,9.3434,10.844,KHT-XE5S_2025_0526_1101,0.00019999999999988915,0.5
KHT-XE5S,2025-09-04 23:10:00,9.3435,10.843,KHT-XE5S_2025_0526_1101,9.999999999994457e-05,0.5
KHT-XE5S,2025-09-04 23:20:00,9.344,10.844,KHT-XE5S_2025_0526_1101,9.999999999994457e-05,0.5
KHT-XE5S,2025-09-04 23:30:00,9.3449,10.844,KHT-XE5S_2025_0526_1101,0.0,0.5
KHT-XE5S,2025-09-04 23:40:00,9.3457,10.843,KHT-XE5S_2025_0526_1101,9.999999999994457e-05,0.5
KHT-XE5S,2025-09-04 23:50:00,9.3459,10.842,KHT-XE5S_2025_0526_1101,9.999999999994457e-05,0.5
KHT-XE5S,2025-09-05 00:00:00,9.3462,10.844,KHT-XE5S_2025_0526_1101,0.00019999999999988915,0.5
KHT-XE5S,2025-09-05 00:10:00,9.3465,10.846,KHT-XE5S_2025_0526_1101,0.0002000000000000668,0.5
KHT-XE5S,2025-09-05 00:20:00,9.3463,10.843,KHT-XE5S_2025_0526_1101,0.00030000000000001136,0.5
KHT-XE5S,2025-09-05 00:30:00,9.347,10.843,KHT-XE5S_2025_0526_1101,0.0,0.5
KHT-XE5S,2025-09-05 00:40:00,9.3473,10.845,KHT-XE5S_2025_0526_1101,0.0002000000000000668,0.5
KHT-XE5S,2025-09-05 00:50:00,9.347,10.843,KHT-XE5S_2025_0526_1101,0.0002000000000000668,0.5
KHT-XE5S,2025-09-05 01:00:00,9.3475,10.844,KHT-XE5S_2025_0526_1101,9.999999999994457e-05,0.5
KHT-XE5S,2025-09-05 01:10:00,9.3479,10.845,KHT-XE5S_2025_0526_1101,0.00010000000000012221,0.5
KHT-XE5S,2025-09-05 01:20:00,9.348,10.845,KHT-XE5S_2025_0526_1101,0.0,0.5
KHT-XE5S,2025-09-05 01:30:00,9.3478,10.844,KHT-XE5S_2025_0526_1101,0.00010000000000012221,0.5
KHT-XE5S,2025-09-05 01:40:00,9.3478,10.845,KHT-XE5S_2025_0526_1101,0.00010000000000012221,0.5
KHT-XE5S,2025-09-05 01:50:00,9.348,10.847,KHT-XE5S_2025_0526_1101,0.00019999999999988915,0.5
KHT-XE5S,2025-09-05 02:00:00,9.3477,10.843,KHT-XE5S_2025_0526_1101,0.00039999999999995595,0.5
KHT-XE5S,2025-09-05 02:10:00,9.3474,10.844,KHT-XE5S_2025_0526_1101,9.999999999994457e-05,0.5
KHT-XE5S,2025-09-05 02:20:00,9.3475,10.846,KHT-XE5S_2025_0526_1101,0.0002000000000000668,0.5
KHT-XE5S,2025-09-05 02:30:00,9.347,10.844,KHT-XE5S_2025_0526_1101,0.0002000000000000668,0.5
KHT-XE5S,2025-09-05 02:40:00,9.347,10.847,KHT-XE5S_2025_0526_1101,0.00030000000000001136,0.5
KHT-XE5S,2025-09-05 02:50:00,9.3476,10.845,KHT-XE5S_2025_0526_1101,0.00019999999999988915,0.5
KHT-XE5S,2025-09-05 03:00:00,9.348,10.846,KHT-XE5S_2025_0526_1101,9.999999999994457e-05,0.5
KHT-XE5S,2025-09-05 03:10:00,9.3478,10.847,KHT-XE5S_2025_0526_1101,9.999999999994457e-05,0.5
KHT-XE5S,2025-09-05 03:20:00,9.3473,10.846,KHT-XE5S_2025_0526_1101,9.999999999994457e-05,0.5
KHT-XE5S,2025-09-05 03:30:00,9.3473,10.845,KHT-XE5S_2025_0526_1101,9.999999999994457e-05,0.5
KHT-XE5S,2025-09-05 03:40:00,9.3475,10.845,KHT-XE5S_2025_0526_1101,0.0,0.5
KHT-XE5S,2025-09-05 03:50:00,9.3469,10.848,KHT-XE5S_2025_0526_1101,0.00030000000000001136,0.5
KHT-XE5S,2025-09-05 04:00:00,9.3466,10.846,KHT-XE5S_2025_0526_1101,0.0002000000000000668,0.5
KHT-XE5S,2025-09-05 04:10:00,9.3467,10.845,KHT-XE5S_2025_0526_1101,9.999999999994457e-05,0.5
KHT-XE5S,2025-09-05 04:20:00,9.347,10.848,KHT-XE5S_2025_0526_1101,0.00030000000000001136,0.5
KHT-XE5S,2025-09-05 04:30:00,9.3466,10.846,KHT-XE5S_2025_0526_1101,0.0002000000000000668,0.5
KHT-XE5S,2025-09-05 04:40:00,9.3465,10.845,KHT-XE5S_2025_0526_1101,9.999999999994457e-05,0.5
KHT-XE5S,2025-09-05 04:50:00,9.3464,10.849,KHT-XE5S_2025_0526_1101,0.00039999999999995595,0.5
KHT-XE5S,2025-09-05 05:00:00,9.3468,10.848,KHT-XE5S_2025_0526_1101,9.999999999994457e-05,0.5
KHT-XE5S,2025-09-05 05:10:00,9.3468,10.847,KHT-XE5S_2025_0526_1101,0.00010000000000012221,0.5
KHT-XE5S,2025-09-05 05:20:00,9.3471,10.845,KHT-XE5S_2025_0526_1101,0.00019999999999988915,0.5
KHT-XE5S,2025-09-05 05:30:00,9.3478,10.847,KHT-XE5S_2025_0526_1101,0.00019999999999988915,0.5
KHT-XE5S,2025-09-05 05:40:00,9.348,10.847,KHT-XE5S_2025_0526_1101,0.0,0.5
KHT-XE5S,2025-09-05 05:50:00,9.3482,10.847,KHT-XE5S_2025_0526_1101,0.0,0.5
KHT-XE5S,2025-09-05 06:00:00,9.3486,10.848,KHT-XE5S_2025_0526_1101,0.00010000000000012221,0.5
KHT-XE5S,2025-09-05 06:10:00,9.3487,10.848,KHT-XE5S_2025_0526_1101,0.0,0.5
KHT-XE5S,2025-09-05 06:20:00,9.3487,10.848,KHT-XE5S_2025_0526_1101,0.0,0.5
KHT-XE5S,2025-09-05 06:30:00,9.3497,10.847,KHT-XE5S_2025_0526_1101,0.00010000000000012221,0.5
KHT-XE5S,2025-09-05 06:40:00,9.3504,10.849,KHT-XE5S_2025_0526_1101,0.0002000000000000668,0.5
KHT-XE5S,2025-09-05 06:50:00,9.3507,10.847,KHT-XE5S_2025_0526_1101,0.0002000000000000668,0.5
KHT-XE5S,2025-09-05 07:00:00,9.3509,10.849,KHT-XE5S_2025_0526_1101,0.0002000000000000668,0.5
KHT-XE5S,2025-09-05 07:10:00,9.3514,10.848,KHT-XE5S_2025_0526_1101,9.999999999994457e-05,0.5
KHT-XE5S,2025-09-05 07:20:00,9.3526,10.847,KHT-XE5S_2025_0526_1101,0.00010000000000012221,0.5
KHT-XE5S,2025-09-05 07:30:00,9.3532,10.848,KHT-XE5S_2025_0526_1101,0.00010000000000012221,0.5
KHT-XE5S,2025-09-05 07:40:00,9.3532,10.846,KHT-XE5S_2025_0526_1101,0.0002000000000000668,0.5
KHT-XE5S,2025-09-05 07:50:00,9.3532,10.848,KHT-XE5S_2025_0526_1101,0.0002000000000000668,0.5
KHT-XE5S,2025-09-05 08:00:00,9.3539,10.85,KHT-XE5S_2025_0526_1101,0.00019999999999988915,0.5
KHT-XE5S,2025-09-05 08:10:00,9.3533,10.85,KHT-XE5S_2025_0526_1101,0.0,0.5
KHT-XE5S,2025-09-05 08:20:00,9.3527,10.85,KHT-XE5S_2025_0526_1101,0.0,0.5
KHT-XE5S,2025-09-05 08:30:00,9.3524,10.851,KHT-XE5S_2025_0526_1101,0.00010000000000012221,0.5
KHT-XE5S,2025-09-05 08:40:00,9.352,10.85,KHT-XE5S_2025_0526_1101,0.00010000000000012221,0.5
KHT-XE5S,2025-09-05 08:50:00,9.3517,10.848,KHT-XE5S_2025_0526_1101,0.00019999999999988915,0.5
KHT-XE5S,2025-09-05 09:00:00,9.3508,10.849,KHT-XE5S_2025_0526_1101,9.999999999994457e-05,0.5
KHT-XE5S,2025-09-05 09:10:00,9.3508,10.848,KHT-XE5S_2025_0526_1101,9.999999999994457e-05,0.5
KHT-XE5S,2025-09-05 09:20:00,9.3501,10.85,KHT-XE5S_2025_0526_1101,0.00019999999999988915,0.5
KHT-XE5S,2025-09-05 09:30:00,9.35,10.849,KHT-XE5S_2025_0526_1101,9.999999999994457e-05,0.5
KHT-XE5S,2025-09-05 09:40:00,9.3496,10.852,KHT-XE5S_2025_0526_1101,0.00030000000000001136,0.5
KHT-XE5S,2025-09-05 09:50:00,9.3492,10.851,KHT-XE5S_2025_0526_1101,9.999999999994457e-05,0.5
KHT-XE5S,2025-09-05 10:00:00,9.3482,10.853,KHT-XE5S_2025_0526_1101,0.00019999999999988915,0.5
KHT-XE5S,2025-09-05 10:10:00,9.3471,10.852,KHT-XE5S_2025_0526_1101,9.999999999994457e-05,0.5
KHT-XE5S,2025-09-05 10:20:00,9.3465,10.851,KHT-XE5S_2025_0526_1101,9.999999999994457e-05,0.5
KHT-XE5S,2025-09-05 10:30:00,9.346,10.852,KHT-XE5S_2025_0526_1101,9.999999999994457e-05,0.5
KHT-XE5S,2025-09-05 10:40:00,9.3438,10.852,KHT-XE5S_2025_0526_1101,0.0,0.5
KHT-XE5S,2025-09-05 10:50:00,9.3425,10.854,KHT-XE5S_2025_0526_1101,0.00019999999999988915,0.5
KHT-XE5S,2025-09-05 11:00:00,9.3411,10.854,KHT-XE5S_2025_0526_1101,0.0,0.5
KHT-XE5S,2025-09-05 11:10:00,9.3388,10.853,KHT-XE5S_2025_0526_1101,9.999999999994457e-05,0.5
KHT-XE5S,2025-09-05 11:20:00,9.3379,10.854,KHT-XE5S_2025_0526_1101,9.999999999994457e-05,0.5
KHT-XE5S,2025-09-05 11:30:00,9.3358,10.853,KHT-XE5S_2025_0526_1101,9.999999999994457e-05,0.5
KHT-XE5S,2025-09-05 11:40:00,9.3354,10.855,KHT-XE5S_2025_0526_1101,0.0002000000000000668,0.5
KHT-XE5S,2025-09-05 11:50:00,9.3337,10.854,KHT-XE5S_2025_0526_1101,0.00010000000000012221,0.5
KHT-XE5S,2025-09-05 12:00:00,9.3316,10.854,KHT-XE5S_2025_0526_1101,0.0,0.5
KHT-XE5S,2025-09-05 12:10:00,9.3299,10.854,KHT-XE5S_2025_0526_1101,0.0,0.5
KHT-XE5S,2025-09-05 12:20:00,9.3286,10.855,KHT-XE5S_2025_0526_1101,0.00010000000000012221,0.5
KHT-XE5S,2025-09-05 12:30:00,9.3263,10.855,KHT-XE5S_2025_0526_1101,0.0,0.5
KHT-XE5S,2025-09-05 12:40:00,9.3254,10.853,KHT-XE5S_2025_0526_1101,0.0002000000000000668,0.5
KHT-XE5S,2025-09-05 12:50:00,9.3226,10.857,KHT-XE5S_2025_0526_1101,0.00039999999999995595,0.5
KHT-XE5S,2025-09-05 13:00:00,9.3219,10.855,KHT-XE5S_2025_0526_1101,0.00019999999999988915,0.5
KHT-XE5S,2025-09-05 13:10:00,9.3197,10.855,KHT-XE5S_2025_0526_1101,0.0,0.5
KHT-XE5S,2025-09-05 13:20:00,9.3179,10.855,KHT-XE5S_2025_0526_1101,0.0,0.5
KHT-XE5S,2025-09-05 13:30:00,9.3165,10.856,KHT-XE5S_2025_0526_1101,9.999999999994457e-05,0.5
KHT-XE5S,2025-09-05 13:40:00,9.3147,10.853,KHT-XE5S_2025_0526_1101,0.00030000000000001136,0.5
KHT-XE5S,2025-09-05 13:50:00,9.3134,10.856,KHT-XE5S_2025_0526_1101,0.00030000000000001136,0.5
KHT-XE5S,2025-09-05 14:00:00,9.311,10.854,KHT-XE5S_2025_0526_1101,0.0002000000000000668,0.5
KHT-XE5S,2025-09-05 14:10:00,9.3095,10.856,KHT-XE5S_2025_0526_1101,0.0002000000000000668,0.5
KHT-XE5S,2025-09-05 14:20:00,9.3087,10.857,KHT-XE5S_2025_0526_1101,9.999999999994457e-05,0.5
KHT-XE5S,2025-09-05 14:30:00,9.3059,10.856,KHT-XE5S_2025_0526_1101,9.999999999994457e-05,0.5
KHT-XE5S,2025-09-05 14:40:00,9.3044,10.856,KHT-XE5S_2025_0526_1101,0.0,0.5
KHT-XE5S,2025-09-05 14:50:00,9.3028,10.857,KHT-XE5S_2025_0526_1101,9.999999999994457e-05,0.5
KHT-XE5S,2025-09-05 15:00:00,9.302,10.857,KHT-XE5S_2025_0526_1101,0.0,0.5
KHT-XE5S,2025-09-05 15:10:00,9.301,10.856,KHT-XE5S_2025_0526_1101,9.999999999994457e-05,0.5
KHT-XE5S,2025-09-05 15:20:00,9.3002,10.857,KHT-XE5S_2025_0526_1101,9.999999999994457e-05,0.5
KHT-XE5S,2025-09-05 15:30:00,9.299,10.858,KHT-XE5S_2025_0526_1101,0.00010000000000012221,0.5
KHT-XE5S,2025-09-05 15:40:00,9.298,10.858,KHT-XE5S_2025_0526_1101,0.0,0.5
KHT-XE5S,2025-09-05 15:50:00,9.2971,10.856,KHT-XE5S_2025_0526_1101,0.0002000000000000668,0.5
KHT-XE5S,2025-09-05 16:00:00,9.2984,10.857,KHT-XE5S_2025_0526_1101,9.999999999994457e-05,0.5
KHT-XE5S,2025-09-05 16:10:00,9.2981,10.856,KHT-XE5S_2025_0526_1101,9.999999999994457e-05,0.5
KHT-XE5S,2025-09-05 16:20:00,9.2988,10.857,KHT-XE5S_2025_0526_1101,9.999999999994457e-05,0.5
KHT-XE5S,2025-09-05 16:30:00,9.2987,10.86,KHT-XE5S_2025_0526_1101,0.00030000000000001136,0.5
KHT-XE5S,2025-09-05 16:40:00,9.2985,10.859,KHT-XE5S_2025_0526_1101,9.999999999994457e-05,0.5
KHT-XE5S,2025-09-05 16:50:00,9.2983,10.857,KHT-XE5S_2025_0526_1101,0.0002000000000000668,0.5
KHT-XE5S,2025-09-05 17:00:00,9.2981,10.857,KHT-XE5S_2025_0526_1101,0.0,0.5
KHT-XE5S,2025-09-05 17:10:00,9.2978,10.858,KHT-XE5S_2025_0526_1101,0.00010000000000012221,0.5
KHT-XE5S,2025-09-05 17:20:00,9.2972,10.858,KHT-XE5S_2025_0526_1101,0.0,0.5
KHT-XE5S,2025-09-05 17:30:00,9.297,10.861,KHT-XE5S_2025_0526_1101,0.00030000000000001136,0.5
KHT-XE5S,2025-09-05 17:40:00,9.2971,10.859,KHT-XE5S_2025_0526_1101,0.0002000000000000668,0.5
KHT-XE5S,2025-09-05 17:50:00,9.2967,10.858,KHT-XE5S_2025_0526_1101,9.999999999994457e-05,0.5
KHT-XE5S,2025-09-05 18:00:00,9.2967,10.857,KHT-XE5S_2025_0526_1101,0.00010000000000012221,0.5
KHT-XE5S,2025-09-05 18:10:00,9.2974,10.859,KHT-XE5S_2025_0526_1101,0.0002000000000000668,0.5
KHT-XE5S,2025-09-05 18:20:00,9.2983,10.858,KHT-XE5S_2025_0526_1101,9.999999999994457e-05,0.5
KHT-XE5S,2025-09-05 18:30:00,9.3001,10.856,KHT-XE5S_2025_0526_1101,0.0002000000000000668,0.5
KHT-XE5S,2025-09-05 18:40:00,9.3012,10.857,KHT-XE5S_2025_0526_1101,9.999999999994457e-05,0.5
KHT-XE5S,2025-09-05 18:50:00,9.3036,10.861,KHT-XE5S_2025_0526_1101,0.0004000000000001336,0.5
KHT-XE5S,2025-09-05 19:00:00,9.3053,10.858,KHT-XE5S_2025_0526_1101,0.00030000000000001136,0.5
KHT-XE5S,2025-09-05 19:10:00,9.3069,10.859,KHT-XE5S_2025_0526_1101,9.999999999994457e-05,0.5
KHT-XE5S,2025-09-05 19:20:00,9.3082,10.859,KHT-XE5S_2025_0526_1101,0.0,0.5
KHT-XE5S,2025-09-05 19:30:00,9.3098,10.859,KHT-XE5S_2025_0526_1101,0.0,0.5
KHT-XE5S,2025-09-05 19:40:00,9.3111,10.859,KHT-XE5S_2025_0526_1101,0.0,0.5
KHT-XE5S,2025-09-05 19:50:00,9.3134,10.859,KHT-XE5S_2025_0526_1101,0.0,0.5
KHT-XE5S,2025-09-05 20:00:00,9.3153,10.859,KHT-XE5S_2025_0526_1101,0.0,0.5
KHT-XE5S,2025-09-05 20:10:00,9.3162,10.858,KHT-XE5S_2025_0526_1101,9.999999999994457e-05,0.5
KHT-XE5S,2025-09-05 20:20:00,9.3171,10.86,KHT-XE5S_2025_0526_1101,0.00019999999999988915,0.5
KHT-XE5S,2025-09-05 20:30:00,9.3189,10.859,KHT-XE5S_2025_0526_1101,9.999999999994457e-05,0.5
KHT-XE5S,2025-09-05 20:40:00,9.3204,10.859,KHT-XE5S_2025_0526_1101,0.0,0.5
KHT-XE5S,2025-09-05 20:50:00,9.3216,10.858,KHT-XE5S_2025_0526_1101,9.999999999994457e-05,0.5
KHT-XE5S,2025-09-05 21:00:00,9.3231,10.859,KHT-XE5S_2025_0526_1101,9.999999999994457e-05,0.5
KHT-XE5S,2025-09-05 21:10:00,9.3248,10.861,KHT-XE5S_2025_0526_1101,0.0002000000000000668,0.5
KHT-XE5S,2025-09-05 21:20:00,9.3266,10.861,KHT-XE5S_2025_0526_1101,0.0,0.5
KHT-XE5S,2025-09-05 21:30:00,9.3282,10.861,KHT-XE5S_2025_0526_1101,0.0,0.5
KHT-XE5S,2025-09-05 21:40:00,9.3289,10.862,KHT-XE5S_2025_0526_1101,9.999999999994457e-05,0.5
KHT-XE5S,2025-09-05 21:50:00,9.3299,10.861,KHT-XE5S_2025_0526_1101,9.999999999994457e-05,0.5
KHT-XE5S,2025-09-05 22:00:00,9.3304,10.861,KHT-XE5S_2025_0526_1101,0.0,0.5
KHT-XE5S,2025-09-05 22:10:00,9.3322,10.86,KHT-XE5S_2025_0526_1101,0.00010000000000012221,0.5
KHT-XE5S,2025-09-05 22:20:00,9.3327,10.86,KHT-XE5S_2025_0526_1101,0.0,0.5
KHT-XE5S,2025-09-05 22:30:00,9.3333,10.86,KHT-XE5S_2025_0526_1101,0.0,0.5
KHT-XE5S,2025-09-05 22:40:00,9.3341,10.862,KHT-XE5S_2025_0526_1101,0.0002000000000000668,0.5
KHT-XE5S,2025-09-05 22:50:00,9.3349,10.86,KHT-XE5S_2025_0526_1101,0.0002000000000000668,0.5
KHT-XE5S,2025-09-05 23:00:00,9.3359,10.861,KHT-XE5S_2025_0526_1101,0.00010000000000012221,0.5
KHT-XE5S,2025-09-05 23:10:00,9.3369,10.86,KHT-XE5S_2025_0526_1101,0.00010000000000012221,0.5
KHT-XE5S,2025-09-05 23:20:00,9.3373,10.86,KHT-XE5S_2025_0526_1101,0.0,0.5
KHT-XE5S,2025-09-05 23:30:00,9.3376,10.861,KHT-XE5S_2025_0526_1101,0.00010000000000012221,0.5
KHT-XE5S,2025-09-05 23:40:00,9.3374,10.861,KHT-XE5S_2025_0526_1101,0.0,0.5
KHT-XE5S,2025-09-05 23:50:00,9.3384,10.861,KHT-XE5S_2025_0526_1101,0.0,0.5
KHT-XE5S,2025-09-06 00:00:00,9.3394,10.86,KHT-XE5S_2025_0526_1101,0.00010000000000012221,0.5
KHT-XE5S,2025-09-06 00:10:00,9.3405,10.862,KHT-XE5S_2025_0526_1101,0.0002000000000000668,0.5
KHT-XE5S,2025-09-06 00:20:00,9.3398,10.862,KHT-XE5S_2025_0526_1101,0.0,0.5
KHT-XE5S,2025-09-06 00:30:00,9.3408,10.863,KHT-XE5S_2025_0526_1101,9.999999999994457e-05,0.5
KHT-XE5S,2025-09-06 00:40:00,9.3415,10.862,KHT-XE5S_2025_0526_1101,9.999999999994457e-05,0.5
KHT-XE5S,2025-09-06 00:50:00,9.3426,10.862,KHT-XE5S_2025_0526_1101,0.0,0.5
KHT-XE5S,2025-09-06 01:00:00,9.3432,10.864,KHT-XE5S_2025_0526_1101,0.0002000000000000668,0.5
KHT-XE5S,2025-09-06 01:10:00,9.3437,10.865,KHT-XE5S_2025_0526_1101,9.999999999994457e-05,0.5
KHT-XE5S,2025-09-06 01:20:00,9.3447,10.863,KHT-XE5S_2025_0526_1101,0.0002000000000000668,0.5
KHT-XE5S,2025-09-06 01:30:00,9.345,10.863,KHT-XE5S_2025_0526_1101,0.0,0.5
KHT-XE5S,2025-09-06 01:40:00,9.3452,10.863,KHT-XE5S_2025_0526_1101,0.0,0.5
KHT-XE5S,2025-09-06 01:50:00,9.3457,10.864,KHT-XE5S_2025_0526_1101,0.00010000000000012221,0.5
KHT-XE5S,2025-09-06 02:00:00,9.3453,10.863,KHT-XE5S_2025_0526_1101,0.00010000000000012221,0.5
KHT-XE5S,2025-09-06 02:10:00,9.3455,10.864,KHT-XE5S_2025_0526_1101,0.00010000000000012221,0.5
KHT-XE5S,2025-09-06 02:20:00,9.3455,10.863,KHT-XE5S_2025_0526_1101,0.00010000000000012221,0.5
KHT-XE5S,2025-09-06 02:30:00,9.3461,10.865,KHT-XE5S_2025_0526_1101,0.0002000000000000668,0.5
KHT-XE5S,2025-09-06 02:40:00,9.3458,10.864,KHT-XE5S_2025_0526_1101,9.999999999994457e-05,0.5
KHT-XE5S,2025-09-06 02:50:00,9.3457,10.864,KHT-XE5S_2025_0526_1101,0.0,0.5
KHT-XE5S,2025-09-06 03:00:00,9.3452,10.865,KHT-XE5S_2025_0526_1101,9.999999999994457e-05,0.5
KHT-XE5S,2025-09-06 03:10:00,9.3456,10.865,KHT-XE5S_2025_0526_1101,0.0,0.5
KHT-XE5S,2025-09-06 03:20:00,9.3466,10.865,KHT-XE5S_2025_0526_1101,0.0,0.5
KHT-XE5S,2025-09-06 03:30:00,9.346,10.865,KHT-XE5S_2025_0526_1101,0.0,0.5
KHT-XE5S,2025-09-06 03:40:00,9.3466,10.866,KHT-XE5S_2025_0526_1101,9.999999999994457e-05,0.5
KHT-XE5S,2025-09-06 03:50:00,9.346,10.864,KHT-XE5S_2025_0526_1101,0.00019999999999988915,0.5
KHT-XE5S,2025-09-06 04:00:00,9.3461,10.865,KHT-XE5S_2025_0526_1101,9.999999999994457e-05,0.5
KHT-XE5S,2025-09-06 04:10:00,9.3464,10.866,KHT-XE5S_2025_0526_1101,9.999999999994457e-05,0.5
KHT-XE5S,2025-09-06 04:20:00,9.3474,10.865,KHT-XE5S_2025_0526_1101,9.999999999994457e-05,0.5
KHT-XE5S,2025-09-06 04:30:00,9.3477,10.865,KHT-XE5S_2025_0526_1101,0.0,0.5
KHT-XE5S,2025-09-06 04:40:00,9.348,10.866,KHT-XE5S_2025_0526_1101,9.999999999994457e-05,0.5
KHT-XE5S,2025-09-06 04:50:00,9.3476,10.865,KHT-XE5S_2025_0526_1101,9.999999999994457e-05,0.5
KHT-XE5S,2025-09-06 05:00:00,9.3484,10.865,KHT-XE5S_2025_0526_1101,0.0,0.5
KHT-XE5S,2025-09-06 05:10:00,9.3492,10.865,KHT-XE5S_2025_0526_1101,0.0,0.5
KHT-XE5S,2025-09-06 05:20:00,9.3498,10.864,KHT-XE5S_2025_0526_1101,9.999999999994457e-05,0.5
KHT-XE5S,2025-09-06 05:30:00,9.35,10.866,KHT-XE5S_2025_0526_1101,0.00019999999999988915,0.5
KHT-XE5S,2025-09-06 05:40:00,9.3504,10.866,KHT-XE5S_2025_0526_1101,0.0,0.5
KHT-XE5S,2025-09-06 05:50:00,9.3505,10.866,KHT-XE5S_2025_0526_1101,0.0,0.5
KHT-XE5S,2025-09-06 06:00:00,9.3509,10.867,KHT-XE5S_2025_0526_1101,0.00010000000000012221,0.5
KHT-XE5S,2025-09-06 06:10:00,9.3518,10.866,KHT-XE5S_2025_0526_1101,0.00010000000000012221,0.5
KHT-XE5S,2025-09-06 06:20:00,9.3522,10.867,KHT-XE5S_2025_0526_1101,0.00010000000000012221,0.5
KHT-XE5S,2025-09-06 06:30:00,9.3534,10.865,KHT-XE5S_2025_0526_1101,0.0002000000000000668,0.5
KHT-XE5S,2025-09-06 06:40:00,9.3551,10.868,KHT-XE5S_2025_0526_1101,0.00030000000000001136,0.5
KHT-XE5S,2025-09-06 06:50:00,9.3556,10.864,KHT-XE5S_2025_0526_1101,0.00039999999999995595,0.5
KHT-XE5S,2025-09-06 07:00:00,9.3565,10.867,KHT-XE5S_2025_0526_1101,0.00030000000000001136,0.5
KHT-XE5S,2025-09-06 07:10:00,9.3567,10.867,KHT-XE5S_2025_0526_1101,0.0,0.5
KHT-XE5S,2025-09-06 07:20:00,9.3575,10.867,KHT-XE5S_2025_0526_1101,0.0,0.5
KHT-XE5S,2025-09-06 07:30:00,9.3575,10.867,KHT-XE5S_2025_0526_1101,0.0,0.5
KHT-XE5S,2025-09-06 07:40:00,9.3577,10.866,KHT-XE5S_2025_0526_1101,0.00010000000000012221,0.5
KHT-XE5S,2025-09-06 07:50:00,9.3582,10.868,KHT-XE5S_2025_0526_1101,0.0002000000000000668,0.5
KHT-XE5S,2025-09-06 08:00:00,9.358,10.866,KHT-XE5S_2025_0526_1101,0.0002000000000000668,0.5
KHT-XE5S,2025-09-06 08:10:00,9.3582,10.867,KHT-XE5S_2025_0526_1101,0.00010000000000012221,0.5
KHT-XE5S,2025-09-06 08:20:00,9.3582,10.867,KHT-XE5S_2025_0526_1101,0.0,0.5
KHT-XE5S,2025-09-06 08:30:00,9.3588,10.868,KHT-XE5S_2025_0526_1101,9.999999999994457e-05,0.5
KHT-XE5S,2025-09-06 08:40:00,9.3584,10.868,KHT-XE5S_2025_0526_1101,0.0,0.5
KHT-XE5S,2025-09-06 08:50:00,9.3584,10.868,KHT-XE5S_2025_0526_1101,0.0,0.5
KHT-XE5S,2025-09-06 09:00:00,9.3584,10.869,KHT-XE5S_2025_0526_1101,9.999999999994457e-05,0.5
KHT-XE5S,2025-09-06 09:10:00,9.3579,10.869,KHT-XE5S_2025_0526_1101,0.0,0.5
KHT-XE5S,2025-09-06 09:20:00,9.3583,10.87,KHT-XE5S_2025_0526_1101,9.999999999994457e-05,0.5
KHT-XE5S,2025-09-06 09:30:00,9.3577,10.869,KHT-XE5S_2025_0526_1101,9.999999999994457e-05,0.5
KHT-XE5S,2025-09-06 09:40:00,9.3575,10.869,KHT-XE5S_2025_0526_1101,0.0,0.5
KHT-XE5S,2025-09-06 09:50:00,9.3576,10.871,KHT-XE5S_2025_0526_1101,0.0002000000000000668,0.5
KHT-XE5S,2025-09-06 10:00:00,9.357,10.87,KHT-XE5S_2025_0526_1101,0.00010000000000012221,0.5
KHT-XE5S,2025-09-06 10:10:00,9.3569,10.869,KHT-XE5S_2025_0526_1101,9.999999999994457e-05,0.5
KHT-XE5S,2025-09-06 10:20:00,9.3559,10.87,KHT-XE5S_2025_0526_1101,9.999999999994457e-05,0.5
KHT-XE5S,2025-09-06 10:30:00,9.3556,10.872,KHT-XE5S_2025_0526_1101,0.0002000000000000668,0.5
KHT-XE5S,2025-09-06 10:40:00,9.3547,10.872,KHT-XE5S_2025_0526_1101,0.0,0.5
KHT-XE5S,2025-09-06 10:50:00,9.3535,10.871,KHT-XE5S_2025_0526_1101,9.999999999994457e-05,0.5
KHT-XE5S,2025-09-06 11:00:00,9.3528,10.87,KHT-XE5S_2025_0526_1101,0.00010000000000012221,0.5
KHT-XE5S,2025-09-06 11:10:00,9.3516,10.871,KHT-XE5S_2025_0526_1101,0.00010000000000012221,0.5
KHT-XE5S,2025-09-06 11:20:00,9.3503,10.871,KHT-XE5S_2025_0526_1101,0.0,0.5
KHT-XE5S,2025-09-06 11:30:00,9.3507,10.871,KHT-XE5S_2025_0526_1101,0.0,0.5
KHT-XE5S,2025-09-06 11:40:00,9.3513,10.871,KHT-XE5S_2025_0526_1101,0.0,0.5
KHT-XE5S,2025-09-06 11:50:00,9.3489,10.873,KHT-XE5S_2025_0526_1101,0.00019999999999988915,0.5
KHT-XE5S,2025-09-06 12:00:00,9.3484,10.871,KHT-XE5S_2025_0526_1101,0.00019999999999988915,0.5
KHT-XE5S,2025-09-06 12:10:00,9.3474,10.873,KHT-XE5S_2025_0526_1101,0.00019999999999988915,0.5
KHT-XE5S,2025-09-06 12:20:00,9.3466,10.873,KHT-XE5S_2025_0526_1101,0.0,0.5
KHT-XE5S,2025-09-06 12:30:00,9.3448,10.873,KHT-XE5S_2025_0526_1101,0.0,0.5
KHT-XE5S,2025-09-06 12:40:00,9.3433,10.873,KHT-XE5S_2025_0526_1101,0.0,0.5
KHT-XE5S,2025-09-06 12:50:00,9.3418,10.872,KHT-XE5S_2025_0526_1101,9.999999999994457e-05,0.5
KHT-XE5S,2025-09-06 13:00:00,9.3411,10.874,KHT-XE5S_2025_0526_1101,0.0002000000000000668,0.5
KHT-XE5S,2025-09-06 13:10:00,9.3398,10.873,KHT-XE5S_2025_0526_1101,0.00010000000000012221,0.5
KHT-XE5S,2025-09-06 13:20:00,9.3379,10.873,KHT-XE5S_2025_0526_1101,0.0,0.5
KHT-XE5S,2025-09-06 13:30:00,9.3374,10.875,KHT-XE5S_2025_0526_1101,0.0002000000000000668,0.5
KHT-XE5S,2025-09-06 13:40:00,9.3362,10.873,KHT-XE5S_2025_0526_1101,0.0002000000000000668,0.5
KHT-XE5S,2025-09-06 13:50:00,9.3366,10.873,KHT-XE5S_2025_0526_1101,0.0,0.5
KHT-XE5S,2025-09-06 14:00:00,9.3366,10.875,KHT-XE5S_2025_0526_1101,0.0002000000000000668,0.5
KHT-XE5S,2025-09-06 14:10:00,9.3351,10.873,KHT-XE5S_2025_0526_1101,0.0002000000000000668,0.5
KHT-XE5S,2025-09-06 14:20:00,9.3342,10.874,KHT-XE5S_2025_0526_1101,0.00010000000000012221,0.5
KHT-XE5S,2025-09-06 14:30:00,9.3319,10.874,KHT-XE5S_2025_0526_1101,0.0,0.5
KHT-XE5S,2025-09-06 14:40:00,9.3319,10.875,KHT-XE5S_2025_0526_1101,9.999999999994457e-05,0.5
KHT-XE5S,2025-09-06 14:50:00,9.3307,10.873,KHT-XE5S_2025_0526_1101,0.0002000000000000668,0.5
KHT-XE5S,2025-09-06 15:00:00,9.3283,10.874,KHT-XE5S_2025_0526_1101,0.00010000000000012221,0.5
KHT-XE5S,2025-09-06 15:10:00,9.3284,10.874,KHT-XE5S_2025_0526_1101,0.0,0.5
KHT-XE5S,2025-09-06 15:20:00,9.3287,10.875,KHT-XE5S_2025_0526_1101,9.999999999994457e-05,0.5
KHT-XE5S,2025-09-06 15:30:00,9.3284,10.876,KHT-XE5S_2025_0526_1101,9.999999999994457e-05,0.5
KHT-XE5S,2025-09-06 15:40:00,9.328,10.875,KHT-XE5S_2025_0526_1101,9.999999999994457e-05,0.5
KHT-XE5S,2025-09-06 15:50:00,9.3266,10.875,KHT-XE5S_2025_0526_1101,0.0,0.5
KHT-XE5S,2025-09-06 16:00:00,9.3266,10.874,KHT-XE5S_2025_0526_1101,9.999999999994457e-05,0.5
KHT-XE5S,2025-09-06 16:10:00,9.3268,10.876,KHT-XE5S_2025_0526_1101,0.00019999999999988915,0.5
KHT-XE5S,2025-09-06 16:20:00,9.326,10.875,KHT-XE5S_2025_0526_1101,9.999999999994457e-05,0.5
KHT-XE5S,2025-09-06 16:30:00,9.3259,10.877,KHT-XE5S_2025_0526_1101,0.0002000000000000668,0.5
KHT-XE5S,2025-09-06 16:40:00,9.3259,10.875,KHT-XE5S_2025_0526_1101,0.0002000000000000668,0.5
KHT-XE5S,2025-09-06 16:50:00,9.3273,10.875,KHT-XE5S_2025_0526_1101,0.0,0.5
KHT-XE5S,2025-09-06 17:00:00,9.3267,10.878,KHT-XE5S_2025_0526_1101,0.00030000000000001136,0.5
KHT-XE5S,2025-09-06 17:10:00,9.327,10.877,KHT-XE5S_2025_0526_1101,9.999999999994457e-05,0.5
KHT-XE5S,2025-09-06 17:20:00,9.3284,10.875,KHT-XE5S_2025_0526_1101,0.0002000000000000668,0.5
KHT-XE5S,2025-09-06 17:30:00,9.3278,10.876,KHT-XE5S_2025_0526_1101,9.999999999994457e-05,0.5
KHT-XE5S,2025-09-06 17:40:00,9.3283,10.876,KHT-XE5S_2025_0526_1101,0.0,0.5
KHT-XE5S,2025-09-06 17:50:00,9.3293,10.876,KHT-XE5S_2025_0526_1101,0.0,0.5
KHT-XE5S,2025-09-06 18:00:00,9.3299,10.876,KHT-XE5S_2025_0526_1101,0.0,0.5
KHT-XE5S,2025-09-06 18:10:00,9.3307,10.878,KHT-XE5S_2025_0526_1101,0.0002000000000000668,0.5
KHT-XE5S,2025-09-06 18:20:00,9.3317,10.874,KHT-XE5S_2025_0526_1101,0.00039999999999995595,0.5
KHT-XE5S,2025-09-06 18:30:00,9.333,10.875,KHT-XE5S_2025_0526_1101,9.999999999994457e-05,0.5
KHT-XE5S,2025-09-06 18:40:00,9.3338,10.877,KHT-XE5S_2025_0526_1101,0.0002000000000000668,0.5
KHT-XE5S,2025-09-06 18:50:00,9.3359,10.877,KHT-XE5S_2025_0526_1101,0.0,0.5
KHT-XE5S,2025-09-06 19:00:00,9.3364,10.876,KHT-XE5S_2025_0526_1101,0.00010000000000012221,0.5
KHT-XE5S,2025-09-06 19:10:00,9.3376,10.876,KHT-XE5S_2025_0526_1101,0.0,0.5
KHT-XE5S,2025-09-06 19:20:00,9.339,10.876,KHT-XE5S_2025_0526_1101,0.0,0.5
KHT-XE5S,2025-09-06 19:30:00,9.3408,10.876,KHT-XE5S_2025_0526_1101,0.0,0.5
KHT-XE5S,2025-09-06 19:40:00,9.3423,10.876,KHT-XE5S_2025_0526_1101,0.0,0.5
KHT-XE5S,2025-09-06 19:50:00,9.3441,10.878,KHT-XE5S_2025_0526_1101,0.0002000000000000668,0.5
KHT-XE5S,2025-09-06 20:00:00,9.3451,10.878,KHT-XE5S_2025_0526_1101,0.0,0.5
KHT-XE5S,2025-09-06 20:10:00,9.3469,10.876,KHT-XE5S_2025_0526_1101,0.0002000000000000668,0.5
KHT-XE5S,2025-09-06 20:20:00,9.3481,10.876,KHT-XE5S_2025_0526_1101,0.0,0.5
KHT-XE5S,2025-09-06 20:30:00,9.3479,10.878,KHT-XE5S_2025_0526_1101,0.0002000000000000668,0.5
KHT-XE5S,2025-09-06 20:40:00,9.3494,10.877,KHT-XE5S_2025_0526_1101,9.999999999994457e-05,0.5
KHT-XE5S,2025-09-06 20:50:00,9.351,10.878,KHT-XE5S_2025_0526_1101,9.999999999994457e-05,0.5
KHT-XE5S,2025-09-06 21:00:00,9.352,10.878,KHT-XE5S_2025_0526_1101,0.0,0.5
KHT-XE5S,2025-09-06 21:10:00,9.3527,10.878,KHT-XE5S_2025_0526_1101,0.0,0.5
KHT-XE5S,2025-09-06 21:20:00,9.3538,10.879,KHT-XE5S_2025_0526_1101,9.999999999994457e-05,0.5
KHT-XE5S,2025-09-06 21:30:00,9.3547,10.878,KHT-XE5S_2025_0526_1101,9.999999999994457e-05,0.5
KHT-XE5S,2025-09-06 21:40:00,9.3548,10.879,KHT-XE5S_2025_0526_1101,9.999999999994457e-05,0.5
KHT-XE5S,2025-09-06 21:50:00,9.3549,10.878,KHT-XE5S_2025_0526_1101,9.999999999994457e-05,0.5
KHT-XE5S,2025-09-06 22:00:00,9.356,10.878,KHT-XE5S_2025_0526_1101,0.0,0.5
KHT-XE5S,2025-09-06 22:10:00,9.3571,10.878,KHT-XE5S_2025_0526_1101,0.0,0.5
KHT-XE5S,2025-09-06 22:20:00,9.3581,10.877,KHT-XE5S_2025_0526_1101,9.999999999994457e-05,0.5
KHT-XE5S,2025-09-06 22:30:00,9.3583,10.881,KHT-XE5S_2025_0526_1101,0.00039999999999995595,0.5
KHT-XE5S,2025-09-06 22:40:00,9.3593,10.878,KHT-XE5S_2025_0526_1101,0.00030000000000001136,0.5
KHT-XE5S,2025-09-06 22:50:00,9.3599,10.88,KHT-XE5S_2025_0526_1101,0.0002000000000000668,0.5
KHT-XE5S,2025-09-06 23:00:00,9.3603,10.881,KHT-XE5S_2025_0526_1101,9.999999999994457e-05,0.5
KHT-XE5S,2025-09-06 23:10:00,9.3609,10.879,KHT-XE5S_2025_0526_1101,0.0002000000000000668,0.5
KHT-XE5S,2025-09-06 23:20:00,9.3615,10.878,KHT-XE5S_2025_0526_1101,9.999999999994457e-05,0.5
KHT-XE5S,2025-09-06 23:30:00,9.3628,10.88,KHT-XE5S_2025_0526_1101,0.0002000000000000668,0.5
KHT-XE5S,2025-09-06 23:40:00,9.3645,10.88,KHT-XE5S_2025_0526_1101,0.0,0.5
KHT-XE5S,2025-09-06 23:50:00,9.3652,10.879,KHT-XE5S_2025_0526_1101,0.00010000000000012221,0.5
KHT-XE5S,2025-09-07 00:00:00,9.3655,10.878,KHT-XE5S_2025_0526_1101,9.999999999994457e-05,0.5
KHT-XE5S,2025-09-07 00:10:00,9.3663,10.88,KHT-XE5S_2025_0526_1101,0.0002000000000000668,0.5
KHT-XE5S,2025-09-07 00:20:00,9.3673,10.88,KHT-XE5S_2025_0526_1101,0.0,0.5
KHT-XE5S,2025-09-07 00:30:00,9.3683,10.88,KHT-XE5S_2025_0526_1101,0.0,0.5
KHT-XE5S,2025-09-07 00:40:00,9.3692,10.88,KHT-XE5S_2025_0526_1101,0.0,0.5
KHT-XE5S,2025-09-07 00:50:00,9.3701,10.879,KHT-XE5S_2025_0526_1101,0.00010000000000012221,0.5
KHT-XE5S,2025-09-07 01:00:00,9.3714,10.881,KHT-XE5S_2025_0526_1101,0.0002000000000000668,0.5
KHT-XE5S,2025-09-07 01:10:00,9.3722,10.879,KHT-XE5S_2025_0526_1101,0.0002000000000000668,0.5
KHT-XE5S,2025-09-07 01:20:00,9.3724,10.884,KHT-XE5S_2025_0526_1101,0.0005000000000000782,0.5
KHT-XE5S,2025-09-07 01:30:00,9.3726,10.882,KHT-XE5S_2025_0526_1101,0.0002000000000000668,0.5
KHT-XE5S,2025-09-07 01:40:00,9.3727,10.882,KHT-XE5S_2025_0526_1101,0.0,0.5
KHT-XE5S,2025-09-07 01:50:00,9.3729,10.882,KHT-XE5S_2025_0526_1101,0.0,0.5
KHT-XE5S,2025-09-07 02:00:00,9.3731,10.881,KHT-XE5S_2025_0526_1101,9.999999999994457e-05,0.5
KHT-XE5S,2025-09-07 02:10:00,9.3725,10.881,KHT-XE5S_2025_0526_1101,0.0,0.5
KHT-XE5S,2025-09-07 02:20:00,9.3725,10.882,KHT-XE5S_2025_0526_1101,9.999999999994457e-05,0.5
KHT-XE5S,2025-09-07 02:30:00,9.3732,10.881,KHT-XE5S_2025_0526_1101,9.999999999994457e-05,0.5
KHT-XE5S,2025-09-07 02:40:00,9.3732,10.881,KHT-XE5S_2025_0526_1101,0.0,0.5
KHT-XE5S,2025-09-07 02:50:00,9.3736,10.883,KHT-XE5S_2025_0526_1101,0.00019999999999988915,0.5
KHT-XE5S,2025-09-07 03:00:00,9.374,10.882,KHT-XE5S_2025_0526_1101,9.999999999994457e-05,0.5
KHT-XE5S,2025-09-07 03:10:00,9.373,10.883,KHT-XE5S_2025_0526_1101,9.999999999994457e-05,0.5
KHT-XE5S,2025-09-07 03:20:00,9.3733,10.881,KHT-XE5S_2025_0526_1101,0.00019999999999988915,0.5
KHT-XE5S,2025-09-07 03:30:00,9.3736,10.882,KHT-XE5S_2025_0526_1101,9.999999999994457e-05,0.5
KHT-XE5S,2025-09-07 03:40:00,9.3737,10.881,KHT-XE5S_2025_0526_1101,9.999999999994457e-05,0.5
KHT-XE5S,2025-09-07 03:50:00,9.3745,10.883,KHT-XE5S_2025_0526_1101,0.00019999999999988915,0.5
KHT-XE5S,2025-09-07 04:00:00,9.3752,10.883,KHT-XE5S_2025_0526_1101,0.0,0.5
KHT-XE5S,2025-09-07 04:10:00,9.3755,10.883,KHT-XE5S_2025_0526_1101,0.0,0.5
KHT-XE5S,2025-09-07 04:20:00,9.3758,10.883,KHT-XE5S_2025_0526_1101,0.0,0.5
KHT-XE5S,2025-09-07 04:30:00,9.3763,10.882,KHT-XE5S_2025_0526_1101,9.999999999994457e-05,0.5
KHT-XE5S,2025-09-07 04:40:00,9.3767,10.883,KHT-XE5S_2025_0526_1101,9.999999999994457e-05,0.5
KHT-XE5S,2025-09-07 04:50:00,9.377,10.885,KHT-XE5S_2025_0526_1101,0.0002000000000000668,0.5
KHT-XE5S,2025-09-07 05:00:00,9.3772,10.884,KHT-XE5S_2025_0526_1101,9.999999999994457e-05,0.5
KHT-XE5S,2025-09-07 05:10:00,9.3781,10.883,KHT-XE5S_2025_0526_1101,0.00010000000000012221,0.5
KHT-XE5S,2025-09-07 05:20:00,9.3788,10.885,KHT-XE5S_2025_0526_1101,0.0002000000000000668,0.5
KHT-XE5S,2025-09-07 05:30:00,9.3792,10.884,KHT-XE5S_2025_0526_1101,9.999999999994457e-05,0.5
KHT-XE5S,2025-09-07 05:40:00,9.3802,10.884,KHT-XE5S_2025_0526_1101,0.0,0.5
KHT-XE5S,2025-09-07 05:50:00,9.3805,10.885,KHT-XE5S_2025_0526_1101,9.999999999994457e-05,0.5
KHT-XE5S,2025-09-07 06:00:00,9.3797,10.883,KHT-XE5S_2025_0526_1101,0.0002000000000000668,0.5
KHT-XE5S,2025-09-07 06:10:00,9.3799,10.885,KHT-XE5S_2025_0526_1101,0.0002000000000000668,0.5
KHT-XE5S,2025-09-07 06:20:00,9.3805,10.886,KHT-XE5S_2025_0526_1101,9.999999999994457e-05,0.5
KHT-XE5S,2025-09-07 06:30:00,9.3804,10.884,KHT-XE5S_2025_0526_1101,0.00019999999999988915,0.5
KHT-XE5S,2025-09-07 06:40:00,9.3808,10.887,KHT-XE5S_2025_0526_1101,0.00030000000000001136,0.5
KHT-XE5S,2025-09-07 06:50:00,9.3805,10.885,KHT-XE5S_2025_0526_1101,0.0002000000000000668,0.5
KHT-XE5S,2025-09-07 07:00:00,9.381,10.884,KHT-XE5S_2025_0526_1101,9.999999999994457e-05,0.5
KHT-XE5S,2025-09-07 07:10:00,9.3812,10.885,KHT-XE5S_2025_0526_1101,9.999999999994457e-05,0.5
KHT-XE5S,2025-09-07 07:20:00,9.3811,10.884,KHT-XE5S_2025_0526_1101,9.999999999994457e-05,0.5
KHT-XE5S,2025-09-07 07:30:00,9.382,10.884,KHT-XE5S_2025_0526_1101,0.0,0.5
KHT-XE5S,2025-09-07 07:40:00,9.3818,10.885,KHT-XE5S_2025_0526_1101,9.999999999994457e-05,0.5
KHT-XE5S,2025-09-07 07:50:00,9.3819,10.886,KHT-XE5S_2025_0526_1101,9.999999999994457e-05,0.5
KHT-XE5S,2025-09-07 08:00:00,9.3824,10.887,KHT-XE5S_2025_0526_1101,0.00010000000000012221,0.5
KHT-XE5S,2025-09-07 08:10:00,9.3833,10.886,KHT-XE5S_2025_0526_1101,0.00010000000000012221,0.5
KHT-XE5S,2025-09-07 08:20:00,9.3844,10.886,KHT-XE5S_2025_0526_1101,0.0,0.5
KHT-XE5S,2025-09-07 08:30:00,9.3842,10.886,KHT-XE5S_2025_0526_1101,0.0,0.5
KHT-XE5S,2025-09-07 08:40:00,9.3837,10.886,KHT-XE5S_2025_0526_1101,0.0,0.5
KHT-XE5S,2025-09-07 08:50:00,9.3852,10.888,KHT-XE5S_2025_0526_1101,0.0002000000000000668,0.5
KHT-XE5S,2025-09-07 09:00:00,9.3849,10.886,KHT-XE5S_2025_0526_1101,0.0002000000000000668,0.5
KHT-XE5S,2025-09-07 09:10:00,9.3855,10.888,KHT-XE5S_2025_0526_1101,0.0002000000000000668,0.5
KHT-XE5S,2025-09-07 09:20:00,9.3849,10.888,KHT-XE5S_2025_0526_1101,0.0,0.5
KHT-XE5S,2025-09-07 09:30:00,9.3848,10.886,KHT-XE5S_2025_0526_1101,0.0002000000000000668,0.5
KHT-XE5S,2025-09-07 09:40:00,9.3854,10.888,KHT-XE5S_2025_0526_1101,0.0002000000000000668,0.5
KHT-XE5S,2025-09-07 09:50:00,9.3835,10.889,KHT-XE5S_2025_0526_1101,9.999999999994457e-05,0.5
KHT-XE5S,2025-09-07 10:00:00,9.3818,10.887,KHT-XE5S_2025_0526_1101,0.00019999999999988915,0.5
KHT-XE5S,2025-09-07 10:10:00,9.3818,10.889,KHT-XE5S_2025_0526_1101,0.00019999999999988915,0.5
KHT-XE5S,2025-09-07 10:20:00,9.3796,10.887,KHT-XE5S_2025_0526_1101,0.00019999999999988915,0.5
KHT-XE5S,2025-09-07 10:30:00,9.3786,10.888,KHT-XE5S_2025_0526_1101,9.999999999994457e-05,0.5
KHT-XE5S,2025-09-07 10:40:00,9.3799,10.889,KHT-XE5S_2025_0526_1101,9.999999999994457e-05,0.5
KHT-XE5S,2025-09-07 10:50:00,9.3784,10.889,KHT-XE5S_2025_0526_1101,0.0,0.5
KHT-XE5S,2025-09-07 11:00:00,9.3771,10.888,KHT-XE5S_2025_0526_1101,9.999999999994457e-05,0.5
KHT-XE5S,2025-09-07 11:10:00,9.3764,10.889,KHT-XE5S_2025_0526_1101,9.999999999994457e-05,0.5
KHT-XE5S,2025-09-07 11:20:00,9.3762,10.891,KHT-XE5S_2025_0526_1101,0.0002000000000000668,0.5
KHT-XE5S,2025-09-07 11:30:00,9.3746,10.89,KHT-XE5S_2025_0526_1101,9.999999999994457e-05,0.5
KHT-XE5S,2025-09-07 11:40:00,9.3743,10.889,KHT-XE5S_2025_0526_1101,0.00010000000000012221,0.5
KHT-XE5S,2025-09-07 11:50:00,9.3725,10.891,KHT-XE5S_2025_0526_1101,0.0002000000000000668,0.5
KHT-XE5S,2025-09-07 12:00:00,9.37,10.89,KHT-XE5S_2025_0526_1101,9.999999999994457e-05,0.5
KHT-XE5S,2025-09-07 12:10:00,9.3699,10.89,KHT-XE5S_2025_0526_1101,0.0,0.5
KHT-XE5S,2025-09-07 12:20:00,9.3694,10.89,KHT-XE5S_2025_0526_1101,0.0,0.5
KHT-XE5S,2025-09-07 12:30:00,9.3685,10.89,KHT-XE5S_2025_0526_1101,0.0,0.5
KHT-XE5S,2025-09-07 12:40:00,9.3676,10.891,KHT-XE5S_2025_0526_1101,9.999999999994457e-05,0.5
KHT-XE5S,2025-09-07 12:50:00,9.3675,10.892,KHT-XE5S_2025_0526_1101,9.999999999994457e-05,0.5
KHT-XE5S,2025-09-07 13:00:00,9.3669,10.892,KHT-XE5S_2025_0526_1101,0.0,0.5
KHT-XE5S,2025-09-07 13:10:00,9.367,10.891,KHT-XE5S_2025_0526_1101,9.999999999994457e-05,0.5
KHT-XE5S,2025-09-07 13:20:00,9.3653,10.891,KHT-XE5S_2025_0526_1101,0.0,0.5
KHT-XE5S,2025-09-07 13:30:00,9.3641,10.892,KHT-XE5S_2025_0526_1101,9.999999999994457e-05,0.5
KHT-XE5S,2025-09-07 13:40:00,9.3629,10.892,KHT-XE5S_2025_0526_1101,0.0,0.5
KHT-XE5S,2025-09-07 13:50:00,9.3628,10.892,KHT-XE5S_2025_0526_1101,0.0,0.5
KHT-XE5S,2025-09-07 14:00:00,9.361,10.892,KHT-XE5S_2025_0526_1101,0.0,0.5
KHT-XE5S,2025-09-07 14:10:00,9.36,10.894,KHT-XE5S_2025_0526_1101,0.0002000000000000668,0.5
KHT-XE5S,2025-09-07 14:20:00,9.3603,10.894,KHT-XE5S_2025_0526_1101,0.0,0.5
KHT-XE5S,2025-09-07 14:30:00,9.3592,10.893,KHT-XE5S_2025_0526_1101,9.999999999994457e-05,0.5
KHT-XE5S,2025-09-07 14:40:00,9.3583,10.894,KHT-XE5S_2025_0526_1101,9.999999999994457e-05,0.5
KHT-XE5S,2025-09-07 14:50:00,9.3561,10.892,KHT-XE5S_2025_0526_1101,0.0002000000000000668,0.5
KHT-XE5S,2025-09-07 15:00:00,9.3558,10.893,KHT-XE5S_2025_0526_1101,0.00010000000000012221,0.5
KHT-XE5S,2025-09-07 15:10:00,9.3562,10.892,KHT-XE5S_2025_0526_1101,0.00010000000000012221,0.5
KHT-XE5S,2025-09-07 15:20:00,9.3545,10.892,KHT-XE5S_2025_0526_1101,0.0,0.5
KHT-XE5S,2025-09-07 15:30:00,9.3532,10.893,KHT-XE5S_2025_0526_1101,0.00010000000000012221,0.5
KHT-XE5S,2025-09-07 15:40:00,9.3521,10.893,KHT-XE5S_2025_0526_1101,0.0,0.5
KHT-XE5S,2025-09-07 15:50:00,9.351,10.892,KHT-XE5S_2025_0526_1101,0.00010000000000012221,0.5
KHT-XE5S,2025-09-07 16:00:00,9.3507,10.895,KHT-XE5S_2025_0526_1101,0.00030000000000001136,0.5
KHT-XE5S,2025-09-07 16:10:00,9.3513,10.897,KHT-XE5S_2025_0526_1101,0.0002000000000000668,0.5
KHT-XE5S,2025-09-07 16:20:00,9.3498,10.894,KHT-XE5S_2025_0526_1101,0.00030000000000001136,0.5
KHT-XE5S,2025-09-07 16:30:00,9.3496,10.893,KHT-XE5S_2025_0526_1101,9.999999999994457e-05,0.5
KHT-XE5S,2025-09-07 16:40:00,9.3495,10.894,KHT-XE5S_2025_0526_1101,9.999999999994457e-05,0.5
KHT-XE5S,2025-09-07 16:50:00,9.3488,10.894,KHT-XE5S_2025_0526_1101,0.0,0.5
KHT-XE5S,2025-09-07 17:00:00,9.348,10.893,KHT-XE5S_2025_0526_1101,9.999999999994457e-05,0.5
KHT-XE5S,2025-09-07 17:10:00,9.3481,10.894,KHT-XE5S_2025_0526_1101,9.999999999994457e-05,0.5
KHT-XE5S,2025-09-07 17:20:00,9.3472,10.893,KHT-XE5S_2025_0526_1101,9.999999999994457e-05,0.5
KHT-XE5S,2025-09-07 17:30:00,9.3471,10.893,KHT-XE5S_2025_0526_1101,0.0,0.5
KHT-XE5S,2025-09-07 17:40:00,9.3485,10.894,KHT-XE5S_2025_0526_1101,9.999999999994457e-05,0.5
KHT-XE5S,2025-09-07 17:50:00,9.3482,10.894,KHT-XE5S_2025_0526_1101,0.0,0.5
KHT-XE5S,2025-09-07 18:00:00,9.3484,10.894,KHT-XE5S_2025_0526_1101,0.0,0.5
KHT-XE5S,2025-09-07 18:10:00,9.3482,10.896,KHT-XE5S_2025_0526_1101,0.0002000000000000668,0.5
KHT-XE5S,2025-09-07 18:20:00,9.349,10.897,KHT-XE5S_2025_0526_1101,9.999999999994457e-05,0.5
KHT-XE5S,2025-09-07 18:30:00,9.3499,10.894,KHT-XE5S_2025_0526_1101,0.00030000000000001136,0.5
KHT-XE5S,2025-09-07 18:40:00,9.3504,10.895,KHT-XE5S_2025_0526_1101,9.999999999994457e-05,0.5
KHT-XE5S,2025-09-07 18:50:00,9.3504,10.895,KHT-XE5S_2025_0526_1101,0.0,0.5
KHT-XE5S,2025-09-07 19:00:00,9.3508,10.896,KHT-XE5S_2025_0526_1101,0.00010000000000012221,0.5
KHT-XE5S,2025-09-07 19:10:00,9.3511,10.893,KHT-XE5S_2025_0526_1101,0.00030000000000001136,0.5
KHT-XE5S,2025-09-07 19:20:00,9.3526,10.895,KHT-XE5S_2025_0526_1101,0.00019999999999988915,0.5
KHT-XE5S,2025-09-07 19:30:00,9.354,10.895,KHT-XE5S_2025_0526_1101,0.0,0.5
KHT-XE5S,2025-09-07 19:40:00,9.3548,10.897,KHT-XE5S_2025_0526_1101,0.0002000000000000668,0.5
KHT-XE5S,2025-09-07 19:50:00,9.3571,10.895,KHT-XE5S_2025_0526_1101,0.0002000000000000668,0.5
KHT-XE5S,2025-09-07 20:00:00,9.3584,10.893,KHT-XE5S_2025_0526_1101,0.00019999999999988915,0.5
KHT-XE5S,2025-09-07 20:10:00,9.3589,10.895,KHT-XE5S_2025_0526_1101,0.00019999999999988915,0.5
KHT-XE5S,2025-09-07 20:20:00,9.3598,10.894,KHT-XE5S_2025_0526_1101,9.999999999994457e-05,0.5
KHT-XE5S,2025-09-07 20:30:00,9.3612,10.894,KHT-XE5S_2025_0526_1101,0.0,0.5
KHT-XE5S,2025-09-07 20:40:00,9.3628,10.895,KHT-XE5S_2025_0526_1101,9.999999999994457e-05,0.5
KHT-XE5S,2025-09-07 20:50:00,9.3635,10.897,KHT-XE5S_2025_0526_1101,0.0002000000000000668,0.5
KHT-XE5S,2025-09-07 21:00:00,9.3644,10.896,KHT-XE5S_2025_0526_1101,9.999999999994457e-05,0.5
KHT-XE5S,2025-09-07 21:10:00,9.3651,10.895,KHT-XE5S_2025_0526_1101,0.00010000000000012221,0.5
KHT-XE5S,2025-09-07 21:20:00,9.366,10.898,KHT-XE5S_2025_0526_1101,0.00030000000000001136,0.5
KHT-XE5S,2025-09-07 21:30:00,9.3665,10.896,KHT-XE5S_2025_0526_1101,0.00019999999999988915,0.5
KHT-XE5S,2025-09-07 21:40:00,9.3664,10.896,KHT-XE5S_2025_0526_1101,0.0,0.5
KHT-XE5S,2025-09-07 21:50:00,9.3672,10.896,KHT-XE5S_2025_0526_1101,0.0,0.5
KHT-XE5S,2025-09-07 22:00:00,9.3686,10.897,KHT-XE5S_2025_0526_1101,9.999999999994457e-05,0.5
KHT-XE5S,2025-09-07 22:10:00,9.3692,10.897,KHT-XE5S_2025_0526_1101,0.0,0.5
KHT-XE5S,2025-09-07 22:20:00,9.3699,10.897,KHT-XE5S_2025_0526_1101,0.0,0.5
KHT-XE5S,2025-09-07 22:30:00,9.3706,10.897,KHT-XE5S_2025_0526_1101,0.0,0.5
KHT-XE5S,2025-09-07 22:40:00,9.3705,10.897,KHT-XE5S_2025_0526_1101,0.0,0.5
KHT-XE5S,2025-09-07 22:50:00,9.371,10.897,KHT-XE5S_2025_0526_1101,0.0,0.5
KHT-XE5S,2025-09-07 23:00:00,9.3711,10.897,KHT-XE5S_2025_0526_1101,0.0,0.5
KHT-XE5S,2025-09-07 23:10:00,9.3716,10.899,KHT-XE5S_2025_0526_1101,0.00019999999999988915,0.5
KHT-XE5S,2025-09-07 23:20:00,9.3717,10.899,KHT-XE5S_2025_0526_1101,0.0,0.5
KHT-XE5S,2025-09-07 23:30:00,9.3716,10.898,KHT-XE5S_2025_0526_1101,9.999999999994457e-05,0.5
KHT-XE5S,2025-09-07 23:40:00,9.3711,10.899,KHT-XE5S_2025_0526_1101,9.999999999994457e-05,0.5
KHT-XE5S,2025-09-07 23:50:00,9.3708,10.899,KHT-XE5S_2025_0526_1101,0.0,0.5
KHT-XE5S,2025-09-08 00:00:00,9.3704,10.899,KHT-XE5S_2025_0526_1101,0.0,0.5
KHT-XE5S,2025-09-08 00:10:00,9.3715,10.9,KHT-XE5S_2025_0526_1101,0.00010000000000012221,0.5
KHT-XE5S,2025-09-08 00:20:00,9.3713,10.898,KHT-XE5S_2025_0526_1101,0.0002000000000000668,0.5
KHT-XE5S,2025-09-08 00:30:00,9.3715,10.898,KHT-XE5S_2025_0526_1101,0.0,0.5
KHT-XE5S,2025-09-08 00:40:00,9.3724,10.899,KHT-XE5S_2025_0526_1101,9.999999999994457e-05,0.5
KHT-XE5S,2025-09-08 00:50:00,9.3732,10.899,KHT-XE5S_2025_0526_1101,0.0,0.5
KHT-XE5S,2025-09-08 01:00:00,9.3733,10.901,KHT-XE5S_2025_0526_1101,0.0002000000000000668,0.5
KHT-XE5S,2025-09-08 01:10:00,9.3739,10.899,KHT-XE5S_2025_0526_1101,0.0002000000000000668,0.5
KHT-XE5S,2025-09-08 01:20:00,9.3738,10.9,KHT-XE5S_2025_0526_1101,0.00010000000000012221,0.5
KHT-XE5S,2025-09-08 01:30:00,9.3733,10.9,KHT-XE5S_2025_0526_1101,0.0,0.5
KHT-XE5S,2025-09-08 01:40:00,9.3735,10.9,KHT-XE5S_2025_0526_1101,0.0,0.5
KHT-XE5S,2025-09-08 01:50:00,9.3736,10.901,KHT-XE5S_2025_0526_1101,9.999999999994457e-05,0.5
KHT-XE5S,2025-09-08 02:00:00,9.3728,10.9,KHT-XE5S_2025_0526_1101,9.999999999994457e-05,0.5
KHT-XE5S,2025-09-08 02:10:00,9.3733,10.9,KHT-XE5S_2025_0526_1101,0.0,0.5
KHT-XE5S,2025-09-08 02:20:00,9.3736,10.903,KHT-XE5S_2025_0526_1101,0.00030000000000001136,0.5
KHT-XE5S,2025-09-08 02:30:00,9.3738,10.9,KHT-XE5S_2025_0526_1101,0.00030000000000001136,0.5
KHT-XE5S,2025-09-08 02:40:00,9.374,10.899,KHT-XE5S_2025_0526_1101,0.00010000000000012221,0.5
KHT-XE5S,2025-09-08 02:50:00,9.3734,10.901,KHT-XE5S_2025_0526_1101,0.0002000000000000668,0.5
KHT-XE5S,2025-09-08 03:00:00,9.3739,10.902,KHT-XE5S_2025_0526_1101,9.999999999994457e-05,0.5
KHT-XE5S,2025-09-08 03:10:00,9.3741,10.901,KHT-XE5S_2025_0526_1101,9.999999999994457e-05,0.5
KHT-XE5S,2025-09-08 03:20:00,9.3738,10.902,KHT-XE5S_2025_0526_1101,9.999999999994457e-05,0.5
KHT-XE5S,2025-09-08 03:30:00,9.3742,10.902,KHT-XE5S_2025_0526_1101,0.0,0.5
KHT-XE5S,2025-09-08 03:40:00,9.3741,10.903,KHT-XE5S_2025_0526_1101,0.00010000000000012221,0.5
KHT-XE5S,2025-09-08 03:50:00,9.3736,10.902,KHT-XE5S_2025_0526_1101,0.00010000000000012221,0.5
KHT-XE5S,2025-09-08 04:00:00,9.3736,10.901,KHT-XE5S_2025_0526_1101,9.999999999994457e-05,0.5
KHT-XE5S,2025-09-08 04:10:00,9.3738,10.902,KHT-XE5S_2025_0526_1101,9.999999999994457e-05,0.5
KHT-XE5S,2025-09-08 04:20:00,9.3737,10.901,KHT-XE5S_2025_0526_1101,9.999999999994457e-05,0.5
KHT-XE5S,2025-09-08 04:30:00,9.3732,10.903,KHT-XE5S_2025_0526_1101,0.0002000000000000668,0.5
KHT-XE5S,2025-09-08 04:40:00,9.3725,10.903,KHT-XE5S_2025_0526_1101,0.0,0.5
KHT-XE5S,2025-09-08 04:50:00,9.373,10.902,KHT-XE5S_2025_0526_1101,0.00010000000000012221,0.5
KHT-XE5S,2025-09-08 05:00:00,9.3731,10.906,KHT-XE5S_2025_0526_1101,0.0004000000000001336,0.5
KHT-XE5S,2025-09-08 05:10:00,9.3724,10.902,KHT-XE5S_2025_0526_1101,0.0004000000000001336,0.5
KHT-XE5S,2025-09-08 05:20:00,9.3727,10.903,KHT-XE5S_2025_0526_1101,0.00010000000000012221,0.5
KHT-XE5S,2025-09-08 05:30:00,9.3731,10.903,KHT-XE5S_2025_0526_1101,0.0,0.5
KHT-XE5S,2025-09-08 05:40:00,9.3728,10.901,KHT-XE5S_2025_0526_1101,0.0002000000000000668,0.5
KHT-XE5S,2025-09-08 05:50:00,9.3736,10.904,KHT-XE5S_2025_0526_1101,0.00030000000000001136,0.5
KHT-XE5S,2025-09-08 06:00:00,9.3741,10.903,KHT-XE5S_2025_0526_1101,9.999999999994457e-05,0.5
KHT-XE5S,2025-09-08 06:10:00,9.3748,10.903,KHT-XE5S_2025_0526_1101,0.0,0.5
KHT-XE5S,2025-09-08 06:20:00,9.3745,10.903,KHT-XE5S_2025_0526_1101,0.0,0.5
KHT-XE5S,2025-09-08 06:30:00,9.3755,10.903,KHT-XE5S_2025_0526_1101,0.0,0.5
KHT-XE5S,2025-09-08 06:40:00,9.376,10.905,KHT-XE5S_2025_0526_1101,0.00019999999999988915,0.5
KHT-XE5S,2025-09-08 06:50:00,9.3769,10.906,KHT-XE5S_2025_0526_1101,0.00010000000000012221,0.5
KHT-XE5S,2025-09-08 07:00:00,9.3773,10.906,KHT-XE5S_2025_0526_1101,0.0,0.5
KHT-XE5S,2025-09-08 07:10:00,9.377,10.905,KHT-XE5S_2025_0526_1101,0.00010000000000012221,0.5
KHT-XE5S,2025-09-08 07:20:00,9.377,10.906,KHT-XE5S_2025_0526_1101,0.00010000000000012221,0.5
KHT-XE5S,2025-09-08 07:30:00,9.3764,10.904,KHT-XE5S_2025_0526_1101,0.0002000000000000668,0.5
KHT-XE5S,2025-09-08 07:40:00,9.377,10.904,KHT-XE5S_2025_0526_1101,0.0,0.5
KHT-XE5S,2025-09-08 07:50:00,9.3762,10.904,KHT-XE5S_2025_0526_1101,0.0,0.5
KHT-XE5S,2025-09-08 08:00:00,9.3768,10.903,KHT-XE5S_2025_0526_1101,9.999999999994457e-05,0.5
KHT-XE5S,2025-09-08 08:10:00,9.3769,10.905,KHT-XE5S_2025_0526_1101,0.00019999999999988915,0.5
KHT-XE5S,2025-09-08 08:20:00,9.3769,10.906,KHT-XE5S_2025_0526_1101,0.00010000000000012221,0.5
KHT-XE5S,2025-09-08 08:30:00,9.377,10.905,KHT-XE5S_2025_0526_1101,0.00010000000000012221,0.5
KHT-XE5S,2025-09-08 08:40:00,9.3771,10.907,KHT-XE5S_2025_0526_1101,0.0002000000000000668,0.5
KHT-XE5S,2025-09-08 08:50:00,9.3766,10.905,KHT-XE5S_2025_0526_1101,0.0002000000000000668,0.5
KHT-XE5S,2025-09-08 09:00:00,9.3754,10.905,KHT-XE5S_2025_0526_1101,0.0,0.5
KHT-XE5S,2025-09-08 09:10:00,9.3749,10.905,KHT-XE5S_2025_0526_1101,0.0,0.5
KHT-XE5S,2025-09-08 09:20:00,9.3738,10.906,KHT-XE5S_2025_0526_1101,0.00010000000000012221,0.5
KHT-XE5S,2025-09-08 09:30:00,9.3729,10.907,KHT-XE5S_2025_0526_1101,9.999999999994457e-05,0.5
KHT-XE5S,2025-09-08 09:40:00,9.3715,10.906,KHT-XE5S_2025_0526_1101,9.999999999994457e-05,0.5
KHT-XE5S,2025-09-08 09:50:00,9.3707,10.91,KHT-XE5S_2025_0526_1101,0.00039999999999995595,0.5
KHT-XE5S,2025-09-08 10:00:00,9.3703,10.909,KHT-XE5S_2025_0526_1101,9.999999999994457e-05,0.5
KHT-XE5S,2025-09-08 10:10:00,9.3696,10.908,KHT-XE5S_2025_0526_1101,0.00010000000000012221,0.5
KHT-XE5S,2025-09-08 10:20:00,9.3695,10.908,KHT-XE5S_2025_0526_1101,0.0,0.5
KHT-XE5S,2025-09-08 10:30:00,9.3692,10.908,KHT-XE5S_2025_0526_1101,0.0,0.5
KHT-XE5S,2025-09-08 10:40:00,9.367,10.906,KHT-XE5S_2025_0526_1101,0.00019999999999988915,0.5
KHT-XE5S,2025-09-08 10:50:00,9.3657,10.907,KHT-XE5S_2025_0526_1101,9.999999999994457e-05,0.5
KHT-XE5S,2025-09-08 11:00:00,9.3644,10.906,KHT-XE5S_2025_0526_1101,9.999999999994457e-05,0.5
KHT-XE5S,2025-09-08 11:10:00,9.3649,10.908,KHT-XE5S_2025_0526_1101,0.00019999999999988915,0.5
KHT-XE5S,2025-09-08 11:20:00,9.362,10.907,KHT-XE5S_2025_0526_1101,9.999999999994457e-05,0.5
KHT-XE5S,2025-09-08 11:30:00,9.3619,10.907,KHT-XE5S_2025_0526_1101,0.0,0.5
KHT-XE5S,2025-09-08 11:40:00,9.359,10.908,KHT-XE5S_2025_0526_1101,9.999999999994457e-05,0.5
KHT-XE5S,2025-09-08 11:50:00,9.358,10.908,KHT-XE5S_2025_0526_1101,0.0,0.5
KHT-XE5S,2025-09-08 12:00:00,9.3558,10.908,KHT-XE5S_2025_0526_1101,0.0,0.5
KHT-XE5S,2025-09-08 12:10:00,9.3535,10.908,KHT-XE5S_2025_0526_1101,0.0,0.5
KHT-XE5S,2025-09-08 12:20:00,9.3521,10.909,KHT-XE5S_2025_0526_1101,0.00010000000000012221,0.5
KHT-XE5S,2025-09-08 12:30:00,9.3498,10.907,KHT-XE5S_2025_0526_1101,0.0002000000000000668,0.5
KHT-XE5S,2025-09-08 12:40:00,9.348,10.91,KHT-XE5S_2025_0526_1101,0.00030000000000001136,0.5
KHT-XE5S,2025-09-08 12:50:00,9.3462,10.91,KHT-XE5S_2025_0526_1101,0.0,0.5
KHT-XE5S,2025-09-08 13:00:00,9.345,10.909,KHT-XE5S_2025_0526_1101,9.999999999994457e-05,0.5
KHT-XE5S,2025-09-08 13:10:00,9.3437,10.911,KHT-XE5S_2025_0526_1101,0.00019999999999988915,0.5
KHT-XE5S,2025-09-08 13:20:00,9.3425,10.91,KHT-XE5S_2025_0526_1101,9.999999999994457e-05,0.5
KHT-XE5S,2025-09-08 13:30:00,9.3426,10.91,KHT-XE5S_2025_0526_1101,0.0,0.5
KHT-XE5S,2025-09-08 13:40:00,9.3418,10.91,KHT-XE5S_2025_0526_1101,0.0,0.5
KHT-XE5S,2025-09-08 13:50:00,9.339,10.911,KHT-XE5S_2025_0526_1101,9.999999999994457e-05,0.5
KHT-XE5S,2025-09-08 14:00:00,9.3385,10.911,KHT-XE5S_2025_0526_1101,0.0,0.5
KHT-XE5S,2025-09-08 14:10:00,9.3366,10.912,KHT-XE5S_2025_0526_1101,0.00010000000000012221,0.5
KHT-XE5S,2025-09-08 14:20:00,9.3343,10.911,KHT-XE5S_2025_0526_1101,0.00010000000000012221,0.5
KHT-XE5S,2025-09-08 14:30:00,9.3333,10.91,KHT-XE5S_2025_0526_1101,9.999999999994457e-05,0.5
KHT-XE5S,2025-09-08 14:40:00,9.3298,10.91,KHT-XE5S_2025_0526_1101,0.0,0.5
KHT-XE5S,2025-09-08 14:50:00,9.3287,10.91,KHT-XE5S_2025_0526_1101,0.0,0.5
KHT-XE5S,2025-09-08 15:00:00,9.3276,10.91,KHT-XE5S_2025_0526_1101,0.0,0.5
KHT-XE5S,2025-09-08 15:10:00,9.3269,10.913,KHT-XE5S_2025_0526_1101,0.00030000000000001136,0.5
KHT-XE5S,2025-09-08 15:20:00,9.326,10.913,KHT-XE5S_2025_0526_1101,0.0,0.5
KHT-XE5S,2025-09-08 15:30:00,9.3262,10.909,KHT-XE5S_2025_0526_1101,0.00039999999999995595,0.5
KHT-XE5S,2025-09-08 15:40:00,9.3233,10.912,KHT-XE5S_2025_0526_1101,0.00030000000000001136,0.5
KHT-XE5S,2025-09-08 15:50:00,9.3217,10.912,KHT-XE5S_2025_0526_1101,0.0,0.5
KHT-XE5S,2025-09-08 16:00:00,9.3222,10.913,KHT-XE5S_2025_0526_1101,9.999999999994457e-05,0.5
KHT-XE5S,2025-09-08 16:10:00,9.3229,10.913,KHT-XE5S_2025_0526_1101,0.0,0.5
KHT-XE5S,2025-09-08 16:20:00,9.3205,10.913,KHT-XE5S_2025_0526_1101,0.0,0.5
KHT-XE5S,2025-09-08 16:30:00,9.3196,10.913,KHT-XE5S_2025_0526_1101,0.0,0.5
KHT-XE5S,2025-09-08 16:40:00,9.3203,10.911,KHT-XE5S_2025_0526_1101,0.0002000000000000668,0.5
KHT-XE5S,2025-09-08 16:50:00,9.3206,10.914,KHT-XE5S_2025_0526_1101,0.00030000000000001136,0.5
KHT-XE5S,2025-09-08 17:00:00,9.3196,10.911,KHT-XE5S_2025_0526_1101,0.00030000000000001136,0.5
KHT-XE5S,2025-09-08 17:10:00,9.3186,10.915,KHT-XE5S_2025_0526_1101,0.00039999999999995595,0.5
KHT-XE5S,2025-09-08 17:20:00,9.318,10.914,KHT-XE5S_2025_0526_1101,9.999999999994457e-05,0.5
KHT-XE5S,2025-09-08 17:30:00,9.319,10.912,KHT-XE5S_2025_0526_1101,0.00019999999999988915,0.5
KHT-XE5S,2025-09-08 17:40:00,9.3183,10.912,KHT-XE5S_2025_0526_1101,0.0,0.5
KHT-XE5S,2025-09-08 17:50:00,9.3193,10.914,KHT-XE5S_2025_0526_1101,0.00019999999999988915,0.5
KHT-XE5S,2025-09-08 18:00:00,9.3189,10.914,KHT-XE5S_2025_0526_1101,0.0,0.5
KHT-XE5S,2025-09-08 18:10:00,9.32,10.915,KHT-XE5S_2025_0526_1101,9.999999999994457e-05,0.5
KHT-XE5S,2025-09-08 18:20:00,9.3202,10.913,KHT-XE5S_2025_0526_1101,0.00019999999999988915,0.5
KHT-XE5S,2025-09-08 18:30:00,9.3213,10.912,KHT-XE5S_2025_0526_1101,9.999999999994457e-05,0.5
KHT-XE5S,2025-09-08 18:40:00,9.3214,10.915,KHT-XE5S_2025_0526_1101,0.0002999999999998337,0.5
KHT-XE5S,2025-09-08 18:50:00,9.3229,10.913,KHT-XE5S_2025_0526_1101,0.00019999999999988915,0.5
KHT-XE5S,2025-09-08 19:00:00,9.3245,10.916,KHT-XE5S_2025_0526_1101,0.00030000000000001136,0.5
KHT-XE5S,2025-09-08 19:10:00,9.3248,10.915,KHT-XE5S_2025_0526_1101,0.00010000000000012221,0.5
KHT-XE5S,2025-09-08 19:20:00,9.3243,10.913,KHT-XE5S_2025_0526_1101,0.00019999999999988915,0.5
KHT-XE5S,2025-09-08 19:30:00,9.3247,10.914,KHT-XE5S_2025_0526_1101,9.999999999994457e-05,0.5
KHT-XE5S,2025-09-08 19:40:00,9.3257,10.914,KHT-XE5S_2025_0526_1101,0.0,0.5
KHT-XE5S,2025-09-08 19:50:00,9.3268,10.915,KHT-XE5S_2025_0526_1101,9.999999999994457e-05,0.5
KHT-XE5S,2025-09-08 20:00:00,9.329,10.915,KHT-XE5S_2025_0526_1101,0.0,0.5
KHT-XE5S,2025-09-08 20:10:00,9.3298,10.916,KHT-XE5S_2025_0526_1101,0.00010000000000012221,0.5
KHT-XE5S,2025-09-08 20:20:00,9.3307,10.914,KHT-XE5S_2025_0526_1101,0.0002000000000000668,0.5
KHT-XE5S,2025-09-08 20:30:00,9.3311,10.914,KHT-XE5S_2025_0526_1101,0.0,0.5
KHT-XE5S,2025-09-08 20:40:00,9.3314,10.915,KHT-XE5S_2025_0526_1101,9.999999999994457e-05,0.5
KHT-XE5S,2025-09-08 20:50:00,9.3319,10.915,KHT-XE5S_2025_0526_1101,0.0,0.5
KHT-XE5S,2025-09-08 21:00:00,9.3323,10.916,KHT-XE5S_2025_0526_1101,0.00010000000000012221,0.5
KHT-XE5S,2025-09-08 21:10:00,9.335,10.915,KHT-XE5S_2025_0526_1101,0.00010000000000012221,0.5
KHT-XE5S,2025-09-08 21:20:00,9.3363,10.915,KHT-XE5S_2025_0526_1101,0.0,0.5
KHT-XE5S,2025-09-08 21:30:00,9.3367,10.916,KHT-XE5S_2025_0526_1101,0.00010000000000012221,0.5
KHT-XE5S,2025-09-08 21:40:00,9.3361,10.914,KHT-XE5S_2025_0526_1101,0.0002000000000000668,0.5
KHT-XE5S,2025-09-08 21:50:00,9.3369,10.916,KHT-XE5S_2025_0526_1101,0.0002000000000000668,0.5
KHT-XE5S,2025-09-08 22:00:00,9.3372,10.916,KHT-XE5S_2025_0526_1101,0.0,0.5
KHT-XE5S,2025-09-08 22:10:00,9.3373,10.917,KHT-XE5S_2025_0526_1101,9.999999999994457e-05,0.5
KHT-XE5S,2025-09-08 22:20:00,9.3373,10.915,KHT-XE5S_2025_0526_1101,0.0002000000000000668,0.5
KHT-XE5S,2025-09-08 22:30:00,9.3376,10.917,KHT-XE5S_2025_0526_1101,0.0002000000000000668,0.5
KHT-XE5S,2025-09-08 22:40:00,9.3377,10.915,KHT-XE5S_2025_0526_1101,0.0002000000000000668,0.5
KHT-XE5S,2025-09-08 22:50:00,9.3377,10.916,KHT-XE5S_2025_0526_1101,0.00010000000000012221,0.5
KHT-XE5S,2025-09-08 23:00:00,9.3375,10.917,KHT-XE5S_2025_0526_1101,9.999999999994457e-05,0.5
KHT-XE5S,2025-09-08 23:10:00,9.3376,10.916,KHT-XE5S_2025_0526_1101,9.999999999994457e-05,0.5
KHT-XE5S,2025-09-08 23:20:00,9.3379,10.916,KHT-XE5S_2025_0526_1101,0.0,0.5
KHT-XE5S,2025-09-08 23:30:00,9.3383,10.919,KHT-XE5S_2025_0526_1101,0.00030000000000001136,0.5
KHT-XE5S,2025-09-08 23:40:00,9.3383,10.918,KHT-XE5S_2025_0526_1101,0.00010000000000012221,0.5
KHT-XE5S,2025-09-08 23:50:00,9.3378,10.918,KHT-XE5S_2025_0526_1101,0.0,0.5
KHT-XE5S,2025-09-09 00:00:00,9.3384,10.917,KHT-XE5S_2025_0526_1101,9.999999999994457e-05,0.5
KHT-XE5S,2025-09-09 00:10:00,9.3388,10.916,KHT-XE5S_2025_0526_1101,9.999999999994457e-05,0.5
KHT-XE5S,2025-09-09 00:20:00,9.3382,10.916,KHT-XE5S_2025_0526_1101,0.0,0.5
KHT-XE5S,2025-09-09 00:30:00,9.338,10.918,KHT-XE5S_2025_0526_1101,0.00019999999999988915,0.5
KHT-XE5S,2025-09-09 00:40:00,9.3383,10.919,KHT-XE5S_2025_0526_1101,0.00010000000000012221,0.5
KHT-XE5S,2025-09-09 00:50:00,9.3386,10.917,KHT-XE5S_2025_0526_1101,0.0002000000000000668,0.5
KHT-XE5S,2025-09-09 01:00:00,9.3386,10.917,KHT-XE5S_2025_0526_1101,0.0,0.5
KHT-XE5S,2025-09-09 01:10:00,9.3392,10.92,KHT-XE5S_2025_0526_1101,0.00030000000000001136,0.5
KHT-XE5S,2025-09-09 01:20:00,9.3392,10.918,KHT-XE5S_2025_0526_1101,0.0002000000000000668,0.5
KHT-XE5S,2025-09-09 01:30:00,9.3386,10.919,KHT-XE5S_2025_0526_1101,0.00010000000000012221,0.5
KHT-XE5S,2025-09-09 01:40:00,9.339,10.919,KHT-XE5S_2025_0526_1101,0.0,0.5
KHT-XE5S,2025-09-09 01:50:00,9.3395,10.921,KHT-XE5S_2025_0526_1101,0.00019999999999988915,0.5
KHT-XE5S,2025-09-09 02:00:00,9.3388,10.921,KHT-XE5S_2025_0526_1101,0.0,0.5
KHT-XE5S,2025-09-09 02:10:00,9.3384,10.92,KHT-XE5S_2025_0526_1101,9.999999999994457e-05,0.5
KHT-XE5S,2025-09-09 02:20:00,9.3383,10.919,KHT-XE5S_2025_0526_1101,9.999999999994457e-05,0.5
KHT-XE5S,2025-09-09 02:30:00,9.3372,10.921,KHT-XE5S_2025_0526_1101,0.00019999999999988915,0.5
KHT-XE5S,2025-09-09 02:40:00,9.3375,10.921,KHT-XE5S_2025_0526_1101,0.0,0.5
KHT-XE5S,2025-09-09 02:50:00,9.3367,10.919,KHT-XE5S_2025_0526_1101,0.00019999999999988915,0.5
KHT-XE5S,2025-09-09 03:00:00,9.3368,10.921,KHT-XE5S_2025_0526_1101,0.00019999999999988915,0.5
KHT-XE5S,2025-09-09 03:10:00,9.3373,10.919,KHT-XE5S_2025_0526_1101,0.00019999999999988915,0.5
KHT-XE5S,2025-09-09 03:20:00,9.3372,10.921,KHT-XE5S_2025_0526_1101,0.00019999999999988915,0.5
KHT-XE5S,2025-09-09 03:30:00,9.3376,10.919,KHT-XE5S_2025_0526_1101,0.00019999999999988915,0.5
KHT-XE5S,2025-09-09 03:40:00,9.3376,10.921,KHT-XE5S_2025_0526_1101,0.00019999999999988915,0.5
KHT-XE5S,2025-09-09 03:50:00,9.3363,10.921,KHT-XE5S_2025_0526_1101,0.0,0.5
KHT-XE5S,2025-09-09 04:00:00,9.336,10.92,KHT-XE5S_2025_0526_1101,9.999999999994457e-05,0.5
KHT-XE5S,2025-09-09 04:10:00,9.3359,10.92,KHT-XE5S_2025_0526_1101,0.0,0.5
KHT-XE5S,2025-09-09 04:20:00,9.3364,10.921,KHT-XE5S_2025_0526_1101,9.999999999994457e-05,0.5
KHT-XE5S,2025-09-09 04:30:00,9.3364,10.923,KHT-XE5S_2025_0526_1101,0.0002000000000000668,0.5
KHT-XE5S,2025-09-09 04:40:00,9.3362,10.921,KHT-XE5S_2025_0526_1101,0.0002000000000000668,0.5
KHT-XE5S,2025-09-09 04:50:00,9.3365,10.921,KHT-XE5S_2025_0526_1101,0.0,0.5
KHT-XE5S,2025-09-09 05:00:00,9.3372,10.922,KHT-XE5S_2025_0526_1101,0.00010000000000012221,0.5
KHT-XE5S,2025-09-09 05:10:00,9.339,10.922,KHT-XE5S_2025_0526_1101,0.0,0.5
KHT-XE5S,2025-09-09 05:20:00,9.3391,10.921,KHT-XE5S_2025_0526_1101,0.00010000000000012221,0.5
KHT-XE5S,2025-09-09 05:30:00,9.3377,10.922,KHT-XE5S_2025_0526_1101,0.00010000000000012221,0.5
KHT-XE5S,2025-09-09 05:40:00,9.3388,10.923,KHT-XE5S_2025_0526_1101,9.999999999994457e-05,0.5
KHT-XE5S,2025-09-09 05:50:00,9.3383,10.923,KHT-XE5S_2025_0526_1101,0.0,0.5
KHT-XE5S,2025-09-09 06:00:00,9.3387,10.923,KHT-XE5S_2025_0526_1101,0.0,0.5
KHT-XE5S,2025-09-09 06:10:00,9.3385,10.921,KHT-XE5S_2025_0526_1101,0.0002000000000000668,0.5
KHT-XE5S,2025-09-09 06:20:00,9.3388,10.922,KHT-XE5S_2025_0526_1101,0.00010000000000012221,0.5
KHT-XE5S,2025-09-09 06:30:00,9.3394,10.922,KHT-XE5S_2025_0526_1101,0.0,0.5
KHT-XE5S,2025-09-09 06:40:00,9.339,10.922,KHT-XE5S_2025_0526_1101,0.0,0.5
KHT-XE5S,2025-09-09 06:50:00,9.3394,10.924,KHT-XE5S_2025_0526_1101,0.00019999999999988915,0.5
KHT-XE5S,2025-09-09 07:00:00,9.339,10.923,KHT-XE5S_2025_0526_1101,9.999999999994457e-05,0.5
KHT-XE5S,2025-09-09 07:10:00,9.3384,10.923,KHT-XE5S_2025_0526_1101,0.0,0.5
KHT-XE5S,2025-09-09 07:20:00,9.3391,10.922,KHT-XE5S_2025_0526_1101,9.999999999994457e-05,0.5
KHT-XE5S,2025-09-09 07:30:00,9.3389,10.924,KHT-XE5S_2025_0526_1101,0.00019999999999988915,0.5
KHT-XE5S,2025-09-09 07:40:00,9.3382,10.925,KHT-XE5S_2025_0526_1101,0.00010000000000012221,0.5
KHT-XE5S,2025-09-09 07:50:00,9.3381,10.923,KHT-XE5S_2025_0526_1101,0.0002000000000000668,0.5
KHT-XE5S,2025-09-09 08:00:00,9.338,10.923,KHT-XE5S_2025_0526_1101,0.0,0.5
KHT-XE5S,2025-09-09 08:10:00,9.3385,10.923,KHT-XE5S_2025_0526_1101,0.0,0.5
KHT-XE5S,2025-09-09 08:20:00,9.3384,10.925,KHT-XE5S_2025_0526_1101,0.0002000000000000668,0.5
KHT-XE5S,2025-09-09 08:30:00,9.3383,10.925,KHT-XE5S_2025_0526_1101,0.0,0.5
KHT-XE5S,2025-09-09 08:40:00,9.3376,10.923,KHT-XE5S_2025_0526_1101,0.0002000000000000668,0.5
KHT-XE5S,2025-09-09 08:50:00,9.3372,10.924,KHT-XE5S_2025_0526_1101,9.999999999994457e-05,0.5
KHT-XE5S,2025-09-09 09:00:00,9.3369,10.926,KHT-XE5S_2025_0526_1101,0.0002000000000000668,0.5
KHT-XE5S,2025-09-09 09:10:00,9.3365,10.925,KHT-XE5S_2025_0526_1101,9.999999999994457e-05,0.5
KHT-XE5S,2025-09-09 09:20:00,9.3347,10.926,KHT-XE5S_2025_0526_1101,9.999999999994457e-05,0.5
KHT-XE5S,2025-09-09 09:30:00,9.3335,10.924,KHT-XE5S_2025_0526_1101,0.0002000000000000668,0.5
KHT-XE5S,2025-09-09 09:40:00,9.3336,10.926,KHT-XE5S_2025_0526_1101,0.0002000000000000668,0.5
KHT-XE5S,2025-09-09 09:50:00,9.3308,10.926,KHT-XE5S_2025_0526_1101,0.0,0.5
KHT-XE5S,2025-09-09 10:00:00,9.3294,10.924,KHT-XE5S_2025_0526_1101,0.0002000000000000668,0.5
KHT-XE5S,2025-09-09 10:10:00,9.3292,10.924,KHT-XE5S_2025_0526_1101,0.0,0.5
KHT-XE5S,2025-09-09 10:20:00,9.3274,10.925,KHT-XE5S_2025_0526_1101,0.00010000000000012221,0.5
KHT-XE5S,2025-09-09 10:30:00,9.3275,10.926,KHT-XE5S_2025_0526_1101,9.999999999994457e-05,0.5
KHT-XE5S,2025-09-09 10:40:00,9.3272,10.926,KHT-XE5S_2025_0526_1101,0.0,0.5
KHT-XE5S,2025-09-09 10:50:00,9.3258,10.927,KHT-XE5S_2025_0526_1101,9.999999999994457e-05,0.5
KHT-XE5S,2025-09-09 11:00:00,9.3257,10.926,KHT-XE5S_2025_0526_1101,9.999999999994457e-05,0.5
KHT-XE5S,2025-09-09 11:10:00,9.3251,10.927,KHT-XE5S_2025_0526_1101,9.999999999994457e-05,0.5
KHT-XE5S,2025-09-09 11:20:00,9.3241,10.927,KHT-XE5S_2025_0526_1101,0.0,0.5
KHT-XE5S,2025-09-09 11:30:00,9.3218,10.926,KHT-XE5S_2025_0526_1101,9.999999999994457e-05,0.5
KHT-XE5S,2025-09-09 11:40:00,9.3221,10.928,KHT-XE5S_2025_0526_1101,0.0002000000000000668,0.5
KHT-XE5S,2025-09-09 11:50:00,9.3217,10.927,KHT-XE5S_2025_0526_1101,0.00010000000000012221,0.5
KHT-XE5S,2025-09-09 12:00:00,9.3209,10.928,KHT-XE5S_2025_0526_1101,0.00010000000000012221,0.5
KHT-XE5S,2025-09-09 12:10:00,9.3201,10.927,KHT-XE5S_2025_0526_1101,0.00010000000000012221,0.5
KHT-XE5S,2025-09-09 12:20:00,9.3191,10.926,KHT-XE5S_2025_0526_1101,9.999999999994457e-05,0.5
KHT-XE5S,2025-09-09 12:30:00,9.3168,10.927,KHT-XE5S_2025_0526_1101,9.999999999994457e-05,0.5
KHT-XE5S,2025-09-09 12:40:00,9.3163,10.926,KHT-XE5S_2025_0526_1101,9.999999999994457e-05,0.5
KHT-XE5S,2025-09-09 12:50:00,9.3141,10.929,KHT-XE5S_2025_0526_1101,0.00030000000000001136,0.5
KHT-XE5S,2025-09-09 13:00:00,9.3128,10.928,KHT-XE5S_2025_0526_1101,9.999999999994457e-05,0.5
KHT-XE5S,2025-09-09 13:10:00,9.3108,10.929,KHT-XE5S_2025_0526_1101,9.999999999994457e-05,0.5
KHT-XE5S,2025-09-09 13:20:00,9.3094,10.93,KHT-XE5S_2025_0526_1101,9.999999999994457e-05,0.5
KHT-XE5S,2025-09-09 13:30:00,9.3096,10.928,KHT-XE5S_2025_0526_1101,0.00019999999999988915,0.5
KHT-XE5S,2025-09-09 13:40:00,9.3067,10.929,KHT-XE5S_2025_0526_1101,9.999999999994457e-05,0.5
KHT-XE5S,2025-09-09 13:50:00,9.3051,10.932,KHT-XE5S_2025_0526_1101,0.00030000000000001136,0.5
KHT-XE5S,2025-09-09 14:00:00,9.3039,10.93,KHT-XE5S_2025_0526_1101,0.0002000000000000668,0.5
KHT-XE5S,2025-09-09 14:10:00,9.3035,10.931,KHT-XE5S_2025_0526_1101,9.999999999994457e-05,0.5
KHT-XE5S,2025-09-09 14:20:00,9.3032,10.931,KHT-XE5S_2025_0526_1101,0.0,0.5
KHT-XE5S,2025-09-09 14:30:00,9.3022,10.931,KHT-XE5S_2025_0526_1101,0.0,0.5
KHT-XE5S,2025-09-09 14:40:00,9.3016,10.933,KHT-XE5S_2025_0526_1101,0.0002000000000000668,0.5
KHT-XE5S,2025-09-09 14:50:00,9.2996,10.929,KHT-XE5S_2025_0526_1101,0.00039999999999995595,0.5
KHT-XE5S,2025-09-09 15:00:00,9.2996,10.931,KHT-XE5S_2025_0526_1101,0.00019999999999988915,0.5
KHT-XE5S,2025-09-09 15:10:00,9.2981,10.931,KHT-XE5S_2025_0526_1101,0.0,0.5
KHT-XE5S,2025-09-09 15:20:00,9.2986,10.93,KHT-XE5S_2025_0526_1101,9.999999999994457e-05,0.5
KHT-XE5S,2025-09-09 15:30:00,9.2976,10.93,KHT-XE5S_2025_0526_1101,0.0,0.5
KHT-XE5S,2025-09-09 15:40:00,9.3004,10.932,KHT-XE5S_2025_0526_1101,0.0002000000000000668,0.5
KHT-XE5S,2025-09-09 15:50:00,9.2984,10.93,KHT-XE5S_2025_0526_1101,0.0002000000000000668,0.5
KHT-XE5S,2025-09-09 16:00:00,9.2981,10.932,KHT-XE5S_2025_0526_1101,0.0002000000000000668,0.5
KHT-XE5S,2025-09-09 16:10:00,9.2964,10.929,KHT-XE5S_2025_0526_1101,0.00030000000000001136,0.5
KHT-XE5S,2025-09-09 16:20:00,9.296,10.931,KHT-XE5S_2025_0526_1101,0.00019999999999988915,0.5
KHT-XE5S,2025-09-09 16:30:00,9.2958,10.931,KHT-XE5S_2025_0526_1101,0.0,0.5
KHT-XE5S,2025-09-09 16:40:00,9.2952,10.93,KHT-XE5S_2025_0526_1101,9.999999999994457e-05,0.5
KHT-XE5S,2025-09-09 16:50:00,9.2949,10.933,KHT-XE5S_2025_0526_1101,0.00030000000000001136,0.5
KHT-XE5S,2025-09-09 17:00:00,9.2946,10.93,KHT-XE5S_2025_0526_1101,0.00030000000000001136,0.5
KHT-XE5S,2025-09-09 17:10:00,9.2954,10.932,KHT-XE5S_2025_0526_1101,0.0002000000000000668,0.5
KHT-XE5S,2025-09-09 17:20:00,9.2945,10.93,KHT-XE5S_2025_0526_1101,0.0002000000000000668,0.5
KHT-XE5S,2025-09-09 17:30:00,9.2929,10.931,KHT-XE5S_2025_0526_1101,9.999999999994457e-05,0.5
KHT-XE5S,2025-09-09 17:40:00,9.2934,10.931,KHT-XE5S_2025_0526_1101,0.0,0.5
KHT-XE5S,2025-09-09 17:50:00,9.2928,10.933,KHT-XE5S_2025_0526_1101,0.0002000000000000668,0.5
KHT-XE5S,2025-09-09 18:00:00,9.2929,10.932,KHT-XE5S_2025_0526_1101,9.999999999994457e-05,0.5
KHT-XE5S,2025-09-09 18:10:00,9.2926,10.931,KHT-XE5S_2025_0526_1101,0.00010000000000012221,0.5
KHT-XE5S,2025-09-09 18:20:00,9.2942,10.932,KHT-XE5S_2025_0526_1101,0.00010000000000012221,0.5
KHT-XE5S,2025-09-09 18:30:00,9.2942,10.932,KHT-XE5S_2025_0526_1101,0.0,0.5
KHT-XE5S,2025-09-09 18:40:00,9.2958,10.932,KHT-XE5S_2025_0526_1101,0.0,0.5
KHT-XE5S,2025-09-09 18:50:00,9.2952,10.931,KHT-XE5S_2025_0526_1101,0.00010000000000012221,0.5
KHT-XE5S,2025-09-09 19:00:00,9.297,10.933,KHT-XE5S_2025_0526_1101,0.0002000000000000668,0.5
KHT-XE5S,2025-09-09 19:10:00,9.2977,10.932,KHT-XE5S_2025_0526_1101,9.999999999994457e-05,0.5
KHT-XE5S,2025-09-09 19:20:00,9.2985,10.933,KHT-XE5S_2025_0526_1101,9.999999999994457e-05,0.5
KHT-XE5S,2025-09-09 19:30:00,9.2987,10.933,KHT-XE5S_2025_0526_1101,0.0,0.5
KHT-XE5S,2025-09-09 19:40:00,9.2988,10.933,KHT-XE5S_2025_0526_1101,0.0,0.5
KHT-XE5S,2025-09-09 19:50:00,9.3032,10.936,KHT-XE5S_2025_0526_1101,0.00030000000000001136,0.5
KHT-XE5S,2025-09-09 20:00:00,9.3056,10.937,KHT-XE5S_2025_0526_1101,9.999999999994457e-05,0.5
KHT-XE5S,2025-09-09 20:10:00,9.307,10.935,KHT-XE5S_2025_0526_1101,0.00019999999999988915,0.5
KHT-XE5S,2025-09-09 20:20:00,9.3073,10.936,KHT-XE5S_2025_0526_1101,9.999999999994457e-05,0.5
KHT-XE5S,2025-09-09 20:30:00,9.3092,10.936,KHT-XE5S_2025_0526_1101,0.0,0.5
KHT-XE5S,2025-09-09 20:40:00,9.3101,10.934,KHT-XE5S_2025_0526_1101,0.0002000000000000668,0.5
KHT-XE5S,2025-09-09 20:50:00,9.3119,10.933,KHT-XE5S_2025_0526_1101,9.999999999994457e-05,0.5
KHT-XE5S,2025-09-09 21:00:00,9.3121,10.935,KHT-XE5S_2025_0526_1101,0.0002000000000000668,0.5
KHT-XE5S,2025-09-09 21:10:00,9.3125,10.934,KHT-XE5S_2025_0526_1101,0.00010000000000012221,0.5
KHT-XE5S,2025-09-09 21:20:00,9.3113,10.936,KHT-XE5S_2025_0526_1101,0.0002000000000000668,0.5
KHT-XE5S,2025-09-09 21:30:00,9.3123,10.935,KHT-XE5S_2025_0526_1101,9.999999999994457e-05,0.5
KHT-XE5S,2025-09-09 21:40:00,9.3115,10.934,KHT-XE5S_2025_0526_1101,0.00010000000000012221,0.5
KHT-XE5S,2025-09-09 21:50:00,9.3122,10.936,KHT-XE5S_2025_0526_1101,0.0002000000000000668,0.5
KHT-XE5S,2025-09-09 22:00:00,9.312,10.934,KHT-XE5S_2025_0526_1101,0.0002000000000000668,0.5
KHT-XE5S,2025-09-09 22:10:00,9.3116,10.935,KHT-XE5S_2025_0526_1101,0.00010000000000012221,0.5
KHT-XE5S,2025-09-09 22:20:00,9.3115,10.936,KHT-XE5S_2025_0526_1101,9.999999999994457e-05,0.5
KHT-XE5S,2025-09-09 22:30:00,9.3112,10.935,KHT-XE5S_2025_0526_1101,9.999999999994457e-05,0.5
KHT-XE5S,2025-09-09 22:40:00,9.3108,10.935,KHT-XE5S_2025_0526_1101,0.0,0.5
KHT-XE5S,2025-09-09 22:50:00,9.3117,10.936,KHT-XE5S_2025_0526_1101,9.999999999994457e-05,0.5
KHT-XE5S,2025-09-09 23:00:00,9.3116,10.937,KHT-XE5S_2025_0526_1101,9.999999999994457e-05,0.5
KHT-XE5S,2025-09-09 23:10:00,9.3126,10.937,KHT-XE5S_2025_0526_1101,0.0,0.5
KHT-XE5S,2025-09-09 23:20:00,9.3129,10.935,KHT-XE5S_2025_0526_1101,0.00019999999999988915,0.5
KHT-XE5S,2025-09-09 23:30:00,9.3142,10.937,KHT-XE5S_2025_0526_1101,0.00019999999999988915,0.5
KHT-XE5S,2025-09-09 23:40:00,9.3144,10.935,KHT-XE5S_2025_0526_1101,0.00019999999999988915,0.5
KHT-XE5S,2025-09-09 23:50:00,9.3146,10.936,KHT-XE5S_2025_0526_1101,9.999999999994457e-05,0.5
KHT-XE5S,2025-09-10 00:00:00,9.3145,10.936,KHT-XE5S_2025_0526_1101,0.0,0.5
KHT-XE5S,2025-09-10 00:10:00,9.3148,10.937,KHT-XE5S_2025_0526_1101,9.999999999994457e-05,0.5
KHT-XE5S,2025-09-10 00:20:00,9.3152,10.937,KHT-XE5S_2025_0526_1101,0.0,0.5
KHT-XE5S,2025-09-10 00:30:00,9.315,10.937,KHT-XE5S_2025_0526_1101,0.0,0.5
KHT-XE5S,2025-09-10 00:40:00,9.3153,10.937,KHT-XE5S_2025_0526_1101,0.0,0.5
KHT-XE5S,2025-09-10 00:50:00,9.3148,10.937,KHT-XE5S_2025_0526_1101,0.0,0.5
KHT-XE5S,2025-09-10 01:00:00,9.3156,10.938,KHT-XE5S_2025_0526_1101,0.00010000000000012221,0.5
KHT-XE5S,2025-09-10 01:10:00,9.3148,10.939,KHT-XE5S_2025_0526_1101,9.999999999994457e-05,0.5
KHT-XE5S,2025-09-10 01:20:00,9.3153,10.94,KHT-XE5S_2025_0526_1101,9.999999999994457e-05,0.5
KHT-XE5S,2025-09-10 01:30:00,9.3157,10.94,KHT-XE5S_2025_0526_1101,0.0,0.5
KHT-XE5S,2025-09-10 01:40:00,9.3163,10.939,KHT-XE5S_2025_0526_1101,9.999999999994457e-05,0.5
KHT-XE5S,2025-09-10 01:50:00,9.3166,10.939,KHT-XE5S_2025_0526_1101,0.0,0.5
KHT-XE5S,2025-09-10 02:00:00,9.317,10.938,KHT-XE5S_2025_0526_1101,9.999999999994457e-05,0.5
KHT-XE5S,2025-09-10 02:10:00,9.3172,10.938,KHT-XE5S_2025_0526_1101,0.0,0.5
KHT-XE5S,2025-09-10 02:20:00,9.3178,10.938,KHT-XE5S_2025_0526_1101,0.0,0.5
KHT-XE5S,2025-09-10 02:30:00,9.318,10.941,KHT-XE5S_2025_0526_1101,0.00030000000000001136,0.5
KHT-XE5S,2025-09-10 02:40:00,9.3182,10.939,KHT-XE5S_2025_0526_1101,0.0002000000000000668,0.5
KHT-XE5S,2025-09-10 02:50:00,9.3175,10.94,KHT-XE5S_2025_0526_1101,9.999999999994457e-05,0.5
KHT-XE5S,2025-09-10 03:00:00,9.3172,10.94,KHT-XE5S_2025_0526_1101,0.0,0.5
KHT-XE5S,2025-09-10 03:10:00,9.3168,10.94,KHT-XE5S_2025_0526_1101,0.0,0.5
KHT-XE5S,2025-09-10 03:20:00,9.3165,10.942,KHT-XE5S_2025_0526_1101,0.0002000000000000668,0.5
KHT-XE5S,2025-09-10 03:30:00,9.3161,10.94,KHT-XE5S_2025_0526_1101,0.0002000000000000668,0.5
KHT-XE5S,2025-09-10 03:40:00,9.3168,10.941,KHT-XE5S_2025_0526_1101,0.00010000000000012221,0.5
KHT-XE5S,2025-09-10 03:50:00,9.3176,10.94,KHT-XE5S_2025_0526_1101,0.00010000000000012221,0.5
KHT-XE5S,2025-09-10 04:00:00,9.3173,10.941,KHT-XE5S_2025_0526_1101,0.00010000000000012221,0.5
KHT-XE5S,2025-09-10 04:10:00,9.3172,10.94,KHT-XE5S_2025_0526_1101,0.00010000000000012221,0.5
KHT-XE5S,2025-09-10 04:20:00,9.3165,10.94,KHT-XE5S_2025_0526_1101,0.0,0.5
KHT-XE5S,2025-09-10 04:30:00,9.316,10.942,KHT-XE5S_2025_0526_1101,0.0002000000000000668,0.5
KHT-XE5S,2025-09-10 04:40:00,9.316,10.942,KHT-XE5S_2025_0526_1101,0.0,0.5
KHT-XE5S,2025-09-10 04:50:00,9.3166,10.942,KHT-XE5S_2025_0526_1101,0.0,0.5
KHT-XE5S,2025-09-10 05:00:00,9.3165,10.942,KHT-XE5S_2025_0526_1101,0.0,0.5
KHT-XE5S,2025-09-10 05:10:00,9.3164,10.941,KHT-XE5S_2025_0526_1101,9.999999999994457e-05,0.5
KHT-XE5S,2025-09-10 05:20:00,9.3164,10.939,KHT-XE5S_2025_0526_1101,0.0002000000000000668,0.5
KHT-XE5S,2025-09-10 05:30:00,9.317,10.941,KHT-XE5S_2025_0526_1101,0.0002000000000000668,0.5
KHT-XE5S,2025-09-10 05:40:00,9.3177,10.941,KHT-XE5S_2025_0526_1101,0.0,0.5
KHT-XE5S,2025-09-10 05:50:00,9.3183,10.943,KHT-XE5S_2025_0526_1101,0.00019999999999988915,0.5
KHT-XE5S,2025-09-10 06:00:00,9.3189,10.943,KHT-XE5S_2025_0526_1101,0.0,0.5
KHT-XE5S,2025-09-10 06:10:00,9.3192,10.942,KHT-XE5S_2025_0526_1101,9.999999999994457e-05,0.5
KHT-XE5S,2025-09-10 06:20:00,9.3192,10.942,KHT-XE5S_2025_0526_1101,0.0,0.5
KHT-XE5S,2025-09-10 06:30:00,9.3196,10.943,KHT-XE5S_2025_0526_1101,9.999999999994457e-05,0.5
KHT-XE5S,2025-09-10 06:40:00,9.3211,10.941,KHT-XE5S_2025_0526_1101,0.00019999999999988915,0.5
KHT-XE5S,2025-09-10 06:50:00,9.3224,10.942,KHT-XE5S_2025_0526_1101,9.999999999994457e-05,0.5
KHT-XE5S,2025-09-10 07:00:00,9.3232,10.94,KHT-XE5S_2025_0526_1101,0.0002000000000000668,0.5
KHT-XE5S,2025-09-10 07:10:00,9.3232,10.944,KHT-XE5S_2025_0526_1101,0.0004000000000001336,0.5
KHT-XE5S,2025-09-10 07:20:00,9.3233,10.941,KHT-XE5S_2025_0526_1101,0.00030000000000001136,0.5
KHT-XE5S,2025-09-10 07:30:00,9.3233,10.942,KHT-XE5S_2025_0526_1101,9.999999999994457e-05,0.5
KHT-XE5S,2025-09-10 07:40:00,9.323,10.943,KHT-XE5S_2025_0526_1101,9.999999999994457e-05,0.5
KHT-XE5S,2025-09-10 07:50:00,9.3231,10.943,KHT-XE5S_2025_0526_1101,0.0,0.5
KHT-XE5S,2025-09-10 08:00:00,9.3235,10.942,KHT-XE5S_2025_0526_1101,9.999999999994457e-05,0.5
KHT-XE5S,2025-09-10 08:10:00,9.3231,10.944,KHT-XE5S_2025_0526_1101,0.0002000000000000668,0.5
KHT-XE5S,2025-09-10 08:20:00,9.3227,10.942,KHT-XE5S_2025_0526_1101,0.0002000000000000668,0.5
KHT-XE5S,2025-09-10 08:30:00,9.3226,10.943,KHT-XE5S_2025_0526_1101,9.999999999994457e-05,0.5
KHT-XE5S,2025-09-10 08:40:00,9.3225,10.944,KHT-XE5S_2025_0526_1101,0.00010000000000012221,0.5
KHT-XE5S,2025-09-10 08:50:00,9.3233,10.944,KHT-XE5S_2025_0526_1101,0.0,0.5
KHT-XE5S,2025-09-10 09:00:00,9.3229,10.943,KHT-XE5S_2025_0526_1101,0.00010000000000012221,0.5
KHT-XE5S,2025-09-10 09:10:00,9.323,10.947,KHT-XE5S_2025_0526_1101,0.00039999999999995595,0.5
KHT-XE5S,2025-09-10 09:20:00,9.3229,10.942,KHT-XE5S_2025_0526_1101,0.0004999999999999005,0.5
KHT-XE5S,2025-09-10 09:30:00,9.3231,10.942,KHT-XE5S_2025_0526_1101,0.0,0.5
KHT-XE5S,2025-09-10 09:40:00,9.3218,10.945,KHT-XE5S_2025_0526_1101,0.00030000000000001136,0.5
KHT-XE5S,2025-09-10 09:50:00,9.3209,10.945,KHT-XE5S_2025_0526_1101,0.0,0.5
KHT-XE5S,2025-09-10 10:00:00,9.3215,10.945,KHT-XE5S_2025_0526_1101,0.0,0.5
KHT-XE5S,2025-09-10 10:10:00,9.322,10.945,KHT-XE5S_2025_0526_1101,0.0,0.5
KHT-XE5S,2025-09-10 10:20:00,9.3214,10.946,KHT-XE5S_2025_0526_1101,9.999999999994457e-05,0.5
KHT-XE5S,2025-09-10 10:30:00,9.3204,10.944,KHT-XE5S_2025_0526_1101,0.00019999999999988915,0.5
KHT-XE5S,2025-09-10 10:40:00,9.3206,10.945,KHT-XE5S_2025_0526_1101,9.999999999994457e-05,0.5
KHT-XE5S,2025-09-10 10:50:00,9.3211,10.946,KHT-XE5S_2025_0526_1101,9.999999999994457e-05,0.5
KHT-XE5S,2025-09-10 11:00:00,9.3208,10.947,KHT-XE5S_2025_0526_1101,9.999999999994457e-05,0.5
KHT-XE5S,2025-09-10 11:10:00,9.3203,10.946,KHT-XE5S_2025_0526_1101,9.999999999994457e-05,0.5
KHT-XE5S,2025-09-10 11:20:00,9.3188,10.946,KHT-XE5S_2025_0526_1101,0.0,0.5
KHT-XE5S,2025-09-10 11:30:00,9.3186,10.947,KHT-XE5S_2025_0526_1101,9.999999999994457e-05,0.5
KHT-XE5S,2025-09-10 11:40:00,9.3173,10.946,KHT-XE5S_2025_0526_1101,9.999999999994457e-05,0.5
KHT-XE5S,2025-09-10 11:50:00,9.3168,10.945,KHT-XE5S_2025_0526_1101,9.999999999994457e-05,0.5
KHT-XE5S,2025-09-10 12:00:00,9.3156,10.945,KHT-XE5S_2025_0526_1101,0.0,0.5
KHT-XE5S,2025-09-10 12:10:00,9.3149,10.945,KHT-XE5S_2025_0526_1101,0.0,0.5
KHT-XE5S,2025-09-10 12:20:00,9.3135,10.949,KHT-XE5S_2025_0526_1101,0.00039999999999995595,0.5
KHT-XE5S,2025-09-10 12:30:00,9.3113,10.948,KHT-XE5S_2025_0526_1101,9.999999999994457e-05,0.5
KHT-XE5S,2025-09-10 12:40:00,9.3098,10.948,KHT-XE5S_2025_0526_1101,0.0,0.5
KHT-XE5S,2025-09-10 12:50:00,9.3108,10.946,KHT-XE5S_2025_0526_1101,0.0002000000000000668,0.5
KHT-XE5S,2025-09-10 13:00:00,9.3105,10.949,KHT-XE5S_2025_0526_1101,0.00030000000000001136,0.5
KHT-XE5S,2025-09-10 13:10:00,9.3083,10.947,KHT-XE5S_2025_0526_1101,0.0002000000000000668,0.5
KHT-XE5S,2025-09-10 13:20:00,9.308,10.949,KHT-XE5S_2025_0526_1101,0.0002000000000000668,0.5
KHT-XE5S,2025-09-10 13:30:00,9.3075,10.948,KHT-XE5S_2025_0526_1101,9.999999999994457e-05,0.5
KHT-XE5S,2025-09-10 13:40:00,9.3056,10.949,KHT-XE5S_2025_0526_1101,9.999999999994457e-05,0.5
KHT-XE5S,2025-09-10 13:50:00,9.305,10.949,KHT-XE5S_2025_0526_1101,0.0,0.5
KHT-XE5S,2025-09-10 14:00:00,9.3058,10.947,KHT-XE5S_2025_0526_1101,0.0002000000000000668,0.5
KHT-XE5S,2025-09-10 14:10:00,9.3056,10.948,KHT-XE5S_2025_0526_1101,0.00010000000000012221,0.5
KHT-XE5S,2025-09-10 14:20:00,9.3045,10.948,KHT-XE5S_2025_0526_1101,0.0,0.5
KHT-XE5S,2025-09-10 14:30:00,9.3059,10.947,KHT-XE5S_2025_0526_1101,0.00010000000000012221,0.5
KHT-XE5S,2025-09-10 14:40:00,9.3043,10.947,KHT-XE5S_2025_0526_1101,0.0,0.5
KHT-XE5S,2025-09-10 14:50:00,9.3045,10.948,KHT-XE5S_2025_0526_1101,0.00010000000000012221,0.5
KHT-XE5S,2025-09-10 15:00:00,9.3041,10.949,KHT-XE5S_2025_0526_1101,9.999999999994457e-05,0.5
KHT-XE5S,2025-09-10 15:10:00,9.3026,10.951,KHT-XE5S_2025_0526_1101,0.0002000000000000668,0.5
KHT-XE5S,2025-09-10 15:20:00,9.3016,10.95,KHT-XE5S_2025_0526_1101,0.00010000000000012221,0.5
KHT-XE5S,2025-09-10 15:30:00,9.3,10.948,KHT-XE5S_2025_0526_1101,0.00019999999999988915,0.5
KHT-XE5S,2025-09-10 15:40:00,9.3006,10.951,KHT-XE5S_2025_0526_1101,0.00030000000000001136,0.5
KHT-XE5S,2025-09-10 15:50:00,9.2998,10.95,KHT-XE5S_2025_0526_1101,0.00010000000000012221,0.5
KHT-XE5S,2025-09-10 16:00:00,9.2995,10.95,KHT-XE5S_2025_0526_1101,0.0,0.5
KHT-XE5S,2025-09-10 16:10:00,9.2986,10.948,KHT-XE5S_2025_0526_1101,0.00019999999999988915,0.5
KHT-XE5S,2025-09-10 16:20:00,9.2967,10.95,KHT-XE5S_2025_0526_1101,0.00019999999999988915,0.5
KHT-XE5S,2025-09-10 16:30:00,9.2978,10.95,KHT-XE5S_2025_0526_1101,0.0,0.5
KHT-XE5S,2025-09-10 16:40:00,9.2991,10.95,KHT-XE5S_2025_0526_1101,0.0,0.5
KHT-XE5S,2025-09-10 16:50:00,9.2996,10.951,KHT-XE5S_2025_0526_1101,0.00010000000000012221,0.5
KHT-XE5S,2025-09-10 17:00:00,9.3009,10.952,KHT-XE5S_2025_0526_1101,9.999999999994457e-05,0.5
KHT-XE5S,2025-09-10 17:10:00,9.3015,10.952,KHT-XE5S_2025_0526_1101,0.0,0.5
KHT-XE5S,2025-09-10 17:20:00,9.3033,10.95,KHT-XE5S_2025_0526_1101,0.0002000000000000668,0.5
KHT-XE5S,2025-09-10 17:30:00,9.3035,10.951,KHT-XE5S_2025_0526_1101,0.00010000000000012221,0.5
KHT-XE5S,2025-09-10 17:40:00,9.3047,10.95,KHT-XE5S_2025_0526_1101,0.00010000000000012221,0.5
KHT-XE5S,2025-09-10 17:50:00,9.3052,10.951,KHT-XE5S_2025_0526_1101,0.00010000000000012221,0.5
KHT-XE5S,2025-09-10 18:00:00,9.3057,10.95,KHT-XE5S_2025_0526_1101,0.00010000000000012221,0.5
KHT-XE5S,2025-09-10 18:10:00,9.3061,10.952,KHT-XE5S_2025_0526_1101,0.0002000000000000668,0.5
KHT-XE5S,2025-09-10 18:20:00,9.3067,10.95,KHT-XE5S_2025_0526_1101,0.0002000000000000668,0.5
KHT-XE5S,2025-09-10 18:30:00,9.3077,10.951,KHT-XE5S_2025_0526_1101,0.00010000000000012221,0.5
KHT-XE5S,2025-09-10 18:40:00,9.3091,10.95,KHT-XE5S_2025_0526_1101,0.00010000000000012221,0.5
KHT-XE5S,2025-09-10 18:50:00,9.3115,10.951,KHT-XE5S_2025_0526_1101,0.00010000000000012221,0.5
KHT-XE5S,2025-09-10 19:00:00,9.3126,10.951,KHT-XE5S_2025_0526_1101,0.0,0.5
KHT-XE5S,2025-09-10 19:10:00,9.3136,10.95,KHT-XE5S_2025_0526_1101,0.00010000000000012221,0.5
KHT-XE5S,2025-09-10 19:20:00,9.3147,10.952,KHT-XE5S_2025_0526_1101,0.0002000000000000668,0.5
KHT-XE5S,2025-09-10 19:30:00,9.317,10.953,KHT-XE5S_2025_0526_1101,9.999999999994457e-05,0.5
KHT-XE5S,2025-09-10 19:40:00,9.3184,10.951,KHT-XE5S_2025_0526_1101,0.00019999999999988915,0.5
KHT-XE5S,2025-09-10 19:50:00,9.3208,10.951,KHT-XE5S_2025_0526_1101,0.0,0.5
KHT-XE5S,2025-09-10 20:00:00,9.3221,10.951,KHT-XE5S_2025_0526_1101,0.0,0.5
KHT-XE5S,2025-09-10 20:10:00,9.3229,10.952,KHT-XE5S_2025_0526_1101,9.999999999994457e-05,0.5
KHT-XE5S,2025-09-10 20:20:00,9.3226,10.952,KHT-XE5S_2025_0526_1101,0.0,0.5
KHT-XE5S,2025-09-10 20:30:00,9.3226,10.952,KHT-XE5S_2025_0526_1101,0.0,0.5
KHT-XE5S,2025-09-10 20:40:00,9.3227,10.956,KHT-XE5S_2025_0526_1101,0.00039999999999995595,0.5
KHT-XE5S,2025-09-10 20:50:00,9.3251,10.953,KHT-XE5S_2025_0526_1101,0.00030000000000001136,0.5
KHT-XE5S,2025-09-10 21:00:00,9.3269,10.955,KHT-XE5S_2025_0526_1101,0.0002000000000000668,0.5
KHT-XE5S,2025-09-10 21:10:00,9.3279,10.953,KHT-XE5S_2025_0526_1101,0.0002000000000000668,0.5
KHT-XE5S,2025-09-10 21:20:00,9.329,10.954,KHT-XE5S_2025_0526_1101,0.00010000000000012221,0.5
KHT-XE5S,2025-09-10 21:30:00,9.3303,10.954,KHT-XE5S_2025_0526_1101,0.0,0.5
KHT-XE5S,2025-09-10 21:40:00,9.3302,10.954,KHT-XE5S_2025_0526_1101,0.0,0.5
KHT-XE5S,2025-09-10 21:50:00,9.3303,10.953,KHT-XE5S_2025_0526_1101,0.00010000000000012221,0.5
KHT-XE5S,2025-09-10 22:00:00,9.331,10.952,KHT-XE5S_2025_0526_1101,9.999999999994457e-05,0.5
KHT-XE5S,2025-09-10 22:10:00,9.3307,10.952,KHT-XE5S_2025_0526_1101,0.0,0.5
KHT-XE5S,2025-09-10 22:20:00,9.3309,10.952,KHT-XE5S_2025_0526_1101,0.0,0.5
KHT-XE5S,2025-09-10 22:30:00,9.3305,10.952,KHT-XE5S_2025_0526_1101,0.0,0.5
KHT-XE5S,2025-09-10 22:40:00,9.3306,10.954,KHT-XE5S_2025_0526_1101,0.0002000000000000668,0.5
KHT-XE5S,2025-09-10 22:50:00,9.3307,10.954,KHT-XE5S_2025_0526_1101,0.0,0.5
KHT-XE5S,2025-09-10 23:00:00,9.331,10.954,KHT-XE5S_2025_0526_1101,0.0,0.5
KHT-XE5S,2025-09-10 23:10:00,9.3312,10.955,KHT-XE5S_2025_0526_1101,9.999999999994457e-05,0.5
KHT-XE5S,2025-09-10 23:20:00,9.3323,10.955,KHT-XE5S_2025_0526_1101,0.0,0.5
KHT-XE5S,2025-09-10 23:30:00,9.3335,10.953,KHT-XE5S_2025_0526_1101,0.0002000000000000668,0.5
KHT-XE5S,2025-09-10 23:40:00,9.3345,10.955,KHT-XE5S_2025_0526_1101,0.0002000000000000668,0.5
KHT-XE5S,2025-09-10 23:50:00,9.3343,10.954,KHT-XE5S_2025_0526_1101,9.999999999994457e-05,0.5
KHT-XE5S,2025-09-11 00:00:00,9.3347,10.956,KHT-XE5S_2025_0526_1101,0.00019999999999988915,0.5
KHT-XE5S,2025-09-11 00:10:00,9.3347,10.955,KHT-XE5S_2025_0526_1101,9.999999999994457e-05,0.5
KHT-XE5S,2025-09-11 00:20:00,9.3343,10.955,KHT-XE5S_2025_0526_1101,0.0,0.5
KHT-XE5S,2025-09-11 00:30:00,9.3355,10.956,KHT-XE5S_2025_0526_1101,9.999999999994457e-05,0.5
KHT-XE5S,2025-09-11 00:40:00,9.3355,10.956,KHT-XE5S_2025_0526_1101,0.0,0.5
KHT-XE5S,2025-09-11 00:50:00,9.3349,10.956,KHT-XE5S_2025_0526_1101,0.0,0.5
KHT-XE5S,2025-09-11 01:00:00,9.3345,10.955,KHT-XE5S_2025_0526_1101,9.999999999994457e-05,0.5
KHT-XE5S,2025-09-11 01:10:00,9.3343,10.956,KHT-XE5S_2025_0526_1101,9.999999999994457e-05,0.5
KHT-XE5S,2025-09-11 01:20:00,9.3343,10.956,KHT-XE5S_2025_0526_1101,0.0,0.5
KHT-XE5S,2025-09-11 01:30:00,9.3353,10.954,KHT-XE5S_2025_0526_1101,0.00019999999999988915,0.5
KHT-XE5S,2025-09-11 01:40:00,9.3357,10.956,KHT-XE5S_2025_0526_1101,0.00019999999999988915,0.5
KHT-XE5S,2025-09-11 01:50:00,9.3368,10.957,KHT-XE5S_2025_0526_1101,0.00010000000000012221,0.5
KHT-XE5S,2025-09-11 02:00:00,9.3378,10.958,KHT-XE5S_2025_0526_1101,9.999999999994457e-05,0.5
KHT-XE5S,2025-09-11 02:10:00,9.338,10.957,KHT-XE5S_2025_0526_1101,9.999999999994457e-05,0.5
KHT-XE5S,2025-09-11 02:20:00,9.3379,10.957,KHT-XE5S_2025_0526_1101,0.0,0.5
KHT-XE5S,2025-09-11 02:30:00,9.3387,10.956,KHT-XE5S_2025_0526_1101,0.00010000000000012221,0.5
KHT-XE5S,2025-09-11 02:40:00,9.3394,10.956,KHT-XE5S_2025_0526_1101,0.0,0.5
KHT-XE5S,2025-09-11 02:50:00,9.3405,10.957,KHT-XE5S_2025_0526_1101,0.00010000000000012221,0.5
KHT-XE5S,2025-09-11 03:00:00,9.3405,10.958,KHT-XE5S_2025_0526_1101,9.999999999994457e-05,0.5
KHT-XE5S,2025-09-11 03:10:00,9.3398,10.956,KHT-XE5S_2025_0526_1101,0.0002000000000000668,0.5
KHT-XE5S,2025-09-11 03:20:00,9.3392,10.958,KHT-XE5S_2025_0526_1101,0.0002000000000000668,0.5
KHT-XE5S,2025-09-11 03:30:00,9.3403,10.957,KHT-XE5S_2025_0526_1101,9.999999999994457e-05,0.5
KHT-XE5S,2025-09-11 03:40:00,9.3417,10.958,KHT-XE5S_2025_0526_1101,9.999999999994457e-05,0.5
KHT-XE5S,2025-09-11 03:50:00,9.3427,10.958,KHT-XE5S_2025_0526_1101,0.0,0.5
KHT-XE5S,2025-09-11 04:00:00,9.3436,10.958,KHT-XE5S_2025_0526_1101,0.0,0.5
KHT-XE5S,2025-09-11 04:10:00,9.3427,10.958,KHT-XE5S_2025_0526_1101,0.0,0.5
KHT-XE5S,2025-09-11 04:20:00,9.3432,10.959,KHT-XE5S_2025_0526_1101,9.999999999994457e-05,0.5
KHT-XE5S,2025-09-11 04:30:00,9.3444,10.958,KHT-XE5S_2025_0526_1101,9.999999999994457e-05,0.5
KHT-XE5S,2025-09-11 04:40:00,9.3451,10.959,KHT-XE5S_2025_0526_1101,9.999999999994457e-05,0.5
KHT-XE5S,2025-09-11 04:50:00,9.3456,10.958,KHT-XE5S_2025_0526_1101,9.999999999994457e-05,0.5
KHT-XE5S,2025-09-11 05:00:00,9.3457,10.958,KHT-XE5S_2025_0526_1101,0.0,0.5
KHT-XE5S,2025-09-11 05:10:00,9.3453,10.96,KHT-XE5S_2025_0526_1101,0.0002000000000000668,0.5
KHT-XE5S,2025-09-11 05:20:00,9.3448,10.959,KHT-XE5S_2025_0526_1101,0.00010000000000012221,0.5
KHT-XE5S,2025-09-11 05:30:00,9.3449,10.956,KHT-XE5S_2025_0526_1101,0.00030000000000001136,0.5
KHT-XE5S,2025-09-11 05:40:00,9.3447,10.958,KHT-XE5S_2025_0526_1101,0.0002000000000000668,0.5
KHT-XE5S,2025-09-11 05:50:00,9.3457,10.958,KHT-XE5S_2025_0526_1101,0.0,0.5
KHT-XE5S,2025-09-11 06:00:00,9.3461,10.958,KHT-XE5S_2025_0526_1101,0.0,0.5
KHT-XE5S,2025-09-11 06:10:00,9.346,10.959,KHT-XE5S_2025_0526_1101,9.999999999994457e-05,0.5
KHT-XE5S,2025-09-11 06:20:00,9.3446,10.959,KHT-XE5S_2025_0526_1101,0.0,0.5
KHT-XE5S,2025-09-11 06:30:00,9.3447,10.961,KHT-XE5S_2025_0526_1101,0.0002000000000000668,0.5
KHT-XE5S,2025-09-11 06:40:00,9.3458,10.958,KHT-XE5S_2025_0526_1101,0.00030000000000001136,0.5
KHT-XE5S,2025-09-11 06:50:00,9.3479,10.959,KHT-XE5S_2025_0526_1101,9.999999999994457e-05,0.5
KHT-XE5S,2025-09-11 07:00:00,9.3496,10.959,KHT-XE5S_2025_0526_1101,0.0,0.5
KHT-XE5S,2025-09-11 07:10:00,9.3507,10.959,KHT-XE5S_2025_0526_1101,0.0,0.5
KHT-XE5S,2025-09-11 07:20:00,9.3518,10.961,KHT-XE5S_2025_0526_1101,0.0002000000000000668,0.5
KHT-XE5S,2025-09-11 07:30:00,9.3528,10.959,KHT-XE5S_2025_0526_1101,0.0002000000000000668,0.5
KHT-XE5S,2025-09-11 07:40:00,9.3538,10.959,KHT-XE5S_2025_0526_1101,0.0,0.5
KHT-XE5S,2025-09-11 07:50:00,9.3536,10.961,KHT-XE5S_2025_0526_1101,0.0002000000000000668,0.5
KHT-XE5S,2025-09-11 08:00:00,9.3537,10.961,KHT-XE5S_2025_0526_1101,0.0,0.5
KHT-XE5S,2025-09-11 08:10:00,9.3538,10.961,KHT-XE5S_2025_0526_1101,0.0,0.5
KHT-XE5S,2025-09-11 08:20:00,9.354,10.962,KHT-XE5S_2025_0526_1101,9.999999999994457e-05,0.5
KHT-XE5S,2025-09-11 08:30:00,9.3537,10.961,KHT-XE5S_2025_0526_1101,9.999999999994457e-05,0.5
KHT-XE5S,2025-09-11 08:40:00,9.3544,10.962,KHT-XE5S_2025_0526_1101,9.999999999994457e-05,0.5
KHT-XE5S,2025-09-11 08:50:00,9.3551,10.96,KHT-XE5S_2025_0526_1101,0.00019999999999988915,0.5
KHT-XE5S,2025-09-11 09:00:00,9.3549,10.962,KHT-XE5S_2025_0526_1101,0.00019999999999988915,0.5
KHT-XE5S,2025-09-11 09:10:00,9.3558,10.96,KHT-XE5S_2025_0526_1101,0.00019999999999988915,0.5
KHT-XE5S,2025-09-11 09:20:00,9.3563,10.962,KHT-XE5S_2025_0526_1101,0.00019999999999988915,0.5
KHT-XE5S,2025-09-11 09:30:00,9.3557,10.963,KHT-XE5S_2025_0526_1101,9.999999999994457e-05,0.5
KHT-XE5S,2025-09-11 09:40:00,9.3551,10.962,KHT-XE5S_2025_0526_1101,9.999999999994457e-05,0.5
KHT-XE5S,2025-09-11 09:50:00,9.3555,10.961,KHT-XE5S_2025_0526_1101,9.999999999994457e-05,0.5
KHT-XE5S,2025-09-11 10:00:00,9.3551,10.962,KHT-XE5S_2025_0526_1101,9.999999999994457e-05,0.5
KHT-XE5S,2025-09-11 10:10:00,9.3548,10.962,KHT-XE5S_2025_0526_1101,0.0,0.5
KHT-XE5S,2025-09-11 10:20:00,9.3537,10.96,KHT-XE5S_2025_0526_1101,0.00019999999999988915,0.5
KHT-XE5S,2025-09-11 10:30:00,9.3531,10.962,KHT-XE5S_2025_0526_1101,0.00019999999999988915,0.5
KHT-XE5S,2025-09-11 10:40:00,9.3522,10.963,KHT-XE5S_2025_0526_1101,9.999999999994457e-05,0.5
KHT-XE5S,2025-09-11 10:50:00,9.3518,10.963,KHT-XE5S_2025_0526_1101,0.0,0.5
KHT-XE5S,2025-09-11 11:00:00,9.3504,10.963,KHT-XE5S_2025_0526_1101,0.0,0.5
KHT-XE5S,2025-09-11 11:10:00,9.3506,10.962,KHT-XE5S_2025_0526_1101,9.999999999994457e-05,0.5
KHT-XE5S,2025-09-11 11:20:00,9.3481,10.964,KHT-XE5S_2025_0526_1101,0.0002000000000000668,0.5
KHT-XE5S,2025-09-11 11:30:00,9.3474,10.966,KHT-XE5S_2025_0526_1101,0.00019999999999988915,0.5
KHT-XE5S,2025-09-11 11:40:00,9.348,10.963,KHT-XE5S_2025_0526_1101,0.00030000000000001136,0.5
KHT-XE5S,2025-09-11 11:50:00,9.3442,10.963,KHT-XE5S_2025_0526_1101,0.0,0.5
KHT-XE5S,2025-09-11 12:00:00,9.3438,10.963,KHT-XE5S_2025_0526_1101,0.0,0.5
KHT-XE5S,2025-09-11 12:10:00,9.3421,10.965,KHT-XE5S_2025_0526_1101,0.0002000000000000668,0.5
KHT-XE5S,2025-09-11 12:20:00,9.3411,10.965,KHT-XE5S_2025_0526_1101,0.0,0.5
KHT-XE5S,2025-09-11 12:30:00,9.3398,10.964,KHT-XE5S_2025_0526_1101,9.999999999994457e-05,0.5
KHT-XE5S,2025-09-11 12:40:00,9.3373,10.964,KHT-XE5S_2025_0526_1101,0.0,0.5
KHT-XE5S,2025-09-11 12:50:00,9.3363,10.964,KHT-XE5S_2025_0526_1101,0.0,0.5
KHT-XE5S,2025-09-11 13:00:00,9.3341,10.964,KHT-XE5S_2025_0526_1101,0.0,0.5
KHT-XE5S,2025-09-11 13:10:00,9.3346,10.964,KHT-XE5S_2025_0526_1101,0.0,0.5
KHT-XE5S,2025-09-11 13:20:00,9.3331,10.965,KHT-XE5S_2025_0526_1101,9.999999999994457e-05,0.5
KHT-XE5S,2025-09-11 13:30:00,9.3309,10.965,KHT-XE5S_2025_0526_1101,0.0,0.5
KHT-XE5S,2025-09-11 13:40:00,9.3304,10.964,KHT-XE5S_2025_0526_1101,9.999999999994457e-05,0.5
KHT-XE5S,2025-09-11 13:50:00,9.3294,10.964,KHT-XE5S_2025_0526_1101,0.0,0.5
KHT-XE5S,2025-09-11 14:00:00,9.3285,10.965,KHT-XE5S_2025_0526_1101,9.999999999994457e-05,0.5
KHT-XE5S,2025-09-11 14:10:00,9.3279,10.962,KHT-XE5S_2025_0526_1101,0.00030000000000001136,0.5
KHT-XE5S,2025-09-11 14:20:00,9.3278,10.965,KHT-XE5S_2025_0526_1101,0.00030000000000001136,0.5
KHT-XE5S,2025-09-11 14:30:00,9.3278,10.965,KHT-XE5S_2025_0526_1101,0.0,0.5
KHT-XE5S,2025-09-11 14:40:00,9.3265,10.966,KHT-XE5S_2025_0526_1101,9.999999999994457e-05,0.5
KHT-XE5S,2025-09-11 14:50:00,9.3256,10.965,KHT-XE5S_2025_0526_1101,9.999999999994457e-05,0.5
KHT-XE5S,2025-09-11 15:00:00,9.3258,10.965,KHT-XE5S_2025_0526_1101,0.0,0.5
KHT-XE5S,2025-09-11 15:10:00,9.3253,10.965,KHT-XE5S_2025_0526_1101,0.0,0.5
KHT-XE5S,2025-09-11 15:20:00,9.3267,10.965,KHT-XE5S_2025_0526_1101,0.0,0.5
KHT-XE5S,2025-09-11 15:30:00,9.3264,10.966,KHT-XE5S_2025_0526_1101,9.999999999994457e-05,0.5
KHT-XE5S,2025-09-11 15:40:00,9.3274,10.966,KHT-XE5S_2025_0526_1101,0.0,0.5
KHT-XE5S,2025-09-11 15:50:00,9.328,10.965,KHT-XE5S_2025_0526_1101,9.999999999994457e-05,0.5
KHT-XE5S,2025-09-11 16:00:00,9.3282,10.967,KHT-XE5S_2025_0526_1101,0.0002000000000000668,0.5
KHT-XE5S,2025-09-11 16:10:00,9.3286,10.966,KHT-XE5S_2025_0526_1101,0.00010000000000012221,0.5
KHT-XE5S,2025-09-11 16:20:00,9.3285,10.966,KHT-XE5S_2025_0526_1101,0.0,0.5
KHT-XE5S,2025-09-11 16:30:00,9.3291,10.967,KHT-XE5S_2025_0526_1101,0.00010000000000012221,0.5
KHT-XE5S,2025-09-11 16:40:00,9.3308,10.966,KHT-XE5S_2025_0526_1101,0.00010000000000012221,0.5
KHT-XE5S,2025-09-11 16:50:00,9.3323,10.966,KHT-XE5S_2025_0526_1101,0.0,0.5
KHT-XE5S,2025-09-11 17:00:00,9.3335,10.967,KHT-XE5S_2025_0526_1101,0.00010000000000012221,0.5
KHT-XE5S,2025-09-11 17:10:00,9.335,10.967,KHT-XE5S_2025_0526_1101,0.0,0.5
KHT-XE5S,2025-09-11 17:20:00,9.3355,10.965,KHT-XE5S_2025_0526_1101,0.0002000000000000668,0.5
KHT-XE5S,2025-09-11 17:30:00,9.3356,10.969,KHT-XE5S_2025_0526_1101,0.00039999999999995595,0.5
KHT-XE5S,2025-09-11 17:40:00,9.3357,10.966,KHT-XE5S_2025_0526_1101,0.00030000000000001136,0.5
KHT-XE5S,2025-09-11 17:50:00,9.3361,10.967,KHT-XE5S_2025_0526_1101,0.00010000000000012221,0.5
KHT-XE5S,2025-09-11 18:00:00,9.3364,10.968,KHT-XE5S_2025_0526_1101,9.999999999994457e-05,0.5
KHT-XE5S,2025-09-11 18:10:00,9.337,10.966,KHT-XE5S_2025_0526_1101,0.0002000000000000668,0.5
KHT-XE5S,2025-09-11 18:20:00,9.3372,10.968,KHT-XE5S_2025_0526_1101,0.0002000000000000668,0.5
KHT-XE5S,2025-09-11 18:30:00,9.3375,10.968,KHT-XE5S_2025_0526_1101,0.0,0.5
KHT-XE5S,2025-09-11 18:40:00,9.3379,10.968,KHT-XE5S_2025_0526_1101,0.0,0.5
KHT-XE5S,2025-09-11 18:50:00,9.3387,10.969,KHT-XE5S_2025_0526_1101,9.999999999994457e-05,0.5
KHT-XE5S,2025-09-11 19:00:00,9.3387,10.968,KHT-XE5S_2025_0526_1101,9.999999999994457e-05,0.5
KHT-XE5S,2025-09-11 19:10:00,9.3387,10.969,KHT-XE5S_2025_0526_1101,9.999999999994457e-05,0.5
KHT-XE5S,2025-09-11 19:20:00,9.3399,10.969,KHT-XE5S_2025_0526_1101,0.0,0.5
KHT-XE5S,2025-09-11 19:30:00,9.3411,10.967,KHT-XE5S_2025_0526_1101,0.00019999999999988915,0.5
KHT-XE5S,2025-09-11 19:40:00,9.3429,10.97,KHT-XE5S_2025_0526_1101,0.00030000000000001136,0.5
KHT-XE5S,2025-09-11 19:50:00,9.344,10.968,KHT-XE5S_2025_0526_1101,0.0002000000000000668,0.5
KHT-XE5S,2025-09-11 20:00:00,9.3457,10.968,KHT-XE5S_2025_0526_1101,0.0,0.5
KHT-XE5S,2025-09-11 20:10:00,9.3464,10.967,KHT-XE5S_2025_0526_1101,9.999999999994457e-05,0.5
KHT-XE5S,2025-09-11 20:20:00,9.3467,10.97,KHT-XE5S_2025_0526_1101,0.00030000000000001136,0.5
KHT-XE5S,2025-09-11 20:30:00,9.3478,10.968,KHT-XE5S_2025_0526_1101,0.0002000000000000668,0.5
KHT-XE5S,2025-09-11 20:40:00,9.3494,10.97,KHT-XE5S_2025_0526_1101,0.0002000000000000668,0.5
KHT-XE5S,2025-09-11 20:50:00,9.3498,10.969,KHT-XE5S_2025_0526_1101,0.00010000000000012221,0.5
KHT-XE5S,2025-09-11 21:00:00,9.3506,10.969,KHT-XE5S_2025_0526_1101,0.0,0.5
KHT-XE5S,2025-09-11 21:10:00,9.3516,10.97,KHT-XE5S_2025_0526_1101,0.00010000000000012221,0.5
KHT-XE5S,2025-09-11 21:20:00,9.3527,10.972,KHT-XE5S_2025_0526_1101,0.00019999999999988915,0.5
KHT-XE5S,2025-09-11 21:30:00,9.3537,10.969,KHT-XE5S_2025_0526_1101,0.00030000000000001136,0.5
KHT-XE5S,2025-09-11 21:40:00,9.3538,10.969,KHT-XE5S_2025_0526_1101,0.0,0.5
KHT-XE5S,2025-09-11 21:50:00,9.3549,10.969,KHT-XE5S_2025_0526_1101,0.0,0.5
KHT-XE5S,2025-09-11 22:00:00,9.3545,10.972,KHT-XE5S_2025_0526_1101,0.00030000000000001136,0.5
KHT-XE5S,2025-09-11 22:10:00,9.3551,10.971,KHT-XE5S_2025_0526_1101,9.999999999994457e-05,0.5
KHT-XE5S,2025-09-11 22:20:00,9.3559,10.972,KHT-XE5S_2025_0526_1101,9.999999999994457e-05,0.5
KHT-XE5S,2025-09-11 22:30:00,9.3556,10.969,KHT-XE5S_2025_0526_1101,0.00030000000000001136,0.5
KHT-XE5S,2025-09-11 22:40:00,9.357,10.971,KHT-XE5S_2025_0526_1101,0.0002000000000000668,0.5
KHT-XE5S,2025-09-11 22:50:00,9.3566,10.969,KHT-XE5S_2025_0526_1101,0.0002000000000000668,0.5
KHT-XE5S,2025-09-11 23:00:00,9.3569,10.971,KHT-XE5S_2025_0526_1101,0.0002000000000000668,0.5
KHT-XE5S,2025-09-11 23:10:00,9.3563,10.972,KHT-XE5S_2025_0526_1101,9.999999999994457e-05,0.5
KHT-XE5S,2025-09-11 23:20:00,9.356,10.971,KHT-XE5S_2025_0526_1101,9.999999999994457e-05,0.5
KHT-XE5S,2025-09-11 23:30:00,9.3554,10.972,KHT-XE5S_2025_0526_1101,9.999999999994457e-05,0.5
KHT-XE5S,2025-09-11 23:40:00,9.3548,10.972,KHT-XE5S_2025_0526_1101,0.0,0.5
KHT-XE5S,2025-09-11 23:50:00,9.355,10.971,KHT-XE5S_2025_0526_1101,9.999999999994457e-05,0.5
KHT-XE5S,2025-09-12 00:00:00,9.3551,10.972,KHT-XE5S_2025_0526_1101,9.999999999994457e-05,0.5
KHT-XE5S,2025-09-12 00:10:00,9.3552,10.972,KHT-XE5S_2025_0526_1101,0.0,0.5
KHT-XE5S,2025-09-12 00:20:00,9.3555,10.971,KHT-XE5S_2025_0526_1101,9.999999999994457e-05,0.5
KHT-XE5S,2025-09-12 00:30:00,9.3559,10.972,KHT-XE5S_2025_0526_1101,9.999999999994457e-05,0.5
KHT-XE5S,2025-09-12 00:40:00,9.3565,10.973,KHT-XE5S_2025_0526_1101,0.00010000000000012221,0.5
KHT-XE5S,2025-09-12 00:50:00,9.3568,10.971,KHT-XE5S_2025_0526_1101,0.0002000000000000668,0.5
KHT-XE5S,2025-09-12 01:00:00,9.3564,10.972,KHT-XE5S_2025_0526_1101,9.999999999994457e-05,0.5
KHT-XE5S,2025-09-12 01:10:00,9.3565,10.973,KHT-XE5S_2025_0526_1101,0.00010000000000012221,0.5
KHT-XE5S,2025-09-12 01:20:00,9.3567,10.972,KHT-XE5S_2025_0526_1101,0.00010000000000012221,0.5
KHT-XE5S,2025-09-12 01:30:00,9.3561,10.973,KHT-XE5S_2025_0526_1101,0.00010000000000012221,0.5
KHT-XE5S,2025-09-12 01:40:00,9.3562,10.972,KHT-XE5S_2025_0526_1101,0.00010000000000012221,0.5
KHT-XE5S,2025-09-12 01:50:00,9.3561,10.973,KHT-XE5S_2025_0526_1101,0.00010000000000012221,0.5
KHT-XE5S,2025-09-12 02:00:00,9.356,10.975,KHT-XE5S_2025_0526_1101,0.00019999999999988915,0.5
KHT-XE5S,2025-09-12 02:10:00,9.3559,10.972,KHT-XE5S_2025_0526_1101,0.00030000000000001136,0.5
KHT-XE5S,2025-09-12 02:20:00,9.355,10.971,KHT-XE5S_2025_0526_1101,9.999999999994457e-05,0.5
KHT-XE5S,2025-09-12 02:30:00,9.3548,10.974,KHT-XE5S_2025_0526_1101,0.00030000000000001136,0.5
KHT-XE5S,2025-09-12 02:40:00,9.3539,10.973,KHT-XE5S_2025_0526_1101,9.999999999994457e-05,0.5
KHT-XE5S,2025-09-12 02:50:00,9.3549,10.973,KHT-XE5S_2025_0526_1101,0.0,0.5
KHT-XE5S,2025-09-12 03:00:00,9.3542,10.973,KHT-XE5S_2025_0526_1101,0.0,0.5
KHT-XE5S,2025-09-12 03:10:00,9.3548,10.973,KHT-XE5S_2025_0526_1101,0.0,0.5
KHT-XE5S,2025-09-12 03:20:00,9.3556,10.975,KHT-XE5S_2025_0526_1101,0.00019999999999988915,0.5
KHT-XE5S,2025-09-12 03:30:00,9.3571,10.973,KHT-XE5S_2025_0526_1101,0.00019999999999988915,0.5
KHT-XE5S,2025-09-12 03:40:00,9.3569,10.975,KHT-XE5S_2025_0526_1101,0.00019999999999988915,0.5
KHT-XE5S,2025-09-12 03:50:00,9.357,10.973,KHT-XE5S_2025_0526_1101,0.00019999999999988915,0.5
KHT-XE5S,2025-09-12 04:00:00,9.3571,10.973,KHT-XE5S_2025_0526_1101,0.0,0.5
KHT-XE5S,2025-09-12 04:10:00,9.3568,10.973,KHT-XE5S_2025_0526_1101,0.0,0.5
KHT-XE5S,2025-09-12 04:20:00,9.3563,10.973,KHT-XE5S_2025_0526_1101,0.0,0.5
KHT-XE5S,2025-09-12 04:30:00,9.3565,10.976,KHT-XE5S_2025_0526_1101,0.00030000000000001136,0.5
KHT-XE5S,2025-09-12 04:40:00,9.3559,10.974,KHT-XE5S_2025_0526_1101,0.0002000000000000668,0.5
KHT-XE5S,2025-09-12 04:50:00,9.3559,10.975,KHT-XE5S_2025_0526_1101,9.999999999994457e-05,0.5
KHT-XE5S,2025-09-12 05:00:00,9.3552,10.972,KHT-XE5S_2025_0526_1101,0.00030000000000001136,0.5
KHT-XE5S,2025-09-12 05:10:00,9.3552,10.973,KHT-XE5S_2025_0526_1101,0.00010000000000012221,0.5
KHT-XE5S,2025-09-12 05:20:00,9.3552,10.975,KHT-XE5S_2025_0526_1101,0.00019999999999988915,0.5
KHT-XE5S,2025-09-12 05:30:00,9.3548,10.976,KHT-XE5S_2025_0526_1101,0.00010000000000012221,0.5
KHT-XE5S,2025-09-12 05:40:00,9.3548,10.974,KHT-XE5S_2025_0526_1101,0.0002000000000000668,0.5
KHT-XE5S,2025-09-12 05:50:00,9.3553,10.975,KHT-XE5S_2025_0526_1101,9.999999999994457e-05,0.5
KHT-XE5S,2025-09-12 06:00:00,9.3556,10.975,KHT-XE5S_2025_0526_1101,0.0,0.5
KHT-XE5S,2025-09-12 06:10:00,9.3564,10.975,KHT-XE5S_2025_0526_1101,0.0,0.5
KHT-XE5S,2025-09-12 06:20:00,9.3569,10.975,KHT-XE5S_2025_0526_1101,0.0,0.5
KHT-XE5S,2025-09-12 06:30:00,9.3567,10.976,KHT-XE5S_2025_0526_1101,0.00010000000000012221,0.5
KHT-XE5S,2025-09-12 06:40:00,9.3571,10.976,KHT-XE5S_2025_0526_1101,0.0,0.5
KHT-XE5S,2025-09-12 06:50:00,9.358,10.975,KHT-XE5S_2025_0526_1101,0.00010000000000012221,0.5
KHT-XE5S,2025-09-12 07:00:00,9.359,10.975,KHT-XE5S_2025_0526_1101,0.0,0.5
KHT-XE5S,2025-09-12 07:10:00,9.3587,10.976,KHT-XE5S_2025_0526_1101,0.00010000000000012221,0.5
KHT-XE5S,2025-09-12 07:20:00,9.3591,10.975,KHT-XE5S_2025_0526_1101,0.00010000000000012221,0.5
KHT-XE5S,2025-09-12 07:30:00,9.3609,10.975,KHT-XE5S_2025_0526_1101,0.0,0.5
KHT-XE5S,2025-09-12 07:40:00,9.3616,10.974,KHT-XE5S_2025_0526_1101,9.999999999994457e-05,0.5
KHT-XE5S,2025-09-12 07:50:00,9.3612,10.977,KHT-XE5S_2025_0526_1101,0.00030000000000001136,0.5
KHT-XE5S,2025-09-12 08:00:00,9.3633,10.976,KHT-XE5S_2025_0526_1101,9.999999999994457e-05,0.5
KHT-XE5S,2025-09-12 08:10:00,9.3633,10.977,KHT-XE5S_2025_0526_1101,9.999999999994457e-05,0.5
KHT-XE5S,2025-09-12 08:20:00,9.3642,10.976,KHT-XE5S_2025_0526_1101,9.999999999994457e-05,0.5
KHT-XE5S,2025-09-12 08:30:00,9.3639,10.977,KHT-XE5S_2025_0526_1101,9.999999999994457e-05,0.5
KHT-XE5S,2025-09-12 08:40:00,9.3627,10.976,KHT-XE5S_2025_0526_1101,9.999999999994457e-05,0.5
KHT-XE5S,2025-09-12 08:50:00,9.3624,10.978,KHT-XE5S_2025_0526_1101,0.00019999999999988915,0.5
KHT-XE5S,2025-09-12 09:00:00,9.3628,10.976,KHT-XE5S_2025_0526_1101,0.00019999999999988915,0.5
KHT-XE5S,2025-09-12 09:10:00,9.363,10.976,KHT-XE5S_2025_0526_1101,0.0,0.5
KHT-XE5S,2025-09-12 09:20:00,9.3627,10.978,KHT-XE5S_2025_0526_1101,0.00019999999999988915,0.5
KHT-XE5S,2025-09-12 09:30:00,9.3624,10.979,KHT-XE5S_2025_0526_1101,9.999999999994457e-05,0.5
KHT-XE5S,2025-09-12 09:40:00,9.3617,10.977,KHT-XE5S_2025_0526_1101,0.00019999999999988915,0.5
KHT-XE5S,2025-09-12 09:50:00,9.3614,10.977,KHT-XE5S_2025_0526_1101,0.0,0.5
KHT-XE5S,2025-09-12 10:00:00,9.3601,10.978,KHT-XE5S_2025_0526_1101,9.999999999994457e-05,0.5
KHT-XE5S,2025-09-12 10:10:00,9.3589,10.978,KHT-XE5S_2025_0526_1101,0.0,0.5
KHT-XE5S,2025-09-12 10:20:00,9.3582,10.977,KHT-XE5S_2025_0526_1101,9.999999999994457e-05,0.5
KHT-XE5S,2025-09-12 10:30:00,9.357,10.978,KHT-XE5S_2025_0526_1101,9.999999999994457e-05,0.5
KHT-XE5S,2025-09-12 10:40:00,9.356,10.979,KHT-XE5S_2025_0526_1101,9.999999999994457e-05,0.5
KHT-XE5S,2025-09-12 10:50:00,9.3546,10.976,KHT-XE5S_2025_0526_1101,0.0002999999999998337,0.5
KHT-XE5S,2025-09-12 11:00:00,9.3541,10.98,KHT-XE5S_2025_0526_1101,0.00039999999999995595,0.5
KHT-XE5S,2025-09-12 11:10:00,9.3541,10.978,KHT-XE5S_2025_0526_1101,0.0002000000000000668,0.5
KHT-XE5S,2025-09-12 11:20:00,9.3536,10.979,KHT-XE5S_2025_0526_1101,9.999999999994457e-05,0.5
KHT-XE5S,2025-09-12 11:30:00,9.3534,10.98,KHT-XE5S_2025_0526_1101,0.00010000000000012221,0.5
KHT-XE5S,2025-09-12 11:40:00,9.3522,10.979,KHT-XE5S_2025_0526_1101,0.00010000000000012221,0.5
KHT-XE5S,2025-09-12 11:50:00,9.3519,10.979,KHT-XE5S_2025_0526_1101,0.0,0.5
KHT-XE5S,2025-09-12 12:00:00,9.3513,10.977,KHT-XE5S_2025_0526_1101,0.00019999999999988915,0.5
KHT-XE5S,2025-09-12 12:10:00,9.35,10.978,KHT-XE5S_2025_0526_1101,9.999999999994457e-05,0.5
KHT-XE5S,2025-09-12 12:20:00,9.349,10.98,KHT-XE5S_2025_0526_1101,0.0002000000000000668,0.5
KHT-XE5S,2025-09-12 12:30:00,9.3484,10.978,KHT-XE5S_2025_0526_1101,0.0002000000000000668,0.5
KHT-XE5S,2025-09-12 12:40:00,9.3472,10.979,KHT-XE5S_2025_0526_1101,9.999999999994457e-05,0.5
KHT-XE5S,2025-09-12 12:50:00,9.3459,10.981,KHT-XE5S_2025_0526_1101,0.0002000000000000668,0.5
KHT-XE5S,2025-09-12 13:00:00,9.3446,10.979,KHT-XE5S_2025_0526_1101,0.0002000000000000668,0.5
KHT-XE5S,2025-09-12 13:10:00,9.343,10.98,KHT-XE5S_2025_0526_1101,0.00010000000000012221,0.5
KHT-XE5S,2025-09-12 13:20:00,9.3426,10.98,KHT-XE5S_2025_0526_1101,0.0,0.5
KHT-XE5S,2025-09-12 13:30:00,9.3413,10.981,KHT-XE5S_2025_0526_1101,9.999999999994457e-05,0.5
KHT-XE5S,2025-09-12 13:40:00,9.3405,10.98,KHT-XE5S_2025_0526_1101,9.999999999994457e-05,0.5
KHT-XE5S,2025-09-12 13:50:00,9.3387,10.981,KHT-XE5S_2025_0526_1101,9.999999999994457e-05,0.5
KHT-XE5S,2025-09-12 14:00:00,9.3377,10.981,KHT-XE5S_2025_0526_1101,0.0,0.5
KHT-XE5S,2025-09-12 14:10:00,9.336,10.98,KHT-XE5S_2025_0526_1101,9.999999999994457e-05,0.5
KHT-XE5S,2025-09-12 14:20:00,9.335,10.981,KHT-XE5S_2025_0526_1101,9.999999999994457e-05,0.5
KHT-XE5S,2025-09-12 14:30:00,9.3336,10.981,KHT-XE5S_2025_0526_1101,0.0,0.5
KHT-XE5S,2025-09-12 14:40:00,9.3332,10.982,KHT-XE5S_2025_0526_1101,9.999999999994457e-05,0.5
KHT-XE5S,2025-09-12 14:50:00,9.333,10.981,KHT-XE5S_2025_0526_1101,9.999999999994457e-05,0.5
KHT-XE5S,2025-09-12 15:00:00,9.3321,10.98,KHT-XE5S_2025_0526_1101,9.999999999994457e-05,0.5
KHT-XE5S,2025-09-12 15:10:00,9.3322,10.98,KHT-XE5S_2025_0526_1101,0.0,0.5
KHT-XE5S,2025-09-12 15:20:00,9.3315,10.982,KHT-XE5S_2025_0526_1101,0.00019999999999988915,0.5
KHT-XE5S,2025-09-12 15:30:00,9.3312,10.983,KHT-XE5S_2025_0526_1101,0.00010000000000012221,0.5
KHT-XE5S,2025-09-12 15:40:00,9.3305,10.982,KHT-XE5S_2025_0526_1101,0.00010000000000012221,0.5
KHT-XE5S,2025-09-12 15:50:00,9.3303,10.982,KHT-XE5S_2025_0526_1101,0.0,0.5
KHT-XE5S,2025-09-12 16:00:00,9.3294,10.982,KHT-XE5S_2025_0526_1101,0.0,0.5
KHT-XE5S,2025-09-12 16:10:00,9.3291,10.982,KHT-XE5S_2025_0526_1101,0.0,0.5
KHT-XE5S,2025-09-12 16:20:00,9.3282,10.984,KHT-XE5S_2025_0526_1101,0.0002000000000000668,0.5
KHT-XE5S,2025-09-12 16:30:00,9.3276,10.98,KHT-XE5S_2025_0526_1101,0.00039999999999995595,0.5
KHT-XE5S,2025-09-12 16:40:00,9.3282,10.982,KHT-XE5S_2025_0526_1101,0.00019999999999988915,0.5
KHT-XE5S,2025-09-12 16:50:00,9.3285,10.981,KHT-XE5S_2025_0526_1101,9.999999999994457e-05,0.5
KHT-XE5S,2025-09-12 17:00:00,9.3284,10.981,KHT-XE5S_2025_0526_1101,0.0,0.5
KHT-XE5S,2025-09-12 17:10:00,9.3286,10.984,KHT-XE5S_2025_0526_1101,0.00030000000000001136,0.5
KHT-XE5S,2025-09-12 17:20:00,9.3289,10.983,KHT-XE5S_2025_0526_1101,9.999999999994457e-05,0.5
KHT-XE5S,2025-09-12 17:30:00,9.3291,10.982,KHT-XE5S_2025_0526_1101,0.00010000000000012221,0.5
KHT-XE5S,2025-09-12 17:40:00,9.33,10.984,KHT-XE5S_2025_0526_1101,0.0002000000000000668,0.5
KHT-XE5S,2025-09-12 17:50:00,9.3308,10.982,KHT-XE5S_2025_0526_1101,0.0002000000000000668,0.5
KHT-XE5S,2025-09-12 18:00:00,9.3311,10.982,KHT-XE5S_2025_0526_1101,0.0,0.5
KHT-XE5S,2025-09-12 18:10:00,9.332,10.984,KHT-XE5S_2025_0526_1101,0.0002000000000000668,0.5
KHT-XE5S,2025-09-12 18:20:00,9.333,10.983,KHT-XE5S_2025_0526_1101,9.999999999994457e-05,0.5
KHT-XE5S,2025-09-12 18:30:00,9.3334,10.983,KHT-XE5S_2025_0526_1101,0.0,0.5
KHT-XE5S,2025-09-12 18:40:00,9.3345,10.983,KHT-XE5S_2025_0526_1101,0.0,0.5
KHT-XE5S,2025-09-12 18:50:00,9.3359,10.985,KHT-XE5S_2025_0526_1101,0.00019999999999988915,0.5
KHT-XE5S,2025-09-12 19:00:00,9.3369,10.983,KHT-XE5S_2025_0526_1101,0.00019999999999988915,0.5
KHT-XE5S,2025-09-12 19:10:00,9.3369,10.983,KHT-XE5S_2025_0526_1101,0.0,0.5
KHT-XE5S,2025-09-12 19:20:00,9.3379,10.984,KHT-XE5S_2025_0526_1101,9.999999999994457e-05,0.5
KHT-XE5S,2025-09-12 19:30:00,9.3388,10.984,KHT-XE5S_2025_0526_1101,0.0,0.5
KHT-XE5S,2025-09-12 19:40:00,9.3401,10.985,KHT-XE5S_2025_0526_1101,9.999999999994457e-05,0.5
KHT-XE5S,2025-09-12 19:50:00,9.3408,10.984,KHT-XE5S_2025_0526_1101,9.999999999994457e-05,0.5
KHT-XE5S,2025-09-12 20:00:00,9.3416,10.984,KHT-XE5S_2025_0526_1101,0.0,0.5
KHT-XE5S,2025-09-12 20:10:00,9.3426,10.983,KHT-XE5S_2025_0526_1101,9.999999999994457e-05,0.5
KHT-XE5S,2025-09-12 20:20:00,9.3441,10.982,KHT-XE5S_2025_0526_1101,0.00010000000000012221,0.5
KHT-XE5S,2025-09-12 20:30:00,9.3451,10.986,KHT-XE5S_2025_0526_1101,0.0004000000000001336,0.5
KHT-XE5S,2025-09-12 20:40:00,9.3462,10.985,KHT-XE5S_2025_0526_1101,0.00010000000000012221,0.5
KHT-XE5S,2025-09-12 20:50:00,9.3475,10.984,KHT-XE5S_2025_0526_1101,9.999999999994457e-05,0.5
KHT-XE5S,2025-09-12 21:00:00,9.3485,10.983,KHT-XE5S_2025_0526_1101,9.999999999994457e-05,0.5
KHT-XE5S,2025-09-12 21:10:00,9.3494,10.985,KHT-XE5S_2025_0526_1101,0.00019999999999988915,0.5
KHT-XE5S,2025-09-12 21:20:00,9.3503,10.984,KHT-XE5S_2025_0526_1101,9.999999999994457e-05,0.5
KHT-XE5S,2025-09-12 21:30:00,9.3508,10.985,KHT-XE5S_2025_0526_1101,9.999999999994457e-05,0.5
KHT-XE5S,2025-09-12 21:40:00,9.3517,10.986,KHT-XE5S_2025_0526_1101,0.00010000000000012221,0.5
KHT-XE5S,2025-09-12 21:50:00,9.3518,10.986,KHT-XE5S_2025_0526_1101,0.0,0.5
KHT-XE5S,2025-09-12 22:00:00,9.3528,10.986,KHT-XE5S_2025_0526_1101,0.0,0.5
KHT-XE5S,2025-09-12 22:10:00,9.3532,10.986,KHT-XE5S_2025_0526_1101,0.0,0.5
KHT-XE5S,2025-09-12 22:20:00,9.354,10.985,KHT-XE5S_2025_0526_1101,0.00010000000000012221,0.5
KHT-XE5S,2025-09-12 22:30:00,9.3547,10.986,KHT-XE5S_2025_0526_1101,0.00010000000000012221,0.5
KHT-XE5S,2025-09-12 22:40:00,9.3547,10.986,KHT-XE5S_2025_0526_1101,0.0,0.5
KHT-XE5S,2025-09-12 22:50:00,9.3548,10.983,KHT-XE5S_2025_0526_1101,0.00030000000000001136,0.5
KHT-XE5S,2025-09-12 23:00:00,9.3552,10.986,KHT-XE5S_2025_0526_1101,0.00030000000000001136,0.5
KHT-XE5S,2025-09-12 23:10:00,9.3563,10.985,KHT-XE5S_2025_0526_1101,0.00010000000000012221,0.5
KHT-XE5S,2025-09-12 23:20:00,9.3571,10.987,KHT-XE5S_2025_0526_1101,0.0002000000000000668,0.5
KHT-XE5S,2025-09-12 23:30:00,9.3572,10.985,KHT-XE5S_2025_0526_1101,0.0002000000000000668,0.5
KHT-XE5S,2025-09-12 23:40:00,9.3572,10.985,KHT-XE5S_2025_0526_1101,0.0,0.5
KHT-XE5S,2025-09-12 23:50:00,9.3577,10.986,KHT-XE5S_2025_0526_1101,0.00010000000000012221,0.5
KHT-XE5S,2025-09-13 00:00:00,9.3585,10.987,KHT-XE5S_2025_0526_1101,9.999999999994457e-05,0.5
KHT-XE5S,2025-09-13 00:10:00,9.3588,10.986,KHT-XE5S_2025_0526_1101,9.999999999994457e-05,0.5
KHT-XE5S,2025-09-13 00:20:00,9.3587,10.986,KHT-XE5S_2025_0526_1101,0.0,0.5
KHT-XE5S,2025-09-13 00:30:00,9.3584,10.986,KHT-XE5S_2025_0526_1101,0.0,0.5
KHT-XE5S,2025-09-13 00:40:00,9.3588,10.984,KHT-XE5S_2025_0526_1101,0.0002000000000000668,0.5
KHT-XE5S,2025-09-13 00:50:00,9.359,10.986,KHT-XE5S_2025_0526_1101,0.0002000000000000668,0.5
KHT-XE5S,2025-09-13 01:00:00,9.3591,10.986,KHT-XE5S_2025_0526_1101,0.0,0.5
KHT-XE5S,2025-09-13 01:10:00,9.3588,10.986,KHT-XE5S_2025_0526_1101,0.0,0.5
KHT-XE5S,2025-09-13 01:20:00,9.3595,10.988,KHT-XE5S_2025_0526_1101,0.00019999999999988915,0.5
KHT-XE5S,2025-09-13 01:30:00,9.3593,10.986,KHT-XE5S_2025_0526_1101,0.00019999999999988915,0.5
KHT-XE5S,2025-09-13 01:40:00,9.3595,10.987,KHT-XE5S_2025_0526_1101,9.999999999994457e-05,0.5
KHT-XE5S,2025-09-13 01:50:00,9.3601,10.987,KHT-XE5S_2025_0526_1101,0.0,0.5
KHT-XE5S,2025-09-13 02:00:00,9.3599,10.987,KHT-XE5S_2025_0526_1101,0.0,0.5
KHT-XE5S,2025-09-13 02:10:00,9.36,10.987,KHT-XE5S_2025_0526_1101,0.0,0.5
KHT-XE5S,2025-09-13 02:20:00,9.3602,10.987,KHT-XE5S_2025_0526_1101,0.0,0.5
KHT-XE5S,2025-09-13 02:30:00,9.3605,10.987,KHT-XE5S_2025_0526_1101,0.0,0.5
KHT-XE5S,2025-09-13 02:40:00,9.3608,10.987,KHT-XE5S_2025_0526_1101,0.0,0.5
KHT-XE5S,2025-09-13 02:50:00,9.361,10.987,KHT-XE5S_2025_0526_1101,0.0,0.5
KHT-XE5S,2025-09-13 03:00:00,9.3609,10.989,KHT-XE5S_2025_0526_1101,0.0002000000000000668,0.5
KHT-XE5S,2025-09-13 03:10:00,9.3612,10.988,KHT-XE5S_2025_0526_1101,0.00010000000000012221,0.5
KHT-XE5S,2025-09-13 03:20:00,9.3611,10.988,KHT-XE5S_2025_0526_1101,0.0,0.5
KHT-XE5S,2025-09-13 03:30:00,9.3611,10.986,KHT-XE5S_2025_0526_1101,0.00019999999999988915,0.5
KHT-XE5S,2025-09-13 03:40:00,9.3613,10.987,KHT-XE5S_2025_0526_1101,9.999999999994457e-05,0.5
KHT-XE5S,2025-09-13 03:50:00,9.3617,10.987,KHT-XE5S_2025_0526_1101,0.0,0.5
KHT-XE5S,2025-09-13 04:00:00,9.3618,10.987,KHT-XE5S_2025_0526_1101,0.0,0.5
KHT-XE5S,2025-09-13 04:10:00,9.3624,10.987,KHT-XE5S_2025_0526_1101,0.0,0.5
KHT-XE5S,2025-09-13 04:20:00,9.363,10.988,KHT-XE5S_2025_0526_1101,9.999999999994457e-05,0.5
KHT-XE5S,2025-09-13 04:30:00,9.3633,10.989,KHT-XE5S_2025_0526_1101,0.00010000000000012221,0.5
KHT-XE5S,2025-09-13 04:40:00,9.3635,10.989,KHT-XE5S_2025_0526_1101,0.0,0.5
KHT-XE5S,2025-09-13 04:50:00,9.3632,10.988,KHT-XE5S_2025_0526_1101,0.00010000000000012221,0.5
KHT-XE5S,2025-09-13 05:00:00,9.3635,10.986,KHT-XE5S_2025_0526_1101,0.00019999999999988915,0.5
KHT-XE5S,2025-09-13 05:10:00,9.3639,10.988,KHT-XE5S_2025_0526_1101,0.00019999999999988915,0.5
KHT-XE5S,2025-09-13 05:20:00,9.3642,10.987,KHT-XE5S_2025_0526_1101,9.999999999994457e-05,0.5
KHT-XE5S,2025-09-13 05:30:00,9.3639,10.988,KHT-XE5S_2025_0526_1101,9.999999999994457e-05,0.5
KHT-XE5S,2025-09-13 05:40:00,9.3644,10.989,KHT-XE5S_2025_0526_1101,0.00010000000000012221,0.5
KHT-XE5S,2025-09-13 05:50:00,9.3644,10.988,KHT-XE5S_2025_0526_1101,0.00010000000000012221,0.5
KHT-XE5S,2025-09-13 06:00:00,9.3646,10.989,KHT-XE5S_2025_0526_1101,0.00010000000000012221,0.5
KHT-XE5S,2025-09-13 06:10:00,9.3646,10.988,KHT-XE5S_2025_0526_1101,0.00010000000000012221,0.5
KHT-XE5S,2025-09-13 06:20:00,9.3649,10.99,KHT-XE5S_2025_0526_1101,0.0002000000000000668,0.5
KHT-XE5S,2025-09-13 06:30:00,9.3655,10.99,KHT-XE5S_2025_0526_1101,0.0,0.5
KHT-XE5S,2025-09-13 06:40:00,9.3657,10.992,KHT-XE5S_2025_0526_1101,0.0002000000000000668,0.5
KHT-XE5S,2025-09-13 06:50:00,9.3666,10.99,KHT-XE5S_2025_0526_1101,0.0002000000000000668,0.5
KHT-XE5S,2025-09-13 07:00:00,9.3673,10.989,KHT-XE5S_2025_0526_1101,9.999999999994457e-05,0.5
KHT-XE5S,2025-09-13 07:10:00,9.3679,10.988,KHT-XE5S_2025_0526_1101,0.00010000000000012221,0.5
KHT-XE5S,2025-09-13 07:20:00,9.369,10.991,KHT-XE5S_2025_0526_1101,0.00030000000000001136,0.5
KHT-XE5S,2025-09-13 07:30:00,9.3699,10.99,KHT-XE5S_2025_0526_1101,9.999999999994457e-05,0.5
KHT-XE5S,2025-09-13 07:40:00,9.3703,10.989,KHT-XE5S_2025_0526_1101,9.999999999994457e-05,0.5
KHT-XE5S,2025-09-13 07:50:00,9.3703,10.99,KHT-XE5S_2025_0526_1101,9.999999999994457e-05,0.5
KHT-XE5S,2025-09-13 08:00:00,9.37,10.99,KHT-XE5S_2025_0526_1101,0.0,0.5
KHT-XE5S,2025-09-13 08:10:00,9.3694,10.99,KHT-XE5S_2025_0526_1101,0.0,0.5
KHT-XE5S,2025-09-13 08:20:00,9.3682,10.991,KHT-XE5S_2025_0526_1101,9.999999999994457e-05,0.5
KHT-XE5S,2025-09-13 08:30:00,9.3683,10.99,KHT-XE5S_2025_0526_1101,9.999999999994457e-05,0.5
KHT-XE5S,2025-09-13 08:40:00,9.3681,10.99,KHT-XE5S_2025_0526_1101,0.0,0.5
KHT-XE5S,2025-09-13 08:50:00,9.368,10.989,KHT-XE5S_2025_0526_1101,9.999999999994457e-05,0.5
KHT-XE5S,2025-09-13 09:00:00,9.3682,10.992,KHT-XE5S_2025_0526_1101,0.00030000000000001136,0.5
KHT-XE5S,2025-09-13 09:10:00,9.3678,10.991,KHT-XE5S_2025_0526_1101,0.00010000000000012221,0.5
KHT-XE5S,2025-09-13 09:20:00,9.3672,10.99,KHT-XE5S_2025_0526_1101,9.999999999994457e-05,0.5
KHT-XE5S,2025-09-13 09:30:00,9.3669,10.99,KHT-XE5S_2025_0526_1101,0.0,0.5
KHT-XE5S,2025-09-13 09:40:00,9.3668,10.992,KHT-XE5S_2025_0526_1101,0.0002000000000000668,0.5
KHT-XE5S,2025-09-13 09:50:00,9.3658,10.991,KHT-XE5S_2025_0526_1101,0.00010000000000012221,0.5
KHT-XE5S,2025-09-13 10:00:00,9.3637,10.991,KHT-XE5S_2025_0526_1101,0.0,0.5
KHT-XE5S,2025-09-13 10:10:00,9.3632,10.992,KHT-XE5S_2025_0526_1101,0.00010000000000012221,0.5
KHT-XE5S,2025-09-13 10:20:00,9.3614,10.991,KHT-XE5S_2025_0526_1101,0.00010000000000012221,0.5
KHT-XE5S,2025-09-13 10:30:00,9.3601,10.991,KHT-XE5S_2025_0526_1101,0.0,0.5
KHT-XE5S,2025-09-13 10:40:00,9.3591,10.991,KHT-XE5S_2025_0526_1101,0.0,0.5
KHT-XE5S,2025-09-13 10:50:00,9.3571,10.995,KHT-XE5S_2025_0526_1101,0.00039999999999995595,0.5
KHT-XE5S,2025-09-13 11:00:00,9.3554,10.993,KHT-XE5S_2025_0526_1101,0.00019999999999988915,0.5
KHT-XE5S,2025-09-13 11:10:00,9.3543,10.991,KHT-XE5S_2025_0526_1101,0.0002000000000000668,0.5
KHT-XE5S,2025-09-13 11:20:00,9.3526,10.992,KHT-XE5S_2025_0526_1101,0.00010000000000012221,0.5
KHT-XE5S,2025-09-13 11:30:00,9.3512,10.993,KHT-XE5S_2025_0526_1101,9.999999999994457e-05,0.5
KHT-XE5S,2025-09-13 11:40:00,9.3494,10.991,KHT-XE5S_2025_0526_1101,0.0002000000000000668,0.5
KHT-XE5S,2025-09-13 11:50:00,9.3482,10.994,KHT-XE5S_2025_0526_1101,0.00030000000000001136,0.5
KHT-XE5S,2025-09-13 12:00:00,9.3474,10.995,KHT-XE5S_2025_0526_1101,9.999999999994457e-05,0.5
KHT-XE5S,2025-09-13 12:10:00,9.3457,10.993,KHT-XE5S_2025_0526_1101,0.00019999999999988915,0.5
KHT-XE5S,2025-09-13 12:20:00,9.3448,10.994,KHT-XE5S_2025_0526_1101,9.999999999994457e-05,0.5
KHT-XE5S,2025-09-13 12:30:00,9.3437,10.993,KHT-XE5S_2025_0526_1101,9.999999999994457e-05,0.5
KHT-XE5S,2025-09-13 12:40:00,9.343,10.992,KHT-XE5S_2025_0526_1101,9.999999999994457e-05,0.5
KHT-XE5S,2025-09-13 12:50:00,9.3413,10.991,KHT-XE5S_2025_0526_1101,0.00010000000000012221,0.5
KHT-XE5S,2025-09-13 13:00:00,9.3401,10.994,KHT-XE5S_2025_0526_1101,0.00030000000000001136,0.5
KHT-XE5S,2025-09-13 13:10:00,9.3394,10.993,KHT-XE5S_2025_0526_1101,9.999999999994457e-05,0.5
KHT-XE5S,2025-09-13 13:20:00,9.3384,10.995,KHT-XE5S_2025_0526_1101,0.00019999999999988915,0.5
KHT-XE5S,2025-09-13 13:30:00,9.3372,10.993,KHT-XE5S_2025_0526_1101,0.00019999999999988915,0.5
KHT-XE5S,2025-09-13 13:40:00,9.3359,10.994,KHT-XE5S_2025_0526_1101,9.999999999994457e-05,0.5
KHT-XE5S,2025-09-13 13:50:00,9.3347,10.995,KHT-XE5S_2025_0526_1101,9.999999999994457e-05,0.5
KHT-XE5S,2025-09-13 14:00:00,9.3339,10.996,KHT-XE5S_2025_0526_1101,0.00010000000000012221,0.5
KHT-XE5S,2025-09-13 14:10:00,9.3331,10.994,KHT-XE5S_2025_0526_1101,0.0002000000000000668,0.5
KHT-XE5S,2025-09-13 14:20:00,9.3326,10.995,KHT-XE5S_2025_0526_1101,9.999999999994457e-05,0.5
KHT-XE5S,2025-09-13 14:30:00,9.3318,10.994,KHT-XE5S_2025_0526_1101,9.999999999994457e-05,0.5
KHT-XE5S,2025-09-13 14:40:00,9.332,10.992,KHT-XE5S_2025_0526_1101,0.00019999999999988915,0.5
KHT-XE5S,2025-09-13 14:50:00,9.332,10.994,KHT-XE5S_2025_0526_1101,0.00019999999999988915,0.5
KHT-XE5S,2025-09-13 15:00:00,9.3314,10.993,KHT-XE5S_2025_0526_1101,9.999999999994457e-05,0.5
KHT-XE5S,2025-09-13 15:10:00,9.3312,10.994,KHT-XE5S_2025_0526_1101,9.999999999994457e-05,0.5
KHT-XE5S,2025-09-13 15:20:00,9.3303,10.996,KHT-XE5S_2025_0526_1101,0.0002000000000000668,0.5
KHT-XE5S,2025-09-13 15:30:00,9.33,10.994,KHT-XE5S_2025_0526_1101,0.0002000000000000668,0.5
KHT-XE5S,2025-09-13 15:40:00,9.329,10.996,KHT-XE5S_2025_0526_1101,0.0002000000000000668,0.5
KHT-XE5S,2025-09-13 15:50:00,9.3283,10.995,KHT-XE5S_2025_0526_1101,0.00010000000000012221,0.5
KHT-XE5S,2025-09-13 16:00:00,9.328,10.996,KHT-XE5S_2025_0526_1101,0.00010000000000012221,0.5
KHT-XE5S,2025-09-13 16:10:00,9.3279,10.994,KHT-XE5S_2025_0526_1101,0.0002000000000000668,0.5
KHT-XE5S,2025-09-13 16:20:00,9.3277,10.994,KHT-XE5S_2025_0526_1101,0.0,0.5
KHT-XE5S,2025-09-13 16:30:00,9.3268,10.993,KHT-XE5S_2025_0526_1101,9.999999999994457e-05,0.5
KHT-XE5S,2025-09-13 16:40:00,9.3266,10.996,KHT-XE5S_2025_0526_1101,0.00030000000000001136,0.5
KHT-XE5S,2025-09-13 16:50:00,9.3253,10.996,KHT-XE5S_2025_0526_1101,0.0,0.5
KHT-XE5S,2025-09-13 17:00:00,9.3248,10.994,KHT-XE5S_2025_0526_1101,0.0002000000000000668,0.5
KHT-XE5S,2025-09-13 17:10:00,9.3243,10.995,KHT-XE5S_2025_0526_1101,9.999999999994457e-05,0.5
KHT-XE5S,2025-09-13 17:20:00,9.3248,10.996,KHT-XE5S_2025_0526_1101,0.00010000000000012221,0.5
KHT-XE5S,2025-09-13 17:30:00,9.3241,10.996,KHT-XE5S_2025_0526_1101,0.0,0.5
KHT-XE5S,2025-09-13 17:40:00,9.3248,10.995,KHT-XE5S_2025_0526_1101,0.00010000000000012221,0.5
KHT-XE5S,2025-09-13 17:50:00,9.3252,10.996,KHT-XE5S_2025_0526_1101,0.00010000000000012221,0.5
KHT-XE5S,2025-09-13 18:00:00,9.3262,10.997,KHT-XE5S_2025_0526_1101,9.999999999994457e-05,0.5
KHT-XE5S,2025-09-13 18:10:00,9.3262,10.994,KHT-XE5S_2025_0526_1101,0.00030000000000001136,0.5
KHT-XE5S,2025-09-13 18:20:00,9.3276,10.995,KHT-XE5S_2025_0526_1101,9.999999999994457e-05,0.5
KHT-XE5S,2025-09-13 18:30:00,9.3279,10.995,KHT-XE5S_2025_0526_1101,0.0,0.5
KHT-XE5S,2025-09-13 18:40:00,9.3288,10.994,KHT-XE5S_2025_0526_1101,9.999999999994457e-05,0.5
KHT-XE5S,2025-09-13 18:50:00,9.3292,10.995,KHT-XE5S_2025_0526_1101,9.999999999994457e-05,0.5
KHT-XE5S,2025-09-13 19:00:00,9.3293,10.995,KHT-XE5S_2025_0526_1101,0.0,0.5
KHT-XE5S,2025-09-13 19:10:00,9.3311,10.995,KHT-XE5S_2025_0526_1101,0.0,0.5
KHT-XE5S,2025-09-13 19:20:00,9.3323,10.996,KHT-XE5S_2025_0526_1101,0.00010000000000012221,0.5
KHT-XE5S,2025-09-13 19:30:00,9.3338,10.995,KHT-XE5S_2025_0526_1101,0.00010000000000012221,0.5
KHT-XE5S,2025-09-13 19:40:00,9.335,10.996,KHT-XE5S_2025_0526_1101,0.00010000000000012221,0.5
KHT-XE5S,2025-09-13 19:50:00,9.3361,10.998,KHT-XE5S_2025_0526_1101,0.00019999999999988915,0.5
KHT-XE5S,2025-09-13 20:00:00,9.338,10.996,KHT-XE5S_2025_0526_1101,0.00019999999999988915,0.5
KHT-XE5S,2025-09-13 20:10:00,9.3384,10.997,KHT-XE5S_2025_0526_1101,9.999999999994457e-05,0.5
KHT-XE5S,2025-09-13 20:20:00,9.3398,10.998,KHT-XE5S_2025_0526_1101,9.999999999994457e-05,0.5
KHT-XE5S,2025-09-13 20:30:00,9.3399,10.995,KHT-XE5S_2025_0526_1101,0.00030000000000001136,0.5
KHT-XE5S,2025-09-13 20:40:00,9.3415,10.997,KHT-XE5S_2025_0526_1101,0.0002000000000000668,0.5
KHT-XE5S,2025-09-13 20:50:00,9.3428,10.996,KHT-XE5S_2025_0526_1101,9.999999999994457e-05,0.5
KHT-XE5S,2025-09-13 21:00:00,9.3435,10.995,KHT-XE5S_2025_0526_1101,0.00010000000000012221,0.5
KHT-XE5S,2025-09-13 21:10:00,9.3443,10.996,KHT-XE5S_2025_0526_1101,0.00010000000000012221,0.5
KHT-XE5S,2025-09-13 21:20:00,9.3463,10.998,KHT-XE5S_2025_0526_1101,0.00019999999999988915,0.5
KHT-XE5S,2025-09-13 21:30:00,9.3471,10.996,KHT-XE5S_2025_0526_1101,0.00019999999999988915,0.5
KHT-XE5S,2025-09-13 21:40:00,9.3465,10.997,KHT-XE5S_2025_0526_1101,9.999999999994457e-05,0.5
KHT-XE5S,2025-09-13 21:50:00,9.347,10.996,KHT-XE5S_2025_0526_1101,9.999999999994457e-05,0.5
KHT-XE5S,2025-09-13 22:00:00,9.3472,10.995,KHT-XE5S_2025_0526_1101,0.00010000000000012221,0.5
KHT-XE5S,2025-09-13 22:10:00,9.348,10.999,KHT-XE5S_2025_0526_1101,0.0004000000000001336,0.5
KHT-XE5S,2025-09-13 22:20:00,9.3485,10.997,KHT-XE5S_2025_0526_1101,0.0002000000000000668,0.5
KHT-XE5S,2025-09-13 22:30:00,9.3496,10.998,KHT-XE5S_2025_0526_1101,9.999999999994457e-05,0.5
KHT-XE5S,2025-09-13 22:40:00,9.3489,10.996,KHT-XE5S_2025_0526_1101,0.00019999999999988915,0.5
KHT-XE5S,2025-09-13 22:50:00,9.349,10.998,KHT-XE5S_2025_0526_1101,0.00019999999999988915,0.5
KHT-XE5S,2025-09-13 23:00:00,9.3487,10.996,KHT-XE5S_2025_0526_1101,0.00019999999999988915,0.5
KHT-XE5S,2025-09-13 23:10:00,9.3492,10.998,KHT-XE5S_2025_0526_1101,0.00019999999999988915,0.5
KHT-XE5S,2025-09-13 23:20:00,9.3504,10.999,KHT-XE5S_2025_0526_1101,0.00010000000000012221,0.5
KHT-XE5S,2025-09-13 23:30:00,9.3502,10.998,KHT-XE5S_2025_0526_1101,0.00010000000000012221,0.5
KHT-XE5S,2025-09-13 23:40:00,9.3509,10.998,KHT-XE5S_2025_0526_1101,0.0,0.5
KHT-XE5S,2025-09-13 23:50:00,9.3502,10.996,KHT-XE5S_2025_0526_1101,0.00019999999999988915,0.5
KHT-XE5S,2025-09-14 00:00:00,9.3508,10.998,KHT-XE5S_2025_0526_1101,0.00019999999999988915,0.5
KHT-XE5S,2025-09-14 00:10:00,9.3498,10.996,KHT-XE5S_2025_0526_1101,0.00019999999999988915,0.5
KHT-XE5S,2025-09-14 00:20:00,9.3489,10.999,KHT-XE5S_2025_0526_1101,0.00030000000000001136,0.5
KHT-XE5S,2025-09-14 00:30:00,9.3482,10.999,KHT-XE5S_2025_0526_1101,0.0,0.5
KHT-XE5S,2025-09-14 00:40:00,9.3484,10.999,KHT-XE5S_2025_0526_1101,0.0,0.5
KHT-XE5S,2025-09-14 00:50:00,9.3479,10.999,KHT-XE5S_2025_0526_1101,0.0,0.5
KHT-XE5S,2025-09-14 01:00:00,9.347,10.999,KHT-XE5S_2025_0526_1101,0.0,0.5
KHT-XE5S,2025-09-14 01:10:00,9.3484,10.999,KHT-XE5S_2025_0526_1101,0.0,0.5
KHT-XE5S,2025-09-14 01:20:00,9.3482,10.999,KHT-XE5S_2025_0526_1101,0.0,0.5
KHT-XE5S,2025-09-14 01:30:00,9.3493,10.998,KHT-XE5S_2025_0526_1101,0.00010000000000012221,0.5
KHT-XE5S,2025-09-14 01:40:00,9.349,10.999,KHT-XE5S_2025_0526_1101,0.00010000000000012221,0.5
KHT-XE5S,2025-09-14 01:50:00,9.3482,10.999,KHT-XE5S_2025_0526_1101,0.0,0.5
KHT-XE5S,2025-09-14 02:00:00,9.3485,10.999,KHT-XE5S_2025_0526_1101,0.0,0.5
KHT-XE5S,2025-09-14 02:10:00,9.3483,10.999,KHT-XE5S_2025_0526_1101,0.0,0.5
KHT-XE5S,2025-09-14 02:20:00,9.3483,10.999,KHT-XE5S_2025_0526_1101,0.0,0.5
KHT-XE5S,2025-09-14 02:30:00,9.3481,11.0,KHT-XE5S_2025_0526_1101,9.999999999994457e-05,0.5
KHT-XE5S,2025-09-14 02:40:00,9.3477,11.0,KHT-XE5S_2025_0526_1101,0.0,0.5
KHT-XE5S,2025-09-14 02:50:00,9.3476,10.999,KHT-XE5S_2025_0526_1101,9.999999999994457e-05,0.5
KHT-XE5S,2025-09-14 03:00:00,9.3466,11.0,KHT-XE5S_2025_0526_1101,9.999999999994457e-05,0.5
KHT-XE5S,2025-09-14 03:10:00,9.347,11.002,KHT-XE5S_2025_0526_1101,0.0002000000000000668,0.5
KHT-XE5S,2025-09-14 03:20:00,9.3474,11.001,KHT-XE5S_2025_0526_1101,0.00010000000000012221,0.5
KHT-XE5S,2025-09-14 03:30:00,9.348,10.999,KHT-XE5S_2025_0526_1101,0.00019999999999988915,0.5
KHT-XE5S,2025-09-14 03:40:00,9.3483,11.001,KHT-XE5S_2025_0526_1101,0.00019999999999988915,0.5
KHT-XE5S,2025-09-14 03:50:00,9.3492,11.001,KHT-XE5S_2025_0526_1101,0.0,0.5
KHT-XE5S,2025-09-14 04:00:00,9.3487,10.998,KHT-XE5S_2025_0526_1101,0.00030000000000001136,0.5
KHT-XE5S,2025-09-14 04:10:00,9.3494,10.999,KHT-XE5S_2025_0526_1101,0.00010000000000012221,0.5
KHT-XE5S,2025-09-14 04:20:00,9.3508,11.0,KHT-XE5S_2025_0526_1101,9.999999999994457e-05,0.5
KHT-XE5S,2025-09-14 04:30:00,9.3509,11.0,KHT-XE5S_2025_0526_1101,0.0,0.5
KHT-XE5S,2025-09-14 04:40:00,9.3513,10.999,KHT-XE5S_2025_0526_1101,9.999999999994457e-05,0.5
KHT-XE5S,2025-09-14 04:50:00,9.3506,11.0,KHT-XE5S_2025_0526_1101,9.999999999994457e-05,0.5
KHT-XE5S,2025-09-14 05:00:00,9.3507,10.999,KHT-XE5S_2025_0526_1101,9.999999999994457e-05,0.5
KHT-XE5S,2025-09-14 05:10:00,9.3509,11.0,KHT-XE5S_2025_0526_1101,9.999999999994457e-05,0.5
KHT-XE5S,2025-09-14 05:20:00,9.3513,11.0,KHT-XE5S_2025_0526_1101,0.0,0.5
KHT-XE5S,2025-09-14 05:30:00,9.3513,11.0,KHT-XE5S_2025_0526_1101,0.0,0.5
KHT-XE5S,2025-09-14 05:40:00,9.352,11.001,KHT-XE5S_2025_0526_1101,9.999999999994457e-05,0.5
KHT-XE5S,2025-09-14 05:50:00,9.3526,11.0,KHT-XE5S_2025_0526_1101,9.999999999994457e-05,0.5
KHT-XE5S,2025-09-14 06:00:00,9.3526,10.999,KHT-XE5S_2025_0526_1101,9.999999999994457e-05,0.5
KHT-XE5S,2025-09-14 06:10:00,9.3528,10.999,KHT-XE5S_2025_0526_1101,0.0,0.5
KHT-XE5S,2025-09-14 06:20:00,9.3532,11.001,KHT-XE5S_2025_0526_1101,0.00019999999999988915,0.5
KHT-XE5S,2025-09-14 06:30:00,9.3535,11.001,KHT-XE5S_2025_0526_1101,0.0,0.5
KHT-XE5S,2025-09-14 06:40:00,9.3548,11.0,KHT-XE5S_2025_0526_1101,9.999999999994457e-05,0.5
KHT-XE5S,2025-09-14 06:50:00,9.3549,11.0,KHT-XE5S_2025_0526_1101,0.0,0.5
KHT-XE5S,2025-09-14 07:00:00,9.3553,11.002,KHT-XE5S_2025_0526_1101,0.0002000000000000668,0.5
KHT-XE5S,2025-09-14 07:10:00,9.3556,11.001,KHT-XE5S_2025_0526_1101,0.00010000000000012221,0.5
KHT-XE5S,2025-09-14 07:20:00,9.3569,11.002,KHT-XE5S_2025_0526_1101,0.00010000000000012221,0.5
KHT-XE5S,2025-09-14 07:30:00,9.3583,11.002,KHT-XE5S_2025_0526_1101,0.0,0.5
KHT-XE5S,2025-09-14 07:40:00,9.359,11.002,KHT-XE5S_2025_0526_1101,0.0,0.5
KHT-XE5S,2025-09-14 07:50:00,9.3598,11.002,KHT-XE5S_2025_0526_1101,0.0,0.5
KHT-XE5S,2025-09-14 08:00:00,9.3603,11.0,KHT-XE5S_2025_0526_1101,0.0002000000000000668,0.5
KHT-XE5S,2025-09-14 08:10:00,9.3594,11.0,KHT-XE5S_2025_0526_1101,0.0,0.5
KHT-XE5S,2025-09-14 08:20:00,9.3599,11.001,KHT-XE5S_2025_0526_1101,9.999999999994457e-05,0.5
KHT-XE5S,2025-09-14 08:30:00,9.3607,11.002,KHT-XE5S_2025_0526_1101,0.00010000000000012221,0.5
KHT-XE5S,2025-09-14 08:40:00,9.3608,11.001,KHT-XE5S_2025_0526_1101,0.00010000000000012221,0.5
KHT-XE5S,2025-09-14 08:50:00,9.3614,11.002,KHT-XE5S_2025_0526_1101,0.00010000000000012221,0.5
KHT-XE5S,2025-09-14 09:00:00,9.3615,11.001,KHT-XE5S_2025_0526_1101,0.00010000000000012221,0.5
KHT-XE5S,2025-09-14 09:10:00,9.3607,11.003,KHT-XE5S_2025_0526_1101,0.0002000000000000668,0.5
KHT-XE5S,2025-09-14 09:20:00,9.3609,11.002,KHT-XE5S_2025_0526_1101,9.999999999994457e-05,0.5
KHT-XE5S,2025-09-14 09:30:00,9.3608,11.002,KHT-XE5S_2025_0526_1101,0.0,0.5
KHT-XE5S,2025-09-14 09:40:00,9.3589,11.003,KHT-XE5S_2025_0526_1101,9.999999999994457e-05,0.5
KHT-XE5S,2025-09-14 09:50:00,9.3572,11.001,KHT-XE5S_2025_0526_1101,0.0002000000000000668,0.5
KHT-XE5S,2025-09-14 10:00:00,9.3563,11.003,KHT-XE5S_2025_0526_1101,0.0002000000000000668,0.5
KHT-XE5S,2025-09-14 10:10:00,9.356,11.003,KHT-XE5S_2025_0526_1101,0.0,0.5
KHT-XE5S,2025-09-14 10:20:00,9.3557,11.0,KHT-XE5S_2025_0526_1101,0.00030000000000001136,0.5
KHT-XE5S,2025-09-14 10:30:00,9.3538,11.004,KHT-XE5S_2025_0526_1101,0.00039999999999995595,0.5
KHT-XE5S,2025-09-14 10:40:00,9.3543,11.002,KHT-XE5S_2025_0526_1101,0.00019999999999988915,0.5
KHT-XE5S,2025-09-14 10:50:00,9.3524,11.004,KHT-XE5S_2025_0526_1101,0.00019999999999988915,0.5
KHT-XE5S,2025-09-14 11:00:00,9.3513,11.004,KHT-XE5S_2025_0526_1101,0.0,0.5
KHT-XE5S,2025-09-14 11:10:00,9.3506,11.003,KHT-XE5S_2025_0526_1101,9.999999999994457e-05,0.5
KHT-XE5S,2025-09-14 11:20:00,9.3485,11.005,KHT-XE5S_2025_0526_1101,0.0002000000000000668,0.5
KHT-XE5S,2025-09-14 11:30:00,9.348,11.004,KHT-XE5S_2025_0526_1101,0.00010000000000012221,0.5
KHT-XE5S,2025-09-14 11:40:00,9.3464,11.004,KHT-XE5S_2025_0526_1101,0.0,0.5
KHT-XE5S,2025-09-14 11:50:00,9.3454,11.005,KHT-XE5S_2025_0526_1101,0.00010000000000012221,0.5
KHT-XE5S,2025-09-14 12:00:00,9.3441,11.003,KHT-XE5S_2025_0526_1101,0.0002000000000000668,0.5
KHT-XE5S,2025-09-14 12:10:00,9.3429,11.003,KHT-XE5S_2025_0526_1101,0.0,0.5
KHT-XE5S,2025-09-14 12:20:00,9.3413,11.003,KHT-XE5S_2025_0526_1101,0.0,0.5
KHT-XE5S,2025-09-14 12:30:00,9.3402,11.003,KHT-XE5S_2025_0526_1101,0.0,0.5
KHT-XE5S,2025-09-14 12:40:00,9.3392,11.003,KHT-XE5S_2025_0526_1101,0.0,0.5
KHT-XE5S,2025-09-14 12:50:00,9.3389,11.002,KHT-XE5S_2025_0526_1101,9.999999999994457e-05,0.5
KHT-XE5S,2025-09-14 13:00:00,9.3373,11.003,KHT-XE5S_2025_0526_1101,9.999999999994457e-05,0.5
KHT-XE5S,2025-09-14 13:10:00,9.3366,11.005,KHT-XE5S_2025_0526_1101,0.0002000000000000668,0.5
KHT-XE5S,2025-09-14 13:20:00,9.3354,11.004,KHT-XE5S_2025_0526_1101,0.00010000000000012221,0.5
KHT-XE5S,2025-09-14 13:30:00,9.3338,11.004,KHT-XE5S_2025_0526_1101,0.0,0.5
KHT-XE5S,2025-09-14 13:40:00,9.3321,11.003,KHT-XE5S_2025_0526_1101,9.999999999994457e-05,0.5
KHT-XE5S,2025-09-14 13:50:00,9.331,11.004,KHT-XE5S_2025_0526_1101,9.999999999994457e-05,0.5
KHT-XE5S,2025-09-14 14:00:00,9.3297,11.006,KHT-XE5S_2025_0526_1101,0.0002000000000000668,0.5
KHT-XE5S,2025-09-14 14:10:00,9.3278,11.005,KHT-XE5S_2025_0526_1101,9.999999999994457e-05,0.5
KHT-XE5S,2025-09-14 14:20:00,9.3263,11.003,KHT-XE5S_2025_0526_1101,0.0002000000000000668,0.5
KHT-XE5S,2025-09-14 14:30:00,9.3263,11.006,KHT-XE5S_2025_0526_1101,0.00030000000000001136,0.5
KHT-XE5S,2025-09-14 14:40:00,9.3242,11.003,KHT-XE5S_2025_0526_1101,0.00030000000000001136,0.5
KHT-XE5S,2025-09-14 14:50:00,9.3232,11.004,KHT-XE5S_2025_0526_1101,9.999999999994457e-05,0.5
KHT-XE5S,2025-09-14 15:00:00,9.323,11.006,KHT-XE5S_2025_0526_1101,0.0002000000000000668,0.5
KHT-XE5S,2025-09-14 15:10:00,9.3215,11.005,KHT-XE5S_2025_0526_1101,9.999999999994457e-05,0.5
KHT-XE5S,2025-09-14 15:20:00,9.3207,11.005,KHT-XE5S_2025_0526_1101,0.0,0.5
KHT-XE5S,2025-09-14 15:30:00,9.3202,11.006,KHT-XE5S_2025_0526_1101,9.999999999994457e-05,0.5
KHT-XE5S,2025-09-14 15:40:00,9.32,11.007,KHT-XE5S_2025_0526_1101,9.999999999994457e-05,0.5
KHT-XE5S,2025-09-14 15:50:00,9.3203,11.006,KHT-XE5S_2025_0526_1101,9.999999999994457e-05,0.5
KHT-XE5S,2025-09-14 16:00:00,9.3201,11.005,KHT-XE5S_2025_0526_1101,9.999999999994457e-05,0.5
KHT-XE5S,2025-09-14 16:10:00,9.3198,11.005,KHT-XE5S_2025_0526_1101,0.0,0.5
KHT-XE5S,2025-09-14 16:20:00,9.3192,11.007,KHT-XE5S_2025_0526_1101,0.00019999999999988915,0.5
KHT-XE5S,2025-09-14 16:30:00,9.3199,11.007,KHT-XE5S_2025_0526_1101,0.0,0.5
KHT-XE5S,2025-09-14 16:40:00,9.3201,11.005,KHT-XE5S_2025_0526_1101,0.00019999999999988915,0.5
KHT-XE5S,2025-09-14 16:50:00,9.3199,11.006,KHT-XE5S_2025_0526_1101,9.999999999994457e-05,0.5
KHT-XE5S,2025-09-14 17:00:00,9.3195,11.008,KHT-XE5S_2025_0526_1101,0.00019999999999988915,0.5
KHT-XE5S,2025-09-14 17:10:00,9.319,11.008,KHT-XE5S_2025_0526_1101,0.0,0.5
KHT-XE5S,2025-09-14 17:20:00,9.3195,11.007,KHT-XE5S_2025_0526_1101,9.999999999994457e-05,0.5
KHT-XE5S,2025-09-14 17:30:00,9.32,11.007,KHT-XE5S_2025_0526_1101,0.0,0.5
KHT-XE5S,2025-09-14 17:40:00,9.3204,11.007,KHT-XE5S_2025_0526_1101,0.0,0.5
KHT-XE5S,2025-09-14 17:50:00,9.3203,11.006,KHT-XE5S_2025_0526_1101,9.999999999994457e-05,0.5
KHT-XE5S,2025-09-14 18:00:00,9.3206,11.006,KHT-XE5S_2025_0526_1101,0.0,0.5
KHT-XE5S,2025-09-14 18:10:00,9.3215,11.007,KHT-XE5S_2025_0526_1101,9.999999999994457e-05,0.5
KHT-XE5S,2025-09-14 18:20:00,9.3217,11.007,KHT-XE5S_2025_0526_1101,0.0,0.5
KHT-XE5S,2025-09-14 18:30:00,9.3229,11.006,KHT-XE5S_2025_0526_1101,9.999999999994457e-05,0.5
KHT-XE5S,2025-09-14 18:40:00,9.3239,11.007,KHT-XE5S_2025_0526_1101,9.999999999994457e-05,0.5
KHT-XE5S,2025-09-14 18:50:00,9.3241,11.006,KHT-XE5S_2025_0526_1101,9.999999999994457e-05,0.5
KHT-XE5S,2025-09-14 19:00:00,9.3258,11.005,KHT-XE5S_2025_0526_1101,9.999999999994457e-05,0.5
KHT-XE5S,2025-09-14 19:10:00,9.3274,11.008,KHT-XE5S_2025_0526_1101,0.0002999999999998337,0.5
KHT-XE5S,2025-09-14 19:20:00,9.3292,11.005,KHT-XE5S_2025_0526_1101,0.0002999999999998337,0.5
KHT-XE5S,2025-09-14 19:30:00,9.3313,11.007,KHT-XE5S_2025_0526_1101,0.00019999999999988915,0.5
KHT-XE5S,2025-09-14 19:40:00,9.3328,11.008,KHT-XE5S_2025_0526_1101,9.999999999994457e-05,0.5
KHT-XE5S,2025-09-14 19:50:00,9.3335,11.005,KHT-XE5S_2025_0526_1101,0.0002999999999998337,0.5
KHT-XE5S,2025-09-14 20:00:00,9.3353,11.005,KHT-XE5S_2025_0526_1101,0.0,0.5
KHT-XE5S,2025-09-14 20:10:00,9.3366,11.007,KHT-XE5S_2025_0526_1101,0.00019999999999988915,0.5
KHT-XE5S,2025-09-14 20:20:00,9.3385,11.006,KHT-XE5S_2025_0526_1101,9.999999999994457e-05,0.5
KHT-XE5S,2025-09-14 20:30:00,9.3398,11.009,KHT-XE5S_2025_0526_1101,0.00030000000000001136,0.5
KHT-XE5S,2025-09-14 20:40:00,9.3409,11.007,KHT-XE5S_2025_0526_1101,0.0002000000000000668,0.5
KHT-XE5S,2025-09-14 20:50:00,9.3423,11.007,KHT-XE5S_2025_0526_1101,0.0,0.5
KHT-XE5S,2025-09-14 21:00:00,9.3432,11.005,KHT-XE5S_2025_0526_1101,0.00019999999999988915,0.5
KHT-XE5S,2025-09-14 21:10:00,9.3442,11.007,KHT-XE5S_2025_0526_1101,0.00019999999999988915,0.5
KHT-XE5S,2025-09-14 21:20:00,9.3467,11.007,KHT-XE5S_2025_0526_1101,0.0,0.5
KHT-XE5S,2025-09-14 21:30:00,9.3478,11.007,KHT-XE5S_2025_0526_1101,0.0,0.5
KHT-XE5S,2025-09-14 21:40:00,9.3485,11.006,KHT-XE5S_2025_0526_1101,9.999999999994457e-05,0.5
KHT-XE5S,2025-09-14 21:50:00,9.3491,11.007,KHT-XE5S_2025_0526_1101,9.999999999994457e-05,0.5
KHT-XE5S,2025-09-14 22:00:00,9.3499,11.007,KHT-XE5S_2025_0526_1101,0.0,0.5
KHT-XE5S,2025-09-14 22:10:00,9.3497,11.007,KHT-XE5S_2025_0526_1101,0.0,0.5
KHT-XE5S,2025-09-14 22:20:00,9.351,11.007,KHT-XE5S_2025_0526_1101,0.0,0.5
KHT-XE5S,2025-09-14 22:30:00,9.3517,11.007,KHT-XE5S_2025_0526_1101,0.0,0.5
KHT-XE5S,2025-09-14 22:40:00,9.3519,11.009,KHT-XE5S_2025_0526_1101,0.0002000000000000668,0.5
KHT-XE5S,2025-09-14 22:50:00,9.3526,11.008,KHT-XE5S_2025_0526_1101,0.00010000000000012221,0.5
KHT-XE5S,2025-09-14 23:00:00,9.3529,11.007,KHT-XE5S_2025_0526_1101,9.999999999994457e-05,0.5
KHT-XE5S,2025-09-14 23:10:00,9.3534,11.006,KHT-XE5S_2025_0526_1101,9.999999999994457e-05,0.5
KHT-XE5S,2025-09-14 23:20:00,9.3535,11.008,KHT-XE5S_2025_0526_1101,0.00019999999999988915,0.5
KHT-XE5S,2025-09-14 23:30:00,9.3543,11.007,KHT-XE5S_2025_0526_1101,9.999999999994457e-05,0.5
KHT-XE5S,2025-09-14 23:40:00,9.3547,11.007,KHT-XE5S_2025_0526_1101,0.0,0.5
KHT-XE5S,2025-09-14 23:50:00,9.356,11.008,KHT-XE5S_2025_0526_1101,9.999999999994457e-05,0.5
KHT-XE5S,2025-09-15 00:00:00,9.3567,11.009,KHT-XE5S_2025_0526_1101,0.00010000000000012221,0.5
KHT-XE5S,2025-09-15 00:10:00,9.3567,11.008,KHT-XE5S_2025_0526_1101,0.00010000000000012221,0.5
KHT-XE5S,2025-09-15 00:20:00,9.3571,11.007,KHT-XE5S_2025_0526_1101,9.999999999994457e-05,0.5
KHT-XE5S,2025-09-15 00:30:00,9.3585,11.008,KHT-XE5S_2025_0526_1101,9.999999999994457e-05,0.5
KHT-XE5S,2025-09-15 00:40:00,9.36,11.007,KHT-XE5S_2025_0526_1101,9.999999999994457e-05,0.5
KHT-XE5S,2025-09-15 00:50:00,9.3606,11.007,KHT-XE5S_2025_0526_1101,0.0,0.5
KHT-XE5S,2025-09-15 01:00:00,9.3613,11.008,KHT-XE5S_2025_0526_1101,9.999999999994457e-05,0.5
KHT-XE5S,2025-09-15 01:10:00,9.3617,11.007,KHT-XE5S_2025_0526_1101,9.999999999994457e-05,0.5
KHT-XE5S,2025-09-15 01:20:00,9.3621,11.007,KHT-XE5S_2025_0526_1101,0.0,0.5
KHT-XE5S,2025-09-15 01:30:00,9.3624,11.009,KHT-XE5S_2025_0526_1101,0.0002000000000000668,0.5
KHT-XE5S,2025-09-15 01:40:00,9.3629,11.007,KHT-XE5S_2025_0526_1101,0.0002000000000000668,0.5
KHT-XE5S,2025-09-15 01:50:00,9.363,11.01,KHT-XE5S_2025_0526_1101,0.00030000000000001136,0.5
KHT-XE5S,2025-09-15 02:00:00,9.3634,11.009,KHT-XE5S_2025_0526_1101,9.999999999994457e-05,0.5
KHT-XE5S,2025-09-15 02:10:00,9.364,11.009,KHT-XE5S_2025_0526_1101,0.0,0.5
KHT-XE5S,2025-09-15 02:20:00,9.3642,11.009,KHT-XE5S_2025_0526_1101,0.0,0.5
KHT-XE5S,2025-09-15 02:30:00,9.3646,11.008,KHT-XE5S_2025_0526_1101,0.00010000000000012221,0.5
KHT-XE5S,2025-09-15 02:40:00,9.364,11.008,KHT-XE5S_2025_0526_1101,0.0,0.5
KHT-XE5S,2025-09-15 02:50:00,9.3635,11.008,KHT-XE5S_2025_0526_1101,0.0,0.5
KHT-XE5S,2025-09-15 03:00:00,9.3632,11.008,KHT-XE5S_2025_0526_1101,0.0,0.5
KHT-XE5S,2025-09-15 03:10:00,9.3625,11.008,KHT-XE5S_2025_0526_1101,0.0,0.5
KHT-XE5S,2025-09-15 03:20:00,9.3625,11.007,KHT-XE5S_2025_0526_1101,9.999999999994457e-05,0.5
KHT-XE5S,2025-09-15 03:30:00,9.3629,11.007,KHT-XE5S_2025_0526_1101,0.0,0.5
KHT-XE5S,2025-09-15 03:40:00,9.3633,11.007,KHT-XE5S_2025_0526_1101,0.0,0.5
KHT-XE5S,2025-09-15 03:50:00,9.3634,11.008,KHT-XE5S_2025_0526_1101,9.999999999994457e-05,0.5
KHT-XE5S,2025-09-15 04:00:00,9.3643,11.009,KHT-XE5S_2025_0526_1101,0.00010000000000012221,0.5
KHT-XE5S,2025-09-15 04:10:00,9.3641,11.009,KHT-XE5S_2025_0526_1101,0.0,0.5
KHT-XE5S,2025-09-15 04:20:00,9.3636,11.009,KHT-XE5S_2025_0526_1101,0.0,0.5
KHT-XE5S,2025-09-15 04:30:00,9.3634,11.009,KHT-XE5S_2025_0526_1101,0.0,0.5
KHT-XE5S,2025-09-15 04:40:00,9.3635,11.009,KHT-XE5S_2025_0526_1101,0.0,0.5
KHT-XE5S,2025-09-15 04:50:00,9.3636,11.01,KHT-XE5S_2025_0526_1101,9.999999999994457e-05,0.5
KHT-XE5S,2025-09-15 05:00:00,9.3642,11.009,KHT-XE5S_2025_0526_1101,9.999999999994457e-05,0.5
KHT-XE5S,2025-09-15 05:10:00,9.365,11.008,KHT-XE5S_2025_0526_1101,0.00010000000000012221,0.5
KHT-XE5S,2025-09-15 05:20:00,9.3659,11.009,KHT-XE5S_2025_0526_1101,0.00010000000000012221,0.5
KHT-XE5S,2025-09-15 05:30:00,9.3663,11.007,KHT-XE5S_2025_0526_1101,0.0002000000000000668,0.5
KHT-XE5S,2025-09-15 05:40:00,9.3654,11.008,KHT-XE5S_2025_0526_1101,9.999999999994457e-05,0.5
KHT-XE5S,2025-09-15 05:50:00,9.3664,11.008,KHT-XE5S_2025_0526_1101,0.0,0.5
KHT-XE5S,2025-09-15 06:00:00,9.3667,11.009,KHT-XE5S_2025_0526_1101,0.00010000000000012221,0.5
KHT-XE5S,2025-09-15 06:10:00,9.3677,11.009,KHT-XE5S_2025_0526_1101,0.0,0.5
KHT-XE5S,2025-09-15 06:20:00,9.3684,11.009,KHT-XE5S_2025_0526_1101,0.0,0.5
KHT-XE5S,2025-09-15 06:30:00,9.3691,11.01,KHT-XE5S_2025_0526_1101,9.999999999994457e-05,0.5
KHT-XE5S,2025-09-15 06:40:00,9.371,11.007,KHT-XE5S_2025_0526_1101,0.00030000000000001136,0.5
KHT-XE5S,2025-09-15 06:50:00,9.3724,11.01,KHT-XE5S_2025_0526_1101,0.00030000000000001136,0.5
KHT-XE5S,2025-09-15 07:00:00,9.3727,11.01,KHT-XE5S_2025_0526_1101,0.0,0.5
KHT-XE5S,2025-09-15 07:10:00,9.3737,11.008,KHT-XE5S_2025_0526_1101,0.0002000000000000668,0.5
KHT-XE5S,2025-09-15 07:20:00,9.3745,11.011,KHT-XE5S_2025_0526_1101,0.00030000000000001136,0.5
KHT-XE5S,2025-09-15 07:30:00,9.3752,11.01,KHT-XE5S_2025_0526_1101,9.999999999994457e-05,0.5
KHT-XE5S,2025-09-15 07:40:00,9.3761,11.01,KHT-XE5S_2025_0526_1101,0.0,0.5
KHT-XE5S,2025-09-15 07:50:00,9.3764,11.009,KHT-XE5S_2025_0526_1101,9.999999999994457e-05,0.5
KHT-XE5S,2025-09-15 08:00:00,9.3759,11.008,KHT-XE5S_2025_0526_1101,0.00010000000000012221,0.5
KHT-XE5S,2025-09-15 08:10:00,9.3766,11.009,KHT-XE5S_2025_0526_1101,0.00010000000000012221,0.5
KHT-XE5S,2025-09-15 08:20:00,9.3771,11.009,KHT-XE5S_2025_0526_1101,0.0,0.5
KHT-XE5S,2025-09-15 08:30:00,9.3752,11.009,KHT-XE5S_2025_0526_1101,0.0,0.5
KHT-XE5S,2025-09-15 08:40:00,9.3743,11.01,KHT-XE5S_2025_0526_1101,9.999999999994457e-05,0.5
KHT-XE5S,2025-09-15 08:50:00,9.3737,11.011,KHT-XE5S_2025_0526_1101,9.999999999994457e-05,0.5
KHT-XE5S,2025-09-15 09:00:00,9.3738,11.011,KHT-XE5S_2025_0526_1101,0.0,0.5
KHT-XE5S,2025-09-15 09:10:00,9.3745,11.009,KHT-XE5S_2025_0526_1101,0.00019999999999988915,0.5
KHT-XE5S,2025-09-15 09:20:00,9.3741,11.01,KHT-XE5S_2025_0526_1101,9.999999999994457e-05,0.5
KHT-XE5S,2025-09-15 09:30:00,9.3741,11.01,KHT-XE5S_2025_0526_1101,0.0,0.5
KHT-XE5S,2025-09-15 09:40:00,9.3736,11.009,KHT-XE5S_2025_0526_1101,9.999999999994457e-05,0.5
KHT-XE5S,2025-09-15 09:50:00,9.3734,11.009,KHT-XE5S_2025_0526_1101,0.0,0.5
KHT-XE5S,2025-09-15 10:00:00,9.3725,11.009,KHT-XE5S_2025_0526_1101,0.0,0.5
KHT-XE5S,2025-09-15 10:10:00,9.3721,11.01,KHT-XE5S_2025_0526_1101,9.999999999994457e-05,0.5
KHT-XE5S,2025-09-15 10:20:00,9.3706,11.01,KHT-XE5S_2025_0526_1101,0.0,0.5
KHT-XE5S,2025-09-15 10:30:00,9.3694,11.009,KHT-XE5S_2025_0526_1101,9.999999999994457e-05,0.5
KHT-XE5S,2025-09-15 10:40:00,9.3682,11.009,KHT-XE5S_2025_0526_1101,0.0,0.5
KHT-XE5S,2025-09-15 10:50:00,9.367,11.01,KHT-XE5S_2025_0526_1101,9.999999999994457e-05,0.5
KHT-XE5S,2025-09-15 11:00:00,9.365,11.01,KHT-XE5S_2025_0526_1101,0.0,0.5
KHT-XE5S,2025-09-15 11:10:00,9.3641,11.012,KHT-XE5S_2025_0526_1101,0.0002000000000000668,0.5
KHT-XE5S,2025-09-15 11:20:00,9.3628,11.012,KHT-XE5S_2025_0526_1101,0.0,0.5
KHT-XE5S,2025-09-15 11:30:00,9.3603,11.011,KHT-XE5S_2025_0526_1101,0.00010000000000012221,0.5
KHT-XE5S,2025-09-15 11:40:00,9.3594,11.01,KHT-XE5S_2025_0526_1101,9.999999999994457e-05,0.5
KHT-XE5S,2025-09-15 11:50:00,9.3564,11.013,KHT-XE5S_2025_0526_1101,0.00030000000000001136,0.5
KHT-XE5S,2025-09-15 12:00:00,9.3545,11.011,KHT-XE5S_2025_0526_1101,0.0002000000000000668,0.5
KHT-XE5S,2025-09-15 12:10:00,9.3537,11.012,KHT-XE5S_2025_0526_1101,0.00010000000000012221,0.5
KHT-XE5S,2025-09-15 12:20:00,9.3517,11.01,KHT-XE5S_2025_0526_1101,0.0002000000000000668,0.5
KHT-XE5S,2025-09-15 12:30:00,9.35,11.011,KHT-XE5S_2025_0526_1101,9.999999999994457e-05,0.5
KHT-XE5S,2025-09-15 12:40:00,9.3479,11.011,KHT-XE5S_2025_0526_1101,0.0,0.5
KHT-XE5S,2025-09-15 12:50:00,9.3465,11.009,KHT-XE5S_2025_0526_1101,0.00019999999999988915,0.5
KHT-XE5S,2025-09-15 13:00:00,9.3445,11.012,KHT-XE5S_2025_0526_1101,0.00030000000000001136,0.5
KHT-XE5S,2025-09-15 13:10:00,9.3425,11.011,KHT-XE5S_2025_0526_1101,0.00010000000000012221,0.5
KHT-XE5S,2025-09-15 13:20:00,9.3409,11.011,KHT-XE5S_2025_0526_1101,0.0,0.5
KHT-XE5S,2025-09-15 13:30:00,9.3396,11.01,KHT-XE5S_2025_0526_1101,9.999999999994457e-05,0.5
KHT-XE5S,2025-09-15 13:40:00,9.3381,11.011,KHT-XE5S_2025_0526_1101,9.999999999994457e-05,0.5
KHT-XE5S,2025-09-15 13:50:00,9.3361,11.01,KHT-XE5S_2025_0526_1101,9.999999999994457e-05,0.5
KHT-XE5S,2025-09-15 14:00:00,9.3349,11.012,KHT-XE5S_2025_0526_1101,0.0002000000000000668,0.5
KHT-XE5S,2025-09-15 14:10:00,9.3344,11.011,KHT-XE5S_2025_0526_1101,0.00010000000000012221,0.5
KHT-XE5S,2025-09-15 14:20:00,9.3336,11.012,KHT-XE5S_2025_0526_1101,0.00010000000000012221,0.5
KHT-XE5S,2025-09-15 14:30:00,9.332,11.01,KHT-XE5S_2025_0526_1101,0.0002000000000000668,0.5
KHT-XE5S,2025-09-15 14:40:00,9.3297,11.014,KHT-XE5S_2025_0526_1101,0.00039999999999995595,0.5
KHT-XE5S,2025-09-15 14:50:00,9.3292,11.011,KHT-XE5S_2025_0526_1101,0.00030000000000001136,0.5
KHT-XE5S,2025-09-15 15:00:00,9.3283,11.008,KHT-XE5S_2025_0526_1101,0.00030000000000001136,0.5
KHT-XE5S,2025-09-15 15:10:00,9.3277,11.012,KHT-XE5S_2025_0526_1101,0.0004000000000001336,0.5
KHT-XE5S,2025-09-15 15:20:00,9.3267,11.012,KHT-XE5S_2025_0526_1101,0.0,0.5
KHT-XE5S,2025-09-15 15:30:00,9.3256,11.012,KHT-XE5S_2025_0526_1101,0.0,0.5
KHT-XE5S,2025-09-15 15:40:00,9.325,11.014,KHT-XE5S_2025_0526_1101,0.00019999999999988915,0.5
KHT-XE5S,2025-09-15 15:50:00,9.3247,11.014,KHT-XE5S_2025_0526_1101,0.0,0.5
KHT-XE5S,2025-09-15 16:00:00,9.3248,11.012,KHT-XE5S_2025_0526_1101,0.00019999999999988915,0.5
KHT-XE5S,2025-09-15 16:10:00,9.3244,11.014,KHT-XE5S_2025_0526_1101,0.00019999999999988915,0.5
KHT-XE5S,2025-09-15 16:20:00,9.3238,11.014,KHT-XE5S_2025_0526_1101,0.0,0.5
KHT-XE5S,2025-09-15 16:30:00,9.3237,11.012,KHT-XE5S_2025_0526_1101,0.00019999999999988915,0.5
KHT-XE5S,2025-09-15 16:40:00,9.3235,11.012,KHT-XE5S_2025_0526_1101,0.0,0.5
KHT-XE5S,2025-09-15 16:50:00,9.3239,11.014,KHT-XE5S_2025_0526_1101,0.00019999999999988915,0.5
KHT-XE5S,2025-09-15 17:00:00,9.324,11.012,KHT-XE5S_2025_0526_1101,0.00019999999999988915,0.5
KHT-XE5S,2025-09-15 17:10:00,9.3248,11.013,KHT-XE5S_2025_0526_1101,9.999999999994457e-05,0.5
KHT-XE5S,2025-09-15 17:20:00,9.3243,11.012,KHT-XE5S_2025_0526_1101,9.999999999994457e-05,0.5
KHT-XE5S,2025-09-15 17:30:00,9.3245,11.013,KHT-XE5S_2025_0526_1101,9.999999999994457e-05,0.5
KHT-XE5S,2025-09-15 17:40:00,9.3251,11.012,KHT-XE5S_2025_0526_1101,9.999999999994457e-05,0.5
KHT-XE5S,2025-09-15 17:50:00,9.3262,11.013,KHT-XE5S_2025_0526_1101,9.999999999994457e-05,0.5
KHT-XE5S,2025-09-15 18:00:00,9.3272,11.01,KHT-XE5S_2025_0526_1101,0.00030000000000001136,0.5
KHT-XE5S,2025-09-15 18:10:00,9.3285,11.011,KHT-XE5S_2025_0526_1101,9.999999999994457e-05,0.5
KHT-XE5S,2025-09-15 18:20:00,9.33,11.012,KHT-XE5S_2025_0526_1101,0.00010000000000012221,0.5
KHT-XE5S,2025-09-15 18:30:00,9.332,11.012,KHT-XE5S_2025_0526_1101,0.0,0.5
KHT-XE5S,2025-09-15 18:40:00,9.3339,11.01,KHT-XE5S_2025_0526_1101,0.0002000000000000668,0.5
KHT-XE5S,2025-09-15 18:50:00,9.3352,11.01,KHT-XE5S_2025_0526_1101,0.0,0.5
KHT-XE5S,2025-09-15 19:00:00,9.3369,11.01,KHT-XE5S_2025_0526_1101,0.0,0.5
KHT-XE5S,2025-09-15 19:10:00,9.3377,11.009,KHT-XE5S_2025_0526_1101,9.999999999994457e-05,0.5
KHT-XE5S,2025-09-15 19:20:00,9.3394,11.011,KHT-XE5S_2025_0526_1101,0.00019999999999988915,0.5
KHT-XE5S,2025-09-15 19:30:00,9.341,11.011,KHT-XE5S_2025_0526_1101,0.0,0.5
KHT-XE5S,2025-09-15 19:40:00,9.3425,11.01,KHT-XE5S_2025_0526_1101,9.999999999994457e-05,0.5
KHT-XE5S,2025-09-15 19:50:00,9.3447,11.011,KHT-XE5S_2025_0526_1101,9.999999999994457e-05,0.5
KHT-XE5S,2025-09-15 20:00:00,9.3461,11.012,KHT-XE5S_2025_0526_1101,0.00010000000000012221,0.5
KHT-XE5S,2025-09-15 20:10:00,9.3478,11.011,KHT-XE5S_2025_0526_1101,0.00010000000000012221,0.5
KHT-XE5S,2025-09-15 20:20:00,9.3499,11.011,KHT-XE5S_2025_0526_1101,0.0,0.5
KHT-XE5S,2025-09-15 20:30:00,9.3519,11.01,KHT-XE5S_2025_0526_1101,9.999999999994457e-05,0.5
KHT-XE5S,2025-09-15 20:40:00,9.3545,11.011,KHT-XE5S_2025_0526_1101,9.999999999994457e-05,0.5
KHT-XE5S,2025-09-15 20:50:00,9.3555,11.011,KHT-XE5S_2025_0526_1101,0.0,0.5
KHT-XE5S,2025-09-15 21:00:00,9.3578,11.01,KHT-XE5S_2025_0526_1101,9.999999999994457e-05,0.5
KHT-XE5S,2025-09-15 21:10:00,9.3583,11.01,KHT-XE5S_2025_0526_1101,0.0,0.5
KHT-XE5S,2025-09-15 21:20:00,9.3589,11.009,KHT-XE5S_2025_0526_1101,9.999999999994457e-05,0.5
KHT-XE5S,2025-09-15 21:30:00,9.3602,11.01,KHT-XE5S_2025_0526_1101,9.999999999994457e-05,0.5
KHT-XE5S,2025-09-15 21:40:00,9.3607,11.012,KHT-XE5S_2025_0526_1101,0.0002000000000000668,0.5
KHT-XE5S,2025-09-15 21:50:00,9.3617,11.011,KHT-XE5S_2025_0526_1101,0.00010000000000012221,0.5
KHT-XE5S,2025-09-15 22:00:00,9.363,11.013,KHT-XE5S_2025_0526_1101,0.0002000000000000668,0.5
KHT-XE5S,2025-09-15 22:10:00,9.3641,11.013,KHT-XE5S_2025_0526_1101,0.0,0.5
KHT-XE5S,2025-09-15 22:20:00,9.3643,11.008,KHT-XE5S_2025_0526_1101,0.0005000000000000782,0.5
KHT-XE5S,2025-09-15 22:30:00,9.3646,11.012,KHT-XE5S_2025_0526_1101,0.0004000000000001336,0.5
KHT-XE5S,2025-09-15 22:40:00,9.3653,11.011,KHT-XE5S_2025_0526_1101,0.00010000000000012221,0.5
KHT-XE5S,2025-09-15 22:50:00,9.366,11.009,KHT-XE5S_2025_0526_1101,0.00019999999999988915,0.5
KHT-XE5S,2025-09-15 23:00:00,9.3668,11.011,KHT-XE5S_2025_0526_1101,0.00019999999999988915,0.5
KHT-XE5S,2025-09-15 23:10:00,9.3677,11.013,KHT-XE5S_2025_0526_1101,0.0002000000000000668,0.5
KHT-XE5S,2025-09-15 23:20:00,9.368,11.011,KHT-XE5S_2025_0526_1101,0.0002000000000000668,0.5
KHT-XE5S,2025-09-15 23:30:00,9.3688,11.01,KHT-XE5S_2025_0526_1101,9.999999999994457e-05,0.5
KHT-XE5S,2025-09-15 23:40:00,9.3699,11.011,KHT-XE5S_2025_0526_1101,9.999999999994457e-05,0.5
KHT-XE5S,2025-09-15 23:50:00,9.3701,11.013,KHT-XE5S_2025_0526_1101,0.0002000000000000668,0.5
KHT-XE5S,2025-09-16 00:00:00,9.3709,11.012,KHT-XE5S_2025_0526_1101,9.999999999994457e-05,0.5
KHT-XE5S,2025-09-16 00:10:00,9.3716,11.013,KHT-XE5S_2025_0526_1101,9.999999999994457e-05,0.5
KHT-XE5S,2025-09-16 00:20:00,9.3726,11.013,KHT-XE5S_2025_0526_1101,0.0,0.5
KHT-XE5S,2025-09-16 00:30:00,9.3726,11.01,KHT-XE5S_2025_0526_1101,0.00030000000000001136,0.5
KHT-XE5S,2025-09-16 00:40:00,9.3731,11.012,KHT-XE5S_2025_0526_1101,0.0002000000000000668,0.5
KHT-XE5S,2025-09-16 00:50:00,9.3733,11.012,KHT-XE5S_2025_0526_1101,0.0,0.5
KHT-XE5S,2025-09-16 01:00:00,9.3742,11.013,KHT-XE5S_2025_0526_1101,9.999999999994457e-05,0.5
KHT-XE5S,2025-09-16 01:10:00,9.3747,11.012,KHT-XE5S_2025_0526_1101,9.999999999994457e-05,0.5
KHT-XE5S,2025-09-16 01:20:00,9.3755,11.011,KHT-XE5S_2025_0526_1101,0.00010000000000012221,0.5
KHT-XE5S,2025-09-16 01:30:00,9.3757,11.012,KHT-XE5S_2025_0526_1101,0.00010000000000012221,0.5
KHT-XE5S,2025-09-16 01:40:00,9.3763,11.01,KHT-XE5S_2025_0526_1101,0.0002000000000000668,0.5
KHT-XE5S,2025-09-16 01:50:00,9.3769,11.013,KHT-XE5S_2025_0526_1101,0.00030000000000001136,0.5
KHT-XE5S,2025-09-16 02:00:00,9.3775,11.013,KHT-XE5S_2025_0526_1101,0.0,0.5
KHT-XE5S,2025-09-16 02:10:00,9.377,11.01,KHT-XE5S_2025_0526_1101,0.00030000000000001136,0.5
KHT-XE5S,2025-09-16 02:20:00,9.3769,11.011,KHT-XE5S_2025_0526_1101,9.999999999994457e-05,0.5
KHT-XE5S,2025-09-16 02:30:00,9.3774,11.013,KHT-XE5S_2025_0526_1101,0.0002000000000000668,0.5
KHT-XE5S,2025-09-16 02:40:00,9.3779,11.012,KHT-XE5S_2025_0526_1101,9.999999999994457e-05,0.5
KHT-XE5S,2025-09-16 02:50:00,9.3785,11.012,KHT-XE5S_2025_0526_1101,0.0,0.5
KHT-XE5S,2025-09-16 03:00:00,9.3795,11.012,KHT-XE5S_2025_0526_1101,0.0,0.5
KHT-XE5S,2025-09-16 03:10:00,9.3799,11.012,KHT-XE5S_2025_0526_1101,0.0,0.5
KHT-XE5S,2025-09-16 03:20:00,9.3794,11.01,KHT-XE5S_2025_0526_1101,0.0002000000000000668,0.5
KHT-XE5S,2025-09-16 03:30:00,9.3794,11.013,KHT-XE5S_2025_0526_1101,0.00030000000000001136,0.5
KHT-XE5S,2025-09-16 03:40:00,9.379,11.011,KHT-XE5S_2025_0526_1101,0.0002000000000000668,0.5
KHT-XE5S,2025-09-16 03:50:00,9.3794,11.012,KHT-XE5S_2025_0526_1101,0.00010000000000012221,0.5
KHT-XE5S,2025-09-16 04:00:00,9.3794,11.013,KHT-XE5S_2025_0526_1101,9.999999999994457e-05,0.5
KHT-XE5S,2025-09-16 04:10:00,9.3793,11.014,KHT-XE5S_2025_0526_1101,9.999999999994457e-05,0.5
KHT-XE5S,2025-09-16 04:20:00,9.3788,11.013,KHT-XE5S_2025_0526_1101,9.999999999994457e-05,0.5
KHT-XE5S,2025-09-16 04:30:00,9.3788,11.013,KHT-XE5S_2025_0526_1101,0.0,0.5
KHT-XE5S,2025-09-16 04:40:00,9.3795,11.013,KHT-XE5S_2025_0526_1101,0.0,0.5
KHT-XE5S,2025-09-16 04:50:00,9.3805,11.011,KHT-XE5S_2025_0526_1101,0.0002000000000000668,0.5
KHT-XE5S,2025-09-16 05:00:00,9.3811,11.011,KHT-XE5S_2025_0526_1101,0.0,0.5
KHT-XE5S,2025-09-16 05:10:00,9.3817,11.013,KHT-XE5S_2025_0526_1101,0.0002000000000000668,0.5
KHT-XE5S,2025-09-16 05:20:00,9.3818,11.013,KHT-XE5S_2025_0526_1101,0.0,0.5
KHT-XE5S,2025-09-16 05:30:00,9.3821,11.012,KHT-XE5S_2025_0526_1101,9.999999999994457e-05,0.5
KHT-XE5S,2025-09-16 05:40:00,9.3834,11.012,KHT-XE5S_2025_0526_1101,0.0,0.5
KHT-XE5S,2025-09-16 05:50:00,9.3839,11.012,KHT-XE5S_2025_0526_1101,0.0,0.5
KHT-XE5S,2025-09-16 06:00:00,9.3848,11.013,KHT-XE5S_2025_0526_1101,9.999999999994457e-05,0.5
KHT-XE5S,2025-09-16 06:10:00,9.3855,11.013,KHT-XE5S_2025_0526_1101,0.0,0.5
KHT-XE5S,2025-09-16 06:20:00,9.386,11.013,KHT-XE5S_2025_0526_1101,0.0,0.5
KHT-XE5S,2025-09-16 06:30:00,9.3859,11.01,KHT-XE5S_2025_0526_1101,0.00030000000000001136,0.5
KHT-XE5S,2025-09-16 06:40:00,9.387,11.01,KHT-XE5S_2025_0526_1101,0.0,0.5
KHT-XE5S,2025-09-16 06:50:00,9.3883,11.01,KHT-XE5S_2025_0526_1101,0.0,0.5
KHT-XE5S,2025-09-16 07:00:00,9.3894,11.011,KHT-XE5S_2025_0526_1101,9.999999999994457e-05,0.5
KHT-XE5S,2025-09-16 07:10:00,9.39,11.013,KHT-XE5S_2025_0526_1101,0.0002000000000000668,0.5
KHT-XE5S,2025-09-16 07:20:00,9.3907,11.012,KHT-XE5S_2025_0526_1101,9.999999999994457e-05,0.5
KHT-XE5S,2025-09-16 07:30:00,9.3912,11.013,KHT-XE5S_2025_0526_1101,9.999999999994457e-05,0.5
KHT-XE5S,2025-09-16 07:40:00,9.3924,11.013,KHT-XE5S_2025_0526_1101,0.0,0.5
KHT-XE5S,2025-09-16 07:50:00,9.393,11.011,KHT-XE5S_2025_0526_1101,0.0002000000000000668,0.5
KHT-XE5S,2025-09-16 08:00:00,9.3938,11.012,KHT-XE5S_2025_0526_1101,0.00010000000000012221,0.5
KHT-XE5S,2025-09-16 08:10:00,9.3937,11.011,KHT-XE5S_2025_0526_1101,0.00010000000000012221,0.5
KHT-XE5S,2025-09-16 08:20:00,9.394,11.012,KHT-XE5S_2025_0526_1101,0.00010000000000012221,0.5
KHT-XE5S,2025-09-16 08:30:00,9.3937,11.012,KHT-XE5S_2025_0526_1101,0.0,0.5
KHT-XE5S,2025-09-16 08:40:00,9.394,11.01,KHT-XE5S_2025_0526_1101,0.0002000000000000668,0.5
KHT-XE5S,2025-09-16 08:50:00,9.3944,11.012,KHT-XE5S_2025_0526_1101,0.0002000000000000668,0.5
KHT-XE5S,2025-09-16 09:00:00,9.3948,11.011,KHT-XE5S_2025_0526_1101,0.00010000000000012221,0.5
KHT-XE5S,2025-09-16 09:10:00,9.3948,11.013,KHT-XE5S_2025_0526_1101,0.0002000000000000668,0.5
KHT-XE5S,2025-09-16 09:20:00,9.3948,11.013,KHT-XE5S_2025_0526_1101,0.0,0.5
KHT-XE5S,2025-09-16 09:30:00,9.3946,11.013,KHT-XE5S_2025_0526_1101,0.0,0.5
KHT-XE5S,2025-09-16 09:40:00,9.3937,11.012,KHT-XE5S_2025_0526_1101,9.999999999994457e-05,0.5
KHT-XE5S,2025-09-16 09:50:00,9.3927,11.014,KHT-XE5S_2025_0526_1101,0.00019999999999988915,0.5
KHT-XE5S,2025-09-16 10:00:00,9.392,11.013,KHT-XE5S_2025_0526_1101,9.999999999994457e-05,0.5
KHT-XE5S,2025-09-16 10:10:00,9.3908,11.013,KHT-XE5S_2025_0526_1101,0.0,0.5
KHT-XE5S,2025-09-16 10:20:00,9.3898,11.013,KHT-XE5S_2025_0526_1101,0.0,0.5
KHT-XE5S,2025-09-16 10:30:00,9.3885,11.012,KHT-XE5S_2025_0526_1101,9.999999999994457e-05,0.5
KHT-XE5S,2025-09-16 10:40:00,9.3875,11.012,KHT-XE5S_2025_0526_1101,0.0,0.5
KHT-XE5S,2025-09-16 10:50:00,9.3856,11.013,KHT-XE5S_2025_0526_1101,9.999999999994457e-05,0.5
KHT-XE5S,2025-09-16 11:00:00,9.3847,11.013,KHT-XE5S_2025_0526_1101,0.0,0.5
KHT-XE5S,2025-09-16 11:10:00,9.383,11.012,KHT-XE5S_2025_0526_1101,9.999999999994457e-05,0.5
KHT-XE5S,2025-09-16 11:20:00,9.3816,11.014,KHT-XE5S_2025_0526_1101,0.00019999999999988915,0.5
KHT-XE5S,2025-09-16 11:30:00,9.3802,11.012,KHT-XE5S_2025_0526_1101,0.00019999999999988915,0.5
KHT-XE5S,2025-09-16 11:40:00,9.3784,11.013,KHT-XE5S_2025_0526_1101,9.999999999994457e-05,0.5
KHT-XE5S,2025-09-16 11:50:00,9.3762,11.014,KHT-XE5S_2025_0526_1101,9.999999999994457e-05,0.5
KHT-XE5S,2025-09-16 12:00:00,9.3751,11.015,KHT-XE5S_2025_0526_1101,0.00010000000000012221,0.5
KHT-XE5S,2025-09-16 12:10:00,9.3737,11.012,KHT-XE5S_2025_0526_1101,0.00030000000000001136,0.5
KHT-XE5S,2025-09-16 12:20:00,9.3714,11.014,KHT-XE5S_2025_0526_1101,0.00019999999999988915,0.5
KHT-XE5S,2025-09-16 12:30:00,9.3696,11.012,KHT-XE5S_2025_0526_1101,0.00019999999999988915,0.5
KHT-XE5S,2025-09-16 12:40:00,9.3671,11.013,KHT-XE5S_2025_0526_1101,9.999999999994457e-05,0.5
KHT-XE5S,2025-09-16 12:50:00,9.3665,11.014,KHT-XE5S_2025_0526_1101,9.999999999994457e-05,0.5
KHT-XE5S,2025-09-16 13:00:00,9.3651,11.012,KHT-XE5S_2025_0526_1101,0.00019999999999988915,0.5
KHT-XE5S,2025-09-16 13:10:00,9.3647,11.013,KHT-XE5S_2025_0526_1101,9.999999999994457e-05,0.5
KHT-XE5S,2025-09-16 13:20:00,9.3639,11.013,KHT-XE5S_2025_0526_1101,0.0,0.5
KHT-XE5S,2025-09-16 13:30:00,9.3626,11.013,KHT-XE5S_2025_0526_1101,0.0,0.5
KHT-XE5S,2025-09-16 13:40:00,9.3606,11.014,KHT-XE5S_2025_0526_1101,9.999999999994457e-05,0.5
KHT-XE5S,2025-09-16 13:50:00,9.3593,11.012,KHT-XE5S_2025_0526_1101,0.00019999999999988915,0.5
KHT-XE5S,2025-09-16 14:00:00,9.359,11.015,KHT-XE5S_2025_0526_1101,0.00030000000000001136,0.5
KHT-XE5S,2025-09-16 14:10:00,9.3577,11.013,KHT-XE5S_2025_0526_1101,0.0002000000000000668,0.5
KHT-XE5S,2025-09-16 14:20:00,9.3569,11.013,KHT-XE5S_2025_0526_1101,0.0,0.5
KHT-XE5S,2025-09-16 14:30:00,9.3551,11.013,KHT-XE5S_2025_0526_1101,0.0,0.5
KHT-XE5S,2025-09-16 14:40:00,9.3538,11.013,KHT-XE5S_2025_0526_1101,0.0,0.5
KHT-XE5S,2025-09-16 14:50:00,9.353,11.013,KHT-XE5S_2025_0526_1101,0.0,0.5
KHT-XE5S,2025-09-16 15:00:00,9.3526,11.013,KHT-XE5S_2025_0526_1101,0.0,0.5
KHT-XE5S,2025-09-16 15:10:00,9.3513,11.012,KHT-XE5S_2025_0526_1101,9.999999999994457e-05,0.5
KHT-XE5S,2025-09-16 15:20:00,9.3504,11.013,KHT-XE5S_2025_0526_1101,9.999999999994457e-05,0.5
KHT-XE5S,2025-09-16 15:30:00,9.3495,11.011,KHT-XE5S_2025_0526_1101,0.0002000000000000668,0.5
KHT-XE5S,2025-09-16 15:40:00,9.3485,11.012,KHT-XE5S_2025_0526_1101,0.00010000000000012221,0.5
KHT-XE5S,2025-09-16 15:50:00,9.348,11.014,KHT-XE5S_2025_0526_1101,0.00019999999999988915,0.5
KHT-XE5S,2025-09-16 16:00:00,9.3481,11.014,KHT-XE5S_2025_0526_1101,0.0,0.5
KHT-XE5S,2025-09-16 16:10:00,9.3475,11.014,KHT-XE5S_2025_0526_1101,0.0,0.5
KHT-XE5S,2025-09-16 16:20:00,9.3468,11.013,KHT-XE5S_2025_0526_1101,9.999999999994457e-05,0.5
KHT-XE5S,2025-09-16 16:30:00,9.3462,11.014,KHT-XE5S_2025_0526_1101,9.999999999994457e-05,0.5
KHT-XE5S,2025-09-16 16:40:00,9.3464,11.012,KHT-XE5S_2025_0526_1101,0.00019999999999988915,0.5
KHT-XE5S,2025-09-16 16:50:00,9.3463,11.012,KHT-XE5S_2025_0526_1101,0.0,0.5
KHT-XE5S,2025-09-16 17:00:00,9.3458,11.012,KHT-XE5S_2025_0526_1101,0.0,0.5
KHT-XE5S,2025-09-16 17:10:00,9.3463,11.013,KHT-XE5S_2025_0526_1101,9.999999999994457e-05,0.5
KHT-XE5S,2025-09-16 17:20:00,9.3463,11.011,KHT-XE5S_2025_0526_1101,0.0002000000000000668,0.5
KHT-XE5S,2025-09-16 17:30:00,9.3477,11.011,KHT-XE5S_2025_0526_1101,0.0,0.5
KHT-XE5S,2025-09-16 17:40:00,9.3484,11.013,KHT-XE5S_2025_0526_1101,0.0002000000000000668,0.5
KHT-XE5S,2025-09-16 17:50:00,9.3488,11.012,KHT-XE5S_2025_0526_1101,9.999999999994457e-05,0.5
KHT-XE5S,2025-09-16 18:00:00,9.3494,11.014,KHT-XE5S_2025_0526_1101,0.00019999999999988915,0.5
KHT-XE5S,2025-09-16 18:10:00,9.3505,11.014,KHT-XE5S_2025_0526_1101,0.0,0.5
KHT-XE5S,2025-09-16 18:20:00,9.3516,11.013,KHT-XE5S_2025_0526_1101,9.999999999994457e-05,0.5
KHT-XE5S,2025-09-16 18:30:00,9.3529,11.014,KHT-XE5S_2025_0526_1101,9.999999999994457e-05,0.5
KHT-XE5S,2025-09-16 18:40:00,9.3539,11.013,KHT-XE5S_2025_0526_1101,9.999999999994457e-05,0.5
KHT-XE5S,2025-09-16 18:50:00,9.3543,11.014,KHT-XE5S_2025_0526_1101,9.999999999994457e-05,0.5
KHT-XE5S,2025-09-16 19:00:00,9.3549,11.012,KHT-XE5S_2025_0526_1101,0.00019999999999988915,0.5
KHT-XE5S,2025-09-16 19:10:00,9.3561,11.012,KHT-XE5S_2025_0526_1101,0.0,0.5
KHT-XE5S,2025-09-16 19:20:00,9.3578,11.012,KHT-XE5S_2025_0526_1101,0.0,0.5
KHT-XE5S,2025-09-16 19:30:00,9.3593,11.01,KHT-XE5S_2025_0526_1101,0.0002000000000000668,0.5
KHT-XE5S,2025-09-16 19:40:00,9.3608,11.012,KHT-XE5S_2025_0526_1101,0.0002000000000000668,0.5
KHT-XE5S,2025-09-16 19:50:00,9.3632,11.012,KHT-XE5S_2025_0526_1101,0.0,0.5
KHT-XE5S,2025-09-16 20:00:00,9.365,11.011,KHT-XE5S_2025_0526_1101,0.00010000000000012221,0.5
KHT-XE5S,2025-09-16 20:10:00,9.3666,11.012,KHT-XE5S_2025_0526_1101,0.00010000000000012221,0.5
KHT-XE5S,2025-09-16 20:20:00,9.3683,11.014,KHT-XE5S_2025_0526_1101,0.00019999999999988915,0.5
KHT-XE5S,2025-09-16 20:30:00,9.3704,11.014,KHT-XE5S_2025_0526_1101,0.0,0.5
KHT-XE5S,2025-09-16 20:40:00,9.372,11.011,KHT-XE5S_2025_0526_1101,0.00030000000000001136,0.5
KHT-XE5S,2025-09-16 20:50:00,9.3729,11.012,KHT-XE5S_2025_0526_1101,0.00010000000000012221,0.5
KHT-XE5S,2025-09-16 21:00:00,9.3735,11.013,KHT-XE5S_2025_0526_1101,9.999999999994457e-05,0.5
KHT-XE5S,2025-09-16 21:10:00,9.3742,11.015,KHT-XE5S_2025_0526_1101,0.0002000000000000668,0.5
KHT-XE5S,2025-09-16 21:20:00,9.3746,11.013,KHT-XE5S_2025_0526_1101,0.0002000000000000668,0.5
KHT-XE5S,2025-09-16 21:30:00,9.3757,11.011,KHT-XE5S_2025_0526_1101,0.0002000000000000668,0.5
KHT-XE5S,2025-09-16 21:40:00,9.3766,11.013,KHT-XE5S_2025_0526_1101,0.0002000000000000668,0.5
KHT-XE5S,2025-09-16 21:50:00,9.3778,11.013,KHT-XE5S_2025_0526_1101,0.0,0.5
KHT-XE5S,2025-09-16 22:00:00,9.3783,11.013,KHT-XE5S_2025_0526_1101,0.0,0.5
KHT-XE5S,2025-09-16 22:10:00,9.379,11.012,KHT-XE5S_2025_0526_1101,9.999999999994457e-05,0.5
KHT-XE5S,2025-09-16 22:20:00,9.3804,11.012,KHT-XE5S_2025_0526_1101,0.0,0.5
KHT-XE5S,2025-09-16 22:30:00,9.3809,11.011,KHT-XE5S_2025_0526_1101,0.00010000000000012221,0.5
KHT-XE5S,2025-09-16 22:40:00,9.3816,11.013,KHT-XE5S_2025_0526_1101,0.0002000000000000668,0.5
KHT-XE5S,2025-09-16 22:50:00,9.3818,11.011,KHT-XE5S_2025_0526_1101,0.0002000000000000668,0.5
KHT-XE5S,2025-09-16 23:00:00,9.3824,11.012,KHT-XE5S_2025_0526_1101,0.00010000000000012221,0.5
KHT-XE5S,2025-09-16 23:10:00,9.3827,11.012,KHT-XE5S_2025_0526_1101,0.0,0.5
KHT-XE5S,2025-09-16 23:20:00,9.383,11.011,KHT-XE5S_2025_0526_1101,0.00010000000000012221,0.5
KHT-XE5S,2025-09-16 23:30:00,9.3839,11.012,KHT-XE5S_2025_0526_1101,0.00010000000000012221,0.5
KHT-XE5S,2025-09-16 23:40:00,9.3843,11.012,KHT-XE5S_2025_0526_1101,0.0,0.5
KHT-XE5S,2025-09-16 23:50:00,9.3845,11.011,KHT-XE5S_2025_0526_1101,0.00010000000000012221,0.5
KHT-XE5S,2025-09-17 00:00:00,9.3846,11.013,KHT-XE5S_2025_0526_1101,0.0002000000000000668,0.5
KHT-XE5S,2025-09-17 00:10:00,9.3854,11.012,KHT-XE5S_2025_0526_1101,9.999999999994457e-05,0.5
KHT-XE5S,2025-09-17 00:20:00,9.3845,11.011,KHT-XE5S_2025_0526_1101,0.00010000000000012221,0.5
KHT-XE5S,2025-09-17 00:30:00,9.3851,11.012,KHT-XE5S_2025_0526_1101,0.00010000000000012221,0.5
KHT-XE5S,2025-09-17 00:40:00,9.3855,11.012,KHT-XE5S_2025_0526_1101,0.0,0.5
KHT-XE5S,2025-09-17 00:50:00,9.3861,11.013,KHT-XE5S_2025_0526_1101,9.999999999994457e-05,0.5
KHT-XE5S,2025-09-17 01:00:00,9.3865,11.011,KHT-XE5S_2025_0526_1101,0.0002000000000000668,0.5
KHT-XE5S,2025-09-17 01:10:00,9.387,11.013,KHT-XE5S_2025_0526_1101,0.0002000000000000668,0.5
KHT-XE5S,2025-09-17 01:20:00,9.3872,11.012,KHT-XE5S_2025_0526_1101,9.999999999994457e-05,0.5
KHT-XE5S,2025-09-17 01:30:00,9.3874,11.013,KHT-XE5S_2025_0526_1101,9.999999999994457e-05,0.5
KHT-XE5S,2025-09-17 01:40:00,9.3884,11.013,KHT-XE5S_2025_0526_1101,0.0,0.5
KHT-XE5S,2025-09-17 01:50:00,9.3885,11.012,KHT-XE5S_2025_0526_1101,9.999999999994457e-05,0.5
KHT-XE5S,2025-09-17 02:00:00,9.3891,11.014,KHT-XE5S_2025_0526_1101,0.00019999999999988915,0.5
KHT-XE5S,2025-09-17 02:10:00,9.3893,11.012,KHT-XE5S_2025_0526_1101,0.00019999999999988915,0.5
KHT-XE5S,2025-09-17 02:20:00,9.3898,11.011,KHT-XE5S_2025_0526_1101,0.00010000000000012221,0.5
KHT-XE5S,2025-09-17 02:30:00,9.3902,11.014,KHT-XE5S_2025_0526_1101,0.00030000000000001136,0.5
KHT-XE5S,2025-09-17 02:40:00,9.39,11.011,KHT-XE5S_2025_0526_1101,0.00030000000000001136,0.5
KHT-XE5S,2025-09-17 02:50:00,9.3899,11.011,KHT-XE5S_2025_0526_1101,0.0,0.5
KHT-XE5S,2025-09-17 03:00:00,9.3906,11.012,KHT-XE5S_2025_0526_1101,0.00010000000000012221,0.5
KHT-XE5S,2025-09-17 03:10:00,9.3901,11.011,KHT-XE5S_2025_0526_1101,0.00010000000000012221,0.5
KHT-XE5S,2025-09-17 03:20:00,9.3902,11.012,KHT-XE5S_2025_0526_1101,0.00010000000000012221,0.5
KHT-XE5S,2025-09-17 03:30:00,9.3905,11.012,KHT-XE5S_2025_0526_1101,0.0,0.5
KHT-XE5S,2025-09-17 03:40:00,9.3903,11.012,KHT-XE5S_2025_0526_1101,0.0,0.5
KHT-XE5S,2025-09-17 03:50:00,9.3899,11.012,KHT-XE5S_2025_0526_1101,0.0,0.5
KHT-XE5S,2025-09-17 04:00:00,9.3906,11.012,KHT-XE5S_2025_0526_1101,0.0,0.5
KHT-XE5S,2025-09-17 04:10:00,9.3916,11.013,KHT-XE5S_2025_0526_1101,9.999999999994457e-05,0.5
KHT-XE5S,2025-09-17 04:20:00,9.3914,11.012,KHT-XE5S_2025_0526_1101,9.999999999994457e-05,0.5
KHT-XE5S,2025-09-17 04:30:00,9.3913,11.01,KHT-XE5S_2025_0526_1101,0.0002000000000000668,0.5
KHT-XE5S,2025-09-17 04:40:00,9.3914,11.012,KHT-XE5S_2025_0526_1101,0.0002000000000000668,0.5
KHT-XE5S,2025-09-17 04:50:00,9.3917,11.013,KHT-XE5S_2025_0526_1101,9.999999999994457e-05,0.5
KHT-XE5S,2025-09-17 05:00:00,9.3923,11.012,KHT-XE5S_2025_0526_1101,9.999999999994457e-05,0.5
KHT-XE5S,2025-09-17 05:10:00,9.3924,11.011,KHT-XE5S_2025_0526_1101,0.00010000000000012221,0.5
KHT-XE5S,2025-09-17 05:20:00,9.3923,11.011,KHT-XE5S_2025_0526_1101,0.0,0.5
KHT-XE5S,2025-09-17 05:30:00,9.3929,11.01,KHT-XE5S_2025_0526_1101,9.999999999994457e-05,0.5
KHT-XE5S,2025-09-17 05:40:00,9.3939,11.012,KHT-XE5S_2025_0526_1101,0.0002000000000000668,0.5
KHT-XE5S,2025-09-17 05:50:00,9.3943,11.011,KHT-XE5S_2025_0526_1101,0.00010000000000012221,0.5
KHT-XE5S,2025-09-17 06:00:00,9.3944,11.011,KHT-XE5S_2025_0526_1101,0.0,0.5
KHT-XE5S,2025-09-17 06:10:00,9.3947,11.01,KHT-XE5S_2025_0526_1101,9.999999999994457e-05,0.5
KHT-XE5S,2025-09-17 06:20:00,9.3943,11.009,KHT-XE5S_2025_0526_1101,9.999999999994457e-05,0.5
KHT-XE5S,2025-09-17 06:30:00,9.3949,11.012,KHT-XE5S_2025_0526_1101,0.00030000000000001136,0.5
KHT-XE5S,2025-09-17 06:40:00,9.3961,11.011,KHT-XE5S_2025_0526_1101,0.00010000000000012221,0.5
KHT-XE5S,2025-09-17 06:50:00,9.3975,11.011,KHT-XE5S_2025_0526_1101,0.0,0.5
KHT-XE5S,2025-09-17 07:00:00,9.397,11.013,KHT-XE5S_2025_0526_1101,0.0002000000000000668,0.5
KHT-XE5S,2025-09-17 07:10:00,9.3974,11.011,KHT-XE5S_2025_0526_1101,0.0002000000000000668,0.5
KHT-XE5S,2025-09-17 07:20:00,9.3983,11.011,KHT-XE5S_2025_0526_1101,0.0,0.5
KHT-XE5S,2025-09-17 07:30:00,9.399,11.011,KHT-XE5S_2025_0526_1101,0.0,0.5
KHT-XE5S,2025-09-17 07:40:00,9.3997,11.011,KHT-XE5S_2025_0526_1101,0.0,0.5
KHT-XE5S,2025-09-17 07:50:00,9.3998,11.012,KHT-XE5S_2025_0526_1101,0.00010000000000012221,0.5
KHT-XE5S,2025-09-17 08:00:00,9.3997,11.013,KHT-XE5S_2025_0526_1101,9.999999999994457e-05,0.5
KHT-XE5S,2025-09-17 08:10:00,9.3996,11.012,KHT-XE5S_2025_0526_1101,9.999999999994457e-05,0.5
KHT-XE5S,2025-09-17 08:20:00,9.3997,11.01,KHT-XE5S_2025_0526_1101,0.0002000000000000668,0.5
KHT-XE5S,2025-09-17 08:30:00,9.3992,11.01,KHT-XE5S_2025_0526_1101,0.0,0.5
KHT-XE5S,2025-09-17 08:40:00,9.3992,11.011,KHT-XE5S_2025_0526_1101,9.999999999994457e-05,0.5
KHT-XE5S,2025-09-17 08:50:00,9.3994,11.012,KHT-XE5S_2025_0526_1101,0.00010000000000012221,0.5
KHT-XE5S,2025-09-17 09:00:00,9.3988,11.011,KHT-XE5S_2025_0526_1101,0.00010000000000012221,0.5
KHT-XE5S,2025-09-17 09:10:00,9.3993,11.012,KHT-XE5S_2025_0526_1101,0.00010000000000012221,0.5
KHT-XE5S,2025-09-17 09:20:00,9.3994,11.011,KHT-XE5S_2025_0526_1101,0.00010000000000012221,0.5
KHT-XE5S,2025-09-17 09:30:00,9.3984,11.014,KHT-XE5S_2025_0526_1101,0.00030000000000001136,0.5
KHT-XE5S,2025-09-17 09:40:00,9.3978,11.013,KHT-XE5S_2025_0526_1101,9.999999999994457e-05,0.5
KHT-XE5S,2025-09-17 09:50:00,9.3969,11.014,KHT-XE5S_2025_0526_1101,9.999999999994457e-05,0.5
KHT-XE5S,2025-09-17 10:00:00,9.396,11.011,KHT-XE5S_2025_0526_1101,0.00030000000000001136,0.5
KHT-XE5S,2025-09-17 10:10:00,9.395,11.012,KHT-XE5S_2025_0526_1101,0.00010000000000012221,0.5
KHT-XE5S,2025-09-17 10:20:00,9.3933,11.012,KHT-XE5S_2025_0526_1101,0.0,0.5
KHT-XE5S,2025-09-17 10:30:00,9.3915,11.012,KHT-XE5S_2025_0526_1101,0.0,0.5
KHT-XE5S,2025-09-17 10:40:00,9.3899,11.013,KHT-XE5S_2025_0526_1101,9.999999999994457e-05,0.5
KHT-XE5S,2025-09-17 10:50:00,9.3887,11.014,KHT-XE5S_2025_0526_1101,9.999999999994457e-05,0.5
KHT-XE5S,2025-09-17 11:00:00,9.3873,11.011,KHT-XE5S_2025_0526_1101,0.00030000000000001136,0.5
KHT-XE5S,2025-09-17 11:10:00,9.3851,11.012,KHT-XE5S_2025_0526_1101,0.00010000000000012221,0.5
KHT-XE5S,2025-09-17 11:20:00,9.3837,11.011,KHT-XE5S_2025_0526_1101,0.00010000000000012221,0.5
KHT-XE5S,2025-09-17 11:30:00,9.3815,11.011,KHT-XE5S_2025_0526_1101,0.0,0.5
KHT-XE5S,2025-09-17 11:40:00,9.3804,11.013,KHT-XE5S_2025_0526_1101,0.0002000000000000668,0.5
KHT-XE5S,2025-09-17 11:50:00,9.3782,11.012,KHT-XE5S_2025_0526_1101,9.999999999994457e-05,0.5
KHT-XE5S,2025-09-17 12:00:00,9.3767,11.013,KHT-XE5S_2025_0526_1101,9.999999999994457e-05,0.5
KHT-XE5S,2025-09-17 12:10:00,9.3738,11.011,KHT-XE5S_2025_0526_1101,0.0002000000000000668,0.5
KHT-XE5S,2025-09-17 12:20:00,9.3722,11.01,KHT-XE5S_2025_0526_1101,9.999999999994457e-05,0.5
KHT-XE5S,2025-09-17 12:30:00,9.3704,11.011,KHT-XE5S_2025_0526_1101,9.999999999994457e-05,0.5
KHT-XE5S,2025-09-17 12:40:00,9.3676,11.012,KHT-XE5S_2025_0526_1101,0.00010000000000012221,0.5
KHT-XE5S,2025-09-17 12:50:00,9.3649,11.014,KHT-XE5S_2025_0526_1101,0.00019999999999988915,0.5
KHT-XE5S,2025-09-17 13:00:00,9.3627,11.012,KHT-XE5S_2025_0526_1101,0.00019999999999988915,0.5
KHT-XE5S,2025-09-17 13:10:00,9.3611,11.013,KHT-XE5S_2025_0526_1101,9.999999999994457e-05,0.5
KHT-XE5S,2025-09-17 13:20:00,9.3597,11.013,KHT-XE5S_2025_0526_1101,0.0,0.5
KHT-XE5S,2025-09-17 13:30:00,9.3572,11.014,KHT-XE5S_2025_0526_1101,9.999999999994457e-05,0.5
KHT-XE5S,2025-09-17 13:40:00,9.355,11.013,KHT-XE5S_2025_0526_1101,9.999999999994457e-05,0.5
KHT-XE5S,2025-09-17 13:50:00,9.3546,11.012,KHT-XE5S_2025_0526_1101,9.999999999994457e-05,0.5
KHT-XE5S,2025-09-17 14:00:00,9.3519,11.012,KHT-XE5S_2025_0526_1101,0.0,0.5
KHT-XE5S,2025-09-17 14:10:00,9.3507,11.013,KHT-XE5S_2025_0526_1101,9.999999999994457e-05,0.5
KHT-XE5S,2025-09-17 14:20:00,9.3491,11.012,KHT-XE5S_2025_0526_1101,9.999999999994457e-05,0.5
KHT-XE5S,2025-09-17 14:30:00,9.3472,11.013,KHT-XE5S_2025_0526_1101,9.999999999994457e-05,0.5
KHT-XE5S,2025-09-17 14:40:00,9.3458,11.011,KHT-XE5S_2025_0526_1101,0.0002000000000000668,0.5
KHT-XE5S,2025-09-17 14:50:00,9.3438,11.012,KHT-XE5S_2025_0526_1101,0.00010000000000012221,0.5
KHT-XE5S,2025-09-17 15:00:00,9.3424,11.013,KHT-XE5S_2025_0526_1101,9.999999999994457e-05,0.5
KHT-XE5S,2025-09-17 15:10:00,9.3406,11.012,KHT-XE5S_2025_0526_1101,9.999999999994457e-05,0.5
KHT-XE5S,2025-09-17 15:20:00,9.3396,11.012,KHT-XE5S_2025_0526_1101,0.0,0.5
KHT-XE5S,2025-09-17 15:30:00,9.3387,11.012,KHT-XE5S_2025_0526_1101,0.0,0.5
KHT-XE5S,2025-09-17 15:40:00,9.3374,11.012,KHT-XE5S_2025_0526_1101,0.0,0.5
KHT-XE5S,2025-09-17 15:50:00,9.3363,11.012,KHT-XE5S_2025_0526_1101,0.0,0.5
KHT-XE5S,2025-09-17 16:00:00,9.3348,11.01,KHT-XE5S_2025_0526_1101,0.0002000000000000668,0.5
KHT-XE5S,2025-09-17 16:10:00,9.3338,11.012,KHT-XE5S_2025_0526_1101,0.0002000000000000668,0.5
KHT-XE5S,2025-09-17 16:20:00,9.3332,11.011,KHT-XE5S_2025_0526_1101,0.00010000000000012221,0.5
KHT-XE5S,2025-09-17 16:30:00,9.3325,11.012,KHT-XE5S_2025_0526_1101,0.00010000000000012221,0.5
KHT-XE5S,2025-09-17 16:40:00,9.3314,11.011,KHT-XE5S_2025_0526_1101,0.00010000000000012221,0.5
KHT-XE5S,2025-09-17 16:50:00,9.3309,11.011,KHT-XE5S_2025_0526_1101,0.0,0.5
KHT-XE5S,2025-09-17 17:00:00,9.3298,11.01,KHT-XE5S_2025_0526_1101,9.999999999994457e-05,0.5
KHT-XE5S,2025-09-17 17:10:00,9.3299,11.012,KHT-XE5S_2025_0526_1101,0.0002000000000000668,0.5
KHT-XE5S,2025-09-17 17:20:00,9.3293,11.012,KHT-XE5S_2025_0526_1101,0.0,0.5
KHT-XE5S,2025-09-17 17:30:00,9.3288,11.011,KHT-XE5S_2025_0526_1101,0.00010000000000012221,0.5
KHT-XE5S,2025-09-17 17:40:00,9.3297,11.011,KHT-XE5S_2025_0526_1101,0.0,0.5
KHT-XE5S,2025-09-17 17:50:00,9.3308,11.013,KHT-XE5S_2025_0526_1101,0.0002000000000000668,0.5
KHT-XE5S,2025-09-17 18:00:00,9.3307,11.01,KHT-XE5S_2025_0526_1101,0.00030000000000001136,0.5
KHT-XE5S,2025-09-17 18:10:00,9.331,11.012,KHT-XE5S_2025_0526_1101,0.0002000000000000668,0.5
KHT-XE5S,2025-09-17 18:20:00,9.3318,11.01,KHT-XE5S_2025_0526_1101,0.0002000000000000668,0.5
KHT-XE5S,2025-09-17 18:30:00,9.3325,11.012,KHT-XE5S_2025_0526_1101,0.0002000000000000668,0.5
KHT-XE5S,2025-09-17 18:40:00,9.3337,11.01,KHT-XE5S_2025_0526_1101,0.0002000000000000668,0.5
KHT-XE5S,2025-09-17 18:50:00,9.3343,11.009,KHT-XE5S_2025_0526_1101,9.999999999994457e-05,0.5
KHT-XE5S,2025-09-17 19:00:00,9.3354,11.011,KHT-XE5S_2025_0526_1101,0.00019999999999988915,0.5
KHT-XE5S,2025-09-17 19:10:00,9.3375,11.009,KHT-XE5S_2025_0526_1101,0.00019999999999988915,0.5
KHT-XE5S,2025-09-17 19:20:00,9.3393,11.009,KHT-XE5S_2025_0526_1101,0.0,0.5
KHT-XE5S,2025-09-17 19:30:00,9.3404,11.01,KHT-XE5S_2025_0526_1101,9.999999999994457e-05,0.5
KHT-XE5S,2025-09-17 19:40:00,9.3415,11.009,KHT-XE5S_2025_0526_1101,9.999999999994457e-05,0.5
KHT-XE5S,2025-09-17 19:50:00,9.343,11.011,KHT-XE5S_2025_0526_1101,0.00019999999999988915,0.5
KHT-XE5S,2025-09-17 20:00:00,9.3442,11.01,KHT-XE5S_2025_0526_1101,9.999999999994457e-05,0.5
KHT-XE5S,2025-09-17 20:10:00,9.3451,11.009,KHT-XE5S_2025_0526_1101,9.999999999994457e-05,0.5
KHT-XE5S,2025-09-17 20:20:00,9.3461,11.011,KHT-XE5S_2025_0526_1101,0.00019999999999988915,0.5
KHT-XE5S,2025-09-17 20:30:00,9.348,11.01,KHT-XE5S_2025_0526_1101,9.999999999994457e-05,0.5
KHT-XE5S,2025-09-17 20:40:00,9.3503,11.012,KHT-XE5S_2025_0526_1101,0.0002000000000000668,0.5
KHT-XE5S,2025-09-17 20:50:00,9.3514,11.01,KHT-XE5S_2025_0526_1101,0.0002000000000000668,0.5
KHT-XE5S,2025-09-17 21:00:00,9.3518,11.01,KHT-XE5S_2025_0526_1101,0.0,0.5
KHT-XE5S,2025-09-17 21:10:00,9.3522,11.01,KHT-XE5S_2025_0526_1101,0.0,0.5
KHT-XE5S,2025-09-17 21:20:00,9.3529,11.011,KHT-XE5S_2025_0526_1101,9.999999999994457e-05,0.5
KHT-XE5S,2025-09-17 21:30:00,9.3541,11.011,KHT-XE5S_2025_0526_1101,0.0,0.5
KHT-XE5S,2025-09-17 21:40:00,9.3553,11.01,KHT-XE5S_2025_0526_1101,9.999999999994457e-05,0.5
KHT-XE5S,2025-09-17 21:50:00,9.3561,11.01,KHT-XE5S_2025_0526_1101,0.0,0.5
KHT-XE5S,2025-09-17 22:00:00,9.357,11.009,KHT-XE5S_2025_0526_1101,9.999999999994457e-05,0.5
KHT-XE5S,2025-09-17 22:10:00,9.3573,11.011,KHT-XE5S_2025_0526_1101,0.00019999999999988915,0.5
KHT-XE5S,2025-09-17 22:20:00,9.3577,11.01,KHT-XE5S_2025_0526_1101,9.999999999994457e-05,0.5
KHT-XE5S,2025-09-17 22:30:00,9.3574,11.011,KHT-XE5S_2025_0526_1101,9.999999999994457e-05,0.5
KHT-XE5S,2025-09-17 22:40:00,9.3572,11.01,KHT-XE5S_2025_0526_1101,9.999999999994457e-05,0.5
KHT-XE5S,2025-09-17 22:50:00,9.357,11.011,KHT-XE5S_2025_0526_1101,9.999999999994457e-05,0.5
KHT-XE5S,2025-09-17 23:00:00,9.3572,11.01,KHT-XE5S_2025_0526_1101,9.999999999994457e-05,0.5
KHT-XE5S,2025-09-17 23:10:00,9.3576,11.008,KHT-XE5S_2025_0526_1101,0.0002000000000000668,0.5
KHT-XE5S,2025-09-17 23:20:00,9.3578,11.007,KHT-XE5S_2025_0526_1101,9.999999999994457e-05,0.5
KHT-XE5S,2025-09-17 23:30:00,9.3576,11.009,KHT-XE5S_2025_0526_1101,0.0002000000000000668,0.5
KHT-XE5S,2025-09-17 23:40:00,9.3581,11.01,KHT-XE5S_2025_0526_1101,9.999999999994457e-05,0.5
KHT-XE5S,2025-09-17 23:50:00,9.358,11.01,KHT-XE5S_2025_0526_1101,0.0,0.5
KHT-XE5S,2025-09-18 00:00:00,9.3579,11.01,KHT-XE5S_2025_0526_1101,0.0,0.5
KHT-XE5S,2025-09-18 00:10:00,9.3574,11.01,KHT-XE5S_2025_0526_1101,0.0,0.5
KHT-XE5S,2025-09-18 00:20:00,9.3574,11.011,KHT-XE5S_2025_0526_1101,9.999999999994457e-05,0.5
KHT-XE5S,2025-09-18 00:30:00,9.3575,11.011,KHT-XE5S_2025_0526_1101,0.0,0.5
KHT-XE5S,2025-09-18 00:40:00,9.3575,11.009,KHT-XE5S_2025_0526_1101,0.00019999999999988915,0.5
KHT-XE5S,2025-09-18 00:50:00,9.3575,11.009,KHT-XE5S_2025_0526_1101,0.0,0.5
KHT-XE5S,2025-09-18 01:00:00,9.3577,11.009,KHT-XE5S_2025_0526_1101,0.0,0.5
KHT-XE5S,2025-09-18 01:10:00,9.3572,11.01,KHT-XE5S_2025_0526_1101,9.999999999994457e-05,0.5
KHT-XE5S,2025-09-18 01:20:00,9.3572,11.01,KHT-XE5S_2025_0526_1101,0.0,0.5
KHT-XE5S,2025-09-18 01:30:00,9.3574,11.011,KHT-XE5S_2025_0526_1101,9.999999999994457e-05,0.5
KHT-XE5S,2025-09-18 01:40:00,9.3571,11.01,KHT-XE5S_2025_0526_1101,9.999999999994457e-05,0.5
KHT-XE5S,2025-09-18 01:50:00,9.3569,11.01,KHT-XE5S_2025_0526_1101,0.0,0.5
KHT-XE5S,2025-09-18 02:00:00,9.3566,11.007,KHT-XE5S_2025_0526_1101,0.00030000000000001136,0.5
KHT-XE5S,2025-09-18 02:10:00,9.3563,11.01,KHT-XE5S_2025_0526_1101,0.00030000000000001136,0.5
KHT-XE5S,2025-09-18 02:20:00,9.3559,11.011,KHT-XE5S_2025_0526_1101,9.999999999994457e-05,0.5
KHT-XE5S,2025-09-18 02:30:00,9.3564,11.008,KHT-XE5S_2025_0526_1101,0.00030000000000001136,0.5
KHT-XE5S,2025-09-18 02:40:00,9.3564,11.01,KHT-XE5S_2025_0526_1101,0.0002000000000000668,0.5
KHT-XE5S,2025-09-18 02:50:00,9.3565,11.008,KHT-XE5S_2025_0526_1101,0.0002000000000000668,0.5
KHT-XE5S,2025-09-18 03:00:00,9.3569,11.01,KHT-XE5S_2025_0526_1101,0.0002000000000000668,0.5
KHT-XE5S,2025-09-18 03:10:00,9.3567,11.011,KHT-XE5S_2025_0526_1101,9.999999999994457e-05,0.5
KHT-XE5S,2025-09-18 03:20:00,9.3566,11.009,KHT-XE5S_2025_0526_1101,0.00019999999999988915,0.5
KHT-XE5S,2025-09-18 03:30:00,9.3561,11.01,KHT-XE5S_2025_0526_1101,9.999999999994457e-05,0.5
KHT-XE5S,2025-09-18 03:40:00,9.3559,11.008,KHT-XE5S_2025_0526_1101,0.0002000000000000668,0.5
KHT-XE5S,2025-09-18 03:50:00,9.3557,11.009,KHT-XE5S_2025_0526_1101,0.00010000000000012221,0.5
KHT-XE5S,2025-09-18 04:00:00,9.3562,11.007,KHT-XE5S_2025_0526_1101,0.0002000000000000668,0.5
KHT-XE5S,2025-09-18 04:10:00,9.3564,11.009,KHT-XE5S_2025_0526_1101,0.0002000000000000668,0.5
KHT-XE5S,2025-09-18 04:20:00,9.3567,11.008,KHT-XE5S_2025_0526_1101,0.00010000000000012221,0.5
KHT-XE5S,2025-09-18 04:30:00,9.3577,11.01,KHT-XE5S_2025_0526_1101,0.0002000000000000668,0.5
KHT-XE5S,2025-09-18 04:40:00,9.3576,11.009,KHT-XE5S_2025_0526_1101,9.999999999994457e-05,0.5
KHT-XE5S,2025-09-18 04:50:00,9.3572,11.008,KHT-XE5S_2025_0526_1101,0.00010000000000012221,0.5
KHT-XE5S,2025-09-18 05:00:00,9.3572,11.01,KHT-XE5S_2025_0526_1101,0.0002000000000000668,0.5
KHT-XE5S,2025-09-18 05:10:00,9.3569,11.01,KHT-XE5S_2025_0526_1101,0.0,0.5
KHT-XE5S,2025-09-18 05:20:00,9.357,11.008,KHT-XE5S_2025_0526_1101,0.0002000000000000668,0.5
KHT-XE5S,2025-09-18 05:30:00,9.3573,11.009,KHT-XE5S_2025_0526_1101,0.00010000000000012221,0.5
KHT-XE5S,2025-09-18 05:40:00,9.357,11.009,KHT-XE5S_2025_0526_1101,0.0,0.5
KHT-XE5S,2025-09-18 05:50:00,9.3571,11.008,KHT-XE5S_2025_0526_1101,0.00010000000000012221,0.5
KHT-XE5S,2025-09-18 06:00:00,9.3576,11.01,KHT-XE5S_2025_0526_1101,0.0002000000000000668,0.5
KHT-XE5S,2025-09-18 06:10:00,9.3571,11.008,KHT-XE5S_2025_0526_1101,0.0002000000000000668,0.5
KHT-XE5S,2025-09-18 06:20:00,9.3573,11.009,KHT-XE5S_2025_0526_1101,0.00010000000000012221,0.5
KHT-XE5S,2025-09-18 06:30:00,9.3568,11.008,KHT-XE5S_2025_0526_1101,0.00010000000000012221,0.5
KHT-XE5S,2025-09-18 06:40:00,9.3569,11.007,KHT-XE5S_2025_0526_1101,9.999999999994457e-05,0.5
KHT-XE5S,2025-09-18 06:50:00,9.3571,11.008,KHT-XE5S_2025_0526_1101,9.999999999994457e-05,0.5
KHT-XE5S,2025-09-18 07:00:00,9.3576,11.009,KHT-XE5S_2025_0526_1101,0.00010000000000012221,0.5
KHT-XE5S,2025-09-18 07:10:00,9.3575,11.008,KHT-XE5S_2025_0526_1101,0.00010000000000012221,0.5
KHT-XE5S,2025-09-18 07:20:00,9.3578,11.007,KHT-XE5S_2025_0526_1101,9.999999999994457e-05,0.5
KHT-XE5S,2025-09-18 07:30:00,9.3583,11.006,KHT-XE5S_2025_0526_1101,9.999999999994457e-05,0.5
KHT-XE5S,2025-09-18 07:40:00,9.3587,11.008,KHT-XE5S_2025_0526_1101,0.00019999999999988915,0.5
KHT-XE5S,2025-09-18 07:50:00,9.3588,11.008,KHT-XE5S_2025_0526_1101,0.0,0.5
KHT-XE5S,2025-09-18 08:00:00,9.3596,11.008,KHT-XE5S_2025_0526_1101,0.0,0.5
KHT-XE5S,2025-09-18 08:10:00,9.3593,11.008,KHT-XE5S_2025_0526_1101,0.0,0.5
KHT-XE5S,2025-09-18 08:20:00,9.3586,11.01,KHT-XE5S_2025_0526_1101,0.0002000000000000668,0.5
KHT-XE5S,2025-09-18 08:30:00,9.3583,11.008,KHT-XE5S_2025_0526_1101,0.0002000000000000668,0.5
KHT-XE5S,2025-09-18 08:40:00,9.3591,11.008,KHT-XE5S_2025_0526_1101,0.0,0.5
KHT-XE5S,2025-09-18 08:50:00,9.3587,11.008,KHT-XE5S_2025_0526_1101,0.0,0.5
KHT-XE5S,2025-09-18 09:00:00,9.3589,11.008,KHT-XE5S_2025_0526_1101,0.0,0.5
KHT-XE5S,2025-09-18 09:10:00,9.359,11.008,KHT-XE5S_2025_0526_1101,0.0,0.5
KHT-XE5S,2025-09-18 09:20:00,9.3582,11.007,KHT-XE5S_2025_0526_1101,9.999999999994457e-05,0.5
KHT-XE5S,2025-09-18 09:30:00,9.3582,11.008,KHT-XE5S_2025_0526_1101,9.999999999994457e-05,0.5
KHT-XE5S,2025-09-18 09:40:00,9.3577,11.008,KHT-XE5S_2025_0526_1101,0.0,0.5
KHT-XE5S,2025-09-18 09:50:00,9.3571,11.007,KHT-XE5S_2025_0526_1101,9.999999999994457e-05,0.5
KHT-XE5S,2025-09-18 10:00:00,9.3559,11.01,KHT-XE5S_2025_0526_1101,0.00030000000000001136,0.5
KHT-XE5S,2025-09-18 10:10:00,9.3547,11.007,KHT-XE5S_2025_0526_1101,0.00030000000000001136,0.5
KHT-XE5S,2025-09-18 10:20:00,9.3543,11.008,KHT-XE5S_2025_0526_1101,9.999999999994457e-05,0.5
KHT-XE5S,2025-09-18 10:30:00,9.3536,11.008,KHT-XE5S_2025_0526_1101,0.0,0.5
KHT-XE5S,2025-09-18 10:40:00,9.3527,11.008,KHT-XE5S_2025_0526_1101,0.0,0.5
KHT-XE5S,2025-09-18 10:50:00,9.351,11.007,KHT-XE5S_2025_0526_1101,9.999999999994457e-05,0.5
KHT-XE5S,2025-09-18 11:00:00,9.3485,11.009,KHT-XE5S_2025_0526_1101,0.0002000000000000668,0.5
KHT-XE5S,2025-09-18 11:10:00,9.3463,11.007,KHT-XE5S_2025_0526_1101,0.0002000000000000668,0.5
KHT-XE5S,2025-09-18 11:20:00,9.345,11.009,KHT-XE5S_2025_0526_1101,0.0002000000000000668,0.5
KHT-XE5S,2025-09-18 11:30:00,9.3439,11.009,KHT-XE5S_2025_0526_1101,0.0,0.5
KHT-XE5S,2025-09-18 11:40:00,9.3422,11.008,KHT-XE5S_2025_0526_1101,0.00010000000000012221,0.5
KHT-XE5S,2025-09-18 11:50:00,9.3408,11.007,KHT-XE5S_2025_0526_1101,9.999999999994457e-05,0.5
KHT-XE5S,2025-09-18 12:00:00,9.3388,11.008,KHT-XE5S_2025_0526_1101,9.999999999994457e-05,0.5
KHT-XE5S,2025-09-18 12:10:00,9.3372,11.008,KHT-XE5S_2025_0526_1101,0.0,0.5
KHT-XE5S,2025-09-18 12:20:00,9.3354,11.009,KHT-XE5S_2025_0526_1101,0.00010000000000012221,0.5
KHT-XE5S,2025-09-18 12:30:00,9.3332,11.007,KHT-XE5S_2025_0526_1101,0.0002000000000000668,0.5
KHT-XE5S,2025-09-18 12:40:00,9.3316,11.008,KHT-XE5S_2025_0526_1101,9.999999999994457e-05,0.5
KHT-XE5S,2025-09-18 12:50:00,9.3296,11.009,KHT-XE5S_2025_0526_1101,0.00010000000000012221,0.5
KHT-XE5S,2025-09-18 13:00:00,9.3277,11.009,KHT-XE5S_2025_0526_1101,0.0,0.5
KHT-XE5S,2025-09-18 13:10:00,9.3257,11.01,KHT-XE5S_2025_0526_1101,9.999999999994457e-05,0.5
KHT-XE5S,2025-09-18 13:20:00,9.3232,11.009,KHT-XE5S_2025_0526_1101,9.999999999994457e-05,0.5
KHT-XE5S,2025-09-18 13:30:00,9.3214,11.009,KHT-XE5S_2025_0526_1101,0.0,0.5
KHT-XE5S,2025-09-18 13:40:00,9.3198,11.009,KHT-XE5S_2025_0526_1101,0.0,0.5
KHT-XE5S,2025-09-18 13:50:00,9.3183,11.008,KHT-XE5S_2025_0526_1101,0.00010000000000012221,0.5
KHT-XE5S,2025-09-18 14:00:00,9.3164,11.009,KHT-XE5S_2025_0526_1101,0.00010000000000012221,0.5
KHT-XE5S,2025-09-18 14:10:00,9.3144,11.009,KHT-XE5S_2025_0526_1101,0.0,0.5
KHT-XE5S,2025-09-18 14:20:00,9.313,11.007,KHT-XE5S_2025_0526_1101,0.0002000000000000668,0.5
KHT-XE5S,2025-09-18 14:30:00,9.3114,11.008,KHT-XE5S_2025_0526_1101,9.999999999994457e-05,0.5
KHT-XE5S,2025-09-18 14:40:00,9.3101,11.007,KHT-XE5S_2025_0526_1101,9.999999999994457e-05,0.5
KHT-XE5S,2025-09-18 14:50:00,9.3097,11.008,KHT-XE5S_2025_0526_1101,9.999999999994457e-05,0.5
KHT-XE5S,2025-09-18 15:00:00,9.3085,11.006,KHT-XE5S_2025_0526_1101,0.00019999999999988915,0.5
KHT-XE5S,2025-09-18 15:10:00,9.3067,11.008,KHT-XE5S_2025_0526_1101,0.00019999999999988915,0.5
KHT-XE5S,2025-09-18 15:20:00,9.3062,11.005,KHT-XE5S_2025_0526_1101,0.0002999999999998337,0.5
KHT-XE5S,2025-09-18 15:30:00,9.3053,11.007,KHT-XE5S_2025_0526_1101,0.00019999999999988915,0.5
KHT-XE5S,2025-09-18 15:40:00,9.305,11.008,KHT-XE5S_2025_0526_1101,9.999999999994457e-05,0.5
KHT-XE5S,2025-09-18 15:50:00,9.3053,11.008,KHT-XE5S_2025_0526_1101,0.0,0.5
KHT-XE5S,2025-09-18 16:00:00,9.3053,11.006,KHT-XE5S_2025_0526_1101,0.00019999999999988915,0.5
KHT-XE5S,2025-09-18 16:10:00,9.3061,11.007,KHT-XE5S_2025_0526_1101,9.999999999994457e-05,0.5
KHT-XE5S,2025-09-18 16:20:00,9.3059,11.006,KHT-XE5S_2025_0526_1101,9.999999999994457e-05,0.5
KHT-XE5S,2025-09-18 16:30:00,9.3062,11.008,KHT-XE5S_2025_0526_1101,0.00019999999999988915,0.5
KHT-XE5S,2025-09-18 16:40:00,9.3064,11.008,KHT-XE5S_2025_0526_1101,0.0,0.5
KHT-XE5S,2025-09-18 16:50:00,9.3061,11.005,KHT-XE5S_2025_0526_1101,0.0002999999999998337,0.5
KHT-XE5S,2025-09-18 17:00:00,9.3064,11.008,KHT-XE5S_2025_0526_1101,0.0002999999999998337,0.5
KHT-XE5S,2025-09-18 17:10:00,9.3072,11.007,KHT-XE5S_2025_0526_1101,9.999999999994457e-05,0.5
KHT-XE5S,2025-09-18 17:20:00,9.3075,11.008,KHT-XE5S_2025_0526_1101,9.999999999994457e-05,0.5
KHT-XE5S,2025-09-18 17:30:00,9.3083,11.008,KHT-XE5S_2025_0526_1101,0.0,0.5
KHT-XE5S,2025-09-18 17:40:00,9.3085,11.005,KHT-XE5S_2025_0526_1101,0.0002999999999998337,0.5
KHT-XE5S,2025-09-18 17:50:00,9.3087,11.006,KHT-XE5S_2025_0526_1101,9.999999999994457e-05,0.5
KHT-XE5S,2025-09-18 18:00:00,9.3079,11.005,KHT-XE5S_2025_0526_1101,9.999999999994457e-05,0.5
KHT-XE5S,2025-09-18 18:10:00,9.3093,11.005,KHT-XE5S_2025_0526_1101,0.0,0.5
KHT-XE5S,2025-09-18 18:20:00,9.3095,11.007,KHT-XE5S_2025_0526_1101,0.00019999999999988915,0.5
KHT-XE5S,2025-09-18 18:30:00,9.3095,11.005,KHT-XE5S_2025_0526_1101,0.00019999999999988915,0.5
KHT-XE5S,2025-09-18 18:40:00,9.3096,11.005,KHT-XE5S_2025_0526_1101,0.0,0.5
KHT-XE5S,2025-09-18 18:50:00,9.3119,11.006,KHT-XE5S_2025_0526_1101,9.999999999994457e-05,0.5
KHT-XE5S,2025-09-18 19:00:00,9.3134,11.005,KHT-XE5S_2025_0526_1101,9.999999999994457e-05,0.5
KHT-XE5S,2025-09-18 19:10:00,9.3144,11.006,KHT-XE5S_2025_0526_1101,9.999999999994457e-05,0.5
KHT-XE5S,2025-09-18 19:20:00,9.3163,11.007,KHT-XE5S_2025_0526_1101,9.999999999994457e-05,0.5
KHT-XE5S,2025-09-18 19:30:00,9.3185,11.005,KHT-XE5S_2025_0526_1101,0.00019999999999988915,0.5
KHT-XE5S,2025-09-18 19:40:00,9.3202,11.006,KHT-XE5S_2025_0526_1101,9.999999999994457e-05,0.5
KHT-XE5S,2025-09-18 19:50:00,9.3211,11.005,KHT-XE5S_2025_0526_1101,9.999999999994457e-05,0.5
KHT-XE5S,2025-09-18 20:00:00,9.322,11.006,KHT-XE5S_2025_0526_1101,9.999999999994457e-05,0.5
KHT-XE5S,2025-09-18 20:10:00,9.3228,11.007,KHT-XE5S_2025_0526_1101,9.999999999994457e-05,0.5
KHT-XE5S,2025-09-18 20:20:00,9.3234,11.005,KHT-XE5S_2025_0526_1101,0.00019999999999988915,0.5
KHT-XE5S,2025-09-18 20:30:00,9.3248,11.006,KHT-XE5S_2025_0526_1101,9.999999999994457e-05,0.5
KHT-XE5S,2025-09-18 20:40:00,9.3262,11.005,KHT-XE5S_2025_0526_1101,9.999999999994457e-05,0.5
KHT-XE5S,2025-09-18 20:50:00,9.3269,11.004,KHT-XE5S_2025_0526_1101,0.00010000000000012221,0.5
KHT-XE5S,2025-09-18 21:00:00,9.328,11.005,KHT-XE5S_2025_0526_1101,0.00010000000000012221,0.5
KHT-XE5S,2025-09-18 21:10:00,9.3266,11.006,KHT-XE5S_2025_0526_1101,9.999999999994457e-05,0.5
KHT-XE5S,2025-09-18 21:20:00,9.3279,11.005,KHT-XE5S_2025_0526_1101,9.999999999994457e-05,0.5
KHT-XE5S,2025-09-18 21:30:00,9.3296,11.004,KHT-XE5S_2025_0526_1101,0.00010000000000012221,0.5
KHT-XE5S,2025-09-18 21:40:00,9.3319,11.005,KHT-XE5S_2025_0526_1101,0.00010000000000012221,0.5
KHT-XE5S,2025-09-18 21:50:00,9.333,11.005,KHT-XE5S_2025_0526_1101,0.0,0.5
KHT-XE5S,2025-09-18 22:00:00,9.3334,11.006,KHT-XE5S_2025_0526_1101,9.999999999994457e-05,0.5
KHT-XE5S,2025-09-18 22:10:00,9.3341,11.006,KHT-XE5S_2025_0526_1101,0.0,0.5
KHT-XE5S,2025-09-18 22:20:00,9.3346,11.005,KHT-XE5S_2025_0526_1101,9.999999999994457e-05,0.5
KHT-XE5S,2025-09-18 22:30:00,9.3351,11.005,KHT-XE5S_2025_0526_1101,0.0,0.5
KHT-XE5S,2025-09-18 22:40:00,9.3354,11.004,KHT-XE5S_2025_0526_1101,0.00010000000000012221,0.5
KHT-XE5S,2025-09-18 22:50:00,9.3376,11.005,KHT-XE5S_2025_0526_1101,0.00010000000000012221,0.5
KHT-XE5S,2025-09-18 23:00:00,9.3387,11.005,KHT-XE5S_2025_0526_1101,0.0,0.5
KHT-XE5S,2025-09-18 23:10:00,9.3396,11.004,KHT-XE5S_2025_0526_1101,0.00010000000000012221,0.5
KHT-XE5S,2025-09-18 23:20:00,9.34,11.005,KHT-XE5S_2025_0526_1101,0.00010000000000012221,0.5
KHT-XE5S,2025-09-18 23:30:00,9.3415,11.005,KHT-XE5S_2025_0526_1101,0.0,0.5
KHT-XE5S,2025-09-18 23:40:00,9.343,11.006,KHT-XE5S_2025_0526_1101,9.999999999994457e-05,0.5
KHT-XE5S,2025-09-18 23:50:00,9.3433,11.006,KHT-XE5S_2025_0526_1101,0.0,0.5
KHT-XE5S,2025-09-19 00:00:00,9.3428,11.005,KHT-XE5S_2025_0526_1101,9.999999999994457e-05,0.5
KHT-XE5S,2025-09-19 00:10:00,9.3429,11.006,KHT-XE5S_2025_0526_1101,9.999999999994457e-05,0.5
KHT-XE5S,2025-09-19 00:20:00,9.3447,11.006,KHT-XE5S_2025_0526_1101,0.0,0.5
KHT-XE5S,2025-09-19 00:30:00,9.3451,11.005,KHT-XE5S_2025_0526_1101,9.999999999994457e-05,0.5
KHT-XE5S,2025-09-19 00:40:00,9.3462,11.006,KHT-XE5S_2025_0526_1101,9.999999999994457e-05,0.5
KHT-XE5S,2025-09-19 00:50:00,9.3458,11.005,KHT-XE5S_2025_0526_1101,9.999999999994457e-05,0.5
KHT-XE5S,2025-09-19 01:00:00,9.3476,11.004,KHT-XE5S_2025_0526_1101,0.00010000000000012221,0.5
KHT-XE5S,2025-09-19 01:10:00,9.3445,11.004,KHT-XE5S_2025_0526_1101,0.0,0.5
KHT-XE5S,2025-09-19 01:20:00,9.343,11.004,KHT-XE5S_2025_0526_1101,0.0,0.5
KHT-XE5S,2025-09-19 01:30:00,9.3423,11.006,KHT-XE5S_2025_0526_1101,0.0002000000000000668,0.5
KHT-XE5S,2025-09-19 01:40:00,9.3416,11.006,KHT-XE5S_2025_0526_1101,0.0,0.5
KHT-XE5S,2025-09-19 01:50:00,9.34,11.004,KHT-XE5S_2025_0526_1101,0.0002000000000000668,0.5
KHT-XE5S,2025-09-19 02:00:00,9.3392,11.004,KHT-XE5S_2025_0526_1101,0.0,0.5
KHT-XE5S,2025-09-19 02:10:00,9.3394,11.004,KHT-XE5S_2025_0526_1101,0.0,0.5
KHT-XE5S,2025-09-19 02:20:00,9.3384,11.003,KHT-XE5S_2025_0526_1101,9.999999999994457e-05,0.5
KHT-XE5S,2025-09-19 02:30:00,9.3372,11.005,KHT-XE5S_2025_0526_1101,0.0002000000000000668,0.5
KHT-XE5S,2025-09-19 02:40:00,9.3364,11.003,KHT-XE5S_2025_0526_1101,0.0002000000000000668,0.5
KHT-XE5S,2025-09-19 02:50:00,9.3349,11.005,KHT-XE5S_2025_0526_1101,0.0002000000000000668,0.5
KHT-XE5S,2025-09-19 03:00:00,9.3362,11.003,KHT-XE5S_2025_0526_1101,0.0002000000000000668,0.5
KHT-XE5S,2025-09-19 03:10:00,9.3354,11.004,KHT-XE5S_2025_0526_1101,9.999999999994457e-05,0.5
KHT-XE5S,2025-09-19 03:20:00,9.3343,11.003,KHT-XE5S_2025_0526_1101,9.999999999994457e-05,0.5
KHT-XE5S,2025-09-19 03:30:00,9.3359,11.005,KHT-XE5S_2025_0526_1101,0.0002000000000000668,0.5
KHT-XE5S,2025-09-19 03:40:00,9.3383,11.004,KHT-XE5S_2025_0526_1101,0.00010000000000012221,0.5
KHT-XE5S,2025-09-19 03:50:00,9.339,11.005,KHT-XE5S_2025_0526_1101,0.00010000000000012221,0.5
KHT-XE5S,2025-09-19 04:00:00,9.3388,11.005,KHT-XE5S_2025_0526_1101,0.0,0.5
KHT-XE5S,2025-09-19 04:10:00,9.3391,11.004,KHT-XE5S_2025_0526_1101,0.00010000000000012221,0.5
KHT-XE5S,2025-09-19 04:20:00,9.3399,11.004,KHT-XE5S_2025_0526_1101,0.0,0.5
KHT-XE5S,2025-09-19 04:30:00,9.3392,11.004,KHT-XE5S_2025_0526_1101,0.0,0.5
KHT-XE5S,2025-09-19 04:40:00,9.3399,11.003,KHT-XE5S_2025_0526_1101,9.999999999994457e-05,0.5
KHT-XE5S,2025-09-19 04:50:00,9.3402,11.003,KHT-XE5S_2025_0526_1101,0.0,0.5
KHT-XE5S,2025-09-19 05:00:00,9.3406,11.006,KHT-XE5S_2025_0526_1101,0.00030000000000001136,0.5
KHT-XE5S,2025-09-19 05:10:00,9.3408,11.003,KHT-XE5S_2025_0526_1101,0.00030000000000001136,0.5
KHT-XE5S,2025-09-19 05:20:00,9.3418,11.003,KHT-XE5S_2025_0526_1101,0.0,0.5
KHT-XE5S,2025-09-19 05:30:00,9.3419,11.004,KHT-XE5S_2025_0526_1101,9.999999999994457e-05,0.5
KHT-XE5S,2025-09-19 05:40:00,9.3417,11.004,KHT-XE5S_2025_0526_1101,0.0,0.5
KHT-XE5S,2025-09-19 05:50:00,9.3421,11.003,KHT-XE5S_2025_0526_1101,9.999999999994457e-05,0.5
KHT-XE5S,2025-09-19 06:00:00,9.3423,11.003,KHT-XE5S_2025_0526_1101,0.0,0.5
KHT-XE5S,2025-09-19 06:10:00,9.3426,11.004,KHT-XE5S_2025_0526_1101,9.999999999994457e-05,0.5
KHT-XE5S,2025-09-19 06:20:00,9.3437,11.003,KHT-XE5S_2025_0526_1101,9.999999999994457e-05,0.5
KHT-XE5S,2025-09-19 06:30:00,9.3436,11.005,KHT-XE5S_2025_0526_1101,0.0002000000000000668,0.5
KHT-XE5S,2025-09-19 06:40:00,9.3439,11.003,KHT-XE5S_2025_0526_1101,0.0002000000000000668,0.5
KHT-XE5S,2025-09-19 06:50:00,9.3443,11.003,KHT-XE5S_2025_0526_1101,0.0,0.5
KHT-XE5S,2025-09-19 07:00:00,9.3445,11.002,KHT-XE5S_2025_0526_1101,9.999999999994457e-05,0.5
KHT-XE5S,2025-09-19 07:10:00,9.346,11.003,KHT-XE5S_2025_0526_1101,9.999999999994457e-05,0.5
KHT-XE5S,2025-09-19 07:20:00,9.3463,11.002,KHT-XE5S_2025_0526_1101,9.999999999994457e-05,0.5
KHT-XE5S,2025-09-19 07:30:00,9.3466,11.003,KHT-XE5S_2025_0526_1101,9.999999999994457e-05,0.5
KHT-XE5S,2025-09-19 07:40:00,9.3471,11.004,KHT-XE5S_2025_0526_1101,9.999999999994457e-05,0.5
KHT-XE5S,2025-09-19 07:50:00,9.3481,11.002,KHT-XE5S_2025_0526_1101,0.00019999999999988915,0.5
KHT-XE5S,2025-09-19 08:00:00,9.3492,11.002,KHT-XE5S_2025_0526_1101,0.0,0.5
KHT-XE5S,2025-09-19 08:10:00,9.3492,11.002,KHT-XE5S_2025_0526_1101,0.0,0.5
KHT-XE5S,2025-09-19 08:20:00,9.349,11.002,KHT-XE5S_2025_0526_1101,0.0,0.5
KHT-XE5S,2025-09-19 08:30:00,9.3484,11.003,KHT-XE5S_2025_0526_1101,9.999999999994457e-05,0.5
KHT-XE5S,2025-09-19 08:40:00,9.3492,11.004,KHT-XE5S_2025_0526_1101,9.999999999994457e-05,0.5
KHT-XE5S,2025-09-19 08:50:00,9.3499,11.003,KHT-XE5S_2025_0526_1101,9.999999999994457e-05,0.5
KHT-XE5S,2025-09-19 09:00:00,9.35,11.001,KHT-XE5S_2025_0526_1101,0.0002000000000000668,0.5
KHT-XE5S,2025-09-19 09:10:00,9.3508,11.003,KHT-XE5S_2025_0526_1101,0.0002000000000000668,0.5
KHT-XE5S,2025-09-19 09:20:00,9.3511,11.003,KHT-XE5S_2025_0526_1101,0.0,0.5
KHT-XE5S,2025-09-19 09:30:00,9.3513,11.002,KHT-XE5S_2025_0526_1101,9.999999999994457e-05,0.5
KHT-XE5S,2025-09-19 09:40:00,9.3511,11.002,KHT-XE5S_2025_0526_1101,0.0,0.5
KHT-XE5S,2025-09-19 09:50:00,9.3512,11.002,KHT-XE5S_2025_0526_1101,0.0,0.5
KHT-XE5S,2025-09-19 10:00:00,9.351,11.001,KHT-XE5S_2025_0526_1101,0.00010000000000012221,0.5
KHT-XE5S,2025-09-19 10:10:00,9.3507,11.002,KHT-XE5S_2025_0526_1101,0.00010000000000012221,0.5
KHT-XE5S,2025-09-19 10:20:00,9.3496,11.003,KHT-XE5S_2025_0526_1101,9.999999999994457e-05,0.5
KHT-XE5S,2025-09-19 10:30:00,9.3489,11.002,KHT-XE5S_2025_0526_1101,9.999999999994457e-05,0.5
KHT-XE5S,2025-09-19 10:40:00,9.3484,11.003,KHT-XE5S_2025_0526_1101,9.999999999994457e-05,0.5
KHT-XE5S,2025-09-19 10:50:00,9.3486,11.001,KHT-XE5S_2025_0526_1101,0.0002000000000000668,0.5
KHT-XE5S,2025-09-19 11:00:00,9.3482,11.003,KHT-XE5S_2025_0526_1101,0.0002000000000000668,0.5
KHT-XE5S,2025-09-19 11:10:00,9.3478,11.004,KHT-XE5S_2025_0526_1101,9.999999999994457e-05,0.5
KHT-XE5S,2025-09-19 11:20:00,9.3471,11.002,KHT-XE5S_2025_0526_1101,0.00019999999999988915,0.5
KHT-XE5S,2025-09-19 11:30:00,9.3467,11.001,KHT-XE5S_2025_0526_1101,0.00010000000000012221,0.5
KHT-XE5S,2025-09-19 11:40:00,9.3464,11.002,KHT-XE5S_2025_0526_1101,0.00010000000000012221,0.5
KHT-XE5S,2025-09-19 11:50:00,9.3452,11.005,KHT-XE5S_2025_0526_1101,0.00030000000000001136,0.5
KHT-XE5S,2025-09-19 12:00:00,9.3441,11.001,KHT-XE5S_2025_0526_1101,0.0004000000000001336,0.5
KHT-XE5S,2025-09-19 12:10:00,9.3431,11.003,KHT-XE5S_2025_0526_1101,0.0002000000000000668,0.5
KHT-XE5S,2025-09-19 12:20:00,9.3425,11.003,KHT-XE5S_2025_0526_1101,0.0,0.5
KHT-XE5S,2025-09-19 12:30:00,9.3412,11.001,KHT-XE5S_2025_0526_1101,0.0002000000000000668,0.5
KHT-XE5S,2025-09-19 12:40:00,9.3404,11.003,KHT-XE5S_2025_0526_1101,0.0002000000000000668,0.5
KHT-XE5S,2025-09-19 12:50:00,9.34,11.002,KHT-XE5S_2025_0526_1101,9.999999999994457e-05,0.5
KHT-XE5S,2025-09-19 13:00:00,9.3397,11.002,KHT-XE5S_2025_0526_1101,0.0,0.5
KHT-XE5S,2025-09-19 13:10:00,9.3388,11.003,KHT-XE5S_2025_0526_1101,9.999999999994457e-05,0.5
KHT-XE5S,2025-09-19 13:20:00,9.3386,11.003,KHT-XE5S_2025_0526_1101,0.0,0.5
KHT-XE5S,2025-09-19 13:30:00,9.3391,11.0,KHT-XE5S_2025_0526_1101,0.00030000000000001136,0.5
KHT-XE5S,2025-09-19 13:40:00,9.338,11.001,KHT-XE5S_2025_0526_1101,9.999999999994457e-05,0.5
KHT-XE5S,2025-09-19 13:50:00,9.338,11.003,KHT-XE5S_2025_0526_1101,0.0002000000000000668,0.5
KHT-XE5S,2025-09-19 14:00:00,9.3384,11.002,KHT-XE5S_2025_0526_1101,9.999999999994457e-05,0.5
KHT-XE5S,2025-09-19 14:10:00,9.3386,11.003,KHT-XE5S_2025_0526_1101,9.999999999994457e-05,0.5
KHT-XE5S,2025-09-19 14:20:00,9.3384,11.002,KHT-XE5S_2025_0526_1101,9.999999999994457e-05,0.5
KHT-XE5S,2025-09-19 14:30:00,9.3394,10.999,KHT-XE5S_2025_0526_1101,0.00030000000000001136,0.5
KHT-XE5S,2025-09-19 14:40:00,9.3394,11.0,KHT-XE5S_2025_0526_1101,9.999999999994457e-05,0.5
KHT-XE5S,2025-09-19 14:50:00,9.3392,11.0,KHT-XE5S_2025_0526_1101,0.0,0.5
KHT-XE5S,2025-09-19 15:00:00,9.3397,11.002,KHT-XE5S_2025_0526_1101,0.0002000000000000668,0.5
KHT-XE5S,2025-09-19 15:10:00,9.3397,11.001,KHT-XE5S_2025_0526_1101,0.00010000000000012221,0.5
KHT-XE5S,2025-09-19 15:20:00,9.3401,11.002,KHT-XE5S_2025_0526_1101,0.00010000000000012221,0.5
KHT-XE5S,2025-09-19 15:30:00,9.3397,11.0,KHT-XE5S_2025_0526_1101,0.0002000000000000668,0.5
KHT-XE5S,2025-09-19 15:40:00,9.3401,11.002,KHT-XE5S_2025_0526_1101,0.0002000000000000668,0.5
KHT-XE5S,2025-09-19 15:50:00,9.3405,11.003,KHT-XE5S_2025_0526_1101,9.999999999994457e-05,0.5
KHT-XE5S,2025-09-19 16:00:00,9.3413,11.0,KHT-XE5S_2025_0526_1101,0.00030000000000001136,0.5
KHT-XE5S,2025-09-19 16:10:00,9.3414,11.002,KHT-XE5S_2025_0526_1101,0.0002000000000000668,0.5
KHT-XE5S,2025-09-19 16:20:00,9.3418,11.001,KHT-XE5S_2025_0526_1101,0.00010000000000012221,0.5
KHT-XE5S,2025-09-19 16:30:00,9.3421,11.001,KHT-XE5S_2025_0526_1101,0.0,0.5
KHT-XE5S,2025-09-19 16:40:00,9.3424,11.001,KHT-XE5S_2025_0526_1101,0.0,0.5
KHT-XE5S,2025-09-19 16:50:00,9.3425,11.0,KHT-XE5S_2025_0526_1101,9.999999999994457e-05,0.5
KHT-XE5S,2025-09-19 17:00:00,9.3429,11.003,KHT-XE5S_2025_0526_1101,0.00030000000000001136,0.5
KHT-XE5S,2025-09-19 17:10:00,9.3434,11.002,KHT-XE5S_2025_0526_1101,9.999999999994457e-05,0.5
KHT-XE5S,2025-09-19 17:20:00,9.3445,11.0,KHT-XE5S_2025_0526_1101,0.0002000000000000668,0.5
KHT-XE5S,2025-09-19 17:30:00,9.3446,11.0,KHT-XE5S_2025_0526_1101,0.0,0.5
KHT-XE5S,2025-09-19 17:40:00,9.3456,11.001,KHT-XE5S_2025_0526_1101,9.999999999994457e-05,0.5
KHT-XE5S,2025-09-19 17:50:00,9.3466,11.0,KHT-XE5S_2025_0526_1101,9.999999999994457e-05,0.5
KHT-XE5S,2025-09-19 18:00:00,9.3479,11.001,KHT-XE5S_2025_0526_1101,9.999999999994457e-05,0.5
KHT-XE5S,2025-09-19 18:10:00,9.3484,10.999,KHT-XE5S_2025_0526_1101,0.00019999999999988915,0.5
KHT-XE5S,2025-09-19 18:20:00,9.3496,11.001,KHT-XE5S_2025_0526_1101,0.00019999999999988915,0.5
KHT-XE5S,2025-09-19 18:30:00,9.3507,11.0,KHT-XE5S_2025_0526_1101,9.999999999994457e-05,0.5
KHT-XE5S,2025-09-19 18:40:00,9.3511,11.001,KHT-XE5S_2025_0526_1101,9.999999999994457e-05,0.5
KHT-XE5S,2025-09-19 18:50:00,9.353,11.001,KHT-XE5S_2025_0526_1101,0.0,0.5
KHT-XE5S,2025-09-19 19:00:00,9.3532,11.001,KHT-XE5S_2025_0526_1101,0.0,0.5
KHT-XE5S,2025-09-19 19:10:00,9.3543,11.0,KHT-XE5S_2025_0526_1101,9.999999999994457e-05,0.5
KHT-XE5S,2025-09-19 19:20:00,9.3548,11.0,KHT-XE5S_2025_0526_1101,0.0,0.5
KHT-XE5S,2025-09-19 19:30:00,9.3559,11.001,KHT-XE5S_2025_0526_1101,9.999999999994457e-05,0.5
KHT-XE5S,2025-09-19 19:40:00,9.3561,11.0,KHT-XE5S_2025_0526_1101,9.999999999994457e-05,0.5
KHT-XE5S,2025-09-19 19:50:00,9.3573,11.001,KHT-XE5S_2025_0526_1101,9.999999999994457e-05,0.5
KHT-XE5S,2025-09-19 20:00:00,9.3588,10.999,KHT-XE5S_2025_0526_1101,0.00019999999999988915,0.5
KHT-XE5S,2025-09-19 20:10:00,9.359,11.002,KHT-XE5S_2025_0526_1101,0.00030000000000001136,0.5
KHT-XE5S,2025-09-19 20:20:00,9.3596,11.0,KHT-XE5S_2025_0526_1101,0.0002000000000000668,0.5
KHT-XE5S,2025-09-19 20:30:00,9.3608,11.001,KHT-XE5S_2025_0526_1101,9.999999999994457e-05,0.5
KHT-XE5S,2025-09-19 20:40:00,9.3619,10.998,KHT-XE5S_2025_0526_1101,0.00030000000000001136,0.5
KHT-XE5S,2025-09-19 20:50:00,9.3636,11.001,KHT-XE5S_2025_0526_1101,0.00030000000000001136,0.5
KHT-XE5S,2025-09-19 21:00:00,9.3646,10.999,KHT-XE5S_2025_0526_1101,0.00019999999999988915,0.5
KHT-XE5S,2025-09-19 21:10:00,9.3653,11.0,KHT-XE5S_2025_0526_1101,9.999999999994457e-05,0.5
KHT-XE5S,2025-09-19 21:20:00,9.3668,10.998,KHT-XE5S_2025_0526_1101,0.0002000000000000668,0.5
KHT-XE5S,2025-09-19 21:30:00,9.3683,11.0,KHT-XE5S_2025_0526_1101,0.0002000000000000668,0.5
KHT-XE5S,2025-09-19 21:40:00,9.3693,10.999,KHT-XE5S_2025_0526_1101,9.999999999994457e-05,0.5
KHT-XE5S,2025-09-19 21:50:00,9.37,11.0,KHT-XE5S_2025_0526_1101,9.999999999994457e-05,0.5
KHT-XE5S,2025-09-19 22:00:00,9.3699,10.999,KHT-XE5S_2025_0526_1101,9.999999999994457e-05,0.5
KHT-XE5S,2025-09-19 22:10:00,9.3707,11.0,KHT-XE5S_2025_0526_1101,9.999999999994457e-05,0.5
KHT-XE5S,2025-09-19 22:20:00,9.3712,11.0,KHT-XE5S_2025_0526_1101,0.0,0.5
KHT-XE5S,2025-09-19 22:30:00,9.3716,11.0,KHT-XE5S_2025_0526_1101,0.0,0.5
KHT-XE5S,2025-09-19 22:40:00,9.3717,10.998,KHT-XE5S_2025_0526_1101,0.0002000000000000668,0.5
KHT-XE5S,2025-09-19 22:50:00,9.3727,11.0,KHT-XE5S_2025_0526_1101,0.0002000000000000668,0.5
KHT-XE5S,2025-09-19 23:00:00,9.3733,11.001,KHT-XE5S_2025_0526_1101,9.999999999994457e-05,0.5
KHT-XE5S,2025-09-19 23:10:00,9.3739,11.0,KHT-XE5S_2025_0526_1101,9.999999999994457e-05,0.5
KHT-XE5S,2025-09-19 23:20:00,9.3746,11.001,KHT-XE5S_2025_0526_1101,9.999999999994457e-05,0.5
KHT-XE5S,2025-09-19 23:30:00,9.3753,11.001,KHT-XE5S_2025_0526_1101,0.0,0.5
KHT-XE5S,2025-09-19 23:40:00,9.3754,11.0,KHT-XE5S_2025_0526_1101,9.999999999994457e-05,0.5
KHT-XE5S,2025-09-19 23:50:00,9.376,10.998,KHT-XE5S_2025_0526_1101,0.0002000000000000668,0.5
KHT-XE5S,2025-09-20 00:00:00,9.3755,11.001,KHT-XE5S_2025_0526_1101,0.00030000000000001136,0.5
KHT-XE5S,2025-09-20 00:10:00,9.3753,11.0,KHT-XE5S_2025_0526_1101,9.999999999994457e-05,0.5
KHT-XE5S,2025-09-20 00:20:00,9.3755,10.998,KHT-XE5S_2025_0526_1101,0.0002000000000000668,0.5
KHT-XE5S,2025-09-20 00:30:00,9.3763,10.999,KHT-XE5S_2025_0526_1101,0.00010000000000012221,0.5
KHT-XE5S,2025-09-20 00:40:00,9.3763,10.999,KHT-XE5S_2025_0526_1101,0.0,0.5
KHT-XE5S,2025-09-20 00:50:00,9.3768,10.998,KHT-XE5S_2025_0526_1101,0.00010000000000012221,0.5
KHT-XE5S,2025-09-20 01:00:00,9.3768,11.0,KHT-XE5S_2025_0526_1101,0.0002000000000000668,0.5
KHT-XE5S,2025-09-20 01:10:00,9.3763,11.0,KHT-XE5S_2025_0526_1101,0.0,0.5
KHT-XE5S,2025-09-20 01:20:00,9.3773,11.0,KHT-XE5S_2025_0526_1101,0.0,0.5
KHT-XE5S,2025-09-20 01:30:00,9.3775,10.999,KHT-XE5S_2025_0526_1101,9.999999999994457e-05,0.5
KHT-XE5S,2025-09-20 01:40:00,9.3775,10.998,KHT-XE5S_2025_0526_1101,0.00010000000000012221,0.5
KHT-XE5S,2025-09-20 01:50:00,9.378,11.001,KHT-XE5S_2025_0526_1101,0.00030000000000001136,0.5
KHT-XE5S,2025-09-20 02:00:00,9.3779,11.0,KHT-XE5S_2025_0526_1101,9.999999999994457e-05,0.5
KHT-XE5S,2025-09-20 02:10:00,9.3785,10.997,KHT-XE5S_2025_0526_1101,0.00030000000000001136,0.5
KHT-XE5S,2025-09-20 02:20:00,9.3785,10.998,KHT-XE5S_2025_0526_1101,9.999999999994457e-05,0.5
KHT-XE5S,2025-09-20 02:30:00,9.3788,10.999,KHT-XE5S_2025_0526_1101,0.00010000000000012221,0.5
KHT-XE5S,2025-09-20 02:40:00,9.3782,10.999,KHT-XE5S_2025_0526_1101,0.0,0.5
KHT-XE5S,2025-09-20 02:50:00,9.3785,10.997,KHT-XE5S_2025_0526_1101,0.0002000000000000668,0.5
KHT-XE5S,2025-09-20 03:00:00,9.378,10.998,KHT-XE5S_2025_0526_1101,9.999999999994457e-05,0.5
KHT-XE5S,2025-09-20 03:10:00,9.3786,10.999,KHT-XE5S_2025_0526_1101,0.00010000000000012221,0.5
KHT-XE5S,2025-09-20 03:20:00,9.379,10.999,KHT-XE5S_2025_0526_1101,0.0,0.5
KHT-XE5S,2025-09-20 03:30:00,9.3784,10.998,KHT-XE5S_2025_0526_1101,0.00010000000000012221,0.5
KHT-XE5S,2025-09-20 03:40:00,9.3775,10.998,KHT-XE5S_2025_0526_1101,0.0,0.5
KHT-XE5S,2025-09-20 03:50:00,9.3767,11.0,KHT-XE5S_2025_0526_1101,0.0002000000000000668,0.5
KHT-XE5S,2025-09-20 04:00:00,9.3773,10.999,KHT-XE5S_2025_0526_1101,9.999999999994457e-05,0.5
KHT-XE5S,2025-09-20 04:10:00,9.3778,10.999,KHT-XE5S_2025_0526_1101,0.0,0.5
KHT-XE5S,2025-09-20 04:20:00,9.3782,10.998,KHT-XE5S_2025_0526_1101,0.00010000000000012221,0.5
KHT-XE5S,2025-09-20 04:30:00,9.3779,10.999,KHT-XE5S_2025_0526_1101,0.00010000000000012221,0.5
KHT-XE5S,2025-09-20 04:40:00,9.3779,10.998,KHT-XE5S_2025_0526_1101,0.00010000000000012221,0.5
KHT-XE5S,2025-09-20 04:50:00,9.3777,10.998,KHT-XE5S_2025_0526_1101,0.0,0.5
KHT-XE5S,2025-09-20 05:00:00,9.3778,11.0,KHT-XE5S_2025_0526_1101,0.0002000000000000668,0.5
KHT-XE5S,2025-09-20 05:10:00,9.3778,10.997,KHT-XE5S_2025_0526_1101,0.00030000000000001136,0.5
KHT-XE5S,2025-09-20 05:20:00,9.3785,11.0,KHT-XE5S_2025_0526_1101,0.00030000000000001136,0.5
KHT-XE5S,2025-09-20 05:30:00,9.3792,10.997,KHT-XE5S_2025_0526_1101,0.00030000000000001136,0.5
KHT-XE5S,2025-09-20 05:40:00,9.3789,10.997,KHT-XE5S_2025_0526_1101,0.0,0.5
KHT-XE5S,2025-09-20 05:50:00,9.3792,10.997,KHT-XE5S_2025_0526_1101,0.0,0.5
KHT-XE5S,2025-09-20 06:00:00,9.3794,10.999,KHT-XE5S_2025_0526_1101,0.0002000000000000668,0.5
KHT-XE5S,2025-09-20 06:10:00,9.3801,11.0,KHT-XE5S_2025_0526_1101,9.999999999994457e-05,0.5
KHT-XE5S,2025-09-20 06:20:00,9.3808,10.997,KHT-XE5S_2025_0526_1101,0.00030000000000001136,0.5
KHT-XE5S,2025-09-20 06:30:00,9.3812,10.998,KHT-XE5S_2025_0526_1101,9.999999999994457e-05,0.5
KHT-XE5S,2025-09-20 06:40:00,9.3819,10.998,KHT-XE5S_2025_0526_1101,0.0,0.5
KHT-XE5S,2025-09-20 06:50:00,9.383,10.999,KHT-XE5S_2025_0526_1101,0.00010000000000012221,0.5
KHT-XE5S,2025-09-20 07:00:00,9.3838,10.998,KHT-XE5S_2025_0526_1101,0.00010000000000012221,0.5
KHT-XE5S,2025-09-20 07:10:00,9.3854,10.998,KHT-XE5S_2025_0526_1101,0.0,0.5
KHT-XE5S,2025-09-20 07:20:00,9.3859,10.997,KHT-XE5S_2025_0526_1101,9.999999999994457e-05,0.5
KHT-XE5S,2025-09-20 07:30:00,9.3862,10.998,KHT-XE5S_2025_0526_1101,9.999999999994457e-05,0.5
KHT-XE5S,2025-09-20 07:40:00,9.3855,10.999,KHT-XE5S_2025_0526_1101,0.00010000000000012221,0.5
KHT-XE5S,2025-09-20 07:50:00,9.3859,10.997,KHT-XE5S_2025_0526_1101,0.0002000000000000668,0.5
KHT-XE5S,2025-09-20 08:00:00,9.3867,10.997,KHT-XE5S_2025_0526_1101,0.0,0.5
KHT-XE5S,2025-09-20 08:10:00,9.3866,10.996,KHT-XE5S_2025_0526_1101,9.999999999994457e-05,0.5
KHT-XE5S,2025-09-20 08:20:00,9.3863,10.996,KHT-XE5S_2025_0526_1101,0.0,0.5
KHT-XE5S,2025-09-20 08:30:00,9.3867,10.996,KHT-XE5S_2025_0526_1101,0.0,0.5
KHT-XE5S,2025-09-20 08:40:00,9.3864,10.998,KHT-XE5S_2025_0526_1101,0.00019999999999988915,0.5
KHT-XE5S,2025-09-20 08:50:00,9.3867,10.997,KHT-XE5S_2025_0526_1101,9.999999999994457e-05,0.5
KHT-XE5S,2025-09-20 09:00:00,9.3869,10.997,KHT-XE5S_2025_0526_1101,0.0,0.5
KHT-XE5S,2025-09-20 09:10:00,9.3871,10.997,KHT-XE5S_2025_0526_1101,0.0,0.5
KHT-XE5S,2025-09-20 09:20:00,9.387,10.998,KHT-XE5S_2025_0526_1101,9.999999999994457e-05,0.5
KHT-XE5S,2025-09-20 09:30:00,9.3867,10.997,KHT-XE5S_2025_0526_1101,9.999999999994457e-05,0.5
KHT-XE5S,2025-09-20 09:40:00,9.3861,10.998,KHT-XE5S_2025_0526_1101,9.999999999994457e-05,0.5
KHT-XE5S,2025-09-20 09:50:00,9.385,10.998,KHT-XE5S_2025_0526_1101,0.0,0.5
KHT-XE5S,2025-09-20 10:00:00,9.3843,10.998,KHT-XE5S_2025_0526_1101,0.0,0.5
KHT-XE5S,2025-09-20 10:10:00,9.3837,10.999,KHT-XE5S_2025_0526_1101,0.00010000000000012221,0.5
KHT-XE5S,2025-09-20 10:20:00,9.3827,10.996,KHT-XE5S_2025_0526_1101,0.00030000000000001136,0.5
KHT-XE5S,2025-09-20 10:30:00,9.3826,10.999,KHT-XE5S_2025_0526_1101,0.00030000000000001136,0.5
KHT-XE5S,2025-09-20 10:40:00,9.3818,10.996,KHT-XE5S_2025_0526_1101,0.00030000000000001136,0.5
KHT-XE5S,2025-09-20 10:50:00,9.3801,10.998,KHT-XE5S_2025_0526_1101,0.00019999999999988915,0.5
KHT-XE5S,2025-09-20 11:00:00,9.3786,10.998,KHT-XE5S_2025_0526_1101,0.0,0.5
KHT-XE5S,2025-09-20 11:10:00,9.3769,10.996,KHT-XE5S_2025_0526_1101,0.00019999999999988915,0.5
KHT-XE5S,2025-09-20 11:20:00,9.3759,10.997,KHT-XE5S_2025_0526_1101,9.999999999994457e-05,0.5
KHT-XE5S,2025-09-20 11:30:00,9.3746,10.995,KHT-XE5S_2025_0526_1101,0.0002000000000000668,0.5
KHT-XE5S,2025-09-20 11:40:00,9.374,10.998,KHT-XE5S_2025_0526_1101,0.00030000000000001136,0.5
KHT-XE5S,2025-09-20 11:50:00,9.3733,10.999,KHT-XE5S_2025_0526_1101,0.00010000000000012221,0.5
KHT-XE5S,2025-09-20 12:00:00,9.3724,10.998,KHT-XE5S_2025_0526_1101,0.00010000000000012221,0.5
KHT-XE5S,2025-09-20 12:10:00,9.3715,10.997,KHT-XE5S_2025_0526_1101,9.999999999994457e-05,0.5
KHT-XE5S,2025-09-20 12:20:00,9.3693,10.998,KHT-XE5S_2025_0526_1101,9.999999999994457e-05,0.5
KHT-XE5S,2025-09-20 12:30:00,9.369,10.995,KHT-XE5S_2025_0526_1101,0.00030000000000001136,0.5
KHT-XE5S,2025-09-20 12:40:00,9.3674,10.996,KHT-XE5S_2025_0526_1101,0.00010000000000012221,0.5
KHT-XE5S,2025-09-20 12:50:00,9.367,10.997,KHT-XE5S_2025_0526_1101,9.999999999994457e-05,0.5
KHT-XE5S,2025-09-20 13:00:00,9.3655,10.996,KHT-XE5S_2025_0526_1101,9.999999999994457e-05,0.5
KHT-XE5S,2025-09-20 13:10:00,9.3647,10.996,KHT-XE5S_2025_0526_1101,0.0,0.5
KHT-XE5S,2025-09-20 13:20:00,9.3635,10.998,KHT-XE5S_2025_0526_1101,0.00019999999999988915,0.5
KHT-XE5S,2025-09-20 13:30:00,9.3619,10.996,KHT-XE5S_2025_0526_1101,0.00019999999999988915,0.5
KHT-XE5S,2025-09-20 13:40:00,9.3587,10.997,KHT-XE5S_2025_0526_1101,9.999999999994457e-05,0.5
KHT-XE5S,2025-09-20 13:50:00,9.3569,10.997,KHT-XE5S_2025_0526_1101,0.0,0.5
KHT-XE5S,2025-09-20 14:00:00,9.3551,10.997,KHT-XE5S_2025_0526_1101,0.0,0.5
KHT-XE5S,2025-09-20 14:10:00,9.3544,10.998,KHT-XE5S_2025_0526_1101,9.999999999994457e-05,0.5
KHT-XE5S,2025-09-20 14:20:00,9.3532,10.995,KHT-XE5S_2025_0526_1101,0.00030000000000001136,0.5
KHT-XE5S,2025-09-20 14:30:00,9.3526,10.998,KHT-XE5S_2025_0526_1101,0.00030000000000001136,0.5
KHT-XE5S,2025-09-20 14:40:00,9.3519,10.998,KHT-XE5S_2025_0526_1101,0.0,0.5
KHT-XE5S,2025-09-20 14:50:00,9.3514,10.998,KHT-XE5S_2025_0526_1101,0.0,0.5
KHT-XE5S,2025-09-20 15:00:00,9.3495,10.995,KHT-XE5S_2025_0526_1101,0.00030000000000001136,0.5
KHT-XE5S,2025-09-20 15:10:00,9.3498,10.998,KHT-XE5S_2025_0526_1101,0.00030000000000001136,0.5
KHT-XE5S,2025-09-20 15:20:00,9.348,10.997,KHT-XE5S_2025_0526_1101,9.999999999994457e-05,0.5
KHT-XE5S,2025-09-20 15:30:00,9.3466,10.996,KHT-XE5S_2025_0526_1101,9.999999999994457e-05,0.5
KHT-XE5S,2025-09-20 15:40:00,9.3465,10.997,KHT-XE5S_2025_0526_1101,9.999999999994457e-05,0.5
KHT-XE5S,2025-09-20 15:50:00,9.3456,10.996,KHT-XE5S_2025_0526_1101,9.999999999994457e-05,0.5
KHT-XE5S,2025-09-20 16:00:00,9.3449,10.999,KHT-XE5S_2025_0526_1101,0.00030000000000001136,0.5
KHT-XE5S,2025-09-20 16:10:00,9.3442,10.996,KHT-XE5S_2025_0526_1101,0.00030000000000001136,0.5
KHT-XE5S,2025-09-20 16:20:00,9.3444,10.997,KHT-XE5S_2025_0526_1101,9.999999999994457e-05,0.5
KHT-XE5S,2025-09-20 16:30:00,9.3444,10.996,KHT-XE5S_2025_0526_1101,9.999999999994457e-05,0.5
KHT-XE5S,2025-09-20 16:40:00,9.3454,10.996,KHT-XE5S_2025_0526_1101,0.0,0.5
KHT-XE5S,2025-09-20 16:50:00,9.3437,10.996,KHT-XE5S_2025_0526_1101,0.0,0.5
KHT-XE5S,2025-09-20 17:00:00,9.3441,10.995,KHT-XE5S_2025_0526_1101,0.00010000000000012221,0.5
KHT-XE5S,2025-09-20 17:10:00,9.3441,10.995,KHT-XE5S_2025_0526_1101,0.0,0.5
KHT-XE5S,2025-09-20 17:20:00,9.3445,10.996,KHT-XE5S_2025_0526_1101,0.00010000000000012221,0.5
KHT-XE5S,2025-09-20 17:30:00,9.3449,10.995,KHT-XE5S_2025_0526_1101,0.00010000000000012221,0.5
KHT-XE5S,2025-09-20 17:40:00,9.3457,10.994,KHT-XE5S_2025_0526_1101,9.999999999994457e-05,0.5
KHT-XE5S,2025-09-20 17:50:00,9.3459,10.995,KHT-XE5S_2025_0526_1101,9.999999999994457e-05,0.5
KHT-XE5S,2025-09-20 18:00:00,9.3461,10.997,KHT-XE5S_2025_0526_1101,0.0002000000000000668,0.5
KHT-XE5S,2025-09-20 18:10:00,9.3465,10.995,KHT-XE5S_2025_0526_1101,0.0002000000000000668,0.5
KHT-XE5S,2025-09-20 18:20:00,9.3462,10.994,KHT-XE5S_2025_0526_1101,9.999999999994457e-05,0.5
KHT-XE5S,2025-09-20 18:30:00,9.3471,10.994,KHT-XE5S_2025_0526_1101,0.0,0.5
KHT-XE5S,2025-09-20 18:40:00,9.3481,10.995,KHT-XE5S_2025_0526_1101,9.999999999994457e-05,0.5
KHT-XE5S,2025-09-20 18:50:00,9.3486,10.996,KHT-XE5S_2025_0526_1101,0.00010000000000012221,0.5
KHT-XE5S,2025-09-20 19:00:00,9.3493,10.994,KHT-XE5S_2025_0526_1101,0.0002000000000000668,0.5
KHT-XE5S,2025-09-20 19:10:00,9.3498,10.995,KHT-XE5S_2025_0526_1101,9.999999999994457e-05,0.5
KHT-XE5S,2025-09-20 19:20:00,9.3504,10.994,KHT-XE5S_2025_0526_1101,9.999999999994457e-05,0.5
KHT-XE5S,2025-09-20 19:30:00,9.3509,10.994,KHT-XE5S_2025_0526_1101,0.0,0.5
KHT-XE5S,2025-09-20 19:40:00,9.3521,10.996,KHT-XE5S_2025_0526_1101,0.0002000000000000668,0.5
KHT-XE5S,2025-09-20 19:50:00,9.3542,10.996,KHT-XE5S_2025_0526_1101,0.0,0.5
KHT-XE5S,2025-09-20 20:00:00,9.3549,10.995,KHT-XE5S_2025_0526_1101,0.00010000000000012221,0.5
KHT-XE5S,2025-09-20 20:10:00,9.356,10.994,KHT-XE5S_2025_0526_1101,9.999999999994457e-05,0.5
KHT-XE5S,2025-09-20 20:20:00,9.357,10.995,KHT-XE5S_2025_0526_1101,9.999999999994457e-05,0.5
KHT-XE5S,2025-09-20 20:30:00,9.3585,10.993,KHT-XE5S_2025_0526_1101,0.00019999999999988915,0.5
KHT-XE5S,2025-09-20 20:40:00,9.3601,10.995,KHT-XE5S_2025_0526_1101,0.00019999999999988915,0.5
KHT-XE5S,2025-09-20 20:50:00,9.362,10.995,KHT-XE5S_2025_0526_1101,0.0,0.5
KHT-XE5S,2025-09-20 21:00:00,9.3629,10.994,KHT-XE5S_2025_0526_1101,9.999999999994457e-05,0.5
KHT-XE5S,2025-09-20 21:10:00,9.3643,10.997,KHT-XE5S_2025_0526_1101,0.00030000000000001136,0.5
KHT-XE5S,2025-09-20 21:20:00,9.3658,10.996,KHT-XE5S_2025_0526_1101,9.999999999994457e-05,0.5
KHT-XE5S,2025-09-20 21:30:00,9.3663,10.995,KHT-XE5S_2025_0526_1101,0.00010000000000012221,0.5
KHT-XE5S,2025-09-20 21:40:00,9.3678,10.995,KHT-XE5S_2025_0526_1101,0.0,0.5
KHT-XE5S,2025-09-20 21:50:00,9.368,10.995,KHT-XE5S_2025_0526_1101,0.0,0.5
KHT-XE5S,2025-09-20 22:00:00,9.3683,10.994,KHT-XE5S_2025_0526_1101,9.999999999994457e-05,0.5
KHT-XE5S,2025-09-20 22:10:00,9.3688,10.993,KHT-XE5S_2025_0526_1101,9.999999999994457e-05,0.5
KHT-XE5S,2025-09-20 22:20:00,9.3686,10.994,KHT-XE5S_2025_0526_1101,9.999999999994457e-05,0.5
KHT-XE5S,2025-09-20 22:30:00,9.3693,10.994,KHT-XE5S_2025_0526_1101,0.0,0.5
KHT-XE5S,2025-09-20 22:40:00,9.3698,10.993,KHT-XE5S_2025_0526_1101,9.999999999994457e-05,0.5
KHT-XE5S,2025-09-20 22:50:00,9.3704,10.994,KHT-XE5S_2025_0526_1101,9.999999999994457e-05,0.5
KHT-XE5S,2025-09-20 23:00:00,9.3711,10.995,KHT-XE5S_2025_0526_1101,9.999999999994457e-05,0.5
KHT-XE5S,2025-09-20 23:10:00,9.3712,10.996,KHT-XE5S_2025_0526_1101,0.00010000000000012221,0.5
KHT-XE5S,2025-09-20 23:20:00,9.3712,10.994,KHT-XE5S_2025_0526_1101,0.0002000000000000668,0.5
KHT-XE5S,2025-09-20 23:30:00,9.3709,10.995,KHT-XE5S_2025_0526_1101,9.999999999994457e-05,0.5
KHT-XE5S,2025-09-20 23:40:00,9.371,10.996,KHT-XE5S_2025_0526_1101,0.00010000000000012221,0.5
KHT-XE5S,2025-09-20 23:50:00,9.371,10.994,KHT-XE5S_2025_0526_1101,0.0002000000000000668,0.5
KHT-XE5S,2025-09-21 00:00:00,9.3713,10.994,KHT-XE5S_2025_0526_1101,0.0,0.5
KHT-XE5S,2025-09-21 00:10:00,9.3712,10.994,KHT-XE5S_2025_0526_1101,0.0,0.5
KHT-XE5S,2025-09-21 00:20:00,9.3713,10.994,KHT-XE5S_2025_0526_1101,0.0,0.5
KHT-XE5S,2025-09-21 00:30:00,9.3715,10.995,KHT-XE5S_2025_0526_1101,9.999999999994457e-05,0.5
KHT-XE5S,2025-09-21 00:40:00,9.3716,10.993,KHT-XE5S_2025_0526_1101,0.00019999999999988915,0.5
KHT-XE5S,2025-09-21 00:50:00,9.3719,10.993,KHT-XE5S_2025_0526_1101,0.0,0.5
KHT-XE5S,2025-09-21 01:00:00,9.3717,10.994,KHT-XE5S_2025_0526_1101,9.999999999994457e-05,0.5
KHT-XE5S,2025-09-21 01:10:00,9.3711,10.994,KHT-XE5S_2025_0526_1101,0.0,0.5
KHT-XE5S,2025-09-21 01:20:00,9.3715,10.993,KHT-XE5S_2025_0526_1101,9.999999999994457e-05,0.5
KHT-XE5S,2025-09-21 01:30:00,9.3722,10.995,KHT-XE5S_2025_0526_1101,0.00019999999999988915,0.5
KHT-XE5S,2025-09-21 01:40:00,9.3728,10.995,KHT-XE5S_2025_0526_1101,0.0,0.5
KHT-XE5S,2025-09-21 01:50:00,9.3732,10.994,KHT-XE5S_2025_0526_1101,9.999999999994457e-05,0.5
KHT-XE5S,2025-09-21 02:00:00,9.3732,10.993,KHT-XE5S_2025_0526_1101,9.999999999994457e-05,0.5
KHT-XE5S,2025-09-21 02:10:00,9.3726,10.995,KHT-XE5S_2025_0526_1101,0.00019999999999988915,0.5
KHT-XE5S,2025-09-21 02:20:00,9.3727,10.993,KHT-XE5S_2025_0526_1101,0.00019999999999988915,0.5
KHT-XE5S,2025-09-21 02:30:00,9.3726,10.993,KHT-XE5S_2025_0526_1101,0.0,0.5
KHT-XE5S,2025-09-21 02:40:00,9.3723,10.994,KHT-XE5S_2025_0526_1101,9.999999999994457e-05,0.5
KHT-XE5S,2025-09-21 02:50:00,9.3716,10.994,KHT-XE5S_2025_0526_1101,0.0,0.5
KHT-XE5S,2025-09-21 03:00:00,9.3718,10.994,KHT-XE5S_2025_0526_1101,0.0,0.5
KHT-XE5S,2025-09-21 03:10:00,9.3721,10.995,KHT-XE5S_2025_0526_1101,9.999999999994457e-05,0.5
KHT-XE5S,2025-09-21 03:20:00,9.3725,10.994,KHT-XE5S_2025_0526_1101,9.999999999994457e-05,0.5
KHT-XE5S,2025-09-21 03:30:00,9.3728,10.995,KHT-XE5S_2025_0526_1101,9.999999999994457e-05,0.5
KHT-XE5S,2025-09-21 03:40:00,9.3728,10.993,KHT-XE5S_2025_0526_1101,0.00019999999999988915,0.5
KHT-XE5S,2025-09-21 03:50:00,9.3726,10.992,KHT-XE5S_2025_0526_1101,9.999999999994457e-05,0.5
KHT-XE5S,2025-09-21 04:00:00,9.3725,10.992,KHT-XE5S_2025_0526_1101,0.0,0.5
KHT-XE5S,2025-09-21 04:10:00,9.3722,10.992,KHT-XE5S_2025_0526_1101,0.0,0.5
KHT-XE5S,2025-09-21 04:20:00,9.3726,10.995,KHT-XE5S_2025_0526_1101,0.0002999999999998337,0.5
KHT-XE5S,2025-09-21 04:30:00,9.3724,10.992,KHT-XE5S_2025_0526_1101,0.0002999999999998337,0.5
KHT-XE5S,2025-09-21 04:40:00,9.3727,10.992,KHT-XE5S_2025_0526_1101,0.0,0.5
KHT-XE5S,2025-09-21 04:50:00,9.3726,10.994,KHT-XE5S_2025_0526_1101,0.00019999999999988915,0.5
KHT-XE5S,2025-09-21 05:00:00,9.3732,10.994,KHT-XE5S_2025_0526_1101,0.0,0.5
KHT-XE5S,2025-09-21 05:10:00,9.3722,10.994,KHT-XE5S_2025_0526_1101,0.0,0.5
KHT-XE5S,2025-09-21 05:20:00,9.3725,10.993,KHT-XE5S_2025_0526_1101,9.999999999994457e-05,0.5
KHT-XE5S,2025-09-21 05:30:00,9.373,10.994,KHT-XE5S_2025_0526_1101,9.999999999994457e-05,0.5
KHT-XE5S,2025-09-21 05:40:00,9.3738,10.995,KHT-XE5S_2025_0526_1101,9.999999999994457e-05,0.5
KHT-XE5S,2025-09-21 05:50:00,9.3737,10.992,KHT-XE5S_2025_0526_1101,0.0002999999999998337,0.5
KHT-XE5S,2025-09-21 06:00:00,9.3737,10.993,KHT-XE5S_2025_0526_1101,9.999999999994457e-05,0.5
KHT-XE5S,2025-09-21 06:10:00,9.3738,10.992,KHT-XE5S_2025_0526_1101,9.999999999994457e-05,0.5
KHT-XE5S,2025-09-21 06:20:00,9.3741,10.993,KHT-XE5S_2025_0526_1101,9.999999999994457e-05,0.5
KHT-XE5S,2025-09-21 06:30:00,9.3749,10.995,KHT-XE5S_2025_0526_1101,0.00019999999999988915,0.5
KHT-XE5S,2025-09-21 06:40:00,9.3756,10.991,KHT-XE5S_2025_0526_1101,0.00039999999999995595,0.5
KHT-XE5S,2025-09-21 06:50:00,9.3765,10.994,KHT-XE5S_2025_0526_1101,0.00030000000000001136,0.5
KHT-XE5S,2025-09-21 07:00:00,9.3762,10.992,KHT-XE5S_2025_0526_1101,0.00019999999999988915,0.5
KHT-XE5S,2025-09-21 07:10:00,9.3768,10.992,KHT-XE5S_2025_0526_1101,0.0,0.5
KHT-XE5S,2025-09-21 07:20:00,9.3772,10.993,KHT-XE5S_2025_0526_1101,9.999999999994457e-05,0.5
KHT-XE5S,2025-09-21 07:30:00,9.3777,10.994,KHT-XE5S_2025_0526_1101,9.999999999994457e-05,0.5
KHT-XE5S,2025-09-21 07:40:00,9.3782,10.994,KHT-XE5S_2025_0526_1101,0.0,0.5
KHT-XE5S,2025-09-21 07:50:00,9.379,10.994,KHT-XE5S_2025_0526_1101,0.0,0.5
KHT-XE5S,2025-09-21 08:00:00,9.3789,10.992,KHT-XE5S_2025_0526_1101,0.00019999999999988915,0.5
KHT-XE5S,2025-09-21 08:10:00,9.379,10.992,KHT-XE5S_2025_0526_1101,0.0,0.5
KHT-XE5S,2025-09-21 08:20:00,9.3785,10.992,KHT-XE5S_2025_0526_1101,0.0,0.5
KHT-XE5S,2025-09-21 08:30:00,9.3785,10.993,KHT-XE5S_2025_0526_1101,9.999999999994457e-05,0.5
KHT-XE5S,2025-09-21 08:40:00,9.3786,10.994,KHT-XE5S_2025_0526_1101,9.999999999994457e-05,0.5
KHT-XE5S,2025-09-21 08:50:00,9.3793,10.994,KHT-XE5S_2025_0526_1101,0.0,0.5
KHT-XE5S,2025-09-21 09:00:00,9.3793,10.994,KHT-XE5S_2025_0526_1101,0.0,0.5
KHT-XE5S,2025-09-21 09:10:00,9.3798,10.993,KHT-XE5S_2025_0526_1101,9.999999999994457e-05,0.5
KHT-XE5S,2025-09-21 09:20:00,9.38,10.992,KHT-XE5S_2025_0526_1101,9.999999999994457e-05,0.5
KHT-XE5S,2025-09-21 09:30:00,9.3787,10.994,KHT-XE5S_2025_0526_1101,0.00019999999999988915,0.5
KHT-XE5S,2025-09-21 09:40:00,9.3778,10.991,KHT-XE5S_2025_0526_1101,0.00030000000000001136,0.5
KHT-XE5S,2025-09-21 09:50:00,9.3776,10.992,KHT-XE5S_2025_0526_1101,0.00010000000000012221,0.5
KHT-XE5S,2025-09-21 10:00:00,9.3774,10.994,KHT-XE5S_2025_0526_1101,0.00019999999999988915,0.5
KHT-XE5S,2025-09-21 10:10:00,9.3762,10.991,KHT-XE5S_2025_0526_1101,0.00030000000000001136,0.5
KHT-XE5S,2025-09-21 10:20:00,9.3753,10.993,KHT-XE5S_2025_0526_1101,0.0002000000000000668,0.5
KHT-XE5S,2025-09-21 10:30:00,9.3748,10.992,KHT-XE5S_2025_0526_1101,9.999999999994457e-05,0.5
KHT-XE5S,2025-09-21 10:40:00,9.3733,10.994,KHT-XE5S_2025_0526_1101,0.00019999999999988915,0.5
KHT-XE5S,2025-09-21 10:50:00,9.3719,10.995,KHT-XE5S_2025_0526_1101,9.999999999994457e-05,0.5
KHT-XE5S,2025-09-21 11:00:00,9.3712,10.992,KHT-XE5S_2025_0526_1101,0.0002999999999998337,0.5
KHT-XE5S,2025-09-21 11:10:00,9.3697,10.992,KHT-XE5S_2025_0526_1101,0.0,0.5
KHT-XE5S,2025-09-21 11:20:00,9.3682,10.993,KHT-XE5S_2025_0526_1101,9.999999999994457e-05,0.5
KHT-XE5S,2025-09-21 11:30:00,9.3662,10.994,KHT-XE5S_2025_0526_1101,9.999999999994457e-05,0.5
KHT-XE5S,2025-09-21 11:40:00,9.3645,10.994,KHT-XE5S_2025_0526_1101,0.0,0.5
KHT-XE5S,2025-09-21 11:50:00,9.3633,10.993,KHT-XE5S_2025_0526_1101,9.999999999994457e-05,0.5
KHT-XE5S,2025-09-21 12:00:00,9.3623,10.994,KHT-XE5S_2025_0526_1101,9.999999999994457e-05,0.5
KHT-XE5S,2025-09-21 12:10:00,9.3614,10.991,KHT-XE5S_2025_0526_1101,0.00030000000000001136,0.5
KHT-XE5S,2025-09-21 12:20:00,9.3606,10.993,KHT-XE5S_2025_0526_1101,0.0002000000000000668,0.5
KHT-XE5S,2025-09-21 12:30:00,9.3593,10.993,KHT-XE5S_2025_0526_1101,0.0,0.5
KHT-XE5S,2025-09-21 12:40:00,9.3591,10.993,KHT-XE5S_2025_0526_1101,0.0,0.5
KHT-XE5S,2025-09-21 12:50:00,9.3579,10.992,KHT-XE5S_2025_0526_1101,9.999999999994457e-05,0.5
KHT-XE5S,2025-09-21 13:00:00,9.358,10.992,KHT-XE5S_2025_0526_1101,0.0,0.5
KHT-XE5S,2025-09-21 13:10:00,9.3568,10.992,KHT-XE5S_2025_0526_1101,0.0,0.5
KHT-XE5S,2025-09-21 13:20:00,9.3548,10.992,KHT-XE5S_2025_0526_1101,0.0,0.5
KHT-XE5S,2025-09-21 13:30:00,9.3538,10.991,KHT-XE5S_2025_0526_1101,0.00010000000000012221,0.5
KHT-XE5S,2025-09-21 13:40:00,9.3522,10.992,KHT-XE5S_2025_0526_1101,0.00010000000000012221,0.5
KHT-XE5S,2025-09-21 13:50:00,9.351,10.991,KHT-XE5S_2025_0526_1101,0.00010000000000012221,0.5
KHT-XE5S,2025-09-21 14:00:00,9.3484,10.993,KHT-XE5S_2025_0526_1101,0.0002000000000000668,0.5
KHT-XE5S,2025-09-21 14:10:00,9.347,10.994,KHT-XE5S_2025_0526_1101,9.999999999994457e-05,0.5
KHT-XE5S,2025-09-21 14:20:00,9.3456,10.991,KHT-XE5S_2025_0526_1101,0.00030000000000001136,0.5
KHT-XE5S,2025-09-21 14:30:00,9.3446,10.991,KHT-XE5S_2025_0526_1101,0.0,0.5
KHT-XE5S,2025-09-21 14:40:00,9.3432,10.992,KHT-XE5S_2025_0526_1101,0.00010000000000012221,0.5
KHT-XE5S,2025-09-21 14:50:00,9.342,10.994,KHT-XE5S_2025_0526_1101,0.00019999999999988915,0.5
KHT-XE5S,2025-09-21 15:00:00,9.3406,10.993,KHT-XE5S_2025_0526_1101,9.999999999994457e-05,0.5
KHT-XE5S,2025-09-21 15:10:00,9.3402,10.991,KHT-XE5S_2025_0526_1101,0.0002000000000000668,0.5
KHT-XE5S,2025-09-21 15:20:00,9.3392,10.993,KHT-XE5S_2025_0526_1101,0.0002000000000000668,0.5
KHT-XE5S,2025-09-21 15:30:00,9.3389,10.992,KHT-XE5S_2025_0526_1101,9.999999999994457e-05,0.5
KHT-XE5S,2025-09-21 15:40:00,9.3376,10.995,KHT-XE5S_2025_0526_1101,0.0002999999999998337,0.5
KHT-XE5S,2025-09-21 15:50:00,9.3366,10.993,KHT-XE5S_2025_0526_1101,0.00019999999999988915,0.5
KHT-XE5S,2025-09-21 16:00:00,9.3358,10.994,KHT-XE5S_2025_0526_1101,9.999999999994457e-05,0.5
KHT-XE5S,2025-09-21 16:10:00,9.336,10.992,KHT-XE5S_2025_0526_1101,0.00019999999999988915,0.5
KHT-XE5S,2025-09-21 16:20:00,9.3356,10.992,KHT-XE5S_2025_0526_1101,0.0,0.5
KHT-XE5S,2025-09-21 16:30:00,9.3345,10.994,KHT-XE5S_2025_0526_1101,0.00019999999999988915,0.5
KHT-XE5S,2025-09-21 16:40:00,9.3337,10.991,KHT-XE5S_2025_0526_1101,0.00030000000000001136,0.5
KHT-XE5S,2025-09-21 16:50:00,9.3331,10.991,KHT-XE5S_2025_0526_1101,0.0,0.5
KHT-XE5S,2025-09-21 17:00:00,9.3333,10.993,KHT-XE5S_2025_0526_1101,0.0002000000000000668,0.5
KHT-XE5S,2025-09-21 17:10:00,9.3336,10.994,KHT-XE5S_2025_0526_1101,9.999999999994457e-05,0.5
KHT-XE5S,2025-09-21 17:20:00,9.3342,10.993,KHT-XE5S_2025_0526_1101,9.999999999994457e-05,0.5
KHT-XE5S,2025-09-21 17:30:00,9.3342,10.991,KHT-XE5S_2025_0526_1101,0.0002000000000000668,0.5
KHT-XE5S,2025-09-21 17:40:00,9.3346,10.993,KHT-XE5S_2025_0526_1101,0.0002000000000000668,0.5
KHT-XE5S,2025-09-21 17:50:00,9.3351,10.993,KHT-XE5S_2025_0526_1101,0.0,0.5
KHT-XE5S,2025-09-21 18:00:00,9.3364,10.992,KHT-XE5S_2025_0526_1101,9.999999999994457e-05,0.5
KHT-XE5S,2025-09-21 18:10:00,9.3373,10.99,KHT-XE5S_2025_0526_1101,0.0002000000000000668,0.5
KHT-XE5S,2025-09-21 18:20:00,9.3379,10.991,KHT-XE5S_2025_0526_1101,9.999999999994457e-05,0.5
KHT-XE5S,2025-09-21 18:30:00,9.3383,10.992,KHT-XE5S_2025_0526_1101,0.00010000000000012221,0.5
KHT-XE5S,2025-09-21 18:40:00,9.3393,10.992,KHT-XE5S_2025_0526_1101,0.0,0.5
KHT-XE5S,2025-09-21 18:50:00,9.3401,10.992,KHT-XE5S_2025_0526_1101,0.0,0.5
KHT-XE5S,2025-09-21 19:00:00,9.3402,10.991,KHT-XE5S_2025_0526_1101,0.00010000000000012221,0.5
KHT-XE5S,2025-09-21 19:10:00,9.3415,10.991,KHT-XE5S_2025_0526_1101,0.0,0.5
KHT-XE5S,2025-09-21 19:20:00,9.3428,10.992,KHT-XE5S_2025_0526_1101,0.00010000000000012221,0.5
KHT-XE5S,2025-09-21 19:30:00,9.3435,10.992,KHT-XE5S_2025_0526_1101,0.0,0.5
KHT-XE5S,2025-09-21 19:40:00,9.3436,10.99,KHT-XE5S_2025_0526_1101,0.0002000000000000668,0.5
KHT-XE5S,2025-09-21 19:50:00,9.3459,10.99,KHT-XE5S_2025_0526_1101,0.0,0.5
KHT-XE5S,2025-09-21 20:00:00,9.346,10.992,KHT-XE5S_2025_0526_1101,0.0002000000000000668,0.5
KHT-XE5S,2025-09-21 20:10:00,9.3472,10.992,KHT-XE5S_2025_0526_1101,0.0,0.5
KHT-XE5S,2025-09-21 20:20:00,9.3493,10.99,KHT-XE5S_2025_0526_1101,0.0002000000000000668,0.5
KHT-XE5S,2025-09-21 20:30:00,9.3494,10.992,KHT-XE5S_2025_0526_1101,0.0002000000000000668,0.5
KHT-XE5S,2025-09-21 20:40:00,9.3505,10.991,KHT-XE5S_2025_0526_1101,0.00010000000000012221,0.5
KHT-XE5S,2025-09-21 20:50:00,9.351,10.992,KHT-XE5S_2025_0526_1101,0.00010000000000012221,0.5
KHT-XE5S,2025-09-21 21:00:00,9.3531,10.991,KHT-XE5S_2025_0526_1101,0.00010000000000012221,0.5
KHT-XE5S,2025-09-21 21:10:00,9.3536,10.991,KHT-XE5S_2025_0526_1101,0.0,0.5
KHT-XE5S,2025-09-21 21:20:00,9.3554,10.992,KHT-XE5S_2025_0526_1101,0.00010000000000012221,0.5
KHT-XE5S,2025-09-21 21:30:00,9.3569,10.991,KHT-XE5S_2025_0526_1101,0.00010000000000012221,0.5
KHT-XE5S,2025-09-21 21:40:00,9.3589,10.991,KHT-XE5S_2025_0526_1101,0.0,0.5
KHT-XE5S,2025-09-21 21:50:00,9.36,10.992,KHT-XE5S_2025_0526_1101,0.00010000000000012221,0.5
KHT-XE5S,2025-09-21 22:00:00,9.3598,10.991,KHT-XE5S_2025_0526_1101,0.00010000000000012221,0.5
KHT-XE5S,2025-09-21 22:10:00,9.3606,10.991,KHT-XE5S_2025_0526_1101,0.0,0.5
KHT-XE5S,2025-09-21 22:20:00,9.3615,10.991,KHT-XE5S_2025_0526_1101,0.0,0.5
KHT-XE5S,2025-09-21 22:30:00,9.3607,10.993,KHT-XE5S_2025_0526_1101,0.0002000000000000668,0.5
KHT-XE5S,2025-09-21 22:40:00,9.3619,10.99,KHT-XE5S_2025_0526_1101,0.00030000000000001136,0.5
KHT-XE5S,2025-09-21 22:50:00,9.3627,10.99,KHT-XE5S_2025_0526_1101,0.0,0.5
KHT-XE5S,2025-09-21 23:00:00,9.3631,10.99,KHT-XE5S_2025_0526_1101,0.0,0.5
KHT-XE5S,2025-09-21 23:10:00,9.3627,10.99,KHT-XE5S_2025_0526_1101,0.0,0.5
KHT-XE5S,2025-09-21 23:20:00,9.3635,10.991,KHT-XE5S_2025_0526_1101,9.999999999994457e-05,0.5
KHT-XE5S,2025-09-21 23:30:00,9.3642,10.99,KHT-XE5S_2025_0526_1101,9.999999999994457e-05,0.5
KHT-XE5S,2025-09-21 23:40:00,9.3645,10.991,KHT-XE5S_2025_0526_1101,9.999999999994457e-05,0.5
KHT-XE5S,2025-09-21 23:50:00,9.3657,10.992,KHT-XE5S_2025_0526_1101,0.00010000000000012221,0.5
KHT-XE5S,2025-09-22 00:00:00,9.3657,10.992,KHT-XE5S_2025_0526_1101,0.0,0.5
KHT-XE5S,2025-09-22 00:10:00,9.3655,10.99,KHT-XE5S_2025_0526_1101,0.0002000000000000668,0.5
KHT-XE5S,2025-09-22 00:20:00,9.3656,10.991,KHT-XE5S_2025_0526_1101,9.999999999994457e-05,0.5
KHT-XE5S,2025-09-22 00:30:00,9.3656,10.991,KHT-XE5S_2025_0526_1101,0.0,0.5
KHT-XE5S,2025-09-22 00:40:00,9.3665,10.989,KHT-XE5S_2025_0526_1101,0.00019999999999988915,0.5
KHT-XE5S,2025-09-22 00:50:00,9.3663,10.991,KHT-XE5S_2025_0526_1101,0.00019999999999988915,0.5
KHT-XE5S,2025-09-22 01:00:00,9.3664,10.991,KHT-XE5S_2025_0526_1101,0.0,0.5
KHT-XE5S,2025-09-22 01:10:00,9.3681,10.992,KHT-XE5S_2025_0526_1101,0.00010000000000012221,0.5
KHT-XE5S,2025-09-22 01:20:00,9.369,10.992,KHT-XE5S_2025_0526_1101,0.0,0.5
KHT-XE5S,2025-09-22 01:30:00,9.3696,10.992,KHT-XE5S_2025_0526_1101,0.0,0.5
KHT-XE5S,2025-09-22 01:40:00,9.3707,10.992,KHT-XE5S_2025_0526_1101,0.0,0.5
KHT-XE5S,2025-09-22 01:50:00,9.3707,10.992,KHT-XE5S_2025_0526_1101,0.0,0.5
KHT-XE5S,2025-09-22 02:00:00,9.3709,10.992,KHT-XE5S_2025_0526_1101,0.0,0.5
KHT-XE5S,2025-09-22 02:10:00,9.3709,10.991,KHT-XE5S_2025_0526_1101,0.00010000000000012221,0.5
KHT-XE5S,2025-09-22 02:20:00,9.3713,10.992,KHT-XE5S_2025_0526_1101,0.00010000000000012221,0.5
KHT-XE5S,2025-09-22 02:30:00,9.3713,10.991,KHT-XE5S_2025_0526_1101,0.00010000000000012221,0.5
KHT-XE5S,2025-09-22 02:40:00,9.3704,10.99,KHT-XE5S_2025_0526_1101,9.999999999994457e-05,0.5
KHT-XE5S,2025-09-22 02:50:00,9.3711,10.99,KHT-XE5S_2025_0526_1101,0.0,0.5
KHT-XE5S,2025-09-22 03:00:00,9.3718,10.99,KHT-XE5S_2025_0526_1101,0.0,0.5
KHT-XE5S,2025-09-22 03:10:00,9.3714,10.99,KHT-XE5S_2025_0526_1101,0.0,0.5
KHT-XE5S,2025-09-22 03:20:00,9.3721,10.991,KHT-XE5S_2025_0526_1101,9.999999999994457e-05,0.5
KHT-XE5S,2025-09-22 03:30:00,9.3726,10.991,KHT-XE5S_2025_0526_1101,0.0,0.5
KHT-XE5S,2025-09-22 03:40:00,9.3736,10.99,KHT-XE5S_2025_0526_1101,9.999999999994457e-05,0.5
KHT-XE5S,2025-09-22 03:50:00,9.373,10.992,KHT-XE5S_2025_0526_1101,0.0002000000000000668,0.5
KHT-XE5S,2025-09-22 04:00:00,9.373,10.991,KHT-XE5S_2025_0526_1101,0.00010000000000012221,0.5
KHT-XE5S,2025-09-22 04:10:00,9.3735,10.991,KHT-XE5S_2025_0526_1101,0.0,0.5
KHT-XE5S,2025-09-22 04:20:00,9.3741,10.991,KHT-XE5S_2025_0526_1101,0.0,0.5
KHT-XE5S,2025-09-22 04:30:00,9.3736,10.991,KHT-XE5S_2025_0526_1101,0.0,0.5
KHT-XE5S,2025-09-22 04:40:00,9.3739,10.99,KHT-XE5S_2025_0526_1101,9.999999999994457e-05,0.5
KHT-XE5S,2025-09-22 04:50:00,9.3745,10.991,KHT-XE5S_2025_0526_1101,9.999999999994457e-05,0.5
KHT-XE5S,2025-09-22 05:00:00,9.3744,10.992,KHT-XE5S_2025_0526_1101,0.00010000000000012221,0.5
KHT-XE5S,2025-09-22 05:10:00,9.3751,10.991,KHT-XE5S_2025_0526_1101,0.00010000000000012221,0.5
KHT-XE5S,2025-09-22 05:20:00,9.3756,10.992,KHT-XE5S_2025_0526_1101,0.00010000000000012221,0.5
KHT-XE5S,2025-09-22 05:30:00,9.376,10.99,KHT-XE5S_2025_0526_1101,0.0002000000000000668,0.5
KHT-XE5S,2025-09-22 05:40:00,9.3764,10.991,KHT-XE5S_2025_0526_1101,9.999999999994457e-05,0.5
KHT-XE5S,2025-09-22 05:50:00,9.3768,10.992,KHT-XE5S_2025_0526_1101,0.00010000000000012221,0.5
KHT-XE5S,2025-09-22 06:00:00,9.3777,10.992,KHT-XE5S_2025_0526_1101,0.0,0.5
KHT-XE5S,2025-09-22 06:10:00,9.3776,10.988,KHT-XE5S_2025_0526_1101,0.0004000000000001336,0.5
KHT-XE5S,2025-09-22 06:20:00,9.378,10.993,KHT-XE5S_2025_0526_1101,0.0005000000000000782,0.5
KHT-XE5S,2025-09-22 06:30:00,9.3788,10.99,KHT-XE5S_2025_0526_1101,0.00030000000000001136,0.5
KHT-XE5S,2025-09-22 06:40:00,9.3802,10.99,KHT-XE5S_2025_0526_1101,0.0,0.5
KHT-XE5S,2025-09-22 06:50:00,9.3813,10.989,KHT-XE5S_2025_0526_1101,9.999999999994457e-05,0.5
KHT-XE5S,2025-09-22 07:00:00,9.3836,10.991,KHT-XE5S_2025_0526_1101,0.00019999999999988915,0.5
KHT-XE5S,2025-09-22 07:10:00,9.3835,10.99,KHT-XE5S_2025_0526_1101,9.999999999994457e-05,0.5
KHT-XE5S,2025-09-22 07:20:00,9.3838,10.99,KHT-XE5S_2025_0526_1101,0.0,0.5
KHT-XE5S,2025-09-22 07:30:00,9.385,10.992,KHT-XE5S_2025_0526_1101,0.0002000000000000668,0.5
KHT-XE5S,2025-09-22 07:40:00,9.3848,10.991,KHT-XE5S_2025_0526_1101,0.00010000000000012221,0.5
KHT-XE5S,2025-09-22 07:50:00,9.3849,10.99,KHT-XE5S_2025_0526_1101,9.999999999994457e-05,0.5
KHT-XE5S,2025-09-22 08:00:00,9.3852,10.991,KHT-XE5S_2025_0526_1101,9.999999999994457e-05,0.5
KHT-XE5S,2025-09-22 08:10:00,9.3858,10.99,KHT-XE5S_2025_0526_1101,9.999999999994457e-05,0.5
KHT-XE5S,2025-09-22 08:20:00,9.3864,10.992,KHT-XE5S_2025_0526_1101,0.0002000000000000668,0.5
KHT-XE5S,2025-09-22 08:30:00,9.3861,10.992,KHT-XE5S_2025_0526_1101,0.0,0.5
KHT-XE5S,2025-09-22 08:40:00,9.386,10.991,KHT-XE5S_2025_0526_1101,0.00010000000000012221,0.5
KHT-XE5S,2025-09-22 08:50:00,9.3861,10.989,KHT-XE5S_2025_0526_1101,0.00019999999999988915,0.5
KHT-XE5S,2025-09-22 09:00:00,9.3861,10.99,KHT-XE5S_2025_0526_1101,9.999999999994457e-05,0.5
KHT-XE5S,2025-09-22 09:10:00,9.3858,10.991,KHT-XE5S_2025_0526_1101,9.999999999994457e-05,0.5
KHT-XE5S,2025-09-22 09:20:00,9.3858,10.99,KHT-XE5S_2025_0526_1101,9.999999999994457e-05,0.5
KHT-XE5S,2025-09-22 09:30:00,9.386,10.99,KHT-XE5S_2025_0526_1101,0.0,0.5
KHT-XE5S,2025-09-22 09:40:00,9.3858,10.99,KHT-XE5S_2025_0526_1101,0.0,0.5
KHT-XE5S,2025-09-22 09:50:00,9.3856,10.991,KHT-XE5S_2025_0526_1101,9.999999999994457e-05,0.5
KHT-XE5S,2025-09-22 10:00:00,9.3846,10.993,KHT-XE5S_2025_0526_1101,0.0002000000000000668,0.5
KHT-XE5S,2025-09-22 10:10:00,9.3832,10.991,KHT-XE5S_2025_0526_1101,0.0002000000000000668,0.5
KHT-XE5S,2025-09-22 10:20:00,9.3825,10.99,KHT-XE5S_2025_0526_1101,9.999999999994457e-05,0.5
KHT-XE5S,2025-09-22 10:30:00,9.3813,10.989,KHT-XE5S_2025_0526_1101,9.999999999994457e-05,0.5
KHT-XE5S,2025-09-22 10:40:00,9.3805,10.99,KHT-XE5S_2025_0526_1101,9.999999999994457e-05,0.5
KHT-XE5S,2025-09-22 10:50:00,9.379,10.991,KHT-XE5S_2025_0526_1101,9.999999999994457e-05,0.5
KHT-XE5S,2025-09-22 11:00:00,9.3782,10.99,KHT-XE5S_2025_0526_1101,9.999999999994457e-05,0.5
KHT-XE5S,2025-09-22 11:10:00,9.3764,10.989,KHT-XE5S_2025_0526_1101,9.999999999994457e-05,0.5
KHT-XE5S,2025-09-22 11:20:00,9.3755,10.992,KHT-XE5S_2025_0526_1101,0.00030000000000001136,0.5
KHT-XE5S,2025-09-22 11:30:00,9.3742,10.989,KHT-XE5S_2025_0526_1101,0.00030000000000001136,0.5
KHT-XE5S,2025-09-22 11:40:00,9.3724,10.99,KHT-XE5S_2025_0526_1101,9.999999999994457e-05,0.5
KHT-XE5S,2025-09-22 11:50:00,9.3707,10.99,KHT-XE5S_2025_0526_1101,0.0,0.5
KHT-XE5S,2025-09-22 12:00:00,9.3692,10.99,KHT-XE5S_2025_0526_1101,0.0,0.5
KHT-XE5S,2025-09-22 12:10:00,9.368,10.991,KHT-XE5S_2025_0526_1101,9.999999999994457e-05,0.5
KHT-XE5S,2025-09-22 12:20:00,9.3659,10.991,KHT-XE5S_2025_0526_1101,0.0,0.5
KHT-XE5S,2025-09-22 12:30:00,9.3642,10.99,KHT-XE5S_2025_0526_1101,9.999999999994457e-05,0.5
KHT-XE5S,2025-09-22 12:40:00,9.3629,10.991,KHT-XE5S_2025_0526_1101,9.999999999994457e-05,0.5
KHT-XE5S,2025-09-22 12:50:00,9.3612,10.994,KHT-XE5S_2025_0526_1101,0.00030000000000001136,0.5
KHT-XE5S,2025-09-22 13:00:00,9.3599,10.991,KHT-XE5S_2025_0526_1101,0.00030000000000001136,0.5
KHT-XE5S,2025-09-22 13:10:00,9.3569,10.99,KHT-XE5S_2025_0526_1101,9.999999999994457e-05,0.5
KHT-XE5S,2025-09-22 13:20:00,9.3553,10.991,KHT-XE5S_2025_0526_1101,9.999999999994457e-05,0.5
KHT-XE5S,2025-09-22 13:30:00,9.3536,10.991,KHT-XE5S_2025_0526_1101,0.0,0.5
KHT-XE5S,2025-09-22 13:40:00,9.3525,10.99,KHT-XE5S_2025_0526_1101,9.999999999994457e-05,0.5
KHT-XE5S,2025-09-22 13:50:00,9.3505,10.991,KHT-XE5S_2025_0526_1101,9.999999999994457e-05,0.5
KHT-XE5S,2025-09-22 14:00:00,9.3486,10.99,KHT-XE5S_2025_0526_1101,9.999999999994457e-05,0.5
KHT-XE5S,2025-09-22 14:10:00,9.3467,10.99,KHT-XE5S_2025_0526_1101,0.0,0.5
KHT-XE5S,2025-09-22 14:20:00,9.345,10.992,KHT-XE5S_2025_0526_1101,0.0002000000000000668,0.5
KHT-XE5S,2025-09-22 14:30:00,9.3443,10.991,KHT-XE5S_2025_0526_1101,0.00010000000000012221,0.5
KHT-XE5S,2025-09-22 14:40:00,9.3421,10.992,KHT-XE5S_2025_0526_1101,0.00010000000000012221,0.5
KHT-XE5S,2025-09-22 14:50:00,9.3415,10.992,KHT-XE5S_2025_0526_1101,0.0,0.5
KHT-XE5S,2025-09-22 15:00:00,9.3397,10.991,KHT-XE5S_2025_0526_1101,0.00010000000000012221,0.5
KHT-XE5S,2025-09-22 15:10:00,9.3384,10.991,KHT-XE5S_2025_0526_1101,0.0,0.5
KHT-XE5S,2025-09-22 15:20:00,9.3384,10.993,KHT-XE5S_2025_0526_1101,0.0002000000000000668,0.5
KHT-XE5S,2025-09-22 15:30:00,9.3374,10.994,KHT-XE5S_2025_0526_1101,9.999999999994457e-05,0.5
KHT-XE5S,2025-09-22 15:40:00,9.3366,10.992,KHT-XE5S_2025_0526_1101,0.00019999999999988915,0.5
KHT-XE5S,2025-09-22 15:50:00,9.3356,10.992,KHT-XE5S_2025_0526_1101,0.0,0.5
KHT-XE5S,2025-09-22 16:00:00,9.3352,10.991,KHT-XE5S_2025_0526_1101,0.00010000000000012221,0.5
KHT-XE5S,2025-09-22 16:10:00,9.3341,10.991,KHT-XE5S_2025_0526_1101,0.0,0.5
KHT-XE5S,2025-09-22 16:20:00,9.3336,10.993,KHT-XE5S_2025_0526_1101,0.0002000000000000668,0.5
KHT-XE5S,2025-09-22 16:30:00,9.3332,10.992,KHT-XE5S_2025_0526_1101,9.999999999994457e-05,0.5
KHT-XE5S,2025-09-22 16:40:00,9.3328,10.992,KHT-XE5S_2025_0526_1101,0.0,0.5
KHT-XE5S,2025-09-22 16:50:00,9.3316,10.992,KHT-XE5S_2025_0526_1101,0.0,0.5
KHT-XE5S,2025-09-22 17:00:00,9.3323,10.994,KHT-XE5S_2025_0526_1101,0.00019999999999988915,0.5
KHT-XE5S,2025-09-22 17:10:00,9.3316,10.992,KHT-XE5S_2025_0526_1101,0.00019999999999988915,0.5
KHT-XE5S,2025-09-22 17:20:00,9.3318,10.992,KHT-XE5S_2025_0526_1101,0.0,0.5
KHT-XE5S,2025-09-22 17:30:00,9.3316,10.994,KHT-XE5S_2025_0526_1101,0.00019999999999988915,0.5
KHT-XE5S,2025-09-22 17:40:00,9.3325,10.993,KHT-XE5S_2025_0526_1101,9.999999999994457e-05,0.5
KHT-XE5S,2025-09-22 17:50:00,9.3329,10.994,KHT-XE5S_2025_0526_1101,9.999999999994457e-05,0.5
KHT-XE5S,2025-09-22 18:00:00,9.3341,10.993,KHT-XE5S_2025_0526_1101,9.999999999994457e-05,0.5
KHT-XE5S,2025-09-22 18:10:00,9.3351,10.992,KHT-XE5S_2025_0526_1101,9.999999999994457e-05,0.5
KHT-XE5S,2025-09-22 18:20:00,9.336,10.991,KHT-XE5S_2025_0526_1101,0.00010000000000012221,0.5
KHT-XE5S,2025-09-22 18:30:00,9.337,10.99,KHT-XE5S_2025_0526_1101,9.999999999994457e-05,0.5
KHT-XE5S,2025-09-22 18:40:00,9.3378,10.989,KHT-XE5S_2025_0526_1101,9.999999999994457e-05,0.5
KHT-XE5S,2025-09-22 18:50:00,9.3394,10.99,KHT-XE5S_2025_0526_1101,9.999999999994457e-05,0.5
KHT-XE5S,2025-09-22 19:00:00,9.3406,10.99,KHT-XE5S_2025_0526_1101,0.0,0.5
KHT-XE5S,2025-09-22 19:10:00,9.342,10.991,KHT-XE5S_2025_0526_1101,9.999999999994457e-05,0.5
KHT-XE5S,2025-09-22 19:20:00,9.3435,10.99,KHT-XE5S_2025_0526_1101,9.999999999994457e-05,0.5
KHT-XE5S,2025-09-22 19:30:00,9.3452,10.991,KHT-XE5S_2025_0526_1101,9.999999999994457e-05,0.5
KHT-XE5S,2025-09-22 19:40:00,9.3471,10.992,KHT-XE5S_2025_0526_1101,0.00010000000000012221,0.5
KHT-XE5S,2025-09-22 19:50:00,9.3483,10.99,KHT-XE5S_2025_0526_1101,0.0002000000000000668,0.5
KHT-XE5S,2025-09-22 20:00:00,9.3499,10.992,KHT-XE5S_2025_0526_1101,0.0002000000000000668,0.5
KHT-XE5S,2025-09-22 20:10:00,9.3513,10.991,KHT-XE5S_2025_0526_1101,0.00010000000000012221,0.5
KHT-XE5S,2025-09-22 20:20:00,9.3526,10.991,KHT-XE5S_2025_0526_1101,0.0,0.5
KHT-XE5S,2025-09-22 20:30:00,9.3539,10.991,KHT-XE5S_2025_0526_1101,0.0,0.5
KHT-XE5S,2025-09-22 20:40:00,9.3558,10.99,KHT-XE5S_2025_0526_1101,9.999999999994457e-05,0.5
KHT-XE5S,2025-09-22 20:50:00,9.3579,10.99,KHT-XE5S_2025_0526_1101,0.0,0.5
KHT-XE5S,2025-09-22 21:00:00,9.3589,10.992,KHT-XE5S_2025_0526_1101,0.0002000000000000668,0.5
KHT-XE5S,2025-09-22 21:10:00,9.3593,10.991,KHT-XE5S_2025_0526_1101,0.00010000000000012221,0.5
KHT-XE5S,2025-09-22 21:20:00,9.3616,10.991,KHT-XE5S_2025_0526_1101,0.0,0.5
KHT-XE5S,2025-09-22 21:30:00,9.3624,10.992,KHT-XE5S_2025_0526_1101,0.00010000000000012221,0.5
KHT-XE5S,2025-09-22 21:40:00,9.3634,10.993,KHT-XE5S_2025_0526_1101,9.999999999994457e-05,0.5
KHT-XE5S,2025-09-22 21:50:00,9.3638,10.991,KHT-XE5S_2025_0526_1101,0.0002000000000000668,0.5
KHT-XE5S,2025-09-22 22:00:00,9.365,10.991,KHT-XE5S_2025_0526_1101,0.0,0.5
KHT-XE5S,2025-09-22 22:10:00,9.3659,10.991,KHT-XE5S_2025_0526_1101,0.0,0.5
KHT-XE5S,2025-09-22 22:20:00,9.3665,10.991,KHT-XE5S_2025_0526_1101,0.0,0.5
KHT-XE5S,2025-09-22 22:30:00,9.3674,10.992,KHT-XE5S_2025_0526_1101,0.00010000000000012221,0.5
KHT-XE5S,2025-09-22 22:40:00,9.3669,10.99,KHT-XE5S_2025_0526_1101,0.0002000000000000668,0.5
KHT-XE5S,2025-09-22 22:50:00,9.3679,10.99,KHT-XE5S_2025_0526_1101,0.0,0.5
KHT-XE5S,2025-09-22 23:00:00,9.3684,10.993,KHT-XE5S_2025_0526_1101,0.00030000000000001136,0.5
KHT-XE5S,2025-09-22 23:10:00,9.3698,10.99,KHT-XE5S_2025_0526_1101,0.00030000000000001136,0.5
KHT-XE5S,2025-09-22 23:20:00,9.3704,10.991,KHT-XE5S_2025_0526_1101,9.999999999994457e-05,0.5
KHT-XE5S,2025-09-22 23:30:00,9.3713,10.989,KHT-XE5S_2025_0526_1101,0.00019999999999988915,0.5
KHT-XE5S,2025-09-22 23:40:00,9.371,10.99,KHT-XE5S_2025_0526_1101,9.999999999994457e-05,0.5
KHT-XE5S,2025-09-22 23:50:00,9.372,10.99,KHT-XE5S_2025_0526_1101,0.0,0.5
KHT-XE5S,2025-09-23 00:00:00,9.3727,10.99,KHT-XE5S_2025_0526_1101,0.0,0.5
KHT-XE5S,2025-09-23 00:10:00,9.3733,10.99,KHT-XE5S_2025_0526_1101,0.0,0.5
KHT-XE5S,2025-09-23 00:20:00,9.3735,10.992,KHT-XE5S_2025_0526_1101,0.0002000000000000668,0.5
KHT-XE5S,2025-09-23 00:30:00,9.3742,10.99,KHT-XE5S_2025_0526_1101,0.0002000000000000668,0.5
KHT-XE5S,2025-09-23 00:40:00,9.375,10.991,KHT-XE5S_2025_0526_1101,9.999999999994457e-05,0.5
KHT-XE5S,2025-09-23 00:50:00,9.3754,10.99,KHT-XE5S_2025_0526_1101,9.999999999994457e-05,0.5
KHT-XE5S,2025-09-23 01:00:00,9.3758,10.991,KHT-XE5S_2025_0526_1101,9.999999999994457e-05,0.5
KHT-XE5S,2025-09-23 01:10:00,9.3764,10.993,KHT-XE5S_2025_0526_1101,0.0002000000000000668,0.5
KHT-XE5S,2025-09-23 01:20:00,9.3777,10.989,KHT-XE5S_2025_0526_1101,0.00039999999999995595,0.5
KHT-XE5S,2025-09-23 01:30:00,9.3788,10.991,KHT-XE5S_2025_0526_1101,0.00019999999999988915,0.5
KHT-XE5S,2025-09-23 01:40:00,9.3797,10.99,KHT-XE5S_2025_0526_1101,9.999999999994457e-05,0.5
KHT-XE5S,2025-09-23 01:50:00,9.3803,10.989,KHT-XE5S_2025_0526_1101,9.999999999994457e-05,0.5
KHT-XE5S,2025-09-23 02:00:00,9.3811,10.992,KHT-XE5S_2025_0526_1101,0.00030000000000001136,0.5
KHT-XE5S,2025-09-23 02:10:00,9.3816,10.991,KHT-XE5S_2025_0526_1101,0.00010000000000012221,0.5
KHT-XE5S,2025-09-23 02:20:00,9.3816,10.991,KHT-XE5S_2025_0526_1101,0.0,0.5
KHT-XE5S,2025-09-23 02:30:00,9.3809,10.989,KHT-XE5S_2025_0526_1101,0.00019999999999988915,0.5
KHT-XE5S,2025-09-23 02:40:00,9.3814,10.99,KHT-XE5S_2025_0526_1101,9.999999999994457e-05,0.5
KHT-XE5S,2025-09-23 02:50:00,9.3815,10.989,KHT-XE5S_2025_0526_1101,9.999999999994457e-05,0.5
KHT-XE5S,2025-09-23 03:00:00,9.3818,10.991,KHT-XE5S_2025_0526_1101,0.00019999999999988915,0.5
KHT-XE5S,2025-09-23 03:10:00,9.3822,10.991,KHT-XE5S_2025_0526_1101,0.0,0.5
KHT-XE5S,2025-09-23 03:20:00,9.3827,10.991,KHT-XE5S_2025_0526_1101,0.0,0.5
KHT-XE5S,2025-09-23 03:30:00,9.3825,10.99,KHT-XE5S_2025_0526_1101,9.999999999994457e-05,0.5
KHT-XE5S,2025-09-23 03:40:00,9.3831,10.99,KHT-XE5S_2025_0526_1101,0.0,0.5
KHT-XE5S,2025-09-23 03:50:00,9.3833,10.989,KHT-XE5S_2025_0526_1101,9.999999999994457e-05,0.5
KHT-XE5S,2025-09-23 04:00:00,9.3831,10.992,KHT-XE5S_2025_0526_1101,0.00030000000000001136,0.5
KHT-XE5S,2025-09-23 04:10:00,9.3836,10.99,KHT-XE5S_2025_0526_1101,0.0002000000000000668,0.5
KHT-XE5S,2025-09-23 04:20:00,9.3836,10.992,KHT-XE5S_2025_0526_1101,0.0002000000000000668,0.5
KHT-XE5S,2025-09-23 04:30:00,9.384,10.989,KHT-XE5S_2025_0526_1101,0.00030000000000001136,0.5
KHT-XE5S,2025-09-23 04:40:00,9.3841,10.991,KHT-XE5S_2025_0526_1101,0.00019999999999988915,0.5
KHT-XE5S,2025-09-23 04:50:00,9.3844,10.989,KHT-XE5S_2025_0526_1101,0.00019999999999988915,0.5
KHT-XE5S,2025-09-23 05:00:00,9.3853,10.991,KHT-XE5S_2025_0526_1101,0.00019999999999988915,0.5
KHT-XE5S,2025-09-23 05:10:00,9.3856,10.99,KHT-XE5S_2025_0526_1101,9.999999999994457e-05,0.5
KHT-XE5S,2025-09-23 05:20:00,9.3864,10.99,KHT-XE5S_2025_0526_1101,0.0,0.5
KHT-XE5S,2025-09-23 05:30:00,9.3873,10.99,KHT-XE5S_2025_0526_1101,0.0,0.5
KHT-XE5S,2025-09-23 05:40:00,9.3875,10.988,KHT-XE5S_2025_0526_1101,0.0002000000000000668,0.5
KHT-XE5S,2025-09-23 05:50:00,9.3877,10.989,KHT-XE5S_2025_0526_1101,0.00010000000000012221,0.5
KHT-XE5S,2025-09-23 06:00:00,9.3879,10.989,KHT-XE5S_2025_0526_1101,0.0,0.5
KHT-XE5S,2025-09-23 06:10:00,9.3882,10.99,KHT-XE5S_2025_0526_1101,9.999999999994457e-05,0.5
KHT-XE5S,2025-09-23 06:20:00,9.3887,10.991,KHT-XE5S_2025_0526_1101,9.999999999994457e-05,0.5
KHT-XE5S,2025-09-23 06:30:00,9.3894,10.989,KHT-XE5S_2025_0526_1101,0.00019999999999988915,0.5
KHT-XE5S,2025-09-23 06:40:00,9.3905,10.991,KHT-XE5S_2025_0526_1101,0.00019999999999988915,0.5
KHT-XE5S,2025-09-23 06:50:00,9.3918,10.99,KHT-XE5S_2025_0526_1101,9.999999999994457e-05,0.5
KHT-XE5S,2025-09-23 07:00:00,9.3923,10.989,KHT-XE5S_2025_0526_1101,9.999999999994457e-05,0.5
KHT-XE5S,2025-09-23 07:10:00,9.393,10.99,KHT-XE5S_2025_0526_1101,9.999999999994457e-05,0.5
KHT-XE5S,2025-09-23 07:20:00,9.3941,10.992,KHT-XE5S_2025_0526_1101,0.0002000000000000668,0.5
KHT-XE5S,2025-09-23 07:30:00,9.3943,10.991,KHT-XE5S_2025_0526_1101,0.00010000000000012221,0.5
KHT-XE5S,2025-09-23 07:40:00,9.3951,10.988,KHT-XE5S_2025_0526_1101,0.00030000000000001136,0.5
KHT-XE5S,2025-09-23 07:50:00,9.3959,10.989,KHT-XE5S_2025_0526_1101,0.00010000000000012221,0.5
KHT-XE5S,2025-09-23 08:00:00,9.3958,10.988,KHT-XE5S_2025_0526_1101,0.00010000000000012221,0.5
KHT-XE5S,2025-09-23 08:10:00,9.3968,10.991,KHT-XE5S_2025_0526_1101,0.00030000000000001136,0.5
KHT-XE5S,2025-09-23 08:20:00,9.3977,10.989,KHT-XE5S_2025_0526_1101,0.00019999999999988915,0.5
KHT-XE5S,2025-09-23 08:30:00,9.3984,10.99,KHT-XE5S_2025_0526_1101,9.999999999994457e-05,0.5
KHT-XE5S,2025-09-23 08:40:00,9.3983,10.99,KHT-XE5S_2025_0526_1101,0.0,0.5
KHT-XE5S,2025-09-23 08:50:00,9.3987,10.992,KHT-XE5S_2025_0526_1101,0.0002000000000000668,0.5
KHT-XE5S,2025-09-23 09:00:00,9.3984,10.99,KHT-XE5S_2025_0526_1101,0.0002000000000000668,0.5
KHT-XE5S,2025-09-23 09:10:00,9.3982,10.989,KHT-XE5S_2025_0526_1101,9.999999999994457e-05,0.5
KHT-XE5S,2025-09-23 09:20:00,9.3973,10.988,KHT-XE5S_2025_0526_1101,0.00010000000000012221,0.5
KHT-XE5S,2025-09-23 09:30:00,9.3969,10.991,KHT-XE5S_2025_0526_1101,0.00030000000000001136,0.5
KHT-XE5S,2025-09-23 09:40:00,9.3962,10.99,KHT-XE5S_2025_0526_1101,9.999999999994457e-05,0.5
KHT-XE5S,2025-09-23 09:50:00,9.3957,10.99,KHT-XE5S_2025_0526_1101,0.0,0.5
KHT-XE5S,2025-09-23 10:00:00,9.3949,10.991,KHT-XE5S_2025_0526_1101,9.999999999994457e-05,0.5
KHT-XE5S,2025-09-23 10:10:00,9.3945,10.99,KHT-XE5S_2025_0526_1101,9.999999999994457e-05,0.5
KHT-XE5S,2025-09-23 10:20:00,9.3936,10.991,KHT-XE5S_2025_0526_1101,9.999999999994457e-05,0.5
KHT-XE5S,2025-09-23 10:30:00,9.3926,10.99,KHT-XE5S_2025_0526_1101,9.999999999994457e-05,0.5
KHT-XE5S,2025-09-23 10:40:00,9.3919,10.992,KHT-XE5S_2025_0526_1101,0.0002000000000000668,0.5
KHT-XE5S,2025-09-23 10:50:00,9.3902,10.992,KHT-XE5S_2025_0526_1101,0.0,0.5
KHT-XE5S,2025-09-23 11:00:00,9.3895,10.99,KHT-XE5S_2025_0526_1101,0.0002000000000000668,0.5
KHT-XE5S,2025-09-23 11:10:00,9.3879,10.992,KHT-XE5S_2025_0526_1101,0.0002000000000000668,0.5
KHT-XE5S,2025-09-23 11:20:00,9.3865,10.991,KHT-XE5S_2025_0526_1101,0.00010000000000012221,0.5
KHT-XE5S,2025-09-23 11:30:00,9.3861,10.99,KHT-XE5S_2025_0526_1101,9.999999999994457e-05,0.5
KHT-XE5S,2025-09-23 11:40:00,9.3842,10.99,KHT-XE5S_2025_0526_1101,0.0,0.5
KHT-XE5S,2025-09-23 11:50:00,9.3826,10.991,KHT-XE5S_2025_0526_1101,9.999999999994457e-05,0.5
KHT-XE5S,2025-09-23 12:00:00,9.381,10.992,KHT-XE5S_2025_0526_1101,0.00010000000000012221,0.5
KHT-XE5S,2025-09-23 12:10:00,9.3795,10.991,KHT-XE5S_2025_0526_1101,0.00010000000000012221,0.5
KHT-XE5S,2025-09-23 12:20:00,9.3764,10.991,KHT-XE5S_2025_0526_1101,0.0,0.5
KHT-XE5S,2025-09-23 12:30:00,9.3749,10.991,KHT-XE5S_2025_0526_1101,0.0,0.5
KHT-XE5S,2025-09-23 12:40:00,9.3738,10.992,KHT-XE5S_2025_0526_1101,0.00010000000000012221,0.5
KHT-XE5S,2025-09-23 12:50:00,9.372,10.991,KHT-XE5S_2025_0526_1101,0.00010000000000012221,0.5
KHT-XE5S,2025-09-23 13:00:00,9.37,10.992,KHT-XE5S_2025_0526_1101,0.00010000000000012221,0.5
KHT-XE5S,2025-09-23 13:10:00,9.3673,10.991,KHT-XE5S_2025_0526_1101,0.00010000000000012221,0.5
KHT-XE5S,2025-09-23 13:20:00,9.3652,10.989,KHT-XE5S_2025_0526_1101,0.00019999999999988915,0.5
KHT-XE5S,2025-09-23 13:30:00,9.3626,10.99,KHT-XE5S_2025_0526_1101,9.999999999994457e-05,0.5
KHT-XE5S,2025-09-23 13:40:00,9.3617,10.99,KHT-XE5S_2025_0526_1101,0.0,0.5
KHT-XE5S,2025-09-23 13:50:00,9.3594,10.992,KHT-XE5S_2025_0526_1101,0.0002000000000000668,0.5
KHT-XE5S,2025-09-23 14:00:00,9.3574,10.991,KHT-XE5S_2025_0526_1101,0.00010000000000012221,0.5
KHT-XE5S,2025-09-23 14:10:00,9.356,10.992,KHT-XE5S_2025_0526_1101,0.00010000000000012221,0.5
KHT-XE5S,2025-09-23 14:20:00,9.3544,10.992,KHT-XE5S_2025_0526_1101,0.0,0.5
KHT-XE5S,2025-09-23 14:30:00,9.3532,10.992,KHT-XE5S_2025_0526_1101,0.0,0.5
KHT-XE5S,2025-09-23 14:40:00,9.3525,10.992,KHT-XE5S_2025_0526_1101,0.0,0.5
KHT-XE5S,2025-09-23 14:50:00,9.3515,10.992,KHT-XE5S_2025_0526_1101,0.0,0.5
KHT-XE5S,2025-09-23 15:00:00,9.3508,10.992,KHT-XE5S_2025_0526_1101,0.0,0.5
KHT-XE5S,2025-09-23 15:10:00,9.3496,10.992,KHT-XE5S_2025_0526_1101,0.0,0.5
KHT-XE5S,2025-09-23 15:20:00,9.349,10.992,KHT-XE5S_2025_0526_1101,0.0,0.5
KHT-XE5S,2025-09-23 15:30:00,9.3472,10.991,KHT-XE5S_2025_0526_1101,0.00010000000000012221,0.5
KHT-XE5S,2025-09-23 15:40:00,9.3467,10.99,KHT-XE5S_2025_0526_1101,9.999999999994457e-05,0.5
KHT-XE5S,2025-09-23 15:50:00,9.346,10.992,KHT-XE5S_2025_0526_1101,0.0002000000000000668,0.5
KHT-XE5S,2025-09-23 16:00:00,9.3458,10.991,KHT-XE5S_2025_0526_1101,0.00010000000000012221,0.5
KHT-XE5S,2025-09-23 16:10:00,9.345,10.993,KHT-XE5S_2025_0526_1101,0.0002000000000000668,0.5
KHT-XE5S,2025-09-23 16:20:00,9.3448,10.99,KHT-XE5S_2025_0526_1101,0.00030000000000001136,0.5
KHT-XE5S,2025-09-23 16:30:00,9.3449,10.991,KHT-XE5S_2025_0526_1101,9.999999999994457e-05,0.5
KHT-XE5S,2025-09-23 16:40:00,9.344,10.992,KHT-XE5S_2025_0526_1101,0.00010000000000012221,0.5
KHT-XE5S,2025-09-23 16:50:00,9.3436,10.989,KHT-XE5S_2025_0526_1101,0.00030000000000001136,0.5
KHT-XE5S,2025-09-23 17:00:00,9.3437,10.99,KHT-XE5S_2025_0526_1101,9.999999999994457e-05,0.5
KHT-XE5S,2025-09-23 17:10:00,9.3439,10.99,KHT-XE5S_2025_0526_1101,0.0,0.5
KHT-XE5S,2025-09-23 17:20:00,9.3448,10.991,KHT-XE5S_2025_0526_1101,9.999999999994457e-05,0.5
KHT-XE5S,2025-09-23 17:30:00,9.3453,10.991,KHT-XE5S_2025_0526_1101,0.0,0.5
KHT-XE5S,2025-09-23 17:40:00,9.3456,10.992,KHT-XE5S_2025_0526_1101,0.00010000000000012221,0.5
KHT-XE5S,2025-09-23 17:50:00,9.3468,10.991,KHT-XE5S_2025_0526_1101,0.00010000000000012221,0.5
KHT-XE5S,2025-09-23 18:00:00,9.3476,10.992,KHT-XE5S_2025_0526_1101,0.00010000000000012221,0.5
KHT-XE5S,2025-09-23 18:10:00,9.3491,10.991,KHT-XE5S_2025_0526_1101,0.00010000000000012221,0.5
KHT-XE5S,2025-09-23 18:20:00,9.3512,10.989,KHT-XE5S_2025_0526_1101,0.00019999999999988915,0.5
KHT-XE5S,2025-09-23 18:30:00,9.3528,10.99,KHT-XE5S_2025_0526_1101,9.999999999994457e-05,0.5
KHT-XE5S,2025-09-23 18:40:00,9.354,10.991,KHT-XE5S_2025_0526_1101,9.999999999994457e-05,0.5
KHT-XE5S,2025-09-23 18:50:00,9.355,10.99,KHT-XE5S_2025_0526_1101,9.999999999994457e-05,0.5
KHT-XE5S,2025-09-23 19:00:00,9.3565,10.992,KHT-XE5S_2025_0526_1101,0.0002000000000000668,0.5
KHT-XE5S,2025-09-23 19:10:00,9.358,10.99,KHT-XE5S_2025_0526_1101,0.0002000000000000668,0.5
KHT-XE5S,2025-09-23 19:20:00,9.3592,10.991,KHT-XE5S_2025_0526_1101,9.999999999994457e-05,0.5
KHT-XE5S,2025-09-23 19:30:00,9.3601,10.991,KHT-XE5S_2025_0526_1101,0.0,0.5
KHT-XE5S,2025-09-23 19:40:00,9.3612,10.99,KHT-XE5S_2025_0526_1101,9.999999999994457e-05,0.5
KHT-XE5S,2025-09-23 19:50:00,9.3622,10.989,KHT-XE5S_2025_0526_1101,9.999999999994457e-05,0.5
KHT-XE5S,2025-09-23 20:00:00,9.3637,10.991,KHT-XE5S_2025_0526_1101,0.00019999999999988915,0.5
KHT-XE5S,2025-09-23 20:10:00,9.3656,10.99,KHT-XE5S_2025_0526_1101,9.999999999994457e-05,0.5
KHT-XE5S,2025-09-23 20:20:00,9.3674,10.989,KHT-XE5S_2025_0526_1101,9.999999999994457e-05,0.5
KHT-XE5S,2025-09-23 20:30:00,9.3686,10.99,KHT-XE5S_2025_0526_1101,9.999999999994457e-05,0.5
KHT-XE5S,2025-09-23 20:40:00,9.37,10.991,KHT-XE5S_2025_0526_1101,9.999999999994457e-05,0.5
KHT-XE5S,2025-09-23 20:50:00,9.3708,10.989,KHT-XE5S_2025_0526_1101,0.00019999999999988915,0.5
KHT-XE5S,2025-09-23 21:00:00,9.3719,10.991,KHT-XE5S_2025_0526_1101,0.00019999999999988915,0.5
KHT-XE5S,2025-09-23 21:10:00,9.3727,10.99,KHT-XE5S_2025_0526_1101,9.999999999994457e-05,0.5
KHT-XE5S,2025-09-23 21:20:00,9.3738,10.991,KHT-XE5S_2025_0526_1101,9.999999999994457e-05,0.5
KHT-XE5S,2025-09-23 21:30:00,9.375,10.991,KHT-XE5S_2025_0526_1101,0.0,0.5
KHT-XE5S,2025-09-23 21:40:00,9.3759,10.991,KHT-XE5S_2025_0526_1101,0.0,0.5
KHT-XE5S,2025-09-23 21:50:00,9.3767,10.99,KHT-XE5S_2025_0526_1101,9.999999999994457e-05,0.5
KHT-XE5S,2025-09-23 22:00:00,9.3772,10.99,KHT-XE5S_2025_0526_1101,0.0,0.5
KHT-XE5S,2025-09-23 22:10:00,9.3776,10.989,KHT-XE5S_2025_0526_1101,9.999999999994457e-05,0.5
KHT-XE5S,2025-09-23 22:20:00,9.3782,10.991,KHT-XE5S_2025_0526_1101,0.00019999999999988915,0.5
KHT-XE5S,2025-09-23 22:30:00,9.378,10.989,KHT-XE5S_2025_0526_1101,0.00019999999999988915,0.5
KHT-XE5S,2025-09-23 22:40:00,9.3787,10.989,KHT-XE5S_2025_0526_1101,0.0,0.5
KHT-XE5S,2025-09-23 22:50:00,9.3798,10.989,KHT-XE5S_2025_0526_1101,0.0,0.5
KHT-XE5S,2025-09-23 23:00:00,9.3804,10.989,KHT-XE5S_2025_0526_1101,0.0,0.5
KHT-XE5S,2025-09-23 23:10:00,9.3808,10.991,KHT-XE5S_2025_0526_1101,0.00019999999999988915,0.5
KHT-XE5S,2025-09-23 23:20:00,9.3815,10.988,KHT-XE5S_2025_0526_1101,0.00030000000000001136,0.5
KHT-XE5S,2025-09-23 23:30:00,9.3823,10.99,KHT-XE5S_2025_0526_1101,0.0002000000000000668,0.5
KHT-XE5S,2025-09-23 23:40:00,9.3826,10.989,KHT-XE5S_2025_0526_1101,9.999999999994457e-05,0.5
KHT-XE5S,2025-09-23 23:50:00,9.3831,10.991,KHT-XE5S_2025_0526_1101,0.00019999999999988915,0.5
KHT-XE5S,2025-09-24 00:00:00,9.3838,10.99,KHT-XE5S_2025_0526_1101,9.999999999994457e-05,0.5
KHT-XE5S,2025-09-24 00:10:00,9.3845,10.989,KHT-XE5S_2025_0526_1101,9.999999999994457e-05,0.5
KHT-XE5S,2025-09-24 00:20:00,9.3843,10.99,KHT-XE5S_2025_0526_1101,9.999999999994457e-05,0.5
KHT-XE5S,2025-09-24 00:30:00,9.3848,10.99,KHT-XE5S_2025_0526_1101,0.0,0.5
KHT-XE5S,2025-09-24 00:40:00,9.3846,10.989,KHT-XE5S_2025_0526_1101,9.999999999994457e-05,0.5
KHT-XE5S,2025-09-24 00:50:00,9.3848,10.988,KHT-XE5S_2025_0526_1101,0.00010000000000012221,0.5
KHT-XE5S,2025-09-24 01:00:00,9.3852,10.991,KHT-XE5S_2025_0526_1101,0.00030000000000001136,0.5
KHT-XE5S,2025-09-24 01:10:00,9.3861,10.989,KHT-XE5S_2025_0526_1101,0.00019999999999988915,0.5
KHT-XE5S,2025-09-24 01:20:00,9.3875,10.989,KHT-XE5S_2025_0526_1101,0.0,0.5
KHT-XE5S,2025-09-24 01:30:00,9.388,10.99,KHT-XE5S_2025_0526_1101,9.999999999994457e-05,0.5
KHT-XE5S,2025-09-24 01:40:00,9.389,10.989,KHT-XE5S_2025_0526_1101,9.999999999994457e-05,0.5
KHT-XE5S,2025-09-24 01:50:00,9.3892,10.99,KHT-XE5S_2025_0526_1101,9.999999999994457e-05,0.5
KHT-XE5S,2025-09-24 02:00:00,9.3892,10.992,KHT-XE5S_2025_0526_1101,0.0002000000000000668,0.5
KHT-XE5S,2025-09-24 02:10:00,9.3892,10.99,KHT-XE5S_2025_0526_1101,0.0002000000000000668,0.5
KHT-XE5S,2025-09-24 02:20:00,9.3892,10.99,KHT-XE5S_2025_0526_1101,0.0,0.5
KHT-XE5S,2025-09-24 02:30:00,9.3888,10.991,KHT-XE5S_2025_0526_1101,9.999999999994457e-05,0.5
KHT-XE5S,2025-09-24 02:40:00,9.3891,10.989,KHT-XE5S_2025_0526_1101,0.00019999999999988915,0.5
KHT-XE5S,2025-09-24 02:50:00,9.3899,10.989,KHT-XE5S_2025_0526_1101,0.0,0.5
KHT-XE5S,2025-09-24 03:00:00,9.39,10.991,KHT-XE5S_2025_0526_1101,0.00019999999999988915,0.5
KHT-XE5S,2025-09-24 03:10:00,9.3902,10.99,KHT-XE5S_2025_0526_1101,9.999999999994457e-05,0.5
KHT-XE5S,2025-09-24 03:20:00,9.3904,10.989,KHT-XE5S_2025_0526_1101,9.999999999994457e-05,0.5
KHT-XE5S,2025-09-24 03:30:00,9.3904,10.99,KHT-XE5S_2025_0526_1101,9.999999999994457e-05,0.5
KHT-XE5S,2025-09-24 03:40:00,9.3902,10.99,KHT-XE5S_2025_0526_1101,0.0,0.5
KHT-XE5S,2025-09-24 03:50:00,9.3902,10.989,KHT-XE5S_2025_0526_1101,9.999999999994457e-05,0.5
KHT-XE5S,2025-09-24 04:00:00,9.3909,10.989,KHT-XE5S_2025_0526_1101,0.0,0.5
KHT-XE5S,2025-09-24 04:10:00,9.3908,10.99,KHT-XE5S_2025_0526_1101,9.999999999994457e-05,0.5
KHT-XE5S,2025-09-24 04:20:00,9.391,10.988,KHT-XE5S_2025_0526_1101,0.0002000000000000668,0.5
KHT-XE5S,2025-09-24 04:30:00,9.3913,10.989,KHT-XE5S_2025_0526_1101,0.00010000000000012221,0.5
KHT-XE5S,2025-09-24 04:40:00,9.3916,10.989,KHT-XE5S_2025_0526_1101,0.0,0.5
KHT-XE5S,2025-09-24 04:50:00,9.3919,10.989,KHT-XE5S_2025_0526_1101,0.0,0.5
KHT-XE5S,2025-09-24 05:00:00,9.3921,10.99,KHT-XE5S_2025_0526_1101,9.999999999994457e-05,0.5
KHT-XE5S,2025-09-24 05:10:00,9.3916,10.989,KHT-XE5S_2025_0526_1101,9.999999999994457e-05,0.5
KHT-XE5S,2025-09-24 05:20:00,9.3928,10.992,KHT-XE5S_2025_0526_1101,0.00030000000000001136,0.5
KHT-XE5S,2025-09-24 05:30:00,9.3929,10.989,KHT-XE5S_2025_0526_1101,0.00030000000000001136,0.5
KHT-XE5S,2025-09-24 05:40:00,9.3935,10.989,KHT-XE5S_2025_0526_1101,0.0,0.5
KHT-XE5S,2025-09-24 05:50:00,9.3933,10.991,KHT-XE5S_2025_0526_1101,0.00019999999999988915,0.5
KHT-XE5S,2025-09-24 06:00:00,9.394,10.989,KHT-XE5S_2025_0526_1101,0.00019999999999988915,0.5
KHT-XE5S,2025-09-24 06:10:00,9.395,10.989,KHT-XE5S_2025_0526_1101,0.0,0.5
KHT-XE5S,2025-09-24 06:20:00,9.3951,10.99,KHT-XE5S_2025_0526_1101,9.999999999994457e-05,0.5
KHT-XE5S,2025-09-24 06:30:00,9.395,10.99,KHT-XE5S_2025_0526_1101,0.0,0.5
KHT-XE5S,2025-09-24 06:40:00,9.3956,10.989,KHT-XE5S_2025_0526_1101,9.999999999994457e-05,0.5
KHT-XE5S,2025-09-24 06:50:00,9.3966,10.99,KHT-XE5S_2025_0526_1101,9.999999999994457e-05,0.5
KHT-XE5S,2025-09-24 07:00:00,9.3969,10.99,KHT-XE5S_2025_0526_1101,0.0,0.5
KHT-XE5S,2025-09-24 07:10:00,9.3978,10.99,KHT-XE5S_2025_0526_1101,0.0,0.5
KHT-XE5S,2025-09-24 07:20:00,9.3983,10.991,KHT-XE5S_2025_0526_1101,9.999999999994457e-05,0.5
KHT-XE5S,2025-09-24 07:30:00,9.3984,10.99,KHT-XE5S_2025_0526_1101,9.999999999994457e-05,0.5
KHT-XE5S,2025-09-24 07:40:00,9.3987,10.992,KHT-XE5S_2025_0526_1101,0.0002000000000000668,0.5
KHT-XE5S,2025-09-24 07:50:00,9.3984,10.99,KHT-XE5S_2025_0526_1101,0.0002000000000000668,0.5
KHT-XE5S,2025-09-24 08:00:00,9.3981,10.989,KHT-XE5S_2025_0526_1101,9.999999999994457e-05,0.5
KHT-XE5S,2025-09-24 08:10:00,9.3984,10.99,KHT-XE5S_2025_0526_1101,9.999999999994457e-05,0.5
KHT-XE5S,2025-09-24 08:20:00,9.3985,10.99,KHT-XE5S_2025_0526_1101,0.0,0.5
KHT-XE5S,2025-09-24 08:30:00,9.398,10.99,KHT-XE5S_2025_0526_1101,0.0,0.5
KHT-XE5S,2025-09-24 08:40:00,9.3976,10.989,KHT-XE5S_2025_0526_1101,9.999999999994457e-05,0.5
KHT-XE5S,2025-09-24 08:50:00,9.3978,10.988,KHT-XE5S_2025_0526_1101,0.00010000000000012221,0.5
KHT-XE5S,2025-09-24 09:00:00,9.3988,10.989,KHT-XE5S_2025_0526_1101,0.00010000000000012221,0.5
KHT-XE5S,2025-09-24 09:10:00,9.3987,10.99,KHT-XE5S_2025_0526_1101,9.999999999994457e-05,0.5
KHT-XE5S,2025-09-24 09:20:00,9.3988,10.989,KHT-XE5S_2025_0526_1101,9.999999999994457e-05,0.5
KHT-XE5S,2025-09-24 09:30:00,9.3989,10.99,KHT-XE5S_2025_0526_1101,9.999999999994457e-05,0.5
KHT-XE5S,2025-09-24 09:40:00,9.3979,10.991,KHT-XE5S_2025_0526_1101,9.999999999994457e-05,0.5
KHT-XE5S,2025-09-24 09:50:00,9.3966,10.99,KHT-XE5S_2025_0526_1101,9.999999999994457e-05,0.5
KHT-XE5S,2025-09-24 10:00:00,9.3949,10.989,KHT-XE5S_2025_0526_1101,9.999999999994457e-05,0.5
KHT-XE5S,2025-09-24 10:10:00,9.3943,10.989,KHT-XE5S_2025_0526_1101,0.0,0.5
KHT-XE5S,2025-09-24 10:20:00,9.393,10.991,KHT-XE5S_2025_0526_1101,0.00019999999999988915,0.5
KHT-XE5S,2025-09-24 10:30:00,9.3907,10.991,KHT-XE5S_2025_0526_1101,0.0,0.5
KHT-XE5S,2025-09-24 10:40:00,9.3896,10.991,KHT-XE5S_2025_0526_1101,0.0,0.5
KHT-XE5S,2025-09-24 10:50:00,9.3879,10.991,KHT-XE5S_2025_0526_1101,0.0,0.5
KHT-XE5S,2025-09-24 11:00:00,9.386,10.99,KHT-XE5S_2025_0526_1101,9.999999999994457e-05,0.5
KHT-XE5S,2025-09-24 11:10:00,9.3846,10.991,KHT-XE5S_2025_0526_1101,9.999999999994457e-05,0.5
KHT-XE5S,2025-09-24 11:20:00,9.3831,10.99,KHT-XE5S_2025_0526_1101,9.999999999994457e-05,0.5
KHT-XE5S,2025-09-24 11:30:00,9.3811,10.99,KHT-XE5S_2025_0526_1101,0.0,0.5
KHT-XE5S,2025-09-24 11:40:00,9.3793,10.99,KHT-XE5S_2025_0526_1101,0.0,0.5
KHT-XE5S,2025-09-24 11:50:00,9.3766,10.991,KHT-XE5S_2025_0526_1101,9.999999999994457e-05,0.5
KHT-XE5S,2025-09-24 12:00:00,9.3745,10.988,KHT-XE5S_2025_0526_1101,0.00030000000000001136,0.5
KHT-XE5S,2025-09-24 12:10:00,9.3728,10.99,KHT-XE5S_2025_0526_1101,0.0002000000000000668,0.5
KHT-XE5S,2025-09-24 12:20:00,9.3711,10.988,KHT-XE5S_2025_0526_1101,0.0002000000000000668,0.5
KHT-XE5S,2025-09-24 12:30:00,9.3688,10.989,KHT-XE5S_2025_0526_1101,0.00010000000000012221,0.5
KHT-XE5S,2025-09-24 12:40:00,9.3666,10.994,KHT-XE5S_2025_0526_1101,0.0004999999999999005,0.5
KHT-XE5S,2025-09-24 12:50:00,9.3639,10.993,KHT-XE5S_2025_0526_1101,9.999999999994457e-05,0.5
KHT-XE5S,2025-09-24 13:00:00,9.3624,10.99,KHT-XE5S_2025_0526_1101,0.00030000000000001136,0.5
KHT-XE5S,2025-09-24 13:10:00,9.3604,10.991,KHT-XE5S_2025_0526_1101,9.999999999994457e-05,0.5
KHT-XE5S,2025-09-24 13:20:00,9.3579,10.989,KHT-XE5S_2025_0526_1101,0.00019999999999988915,0.5
KHT-XE5S,2025-09-24 13:30:00,9.3562,10.989,KHT-XE5S_2025_0526_1101,0.0,0.5
KHT-XE5S,2025-09-24 13:40:00,9.3548,10.99,KHT-XE5S_2025_0526_1101,9.999999999994457e-05,0.5
KHT-XE5S,2025-09-24 13:50:00,9.3524,10.991,KHT-XE5S_2025_0526_1101,9.999999999994457e-05,0.5
KHT-XE5S,2025-09-24 14:00:00,9.3501,10.987,KHT-XE5S_2025_0526_1101,0.00039999999999995595,0.5
KHT-XE5S,2025-09-24 14:10:00,9.3487,10.99,KHT-XE5S_2025_0526_1101,0.00030000000000001136,0.5
KHT-XE5S,2025-09-24 14:20:00,9.3473,10.99,KHT-XE5S_2025_0526_1101,0.0,0.5
KHT-XE5S,2025-09-24 14:30:00,9.3455,10.991,KHT-XE5S_2025_0526_1101,9.999999999994457e-05,0.5
KHT-XE5S,2025-09-24 14:40:00,9.3453,10.992,KHT-XE5S_2025_0526_1101,0.00010000000000012221,0.5
KHT-XE5S,2025-09-24 14:50:00,9.345,10.99,KHT-XE5S_2025_0526_1101,0.0002000000000000668,0.5
KHT-XE5S,2025-09-24 15:00:00,9.3439,10.99,KHT-XE5S_2025_0526_1101,0.0,0.5
KHT-XE5S,2025-09-24 15:10:00,9.3427,10.989,KHT-XE5S_2025_0526_1101,9.999999999994457e-05,0.5
KHT-XE5S,2025-09-24 15:20:00,9.3413,10.989,KHT-XE5S_2025_0526_1101,0.0,0.5
KHT-XE5S,2025-09-24 15:30:00,9.3393,10.991,KHT-XE5S_2025_0526_1101,0.00019999999999988915,0.5
KHT-XE5S,2025-09-24 15:40:00,9.3399,10.993,KHT-XE5S_2025_0526_1101,0.0002000000000000668,0.5
KHT-XE5S,2025-09-24 15:50:00,9.3397,10.99,KHT-XE5S_2025_0526_1101,0.00030000000000001136,0.5
KHT-XE5S,2025-09-24 16:00:00,9.3401,10.989,KHT-XE5S_2025_0526_1101,9.999999999994457e-05,0.5
KHT-XE5S,2025-09-24 16:10:00,9.3409,10.989,KHT-XE5S_2025_0526_1101,0.0,0.5
KHT-XE5S,2025-09-24 16:20:00,9.3412,10.989,KHT-XE5S_2025_0526_1101,0.0,0.5
KHT-XE5S,2025-09-24 16:30:00,9.341,10.988,KHT-XE5S_2025_0526_1101,0.00010000000000012221,0.5
KHT-XE5S,2025-09-24 16:40:00,9.341,10.992,KHT-XE5S_2025_0526_1101,0.0004000000000001336,0.5
KHT-XE5S,2025-09-24 16:50:00,9.3406,10.99,KHT-XE5S_2025_0526_1101,0.0002000000000000668,0.5
KHT-XE5S,2025-09-24 17:00:00,9.3409,10.991,KHT-XE5S_2025_0526_1101,9.999999999994457e-05,0.5
KHT-XE5S,2025-09-24 17:10:00,9.341,10.99,KHT-XE5S_2025_0526_1101,9.999999999994457e-05,0.5
KHT-XE5S,2025-09-24 17:20:00,9.3421,10.991,KHT-XE5S_2025_0526_1101,9.999999999994457e-05,0.5
KHT-XE5S,2025-09-24 17:30:00,9.3434,10.991,KHT-XE5S_2025_0526_1101,0.0,0.5
KHT-XE5S,2025-09-24 17:40:00,9.3436,10.99,KHT-XE5S_2025_0526_1101,9.999999999994457e-05,0.5
KHT-XE5S,2025-09-24 17:50:00,9.3434,10.99,KHT-XE5S_2025_0526_1101,0.0,0.5
KHT-XE5S,2025-09-24 18:00:00,9.3446,10.99,KHT-XE5S_2025_0526_1101,0.0,0.5
KHT-XE5S,2025-09-24 18:10:00,9.3456,10.99,KHT-XE5S_2025_0526_1101,0.0,0.5
KHT-XE5S,2025-09-24 18:20:00,9.3467,10.991,KHT-XE5S_2025_0526_1101,9.999999999994457e-05,0.5
KHT-XE5S,2025-09-24 18:30:00,9.3475,10.987,KHT-XE5S_2025_0526_1101,0.00039999999999995595,0.5
KHT-XE5S,2025-09-24 18:40:00,9.3483,10.987,KHT-XE5S_2025_0526_1101,0.0,0.5
KHT-XE5S,2025-09-24 18:50:00,9.35,10.99,KHT-XE5S_2025_0526_1101,0.00030000000000001136,0.5
KHT-XE5S,2025-09-24 19:00:00,9.3512,10.99,KHT-XE5S_2025_0526_1101,0.0,0.5
KHT-XE5S,2025-09-24 19:10:00,9.3522,10.99,KHT-XE5S_2025_0526_1101,0.0,0.5
KHT-XE5S,2025-09-24 19:20:00,9.3538,10.99,KHT-XE5S_2025_0526_1101,0.0,0.5
KHT-XE5S,2025-09-24 19:30:00,9.3557,10.99,KHT-XE5S_2025_0526_1101,0.0,0.5
KHT-XE5S,2025-09-24 19:40:00,9.3569,10.989,KHT-XE5S_2025_0526_1101,9.999999999994457e-05,0.5
KHT-XE5S,2025-09-24 19:50:00,9.3585,10.988,KHT-XE5S_2025_0526_1101,0.00010000000000012221,0.5
KHT-XE5S,2025-09-24 20:00:00,9.3612,10.991,KHT-XE5S_2025_0526_1101,0.00030000000000001136,0.5
KHT-XE5S,2025-09-24 20:10:00,9.3632,10.989,KHT-XE5S_2025_0526_1101,0.00019999999999988915,0.5
KHT-XE5S,2025-09-24 20:20:00,9.3654,10.989,KHT-XE5S_2025_0526_1101,0.0,0.5
KHT-XE5S,2025-09-24 20:30:00,9.3659,10.987,KHT-XE5S_2025_0526_1101,0.0002000000000000668,0.5
KHT-XE5S,2025-09-24 20:40:00,9.3668,10.99,KHT-XE5S_2025_0526_1101,0.00030000000000001136,0.5
KHT-XE5S,2025-09-24 20:50:00,9.3679,10.989,KHT-XE5S_2025_0526_1101,9.999999999994457e-05,0.5
KHT-XE5S,2025-09-24 21:00:00,9.3705,10.99,KHT-XE5S_2025_0526_1101,9.999999999994457e-05,0.5
KHT-XE5S,2025-09-24 21:10:00,9.3706,10.99,KHT-XE5S_2025_0526_1101,0.0,0.5
KHT-XE5S,2025-09-24 21:20:00,9.3741,10.988,KHT-XE5S_2025_0526_1101,0.0002000000000000668,0.5
KHT-XE5S,2025-09-24 21:30:00,9.3746,10.992,KHT-XE5S_2025_0526_1101,0.0004000000000001336,0.5
KHT-XE5S,2025-09-24 21:40:00,9.3766,10.99,KHT-XE5S_2025_0526_1101,0.0002000000000000668,0.5
KHT-XE5S,2025-09-24 21:50:00,9.3757,10.989,KHT-XE5S_2025_0526_1101,9.999999999994457e-05,0.5
KHT-XE5S,2025-09-24 22:00:00,9.3742,10.99,KHT-XE5S_2025_0526_1101,9.999999999994457e-05,0.5
KHT-XE5S,2025-09-24 22:10:00,9.3754,10.99,KHT-XE5S_2025_0526_1101,0.0,0.5
KHT-XE5S,2025-09-24 22:20:00,9.3758,10.991,KHT-XE5S_2025_0526_1101,9.999999999994457e-05,0.5
KHT-XE5S,2025-09-24 22:30:00,9.3764,10.991,KHT-XE5S_2025_0526_1101,0.0,0.5
KHT-XE5S,2025-09-24 22:40:00,9.378,10.988,KHT-XE5S_2025_0526_1101,0.00030000000000001136,0.5
KHT-XE5S,2025-09-24 22:50:00,9.379,10.99,KHT-XE5S_2025_0526_1101,0.0002000000000000668,0.5
KHT-XE5S,2025-09-24 23:00:00,9.3785,10.989,KHT-XE5S_2025_0526_1101,9.999999999994457e-05,0.5
KHT-XE5S,2025-09-24 23:10:00,9.3788,10.991,KHT-XE5S_2025_0526_1101,0.00019999999999988915,0.5
KHT-XE5S,2025-09-24 23:20:00,9.3782,10.989,KHT-XE5S_2025_0526_1101,0.00019999999999988915,0.5
KHT-XE5S,2025-09-24 23:30:00,9.3778,10.988,KHT-XE5S_2025_0526_1101,0.00010000000000012221,0.5
KHT-XE5S,2025-09-24 23:40:00,9.378,10.99,KHT-XE5S_2025_0526_1101,0.0002000000000000668,0.5
KHT-XE5S,2025-09-24 23:50:00,9.3777,10.989,KHT-XE5S_2025_0526_1101,9.999999999994457e-05,0.5
KHT-XE5S,2025-09-25 00:00:00,9.378,10.99,KHT-XE5S_2025_0526_1101,9.999999999994457e-05,0.5
KHT-XE5S,2025-09-25 00:10:00,9.3775,10.988,KHT-XE5S_2025_0526_1101,0.0002000000000000668,0.5
KHT-XE5S,2025-09-25 00:20:00,9.3769,10.99,KHT-XE5S_2025_0526_1101,0.0002000000000000668,0.5
KHT-XE5S,2025-09-25 00:30:00,9.3771,10.988,KHT-XE5S_2025_0526_1101,0.0002000000000000668,0.5
KHT-XE5S,2025-09-25 00:40:00,9.3775,10.988,KHT-XE5S_2025_0526_1101,0.0,0.5
KHT-XE5S,2025-09-25 00:50:00,9.3763,10.987,KHT-XE5S_2025_0526_1101,9.999999999994457e-05,0.5
KHT-XE5S,2025-09-25 01:00:00,9.3765,10.988,KHT-XE5S_2025_0526_1101,9.999999999994457e-05,0.5
KHT-XE5S,2025-09-25 01:10:00,9.3766,10.988,KHT-XE5S_2025_0526_1101,0.0,0.5
KHT-XE5S,2025-09-25 01:20:00,9.3765,10.989,KHT-XE5S_2025_0526_1101,0.00010000000000012221,0.5
KHT-XE5S,2025-09-25 01:30:00,9.3764,10.991,KHT-XE5S_2025_0526_1101,0.00019999999999988915,0.5
KHT-XE5S,2025-09-25 01:40:00,9.3765,10.989,KHT-XE5S_2025_0526_1101,0.00019999999999988915,0.5
KHT-XE5S,2025-09-25 01:50:00,9.3768,10.989,KHT-XE5S_2025_0526_1101,0.0,0.5
KHT-XE5S,2025-09-25 02:00:00,9.3767,10.988,KHT-XE5S_2025_0526_1101,0.00010000000000012221,0.5
KHT-XE5S,2025-09-25 02:10:00,9.3763,10.987,KHT-XE5S_2025_0526_1101,9.999999999994457e-05,0.5
KHT-XE5S,2025-09-25 02:20:00,9.3766,10.987,KHT-XE5S_2025_0526_1101,0.0,0.5
KHT-XE5S,2025-09-25 02:30:00,9.3769,10.988,KHT-XE5S_2025_0526_1101,9.999999999994457e-05,0.5
KHT-XE5S,2025-09-25 02:40:00,9.377,10.988,KHT-XE5S_2025_0526_1101,0.0,0.5
KHT-XE5S,2025-09-25 02:50:00,9.3768,10.989,KHT-XE5S_2025_0526_1101,0.00010000000000012221,0.5
KHT-XE5S,2025-09-25 03:00:00,9.3772,10.99,KHT-XE5S_2025_0526_1101,9.999999999994457e-05,0.5
KHT-XE5S,2025-09-25 03:10:00,9.3763,10.987,KHT-XE5S_2025_0526_1101,0.00030000000000001136,0.5
KHT-XE5S,2025-09-25 03:20:00,9.3759,10.987,KHT-XE5S_2025_0526_1101,0.0,0.5
KHT-XE5S,2025-09-25 03:30:00,9.3763,10.988,KHT-XE5S_2025_0526_1101,9.999999999994457e-05,0.5
KHT-XE5S,2025-09-25 03:40:00,9.377,10.989,KHT-XE5S_2025_0526_1101,0.00010000000000012221,0.5
KHT-XE5S,2025-09-25 03:50:00,9.3772,10.988,KHT-XE5S_2025_0526_1101,0.00010000000000012221,0.5
KHT-XE5S,2025-09-25 04:00:00,9.3787,10.988,KHT-XE5S_2025_0526_1101,0.0,0.5
KHT-XE5S,2025-09-25 04:10:00,9.3798,10.99,KHT-XE5S_2025_0526_1101,0.0002000000000000668,0.5
KHT-XE5S,2025-09-25 04:20:00,9.3802,10.989,KHT-XE5S_2025_0526_1101,9.999999999994457e-05,0.5
KHT-XE5S,2025-09-25 04:30:00,9.3799,10.989,KHT-XE5S_2025_0526_1101,0.0,0.5
KHT-XE5S,2025-09-25 04:40:00,9.38,10.99,KHT-XE5S_2025_0526_1101,9.999999999994457e-05,0.5
KHT-XE5S,2025-09-25 04:50:00,9.3784,10.988,KHT-XE5S_2025_0526_1101,0.0002000000000000668,0.5
KHT-XE5S,2025-09-25 05:00:00,9.3783,10.989,KHT-XE5S_2025_0526_1101,0.00010000000000012221,0.5
KHT-XE5S,2025-09-25 05:10:00,9.3786,10.99,KHT-XE5S_2025_0526_1101,9.999999999994457e-05,0.5
KHT-XE5S,2025-09-25 05:20:00,9.3803,10.988,KHT-XE5S_2025_0526_1101,0.0002000000000000668,0.5
KHT-XE5S,2025-09-25 05:30:00,9.3824,10.99,KHT-XE5S_2025_0526_1101,0.0002000000000000668,0.5
KHT-XE5S,2025-09-25 05:40:00,9.383,10.988,KHT-XE5S_2025_0526_1101,0.0002000000000000668,0.5
KHT-XE5S,2025-09-25 05:50:00,9.3827,10.986,KHT-XE5S_2025_0526_1101,0.00019999999999988915,0.5
KHT-XE5S,2025-09-25 06:00:00,9.382,10.989,KHT-XE5S_2025_0526_1101,0.00030000000000001136,0.5
KHT-XE5S,2025-09-25 06:10:00,9.3818,10.987,KHT-XE5S_2025_0526_1101,0.0002000000000000668,0.5
KHT-XE5S,2025-09-25 06:20:00,9.3826,10.988,KHT-XE5S_2025_0526_1101,9.999999999994457e-05,0.5
KHT-XE5S,2025-09-25 06:30:00,9.383,10.989,KHT-XE5S_2025_0526_1101,0.00010000000000012221,0.5
KHT-XE5S,2025-09-25 06:40:00,9.3829,10.988,KHT-XE5S_2025_0526_1101,0.00010000000000012221,0.5
KHT-XE5S,2025-09-25 06:50:00,9.3828,10.989,KHT-XE5S_2025_0526_1101,0.00010000000000012221,0.5
KHT-XE5S,2025-09-25 07:00:00,9.3838,10.99,KHT-XE5S_2025_0526_1101,9.999999999994457e-05,0.5
KHT-XE5S,2025-09-25 07:10:00,9.3837,10.989,KHT-XE5S_2025_0526_1101,9.999999999994457e-05,0.5
KHT-XE5S,2025-09-25 07:20:00,9.3842,10.987,KHT-XE5S_2025_0526_1101,0.0002000000000000668,0.5
KHT-XE5S,2025-09-25 07:30:00,9.3849,10.986,KHT-XE5S_2025_0526_1101,9.999999999994457e-05,0.5
KHT-XE5S,2025-09-25 07:40:00,9.3862,10.989,KHT-XE5S_2025_0526_1101,0.00030000000000001136,0.5
KHT-XE5S,2025-09-25 07:50:00,9.3872,10.988,KHT-XE5S_2025_0526_1101,0.00010000000000012221,0.5
KHT-XE5S,2025-09-25 08:00:00,9.3881,10.989,KHT-XE5S_2025_0526_1101,0.00010000000000012221,0.5
KHT-XE5S,2025-09-25 08:10:00,9.3892,10.988,KHT-XE5S_2025_0526_1101,0.00010000000000012221,0.5
KHT-XE5S,2025-09-25 08:20:00,9.3888,10.987,KHT-XE5S_2025_0526_1101,9.999999999994457e-05,0.5
KHT-XE5S,2025-09-25 08:30:00,9.3891,10.988,KHT-XE5S_2025_0526_1101,9.999999999994457e-05,0.5
KHT-XE5S,2025-09-25 08:40:00,9.3894,10.989,KHT-XE5S_2025_0526_1101,0.00010000000000012221,0.5
KHT-XE5S,2025-09-25 08:50:00,9.3884,10.986,KHT-XE5S_2025_0526_1101,0.00030000000000001136,0.5
KHT-XE5S,2025-09-25 09:00:00,9.3893,10.987,KHT-XE5S_2025_0526_1101,9.999999999994457e-05,0.5
KHT-XE5S,2025-09-25 09:10:00,9.3902,10.987,KHT-XE5S_2025_0526_1101,0.0,0.5
KHT-XE5S,2025-09-25 09:20:00,9.3905,10.988,KHT-XE5S_2025_0526_1101,9.999999999994457e-05,0.5
KHT-XE5S,2025-09-25 09:30:00,9.3909,10.987,KHT-XE5S_2025_0526_1101,9.999999999994457e-05,0.5
KHT-XE5S,2025-09-25 09:40:00,9.3911,10.989,KHT-XE5S_2025_0526_1101,0.0002000000000000668,0.5
KHT-XE5S,2025-09-25 09:50:00,9.3918,10.987,KHT-XE5S_2025_0526_1101,0.0002000000000000668,0.5
KHT-XE5S,2025-09-25 10:00:00,9.3929,10.985,KHT-XE5S_2025_0526_1101,0.0002000000000000668,0.5
KHT-XE5S,2025-09-25 10:10:00,9.3935,10.986,KHT-XE5S_2025_0526_1101,0.00010000000000012221,0.5
KHT-XE5S,2025-09-25 10:20:00,9.3938,10.987,KHT-XE5S_2025_0526_1101,9.999999999994457e-05,0.5
KHT-XE5S,2025-09-25 10:30:00,9.3933,10.988,KHT-XE5S_2025_0526_1101,9.999999999994457e-05,0.5
KHT-XE5S,2025-09-25 10:40:00,9.3923,10.988,KHT-XE5S_2025_0526_1101,0.0,0.5
KHT-XE5S,2025-09-25 10:50:00,9.391,10.988,KHT-XE5S_2025_0526_1101,0.0,0.5
KHT-XE5S,2025-09-25 11:00:00,9.3897,10.988,KHT-XE5S_2025_0526_1101,0.0,0.5
KHT-XE5S,2025-09-25 11:10:00,9.3885,10.988,KHT-XE5S_2025_0526_1101,0.0,0.5
KHT-XE5S,2025-09-25 11:20:00,9.3871,10.99,KHT-XE5S_2025_0526_1101,0.0002000000000000668,0.5
KHT-XE5S,2025-09-25 11:30:00,9.3854,10.988,KHT-XE5S_2025_0526_1101,0.0002000000000000668,0.5
KHT-XE5S,2025-09-25 11:40:00,9.3845,10.987,KHT-XE5S_2025_0526_1101,9.999999999994457e-05,0.5
KHT-XE5S,2025-09-25 11:50:00,9.3836,10.988,KHT-XE5S_2025_0526_1101,9.999999999994457e-05,0.5
KHT-XE5S,2025-09-25 12:00:00,9.3829,10.989,KHT-XE5S_2025_0526_1101,0.00010000000000012221,0.5
KHT-XE5S,2025-09-25 12:10:00,9.38,10.987,KHT-XE5S_2025_0526_1101,0.0002000000000000668,0.5
KHT-XE5S,2025-09-25 12:20:00,9.3773,10.987,KHT-XE5S_2025_0526_1101,0.0,0.5
KHT-XE5S,2025-09-25 12:30:00,9.3768,10.986,KHT-XE5S_2025_0526_1101,9.999999999994457e-05,0.5
KHT-XE5S,2025-09-25 12:40:00,9.3761,10.987,KHT-XE5S_2025_0526_1101,9.999999999994457e-05,0.5
KHT-XE5S,2025-09-25 12:50:00,9.3767,10.988,KHT-XE5S_2025_0526_1101,9.999999999994457e-05,0.5
KHT-XE5S,2025-09-25 13:00:00,9.3753,10.986,KHT-XE5S_2025_0526_1101,0.00019999999999988915,0.5
KHT-XE5S,2025-09-25 13:10:00,9.3748,10.988,KHT-XE5S_2025_0526_1101,0.00019999999999988915,0.5
KHT-XE5S,2025-09-25 13:20:00,9.3725,10.985,KHT-XE5S_2025_0526_1101,0.00030000000000001136,0.5
KHT-XE5S,2025-09-25 13:30:00,9.3702,10.986,KHT-XE5S_2025_0526_1101,0.00010000000000012221,0.5
KHT-XE5S,2025-09-25 13:40:00,9.3675,10.988,KHT-XE5S_2025_0526_1101,0.00019999999999988915,0.5
KHT-XE5S,2025-09-25 13:50:00,9.3664,10.988,KHT-XE5S_2025_0526_1101,0.0,0.5
KHT-XE5S,2025-09-25 14:00:00,9.3645,10.989,KHT-XE5S_2025_0526_1101,0.00010000000000012221,0.5
KHT-XE5S,2025-09-25 14:10:00,9.3631,10.989,KHT-XE5S_2025_0526_1101,0.0,0.5
KHT-XE5S,2025-09-25 14:20:00,9.3615,10.987,KHT-XE5S_2025_0526_1101,0.0002000000000000668,0.5
KHT-XE5S,2025-09-25 14:30:00,9.3586,10.988,KHT-XE5S_2025_0526_1101,9.999999999994457e-05,0.5
KHT-XE5S,2025-09-25 14:40:00,9.3563,10.989,KHT-XE5S_2025_0526_1101,0.00010000000000012221,0.5
KHT-XE5S,2025-09-25 14:50:00,9.355,10.985,KHT-XE5S_2025_0526_1101,0.0004000000000001336,0.5
KHT-XE5S,2025-09-25 15:00:00,9.3525,10.989,KHT-XE5S_2025_0526_1101,0.0004000000000001336,0.5
KHT-XE5S,2025-09-25 15:10:00,9.3505,10.988,KHT-XE5S_2025_0526_1101,0.00010000000000012221,0.5
KHT-XE5S,2025-09-25 15:20:00,9.3493,10.987,KHT-XE5S_2025_0526_1101,9.999999999994457e-05,0.5
KHT-XE5S,2025-09-25 15:30:00,9.347,10.987,KHT-XE5S_2025_0526_1101,0.0,0.5
KHT-XE5S,2025-09-25 15:40:00,9.3458,10.987,KHT-XE5S_2025_0526_1101,0.0,0.5
KHT-XE5S,2025-09-25 15:50:00,9.345,10.989,KHT-XE5S_2025_0526_1101,0.0002000000000000668,0.5
KHT-XE5S,2025-09-25 16:00:00,9.3436,10.986,KHT-XE5S_2025_0526_1101,0.00030000000000001136,0.5
KHT-XE5S,2025-09-25 16:10:00,9.3431,10.987,KHT-XE5S_2025_0526_1101,9.999999999994457e-05,0.5
KHT-XE5S,2025-09-25 16:20:00,9.3435,10.988,KHT-XE5S_2025_0526_1101,9.999999999994457e-05,0.5
KHT-XE5S,2025-09-25 16:30:00,9.3425,10.988,KHT-XE5S_2025_0526_1101,0.0,0.5
KHT-XE5S,2025-09-25 16:40:00,9.3412,10.985,KHT-XE5S_2025_0526_1101,0.00030000000000001136,0.5
KHT-XE5S,2025-09-25 16:50:00,9.3404,10.99,KHT-XE5S_2025_0526_1101,0.0005000000000000782,0.5
KHT-XE5S,2025-09-25 17:00:00,9.3393,10.987,KHT-XE5S_2025_0526_1101,0.00030000000000001136,0.5
KHT-XE5S,2025-09-25 17:10:00,9.3391,10.987,KHT-XE5S_2025_0526_1101,0.0,0.5
KHT-XE5S,2025-09-25 17:20:00,9.339,10.986,KHT-XE5S_2025_0526_1101,9.999999999994457e-05,0.5
KHT-XE5S,2025-09-25 17:30:00,9.3395,10.986,KHT-XE5S_2025_0526_1101,0.0,0.5
KHT-XE5S,2025-09-25 17:40:00,9.3392,10.985,KHT-XE5S_2025_0526_1101,0.00010000000000012221,0.5
KHT-XE5S,2025-09-25 17:50:00,9.3396,10.986,KHT-XE5S_2025_0526_1101,0.00010000000000012221,0.5
KHT-XE5S,2025-09-25 18:00:00,9.341,10.987,KHT-XE5S_2025_0526_1101,9.999999999994457e-05,0.5
KHT-XE5S,2025-09-25 18:10:00,9.3409,10.986,KHT-XE5S_2025_0526_1101,9.999999999994457e-05,0.5
KHT-XE5S,2025-09-25 18:20:00,9.3414,10.986,KHT-XE5S_2025_0526_1101,0.0,0.5
KHT-XE5S,2025-09-25 18:30:00,9.3421,10.987,KHT-XE5S_2025_0526_1101,9.999999999994457e-05,0.5
KHT-XE5S,2025-09-25 18:40:00,9.3437,10.986,KHT-XE5S_2025_0526_1101,9.999999999994457e-05,0.5
KHT-XE5S,2025-09-25 18:50:00,9.3446,10.985,KHT-XE5S_2025_0526_1101,0.00010000000000012221,0.5
KHT-XE5S,2025-09-25 19:00:00,9.3458,10.986,KHT-XE5S_2025_0526_1101,0.00010000000000012221,0.5
KHT-XE5S,2025-09-25 19:10:00,9.3469,10.985,KHT-XE5S_2025_0526_1101,0.00010000000000012221,0.5
KHT-XE5S,2025-09-25 19:20:00,9.3477,10.985,KHT-XE5S_2025_0526_1101,0.0,0.5
KHT-XE5S,2025-09-25 19:30:00,9.3476,10.986,KHT-XE5S_2025_0526_1101,0.00010000000000012221,0.5
KHT-XE5S,2025-09-25 19:40:00,9.348,10.986,KHT-XE5S_2025_0526_1101,0.0,0.5
KHT-XE5S,2025-09-25 19:50:00,9.3493,10.986,KHT-XE5S_2025_0526_1101,0.0,0.5
KHT-XE5S,2025-09-25 20:00:00,9.3501,10.986,KHT-XE5S_2025_0526_1101,0.0,0.5
KHT-XE5S,2025-09-25 20:10:00,9.3505,10.987,KHT-XE5S_2025_0526_1101,9.999999999994457e-05,0.5
KHT-XE5S,2025-09-25 20:20:00,9.3521,10.986,KHT-XE5S_2025_0526_1101,9.999999999994457e-05,0.5
KHT-XE5S,2025-09-25 20:30:00,9.3533,10.986,KHT-XE5S_2025_0526_1101,0.0,0.5
KHT-XE5S,2025-09-25 20:40:00,9.3541,10.986,KHT-XE5S_2025_0526_1101,0.0,0.5
KHT-XE5S,2025-09-25 20:50:00,9.3549,10.985,KHT-XE5S_2025_0526_1101,0.00010000000000012221,0.5
KHT-XE5S,2025-09-25 21:00:00,9.3555,10.985,KHT-XE5S_2025_0526_1101,0.0,0.5
KHT-XE5S,2025-09-25 21:10:00,9.356,10.988,KHT-XE5S_2025_0526_1101,0.00030000000000001136,0.5
KHT-XE5S,2025-09-25 21:20:00,9.3578,10.986,KHT-XE5S_2025_0526_1101,0.00019999999999988915,0.5
KHT-XE5S,2025-09-25 21:30:00,9.359,10.987,KHT-XE5S_2025_0526_1101,9.999999999994457e-05,0.5
KHT-XE5S,2025-09-25 21:40:00,9.3596,10.985,KHT-XE5S_2025_0526_1101,0.0002000000000000668,0.5
KHT-XE5S,2025-09-25 21:50:00,9.3597,10.985,KHT-XE5S_2025_0526_1101,0.0,0.5
KHT-XE5S,2025-09-25 22:00:00,9.3608,10.987,KHT-XE5S_2025_0526_1101,0.0002000000000000668,0.5
KHT-XE5S,2025-09-25 22:10:00,9.3608,10.988,KHT-XE5S_2025_0526_1101,9.999999999994457e-05,0.5
KHT-XE5S,2025-09-25 22:20:00,9.3605,10.987,KHT-XE5S_2025_0526_1101,9.999999999994457e-05,0.5
KHT-XE5S,2025-09-25 22:30:00,9.3611,10.986,KHT-XE5S_2025_0526_1101,9.999999999994457e-05,0.5
KHT-XE5S,2025-09-25 22:40:00,9.3609,10.986,KHT-XE5S_2025_0526_1101,0.0,0.5
KHT-XE5S,2025-09-25 22:50:00,9.3616,10.986,KHT-XE5S_2025_0526_1101,0.0,0.5
KHT-XE5S,2025-09-25 23:00:00,9.3618,10.986,KHT-XE5S_2025_0526_1101,0.0,0.5
KHT-XE5S,2025-09-25 23:10:00,9.3616,10.987,KHT-XE5S_2025_0526_1101,9.999999999994457e-05,0.5
KHT-XE5S,2025-09-25 23:20:00,9.3616,10.986,KHT-XE5S_2025_0526_1101,9.999999999994457e-05,0.5
KHT-XE5S,2025-09-25 23:30:00,9.3621,10.986,KHT-XE5S_2025_0526_1101,0.0,0.5
KHT-XE5S,2025-09-25 23:40:00,9.3631,10.985,KHT-XE5S_2025_0526_1101,0.00010000000000012221,0.5
KHT-XE5S,2025-09-25 23:50:00,9.3633,10.987,KHT-XE5S_2025_0526_1101,0.0002000000000000668,0.5
KHT-XE5S,2025-09-26 00:00:00,9.366,10.983,KHT-XE5S_2025_0526_1101,0.00039999999999995595,0.5
KHT-XE5S,2025-09-26 00:10:00,9.3667,10.987,KHT-XE5S_2025_0526_1101,0.00039999999999995595,0.5
KHT-XE5S,2025-09-26 00:20:00,9.3674,10.985,KHT-XE5S_2025_0526_1101,0.0002000000000000668,0.5
KHT-XE5S,2025-09-26 00:30:00,9.368,10.987,KHT-XE5S_2025_0526_1101,0.0002000000000000668,0.5
KHT-XE5S,2025-09-26 00:40:00,9.3695,10.985,KHT-XE5S_2025_0526_1101,0.0002000000000000668,0.5
KHT-XE5S,2025-09-26 00:50:00,9.3704,10.986,KHT-XE5S_2025_0526_1101,0.00010000000000012221,0.5
KHT-XE5S,2025-09-26 01:00:00,9.3708,10.986,KHT-XE5S_2025_0526_1101,0.0,0.5
KHT-XE5S,2025-09-26 01:10:00,9.3711,10.985,KHT-XE5S_2025_0526_1101,0.00010000000000012221,0.5
KHT-XE5S,2025-09-26 01:20:00,9.3706,10.986,KHT-XE5S_2025_0526_1101,0.00010000000000012221,0.5
KHT-XE5S,2025-09-26 01:30:00,9.3714,10.985,KHT-XE5S_2025_0526_1101,0.00010000000000012221,0.5
KHT-XE5S,2025-09-26 01:40:00,9.3724,10.987,KHT-XE5S_2025_0526_1101,0.0002000000000000668,0.5
KHT-XE5S,2025-09-26 01:50:00,9.3731,10.988,KHT-XE5S_2025_0526_1101,9.999999999994457e-05,0.5
KHT-XE5S,2025-09-26 02:00:00,9.3725,10.985,KHT-XE5S_2025_0526_1101,0.00030000000000001136,0.5
KHT-XE5S,2025-09-26 02:10:00,9.3732,10.986,KHT-XE5S_2025_0526_1101,0.00010000000000012221,0.5
KHT-XE5S,2025-09-26 02:20:00,9.3744,10.986,KHT-XE5S_2025_0526_1101,0.0,0.5
KHT-XE5S,2025-09-26 02:30:00,9.3759,10.986,KHT-XE5S_2025_0526_1101,0.0,0.5
KHT-XE5S,2025-09-26 02:40:00,9.3768,10.986,KHT-XE5S_2025_0526_1101,0.0,0.5
KHT-XE5S,2025-09-26 02:50:00,9.3769,10.986,KHT-XE5S_2025_0526_1101,0.0,0.5
KHT-XE5S,2025-09-26 03:00:00,9.3772,10.987,KHT-XE5S_2025_0526_1101,9.999999999994457e-05,0.5
KHT-XE5S,2025-09-26 03:10:00,9.3769,10.986,KHT-XE5S_2025_0526_1101,9.999999999994457e-05,0.5
KHT-XE5S,2025-09-26 03:20:00,9.3765,10.987,KHT-XE5S_2025_0526_1101,9.999999999994457e-05,0.5
KHT-XE5S,2025-09-26 03:30:00,9.3774,10.986,KHT-XE5S_2025_0526_1101,9.999999999994457e-05,0.5
KHT-XE5S,2025-09-26 03:40:00,9.3769,10.987,KHT-XE5S_2025_0526_1101,9.999999999994457e-05,0.5
KHT-XE5S,2025-09-26 03:50:00,9.3779,10.984,KHT-XE5S_2025_0526_1101,0.00030000000000001136,0.5
KHT-XE5S,2025-09-26 04:00:00,9.3766,10.986,KHT-XE5S_2025_0526_1101,0.0002000000000000668,0.5
KHT-XE5S,2025-09-26 04:10:00,9.3768,10.984,KHT-XE5S_2025_0526_1101,0.0002000000000000668,0.5
KHT-XE5S,2025-09-26 04:20:00,9.3758,10.986,KHT-XE5S_2025_0526_1101,0.0002000000000000668,0.5
KHT-XE5S,2025-09-26 04:30:00,9.3754,10.986,KHT-XE5S_2025_0526_1101,0.0,0.5
KHT-XE5S,2025-09-26 04:40:00,9.3733,10.985,KHT-XE5S_2025_0526_1101,0.00010000000000012221,0.5
KHT-XE5S,2025-09-26 04:50:00,9.374,10.985,KHT-XE5S_2025_0526_1101,0.0,0.5
KHT-XE5S,2025-09-26 05:00:00,9.3746,10.986,KHT-XE5S_2025_0526_1101,0.00010000000000012221,0.5
KHT-XE5S,2025-09-26 05:10:00,9.375,10.985,KHT-XE5S_2025_0526_1101,0.00010000000000012221,0.5
KHT-XE5S,2025-09-26 05:20:00,9.3738,10.985,KHT-XE5S_2025_0526_1101,0.0,0.5
KHT-XE5S,2025-09-26 05:30:00,9.3744,10.986,KHT-XE5S_2025_0526_1101,0.00010000000000012221,0.5
KHT-XE5S,2025-09-26 05:40:00,9.3754,10.985,KHT-XE5S_2025_0526_1101,0.00010000000000012221,0.5
KHT-XE5S,2025-09-26 05:50:00,9.3763,10.986,KHT-XE5S_2025_0526_1101,0.00010000000000012221,0.5
KHT-XE5S,2025-09-26 06:00:00,9.3769,10.985,KHT-XE5S_2025_0526_1101,0.00010000000000012221,0.5
KHT-XE5S,2025-09-26 06:10:00,9.3785,10.986,KHT-XE5S_2025_0526_1101,0.00010000000000012221,0.5
KHT-XE5S,2025-09-26 06:20:00,9.3786,10.986,KHT-XE5S_2025_0526_1101,0.0,0.5
KHT-XE5S,2025-09-26 06:30:00,9.3797,10.987,KHT-XE5S_2025_0526_1101,9.999999999994457e-05,0.5
KHT-XE5S,2025-09-26 06:40:00,9.3807,10.985,KHT-XE5S_2025_0526_1101,0.0002000000000000668,0.5
KHT-XE5S,2025-09-26 06:50:00,9.3806,10.984,KHT-XE5S_2025_0526_1101,9.999999999994457e-05,0.5
KHT-XE5S,2025-09-26 07:00:00,9.381,10.985,KHT-XE5S_2025_0526_1101,9.999999999994457e-05,0.5
KHT-XE5S,2025-09-26 07:10:00,9.3817,10.984,KHT-XE5S_2025_0526_1101,9.999999999994457e-05,0.5
KHT-XE5S,2025-09-26 07:20:00,9.3822,10.983,KHT-XE5S_2025_0526_1101,9.999999999994457e-05,0.5
KHT-XE5S,2025-09-26 07:30:00,9.3833,10.985,KHT-XE5S_2025_0526_1101,0.00019999999999988915,0.5
KHT-XE5S,2025-09-26 07:40:00,9.3844,10.985,KHT-XE5S_2025_0526_1101,0.0,0.5
KHT-XE5S,2025-09-26 07:50:00,9.3848,10.985,KHT-XE5S_2025_0526_1101,0.0,0.5
KHT-XE5S,2025-09-26 08:00:00,9.3862,10.985,KHT-XE5S_2025_0526_1101,0.0,0.5
KHT-XE5S,2025-09-26 08:10:00,9.3823,10.984,KHT-XE5S_2025_0526_1101,9.999999999994457e-05,0.5
KHT-XE5S,2025-09-26 08:20:00,9.382,10.984,KHT-XE5S_2025_0526_1101,0.0,0.5
KHT-XE5S,2025-09-26 08:30:00,9.3822,10.984,KHT-XE5S_2025_0526_1101,0.0,0.5
KHT-XE5S,2025-09-26 08:40:00,9.3826,10.983,KHT-XE5S_2025_0526_1101,9.999999999994457e-05,0.5
KHT-XE5S,2025-09-26 08:50:00,9.3829,10.984,KHT-XE5S_2025_0526_1101,9.999999999994457e-05,0.5
KHT-XE5S,2025-09-26 09:00:00,9.3835,10.984,KHT-XE5S_2025_0526_1101,0.0,0.5
KHT-XE5S,2025-09-26 09:10:00,9.3816,10.983,KHT-XE5S_2025_0526_1101,9.999999999994457e-05,0.5
KHT-XE5S,2025-09-26 09:20:00,9.3814,10.984,KHT-XE5S_2025_0526_1101,9.999999999994457e-05,0.5
KHT-XE5S,2025-09-26 09:30:00,9.3798,10.987,KHT-XE5S_2025_0526_1101,0.00030000000000001136,0.5
KHT-XE5S,2025-09-26 09:40:00,9.3797,10.988,KHT-XE5S_2025_0526_1101,9.999999999994457e-05,0.5
KHT-XE5S,2025-09-26 09:50:00,9.3796,10.985,KHT-XE5S_2025_0526_1101,0.00030000000000001136,0.5
KHT-XE5S,2025-09-26 10:00:00,9.379,10.985,KHT-XE5S_2025_0526_1101,0.0,0.5
KHT-XE5S,2025-09-26 10:10:00,9.3779,10.985,KHT-XE5S_2025_0526_1101,0.0,0.5
KHT-XE5S,2025-09-26 10:20:00,9.3781,10.986,KHT-XE5S_2025_0526_1101,0.00010000000000012221,0.5
KHT-XE5S,2025-09-26 10:30:00,9.3771,10.983,KHT-XE5S_2025_0526_1101,0.00030000000000001136,0.5
KHT-XE5S,2025-09-26 10:40:00,9.3754,10.984,KHT-XE5S_2025_0526_1101,9.999999999994457e-05,0.5
KHT-XE5S,2025-09-26 10:50:00,9.3734,10.984,KHT-XE5S_2025_0526_1101,0.0,0.5
KHT-XE5S,2025-09-26 11:00:00,9.3723,10.985,KHT-XE5S_2025_0526_1101,9.999999999994457e-05,0.5
KHT-XE5S,2025-09-26 11:10:00,9.3709,10.984,KHT-XE5S_2025_0526_1101,9.999999999994457e-05,0.5
KHT-XE5S,2025-09-26 11:20:00,9.3684,10.984,KHT-XE5S_2025_0526_1101,0.0,0.5
KHT-XE5S,2025-09-26 11:30:00,9.3665,10.985,KHT-XE5S_2025_0526_1101,9.999999999994457e-05,0.5
KHT-XE5S,2025-09-26 11:40:00,9.3645,10.984,KHT-XE5S_2025_0526_1101,9.999999999994457e-05,0.5
KHT-XE5S,2025-09-26 11:50:00,9.3627,10.985,KHT-XE5S_2025_0526_1101,9.999999999994457e-05,0.5
KHT-XE5S,2025-09-26 12:00:00,9.3613,10.985,KHT-XE5S_2025_0526_1101,0.0,0.5
KHT-XE5S,2025-09-26 12:10:00,9.3601,10.985,KHT-XE5S_2025_0526_1101,0.0,0.5
KHT-XE5S,2025-09-26 12:20:00,9.3593,10.985,KHT-XE5S_2025_0526_1101,0.0,0.5
KHT-XE5S,2025-09-26 12:30:00,9.3564,10.983,KHT-XE5S_2025_0526_1101,0.00019999999999988915,0.5
KHT-XE5S,2025-09-26 12:40:00,9.3552,10.984,KHT-XE5S_2025_0526_1101,9.999999999994457e-05,0.5
KHT-XE5S,2025-09-26 12:50:00,9.3537,10.983,KHT-XE5S_2025_0526_1101,9.999999999994457e-05,0.5
KHT-XE5S,2025-09-26 13:00:00,9.3521,10.984,KHT-XE5S_2025_0526_1101,9.999999999994457e-05,0.5
KHT-XE5S,2025-09-26 13:10:00,9.35,10.984,KHT-XE5S_2025_0526_1101,0.0,0.5
KHT-XE5S,2025-09-26 13:20:00,9.3483,10.984,KHT-XE5S_2025_0526_1101,0.0,0.5
KHT-XE5S,2025-09-26 13:30:00,9.3469,10.983,KHT-XE5S_2025_0526_1101,9.999999999994457e-05,0.5
KHT-XE5S,2025-09-26 13:40:00,9.3454,10.982,KHT-XE5S_2025_0526_1101,0.00010000000000012221,0.5
KHT-XE5S,2025-09-26 13:50:00,9.3441,10.985,KHT-XE5S_2025_0526_1101,0.00030000000000001136,0.5
KHT-XE5S,2025-09-26 14:00:00,9.3415,10.985,KHT-XE5S_2025_0526_1101,0.0,0.5
KHT-XE5S,2025-09-26 14:10:00,9.3396,10.984,KHT-XE5S_2025_0526_1101,9.999999999994457e-05,0.5
KHT-XE5S,2025-09-26 14:20:00,9.3389,10.983,KHT-XE5S_2025_0526_1101,9.999999999994457e-05,0.5
KHT-XE5S,2025-09-26 14:30:00,9.3362,10.985,KHT-XE5S_2025_0526_1101,0.00019999999999988915,0.5
KHT-XE5S,2025-09-26 14:40:00,9.336,10.985,KHT-XE5S_2025_0526_1101,0.0,0.5
KHT-XE5S,2025-09-26 14:50:00,9.3343,10.982,KHT-XE5S_2025_0526_1101,0.00030000000000001136,0.5
KHT-XE5S,2025-09-26 15:00:00,9.3322,10.983,KHT-XE5S_2025_0526_1101,0.00010000000000012221,0.5
KHT-XE5S,2025-09-26 15:10:00,9.3313,10.984,KHT-XE5S_2025_0526_1101,9.999999999994457e-05,0.5
KHT-XE5S,2025-09-26 15:20:00,9.3303,10.985,KHT-XE5S_2025_0526_1101,9.999999999994457e-05,0.5
KHT-XE5S,2025-09-26 15:30:00,9.3299,10.984,KHT-XE5S_2025_0526_1101,9.999999999994457e-05,0.5
KHT-XE5S,2025-09-26 15:40:00,9.3285,10.985,KHT-XE5S_2025_0526_1101,9.999999999994457e-05,0.5
KHT-XE5S,2025-09-26 15:50:00,9.3273,10.983,KHT-XE5S_2025_0526_1101,0.00019999999999988915,0.5
KHT-XE5S,2025-09-26 16:00:00,9.3263,10.983,KHT-XE5S_2025_0526_1101,0.0,0.5
KHT-XE5S,2025-09-26 16:10:00,9.3259,10.984,KHT-XE5S_2025_0526_1101,9.999999999994457e-05,0.5
KHT-XE5S,2025-09-26 16:20:00,9.3255,10.983,KHT-XE5S_2025_0526_1101,9.999999999994457e-05,0.5
KHT-XE5S,2025-09-26 16:30:00,9.3253,10.985,KHT-XE5S_2025_0526_1101,0.00019999999999988915,0.5
KHT-XE5S,2025-09-26 16:40:00,9.3254,10.983,KHT-XE5S_2025_0526_1101,0.00019999999999988915,0.5
KHT-XE5S,2025-09-26 16:50:00,9.3249,10.982,KHT-XE5S_2025_0526_1101,0.00010000000000012221,0.5
KHT-XE5S,2025-09-26 17:00:00,9.3244,10.983,KHT-XE5S_2025_0526_1101,0.00010000000000012221,0.5
KHT-XE5S,2025-09-26 17:10:00,9.3244,10.984,KHT-XE5S_2025_0526_1101,9.999999999994457e-05,0.5
KHT-XE5S,2025-09-26 17:20:00,9.3235,10.984,KHT-XE5S_2025_0526_1101,0.0,0.5
KHT-XE5S,2025-09-26 17:30:00,9.3236,10.983,KHT-XE5S_2025_0526_1101,9.999999999994457e-05,0.5
KHT-XE5S,2025-09-26 17:40:00,9.324,10.986,KHT-XE5S_2025_0526_1101,0.00030000000000001136,0.5
KHT-XE5S,2025-09-26 17:50:00,9.3237,10.981,KHT-XE5S_2025_0526_1101,0.0005000000000000782,0.5
KHT-XE5S,2025-09-26 18:00:00,9.3244,10.985,KHT-XE5S_2025_0526_1101,0.00039999999999995595,0.5
KHT-XE5S,2025-09-26 18:10:00,9.3254,10.983,KHT-XE5S_2025_0526_1101,0.00019999999999988915,0.5
KHT-XE5S,2025-09-26 18:20:00,9.3265,10.982,KHT-XE5S_2025_0526_1101,0.00010000000000012221,0.5
KHT-XE5S,2025-09-26 18:30:00,9.3278,10.984,KHT-XE5S_2025_0526_1101,0.0002000000000000668,0.5
KHT-XE5S,2025-09-26 18:40:00,9.3283,10.981,KHT-XE5S_2025_0526_1101,0.00030000000000001136,0.5
KHT-XE5S,2025-09-26 18:50:00,9.3298,10.983,KHT-XE5S_2025_0526_1101,0.0002000000000000668,0.5
KHT-XE5S,2025-09-26 19:00:00,9.3315,10.98,KHT-XE5S_2025_0526_1101,0.00030000000000001136,0.5
KHT-XE5S,2025-09-26 19:10:00,9.3325,10.982,KHT-XE5S_2025_0526_1101,0.00019999999999988915,0.5
KHT-XE5S,2025-09-26 19:20:00,9.3337,10.981,KHT-XE5S_2025_0526_1101,9.999999999994457e-05,0.5
KHT-XE5S,2025-09-26 19:30:00,9.3344,10.983,KHT-XE5S_2025_0526_1101,0.0002000000000000668,0.5
KHT-XE5S,2025-09-26 19:40:00,9.3361,10.984,KHT-XE5S_2025_0526_1101,9.999999999994457e-05,0.5
KHT-XE5S,2025-09-26 19:50:00,9.3376,10.983,KHT-XE5S_2025_0526_1101,9.999999999994457e-05,0.5
KHT-XE5S,2025-09-26 20:00:00,9.3394,10.983,KHT-XE5S_2025_0526_1101,0.0,0.5
KHT-XE5S,2025-09-26 20:10:00,9.3404,10.98,KHT-XE5S_2025_0526_1101,0.00030000000000001136,0.5
KHT-XE5S,2025-09-26 20:20:00,9.3412,10.981,KHT-XE5S_2025_0526_1101,9.999999999994457e-05,0.5
KHT-XE5S,2025-09-26 20:30:00,9.3428,10.981,KHT-XE5S_2025_0526_1101,0.0,0.5
KHT-XE5S,2025-09-26 20:40:00,9.3438,10.981,KHT-XE5S_2025_0526_1101,0.0,0.5
KHT-XE5S,2025-09-26 20:50:00,9.3454,10.983,KHT-XE5S_2025_0526_1101,0.0002000000000000668,0.5
KHT-XE5S,2025-09-26 21:00:00,9.3462,10.982,KHT-XE5S_2025_0526_1101,0.00010000000000012221,0.5
KHT-XE5S,2025-09-26 21:10:00,9.3478,10.981,KHT-XE5S_2025_0526_1101,9.999999999994457e-05,0.5
KHT-XE5S,2025-09-26 21:20:00,9.3481,10.981,KHT-XE5S_2025_0526_1101,0.0,0.5
KHT-XE5S,2025-09-26 21:30:00,9.349,10.982,KHT-XE5S_2025_0526_1101,9.999999999994457e-05,0.5
KHT-XE5S,2025-09-26 21:40:00,9.3494,10.983,KHT-XE5S_2025_0526_1101,0.00010000000000012221,0.5
KHT-XE5S,2025-09-26 21:50:00,9.3495,10.982,KHT-XE5S_2025_0526_1101,0.00010000000000012221,0.5
KHT-XE5S,2025-09-26 22:00:00,9.3501,10.982,KHT-XE5S_2025_0526_1101,0.0,0.5
KHT-XE5S,2025-09-26 22:10:00,9.3506,10.982,KHT-XE5S_2025_0526_1101,0.0,0.5
KHT-XE5S,2025-09-26 22:20:00,9.35,10.98,KHT-XE5S_2025_0526_1101,0.00019999999999988915,0.5
KHT-XE5S,2025-09-26 22:30:00,9.3502,10.979,KHT-XE5S_2025_0526_1101,0.00010000000000012221,0.5
KHT-XE5S,2025-09-26 22:40:00,9.3509,10.983,KHT-XE5S_2025_0526_1101,0.0004000000000001336,0.5
KHT-XE5S,2025-09-26 22:50:00,9.3517,10.981,KHT-XE5S_2025_0526_1101,0.0002000000000000668,0.5
KHT-XE5S,2025-09-26 23:00:00,9.352,10.983,KHT-XE5S_2025_0526_1101,0.0002000000000000668,0.5
KHT-XE5S,2025-09-26 23:10:00,9.3524,10.982,KHT-XE5S_2025_0526_1101,0.00010000000000012221,0.5
KHT-XE5S,2025-09-26 23:20:00,9.3525,10.981,KHT-XE5S_2025_0526_1101,9.999999999994457e-05,0.5
KHT-XE5S,2025-09-26 23:30:00,9.3523,10.981,KHT-XE5S_2025_0526_1101,0.0,0.5
KHT-XE5S,2025-09-26 23:40:00,9.3525,10.981,KHT-XE5S_2025_0526_1101,0.0,0.5
KHT-XE5S,2025-09-26 23:50:00,9.3526,10.981,KHT-XE5S_2025_0526_1101,0.0,0.5
KHT-XE5S,2025-09-27 00:00:00,9.3526,10.979,KHT-XE5S_2025_0526_1101,0.0002000000000000668,0.5
KHT-XE5S,2025-09-27 00:10:00,9.3525,10.982,KHT-XE5S_2025_0526_1101,0.00030000000000001136,0.5
KHT-XE5S,2025-09-27 00:20:00,9.3527,10.981,KHT-XE5S_2025_0526_1101,9.999999999994457e-05,0.5
KHT-XE5S,2025-09-27 00:30:00,9.3531,10.981,KHT-XE5S_2025_0526_1101,0.0,0.5
KHT-XE5S,2025-09-27 00:40:00,9.3524,10.983,KHT-XE5S_2025_0526_1101,0.0002000000000000668,0.5
KHT-XE5S,2025-09-27 00:50:00,9.3529,10.982,KHT-XE5S_2025_0526_1101,0.00010000000000012221,0.5
KHT-XE5S,2025-09-27 01:00:00,9.3544,10.982,KHT-XE5S_2025_0526_1101,0.0,0.5
KHT-XE5S,2025-09-27 01:10:00,9.3552,10.981,KHT-XE5S_2025_0526_1101,9.999999999994457e-05,0.5
KHT-XE5S,2025-09-27 01:20:00,9.3553,10.982,KHT-XE5S_2025_0526_1101,9.999999999994457e-05,0.5
KHT-XE5S,2025-09-27 01:30:00,9.355,10.982,KHT-XE5S_2025_0526_1101,0.0,0.5
KHT-XE5S,2025-09-27 01:40:00,9.3552,10.981,KHT-XE5S_2025_0526_1101,9.999999999994457e-05,0.5
KHT-XE5S,2025-09-27 01:50:00,9.355,10.981,KHT-XE5S_2025_0526_1101,0.0,0.5
KHT-XE5S,2025-09-27 02:00:00,9.3555,10.982,KHT-XE5S_2025_0526_1101,9.999999999994457e-05,0.5
KHT-XE5S,2025-09-27 02:10:00,9.356,10.98,KHT-XE5S_2025_0526_1101,0.00019999999999988915,0.5
KHT-XE5S,2025-09-27 02:20:00,9.3554,10.982,KHT-XE5S_2025_0526_1101,0.00019999999999988915,0.5
KHT-XE5S,2025-09-27 02:30:00,9.3557,10.981,KHT-XE5S_2025_0526_1101,9.999999999994457e-05,0.5
KHT-XE5S,2025-09-27 02:40:00,9.3559,10.983,KHT-XE5S_2025_0526_1101,0.0002000000000000668,0.5
KHT-XE5S,2025-09-27 02:50:00,9.3555,10.981,KHT-XE5S_2025_0526_1101,0.0002000000000000668,0.5
KHT-XE5S,2025-09-27 03:00:00,9.3554,10.981,KHT-XE5S_2025_0526_1101,0.0,0.5
KHT-XE5S,2025-09-27 03:10:00,9.3555,10.981,KHT-XE5S_2025_0526_1101,0.0,0.5
KHT-XE5S,2025-09-27 03:20:00,9.3554,10.981,KHT-XE5S_2025_0526_1101,0.0,0.5
KHT-XE5S,2025-09-27 03:30:00,9.3558,10.983,KHT-XE5S_2025_0526_1101,0.0002000000000000668,0.5
KHT-XE5S,2025-09-27 03:40:00,9.3556,10.982,KHT-XE5S_2025_0526_1101,0.00010000000000012221,0.5
KHT-XE5S,2025-09-27 03:50:00,9.355,10.981,KHT-XE5S_2025_0526_1101,9.999999999994457e-05,0.5
KHT-XE5S,2025-09-27 04:00:00,9.3547,10.981,KHT-XE5S_2025_0526_1101,0.0,0.5
KHT-XE5S,2025-09-27 04:10:00,9.3544,10.98,KHT-XE5S_2025_0526_1101,9.999999999994457e-05,0.5
KHT-XE5S,2025-09-27 04:20:00,9.3543,10.981,KHT-XE5S_2025_0526_1101,9.999999999994457e-05,0.5
KHT-XE5S,2025-09-27 04:30:00,9.3548,10.98,KHT-XE5S_2025_0526_1101,9.999999999994457e-05,0.5
KHT-XE5S,2025-09-27 04:40:00,9.355,10.981,KHT-XE5S_2025_0526_1101,9.999999999994457e-05,0.5
KHT-XE5S,2025-09-27 04:50:00,9.3544,10.98,KHT-XE5S_2025_0526_1101,9.999999999994457e-05,0.5
KHT-XE5S,2025-09-27 05:00:00,9.3545,10.982,KHT-XE5S_2025_0526_1101,0.00019999999999988915,0.5
KHT-XE5S,2025-09-27 05:10:00,9.3547,10.981,KHT-XE5S_2025_0526_1101,9.999999999994457e-05,0.5
KHT-XE5S,2025-09-27 05:20:00,9.3546,10.981,KHT-XE5S_2025_0526_1101,0.0,0.5
KHT-XE5S,2025-09-27 05:30:00,9.3542,10.98,KHT-XE5S_2025_0526_1101,9.999999999994457e-05,0.5
KHT-XE5S,2025-09-27 05:40:00,9.3542,10.979,KHT-XE5S_2025_0526_1101,0.00010000000000012221,0.5
KHT-XE5S,2025-09-27 05:50:00,9.3543,10.979,KHT-XE5S_2025_0526_1101,0.0,0.5
KHT-XE5S,2025-09-27 06:00:00,9.3549,10.979,KHT-XE5S_2025_0526_1101,0.0,0.5
KHT-XE5S,2025-09-27 06:10:00,9.3553,10.979,KHT-XE5S_2025_0526_1101,0.0,0.5
KHT-XE5S,2025-09-27 06:20:00,9.3563,10.98,KHT-XE5S_2025_0526_1101,0.00010000000000012221,0.5
KHT-XE5S,2025-09-27 06:30:00,9.357,10.981,KHT-XE5S_2025_0526_1101,9.999999999994457e-05,0.5
KHT-XE5S,2025-09-27 06:40:00,9.3579,10.98,KHT-XE5S_2025_0526_1101,9.999999999994457e-05,0.5
KHT-XE5S,2025-09-27 06:50:00,9.358,10.981,KHT-XE5S_2025_0526_1101,9.999999999994457e-05,0.5
KHT-XE5S,2025-09-27 07:00:00,9.3583,10.979,KHT-XE5S_2025_0526_1101,0.0002000000000000668,0.5
KHT-XE5S,2025-09-27 07:10:00,9.3588,10.979,KHT-XE5S_2025_0526_1101,0.0,0.5
KHT-XE5S,2025-09-27 07:20:00,9.3595,10.98,KHT-XE5S_2025_0526_1101,0.00010000000000012221,0.5
KHT-XE5S,2025-09-27 07:30:00,9.3602,10.98,KHT-XE5S_2025_0526_1101,0.0,0.5
KHT-XE5S,2025-09-27 07:40:00,9.3598,10.979,KHT-XE5S_2025_0526_1101,0.00010000000000012221,0.5
KHT-XE5S,2025-09-27 07:50:00,9.3603,10.979,KHT-XE5S_2025_0526_1101,0.0,0.5
KHT-XE5S,2025-09-27 08:00:00,9.361,10.979,KHT-XE5S_2025_0526_1101,0.0,0.5
KHT-XE5S,2025-09-27 08:10:00,9.3612,10.981,KHT-XE5S_2025_0526_1101,0.0002000000000000668,0.5
KHT-XE5S,2025-09-27 08:20:00,9.3614,10.98,KHT-XE5S_2025_0526_1101,9.999999999994457e-05,0.5
KHT-XE5S,2025-09-27 08:30:00,9.3607,10.98,KHT-XE5S_2025_0526_1101,0.0,0.5
KHT-XE5S,2025-09-27 08:40:00,9.3608,10.979,KHT-XE5S_2025_0526_1101,0.00010000000000012221,0.5
KHT-XE5S,2025-09-27 08:50:00,9.3603,10.98,KHT-XE5S_2025_0526_1101,0.00010000000000012221,0.5
KHT-XE5S,2025-09-27 09:00:00,9.3598,10.98,KHT-XE5S_2025_0526_1101,0.0,0.5
KHT-XE5S,2025-09-27 09:10:00,9.3594,10.98,KHT-XE5S_2025_0526_1101,0.0,0.5
KHT-XE5S,2025-09-27 09:20:00,9.3594,10.979,KHT-XE5S_2025_0526_1101,0.00010000000000012221,0.5
KHT-XE5S,2025-09-27 09:30:00,9.3587,10.98,KHT-XE5S_2025_0526_1101,0.00010000000000012221,0.5
KHT-XE5S,2025-09-27 09:40:00,9.358,10.98,KHT-XE5S_2025_0526_1101,0.0,0.5
KHT-XE5S,2025-09-27 09:50:00,9.3573,10.982,KHT-XE5S_2025_0526_1101,0.00019999999999988915,0.5
KHT-XE5S,2025-09-27 10:00:00,9.3556,10.981,KHT-XE5S_2025_0526_1101,9.999999999994457e-05,0.5
KHT-XE5S,2025-09-27 10:10:00,9.3548,10.981,KHT-XE5S_2025_0526_1101,0.0,0.5
KHT-XE5S,2025-09-27 10:20:00,9.3531,10.981,KHT-XE5S_2025_0526_1101,0.0,0.5
KHT-XE5S,2025-09-27 10:30:00,9.3513,10.979,KHT-XE5S_2025_0526_1101,0.0002000000000000668,0.5
KHT-XE5S,2025-09-27 10:40:00,9.3503,10.981,KHT-XE5S_2025_0526_1101,0.0002000000000000668,0.5
KHT-XE5S,2025-09-27 10:50:00,9.3479,10.981,KHT-XE5S_2025_0526_1101,0.0,0.5
KHT-XE5S,2025-09-27 11:00:00,9.3459,10.98,KHT-XE5S_2025_0526_1101,9.999999999994457e-05,0.5
KHT-XE5S,2025-09-27 11:10:00,9.3441,10.979,KHT-XE5S_2025_0526_1101,0.00010000000000012221,0.5
KHT-XE5S,2025-09-27 11:20:00,9.342,10.98,KHT-XE5S_2025_0526_1101,0.00010000000000012221,0.5
KHT-XE5S,2025-09-27 11:30:00,9.34,10.979,KHT-XE5S_2025_0526_1101,0.00010000000000012221,0.5
KHT-XE5S,2025-09-27 11:40:00,9.3384,10.981,KHT-XE5S_2025_0526_1101,0.0002000000000000668,0.5
KHT-XE5S,2025-09-27 11:50:00,9.3351,10.981,KHT-XE5S_2025_0526_1101,0.0,0.5
KHT-XE5S,2025-09-27 12:00:00,9.3334,10.98,KHT-XE5S_2025_0526_1101,9.999999999994457e-05,0.5
KHT-XE5S,2025-09-27 12:10:00,9.3304,10.98,KHT-XE5S_2025_0526_1101,0.0,0.5
KHT-XE5S,2025-09-27 12:20:00,9.3283,10.98,KHT-XE5S_2025_0526_1101,0.0,0.5
KHT-XE5S,2025-09-27 12:30:00,9.3262,10.981,KHT-XE5S_2025_0526_1101,9.999999999994457e-05,0.5
KHT-XE5S,2025-09-27 12:40:00,9.3239,10.982,KHT-XE5S_2025_0526_1101,9.999999999994457e-05,0.5
KHT-XE5S,2025-09-27 12:50:00,9.3211,10.98,KHT-XE5S_2025_0526_1101,0.00019999999999988915,0.5
KHT-XE5S,2025-09-27 13:00:00,9.3195,10.981,KHT-XE5S_2025_0526_1101,9.999999999994457e-05,0.5
KHT-XE5S,2025-09-27 13:10:00,9.3173,10.98,KHT-XE5S_2025_0526_1101,9.999999999994457e-05,0.5
KHT-XE5S,2025-09-27 13:20:00,9.3151,10.981,KHT-XE5S_2025_0526_1101,9.999999999994457e-05,0.5
KHT-XE5S,2025-09-27 13:30:00,9.3126,10.981,KHT-XE5S_2025_0526_1101,0.0,0.5
KHT-XE5S,2025-09-27 13:40:00,9.3096,10.98,KHT-XE5S_2025_0526_1101,9.999999999994457e-05,0.5
KHT-XE5S,2025-09-27 13:50:00,9.3078,10.981,KHT-XE5S_2025_0526_1101,9.999999999994457e-05,0.5
KHT-XE5S,2025-09-27 14:00:00,9.3057,10.98,KHT-XE5S_2025_0526_1101,9.999999999994457e-05,0.5
KHT-XE5S,2025-09-27 14:10:00,9.3032,10.98,KHT-XE5S_2025_0526_1101,0.0,0.5
KHT-XE5S,2025-09-27 14:20:00,9.3023,10.979,KHT-XE5S_2025_0526_1101,0.00010000000000012221,0.5
KHT-XE5S,2025-09-27 14:30:00,9.3022,10.981,KHT-XE5S_2025_0526_1101,0.0002000000000000668,0.5
KHT-XE5S,2025-09-27 14:40:00,9.3004,10.98,KHT-XE5S_2025_0526_1101,9.999999999994457e-05,0.5
KHT-XE5S,2025-09-27 14:50:00,9.2985,10.981,KHT-XE5S_2025_0526_1101,9.999999999994457e-05,0.5
KHT-XE5S,2025-09-27 15:00:00,9.2974,10.981,KHT-XE5S_2025_0526_1101,0.0,0.5
KHT-XE5S,2025-09-27 15:10:00,9.2957,10.983,KHT-XE5S_2025_0526_1101,0.0002000000000000668,0.5
KHT-XE5S,2025-09-27 15:20:00,9.2956,10.979,KHT-XE5S_2025_0526_1101,0.0004000000000001336,0.5
KHT-XE5S,2025-09-27 15:30:00,9.2959,10.979,KHT-XE5S_2025_0526_1101,0.0,0.5
KHT-XE5S,2025-09-27 15:40:00,9.2958,10.98,KHT-XE5S_2025_0526_1101,0.00010000000000012221,0.5
KHT-XE5S,2025-09-27 15:50:00,9.2966,10.979,KHT-XE5S_2025_0526_1101,0.00010000000000012221,0.5
KHT-XE5S,2025-09-27 16:00:00,9.2967,10.981,KHT-XE5S_2025_0526_1101,0.0002000000000000668,0.5
KHT-XE5S,2025-09-27 16:10:00,9.2976,10.979,KHT-XE5S_2025_0526_1101,0.0002000000000000668,0.5
KHT-XE5S,2025-09-27 16:20:00,9.2976,10.979,KHT-XE5S_2025_0526_1101,0.0,0.5
KHT-XE5S,2025-09-27 16:30:00,9.2983,10.979,KHT-XE5S_2025_0526_1101,0.0,0.5
KHT-XE5S,2025-09-27 16:40:00,9.2982,10.978,KHT-XE5S_2025_0526_1101,9.999999999994457e-05,0.5
KHT-XE5S,2025-09-27 16:50:00,9.2986,10.978,KHT-XE5S_2025_0526_1101,0.0,0.5
KHT-XE5S,2025-09-27 17:00:00,9.2982,10.978,KHT-XE5S_2025_0526_1101,0.0,0.5
KHT-XE5S,2025-09-27 17:10:00,9.2986,10.978,KHT-XE5S_2025_0526_1101,0.0,0.5
KHT-XE5S,2025-09-27 17:20:00,9.2986,10.978,KHT-XE5S_2025_0526_1101,0.0,0.5
KHT-XE5S,2025-09-27 17:30:00,9.2984,10.979,KHT-XE5S_2025_0526_1101,9.999999999994457e-05,0.5
KHT-XE5S,2025-09-27 17:40:00,9.2989,10.979,KHT-XE5S_2025_0526_1101,0.0,0.5
KHT-XE5S,2025-09-27 17:50:00,9.3002,10.98,KHT-XE5S_2025_0526_1101,0.00010000000000012221,0.5
KHT-XE5S,2025-09-27 18:00:00,9.301,10.979,KHT-XE5S_2025_0526_1101,0.00010000000000012221,0.5
KHT-XE5S,2025-09-27 18:10:00,9.3016,10.979,KHT-XE5S_2025_0526_1101,0.0,0.5
KHT-XE5S,2025-09-27 18:20:00,9.3027,10.98,KHT-XE5S_2025_0526_1101,0.00010000000000012221,0.5
KHT-XE5S,2025-09-27 18:30:00,9.3041,10.98,KHT-XE5S_2025_0526_1101,0.0,0.5
KHT-XE5S,2025-09-27 18:40:00,9.3051,10.981,KHT-XE5S_2025_0526_1101,9.999999999994457e-05,0.5
KHT-XE5S,2025-09-27 18:50:00,9.3073,10.978,KHT-XE5S_2025_0526_1101,0.00030000000000001136,0.5
KHT-XE5S,2025-09-27 19:00:00,9.3082,10.979,KHT-XE5S_2025_0526_1101,9.999999999994457e-05,0.5
KHT-XE5S,2025-09-27 19:10:00,9.3095,10.978,KHT-XE5S_2025_0526_1101,9.999999999994457e-05,0.5
KHT-XE5S,2025-09-27 19:20:00,9.311,10.98,KHT-XE5S_2025_0526_1101,0.0002000000000000668,0.5
KHT-XE5S,2025-09-27 19:30:00,9.3125,10.98,KHT-XE5S_2025_0526_1101,0.0,0.5
KHT-XE5S,2025-09-27 19:40:00,9.3135,10.979,KHT-XE5S_2025_0526_1101,0.00010000000000012221,0.5
KHT-XE5S,2025-09-27 19:50:00,9.3148,10.979,KHT-XE5S_2025_0526_1101,0.0,0.5
KHT-XE5S,2025-09-27 20:00:00,9.3164,10.978,KHT-XE5S_2025_0526_1101,9.999999999994457e-05,0.5
KHT-XE5S,2025-09-27 20:10:00,9.3185,10.978,KHT-XE5S_2025_0526_1101,0.0,0.5
KHT-XE5S,2025-09-27 20:20:00,9.3199,10.978,KHT-XE5S_2025_0526_1101,0.0,0.5
KHT-XE5S,2025-09-27 20:30:00,9.3219,10.979,KHT-XE5S_2025_0526_1101,9.999999999994457e-05,0.5
KHT-XE5S,2025-09-27 20:40:00,9.3231,10.98,KHT-XE5S_2025_0526_1101,0.00010000000000012221,0.5
KHT-XE5S,2025-09-27 20:50:00,9.3244,10.977,KHT-XE5S_2025_0526_1101,0.00030000000000001136,0.5
KHT-XE5S,2025-09-27 21:00:00,9.326,10.978,KHT-XE5S_2025_0526_1101,9.999999999994457e-05,0.5
KHT-XE5S,2025-09-27 21:10:00,9.327,10.977,KHT-XE5S_2025_0526_1101,9.999999999994457e-05,0.5
KHT-XE5S,2025-09-27 21:20:00,9.3281,10.978,KHT-XE5S_2025_0526_1101,9.999999999994457e-05,0.5
KHT-XE5S,2025-09-27 21:30:00,9.3296,10.978,KHT-XE5S_2025_0526_1101,0.0,0.5
KHT-XE5S,2025-09-27 21:40:00,9.3303,10.978,KHT-XE5S_2025_0526_1101,0.0,0.5
KHT-XE5S,2025-09-27 21:50:00,9.3329,10.978,KHT-XE5S_2025_0526_1101,0.0,0.5
KHT-XE5S,2025-09-27 22:00:00,9.3341,10.977,KHT-XE5S_2025_0526_1101,9.999999999994457e-05,0.5
KHT-XE5S,2025-09-27 22:10:00,9.3347,10.977,KHT-XE5S_2025_0526_1101,0.0,0.5
KHT-XE5S,2025-09-27 22:20:00,9.3355,10.977,KHT-XE5S_2025_0526_1101,0.0,0.5
KHT-XE5S,2025-09-27 22:30:00,9.3358,10.976,KHT-XE5S_2025_0526_1101,9.999999999994457e-05,0.5
KHT-XE5S,2025-09-27 22:40:00,9.3367,10.977,KHT-XE5S_2025_0526_1101,9.999999999994457e-05,0.5
KHT-XE5S,2025-09-27 22:50:00,9.3374,10.978,KHT-XE5S_2025_0526_1101,9.999999999994457e-05,0.5
KHT-XE5S,2025-09-27 23:00:00,9.3386,10.977,KHT-XE5S_2025_0526_1101,9.999999999994457e-05,0.5
KHT-XE5S,2025-09-27 23:10:00,9.3386,10.976,KHT-XE5S_2025_0526_1101,9.999999999994457e-05,0.5
KHT-XE5S,2025-09-27 23:20:00,9.3391,10.978,KHT-XE5S_2025_0526_1101,0.00019999999999988915,0.5
KHT-XE5S,2025-09-27 23:30:00,9.3398,10.977,KHT-XE5S_2025_0526_1101,9.999999999994457e-05,0.5
KHT-XE5S,2025-09-27 23:40:00,9.3402,10.977,KHT-XE5S_2025_0526_1101,0.0,0.5
KHT-XE5S,2025-09-27 23:50:00,9.34,10.976,KHT-XE5S_2025_0526_1101,9.999999999994457e-05,0.5
KHT-XE5S,2025-09-28 00:00:00,9.3394,10.976,KHT-XE5S_2025_0526_1101,0.0,0.5
KHT-XE5S,2025-09-28 00:10:00,9.34,10.977,KHT-XE5S_2025_0526_1101,9.999999999994457e-05,0.5
KHT-XE5S,2025-09-28 00:20:00,9.3395,10.977,KHT-XE5S_2025_0526_1101,0.0,0.5
KHT-XE5S,2025-09-28 00:30:00,9.3396,10.976,KHT-XE5S_2025_0526_1101,9.999999999994457e-05,0.5
KHT-XE5S,2025-09-28 00:40:00,9.3398,10.976,KHT-XE5S_2025_0526_1101,0.0,0.5
KHT-XE5S,2025-09-28 00:50:00,9.3398,10.976,KHT-XE5S_2025_0526_1101,0.0,0.5
KHT-XE5S,2025-09-28 01:00:00,9.341,10.977,KHT-XE5S_2025_0526_1101,9.999999999994457e-05,0.5
KHT-XE5S,2025-09-28 01:10:00,9.3418,10.975,KHT-XE5S_2025_0526_1101,0.0002000000000000668,0.5
KHT-XE5S,2025-09-28 01:20:00,9.3417,10.977,KHT-XE5S_2025_0526_1101,0.0002000000000000668,0.5
KHT-XE5S,2025-09-28 01:30:00,9.3413,10.976,KHT-XE5S_2025_0526_1101,9.999999999994457e-05,0.5
KHT-XE5S,2025-09-28 01:40:00,9.3413,10.977,KHT-XE5S_2025_0526_1101,9.999999999994457e-05,0.5
KHT-XE5S,2025-09-28 01:50:00,9.3422,10.975,KHT-XE5S_2025_0526_1101,0.0002000000000000668,0.5
KHT-XE5S,2025-09-28 02:00:00,9.3432,10.977,KHT-XE5S_2025_0526_1101,0.0002000000000000668,0.5
KHT-XE5S,2025-09-28 02:10:00,9.3441,10.976,KHT-XE5S_2025_0526_1101,9.999999999994457e-05,0.5
KHT-XE5S,2025-09-28 02:20:00,9.3443,10.976,KHT-XE5S_2025_0526_1101,0.0,0.5
KHT-XE5S,2025-09-28 02:30:00,9.3436,10.977,KHT-XE5S_2025_0526_1101,9.999999999994457e-05,0.5
KHT-XE5S,2025-09-28 02:40:00,9.3438,10.976,KHT-XE5S_2025_0526_1101,9.999999999994457e-05,0.5
KHT-XE5S,2025-09-28 02:50:00,9.3445,10.976,KHT-XE5S_2025_0526_1101,0.0,0.5
KHT-XE5S,2025-09-28 03:00:00,9.3441,10.973,KHT-XE5S_2025_0526_1101,0.00030000000000001136,0.5
KHT-XE5S,2025-09-28 03:10:00,9.3445,10.976,KHT-XE5S_2025_0526_1101,0.00030000000000001136,0.5
KHT-XE5S,2025-09-28 03:20:00,9.3446,10.975,KHT-XE5S_2025_0526_1101,0.00010000000000012221,0.5
KHT-XE5S,2025-09-28 03:30:00,9.3448,10.975,KHT-XE5S_2025_0526_1101,0.0,0.5
KHT-XE5S,2025-09-28 03:40:00,9.3457,10.977,KHT-XE5S_2025_0526_1101,0.0002000000000000668,0.5
KHT-XE5S,2025-09-28 03:50:00,9.3458,10.976,KHT-XE5S_2025_0526_1101,9.999999999994457e-05,0.5
KHT-XE5S,2025-09-28 04:00:00,9.3456,10.975,KHT-XE5S_2025_0526_1101,0.00010000000000012221,0.5
KHT-XE5S,2025-09-28 04:10:00,9.3456,10.975,KHT-XE5S_2025_0526_1101,0.0,0.5
KHT-XE5S,2025-09-28 04:20:00,9.3454,10.975,KHT-XE5S_2025_0526_1101,0.0,0.5
KHT-XE5S,2025-09-28 04:30:00,9.3465,10.976,KHT-XE5S_2025_0526_1101,0.00010000000000012221,0.5
KHT-XE5S,2025-09-28 04:40:00,9.3465,10.975,KHT-XE5S_2025_0526_1101,0.00010000000000012221,0.5
KHT-XE5S,2025-09-28 04:50:00,9.3464,10.974,KHT-XE5S_2025_0526_1101,9.999999999994457e-05,0.5
KHT-XE5S,2025-09-28 05:00:00,9.3468,10.977,KHT-XE5S_2025_0526_1101,0.00030000000000001136,0.5
KHT-XE5S,2025-09-28 05:10:00,9.3475,10.976,KHT-XE5S_2025_0526_1101,9.999999999994457e-05,0.5
KHT-XE5S,2025-09-28 05:20:00,9.348,10.975,KHT-XE5S_2025_0526_1101,0.00010000000000012221,0.5
KHT-XE5S,2025-09-28 05:30:00,9.3487,10.976,KHT-XE5S_2025_0526_1101,0.00010000000000012221,0.5
KHT-XE5S,2025-09-28 05:40:00,9.3497,10.974,KHT-XE5S_2025_0526_1101,0.0002000000000000668,0.5
KHT-XE5S,2025-09-28 05:50:00,9.3498,10.975,KHT-XE5S_2025_0526_1101,9.999999999994457e-05,0.5
KHT-XE5S,2025-09-28 06:00:00,9.3511,10.976,KHT-XE5S_2025_0526_1101,0.00010000000000012221,0.5
KHT-XE5S,2025-09-28 06:10:00,9.3524,10.976,KHT-XE5S_2025_0526_1101,0.0,0.5
KHT-XE5S,2025-09-28 06:20:00,9.3538,10.976,KHT-XE5S_2025_0526_1101,0.0,0.5
KHT-XE5S,2025-09-28 06:30:00,9.3549,10.973,KHT-XE5S_2025_0526_1101,0.00030000000000001136,0.5
KHT-XE5S,2025-09-28 06:40:00,9.3545,10.975,KHT-XE5S_2025_0526_1101,0.00019999999999988915,0.5
KHT-XE5S,2025-09-28 06:50:00,9.3559,10.975,KHT-XE5S_2025_0526_1101,0.0,0.5
KHT-XE5S,2025-09-28 07:00:00,9.3567,10.976,KHT-XE5S_2025_0526_1101,0.00010000000000012221,0.5
KHT-XE5S,2025-09-28 07:10:00,9.3569,10.974,KHT-XE5S_2025_0526_1101,0.0002000000000000668,0.5
KHT-XE5S,2025-09-28 07:20:00,9.3572,10.975,KHT-XE5S_2025_0526_1101,9.999999999994457e-05,0.5
KHT-XE5S,2025-09-28 07:30:00,9.3588,10.974,KHT-XE5S_2025_0526_1101,9.999999999994457e-05,0.5
KHT-XE5S,2025-09-28 07:40:00,9.361,10.974,KHT-XE5S_2025_0526_1101,0.0,0.5
KHT-XE5S,2025-09-28 07:50:00,9.3609,10.974,KHT-XE5S_2025_0526_1101,0.0,0.5
KHT-XE5S,2025-09-28 08:00:00,9.3617,10.975,KHT-XE5S_2025_0526_1101,9.999999999994457e-05,0.5
KHT-XE5S,2025-09-28 08:10:00,9.3619,10.973,KHT-XE5S_2025_0526_1101,0.00019999999999988915,0.5
KHT-XE5S,2025-09-28 08:20:00,9.3619,10.974,KHT-XE5S_2025_0526_1101,9.999999999994457e-05,0.5
KHT-XE5S,2025-09-28 08:30:00,9.3627,10.973,KHT-XE5S_2025_0526_1101,9.999999999994457e-05,0.5
KHT-XE5S,2025-09-28 08:40:00,9.3632,10.975,KHT-XE5S_2025_0526_1101,0.00019999999999988915,0.5
KHT-XE5S,2025-09-28 08:50:00,9.3641,10.975,KHT-XE5S_2025_0526_1101,0.0,0.5
KHT-XE5S,2025-09-28 09:00:00,9.3641,10.975,KHT-XE5S_2025_0526_1101,0.0,0.5
KHT-XE5S,2025-09-28 09:10:00,9.3648,10.974,KHT-XE5S_2025_0526_1101,9.999999999994457e-05,0.5
KHT-XE5S,2025-09-28 09:20:00,9.365,10.973,KHT-XE5S_2025_0526_1101,9.999999999994457e-05,0.5
KHT-XE5S,2025-09-28 09:30:00,9.3658,10.973,KHT-XE5S_2025_0526_1101,0.0,0.5
KHT-XE5S,2025-09-28 09:40:00,9.3651,10.972,KHT-XE5S_2025_0526_1101,0.00010000000000012221,0.5
KHT-XE5S,2025-09-28 09:50:00,9.3648,10.974,KHT-XE5S_2025_0526_1101,0.0002000000000000668,0.5
KHT-XE5S,2025-09-28 10:00:00,9.3637,10.976,KHT-XE5S_2025_0526_1101,0.0002000000000000668,0.5
KHT-XE5S,2025-09-28 10:10:00,9.3637,10.975,KHT-XE5S_2025_0526_1101,0.00010000000000012221,0.5
KHT-XE5S,2025-09-28 10:20:00,9.363,10.974,KHT-XE5S_2025_0526_1101,9.999999999994457e-05,0.5
KHT-XE5S,2025-09-28 10:30:00,9.3629,10.973,KHT-XE5S_2025_0526_1101,9.999999999994457e-05,0.5
KHT-XE5S,2025-09-28 10:40:00,9.362,10.973,KHT-XE5S_2025_0526_1101,0.0,0.5
KHT-XE5S,2025-09-28 10:50:00,9.3619,10.974,KHT-XE5S_2025_0526_1101,9.999999999994457e-05,0.5
KHT-XE5S,2025-09-28 11:00:00,9.3604,10.974,KHT-XE5S_2025_0526_1101,0.0,0.5
KHT-XE5S,2025-09-28 11:10:00,9.3591,10.974,KHT-XE5S_2025_0526_1101,0.0,0.5
KHT-XE5S,2025-09-28 11:20:00,9.358,10.973,KHT-XE5S_2025_0526_1101,9.999999999994457e-05,0.5
KHT-XE5S,2025-09-28 11:30:00,9.3572,10.973,KHT-XE5S_2025_0526_1101,0.0,0.5
KHT-XE5S,2025-09-28 11:40:00,9.3564,10.975,KHT-XE5S_2025_0526_1101,0.00019999999999988915,0.5
KHT-XE5S,2025-09-28 11:50:00,9.3549,10.974,KHT-XE5S_2025_0526_1101,9.999999999994457e-05,0.5
KHT-XE5S,2025-09-28 12:00:00,9.3536,10.972,KHT-XE5S_2025_0526_1101,0.0002000000000000668,0.5
KHT-XE5S,2025-09-28 12:10:00,9.3509,10.973,KHT-XE5S_2025_0526_1101,0.00010000000000012221,0.5
KHT-XE5S,2025-09-28 12:20:00,9.3491,10.973,KHT-XE5S_2025_0526_1101,0.0,0.5
KHT-XE5S,2025-09-28 12:30:00,9.3479,10.973,KHT-XE5S_2025_0526_1101,0.0,0.5
KHT-XE5S,2025-09-28 12:40:00,9.347,10.974,KHT-XE5S_2025_0526_1101,9.999999999994457e-05,0.5
KHT-XE5S,2025-09-28 12:50:00,9.3453,10.973,KHT-XE5S_2025_0526_1101,9.999999999994457e-05,0.5
KHT-XE5S,2025-09-28 13:00:00,9.3444,10.973,KHT-XE5S_2025_0526_1101,0.0,0.5
KHT-XE5S,2025-09-28 13:10:00,9.3426,10.973,KHT-XE5S_2025_0526_1101,0.0,0.5
KHT-XE5S,2025-09-28 13:20:00,9.3407,10.974,KHT-XE5S_2025_0526_1101,9.999999999994457e-05,0.5
KHT-XE5S,2025-09-28 13:30:00,9.3391,10.973,KHT-XE5S_2025_0526_1101,9.999999999994457e-05,0.5
KHT-XE5S,2025-09-28 13:40:00,9.3379,10.974,KHT-XE5S_2025_0526_1101,9.999999999994457e-05,0.5
KHT-XE5S,2025-09-28 13:50:00,9.337,10.974,KHT-XE5S_2025_0526_1101,0.0,0.5
KHT-XE5S,2025-09-28 14:00:00,9.334,10.972,KHT-XE5S_2025_0526_1101,0.0002000000000000668,0.5
KHT-XE5S,2025-09-28 14:10:00,9.3333,10.972,KHT-XE5S_2025_0526_1101,0.0,0.5
KHT-XE5S,2025-09-28 14:20:00,9.3317,10.972,KHT-XE5S_2025_0526_1101,0.0,0.5
KHT-XE5S,2025-09-28 14:30:00,9.3309,10.973,KHT-XE5S_2025_0526_1101,0.00010000000000012221,0.5
KHT-XE5S,2025-09-28 14:40:00,9.3304,10.974,KHT-XE5S_2025_0526_1101,9.999999999994457e-05,0.5
KHT-XE5S,2025-09-28 14:50:00,9.3308,10.974,KHT-XE5S_2025_0526_1101,0.0,0.5
KHT-XE5S,2025-09-28 15:00:00,9.3294,10.973,KHT-XE5S_2025_0526_1101,9.999999999994457e-05,0.5
KHT-XE5S,2025-09-28 15:10:00,9.329,10.973,KHT-XE5S_2025_0526_1101,0.0,0.5
KHT-XE5S,2025-09-28 15:20:00,9.3282,10.975,KHT-XE5S_2025_0526_1101,0.00019999999999988915,0.5
KHT-XE5S,2025-09-28 15:30:00,9.327,10.973,KHT-XE5S_2025_0526_1101,0.00019999999999988915,0.5
KHT-XE5S,2025-09-28 15:40:00,9.3262,10.973,KHT-XE5S_2025_0526_1101,0.0,0.5
KHT-XE5S,2025-09-28 15:50:00,9.3267,10.972,KHT-XE5S_2025_0526_1101,0.00010000000000012221,0.5
KHT-XE5S,2025-09-28 16:00:00,9.3256,10.972,KHT-XE5S_2025_0526_1101,0.0,0.5
KHT-XE5S,2025-09-28 16:10:00,9.3258,10.974,KHT-XE5S_2025_0526_1101,0.0002000000000000668,0.5
KHT-XE5S,2025-09-28 16:20:00,9.3255,10.974,KHT-XE5S_2025_0526_1101,0.0,0.5
KHT-XE5S,2025-09-28 16:30:00,9.3251,10.973,KHT-XE5S_2025_0526_1101,9.999999999994457e-05,0.5
KHT-XE5S,2025-09-28 16:40:00,9.327,10.971,KHT-XE5S_2025_0526_1101,0.0002000000000000668,0.5
KHT-XE5S,2025-09-28 16:50:00,9.327,10.973,KHT-XE5S_2025_0526_1101,0.0002000000000000668,0.5
KHT-XE5S,2025-09-28 17:00:00,9.3263,10.972,KHT-XE5S_2025_0526_1101,0.00010000000000012221,0.5
KHT-XE5S,2025-09-28 17:10:00,9.3271,10.974,KHT-XE5S_2025_0526_1101,0.0002000000000000668,0.5
KHT-XE5S,2025-09-28 17:20:00,9.3274,10.972,KHT-XE5S_2025_0526_1101,0.0002000000000000668,0.5
KHT-XE5S,2025-09-28 17:30:00,9.3286,10.972,KHT-XE5S_2025_0526_1101,0.0,0.5
KHT-XE5S,2025-09-28 17:40:00,9.3296,10.972,KHT-XE5S_2025_0526_1101,0.0,0.5
KHT-XE5S,2025-09-28 17:50:00,9.3305,10.972,KHT-XE5S_2025_0526_1101,0.0,0.5
KHT-XE5S,2025-09-28 18:00:00,9.3311,10.974,KHT-XE5S_2025_0526_1101,0.0002000000000000668,0.5
KHT-XE5S,2025-09-28 18:10:00,9.3319,10.973,KHT-XE5S_2025_0526_1101,9.999999999994457e-05,0.5
KHT-XE5S,2025-09-28 18:20:00,9.3332,10.972,KHT-XE5S_2025_0526_1101,0.00010000000000012221,0.5
KHT-XE5S,2025-09-28 18:30:00,9.3334,10.973,KHT-XE5S_2025_0526_1101,0.00010000000000012221,0.5
KHT-XE5S,2025-09-28 18:40:00,9.3337,10.973,KHT-XE5S_2025_0526_1101,0.0,0.5
KHT-XE5S,2025-09-28 18:50:00,9.3351,10.973,KHT-XE5S_2025_0526_1101,0.0,0.5
KHT-XE5S,2025-09-28 19:00:00,9.3365,10.972,KHT-XE5S_2025_0526_1101,0.00010000000000012221,0.5
KHT-XE5S,2025-09-28 19:10:00,9.3366,10.972,KHT-XE5S_2025_0526_1101,0.0,0.5
KHT-XE5S,2025-09-28 19:20:00,9.3377,10.972,KHT-XE5S_2025_0526_1101,0.0,0.5
KHT-XE5S,2025-09-28 19:30:00,9.3386,10.973,KHT-XE5S_2025_0526_1101,0.00010000000000012221,0.5
KHT-XE5S,2025-09-28 19:40:00,9.3401,10.973,KHT-XE5S_2025_0526_1101,0.0,0.5
KHT-XE5S,2025-09-28 19:50:00,9.342,10.972,KHT-XE5S_2025_0526_1101,0.00010000000000012221,0.5
KHT-XE5S,2025-09-28 20:00:00,9.3426,10.973,KHT-XE5S_2025_0526_1101,0.00010000000000012221,0.5
KHT-XE5S,2025-09-28 20:10:00,9.3447,10.971,KHT-XE5S_2025_0526_1101,0.0002000000000000668,0.5
KHT-XE5S,2025-09-28 20:20:00,9.3452,10.971,KHT-XE5S_2025_0526_1101,0.0,0.5
KHT-XE5S,2025-09-28 20:30:00,9.346,10.974,KHT-XE5S_2025_0526_1101,0.00030000000000001136,0.5
KHT-XE5S,2025-09-28 20:40:00,9.3471,10.973,KHT-XE5S_2025_0526_1101,9.999999999994457e-05,0.5
KHT-XE5S,2025-09-28 20:50:00,9.3477,10.971,KHT-XE5S_2025_0526_1101,0.0002000000000000668,0.5
KHT-XE5S,2025-09-28 21:00:00,9.3488,10.973,KHT-XE5S_2025_0526_1101,0.0002000000000000668,0.5
KHT-XE5S,2025-09-28 21:10:00,9.3497,10.973,KHT-XE5S_2025_0526_1101,0.0,0.5
KHT-XE5S,2025-09-28 21:20:00,9.3507,10.972,KHT-XE5S_2025_0526_1101,0.00010000000000012221,0.5
KHT-XE5S,2025-09-28 21:30:00,9.352,10.972,KHT-XE5S_2025_0526_1101,0.0,0.5
KHT-XE5S,2025-09-28 21:40:00,9.352,10.972,KHT-XE5S_2025_0526_1101,0.0,0.5
KHT-XE5S,2025-09-28 21:50:00,9.3518,10.973,KHT-XE5S_2025_0526_1101,0.00010000000000012221,0.5
KHT-XE5S,2025-09-28 22:00:00,9.3519,10.972,KHT-XE5S_2025_0526_1101,0.00010000000000012221,0.5
KHT-XE5S,2025-09-28 22:10:00,9.3521,10.97,KHT-XE5S_2025_0526_1101,0.00019999999999988915,0.5
KHT-XE5S,2025-09-28 22:20:00,9.3527,10.971,KHT-XE5S_2025_0526_1101,9.999999999994457e-05,0.5
KHT-XE5S,2025-09-28 22:30:00,9.3536,10.973,KHT-XE5S_2025_0526_1101,0.0002000000000000668,0.5
KHT-XE5S,2025-09-28 22:40:00,9.3541,10.974,KHT-XE5S_2025_0526_1101,9.999999999994457e-05,0.5
KHT-XE5S,2025-09-28 22:50:00,9.3532,10.97,KHT-XE5S_2025_0526_1101,0.00039999999999995595,0.5
KHT-XE5S,2025-09-28 23:00:00,9.3541,10.971,KHT-XE5S_2025_0526_1101,9.999999999994457e-05,0.5
KHT-XE5S,2025-09-28 23:10:00,9.3537,10.975,KHT-XE5S_2025_0526_1101,0.00039999999999995595,0.5
KHT-XE5S,2025-09-28 23:20:00,9.3543,10.972,KHT-XE5S_2025_0526_1101,0.00030000000000001136,0.5
KHT-XE5S,2025-09-28 23:30:00,9.3544,10.97,KHT-XE5S_2025_0526_1101,0.00019999999999988915,0.5
KHT-XE5S,2025-09-28 23:40:00,9.3542,10.97,KHT-XE5S_2025_0526_1101,0.0,0.5
KHT-XE5S,2025-09-28 23:50:00,9.354,10.972,KHT-XE5S_2025_0526_1101,0.00019999999999988915,0.5
KHT-XE5S,2025-09-29 00:00:00,9.354,10.972,KHT-XE5S_2025_0526_1101,0.0,0.5
KHT-XE5S,2025-09-29 00:10:00,9.3539,10.97,KHT-XE5S_2025_0526_1101,0.00019999999999988915,0.5
KHT-XE5S,2025-09-29 00:20:00,9.3532,10.973,KHT-XE5S_2025_0526_1101,0.00030000000000001136,0.5
KHT-XE5S,2025-09-29 00:30:00,9.3531,10.97,KHT-XE5S_2025_0526_1101,0.00030000000000001136,0.5
KHT-XE5S,2025-09-29 00:40:00,9.3523,10.97,KHT-XE5S_2025_0526_1101,0.0,0.5
KHT-XE5S,2025-09-29 00:50:00,9.3521,10.971,KHT-XE5S_2025_0526_1101,9.999999999994457e-05,0.5
KHT-XE5S,2025-09-29 01:00:00,9.3515,10.97,KHT-XE5S_2025_0526_1101,9.999999999994457e-05,0.5
KHT-XE5S,2025-09-29 01:10:00,9.3513,10.972,KHT-XE5S_2025_0526_1101,0.00019999999999988915,0.5
KHT-XE5S,2025-09-29 01:20:00,9.3514,10.972,KHT-XE5S_2025_0526_1101,0.0,0.5
KHT-XE5S,2025-09-29 01:30:00,9.3511,10.971,KHT-XE5S_2025_0526_1101,9.999999999994457e-05,0.5
KHT-XE5S,2025-09-29 01:40:00,9.3501,10.971,KHT-XE5S_2025_0526_1101,0.0,0.5
KHT-XE5S,2025-09-29 01:50:00,9.3501,10.971,KHT-XE5S_2025_0526_1101,0.0,0.5
KHT-XE5S,2025-09-29 02:00:00,9.3501,10.971,KHT-XE5S_2025_0526_1101,0.0,0.5
KHT-XE5S,2025-09-29 02:10:00,9.3499,10.97,KHT-XE5S_2025_0526_1101,9.999999999994457e-05,0.5
KHT-XE5S,2025-09-29 02:20:00,9.3498,10.971,KHT-XE5S_2025_0526_1101,9.999999999994457e-05,0.5
KHT-XE5S,2025-09-29 02:30:00,9.3499,10.971,KHT-XE5S_2025_0526_1101,0.0,0.5
KHT-XE5S,2025-09-29 02:40:00,9.3488,10.971,KHT-XE5S_2025_0526_1101,0.0,0.5
KHT-XE5S,2025-09-29 02:50:00,9.3485,10.972,KHT-XE5S_2025_0526_1101,9.999999999994457e-05,0.5
KHT-XE5S,2025-09-29 03:00:00,9.3484,10.972,KHT-XE5S_2025_0526_1101,0.0,0.5
KHT-XE5S,2025-09-29 03:10:00,9.3482,10.971,KHT-XE5S_2025_0526_1101,9.999999999994457e-05,0.5
KHT-XE5S,2025-09-29 03:20:00,9.3473,10.971,KHT-XE5S_2025_0526_1101,0.0,0.5
KHT-XE5S,2025-09-29 03:30:00,9.3469,10.971,KHT-XE5S_2025_0526_1101,0.0,0.5
KHT-XE5S,2025-09-29 03:40:00,9.3474,10.97,KHT-XE5S_2025_0526_1101,9.999999999994457e-05,0.5
KHT-XE5S,2025-09-29 03:50:00,9.3475,10.97,KHT-XE5S_2025_0526_1101,0.0,0.5
KHT-XE5S,2025-09-29 04:00:00,9.3484,10.969,KHT-XE5S_2025_0526_1101,0.00010000000000012221,0.5
KHT-XE5S,2025-09-29 04:10:00,9.3476,10.97,KHT-XE5S_2025_0526_1101,0.00010000000000012221,0.5
KHT-XE5S,2025-09-29 04:20:00,9.3476,10.971,KHT-XE5S_2025_0526_1101,9.999999999994457e-05,0.5
KHT-XE5S,2025-09-29 04:30:00,9.3482,10.971,KHT-XE5S_2025_0526_1101,0.0,0.5
KHT-XE5S,2025-09-29 04:40:00,9.3483,10.97,KHT-XE5S_2025_0526_1101,9.999999999994457e-05,0.5
KHT-XE5S,2025-09-29 04:50:00,9.3491,10.969,KHT-XE5S_2025_0526_1101,0.00010000000000012221,0.5
KHT-XE5S,2025-09-29 05:00:00,9.3488,10.972,KHT-XE5S_2025_0526_1101,0.00030000000000001136,0.5
KHT-XE5S,2025-09-29 05:10:00,9.3498,10.969,KHT-XE5S_2025_0526_1101,0.00030000000000001136,0.5
KHT-XE5S,2025-09-29 05:20:00,9.3502,10.97,KHT-XE5S_2025_0526_1101,0.00010000000000012221,0.5
KHT-XE5S,2025-09-29 05:30:00,9.3502,10.97,KHT-XE5S_2025_0526_1101,0.0,0.5
KHT-XE5S,2025-09-29 05:40:00,9.3508,10.97,KHT-XE5S_2025_0526_1101,0.0,0.5
KHT-XE5S,2025-09-29 05:50:00,9.3502,10.968,KHT-XE5S_2025_0526_1101,0.0002000000000000668,0.5
KHT-XE5S,2025-09-29 06:00:00,9.3501,10.969,KHT-XE5S_2025_0526_1101,9.999999999994457e-05,0.5
KHT-XE5S,2025-09-29 06:10:00,9.3504,10.969,KHT-XE5S_2025_0526_1101,0.0,0.5
KHT-XE5S,2025-09-29 06:20:00,9.3509,10.969,KHT-XE5S_2025_0526_1101,0.0,0.5
KHT-XE5S,2025-09-29 06:30:00,9.3502,10.969,KHT-XE5S_2025_0526_1101,0.0,0.5
KHT-XE5S,2025-09-29 06:40:00,9.3507,10.969,KHT-XE5S_2025_0526_1101,0.0,0.5
KHT-XE5S,2025-09-29 06:50:00,9.3517,10.97,KHT-XE5S_2025_0526_1101,0.00010000000000012221,0.5
KHT-XE5S,2025-09-29 07:00:00,9.3525,10.969,KHT-XE5S_2025_0526_1101,0.00010000000000012221,0.5
KHT-XE5S,2025-09-29 07:10:00,9.3534,10.969,KHT-XE5S_2025_0526_1101,0.0,0.5
KHT-XE5S,2025-09-29 07:20:00,9.3529,10.97,KHT-XE5S_2025_0526_1101,0.00010000000000012221,0.5
KHT-XE5S,2025-09-29 07:30:00,9.3548,10.969,KHT-XE5S_2025_0526_1101,0.00010000000000012221,0.5
KHT-XE5S,2025-09-29 07:40:00,9.3551,10.969,KHT-XE5S_2025_0526_1101,0.0,0.5
KHT-XE5S,2025-09-29 07:50:00,9.3567,10.969,KHT-XE5S_2025_0526_1101,0.0,0.5
KHT-XE5S,2025-09-29 08:00:00,9.3571,10.97,KHT-XE5S_2025_0526_1101,0.00010000000000012221,0.5
KHT-XE5S,2025-09-29 08:10:00,9.3567,10.969,KHT-XE5S_2025_0526_1101,0.00010000000000012221,0.5
KHT-XE5S,2025-09-29 08:20:00,9.3573,10.97,KHT-XE5S_2025_0526_1101,0.00010000000000012221,0.5
KHT-XE5S,2025-09-29 08:30:00,9.3578,10.969,KHT-XE5S_2025_0526_1101,0.00010000000000012221,0.5
KHT-XE5S,2025-09-29 08:40:00,9.3579,10.969,KHT-XE5S_2025_0526_1101,0.0,0.5
KHT-XE5S,2025-09-29 08:50:00,9.3581,10.967,KHT-XE5S_2025_0526_1101,0.00019999999999988915,0.5
KHT-XE5S,2025-09-29 09:00:00,9.3585,10.968,KHT-XE5S_2025_0526_1101,9.999999999994457e-05,0.5
KHT-XE5S,2025-09-29 09:10:00,9.3583,10.969,KHT-XE5S_2025_0526_1101,9.999999999994457e-05,0.5
KHT-XE5S,2025-09-29 09:20:00,9.3582,10.967,KHT-XE5S_2025_0526_1101,0.00019999999999988915,0.5
KHT-XE5S,2025-09-29 09:30:00,9.3585,10.966,KHT-XE5S_2025_0526_1101,0.00010000000000012221,0.5
KHT-XE5S,2025-09-29 09:40:00,9.3582,10.97,KHT-XE5S_2025_0526_1101,0.0004000000000001336,0.5
KHT-XE5S,2025-09-29 09:50:00,9.3576,10.968,KHT-XE5S_2025_0526_1101,0.0002000000000000668,0.5
KHT-XE5S,2025-09-29 10:00:00,9.3573,10.967,KHT-XE5S_2025_0526_1101,9.999999999994457e-05,0.5
KHT-XE5S,2025-09-29 10:10:00,9.3567,10.967,KHT-XE5S_2025_0526_1101,0.0,0.5
KHT-XE5S,2025-09-29 10:20:00,9.3561,10.968,KHT-XE5S_2025_0526_1101,9.999999999994457e-05,0.5
KHT-XE5S,2025-09-29 10:30:00,9.3552,10.966,KHT-XE5S_2025_0526_1101,0.0002000000000000668,0.5
KHT-XE5S,2025-09-29 10:40:00,9.3553,10.967,KHT-XE5S_2025_0526_1101,0.00010000000000012221,0.5
KHT-XE5S,2025-09-29 10:50:00,9.3554,10.969,KHT-XE5S_2025_0526_1101,0.00019999999999988915,0.5
KHT-XE5S,2025-09-29 11:00:00,9.3548,10.967,KHT-XE5S_2025_0526_1101,0.00019999999999988915,0.5
KHT-XE5S,2025-09-29 11:10:00,9.3549,10.968,KHT-XE5S_2025_0526_1101,9.999999999994457e-05,0.5
KHT-XE5S,2025-09-29 11:20:00,9.3552,10.97,KHT-XE5S_2025_0526_1101,0.0002000000000000668,0.5
KHT-XE5S,2025-09-29 11:30:00,9.3556,10.967,KHT-XE5S_2025_0526_1101,0.00030000000000001136,0.5
KHT-XE5S,2025-09-29 11:40:00,9.353,10.967,KHT-XE5S_2025_0526_1101,0.0,0.5
KHT-XE5S,2025-09-29 11:50:00,9.3532,10.969,KHT-XE5S_2025_0526_1101,0.00019999999999988915,0.5
KHT-XE5S,2025-09-29 12:00:00,9.3524,10.969,KHT-XE5S_2025_0526_1101,0.0,0.5
KHT-XE5S,2025-09-29 12:10:00,9.3504,10.966,KHT-XE5S_2025_0526_1101,0.00030000000000001136,0.5
KHT-XE5S,2025-09-29 12:20:00,9.351,10.967,KHT-XE5S_2025_0526_1101,0.00010000000000012221,0.5
KHT-XE5S,2025-09-29 12:30:00,9.3484,10.968,KHT-XE5S_2025_0526_1101,9.999999999994457e-05,0.5
KHT-XE5S,2025-09-29 12:40:00,9.3473,10.969,KHT-XE5S_2025_0526_1101,9.999999999994457e-05,0.5
KHT-XE5S,2025-09-29 12:50:00,9.3475,10.967,KHT-XE5S_2025_0526_1101,0.00019999999999988915,0.5
KHT-XE5S,2025-09-29 13:00:00,9.3463,10.967,KHT-XE5S_2025_0526_1101,0.0,0.5
KHT-XE5S,2025-09-29 13:10:00,9.3456,10.966,KHT-XE5S_2025_0526_1101,0.00010000000000012221,0.5
KHT-XE5S,2025-09-29 13:20:00,9.3452,10.967,KHT-XE5S_2025_0526_1101,0.00010000000000012221,0.5
KHT-XE5S,2025-09-29 13:30:00,9.345,10.968,KHT-XE5S_2025_0526_1101,9.999999999994457e-05,0.5
KHT-XE5S,2025-09-29 13:40:00,9.3432,10.966,KHT-XE5S_2025_0526_1101,0.0002000000000000668,0.5
KHT-XE5S,2025-09-29 13:50:00,9.3431,10.968,KHT-XE5S_2025_0526_1101,0.0002000000000000668,0.5
KHT-XE5S,2025-09-29 14:00:00,9.343,10.968,KHT-XE5S_2025_0526_1101,0.0,0.5
KHT-XE5S,2025-09-29 14:10:00,9.3416,10.969,KHT-XE5S_2025_0526_1101,9.999999999994457e-05,0.5
KHT-XE5S,2025-09-29 14:20:00,9.3392,10.967,KHT-XE5S_2025_0526_1101,0.00019999999999988915,0.5
KHT-XE5S,2025-09-29 14:30:00,9.3396,10.966,KHT-XE5S_2025_0526_1101,0.00010000000000012221,0.5
KHT-XE5S,2025-09-29 14:40:00,9.341,10.967,KHT-XE5S_2025_0526_1101,0.00010000000000012221,0.5
KHT-XE5S,2025-09-29 14:50:00,9.3382,10.968,KHT-XE5S_2025_0526_1101,9.999999999994457e-05,0.5
KHT-XE5S,2025-09-29 15:00:00,9.3384,10.965,KHT-XE5S_2025_0526_1101,0.00030000000000001136,0.5
KHT-XE5S,2025-09-29 15:10:00,9.3371,10.966,KHT-XE5S_2025_0526_1101,9.999999999994457e-05,0.5
KHT-XE5S,2025-09-29 15:20:00,9.3399,10.966,KHT-XE5S_2025_0526_1101,0.0,0.5
KHT-XE5S,2025-09-29 15:30:00,9.3388,10.966,KHT-XE5S_2025_0526_1101,0.0,0.5
KHT-XE5S,2025-09-29 15:40:00,9.3368,10.967,KHT-XE5S_2025_0526_1101,0.00010000000000012221,0.5
KHT-XE5S,2025-09-29 15:50:00,9.3343,10.968,KHT-XE5S_2025_0526_1101,9.999999999994457e-05,0.5
KHT-XE5S,2025-09-29 16:00:00,9.3355,10.965,KHT-XE5S_2025_0526_1101,0.00030000000000001136,0.5
KHT-XE5S,2025-09-29 16:10:00,9.3342,10.967,KHT-XE5S_2025_0526_1101,0.0002000000000000668,0.5
KHT-XE5S,2025-09-29 16:20:00,9.3334,10.966,KHT-XE5S_2025_0526_1101,0.00010000000000012221,0.5
KHT-XE5S,2025-09-29 16:30:00,9.3323,10.966,KHT-XE5S_2025_0526_1101,0.0,0.5
KHT-XE5S,2025-09-29 16:40:00,9.3319,10.966,KHT-XE5S_2025_0526_1101,0.0,0.5
KHT-XE5S,2025-09-29 16:50:00,9.3301,10.968,KHT-XE5S_2025_0526_1101,0.0002000000000000668,0.5
KHT-XE5S,2025-09-29 17:00:00,9.3277,10.966,KHT-XE5S_2025_0526_1101,0.0002000000000000668,0.5
KHT-XE5S,2025-09-29 17:10:00,9.3261,10.966,KHT-XE5S_2025_0526_1101,0.0,0.5
KHT-XE5S,2025-09-29 17:20:00,9.3258,10.965,KHT-XE5S_2025_0526_1101,9.999999999994457e-05,0.5
KHT-XE5S,2025-09-29 17:30:00,9.3269,10.966,KHT-XE5S_2025_0526_1101,9.999999999994457e-05,0.5
KHT-XE5S,2025-09-29 17:40:00,9.3277,10.966,KHT-XE5S_2025_0526_1101,0.0,0.5
KHT-XE5S,2025-09-29 17:50:00,9.3262,10.965,KHT-XE5S_2025_0526_1101,9.999999999994457e-05,0.5
KHT-XE5S,2025-09-29 18:00:00,9.3272,10.965,KHT-XE5S_2025_0526_1101,0.0,0.5
KHT-XE5S,2025-09-29 18:10:00,9.326,10.966,KHT-XE5S_2025_0526_1101,9.999999999994457e-05,0.5
KHT-XE5S,2025-09-29 18:20:00,9.328,10.967,KHT-XE5S_2025_0526_1101,0.00010000000000012221,0.5
KHT-XE5S,2025-09-29 18:30:00,9.3278,10.964,KHT-XE5S_2025_0526_1101,0.00030000000000001136,0.5
KHT-XE5S,2025-09-29 18:40:00,9.329,10.966,KHT-XE5S_2025_0526_1101,0.00019999999999988915,0.5
KHT-XE5S,2025-09-29 18:50:00,9.3306,10.966,KHT-XE5S_2025_0526_1101,0.0,0.5
KHT-XE5S,2025-09-29 19:00:00,9.3315,10.967,KHT-XE5S_2025_0526_1101,0.00010000000000012221,0.5
KHT-XE5S,2025-09-29 19:10:00,9.3319,10.966,KHT-XE5S_2025_0526_1101,0.00010000000000012221,0.5
KHT-XE5S,2025-09-29 19:20:00,9.3317,10.965,KHT-XE5S_2025_0526_1101,9.999999999994457e-05,0.5
KHT-XE5S,2025-09-29 19:30:00,9.3322,10.964,KHT-XE5S_2025_0526_1101,9.999999999994457e-05,0.5
KHT-XE5S,2025-09-29 19:40:00,9.3316,10.964,KHT-XE5S_2025_0526_1101,0.0,0.5
KHT-XE5S,2025-09-29 19:50:00,9.3331,10.966,KHT-XE5S_2025_0526_1101,0.00019999999999988915,0.5
KHT-XE5S,2025-09-29 20:00:00,9.3328,10.965,KHT-XE5S_2025_0526_1101,9.999999999994457e-05,0.5
KHT-XE5S,2025-09-29 20:10:00,9.3336,10.964,KHT-XE5S_2025_0526_1101,9.999999999994457e-05,0.5
KHT-XE5S,2025-09-29 20:20:00,9.3355,10.965,KHT-XE5S_2025_0526_1101,9.999999999994457e-05,0.5
KHT-XE5S,2025-09-29 20:30:00,9.3362,10.964,KHT-XE5S_2025_0526_1101,9.999999999994457e-05,0.5
KHT-XE5S,2025-09-29 20:40:00,9.3372,10.966,KHT-XE5S_2025_0526_1101,0.00019999999999988915,0.5
KHT-XE5S,2025-09-29 20:50:00,9.337,10.963,KHT-XE5S_2025_0526_1101,0.00030000000000001136,0.5
KHT-XE5S,2025-09-29 21:00:00,9.3376,10.963,KHT-XE5S_2025_0526_1101,0.0,0.5
KHT-XE5S,2025-09-29 21:10:00,9.3361,10.964,KHT-XE5S_2025_0526_1101,0.00010000000000012221,0.5
KHT-XE5S,2025-09-29 21:20:00,9.3377,10.964,KHT-XE5S_2025_0526_1101,0.0,0.5
KHT-XE5S,2025-09-29 21:30:00,9.3372,10.964,KHT-XE5S_2025_0526_1101,0.0,0.5
KHT-XE5S,2025-09-29 21:40:00,9.337,10.965,KHT-XE5S_2025_0526_1101,9.999999999994457e-05,0.5
KHT-XE5S,2025-09-29 21:50:00,9.3376,10.965,KHT-XE5S_2025_0526_1101,0.0,0.5
KHT-XE5S,2025-09-29 22:00:00,9.3383,10.963,KHT-XE5S_2025_0526_1101,0.0002000000000000668,0.5
KHT-XE5S,2025-09-29 22:10:00,9.3378,10.963,KHT-XE5S_2025_0526_1101,0.0,0.5
KHT-XE5S,2025-09-29 22:20:00,9.3384,10.963,KHT-XE5S_2025_0526_1101,0.0,0.5
KHT-XE5S,2025-09-29 22:30:00,9.3379,10.964,KHT-XE5S_2025_0526_1101,0.00010000000000012221,0.5
KHT-XE5S,2025-09-29 22:40:00,9.3386,10.962,KHT-XE5S_2025_0526_1101,0.0002000000000000668,0.5
KHT-XE5S,2025-09-29 22:50:00,9.3382,10.963,KHT-XE5S_2025_0526_1101,9.999999999994457e-05,0.5
KHT-XE5S,2025-09-29 23:00:00,9.3399,10.963,KHT-XE5S_2025_0526_1101,0.0,0.5
KHT-XE5S,2025-09-29 23:10:00,9.3407,10.963,KHT-XE5S_2025_0526_1101,0.0,0.5
KHT-XE5S,2025-09-29 23:20:00,9.3418,10.964,KHT-XE5S_2025_0526_1101,0.00010000000000012221,0.5
KHT-XE5S,2025-09-29 23:30:00,9.3415,10.963,KHT-XE5S_2025_0526_1101,0.00010000000000012221,0.5
KHT-XE5S,2025-09-29 23:40:00,9.3413,10.962,KHT-XE5S_2025_0526_1101,9.999999999994457e-05,0.5
KHT-XE5S,2025-09-29 23:50:00,9.3414,10.961,KHT-XE5S_2025_0526_1101,9.999999999994457e-05,0.5
KHT-XE5S,2025-09-30 00:00:00,9.3419,10.964,KHT-XE5S_2025_0526_1101,0.00030000000000001136,0.5
KHT-XE5S,2025-09-30 00:10:00,9.3415,10.964,KHT-XE5S_2025_0526_1101,0.0,0.5
KHT-XE5S,2025-09-30 00:20:00,9.3417,10.963,KHT-XE5S_2025_0526_1101,0.00010000000000012221,0.5
KHT-XE5S,2025-09-30 00:30:00,9.3423,10.963,KHT-XE5S_2025_0526_1101,0.0,0.5
KHT-XE5S,2025-09-30 00:40:00,9.343,10.964,KHT-XE5S_2025_0526_1101,0.00010000000000012221,0.5
KHT-XE5S,2025-09-30 00:50:00,9.3423,10.964,KHT-XE5S_2025_0526_1101,0.0,0.5
KHT-XE5S,2025-09-30 01:00:00,9.3421,10.962,KHT-XE5S_2025_0526_1101,0.0002000000000000668,0.5
KHT-XE5S,2025-09-30 01:10:00,9.3414,10.961,KHT-XE5S_2025_0526_1101,9.999999999994457e-05,0.5
KHT-XE5S,2025-09-30 01:20:00,9.3426,10.96,KHT-XE5S_2025_0526_1101,9.999999999994457e-05,0.5
KHT-XE5S,2025-09-30 01:30:00,9.3418,10.961,KHT-XE5S_2025_0526_1101,9.999999999994457e-05,0.5
KHT-XE5S,2025-09-30 01:40:00,9.343,10.962,KHT-XE5S_2025_0526_1101,9.999999999994457e-05,0.5
KHT-XE5S,2025-09-30 01:50:00,9.3433,10.964,KHT-XE5S_2025_0526_1101,0.0002000000000000668,0.5
KHT-XE5S,2025-09-30 02:00:00,9.3433,10.962,KHT-XE5S_2025_0526_1101,0.0002000000000000668,0.5
KHT-XE5S,2025-09-30 02:10:00,9.3428,10.962,KHT-XE5S_2025_0526_1101,0.0,0.5
KHT-XE5S,2025-09-30 02:20:00,9.3417,10.963,KHT-XE5S_2025_0526_1101,9.999999999994457e-05,0.5
KHT-XE5S,2025-09-30 02:30:00,9.3427,10.962,KHT-XE5S_2025_0526_1101,9.999999999994457e-05,0.5
KHT-XE5S,2025-09-30 02:40:00,9.3427,10.96,KHT-XE5S_2025_0526_1101,0.00019999999999988915,0.5
KHT-XE5S,2025-09-30 02:50:00,9.343,10.961,KHT-XE5S_2025_0526_1101,9.999999999994457e-05,0.5
KHT-XE5S,2025-09-30 03:00:00,9.3426,10.961,KHT-XE5S_2025_0526_1101,0.0,0.5
KHT-XE5S,2025-09-30 03:10:00,9.3431,10.962,KHT-XE5S_2025_0526_1101,9.999999999994457e-05,0.5
KHT-XE5S,2025-09-30 03:20:00,9.3426,10.962,KHT-XE5S_2025_0526_1101,0.0,0.5
KHT-XE5S,2025-09-30 03:30:00,9.3421,10.962,KHT-XE5S_2025_0526_1101,0.0,0.5
KHT-XE5S,2025-09-30 03:40:00,9.3427,10.96,KHT-XE5S_2025_0526_1101,0.00019999999999988915,0.5
KHT-XE5S,2025-09-30 03:50:00,9.3423,10.962,KHT-XE5S_2025_0526_1101,0.00019999999999988915,0.5
KHT-XE5S,2025-09-30 04:00:00,9.3417,10.961,KHT-XE5S_2025_0526_1101,9.999999999994457e-05,0.5
KHT-XE5S,2025-09-30 04:10:00,9.3412,10.962,KHT-XE5S_2025_0526_1101,9.999999999994457e-05,0.5
KHT-XE5S,2025-09-30 04:20:00,9.3408,10.962,KHT-XE5S_2025_0526_1101,0.0,0.5
KHT-XE5S,2025-09-30 04:30:00,9.3417,10.963,KHT-XE5S_2025_0526_1101,9.999999999994457e-05,0.5
KHT-XE5S,2025-09-30 04:40:00,9.341,10.96,KHT-XE5S_2025_0526_1101,0.0002999999999998337,0.5
KHT-XE5S,2025-09-30 04:50:00,9.3407,10.96,KHT-XE5S_2025_0526_1101,0.0,0.5
KHT-XE5S,2025-09-30 05:00:00,9.3418,10.961,KHT-XE5S_2025_0526_1101,9.999999999994457e-05,0.5
KHT-XE5S,2025-09-30 05:10:00,9.3426,10.961,KHT-XE5S_2025_0526_1101,0.0,0.5
KHT-XE5S,2025-09-30 05:20:00,9.3418,10.961,KHT-XE5S_2025_0526_1101,0.0,0.5
KHT-XE5S,2025-09-30 05:30:00,9.3423,10.961,KHT-XE5S_2025_0526_1101,0.0,0.5
KHT-XE5S,2025-09-30 05:40:00,9.343,10.961,KHT-XE5S_2025_0526_1101,0.0,0.5
KHT-XE5S,2025-09-30 05:50:00,9.3436,10.962,KHT-XE5S_2025_0526_1101,9.999999999994457e-05,0.5
KHT-XE5S,2025-09-30 06:00:00,9.3444,10.961,KHT-XE5S_2025_0526_1101,9.999999999994457e-05,0.5
KHT-XE5S,2025-09-30 06:10:00,9.3443,10.963,KHT-XE5S_2025_0526_1101,0.00019999999999988915,0.5
KHT-XE5S,2025-09-30 06:20:00,9.3439,10.962,KHT-XE5S_2025_0526_1101,9.999999999994457e-05,0.5
KHT-XE5S,2025-09-30 06:30:00,9.3449,10.96,KHT-XE5S_2025_0526_1101,0.00019999999999988915,0.5
KHT-XE5S,2025-09-30 06:40:00,9.3444,10.959,KHT-XE5S_2025_0526_1101,0.00010000000000012221,0.5
KHT-XE5S,2025-09-30 06:50:00,9.3453,10.96,KHT-XE5S_2025_0526_1101,0.00010000000000012221,0.5
KHT-XE5S,2025-09-30 07:00:00,9.3455,10.96,KHT-XE5S_2025_0526_1101,0.0,0.5
KHT-XE5S,2025-09-30 07:10:00,9.3467,10.959,KHT-XE5S_2025_0526_1101,0.00010000000000012221,0.5
KHT-XE5S,2025-09-30 07:20:00,9.3466,10.96,KHT-XE5S_2025_0526_1101,0.00010000000000012221,0.5
KHT-XE5S,2025-09-30 07:30:00,9.3474,10.959,KHT-XE5S_2025_0526_1101,0.00010000000000012221,0.5
KHT-XE5S,2025-09-30 07:40:00,9.3486,10.961,KHT-XE5S_2025_0526_1101,0.0002000000000000668,0.5
KHT-XE5S,2025-09-30 07:50:00,9.3485,10.959,KHT-XE5S_2025_0526_1101,0.0002000000000000668,0.5
KHT-XE5S,2025-09-30 08:00:00,9.3483,10.96,KHT-XE5S_2025_0526_1101,0.00010000000000012221,0.5
KHT-XE5S,2025-09-30 08:10:00,9.3496,10.96,KHT-XE5S_2025_0526_1101,0.0,0.5
KHT-XE5S,2025-09-30 08:20:00,9.3499,10.961,KHT-XE5S_2025_0526_1101,9.999999999994457e-05,0.5
KHT-XE5S,2025-09-30 08:30:00,9.3511,10.959,KHT-XE5S_2025_0526_1101,0.0002000000000000668,0.5
KHT-XE5S,2025-09-30 08:40:00,9.3507,10.959,KHT-XE5S_2025_0526_1101,0.0,0.5
KHT-XE5S,2025-09-30 08:50:00,9.3508,10.962,KHT-XE5S_2025_0526_1101,0.00030000000000001136,0.5
KHT-XE5S,2025-09-30 09:00:00,9.3502,10.959,KHT-XE5S_2025_0526_1101,0.00030000000000001136,0.5
KHT-XE5S,2025-09-30 09:10:00,9.3507,10.96,KHT-XE5S_2025_0526_1101,0.00010000000000012221,0.5
KHT-XE5S,2025-09-30 09:20:00,9.3506,10.961,KHT-XE5S_2025_0526_1101,9.999999999994457e-05,0.5
KHT-XE5S,2025-09-30 09:30:00,9.3512,10.958,KHT-XE5S_2025_0526_1101,0.00030000000000001136,0.5
KHT-XE5S,2025-09-30 09:40:00,9.3506,10.96,KHT-XE5S_2025_0526_1101,0.0002000000000000668,0.5
KHT-XE5S,2025-09-30 09:50:00,9.3496,10.96,KHT-XE5S_2025_0526_1101,0.0,0.5
KHT-XE5S,2025-09-30 10:00:00,9.3485,10.96,KHT-XE5S_2025_0526_1101,0.0,0.5
KHT-XE5S,2025-09-30 10:10:00,9.3504,10.96,KHT-XE5S_2025_0526_1101,0.0,0.5
KHT-XE5S,2025-09-30 10:20:00,9.3513,10.96,KHT-XE5S_2025_0526_1101,0.0,0.5
KHT-XE5S,2025-09-30 10:30:00,9.3507,10.959,KHT-XE5S_2025_0526_1101,0.00010000000000012221,0.5
KHT-XE5S,2025-09-30 10:40:00,9.3518,10.959,KHT-XE5S_2025_0526_1101,0.0,0.5
KHT-XE5S,2025-09-30 10:50:00,9.3513,10.959,KHT-XE5S_2025_0526_1101,0.0,0.5
KHT-XE5S,2025-09-30 11:00:00,9.3525,10.959,KHT-XE5S_2025_0526_1101,0.0,0.5
KHT-XE5S,2025-09-30 11:10:00,9.3503,10.962,KHT-XE5S_2025_0526_1101,0.00030000000000001136,0.5
KHT-XE5S,2025-09-30 11:20:00,9.3482,10.958,KHT-XE5S_2025_0526_1101,0.00039999999999995595,0.5
KHT-XE5S,2025-09-30 11:30:00,9.3495,10.958,KHT-XE5S_2025_0526_1101,0.0,0.5
KHT-XE5S,2025-09-30 11:40:00,9.3488,10.957,KHT-XE5S_2025_0526_1101,9.999999999994457e-05,0.5
KHT-XE5S,2025-09-30 11:50:00,9.3503,10.96,KHT-XE5S_2025_0526_1101,0.00030000000000001136,0.5
KHT-XE5S,2025-09-30 12:00:00,9.3483,10.959,KHT-XE5S_2025_0526_1101,0.00010000000000012221,0.5
KHT-XE5S,2025-09-30 12:10:00,9.349,10.96,KHT-XE5S_2025_0526_1101,0.00010000000000012221,0.5
KHT-XE5S,2025-09-30 12:20:00,9.35,10.959,KHT-XE5S_2025_0526_1101,0.00010000000000012221,0.5
KHT-XE5S,2025-09-30 12:30:00,9.3465,10.958,KHT-XE5S_2025_0526_1101,9.999999999994457e-05,0.5
KHT-XE5S,2025-09-30 12:40:00,9.346,10.956,KHT-XE5S_2025_0526_1101,0.0002000000000000668,0.5
KHT-XE5S,2025-09-30 12:50:00,9.3467,10.958,KHT-XE5S_2025_0526_1101,0.0002000000000000668,0.5
KHT-XE5S,2025-09-30 13:00:00,9.3448,10.959,KHT-XE5S_2025_0526_1101,9.999999999994457e-05,0.5
KHT-XE5S,2025-09-30 13:10:00,9.3445,10.958,KHT-XE5S_2025_0526_1101,9.999999999994457e-05,0.5
KHT-XE5S,2025-09-30 13:20:00,9.342,10.957,KHT-XE5S_2025_0526_1101,9.999999999994457e-05,0.5
KHT-XE5S,2025-09-30 13:30:00,9.3416,10.957,KHT-XE5S_2025_0526_1101,0.0,0.5
KHT-XE5S,2025-09-30 13:40:00,9.3408,10.957,KHT-XE5S_2025_0526_1101,0.0,0.5
KHT-XE5S,2025-09-30 13:50:00,9.3399,10.958,KHT-XE5S_2025_0526_1101,9.999999999994457e-05,0.5
KHT-XE5S,2025-09-30 14:00:00,9.3422,10.959,KHT-XE5S_2025_0526_1101,9.999999999994457e-05,0.5
KHT-XE5S,2025-09-30 14:10:00,9.3415,10.959,KHT-XE5S_2025_0526_1101,0.0,0.5
KHT-XE5S,2025-09-30 14:20:00,9.3415,10.957,KHT-XE5S_2025_0526_1101,0.00019999999999988915,0.5
KHT-XE5S,2025-09-30 14:30:00,9.3399,10.957,KHT-XE5S_2025_0526_1101,0.0,0.5
KHT-XE5S,2025-09-30 14:40:00,9.3412,10.958,KHT-XE5S_2025_0526_1101,9.999999999994457e-05,0.5
KHT-XE5S,2025-09-30 14:50:00,9.343,10.958,KHT-XE5S_2025_0526_1101,0.0,0.5
KHT-XE5S,2025-09-30 15:00:00,9.3421,10.958,KHT-XE5S_2025_0526_1101,0.0,0.5
KHT-XE5S,2025-09-30 15:10:00,9.3434,10.956,KHT-XE5S_2025_0526_1101,0.0002000000000000668,0.5
KHT-XE5S,2025-09-30 15:20:00,9.3449,10.957,KHT-XE5S_2025_0526_1101,0.00010000000000012221,0.5
KHT-XE5S,2025-09-30 15:30:00,9.3459,10.957,KHT-XE5S_2025_0526_1101,0.0,0.5
KHT-XE5S,2025-09-30 15:40:00,9.3432,10.957,KHT-XE5S_2025_0526_1101,0.0,0.5
KHT-XE5S,2025-09-30 15:50:00,9.3441,10.958,KHT-XE5S_2025_0526_1101,9.999999999994457e-05,0.5
KHT-XE5S,2025-09-30 16:00:00,9.3446,10.958,KHT-XE5S_2025_0526_1101,0.0,0.5
KHT-XE5S,2025-09-30 16:10:00,9.3462,10.958,KHT-XE5S_2025_0526_1101,0.0,0.5
KHT-XE5S,2025-09-30 16:20:00,9.3479,10.954,KHT-XE5S_2025_0526_1101,0.00039999999999995595,0.5
KHT-XE5S,2025-09-30 16:30:00,9.3498,10.956,KHT-XE5S_2025_0526_1101,0.00019999999999988915,0.5
KHT-XE5S,2025-09-30 16:40:00,9.3495,10.958,KHT-XE5S_2025_0526_1101,0.0002000000000000668,0.5
KHT-XE5S,2025-09-30 16:50:00,9.3501,10.958,KHT-XE5S_2025_0526_1101,0.0,0.5
KHT-XE5S,2025-09-30 17:00:00,9.3507,10.957,KHT-XE5S_2025_0526_1101,9.999999999994457e-05,0.5
KHT-XE5S,2025-09-30 17:10:00,9.3508,10.956,KHT-XE5S_2025_0526_1101,0.00010000000000012221,0.5
KHT-XE5S,2025-09-30 17:20:00,9.3541,10.957,KHT-XE5S_2025_0526_1101,0.00010000000000012221,0.5
KHT-XE5S,2025-09-30 17:30:00,9.3542,10.956,KHT-XE5S_2025_0526_1101,0.00010000000000012221,0.5
KHT-XE5S,2025-09-30 17:40:00,9.3527,10.956,KHT-XE5S_2025_0526_1101,0.0,0.5
KHT-XE5S,2025-09-30 17:50:00,9.3511,10.955,KHT-XE5S_2025_0526_1101,9.999999999994457e-05,0.5
KHT-XE5S,2025-09-30 18:00:00,9.3516,10.956,KHT-XE5S_2025_0526_1101,9.999999999994457e-05,0.5
KHT-XE5S,2025-09-30 18:10:00,9.3536,10.957,KHT-XE5S_2025_0526_1101,0.00010000000000012221,0.5
KHT-XE5S,2025-09-30 18:20:00,9.3539,10.956,KHT-XE5S_2025_0526_1101,0.00010000000000012221,0.5
KHT-XE5S,2025-09-30 18:30:00,9.3559,10.955,KHT-XE5S_2025_0526_1101,9.999999999994457e-05,0.5
KHT-XE5S,2025-09-30 18:40:00,9.3557,10.955,KHT-XE5S_2025_0526_1101,0.0,0.5
KHT-XE5S,2025-09-30 18:50:00,9.357,10.955,KHT-XE5S_2025_0526_1101,0.0,0.5
KHT-XE5S,2025-09-30 19:00:00,9.357,10.956,KHT-XE5S_2025_0526_1101,9.999999999994457e-05,0.5
KHT-XE5S,2025-09-30 19:10:00,9.3577,10.955,KHT-XE5S_2025_0526_1101,9.999999999994457e-05,0.5
KHT-XE5S,2025-09-30 19:20:00,9.3583,10.954,KHT-XE5S_2025_0526_1101,9.999999999994457e-05,0.5
KHT-XE5S,2025-09-30 19:30:00,9.3599,10.955,KHT-XE5S_2025_0526_1101,9.999999999994457e-05,0.5
KHT-XE5S,2025-09-30 19:40:00,9.3604,10.955,KHT-XE5S_2025_0526_1101,0.0,0.5
KHT-XE5S,2025-09-30 19:50:00,9.3609,10.955,KHT-XE5S_2025_0526_1101,0.0,0.5
KHT-XE5S,2025-09-30 20:00:00,9.3597,10.956,KHT-XE5S_2025_0526_1101,9.999999999994457e-05,0.5
KHT-XE5S,2025-09-30 20:10:00,9.3607,10.956,KHT-XE5S_2025_0526_1101,0.0,0.5
KHT-XE5S,2025-09-30 20:20:00,9.3606,10.955,KHT-XE5S_2025_0526_1101,9.999999999994457e-05,0.5
KHT-XE5S,2025-09-30 20:30:00,9.3626,10.955,KHT-XE5S_2025_0526_1101,0.0,0.5
KHT-XE5S,2025-09-30 20:40:00,9.3636,10.954,KHT-XE5S_2025_0526_1101,9.999999999994457e-05,0.5
KHT-XE5S,2025-09-30 20:50:00,9.363,10.953,KHT-XE5S_2025_0526_1101,0.00010000000000012221,0.5
KHT-XE5S,2025-09-30 21:00:00,9.3647,10.956,KHT-XE5S_2025_0526_1101,0.00030000000000001136,0.5
KHT-XE5S,2025-09-30 21:10:00,9.3656,10.955,KHT-XE5S_2025_0526_1101,9.999999999994457e-05,0.5
KHT-XE5S,2025-09-30 21:20:00,9.3651,10.954,KHT-XE5S_2025_0526_1101,9.999999999994457e-05,0.5
KHT-XE5S,2025-09-30 21:30:00,9.3674,10.953,KHT-XE5S_2025_0526_1101,0.00010000000000012221,0.5
KHT-XE5S,2025-09-30 21:40:00,9.3691,10.953,KHT-XE5S_2025_0526_1101,0.0,0.5
KHT-XE5S,2025-09-30 21:50:00,9.3692,10.955,KHT-XE5S_2025_0526_1101,0.0002000000000000668,0.5
KHT-XE5S,2025-09-30 22:00:00,9.3694,10.956,KHT-XE5S_2025_0526_1101,9.999999999994457e-05,0.5
KHT-XE5S,2025-09-30 22:10:00,9.3697,10.954,KHT-XE5S_2025_0526_1101,0.00019999999999988915,0.5
KHT-XE5S,2025-09-30 22:20:00,9.3701,10.955,KHT-XE5S_2025_0526_1101,9.999999999994457e-05,0.5
KHT-XE5S,2025-09-30 22:30:00,9.3697,10.954,KHT-XE5S_2025_0526_1101,9.999999999994457e-05,0.5
KHT-XE5S,2025-09-30 22:40:00,9.3691,10.955,KHT-XE5S_2025_0526_1101,9.999999999994457e-05,0.5
KHT-XE5S,2025-09-30 22:50:00,9.369,10.954,KHT-XE5S_2025_0526_1101,9.999999999994457e-05,0.5
KHT-XE5S,2025-09-30 23:00:00,9.3681,10.955,KHT-XE5S_2025_0526_1101,9.999999999994457e-05,0.5
KHT-XE5S,2025-09-30 23:10:00,9.3692,10.954,KHT-XE5S_2025_0526_1101,9.999999999994457e-05,0.5
KHT-XE5S,2025-09-30 23:20:00,9.3697,10.953,KHT-XE5S_2025_0526_1101,0.00010000000000012221,0.5
KHT-XE5S,2025-09-30 23:30:00,9.3701,10.956,KHT-XE5S_2025_0526_1101,0.00030000000000001136,0.5
KHT-XE5S,2025-09-30 23:40:00,9.3703,10.955,KHT-XE5S_2025_0526_1101,9.999999999994457e-05,0.5
KHT-XE5S,2025-09-30 23:50:00,9.3708,10.952,KHT-XE5S_2025_0526_1101,0.00030000000000001136,0.5
KHT-XE5S,2025-10-01 00:00:00,9.3711,10.954,KHT-XE5S_2025_0526_1101,0.0002000000000000668,0.5
KHT-XE5S,2025-10-01 00:10:00,9.3709,10.953,KHT-XE5S_2025_0526_1101,0.00010000000000012221,0.5
KHT-XE5S,2025-10-01 00:20:00,9.3712,10.954,KHT-XE5S_2025_0526_1101,0.00010000000000012221,0.5
KHT-XE5S,2025-10-01 00:30:00,9.3707,10.953,KHT-XE5S_2025_0526_1101,0.00010000000000012221,0.5
KHT-XE5S,2025-10-01 00:40:00,9.371,10.954,KHT-XE5S_2025_0526_1101,0.00010000000000012221,0.5
KHT-XE5S,2025-10-01 00:50:00,9.3714,10.953,KHT-XE5S_2025_0526_1101,0.00010000000000012221,0.5
KHT-XE5S,2025-10-01 01:00:00,9.3712,10.955,KHT-XE5S_2025_0526_1101,0.0002000000000000668,0.5
KHT-XE5S,2025-10-01 01:10:00,9.372,10.953,KHT-XE5S_2025_0526_1101,0.0002000000000000668,0.5
KHT-XE5S,2025-10-01 01:20:00,9.3724,10.953,KHT-XE5S_2025_0526_1101,0.0,0.5
KHT-XE5S,2025-10-01 01:30:00,9.3726,10.951,KHT-XE5S_2025_0526_1101,0.00019999999999988915,0.5
KHT-XE5S,2025-10-01 01:40:00,9.3724,10.955,KHT-XE5S_2025_0526_1101,0.00039999999999995595,0.5
KHT-XE5S,2025-10-01 01:50:00,9.3727,10.956,KHT-XE5S_2025_0526_1101,9.999999999994457e-05,0.5
KHT-XE5S,2025-10-01 02:00:00,9.3726,10.952,KHT-XE5S_2025_0526_1101,0.00039999999999995595,0.5
KHT-XE5S,2025-10-01 02:10:00,9.3712,10.954,KHT-XE5S_2025_0526_1101,0.0002000000000000668,0.5
KHT-XE5S,2025-10-01 02:20:00,9.3713,10.951,KHT-XE5S_2025_0526_1101,0.00030000000000001136,0.5
KHT-XE5S,2025-10-01 02:30:00,9.3711,10.952,KHT-XE5S_2025_0526_1101,9.999999999994457e-05,0.5
KHT-XE5S,2025-10-01 02:40:00,9.3724,10.954,KHT-XE5S_2025_0526_1101,0.0002000000000000668,0.5
KHT-XE5S,2025-10-01 02:50:00,9.37,10.955,KHT-XE5S_2025_0526_1101,9.999999999994457e-05,0.5
KHT-XE5S,2025-10-01 03:00:00,9.3709,10.954,KHT-XE5S_2025_0526_1101,9.999999999994457e-05,0.5
KHT-XE5S,2025-10-01 03:10:00,9.3703,10.953,KHT-XE5S_2025_0526_1101,0.00010000000000012221,0.5
KHT-XE5S,2025-10-01 03:20:00,9.37,10.952,KHT-XE5S_2025_0526_1101,9.999999999994457e-05,0.5
KHT-XE5S,2025-10-01 03:30:00,9.3693,10.951,KHT-XE5S_2025_0526_1101,9.999999999994457e-05,0.5
KHT-XE5S,2025-10-01 03:40:00,9.3693,10.952,KHT-XE5S_2025_0526_1101,9.999999999994457e-05,0.5
KHT-XE5S,2025-10-01 03:50:00,9.3705,10.951,KHT-XE5S_2025_0526_1101,9.999999999994457e-05,0.5
KHT-XE5S,2025-10-01 04:00:00,9.3691,10.953,KHT-XE5S_2025_0526_1101,0.00019999999999988915,0.5
KHT-XE5S,2025-10-01 04:10:00,9.3696,10.951,KHT-XE5S_2025_0526_1101,0.00019999999999988915,0.5
KHT-XE5S,2025-10-01 04:20:00,9.3696,10.953,KHT-XE5S_2025_0526_1101,0.00019999999999988915,0.5
KHT-XE5S,2025-10-01 04:30:00,9.369,10.953,KHT-XE5S_2025_0526_1101,0.0,0.5
KHT-XE5S,2025-10-01 04:40:00,9.3694,10.953,KHT-XE5S_2025_0526_1101,0.0,0.5
KHT-XE5S,2025-10-01 04:50:00,9.3693,10.953,KHT-XE5S_2025_0526_1101,0.0,0.5
KHT-XE5S,2025-10-01 05:00:00,9.3685,10.952,KHT-XE5S_2025_0526_1101,9.999999999994457e-05,0.5
KHT-XE5S,2025-10-01 05:10:00,9.3685,10.952,KHT-XE5S_2025_0526_1101,0.0,0.5
KHT-XE5S,2025-10-01 05:20:00,9.37,10.95,KHT-XE5S_2025_0526_1101,0.0002000000000000668,0.5
KHT-XE5S,2025-10-01 05:30:00,9.3711,10.952,KHT-XE5S_2025_0526_1101,0.0002000000000000668,0.5
KHT-XE5S,2025-10-01 05:40:00,9.3735,10.952,KHT-XE5S_2025_0526_1101,0.0,0.5
KHT-XE5S,2025-10-01 05:50:00,9.3737,10.951,KHT-XE5S_2025_0526_1101,9.999999999994457e-05,0.5
KHT-XE5S,2025-10-01 06:00:00,9.3732,10.952,KHT-XE5S_2025_0526_1101,9.999999999994457e-05,0.5
KHT-XE5S,2025-10-01 06:10:00,9.3728,10.951,KHT-XE5S_2025_0526_1101,9.999999999994457e-05,0.5
KHT-XE5S,2025-10-01 06:20:00,9.3741,10.951,KHT-XE5S_2025_0526_1101,0.0,0.5
KHT-XE5S,2025-10-01 06:30:00,9.3734,10.953,KHT-XE5S_2025_0526_1101,0.00019999999999988915,0.5
KHT-XE5S,2025-10-01 06:40:00,9.376,10.951,KHT-XE5S_2025_0526_1101,0.00019999999999988915,0.5
KHT-XE5S,2025-10-01 06:50:00,9.3755,10.952,KHT-XE5S_2025_0526_1101,9.999999999994457e-05,0.5
KHT-XE5S,2025-10-01 07:00:00,9.3751,10.95,KHT-XE5S_2025_0526_1101,0.0002000000000000668,0.5
KHT-XE5S,2025-10-01 07:10:00,9.3759,10.95,KHT-XE5S_2025_0526_1101,0.0,0.5
KHT-XE5S,2025-10-01 07:20:00,9.3764,10.95,KHT-XE5S_2025_0526_1101,0.0,0.5
KHT-XE5S,2025-10-01 07:30:00,9.3779,10.951,KHT-XE5S_2025_0526_1101,0.00010000000000012221,0.5
KHT-XE5S,2025-10-01 07:40:00,9.378,10.952,KHT-XE5S_2025_0526_1101,9.999999999994457e-05,0.5
KHT-XE5S,2025-10-01 07:50:00,9.3781,10.95,KHT-XE5S_2025_0526_1101,0.0002000000000000668,0.5
KHT-XE5S,2025-10-01 08:00:00,9.378,10.951,KHT-XE5S_2025_0526_1101,0.00010000000000012221,0.5
KHT-XE5S,2025-10-01 08:10:00,9.3791,10.95,KHT-XE5S_2025_0526_1101,0.00010000000000012221,0.5
KHT-XE5S,2025-10-01 08:20:00,9.3793,10.951,KHT-XE5S_2025_0526_1101,0.00010000000000012221,0.5
KHT-XE5S,2025-10-01 08:30:00,9.3797,10.951,KHT-XE5S_2025_0526_1101,0.0,0.5
KHT-XE5S,2025-10-01 08:40:00,9.3805,10.949,KHT-XE5S_2025_0526_1101,0.0002000000000000668,0.5
KHT-XE5S,2025-10-01 08:50:00,9.3813,10.951,KHT-XE5S_2025_0526_1101,0.0002000000000000668,0.5
KHT-XE5S,2025-10-01 09:00:00,9.3807,10.949,KHT-XE5S_2025_0526_1101,0.0002000000000000668,0.5
KHT-XE5S,2025-10-01 09:10:00,9.3811,10.952,KHT-XE5S_2025_0526_1101,0.00030000000000001136,0.5
KHT-XE5S,2025-10-01 09:20:00,9.3813,10.951,KHT-XE5S_2025_0526_1101,9.999999999994457e-05,0.5
KHT-XE5S,2025-10-01 09:30:00,9.3821,10.951,KHT-XE5S_2025_0526_1101,0.0,0.5
KHT-XE5S,2025-10-01 09:40:00,9.383,10.95,KHT-XE5S_2025_0526_1101,0.00010000000000012221,0.5
KHT-XE5S,2025-10-01 09:50:00,9.3832,10.95,KHT-XE5S_2025_0526_1101,0.0,0.5
KHT-XE5S,2025-10-01 10:00:00,9.3816,10.952,KHT-XE5S_2025_0526_1101,0.0002000000000000668,0.5
KHT-XE5S,2025-10-01 10:10:00,9.3832,10.951,KHT-XE5S_2025_0526_1101,9.999999999994457e-05,0.5
KHT-XE5S,2025-10-01 10:20:00,9.3842,10.953,KHT-XE5S_2025_0526_1101,0.00019999999999988915,0.5
KHT-XE5S,2025-10-01 10:30:00,9.3852,10.951,KHT-XE5S_2025_0526_1101,0.00019999999999988915,0.5
KHT-XE5S,2025-10-01 10:40:00,9.386,10.952,KHT-XE5S_2025_0526_1101,9.999999999994457e-05,0.5
KHT-XE5S,2025-10-01 10:50:00,9.3858,10.949,KHT-XE5S_2025_0526_1101,0.00030000000000001136,0.5
KHT-XE5S,2025-10-01 11:00:00,9.3872,10.951,KHT-XE5S_2025_0526_1101,0.0002000000000000668,0.5
KHT-XE5S,2025-10-01 11:10:00,9.3855,10.95,KHT-XE5S_2025_0526_1101,0.00010000000000012221,0.5
KHT-XE5S,2025-10-01 11:20:00,9.3867,10.95,KHT-XE5S_2025_0526_1101,0.0,0.5
KHT-XE5S,2025-10-01 11:30:00,9.3861,10.948,KHT-XE5S_2025_0526_1101,0.00019999999999988915,0.5
KHT-XE5S,2025-10-01 11:40:00,9.3857,10.949,KHT-XE5S_2025_0526_1101,9.999999999994457e-05,0.5
KHT-XE5S,2025-10-01 11:50:00,9.3854,10.95,KHT-XE5S_2025_0526_1101,9.999999999994457e-05,0.5
KHT-XE5S,2025-10-01 12:00:00,9.3858,10.949,KHT-XE5S_2025_0526_1101,9.999999999994457e-05,0.5
KHT-XE5S,2025-10-01 12:10:00,9.3851,10.95,KHT-XE5S_2025_0526_1101,9.999999999994457e-05,0.5
KHT-XE5S,2025-10-01 12:20:00,9.3856,10.95,KHT-XE5S_2025_0526_1101,0.0,0.5
KHT-XE5S,2025-10-01 12:30:00,9.3862,10.949,KHT-XE5S_2025_0526_1101,9.999999999994457e-05,0.5
KHT-XE5S,2025-10-01 12:40:00,9.3862,10.951,KHT-XE5S_2025_0526_1101,0.0002000000000000668,0.5
KHT-XE5S,2025-10-01 12:50:00,9.3859,10.948,KHT-XE5S_2025_0526_1101,0.00030000000000001136,0.5
KHT-XE5S,2025-10-01 13:00:00,9.3857,10.951,KHT-XE5S_2025_0526_1101,0.00030000000000001136,0.5
KHT-XE5S,2025-10-01 13:10:00,9.3851,10.952,KHT-XE5S_2025_0526_1101,9.999999999994457e-05,0.5
KHT-XE5S,2025-10-01 13:20:00,9.3849,10.951,KHT-XE5S_2025_0526_1101,9.999999999994457e-05,0.5
KHT-XE5S,2025-10-01 13:30:00,9.3841,10.949,KHT-XE5S_2025_0526_1101,0.0002000000000000668,0.5
KHT-XE5S,2025-10-01 13:40:00,9.3829,10.947,KHT-XE5S_2025_0526_1101,0.0002000000000000668,0.5
KHT-XE5S,2025-10-01 13:50:00,9.3832,10.95,KHT-XE5S_2025_0526_1101,0.00030000000000001136,0.5
KHT-XE5S,2025-10-01 14:00:00,9.3822,10.949,KHT-XE5S_2025_0526_1101,9.999999999994457e-05,0.5
KHT-XE5S,2025-10-01 14:10:00,9.382,10.949,KHT-XE5S_2025_0526_1101,0.0,0.5
KHT-XE5S,2025-10-01 14:20:00,9.3814,10.949,KHT-XE5S_2025_0526_1101,0.0,0.5
KHT-XE5S,2025-10-01 14:30:00,9.3811,10.951,KHT-XE5S_2025_0526_1101,0.0002000000000000668,0.5
KHT-XE5S,2025-10-01 14:40:00,9.3816,10.948,KHT-XE5S_2025_0526_1101,0.00030000000000001136,0.5
KHT-XE5S,2025-10-01 14:50:00,9.3817,10.949,KHT-XE5S_2025_0526_1101,9.999999999994457e-05,0.5
KHT-XE5S,2025-10-01 15:00:00,9.3818,10.95,KHT-XE5S_2025_0526_1101,9.999999999994457e-05,0.5
KHT-XE5S,2025-10-01 15:10:00,9.3811,10.948,KHT-XE5S_2025_0526_1101,0.00019999999999988915,0.5
KHT-XE5S,2025-10-01 15:20:00,9.3803,10.948,KHT-XE5S_2025_0526_1101,0.0,0.5
KHT-XE5S,2025-10-01 15:30:00,9.3803,10.949,KHT-XE5S_2025_0526_1101,9.999999999994457e-05,0.5
KHT-XE5S,2025-10-01 15:40:00,9.3805,10.947,KHT-XE5S_2025_0526_1101,0.0002000000000000668,0.5
KHT-XE5S,2025-10-01 15:50:00,9.3803,10.949,KHT-XE5S_2025_0526_1101,0.0002000000000000668,0.5
KHT-XE5S,2025-10-01 16:00:00,9.3811,10.95,KHT-XE5S_2025_0526_1101,9.999999999994457e-05,0.5
KHT-XE5S,2025-10-01 16:10:00,9.3809,10.948,KHT-XE5S_2025_0526_1101,0.00019999999999988915,0.5
KHT-XE5S,2025-10-01 16:20:00,9.3811,10.948,KHT-XE5S_2025_0526_1101,0.0,0.5
KHT-XE5S,2025-10-01 16:30:00,9.3811,10.948,KHT-XE5S_2025_0526_1101,0.0,0.5
KHT-XE5S,2025-10-01 16:40:00,9.3814,10.948,KHT-XE5S_2025_0526_1101,0.0,0.5
KHT-XE5S,2025-10-01 16:50:00,9.3822,10.948,KHT-XE5S_2025_0526_1101,0.0,0.5
KHT-XE5S,2025-10-01 17:00:00,9.3816,10.949,KHT-XE5S_2025_0526_1101,9.999999999994457e-05,0.5
KHT-XE5S,2025-10-01 17:10:00,9.3825,10.949,KHT-XE5S_2025_0526_1101,0.0,0.5
KHT-XE5S,2025-10-01 17:20:00,9.3823,10.949,KHT-XE5S_2025_0526_1101,0.0,0.5
KHT-XE5S,2025-10-01 17:30:00,9.3819,10.947,KHT-XE5S_2025_0526_1101,0.0002000000000000668,0.5
KHT-XE5S,2025-10-01 17:40:00,9.382,10.948,KHT-XE5S_2025_0526_1101,0.00010000000000012221,0.5
KHT-XE5S,2025-10-01 17:50:00,9.3821,10.947,KHT-XE5S_2025_0526_1101,0.00010000000000012221,0.5
KHT-XE5S,2025-10-01 18:00:00,9.3819,10.947,KHT-XE5S_2025_0526_1101,0.0,0.5
KHT-XE5S,2025-10-01 18:10:00,9.3821,10.948,KHT-XE5S_2025_0526_1101,0.00010000000000012221,0.5
KHT-XE5S,2025-10-01 18:20:00,9.3813,10.948,KHT-XE5S_2025_0526_1101,0.0,0.5
KHT-XE5S,2025-10-01 18:30:00,9.3821,10.948,KHT-XE5S_2025_0526_1101,0.0,0.5
KHT-XE5S,2025-10-01 18:40:00,9.3827,10.946,KHT-XE5S_2025_0526_1101,0.0002000000000000668,0.5
KHT-XE5S,2025-10-01 18:50:00,9.3821,10.946,KHT-XE5S_2025_0526_1101,0.0,0.5
KHT-XE5S,2025-10-01 19:00:00,9.3825,10.949,KHT-XE5S_2025_0526_1101,0.00030000000000001136,0.5
KHT-XE5S,2025-10-01 19:10:00,9.381,10.948,KHT-XE5S_2025_0526_1101,9.999999999994457e-05,0.5
KHT-XE5S,2025-10-01 19:20:00,9.3809,10.947,KHT-XE5S_2025_0526_1101,0.00010000000000012221,0.5
KHT-XE5S,2025-10-01 19:30:00,9.3803,10.949,KHT-XE5S_2025_0526_1101,0.0002000000000000668,0.5
KHT-XE5S,2025-10-01 19:40:00,9.3814,10.949,KHT-XE5S_2025_0526_1101,0.0,0.5
KHT-XE5S,2025-10-01 19:50:00,9.381,10.948,KHT-XE5S_2025_0526_1101,9.999999999994457e-05,0.5
KHT-XE5S,2025-10-01 20:00:00,9.3812,10.948,KHT-XE5S_2025_0526_1101,0.0,0.5
KHT-XE5S,2025-10-01 20:10:00,9.382,10.948,KHT-XE5S_2025_0526_1101,0.0,0.5
KHT-XE5S,2025-10-01 20:20:00,9.3814,10.946,KHT-XE5S_2025_0526_1101,0.0002000000000000668,0.5
KHT-XE5S,2025-10-01 20:30:00,9.383,10.947,KHT-XE5S_2025_0526_1101,9.999999999994457e-05,0.5
KHT-XE5S,2025-10-01 20:40:00,9.3841,10.948,KHT-XE5S_2025_0526_1101,0.00010000000000012221,0.5
KHT-XE5S,2025-10-01 20:50:00,9.3844,10.947,KHT-XE5S_2025_0526_1101,0.00010000000000012221,0.5
KHT-XE5S,2025-10-01 21:00:00,9.3845,10.948,KHT-XE5S_2025_0526_1101,0.00010000000000012221,0.5
KHT-XE5S,2025-10-01 21:10:00,9.3853,10.949,KHT-XE5S_2025_0526_1101,9.999999999994457e-05,0.5
KHT-XE5S,2025-10-01 21:20:00,9.3863,10.946,KHT-XE5S_2025_0526_1101,0.00030000000000001136,0.5
KHT-XE5S,2025-10-01 21:30:00,9.3866,10.948,KHT-XE5S_2025_0526_1101,0.0002000000000000668,0.5
KHT-XE5S,2025-10-01 21:40:00,9.3873,10.948,KHT-XE5S_2025_0526_1101,0.0,0.5
KHT-XE5S,2025-10-01 21:50:00,9.3874,10.947,KHT-XE5S_2025_0526_1101,0.00010000000000012221,0.5
KHT-XE5S,2025-10-01 22:00:00,9.3875,10.947,KHT-XE5S_2025_0526_1101,0.0,0.5
KHT-XE5S,2025-10-01 22:10:00,9.3864,10.947,KHT-XE5S_2025_0526_1101,0.0,0.5
KHT-XE5S,2025-10-01 22:20:00,9.3868,10.946,KHT-XE5S_2025_0526_1101,9.999999999994457e-05,0.5
KHT-XE5S,2025-10-01 22:30:00,9.3867,10.946,KHT-XE5S_2025_0526_1101,0.0,0.5
KHT-XE5S,2025-10-01 22:40:00,9.3872,10.948,KHT-XE5S_2025_0526_1101,0.0002000000000000668,0.5
KHT-XE5S,2025-10-01 22:50:00,9.387,10.946,KHT-XE5S_2025_0526_1101,0.0002000000000000668,0.5
KHT-XE5S,2025-10-01 23:00:00,9.3867,10.946,KHT-XE5S_2025_0526_1101,0.0,0.5
KHT-XE5S,2025-10-01 23:10:00,9.3871,10.948,KHT-XE5S_2025_0526_1101,0.0002000000000000668,0.5
KHT-XE5S,2025-10-01 23:20:00,9.387,10.946,KHT-XE5S_2025_0526_1101,0.0002000000000000668,0.5
KHT-XE5S,2025-10-01 23:30:00,9.3861,10.946,KHT-XE5S_2025_0526_1101,0.0,0.5
KHT-XE5S,2025-10-01 23:40:00,9.3871,10.946,KHT-XE5S_2025_0526_1101,0.0,0.5
KHT-XE5S,2025-10-01 23:50:00,9.3876,10.946,KHT-XE5S_2025_0526_1101,0.0,0.5
KHT-XE5S,2025-10-02 00:00:00,9.3877,10.947,KHT-XE5S_2025_0526_1101,9.999999999994457e-05,0.5
KHT-XE5S,2025-10-02 00:10:00,9.3872,10.945,KHT-XE5S_2025_0526_1101,0.00019999999999988915,0.5
KHT-XE5S,2025-10-02 00:20:00,9.3866,10.947,KHT-XE5S_2025_0526_1101,0.00019999999999988915,0.5
KHT-XE5S,2025-10-02 00:30:00,9.3862,10.945,KHT-XE5S_2025_0526_1101,0.00019999999999988915,0.5
KHT-XE5S,2025-10-02 00:40:00,9.3842,10.945,KHT-XE5S_2025_0526_1101,0.0,0.5
KHT-XE5S,2025-10-02 00:50:00,9.3839,10.946,KHT-XE5S_2025_0526_1101,9.999999999994457e-05,0.5
KHT-XE5S,2025-10-02 01:00:00,9.3834,10.945,KHT-XE5S_2025_0526_1101,9.999999999994457e-05,0.5
KHT-XE5S,2025-10-02 01:10:00,9.3839,10.946,KHT-XE5S_2025_0526_1101,9.999999999994457e-05,0.5
KHT-XE5S,2025-10-02 01:20:00,9.3835,10.947,KHT-XE5S_2025_0526_1101,9.999999999994457e-05,0.5
KHT-XE5S,2025-10-02 01:30:00,9.3829,10.945,KHT-XE5S_2025_0526_1101,0.00019999999999988915,0.5
KHT-XE5S,2025-10-02 01:40:00,9.3838,10.947,KHT-XE5S_2025_0526_1101,0.00019999999999988915,0.5
KHT-XE5S,2025-10-02 01:50:00,9.383,10.946,KHT-XE5S_2025_0526_1101,9.999999999994457e-05,0.5
KHT-XE5S,2025-10-02 02:00:00,9.3833,10.946,KHT-XE5S_2025_0526_1101,0.0,0.5
KHT-XE5S,2025-10-02 02:10:00,9.3834,10.945,KHT-XE5S_2025_0526_1101,9.999999999994457e-05,0.5
KHT-XE5S,2025-10-02 02:20:00,9.3831,10.946,KHT-XE5S_2025_0526_1101,9.999999999994457e-05,0.5
KHT-XE5S,2025-10-02 02:30:00,9.3823,10.946,KHT-XE5S_2025_0526_1101,0.0,0.5
KHT-XE5S,2025-10-02 02:40:00,9.3815,10.945,KHT-XE5S_2025_0526_1101,9.999999999994457e-05,0.5
KHT-XE5S,2025-10-02 02:50:00,9.3807,10.946,KHT-XE5S_2025_0526_1101,9.999999999994457e-05,0.5
KHT-XE5S,2025-10-02 03:00:00,9.3805,10.945,KHT-XE5S_2025_0526_1101,9.999999999994457e-05,0.5
KHT-XE5S,2025-10-02 03:10:00,9.3805,10.946,KHT-XE5S_2025_0526_1101,9.999999999994457e-05,0.5
KHT-XE5S,2025-10-02 03:20:00,9.3797,10.944,KHT-XE5S_2025_0526_1101,0.00019999999999988915,0.5
KHT-XE5S,2025-10-02 03:30:00,9.3799,10.944,KHT-XE5S_2025_0526_1101,0.0,0.5
KHT-XE5S,2025-10-02 03:40:00,9.3802,10.946,KHT-XE5S_2025_0526_1101,0.00019999999999988915,0.5
KHT-XE5S,2025-10-02 03:50:00,9.379,10.943,KHT-XE5S_2025_0526_1101,0.00030000000000001136,0.5
KHT-XE5S,2025-10-02 04:00:00,9.3798,10.945,KHT-XE5S_2025_0526_1101,0.0002000000000000668,0.5
KHT-XE5S,2025-10-02 04:10:00,9.3803,10.944,KHT-XE5S_2025_0526_1101,9.999999999994457e-05,0.5
KHT-XE5S,2025-10-02 04:20:00,9.3795,10.946,KHT-XE5S_2025_0526_1101,0.00019999999999988915,0.5
KHT-XE5S,2025-10-02 04:30:00,9.3795,10.944,KHT-XE5S_2025_0526_1101,0.00019999999999988915,0.5
KHT-XE5S,2025-10-02 04:40:00,9.3804,10.945,KHT-XE5S_2025_0526_1101,9.999999999994457e-05,0.5
KHT-XE5S,2025-10-02 04:50:00,9.3819,10.944,KHT-XE5S_2025_0526_1101,9.999999999994457e-05,0.5
KHT-XE5S,2025-10-02 05:00:00,9.3808,10.945,KHT-XE5S_2025_0526_1101,9.999999999994457e-05,0.5
KHT-XE5S,2025-10-02 05:10:00,9.3805,10.946,KHT-XE5S_2025_0526_1101,9.999999999994457e-05,0.5
KHT-XE5S,2025-10-02 05:20:00,9.3807,10.945,KHT-XE5S_2025_0526_1101,9.999999999994457e-05,0.5
KHT-XE5S,2025-10-02 05:30:00,9.3802,10.945,KHT-XE5S_2025_0526_1101,0.0,0.5
KHT-XE5S,2025-10-02 05:40:00,9.3802,10.944,KHT-XE5S_2025_0526_1101,9.999999999994457e-05,0.5
KHT-XE5S,2025-10-02 05:50:00,9.3821,10.943,KHT-XE5S_2025_0526_1101,0.00010000000000012221,0.5
KHT-XE5S,2025-10-02 06:00:00,9.3813,10.945,KHT-XE5S_2025_0526_1101,0.0002000000000000668,0.5
KHT-XE5S,2025-10-02 06:10:00,9.3812,10.945,KHT-XE5S_2025_0526_1101,0.0,0.5
KHT-XE5S,2025-10-02 06:20:00,9.3814,10.943,KHT-XE5S_2025_0526_1101,0.0002000000000000668,0.5
KHT-XE5S,2025-10-02 06:30:00,9.3826,10.943,KHT-XE5S_2025_0526_1101,0.0,0.5
KHT-XE5S,2025-10-02 06:40:00,9.3827,10.945,KHT-XE5S_2025_0526_1101,0.0002000000000000668,0.5
KHT-XE5S,2025-10-02 06:50:00,9.3825,10.944,KHT-XE5S_2025_0526_1101,9.999999999994457e-05,0.5
KHT-XE5S,2025-10-02 07:00:00,9.3817,10.942,KHT-XE5S_2025_0526_1101,0.0002000000000000668,0.5
KHT-XE5S,2025-10-02 07:10:00,9.3812,10.945,KHT-XE5S_2025_0526_1101,0.00030000000000001136,0.5
KHT-XE5S,2025-10-02 07:20:00,9.3816,10.944,KHT-XE5S_2025_0526_1101,9.999999999994457e-05,0.5
KHT-XE5S,2025-10-02 07:30:00,9.3814,10.943,KHT-XE5S_2025_0526_1101,0.00010000000000012221,0.5
KHT-XE5S,2025-10-02 07:40:00,9.381,10.944,KHT-XE5S_2025_0526_1101,0.00010000000000012221,0.5
KHT-XE5S,2025-10-02 07:50:00,9.3801,10.942,KHT-XE5S_2025_0526_1101,0.0002000000000000668,0.5
KHT-XE5S,2025-10-02 08:00:00,9.3798,10.945,KHT-XE5S_2025_0526_1101,0.00030000000000001136,0.5
KHT-XE5S,2025-10-02 08:10:00,9.3793,10.942,KHT-XE5S_2025_0526_1101,0.00030000000000001136,0.5
KHT-XE5S,2025-10-02 08:20:00,9.3814,10.942,KHT-XE5S_2025_0526_1101,0.0,0.5
KHT-XE5S,2025-10-02 08:30:00,9.3805,10.945,KHT-XE5S_2025_0526_1101,0.00030000000000001136,0.5
KHT-XE5S,2025-10-02 08:40:00,9.3818,10.944,KHT-XE5S_2025_0526_1101,9.999999999994457e-05,0.5
KHT-XE5S,2025-10-02 08:50:00,9.3799,10.944,KHT-XE5S_2025_0526_1101,0.0,0.5
KHT-XE5S,2025-10-02 09:00:00,9.3803,10.943,KHT-XE5S_2025_0526_1101,0.00010000000000012221,0.5
KHT-XE5S,2025-10-02 09:10:00,9.3798,10.943,KHT-XE5S_2025_0526_1101,0.0,0.5
KHT-XE5S,2025-10-02 09:20:00,9.3802,10.944,KHT-XE5S_2025_0526_1101,0.00010000000000012221,0.5
KHT-XE5S,2025-10-02 09:30:00,9.382,10.943,KHT-XE5S_2025_0526_1101,0.00010000000000012221,0.5
KHT-XE5S,2025-10-02 09:40:00,9.3833,10.942,KHT-XE5S_2025_0526_1101,9.999999999994457e-05,0.5
KHT-XE5S,2025-10-02 09:50:00,9.3841,10.944,KHT-XE5S_2025_0526_1101,0.0002000000000000668,0.5
KHT-XE5S,2025-10-02 10:00:00,9.3861,10.943,KHT-XE5S_2025_0526_1101,0.00010000000000012221,0.5
KHT-XE5S,2025-10-02 10:10:00,9.3873,10.943,KHT-XE5S_2025_0526_1101,0.0,0.5
KHT-XE5S,2025-10-02 10:20:00,9.3864,10.942,KHT-XE5S_2025_0526_1101,9.999999999994457e-05,0.5
KHT-XE5S,2025-10-02 10:30:00,9.3864,10.943,KHT-XE5S_2025_0526_1101,9.999999999994457e-05,0.5
KHT-XE5S,2025-10-02 10:40:00,9.3875,10.943,KHT-XE5S_2025_0526_1101,0.0,0.5
KHT-XE5S,2025-10-02 10:50:00,9.3883,10.942,KHT-XE5S_2025_0526_1101,9.999999999994457e-05,0.5
KHT-XE5S,2025-10-02 11:00:00,9.3899,10.941,KHT-XE5S_2025_0526_1101,9.999999999994457e-05,0.5
KHT-XE5S,2025-10-02 11:10:00,9.3898,10.941,KHT-XE5S_2025_0526_1101,0.0,0.5
KHT-XE5S,2025-10-02 11:20:00,9.3895,10.944,KHT-XE5S_2025_0526_1101,0.00030000000000001136,0.5
KHT-XE5S,2025-10-02 11:30:00,9.3904,10.944,KHT-XE5S_2025_0526_1101,0.0,0.5
KHT-XE5S,2025-10-02 11:40:00,9.3922,10.943,KHT-XE5S_2025_0526_1101,0.00010000000000012221,0.5
KHT-XE5S,2025-10-02 11:50:00,9.3937,10.942,KHT-XE5S_2025_0526_1101,9.999999999994457e-05,0.5
KHT-XE5S,2025-10-02 12:00:00,9.3921,10.94,KHT-XE5S_2025_0526_1101,0.0002000000000000668,0.5
KHT-XE5S,2025-10-02 12:10:00,9.3912,10.941,KHT-XE5S_2025_0526_1101,0.00010000000000012221,0.5
KHT-XE5S,2025-10-02 12:20:00,9.3922,10.939,KHT-XE5S_2025_0526_1101,0.0002000000000000668,0.5
KHT-XE5S,2025-10-02 12:30:00,9.3945,10.941,KHT-XE5S_2025_0526_1101,0.0002000000000000668,0.5
KHT-XE5S,2025-10-02 12:40:00,9.3961,10.942,KHT-XE5S_2025_0526_1101,9.999999999994457e-05,0.5
KHT-XE5S,2025-10-02 12:50:00,9.3974,10.941,KHT-XE5S_2025_0526_1101,9.999999999994457e-05,0.5
KHT-XE5S,2025-10-02 13:00:00,9.3974,10.941,KHT-XE5S_2025_0526_1101,0.0,0.5
KHT-XE5S,2025-10-02 13:10:00,9.397,10.941,KHT-XE5S_2025_0526_1101,0.0,0.5
KHT-XE5S,2025-10-02 13:20:00,9.3974,10.941,KHT-XE5S_2025_0526_1101,0.0,0.5
KHT-XE5S,2025-10-02 13:30:00,9.3976,10.94,KHT-XE5S_2025_0526_1101,0.00010000000000012221,0.5
KHT-XE5S,2025-10-02 13:40:00,9.3983,10.941,KHT-XE5S_2025_0526_1101,0.00010000000000012221,0.5
KHT-XE5S,2025-10-02 13:50:00,9.3986,10.941,KHT-XE5S_2025_0526_1101,0.0,0.5
KHT-XE5S,2025-10-02 14:00:00,9.4,10.939,KHT-XE5S_2025_0526_1101,0.0002000000000000668,0.5
KHT-XE5S,2025-10-02 14:10:00,9.4002,10.941,KHT-XE5S_2025_0526_1101,0.0002000000000000668,0.5
KHT-XE5S,2025-10-02 14:20:00,9.3992,10.94,KHT-XE5S_2025_0526_1101,0.00010000000000012221,0.5
KHT-XE5S,2025-10-02 14:30:00,9.3989,10.94,KHT-XE5S_2025_0526_1101,0.0,0.5
KHT-XE5S,2025-10-02 14:40:00,9.3992,10.939,KHT-XE5S_2025_0526_1101,9.999999999994457e-05,0.5
KHT-XE5S,2025-10-02 14:50:00,9.3983,10.94,KHT-XE5S_2025_0526_1101,9.999999999994457e-05,0.5
KHT-XE5S,2025-10-02 15:00:00,9.4013,10.941,KHT-XE5S_2025_0526_1101,0.00010000000000012221,0.5
KHT-XE5S,2025-10-02 15:10:00,9.4017,10.94,KHT-XE5S_2025_0526_1101,0.00010000000000012221,0.5
KHT-XE5S,2025-10-02 15:20:00,9.4002,10.94,KHT-XE5S_2025_0526_1101,0.0,0.5
KHT-XE5S,2025-10-02 15:30:00,9.4019,10.942,KHT-XE5S_2025_0526_1101,0.0002000000000000668,0.5
KHT-XE5S,2025-10-02 15:40:00,9.4034,10.941,KHT-XE5S_2025_0526_1101,9.999999999994457e-05,0.5
KHT-XE5S,2025-10-02 15:50:00,9.405,10.94,KHT-XE5S_2025_0526_1101,0.00010000000000012221,0.5
KHT-XE5S,2025-10-02 16:00:00,9.4046,10.939,KHT-XE5S_2025_0526_1101,9.999999999994457e-05,0.5
KHT-XE5S,2025-10-02 16:10:00,9.403,10.941,KHT-XE5S_2025_0526_1101,0.0002000000000000668,0.5
KHT-XE5S,2025-10-02 16:20:00,9.4029,10.941,KHT-XE5S_2025_0526_1101,0.0,0.5
KHT-XE5S,2025-10-02 16:30:00,9.4001,10.941,KHT-XE5S_2025_0526_1101,0.0,0.5
KHT-XE5S,2025-10-02 16:40:00,9.4031,10.94,KHT-XE5S_2025_0526_1101,0.00010000000000012221,0.5
KHT-XE5S,2025-10-02 16:50:00,9.4045,10.94,KHT-XE5S_2025_0526_1101,0.0,0.5
KHT-XE5S,2025-10-02 17:00:00,9.4017,10.94,KHT-XE5S_2025_0526_1101,0.0,0.5
KHT-XE5S,2025-10-02 17:10:00,9.4014,10.941,KHT-XE5S_2025_0526_1101,0.00010000000000012221,0.5
KHT-XE5S,2025-10-02 17:20:00,9.4019,10.94,KHT-XE5S_2025_0526_1101,0.00010000000000012221,0.5
KHT-XE5S,2025-10-02 17:30:00,9.4017,10.942,KHT-XE5S_2025_0526_1101,0.0002000000000000668,0.5
KHT-XE5S,2025-10-02 17:40:00,9.4019,10.94,KHT-XE5S_2025_0526_1101,0.0002000000000000668,0.5
KHT-XE5S,2025-10-02 17:50:00,9.4022,10.939,KHT-XE5S_2025_0526_1101,9.999999999994457e-05,0.5
KHT-XE5S,2025-10-02 18:00:00,9.4024,10.94,KHT-XE5S_2025_0526_1101,9.999999999994457e-05,0.5
KHT-XE5S,2025-10-02 18:10:00,9.4025,10.942,KHT-XE5S_2025_0526_1101,0.0002000000000000668,0.5
KHT-XE5S,2025-10-02 18:20:00,9.4013,10.939,KHT-XE5S_2025_0526_1101,0.00030000000000001136,0.5
KHT-XE5S,2025-10-02 18:30:00,9.4004,10.94,KHT-XE5S_2025_0526_1101,9.999999999994457e-05,0.5
KHT-XE5S,2025-10-02 18:40:00,9.4016,10.938,KHT-XE5S_2025_0526_1101,0.00019999999999988915,0.5
KHT-XE5S,2025-10-02 18:50:00,9.402,10.939,KHT-XE5S_2025_0526_1101,9.999999999994457e-05,0.5
KHT-XE5S,2025-10-02 19:00:00,9.4013,10.94,KHT-XE5S_2025_0526_1101,9.999999999994457e-05,0.5
KHT-XE5S,2025-10-02 19:10:00,9.4003,10.94,KHT-XE5S_2025_0526_1101,0.0,0.5
KHT-XE5S,2025-10-02 19:20:00,9.4027,10.939,KHT-XE5S_2025_0526_1101,9.999999999994457e-05,0.5
KHT-XE5S,2025-10-02 19:30:00,9.402,10.941,KHT-XE5S_2025_0526_1101,0.0002000000000000668,0.5
KHT-XE5S,2025-10-02 19:40:00,9.3974,10.94,KHT-XE5S_2025_0526_1101,0.00010000000000012221,0.5
KHT-XE5S,2025-10-02 19:50:00,9.3992,10.939,KHT-XE5S_2025_0526_1101,9.999999999994457e-05,0.5
KHT-XE5S,2025-10-02 20:00:00,9.4,10.94,KHT-XE5S_2025_0526_1101,9.999999999994457e-05,0.5
KHT-XE5S,2025-10-02 20:10:00,9.4003,10.94,KHT-XE5S_2025_0526_1101,0.0,0.5
KHT-XE5S,2025-10-02 20:20:00,9.3987,10.939,KHT-XE5S_2025_0526_1101,9.999999999994457e-05,0.5
KHT-XE5S,2025-10-02 20:30:00,9.3963,10.94,KHT-XE5S_2025_0526_1101,9.999999999994457e-05,0.5
KHT-XE5S,2025-10-02 20:40:00,9.3961,10.94,KHT-XE5S_2025_0526_1101,0.0,0.5
KHT-XE5S,2025-10-02 20:50:00,9.3972,10.938,KHT-XE5S_2025_0526_1101,0.00019999999999988915,0.5
KHT-XE5S,2025-10-02 21:00:00,9.3978,10.94,KHT-XE5S_2025_0526_1101,0.00019999999999988915,0.5
KHT-XE5S,2025-10-02 21:10:00,9.3977,10.937,KHT-XE5S_2025_0526_1101,0.00030000000000001136,0.5
KHT-XE5S,2025-10-02 21:20:00,9.3957,10.94,KHT-XE5S_2025_0526_1101,0.00030000000000001136,0.5
KHT-XE5S,2025-10-02 21:30:00,9.3978,10.937,KHT-XE5S_2025_0526_1101,0.00030000000000001136,0.5
KHT-XE5S,2025-10-02 21:40:00,9.3968,10.938,KHT-XE5S_2025_0526_1101,0.00010000000000012221,0.5
KHT-XE5S,2025-10-02 21:50:00,9.3957,10.939,KHT-XE5S_2025_0526_1101,9.999999999994457e-05,0.5
KHT-XE5S,2025-10-02 22:00:00,9.3966,10.939,KHT-XE5S_2025_0526_1101,0.0,0.5
KHT-XE5S,2025-10-02 22:10:00,9.3965,10.939,KHT-XE5S_2025_0526_1101,0.0,0.5
KHT-XE5S,2025-10-02 22:20:00,9.3959,10.938,KHT-XE5S_2025_0526_1101,9.999999999994457e-05,0.5
KHT-XE5S,2025-10-02 22:30:00,9.3972,10.938,KHT-XE5S_2025_0526_1101,0.0,0.5
KHT-XE5S,2025-10-02 22:40:00,9.3976,10.937,KHT-XE5S_2025_0526_1101,0.00010000000000012221,0.5
KHT-XE5S,2025-10-02 22:50:00,9.396,10.937,KHT-XE5S_2025_0526_1101,0.0,0.5
KHT-XE5S,2025-10-02 23:00:00,9.395,10.937,KHT-XE5S_2025_0526_1101,0.0,0.5
KHT-XE5S,2025-10-02 23:10:00,9.3938,10.936,KHT-XE5S_2025_0526_1101,9.999999999994457e-05,0.5
KHT-XE5S,2025-10-02 23:20:00,9.3932,10.938,KHT-XE5S_2025_0526_1101,0.0002000000000000668,0.5
KHT-XE5S,2025-10-02 23:30:00,9.3914,10.937,KHT-XE5S_2025_0526_1101,0.00010000000000012221,0.5
KHT-XE5S,2025-10-02 23:40:00,9.3903,10.938,KHT-XE5S_2025_0526_1101,0.00010000000000012221,0.5
KHT-XE5S,2025-10-02 23:50:00,9.3913,10.936,KHT-XE5S_2025_0526_1101,0.0002000000000000668,0.5
KHT-XE5S,2025-10-03 00:00:00,9.392,10.937,KHT-XE5S_2025_0526_1101,9.999999999994457e-05,0.5
KHT-XE5S,2025-10-03 00:10:00,9.3906,10.937,KHT-XE5S_2025_0526_1101,0.0,0.5
KHT-XE5S,2025-10-03 00:20:00,9.3894,10.937,KHT-XE5S_2025_0526_1101,0.0,0.5
KHT-XE5S,2025-10-03 00:30:00,9.3881,10.935,KHT-XE5S_2025_0526_1101,0.00019999999999988915,0.5
KHT-XE5S,2025-10-03 00:40:00,9.3879,10.938,KHT-XE5S_2025_0526_1101,0.00030000000000001136,0.5
KHT-XE5S,2025-10-03 00:50:00,9.3867,10.936,KHT-XE5S_2025_0526_1101,0.0002000000000000668,0.5
KHT-XE5S,2025-10-03 01:00:00,9.386,10.936,KHT-XE5S_2025_0526_1101,0.0,0.5
KHT-XE5S,2025-10-03 01:10:00,9.3851,10.935,KHT-XE5S_2025_0526_1101,9.999999999994457e-05,0.5
KHT-XE5S,2025-10-03 01:20:00,9.3853,10.937,KHT-XE5S_2025_0526_1101,0.00019999999999988915,0.5
KHT-XE5S,2025-10-03 01:30:00,9.3851,10.938,KHT-XE5S_2025_0526_1101,0.00010000000000012221,0.5
KHT-XE5S,2025-10-03 01:40:00,9.3856,10.938,KHT-XE5S_2025_0526_1101,0.0,0.5
KHT-XE5S,2025-10-03 01:50:00,9.3862,10.937,KHT-XE5S_2025_0526_1101,0.00010000000000012221,0.5
KHT-XE5S,2025-10-03 02:00:00,9.386,10.938,KHT-XE5S_2025_0526_1101,0.00010000000000012221,0.5
KHT-XE5S,2025-10-03 02:10:00,9.384,10.939,KHT-XE5S_2025_0526_1101,9.999999999994457e-05,0.5
KHT-XE5S,2025-10-03 02:20:00,9.3824,10.936,KHT-XE5S_2025_0526_1101,0.00030000000000001136,0.5
KHT-XE5S,2025-10-03 02:30:00,9.3816,10.935,KHT-XE5S_2025_0526_1101,9.999999999994457e-05,0.5
KHT-XE5S,2025-10-03 02:40:00,9.3805,10.937,KHT-XE5S_2025_0526_1101,0.00019999999999988915,0.5
KHT-XE5S,2025-10-03 02:50:00,9.3792,10.936,KHT-XE5S_2025_0526_1101,9.999999999994457e-05,0.5
KHT-XE5S,2025-10-03 03:00:00,9.3786,10.936,KHT-XE5S_2025_0526_1101,0.0,0.5
KHT-XE5S,2025-10-03 03:10:00,9.3786,10.936,KHT-XE5S_2025_0526_1101,0.0,0.5
KHT-XE5S,2025-10-03 03:20:00,9.3786,10.936,KHT-XE5S_2025_0526_1101,0.0,0.5
KHT-XE5S,2025-10-03 03:30:00,9.3788,10.936,KHT-XE5S_2025_0526_1101,0.0,0.5
KHT-XE5S,2025-10-03 03:40:00,9.3781,10.935,KHT-XE5S_2025_0526_1101,9.999999999994457e-05,0.5
KHT-XE5S,2025-10-03 03:50:00,9.377,10.937,KHT-XE5S_2025_0526_1101,0.00019999999999988915,0.5
KHT-XE5S,2025-10-03 04:00:00,9.3765,10.934,KHT-XE5S_2025_0526_1101,0.00030000000000001136,0.5
KHT-XE5S,2025-10-03 04:10:00,9.3763,10.937,KHT-XE5S_2025_0526_1101,0.00030000000000001136,0.5
KHT-XE5S,2025-10-03 04:20:00,9.3773,10.935,KHT-XE5S_2025_0526_1101,0.00019999999999988915,0.5
KHT-XE5S,2025-10-03 04:30:00,9.3767,10.935,KHT-XE5S_2025_0526_1101,0.0,0.5
KHT-XE5S,2025-10-03 04:40:00,9.3768,10.936,KHT-XE5S_2025_0526_1101,9.999999999994457e-05,0.5
KHT-XE5S,2025-10-03 04:50:00,9.3758,10.936,KHT-XE5S_2025_0526_1101,0.0,0.5
KHT-XE5S,2025-10-03 05:00:00,9.376,10.937,KHT-XE5S_2025_0526_1101,9.999999999994457e-05,0.5
KHT-XE5S,2025-10-03 05:10:00,9.3748,10.935,KHT-XE5S_2025_0526_1101,0.00019999999999988915,0.5
KHT-XE5S,2025-10-03 05:20:00,9.3755,10.935,KHT-XE5S_2025_0526_1101,0.0,0.5
KHT-XE5S,2025-10-03 05:30:00,9.3756,10.935,KHT-XE5S_2025_0526_1101,0.0,0.5
KHT-XE5S,2025-10-03 05:40:00,9.3767,10.935,KHT-XE5S_2025_0526_1101,0.0,0.5
KHT-XE5S,2025-10-03 05:50:00,9.3787,10.935,KHT-XE5S_2025_0526_1101,0.0,0.5
KHT-XE5S,2025-10-03 06:00:00,9.3775,10.936,KHT-XE5S_2025_0526_1101,9.999999999994457e-05,0.5
KHT-XE5S,2025-10-03 06:10:00,9.378,10.935,KHT-XE5S_2025_0526_1101,9.999999999994457e-05,0.5
KHT-XE5S,2025-10-03 06:20:00,9.3787,10.935,KHT-XE5S_2025_0526_1101,0.0,0.5
KHT-XE5S,2025-10-03 06:30:00,9.3784,10.934,KHT-XE5S_2025_0526_1101,0.00010000000000012221,0.5
KHT-XE5S,2025-10-03 06:40:00,9.379,10.934,KHT-XE5S_2025_0526_1101,0.0,0.5
KHT-XE5S,2025-10-03 06:50:00,9.3792,10.933,KHT-XE5S_2025_0526_1101,9.999999999994457e-05,0.5
KHT-XE5S,2025-10-03 07:00:00,9.3803,10.934,KHT-XE5S_2025_0526_1101,9.999999999994457e-05,0.5
KHT-XE5S,2025-10-03 07:10:00,9.3805,10.933,KHT-XE5S_2025_0526_1101,9.999999999994457e-05,0.5
KHT-XE5S,2025-10-03 07:20:00,9.3806,10.935,KHT-XE5S_2025_0526_1101,0.0002000000000000668,0.5
KHT-XE5S,2025-10-03 07:30:00,9.3807,10.935,KHT-XE5S_2025_0526_1101,0.0,0.5
KHT-XE5S,2025-10-03 07:40:00,9.3808,10.933,KHT-XE5S_2025_0526_1101,0.0002000000000000668,0.5
KHT-XE5S,2025-10-03 07:50:00,9.3797,10.934,KHT-XE5S_2025_0526_1101,9.999999999994457e-05,0.5
KHT-XE5S,2025-10-03 08:00:00,9.3795,10.932,KHT-XE5S_2025_0526_1101,0.00019999999999988915,0.5
KHT-XE5S,2025-10-03 08:10:00,9.3799,10.933,KHT-XE5S_2025_0526_1101,9.999999999994457e-05,0.5
KHT-XE5S,2025-10-03 08:20:00,9.3796,10.933,KHT-XE5S_2025_0526_1101,0.0,0.5
KHT-XE5S,2025-10-03 08:30:00,9.38,10.935,KHT-XE5S_2025_0526_1101,0.0002000000000000668,0.5
KHT-XE5S,2025-10-03 08:40:00,9.38,10.934,KHT-XE5S_2025_0526_1101,0.00010000000000012221,0.5
KHT-XE5S,2025-10-03 08:50:00,9.3794,10.934,KHT-XE5S_2025_0526_1101,0.0,0.5
KHT-XE5S,2025-10-03 09:00:00,9.3797,10.932,KHT-XE5S_2025_0526_1101,0.00019999999999988915,0.5
KHT-XE5S,2025-10-03 09:10:00,9.3801,10.935,KHT-XE5S_2025_0526_1101,0.00030000000000001136,0.5
KHT-XE5S,2025-10-03 09:20:00,9.3807,10.933,KHT-XE5S_2025_0526_1101,0.0002000000000000668,0.5
KHT-XE5S,2025-10-03 09:30:00,9.381,10.933,KHT-XE5S_2025_0526_1101,0.0,0.5
KHT-XE5S,2025-10-03 09:40:00,9.3803,10.932,KHT-XE5S_2025_0526_1101,9.999999999994457e-05,0.5
KHT-XE5S,2025-10-03 09:50:00,9.3795,10.934,KHT-XE5S_2025_0526_1101,0.00019999999999988915,0.5
KHT-XE5S,2025-10-03 10:00:00,9.3804,10.934,KHT-XE5S_2025_0526_1101,0.0,0.5
KHT-XE5S,2025-10-03 10:10:00,9.3823,10.933,KHT-XE5S_2025_0526_1101,9.999999999994457e-05,0.5
KHT-XE5S,2025-10-03 10:20:00,9.3828,10.932,KHT-XE5S_2025_0526_1101,9.999999999994457e-05,0.5
KHT-XE5S,2025-10-03 10:30:00,9.3831,10.936,KHT-XE5S_2025_0526_1101,0.00039999999999995595,0.5
KHT-XE5S,2025-10-03 10:40:00,9.3839,10.934,KHT-XE5S_2025_0526_1101,0.0002000000000000668,0.5
KHT-XE5S,2025-10-03 10:50:00,9.3841,10.932,KHT-XE5S_2025_0526_1101,0.00019999999999988915,0.5
KHT-XE5S,2025-10-03 11:00:00,9.384,10.933,KHT-XE5S_2025_0526_1101,9.999999999994457e-05,0.5
KHT-XE5S,2025-10-03 11:10:00,9.3841,10.933,KHT-XE5S_2025_0526_1101,0.0,0.5
KHT-XE5S,2025-10-03 11:20:00,9.3837,10.934,KHT-XE5S_2025_0526_1101,9.999999999994457e-05,0.5
KHT-XE5S,2025-10-03 11:30:00,9.3838,10.932,KHT-XE5S_2025_0526_1101,0.00019999999999988915,0.5
KHT-XE5S,2025-10-03 11:40:00,9.3833,10.93,KHT-XE5S_2025_0526_1101,0.0002000000000000668,0.5
KHT-XE5S,2025-10-03 11:50:00,9.3832,10.932,KHT-XE5S_2025_0526_1101,0.0002000000000000668,0.5
KHT-XE5S,2025-10-03 12:00:00,9.3822,10.932,KHT-XE5S_2025_0526_1101,0.0,0.5
KHT-XE5S,2025-10-03 12:10:00,9.3809,10.934,KHT-XE5S_2025_0526_1101,0.00019999999999988915,0.5
KHT-XE5S,2025-10-03 12:20:00,9.3805,10.933,KHT-XE5S_2025_0526_1101,9.999999999994457e-05,0.5
KHT-XE5S,2025-10-03 12:30:00,9.3801,10.933,KHT-XE5S_2025_0526_1101,0.0,0.5
KHT-XE5S,2025-10-03 12:40:00,9.379,10.932,KHT-XE5S_2025_0526_1101,9.999999999994457e-05,0.5
KHT-XE5S,2025-10-03 12:50:00,9.3778,10.931,KHT-XE5S_2025_0526_1101,0.00010000000000012221,0.5
KHT-XE5S,2025-10-03 13:00:00,9.3774,10.933,KHT-XE5S_2025_0526_1101,0.0002000000000000668,0.5
KHT-XE5S,2025-10-03 13:10:00,9.3776,10.933,KHT-XE5S_2025_0526_1101,0.0,0.5
KHT-XE5S,2025-10-03 13:20:00,9.3772,10.931,KHT-XE5S_2025_0526_1101,0.0002000000000000668,0.5
KHT-XE5S,2025-10-03 13:30:00,9.3755,10.932,KHT-XE5S_2025_0526_1101,0.00010000000000012221,0.5
KHT-XE5S,2025-10-03 13:40:00,9.3743,10.932,KHT-XE5S_2025_0526_1101,0.0,0.5
KHT-XE5S,2025-10-03 13:50:00,9.3727,10.932,KHT-XE5S_2025_0526_1101,0.0,0.5
KHT-XE5S,2025-10-03 14:00:00,9.3707,10.93,KHT-XE5S_2025_0526_1101,0.0002000000000000668,0.5
KHT-XE5S,2025-10-03 14:10:00,9.37,10.931,KHT-XE5S_2025_0526_1101,9.999999999994457e-05,0.5
KHT-XE5S,2025-10-03 14:20:00,9.3689,10.932,KHT-XE5S_2025_0526_1101,0.00010000000000012221,0.5
KHT-XE5S,2025-10-03 14:30:00,9.3689,10.933,KHT-XE5S_2025_0526_1101,9.999999999994457e-05,0.5
KHT-XE5S,2025-10-03 14:40:00,9.3696,10.931,KHT-XE5S_2025_0526_1101,0.0002000000000000668,0.5
KHT-XE5S,2025-10-03 14:50:00,9.3732,10.933,KHT-XE5S_2025_0526_1101,0.0002000000000000668,0.5
KHT-XE5S,2025-10-03 15:00:00,9.3752,10.931,KHT-XE5S_2025_0526_1101,0.0002000000000000668,0.5
KHT-XE5S,2025-10-03 15:10:00,9.3745,10.932,KHT-XE5S_2025_0526_1101,0.00010000000000012221,0.5
KHT-XE5S,2025-10-03 15:20:00,9.375,10.931,KHT-XE5S_2025_0526_1101,0.00010000000000012221,0.5
KHT-XE5S,2025-10-03 15:30:00,9.3755,10.931,KHT-XE5S_2025_0526_1101,0.0,0.5
KHT-XE5S,2025-10-03 15:40:00,9.3755,10.93,KHT-XE5S_2025_0526_1101,9.999999999994457e-05,0.5
KHT-XE5S,2025-10-03 15:50:00,9.3756,10.931,KHT-XE5S_2025_0526_1101,9.999999999994457e-05,0.5
KHT-XE5S,2025-10-03 16:00:00,9.3756,10.931,KHT-XE5S_2025_0526_1101,0.0,0.5
KHT-XE5S,2025-10-03 16:10:00,9.3751,10.931,KHT-XE5S_2025_0526_1101,0.0,0.5
KHT-XE5S,2025-10-03 16:20:00,9.3764,10.929,KHT-XE5S_2025_0526_1101,0.00019999999999988915,0.5
KHT-XE5S,2025-10-03 16:30:00,9.3775,10.93,KHT-XE5S_2025_0526_1101,9.999999999994457e-05,0.5
KHT-XE5S,2025-10-03 16:40:00,9.3786,10.931,KHT-XE5S_2025_0526_1101,9.999999999994457e-05,0.5
KHT-XE5S,2025-10-03 16:50:00,9.3788,10.931,KHT-XE5S_2025_0526_1101,0.0,0.5
KHT-XE5S,2025-10-03 17:00:00,9.3792,10.93,KHT-XE5S_2025_0526_1101,9.999999999994457e-05,0.5
KHT-XE5S,2025-10-03 17:10:00,9.3789,10.931,KHT-XE5S_2025_0526_1101,9.999999999994457e-05,0.5
KHT-XE5S,2025-10-03 17:20:00,9.3798,10.93,KHT-XE5S_2025_0526_1101,9.999999999994457e-05,0.5
KHT-XE5S,2025-10-03 17:30:00,9.3804,10.929,KHT-XE5S_2025_0526_1101,9.999999999994457e-05,0.5
KHT-XE5S,2025-10-03 17:40:00,9.381,10.93,KHT-XE5S_2025_0526_1101,9.999999999994457e-05,0.5
KHT-XE5S,2025-10-03 17:50:00,9.3816,10.929,KHT-XE5S_2025_0526_1101,9.999999999994457e-05,0.5
KHT-XE5S,2025-10-03 18:00:00,9.3809,10.93,KHT-XE5S_2025_0526_1101,9.999999999994457e-05,0.5
KHT-XE5S,2025-10-03 18:10:00,9.3812,10.927,KHT-XE5S_2025_0526_1101,0.00030000000000001136,0.5
KHT-XE5S,2025-10-03 18:20:00,9.3816,10.928,KHT-XE5S_2025_0526_1101,0.00010000000000012221,0.5
KHT-XE5S,2025-10-03 18:30:00,9.3826,10.927,KHT-XE5S_2025_0526_1101,0.00010000000000012221,0.5
KHT-XE5S,2025-10-03 18:40:00,9.3843,10.93,KHT-XE5S_2025_0526_1101,0.00030000000000001136,0.5
KHT-XE5S,2025-10-03 18:50:00,9.3848,10.928,KHT-XE5S_2025_0526_1101,0.00019999999999988915,0.5
KHT-XE5S,2025-10-03 19:00:00,9.385,10.929,KHT-XE5S_2025_0526_1101,9.999999999994457e-05,0.5
KHT-XE5S,2025-10-03 19:10:00,9.3857,10.93,KHT-XE5S_2025_0526_1101,9.999999999994457e-05,0.5
KHT-XE5S,2025-10-03 19:20:00,9.3868,10.93,KHT-XE5S_2025_0526_1101,0.0,0.5
KHT-XE5S,2025-10-03 19:30:00,9.3891,10.928,KHT-XE5S_2025_0526_1101,0.00019999999999988915,0.5
KHT-XE5S,2025-10-03 19:40:00,9.3901,10.929,KHT-XE5S_2025_0526_1101,9.999999999994457e-05,0.5
KHT-XE5S,2025-10-03 19:50:00,9.3907,10.929,KHT-XE5S_2025_0526_1101,0.0,0.5
KHT-XE5S,2025-10-03 20:00:00,9.3913,10.931,KHT-XE5S_2025_0526_1101,0.00019999999999988915,0.5
KHT-XE5S,2025-10-03 20:10:00,9.3913,10.928,KHT-XE5S_2025_0526_1101,0.0002999999999998337,0.5
KHT-XE5S,2025-10-03 20:20:00,9.3925,10.93,KHT-XE5S_2025_0526_1101,0.00019999999999988915,0.5
KHT-XE5S,2025-10-03 20:30:00,9.3924,10.93,KHT-XE5S_2025_0526_1101,0.0,0.5
KHT-XE5S,2025-10-03 20:40:00,9.3931,10.929,KHT-XE5S_2025_0526_1101,9.999999999994457e-05,0.5
KHT-XE5S,2025-10-03 20:50:00,9.393,10.929,KHT-XE5S_2025_0526_1101,0.0,0.5
KHT-XE5S,2025-10-03 21:00:00,9.3933,10.928,KHT-XE5S_2025_0526_1101,9.999999999994457e-05,0.5
KHT-XE5S,2025-10-03 21:10:00,9.3928,10.928,KHT-XE5S_2025_0526_1101,0.0,0.5
KHT-XE5S,2025-10-03 21:20:00,9.3929,10.929,KHT-XE5S_2025_0526_1101,9.999999999994457e-05,0.5
KHT-XE5S,2025-10-03 21:30:00,9.3924,10.928,KHT-XE5S_2025_0526_1101,9.999999999994457e-05,0.5
KHT-XE5S,2025-10-03 21:40:00,9.3926,10.93,KHT-XE5S_2025_0526_1101,0.00019999999999988915,0.5
KHT-XE5S,2025-10-03 21:50:00,9.3926,10.93,KHT-XE5S_2025_0526_1101,0.0,0.5
KHT-XE5S,2025-10-03 22:00:00,9.392,10.928,KHT-XE5S_2025_0526_1101,0.00019999999999988915,0.5
KHT-XE5S,2025-10-03 22:10:00,9.3917,10.927,KHT-XE5S_2025_0526_1101,0.00010000000000012221,0.5
KHT-XE5S,2025-10-03 22:20:00,9.3907,10.927,KHT-XE5S_2025_0526_1101,0.0,0.5
KHT-XE5S,2025-10-03 22:30:00,9.391,10.927,KHT-XE5S_2025_0526_1101,0.0,0.5
KHT-XE5S,2025-10-03 22:40:00,9.3904,10.929,KHT-XE5S_2025_0526_1101,0.0002000000000000668,0.5
KHT-XE5S,2025-10-03 22:50:00,9.3898,10.929,KHT-XE5S_2025_0526_1101,0.0,0.5
KHT-XE5S,2025-10-03 23:00:00,9.3907,10.928,KHT-XE5S_2025_0526_1101,9.999999999994457e-05,0.5
KHT-XE5S,2025-10-03 23:10:00,9.3905,10.928,KHT-XE5S_2025_0526_1101,0.0,0.5
KHT-XE5S,2025-10-03 23:20:00,9.3897,10.928,KHT-XE5S_2025_0526_1101,0.0,0.5
KHT-XE5S,2025-10-03 23:30:00,9.3885,10.928,KHT-XE5S_2025_0526_1101,0.0,0.5
KHT-XE5S,2025-10-03 23:40:00,9.3892,10.929,KHT-XE5S_2025_0526_1101,9.999999999994457e-05,0.5
KHT-XE5S,2025-10-03 23:50:00,9.3871,10.928,KHT-XE5S_2025_0526_1101,9.999999999994457e-05,0.5
KHT-XE5S,2025-10-04 00:00:00,9.3886,10.927,KHT-XE5S_2025_0526_1101,0.00010000000000012221,0.5
KHT-XE5S,2025-10-04 00:10:00,9.387,10.927,KHT-XE5S_2025_0526_1101,0.0,0.5
KHT-XE5S,2025-10-04 00:20:00,9.3865,10.928,KHT-XE5S_2025_0526_1101,0.00010000000000012221,0.5
KHT-XE5S,2025-10-04 00:30:00,9.3861,10.927,KHT-XE5S_2025_0526_1101,0.00010000000000012221,0.5
KHT-XE5S,2025-10-04 00:40:00,9.3866,10.929,KHT-XE5S_2025_0526_1101,0.0002000000000000668,0.5
KHT-XE5S,2025-10-04 00:50:00,9.387,10.928,KHT-XE5S_2025_0526_1101,9.999999999994457e-05,0.5
KHT-XE5S,2025-10-04 01:00:00,9.3872,10.929,KHT-XE5S_2025_0526_1101,9.999999999994457e-05,0.5
KHT-XE5S,2025-10-04 01:10:00,9.3877,10.926,KHT-XE5S_2025_0526_1101,0.00030000000000001136,0.5
KHT-XE5S,2025-10-04 01:20:00,9.3886,10.927,KHT-XE5S_2025_0526_1101,9.999999999994457e-05,0.5
KHT-XE5S,2025-10-04 01:30:00,9.3884,10.927,KHT-XE5S_2025_0526_1101,0.0,0.5
KHT-XE5S,2025-10-04 01:40:00,9.3885,10.928,KHT-XE5S_2025_0526_1101,0.00010000000000012221,0.5
KHT-XE5S,2025-10-04 01:50:00,9.3884,10.927,KHT-XE5S_2025_0526_1101,0.00010000000000012221,0.5
KHT-XE5S,2025-10-04 02:00:00,9.3885,10.926,KHT-XE5S_2025_0526_1101,9.999999999994457e-05,0.5
KHT-XE5S,2025-10-04 02:10:00,9.3882,10.926,KHT-XE5S_2025_0526_1101,0.0,0.5
KHT-XE5S,2025-10-04 02:20:00,9.3879,10.926,KHT-XE5S_2025_0526_1101,0.0,0.5
KHT-XE5S,2025-10-04 02:30:00,9.3878,10.928,KHT-XE5S_2025_0526_1101,0.0002000000000000668,0.5
KHT-XE5S,2025-10-04 02:40:00,9.3869,10.928,KHT-XE5S_2025_0526_1101,0.0,0.5
KHT-XE5S,2025-10-04 02:50:00,9.386,10.927,KHT-XE5S_2025_0526_1101,0.00010000000000012221,0.5
KHT-XE5S,2025-10-04 03:00:00,9.387,10.926,KHT-XE5S_2025_0526_1101,9.999999999994457e-05,0.5
KHT-XE5S,2025-10-04 03:10:00,9.3871,10.927,KHT-XE5S_2025_0526_1101,9.999999999994457e-05,0.5
KHT-XE5S,2025-10-04 03:20:00,9.3865,10.928,KHT-XE5S_2025_0526_1101,0.00010000000000012221,0.5
KHT-XE5S,2025-10-04 03:30:00,9.3871,10.927,KHT-XE5S_2025_0526_1101,0.00010000000000012221,0.5
KHT-XE5S,2025-10-04 03:40:00,9.3871,10.926,KHT-XE5S_2025_0526_1101,9.999999999994457e-05,0.5
KHT-XE5S,2025-10-04 03:50:00,9.3869,10.926,KHT-XE5S_2025_0526_1101,0.0,0.5
KHT-XE5S,2025-10-04 04:00:00,9.3866,10.927,KHT-XE5S_2025_0526_1101,9.999999999994457e-05,0.5
KHT-XE5S,2025-10-04 04:10:00,9.386,10.926,KHT-XE5S_2025_0526_1101,9.999999999994457e-05,0.5
KHT-XE5S,2025-10-04 04:20:00,9.3868,10.926,KHT-XE5S_2025_0526_1101,0.0,0.5
KHT-XE5S,2025-10-04 04:30:00,9.3868,10.925,KHT-XE5S_2025_0526_1101,9.999999999994457e-05,0.5
KHT-XE5S,2025-10-04 04:40:00,9.3865,10.927,KHT-XE5S_2025_0526_1101,0.00019999999999988915,0.5
KHT-XE5S,2025-10-04 04:50:00,9.3866,10.927,KHT-XE5S_2025_0526_1101,0.0,0.5
KHT-XE5S,2025-10-04 05:00:00,9.3865,10.925,KHT-XE5S_2025_0526_1101,0.00019999999999988915,0.5
KHT-XE5S,2025-10-04 05:10:00,9.3883,10.928,KHT-XE5S_2025_0526_1101,0.00030000000000001136,0.5
KHT-XE5S,2025-10-04 05:20:00,9.3869,10.925,KHT-XE5S_2025_0526_1101,0.00030000000000001136,0.5
KHT-XE5S,2025-10-04 05:30:00,9.3861,10.926,KHT-XE5S_2025_0526_1101,9.999999999994457e-05,0.5
KHT-XE5S,2025-10-04 05:40:00,9.386,10.925,KHT-XE5S_2025_0526_1101,9.999999999994457e-05,0.5
KHT-XE5S,2025-10-04 05:50:00,9.3864,10.925,KHT-XE5S_2025_0526_1101,0.0,0.5
KHT-XE5S,2025-10-04 06:00:00,9.3875,10.925,KHT-XE5S_2025_0526_1101,0.0,0.5
KHT-XE5S,2025-10-04 06:10:00,9.3874,10.925,KHT-XE5S_2025_0526_1101,0.0,0.5
KHT-XE5S,2025-10-04 06:20:00,9.3869,10.925,KHT-XE5S_2025_0526_1101,0.0,0.5
KHT-XE5S,2025-10-04 06:30:00,9.3872,10.926,KHT-XE5S_2025_0526_1101,9.999999999994457e-05,0.5
KHT-XE5S,2025-10-04 06:40:00,9.3878,10.926,KHT-XE5S_2025_0526_1101,0.0,0.5
KHT-XE5S,2025-10-04 06:50:00,9.3883,10.925,KHT-XE5S_2025_0526_1101,9.999999999994457e-05,0.5
KHT-XE5S,2025-10-04 07:00:00,9.3892,10.925,KHT-XE5S_2025_0526_1101,0.0,0.5
KHT-XE5S,2025-10-04 07:10:00,9.3886,10.926,KHT-XE5S_2025_0526_1101,9.999999999994457e-05,0.5
KHT-XE5S,2025-10-04 07:20:00,9.3885,10.925,KHT-XE5S_2025_0526_1101,9.999999999994457e-05,0.5
KHT-XE5S,2025-10-04 07:30:00,9.3883,10.926,KHT-XE5S_2025_0526_1101,9.999999999994457e-05,0.5
KHT-XE5S,2025-10-04 07:40:00,9.3879,10.924,KHT-XE5S_2025_0526_1101,0.0002000000000000668,0.5
KHT-XE5S,2025-10-04 07:50:00,9.3885,10.925,KHT-XE5S_2025_0526_1101,0.00010000000000012221,0.5
KHT-XE5S,2025-10-04 08:00:00,9.3887,10.924,KHT-XE5S_2025_0526_1101,0.00010000000000012221,0.5
KHT-XE5S,2025-10-04 08:10:00,9.3887,10.926,KHT-XE5S_2025_0526_1101,0.0002000000000000668,0.5
KHT-XE5S,2025-10-04 08:20:00,9.3893,10.924,KHT-XE5S_2025_0526_1101,0.0002000000000000668,0.5
KHT-XE5S,2025-10-04 08:30:00,9.3884,10.924,KHT-XE5S_2025_0526_1101,0.0,0.5
KHT-XE5S,2025-10-04 08:40:00,9.3896,10.925,KHT-XE5S_2025_0526_1101,0.00010000000000012221,0.5
KHT-XE5S,2025-10-04 08:50:00,9.3891,10.923,KHT-XE5S_2025_0526_1101,0.0002000000000000668,0.5
KHT-XE5S,2025-10-04 09:00:00,9.3897,10.925,KHT-XE5S_2025_0526_1101,0.0002000000000000668,0.5
KHT-XE5S,2025-10-04 09:10:00,9.3883,10.926,KHT-XE5S_2025_0526_1101,9.999999999994457e-05,0.5
KHT-XE5S,2025-10-04 09:20:00,9.388,10.923,KHT-XE5S_2025_0526_1101,0.00030000000000001136,0.5
KHT-XE5S,2025-10-04 09:30:00,9.3872,10.925,KHT-XE5S_2025_0526_1101,0.0002000000000000668,0.5
KHT-XE5S,2025-10-04 09:40:00,9.3878,10.924,KHT-XE5S_2025_0526_1101,0.00010000000000012221,0.5
KHT-XE5S,2025-10-04 09:50:00,9.3874,10.925,KHT-XE5S_2025_0526_1101,0.00010000000000012221,0.5
KHT-XE5S,2025-10-04 10:00:00,9.388,10.923,KHT-XE5S_2025_0526_1101,0.0002000000000000668,0.5
KHT-XE5S,2025-10-04 10:10:00,9.3879,10.923,KHT-XE5S_2025_0526_1101,0.0,0.5
KHT-XE5S,2025-10-04 10:20:00,9.3876,10.922,KHT-XE5S_2025_0526_1101,9.999999999994457e-05,0.5
KHT-XE5S,2025-10-04 10:30:00,9.3865,10.922,KHT-XE5S_2025_0526_1101,0.0,0.5
KHT-XE5S,2025-10-04 10:40:00,9.3855,10.925,KHT-XE5S_2025_0526_1101,0.00030000000000001136,0.5
KHT-XE5S,2025-10-04 10:50:00,9.3842,10.924,KHT-XE5S_2025_0526_1101,0.00010000000000012221,0.5
KHT-XE5S,2025-10-04 11:00:00,9.3825,10.925,KHT-XE5S_2025_0526_1101,0.00010000000000012221,0.5
KHT-XE5S,2025-10-04 11:10:00,9.381,10.922,KHT-XE5S_2025_0526_1101,0.00030000000000001136,0.5
KHT-XE5S,2025-10-04 11:20:00,9.3814,10.923,KHT-XE5S_2025_0526_1101,9.999999999994457e-05,0.5
KHT-XE5S,2025-10-04 11:30:00,9.3801,10.922,KHT-XE5S_2025_0526_1101,9.999999999994457e-05,0.5
KHT-XE5S,2025-10-04 11:40:00,9.3784,10.923,KHT-XE5S_2025_0526_1101,9.999999999994457e-05,0.5
KHT-XE5S,2025-10-04 11:50:00,9.3785,10.923,KHT-XE5S_2025_0526_1101,0.0,0.5
KHT-XE5S,2025-10-04 12:00:00,9.3774,10.923,KHT-XE5S_2025_0526_1101,0.0,0.5
KHT-XE5S,2025-10-04 12:10:00,9.3767,10.921,KHT-XE5S_2025_0526_1101,0.0002000000000000668,0.5
KHT-XE5S,2025-10-04 12:20:00,9.3765,10.922,KHT-XE5S_2025_0526_1101,0.00010000000000012221,0.5
KHT-XE5S,2025-10-04 12:30:00,9.3756,10.921,KHT-XE5S_2025_0526_1101,0.00010000000000012221,0.5
KHT-XE5S,2025-10-04 12:40:00,9.3747,10.921,KHT-XE5S_2025_0526_1101,0.0,0.5
KHT-XE5S,2025-10-04 12:50:00,9.3743,10.921,KHT-XE5S_2025_0526_1101,0.0,0.5
KHT-XE5S,2025-10-04 13:00:00,9.3725,10.922,KHT-XE5S_2025_0526_1101,0.00010000000000012221,0.5
KHT-XE5S,2025-10-04 13:10:00,9.3725,10.92,KHT-XE5S_2025_0526_1101,0.0002000000000000668,0.5
KHT-XE5S,2025-10-04 13:20:00,9.371,10.921,KHT-XE5S_2025_0526_1101,9.999999999994457e-05,0.5
KHT-XE5S,2025-10-04 13:30:00,9.3698,10.921,KHT-XE5S_2025_0526_1101,0.0,0.5
KHT-XE5S,2025-10-04 13:40:00,9.3682,10.922,KHT-XE5S_2025_0526_1101,0.00010000000000012221,0.5
KHT-XE5S,2025-10-04 13:50:00,9.3668,10.922,KHT-XE5S_2025_0526_1101,0.0,0.5
KHT-XE5S,2025-10-04 14:00:00,9.3655,10.923,KHT-XE5S_2025_0526_1101,9.999999999994457e-05,0.5
KHT-XE5S,2025-10-04 14:10:00,9.364,10.921,KHT-XE5S_2025_0526_1101,0.0002000000000000668,0.5
KHT-XE5S,2025-10-04 14:20:00,9.3629,10.921,KHT-XE5S_2025_0526_1101,0.0,0.5
KHT-XE5S,2025-10-04 14:30:00,9.3629,10.921,KHT-XE5S_2025_0526_1101,0.0,0.5
KHT-XE5S,2025-10-04 14:40:00,9.3623,10.922,KHT-XE5S_2025_0526_1101,0.00010000000000012221,0.5
KHT-XE5S,2025-10-04 14:50:00,9.3612,10.921,KHT-XE5S_2025_0526_1101,0.00010000000000012221,0.5
KHT-XE5S,2025-10-04 15:00:00,9.3604,10.922,KHT-XE5S_2025_0526_1101,0.00010000000000012221,0.5
KHT-XE5S,2025-10-04 15:10:00,9.36,10.921,KHT-XE5S_2025_0526_1101,0.00010000000000012221,0.5
KHT-XE5S,2025-10-04 15:20:00,9.3599,10.919,KHT-XE5S_2025_0526_1101,0.00019999999999988915,0.5
KHT-XE5S,2025-10-04 15:30:00,9.3593,10.921,KHT-XE5S_2025_0526_1101,0.00019999999999988915,0.5
KHT-XE5S,2025-10-04 15:40:00,9.3589,10.92,KHT-XE5S_2025_0526_1101,9.999999999994457e-05,0.5
KHT-XE5S,2025-10-04 15:50:00,9.357,10.921,KHT-XE5S_2025_0526_1101,9.999999999994457e-05,0.5
KHT-XE5S,2025-10-04 16:00:00,9.3565,10.921,KHT-XE5S_2025_0526_1101,0.0,0.5
KHT-XE5S,2025-10-04 16:10:00,9.3555,10.92,KHT-XE5S_2025_0526_1101,9.999999999994457e-05,0.5
KHT-XE5S,2025-10-04 16:20:00,9.3551,10.921,KHT-XE5S_2025_0526_1101,9.999999999994457e-05,0.5
KHT-XE5S,2025-10-04 16:30:00,9.3545,10.922,KHT-XE5S_2025_0526_1101,0.00010000000000012221,0.5
KHT-XE5S,2025-10-04 16:40:00,9.3548,10.92,KHT-XE5S_2025_0526_1101,0.0002000000000000668,0.5
KHT-XE5S,2025-10-04 16:50:00,9.3549,10.919,KHT-XE5S_2025_0526_1101,9.999999999994457e-05,0.5
KHT-XE5S,2025-10-04 17:00:00,9.3549,10.919,KHT-XE5S_2025_0526_1101,0.0,0.5
KHT-XE5S,2025-10-04 17:10:00,9.3557,10.92,KHT-XE5S_2025_0526_1101,9.999999999994457e-05,0.5
KHT-XE5S,2025-10-04 17:20:00,9.3556,10.92,KHT-XE5S_2025_0526_1101,0.0,0.5
KHT-XE5S,2025-10-04 17:30:00,9.3557,10.92,KHT-XE5S_2025_0526_1101,0.0,0.5
KHT-XE5S,2025-10-04 17:40:00,9.3555,10.92,KHT-XE5S_2025_0526_1101,0.0,0.5
KHT-XE5S,2025-10-04 17:50:00,9.3553,10.921,KHT-XE5S_2025_0526_1101,9.999999999994457e-05,0.5
KHT-XE5S,2025-10-04 18:00:00,9.3561,10.918,KHT-XE5S_2025_0526_1101,0.00030000000000001136,0.5
KHT-XE5S,2025-10-04 18:10:00,9.3569,10.917,KHT-XE5S_2025_0526_1101,9.999999999994457e-05,0.5
KHT-XE5S,2025-10-04 18:20:00,9.358,10.921,KHT-XE5S_2025_0526_1101,0.00039999999999995595,0.5
KHT-XE5S,2025-10-04 18:30:00,9.3588,10.92,KHT-XE5S_2025_0526_1101,9.999999999994457e-05,0.5
KHT-XE5S,2025-10-04 18:40:00,9.3601,10.919,KHT-XE5S_2025_0526_1101,9.999999999994457e-05,0.5
KHT-XE5S,2025-10-04 18:50:00,9.361,10.917,KHT-XE5S_2025_0526_1101,0.0002000000000000668,0.5
KHT-XE5S,2025-10-04 19:00:00,9.3616,10.918,KHT-XE5S_2025_0526_1101,9.999999999994457e-05,0.5
KHT-XE5S,2025-10-04 19:10:00,9.3623,10.919,KHT-XE5S_2025_0526_1101,0.00010000000000012221,0.5
KHT-XE5S,2025-10-04 19:20:00,9.3619,10.918,KHT-XE5S_2025_0526_1101,0.00010000000000012221,0.5
KHT-XE5S,2025-10-04 19:30:00,9.3631,10.918,KHT-XE5S_2025_0526_1101,0.0,0.5
KHT-XE5S,2025-10-04 19:40:00,9.3646,10.918,KHT-XE5S_2025_0526_1101,0.0,0.5
KHT-XE5S,2025-10-04 19:50:00,9.3649,10.917,KHT-XE5S_2025_0526_1101,9.999999999994457e-05,0.5
KHT-XE5S,2025-10-04 20:00:00,9.3648,10.916,KHT-XE5S_2025_0526_1101,9.999999999994457e-05,0.5
KHT-XE5S,2025-10-04 20:10:00,9.3646,10.918,KHT-XE5S_2025_0526_1101,0.00019999999999988915,0.5
KHT-XE5S,2025-10-04 20:20:00,9.3647,10.918,KHT-XE5S_2025_0526_1101,0.0,0.5
KHT-XE5S,2025-10-04 20:30:00,9.3645,10.917,KHT-XE5S_2025_0526_1101,9.999999999994457e-05,0.5
KHT-XE5S,2025-10-04 20:40:00,9.3648,10.918,KHT-XE5S_2025_0526_1101,9.999999999994457e-05,0.5
KHT-XE5S,2025-10-04 20:50:00,9.366,10.917,KHT-XE5S_2025_0526_1101,9.999999999994457e-05,0.5
KHT-XE5S,2025-10-04 21:00:00,9.3664,10.917,KHT-XE5S_2025_0526_1101,0.0,0.5
KHT-XE5S,2025-10-04 21:10:00,9.3672,10.919,KHT-XE5S_2025_0526_1101,0.0002000000000000668,0.5
KHT-XE5S,2025-10-04 21:20:00,9.3673,10.917,KHT-XE5S_2025_0526_1101,0.0002000000000000668,0.5
KHT-XE5S,2025-10-04 21:30:00,9.3671,10.918,KHT-XE5S_2025_0526_1101,9.999999999994457e-05,0.5
KHT-XE5S,2025-10-04 21:40:00,9.3674,10.918,KHT-XE5S_2025_0526_1101,0.0,0.5
KHT-XE5S,2025-10-04 21:50:00,9.3673,10.919,KHT-XE5S_2025_0526_1101,0.00010000000000012221,0.5
KHT-XE5S,2025-10-04 22:00:00,9.3678,10.916,KHT-XE5S_2025_0526_1101,0.00030000000000001136,0.5
KHT-XE5S,2025-10-04 22:10:00,9.3679,10.917,KHT-XE5S_2025_0526_1101,9.999999999994457e-05,0.5
KHT-XE5S,2025-10-04 22:20:00,9.3679,10.918,KHT-XE5S_2025_0526_1101,9.999999999994457e-05,0.5
KHT-XE5S,2025-10-04 22:30:00,9.3679,10.918,KHT-XE5S_2025_0526_1101,0.0,0.5
KHT-XE5S,2025-10-04 22:40:00,9.3689,10.918,KHT-XE5S_2025_0526_1101,0.0,0.5
KHT-XE5S,2025-10-04 22:50:00,9.3681,10.916,KHT-XE5S_2025_0526_1101,0.00019999999999988915,0.5
KHT-XE5S,2025-10-04 23:00:00,9.3677,10.916,KHT-XE5S_2025_0526_1101,0.0,0.5
KHT-XE5S,2025-10-04 23:10:00,9.3676,10.916,KHT-XE5S_2025_0526_1101,0.0,0.5
KHT-XE5S,2025-10-04 23:20:00,9.3673,10.915,KHT-XE5S_2025_0526_1101,0.00010000000000012221,0.5
KHT-XE5S,2025-10-04 23:30:00,9.3676,10.914,KHT-XE5S_2025_0526_1101,9.999999999994457e-05,0.5
KHT-XE5S,2025-10-04 23:40:00,9.3669,10.915,KHT-XE5S_2025_0526_1101,9.999999999994457e-05,0.5
KHT-XE5S,2025-10-04 23:50:00,9.367,10.917,KHT-XE5S_2025_0526_1101,0.0002000000000000668,0.5
KHT-XE5S,2025-10-05 00:00:00,9.3658,10.914,KHT-XE5S_2025_0526_1101,0.00030000000000001136,0.5
KHT-XE5S,2025-10-05 00:10:00,9.3663,10.917,KHT-XE5S_2025_0526_1101,0.00030000000000001136,0.5
KHT-XE5S,2025-10-05 00:20:00,9.3656,10.916,KHT-XE5S_2025_0526_1101,9.999999999994457e-05,0.5
KHT-XE5S,2025-10-05 00:30:00,9.3652,10.916,KHT-XE5S_2025_0526_1101,0.0,0.5
KHT-XE5S,2025-10-05 00:40:00,9.3652,10.916,KHT-XE5S_2025_0526_1101,0.0,0.5
KHT-XE5S,2025-10-05 00:50:00,9.3657,10.917,KHT-XE5S_2025_0526_1101,9.999999999994457e-05,0.5
KHT-XE5S,2025-10-05 01:00:00,9.3637,10.916,KHT-XE5S_2025_0526_1101,9.999999999994457e-05,0.5
KHT-XE5S,2025-10-05 01:10:00,9.364,10.915,KHT-XE5S_2025_0526_1101,0.00010000000000012221,0.5
KHT-XE5S,2025-10-05 01:20:00,9.3646,10.916,KHT-XE5S_2025_0526_1101,0.00010000000000012221,0.5
KHT-XE5S,2025-10-05 01:30:00,9.3637,10.916,KHT-XE5S_2025_0526_1101,0.0,0.5
KHT-XE5S,2025-10-05 01:40:00,9.3643,10.916,KHT-XE5S_2025_0526_1101,0.0,0.5
KHT-XE5S,2025-10-05 01:50:00,9.364,10.914,KHT-XE5S_2025_0526_1101,0.0002000000000000668,0.5
KHT-XE5S,2025-10-05 02:00:00,9.3633,10.916,KHT-XE5S_2025_0526_1101,0.0002000000000000668,0.5
KHT-XE5S,2025-10-05 02:10:00,9.3626,10.916,KHT-XE5S_2025_0526_1101,0.0,0.5
KHT-XE5S,2025-10-05 02:20:00,9.3617,10.916,KHT-XE5S_2025_0526_1101,0.0,0.5
KHT-XE5S,2025-10-05 02:30:00,9.3607,10.916,KHT-XE5S_2025_0526_1101,0.0,0.5
KHT-XE5S,2025-10-05 02:40:00,9.3607,10.915,KHT-XE5S_2025_0526_1101,0.00010000000000012221,0.5
KHT-XE5S,2025-10-05 02:50:00,9.3613,10.916,KHT-XE5S_2025_0526_1101,0.00010000000000012221,0.5
KHT-XE5S,2025-10-05 03:00:00,9.3613,10.917,KHT-XE5S_2025_0526_1101,9.999999999994457e-05,0.5
KHT-XE5S,2025-10-05 03:10:00,9.362,10.915,KHT-XE5S_2025_0526_1101,0.0002000000000000668,0.5
KHT-XE5S,2025-10-05 03:20:00,9.3618,10.914,KHT-XE5S_2025_0526_1101,9.999999999994457e-05,0.5
KHT-XE5S,2025-10-05 03:30:00,9.3622,10.913,KHT-XE5S_2025_0526_1101,9.999999999994457e-05,0.5
KHT-XE5S,2025-10-05 03:40:00,9.3624,10.913,KHT-XE5S_2025_0526_1101,0.0,0.5
KHT-XE5S,2025-10-05 03:50:00,9.3617,10.915,KHT-XE5S_2025_0526_1101,0.00019999999999988915,0.5
KHT-XE5S,2025-10-05 04:00:00,9.3624,10.915,KHT-XE5S_2025_0526_1101,0.0,0.5
KHT-XE5S,2025-10-05 04:10:00,9.3619,10.914,KHT-XE5S_2025_0526_1101,9.999999999994457e-05,0.5
KHT-XE5S,2025-10-05 04:20:00,9.3624,10.913,KHT-XE5S_2025_0526_1101,9.999999999994457e-05,0.5
KHT-XE5S,2025-10-05 04:30:00,9.3624,10.913,KHT-XE5S_2025_0526_1101,0.0,0.5
KHT-XE5S,2025-10-05 04:40:00,9.3619,10.916,KHT-XE5S_2025_0526_1101,0.00030000000000001136,0.5
KHT-XE5S,2025-10-05 04:50:00,9.362,10.912,KHT-XE5S_2025_0526_1101,0.00039999999999995595,0.5
KHT-XE5S,2025-10-05 05:00:00,9.3623,10.913,KHT-XE5S_2025_0526_1101,9.999999999994457e-05,0.5
KHT-XE5S,2025-10-05 05:10:00,9.3614,10.913,KHT-XE5S_2025_0526_1101,0.0,0.5
KHT-XE5S,2025-10-05 05:20:00,9.3612,10.911,KHT-XE5S_2025_0526_1101,0.0002000000000000668,0.5
KHT-XE5S,2025-10-05 05:30:00,9.3609,10.913,KHT-XE5S_2025_0526_1101,0.0002000000000000668,0.5
KHT-XE5S,2025-10-05 05:40:00,9.36,10.914,KHT-XE5S_2025_0526_1101,9.999999999994457e-05,0.5
KHT-XE5S,2025-10-05 05:50:00,9.3599,10.912,KHT-XE5S_2025_0526_1101,0.00019999999999988915,0.5
KHT-XE5S,2025-10-05 06:00:00,9.3601,10.913,KHT-XE5S_2025_0526_1101,9.999999999994457e-05,0.5
KHT-XE5S,2025-10-05 06:10:00,9.3604,10.914,KHT-XE5S_2025_0526_1101,9.999999999994457e-05,0.5
KHT-XE5S,2025-10-05 06:20:00,9.3605,10.911,KHT-XE5S_2025_0526_1101,0.00030000000000001136,0.5
KHT-XE5S,2025-10-05 06:30:00,9.3613,10.913,KHT-XE5S_2025_0526_1101,0.0002000000000000668,0.5
KHT-XE5S,2025-10-05 06:40:00,9.3615,10.911,KHT-XE5S_2025_0526_1101,0.0002000000000000668,0.5
KHT-XE5S,2025-10-05 06:50:00,9.3617,10.912,KHT-XE5S_2025_0526_1101,0.00010000000000012221,0.5
KHT-XE5S,2025-10-05 07:00:00,9.3624,10.911,KHT-XE5S_2025_0526_1101,0.00010000000000012221,0.5
KHT-XE5S,2025-10-05 07:10:00,9.3622,10.912,KHT-XE5S_2025_0526_1101,0.00010000000000012221,0.5
KHT-XE5S,2025-10-05 07:20:00,9.3623,10.912,KHT-XE5S_2025_0526_1101,0.0,0.5
KHT-XE5S,2025-10-05 07:30:00,9.3632,10.912,KHT-XE5S_2025_0526_1101,0.0,0.5
KHT-XE5S,2025-10-05 07:40:00,9.3647,10.91,KHT-XE5S_2025_0526_1101,0.0002000000000000668,0.5
KHT-XE5S,2025-10-05 07:50:00,9.365,10.912,KHT-XE5S_2025_0526_1101,0.0002000000000000668,0.5
KHT-XE5S,2025-10-05 08:00:00,9.3658,10.912,KHT-XE5S_2025_0526_1101,0.0,0.5
KHT-XE5S,2025-10-05 08:10:00,9.3664,10.91,KHT-XE5S_2025_0526_1101,0.0002000000000000668,0.5
KHT-XE5S,2025-10-05 08:20:00,9.3659,10.912,KHT-XE5S_2025_0526_1101,0.0002000000000000668,0.5
KHT-XE5S,2025-10-05 08:30:00,9.3664,10.911,KHT-XE5S_2025_0526_1101,0.00010000000000012221,0.5
KHT-XE5S,2025-10-05 08:40:00,9.3662,10.911,KHT-XE5S_2025_0526_1101,0.0,0.5
KHT-XE5S,2025-10-05 08:50:00,9.3655,10.91,KHT-XE5S_2025_0526_1101,9.999999999994457e-05,0.5
KHT-XE5S,2025-10-05 09:00:00,9.3667,10.911,KHT-XE5S_2025_0526_1101,9.999999999994457e-05,0.5
KHT-XE5S,2025-10-05 09:10:00,9.3684,10.913,KHT-XE5S_2025_0526_1101,0.0002000000000000668,0.5
KHT-XE5S,2025-10-05 09:20:00,9.369,10.914,KHT-XE5S_2025_0526_1101,9.999999999994457e-05,0.5
KHT-XE5S,2025-10-05 09:30:00,9.3695,10.911,KHT-XE5S_2025_0526_1101,0.00030000000000001136,0.5
KHT-XE5S,2025-10-05 09:40:00,9.37,10.911,KHT-XE5S_2025_0526_1101,0.0,0.5
KHT-XE5S,2025-10-05 09:50:00,9.3693,10.908,KHT-XE5S_2025_0526_1101,0.00030000000000001136,0.5
KHT-XE5S,2025-10-05 10:00:00,9.3691,10.909,KHT-XE5S_2025_0526_1101,0.00010000000000012221,0.5
KHT-XE5S,2025-10-05 10:10:00,9.3689,10.91,KHT-XE5S_2025_0526_1101,9.999999999994457e-05,0.5
KHT-XE5S,2025-10-05 10:20:00,9.3685,10.909,KHT-XE5S_2025_0526_1101,9.999999999994457e-05,0.5
KHT-XE5S,2025-10-05 10:30:00,9.3681,10.911,KHT-XE5S_2025_0526_1101,0.00019999999999988915,0.5
KHT-XE5S,2025-10-05 10:40:00,9.3672,10.911,KHT-XE5S_2025_0526_1101,0.0,0.5
KHT-XE5S,2025-10-05 10:50:00,9.3669,10.908,KHT-XE5S_2025_0526_1101,0.00030000000000001136,0.5
KHT-XE5S,2025-10-05 11:00:00,9.3659,10.91,KHT-XE5S_2025_0526_1101,0.0002000000000000668,0.5
KHT-XE5S,2025-10-05 11:10:00,9.3651,10.909,KHT-XE5S_2025_0526_1101,9.999999999994457e-05,0.5
KHT-XE5S,2025-10-05 11:20:00,9.3644,10.908,KHT-XE5S_2025_0526_1101,0.00010000000000012221,0.5
KHT-XE5S,2025-10-05 11:30:00,9.3638,10.91,KHT-XE5S_2025_0526_1101,0.0002000000000000668,0.5
KHT-XE5S,2025-10-05 11:40:00,9.3632,10.911,KHT-XE5S_2025_0526_1101,9.999999999994457e-05,0.5
KHT-XE5S,2025-10-05 11:50:00,9.3625,10.909,KHT-XE5S_2025_0526_1101,0.00019999999999988915,0.5
KHT-XE5S,2025-10-05 12:00:00,9.3619,10.909,KHT-XE5S_2025_0526_1101,0.0,0.5
KHT-XE5S,2025-10-05 12:10:00,9.361,10.907,KHT-XE5S_2025_0526_1101,0.0002000000000000668,0.5
KHT-XE5S,2025-10-05 12:20:00,9.3596,10.908,KHT-XE5S_2025_0526_1101,9.999999999994457e-05,0.5
KHT-XE5S,2025-10-05 12:30:00,9.3592,10.908,KHT-XE5S_2025_0526_1101,0.0,0.5
KHT-XE5S,2025-10-05 12:40:00,9.3579,10.907,KHT-XE5S_2025_0526_1101,9.999999999994457e-05,0.5
KHT-XE5S,2025-10-05 12:50:00,9.3573,10.91,KHT-XE5S_2025_0526_1101,0.00030000000000001136,0.5
KHT-XE5S,2025-10-05 13:00:00,9.3558,10.908,KHT-XE5S_2025_0526_1101,0.0002000000000000668,0.5
KHT-XE5S,2025-10-05 13:10:00,9.3545,10.908,KHT-XE5S_2025_0526_1101,0.0,0.5
KHT-XE5S,2025-10-05 13:20:00,9.3535,10.909,KHT-XE5S_2025_0526_1101,0.00010000000000012221,0.5
KHT-XE5S,2025-10-05 13:30:00,9.3524,10.909,KHT-XE5S_2025_0526_1101,0.0,0.5
KHT-XE5S,2025-10-05 13:40:00,9.3513,10.908,KHT-XE5S_2025_0526_1101,0.00010000000000012221,0.5
KHT-XE5S,2025-10-05 13:50:00,9.3492,10.908,KHT-XE5S_2025_0526_1101,0.0,0.5
KHT-XE5S,2025-10-05 14:00:00,9.3487,10.907,KHT-XE5S_2025_0526_1101,9.999999999994457e-05,0.5
KHT-XE5S,2025-10-05 14:10:00,9.3479,10.908,KHT-XE5S_2025_0526_1101,9.999999999994457e-05,0.5
KHT-XE5S,2025-10-05 14:20:00,9.3472,10.907,KHT-XE5S_2025_0526_1101,9.999999999994457e-05,0.5
KHT-XE5S,2025-10-05 14:30:00,9.3474,10.907,KHT-XE5S_2025_0526_1101,0.0,0.5
KHT-XE5S,2025-10-05 14:40:00,9.3464,10.907,KHT-XE5S_2025_0526_1101,0.0,0.5
KHT-XE5S,2025-10-05 14:50:00,9.3454,10.907,KHT-XE5S_2025_0526_1101,0.0,0.5
KHT-XE5S,2025-10-05 15:00:00,9.3454,10.905,KHT-XE5S_2025_0526_1101,0.0002000000000000668,0.5
KHT-XE5S,2025-10-05 15:10:00,9.3453,10.906,KHT-XE5S_2025_0526_1101,0.00010000000000012221,0.5
KHT-XE5S,2025-10-05 15:20:00,9.3445,10.909,KHT-XE5S_2025_0526_1101,0.00030000000000001136,0.5
KHT-XE5S,2025-10-05 15:30:00,9.3441,10.907,KHT-XE5S_2025_0526_1101,0.0002000000000000668,0.5
KHT-XE5S,2025-10-05 15:40:00,9.3436,10.906,KHT-XE5S_2025_0526_1101,9.999999999994457e-05,0.5
KHT-XE5S,2025-10-05 15:50:00,9.3439,10.906,KHT-XE5S_2025_0526_1101,0.0,0.5
KHT-XE5S,2025-10-05 16:00:00,9.3443,10.906,KHT-XE5S_2025_0526_1101,0.0,0.5
KHT-XE5S,2025-10-05 16:10:00,9.3441,10.907,KHT-XE5S_2025_0526_1101,9.999999999994457e-05,0.5
KHT-XE5S,2025-10-05 16:20:00,9.3445,10.905,KHT-XE5S_2025_0526_1101,0.0002000000000000668,0.5
KHT-XE5S,2025-10-05 16:30:00,9.3445,10.906,KHT-XE5S_2025_0526_1101,0.00010000000000012221,0.5
KHT-XE5S,2025-10-05 16:40:00,9.3439,10.907,KHT-XE5S_2025_0526_1101,9.999999999994457e-05,0.5
KHT-XE5S,2025-10-05 16:50:00,9.3443,10.908,KHT-XE5S_2025_0526_1101,9.999999999994457e-05,0.5
KHT-XE5S,2025-10-05 17:00:00,9.3448,10.906,KHT-XE5S_2025_0526_1101,0.00019999999999988915,0.5
KHT-XE5S,2025-10-05 17:10:00,9.3454,10.904,KHT-XE5S_2025_0526_1101,0.0002000000000000668,0.5
KHT-XE5S,2025-10-05 17:20:00,9.3457,10.904,KHT-XE5S_2025_0526_1101,0.0,0.5
KHT-XE5S,2025-10-05 17:30:00,9.3463,10.904,KHT-XE5S_2025_0526_1101,0.0,0.5
KHT-XE5S,2025-10-05 17:40:00,9.3465,10.905,KHT-XE5S_2025_0526_1101,9.999999999994457e-05,0.5
KHT-XE5S,2025-10-05 17:50:00,9.347,10.903,KHT-XE5S_2025_0526_1101,0.00019999999999988915,0.5
KHT-XE5S,2025-10-05 18:00:00,9.3474,10.904,KHT-XE5S_2025_0526_1101,9.999999999994457e-05,0.5
KHT-XE5S,2025-10-05 18:10:00,9.3491,10.904,KHT-XE5S_2025_0526_1101,0.0,0.5
KHT-XE5S,2025-10-05 18:20:00,9.3505,10.906,KHT-XE5S_2025_0526_1101,0.0002000000000000668,0.5
KHT-XE5S,2025-10-05 18:30:00,9.3515,10.905,KHT-XE5S_2025_0526_1101,0.00010000000000012221,0.5
KHT-XE5S,2025-10-05 18:40:00,9.3532,10.904,KHT-XE5S_2025_0526_1101,9.999999999994457e-05,0.5
KHT-XE5S,2025-10-05 18:50:00,9.3549,10.905,KHT-XE5S_2025_0526_1101,9.999999999994457e-05,0.5
KHT-XE5S,2025-10-05 19:00:00,9.3566,10.904,KHT-XE5S_2025_0526_1101,9.999999999994457e-05,0.5
KHT-XE5S,2025-10-05 19:10:00,9.3594,10.905,KHT-XE5S_2025_0526_1101,9.999999999994457e-05,0.5
KHT-XE5S,2025-10-05 19:20:00,9.3605,10.903,KHT-XE5S_2025_0526_1101,0.00019999999999988915,0.5
KHT-XE5S,2025-10-05 19:30:00,9.3613,10.903,KHT-XE5S_2025_0526_1101,0.0,0.5
KHT-XE5S,2025-10-05 19:40:00,9.3624,10.903,KHT-XE5S_2025_0526_1101,0.0,0.5
KHT-XE5S,2025-10-05 19:50:00,9.3629,10.904,KHT-XE5S_2025_0526_1101,9.999999999994457e-05,0.5
KHT-XE5S,2025-10-05 20:00:00,9.364,10.905,KHT-XE5S_2025_0526_1101,9.999999999994457e-05,0.5
KHT-XE5S,2025-10-05 20:10:00,9.3642,10.903,KHT-XE5S_2025_0526_1101,0.00019999999999988915,0.5
KHT-XE5S,2025-10-05 20:20:00,9.3659,10.903,KHT-XE5S_2025_0526_1101,0.0,0.5
KHT-XE5S,2025-10-05 20:30:00,9.3666,10.905,KHT-XE5S_2025_0526_1101,0.00019999999999988915,0.5
KHT-XE5S,2025-10-05 20:40:00,9.367,10.904,KHT-XE5S_2025_0526_1101,9.999999999994457e-05,0.5
KHT-XE5S,2025-10-05 20:50:00,9.3686,10.904,KHT-XE5S_2025_0526_1101,0.0,0.5
KHT-XE5S,2025-10-05 21:00:00,9.3686,10.901,KHT-XE5S_2025_0526_1101,0.00030000000000001136,0.5
KHT-XE5S,2025-10-05 21:10:00,9.3694,10.903,KHT-XE5S_2025_0526_1101,0.0002000000000000668,0.5
KHT-XE5S,2025-10-05 21:20:00,9.3706,10.904,KHT-XE5S_2025_0526_1101,9.999999999994457e-05,0.5
KHT-XE5S,2025-10-05 21:30:00,9.3708,10.902,KHT-XE5S_2025_0526_1101,0.0002000000000000668,0.5
KHT-XE5S,2025-10-05 21:40:00,9.3715,10.903,KHT-XE5S_2025_0526_1101,0.00010000000000012221,0.5
KHT-XE5S,2025-10-05 21:50:00,9.3722,10.902,KHT-XE5S_2025_0526_1101,0.00010000000000012221,0.5
KHT-XE5S,2025-10-05 22:00:00,9.3733,10.902,KHT-XE5S_2025_0526_1101,0.0,0.5
KHT-XE5S,2025-10-05 22:10:00,9.3736,10.902,KHT-XE5S_2025_0526_1101,0.0,0.5
KHT-XE5S,2025-10-05 22:20:00,9.3743,10.902,KHT-XE5S_2025_0526_1101,0.0,0.5
KHT-XE5S,2025-10-05 22:30:00,9.3743,10.902,KHT-XE5S_2025_0526_1101,0.0,0.5
KHT-XE5S,2025-10-05 22:40:00,9.3738,10.901,KHT-XE5S_2025_0526_1101,9.999999999994457e-05,0.5
KHT-XE5S,2025-10-05 22:50:00,9.375,10.902,KHT-XE5S_2025_0526_1101,9.999999999994457e-05,0.5
KHT-XE5S,2025-10-05 23:00:00,9.3748,10.904,KHT-XE5S_2025_0526_1101,0.0002000000000000668,0.5
KHT-XE5S,2025-10-05 23:10:00,9.375,10.902,KHT-XE5S_2025_0526_1101,0.0002000000000000668,0.5
KHT-XE5S,2025-10-05 23:20:00,9.3755,10.902,KHT-XE5S_2025_0526_1101,0.0,0.5
KHT-XE5S,2025-10-05 23:30:00,9.376,10.902,KHT-XE5S_2025_0526_1101,0.0,0.5
KHT-XE5S,2025-10-05 23:40:00,9.376,10.902,KHT-XE5S_2025_0526_1101,0.0,0.5
KHT-XE5S,2025-10-05 23:50:00,9.3766,10.901,KHT-XE5S_2025_0526_1101,9.999999999994457e-05,0.5
KHT-XE5S,2025-10-06 00:00:00,9.3773,10.9,KHT-XE5S_2025_0526_1101,9.999999999994457e-05,0.5
KHT-XE5S,2025-10-06 00:10:00,9.3775,10.899,KHT-XE5S_2025_0526_1101,0.00010000000000012221,0.5
KHT-XE5S,2025-10-06 00:20:00,9.3772,10.902,KHT-XE5S_2025_0526_1101,0.00030000000000001136,0.5
KHT-XE5S,2025-10-06 00:30:00,9.3777,10.899,KHT-XE5S_2025_0526_1101,0.00030000000000001136,0.5
KHT-XE5S,2025-10-06 00:40:00,9.3782,10.901,KHT-XE5S_2025_0526_1101,0.0002000000000000668,0.5
KHT-XE5S,2025-10-06 00:50:00,9.3772,10.901,KHT-XE5S_2025_0526_1101,0.0,0.5
KHT-XE5S,2025-10-06 01:00:00,9.3773,10.901,KHT-XE5S_2025_0526_1101,0.0,0.5
KHT-XE5S,2025-10-06 01:10:00,9.3781,10.9,KHT-XE5S_2025_0526_1101,9.999999999994457e-05,0.5
KHT-XE5S,2025-10-06 01:20:00,9.3788,10.899,KHT-XE5S_2025_0526_1101,0.00010000000000012221,0.5
KHT-XE5S,2025-10-06 01:30:00,9.3789,10.9,KHT-XE5S_2025_0526_1101,0.00010000000000012221,0.5
KHT-XE5S,2025-10-06 01:40:00,9.3794,10.9,KHT-XE5S_2025_0526_1101,0.0,0.5
KHT-XE5S,2025-10-06 01:50:00,9.3801,10.899,KHT-XE5S_2025_0526_1101,0.00010000000000012221,0.5
KHT-XE5S,2025-10-06 02:00:00,9.3802,10.899,KHT-XE5S_2025_0526_1101,0.0,0.5
KHT-XE5S,2025-10-06 02:10:00,9.3805,10.9,KHT-XE5S_2025_0526_1101,0.00010000000000012221,0.5
KHT-XE5S,2025-10-06 02:20:00,9.3799,10.901,KHT-XE5S_2025_0526_1101,9.999999999994457e-05,0.5
KHT-XE5S,2025-10-06 02:30:00,9.3799,10.9,KHT-XE5S_2025_0526_1101,9.999999999994457e-05,0.5
KHT-XE5S,2025-10-06 02:40:00,9.3793,10.899,KHT-XE5S_2025_0526_1101,0.00010000000000012221,0.5
KHT-XE5S,2025-10-06 02:50:00,9.38,10.9,KHT-XE5S_2025_0526_1101,0.00010000000000012221,0.5
KHT-XE5S,2025-10-06 03:00:00,9.3798,10.901,KHT-XE5S_2025_0526_1101,9.999999999994457e-05,0.5
KHT-XE5S,2025-10-06 03:10:00,9.3795,10.898,KHT-XE5S_2025_0526_1101,0.00030000000000001136,0.5
KHT-XE5S,2025-10-06 03:20:00,9.3796,10.898,KHT-XE5S_2025_0526_1101,0.0,0.5
KHT-XE5S,2025-10-06 03:30:00,9.3795,10.899,KHT-XE5S_2025_0526_1101,9.999999999994457e-05,0.5
KHT-XE5S,2025-10-06 03:40:00,9.3796,10.899,KHT-XE5S_2025_0526_1101,0.0,0.5
KHT-XE5S,2025-10-06 03:50:00,9.3798,10.898,KHT-XE5S_2025_0526_1101,9.999999999994457e-05,0.5
KHT-XE5S,2025-10-06 04:00:00,9.3794,10.899,KHT-XE5S_2025_0526_1101,9.999999999994457e-05,0.5
KHT-XE5S,2025-10-06 04:10:00,9.3797,10.9,KHT-XE5S_2025_0526_1101,0.00010000000000012221,0.5
KHT-XE5S,2025-10-06 04:20:00,9.3796,10.897,KHT-XE5S_2025_0526_1101,0.00030000000000001136,0.5
KHT-XE5S,2025-10-06 04:30:00,9.3797,10.897,KHT-XE5S_2025_0526_1101,0.0,0.5
KHT-XE5S,2025-10-06 04:40:00,9.3798,10.899,KHT-XE5S_2025_0526_1101,0.00019999999999988915,0.5
KHT-XE5S,2025-10-06 04:50:00,9.3796,10.897,KHT-XE5S_2025_0526_1101,0.00019999999999988915,0.5
KHT-XE5S,2025-10-06 05:00:00,9.3796,10.899,KHT-XE5S_2025_0526_1101,0.00019999999999988915,0.5
KHT-XE5S,2025-10-06 05:10:00,9.3793,10.897,KHT-XE5S_2025_0526_1101,0.00019999999999988915,0.5
KHT-XE5S,2025-10-06 05:20:00,9.38,10.896,KHT-XE5S_2025_0526_1101,9.999999999994457e-05,0.5
KHT-XE5S,2025-10-06 05:30:00,9.3804,10.896,KHT-XE5S_2025_0526_1101,0.0,0.5
KHT-XE5S,2025-10-06 05:40:00,9.3809,10.896,KHT-XE5S_2025_0526_1101,0.0,0.5
KHT-XE5S,2025-10-06 05:50:00,9.3809,10.898,KHT-XE5S_2025_0526_1101,0.00019999999999988915,0.5
KHT-XE5S,2025-10-06 06:00:00,9.3819,10.896,KHT-XE5S_2025_0526_1101,0.00019999999999988915,0.5
KHT-XE5S,2025-10-06 06:10:00,9.3827,10.897,KHT-XE5S_2025_0526_1101,9.999999999994457e-05,0.5
KHT-XE5S,2025-10-06 06:20:00,9.3838,10.897,KHT-XE5S_2025_0526_1101,0.0,0.5
KHT-XE5S,2025-10-06 06:30:00,9.3846,10.897,KHT-XE5S_2025_0526_1101,0.0,0.5
KHT-XE5S,2025-10-06 06:40:00,9.3852,10.897,KHT-XE5S_2025_0526_1101,0.0,0.5
KHT-XE5S,2025-10-06 06:50:00,9.3856,10.897,KHT-XE5S_2025_0526_1101,0.0,0.5
KHT-XE5S,2025-10-06 07:00:00,9.3861,10.895,KHT-XE5S_2025_0526_1101,0.0002000000000000668,0.5
KHT-XE5S,2025-10-06 07:10:00,9.3865,10.897,KHT-XE5S_2025_0526_1101,0.0002000000000000668,0.5
KHT-XE5S,2025-10-06 07:20:00,9.3867,10.896,KHT-XE5S_2025_0526_1101,9.999999999994457e-05,0.5
KHT-XE5S,2025-10-06 07:30:00,9.3876,10.895,KHT-XE5S_2025_0526_1101,0.00010000000000012221,0.5
KHT-XE5S,2025-10-06 07:40:00,9.3884,10.895,KHT-XE5S_2025_0526_1101,0.0,0.5
KHT-XE5S,2025-10-06 07:50:00,9.3882,10.894,KHT-XE5S_2025_0526_1101,9.999999999994457e-05,0.5
KHT-XE5S,2025-10-06 08:00:00,9.3883,10.896,KHT-XE5S_2025_0526_1101,0.0002000000000000668,0.5
KHT-XE5S,2025-10-06 08:10:00,9.3894,10.897,KHT-XE5S_2025_0526_1101,9.999999999994457e-05,0.5
KHT-XE5S,2025-10-06 08:20:00,9.3902,10.895,KHT-XE5S_2025_0526_1101,0.0002000000000000668,0.5
KHT-XE5S,2025-10-06 08:30:00,9.3912,10.894,KHT-XE5S_2025_0526_1101,9.999999999994457e-05,0.5
KHT-XE5S,2025-10-06 08:40:00,9.3929,10.896,KHT-XE5S_2025_0526_1101,0.0002000000000000668,0.5
KHT-XE5S,2025-10-06 08:50:00,9.3931,10.893,KHT-XE5S_2025_0526_1101,0.00030000000000001136,0.5
KHT-XE5S,2025-10-06 09:00:00,9.3932,10.893,KHT-XE5S_2025_0526_1101,0.0,0.5
KHT-XE5S,2025-10-06 09:10:00,9.3936,10.894,KHT-XE5S_2025_0526_1101,9.999999999994457e-05,0.5
KHT-XE5S,2025-10-06 09:20:00,9.3943,10.89,KHT-XE5S_2025_0526_1101,0.00039999999999995595,0.5
KHT-XE5S,2025-10-06 09:30:00,9.3954,10.893,KHT-XE5S_2025_0526_1101,0.00030000000000001136,0.5
KHT-XE5S,2025-10-06 09:40:00,9.3959,10.893,KHT-XE5S_2025_0526_1101,0.0,0.5
KHT-XE5S,2025-10-06 09:50:00,9.3957,10.893,KHT-XE5S_2025_0526_1101,0.0,0.5
KHT-XE5S,2025-10-06 10:00:00,9.3958,10.894,KHT-XE5S_2025_0526_1101,9.999999999994457e-05,0.5
KHT-XE5S,2025-10-06 10:10:00,9.3956,10.893,KHT-XE5S_2025_0526_1101,9.999999999994457e-05,0.5
KHT-XE5S,2025-10-06 10:20:00,9.3957,10.893,KHT-XE5S_2025_0526_1101,0.0,0.5
KHT-XE5S,2025-10-06 10:30:00,9.3956,10.894,KHT-XE5S_2025_0526_1101,9.999999999994457e-05,0.5
KHT-XE5S,2025-10-06 10:40:00,9.3953,10.894,KHT-XE5S_2025_0526_1101,0.0,0.5
KHT-XE5S,2025-10-06 10:50:00,9.3944,10.892,KHT-XE5S_2025_0526_1101,0.0002000000000000668,0.5
KHT-XE5S,2025-10-06 11:00:00,9.3937,10.894,KHT-XE5S_2025_0526_1101,0.0002000000000000668,0.5
KHT-XE5S,2025-10-06 11:10:00,9.3928,10.893,KHT-XE5S_2025_0526_1101,9.999999999994457e-05,0.5
KHT-XE5S,2025-10-06 11:20:00,9.3912,10.893,KHT-XE5S_2025_0526_1101,0.0,0.5
KHT-XE5S,2025-10-06 11:30:00,9.3904,10.892,KHT-XE5S_2025_0526_1101,0.00010000000000012221,0.5
KHT-XE5S,2025-10-06 11:40:00,9.3904,10.892,KHT-XE5S_2025_0526_1101,0.0,0.5
KHT-XE5S,2025-10-06 11:50:00,9.3882,10.891,KHT-XE5S_2025_0526_1101,9.999999999994457e-05,0.5
KHT-XE5S,2025-10-06 12:00:00,9.387,10.89,KHT-XE5S_2025_0526_1101,9.999999999994457e-05,0.5
KHT-XE5S,2025-10-06 12:10:00,9.3863,10.892,KHT-XE5S_2025_0526_1101,0.00019999999999988915,0.5
KHT-XE5S,2025-10-06 12:20:00,9.3862,10.893,KHT-XE5S_2025_0526_1101,0.00010000000000012221,0.5
KHT-XE5S,2025-10-06 12:30:00,9.3851,10.89,KHT-XE5S_2025_0526_1101,0.00030000000000001136,0.5
KHT-XE5S,2025-10-06 12:40:00,9.3849,10.892,KHT-XE5S_2025_0526_1101,0.00019999999999988915,0.5
KHT-XE5S,2025-10-06 12:50:00,9.3841,10.891,KHT-XE5S_2025_0526_1101,9.999999999994457e-05,0.5
KHT-XE5S,2025-10-06 13:00:00,9.3828,10.889,KHT-XE5S_2025_0526_1101,0.0002000000000000668,0.5
KHT-XE5S,2025-10-06 13:10:00,9.3827,10.892,KHT-XE5S_2025_0526_1101,0.00030000000000001136,0.5
KHT-XE5S,2025-10-06 13:20:00,9.3821,10.891,KHT-XE5S_2025_0526_1101,9.999999999994457e-05,0.5
KHT-XE5S,2025-10-06 13:30:00,9.3809,10.891,KHT-XE5S_2025_0526_1101,0.0,0.5
KHT-XE5S,2025-10-06 13:40:00,9.3797,10.891,KHT-XE5S_2025_0526_1101,0.0,0.5
KHT-XE5S,2025-10-06 13:50:00,9.3794,10.891,KHT-XE5S_2025_0526_1101,0.0,0.5
KHT-XE5S,2025-10-06 14:00:00,9.3781,10.891,KHT-XE5S_2025_0526_1101,0.0,0.5
KHT-XE5S,2025-10-06 14:10:00,9.3777,10.89,KHT-XE5S_2025_0526_1101,9.999999999994457e-05,0.5
KHT-XE5S,2025-10-06 14:20:00,9.3773,10.891,KHT-XE5S_2025_0526_1101,9.999999999994457e-05,0.5
KHT-XE5S,2025-10-06 14:30:00,9.3768,10.892,KHT-XE5S_2025_0526_1101,9.999999999994457e-05,0.5
KHT-XE5S,2025-10-06 14:40:00,9.3764,10.89,KHT-XE5S_2025_0526_1101,0.00019999999999988915,0.5
KHT-XE5S,2025-10-06 14:50:00,9.3755,10.891,KHT-XE5S_2025_0526_1101,9.999999999994457e-05,0.5
KHT-XE5S,2025-10-06 15:00:00,9.375,10.891,KHT-XE5S_2025_0526_1101,0.0,0.5
KHT-XE5S,2025-10-06 15:10:00,9.3741,10.889,KHT-XE5S_2025_0526_1101,0.0002000000000000668,0.5
KHT-XE5S,2025-10-06 15:20:00,9.3734,10.889,KHT-XE5S_2025_0526_1101,0.0,0.5
KHT-XE5S,2025-10-06 15:30:00,9.3737,10.891,KHT-XE5S_2025_0526_1101,0.0002000000000000668,0.5
KHT-XE5S,2025-10-06 15:40:00,9.3742,10.889,KHT-XE5S_2025_0526_1101,0.0002000000000000668,0.5
KHT-XE5S,2025-10-06 15:50:00,9.3753,10.89,KHT-XE5S_2025_0526_1101,0.00010000000000012221,0.5
KHT-XE5S,2025-10-06 16:00:00,9.3744,10.889,KHT-XE5S_2025_0526_1101,0.00010000000000012221,0.5
KHT-XE5S,2025-10-06 16:10:00,9.3739,10.888,KHT-XE5S_2025_0526_1101,9.999999999994457e-05,0.5
KHT-XE5S,2025-10-06 16:20:00,9.3736,10.888,KHT-XE5S_2025_0526_1101,0.0,0.5
KHT-XE5S,2025-10-06 16:30:00,9.3737,10.888,KHT-XE5S_2025_0526_1101,0.0,0.5
KHT-XE5S,2025-10-06 16:40:00,9.3736,10.889,KHT-XE5S_2025_0526_1101,9.999999999994457e-05,0.5
KHT-XE5S,2025-10-06 16:50:00,9.3734,10.887,KHT-XE5S_2025_0526_1101,0.00019999999999988915,0.5
KHT-XE5S,2025-10-06 17:00:00,9.3739,10.886,KHT-XE5S_2025_0526_1101,0.00010000000000012221,0.5
KHT-XE5S,2025-10-06 17:10:00,9.3731,10.888,KHT-XE5S_2025_0526_1101,0.0002000000000000668,0.5
KHT-XE5S,2025-10-06 17:20:00,9.3736,10.886,KHT-XE5S_2025_0526_1101,0.0002000000000000668,0.5
KHT-XE5S,2025-10-06 17:30:00,9.3741,10.887,KHT-XE5S_2025_0526_1101,0.00010000000000012221,0.5
KHT-XE5S,2025-10-06 17:40:00,9.3746,10.887,KHT-XE5S_2025_0526_1101,0.0,0.5
KHT-XE5S,2025-10-06 17:50:00,9.3755,10.886,KHT-XE5S_2025_0526_1101,0.00010000000000012221,0.5
KHT-XE5S,2025-10-06 18:00:00,9.3764,10.887,KHT-XE5S_2025_0526_1101,0.00010000000000012221,0.5
KHT-XE5S,2025-10-06 18:10:00,9.3769,10.887,KHT-XE5S_2025_0526_1101,0.0,0.5
KHT-XE5S,2025-10-06 18:20:00,9.3778,10.885,KHT-XE5S_2025_0526_1101,0.0002000000000000668,0.5
KHT-XE5S,2025-10-06 18:30:00,9.3787,10.886,KHT-XE5S_2025_0526_1101,9.999999999994457e-05,0.5
KHT-XE5S,2025-10-06 18:40:00,9.3794,10.885,KHT-XE5S_2025_0526_1101,9.999999999994457e-05,0.5
KHT-XE5S,2025-10-06 18:50:00,9.3804,10.886,KHT-XE5S_2025_0526_1101,9.999999999994457e-05,0.5
KHT-XE5S,2025-10-06 19:00:00,9.3808,10.887,KHT-XE5S_2025_0526_1101,0.00010000000000012221,0.5
KHT-XE5S,2025-10-06 19:10:00,9.3816,10.883,KHT-XE5S_2025_0526_1101,0.0004000000000001336,0.5
KHT-XE5S,2025-10-06 19:20:00,9.3831,10.884,KHT-XE5S_2025_0526_1101,0.00010000000000012221,0.5
KHT-XE5S,2025-10-06 19:30:00,9.3841,10.886,KHT-XE5S_2025_0526_1101,0.00019999999999988915,0.5
KHT-XE5S,2025-10-06 19:40:00,9.3846,10.885,KHT-XE5S_2025_0526_1101,9.999999999994457e-05,0.5
KHT-XE5S,2025-10-06 19:50:00,9.386,10.884,KHT-XE5S_2025_0526_1101,9.999999999994457e-05,0.5
KHT-XE5S,2025-10-06 20:00:00,9.3872,10.886,KHT-XE5S_2025_0526_1101,0.00019999999999988915,0.5
KHT-XE5S,2025-10-06 20:10:00,9.3874,10.887,KHT-XE5S_2025_0526_1101,0.00010000000000012221,0.5
KHT-XE5S,2025-10-06 20:20:00,9.3884,10.884,KHT-XE5S_2025_0526_1101,0.00030000000000001136,0.5
KHT-XE5S,2025-10-06 20:30:00,9.3894,10.887,KHT-XE5S_2025_0526_1101,0.00030000000000001136,0.5
KHT-XE5S,2025-10-06 20:40:00,9.3907,10.884,KHT-XE5S_2025_0526_1101,0.00030000000000001136,0.5
KHT-XE5S,2025-10-06 20:50:00,9.3918,10.886,KHT-XE5S_2025_0526_1101,0.00019999999999988915,0.5
KHT-XE5S,2025-10-06 21:00:00,9.3928,10.885,KHT-XE5S_2025_0526_1101,9.999999999994457e-05,0.5
KHT-XE5S,2025-10-06 21:10:00,9.3931,10.884,KHT-XE5S_2025_0526_1101,9.999999999994457e-05,0.5
KHT-XE5S,2025-10-06 21:20:00,9.3939,10.884,KHT-XE5S_2025_0526_1101,0.0,0.5
KHT-XE5S,2025-10-06 21:30:00,9.3943,10.884,KHT-XE5S_2025_0526_1101,0.0,0.5
KHT-XE5S,2025-10-06 21:40:00,9.3953,10.883,KHT-XE5S_2025_0526_1101,0.00010000000000012221,0.5
KHT-XE5S,2025-10-06 21:50:00,9.3959,10.884,KHT-XE5S_2025_0526_1101,0.00010000000000012221,0.5
KHT-XE5S,2025-10-06 22:00:00,9.3967,10.883,KHT-XE5S_2025_0526_1101,0.00010000000000012221,0.5
KHT-XE5S,2025-10-06 22:10:00,9.3971,10.882,KHT-XE5S_2025_0526_1101,9.999999999994457e-05,0.5
KHT-XE5S,2025-10-06 22:20:00,9.397,10.883,KHT-XE5S_2025_0526_1101,9.999999999994457e-05,0.5
KHT-XE5S,2025-10-06 22:30:00,9.3973,10.884,KHT-XE5S_2025_0526_1101,0.00010000000000012221,0.5
KHT-XE5S,2025-10-06 22:40:00,9.3978,10.881,KHT-XE5S_2025_0526_1101,0.00030000000000001136,0.5
KHT-XE5S,2025-10-06 22:50:00,9.399,10.882,KHT-XE5S_2025_0526_1101,9.999999999994457e-05,0.5
KHT-XE5S,2025-10-06 23:00:00,9.399,10.883,KHT-XE5S_2025_0526_1101,9.999999999994457e-05,0.5
KHT-XE5S,2025-10-06 23:10:00,9.3988,10.881,KHT-XE5S_2025_0526_1101,0.00019999999999988915,0.5
KHT-XE5S,2025-10-06 23:20:00,9.3991,10.881,KHT-XE5S_2025_0526_1101,0.0,0.5
KHT-XE5S,2025-10-06 23:30:00,9.3992,10.883,KHT-XE5S_2025_0526_1101,0.00019999999999988915,0.5
KHT-XE5S,2025-10-06 23:40:00,9.3987,10.881,KHT-XE5S_2025_0526_1101,0.00019999999999988915,0.5
KHT-XE5S,2025-10-06 23:50:00,9.3986,10.882,KHT-XE5S_2025_0526_1101,9.999999999994457e-05,0.5
KHT-XE5S,2025-10-07 00:00:00,9.3988,10.881,KHT-XE5S_2025_0526_1101,9.999999999994457e-05,0.5
KHT-XE5S,2025-10-07 00:10:00,9.3988,10.882,KHT-XE5S_2025_0526_1101,9.999999999994457e-05,0.5
KHT-XE5S,2025-10-07 00:20:00,9.3985,10.881,KHT-XE5S_2025_0526_1101,9.999999999994457e-05,0.5
KHT-XE5S,2025-10-07 00:30:00,9.3987,10.88,KHT-XE5S_2025_0526_1101,9.999999999994457e-05,0.5
KHT-XE5S,2025-10-07 00:40:00,9.3985,10.881,KHT-XE5S_2025_0526_1101,9.999999999994457e-05,0.5
KHT-XE5S,2025-10-07 00:50:00,9.3987,10.882,KHT-XE5S_2025_0526_1101,9.999999999994457e-05,0.5
KHT-XE5S,2025-10-07 01:00:00,9.3987,10.88,KHT-XE5S_2025_0526_1101,0.00019999999999988915,0.5
KHT-XE5S,2025-10-07 01:10:00,9.3985,10.88,KHT-XE5S_2025_0526_1101,0.0,0.5
KHT-XE5S,2025-10-07 01:20:00,9.3994,10.88,KHT-XE5S_2025_0526_1101,0.0,0.5
KHT-XE5S,2025-10-07 01:30:00,9.3998,10.879,KHT-XE5S_2025_0526_1101,0.00010000000000012221,0.5
KHT-XE5S,2025-10-07 01:40:00,9.3999,10.882,KHT-XE5S_2025_0526_1101,0.00030000000000001136,0.5
KHT-XE5S,2025-10-07 01:50:00,9.4002,10.879,KHT-XE5S_2025_0526_1101,0.00030000000000001136,0.5
KHT-XE5S,2025-10-07 02:00:00,9.4009,10.88,KHT-XE5S_2025_0526_1101,0.00010000000000012221,0.5
KHT-XE5S,2025-10-07 02:10:00,9.4007,10.879,KHT-XE5S_2025_0526_1101,0.00010000000000012221,0.5
KHT-XE5S,2025-10-07 02:20:00,9.4005,10.879,KHT-XE5S_2025_0526_1101,0.0,0.5
KHT-XE5S,2025-10-07 02:30:00,9.4001,10.879,KHT-XE5S_2025_0526_1101,0.0,0.5
KHT-XE5S,2025-10-07 02:40:00,9.3995,10.878,KHT-XE5S_2025_0526_1101,9.999999999994457e-05,0.5
KHT-XE5S,2025-10-07 02:50:00,9.3989,10.879,KHT-XE5S_2025_0526_1101,9.999999999994457e-05,0.5
KHT-XE5S,2025-10-07 03:00:00,9.3985,10.879,KHT-XE5S_2025_0526_1101,0.0,0.5
KHT-XE5S,2025-10-07 03:10:00,9.3978,10.879,KHT-XE5S_2025_0526_1101,0.0,0.5
KHT-XE5S,2025-10-07 03:20:00,9.3978,10.879,KHT-XE5S_2025_0526_1101,0.0,0.5
KHT-XE5S,2025-10-07 03:30:00,9.3982,10.879,KHT-XE5S_2025_0526_1101,0.0,0.5
KHT-XE5S,2025-10-07 03:40:00,9.3982,10.878,KHT-XE5S_2025_0526_1101,9.999999999994457e-05,0.5
KHT-XE5S,2025-10-07 03:50:00,9.3985,10.878,KHT-XE5S_2025_0526_1101,0.0,0.5
KHT-XE5S,2025-10-07 04:00:00,9.3984,10.878,KHT-XE5S_2025_0526_1101,0.0,0.5
KHT-XE5S,2025-10-07 04:10:00,9.3993,10.877,KHT-XE5S_2025_0526_1101,9.999999999994457e-05,0.5
KHT-XE5S,2025-10-07 04:20:00,9.3989,10.878,KHT-XE5S_2025_0526_1101,9.999999999994457e-05,0.5
KHT-XE5S,2025-10-07 04:30:00,9.3991,10.877,KHT-XE5S_2025_0526_1101,9.999999999994457e-05,0.5
KHT-XE5S,2025-10-07 04:40:00,9.3997,10.876,KHT-XE5S_2025_0526_1101,0.00010000000000012221,0.5
KHT-XE5S,2025-10-07 04:50:00,9.4004,10.877,KHT-XE5S_2025_0526_1101,0.00010000000000012221,0.5
KHT-XE5S,2025-10-07 05:00:00,9.4002,10.877,KHT-XE5S_2025_0526_1101,0.0,0.5
KHT-XE5S,2025-10-07 05:10:00,9.3999,10.877,KHT-XE5S_2025_0526_1101,0.0,0.5
KHT-XE5S,2025-10-07 05:20:00,9.3997,10.878,KHT-XE5S_2025_0526_1101,9.999999999994457e-05,0.5
KHT-XE5S,2025-10-07 05:30:00,9.4003,10.876,KHT-XE5S_2025_0526_1101,0.0002000000000000668,0.5
KHT-XE5S,2025-10-07 05:40:00,9.4002,10.875,KHT-XE5S_2025_0526_1101,9.999999999994457e-05,0.5
KHT-XE5S,2025-10-07 05:50:00,9.4007,10.877,KHT-XE5S_2025_0526_1101,0.0002000000000000668,0.5
KHT-XE5S,2025-10-07 06:00:00,9.4007,10.876,KHT-XE5S_2025_0526_1101,0.00010000000000012221,0.5
KHT-XE5S,2025-10-07 06:10:00,9.4008,10.875,KHT-XE5S_2025_0526_1101,9.999999999994457e-05,0.5
KHT-XE5S,2025-10-07 06:20:00,9.4013,10.876,KHT-XE5S_2025_0526_1101,9.999999999994457e-05,0.5
KHT-XE5S,2025-10-07 06:30:00,9.4017,10.877,KHT-XE5S_2025_0526_1101,0.00010000000000012221,0.5
KHT-XE5S,2025-10-07 06:40:00,9.4016,10.875,KHT-XE5S_2025_0526_1101,0.0002000000000000668,0.5
KHT-XE5S,2025-10-07 06:50:00,9.4017,10.875,KHT-XE5S_2025_0526_1101,0.0,0.5
KHT-XE5S,2025-10-07 07:00:00,9.4015,10.875,KHT-XE5S_2025_0526_1101,0.0,0.5
KHT-XE5S,2025-10-07 07:10:00,9.4009,10.876,KHT-XE5S_2025_0526_1101,9.999999999994457e-05,0.5
KHT-XE5S,2025-10-07 07:20:00,9.4006,10.873,KHT-XE5S_2025_0526_1101,0.00030000000000001136,0.5
KHT-XE5S,2025-10-07 07:30:00,9.4007,10.873,KHT-XE5S_2025_0526_1101,0.0,0.5
KHT-XE5S,2025-10-07 07:40:00,9.4012,10.872,KHT-XE5S_2025_0526_1101,9.999999999994457e-05,0.5
KHT-XE5S,2025-10-07 07:50:00,9.4018,10.877,KHT-XE5S_2025_0526_1101,0.0005000000000000782,0.5
KHT-XE5S,2025-10-07 08:00:00,9.4022,10.872,KHT-XE5S_2025_0526_1101,0.0005000000000000782,0.5
KHT-XE5S,2025-10-07 08:10:00,9.4025,10.876,KHT-XE5S_2025_0526_1101,0.00039999999999995595,0.5
KHT-XE5S,2025-10-07 08:20:00,9.4029,10.875,KHT-XE5S_2025_0526_1101,9.999999999994457e-05,0.5
KHT-XE5S,2025-10-07 08:30:00,9.4031,10.873,KHT-XE5S_2025_0526_1101,0.0002000000000000668,0.5
KHT-XE5S,2025-10-07 08:40:00,9.4029,10.874,KHT-XE5S_2025_0526_1101,0.00010000000000012221,0.5
KHT-XE5S,2025-10-07 08:50:00,9.4024,10.875,KHT-XE5S_2025_0526_1101,9.999999999994457e-05,0.5
KHT-XE5S,2025-10-07 09:00:00,9.4022,10.873,KHT-XE5S_2025_0526_1101,0.0002000000000000668,0.5
KHT-XE5S,2025-10-07 09:10:00,9.4016,10.874,KHT-XE5S_2025_0526_1101,0.00010000000000012221,0.5
KHT-XE5S,2025-10-07 09:20:00,9.4011,10.875,KHT-XE5S_2025_0526_1101,9.999999999994457e-05,0.5
KHT-XE5S,2025-10-07 09:30:00,9.4016,10.874,KHT-XE5S_2025_0526_1101,9.999999999994457e-05,0.5
KHT-XE5S,2025-10-07 09:40:00,9.4009,10.873,KHT-XE5S_2025_0526_1101,0.00010000000000012221,0.5
KHT-XE5S,2025-10-07 09:50:00,9.4001,10.873,KHT-XE5S_2025_0526_1101,0.0,0.5
KHT-XE5S,2025-10-07 10:00:00,9.4,10.873,KHT-XE5S_2025_0526_1101,0.0,0.5
KHT-XE5S,2025-10-07 10:10:00,9.3995,10.872,KHT-XE5S_2025_0526_1101,9.999999999994457e-05,0.5
KHT-XE5S,2025-10-07 10:20:00,9.3991,10.872,KHT-XE5S_2025_0526_1101,0.0,0.5
KHT-XE5S,2025-10-07 10:30:00,9.3988,10.872,KHT-XE5S_2025_0526_1101,0.0,0.5
KHT-XE5S,2025-10-07 10:40:00,9.3975,10.873,KHT-XE5S_2025_0526_1101,9.999999999994457e-05,0.5
KHT-XE5S,2025-10-07 10:50:00,9.3966,10.872,KHT-XE5S_2025_0526_1101,9.999999999994457e-05,0.5
KHT-XE5S,2025-10-07 11:00:00,9.3961,10.871,KHT-XE5S_2025_0526_1101,9.999999999994457e-05,0.5
KHT-XE5S,2025-10-07 11:10:00,9.3951,10.87,KHT-XE5S_2025_0526_1101,0.00010000000000012221,0.5
KHT-XE5S,2025-10-07 11:20:00,9.3938,10.872,KHT-XE5S_2025_0526_1101,0.0002000000000000668,0.5
KHT-XE5S,2025-10-07 11:30:00,9.3928,10.871,KHT-XE5S_2025_0526_1101,9.999999999994457e-05,0.5
KHT-XE5S,2025-10-07 11:40:00,9.3917,10.871,KHT-XE5S_2025_0526_1101,0.0,0.5
KHT-XE5S,2025-10-07 11:50:00,9.3908,10.872,KHT-XE5S_2025_0526_1101,9.999999999994457e-05,0.5
KHT-XE5S,2025-10-07 12:00:00,9.3893,10.871,KHT-XE5S_2025_0526_1101,9.999999999994457e-05,0.5
KHT-XE5S,2025-10-07 12:10:00,9.3885,10.871,KHT-XE5S_2025_0526_1101,0.0,0.5
KHT-XE5S,2025-10-07 12:20:00,9.3887,10.87,KHT-XE5S_2025_0526_1101,0.00010000000000012221,0.5
KHT-XE5S,2025-10-07 12:30:00,9.3868,10.867,KHT-XE5S_2025_0526_1101,0.0002999999999998337,0.5
KHT-XE5S,2025-10-07 12:40:00,9.3852,10.869,KHT-XE5S_2025_0526_1101,0.00019999999999988915,0.5
KHT-XE5S,2025-10-07 12:50:00,9.3837,10.87,KHT-XE5S_2025_0526_1101,9.999999999994457e-05,0.5
KHT-XE5S,2025-10-07 13:00:00,9.3823,10.867,KHT-XE5S_2025_0526_1101,0.0002999999999998337,0.5
KHT-XE5S,2025-10-07 13:10:00,9.3808,10.868,KHT-XE5S_2025_0526_1101,9.999999999994457e-05,0.5
KHT-XE5S,2025-10-07 13:20:00,9.3784,10.868,KHT-XE5S_2025_0526_1101,0.0,0.5
KHT-XE5S,2025-10-07 13:30:00,9.3771,10.869,KHT-XE5S_2025_0526_1101,9.999999999994457e-05,0.5
KHT-XE5S,2025-10-07 13:40:00,9.3758,10.869,KHT-XE5S_2025_0526_1101,0.0,0.5
KHT-XE5S,2025-10-07 13:50:00,9.3749,10.87,KHT-XE5S_2025_0526_1101,9.999999999994457e-05,0.5
KHT-XE5S,2025-10-07 14:00:00,9.373,10.868,KHT-XE5S_2025_0526_1101,0.00019999999999988915,0.5
KHT-XE5S,2025-10-07 14:10:00,9.3718,10.867,KHT-XE5S_2025_0526_1101,9.999999999994457e-05,0.5
KHT-XE5S,2025-10-07 14:20:00,9.3709,10.87,KHT-XE5S_2025_0526_1101,0.0002999999999998337,0.5
KHT-XE5S,2025-10-07 14:30:00,9.3699,10.868,KHT-XE5S_2025_0526_1101,0.00019999999999988915,0.5
KHT-XE5S,2025-10-07 14:40:00,9.3697,10.866,KHT-XE5S_2025_0526_1101,0.0002000000000000668,0.5
KHT-XE5S,2025-10-07 14:50:00,9.3691,10.868,KHT-XE5S_2025_0526_1101,0.0002000000000000668,0.5
KHT-XE5S,2025-10-07 15:00:00,9.3697,10.866,KHT-XE5S_2025_0526_1101,0.0002000000000000668,0.5
KHT-XE5S,2025-10-07 15:10:00,9.37,10.865,KHT-XE5S_2025_0526_1101,9.999999999994457e-05,0.5
KHT-XE5S,2025-10-07 15:20:00,9.3702,10.868,KHT-XE5S_2025_0526_1101,0.00030000000000001136,0.5
KHT-XE5S,2025-10-07 15:30:00,9.3699,10.866,KHT-XE5S_2025_0526_1101,0.0002000000000000668,0.5
KHT-XE5S,2025-10-07 15:40:00,9.3697,10.866,KHT-XE5S_2025_0526_1101,0.0,0.5
KHT-XE5S,2025-10-07 15:50:00,9.3702,10.866,KHT-XE5S_2025_0526_1101,0.0,0.5
KHT-XE5S,2025-10-07 16:00:00,9.3709,10.865,KHT-XE5S_2025_0526_1101,9.999999999994457e-05,0.5
KHT-XE5S,2025-10-07 16:10:00,9.3706,10.866,KHT-XE5S_2025_0526_1101,9.999999999994457e-05,0.5
KHT-XE5S,2025-10-07 16:20:00,9.3707,10.867,KHT-XE5S_2025_0526_1101,0.00010000000000012221,0.5
KHT-XE5S,2025-10-07 16:30:00,9.3705,10.866,KHT-XE5S_2025_0526_1101,0.00010000000000012221,0.5
KHT-XE5S,2025-10-07 16:40:00,9.3701,10.864,KHT-XE5S_2025_0526_1101,0.00019999999999988915,0.5
KHT-XE5S,2025-10-07 16:50:00,9.3697,10.865,KHT-XE5S_2025_0526_1101,9.999999999994457e-05,0.5
KHT-XE5S,2025-10-07 17:00:00,9.3692,10.866,KHT-XE5S_2025_0526_1101,9.999999999994457e-05,0.5
KHT-XE5S,2025-10-07 17:10:00,9.3696,10.865,KHT-XE5S_2025_0526_1101,9.999999999994457e-05,0.5
KHT-XE5S,2025-10-07 17:20:00,9.3696,10.865,KHT-XE5S_2025_0526_1101,0.0,0.5
KHT-XE5S,2025-10-07 17:30:00,9.3699,10.864,KHT-XE5S_2025_0526_1101,9.999999999994457e-05,0.5
KHT-XE5S,2025-10-07 17:40:00,9.3703,10.864,KHT-XE5S_2025_0526_1101,0.0,0.5
KHT-XE5S,2025-10-07 17:50:00,9.3714,10.864,KHT-XE5S_2025_0526_1101,0.0,0.5
KHT-XE5S,2025-10-07 18:00:00,9.3713,10.863,KHT-XE5S_2025_0526_1101,0.00010000000000012221,0.5
KHT-XE5S,2025-10-07 18:10:00,9.3715,10.864,KHT-XE5S_2025_0526_1101,0.00010000000000012221,0.5
KHT-XE5S,2025-10-07 18:20:00,9.3723,10.863,KHT-XE5S_2025_0526_1101,0.00010000000000012221,0.5
KHT-XE5S,2025-10-07 18:30:00,9.3732,10.863,KHT-XE5S_2025_0526_1101,0.0,0.5
KHT-XE5S,2025-10-07 18:40:00,9.3745,10.864,KHT-XE5S_2025_0526_1101,0.00010000000000012221,0.5
KHT-XE5S,2025-10-07 18:50:00,9.3744,10.863,KHT-XE5S_2025_0526_1101,0.00010000000000012221,0.5
KHT-XE5S,2025-10-07 19:00:00,9.3753,10.863,KHT-XE5S_2025_0526_1101,0.0,0.5
KHT-XE5S,2025-10-07 19:10:00,9.3762,10.862,KHT-XE5S_2025_0526_1101,9.999999999994457e-05,0.5
KHT-XE5S,2025-10-07 19:20:00,9.3768,10.861,KHT-XE5S_2025_0526_1101,9.999999999994457e-05,0.5
KHT-XE5S,2025-10-07 19:30:00,9.3773,10.863,KHT-XE5S_2025_0526_1101,0.00019999999999988915,0.5
KHT-XE5S,2025-10-07 19:40:00,9.3776,10.863,KHT-XE5S_2025_0526_1101,0.0,0.5
KHT-XE5S,2025-10-07 19:50:00,9.3781,10.863,KHT-XE5S_2025_0526_1101,0.0,0.5
KHT-XE5S,2025-10-07 20:00:00,9.3793,10.862,KHT-XE5S_2025_0526_1101,9.999999999994457e-05,0.5
KHT-XE5S,2025-10-07 20:10:00,9.38,10.862,KHT-XE5S_2025_0526_1101,0.0,0.5
KHT-XE5S,2025-10-07 20:20:00,9.3807,10.86,KHT-XE5S_2025_0526_1101,0.0002000000000000668,0.5
KHT-XE5S,2025-10-07 20:30:00,9.3813,10.863,KHT-XE5S_2025_0526_1101,0.00030000000000001136,0.5
KHT-XE5S,2025-10-07 20:40:00,9.3818,10.859,KHT-XE5S_2025_0526_1101,0.00039999999999995595,0.5
KHT-XE5S,2025-10-07 20:50:00,9.383,10.861,KHT-XE5S_2025_0526_1101,0.0002000000000000668,0.5
KHT-XE5S,2025-10-07 21:00:00,9.3835,10.86,KHT-XE5S_2025_0526_1101,0.00010000000000012221,0.5
KHT-XE5S,2025-10-07 21:10:00,9.3843,10.862,KHT-XE5S_2025_0526_1101,0.0002000000000000668,0.5
KHT-XE5S,2025-10-07 21:20:00,9.3848,10.861,KHT-XE5S_2025_0526_1101,9.999999999994457e-05,0.5
KHT-XE5S,2025-10-07 21:30:00,9.3853,10.861,KHT-XE5S_2025_0526_1101,0.0,0.5
KHT-XE5S,2025-10-07 21:40:00,9.3856,10.861,KHT-XE5S_2025_0526_1101,0.0,0.5
KHT-XE5S,2025-10-07 21:50:00,9.3859,10.861,KHT-XE5S_2025_0526_1101,0.0,0.5
KHT-XE5S,2025-10-07 22:00:00,9.3853,10.861,KHT-XE5S_2025_0526_1101,0.0,0.5
KHT-XE5S,2025-10-07 22:10:00,9.3857,10.859,KHT-XE5S_2025_0526_1101,0.0002000000000000668,0.5
KHT-XE5S,2025-10-07 22:20:00,9.3867,10.859,KHT-XE5S_2025_0526_1101,0.0,0.5
KHT-XE5S,2025-10-07 22:30:00,9.387,10.858,KHT-XE5S_2025_0526_1101,9.999999999994457e-05,0.5
KHT-XE5S,2025-10-07 22:40:00,9.3871,10.859,KHT-XE5S_2025_0526_1101,9.999999999994457e-05,0.5
KHT-XE5S,2025-10-07 22:50:00,9.3874,10.858,KHT-XE5S_2025_0526_1101,9.999999999994457e-05,0.5
KHT-XE5S,2025-10-07 23:00:00,9.3874,10.858,KHT-XE5S_2025_0526_1101,0.0,0.5
KHT-XE5S,2025-10-07 23:10:00,9.3874,10.86,KHT-XE5S_2025_0526_1101,0.00019999999999988915,0.5
KHT-XE5S,2025-10-07 23:20:00,9.3871,10.858,KHT-XE5S_2025_0526_1101,0.00019999999999988915,0.5
KHT-XE5S,2025-10-07 23:30:00,9.3873,10.858,KHT-XE5S_2025_0526_1101,0.0,0.5
KHT-XE5S,2025-10-07 23:40:00,9.3872,10.859,KHT-XE5S_2025_0526_1101,9.999999999994457e-05,0.5
KHT-XE5S,2025-10-07 23:50:00,9.3874,10.855,KHT-XE5S_2025_0526_1101,0.00039999999999995595,0.5
KHT-XE5S,2025-10-08 00:00:00,9.3873,10.858,KHT-XE5S_2025_0526_1101,0.00030000000000001136,0.5
KHT-XE5S,2025-10-08 00:10:00,9.3864,10.857,KHT-XE5S_2025_0526_1101,0.00010000000000012221,0.5
KHT-XE5S,2025-10-08 00:20:00,9.3864,10.857,KHT-XE5S_2025_0526_1101,0.0,0.5
KHT-XE5S,2025-10-08 00:30:00,9.3862,10.857,KHT-XE5S_2025_0526_1101,0.0,0.5
KHT-XE5S,2025-10-08 00:40:00,9.3864,10.856,KHT-XE5S_2025_0526_1101,9.999999999994457e-05,0.5
KHT-XE5S,2025-10-08 00:50:00,9.3856,10.856,KHT-XE5S_2025_0526_1101,0.0,0.5
KHT-XE5S,2025-10-08 01:00:00,9.3849,10.857,KHT-XE5S_2025_0526_1101,9.999999999994457e-05,0.5
KHT-XE5S,2025-10-08 01:10:00,9.3853,10.856,KHT-XE5S_2025_0526_1101,9.999999999994457e-05,0.5
KHT-XE5S,2025-10-08 01:20:00,9.3853,10.857,KHT-XE5S_2025_0526_1101,9.999999999994457e-05,0.5
KHT-XE5S,2025-10-08 01:30:00,9.3853,10.855,KHT-XE5S_2025_0526_1101,0.00019999999999988915,0.5
KHT-XE5S,2025-10-08 01:40:00,9.3856,10.857,KHT-XE5S_2025_0526_1101,0.00019999999999988915,0.5
KHT-XE5S,2025-10-08 01:50:00,9.3857,10.855,KHT-XE5S_2025_0526_1101,0.00019999999999988915,0.5
KHT-XE5S,2025-10-08 02:00:00,9.385,10.854,KHT-XE5S_2025_0526_1101,0.00010000000000012221,0.5
KHT-XE5S,2025-10-08 02:10:00,9.3854,10.854,KHT-XE5S_2025_0526_1101,0.0,0.5
KHT-XE5S,2025-10-08 02:20:00,9.3851,10.854,KHT-XE5S_2025_0526_1101,0.0,0.5
KHT-XE5S,2025-10-08 02:30:00,9.3844,10.855,KHT-XE5S_2025_0526_1101,0.00010000000000012221,0.5
KHT-XE5S,2025-10-08 02:40:00,9.3833,10.855,KHT-XE5S_2025_0526_1101,0.0,0.5
KHT-XE5S,2025-10-08 02:50:00,9.3827,10.854,KHT-XE5S_2025_0526_1101,0.00010000000000012221,0.5
KHT-XE5S,2025-10-08 03:00:00,9.3823,10.853,KHT-XE5S_2025_0526_1101,9.999999999994457e-05,0.5
KHT-XE5S,2025-10-08 03:10:00,9.3821,10.854,KHT-XE5S_2025_0526_1101,9.999999999994457e-05,0.5
KHT-XE5S,2025-10-08 03:20:00,9.3822,10.853,KHT-XE5S_2025_0526_1101,9.999999999994457e-05,0.5
KHT-XE5S,2025-10-08 03:30:00,9.3822,10.853,KHT-XE5S_2025_0526_1101,0.0,0.5
KHT-XE5S,2025-10-08 03:40:00,9.3819,10.854,KHT-XE5S_2025_0526_1101,9.999999999994457e-05,0.5
KHT-XE5S,2025-10-08 03:50:00,9.382,10.854,KHT-XE5S_2025_0526_1101,0.0,0.5
KHT-XE5S,2025-10-08 04:00:00,9.3815,10.854,KHT-XE5S_2025_0526_1101,0.0,0.5
KHT-XE5S,2025-10-08 04:10:00,9.3813,10.853,KHT-XE5S_2025_0526_1101,9.999999999994457e-05,0.5
KHT-XE5S,2025-10-08 04:20:00,9.3807,10.853,KHT-XE5S_2025_0526_1101,0.0,0.5
KHT-XE5S,2025-10-08 04:30:00,9.3802,10.852,KHT-XE5S_2025_0526_1101,9.999999999994457e-05,0.5
KHT-XE5S,2025-10-08 04:40:00,9.3799,10.852,KHT-XE5S_2025_0526_1101,0.0,0.5
KHT-XE5S,2025-10-08 04:50:00,9.3796,10.853,KHT-XE5S_2025_0526_1101,9.999999999994457e-05,0.5
KHT-XE5S,2025-10-08 05:00:00,9.3789,10.851,KHT-XE5S_2025_0526_1101,0.00019999999999988915,0.5
KHT-XE5S,2025-10-08 05:10:00,9.3792,10.85,KHT-XE5S_2025_0526_1101,0.00010000000000012221,0.5
KHT-XE5S,2025-10-08 05:20:00,9.379,10.85,KHT-XE5S_2025_0526_1101,0.0,0.5
KHT-XE5S,2025-10-08 05:30:00,9.3786,10.848,KHT-XE5S_2025_0526_1101,0.00019999999999988915,0.5
KHT-XE5S,2025-10-08 05:40:00,9.3786,10.852,KHT-XE5S_2025_0526_1101,0.00039999999999995595,0.5
KHT-XE5S,2025-10-08 05:50:00,9.3789,10.853,KHT-XE5S_2025_0526_1101,9.999999999994457e-05,0.5
KHT-XE5S,2025-10-08 06:00:00,9.3788,10.851,KHT-XE5S_2025_0526_1101,0.00019999999999988915,0.5
KHT-XE5S,2025-10-08 06:10:00,9.3788,10.851,KHT-XE5S_2025_0526_1101,0.0,0.5
KHT-XE5S,2025-10-08 06:20:00,9.3792,10.851,KHT-XE5S_2025_0526_1101,0.0,0.5
KHT-XE5S,2025-10-08 06:30:00,9.3795,10.849,KHT-XE5S_2025_0526_1101,0.0002000000000000668,0.5
KHT-XE5S,2025-10-08 06:40:00,9.3794,10.849,KHT-XE5S_2025_0526_1101,0.0,0.5
KHT-XE5S,2025-10-08 06:50:00,9.3794,10.849,KHT-XE5S_2025_0526_1101,0.0,0.5
KHT-XE5S,2025-10-08 07:00:00,9.3796,10.85,KHT-XE5S_2025_0526_1101,9.999999999994457e-05,0.5
KHT-XE5S,2025-10-08 07:10:00,9.3796,10.849,KHT-XE5S_2025_0526_1101,9.999999999994457e-05,0.5
KHT-XE5S,2025-10-08 07:20:00,9.3801,10.847,KHT-XE5S_2025_0526_1101,0.0002000000000000668,0.5
KHT-XE5S,2025-10-08 07:30:00,9.3809,10.849,KHT-XE5S_2025_0526_1101,0.0002000000000000668,0.5
KHT-XE5S,2025-10-08 07:40:00,9.3807,10.847,KHT-XE5S_2025_0526_1101,0.0002000000000000668,0.5
KHT-XE5S,2025-10-08 07:50:00,9.3807,10.847,KHT-XE5S_2025_0526_1101,0.0,0.5
KHT-XE5S,2025-10-08 08:00:00,9.3801,10.849,KHT-XE5S_2025_0526_1101,0.0002000000000000668,0.5
KHT-XE5S,2025-10-08 08:10:00,9.3802,10.847,KHT-XE5S_2025_0526_1101,0.0002000000000000668,0.5
KHT-XE5S,2025-10-08 08:20:00,9.3804,10.848,KHT-XE5S_2025_0526_1101,0.00010000000000012221,0.5
KHT-XE5S,2025-10-08 08:30:00,9.3807,10.848,KHT-XE5S_2025_0526_1101,0.0,0.5
KHT-XE5S,2025-10-08 08:40:00,9.3804,10.848,KHT-XE5S_2025_0526_1101,0.0,0.5
KHT-XE5S,2025-10-08 08:50:00,9.3801,10.847,KHT-XE5S_2025_0526_1101,0.00010000000000012221,0.5
KHT-XE5S,2025-10-08 09:00:00,9.3794,10.846,KHT-XE5S_2025_0526_1101,9.999999999994457e-05,0.5
KHT-XE5S,2025-10-08 09:10:00,9.379,10.847,KHT-XE5S_2025_0526_1101,9.999999999994457e-05,0.5
KHT-XE5S,2025-10-08 09:20:00,9.3787,10.846,KHT-XE5S_2025_0526_1101,9.999999999994457e-05,0.5
KHT-XE5S,2025-10-08 09:30:00,9.3778,10.845,KHT-XE5S_2025_0526_1101,9.999999999994457e-05,0.5
KHT-XE5S,2025-10-08 09:40:00,9.3779,10.846,KHT-XE5S_2025_0526_1101,9.999999999994457e-05,0.5
KHT-XE5S,2025-10-08 09:50:00,9.3774,10.847,KHT-XE5S_2025_0526_1101,9.999999999994457e-05,0.5
KHT-XE5S,2025-10-08 10:00:00,9.3763,10.844,KHT-XE5S_2025_0526_1101,0.00030000000000001136,0.5
KHT-XE5S,2025-10-08 10:10:00,9.3754,10.846,KHT-XE5S_2025_0526_1101,0.0002000000000000668,0.5
KHT-XE5S,2025-10-08 10:20:00,9.3746,10.845,KHT-XE5S_2025_0526_1101,9.999999999994457e-05,0.5
KHT-XE5S,2025-10-08 10:30:00,9.3737,10.844,KHT-XE5S_2025_0526_1101,0.00010000000000012221,0.5
KHT-XE5S,2025-10-08 10:40:00,9.3718,10.845,KHT-XE5S_2025_0526_1101,0.00010000000000012221,0.5
KHT-XE5S,2025-10-08 10:50:00,9.3715,10.846,KHT-XE5S_2025_0526_1101,9.999999999994457e-05,0.5
KHT-XE5S,2025-10-08 11:00:00,9.37,10.845,KHT-XE5S_2025_0526_1101,9.999999999994457e-05,0.5
KHT-XE5S,2025-10-08 11:10:00,9.3685,10.842,KHT-XE5S_2025_0526_1101,0.00030000000000001136,0.5
KHT-XE5S,2025-10-08 11:20:00,9.3673,10.844,KHT-XE5S_2025_0526_1101,0.00019999999999988915,0.5
KHT-XE5S,2025-10-08 11:30:00,9.3658,10.845,KHT-XE5S_2025_0526_1101,0.00010000000000012221,0.5
KHT-XE5S,2025-10-08 11:40:00,9.3641,10.844,KHT-XE5S_2025_0526_1101,0.00010000000000012221,0.5
KHT-XE5S,2025-10-08 11:50:00,9.363,10.842,KHT-XE5S_2025_0526_1101,0.00019999999999988915,0.5
KHT-XE5S,2025-10-08 12:00:00,9.3616,10.843,KHT-XE5S_2025_0526_1101,9.999999999994457e-05,0.5
KHT-XE5S,2025-10-08 12:10:00,9.362,10.842,KHT-XE5S_2025_0526_1101,9.999999999994457e-05,0.5
KHT-XE5S,2025-10-08 12:20:00,9.3607,10.843,KHT-XE5S_2025_0526_1101,9.999999999994457e-05,0.5
KHT-XE5S,2025-10-08 12:30:00,9.3611,10.842,KHT-XE5S_2025_0526_1101,9.999999999994457e-05,0.5
KHT-XE5S,2025-10-08 12:40:00,9.3588,10.844,KHT-XE5S_2025_0526_1101,0.00019999999999988915,0.5
KHT-XE5S,2025-10-08 12:50:00,9.3559,10.842,KHT-XE5S_2025_0526_1101,0.00019999999999988915,0.5
KHT-XE5S,2025-10-08 13:00:00,9.3562,10.844,KHT-XE5S_2025_0526_1101,0.00019999999999988915,0.5
KHT-XE5S,2025-10-08 13:10:00,9.3537,10.843,KHT-XE5S_2025_0526_1101,9.999999999994457e-05,0.5
KHT-XE5S,2025-10-08 13:20:00,9.3528,10.844,KHT-XE5S_2025_0526_1101,9.999999999994457e-05,0.5
KHT-XE5S,2025-10-08 13:30:00,9.3507,10.842,KHT-XE5S_2025_0526_1101,0.00019999999999988915,0.5
KHT-XE5S,2025-10-08 13:40:00,9.3506,10.84,KHT-XE5S_2025_0526_1101,0.0002000000000000668,0.5
KHT-XE5S,2025-10-08 13:50:00,9.3493,10.842,KHT-XE5S_2025_0526_1101,0.0002000000000000668,0.5
KHT-XE5S,2025-10-08 14:00:00,9.3491,10.84,KHT-XE5S_2025_0526_1101,0.0002000000000000668,0.5
KHT-XE5S,2025-10-08 14:10:00,9.3471,10.842,KHT-XE5S_2025_0526_1101,0.0002000000000000668,0.5
KHT-XE5S,2025-10-08 14:20:00,9.3466,10.84,KHT-XE5S_2025_0526_1101,0.0002000000000000668,0.5
KHT-XE5S,2025-10-08 14:30:00,9.3445,10.839,KHT-XE5S_2025_0526_1101,9.999999999994457e-05,0.5
KHT-XE5S,2025-10-08 14:40:00,9.3442,10.842,KHT-XE5S_2025_0526_1101,0.00030000000000001136,0.5
KHT-XE5S,2025-10-08 14:50:00,9.3437,10.841,KHT-XE5S_2025_0526_1101,0.00010000000000012221,0.5
KHT-XE5S,2025-10-08 15:00:00,9.3417,10.84,KHT-XE5S_2025_0526_1101,9.999999999994457e-05,0.5
KHT-XE5S,2025-10-08 15:10:00,9.3412,10.839,KHT-XE5S_2025_0526_1101,9.999999999994457e-05,0.5
KHT-XE5S,2025-10-08 15:20:00,9.3408,10.84,KHT-XE5S_2025_0526_1101,9.999999999994457e-05,0.5
KHT-XE5S,2025-10-08 15:30:00,9.3399,10.841,KHT-XE5S_2025_0526_1101,9.999999999994457e-05,0.5
KHT-XE5S,2025-10-08 15:40:00,9.3398,10.837,KHT-XE5S_2025_0526_1101,0.00039999999999995595,0.5
KHT-XE5S,2025-10-08 15:50:00,9.3391,10.839,KHT-XE5S_2025_0526_1101,0.0002000000000000668,0.5
KHT-XE5S,2025-10-08 16:00:00,9.3396,10.84,KHT-XE5S_2025_0526_1101,9.999999999994457e-05,0.5
KHT-XE5S,2025-10-08 16:10:00,9.338,10.836,KHT-XE5S_2025_0526_1101,0.00039999999999995595,0.5
KHT-XE5S,2025-10-08 16:20:00,9.3373,10.839,KHT-XE5S_2025_0526_1101,0.00030000000000001136,0.5
KHT-XE5S,2025-10-08 16:30:00,9.3377,10.839,KHT-XE5S_2025_0526_1101,0.0,0.5
KHT-XE5S,2025-10-08 16:40:00,9.3378,10.837,KHT-XE5S_2025_0526_1101,0.0002000000000000668,0.5
KHT-XE5S,2025-10-08 16:50:00,9.3369,10.838,KHT-XE5S_2025_0526_1101,9.999999999994457e-05,0.5
KHT-XE5S,2025-10-08 17:00:00,9.3373,10.836,KHT-XE5S_2025_0526_1101,0.00019999999999988915,0.5
KHT-XE5S,2025-10-08 17:10:00,9.3375,10.838,KHT-XE5S_2025_0526_1101,0.00019999999999988915,0.5
KHT-XE5S,2025-10-08 17:20:00,9.3371,10.837,KHT-XE5S_2025_0526_1101,9.999999999994457e-05,0.5
KHT-XE5S,2025-10-08 17:30:00,9.337,10.836,KHT-XE5S_2025_0526_1101,9.999999999994457e-05,0.5
KHT-XE5S,2025-10-08 17:40:00,9.3366,10.835,KHT-XE5S_2025_0526_1101,9.999999999994457e-05,0.5
KHT-XE5S,2025-10-08 17:50:00,9.3372,10.837,KHT-XE5S_2025_0526_1101,0.00019999999999988915,0.5
KHT-XE5S,2025-10-08 18:00:00,9.3368,10.835,KHT-XE5S_2025_0526_1101,0.00019999999999988915,0.5
KHT-XE5S,2025-10-08 18:10:00,9.3383,10.838,KHT-XE5S_2025_0526_1101,0.0002999999999998337,0.5
KHT-XE5S,2025-10-08 18:20:00,9.3381,10.834,KHT-XE5S_2025_0526_1101,0.00039999999999995595,0.5
KHT-XE5S,2025-10-08 18:30:00,9.3388,10.837,KHT-XE5S_2025_0526_1101,0.00030000000000001136,0.5
KHT-XE5S,2025-10-08 18:40:00,9.3384,10.836,KHT-XE5S_2025_0526_1101,9.999999999994457e-05,0.5
KHT-XE5S,2025-10-08 18:50:00,9.34,10.836,KHT-XE5S_2025_0526_1101,0.0,0.5
KHT-XE5S,2025-10-08 19:00:00,9.3412,10.835,KHT-XE5S_2025_0526_1101,9.999999999994457e-05,0.5
KHT-XE5S,2025-10-08 19:10:00,9.3427,10.835,KHT-XE5S_2025_0526_1101,0.0,0.5
KHT-XE5S,2025-10-08 19:20:00,9.3426,10.835,KHT-XE5S_2025_0526_1101,0.0,0.5
KHT-XE5S,2025-10-08 19:30:00,9.3422,10.835,KHT-XE5S_2025_0526_1101,0.0,0.5
KHT-XE5S,2025-10-08 19:40:00,9.3428,10.834,KHT-XE5S_2025_0526_1101,0.00010000000000012221,0.5
KHT-XE5S,2025-10-08 19:50:00,9.3448,10.834,KHT-XE5S_2025_0526_1101,0.0,0.5
KHT-XE5S,2025-10-08 20:00:00,9.3455,10.833,KHT-XE5S_2025_0526_1101,9.999999999994457e-05,0.5
KHT-XE5S,2025-10-08 20:10:00,9.3464,10.835,KHT-XE5S_2025_0526_1101,0.0002000000000000668,0.5
KHT-XE5S,2025-10-08 20:20:00,9.3457,10.834,KHT-XE5S_2025_0526_1101,0.00010000000000012221,0.5
KHT-XE5S,2025-10-08 20:30:00,9.3463,10.833,KHT-XE5S_2025_0526_1101,9.999999999994457e-05,0.5
KHT-XE5S,2025-10-08 20:40:00,9.3466,10.833,KHT-XE5S_2025_0526_1101,0.0,0.5
KHT-XE5S,2025-10-08 20:50:00,9.3463,10.832,KHT-XE5S_2025_0526_1101,9.999999999994457e-05,0.5
KHT-XE5S,2025-10-08 21:00:00,9.3467,10.833,KHT-XE5S_2025_0526_1101,9.999999999994457e-05,0.5
KHT-XE5S,2025-10-08 21:10:00,9.3458,10.832,KHT-XE5S_2025_0526_1101,9.999999999994457e-05,0.5
KHT-XE5S,2025-10-08 21:20:00,9.3463,10.832,KHT-XE5S_2025_0526_1101,0.0,0.5
KHT-XE5S,2025-10-08 21:30:00,9.3467,10.832,KHT-XE5S_2025_0526_1101,0.0,0.5
KHT-XE5S,2025-10-08 21:40:00,9.347,10.832,KHT-XE5S_2025_0526_1101,0.0,0.5
KHT-XE5S,2025-10-08 21:50:00,9.3474,10.832,KHT-XE5S_2025_0526_1101,0.0,0.5
KHT-XE5S,2025-10-08 22:00:00,9.3484,10.833,KHT-XE5S_2025_0526_1101,9.999999999994457e-05,0.5
KHT-XE5S,2025-10-08 22:10:00,9.3489,10.83,KHT-XE5S_2025_0526_1101,0.00030000000000001136,0.5
KHT-XE5S,2025-10-08 22:20:00,9.3495,10.831,KHT-XE5S_2025_0526_1101,9.999999999994457e-05,0.5
KHT-XE5S,2025-10-08 22:30:00,9.3498,10.831,KHT-XE5S_2025_0526_1101,0.0,0.5
KHT-XE5S,2025-10-08 22:40:00,9.35,10.831,KHT-XE5S_2025_0526_1101,0.0,0.5
KHT-XE5S,2025-10-08 22:50:00,9.3511,10.829,KHT-XE5S_2025_0526_1101,0.00019999999999988915,0.5
KHT-XE5S,2025-10-08 23:00:00,9.3508,10.83,KHT-XE5S_2025_0526_1101,9.999999999994457e-05,0.5
KHT-XE5S,2025-10-08 23:10:00,9.3507,10.832,KHT-XE5S_2025_0526_1101,0.0002000000000000668,0.5
KHT-XE5S,2025-10-08 23:20:00,9.3506,10.832,KHT-XE5S_2025_0526_1101,0.0,0.5
KHT-XE5S,2025-10-08 23:30:00,9.3509,10.827,KHT-XE5S_2025_0526_1101,0.0005000000000000782,0.5
KHT-XE5S,2025-10-08 23:40:00,9.3507,10.831,KHT-XE5S_2025_0526_1101,0.00039999999999995595,0.5
KHT-XE5S,2025-10-08 23:50:00,9.3511,10.83,KHT-XE5S_2025_0526_1101,9.999999999994457e-05,0.5
KHT-XE5S,2025-10-09 00:00:00,9.3511,10.828,KHT-XE5S_2025_0526_1101,0.0002000000000000668,0.5
KHT-XE5S,2025-10-09 00:10:00,9.3519,10.829,KHT-XE5S_2025_0526_1101,0.00010000000000012221,0.5
KHT-XE5S,2025-10-09 00:20:00,9.351,10.828,KHT-XE5S_2025_0526_1101,0.00010000000000012221,0.5
KHT-XE5S,2025-10-09 00:30:00,9.3513,10.828,KHT-XE5S_2025_0526_1101,0.0,0.5
KHT-XE5S,2025-10-09 00:40:00,9.3513,10.828,KHT-XE5S_2025_0526_1101,0.0,0.5
KHT-XE5S,2025-10-09 00:50:00,9.3509,10.827,KHT-XE5S_2025_0526_1101,9.999999999994457e-05,0.5
KHT-XE5S,2025-10-09 01:00:00,9.3514,10.826,KHT-XE5S_2025_0526_1101,9.999999999994457e-05,0.5
KHT-XE5S,2025-10-09 01:10:00,9.3515,10.824,KHT-XE5S_2025_0526_1101,0.0002000000000000668,0.5
KHT-XE5S,2025-10-09 01:20:00,9.3516,10.827,KHT-XE5S_2025_0526_1101,0.00030000000000001136,0.5
KHT-XE5S,2025-10-09 01:30:00,9.3519,10.826,KHT-XE5S_2025_0526_1101,9.999999999994457e-05,0.5
KHT-XE5S,2025-10-09 01:40:00,9.3517,10.827,KHT-XE5S_2025_0526_1101,9.999999999994457e-05,0.5
KHT-XE5S,2025-10-09 01:50:00,9.3526,10.829,KHT-XE5S_2025_0526_1101,0.0002000000000000668,0.5
KHT-XE5S,2025-10-09 02:00:00,9.3528,10.826,KHT-XE5S_2025_0526_1101,0.00030000000000001136,0.5
KHT-XE5S,2025-10-09 02:10:00,9.3527,10.826,KHT-XE5S_2025_0526_1101,0.0,0.5
KHT-XE5S,2025-10-09 02:20:00,9.3526,10.826,KHT-XE5S_2025_0526_1101,0.0,0.5
KHT-XE5S,2025-10-09 02:30:00,9.3528,10.826,KHT-XE5S_2025_0526_1101,0.0,0.5
KHT-XE5S,2025-10-09 02:40:00,9.3532,10.824,KHT-XE5S_2025_0526_1101,0.0002000000000000668,0.5
KHT-XE5S,2025-10-09 02:50:00,9.3526,10.824,KHT-XE5S_2025_0526_1101,0.0,0.5
KHT-XE5S,2025-10-09 03:00:00,9.3525,10.827,KHT-XE5S_2025_0526_1101,0.00030000000000001136,0.5
KHT-XE5S,2025-10-09 03:10:00,9.353,10.822,KHT-XE5S_2025_0526_1101,0.0005000000000000782,0.5
KHT-XE5S,2025-10-09 03:20:00,9.3528,10.826,KHT-XE5S_2025_0526_1101,0.0004000000000001336,0.5
KHT-XE5S,2025-10-09 03:30:00,9.3526,10.826,KHT-XE5S_2025_0526_1101,0.0,0.5
KHT-XE5S,2025-10-09 03:40:00,9.3532,10.824,KHT-XE5S_2025_0526_1101,0.0002000000000000668,0.5
KHT-XE5S,2025-10-09 03:50:00,9.3529,10.825,KHT-XE5S_2025_0526_1101,9.999999999994457e-05,0.5
KHT-XE5S,2025-10-09 04:00:00,9.3532,10.825,KHT-XE5S_2025_0526_1101,0.0,0.5
KHT-XE5S,2025-10-09 04:10:00,9.3537,10.824,KHT-XE5S_2025_0526_1101,9.999999999994457e-05,0.5
KHT-XE5S,2025-10-09 04:20:00,9.3541,10.826,KHT-XE5S_2025_0526_1101,0.0002000000000000668,0.5
KHT-XE5S,2025-10-09 04:30:00,9.3543,10.824,KHT-XE5S_2025_0526_1101,0.0002000000000000668,0.5
KHT-XE5S,2025-10-09 04:40:00,9.3547,10.823,KHT-XE5S_2025_0526_1101,9.999999999994457e-05,0.5
KHT-XE5S,2025-10-09 04:50:00,9.355,10.823,KHT-XE5S_2025_0526_1101,0.0,0.5
KHT-XE5S,2025-10-09 05:00:00,9.3559,10.821,KHT-XE5S_2025_0526_1101,0.0002000000000000668,0.5
KHT-XE5S,2025-10-09 05:10:00,9.3566,10.821,KHT-XE5S_2025_0526_1101,0.0,0.5
KHT-XE5S,2025-10-09 05:20:00,9.3576,10.823,KHT-XE5S_2025_0526_1101,0.0002000000000000668,0.5
KHT-XE5S,2025-10-09 05:30:00,9.3574,10.822,KHT-XE5S_2025_0526_1101,0.00010000000000012221,0.5
KHT-XE5S,2025-10-09 05:40:00,9.3564,10.823,KHT-XE5S_2025_0526_1101,0.00010000000000012221,0.5
KHT-XE5S,2025-10-09 05:50:00,9.3579,10.823,KHT-XE5S_2025_0526_1101,0.0,0.5
KHT-XE5S,2025-10-09 06:00:00,9.3585,10.821,KHT-XE5S_2025_0526_1101,0.0002000000000000668,0.5
KHT-XE5S,2025-10-09 06:10:00,9.3584,10.822,KHT-XE5S_2025_0526_1101,9.999999999994457e-05,0.5
KHT-XE5S,2025-10-09 06:20:00,9.3592,10.82,KHT-XE5S_2025_0526_1101,0.00019999999999988915,0.5
KHT-XE5S,2025-10-09 06:30:00,9.3589,10.821,KHT-XE5S_2025_0526_1101,9.999999999994457e-05,0.5
KHT-XE5S,2025-10-09 06:40:00,9.3594,10.822,KHT-XE5S_2025_0526_1101,9.999999999994457e-05,0.5
KHT-XE5S,2025-10-09 06:50:00,9.3589,10.822,KHT-XE5S_2025_0526_1101,0.0,0.5
KHT-XE5S,2025-10-09 07:00:00,9.3594,10.82,KHT-XE5S_2025_0526_1101,0.00019999999999988915,0.5
KHT-XE5S,2025-10-09 07:10:00,9.3609,10.82,KHT-XE5S_2025_0526_1101,0.0,0.5
KHT-XE5S,2025-10-09 07:20:00,9.3615,10.819,KHT-XE5S_2025_0526_1101,9.999999999994457e-05,0.5
KHT-XE5S,2025-10-09 07:30:00,9.3618,10.82,KHT-XE5S_2025_0526_1101,9.999999999994457e-05,0.5
KHT-XE5S,2025-10-09 07:40:00,9.3611,10.82,KHT-XE5S_2025_0526_1101,0.0,0.5
KHT-XE5S,2025-10-09 07:50:00,9.3622,10.819,KHT-XE5S_2025_0526_1101,9.999999999994457e-05,0.5
KHT-XE5S,2025-10-09 08:00:00,9.3617,10.818,KHT-XE5S_2025_0526_1101,0.00010000000000012221,0.5
KHT-XE5S,2025-10-09 08:10:00,9.3638,10.82,KHT-XE5S_2025_0526_1101,0.0002000000000000668,0.5
KHT-XE5S,2025-10-09 08:20:00,9.3636,10.821,KHT-XE5S_2025_0526_1101,9.999999999994457e-05,0.5
KHT-XE5S,2025-10-09 08:30:00,9.3622,10.819,KHT-XE5S_2025_0526_1101,0.00019999999999988915,0.5
KHT-XE5S,2025-10-09 08:40:00,9.3635,10.817,KHT-XE5S_2025_0526_1101,0.0002000000000000668,0.5
KHT-XE5S,2025-10-09 08:50:00,9.3646,10.817,KHT-XE5S_2025_0526_1101,0.0,0.5
KHT-XE5S,2025-10-09 09:00:00,9.3644,10.819,KHT-XE5S_2025_0526_1101,0.0002000000000000668,0.5
KHT-XE5S,2025-10-09 09:10:00,9.3631,10.817,KHT-XE5S_2025_0526_1101,0.0002000000000000668,0.5
KHT-XE5S,2025-10-09 09:20:00,9.3636,10.816,KHT-XE5S_2025_0526_1101,9.999999999994457e-05,0.5
KHT-XE5S,2025-10-09 09:30:00,9.364,10.817,KHT-XE5S_2025_0526_1101,9.999999999994457e-05,0.5
KHT-XE5S,2025-10-09 09:40:00,9.3642,10.817,KHT-XE5S_2025_0526_1101,0.0,0.5
KHT-XE5S,2025-10-09 09:50:00,9.3632,10.817,KHT-XE5S_2025_0526_1101,0.0,0.5
KHT-XE5S,2025-10-09 10:00:00,9.3632,10.814,KHT-XE5S_2025_0526_1101,0.00030000000000001136,0.5
KHT-XE5S,2025-10-09 10:10:00,9.3626,10.817,KHT-XE5S_2025_0526_1101,0.00030000000000001136,0.5
KHT-XE5S,2025-10-09 10:20:00,9.363,10.816,KHT-XE5S_2025_0526_1101,9.999999999994457e-05,0.5
KHT-XE5S,2025-10-09 10:30:00,9.3607,10.816,KHT-XE5S_2025_0526_1101,0.0,0.5
KHT-XE5S,2025-10-09 10:40:00,9.3618,10.816,KHT-XE5S_2025_0526_1101,0.0,0.5
KHT-XE5S,2025-10-09 10:50:00,9.3605,10.815,KHT-XE5S_2025_0526_1101,0.00010000000000012221,0.5
KHT-XE5S,2025-10-09 11:00:00,9.3606,10.816,KHT-XE5S_2025_0526_1101,0.00010000000000012221,0.5
KHT-XE5S,2025-10-09 11:10:00,9.3596,10.814,KHT-XE5S_2025_0526_1101,0.0002000000000000668,0.5
KHT-XE5S,2025-10-09 11:20:00,9.3592,10.814,KHT-XE5S_2025_0526_1101,0.0,0.5
KHT-XE5S,2025-10-09 11:30:00,9.3584,10.813,KHT-XE5S_2025_0526_1101,9.999999999994457e-05,0.5
KHT-XE5S,2025-10-09 11:40:00,9.3571,10.815,KHT-XE5S_2025_0526_1101,0.00019999999999988915,0.5
KHT-XE5S,2025-10-09 11:50:00,9.3589,10.814,KHT-XE5S_2025_0526_1101,9.999999999994457e-05,0.5
KHT-XE5S,2025-10-09 12:00:00,9.3565,10.813,KHT-XE5S_2025_0526_1101,9.999999999994457e-05,0.5
KHT-XE5S,2025-10-09 12:10:00,9.3559,10.813,KHT-XE5S_2025_0526_1101,0.0,0.5
KHT-XE5S,2025-10-09 12:20:00,9.3568,10.813,KHT-XE5S_2025_0526_1101,0.0,0.5
KHT-XE5S,2025-10-09 12:30:00,9.3562,10.815,KHT-XE5S_2025_0526_1101,0.00019999999999988915,0.5
KHT-XE5S,2025-10-09 12:40:00,9.3556,10.813,KHT-XE5S_2025_0526_1101,0.00019999999999988915,0.5
KHT-XE5S,2025-10-09 12:50:00,9.3542,10.813,KHT-XE5S_2025_0526_1101,0.0,0.5
KHT-XE5S,2025-10-09 13:00:00,9.353,10.813,KHT-XE5S_2025_0526_1101,0.0,0.5
KHT-XE5S,2025-10-09 13:10:00,9.3516,10.813,KHT-XE5S_2025_0526_1101,0.0,0.5
KHT-XE5S,2025-10-09 13:20:00,9.3504,10.811,KHT-XE5S_2025_0526_1101,0.0002000000000000668,0.5
KHT-XE5S,2025-10-09 13:30:00,9.3488,10.811,KHT-XE5S_2025_0526_1101,0.0,0.5
KHT-XE5S,2025-10-09 13:40:00,9.3471,10.811,KHT-XE5S_2025_0526_1101,0.0,0.5
KHT-XE5S,2025-10-09 13:50:00,9.3463,10.812,KHT-XE5S_2025_0526_1101,9.999999999994457e-05,0.5
KHT-XE5S,2025-10-09 14:00:00,9.3457,10.811,KHT-XE5S_2025_0526_1101,9.999999999994457e-05,0.5
KHT-XE5S,2025-10-09 14:10:00,9.3461,10.812,KHT-XE5S_2025_0526_1101,9.999999999994457e-05,0.5
KHT-XE5S,2025-10-09 14:20:00,9.3451,10.809,KHT-XE5S_2025_0526_1101,0.00030000000000001136,0.5
KHT-XE5S,2025-10-09 14:30:00,9.3438,10.812,KHT-XE5S_2025_0526_1101,0.00030000000000001136,0.5
KHT-XE5S,2025-10-09 14:40:00,9.3441,10.811,KHT-XE5S_2025_0526_1101,9.999999999994457e-05,0.5
KHT-XE5S,2025-10-09 14:50:00,9.3434,10.809,KHT-XE5S_2025_0526_1101,0.0002000000000000668,0.5
KHT-XE5S,2025-10-09 15:00:00,9.3426,10.809,KHT-XE5S_2025_0526_1101,0.0,0.5
KHT-XE5S,2025-10-09 15:10:00,9.3437,10.808,KHT-XE5S_2025_0526_1101,9.999999999994457e-05,0.5
KHT-XE5S,2025-10-09 15:20:00,9.3433,10.809,KHT-XE5S_2025_0526_1101,9.999999999994457e-05,0.5
KHT-XE5S,2025-10-09 15:30:00,9.3425,10.81,KHT-XE5S_2025_0526_1101,0.00010000000000012221,0.5
KHT-XE5S,2025-10-09 15:40:00,9.3427,10.809,KHT-XE5S_2025_0526_1101,0.00010000000000012221,0.5
KHT-XE5S,2025-10-09 15:50:00,9.343,10.808,KHT-XE5S_2025_0526_1101,9.999999999994457e-05,0.5
KHT-XE5S,2025-10-09 16:00:00,9.3429,10.809,KHT-XE5S_2025_0526_1101,9.999999999994457e-05,0.5
KHT-XE5S,2025-10-09 16:10:00,9.3407,10.808,KHT-XE5S_2025_0526_1101,9.999999999994457e-05,0.5
KHT-XE5S,2025-10-09 16:20:00,9.3412,10.808,KHT-XE5S_2025_0526_1101,0.0,0.5
KHT-XE5S,2025-10-09 16:30:00,9.3398,10.807,KHT-XE5S_2025_0526_1101,9.999999999994457e-05,0.5
KHT-XE5S,2025-10-09 16:40:00,9.3405,10.807,KHT-XE5S_2025_0526_1101,0.0,0.5
KHT-XE5S,2025-10-09 16:50:00,9.3405,10.808,KHT-XE5S_2025_0526_1101,9.999999999994457e-05,0.5
KHT-XE5S,2025-10-09 17:00:00,9.3402,10.808,KHT-XE5S_2025_0526_1101,0.0,0.5
KHT-XE5S,2025-10-09 17:10:00,9.3411,10.805,KHT-XE5S_2025_0526_1101,0.00030000000000001136,0.5
KHT-XE5S,2025-10-09 17:20:00,9.3406,10.808,KHT-XE5S_2025_0526_1101,0.00030000000000001136,0.5
KHT-XE5S,2025-10-09 17:30:00,9.3411,10.805,KHT-XE5S_2025_0526_1101,0.00030000000000001136,0.5
KHT-XE5S,2025-10-09 17:40:00,9.3429,10.807,KHT-XE5S_2025_0526_1101,0.0002000000000000668,0.5
KHT-XE5S,2025-10-09 17:50:00,9.3428,10.805,KHT-XE5S_2025_0526_1101,0.0002000000000000668,0.5
KHT-XE5S,2025-10-09 18:00:00,9.3438,10.805,KHT-XE5S_2025_0526_1101,0.0,0.5
KHT-XE5S,2025-10-09 18:10:00,9.3448,10.804,KHT-XE5S_2025_0526_1101,9.999999999994457e-05,0.5
KHT-XE5S,2025-10-09 18:20:00,9.3442,10.805,KHT-XE5S_2025_0526_1101,9.999999999994457e-05,0.5
KHT-XE5S,2025-10-09 18:30:00,9.3458,10.806,KHT-XE5S_2025_0526_1101,9.999999999994457e-05,0.5
KHT-XE5S,2025-10-09 18:40:00,9.3454,10.804,KHT-XE5S_2025_0526_1101,0.00019999999999988915,0.5
KHT-XE5S,2025-10-09 18:50:00,9.3462,10.803,KHT-XE5S_2025_0526_1101,9.999999999994457e-05,0.5
KHT-XE5S,2025-10-09 19:00:00,9.3452,10.804,KHT-XE5S_2025_0526_1101,9.999999999994457e-05,0.5
KHT-XE5S,2025-10-09 19:10:00,9.3453,10.804,KHT-XE5S_2025_0526_1101,0.0,0.5
KHT-XE5S,2025-10-09 19:20:00,9.346,10.804,KHT-XE5S_2025_0526_1101,0.0,0.5
KHT-XE5S,2025-10-09 19:30:00,9.3456,10.803,KHT-XE5S_2025_0526_1101,9.999999999994457e-05,0.5
KHT-XE5S,2025-10-09 19:40:00,9.3478,10.802,KHT-XE5S_2025_0526_1101,0.00010000000000012221,0.5
KHT-XE5S,2025-10-09 19:50:00,9.3477,10.803,KHT-XE5S_2025_0526_1101,0.00010000000000012221,0.5
KHT-XE5S,2025-10-09 20:00:00,9.3488,10.802,KHT-XE5S_2025_0526_1101,0.00010000000000012221,0.5
KHT-XE5S,2025-10-09 20:10:00,9.3502,10.805,KHT-XE5S_2025_0526_1101,0.00030000000000001136,0.5
KHT-XE5S,2025-10-09 20:20:00,9.349,10.801,KHT-XE5S_2025_0526_1101,0.00039999999999995595,0.5
KHT-XE5S,2025-10-09 20:30:00,9.3497,10.802,KHT-XE5S_2025_0526_1101,9.999999999994457e-05,0.5
KHT-XE5S,2025-10-09 20:40:00,9.3505,10.802,KHT-XE5S_2025_0526_1101,0.0,0.5
KHT-XE5S,2025-10-09 20:50:00,9.3522,10.799,KHT-XE5S_2025_0526_1101,0.00030000000000001136,0.5
KHT-XE5S,2025-10-09 21:00:00,9.3523,10.801,KHT-XE5S_2025_0526_1101,0.0002000000000000668,0.5
KHT-XE5S,2025-10-09 21:10:00,9.353,10.802,KHT-XE5S_2025_0526_1101,9.999999999994457e-05,0.5
KHT-XE5S,2025-10-09 21:20:00,9.3533,10.801,KHT-XE5S_2025_0526_1101,9.999999999994457e-05,0.5
KHT-XE5S,2025-10-09 21:30:00,9.3537,10.8,KHT-XE5S_2025_0526_1101,9.999999999994457e-05,0.5
KHT-XE5S,2025-10-09 21:40:00,9.3533,10.8,KHT-XE5S_2025_0526_1101,0.0,0.5
KHT-XE5S,2025-10-09 21:50:00,9.353,10.8,KHT-XE5S_2025_0526_1101,0.0,0.5
KHT-XE5S,2025-10-09 22:00:00,9.3543,10.801,KHT-XE5S_2025_0526_1101,9.999999999994457e-05,0.5
KHT-XE5S,2025-10-09 22:10:00,9.355,10.8,KHT-XE5S_2025_0526_1101,9.999999999994457e-05,0.5
KHT-XE5S,2025-10-09 22:20:00,9.3554,10.797,KHT-XE5S_2025_0526_1101,0.00030000000000001136,0.5
KHT-XE5S,2025-10-09 22:30:00,9.3567,10.799,KHT-XE5S_2025_0526_1101,0.00019999999999988915,0.5
KHT-XE5S,2025-10-09 22:40:00,9.357,10.798,KHT-XE5S_2025_0526_1101,9.999999999994457e-05,0.5
KHT-XE5S,2025-10-09 22:50:00,9.3574,10.799,KHT-XE5S_2025_0526_1101,9.999999999994457e-05,0.5
KHT-XE5S,2025-10-09 23:00:00,9.358,10.797,KHT-XE5S_2025_0526_1101,0.00019999999999988915,0.5
KHT-XE5S,2025-10-09 23:10:00,9.3572,10.799,KHT-XE5S_2025_0526_1101,0.00019999999999988915,0.5
KHT-XE5S,2025-10-09 23:20:00,9.357,10.798,KHT-XE5S_2025_0526_1101,9.999999999994457e-05,0.5
KHT-XE5S,2025-10-09 23:30:00,9.3574,10.797,KHT-XE5S_2025_0526_1101,9.999999999994457e-05,0.5
KHT-XE5S,2025-10-09 23:40:00,9.3593,10.798,KHT-XE5S_2025_0526_1101,9.999999999994457e-05,0.5
KHT-XE5S,2025-10-09 23:50:00,9.3612,10.797,KHT-XE5S_2025_0526_1101,9.999999999994457e-05,0.5
KHT-XE5S,2025-10-10 00:00:00,9.3624,10.797,KHT-XE5S_2025_0526_1101,0.0,0.5
KHT-XE5S,2025-10-10 00:10:00,9.3633,10.797,KHT-XE5S_2025_0526_1101,0.0,0.5
KHT-XE5S,2025-10-10 00:20:00,9.3633,10.797,KHT-XE5S_2025_0526_1101,0.0,0.5
KHT-XE5S,2025-10-10 00:30:00,9.3634,10.797,KHT-XE5S_2025_0526_1101,0.0,0.5
KHT-XE5S,2025-10-10 00:40:00,9.3629,10.796,KHT-XE5S_2025_0526_1101,0.00010000000000012221,0.5
KHT-XE5S,2025-10-10 00:50:00,9.3631,10.797,KHT-XE5S_2025_0526_1101,0.00010000000000012221,0.5
KHT-XE5S,2025-10-10 01:00:00,9.3623,10.796,KHT-XE5S_2025_0526_1101,0.00010000000000012221,0.5
KHT-XE5S,2025-10-10 01:10:00,9.3628,10.796,KHT-XE5S_2025_0526_1101,0.0,0.5
KHT-XE5S,2025-10-10 01:20:00,9.3655,10.795,KHT-XE5S_2025_0526_1101,9.999999999994457e-05,0.5
KHT-XE5S,2025-10-10 01:30:00,9.3657,10.794,KHT-XE5S_2025_0526_1101,9.999999999994457e-05,0.5
KHT-XE5S,2025-10-10 01:40:00,9.3644,10.794,KHT-XE5S_2025_0526_1101,0.0,0.5
KHT-XE5S,2025-10-10 01:50:00,9.3649,10.795,KHT-XE5S_2025_0526_1101,9.999999999994457e-05,0.5
KHT-XE5S,2025-10-10 02:00:00,9.3639,10.793,KHT-XE5S_2025_0526_1101,0.0002000000000000668,0.5
KHT-XE5S,2025-10-10 02:10:00,9.3637,10.794,KHT-XE5S_2025_0526_1101,0.00010000000000012221,0.5
KHT-XE5S,2025-10-10 02:20:00,9.3638,10.794,KHT-XE5S_2025_0526_1101,0.0,0.5
KHT-XE5S,2025-10-10 02:30:00,9.364,10.793,KHT-XE5S_2025_0526_1101,0.00010000000000012221,0.5
KHT-XE5S,2025-10-10 02:40:00,9.3641,10.792,KHT-XE5S_2025_0526_1101,9.999999999994457e-05,0.5
KHT-XE5S,2025-10-10 02:50:00,9.3643,10.791,KHT-XE5S_2025_0526_1101,9.999999999994457e-05,0.5
KHT-XE5S,2025-10-10 03:00:00,9.3627,10.792,KHT-XE5S_2025_0526_1101,9.999999999994457e-05,0.5
KHT-XE5S,2025-10-10 03:10:00,9.3627,10.793,KHT-XE5S_2025_0526_1101,9.999999999994457e-05,0.5
KHT-XE5S,2025-10-10 03:20:00,9.3626,10.792,KHT-XE5S_2025_0526_1101,9.999999999994457e-05,0.5
KHT-XE5S,2025-10-10 03:30:00,9.3632,10.791,KHT-XE5S_2025_0526_1101,9.999999999994457e-05,0.5
KHT-XE5S,2025-10-10 03:40:00,9.3621,10.791,KHT-XE5S_2025_0526_1101,0.0,0.5
KHT-XE5S,2025-10-10 03:50:00,9.3622,10.793,KHT-XE5S_2025_0526_1101,0.00019999999999988915,0.5
KHT-XE5S,2025-10-10 04:00:00,9.3626,10.792,KHT-XE5S_2025_0526_1101,9.999999999994457e-05,0.5
KHT-XE5S,2025-10-10 04:10:00,9.3622,10.79,KHT-XE5S_2025_0526_1101,0.0002000000000000668,0.5
KHT-XE5S,2025-10-10 04:20:00,9.3624,10.791,KHT-XE5S_2025_0526_1101,0.00010000000000012221,0.5
KHT-XE5S,2025-10-10 04:30:00,9.3619,10.792,KHT-XE5S_2025_0526_1101,9.999999999994457e-05,0.5
KHT-XE5S,2025-10-10 04:40:00,9.3618,10.789,KHT-XE5S_2025_0526_1101,0.00030000000000001136,0.5
KHT-XE5S,2025-10-10 04:50:00,9.361,10.792,KHT-XE5S_2025_0526_1101,0.00030000000000001136,0.5
KHT-XE5S,2025-10-10 05:00:00,9.3614,10.792,KHT-XE5S_2025_0526_1101,0.0,0.5
KHT-XE5S,2025-10-10 05:10:00,9.3619,10.792,KHT-XE5S_2025_0526_1101,0.0,0.5
KHT-XE5S,2025-10-10 05:20:00,9.3624,10.788,KHT-XE5S_2025_0526_1101,0.00039999999999995595,0.5
KHT-XE5S,2025-10-10 05:30:00,9.3629,10.789,KHT-XE5S_2025_0526_1101,9.999999999994457e-05,0.5
KHT-XE5S,2025-10-10 05:40:00,9.3629,10.789,KHT-XE5S_2025_0526_1101,0.0,0.5
KHT-XE5S,2025-10-10 05:50:00,9.3631,10.788,KHT-XE5S_2025_0526_1101,9.999999999994457e-05,0.5
KHT-XE5S,2025-10-10 06:00:00,9.3628,10.789,KHT-XE5S_2025_0526_1101,9.999999999994457e-05,0.5
KHT-XE5S,2025-10-10 06:10:00,9.364,10.788,KHT-XE5S_2025_0526_1101,9.999999999994457e-05,0.5
KHT-XE5S,2025-10-10 06:20:00,9.3645,10.787,KHT-XE5S_2025_0526_1101,9.999999999994457e-05,0.5
KHT-XE5S,2025-10-10 06:30:00,9.3646,10.787,KHT-XE5S_2025_0526_1101,0.0,0.5
KHT-XE5S,2025-10-10 06:40:00,9.3649,10.788,KHT-XE5S_2025_0526_1101,9.999999999994457e-05,0.5
KHT-XE5S,2025-10-10 06:50:00,9.3637,10.788,KHT-XE5S_2025_0526_1101,0.0,0.5
KHT-XE5S,2025-10-10 07:00:00,9.367,10.785,KHT-XE5S_2025_0526_1101,0.00030000000000001136,0.5
KHT-XE5S,2025-10-10 07:10:00,9.3674,10.787,KHT-XE5S_2025_0526_1101,0.0002000000000000668,0.5
KHT-XE5S,2025-10-10 07:20:00,9.3668,10.787,KHT-XE5S_2025_0526_1101,0.0,0.5
KHT-XE5S,2025-10-10 07:30:00,9.3675,10.787,KHT-XE5S_2025_0526_1101,0.0,0.5
KHT-XE5S,2025-10-10 07:40:00,9.3673,10.787,KHT-XE5S_2025_0526_1101,0.0,0.5
KHT-XE5S,2025-10-10 07:50:00,9.3671,10.785,KHT-XE5S_2025_0526_1101,0.0002000000000000668,0.5
KHT-XE5S,2025-10-10 08:00:00,9.3677,10.786,KHT-XE5S_2025_0526_1101,9.999999999994457e-05,0.5
KHT-XE5S,2025-10-10 08:10:00,9.3681,10.786,KHT-XE5S_2025_0526_1101,0.0,0.5
KHT-XE5S,2025-10-10 08:20:00,9.3686,10.785,KHT-XE5S_2025_0526_1101,9.999999999994457e-05,0.5
KHT-XE5S,2025-10-10 08:30:00,9.37,10.784,KHT-XE5S_2025_0526_1101,9.999999999994457e-05,0.5
KHT-XE5S,2025-10-10 08:40:00,9.3693,10.786,KHT-XE5S_2025_0526_1101,0.00019999999999988915,0.5
KHT-XE5S,2025-10-10 08:50:00,9.3694,10.784,KHT-XE5S_2025_0526_1101,0.00019999999999988915,0.5
KHT-XE5S,2025-10-10 09:00:00,9.3687,10.783,KHT-XE5S_2025_0526_1101,0.00010000000000012221,0.5
KHT-XE5S,2025-10-10 09:10:00,9.3678,10.785,KHT-XE5S_2025_0526_1101,0.0002000000000000668,0.5
KHT-XE5S,2025-10-10 09:20:00,9.3669,10.784,KHT-XE5S_2025_0526_1101,9.999999999994457e-05,0.5
KHT-XE5S,2025-10-10 09:30:00,9.3675,10.783,KHT-XE5S_2025_0526_1101,0.00010000000000012221,0.5
KHT-XE5S,2025-10-10 09:40:00,9.3674,10.783,KHT-XE5S_2025_0526_1101,0.0,0.5
KHT-XE5S,2025-10-10 09:50:00,9.3671,10.786,KHT-XE5S_2025_0526_1101,0.00030000000000001136,0.5
KHT-XE5S,2025-10-10 10:00:00,9.3675,10.783,KHT-XE5S_2025_0526_1101,0.00030000000000001136,0.5
KHT-XE5S,2025-10-10 10:10:00,9.3671,10.784,KHT-XE5S_2025_0526_1101,0.00010000000000012221,0.5
KHT-XE5S,2025-10-10 10:20:00,9.3671,10.782,KHT-XE5S_2025_0526_1101,0.0002000000000000668,0.5
KHT-XE5S,2025-10-10 10:30:00,9.366,10.782,KHT-XE5S_2025_0526_1101,0.0,0.5
KHT-XE5S,2025-10-10 10:40:00,9.3639,10.784,KHT-XE5S_2025_0526_1101,0.0002000000000000668,0.5
KHT-XE5S,2025-10-10 10:50:00,9.3636,10.782,KHT-XE5S_2025_0526_1101,0.0002000000000000668,0.5
KHT-XE5S,2025-10-10 11:00:00,9.3635,10.782,KHT-XE5S_2025_0526_1101,0.0,0.5
KHT-XE5S,2025-10-10 11:10:00,9.3626,10.781,KHT-XE5S_2025_0526_1101,9.999999999994457e-05,0.5
KHT-XE5S,2025-10-10 11:20:00,9.3639,10.782,KHT-XE5S_2025_0526_1101,9.999999999994457e-05,0.5
KHT-XE5S,2025-10-10 11:30:00,9.3623,10.781,KHT-XE5S_2025_0526_1101,9.999999999994457e-05,0.5
KHT-XE5S,2025-10-10 11:40:00,9.3604,10.779,KHT-XE5S_2025_0526_1101,0.0002000000000000668,0.5
KHT-XE5S,2025-10-10 11:50:00,9.361,10.781,KHT-XE5S_2025_0526_1101,0.0002000000000000668,0.5
KHT-XE5S,2025-10-10 12:00:00,9.36,10.778,KHT-XE5S_2025_0526_1101,0.00030000000000001136,0.5
KHT-XE5S,2025-10-10 12:10:00,9.357,10.781,KHT-XE5S_2025_0526_1101,0.00030000000000001136,0.5
KHT-XE5S,2025-10-10 12:20:00,9.3568,10.778,KHT-XE5S_2025_0526_1101,0.00030000000000001136,0.5
KHT-XE5S,2025-10-10 12:30:00,9.3553,10.779,KHT-XE5S_2025_0526_1101,9.999999999994457e-05,0.5
KHT-XE5S,2025-10-10 12:40:00,9.3555,10.782,KHT-XE5S_2025_0526_1101,0.00030000000000001136,0.5
KHT-XE5S,2025-10-10 12:50:00,9.3554,10.779,KHT-XE5S_2025_0526_1101,0.00030000000000001136,0.5
KHT-XE5S,2025-10-10 13:00:00,9.3554,10.779,KHT-XE5S_2025_0526_1101,0.0,0.5
KHT-XE5S,2025-10-10 13:10:00,9.3555,10.777,KHT-XE5S_2025_0526_1101,0.0002000000000000668,0.5
KHT-XE5S,2025-10-10 13:20:00,9.3529,10.776,KHT-XE5S_2025_0526_1101,9.999999999994457e-05,0.5
KHT-XE5S,2025-10-10 13:30:00,9.353,10.778,KHT-XE5S_2025_0526_1101,0.0002000000000000668,0.5
KHT-XE5S,2025-10-10 13:40:00,9.3532,10.778,KHT-XE5S_2025_0526_1101,0.0,0.5
KHT-XE5S,2025-10-10 13:50:00,9.3524,10.778,KHT-XE5S_2025_0526_1101,0.0,0.5
KHT-XE5S,2025-10-10 14:00:00,9.3504,10.777,KHT-XE5S_2025_0526_1101,0.00010000000000012221,0.5
KHT-XE5S,2025-10-10 14:10:00,9.3499,10.776,KHT-XE5S_2025_0526_1101,9.999999999994457e-05,0.5
KHT-XE5S,2025-10-10 14:20:00,9.3518,10.776,KHT-XE5S_2025_0526_1101,0.0,0.5
KHT-XE5S,2025-10-10 14:30:00,9.3483,10.774,KHT-XE5S_2025_0526_1101,0.0002000000000000668,0.5
KHT-XE5S,2025-10-10 14:40:00,9.3469,10.777,KHT-XE5S_2025_0526_1101,0.00030000000000001136,0.5
KHT-XE5S,2025-10-10 14:50:00,9.3465,10.776,KHT-XE5S_2025_0526_1101,9.999999999994457e-05,0.5
KHT-XE5S,2025-10-10 15:00:00,9.3451,10.774,KHT-XE5S_2025_0526_1101,0.0002000000000000668,0.5
KHT-XE5S,2025-10-10 15:10:00,9.3427,10.775,KHT-XE5S_2025_0526_1101,0.00010000000000012221,0.5
KHT-XE5S,2025-10-10 15:20:00,9.3434,10.776,KHT-XE5S_2025_0526_1101,9.999999999994457e-05,0.5
KHT-XE5S,2025-10-10 15:30:00,9.3421,10.774,KHT-XE5S_2025_0526_1101,0.0002000000000000668,0.5
KHT-XE5S,2025-10-10 15:40:00,9.342,10.772,KHT-XE5S_2025_0526_1101,0.00019999999999988915,0.5
KHT-XE5S,2025-10-10 15:50:00,9.3404,10.773,KHT-XE5S_2025_0526_1101,9.999999999994457e-05,0.5
KHT-XE5S,2025-10-10 16:00:00,9.341,10.773,KHT-XE5S_2025_0526_1101,0.0,0.5
KHT-XE5S,2025-10-10 16:10:00,9.342,10.773,KHT-XE5S_2025_0526_1101,0.0,0.5
KHT-XE5S,2025-10-10 16:20:00,9.3423,10.774,KHT-XE5S_2025_0526_1101,9.999999999994457e-05,0.5
KHT-XE5S,2025-10-10 16:30:00,9.3416,10.775,KHT-XE5S_2025_0526_1101,0.00010000000000012221,0.5
KHT-XE5S,2025-10-10 16:40:00,9.3412,10.773,KHT-XE5S_2025_0526_1101,0.0002000000000000668,0.5
KHT-XE5S,2025-10-10 16:50:00,9.3428,10.771,KHT-XE5S_2025_0526_1101,0.00019999999999988915,0.5
KHT-XE5S,2025-10-10 17:00:00,9.343,10.773,KHT-XE5S_2025_0526_1101,0.00019999999999988915,0.5
KHT-XE5S,2025-10-10 17:10:00,9.3436,10.771,KHT-XE5S_2025_0526_1101,0.00019999999999988915,0.5
KHT-XE5S,2025-10-10 17:20:00,9.3453,10.772,KHT-XE5S_2025_0526_1101,9.999999999994457e-05,0.5
KHT-XE5S,2025-10-10 17:30:00,9.3449,10.772,KHT-XE5S_2025_0526_1101,0.0,0.5
KHT-XE5S,2025-10-10 17:40:00,9.3454,10.772,KHT-XE5S_2025_0526_1101,0.0,0.5
KHT-XE5S,2025-10-10 17:50:00,9.3448,10.773,KHT-XE5S_2025_0526_1101,9.999999999994457e-05,0.5
KHT-XE5S,2025-10-10 18:00:00,9.3458,10.77,KHT-XE5S_2025_0526_1101,0.00030000000000001136,0.5
KHT-XE5S,2025-10-10 18:10:00,9.3457,10.77,KHT-XE5S_2025_0526_1101,0.0,0.5
KHT-XE5S,2025-10-10 18:20:00,9.3478,10.771,KHT-XE5S_2025_0526_1101,0.00010000000000012221,0.5
KHT-XE5S,2025-10-10 18:30:00,9.3467,10.769,KHT-XE5S_2025_0526_1101,0.0002000000000000668,0.5
KHT-XE5S,2025-10-10 18:40:00,9.3468,10.769,KHT-XE5S_2025_0526_1101,0.0,0.5
KHT-XE5S,2025-10-10 18:50:00,9.3473,10.769,KHT-XE5S_2025_0526_1101,0.0,0.5
KHT-XE5S,2025-10-10 19:00:00,9.3471,10.769,KHT-XE5S_2025_0526_1101,0.0,0.5
KHT-XE5S,2025-10-10 19:10:00,9.3485,10.768,KHT-XE5S_2025_0526_1101,9.999999999994457e-05,0.5
KHT-XE5S,2025-10-10 19:20:00,9.3497,10.769,KHT-XE5S_2025_0526_1101,9.999999999994457e-05,0.5
KHT-XE5S,2025-10-10 19:30:00,9.3497,10.769,KHT-XE5S_2025_0526_1101,0.0,0.5
KHT-XE5S,2025-10-10 19:40:00,9.3508,10.769,KHT-XE5S_2025_0526_1101,0.0,0.5
KHT-XE5S,2025-10-10 19:50:00,9.3509,10.769,KHT-XE5S_2025_0526_1101,0.0,0.5
KHT-XE5S,2025-10-10 20:00:00,9.3519,10.767,KHT-XE5S_2025_0526_1101,0.0002000000000000668,0.5
KHT-XE5S,2025-10-10 20:10:00,9.3521,10.768,KHT-XE5S_2025_0526_1101,0.00010000000000012221,0.5
KHT-XE5S,2025-10-10 20:20:00,9.3527,10.77,KHT-XE5S_2025_0526_1101,0.00019999999999988915,0.5
KHT-XE5S,2025-10-10 20:30:00,9.353,10.768,KHT-XE5S_2025_0526_1101,0.00019999999999988915,0.5
KHT-XE5S,2025-10-10 20:40:00,9.353,10.767,KHT-XE5S_2025_0526_1101,0.00010000000000012221,0.5
KHT-XE5S,2025-10-10 20:50:00,9.3539,10.767,KHT-XE5S_2025_0526_1101,0.0,0.5
KHT-XE5S,2025-10-10 21:00:00,9.3534,10.765,KHT-XE5S_2025_0526_1101,0.00019999999999988915,0.5
KHT-XE5S,2025-10-10 21:10:00,9.3529,10.767,KHT-XE5S_2025_0526_1101,0.00019999999999988915,0.5
KHT-XE5S,2025-10-10 21:20:00,9.3527,10.767,KHT-XE5S_2025_0526_1101,0.0,0.5
KHT-XE5S,2025-10-10 21:30:00,9.3518,10.767,KHT-XE5S_2025_0526_1101,0.0,0.5
KHT-XE5S,2025-10-10 21:40:00,9.3528,10.766,KHT-XE5S_2025_0526_1101,9.999999999994457e-05,0.5
KHT-XE5S,2025-10-10 21:50:00,9.3524,10.766,KHT-XE5S_2025_0526_1101,0.0,0.5
KHT-XE5S,2025-10-10 22:00:00,9.3522,10.766,KHT-XE5S_2025_0526_1101,0.0,0.5
KHT-XE5S,2025-10-10 22:10:00,9.3526,10.767,KHT-XE5S_2025_0526_1101,9.999999999994457e-05,0.5
KHT-XE5S,2025-10-10 22:20:00,9.3522,10.765,KHT-XE5S_2025_0526_1101,0.00019999999999988915,0.5
KHT-XE5S,2025-10-10 22:30:00,9.3527,10.767,KHT-XE5S_2025_0526_1101,0.00019999999999988915,0.5
KHT-XE5S,2025-10-10 22:40:00,9.3536,10.765,KHT-XE5S_2025_0526_1101,0.00019999999999988915,0.5
KHT-XE5S,2025-10-10 22:50:00,9.3544,10.765,KHT-XE5S_2025_0526_1101,0.0,0.5
KHT-XE5S,2025-10-10 23:00:00,9.3532,10.763,KHT-XE5S_2025_0526_1101,0.0002000000000000668,0.5
KHT-XE5S,2025-10-10 23:10:00,9.3529,10.764,KHT-XE5S_2025_0526_1101,9.999999999994457e-05,0.5
KHT-XE5S,2025-10-10 23:20:00,9.353,10.764,KHT-XE5S_2025_0526_1101,0.0,0.5
KHT-XE5S,2025-10-10 23:30:00,9.3527,10.763,KHT-XE5S_2025_0526_1101,9.999999999994457e-05,0.5
KHT-XE5S,2025-10-10 23:40:00,9.3518,10.764,KHT-XE5S_2025_0526_1101,9.999999999994457e-05,0.5
KHT-XE5S,2025-10-10 23:50:00,9.3515,10.762,KHT-XE5S_2025_0526_1101,0.00019999999999988915,0.5
KHT-XE5S,2025-10-11 00:00:00,9.352,10.762,KHT-XE5S_2025_0526_1101,0.0,0.5
KHT-XE5S,2025-10-11 00:10:00,9.3514,10.762,KHT-XE5S_2025_0526_1101,0.0,0.5
KHT-XE5S,2025-10-11 00:20:00,9.3501,10.761,KHT-XE5S_2025_0526_1101,0.00010000000000012221,0.5
KHT-XE5S,2025-10-11 00:30:00,9.3506,10.764,KHT-XE5S_2025_0526_1101,0.00030000000000001136,0.5
KHT-XE5S,2025-10-11 00:40:00,9.3499,10.762,KHT-XE5S_2025_0526_1101,0.00019999999999988915,0.5
KHT-XE5S,2025-10-11 00:50:00,9.3502,10.76,KHT-XE5S_2025_0526_1101,0.0002000000000000668,0.5
KHT-XE5S,2025-10-11 01:00:00,9.3497,10.761,KHT-XE5S_2025_0526_1101,9.999999999994457e-05,0.5
KHT-XE5S,2025-10-11 01:10:00,9.349,10.76,KHT-XE5S_2025_0526_1101,9.999999999994457e-05,0.5
KHT-XE5S,2025-10-11 01:20:00,9.349,10.761,KHT-XE5S_2025_0526_1101,9.999999999994457e-05,0.5
KHT-XE5S,2025-10-11 01:30:00,9.349,10.759,KHT-XE5S_2025_0526_1101,0.00019999999999988915,0.5
KHT-XE5S,2025-10-11 01:40:00,9.3488,10.761,KHT-XE5S_2025_0526_1101,0.00019999999999988915,0.5
KHT-XE5S,2025-10-11 01:50:00,9.3487,10.76,KHT-XE5S_2025_0526_1101,9.999999999994457e-05,0.5
KHT-XE5S,2025-10-11 02:00:00,9.3485,10.759,KHT-XE5S_2025_0526_1101,9.999999999994457e-05,0.5
KHT-XE5S,2025-10-11 02:10:00,9.3489,10.759,KHT-XE5S_2025_0526_1101,0.0,0.5
KHT-XE5S,2025-10-11 02:20:00,9.3479,10.758,KHT-XE5S_2025_0526_1101,0.00010000000000012221,0.5
KHT-XE5S,2025-10-11 02:30:00,9.3469,10.758,KHT-XE5S_2025_0526_1101,0.0,0.5
KHT-XE5S,2025-10-11 02:40:00,9.3475,10.759,KHT-XE5S_2025_0526_1101,0.00010000000000012221,0.5
KHT-XE5S,2025-10-11 02:50:00,9.3487,10.758,KHT-XE5S_2025_0526_1101,0.00010000000000012221,0.5
KHT-XE5S,2025-10-11 03:00:00,9.3473,10.758,KHT-XE5S_2025_0526_1101,0.0,0.5
KHT-XE5S,2025-10-11 03:10:00,9.3477,10.76,KHT-XE5S_2025_0526_1101,0.0002000000000000668,0.5
KHT-XE5S,2025-10-11 03:20:00,9.347,10.758,KHT-XE5S_2025_0526_1101,0.0002000000000000668,0.5
KHT-XE5S,2025-10-11 03:30:00,9.3466,10.756,KHT-XE5S_2025_0526_1101,0.00019999999999988915,0.5
KHT-XE5S,2025-10-11 03:40:00,9.3482,10.756,KHT-XE5S_2025_0526_1101,0.0,0.5
KHT-XE5S,2025-10-11 03:50:00,9.3481,10.758,KHT-XE5S_2025_0526_1101,0.00019999999999988915,0.5
KHT-XE5S,2025-10-11 04:00:00,9.3478,10.756,KHT-XE5S_2025_0526_1101,0.00019999999999988915,0.5
KHT-XE5S,2025-10-11 04:10:00,9.3478,10.756,KHT-XE5S_2025_0526_1101,0.0,0.5
KHT-XE5S,2025-10-11 04:20:00,9.348,10.756,KHT-XE5S_2025_0526_1101,0.0,0.5
KHT-XE5S,2025-10-11 04:30:00,9.3502,10.755,KHT-XE5S_2025_0526_1101,9.999999999994457e-05,0.5
KHT-XE5S,2025-10-11 04:40:00,9.3506,10.756,KHT-XE5S_2025_0526_1101,9.999999999994457e-05,0.5
KHT-XE5S,2025-10-11 04:50:00,9.3506,10.754,KHT-XE5S_2025_0526_1101,0.0002000000000000668,0.5
KHT-XE5S,2025-10-11 05:00:00,9.3503,10.755,KHT-XE5S_2025_0526_1101,0.00010000000000012221,0.5
KHT-XE5S,2025-10-11 05:10:00,9.3508,10.756,KHT-XE5S_2025_0526_1101,9.999999999994457e-05,0.5
KHT-XE5S,2025-10-11 05:20:00,9.3509,10.754,KHT-XE5S_2025_0526_1101,0.0002000000000000668,0.5
KHT-XE5S,2025-10-11 05:30:00,9.3514,10.754,KHT-XE5S_2025_0526_1101,0.0,0.5
KHT-XE5S,2025-10-11 05:40:00,9.3509,10.751,KHT-XE5S_2025_0526_1101,0.00030000000000001136,0.5
KHT-XE5S,2025-10-11 05:50:00,9.3508,10.754,KHT-XE5S_2025_0526_1101,0.00030000000000001136,0.5
KHT-XE5S,2025-10-11 06:00:00,9.3517,10.754,KHT-XE5S_2025_0526_1101,0.0,0.5
KHT-XE5S,2025-10-11 06:10:00,9.3513,10.753,KHT-XE5S_2025_0526_1101,9.999999999994457e-05,0.5
KHT-XE5S,2025-10-11 06:20:00,9.3519,10.753,KHT-XE5S_2025_0526_1101,0.0,0.5
KHT-XE5S,2025-10-11 06:30:00,9.3515,10.752,KHT-XE5S_2025_0526_1101,9.999999999994457e-05,0.5
KHT-XE5S,2025-10-11 06:40:00,9.3527,10.752,KHT-XE5S_2025_0526_1101,0.0,0.5
KHT-XE5S,2025-10-11 06:50:00,9.3524,10.752,KHT-XE5S_2025_0526_1101,0.0,0.5
KHT-XE5S,2025-10-11 07:00:00,9.3529,10.753,KHT-XE5S_2025_0526_1101,9.999999999994457e-05,0.5
KHT-XE5S,2025-10-11 07:10:00,9.3538,10.752,KHT-XE5S_2025_0526_1101,9.999999999994457e-05,0.5
KHT-XE5S,2025-10-11 07:20:00,9.3533,10.751,KHT-XE5S_2025_0526_1101,0.00010000000000012221,0.5
KHT-XE5S,2025-10-11 07:30:00,9.3549,10.749,KHT-XE5S_2025_0526_1101,0.00019999999999988915,0.5
KHT-XE5S,2025-10-11 07:40:00,9.3562,10.751,KHT-XE5S_2025_0526_1101,0.00019999999999988915,0.5
KHT-XE5S,2025-10-11 07:50:00,9.3567,10.748,KHT-XE5S_2025_0526_1101,0.00030000000000001136,0.5
KHT-XE5S,2025-10-11 08:00:00,9.3578,10.751,KHT-XE5S_2025_0526_1101,0.00030000000000001136,0.5
KHT-XE5S,2025-10-11 08:10:00,9.3597,10.75,KHT-XE5S_2025_0526_1101,9.999999999994457e-05,0.5
KHT-XE5S,2025-10-11 08:20:00,9.3591,10.751,KHT-XE5S_2025_0526_1101,9.999999999994457e-05,0.5
KHT-XE5S,2025-10-11 08:30:00,9.359,10.748,KHT-XE5S_2025_0526_1101,0.00030000000000001136,0.5
KHT-XE5S,2025-10-11 08:40:00,9.3593,10.751,KHT-XE5S_2025_0526_1101,0.00030000000000001136,0.5
KHT-XE5S,2025-10-11 08:50:00,9.3599,10.747,KHT-XE5S_2025_0526_1101,0.00039999999999995595,0.5
KHT-XE5S,2025-10-11 09:00:00,9.3596,10.748,KHT-XE5S_2025_0526_1101,9.999999999994457e-05,0.5
KHT-XE5S,2025-10-11 09:10:00,9.3601,10.751,KHT-XE5S_2025_0526_1101,0.00030000000000001136,0.5
KHT-XE5S,2025-10-11 09:20:00,9.3596,10.749,KHT-XE5S_2025_0526_1101,0.00019999999999988915,0.5
KHT-XE5S,2025-10-11 09:30:00,9.3596,10.748,KHT-XE5S_2025_0526_1101,0.00010000000000012221,0.5
KHT-XE5S,2025-10-11 09:40:00,9.3585,10.75,KHT-XE5S_2025_0526_1101,0.0002000000000000668,0.5
KHT-XE5S,2025-10-11 09:50:00,9.3587,10.747,KHT-XE5S_2025_0526_1101,0.00030000000000001136,0.5
KHT-XE5S,2025-10-11 10:00:00,9.3579,10.747,KHT-XE5S_2025_0526_1101,0.0,0.5
KHT-XE5S,2025-10-11 10:10:00,9.3574,10.747,KHT-XE5S_2025_0526_1101,0.0,0.5
KHT-XE5S,2025-10-11 10:20:00,9.3566,10.747,KHT-XE5S_2025_0526_1101,0.0,0.5
KHT-XE5S,2025-10-11 10:30:00,9.3568,10.749,KHT-XE5S_2025_0526_1101,0.0002000000000000668,0.5
KHT-XE5S,2025-10-11 10:40:00,9.3563,10.745,KHT-XE5S_2025_0526_1101,0.0004000000000001336,0.5
KHT-XE5S,2025-10-11 10:50:00,9.3561,10.747,KHT-XE5S_2025_0526_1101,0.0002000000000000668,0.5
KHT-XE5S,2025-10-11 11:00:00,9.3559,10.745,KHT-XE5S_2025_0526_1101,0.0002000000000000668,0.5
KHT-XE5S,2025-10-11 11:10:00,9.3561,10.745,KHT-XE5S_2025_0526_1101,0.0,0.5
KHT-XE5S,2025-10-11 11:20:00,9.356,10.745,KHT-XE5S_2025_0526_1101,0.0,0.5
KHT-XE5S,2025-10-11 11:30:00,9.3553,10.745,KHT-XE5S_2025_0526_1101,0.0,0.5
KHT-XE5S,2025-10-11 11:40:00,9.3571,10.745,KHT-XE5S_2025_0526_1101,0.0,0.5
KHT-XE5S,2025-10-11 11:50:00,9.3557,10.744,KHT-XE5S_2025_0526_1101,9.999999999994457e-05,0.5
KHT-XE5S,2025-10-11 12:00:00,9.3549,10.745,KHT-XE5S_2025_0526_1101,9.999999999994457e-05,0.5
KHT-XE5S,2025-10-11 12:10:00,9.3532,10.744,KHT-XE5S_2025_0526_1101,9.999999999994457e-05,0.5
KHT-XE5S,2025-10-11 12:20:00,9.3525,10.745,KHT-XE5S_2025_0526_1101,9.999999999994457e-05,0.5
KHT-XE5S,2025-10-11 12:30:00,9.3511,10.744,KHT-XE5S_2025_0526_1101,9.999999999994457e-05,0.5
KHT-XE5S,2025-10-11 12:40:00,9.3504,10.743,KHT-XE5S_2025_0526_1101,9.999999999994457e-05,0.5
KHT-XE5S,2025-10-11 12:50:00,9.3497,10.743,KHT-XE5S_2025_0526_1101,0.0,0.5
KHT-XE5S,2025-10-11 13:00:00,9.3488,10.742,KHT-XE5S_2025_0526_1101,9.999999999994457e-05,0.5
KHT-XE5S,2025-10-11 13:10:00,9.3479,10.742,KHT-XE5S_2025_0526_1101,0.0,0.5
KHT-XE5S,2025-10-11 13:20:00,9.3478,10.743,KHT-XE5S_2025_0526_1101,9.999999999994457e-05,0.5
KHT-XE5S,2025-10-11 13:30:00,9.3487,10.742,KHT-XE5S_2025_0526_1101,9.999999999994457e-05,0.5
KHT-XE5S,2025-10-11 13:40:00,9.3491,10.74,KHT-XE5S_2025_0526_1101,0.0002000000000000668,0.5
KHT-XE5S,2025-10-11 13:50:00,9.3475,10.741,KHT-XE5S_2025_0526_1101,9.999999999994457e-05,0.5
KHT-XE5S,2025-10-11 14:00:00,9.347,10.741,KHT-XE5S_2025_0526_1101,0.0,0.5
KHT-XE5S,2025-10-11 14:10:00,9.3468,10.741,KHT-XE5S_2025_0526_1101,0.0,0.5
KHT-XE5S,2025-10-11 14:20:00,9.3475,10.742,KHT-XE5S_2025_0526_1101,0.00010000000000012221,0.5
KHT-XE5S,2025-10-11 14:30:00,9.3465,10.741,KHT-XE5S_2025_0526_1101,0.00010000000000012221,0.5
KHT-XE5S,2025-10-11 14:40:00,9.3455,10.74,KHT-XE5S_2025_0526_1101,9.999999999994457e-05,0.5
KHT-XE5S,2025-10-11 14:50:00,9.345,10.74,KHT-XE5S_2025_0526_1101,0.0,0.5
KHT-XE5S,2025-10-11 15:00:00,9.3456,10.739,KHT-XE5S_2025_0526_1101,9.999999999994457e-05,0.5
KHT-XE5S,2025-10-11 15:10:00,9.3465,10.74,KHT-XE5S_2025_0526_1101,9.999999999994457e-05,0.5
KHT-XE5S,2025-10-11 15:20:00,9.3464,10.74,KHT-XE5S_2025_0526_1101,0.0,0.5
KHT-XE5S,2025-10-11 15:30:00,9.3455,10.741,KHT-XE5S_2025_0526_1101,9.999999999994457e-05,0.5
KHT-XE5S,2025-10-11 15:40:00,9.3472,10.739,KHT-XE5S_2025_0526_1101,0.00019999999999988915,0.5
KHT-XE5S,2025-10-11 15:50:00,9.3483,10.737,KHT-XE5S_2025_0526_1101,0.0002000000000000668,0.5
KHT-XE5S,2025-10-11 16:00:00,9.3474,10.739,KHT-XE5S_2025_0526_1101,0.0002000000000000668,0.5
KHT-XE5S,2025-10-11 16:10:00,9.3491,10.737,KHT-XE5S_2025_0526_1101,0.0002000000000000668,0.5
KHT-XE5S,2025-10-11 16:20:00,9.35,10.736,KHT-XE5S_2025_0526_1101,9.999999999994457e-05,0.5
KHT-XE5S,2025-10-11 16:30:00,9.3509,10.74,KHT-XE5S_2025_0526_1101,0.00039999999999995595,0.5
KHT-XE5S,2025-10-11 16:40:00,9.3538,10.737,KHT-XE5S_2025_0526_1101,0.00030000000000001136,0.5
KHT-XE5S,2025-10-11 16:50:00,9.3567,10.739,KHT-XE5S_2025_0526_1101,0.0002000000000000668,0.5
KHT-XE5S,2025-10-11 17:00:00,9.3577,10.738,KHT-XE5S_2025_0526_1101,0.00010000000000012221,0.5
KHT-XE5S,2025-10-11 17:10:00,9.3596,10.736,KHT-XE5S_2025_0526_1101,0.00019999999999988915,0.5
KHT-XE5S,2025-10-11 17:20:00,9.3586,10.736,KHT-XE5S_2025_0526_1101,0.0,0.5
KHT-XE5S,2025-10-11 17:30:00,9.358,10.737,KHT-XE5S_2025_0526_1101,9.999999999994457e-05,0.5
KHT-XE5S,2025-10-11 17:40:00,9.3588,10.735,KHT-XE5S_2025_0526_1101,0.0002000000000000668,0.5
KHT-XE5S,2025-10-11 17:50:00,9.3596,10.734,KHT-XE5S_2025_0526_1101,9.999999999994457e-05,0.5
KHT-XE5S,2025-10-11 18:00:00,9.3583,10.735,KHT-XE5S_2025_0526_1101,9.999999999994457e-05,0.5
KHT-XE5S,2025-10-11 18:10:00,9.3598,10.737,KHT-XE5S_2025_0526_1101,0.0002000000000000668,0.5
KHT-XE5S,2025-10-11 18:20:00,9.3599,10.732,KHT-XE5S_2025_0526_1101,0.0005000000000000782,0.5
KHT-XE5S,2025-10-11 18:30:00,9.3603,10.734,KHT-XE5S_2025_0526_1101,0.0002000000000000668,0.5
KHT-XE5S,2025-10-11 18:40:00,9.3599,10.733,KHT-XE5S_2025_0526_1101,9.999999999994457e-05,0.5
KHT-XE5S,2025-10-11 18:50:00,9.3603,10.734,KHT-XE5S_2025_0526_1101,9.999999999994457e-05,0.5
KHT-XE5S,2025-10-11 19:00:00,9.3613,10.733,KHT-XE5S_2025_0526_1101,9.999999999994457e-05,0.5
KHT-XE5S,2025-10-11 19:10:00,9.3628,10.733,KHT-XE5S_2025_0526_1101,0.0,0.5
KHT-XE5S,2025-10-11 19:20:00,9.364,10.733,KHT-XE5S_2025_0526_1101,0.0,0.5
KHT-XE5S,2025-10-11 19:30:00,9.3657,10.732,KHT-XE5S_2025_0526_1101,0.00010000000000012221,0.5
KHT-XE5S,2025-10-11 19:40:00,9.3657,10.733,KHT-XE5S_2025_0526_1101,0.00010000000000012221,0.5
KHT-XE5S,2025-10-11 19:50:00,9.3672,10.732,KHT-XE5S_2025_0526_1101,0.00010000000000012221,0.5
KHT-XE5S,2025-10-11 20:00:00,9.3679,10.736,KHT-XE5S_2025_0526_1101,0.0004000000000001336,0.5
KHT-XE5S,2025-10-11 20:10:00,9.3689,10.733,KHT-XE5S_2025_0526_1101,0.00030000000000001136,0.5
KHT-XE5S,2025-10-11 20:20:00,9.3704,10.732,KHT-XE5S_2025_0526_1101,0.00010000000000012221,0.5
KHT-XE5S,2025-10-11 20:30:00,9.3702,10.731,KHT-XE5S_2025_0526_1101,9.999999999994457e-05,0.5
KHT-XE5S,2025-10-11 20:40:00,9.3705,10.732,KHT-XE5S_2025_0526_1101,9.999999999994457e-05,0.5
KHT-XE5S,2025-10-11 20:50:00,9.3713,10.73,KHT-XE5S_2025_0526_1101,0.00019999999999988915,0.5
KHT-XE5S,2025-10-11 21:00:00,9.3728,10.732,KHT-XE5S_2025_0526_1101,0.00019999999999988915,0.5
KHT-XE5S,2025-10-11 21:10:00,9.3738,10.732,KHT-XE5S_2025_0526_1101,0.0,0.5
KHT-XE5S,2025-10-11 21:20:00,9.3757,10.731,KHT-XE5S_2025_0526_1101,9.999999999994457e-05,0.5
KHT-XE5S,2025-10-11 21:30:00,9.3773,10.729,KHT-XE5S_2025_0526_1101,0.0002000000000000668,0.5
KHT-XE5S,2025-10-11 21:40:00,9.3772,10.73,KHT-XE5S_2025_0526_1101,0.00010000000000012221,0.5
KHT-XE5S,2025-10-11 21:50:00,9.3772,10.729,KHT-XE5S_2025_0526_1101,0.00010000000000012221,0.5
KHT-XE5S,2025-10-11 22:00:00,9.3782,10.729,KHT-XE5S_2025_0526_1101,0.0,0.5
KHT-XE5S,2025-10-11 22:10:00,9.3801,10.73,KHT-XE5S_2025_0526_1101,0.00010000000000012221,0.5
KHT-XE5S,2025-10-11 22:20:00,9.3794,10.729,KHT-XE5S_2025_0526_1101,0.00010000000000012221,0.5
KHT-XE5S,2025-10-11 22:30:00,9.3796,10.727,KHT-XE5S_2025_0526_1101,0.00019999999999988915,0.5
KHT-XE5S,2025-10-11 22:40:00,9.3799,10.729,KHT-XE5S_2025_0526_1101,0.00019999999999988915,0.5
KHT-XE5S,2025-10-11 22:50:00,9.3802,10.728,KHT-XE5S_2025_0526_1101,9.999999999994457e-05,0.5
KHT-XE5S,2025-10-11 23:00:00,9.3799,10.729,KHT-XE5S_2025_0526_1101,9.999999999994457e-05,0.5
KHT-XE5S,2025-10-11 23:10:00,9.3803,10.727,KHT-XE5S_2025_0526_1101,0.00019999999999988915,0.5
KHT-XE5S,2025-10-11 23:20:00,9.3807,10.725,KHT-XE5S_2025_0526_1101,0.0002000000000000668,0.5
KHT-XE5S,2025-10-11 23:30:00,9.3812,10.727,KHT-XE5S_2025_0526_1101,0.0002000000000000668,0.5
KHT-XE5S,2025-10-11 23:40:00,9.3808,10.727,KHT-XE5S_2025_0526_1101,0.0,0.5
KHT-XE5S,2025-10-11 23:50:00,9.3799,10.726,KHT-XE5S_2025_0526_1101,9.999999999994457e-05,0.5
KHT-XE5S,2025-10-12 00:00:00,9.3797,10.728,KHT-XE5S_2025_0526_1101,0.00019999999999988915,0.5
KHT-XE5S,2025-10-12 00:10:00,9.3787,10.725,KHT-XE5S_2025_0526_1101,0.00030000000000001136,0.5
KHT-XE5S,2025-10-12 00:20:00,9.3789,10.726,KHT-XE5S_2025_0526_1101,0.00010000000000012221,0.5
KHT-XE5S,2025-10-12 00:30:00,9.3782,10.726,KHT-XE5S_2025_0526_1101,0.0,0.5
KHT-XE5S,2025-10-12 00:40:00,9.3785,10.726,KHT-XE5S_2025_0526_1101,0.0,0.5
KHT-XE5S,2025-10-12 00:50:00,9.379,10.726,KHT-XE5S_2025_0526_1101,0.0,0.5
KHT-XE5S,2025-10-12 01:00:00,9.3788,10.726,KHT-XE5S_2025_0526_1101,0.0,0.5
KHT-XE5S,2025-10-12 01:10:00,9.3787,10.725,KHT-XE5S_2025_0526_1101,0.00010000000000012221,0.5
KHT-XE5S,2025-10-12 01:20:00,9.379,10.724,KHT-XE5S_2025_0526_1101,9.999999999994457e-05,0.5
KHT-XE5S,2025-10-12 01:30:00,9.3789,10.724,KHT-XE5S_2025_0526_1101,0.0,0.5
KHT-XE5S,2025-10-12 01:40:00,9.3787,10.724,KHT-XE5S_2025_0526_1101,0.0,0.5
KHT-XE5S,2025-10-12 01:50:00,9.3797,10.724,KHT-XE5S_2025_0526_1101,0.0,0.5
KHT-XE5S,2025-10-12 02:00:00,9.3798,10.724,KHT-XE5S_2025_0526_1101,0.0,0.5
KHT-XE5S,2025-10-12 02:10:00,9.3777,10.723,KHT-XE5S_2025_0526_1101,9.999999999994457e-05,0.5
KHT-XE5S,2025-10-12 02:20:00,9.3778,10.725,KHT-XE5S_2025_0526_1101,0.00019999999999988915,0.5
KHT-XE5S,2025-10-12 02:30:00,9.378,10.723,KHT-XE5S_2025_0526_1101,0.00019999999999988915,0.5
KHT-XE5S,2025-10-12 02:40:00,9.3785,10.722,KHT-XE5S_2025_0526_1101,0.00010000000000012221,0.5
KHT-XE5S,2025-10-12 02:50:00,9.3796,10.722,KHT-XE5S_2025_0526_1101,0.0,0.5
KHT-XE5S,2025-10-12 03:00:00,9.3789,10.723,KHT-XE5S_2025_0526_1101,0.00010000000000012221,0.5
KHT-XE5S,2025-10-12 03:10:00,9.3792,10.722,KHT-XE5S_2025_0526_1101,0.00010000000000012221,0.5
KHT-XE5S,2025-10-12 03:20:00,9.3802,10.721,KHT-XE5S_2025_0526_1101,9.999999999994457e-05,0.5
KHT-XE5S,2025-10-12 03:30:00,9.3791,10.723,KHT-XE5S_2025_0526_1101,0.0002000000000000668,0.5
KHT-XE5S,2025-10-12 03:40:00,9.3782,10.721,KHT-XE5S_2025_0526_1101,0.0002000000000000668,0.5
KHT-XE5S,2025-10-12 03:50:00,9.3774,10.72,KHT-XE5S_2025_0526_1101,9.999999999994457e-05,0.5
KHT-XE5S,2025-10-12 04:00:00,9.3782,10.718,KHT-XE5S_2025_0526_1101,0.0002000000000000668,0.5
KHT-XE5S,2025-10-12 04:10:00,9.3778,10.721,KHT-XE5S_2025_0526_1101,0.00030000000000001136,0.5
KHT-XE5S,2025-10-12 04:20:00,9.3779,10.72,KHT-XE5S_2025_0526_1101,9.999999999994457e-05,0.5
KHT-XE5S,2025-10-12 04:30:00,9.3762,10.72,KHT-XE5S_2025_0526_1101,0.0,0.5
KHT-XE5S,2025-10-12 04:40:00,9.3762,10.72,KHT-XE5S_2025_0526_1101,0.0,0.5
KHT-XE5S,2025-10-12 04:50:00,9.3759,10.719,KHT-XE5S_2025_0526_1101,0.00010000000000012221,0.5
KHT-XE5S,2025-10-12 05:00:00,9.3746,10.719,KHT-XE5S_2025_0526_1101,0.0,0.5
KHT-XE5S,2025-10-12 05:10:00,9.3748,10.719,KHT-XE5S_2025_0526_1101,0.0,0.5
KHT-XE5S,2025-10-12 05:20:00,9.3746,10.718,KHT-XE5S_2025_0526_1101,9.999999999994457e-05,0.5
KHT-XE5S,2025-10-12 05:30:00,9.3751,10.718,KHT-XE5S_2025_0526_1101,0.0,0.5
KHT-XE5S,2025-10-12 05:40:00,9.3763,10.719,KHT-XE5S_2025_0526_1101,9.999999999994457e-05,0.5
KHT-XE5S,2025-10-12 05:50:00,9.376,10.718,KHT-XE5S_2025_0526_1101,9.999999999994457e-05,0.5
KHT-XE5S,2025-10-12 06:00:00,9.3767,10.716,KHT-XE5S_2025_0526_1101,0.0002000000000000668,0.5
KHT-XE5S,2025-10-12 06:10:00,9.3769,10.717,KHT-XE5S_2025_0526_1101,0.00010000000000012221,0.5
KHT-XE5S,2025-10-12 06:20:00,9.3772,10.718,KHT-XE5S_2025_0526_1101,9.999999999994457e-05,0.5
KHT-XE5S,2025-10-12 06:30:00,9.3772,10.717,KHT-XE5S_2025_0526_1101,9.999999999994457e-05,0.5
KHT-XE5S,2025-10-12 06:40:00,9.3765,10.716,KHT-XE5S_2025_0526_1101,0.00010000000000012221,0.5
KHT-XE5S,2025-10-12 06:50:00,9.3766,10.716,KHT-XE5S_2025_0526_1101,0.0,0.5
KHT-XE5S,2025-10-12 07:00:00,9.3767,10.715,KHT-XE5S_2025_0526_1101,9.999999999994457e-05,0.5
KHT-XE5S,2025-10-12 07:10:00,9.3756,10.716,KHT-XE5S_2025_0526_1101,9.999999999994457e-05,0.5
KHT-XE5S,2025-10-12 07:20:00,9.3749,10.716,KHT-XE5S_2025_0526_1101,0.0,0.5
KHT-XE5S,2025-10-12 07:30:00,9.3733,10.716,KHT-XE5S_2025_0526_1101,0.0,0.5
KHT-XE5S,2025-10-12 07:40:00,9.3733,10.716,KHT-XE5S_2025_0526_1101,0.0,0.5
KHT-XE5S,2025-10-12 07:50:00,9.3734,10.713,KHT-XE5S_2025_0526_1101,0.00030000000000001136,0.5
KHT-XE5S,2025-10-12 08:00:00,9.3742,10.714,KHT-XE5S_2025_0526_1101,0.00010000000000012221,0.5
KHT-XE5S,2025-10-12 08:10:00,9.3729,10.715,KHT-XE5S_2025_0526_1101,9.999999999994457e-05,0.5
KHT-XE5S,2025-10-12 08:20:00,9.3729,10.714,KHT-XE5S_2025_0526_1101,9.999999999994457e-05,0.5
KHT-XE5S,2025-10-12 08:30:00,9.3727,10.714,KHT-XE5S_2025_0526_1101,0.0,0.5
KHT-XE5S,2025-10-12 08:40:00,9.3716,10.714,KHT-XE5S_2025_0526_1101,0.0,0.5
KHT-XE5S,2025-10-12 08:50:00,9.3714,10.714,KHT-XE5S_2025_0526_1101,0.0,0.5
KHT-XE5S,2025-10-12 09:00:00,9.371,10.712,KHT-XE5S_2025_0526_1101,0.0002000000000000668,0.5
KHT-XE5S,2025-10-12 09:10:00,9.3711,10.713,KHT-XE5S_2025_0526_1101,9.999999999994457e-05,0.5
KHT-XE5S,2025-10-12 09:20:00,9.37,10.711,KHT-XE5S_2025_0526_1101,0.00019999999999988915,0.5
KHT-XE5S,2025-10-12 09:30:00,9.3692,10.712,KHT-XE5S_2025_0526_1101,9.999999999994457e-05,0.5
KHT-XE5S,2025-10-12 09:40:00,9.3694,10.712,KHT-XE5S_2025_0526_1101,0.0,0.5
KHT-XE5S,2025-10-12 09:50:00,9.369,10.712,KHT-XE5S_2025_0526_1101,0.0,0.5
KHT-XE5S,2025-10-12 10:00:00,9.3679,10.712,KHT-XE5S_2025_0526_1101,0.0,0.5
KHT-XE5S,2025-10-12 10:10:00,9.3667,10.712,KHT-XE5S_2025_0526_1101,0.0,0.5
KHT-XE5S,2025-10-12 10:20:00,9.3649,10.711,KHT-XE5S_2025_0526_1101,9.999999999994457e-05,0.5
KHT-XE5S,2025-10-12 10:30:00,9.3639,10.709,KHT-XE5S_2025_0526_1101,0.0002000000000000668,0.5
KHT-XE5S,2025-10-12 10:40:00,9.3625,10.712,KHT-XE5S_2025_0526_1101,0.00030000000000001136,0.5
KHT-XE5S,2025-10-12 10:50:00,9.3608,10.711,KHT-XE5S_2025_0526_1101,9.999999999994457e-05,0.5
KHT-XE5S,2025-10-12 11:00:00,9.3596,10.71,KHT-XE5S_2025_0526_1101,9.999999999994457e-05,0.5
KHT-XE5S,2025-10-12 11:10:00,9.3586,10.711,KHT-XE5S_2025_0526_1101,9.999999999994457e-05,0.5
KHT-XE5S,2025-10-12 11:20:00,9.3574,10.71,KHT-XE5S_2025_0526_1101,9.999999999994457e-05,0.5
KHT-XE5S,2025-10-12 11:30:00,9.3566,10.709,KHT-XE5S_2025_0526_1101,0.00010000000000012221,0.5
KHT-XE5S,2025-10-12 11:40:00,9.3555,10.709,KHT-XE5S_2025_0526_1101,0.0,0.5
KHT-XE5S,2025-10-12 11:50:00,9.3553,10.709,KHT-XE5S_2025_0526_1101,0.0,0.5
KHT-XE5S,2025-10-12 12:00:00,9.3536,10.708,KHT-XE5S_2025_0526_1101,9.999999999994457e-05,0.5
KHT-XE5S,2025-10-12 12:10:00,9.3522,10.707,KHT-XE5S_2025_0526_1101,9.999999999994457e-05,0.5
KHT-XE5S,2025-10-12 12:20:00,9.3508,10.707,KHT-XE5S_2025_0526_1101,0.0,0.5
KHT-XE5S,2025-10-12 12:30:00,9.3488,10.707,KHT-XE5S_2025_0526_1101,0.0,0.5
KHT-XE5S,2025-10-12 12:40:00,9.3469,10.708,KHT-XE5S_2025_0526_1101,9.999999999994457e-05,0.5
KHT-XE5S,2025-10-12 12:50:00,9.3451,10.708,KHT-XE5S_2025_0526_1101,0.0,0.5
KHT-XE5S,2025-10-12 13:00:00,9.3432,10.706,KHT-XE5S_2025_0526_1101,0.0002000000000000668,0.5
KHT-XE5S,2025-10-12 13:10:00,9.3415,10.707,KHT-XE5S_2025_0526_1101,0.00010000000000012221,0.5
KHT-XE5S,2025-10-12 13:20:00,9.3398,10.705,KHT-XE5S_2025_0526_1101,0.0002000000000000668,0.5
KHT-XE5S,2025-10-12 13:30:00,9.3392,10.706,KHT-XE5S_2025_0526_1101,9.999999999994457e-05,0.5
KHT-XE5S,2025-10-12 13:40:00,9.3374,10.705,KHT-XE5S_2025_0526_1101,9.999999999994457e-05,0.5
KHT-XE5S,2025-10-12 13:50:00,9.3366,10.707,KHT-XE5S_2025_0526_1101,0.0002000000000000668,0.5
KHT-XE5S,2025-10-12 14:00:00,9.3342,10.703,KHT-XE5S_2025_0526_1101,0.0004000000000001336,0.5
KHT-XE5S,2025-10-12 14:10:00,9.3338,10.705,KHT-XE5S_2025_0526_1101,0.0002000000000000668,0.5
KHT-XE5S,2025-10-12 14:20:00,9.3321,10.705,KHT-XE5S_2025_0526_1101,0.0,0.5
KHT-XE5S,2025-10-12 14:30:00,9.3315,10.703,KHT-XE5S_2025_0526_1101,0.0002000000000000668,0.5
KHT-XE5S,2025-10-12 14:40:00,9.3301,10.705,KHT-XE5S_2025_0526_1101,0.0002000000000000668,0.5
KHT-XE5S,2025-10-12 14:50:00,9.3296,10.704,KHT-XE5S_2025_0526_1101,9.999999999994457e-05,0.5
KHT-XE5S,2025-10-12 15:00:00,9.3279,10.704,KHT-XE5S_2025_0526_1101,0.0,0.5
KHT-XE5S,2025-10-12 15:10:00,9.3266,10.704,KHT-XE5S_2025_0526_1101,0.0,0.5
KHT-XE5S,2025-10-12 15:20:00,9.3263,10.705,KHT-XE5S_2025_0526_1101,9.999999999994457e-05,0.5
KHT-XE5S,2025-10-12 15:30:00,9.3249,10.701,KHT-XE5S_2025_0526_1101,0.00039999999999995595,0.5
KHT-XE5S,2025-10-12 15:40:00,9.324,10.703,KHT-XE5S_2025_0526_1101,0.00019999999999988915,0.5
KHT-XE5S,2025-10-12 15:50:00,9.3231,10.702,KHT-XE5S_2025_0526_1101,9.999999999994457e-05,0.5
KHT-XE5S,2025-10-12 16:00:00,9.3227,10.702,KHT-XE5S_2025_0526_1101,0.0,0.5
KHT-XE5S,2025-10-12 16:10:00,9.3215,10.703,KHT-XE5S_2025_0526_1101,9.999999999994457e-05,0.5
KHT-XE5S,2025-10-12 16:20:00,9.3218,10.703,KHT-XE5S_2025_0526_1101,0.0,0.5
KHT-XE5S,2025-10-12 16:30:00,9.3213,10.702,KHT-XE5S_2025_0526_1101,9.999999999994457e-05,0.5
KHT-XE5S,2025-10-12 16:40:00,9.3211,10.701,KHT-XE5S_2025_0526_1101,9.999999999994457e-05,0.5
KHT-XE5S,2025-10-12 16:50:00,9.3208,10.702,KHT-XE5S_2025_0526_1101,9.999999999994457e-05,0.5
KHT-XE5S,2025-10-12 17:00:00,9.3199,10.701,KHT-XE5S_2025_0526_1101,9.999999999994457e-05,0.5
KHT-XE5S,2025-10-12 17:10:00,9.3197,10.7,KHT-XE5S_2025_0526_1101,0.00010000000000012221,0.5
KHT-XE5S,2025-10-12 17:20:00,9.3193,10.701,KHT-XE5S_2025_0526_1101,0.00010000000000012221,0.5
KHT-XE5S,2025-10-12 17:30:00,9.3182,10.7,KHT-XE5S_2025_0526_1101,0.00010000000000012221,0.5
KHT-XE5S,2025-10-12 17:40:00,9.3177,10.699,KHT-XE5S_2025_0526_1101,9.999999999994457e-05,0.5
KHT-XE5S,2025-10-12 17:50:00,9.3174,10.702,KHT-XE5S_2025_0526_1101,0.00030000000000001136,0.5
KHT-XE5S,2025-10-12 18:00:00,9.3175,10.699,KHT-XE5S_2025_0526_1101,0.00030000000000001136,0.5
KHT-XE5S,2025-10-12 18:10:00,9.318,10.699,KHT-XE5S_2025_0526_1101,0.0,0.5
KHT-XE5S,2025-10-12 18:20:00,9.3174,10.698,KHT-XE5S_2025_0526_1101,9.999999999994457e-05,0.5
KHT-XE5S,2025-10-12 18:30:00,9.3171,10.699,KHT-XE5S_2025_0526_1101,9.999999999994457e-05,0.5
KHT-XE5S,2025-10-12 18:40:00,9.3167,10.698,KHT-XE5S_2025_0526_1101,9.999999999994457e-05,0.5
KHT-XE5S,2025-10-12 18:50:00,9.3168,10.699,KHT-XE5S_2025_0526_1101,9.999999999994457e-05,0.5
KHT-XE5S,2025-10-12 19:00:00,9.3167,10.698,KHT-XE5S_2025_0526_1101,9.999999999994457e-05,0.5
KHT-XE5S,2025-10-12 19:10:00,9.3163,10.698,KHT-XE5S_2025_0526_1101,0.0,0.5
KHT-XE5S,2025-10-12 19:20:00,9.317,10.696,KHT-XE5S_2025_0526_1101,0.0002000000000000668,0.5
KHT-XE5S,2025-10-12 19:30:00,9.3173,10.699,KHT-XE5S_2025_0526_1101,0.00030000000000001136,0.5
KHT-XE5S,2025-10-12 19:40:00,9.3162,10.697,KHT-XE5S_2025_0526_1101,0.0002000000000000668,0.5
KHT-XE5S,2025-10-12 19:50:00,9.3164,10.698,KHT-XE5S_2025_0526_1101,0.00010000000000012221,0.5
KHT-XE5S,2025-10-12 20:00:00,9.3157,10.696,KHT-XE5S_2025_0526_1101,0.0002000000000000668,0.5
KHT-XE5S,2025-10-12 20:10:00,9.3159,10.698,KHT-XE5S_2025_0526_1101,0.0002000000000000668,0.5
KHT-XE5S,2025-10-12 20:20:00,9.3149,10.697,KHT-XE5S_2025_0526_1101,0.00010000000000012221,0.5
KHT-XE5S,2025-10-12 20:30:00,9.316,10.696,KHT-XE5S_2025_0526_1101,9.999999999994457e-05,0.5
KHT-XE5S,2025-10-12 20:40:00,9.3155,10.697,KHT-XE5S_2025_0526_1101,9.999999999994457e-05,0.5
KHT-XE5S,2025-10-12 20:50:00,9.317,10.694,KHT-XE5S_2025_0526_1101,0.0002999999999998337,0.5
KHT-XE5S,2025-10-12 21:00:00,9.3164,10.696,KHT-XE5S_2025_0526_1101,0.00019999999999988915,0.5
KHT-XE5S,2025-10-12 21:10:00,9.3174,10.694,KHT-XE5S_2025_0526_1101,0.00019999999999988915,0.5
KHT-XE5S,2025-10-12 21:20:00,9.3174,10.694,KHT-XE5S_2025_0526_1101,0.0,0.5
KHT-XE5S,2025-10-12 21:30:00,9.3158,10.694,KHT-XE5S_2025_0526_1101,0.0,0.5
KHT-XE5S,2025-10-12 21:40:00,9.3159,10.694,KHT-XE5S_2025_0526_1101,0.0,0.5
KHT-XE5S,2025-10-12 21:50:00,9.3166,10.695,KHT-XE5S_2025_0526_1101,9.999999999994457e-05,0.5
KHT-XE5S,2025-10-12 22:00:00,9.3151,10.693,KHT-XE5S_2025_0526_1101,0.0002000000000000668,0.5
KHT-XE5S,2025-10-12 22:10:00,9.3149,10.695,KHT-XE5S_2025_0526_1101,0.0002000000000000668,0.5
KHT-XE5S,2025-10-12 22:20:00,9.3137,10.695,KHT-XE5S_2025_0526_1101,0.0,0.5
KHT-XE5S,2025-10-12 22:30:00,9.3126,10.693,KHT-XE5S_2025_0526_1101,0.0002000000000000668,0.5
KHT-XE5S,2025-10-12 22:40:00,9.3118,10.692,KHT-XE5S_2025_0526_1101,9.999999999994457e-05,0.5
KHT-XE5S,2025-10-12 22:50:00,9.3097,10.694,KHT-XE5S_2025_0526_1101,0.0002000000000000668,0.5
KHT-XE5S,2025-10-12 23:00:00,9.3098,10.692,KHT-XE5S_2025_0526_1101,0.0002000000000000668,0.5
KHT-XE5S,2025-10-12 23:10:00,9.3107,10.693,KHT-XE5S_2025_0526_1101,9.999999999994457e-05,0.5
KHT-XE5S,2025-10-12 23:20:00,9.3101,10.692,KHT-XE5S_2025_0526_1101,9.999999999994457e-05,0.5
KHT-XE5S,2025-10-12 23:30:00,9.309,10.69,KHT-XE5S_2025_0526_1101,0.0002000000000000668,0.5
KHT-XE5S,2025-10-12 23:40:00,9.3086,10.691,KHT-XE5S_2025_0526_1101,0.00010000000000012221,0.5
KHT-XE5S,2025-10-12 23:50:00,9.3086,10.69,KHT-XE5S_2025_0526_1101,0.00010000000000012221,0.5
KHT-XE5S,2025-10-13 00:00:00,9.308,10.69,KHT-XE5S_2025_0526_1101,0.0,0.5
KHT-XE5S,2025-10-13 00:10:00,9.3086,10.691,KHT-XE5S_2025_0526_1101,0.00010000000000012221,0.5
KHT-XE5S,2025-10-13 00:20:00,9.3086,10.69,KHT-XE5S_2025_0526_1101,0.00010000000000012221,0.5
KHT-XE5S,2025-10-13 00:30:00,9.3075,10.688,KHT-XE5S_2025_0526_1101,0.00019999999999988915,0.5
KHT-XE5S,2025-10-13 00:40:00,9.307,10.69,KHT-XE5S_2025_0526_1101,0.00019999999999988915,0.5
KHT-XE5S,2025-10-13 00:50:00,9.306,10.69,KHT-XE5S_2025_0526_1101,0.0,0.5
KHT-XE5S,2025-10-13 01:00:00,9.3055,10.691,KHT-XE5S_2025_0526_1101,0.00010000000000012221,0.5
KHT-XE5S,2025-10-13 01:10:00,9.3041,10.689,KHT-XE5S_2025_0526_1101,0.0002000000000000668,0.5
KHT-XE5S,2025-10-13 01:20:00,9.304,10.688,KHT-XE5S_2025_0526_1101,9.999999999994457e-05,0.5
KHT-XE5S,2025-10-13 01:30:00,9.3033,10.687,KHT-XE5S_2025_0526_1101,0.00010000000000012221,0.5
KHT-XE5S,2025-10-13 01:40:00,9.3029,10.69,KHT-XE5S_2025_0526_1101,0.00030000000000001136,0.5
KHT-XE5S,2025-10-13 01:50:00,9.3021,10.689,KHT-XE5S_2025_0526_1101,9.999999999994457e-05,0.5
KHT-XE5S,2025-10-13 02:00:00,9.3025,10.685,KHT-XE5S_2025_0526_1101,0.00039999999999995595,0.5
KHT-XE5S,2025-10-13 02:10:00,9.3027,10.686,KHT-XE5S_2025_0526_1101,9.999999999994457e-05,0.5
KHT-XE5S,2025-10-13 02:20:00,9.3025,10.687,KHT-XE5S_2025_0526_1101,9.999999999994457e-05,0.5
KHT-XE5S,2025-10-13 02:30:00,9.3024,10.688,KHT-XE5S_2025_0526_1101,0.00010000000000012221,0.5
KHT-XE5S,2025-10-13 02:40:00,9.3016,10.686,KHT-XE5S_2025_0526_1101,0.0002000000000000668,0.5
KHT-XE5S,2025-10-13 02:50:00,9.3017,10.686,KHT-XE5S_2025_0526_1101,0.0,0.5
KHT-XE5S,2025-10-13 03:00:00,9.301,10.689,KHT-XE5S_2025_0526_1101,0.00030000000000001136,0.5
KHT-XE5S,2025-10-13 03:10:00,9.2998,10.686,KHT-XE5S_2025_0526_1101,0.00030000000000001136,0.5
KHT-XE5S,2025-10-13 03:20:00,9.2983,10.686,KHT-XE5S_2025_0526_1101,0.0,0.5
KHT-XE5S,2025-10-13 03:30:00,9.2982,10.685,KHT-XE5S_2025_0526_1101,9.999999999994457e-05,0.5
KHT-XE5S,2025-10-13 03:40:00,9.2977,10.683,KHT-XE5S_2025_0526_1101,0.0002000000000000668,0.5
KHT-XE5S,2025-10-13 03:50:00,9.2985,10.682,KHT-XE5S_2025_0526_1101,9.999999999994457e-05,0.5
KHT-XE5S,2025-10-13 04:00:00,9.2984,10.685,KHT-XE5S_2025_0526_1101,0.00030000000000001136,0.5
KHT-XE5S,2025-10-13 04:10:00,9.298,10.684,KHT-XE5S_2025_0526_1101,0.00010000000000012221,0.5
KHT-XE5S,2025-10-13 04:20:00,9.2972,10.685,KHT-XE5S_2025_0526_1101,0.00010000000000012221,0.5
KHT-XE5S,2025-10-13 04:30:00,9.2974,10.683,KHT-XE5S_2025_0526_1101,0.0002000000000000668,0.5
KHT-XE5S,2025-10-13 04:40:00,9.2969,10.685,KHT-XE5S_2025_0526_1101,0.0002000000000000668,0.5
KHT-XE5S,2025-10-13 04:50:00,9.2964,10.684,KHT-XE5S_2025_0526_1101,0.00010000000000012221,0.5
KHT-XE5S,2025-10-13 05:00:00,9.2965,10.684,KHT-XE5S_2025_0526_1101,0.0,0.5
KHT-XE5S,2025-10-13 05:10:00,9.2958,10.682,KHT-XE5S_2025_0526_1101,0.00019999999999988915,0.5
KHT-XE5S,2025-10-13 05:20:00,9.2953,10.684,KHT-XE5S_2025_0526_1101,0.00019999999999988915,0.5
KHT-XE5S,2025-10-13 05:30:00,9.2954,10.684,KHT-XE5S_2025_0526_1101,0.0,0.5
KHT-XE5S,2025-10-13 05:40:00,9.2957,10.681,KHT-XE5S_2025_0526_1101,0.00030000000000001136,0.5
KHT-XE5S,2025-10-13 05:50:00,9.2959,10.684,KHT-XE5S_2025_0526_1101,0.00030000000000001136,0.5
KHT-XE5S,2025-10-13 06:00:00,9.2961,10.683,KHT-XE5S_2025_0526_1101,9.999999999994457e-05,0.5
KHT-XE5S,2025-10-13 06:10:00,9.2953,10.68,KHT-XE5S_2025_0526_1101,0.00030000000000001136,0.5
KHT-XE5S,2025-10-13 06:20:00,9.2957,10.68,KHT-XE5S_2025_0526_1101,0.0,0.5
KHT-XE5S,2025-10-13 06:30:00,9.2954,10.68,KHT-XE5S_2025_0526_1101,0.0,0.5
KHT-XE5S,2025-10-13 06:40:00,9.2947,10.68,KHT-XE5S_2025_0526_1101,0.0,0.5
KHT-XE5S,2025-10-13 06:50:00,9.2932,10.68,KHT-XE5S_2025_0526_1101,0.0,0.5
KHT-XE5S,2025-10-13 07:00:00,9.2919,10.68,KHT-XE5S_2025_0526_1101,0.0,0.5
KHT-XE5S,2025-10-13 07:10:00,9.2881,10.679,KHT-XE5S_2025_0526_1101,9.999999999994457e-05,0.5
KHT-XE5S,2025-10-13 07:20:00,9.2913,10.68,KHT-XE5S_2025_0526_1101,9.999999999994457e-05,0.5
KHT-XE5S,2025-10-13 07:30:00,9.2912,10.68,KHT-XE5S_2025_0526_1101,0.0,0.5
KHT-XE5S,2025-10-13 07:40:00,9.2918,10.678,KHT-XE5S_2025_0526_1101,0.00019999999999988915,0.5
KHT-XE5S,2025-10-13 07:50:00,9.2928,10.679,KHT-XE5S_2025_0526_1101,9.999999999994457e-05,0.5
KHT-XE5S,2025-10-13 08:00:00,9.2919,10.677,KHT-XE5S_2025_0526_1101,0.0002000000000000668,0.5
KHT-XE5S,2025-10-13 08:10:00,9.2918,10.678,KHT-XE5S_2025_0526_1101,0.00010000000000012221,0.5
KHT-XE5S,2025-10-13 08:20:00,9.2918,10.678,KHT-XE5S_2025_0526_1101,0.0,0.5
KHT-XE5S,2025-10-13 08:30:00,9.2923,10.678,KHT-XE5S_2025_0526_1101,0.0,0.5
KHT-XE5S,2025-10-13 08:40:00,9.2912,10.678,KHT-XE5S_2025_0526_1101,0.0,0.5
KHT-XE5S,2025-10-13 08:50:00,9.292,10.677,KHT-XE5S_2025_0526_1101,0.00010000000000012221,0.5
KHT-XE5S,2025-10-13 09:00:00,9.2913,10.677,KHT-XE5S_2025_0526_1101,0.0,0.5
KHT-XE5S,2025-10-13 09:10:00,9.2914,10.677,KHT-XE5S_2025_0526_1101,0.0,0.5
KHT-XE5S,2025-10-13 09:20:00,9.292,10.677,KHT-XE5S_2025_0526_1101,0.0,0.5
KHT-XE5S,2025-10-13 09:30:00,9.2919,10.677,KHT-XE5S_2025_0526_1101,0.0,0.5
KHT-XE5S,2025-10-13 09:40:00,9.2914,10.679,KHT-XE5S_2025_0526_1101,0.0002000000000000668,0.5
KHT-XE5S,2025-10-13 09:50:00,9.2913,10.677,KHT-XE5S_2025_0526_1101,0.0002000000000000668,0.5
KHT-XE5S,2025-10-13 10:00:00,9.2904,10.675,KHT-XE5S_2025_0526_1101,0.00019999999999988915,0.5
KHT-XE5S,2025-10-13 10:10:00,9.2905,10.676,KHT-XE5S_2025_0526_1101,9.999999999994457e-05,0.5
KHT-XE5S,2025-10-13 10:20:00,9.2899,10.674,KHT-XE5S_2025_0526_1101,0.0002000000000000668,0.5
KHT-XE5S,2025-10-13 10:30:00,9.2899,10.674,KHT-XE5S_2025_0526_1101,0.0,0.5
KHT-XE5S,2025-10-13 10:40:00,9.2901,10.676,KHT-XE5S_2025_0526_1101,0.0002000000000000668,0.5
KHT-XE5S,2025-10-13 10:50:00,9.2908,10.677,KHT-XE5S_2025_0526_1101,9.999999999994457e-05,0.5
KHT-XE5S,2025-10-13 11:00:00,9.2912,10.675,KHT-XE5S_2025_0526_1101,0.00019999999999988915,0.5
KHT-XE5S,2025-10-13 11:10:00,9.2907,10.675,KHT-XE5S_2025_0526_1101,0.0,0.5
KHT-XE5S,2025-10-13 11:20:00,9.2907,10.673,KHT-XE5S_2025_0526_1101,0.0002000000000000668,0.5
KHT-XE5S,2025-10-13 11:30:00,9.2908,10.674,KHT-XE5S_2025_0526_1101,9.999999999994457e-05,0.5
KHT-XE5S,2025-10-13 11:40:00,9.2911,10.674,KHT-XE5S_2025_0526_1101,0.0,0.5
KHT-XE5S,2025-10-13 11:50:00,9.2921,10.674,KHT-XE5S_2025_0526_1101,0.0,0.5
KHT-XE5S,2025-10-13 12:00:00,9.2905,10.674,KHT-XE5S_2025_0526_1101,0.0,0.5
KHT-XE5S,2025-10-13 12:10:00,9.2901,10.672,KHT-XE5S_2025_0526_1101,0.00019999999999988915,0.5
KHT-XE5S,2025-10-13 12:20:00,9.2893,10.671,KHT-XE5S_2025_0526_1101,0.00010000000000012221,0.5
KHT-XE5S,2025-10-13 12:30:00,9.289,10.673,KHT-XE5S_2025_0526_1101,0.0002000000000000668,0.5
KHT-XE5S,2025-10-13 12:40:00,9.2875,10.671,KHT-XE5S_2025_0526_1101,0.0002000000000000668,0.5
KHT-XE5S,2025-10-13 12:50:00,9.2864,10.672,KHT-XE5S_2025_0526_1101,0.00010000000000012221,0.5
KHT-XE5S,2025-10-13 13:00:00,9.2866,10.672,KHT-XE5S_2025_0526_1101,0.0,0.5
KHT-XE5S,2025-10-13 13:10:00,9.2857,10.67,KHT-XE5S_2025_0526_1101,0.0002000000000000668,0.5
KHT-XE5S,2025-10-13 13:20:00,9.2859,10.673,KHT-XE5S_2025_0526_1101,0.00030000000000001136,0.5
KHT-XE5S,2025-10-13 13:30:00,9.2855,10.67,KHT-XE5S_2025_0526_1101,0.00030000000000001136,0.5
KHT-XE5S,2025-10-13 13:40:00,9.2858,10.67,KHT-XE5S_2025_0526_1101,0.0,0.5
KHT-XE5S,2025-10-13 13:50:00,9.2858,10.669,KHT-XE5S_2025_0526_1101,9.999999999994457e-05,0.5
KHT-XE5S,2025-10-13 14:00:00,9.2855,10.67,KHT-XE5S_2025_0526_1101,9.999999999994457e-05,0.5
KHT-XE5S,2025-10-13 14:10:00,9.2837,10.67,KHT-XE5S_2025_0526_1101,0.0,0.5
KHT-XE5S,2025-10-13 14:20:00,9.2843,10.667,KHT-XE5S_2025_0526_1101,0.00030000000000001136,0.5
KHT-XE5S,2025-10-13 14:30:00,9.2857,10.67,KHT-XE5S_2025_0526_1101,0.00030000000000001136,0.5
KHT-XE5S,2025-10-13 14:40:00,9.2843,10.667,KHT-XE5S_2025_0526_1101,0.00030000000000001136,0.5
KHT-XE5S,2025-10-13 14:50:00,9.2844,10.67,KHT-XE5S_2025_0526_1101,0.00030000000000001136,0.5
KHT-XE5S,2025-10-13 15:00:00,9.2839,10.669,KHT-XE5S_2025_0526_1101,9.999999999994457e-05,0.5
KHT-XE5S,2025-10-13 15:10:00,9.2843,10.668,KHT-XE5S_2025_0526_1101,0.00010000000000012221,0.5
KHT-XE5S,2025-10-13 15:20:00,9.2836,10.668,KHT-XE5S_2025_0526_1101,0.0,0.5
KHT-XE5S,2025-10-13 15:30:00,9.2841,10.667,KHT-XE5S_2025_0526_1101,9.999999999994457e-05,0.5
KHT-XE5S,2025-10-13 15:40:00,9.2833,10.668,KHT-XE5S_2025_0526_1101,9.999999999994457e-05,0.5
KHT-XE5S,2025-10-13 15:50:00,9.2838,10.667,KHT-XE5S_2025_0526_1101,9.999999999994457e-05,0.5
KHT-XE5S,2025-10-13 16:00:00,9.284,10.667,KHT-XE5S_2025_0526_1101,0.0,0.5
KHT-XE5S,2025-10-13 16:10:00,9.2841,10.667,KHT-XE5S_2025_0526_1101,0.0,0.5
KHT-XE5S,2025-10-13 16:20:00,9.2843,10.667,KHT-XE5S_2025_0526_1101,0.0,0.5
KHT-XE5S,2025-10-13 16:30:00,9.2824,10.667,KHT-XE5S_2025_0526_1101,0.0,0.5
KHT-XE5S,2025-10-13 16:40:00,9.2835,10.666,KHT-XE5S_2025_0526_1101,9.999999999994457e-05,0.5
KHT-XE5S,2025-10-13 16:50:00,9.2851,10.665,KHT-XE5S_2025_0526_1101,0.00010000000000012221,0.5
KHT-XE5S,2025-10-13 17:00:00,9.2857,10.666,KHT-XE5S_2025_0526_1101,0.00010000000000012221,0.5
KHT-XE5S,2025-10-13 17:10:00,9.2856,10.666,KHT-XE5S_2025_0526_1101,0.0,0.5
KHT-XE5S,2025-10-13 17:20:00,9.285,10.665,KHT-XE5S_2025_0526_1101,0.00010000000000012221,0.5
KHT-XE5S,2025-10-13 17:30:00,9.2851,10.665,KHT-XE5S_2025_0526_1101,0.0,0.5
KHT-XE5S,2025-10-13 17:40:00,9.2851,10.664,KHT-XE5S_2025_0526_1101,9.999999999994457e-05,0.5
KHT-XE5S,2025-10-13 17:50:00,9.2845,10.665,KHT-XE5S_2025_0526_1101,9.999999999994457e-05,0.5
KHT-XE5S,2025-10-13 18:00:00,9.2859,10.662,KHT-XE5S_2025_0526_1101,0.0002999999999998337,0.5
KHT-XE5S,2025-10-13 18:10:00,9.2871,10.663,KHT-XE5S_2025_0526_1101,9.999999999994457e-05,0.5
KHT-XE5S,2025-10-13 18:20:00,9.2871,10.663,KHT-XE5S_2025_0526_1101,0.0,0.5
KHT-XE5S,2025-10-13 18:30:00,9.2868,10.664,KHT-XE5S_2025_0526_1101,9.999999999994457e-05,0.5
KHT-XE5S,2025-10-13 18:40:00,9.2859,10.663,KHT-XE5S_2025_0526_1101,9.999999999994457e-05,0.5
KHT-XE5S,2025-10-13 18:50:00,9.2864,10.663,KHT-XE5S_2025_0526_1101,0.0,0.5
KHT-XE5S,2025-10-13 19:00:00,9.2873,10.662,KHT-XE5S_2025_0526_1101,9.999999999994457e-05,0.5
KHT-XE5S,2025-10-13 19:10:00,9.2889,10.663,KHT-XE5S_2025_0526_1101,9.999999999994457e-05,0.5
KHT-XE5S,2025-10-13 19:20:00,9.29,10.662,KHT-XE5S_2025_0526_1101,9.999999999994457e-05,0.5
KHT-XE5S,2025-10-13 19:30:00,9.2904,10.661,KHT-XE5S_2025_0526_1101,0.00010000000000012221,0.5
KHT-XE5S,2025-10-13 19:40:00,9.2916,10.662,KHT-XE5S_2025_0526_1101,0.00010000000000012221,0.5
KHT-XE5S,2025-10-13 19:50:00,9.292,10.663,KHT-XE5S_2025_0526_1101,9.999999999994457e-05,0.5
KHT-XE5S,2025-10-13 20:00:00,9.2925,10.662,KHT-XE5S_2025_0526_1101,9.999999999994457e-05,0.5
KHT-XE5S,2025-10-13 20:10:00,9.2949,10.66,KHT-XE5S_2025_0526_1101,0.0002000000000000668,0.5
KHT-XE5S,2025-10-13 20:20:00,9.296,10.66,KHT-XE5S_2025_0526_1101,0.0,0.5
KHT-XE5S,2025-10-13 20:30:00,9.2961,10.66,KHT-XE5S_2025_0526_1101,0.0,0.5
KHT-XE5S,2025-10-13 20:40:00,9.2968,10.662,KHT-XE5S_2025_0526_1101,0.0002000000000000668,0.5
KHT-XE5S,2025-10-13 20:50:00,9.2984,10.66,KHT-XE5S_2025_0526_1101,0.0002000000000000668,0.5
KHT-XE5S,2025-10-13 21:00:00,9.2989,10.66,KHT-XE5S_2025_0526_1101,0.0,0.5
KHT-XE5S,2025-10-13 21:10:00,9.2995,10.66,KHT-XE5S_2025_0526_1101,0.0,0.5
KHT-XE5S,2025-10-13 21:20:00,9.3005,10.66,KHT-XE5S_2025_0526_1101,0.0,0.5
KHT-XE5S,2025-10-13 21:30:00,9.3008,10.658,KHT-XE5S_2025_0526_1101,0.0002000000000000668,0.5
KHT-XE5S,2025-10-13 21:40:00,9.3014,10.658,KHT-XE5S_2025_0526_1101,0.0,0.5
KHT-XE5S,2025-10-13 21:50:00,9.303,10.658,KHT-XE5S_2025_0526_1101,0.0,0.5
KHT-XE5S,2025-10-13 22:00:00,9.3048,10.658,KHT-XE5S_2025_0526_1101,0.0,0.5
KHT-XE5S,2025-10-13 22:10:00,9.3052,10.66,KHT-XE5S_2025_0526_1101,0.0002000000000000668,0.5
KHT-XE5S,2025-10-13 22:20:00,9.3059,10.657,KHT-XE5S_2025_0526_1101,0.00030000000000001136,0.5
KHT-XE5S,2025-10-13 22:30:00,9.3055,10.658,KHT-XE5S_2025_0526_1101,9.999999999994457e-05,0.5
KHT-XE5S,2025-10-13 22:40:00,9.3042,10.657,KHT-XE5S_2025_0526_1101,9.999999999994457e-05,0.5
KHT-XE5S,2025-10-13 22:50:00,9.3049,10.658,KHT-XE5S_2025_0526_1101,9.999999999994457e-05,0.5
KHT-XE5S,2025-10-13 23:00:00,9.3051,10.658,KHT-XE5S_2025_0526_1101,0.0,0.5
KHT-XE5S,2025-10-13 23:10:00,9.3055,10.656,KHT-XE5S_2025_0526_1101,0.00019999999999988915,0.5
KHT-XE5S,2025-10-13 23:20:00,9.3052,10.656,KHT-XE5S_2025_0526_1101,0.0,0.5
KHT-XE5S,2025-10-13 23:30:00,9.3056,10.657,KHT-XE5S_2025_0526_1101,9.999999999994457e-05,0.5
KHT-XE5S,2025-10-13 23:40:00,9.3049,10.656,KHT-XE5S_2025_0526_1101,9.999999999994457e-05,0.5
KHT-XE5S,2025-10-13 23:50:00,9.3045,10.655,KHT-XE5S_2025_0526_1101,0.00010000000000012221,0.5
KHT-XE5S,2025-10-14 00:00:00,9.305,10.656,KHT-XE5S_2025_0526_1101,0.00010000000000012221,0.5
KHT-XE5S,2025-10-14 00:10:00,9.3052,10.654,KHT-XE5S_2025_0526_1101,0.0002000000000000668,0.5
KHT-XE5S,2025-10-14 00:20:00,9.305,10.653,KHT-XE5S_2025_0526_1101,9.999999999994457e-05,0.5
KHT-XE5S,2025-10-14 00:30:00,9.3063,10.655,KHT-XE5S_2025_0526_1101,0.00019999999999988915,0.5
KHT-XE5S,2025-10-14 00:40:00,9.3066,10.655,KHT-XE5S_2025_0526_1101,0.0,0.5
KHT-XE5S,2025-10-14 00:50:00,9.3065,10.652,KHT-XE5S_2025_0526_1101,0.00030000000000001136,0.5
KHT-XE5S,2025-10-14 01:00:00,9.3078,10.656,KHT-XE5S_2025_0526_1101,0.0004000000000001336,0.5
KHT-XE5S,2025-10-14 01:10:00,9.3067,10.653,KHT-XE5S_2025_0526_1101,0.00030000000000001136,0.5
KHT-XE5S,2025-10-14 01:20:00,9.3053,10.652,KHT-XE5S_2025_0526_1101,0.00010000000000012221,0.5
KHT-XE5S,2025-10-14 01:30:00,9.3056,10.652,KHT-XE5S_2025_0526_1101,0.0,0.5
KHT-XE5S,2025-10-14 01:40:00,9.3061,10.653,KHT-XE5S_2025_0526_1101,0.00010000000000012221,0.5
KHT-XE5S,2025-10-14 01:50:00,9.3066,10.654,KHT-XE5S_2025_0526_1101,9.999999999994457e-05,0.5
KHT-XE5S,2025-10-14 02:00:00,9.3073,10.654,KHT-XE5S_2025_0526_1101,0.0,0.5
KHT-XE5S,2025-10-14 02:10:00,9.3074,10.654,KHT-XE5S_2025_0526_1101,0.0,0.5
KHT-XE5S,2025-10-14 02:20:00,9.3079,10.652,KHT-XE5S_2025_0526_1101,0.0002000000000000668,0.5
KHT-XE5S,2025-10-14 02:30:00,9.308,10.651,KHT-XE5S_2025_0526_1101,9.999999999994457e-05,0.5
KHT-XE5S,2025-10-14 02:40:00,9.3085,10.652,KHT-XE5S_2025_0526_1101,9.999999999994457e-05,0.5
KHT-XE5S,2025-10-14 02:50:00,9.307,10.651,KHT-XE5S_2025_0526_1101,9.999999999994457e-05,0.5
KHT-XE5S,2025-10-14 03:00:00,9.3061,10.651,KHT-XE5S_2025_0526_1101,0.0,0.5
KHT-XE5S,2025-10-14 03:10:00,9.3071,10.652,KHT-XE5S_2025_0526_1101,9.999999999994457e-05,0.5
KHT-XE5S,2025-10-14 03:20:00,9.3067,10.651,KHT-XE5S_2025_0526_1101,9.999999999994457e-05,0.5
KHT-XE5S,2025-10-14 03:30:00,9.3074,10.65,KHT-XE5S_2025_0526_1101,9.999999999994457e-05,0.5
KHT-XE5S,2025-10-14 03:40:00,9.3078,10.649,KHT-XE5S_2025_0526_1101,0.00010000000000012221,0.5
KHT-XE5S,2025-10-14 03:50:00,9.3072,10.65,KHT-XE5S_2025_0526_1101,0.00010000000000012221,0.5
KHT-XE5S,2025-10-14 04:00:00,9.3075,10.651,KHT-XE5S_2025_0526_1101,9.999999999994457e-05,0.5
KHT-XE5S,2025-10-14 04:10:00,9.3068,10.65,KHT-XE5S_2025_0526_1101,9.999999999994457e-05,0.5
KHT-XE5S,2025-10-14 04:20:00,9.307,10.649,KHT-XE5S_2025_0526_1101,0.00010000000000012221,0.5
KHT-XE5S,2025-10-14 04:30:00,9.3057,10.649,KHT-XE5S_2025_0526_1101,0.0,0.5
KHT-XE5S,2025-10-14 04:40:00,9.3048,10.649,KHT-XE5S_2025_0526_1101,0.0,0.5
KHT-XE5S,2025-10-14 04:50:00,9.3064,10.647,KHT-XE5S_2025_0526_1101,0.00019999999999988915,0.5
KHT-XE5S,2025-10-14 05:00:00,9.3079,10.647,KHT-XE5S_2025_0526_1101,0.0,0.5
KHT-XE5S,2025-10-14 05:10:00,9.3087,10.648,KHT-XE5S_2025_0526_1101,9.999999999994457e-05,0.5
KHT-XE5S,2025-10-14 05:20:00,9.3094,10.648,KHT-XE5S_2025_0526_1101,0.0,0.5
KHT-XE5S,2025-10-14 05:30:00,9.3104,10.648,KHT-XE5S_2025_0526_1101,0.0,0.5
KHT-XE5S,2025-10-14 05:40:00,9.3102,10.647,KHT-XE5S_2025_0526_1101,9.999999999994457e-05,0.5
KHT-XE5S,2025-10-14 05:50:00,9.3114,10.647,KHT-XE5S_2025_0526_1101,0.0,0.5
KHT-XE5S,2025-10-14 06:00:00,9.3115,10.646,KHT-XE5S_2025_0526_1101,9.999999999994457e-05,0.5
KHT-XE5S,2025-10-14 06:10:00,9.3119,10.645,KHT-XE5S_2025_0526_1101,0.00010000000000012221,0.5
KHT-XE5S,2025-10-14 06:20:00,9.3123,10.646,KHT-XE5S_2025_0526_1101,0.00010000000000012221,0.5
KHT-XE5S,2025-10-14 06:30:00,9.3128,10.645,KHT-XE5S_2025_0526_1101,0.00010000000000012221,0.5
KHT-XE5S,2025-10-14 06:40:00,9.3115,10.646,KHT-XE5S_2025_0526_1101,0.00010000000000012221,0.5
KHT-XE5S,2025-10-14 06:50:00,9.314,10.644,KHT-XE5S_2025_0526_1101,0.0002000000000000668,0.5
KHT-XE5S,2025-10-14 07:00:00,9.3132,10.646,KHT-XE5S_2025_0526_1101,0.0002000000000000668,0.5
KHT-XE5S,2025-10-14 07:10:00,9.3148,10.646,KHT-XE5S_2025_0526_1101,0.0,0.5
KHT-XE5S,2025-10-14 07:20:00,9.3156,10.645,KHT-XE5S_2025_0526_1101,0.00010000000000012221,0.5
KHT-XE5S,2025-10-14 07:30:00,9.3159,10.646,KHT-XE5S_2025_0526_1101,0.00010000000000012221,0.5
KHT-XE5S,2025-10-14 07:40:00,9.317,10.644,KHT-XE5S_2025_0526_1101,0.0002000000000000668,0.5
KHT-XE5S,2025-10-14 07:50:00,9.319,10.644,KHT-XE5S_2025_0526_1101,0.0,0.5
KHT-XE5S,2025-10-14 08:00:00,9.3187,10.645,KHT-XE5S_2025_0526_1101,9.999999999994457e-05,0.5
KHT-XE5S,2025-10-14 08:10:00,9.3194,10.644,KHT-XE5S_2025_0526_1101,9.999999999994457e-05,0.5
KHT-XE5S,2025-10-14 08:20:00,9.3205,10.645,KHT-XE5S_2025_0526_1101,9.999999999994457e-05,0.5
KHT-XE5S,2025-10-14 08:30:00,9.3203,10.643,KHT-XE5S_2025_0526_1101,0.00019999999999988915,0.5
KHT-XE5S,2025-10-14 08:40:00,9.3216,10.642,KHT-XE5S_2025_0526_1101,0.00010000000000012221,0.5
KHT-XE5S,2025-10-14 08:50:00,9.3224,10.642,KHT-XE5S_2025_0526_1101,0.0,0.5
KHT-XE5S,2025-10-14 09:00:00,9.3227,10.641,KHT-XE5S_2025_0526_1101,9.999999999994457e-05,0.5
KHT-XE5S,2025-10-14 09:10:00,9.3225,10.641,KHT-XE5S_2025_0526_1101,0.0,0.5
KHT-XE5S,2025-10-14 09:20:00,9.3234,10.64,KHT-XE5S_2025_0526_1101,9.999999999994457e-05,0.5
KHT-XE5S,2025-10-14 09:30:00,9.3243,10.641,KHT-XE5S_2025_0526_1101,9.999999999994457e-05,0.5
KHT-XE5S,2025-10-14 09:40:00,9.3246,10.641,KHT-XE5S_2025_0526_1101,0.0,0.5
KHT-XE5S,2025-10-14 09:50:00,9.3247,10.639,KHT-XE5S_2025_0526_1101,0.0002000000000000668,0.5
KHT-XE5S,2025-10-14 10:00:00,9.3252,10.643,KHT-XE5S_2025_0526_1101,0.0004000000000001336,0.5
KHT-XE5S,2025-10-14 10:10:00,9.3268,10.641,KHT-XE5S_2025_0526_1101,0.0002000000000000668,0.5
KHT-XE5S,2025-10-14 10:20:00,9.3263,10.642,KHT-XE5S_2025_0526_1101,9.999999999994457e-05,0.5
KHT-XE5S,2025-10-14 10:30:00,9.323,10.64,KHT-XE5S_2025_0526_1101,0.00019999999999988915,0.5
KHT-XE5S,2025-10-14 10:40:00,9.3237,10.64,KHT-XE5S_2025_0526_1101,0.0,0.5
KHT-XE5S,2025-10-14 10:50:00,9.3244,10.639,KHT-XE5S_2025_0526_1101,0.00010000000000012221,0.5
KHT-XE5S,2025-10-14 11:00:00,9.3243,10.639,KHT-XE5S_2025_0526_1101,0.0,0.5
KHT-XE5S,2025-10-14 11:10:00,9.3239,10.638,KHT-XE5S_2025_0526_1101,9.999999999994457e-05,0.5
KHT-XE5S,2025-10-14 11:20:00,9.3252,10.639,KHT-XE5S_2025_0526_1101,9.999999999994457e-05,0.5
KHT-XE5S,2025-10-14 11:30:00,9.3259,10.638,KHT-XE5S_2025_0526_1101,9.999999999994457e-05,0.5
KHT-XE5S,2025-10-14 11:40:00,9.3257,10.638,KHT-XE5S_2025_0526_1101,0.0,0.5
KHT-XE5S,2025-10-14 11:50:00,9.3267,10.638,KHT-XE5S_2025_0526_1101,0.0,0.5
KHT-XE5S,2025-10-14 12:00:00,9.3262,10.639,KHT-XE5S_2025_0526_1101,9.999999999994457e-05,0.5
KHT-XE5S,2025-10-14 12:10:00,9.3271,10.637,KHT-XE5S_2025_0526_1101,0.00019999999999988915,0.5
KHT-XE5S,2025-10-14 12:20:00,9.3271,10.637,KHT-XE5S_2025_0526_1101,0.0,0.5
KHT-XE5S,2025-10-14 12:30:00,9.3279,10.638,KHT-XE5S_2025_0526_1101,9.999999999994457e-05,0.5
KHT-XE5S,2025-10-14 12:40:00,9.3276,10.639,KHT-XE5S_2025_0526_1101,9.999999999994457e-05,0.5
KHT-XE5S,2025-10-14 12:50:00,9.327,10.637,KHT-XE5S_2025_0526_1101,0.00019999999999988915,0.5
KHT-XE5S,2025-10-14 13:00:00,9.3256,10.637,KHT-XE5S_2025_0526_1101,0.0,0.5
KHT-XE5S,2025-10-14 13:10:00,9.3247,10.638,KHT-XE5S_2025_0526_1101,9.999999999994457e-05,0.5
KHT-XE5S,2025-10-14 13:20:00,9.3232,10.637,KHT-XE5S_2025_0526_1101,9.999999999994457e-05,0.5
KHT-XE5S,2025-10-14 13:30:00,9.3238,10.635,KHT-XE5S_2025_0526_1101,0.0002000000000000668,0.5
KHT-XE5S,2025-10-14 13:40:00,9.3226,10.638,KHT-XE5S_2025_0526_1101,0.00030000000000001136,0.5
KHT-XE5S,2025-10-14 13:50:00,9.3221,10.634,KHT-XE5S_2025_0526_1101,0.00039999999999995595,0.5
KHT-XE5S,2025-10-14 14:00:00,9.323,10.635,KHT-XE5S_2025_0526_1101,9.999999999994457e-05,0.5
KHT-XE5S,2025-10-14 14:10:00,9.3231,10.636,KHT-XE5S_2025_0526_1101,9.999999999994457e-05,0.5
KHT-XE5S,2025-10-14 14:20:00,9.3239,10.633,KHT-XE5S_2025_0526_1101,0.00030000000000001136,0.5
KHT-XE5S,2025-10-14 14:30:00,9.3245,10.636,KHT-XE5S_2025_0526_1101,0.00030000000000001136,0.5
KHT-XE5S,2025-10-14 14:40:00,9.3239,10.633,KHT-XE5S_2025_0526_1101,0.00030000000000001136,0.5
KHT-XE5S,2025-10-14 14:50:00,9.3256,10.632,KHT-XE5S_2025_0526_1101,9.999999999994457e-05,0.5
KHT-XE5S,2025-10-14 15:00:00,9.3261,10.634,KHT-XE5S_2025_0526_1101,0.0002000000000000668,0.5
KHT-XE5S,2025-10-14 15:10:00,9.3269,10.633,KHT-XE5S_2025_0526_1101,0.00010000000000012221,0.5
KHT-XE5S,2025-10-14 15:20:00,9.3266,10.634,KHT-XE5S_2025_0526_1101,0.00010000000000012221,0.5
KHT-XE5S,2025-10-14 15:30:00,9.3264,10.632,KHT-XE5S_2025_0526_1101,0.0002000000000000668,0.5
KHT-XE5S,2025-10-14 15:40:00,9.3271,10.632,KHT-XE5S_2025_0526_1101,0.0,0.5
KHT-XE5S,2025-10-14 15:50:00,9.3276,10.633,KHT-XE5S_2025_0526_1101,9.999999999994457e-05,0.5
KHT-XE5S,2025-10-14 16:00:00,9.3276,10.631,KHT-XE5S_2025_0526_1101,0.00019999999999988915,0.5
KHT-XE5S,2025-10-14 16:10:00,9.3282,10.632,KHT-XE5S_2025_0526_1101,9.999999999994457e-05,0.5
KHT-XE5S,2025-10-14 16:20:00,9.3286,10.632,KHT-XE5S_2025_0526_1101,0.0,0.5
KHT-XE5S,2025-10-14 16:30:00,9.3287,10.631,KHT-XE5S_2025_0526_1101,9.999999999994457e-05,0.5
KHT-XE5S,2025-10-14 16:40:00,9.3292,10.629,KHT-XE5S_2025_0526_1101,0.0002000000000000668,0.5
KHT-XE5S,2025-10-14 16:50:00,9.3298,10.631,KHT-XE5S_2025_0526_1101,0.0002000000000000668,0.5
KHT-XE5S,2025-10-14 17:00:00,9.329,10.631,KHT-XE5S_2025_0526_1101,0.0,0.5
KHT-XE5S,2025-10-14 17:10:00,9.3295,10.632,KHT-XE5S_2025_0526_1101,9.999999999994457e-05,0.5
KHT-XE5S,2025-10-14 17:20:00,9.3305,10.629,KHT-XE5S_2025_0526_1101,0.00030000000000001136,0.5
KHT-XE5S,2025-10-14 17:30:00,9.3307,10.631,KHT-XE5S_2025_0526_1101,0.0002000000000000668,0.5
KHT-XE5S,2025-10-14 17:40:00,9.3307,10.628,KHT-XE5S_2025_0526_1101,0.00030000000000001136,0.5
KHT-XE5S,2025-10-14 17:50:00,9.3319,10.629,KHT-XE5S_2025_0526_1101,9.999999999994457e-05,0.5
KHT-XE5S,2025-10-14 18:00:00,9.3323,10.63,KHT-XE5S_2025_0526_1101,0.00010000000000012221,0.5
KHT-XE5S,2025-10-14 18:10:00,9.3325,10.628,KHT-XE5S_2025_0526_1101,0.0002000000000000668,0.5
KHT-XE5S,2025-10-14 18:20:00,9.3329,10.63,KHT-XE5S_2025_0526_1101,0.0002000000000000668,0.5
KHT-XE5S,2025-10-14 18:30:00,9.3332,10.628,KHT-XE5S_2025_0526_1101,0.0002000000000000668,0.5
KHT-XE5S,2025-10-14 18:40:00,9.3348,10.627,KHT-XE5S_2025_0526_1101,9.999999999994457e-05,0.5
KHT-XE5S,2025-10-14 18:50:00,9.335,10.629,KHT-XE5S_2025_0526_1101,0.00019999999999988915,0.5
KHT-XE5S,2025-10-14 19:00:00,9.3349,10.626,KHT-XE5S_2025_0526_1101,0.00030000000000001136,0.5
KHT-XE5S,2025-10-14 19:10:00,9.3361,10.629,KHT-XE5S_2025_0526_1101,0.00030000000000001136,0.5
KHT-XE5S,2025-10-14 19:20:00,9.3368,10.626,KHT-XE5S_2025_0526_1101,0.00030000000000001136,0.5
KHT-XE5S,2025-10-14 19:30:00,9.3376,10.626,KHT-XE5S_2025_0526_1101,0.0,0.5
KHT-XE5S,2025-10-14 19:40:00,9.3378,10.626,KHT-XE5S_2025_0526_1101,0.0,0.5
KHT-XE5S,2025-10-14 19:50:00,9.3387,10.628,KHT-XE5S_2025_0526_1101,0.0002000000000000668,0.5
KHT-XE5S,2025-10-14 20:00:00,9.3397,10.625,KHT-XE5S_2025_0526_1101,0.00030000000000001136,0.5
KHT-XE5S,2025-10-14 20:10:00,9.3405,10.626,KHT-XE5S_2025_0526_1101,9.999999999994457e-05,0.5
KHT-XE5S,2025-10-14 20:20:00,9.3414,10.626,KHT-XE5S_2025_0526_1101,0.0,0.5
KHT-XE5S,2025-10-14 20:30:00,9.3424,10.625,KHT-XE5S_2025_0526_1101,9.999999999994457e-05,0.5
KHT-XE5S,2025-10-14 20:40:00,9.3432,10.626,KHT-XE5S_2025_0526_1101,9.999999999994457e-05,0.5
KHT-XE5S,2025-10-14 20:50:00,9.3435,10.624,KHT-XE5S_2025_0526_1101,0.00019999999999988915,0.5
KHT-XE5S,2025-10-14 21:00:00,9.3445,10.625,KHT-XE5S_2025_0526_1101,9.999999999994457e-05,0.5
KHT-XE5S,2025-10-14 21:10:00,9.3449,10.625,KHT-XE5S_2025_0526_1101,0.0,0.5
KHT-XE5S,2025-10-14 21:20:00,9.3459,10.625,KHT-XE5S_2025_0526_1101,0.0,0.5
KHT-XE5S,2025-10-14 21:30:00,9.3465,10.623,KHT-XE5S_2025_0526_1101,0.0002000000000000668,0.5
KHT-XE5S,2025-10-14 21:40:00,9.3474,10.624,KHT-XE5S_2025_0526_1101,0.00010000000000012221,0.5
KHT-XE5S,2025-10-14 21:50:00,9.3489,10.622,KHT-XE5S_2025_0526_1101,0.0002000000000000668,0.5
KHT-XE5S,2025-10-14 22:00:00,9.3505,10.623,KHT-XE5S_2025_0526_1101,9.999999999994457e-05,0.5
KHT-XE5S,2025-10-14 22:10:00,9.3522,10.622,KHT-XE5S_2025_0526_1101,9.999999999994457e-05,0.5
KHT-XE5S,2025-10-14 22:20:00,9.3529,10.623,KHT-XE5S_2025_0526_1101,9.999999999994457e-05,0.5
KHT-XE5S,2025-10-14 22:30:00,9.3537,10.622,KHT-XE5S_2025_0526_1101,9.999999999994457e-05,0.5
KHT-XE5S,2025-10-14 22:40:00,9.3551,10.622,KHT-XE5S_2025_0526_1101,0.0,0.5
KHT-XE5S,2025-10-14 22:50:00,9.3567,10.621,KHT-XE5S_2025_0526_1101,9.999999999994457e-05,0.5
KHT-XE5S,2025-10-14 23:00:00,9.3569,10.621,KHT-XE5S_2025_0526_1101,0.0,0.5
KHT-XE5S,2025-10-14 23:10:00,9.3585,10.62,KHT-XE5S_2025_0526_1101,0.00010000000000012221,0.5
KHT-XE5S,2025-10-14 23:20:00,9.3602,10.621,KHT-XE5S_2025_0526_1101,0.00010000000000012221,0.5
KHT-XE5S,2025-10-14 23:30:00,9.3616,10.621,KHT-XE5S_2025_0526_1101,0.0,0.5
KHT-XE5S,2025-10-14 23:40:00,9.363,10.62,KHT-XE5S_2025_0526_1101,0.00010000000000012221,0.5
KHT-XE5S,2025-10-14 23:50:00,9.3639,10.62,KHT-XE5S_2025_0526_1101,0.0,0.5
KHT-XE5S,2025-10-15 00:00:00,9.3638,10.621,KHT-XE5S_2025_0526_1101,0.00010000000000012221,0.5
KHT-XE5S,2025-10-15 00:10:00,9.3645,10.62,KHT-XE5S_2025_0526_1101,0.00010000000000012221,0.5
KHT-XE5S,2025-10-15 00:20:00,9.3652,10.618,KHT-XE5S_2025_0526_1101,0.00019999999999988915,0.5
KHT-XE5S,2025-10-15 00:30:00,9.366,10.621,KHT-XE5S_2025_0526_1101,0.00030000000000001136,0.5
KHT-XE5S,2025-10-15 00:40:00,9.3669,10.619,KHT-XE5S_2025_0526_1101,0.0002000000000000668,0.5
KHT-XE5S,2025-10-15 00:50:00,9.3671,10.618,KHT-XE5S_2025_0526_1101,9.999999999994457e-05,0.5
KHT-XE5S,2025-10-15 01:00:00,9.3679,10.618,KHT-XE5S_2025_0526_1101,0.0,0.5
KHT-XE5S,2025-10-15 01:10:00,9.3678,10.619,KHT-XE5S_2025_0526_1101,9.999999999994457e-05,0.5
KHT-XE5S,2025-10-15 01:20:00,9.3696,10.616,KHT-XE5S_2025_0526_1101,0.00030000000000001136,0.5
KHT-XE5S,2025-10-15 01:30:00,9.3713,10.616,KHT-XE5S_2025_0526_1101,0.0,0.5
KHT-XE5S,2025-10-15 01:40:00,9.3692,10.618,KHT-XE5S_2025_0526_1101,0.0002000000000000668,0.5
KHT-XE5S,2025-10-15 01:50:00,9.3721,10.616,KHT-XE5S_2025_0526_1101,0.0002000000000000668,0.5
KHT-XE5S,2025-10-15 02:00:00,9.3738,10.616,KHT-XE5S_2025_0526_1101,0.0,0.5
KHT-XE5S,2025-10-15 02:10:00,9.3741,10.617,KHT-XE5S_2025_0526_1101,0.00010000000000012221,0.5
KHT-XE5S,2025-10-15 02:20:00,9.3751,10.617,KHT-XE5S_2025_0526_1101,0.0,0.5
KHT-XE5S,2025-10-15 02:30:00,9.3759,10.617,KHT-XE5S_2025_0526_1101,0.0,0.5
KHT-XE5S,2025-10-15 02:40:00,9.3767,10.614,KHT-XE5S_2025_0526_1101,0.00030000000000001136,0.5
KHT-XE5S,2025-10-15 02:50:00,9.3772,10.616,KHT-XE5S_2025_0526_1101,0.00019999999999988915,0.5
KHT-XE5S,2025-10-15 03:00:00,9.3776,10.615,KHT-XE5S_2025_0526_1101,9.999999999994457e-05,0.5
KHT-XE5S,2025-10-15 03:10:00,9.3775,10.615,KHT-XE5S_2025_0526_1101,0.0,0.5
KHT-XE5S,2025-10-15 03:20:00,9.3775,10.615,KHT-XE5S_2025_0526_1101,0.0,0.5
KHT-XE5S,2025-10-15 03:30:00,9.3783,10.614,KHT-XE5S_2025_0526_1101,9.999999999994457e-05,0.5
KHT-XE5S,2025-10-15 03:40:00,9.3785,10.613,KHT-XE5S_2025_0526_1101,0.00010000000000012221,0.5
KHT-XE5S,2025-10-15 03:50:00,9.3803,10.614,KHT-XE5S_2025_0526_1101,0.00010000000000012221,0.5
KHT-XE5S,2025-10-15 04:00:00,9.381,10.614,KHT-XE5S_2025_0526_1101,0.0,0.5
KHT-XE5S,2025-10-15 04:10:00,9.3821,10.612,KHT-XE5S_2025_0526_1101,0.0002000000000000668,0.5
KHT-XE5S,2025-10-15 04:20:00,9.3822,10.614,KHT-XE5S_2025_0526_1101,0.0002000000000000668,0.5
KHT-XE5S,2025-10-15 04:30:00,9.383,10.613,KHT-XE5S_2025_0526_1101,0.00010000000000012221,0.5
KHT-XE5S,2025-10-15 04:40:00,9.3833,10.613,KHT-XE5S_2025_0526_1101,0.0,0.5
KHT-XE5S,2025-10-15 04:50:00,9.3835,10.612,KHT-XE5S_2025_0526_1101,9.999999999994457e-05,0.5
KHT-XE5S,2025-10-15 05:00:00,9.3837,10.614,KHT-XE5S_2025_0526_1101,0.0002000000000000668,0.5
KHT-XE5S,2025-10-15 05:10:00,9.3843,10.611,KHT-XE5S_2025_0526_1101,0.00030000000000001136,0.5
KHT-XE5S,2025-10-15 05:20:00,9.3855,10.611,KHT-XE5S_2025_0526_1101,0.0,0.5
KHT-XE5S,2025-10-15 05:30:00,9.3865,10.611,KHT-XE5S_2025_0526_1101,0.0,0.5
KHT-XE5S,2025-10-15 05:40:00,9.3878,10.611,KHT-XE5S_2025_0526_1101,0.0,0.5
KHT-XE5S,2025-10-15 05:50:00,9.3889,10.61,KHT-XE5S_2025_0526_1101,0.00010000000000012221,0.5
KHT-XE5S,2025-10-15 06:00:00,9.3903,10.61,KHT-XE5S_2025_0526_1101,0.0,0.5
KHT-XE5S,2025-10-15 06:10:00,9.3911,10.61,KHT-XE5S_2025_0526_1101,0.0,0.5
KHT-XE5S,2025-10-15 06:20:00,9.3925,10.611,KHT-XE5S_2025_0526_1101,0.00010000000000012221,0.5
KHT-XE5S,2025-10-15 06:30:00,9.3933,10.61,KHT-XE5S_2025_0526_1101,0.00010000000000012221,0.5
KHT-XE5S,2025-10-15 06:40:00,9.3948,10.609,KHT-XE5S_2025_0526_1101,9.999999999994457e-05,0.5
KHT-XE5S,2025-10-15 06:50:00,9.3956,10.609,KHT-XE5S_2025_0526_1101,0.0,0.5
KHT-XE5S,2025-10-15 07:00:00,9.396,10.607,KHT-XE5S_2025_0526_1101,0.0002000000000000668,0.5
KHT-XE5S,2025-10-15 07:10:00,9.3965,10.608,KHT-XE5S_2025_0526_1101,0.00010000000000012221,0.5
KHT-XE5S,2025-10-15 07:20:00,9.3973,10.608,KHT-XE5S_2025_0526_1101,0.0,0.5
KHT-XE5S,2025-10-15 07:30:00,9.3976,10.609,KHT-XE5S_2025_0526_1101,9.999999999994457e-05,0.5
KHT-XE5S,2025-10-15 07:40:00,9.3988,10.609,KHT-XE5S_2025_0526_1101,0.0,0.5
KHT-XE5S,2025-10-15 07:50:00,9.3996,10.608,KHT-XE5S_2025_0526_1101,9.999999999994457e-05,0.5
KHT-XE5S,2025-10-15 08:00:00,9.4013,10.608,KHT-XE5S_2025_0526_1101,0.0,0.5
KHT-XE5S,2025-10-15 08:10:00,9.4025,10.606,KHT-XE5S_2025_0526_1101,0.0002000000000000668,0.5
KHT-XE5S,2025-10-15 08:20:00,9.403,10.609,KHT-XE5S_2025_0526_1101,0.00030000000000001136,0.5
KHT-XE5S,2025-10-15 08:30:00,9.4036,10.606,KHT-XE5S_2025_0526_1101,0.00030000000000001136,0.5
KHT-XE5S,2025-10-15 08:40:00,9.4044,10.606,KHT-XE5S_2025_0526_1101,0.0,0.5
KHT-XE5S,2025-10-15 08:50:00,9.4057,10.604,KHT-XE5S_2025_0526_1101,0.0002000000000000668,0.5
KHT-XE5S,2025-10-15 09:00:00,9.4052,10.607,KHT-XE5S_2025_0526_1101,0.00030000000000001136,0.5
KHT-XE5S,2025-10-15 09:10:00,9.4064,10.605,KHT-XE5S_2025_0526_1101,0.00019999999999988915,0.5
KHT-XE5S,2025-10-15 09:20:00,9.4074,10.605,KHT-XE5S_2025_0526_1101,0.0,0.5
KHT-XE5S,2025-10-15 09:30:00,9.4079,10.606,KHT-XE5S_2025_0526_1101,9.999999999994457e-05,0.5
KHT-XE5S,2025-10-15 09:40:00,9.4073,10.603,KHT-XE5S_2025_0526_1101,0.00030000000000001136,0.5
KHT-XE5S,2025-10-15 09:50:00,9.4089,10.604,KHT-XE5S_2025_0526_1101,9.999999999994457e-05,0.5
KHT-XE5S,2025-10-15 10:00:00,9.409,10.605,KHT-XE5S_2025_0526_1101,0.00010000000000012221,0.5
KHT-XE5S,2025-10-15 10:10:00,9.4104,10.605,KHT-XE5S_2025_0526_1101,0.0,0.5
KHT-XE5S,2025-10-15 10:20:00,9.4113,10.602,KHT-XE5S_2025_0526_1101,0.00030000000000001136,0.5
KHT-XE5S,2025-10-15 10:30:00,9.4114,10.603,KHT-XE5S_2025_0526_1101,9.999999999994457e-05,0.5
KHT-XE5S,2025-10-15 10:40:00,9.4121,10.604,KHT-XE5S_2025_0526_1101,9.999999999994457e-05,0.5
KHT-XE5S,2025-10-15 10:50:00,9.4133,10.603,KHT-XE5S_2025_0526_1101,9.999999999994457e-05,0.5
KHT-XE5S,2025-10-15 11:00:00,9.4142,10.603,KHT-XE5S_2025_0526_1101,0.0,0.5
KHT-XE5S,2025-10-15 11:10:00,9.4148,10.603,KHT-XE5S_2025_0526_1101,0.0,0.5
KHT-XE5S,2025-10-15 11:20:00,9.4144,10.602,KHT-XE5S_2025_0526_1101,9.999999999994457e-05,0.5
KHT-XE5S,2025-10-15 11:30:00,9.4157,10.605,KHT-XE5S_2025_0526_1101,0.00030000000000001136,0.5
KHT-XE5S,2025-10-15 11:40:00,9.4165,10.6,KHT-XE5S_2025_0526_1101,0.0005000000000000782,0.5
KHT-XE5S,2025-10-15 11:50:00,9.417,10.601,KHT-XE5S_2025_0526_1101,0.00010000000000012221,0.5
KHT-XE5S,2025-10-15 12:00:00,9.4178,10.601,KHT-XE5S_2025_0526_1101,0.0,0.5
KHT-XE5S,2025-10-15 12:10:00,9.4176,10.601,KHT-XE5S_2025_0526_1101,0.0,0.5
KHT-XE5S,2025-10-15 12:20:00,9.4177,10.601,KHT-XE5S_2025_0526_1101,0.0,0.5
KHT-XE5S,2025-10-15 12:30:00,9.4176,10.601,KHT-XE5S_2025_0526_1101,0.0,0.5
KHT-XE5S,2025-10-15 12:40:00,9.4177,10.6,KHT-XE5S_2025_0526_1101,0.00010000000000012221,0.5
KHT-XE5S,2025-10-15 12:50:00,9.4176,10.599,KHT-XE5S_2025_0526_1101,9.999999999994457e-05,0.5
KHT-XE5S,2025-10-15 13:00:00,9.4179,10.6,KHT-XE5S_2025_0526_1101,9.999999999994457e-05,0.5
KHT-XE5S,2025-10-15 13:10:00,9.417,10.6,KHT-XE5S_2025_0526_1101,0.0,0.5
KHT-XE5S,2025-10-15 13:20:00,9.4183,10.599,KHT-XE5S_2025_0526_1101,9.999999999994457e-05,0.5
KHT-XE5S,2025-10-15 13:30:00,9.4183,10.598,KHT-XE5S_2025_0526_1101,9.999999999994457e-05,0.5
KHT-XE5S,2025-10-15 13:40:00,9.4178,10.598,KHT-XE5S_2025_0526_1101,0.0,0.5
KHT-XE5S,2025-10-15 13:50:00,9.4184,10.598,KHT-XE5S_2025_0526_1101,0.0,0.5
KHT-XE5S,2025-10-15 14:00:00,9.4183,10.596,KHT-XE5S_2025_0526_1101,0.0002000000000000668,0.5
KHT-XE5S,2025-10-15 14:10:00,9.4186,10.599,KHT-XE5S_2025_0526_1101,0.00030000000000001136,0.5
KHT-XE5S,2025-10-15 14:20:00,9.4189,10.596,KHT-XE5S_2025_0526_1101,0.00030000000000001136,0.5
KHT-XE5S,2025-10-15 14:30:00,9.42,10.598,KHT-XE5S_2025_0526_1101,0.0002000000000000668,0.5
KHT-XE5S,2025-10-15 14:40:00,9.42,10.596,KHT-XE5S_2025_0526_1101,0.0002000000000000668,0.5
KHT-XE5S,2025-10-15 14:50:00,9.4212,10.596,KHT-XE5S_2025_0526_1101,0.0,0.5
KHT-XE5S,2025-10-15 15:00:00,9.4229,10.597,KHT-XE5S_2025_0526_1101,9.999999999994457e-05,0.5
KHT-XE5S,2025-10-15 15:10:00,9.4241,10.597,KHT-XE5S_2025_0526_1101,0.0,0.5
KHT-XE5S,2025-10-15 15:20:00,9.4257,10.598,KHT-XE5S_2025_0526_1101,0.00010000000000012221,0.5
KHT-XE5S,2025-10-15 15:30:00,9.428,10.596,KHT-XE5S_2025_0526_1101,0.0002000000000000668,0.5
KHT-XE5S,2025-10-15 15:40:00,9.429,10.596,KHT-XE5S_2025_0526_1101,0.0,0.5
KHT-XE5S,2025-10-15 15:50:00,9.4304,10.595,KHT-XE5S_2025_0526_1101,9.999999999994457e-05,0.5
KHT-XE5S,2025-10-15 16:00:00,9.4319,10.594,KHT-XE5S_2025_0526_1101,0.00010000000000012221,0.5
KHT-XE5S,2025-10-15 16:10:00,9.4322,10.594,KHT-XE5S_2025_0526_1101,0.0,0.5
KHT-XE5S,2025-10-15 16:20:00,9.4337,10.594,KHT-XE5S_2025_0526_1101,0.0,0.5
KHT-XE5S,2025-10-15 16:30:00,9.4347,10.594,KHT-XE5S_2025_0526_1101,0.0,0.5
KHT-XE5S,2025-10-15 16:40:00,9.4375,10.595,KHT-XE5S_2025_0526_1101,0.00010000000000012221,0.5
KHT-XE5S,2025-10-15 16:50:00,9.4384,10.593,KHT-XE5S_2025_0526_1101,0.0002000000000000668,0.5
KHT-XE5S,2025-10-15 17:00:00,9.4396,10.594,KHT-XE5S_2025_0526_1101,9.999999999994457e-05,0.5
KHT-XE5S,2025-10-15 17:10:00,9.4401,10.593,KHT-XE5S_2025_0526_1101,9.999999999994457e-05,0.5
KHT-XE5S,2025-10-15 17:20:00,9.4413,10.594,KHT-XE5S_2025_0526_1101,9.999999999994457e-05,0.5
KHT-XE5S,2025-10-15 17:30:00,9.4423,10.594,KHT-XE5S_2025_0526_1101,0.0,0.5
KHT-XE5S,2025-10-15 17:40:00,9.4441,10.593,KHT-XE5S_2025_0526_1101,9.999999999994457e-05,0.5
KHT-XE5S,2025-10-15 17:50:00,9.445,10.593,KHT-XE5S_2025_0526_1101,0.0,0.5
KHT-XE5S,2025-10-15 18:00:00,9.4453,10.591,KHT-XE5S_2025_0526_1101,0.0002000000000000668,0.5
KHT-XE5S,2025-10-15 18:10:00,9.446,10.591,KHT-XE5S_2025_0526_1101,0.0,0.5
KHT-XE5S,2025-10-15 18:20:00,9.4466,10.592,KHT-XE5S_2025_0526_1101,0.00010000000000012221,0.5
KHT-XE5S,2025-10-15 18:30:00,9.4476,10.592,KHT-XE5S_2025_0526_1101,0.0,0.5
KHT-XE5S,2025-10-15 18:40:00,9.4486,10.593,KHT-XE5S_2025_0526_1101,9.999999999994457e-05,0.5
KHT-XE5S,2025-10-15 18:50:00,9.4492,10.59,KHT-XE5S_2025_0526_1101,0.00030000000000001136,0.5
KHT-XE5S,2025-10-15 19:00:00,9.4508,10.59,KHT-XE5S_2025_0526_1101,0.0,0.5
KHT-XE5S,2025-10-15 19:10:00,9.4515,10.589,KHT-XE5S_2025_0526_1101,9.999999999994457e-05,0.5
KHT-XE5S,2025-10-15 19:20:00,9.4531,10.59,KHT-XE5S_2025_0526_1101,9.999999999994457e-05,0.5
KHT-XE5S,2025-10-15 19:30:00,9.4543,10.59,KHT-XE5S_2025_0526_1101,0.0,0.5
KHT-XE5S,2025-10-15 19:40:00,9.4548,10.59,KHT-XE5S_2025_0526_1101,0.0,0.5
KHT-XE5S,2025-10-15 19:50:00,9.4558,10.588,KHT-XE5S_2025_0526_1101,0.0002000000000000668,0.5
KHT-XE5S,2025-10-15 20:00:00,9.4553,10.59,KHT-XE5S_2025_0526_1101,0.0002000000000000668,0.5
KHT-XE5S,2025-10-15 20:10:00,9.4561,10.589,KHT-XE5S_2025_0526_1101,9.999999999994457e-05,0.5
KHT-XE5S,2025-10-15 20:20:00,9.4576,10.588,KHT-XE5S_2025_0526_1101,0.00010000000000012221,0.5
KHT-XE5S,2025-10-15 20:30:00,9.4585,10.587,KHT-XE5S_2025_0526_1101,9.999999999994457e-05,0.5
KHT-XE5S,2025-10-15 20:40:00,9.4597,10.588,KHT-XE5S_2025_0526_1101,9.999999999994457e-05,0.5
KHT-XE5S,2025-10-15 20:50:00,9.46,10.588,KHT-XE5S_2025_0526_1101,0.0,0.5
KHT-XE5S,2025-10-15 21:00:00,9.4607,10.588,KHT-XE5S_2025_0526_1101,0.0,0.5
KHT-XE5S,2025-10-15 21:10:00,9.4612,10.587,KHT-XE5S_2025_0526_1101,9.999999999994457e-05,0.5
KHT-XE5S,2025-10-15 21:20:00,9.4609,10.588,KHT-XE5S_2025_0526_1101,9.999999999994457e-05,0.5
KHT-XE5S,2025-10-15 21:30:00,9.4611,10.586,KHT-XE5S_2025_0526_1101,0.00019999999999988915,0.5
KHT-XE5S,2025-10-15 21:40:00,9.4614,10.587,KHT-XE5S_2025_0526_1101,9.999999999994457e-05,0.5
KHT-XE5S,2025-10-15 21:50:00,9.462,10.587,KHT-XE5S_2025_0526_1101,0.0,0.5
KHT-XE5S,2025-10-15 22:00:00,9.4621,10.587,KHT-XE5S_2025_0526_1101,0.0,0.5
KHT-XE5S,2025-10-15 22:10:00,9.4623,10.586,KHT-XE5S_2025_0526_1101,9.999999999994457e-05,0.5
KHT-XE5S,2025-10-15 22:20:00,9.4621,10.585,KHT-XE5S_2025_0526_1101,9.999999999994457e-05,0.5
KHT-XE5S,2025-10-15 22:30:00,9.4631,10.585,KHT-XE5S_2025_0526_1101,0.0,0.5
KHT-XE5S,2025-10-15 22:40:00,9.4642,10.585,KHT-XE5S_2025_0526_1101,0.0,0.5
KHT-XE5S,2025-10-15 22:50:00,9.4639,10.584,KHT-XE5S_2025_0526_1101,0.00010000000000012221,0.5
KHT-XE5S,2025-10-15 23:00:00,9.4648,10.584,KHT-XE5S_2025_0526_1101,0.0,0.5
KHT-XE5S,2025-10-15 23:10:00,9.4642,10.584,KHT-XE5S_2025_0526_1101,0.0,0.5
KHT-XE5S,2025-10-15 23:20:00,9.4639,10.582,KHT-XE5S_2025_0526_1101,0.00019999999999988915,0.5
KHT-XE5S,2025-10-15 23:30:00,9.4636,10.582,KHT-XE5S_2025_0526_1101,0.0,0.5
KHT-XE5S,2025-10-15 23:40:00,9.4641,10.582,KHT-XE5S_2025_0526_1101,0.0,0.5
KHT-XE5S,2025-10-15 23:50:00,9.4651,10.583,KHT-XE5S_2025_0526_1101,9.999999999994457e-05,0.5
KHT-XE5S,2025-10-16 00:00:00,9.4654,10.582,KHT-XE5S_2025_0526_1101,9.999999999994457e-05,0.5
KHT-XE5S,2025-10-16 00:10:00,9.4652,10.583,KHT-XE5S_2025_0526_1101,9.999999999994457e-05,0.5
KHT-XE5S,2025-10-16 00:20:00,9.4648,10.585,KHT-XE5S_2025_0526_1101,0.0002000000000000668,0.5
KHT-XE5S,2025-10-16 00:30:00,9.4651,10.582,KHT-XE5S_2025_0526_1101,0.00030000000000001136,0.5
KHT-XE5S,2025-10-16 00:40:00,9.4651,10.581,KHT-XE5S_2025_0526_1101,0.00010000000000012221,0.5
KHT-XE5S,2025-10-16 00:50:00,9.4658,10.58,KHT-XE5S_2025_0526_1101,9.999999999994457e-05,0.5
KHT-XE5S,2025-10-16 01:00:00,9.4665,10.581,KHT-XE5S_2025_0526_1101,9.999999999994457e-05,0.5
KHT-XE5S,2025-10-16 01:10:00,9.466,10.582,KHT-XE5S_2025_0526_1101,0.00010000000000012221,0.5
KHT-XE5S,2025-10-16 01:20:00,9.4665,10.58,KHT-XE5S_2025_0526_1101,0.0002000000000000668,0.5
KHT-XE5S,2025-10-16 01:30:00,9.4668,10.579,KHT-XE5S_2025_0526_1101,9.999999999994457e-05,0.5
KHT-XE5S,2025-10-16 01:40:00,9.4669,10.58,KHT-XE5S_2025_0526_1101,9.999999999994457e-05,0.5
KHT-XE5S,2025-10-16 01:50:00,9.4663,10.581,KHT-XE5S_2025_0526_1101,9.999999999994457e-05,0.5
KHT-XE5S,2025-10-16 02:00:00,9.4673,10.579,KHT-XE5S_2025_0526_1101,0.00019999999999988915,0.5
KHT-XE5S,2025-10-16 02:10:00,9.4676,10.579,KHT-XE5S_2025_0526_1101,0.0,0.5
KHT-XE5S,2025-10-16 02:20:00,9.4682,10.579,KHT-XE5S_2025_0526_1101,0.0,0.5
KHT-XE5S,2025-10-16 02:30:00,9.4684,10.581,KHT-XE5S_2025_0526_1101,0.00019999999999988915,0.5
KHT-XE5S,2025-10-16 02:40:00,9.4676,10.58,KHT-XE5S_2025_0526_1101,9.999999999994457e-05,0.5
KHT-XE5S,2025-10-16 02:50:00,9.4675,10.576,KHT-XE5S_2025_0526_1101,0.00039999999999995595,0.5
KHT-XE5S,2025-10-16 03:00:00,9.4663,10.576,KHT-XE5S_2025_0526_1101,0.0,0.5
KHT-XE5S,2025-10-16 03:10:00,9.4663,10.579,KHT-XE5S_2025_0526_1101,0.00030000000000001136,0.5
KHT-XE5S,2025-10-16 03:20:00,9.4659,10.577,KHT-XE5S_2025_0526_1101,0.0002000000000000668,0.5
KHT-XE5S,2025-10-16 03:30:00,9.4656,10.577,KHT-XE5S_2025_0526_1101,0.0,0.5
KHT-XE5S,2025-10-16 03:40:00,9.4653,10.575,KHT-XE5S_2025_0526_1101,0.0002000000000000668,0.5
KHT-XE5S,2025-10-16 03:50:00,9.4655,10.577,KHT-XE5S_2025_0526_1101,0.0002000000000000668,0.5
KHT-XE5S,2025-10-16 04:00:00,9.4651,10.575,KHT-XE5S_2025_0526_1101,0.0002000000000000668,0.5
KHT-XE5S,2025-10-16 04:10:00,9.4649,10.576,KHT-XE5S_2025_0526_1101,0.00010000000000012221,0.5
KHT-XE5S,2025-10-16 04:20:00,9.4656,10.576,KHT-XE5S_2025_0526_1101,0.0,0.5
KHT-XE5S,2025-10-16 04:30:00,9.4654,10.575,KHT-XE5S_2025_0526_1101,0.00010000000000012221,0.5
KHT-XE5S,2025-10-16 04:40:00,9.4658,10.577,KHT-XE5S_2025_0526_1101,0.0002000000000000668,0.5
KHT-XE5S,2025-10-16 04:50:00,9.4651,10.573,KHT-XE5S_2025_0526_1101,0.00039999999999995595,0.5
KHT-XE5S,2025-10-16 05:00:00,9.465,10.574,KHT-XE5S_2025_0526_1101,9.999999999994457e-05,0.5
KHT-XE5S,2025-10-16 05:10:00,9.4663,10.574,KHT-XE5S_2025_0526_1101,0.0,0.5
KHT-XE5S,2025-10-16 05:20:00,9.4662,10.574,KHT-XE5S_2025_0526_1101,0.0,0.5
KHT-XE5S,2025-10-16 05:30:00,9.4659,10.574,KHT-XE5S_2025_0526_1101,0.0,0.5
KHT-XE5S,2025-10-16 05:40:00,9.4654,10.574,KHT-XE5S_2025_0526_1101,0.0,0.5
KHT-XE5S,2025-10-16 05:50:00,9.4664,10.574,KHT-XE5S_2025_0526_1101,0.0,0.5
KHT-XE5S,2025-10-16 06:00:00,9.4661,10.573,KHT-XE5S_2025_0526_1101,9.999999999994457e-05,0.5
KHT-XE5S,2025-10-16 06:10:00,9.4659,10.572,KHT-XE5S_2025_0526_1101,0.00010000000000012221,0.5
KHT-XE5S,2025-10-16 06:20:00,9.4657,10.574,KHT-XE5S_2025_0526_1101,0.0002000000000000668,0.5
KHT-XE5S,2025-10-16 06:30:00,9.4665,10.573,KHT-XE5S_2025_0526_1101,9.999999999994457e-05,0.5
KHT-XE5S,2025-10-16 06:40:00,9.4673,10.573,KHT-XE5S_2025_0526_1101,0.0,0.5
KHT-XE5S,2025-10-16 06:50:00,9.4679,10.572,KHT-XE5S_2025_0526_1101,0.00010000000000012221,0.5
KHT-XE5S,2025-10-16 07:00:00,9.4678,10.574,KHT-XE5S_2025_0526_1101,0.0002000000000000668,0.5
KHT-XE5S,2025-10-16 07:10:00,9.4679,10.57,KHT-XE5S_2025_0526_1101,0.00039999999999995595,0.5
KHT-XE5S,2025-10-16 07:20:00,9.4679,10.571,KHT-XE5S_2025_0526_1101,9.999999999994457e-05,0.5
KHT-XE5S,2025-10-16 07:30:00,9.4688,10.569,KHT-XE5S_2025_0526_1101,0.00019999999999988915,0.5
KHT-XE5S,2025-10-16 07:40:00,9.4693,10.571,KHT-XE5S_2025_0526_1101,0.00019999999999988915,0.5
KHT-XE5S,2025-10-16 07:50:00,9.47,10.571,KHT-XE5S_2025_0526_1101,0.0,0.5
KHT-XE5S,2025-10-16 08:00:00,9.4696,10.57,KHT-XE5S_2025_0526_1101,9.999999999994457e-05,0.5
KHT-XE5S,2025-10-16 08:10:00,9.4701,10.569,KHT-XE5S_2025_0526_1101,9.999999999994457e-05,0.5
KHT-XE5S,2025-10-16 08:20:00,9.4698,10.568,KHT-XE5S_2025_0526_1101,0.00010000000000012221,0.5
KHT-XE5S,2025-10-16 08:30:00,9.471,10.57,KHT-XE5S_2025_0526_1101,0.0002000000000000668,0.5
KHT-XE5S,2025-10-16 08:40:00,9.4717,10.569,KHT-XE5S_2025_0526_1101,9.999999999994457e-05,0.5
KHT-XE5S,2025-10-16 08:50:00,9.4718,10.571,KHT-XE5S_2025_0526_1101,0.00019999999999988915,0.5
KHT-XE5S,2025-10-16 09:00:00,9.4723,10.568,KHT-XE5S_2025_0526_1101,0.00030000000000001136,0.5
KHT-XE5S,2025-10-16 09:10:00,9.4722,10.568,KHT-XE5S_2025_0526_1101,0.0,0.5
KHT-XE5S,2025-10-16 09:20:00,9.4722,10.567,KHT-XE5S_2025_0526_1101,9.999999999994457e-05,0.5
KHT-XE5S,2025-10-16 09:30:00,9.4718,10.568,KHT-XE5S_2025_0526_1101,9.999999999994457e-05,0.5
KHT-XE5S,2025-10-16 09:40:00,9.4717,10.567,KHT-XE5S_2025_0526_1101,9.999999999994457e-05,0.5
KHT-XE5S,2025-10-16 09:50:00,9.4721,10.566,KHT-XE5S_2025_0526_1101,9.999999999994457e-05,0.5
KHT-XE5S,2025-10-16 10:00:00,9.4726,10.566,KHT-XE5S_2025_0526_1101,0.0,0.5
KHT-XE5S,2025-10-16 10:10:00,9.4723,10.567,KHT-XE5S_2025_0526_1101,9.999999999994457e-05,0.5
KHT-XE5S,2025-10-16 10:20:00,9.4722,10.567,KHT-XE5S_2025_0526_1101,0.0,0.5
KHT-XE5S,2025-10-16 10:30:00,9.4718,10.565,KHT-XE5S_2025_0526_1101,0.0002000000000000668,0.5
KHT-XE5S,2025-10-16 10:40:00,9.4727,10.565,KHT-XE5S_2025_0526_1101,0.0,0.5
KHT-XE5S,2025-10-16 10:50:00,9.4736,10.565,KHT-XE5S_2025_0526_1101,0.0,0.5
KHT-XE5S,2025-10-16 11:00:00,9.474,10.565,KHT-XE5S_2025_0526_1101,0.0,0.5
KHT-XE5S,2025-10-16 11:10:00,9.4753,10.566,KHT-XE5S_2025_0526_1101,0.00010000000000012221,0.5
KHT-XE5S,2025-10-16 11:20:00,9.4761,10.565,KHT-XE5S_2025_0526_1101,0.00010000000000012221,0.5
KHT-XE5S,2025-10-16 11:30:00,9.4764,10.564,KHT-XE5S_2025_0526_1101,9.999999999994457e-05,0.5
KHT-XE5S,2025-10-16 11:40:00,9.477,10.563,KHT-XE5S_2025_0526_1101,9.999999999994457e-05,0.5
KHT-XE5S,2025-10-16 11:50:00,9.4776,10.563,KHT-XE5S_2025_0526_1101,0.0,0.5
KHT-XE5S,2025-10-16 12:00:00,9.4775,10.564,KHT-XE5S_2025_0526_1101,9.999999999994457e-05,0.5
KHT-XE5S,2025-10-16 12:10:00,9.4767,10.564,KHT-XE5S_2025_0526_1101,0.0,0.5
KHT-XE5S,2025-10-16 12:20:00,9.4762,10.563,KHT-XE5S_2025_0526_1101,9.999999999994457e-05,0.5
KHT-XE5S,2025-10-16 12:30:00,9.4758,10.563,KHT-XE5S_2025_0526_1101,0.0,0.5
KHT-XE5S,2025-10-16 12:40:00,9.4758,10.564,KHT-XE5S_2025_0526_1101,9.999999999994457e-05,0.5
KHT-XE5S,2025-10-16 12:50:00,9.4752,10.564,KHT-XE5S_2025_0526_1101,0.0,0.5
KHT-XE5S,2025-10-16 13:00:00,9.4747,10.562,KHT-XE5S_2025_0526_1101,0.0002000000000000668,0.5
KHT-XE5S,2025-10-16 13:10:00,9.4741,10.563,KHT-XE5S_2025_0526_1101,0.00010000000000012221,0.5
KHT-XE5S,2025-10-16 13:20:00,9.4738,10.561,KHT-XE5S_2025_0526_1101,0.0002000000000000668,0.5
KHT-XE5S,2025-10-16 13:30:00,9.4743,10.561,KHT-XE5S_2025_0526_1101,0.0,0.5
KHT-XE5S,2025-10-16 13:40:00,9.4743,10.563,KHT-XE5S_2025_0526_1101,0.0002000000000000668,0.5
KHT-XE5S,2025-10-16 13:50:00,9.4723,10.56,KHT-XE5S_2025_0526_1101,0.00030000000000001136,0.5
KHT-XE5S,2025-10-16 14:00:00,9.4725,10.559,KHT-XE5S_2025_0526_1101,0.00010000000000012221,0.5
KHT-XE5S,2025-10-16 14:10:00,9.4725,10.559,KHT-XE5S_2025_0526_1101,0.0,0.5
KHT-XE5S,2025-10-16 14:20:00,9.472,10.559,KHT-XE5S_2025_0526_1101,0.0,0.5
KHT-XE5S,2025-10-16 14:30:00,9.4726,10.56,KHT-XE5S_2025_0526_1101,0.00010000000000012221,0.5
KHT-XE5S,2025-10-16 14:40:00,9.4717,10.559,KHT-XE5S_2025_0526_1101,0.00010000000000012221,0.5
KHT-XE5S,2025-10-16 14:50:00,9.4707,10.558,KHT-XE5S_2025_0526_1101,9.999999999994457e-05,0.5
KHT-XE5S,2025-10-16 15:00:00,9.4705,10.559,KHT-XE5S_2025_0526_1101,9.999999999994457e-05,0.5
KHT-XE5S,2025-10-16 15:10:00,9.4699,10.558,KHT-XE5S_2025_0526_1101,9.999999999994457e-05,0.5
KHT-XE5S,2025-10-16 15:20:00,9.4696,10.559,KHT-XE5S_2025_0526_1101,9.999999999994457e-05,0.5
KHT-XE5S,2025-10-16 15:30:00,9.4691,10.558,KHT-XE5S_2025_0526_1101,9.999999999994457e-05,0.5
KHT-XE5S,2025-10-16 15:40:00,9.4699,10.556,KHT-XE5S_2025_0526_1101,0.0002000000000000668,0.5
KHT-XE5S,2025-10-16 15:50:00,9.4702,10.558,KHT-XE5S_2025_0526_1101,0.0002000000000000668,0.5
KHT-XE5S,2025-10-16 16:00:00,9.4696,10.556,KHT-XE5S_2025_0526_1101,0.0002000000000000668,0.5
KHT-XE5S,2025-10-16 16:10:00,9.4696,10.557,KHT-XE5S_2025_0526_1101,0.00010000000000012221,0.5
KHT-XE5S,2025-10-16 16:20:00,9.4698,10.555,KHT-XE5S_2025_0526_1101,0.0002000000000000668,0.5
KHT-XE5S,2025-10-16 16:30:00,9.4709,10.558,KHT-XE5S_2025_0526_1101,0.00030000000000001136,0.5
KHT-XE5S,2025-10-16 16:40:00,9.4705,10.555,KHT-XE5S_2025_0526_1101,0.00030000000000001136,0.5
KHT-XE5S,2025-10-16 16:50:00,9.4718,10.556,KHT-XE5S_2025_0526_1101,9.999999999994457e-05,0.5
KHT-XE5S,2025-10-16 17:00:00,9.4728,10.556,KHT-XE5S_2025_0526_1101,0.0,0.5
KHT-XE5S,2025-10-16 17:10:00,9.4734,10.555,KHT-XE5S_2025_0526_1101,9.999999999994457e-05,0.5
KHT-XE5S,2025-10-16 17:20:00,9.4739,10.555,KHT-XE5S_2025_0526_1101,0.0,0.5
KHT-XE5S,2025-10-16 17:30:00,9.4746,10.554,KHT-XE5S_2025_0526_1101,9.999999999994457e-05,0.5
KHT-XE5S,2025-10-16 17:40:00,9.4756,10.555,KHT-XE5S_2025_0526_1101,9.999999999994457e-05,0.5
KHT-XE5S,2025-10-16 17:50:00,9.4757,10.555,KHT-XE5S_2025_0526_1101,0.0,0.5
KHT-XE5S,2025-10-16 18:00:00,9.4758,10.552,KHT-XE5S_2025_0526_1101,0.00030000000000001136,0.5
KHT-XE5S,2025-10-16 18:10:00,9.4762,10.553,KHT-XE5S_2025_0526_1101,0.00010000000000012221,0.5
KHT-XE5S,2025-10-16 18:20:00,9.4769,10.554,KHT-XE5S_2025_0526_1101,9.999999999994457e-05,0.5
KHT-XE5S,2025-10-16 18:30:00,9.4784,10.552,KHT-XE5S_2025_0526_1101,0.0002000000000000668,0.5
KHT-XE5S,2025-10-16 18:40:00,9.4804,10.552,KHT-XE5S_2025_0526_1101,0.0,0.5
KHT-XE5S,2025-10-16 18:50:00,9.4799,10.551,KHT-XE5S_2025_0526_1101,9.999999999994457e-05,0.5
KHT-XE5S,2025-10-16 19:00:00,9.4803,10.552,KHT-XE5S_2025_0526_1101,9.999999999994457e-05,0.5
KHT-XE5S,2025-10-16 19:10:00,9.481,10.552,KHT-XE5S_2025_0526_1101,0.0,0.5
KHT-XE5S,2025-10-16 19:20:00,9.4822,10.551,KHT-XE5S_2025_0526_1101,9.999999999994457e-05,0.5
KHT-XE5S,2025-10-16 19:30:00,9.4835,10.551,KHT-XE5S_2025_0526_1101,0.0,0.5
KHT-XE5S,2025-10-16 19:40:00,9.484,10.551,KHT-XE5S_2025_0526_1101,0.0,0.5
KHT-XE5S,2025-10-16 19:50:00,9.4847,10.553,KHT-XE5S_2025_0526_1101,0.0002000000000000668,0.5
KHT-XE5S,2025-10-16 20:00:00,9.4854,10.55,KHT-XE5S_2025_0526_1101,0.00030000000000001136,0.5
KHT-XE5S,2025-10-16 20:10:00,9.4855,10.55,KHT-XE5S_2025_0526_1101,0.0,0.5
KHT-XE5S,2025-10-16 20:20:00,9.4844,10.551,KHT-XE5S_2025_0526_1101,9.999999999994457e-05,0.5
KHT-XE5S,2025-10-16 20:30:00,9.4854,10.549,KHT-XE5S_2025_0526_1101,0.0002000000000000668,0.5
KHT-XE5S,2025-10-16 20:40:00,9.4852,10.549,KHT-XE5S_2025_0526_1101,0.0,0.5
KHT-XE5S,2025-10-16 20:50:00,9.4859,10.549,KHT-XE5S_2025_0526_1101,0.0,0.5
KHT-XE5S,2025-10-16 21:00:00,9.4841,10.548,KHT-XE5S_2025_0526_1101,9.999999999994457e-05,0.5
KHT-XE5S,2025-10-16 21:10:00,9.4847,10.548,KHT-XE5S_2025_0526_1101,0.0,0.5
KHT-XE5S,2025-10-16 21:20:00,9.4852,10.548,KHT-XE5S_2025_0526_1101,0.0,0.5
KHT-XE5S,2025-10-16 21:30:00,9.4843,10.548,KHT-XE5S_2025_0526_1101,0.0,0.5
KHT-XE5S,2025-10-16 21:40:00,9.4867,10.549,KHT-XE5S_2025_0526_1101,9.999999999994457e-05,0.5
KHT-XE5S,2025-10-16 21:50:00,9.4861,10.547,KHT-XE5S_2025_0526_1101,0.00019999999999988915,0.5
KHT-XE5S,2025-10-16 22:00:00,9.4843,10.546,KHT-XE5S_2025_0526_1101,0.00010000000000012221,0.5
KHT-XE5S,2025-10-16 22:10:00,9.4839,10.545,KHT-XE5S_2025_0526_1101,9.999999999994457e-05,0.5
KHT-XE5S,2025-10-16 22:20:00,9.4856,10.545,KHT-XE5S_2025_0526_1101,0.0,0.5
KHT-XE5S,2025-10-16 22:30:00,9.4874,10.546,KHT-XE5S_2025_0526_1101,9.999999999994457e-05,0.5
KHT-XE5S,2025-10-16 22:40:00,9.4885,10.545,KHT-XE5S_2025_0526_1101,9.999999999994457e-05,0.5
KHT-XE5S,2025-10-16 22:50:00,9.4894,10.545,KHT-XE5S_2025_0526_1101,0.0,0.5
KHT-XE5S,2025-10-16 23:00:00,9.4898,10.544,KHT-XE5S_2025_0526_1101,9.999999999994457e-05,0.5
KHT-XE5S,2025-10-16 23:10:00,9.4902,10.543,KHT-XE5S_2025_0526_1101,0.00010000000000012221,0.5
KHT-XE5S,2025-10-16 23:20:00,9.4896,10.545,KHT-XE5S_2025_0526_1101,0.0002000000000000668,0.5
KHT-XE5S,2025-10-16 23:30:00,9.4941,10.545,KHT-XE5S_2025_0526_1101,0.0,0.5
KHT-XE5S,2025-10-16 23:40:00,9.494,10.543,KHT-XE5S_2025_0526_1101,0.0002000000000000668,0.5
KHT-XE5S,2025-10-16 23:50:00,9.4919,10.543,KHT-XE5S_2025_0526_1101,0.0,0.5
KHT-XE5S,2025-10-17 00:00:00,9.4927,10.545,KHT-XE5S_2025_0526_1101,0.0002000000000000668,0.5
KHT-XE5S,2025-10-17 00:10:00,9.4924,10.543,KHT-XE5S_2025_0526_1101,0.0002000000000000668,0.5
KHT-XE5S,2025-10-17 00:20:00,9.4944,10.542,KHT-XE5S_2025_0526_1101,9.999999999994457e-05,0.5
KHT-XE5S,2025-10-17 00:30:00,9.4915,10.543,KHT-XE5S_2025_0526_1101,9.999999999994457e-05,0.5
KHT-XE5S,2025-10-17 00:40:00,9.4913,10.541,KHT-XE5S_2025_0526_1101,0.00019999999999988915,0.5
KHT-XE5S,2025-10-17 00:50:00,9.4916,10.54,KHT-XE5S_2025_0526_1101,0.00010000000000012221,0.5
KHT-XE5S,2025-10-17 01:00:00,9.4927,10.542,KHT-XE5S_2025_0526_1101,0.0002000000000000668,0.5
KHT-XE5S,2025-10-17 01:10:00,9.4928,10.542,KHT-XE5S_2025_0526_1101,0.0,0.5
KHT-XE5S,2025-10-17 01:20:00,9.4925,10.541,KHT-XE5S_2025_0526_1101,9.999999999994457e-05,0.5
KHT-XE5S,2025-10-17 01:30:00,9.4927,10.542,KHT-XE5S_2025_0526_1101,9.999999999994457e-05,0.5
KHT-XE5S,2025-10-17 01:40:00,9.4928,10.541,KHT-XE5S_2025_0526_1101,9.999999999994457e-05,0.5
KHT-XE5S,2025-10-17 01:50:00,9.4924,10.54,KHT-XE5S_2025_0526_1101,0.00010000000000012221,0.5
KHT-XE5S,2025-10-17 02:00:00,9.4912,10.541,KHT-XE5S_2025_0526_1101,0.00010000000000012221,0.5
KHT-XE5S,2025-10-17 02:10:00,9.4901,10.541,KHT-XE5S_2025_0526_1101,0.0,0.5
KHT-XE5S,2025-10-17 02:20:00,9.4885,10.538,KHT-XE5S_2025_0526_1101,0.00030000000000001136,0.5
KHT-XE5S,2025-10-17 02:30:00,9.4876,10.538,KHT-XE5S_2025_0526_1101,0.0,0.5
KHT-XE5S,2025-10-17 02:40:00,9.486,10.538,KHT-XE5S_2025_0526_1101,0.0,0.5
KHT-XE5S,2025-10-17 02:50:00,9.4863,10.539,KHT-XE5S_2025_0526_1101,9.999999999994457e-05,0.5
KHT-XE5S,2025-10-17 03:00:00,9.4885,10.539,KHT-XE5S_2025_0526_1101,0.0,0.5
KHT-XE5S,2025-10-17 03:10:00,9.4896,10.538,KHT-XE5S_2025_0526_1101,9.999999999994457e-05,0.5
KHT-XE5S,2025-10-17 03:20:00,9.488,10.537,KHT-XE5S_2025_0526_1101,9.999999999994457e-05,0.5
KHT-XE5S,2025-10-17 03:30:00,9.4872,10.538,KHT-XE5S_2025_0526_1101,9.999999999994457e-05,0.5
KHT-XE5S,2025-10-17 03:40:00,9.4877,10.536,KHT-XE5S_2025_0526_1101,0.0002000000000000668,0.5
KHT-XE5S,2025-10-17 03:50:00,9.487,10.536,KHT-XE5S_2025_0526_1101,0.0,0.5
KHT-XE5S,2025-10-17 04:00:00,9.4864,10.536,KHT-XE5S_2025_0526_1101,0.0,0.5
KHT-XE5S,2025-10-17 04:10:00,9.4863,10.536,KHT-XE5S_2025_0526_1101,0.0,0.5
KHT-XE5S,2025-10-17 04:20:00,9.4869,10.535,KHT-XE5S_2025_0526_1101,9.999999999994457e-05,0.5
KHT-XE5S,2025-10-17 04:30:00,9.4864,10.535,KHT-XE5S_2025_0526_1101,0.0,0.5
KHT-XE5S,2025-10-17 04:40:00,9.4872,10.534,KHT-XE5S_2025_0526_1101,9.999999999994457e-05,0.5
KHT-XE5S,2025-10-17 04:50:00,9.4858,10.535,KHT-XE5S_2025_0526_1101,9.999999999994457e-05,0.5
KHT-XE5S,2025-10-17 05:00:00,9.4861,10.534,KHT-XE5S_2025_0526_1101,9.999999999994457e-05,0.5
KHT-XE5S,2025-10-17 05:10:00,9.4863,10.535,KHT-XE5S_2025_0526_1101,9.999999999994457e-05,0.5
KHT-XE5S,2025-10-17 05:20:00,9.4865,10.533,KHT-XE5S_2025_0526_1101,0.0002000000000000668,0.5
KHT-XE5S,2025-10-17 05:30:00,9.4866,10.534,KHT-XE5S_2025_0526_1101,0.00010000000000012221,0.5
KHT-XE5S,2025-10-17 05:40:00,9.488,10.534,KHT-XE5S_2025_0526_1101,0.0,0.5
KHT-XE5S,2025-10-17 05:50:00,9.4884,10.532,KHT-XE5S_2025_0526_1101,0.0002000000000000668,0.5
KHT-XE5S,2025-10-17 06:00:00,9.4902,10.533,KHT-XE5S_2025_0526_1101,9.999999999994457e-05,0.5
KHT-XE5S,2025-10-17 06:10:00,9.4919,10.532,KHT-XE5S_2025_0526_1101,9.999999999994457e-05,0.5
KHT-XE5S,2025-10-17 06:20:00,9.4928,10.531,KHT-XE5S_2025_0526_1101,9.999999999994457e-05,0.5
KHT-XE5S,2025-10-17 06:30:00,9.4925,10.532,KHT-XE5S_2025_0526_1101,9.999999999994457e-05,0.5
KHT-XE5S,2025-10-17 06:40:00,9.4933,10.531,KHT-XE5S_2025_0526_1101,9.999999999994457e-05,0.5
KHT-XE5S,2025-10-17 06:50:00,9.4933,10.531,KHT-XE5S_2025_0526_1101,0.0,0.5
KHT-XE5S,2025-10-17 07:00:00,9.494,10.53,KHT-XE5S_2025_0526_1101,0.00010000000000012221,0.5
KHT-XE5S,2025-10-17 07:10:00,9.4933,10.531,KHT-XE5S_2025_0526_1101,0.00010000000000012221,0.5
KHT-XE5S,2025-10-17 07:20:00,9.4935,10.529,KHT-XE5S_2025_0526_1101,0.0002000000000000668,0.5
KHT-XE5S,2025-10-17 07:30:00,9.4934,10.529,KHT-XE5S_2025_0526_1101,0.0,0.5
KHT-XE5S,2025-10-17 07:40:00,9.4916,10.529,KHT-XE5S_2025_0526_1101,0.0,0.5
KHT-XE5S,2025-10-17 07:50:00,9.4919,10.527,KHT-XE5S_2025_0526_1101,0.0002000000000000668,0.5
KHT-XE5S,2025-10-17 08:00:00,9.4925,10.529,KHT-XE5S_2025_0526_1101,0.0002000000000000668,0.5
KHT-XE5S,2025-10-17 08:10:00,9.4927,10.526,KHT-XE5S_2025_0526_1101,0.00030000000000001136,0.5
KHT-XE5S,2025-10-17 08:20:00,9.4939,10.527,KHT-XE5S_2025_0526_1101,9.999999999994457e-05,0.5
KHT-XE5S,2025-10-17 08:30:00,9.4951,10.527,KHT-XE5S_2025_0526_1101,0.0,0.5
KHT-XE5S,2025-10-17 08:40:00,9.4958,10.528,KHT-XE5S_2025_0526_1101,0.00010000000000012221,0.5
KHT-XE5S,2025-10-17 08:50:00,9.4964,10.528,KHT-XE5S_2025_0526_1101,0.0,0.5
KHT-XE5S,2025-10-17 09:00:00,9.4965,10.527,KHT-XE5S_2025_0526_1101,0.00010000000000012221,0.5
KHT-XE5S,2025-10-17 09:10:00,9.4958,10.525,KHT-XE5S_2025_0526_1101,0.00019999999999988915,0.5
KHT-XE5S,2025-10-17 09:20:00,9.4945,10.526,KHT-XE5S_2025_0526_1101,9.999999999994457e-05,0.5
KHT-XE5S,2025-10-17 09:30:00,9.4949,10.526,KHT-XE5S_2025_0526_1101,0.0,0.5
KHT-XE5S,2025-10-17 09:40:00,9.4953,10.526,KHT-XE5S_2025_0526_1101,0.0,0.5
KHT-XE5S,2025-10-17 09:50:00,9.4948,10.526,KHT-XE5S_2025_0526_1101,0.0,0.5
KHT-XE5S,2025-10-17 10:00:00,9.4944,10.525,KHT-XE5S_2025_0526_1101,9.999999999994457e-05,0.5
KHT-XE5S,2025-10-17 10:10:00,9.4944,10.523,KHT-XE5S_2025_0526_1101,0.0002000000000000668,0.5
KHT-XE5S,2025-10-17 10:20:00,9.4948,10.524,KHT-XE5S_2025_0526_1101,9.999999999994457e-05,0.5
KHT-XE5S,2025-10-17 10:30:00,9.494,10.525,KHT-XE5S_2025_0526_1101,0.00010000000000012221,0.5
KHT-XE5S,2025-10-17 10:40:00,9.494,10.523,KHT-XE5S_2025_0526_1101,0.0002000000000000668,0.5
KHT-XE5S,2025-10-17 10:50:00,9.4934,10.523,KHT-XE5S_2025_0526_1101,0.0,0.5
KHT-XE5S,2025-10-17 11:00:00,9.4933,10.521,KHT-XE5S_2025_0526_1101,0.00019999999999988915,0.5
KHT-XE5S,2025-10-17 11:10:00,9.4908,10.522,KHT-XE5S_2025_0526_1101,9.999999999994457e-05,0.5
KHT-XE5S,2025-10-17 11:20:00,9.4886,10.522,KHT-XE5S_2025_0526_1101,0.0,0.5
KHT-XE5S,2025-10-17 11:30:00,9.4879,10.522,KHT-XE5S_2025_0526_1101,0.0,0.5
KHT-XE5S,2025-10-17 11:40:00,9.4871,10.521,KHT-XE5S_2025_0526_1101,9.999999999994457e-05,0.5
KHT-XE5S,2025-10-17 11:50:00,9.4859,10.52,KHT-XE5S_2025_0526_1101,0.00010000000000012221,0.5
KHT-XE5S,2025-10-17 12:00:00,9.4861,10.522,KHT-XE5S_2025_0526_1101,0.0002000000000000668,0.5
KHT-XE5S,2025-10-17 12:10:00,9.4863,10.523,KHT-XE5S_2025_0526_1101,9.999999999994457e-05,0.5
KHT-XE5S,2025-10-17 12:20:00,9.4848,10.52,KHT-XE5S_2025_0526_1101,0.00030000000000001136,0.5
KHT-XE5S,2025-10-17 12:30:00,9.4827,10.519,KHT-XE5S_2025_0526_1101,9.999999999994457e-05,0.5
KHT-XE5S,2025-10-17 12:40:00,9.4809,10.52,KHT-XE5S_2025_0526_1101,9.999999999994457e-05,0.5
KHT-XE5S,2025-10-17 12:50:00,9.4796,10.52,KHT-XE5S_2025_0526_1101,0.0,0.5
KHT-XE5S,2025-10-17 13:00:00,9.4789,10.518,KHT-XE5S_2025_0526_1101,0.00019999999999988915,0.5
KHT-XE5S,2025-10-17 13:10:00,9.4776,10.519,KHT-XE5S_2025_0526_1101,9.999999999994457e-05,0.5
KHT-XE5S,2025-10-17 13:20:00,9.4778,10.519,KHT-XE5S_2025_0526_1101,0.0,0.5
KHT-XE5S,2025-10-17 13:30:00,9.4771,10.519,KHT-XE5S_2025_0526_1101,0.0,0.5
KHT-XE5S,2025-10-17 13:40:00,9.477,10.518,KHT-XE5S_2025_0526_1101,9.999999999994457e-05,0.5
KHT-XE5S,2025-10-17 13:50:00,9.4761,10.518,KHT-XE5S_2025_0526_1101,0.0,0.5
KHT-XE5S,2025-10-17 14:00:00,9.4752,10.517,KHT-XE5S_2025_0526_1101,0.00010000000000012221,0.5
KHT-XE5S,2025-10-17 14:10:00,9.4739,10.517,KHT-XE5S_2025_0526_1101,0.0,0.5
KHT-XE5S,2025-10-17 14:20:00,9.4737,10.514,KHT-XE5S_2025_0526_1101,0.00030000000000001136,0.5
KHT-XE5S,2025-10-17 14:30:00,9.4719,10.516,KHT-XE5S_2025_0526_1101,0.0002000000000000668,0.5
KHT-XE5S,2025-10-17 14:40:00,9.4708,10.518,KHT-XE5S_2025_0526_1101,0.0002000000000000668,0.5
KHT-XE5S,2025-10-17 14:50:00,9.4702,10.516,KHT-XE5S_2025_0526_1101,0.0002000000000000668,0.5
KHT-XE5S,2025-10-17 15:00:00,9.4701,10.516,KHT-XE5S_2025_0526_1101,0.0,0.5
KHT-XE5S,2025-10-17 15:10:00,9.4705,10.513,KHT-XE5S_2025_0526_1101,0.00030000000000001136,0.5
KHT-XE5S,2025-10-17 15:20:00,9.4703,10.515,KHT-XE5S_2025_0526_1101,0.0002000000000000668,0.5
KHT-XE5S,2025-10-17 15:30:00,9.4695,10.513,KHT-XE5S_2025_0526_1101,0.0002000000000000668,0.5
KHT-XE5S,2025-10-17 15:40:00,9.4685,10.513,KHT-XE5S_2025_0526_1101,0.0,0.5
KHT-XE5S,2025-10-17 15:50:00,9.469,10.515,KHT-XE5S_2025_0526_1101,0.0002000000000000668,0.5
KHT-XE5S,2025-10-17 16:00:00,9.4689,10.511,KHT-XE5S_2025_0526_1101,0.0004000000000001336,0.5
KHT-XE5S,2025-10-17 16:10:00,9.4692,10.512,KHT-XE5S_2025_0526_1101,0.00010000000000012221,0.5
KHT-XE5S,2025-10-17 16:20:00,9.4695,10.511,KHT-XE5S_2025_0526_1101,0.00010000000000012221,0.5
KHT-XE5S,2025-10-17 16:30:00,9.4704,10.513,KHT-XE5S_2025_0526_1101,0.0002000000000000668,0.5
KHT-XE5S,2025-10-17 16:40:00,9.4703,10.513,KHT-XE5S_2025_0526_1101,0.0,0.5
KHT-XE5S,2025-10-17 16:50:00,9.4705,10.512,KHT-XE5S_2025_0526_1101,9.999999999994457e-05,0.5
KHT-XE5S,2025-10-17 17:00:00,9.4704,10.512,KHT-XE5S_2025_0526_1101,0.0,0.5
KHT-XE5S,2025-10-17 17:10:00,9.4708,10.511,KHT-XE5S_2025_0526_1101,0.00010000000000012221,0.5
KHT-XE5S,2025-10-17 17:20:00,9.4713,10.51,KHT-XE5S_2025_0526_1101,9.999999999994457e-05,0.5
KHT-XE5S,2025-10-17 17:30:00,9.4709,10.51,KHT-XE5S_2025_0526_1101,0.0,0.5
KHT-XE5S,2025-10-17 17:40:00,9.472,10.509,KHT-XE5S_2025_0526_1101,9.999999999994457e-05,0.5
KHT-XE5S,2025-10-17 17:50:00,9.473,10.51,KHT-XE5S_2025_0526_1101,9.999999999994457e-05,0.5
KHT-XE5S,2025-10-17 18:00:00,9.4739,10.51,KHT-XE5S_2025_0526_1101,0.0,0.5
KHT-XE5S,2025-10-17 18:10:00,9.4743,10.51,KHT-XE5S_2025_0526_1101,0.0,0.5
KHT-XE5S,2025-10-17 18:20:00,9.4755,10.509,KHT-XE5S_2025_0526_1101,9.999999999994457e-05,0.5
KHT-XE5S,2025-10-17 18:30:00,9.4757,10.509,KHT-XE5S_2025_0526_1101,0.0,0.5
KHT-XE5S,2025-10-17 18:40:00,9.4768,10.507,KHT-XE5S_2025_0526_1101,0.0002000000000000668,0.5
KHT-XE5S,2025-10-17 18:50:00,9.4768,10.508,KHT-XE5S_2025_0526_1101,9.999999999994457e-05,0.5
KHT-XE5S,2025-10-17 19:00:00,9.4774,10.508,KHT-XE5S_2025_0526_1101,0.0,0.5
KHT-XE5S,2025-10-17 19:10:00,9.4783,10.508,KHT-XE5S_2025_0526_1101,0.0,0.5
KHT-XE5S,2025-10-17 19:20:00,9.4784,10.507,KHT-XE5S_2025_0526_1101,9.999999999994457e-05,0.5
KHT-XE5S,2025-10-17 19:30:00,9.4772,10.506,KHT-XE5S_2025_0526_1101,9.999999999994457e-05,0.5
KHT-XE5S,2025-10-17 19:40:00,9.4791,10.505,KHT-XE5S_2025_0526_1101,9.999999999994457e-05,0.5
KHT-XE5S,2025-10-17 19:50:00,9.4804,10.506,KHT-XE5S_2025_0526_1101,9.999999999994457e-05,0.5
KHT-XE5S,2025-10-17 20:00:00,9.4801,10.505,KHT-XE5S_2025_0526_1101,9.999999999994457e-05,0.5
KHT-XE5S,2025-10-17 20:10:00,9.4801,10.505,KHT-XE5S_2025_0526_1101,0.0,0.5
KHT-XE5S,2025-10-17 20:20:00,9.4815,10.504,KHT-XE5S_2025_0526_1101,0.00010000000000012221,0.5
KHT-XE5S,2025-10-17 20:30:00,9.4824,10.504,KHT-XE5S_2025_0526_1101,0.0,0.5
KHT-XE5S,2025-10-17 20:40:00,9.4825,10.503,KHT-XE5S_2025_0526_1101,9.999999999994457e-05,0.5
KHT-XE5S,2025-10-17 20:50:00,9.4826,10.505,KHT-XE5S_2025_0526_1101,0.0002000000000000668,0.5
KHT-XE5S,2025-10-17 21:00:00,9.4831,10.502,KHT-XE5S_2025_0526_1101,0.00030000000000001136,0.5
KHT-XE5S,2025-10-17 21:10:00,9.484,10.503,KHT-XE5S_2025_0526_1101,9.999999999994457e-05,0.5
KHT-XE5S,2025-10-17 21:20:00,9.4852,10.504,KHT-XE5S_2025_0526_1101,9.999999999994457e-05,0.5
KHT-XE5S,2025-10-17 21:30:00,9.486,10.503,KHT-XE5S_2025_0526_1101,9.999999999994457e-05,0.5
KHT-XE5S,2025-10-17 21:40:00,9.4864,10.503,KHT-XE5S_2025_0526_1101,0.0,0.5
KHT-XE5S,2025-10-17 21:50:00,9.4867,10.502,KHT-XE5S_2025_0526_1101,9.999999999994457e-05,0.5
KHT-XE5S,2025-10-17 22:00:00,9.487,10.503,KHT-XE5S_2025_0526_1101,9.999999999994457e-05,0.5
KHT-XE5S,2025-10-17 22:10:00,9.4868,10.5,KHT-XE5S_2025_0526_1101,0.00030000000000001136,0.5
KHT-XE5S,2025-10-17 22:20:00,9.4865,10.5,KHT-XE5S_2025_0526_1101,0.0,0.5
KHT-XE5S,2025-10-17 22:30:00,9.4859,10.502,KHT-XE5S_2025_0526_1101,0.0002000000000000668,0.5
KHT-XE5S,2025-10-17 22:40:00,9.4853,10.501,KHT-XE5S_2025_0526_1101,0.00010000000000012221,0.5
KHT-XE5S,2025-10-17 22:50:00,9.4851,10.499,KHT-XE5S_2025_0526_1101,0.00019999999999988915,0.5
KHT-XE5S,2025-10-17 23:00:00,9.4854,10.499,KHT-XE5S_2025_0526_1101,0.0,0.5
KHT-XE5S,2025-10-17 23:10:00,9.4863,10.499,KHT-XE5S_2025_0526_1101,0.0,0.5
KHT-XE5S,2025-10-17 23:20:00,9.4872,10.498,KHT-XE5S_2025_0526_1101,0.00010000000000012221,0.5
KHT-XE5S,2025-10-17 23:30:00,9.487,10.499,KHT-XE5S_2025_0526_1101,0.00010000000000012221,0.5
KHT-XE5S,2025-10-17 23:40:00,9.487,10.499,KHT-XE5S_2025_0526_1101,0.0,0.5
KHT-XE5S,2025-10-17 23:50:00,9.4871,10.497,KHT-XE5S_2025_0526_1101,0.0002000000000000668,0.5
KHT-XE5S,2025-10-18 00:00:00,9.4873,10.497,KHT-XE5S_2025_0526_1101,0.0,0.5
KHT-XE5S,2025-10-18 00:10:00,9.4879,10.497,KHT-XE5S_2025_0526_1101,0.0,0.5
KHT-XE5S,2025-10-18 00:20:00,9.4874,10.497,KHT-XE5S_2025_0526_1101,0.0,0.5
KHT-XE5S,2025-10-18 00:30:00,9.4876,10.495,KHT-XE5S_2025_0526_1101,0.0002000000000000668,0.5
KHT-XE5S,2025-10-18 00:40:00,9.4875,10.496,KHT-XE5S_2025_0526_1101,0.00010000000000012221,0.5
KHT-XE5S,2025-10-18 00:50:00,9.4879,10.495,KHT-XE5S_2025_0526_1101,0.00010000000000012221,0.5
KHT-XE5S,2025-10-18 01:00:00,9.4885,10.496,KHT-XE5S_2025_0526_1101,0.00010000000000012221,0.5
KHT-XE5S,2025-10-18 01:10:00,9.4887,10.494,KHT-XE5S_2025_0526_1101,0.0002000000000000668,0.5
KHT-XE5S,2025-10-18 01:20:00,9.4889,10.493,KHT-XE5S_2025_0526_1101,9.999999999994457e-05,0.5
KHT-XE5S,2025-10-18 01:30:00,9.489,10.496,KHT-XE5S_2025_0526_1101,0.00030000000000001136,0.5
KHT-XE5S,2025-10-18 01:40:00,9.4893,10.492,KHT-XE5S_2025_0526_1101,0.00039999999999995595,0.5
KHT-XE5S,2025-10-18 01:50:00,9.4899,10.494,KHT-XE5S_2025_0526_1101,0.00019999999999988915,0.5
KHT-XE5S,2025-10-18 02:00:00,9.4905,10.492,KHT-XE5S_2025_0526_1101,0.00019999999999988915,0.5
KHT-XE5S,2025-10-18 02:10:00,9.4906,10.492,KHT-XE5S_2025_0526_1101,0.0,0.5
KHT-XE5S,2025-10-18 02:20:00,9.4907,10.492,KHT-XE5S_2025_0526_1101,0.0,0.5
KHT-XE5S,2025-10-18 02:30:00,9.4906,10.492,KHT-XE5S_2025_0526_1101,0.0,0.5
KHT-XE5S,2025-10-18 02:40:00,9.4902,10.491,KHT-XE5S_2025_0526_1101,0.00010000000000012221,0.5
KHT-XE5S,2025-10-18 02:50:00,9.49,10.49,KHT-XE5S_2025_0526_1101,9.999999999994457e-05,0.5
KHT-XE5S,2025-10-18 03:00:00,9.4895,10.491,KHT-XE5S_2025_0526_1101,9.999999999994457e-05,0.5
KHT-XE5S,2025-10-18 03:10:00,9.4897,10.491,KHT-XE5S_2025_0526_1101,0.0,0.5
KHT-XE5S,2025-10-18 03:20:00,9.4893,10.49,KHT-XE5S_2025_0526_1101,9.999999999994457e-05,0.5
KHT-XE5S,2025-10-18 03:30:00,9.4892,10.489,KHT-XE5S_2025_0526_1101,9.999999999994457e-05,0.5
KHT-XE5S,2025-10-18 03:40:00,9.4904,10.489,KHT-XE5S_2025_0526_1101,0.0,0.5
KHT-XE5S,2025-10-18 03:50:00,9.4905,10.486,KHT-XE5S_2025_0526_1101,0.00030000000000001136,0.5
KHT-XE5S,2025-10-18 04:00:00,9.4907,10.489,KHT-XE5S_2025_0526_1101,0.00030000000000001136,0.5
KHT-XE5S,2025-10-18 04:10:00,9.4905,10.486,KHT-XE5S_2025_0526_1101,0.00030000000000001136,0.5
KHT-XE5S,2025-10-18 04:20:00,9.4905,10.488,KHT-XE5S_2025_0526_1101,0.00019999999999988915,0.5
KHT-XE5S,2025-10-18 04:30:00,9.4895,10.486,KHT-XE5S_2025_0526_1101,0.00019999999999988915,0.5
KHT-XE5S,2025-10-18 04:40:00,9.4898,10.487,KHT-XE5S_2025_0526_1101,9.999999999994457e-05,0.5
KHT-XE5S,2025-10-18 04:50:00,9.4909,10.487,KHT-XE5S_2025_0526_1101,0.0,0.5
KHT-XE5S,2025-10-18 05:00:00,9.4916,10.486,KHT-XE5S_2025_0526_1101,9.999999999994457e-05,0.5
KHT-XE5S,2025-10-18 05:10:00,9.4916,10.485,KHT-XE5S_2025_0526_1101,0.00010000000000012221,0.5
KHT-XE5S,2025-10-18 05:20:00,9.4916,10.487,KHT-XE5S_2025_0526_1101,0.0002000000000000668,0.5
KHT-XE5S,2025-10-18 05:30:00,9.4918,10.485,KHT-XE5S_2025_0526_1101,0.0002000000000000668,0.5
KHT-XE5S,2025-10-18 05:40:00,9.4923,10.485,KHT-XE5S_2025_0526_1101,0.0,0.5
KHT-XE5S,2025-10-18 05:50:00,9.4915,10.485,KHT-XE5S_2025_0526_1101,0.0,0.5
KHT-XE5S,2025-10-18 06:00:00,9.4919,10.484,KHT-XE5S_2025_0526_1101,9.999999999994457e-05,0.5
KHT-XE5S,2025-10-18 06:10:00,9.4929,10.485,KHT-XE5S_2025_0526_1101,9.999999999994457e-05,0.5
KHT-XE5S,2025-10-18 06:20:00,9.4933,10.483,KHT-XE5S_2025_0526_1101,0.00019999999999988915,0.5
KHT-XE5S,2025-10-18 06:30:00,9.4935,10.482,KHT-XE5S_2025_0526_1101,0.00010000000000012221,0.5
KHT-XE5S,2025-10-18 06:40:00,9.4933,10.483,KHT-XE5S_2025_0526_1101,0.00010000000000012221,0.5
KHT-XE5S,2025-10-18 06:50:00,9.4936,10.484,KHT-XE5S_2025_0526_1101,9.999999999994457e-05,0.5
KHT-XE5S,2025-10-18 07:00:00,9.4938,10.481,KHT-XE5S_2025_0526_1101,0.00030000000000001136,0.5
KHT-XE5S,2025-10-18 07:10:00,9.4945,10.48,KHT-XE5S_2025_0526_1101,9.999999999994457e-05,0.5
KHT-XE5S,2025-10-18 07:20:00,9.4952,10.481,KHT-XE5S_2025_0526_1101,9.999999999994457e-05,0.5
KHT-XE5S,2025-10-18 07:30:00,9.4953,10.481,KHT-XE5S_2025_0526_1101,0.0,0.5
KHT-XE5S,2025-10-18 07:40:00,9.4961,10.479,KHT-XE5S_2025_0526_1101,0.0002000000000000668,0.5
KHT-XE5S,2025-10-18 07:50:00,9.4964,10.479,KHT-XE5S_2025_0526_1101,0.0,0.5
KHT-XE5S,2025-10-18 08:00:00,9.4973,10.481,KHT-XE5S_2025_0526_1101,0.0002000000000000668,0.5
KHT-XE5S,2025-10-18 08:10:00,9.4978,10.481,KHT-XE5S_2025_0526_1101,0.0,0.5
KHT-XE5S,2025-10-18 08:20:00,9.4986,10.479,KHT-XE5S_2025_0526_1101,0.0002000000000000668,0.5
KHT-XE5S,2025-10-18 08:30:00,9.4984,10.478,KHT-XE5S_2025_0526_1101,9.999999999994457e-05,0.5
KHT-XE5S,2025-10-18 08:40:00,9.4987,10.478,KHT-XE5S_2025_0526_1101,0.0,0.5
KHT-XE5S,2025-10-18 08:50:00,9.4986,10.478,KHT-XE5S_2025_0526_1101,0.0,0.5
KHT-XE5S,2025-10-18 09:00:00,9.4983,10.478,KHT-XE5S_2025_0526_1101,0.0,0.5
KHT-XE5S,2025-10-18 09:10:00,9.4983,10.477,KHT-XE5S_2025_0526_1101,9.999999999994457e-05,0.5
KHT-XE5S,2025-10-18 09:20:00,9.4976,10.474,KHT-XE5S_2025_0526_1101,0.00030000000000001136,0.5
KHT-XE5S,2025-10-18 09:30:00,9.4981,10.476,KHT-XE5S_2025_0526_1101,0.0002000000000000668,0.5
KHT-XE5S,2025-10-18 09:40:00,9.4983,10.476,KHT-XE5S_2025_0526_1101,0.0,0.5
KHT-XE5S,2025-10-18 09:50:00,9.4985,10.476,KHT-XE5S_2025_0526_1101,0.0,0.5
KHT-XE5S,2025-10-18 10:00:00,9.4988,10.475,KHT-XE5S_2025_0526_1101,0.00010000000000012221,0.5
KHT-XE5S,2025-10-18 10:10:00,9.4991,10.474,KHT-XE5S_2025_0526_1101,9.999999999994457e-05,0.5
KHT-XE5S,2025-10-18 10:20:00,9.4988,10.475,KHT-XE5S_2025_0526_1101,9.999999999994457e-05,0.5
KHT-XE5S,2025-10-18 10:30:00,9.4985,10.474,KHT-XE5S_2025_0526_1101,9.999999999994457e-05,0.5
KHT-XE5S,2025-10-18 10:40:00,9.4982,10.473,KHT-XE5S_2025_0526_1101,9.999999999994457e-05,0.5
KHT-XE5S,2025-10-18 10:50:00,9.4977,10.472,KHT-XE5S_2025_0526_1101,0.00010000000000012221,0.5
KHT-XE5S,2025-10-18 11:00:00,9.4976,10.474,KHT-XE5S_2025_0526_1101,0.0002000000000000668,0.5
KHT-XE5S,2025-10-18 11:10:00,9.4972,10.473,KHT-XE5S_2025_0526_1101,9.999999999994457e-05,0.5
KHT-XE5S,2025-10-18 11:20:00,9.4963,10.473,KHT-XE5S_2025_0526_1101,0.0,0.5
KHT-XE5S,2025-10-18 11:30:00,9.4952,10.472,KHT-XE5S_2025_0526_1101,0.00010000000000012221,0.5
KHT-XE5S,2025-10-18 11:40:00,9.4947,10.472,KHT-XE5S_2025_0526_1101,0.0,0.5
KHT-XE5S,2025-10-18 11:50:00,9.4939,10.47,KHT-XE5S_2025_0526_1101,0.00019999999999988915,0.5
KHT-XE5S,2025-10-18 12:00:00,9.4932,10.471,KHT-XE5S_2025_0526_1101,9.999999999994457e-05,0.5
KHT-XE5S,2025-10-18 12:10:00,9.4928,10.47,KHT-XE5S_2025_0526_1101,9.999999999994457e-05,0.5
KHT-XE5S,2025-10-18 12:20:00,9.4915,10.469,KHT-XE5S_2025_0526_1101,0.00010000000000012221,0.5
KHT-XE5S,2025-10-18 12:30:00,9.4911,10.47,KHT-XE5S_2025_0526_1101,0.00010000000000012221,0.5
KHT-XE5S,2025-10-18 12:40:00,9.4894,10.47,KHT-XE5S_2025_0526_1101,0.0,0.5
KHT-XE5S,2025-10-18 12:50:00,9.4879,10.468,KHT-XE5S_2025_0526_1101,0.0002000000000000668,0.5
KHT-XE5S,2025-10-18 13:00:00,9.4866,10.467,KHT-XE5S_2025_0526_1101,9.999999999994457e-05,0.5
KHT-XE5S,2025-10-18 13:10:00,9.4857,10.468,KHT-XE5S_2025_0526_1101,9.999999999994457e-05,0.5
KHT-XE5S,2025-10-18 13:20:00,9.4851,10.468,KHT-XE5S_2025_0526_1101,0.0,0.5
KHT-XE5S,2025-10-18 13:30:00,9.4838,10.469,KHT-XE5S_2025_0526_1101,9.999999999994457e-05,0.5
KHT-XE5S,2025-10-18 13:40:00,9.4828,10.468,KHT-XE5S_2025_0526_1101,9.999999999994457e-05,0.5
KHT-XE5S,2025-10-18 13:50:00,9.4823,10.469,KHT-XE5S_2025_0526_1101,9.999999999994457e-05,0.5
KHT-XE5S,2025-10-18 14:00:00,9.4814,10.466,KHT-XE5S_2025_0526_1101,0.00030000000000001136,0.5
KHT-XE5S,2025-10-18 14:10:00,9.4803,10.465,KHT-XE5S_2025_0526_1101,9.999999999994457e-05,0.5
KHT-XE5S,2025-10-18 14:20:00,9.4796,10.467,KHT-XE5S_2025_0526_1101,0.0002000000000000668,0.5
KHT-XE5S,2025-10-18 14:30:00,9.4791,10.465,KHT-XE5S_2025_0526_1101,0.0002000000000000668,0.5
KHT-XE5S,2025-10-18 14:40:00,9.4784,10.465,KHT-XE5S_2025_0526_1101,0.0,0.5
KHT-XE5S,2025-10-18 14:50:00,9.4779,10.463,KHT-XE5S_2025_0526_1101,0.0002000000000000668,0.5
KHT-XE5S,2025-10-18 15:00:00,9.4776,10.465,KHT-XE5S_2025_0526_1101,0.0002000000000000668,0.5
KHT-XE5S,2025-10-18 15:10:00,9.4771,10.462,KHT-XE5S_2025_0526_1101,0.00030000000000001136,0.5
KHT-XE5S,2025-10-18 15:20:00,9.4768,10.464,KHT-XE5S_2025_0526_1101,0.0002000000000000668,0.5
KHT-XE5S,2025-10-18 15:30:00,9.4765,10.463,KHT-XE5S_2025_0526_1101,0.00010000000000012221,0.5
KHT-XE5S,2025-10-18 15:40:00,9.4765,10.462,KHT-XE5S_2025_0526_1101,9.999999999994457e-05,0.5
KHT-XE5S,2025-10-18 15:50:00,9.4765,10.461,KHT-XE5S_2025_0526_1101,9.999999999994457e-05,0.5
KHT-XE5S,2025-10-18 16:00:00,9.4767,10.462,KHT-XE5S_2025_0526_1101,9.999999999994457e-05,0.5
KHT-XE5S,2025-10-18 16:10:00,9.4771,10.462,KHT-XE5S_2025_0526_1101,0.0,0.5
KHT-XE5S,2025-10-18 16:20:00,9.4778,10.46,KHT-XE5S_2025_0526_1101,0.00019999999999988915,0.5
KHT-XE5S,2025-10-18 16:30:00,9.4772,10.462,KHT-XE5S_2025_0526_1101,0.00019999999999988915,0.5
KHT-XE5S,2025-10-18 16:40:00,9.4769,10.46,KHT-XE5S_2025_0526_1101,0.00019999999999988915,0.5
KHT-XE5S,2025-10-18 16:50:00,9.477,10.46,KHT-XE5S_2025_0526_1101,0.0,0.5
KHT-XE5S,2025-10-18 17:00:00,9.4771,10.46,KHT-XE5S_2025_0526_1101,0.0,0.5
KHT-XE5S,2025-10-18 17:10:00,9.4776,10.459,KHT-XE5S_2025_0526_1101,0.00010000000000012221,0.5
KHT-XE5S,2025-10-18 17:20:00,9.4782,10.459,KHT-XE5S_2025_0526_1101,0.0,0.5
KHT-XE5S,2025-10-18 17:30:00,9.4779,10.458,KHT-XE5S_2025_0526_1101,9.999999999994457e-05,0.5
KHT-XE5S,2025-10-18 17:40:00,9.4784,10.458,KHT-XE5S_2025_0526_1101,0.0,0.5
KHT-XE5S,2025-10-18 17:50:00,9.4794,10.456,KHT-XE5S_2025_0526_1101,0.0002000000000000668,0.5
KHT-XE5S,2025-10-18 18:00:00,9.4799,10.457,KHT-XE5S_2025_0526_1101,0.00010000000000012221,0.5
KHT-XE5S,2025-10-18 18:10:00,9.4802,10.455,KHT-XE5S_2025_0526_1101,0.0002000000000000668,0.5
KHT-XE5S,2025-10-18 18:20:00,9.4807,10.457,KHT-XE5S_2025_0526_1101,0.0002000000000000668,0.5
KHT-XE5S,2025-10-18 18:30:00,9.4816,10.455,KHT-XE5S_2025_0526_1101,0.0002000000000000668,0.5
KHT-XE5S,2025-10-18 18:40:00,9.4826,10.456,KHT-XE5S_2025_0526_1101,9.999999999994457e-05,0.5
KHT-XE5S,2025-10-18 18:50:00,9.4834,10.454,KHT-XE5S_2025_0526_1101,0.00019999999999988915,0.5
KHT-XE5S,2025-10-18 19:00:00,9.4836,10.455,KHT-XE5S_2025_0526_1101,9.999999999994457e-05,0.5
KHT-XE5S,2025-10-18 19:10:00,9.4844,10.453,KHT-XE5S_2025_0526_1101,0.0002000000000000668,0.5
KHT-XE5S,2025-10-18 19:20:00,9.4863,10.456,KHT-XE5S_2025_0526_1101,0.00030000000000001136,0.5
KHT-XE5S,2025-10-18 19:30:00,9.4872,10.455,KHT-XE5S_2025_0526_1101,9.999999999994457e-05,0.5
KHT-XE5S,2025-10-18 19:40:00,9.4885,10.454,KHT-XE5S_2025_0526_1101,9.999999999994457e-05,0.5
KHT-XE5S,2025-10-18 19:50:00,9.489,10.452,KHT-XE5S_2025_0526_1101,0.0002000000000000668,0.5
KHT-XE5S,2025-10-18 20:00:00,9.49,10.454,KHT-XE5S_2025_0526_1101,0.0002000000000000668,0.5
KHT-XE5S,2025-10-18 20:10:00,9.4897,10.451,KHT-XE5S_2025_0526_1101,0.00030000000000001136,0.5
KHT-XE5S,2025-10-18 20:20:00,9.4908,10.452,KHT-XE5S_2025_0526_1101,9.999999999994457e-05,0.5
KHT-XE5S,2025-10-18 20:30:00,9.4905,10.452,KHT-XE5S_2025_0526_1101,0.0,0.5
KHT-XE5S,2025-10-18 20:40:00,9.4914,10.451,KHT-XE5S_2025_0526_1101,9.999999999994457e-05,0.5
KHT-XE5S,2025-10-18 20:50:00,9.4914,10.451,KHT-XE5S_2025_0526_1101,0.0,0.5
KHT-XE5S,2025-10-18 21:00:00,9.4911,10.448,KHT-XE5S_2025_0526_1101,0.00030000000000001136,0.5
KHT-XE5S,2025-10-18 21:10:00,9.4919,10.449,KHT-XE5S_2025_0526_1101,9.999999999994457e-05,0.5
KHT-XE5S,2025-10-18 21:20:00,9.4918,10.45,KHT-XE5S_2025_0526_1101,9.999999999994457e-05,0.5
KHT-XE5S,2025-10-18 21:30:00,9.493,10.449,KHT-XE5S_2025_0526_1101,9.999999999994457e-05,0.5
KHT-XE5S,2025-10-18 21:40:00,9.4928,10.449,KHT-XE5S_2025_0526_1101,0.0,0.5
KHT-XE5S,2025-10-18 21:50:00,9.4918,10.448,KHT-XE5S_2025_0526_1101,9.999999999994457e-05,0.5
KHT-XE5S,2025-10-18 22:00:00,9.4927,10.447,KHT-XE5S_2025_0526_1101,0.00010000000000012221,0.5
KHT-XE5S,2025-10-18 22:10:00,9.4923,10.448,KHT-XE5S_2025_0526_1101,0.00010000000000012221,0.5
KHT-XE5S,2025-10-18 22:20:00,9.4913,10.446,KHT-XE5S_2025_0526_1101,0.0002000000000000668,0.5
KHT-XE5S,2025-10-18 22:30:00,9.4913,10.447,KHT-XE5S_2025_0526_1101,9.999999999994457e-05,0.5
KHT-XE5S,2025-10-18 22:40:00,9.4913,10.446,KHT-XE5S_2025_0526_1101,9.999999999994457e-05,0.5
KHT-XE5S,2025-10-18 22:50:00,9.4917,10.445,KHT-XE5S_2025_0526_1101,9.999999999994457e-05,0.5
KHT-XE5S,2025-10-18 23:00:00,9.4914,10.445,KHT-XE5S_2025_0526_1101,0.0,0.5
KHT-XE5S,2025-10-18 23:10:00,9.4917,10.446,KHT-XE5S_2025_0526_1101,9.999999999994457e-05,0.5
KHT-XE5S,2025-10-18 23:20:00,9.4915,10.444,KHT-XE5S_2025_0526_1101,0.00019999999999988915,0.5
KHT-XE5S,2025-10-18 23:30:00,9.4915,10.447,KHT-XE5S_2025_0526_1101,0.0002999999999998337,0.5
KHT-XE5S,2025-10-18 23:40:00,9.4914,10.443,KHT-XE5S_2025_0526_1101,0.00039999999999995595,0.5
KHT-XE5S,2025-10-18 23:50:00,9.4906,10.445,KHT-XE5S_2025_0526_1101,0.0002000000000000668,0.5
KHT-XE5S,2025-10-19 00:00:00,9.4897,10.445,KHT-XE5S_2025_0526_1101,0.0,0.5
KHT-XE5S,2025-10-19 00:10:00,9.489,10.444,KHT-XE5S_2025_0526_1101,9.999999999994457e-05,0.5
KHT-XE5S,2025-10-19 00:20:00,9.4881,10.442,KHT-XE5S_2025_0526_1101,0.0002000000000000668,0.5
KHT-XE5S,2025-10-19 00:30:00,9.4871,10.443,KHT-XE5S_2025_0526_1101,9.999999999994457e-05,0.5
KHT-XE5S,2025-10-19 00:40:00,9.486,10.443,KHT-XE5S_2025_0526_1101,0.0,0.5
KHT-XE5S,2025-10-19 00:50:00,9.4863,10.442,KHT-XE5S_2025_0526_1101,9.999999999994457e-05,0.5
KHT-XE5S,2025-10-19 01:00:00,9.486,10.441,KHT-XE5S_2025_0526_1101,9.999999999994457e-05,0.5
KHT-XE5S,2025-10-19 01:10:00,9.4853,10.441,KHT-XE5S_2025_0526_1101,0.0,0.5
KHT-XE5S,2025-10-19 01:20:00,9.4863,10.439,KHT-XE5S_2025_0526_1101,0.0002000000000000668,0.5
KHT-XE5S,2025-10-19 01:30:00,9.4875,10.441,KHT-XE5S_2025_0526_1101,0.0002000000000000668,0.5
KHT-XE5S,2025-10-19 01:40:00,9.4888,10.441,KHT-XE5S_2025_0526_1101,0.0,0.5
KHT-XE5S,2025-10-19 01:50:00,9.4879,10.44,KHT-XE5S_2025_0526_1101,0.00010000000000012221,0.5
KHT-XE5S,2025-10-19 02:00:00,9.4883,10.438,KHT-XE5S_2025_0526_1101,0.00019999999999988915,0.5
KHT-XE5S,2025-10-19 02:10:00,9.4877,10.439,KHT-XE5S_2025_0526_1101,9.999999999994457e-05,0.5
KHT-XE5S,2025-10-19 02:20:00,9.4876,10.438,KHT-XE5S_2025_0526_1101,9.999999999994457e-05,0.5
KHT-XE5S,2025-10-19 02:30:00,9.488,10.437,KHT-XE5S_2025_0526_1101,0.00010000000000012221,0.5
KHT-XE5S,2025-10-19 02:40:00,9.4869,10.438,KHT-XE5S_2025_0526_1101,0.00010000000000012221,0.5
KHT-XE5S,2025-10-19 02:50:00,9.4864,10.435,KHT-XE5S_2025_0526_1101,0.00030000000000001136,0.5
KHT-XE5S,2025-10-19 03:00:00,9.4858,10.436,KHT-XE5S_2025_0526_1101,9.999999999994457e-05,0.5
KHT-XE5S,2025-10-19 03:10:00,9.484,10.435,KHT-XE5S_2025_0526_1101,9.999999999994457e-05,0.5
KHT-XE5S,2025-10-19 03:20:00,9.4853,10.434,KHT-XE5S_2025_0526_1101,0.00010000000000012221,0.5
KHT-XE5S,2025-10-19 03:30:00,9.4853,10.436,KHT-XE5S_2025_0526_1101,0.0002000000000000668,0.5
KHT-XE5S,2025-10-19 03:40:00,9.4856,10.436,KHT-XE5S_2025_0526_1101,0.0,0.5
KHT-XE5S,2025-10-19 03:50:00,9.4845,10.433,KHT-XE5S_2025_0526_1101,0.00030000000000001136,0.5
KHT-XE5S,2025-10-19 04:00:00,9.4845,10.433,KHT-XE5S_2025_0526_1101,0.0,0.5
KHT-XE5S,2025-10-19 04:10:00,9.4835,10.433,KHT-XE5S_2025_0526_1101,0.0,0.5
KHT-XE5S,2025-10-19 04:20:00,9.484,10.431,KHT-XE5S_2025_0526_1101,0.0002000000000000668,0.5
KHT-XE5S,2025-10-19 04:30:00,9.4834,10.434,KHT-XE5S_2025_0526_1101,0.00030000000000001136,0.5
KHT-XE5S,2025-10-19 04:40:00,9.4839,10.431,KHT-XE5S_2025_0526_1101,0.00030000000000001136,0.5
KHT-XE5S,2025-10-19 04:50:00,9.4827,10.432,KHT-XE5S_2025_0526_1101,0.00010000000000012221,0.5
KHT-XE5S,2025-10-19 05:00:00,9.4845,10.432,KHT-XE5S_2025_0526_1101,0.0,0.5
KHT-XE5S,2025-10-19 05:10:00,9.4853,10.43,KHT-XE5S_2025_0526_1101,0.0002000000000000668,0.5
KHT-XE5S,2025-10-19 05:20:00,9.4877,10.431,KHT-XE5S_2025_0526_1101,9.999999999994457e-05,0.5
KHT-XE5S,2025-10-19 05:30:00,9.4867,10.428,KHT-XE5S_2025_0526_1101,0.0002999999999998337,0.5
KHT-XE5S,2025-10-19 05:40:00,9.4872,10.429,KHT-XE5S_2025_0526_1101,9.999999999994457e-05,0.5
KHT-XE5S,2025-10-19 05:50:00,9.4887,10.432,KHT-XE5S_2025_0526_1101,0.00030000000000001136,0.5
KHT-XE5S,2025-10-19 06:00:00,9.4886,10.43,KHT-XE5S_2025_0526_1101,0.0002000000000000668,0.5
KHT-XE5S,2025-10-19 06:10:00,9.487,10.43,KHT-XE5S_2025_0526_1101,0.0,0.5
KHT-XE5S,2025-10-19 06:20:00,9.4858,10.43,KHT-XE5S_2025_0526_1101,0.0,0.5
KHT-XE5S,2025-10-19 06:30:00,9.4826,10.427,KHT-XE5S_2025_0526_1101,0.00030000000000001136,0.5
KHT-XE5S,2025-10-19 06:40:00,9.4835,10.428,KHT-XE5S_2025_0526_1101,0.00010000000000012221,0.5
KHT-XE5S,2025-10-19 06:50:00,9.4835,10.426,KHT-XE5S_2025_0526_1101,0.0002000000000000668,0.5
KHT-XE5S,2025-10-19 07:00:00,9.4831,10.426,KHT-XE5S_2025_0526_1101,0.0,0.5
KHT-XE5S,2025-10-19 07:10:00,9.4831,10.427,KHT-XE5S_2025_0526_1101,9.999999999994457e-05,0.5
KHT-XE5S,2025-10-19 07:20:00,9.4854,10.424,KHT-XE5S_2025_0526_1101,0.00030000000000001136,0.5
KHT-XE5S,2025-10-19 07:30:00,9.4866,10.425,KHT-XE5S_2025_0526_1101,0.00010000000000012221,0.5
KHT-XE5S,2025-10-19 07:40:00,9.4866,10.424,KHT-XE5S_2025_0526_1101,0.00010000000000012221,0.5
KHT-XE5S,2025-10-19 07:50:00,9.4881,10.423,KHT-XE5S_2025_0526_1101,9.999999999994457e-05,0.5
KHT-XE5S,2025-10-19 08:00:00,9.4877,10.422,KHT-XE5S_2025_0526_1101,9.999999999994457e-05,0.5
KHT-XE5S,2025-10-19 08:10:00,9.4876,10.425,KHT-XE5S_2025_0526_1101,0.00030000000000001136,0.5
KHT-XE5S,2025-10-19 08:20:00,9.4894,10.424,KHT-XE5S_2025_0526_1101,0.00010000000000012221,0.5
KHT-XE5S,2025-10-19 08:30:00,9.4892,10.424,KHT-XE5S_2025_0526_1101,0.0,0.5
KHT-XE5S,2025-10-19 08:40:00,9.4898,10.422,KHT-XE5S_2025_0526_1101,0.00019999999999988915,0.5
KHT-XE5S,2025-10-19 08:50:00,9.4895,10.422,KHT-XE5S_2025_0526_1101,0.0,0.5
KHT-XE5S,2025-10-19 09:00:00,9.4902,10.422,KHT-XE5S_2025_0526_1101,0.0,0.5
KHT-XE5S,2025-10-19 09:10:00,9.4892,10.42,KHT-XE5S_2025_0526_1101,0.0002000000000000668,0.5
KHT-XE5S,2025-10-19 09:20:00,9.488,10.419,KHT-XE5S_2025_0526_1101,9.999999999994457e-05,0.5
KHT-XE5S,2025-10-19 09:30:00,9.4867,10.42,KHT-XE5S_2025_0526_1101,9.999999999994457e-05,0.5
KHT-XE5S,2025-10-19 09:40:00,9.4866,10.42,KHT-XE5S_2025_0526_1101,0.0,0.5
KHT-XE5S,2025-10-19 09:50:00,9.4849,10.421,KHT-XE5S_2025_0526_1101,9.999999999994457e-05,0.5
KHT-XE5S,2025-10-19 10:00:00,9.4839,10.419,KHT-XE5S_2025_0526_1101,0.00019999999999988915,0.5
KHT-XE5S,2025-10-19 10:10:00,9.4845,10.417,KHT-XE5S_2025_0526_1101,0.0002000000000000668,0.5
KHT-XE5S,2025-10-19 10:20:00,9.4841,10.418,KHT-XE5S_2025_0526_1101,9.999999999994457e-05,0.5
KHT-XE5S,2025-10-19 10:30:00,9.4851,10.417,KHT-XE5S_2025_0526_1101,9.999999999994457e-05,0.5
KHT-XE5S,2025-10-19 10:40:00,9.4858,10.416,KHT-XE5S_2025_0526_1101,9.999999999994457e-05,0.5
KHT-XE5S,2025-10-19 10:50:00,9.4868,10.418,KHT-XE5S_2025_0526_1101,0.00019999999999988915,0.5
KHT-XE5S,2025-10-19 11:00:00,9.4868,10.416,KHT-XE5S_2025_0526_1101,0.00019999999999988915,0.5
KHT-XE5S,2025-10-19 11:10:00,9.4848,10.416,KHT-XE5S_2025_0526_1101,0.0,0.5
KHT-XE5S,2025-10-19 11:20:00,9.4826,10.414,KHT-XE5S_2025_0526_1101,0.0002000000000000668,0.5
KHT-XE5S,2025-10-19 11:30:00,9.4814,10.414,KHT-XE5S_2025_0526_1101,0.0,0.5
KHT-XE5S,2025-10-19 11:40:00,9.4814,10.414,KHT-XE5S_2025_0526_1101,0.0,0.5
KHT-XE5S,2025-10-19 11:50:00,9.4813,10.412,KHT-XE5S_2025_0526_1101,0.00019999999999988915,0.5
KHT-XE5S,2025-10-19 12:00:00,9.4802,10.414,KHT-XE5S_2025_0526_1101,0.00019999999999988915,0.5
KHT-XE5S,2025-10-19 12:10:00,9.4808,10.413,KHT-XE5S_2025_0526_1101,9.999999999994457e-05,0.5
KHT-XE5S,2025-10-19 12:20:00,9.4796,10.414,KHT-XE5S_2025_0526_1101,9.999999999994457e-05,0.5
KHT-XE5S,2025-10-19 12:30:00,9.4782,10.412,KHT-XE5S_2025_0526_1101,0.00019999999999988915,0.5
KHT-XE5S,2025-10-19 12:40:00,9.4774,10.413,KHT-XE5S_2025_0526_1101,9.999999999994457e-05,0.5
KHT-XE5S,2025-10-19 12:50:00,9.4761,10.411,KHT-XE5S_2025_0526_1101,0.0002000000000000668,0.5
KHT-XE5S,2025-10-19 13:00:00,9.4749,10.412,KHT-XE5S_2025_0526_1101,0.00010000000000012221,0.5
KHT-XE5S,2025-10-19 13:10:00,9.4736,10.41,KHT-XE5S_2025_0526_1101,0.0002000000000000668,0.5
KHT-XE5S,2025-10-19 13:20:00,9.4712,10.411,KHT-XE5S_2025_0526_1101,9.999999999994457e-05,0.5
KHT-XE5S,2025-10-19 13:30:00,9.4716,10.412,KHT-XE5S_2025_0526_1101,0.00010000000000012221,0.5
KHT-XE5S,2025-10-19 13:40:00,9.4708,10.41,KHT-XE5S_2025_0526_1101,0.0002000000000000668,0.5
KHT-XE5S,2025-10-19 13:50:00,9.4715,10.41,KHT-XE5S_2025_0526_1101,0.0,0.5
KHT-XE5S,2025-10-19 14:00:00,9.4719,10.41,KHT-XE5S_2025_0526_1101,0.0,0.5
KHT-XE5S,2025-10-19 14:10:00,9.4707,10.409,KHT-XE5S_2025_0526_1101,9.999999999994457e-05,0.5
KHT-XE5S,2025-10-19 14:20:00,9.4697,10.409,KHT-XE5S_2025_0526_1101,0.0,0.5
KHT-XE5S,2025-10-19 14:30:00,9.4691,10.409,KHT-XE5S_2025_0526_1101,0.0,0.5
KHT-XE5S,2025-10-19 14:40:00,9.469,10.407,KHT-XE5S_2025_0526_1101,0.0002000000000000668,0.5
KHT-XE5S,2025-10-19 14:50:00,9.4708,10.408,KHT-XE5S_2025_0526_1101,9.999999999994457e-05,0.5
KHT-XE5S,2025-10-19 15:00:00,9.471,10.407,KHT-XE5S_2025_0526_1101,9.999999999994457e-05,0.5
KHT-XE5S,2025-10-19 15:10:00,9.4713,10.406,KHT-XE5S_2025_0526_1101,9.999999999994457e-05,0.5
KHT-XE5S,2025-10-19 15:20:00,9.4719,10.407,KHT-XE5S_2025_0526_1101,9.999999999994457e-05,0.5
KHT-XE5S,2025-10-19 15:30:00,9.4721,10.404,KHT-XE5S_2025_0526_1101,0.00030000000000001136,0.5
KHT-XE5S,2025-10-19 15:40:00,9.4725,10.406,KHT-XE5S_2025_0526_1101,0.0002000000000000668,0.5
KHT-XE5S,2025-10-19 15:50:00,9.4736,10.404,KHT-XE5S_2025_0526_1101,0.0002000000000000668,0.5
KHT-XE5S,2025-10-19 16:00:00,9.4735,10.404,KHT-XE5S_2025_0526_1101,0.0,0.5
KHT-XE5S,2025-10-19 16:10:00,9.4737,10.404,KHT-XE5S_2025_0526_1101,0.0,0.5
KHT-XE5S,2025-10-19 16:20:00,9.471,10.402,KHT-XE5S_2025_0526_1101,0.0002000000000000668,0.5
KHT-XE5S,2025-10-19 16:30:00,9.4706,10.402,KHT-XE5S_2025_0526_1101,0.0,0.5
KHT-XE5S,2025-10-19 16:40:00,9.4718,10.403,KHT-XE5S_2025_0526_1101,0.00010000000000012221,0.5
KHT-XE5S,2025-10-19 16:50:00,9.4712,10.401,KHT-XE5S_2025_0526_1101,0.0002000000000000668,0.5
KHT-XE5S,2025-10-19 17:00:00,9.4716,10.398,KHT-XE5S_2025_0526_1101,0.00030000000000001136,0.5
KHT-XE5S,2025-10-19 17:10:00,9.4732,10.402,KHT-XE5S_2025_0526_1101,0.00039999999999995595,0.5
KHT-XE5S,2025-10-19 17:20:00,9.4723,10.402,KHT-XE5S_2025_0526_1101,0.0,0.5
KHT-XE5S,2025-10-19 17:30:00,9.4719,10.401,KHT-XE5S_2025_0526_1101,9.999999999994457e-05,0.5
KHT-XE5S,2025-10-19 17:40:00,9.4722,10.4,KHT-XE5S_2025_0526_1101,9.999999999994457e-05,0.5
KHT-XE5S,2025-10-19 17:50:00,9.4713,10.399,KHT-XE5S_2025_0526_1101,0.00010000000000012221,0.5
KHT-XE5S,2025-10-19 18:00:00,9.4709,10.398,KHT-XE5S_2025_0526_1101,9.999999999994457e-05,0.5
KHT-XE5S,2025-10-19 18:10:00,9.4701,10.397,KHT-XE5S_2025_0526_1101,9.999999999994457e-05,0.5
KHT-XE5S,2025-10-19 18:20:00,9.4712,10.399,KHT-XE5S_2025_0526_1101,0.00019999999999988915,0.5
KHT-XE5S,2025-10-19 18:30:00,9.4725,10.398,KHT-XE5S_2025_0526_1101,9.999999999994457e-05,0.5
KHT-XE5S,2025-10-19 18:40:00,9.476,10.397,KHT-XE5S_2025_0526_1101,9.999999999994457e-05,0.5
KHT-XE5S,2025-10-19 18:50:00,9.4783,10.397,KHT-XE5S_2025_0526_1101,0.0,0.5
KHT-XE5S,2025-10-19 19:00:00,9.479,10.396,KHT-XE5S_2025_0526_1101,9.999999999994457e-05,0.5
KHT-XE5S,2025-10-19 19:10:00,9.4788,10.397,KHT-XE5S_2025_0526_1101,9.999999999994457e-05,0.5
KHT-XE5S,2025-10-19 19:20:00,9.4788,10.397,KHT-XE5S_2025_0526_1101,0.0,0.5
KHT-XE5S,2025-10-19 19:30:00,9.4808,10.396,KHT-XE5S_2025_0526_1101,9.999999999994457e-05,0.5
KHT-XE5S,2025-10-19 19:40:00,9.4827,10.396,KHT-XE5S_2025_0526_1101,0.0,0.5
KHT-XE5S,2025-10-19 19:50:00,9.4844,10.394,KHT-XE5S_2025_0526_1101,0.0002000000000000668,0.5
KHT-XE5S,2025-10-19 20:00:00,9.4862,10.392,KHT-XE5S_2025_0526_1101,0.0002000000000000668,0.5
KHT-XE5S,2025-10-19 20:10:00,9.4851,10.395,KHT-XE5S_2025_0526_1101,0.00030000000000001136,0.5
KHT-XE5S,2025-10-19 20:20:00,9.487,10.393,KHT-XE5S_2025_0526_1101,0.00019999999999988915,0.5
KHT-XE5S,2025-10-19 20:30:00,9.4868,10.393,KHT-XE5S_2025_0526_1101,0.0,0.5
KHT-XE5S,2025-10-19 20:40:00,9.4876,10.393,KHT-XE5S_2025_0526_1101,0.0,0.5
KHT-XE5S,2025-10-19 20:50:00,9.4866,10.394,KHT-XE5S_2025_0526_1101,9.999999999994457e-05,0.5
KHT-XE5S,2025-10-19 21:00:00,9.4875,10.392,KHT-XE5S_2025_0526_1101,0.0002000000000000668,0.5
KHT-XE5S,2025-10-19 21:10:00,9.4877,10.39,KHT-XE5S_2025_0526_1101,0.00019999999999988915,0.5
KHT-XE5S,2025-10-19 21:20:00,9.4896,10.391,KHT-XE5S_2025_0526_1101,9.999999999994457e-05,0.5
KHT-XE5S,2025-10-19 21:30:00,9.4908,10.39,KHT-XE5S_2025_0526_1101,9.999999999994457e-05,0.5
KHT-XE5S,2025-10-19 21:40:00,9.4928,10.388,KHT-XE5S_2025_0526_1101,0.0002000000000000668,0.5
KHT-XE5S,2025-10-19 21:50:00,9.4936,10.389,KHT-XE5S_2025_0526_1101,9.999999999994457e-05,0.5
KHT-XE5S,2025-10-19 22:00:00,9.4942,10.389,KHT-XE5S_2025_0526_1101,0.0,0.5
KHT-XE5S,2025-10-19 22:10:00,9.4949,10.389,KHT-XE5S_2025_0526_1101,0.0,0.5
KHT-XE5S,2025-10-19 22:20:00,9.4946,10.389,KHT-XE5S_2025_0526_1101,0.0,0.5
KHT-XE5S,2025-10-19 22:30:00,9.4958,10.389,KHT-XE5S_2025_0526_1101,0.0,0.5
KHT-XE5S,2025-10-19 22:40:00,9.4946,10.387,KHT-XE5S_2025_0526_1101,0.00019999999999988915,0.5
KHT-XE5S,2025-10-19 22:50:00,9.4938,10.387,KHT-XE5S_2025_0526_1101,0.0,0.5
KHT-XE5S,2025-10-19 23:00:00,9.4931,10.386,KHT-XE5S_2025_0526_1101,0.00010000000000012221,0.5
KHT-XE5S,2025-10-19 23:10:00,9.493,10.386,KHT-XE5S_2025_0526_1101,0.0,0.5
KHT-XE5S,2025-10-19 23:20:00,9.4935,10.385,KHT-XE5S_2025_0526_1101,9.999999999994457e-05,0.5
KHT-XE5S,2025-10-19 23:30:00,9.4941,10.385,KHT-XE5S_2025_0526_1101,0.0,0.5
KHT-XE5S,2025-10-19 23:40:00,9.4949,10.385,KHT-XE5S_2025_0526_1101,0.0,0.5
KHT-XE5S,2025-10-19 23:50:00,9.496,10.385,KHT-XE5S_2025_0526_1101,0.0,0.5
KHT-XE5S,2025-10-20 00:00:00,9.4964,10.383,KHT-XE5S_2025_0526_1101,0.0002000000000000668,0.5
KHT-XE5S,2025-10-20 00:10:00,9.4966,10.384,KHT-XE5S_2025_0526_1101,0.00010000000000012221,0.5
KHT-XE5S,2025-10-20 00:20:00,9.4968,10.384,KHT-XE5S_2025_0526_1101,0.0,0.5
KHT-XE5S,2025-10-20 00:30:00,9.4981,10.383,KHT-XE5S_2025_0526_1101,0.00010000000000012221,0.5
KHT-XE5S,2025-10-20 00:40:00,9.4986,10.382,KHT-XE5S_2025_0526_1101,9.999999999994457e-05,0.5
KHT-XE5S,2025-10-20 00:50:00,9.4979,10.382,KHT-XE5S_2025_0526_1101,0.0,0.5
KHT-XE5S,2025-10-20 01:00:00,9.4988,10.381,KHT-XE5S_2025_0526_1101,9.999999999994457e-05,0.5
KHT-XE5S,2025-10-20 01:10:00,9.4995,10.382,KHT-XE5S_2025_0526_1101,9.999999999994457e-05,0.5
KHT-XE5S,2025-10-20 01:20:00,9.4986,10.379,KHT-XE5S_2025_0526_1101,0.00030000000000001136,0.5
KHT-XE5S,2025-10-20 01:30:00,9.4982,10.38,KHT-XE5S_2025_0526_1101,0.00010000000000012221,0.5
KHT-XE5S,2025-10-20 01:40:00,9.4988,10.38,KHT-XE5S_2025_0526_1101,0.0,0.5
KHT-XE5S,2025-10-20 01:50:00,9.499,10.38,KHT-XE5S_2025_0526_1101,0.0,0.5
KHT-XE5S,2025-10-20 02:00:00,9.5001,10.38,KHT-XE5S_2025_0526_1101,0.0,0.5
KHT-XE5S,2025-10-20 02:10:00,9.5005,10.379,KHT-XE5S_2025_0526_1101,0.00010000000000012221,0.5
KHT-XE5S,2025-10-20 02:20:00,9.5001,10.377,KHT-XE5S_2025_0526_1101,0.00019999999999988915,0.5
KHT-XE5S,2025-10-20 02:30:00,9.4995,10.378,KHT-XE5S_2025_0526_1101,9.999999999994457e-05,0.5
KHT-XE5S,2025-10-20 02:40:00,9.4989,10.377,KHT-XE5S_2025_0526_1101,9.999999999994457e-05,0.5
KHT-XE5S,2025-10-20 02:50:00,9.4987,10.378,KHT-XE5S_2025_0526_1101,9.999999999994457e-05,0.5
KHT-XE5S,2025-10-20 03:00:00,9.4994,10.377,KHT-XE5S_2025_0526_1101,9.999999999994457e-05,0.5
KHT-XE5S,2025-10-20 03:10:00,9.4978,10.374,KHT-XE5S_2025_0526_1101,0.00030000000000001136,0.5
KHT-XE5S,2025-10-20 03:20:00,9.4975,10.375,KHT-XE5S_2025_0526_1101,9.999999999994457e-05,0.5
KHT-XE5S,2025-10-20 03:30:00,9.4965,10.374,KHT-XE5S_2025_0526_1101,9.999999999994457e-05,0.5
KHT-XE5S,2025-10-20 03:40:00,9.4967,10.375,KHT-XE5S_2025_0526_1101,9.999999999994457e-05,0.5
KHT-XE5S,2025-10-20 03:50:00,9.4979,10.374,KHT-XE5S_2025_0526_1101,9.999999999994457e-05,0.5
KHT-XE5S,2025-10-20 04:00:00,9.4965,10.374,KHT-XE5S_2025_0526_1101,0.0,0.5
KHT-XE5S,2025-10-20 04:10:00,9.4969,10.373,KHT-XE5S_2025_0526_1101,0.00010000000000012221,0.5
KHT-XE5S,2025-10-20 04:20:00,9.4963,10.374,KHT-XE5S_2025_0526_1101,0.00010000000000012221,0.5
KHT-XE5S,2025-10-20 04:30:00,9.4973,10.371,KHT-XE5S_2025_0526_1101,0.00030000000000001136,0.5
KHT-XE5S,2025-10-20 04:40:00,9.4975,10.373,KHT-XE5S_2025_0526_1101,0.00019999999999988915,0.5
KHT-XE5S,2025-10-20 04:50:00,9.498,10.372,KHT-XE5S_2025_0526_1101,9.999999999994457e-05,0.5
KHT-XE5S,2025-10-20 05:00:00,9.4985,10.369,KHT-XE5S_2025_0526_1101,0.00030000000000001136,0.5
KHT-XE5S,2025-10-20 05:10:00,9.4994,10.372,KHT-XE5S_2025_0526_1101,0.00030000000000001136,0.5
KHT-XE5S,2025-10-20 05:20:00,9.4994,10.37,KHT-XE5S_2025_0526_1101,0.0002000000000000668,0.5
KHT-XE5S,2025-10-20 05:30:00,9.5009,10.37,KHT-XE5S_2025_0526_1101,0.0,0.5
KHT-XE5S,2025-10-20 05:40:00,9.5013,10.37,KHT-XE5S_2025_0526_1101,0.0,0.5
KHT-XE5S,2025-10-20 05:50:00,9.5024,10.37,KHT-XE5S_2025_0526_1101,0.0,0.5
KHT-XE5S,2025-10-20 06:00:00,9.5035,10.369,KHT-XE5S_2025_0526_1101,9.999999999994457e-05,0.5
KHT-XE5S,2025-10-20 06:10:00,9.5036,10.368,KHT-XE5S_2025_0526_1101,9.999999999994457e-05,0.5
KHT-XE5S,2025-10-20 06:20:00,9.5037,10.368,KHT-XE5S_2025_0526_1101,0.0,0.5
KHT-XE5S,2025-10-20 06:30:00,9.5028,10.368,KHT-XE5S_2025_0526_1101,0.0,0.5
KHT-XE5S,2025-10-20 06:40:00,9.5047,10.367,KHT-XE5S_2025_0526_1101,9.999999999994457e-05,0.5
KHT-XE5S,2025-10-20 06:50:00,9.5036,10.365,KHT-XE5S_2025_0526_1101,0.0002000000000000668,0.5
KHT-XE5S,2025-10-20 07:00:00,9.5034,10.367,KHT-XE5S_2025_0526_1101,0.0002000000000000668,0.5
KHT-XE5S,2025-10-20 07:10:00,9.5033,10.366,KHT-XE5S_2025_0526_1101,0.00010000000000012221,0.5
KHT-XE5S,2025-10-20 07:20:00,9.5045,10.365,KHT-XE5S_2025_0526_1101,9.999999999994457e-05,0.5
KHT-XE5S,2025-10-20 07:30:00,9.5037,10.364,KHT-XE5S_2025_0526_1101,9.999999999994457e-05,0.5
KHT-XE5S,2025-10-20 07:40:00,9.5046,10.366,KHT-XE5S_2025_0526_1101,0.00019999999999988915,0.5
KHT-XE5S,2025-10-20 07:50:00,9.5052,10.362,KHT-XE5S_2025_0526_1101,0.00039999999999995595,0.5
KHT-XE5S,2025-10-20 08:00:00,9.5056,10.364,KHT-XE5S_2025_0526_1101,0.0002000000000000668,0.5
KHT-XE5S,2025-10-20 08:10:00,9.5071,10.364,KHT-XE5S_2025_0526_1101,0.0,0.5
KHT-XE5S,2025-10-20 08:20:00,9.5076,10.363,KHT-XE5S_2025_0526_1101,0.00010000000000012221,0.5
KHT-XE5S,2025-10-20 08:30:00,9.5096,10.364,KHT-XE5S_2025_0526_1101,0.00010000000000012221,0.5
KHT-XE5S,2025-10-20 08:40:00,9.5101,10.361,KHT-XE5S_2025_0526_1101,0.00030000000000001136,0.5
KHT-XE5S,2025-10-20 08:50:00,9.5099,10.361,KHT-XE5S_2025_0526_1101,0.0,0.5
KHT-XE5S,2025-10-20 09:00:00,9.5108,10.361,KHT-XE5S_2025_0526_1101,0.0,0.5
KHT-XE5S,2025-10-20 09:10:00,9.5118,10.36,KHT-XE5S_2025_0526_1101,0.00010000000000012221,0.5
KHT-XE5S,2025-10-20 09:20:00,9.512,10.36,KHT-XE5S_2025_0526_1101,0.0,0.5
KHT-XE5S,2025-10-20 09:30:00,9.5119,10.359,KHT-XE5S_2025_0526_1101,9.999999999994457e-05,0.5
KHT-XE5S,2025-10-20 09:40:00,9.5126,10.359,KHT-XE5S_2025_0526_1101,0.0,0.5
KHT-XE5S,2025-10-20 09:50:00,9.5125,10.358,KHT-XE5S_2025_0526_1101,9.999999999994457e-05,0.5
KHT-XE5S,2025-10-20 10:00:00,9.5133,10.358,KHT-XE5S_2025_0526_1101,0.0,0.5
KHT-XE5S,2025-10-20 10:10:00,9.5141,10.359,KHT-XE5S_2025_0526_1101,9.999999999994457e-05,0.5
KHT-XE5S,2025-10-20 10:20:00,9.5126,10.358,KHT-XE5S_2025_0526_1101,9.999999999994457e-05,0.5
KHT-XE5S,2025-10-20 10:30:00,9.5128,10.356,KHT-XE5S_2025_0526_1101,0.0002000000000000668,0.5
KHT-XE5S,2025-10-20 10:40:00,9.5127,10.355,KHT-XE5S_2025_0526_1101,9.999999999994457e-05,0.5
KHT-XE5S,2025-10-20 10:50:00,9.5124,10.357,KHT-XE5S_2025_0526_1101,0.00019999999999988915,0.5
KHT-XE5S,2025-10-20 11:00:00,9.5126,10.356,KHT-XE5S_2025_0526_1101,9.999999999994457e-05,0.5
KHT-XE5S,2025-10-20 11:10:00,9.5115,10.354,KHT-XE5S_2025_0526_1101,0.0002000000000000668,0.5
KHT-XE5S,2025-10-20 11:20:00,9.5115,10.354,KHT-XE5S_2025_0526_1101,0.0,0.5
KHT-XE5S,2025-10-20 11:30:00,9.5107,10.356,KHT-XE5S_2025_0526_1101,0.0002000000000000668,0.5
KHT-XE5S,2025-10-20 11:40:00,9.5108,10.355,KHT-XE5S_2025_0526_1101,9.999999999994457e-05,0.5
KHT-XE5S,2025-10-20 11:50:00,9.51,10.354,KHT-XE5S_2025_0526_1101,0.00010000000000012221,0.5
KHT-XE5S,2025-10-20 12:00:00,9.5092,10.353,KHT-XE5S_2025_0526_1101,9.999999999994457e-05,0.5
KHT-XE5S,2025-10-20 12:10:00,9.5089,10.354,KHT-XE5S_2025_0526_1101,9.999999999994457e-05,0.5
KHT-XE5S,2025-10-20 12:20:00,9.5082,10.352,KHT-XE5S_2025_0526_1101,0.00019999999999988915,0.5
KHT-XE5S,2025-10-20 12:30:00,9.5086,10.35,KHT-XE5S_2025_0526_1101,0.0002000000000000668,0.5
KHT-XE5S,2025-10-20 12:40:00,9.5082,10.352,KHT-XE5S_2025_0526_1101,0.0002000000000000668,0.5
KHT-XE5S,2025-10-20 12:50:00,9.508,10.351,KHT-XE5S_2025_0526_1101,9.999999999994457e-05,0.5
KHT-XE5S,2025-10-20 13:00:00,9.5066,10.35,KHT-XE5S_2025_0526_1101,0.00010000000000012221,0.5
KHT-XE5S,2025-10-20 13:10:00,9.5057,10.35,KHT-XE5S_2025_0526_1101,0.0,0.5
KHT-XE5S,2025-10-20 13:20:00,9.5053,10.35,KHT-XE5S_2025_0526_1101,0.0,0.5
KHT-XE5S,2025-10-20 13:30:00,9.504,10.349,KHT-XE5S_2025_0526_1101,9.999999999994457e-05,0.5
KHT-XE5S,2025-10-20 13:40:00,9.5029,10.348,KHT-XE5S_2025_0526_1101,9.999999999994457e-05,0.5
KHT-XE5S,2025-10-20 13:50:00,9.502,10.349,KHT-XE5S_2025_0526_1101,9.999999999994457e-05,0.5
KHT-XE5S,2025-10-20 14:00:00,9.5022,10.347,KHT-XE5S_2025_0526_1101,0.0002000000000000668,0.5
KHT-XE5S,2025-10-20 14:10:00,9.5008,10.348,KHT-XE5S_2025_0526_1101,0.00010000000000012221,0.5
KHT-XE5S,2025-10-20 14:20:00,9.5004,10.347,KHT-XE5S_2025_0526_1101,0.00010000000000012221,0.5
KHT-XE5S,2025-10-20 14:30:00,9.4997,10.348,KHT-XE5S_2025_0526_1101,0.00010000000000012221,0.5
KHT-XE5S,2025-10-20 14:40:00,9.4992,10.346,KHT-XE5S_2025_0526_1101,0.0002000000000000668,0.5
KHT-XE5S,2025-10-20 14:50:00,9.4984,10.347,KHT-XE5S_2025_0526_1101,9.999999999994457e-05,0.5
KHT-XE5S,2025-10-20 15:00:00,9.4978,10.345,KHT-XE5S_2025_0526_1101,0.00019999999999988915,0.5
KHT-XE5S,2025-10-20 15:10:00,9.4978,10.344,KHT-XE5S_2025_0526_1101,0.00010000000000012221,0.5
KHT-XE5S,2025-10-20 15:20:00,9.4977,10.344,KHT-XE5S_2025_0526_1101,0.0,0.5
KHT-XE5S,2025-10-20 15:30:00,9.498,10.345,KHT-XE5S_2025_0526_1101,0.00010000000000012221,0.5
KHT-XE5S,2025-10-20 15:40:00,9.4978,10.343,KHT-XE5S_2025_0526_1101,0.0002000000000000668,0.5
KHT-XE5S,2025-10-20 15:50:00,9.4978,10.343,KHT-XE5S_2025_0526_1101,0.0,0.5
KHT-XE5S,2025-10-20 16:00:00,9.4976,10.342,KHT-XE5S_2025_0526_1101,9.999999999994457e-05,0.5
KHT-XE5S,2025-10-20 16:10:00,9.4978,10.345,KHT-XE5S_2025_0526_1101,0.00030000000000001136,0.5
KHT-XE5S,2025-10-20 16:20:00,9.4974,10.343,KHT-XE5S_2025_0526_1101,0.0002000000000000668,0.5
KHT-XE5S,2025-10-20 16:30:00,9.4977,10.341,KHT-XE5S_2025_0526_1101,0.0002000000000000668,0.5
KHT-XE5S,2025-10-20 16:40:00,9.4984,10.341,KHT-XE5S_2025_0526_1101,0.0,0.5
KHT-XE5S,2025-10-20 16:50:00,9.4976,10.34,KHT-XE5S_2025_0526_1101,9.999999999994457e-05,0.5
KHT-XE5S,2025-10-20 17:00:00,9.4974,10.34,KHT-XE5S_2025_0526_1101,0.0,0.5
KHT-XE5S,2025-10-20 17:10:00,9.498,10.34,KHT-XE5S_2025_0526_1101,0.0,0.5
KHT-XE5S,2025-10-20 17:20:00,9.4989,10.34,KHT-XE5S_2025_0526_1101,0.0,0.5
KHT-XE5S,2025-10-20 17:30:00,9.4989,10.338,KHT-XE5S_2025_0526_1101,0.0002000000000000668,0.5
KHT-XE5S,2025-10-20 17:40:00,9.4993,10.338,KHT-XE5S_2025_0526_1101,0.0,0.5
KHT-XE5S,2025-10-20 17:50:00,9.5001,10.339,KHT-XE5S_2025_0526_1101,0.00010000000000012221,0.5
KHT-XE5S,2025-10-20 18:00:00,9.5001,10.337,KHT-XE5S_2025_0526_1101,0.0002000000000000668,0.5
KHT-XE5S,2025-10-20 18:10:00,9.5003,10.336,KHT-XE5S_2025_0526_1101,9.999999999994457e-05,0.5
KHT-XE5S,2025-10-20 18:20:00,9.5014,10.336,KHT-XE5S_2025_0526_1101,0.0,0.5
KHT-XE5S,2025-10-20 18:30:00,9.5017,10.335,KHT-XE5S_2025_0526_1101,9.999999999994457e-05,0.5
KHT-XE5S,2025-10-20 18:40:00,9.5024,10.336,KHT-XE5S_2025_0526_1101,9.999999999994457e-05,0.5
KHT-XE5S,2025-10-20 18:50:00,9.5028,10.337,KHT-XE5S_2025_0526_1101,9.999999999994457e-05,0.5
KHT-XE5S,2025-10-20 19:00:00,9.5032,10.334,KHT-XE5S_2025_0526_1101,0.00030000000000001136,0.5
KHT-XE5S,2025-10-20 19:10:00,9.5039,10.336,KHT-XE5S_2025_0526_1101,0.0002000000000000668,0.5
KHT-XE5S,2025-10-20 19:20:00,9.5046,10.334,KHT-XE5S_2025_0526_1101,0.0002000000000000668,0.5
KHT-XE5S,2025-10-20 19:30:00,9.5055,10.333,KHT-XE5S_2025_0526_1101,9.999999999994457e-05,0.5
KHT-XE5S,2025-10-20 19:40:00,9.506,10.333,KHT-XE5S_2025_0526_1101,0.0,0.5
KHT-XE5S,2025-10-20 19:50:00,9.5062,10.333,KHT-XE5S_2025_0526_1101,0.0,0.5
KHT-XE5S,2025-10-20 20:00:00,9.5069,10.333,KHT-XE5S_2025_0526_1101,0.0,0.5
KHT-XE5S,2025-10-20 20:10:00,9.5079,10.333,KHT-XE5S_2025_0526_1101,0.0,0.5
KHT-XE5S,2025-10-20 20:20:00,9.5078,10.333,KHT-XE5S_2025_0526_1101,0.0,0.5
KHT-XE5S,2025-10-20 20:30:00,9.508,10.331,KHT-XE5S_2025_0526_1101,0.0002000000000000668,0.5
KHT-XE5S,2025-10-20 20:40:00,9.5091,10.33,KHT-XE5S_2025_0526_1101,9.999999999994457e-05,0.5
KHT-XE5S,2025-10-20 20:50:00,9.5096,10.329,KHT-XE5S_2025_0526_1101,9.999999999994457e-05,0.5
KHT-XE5S,2025-10-20 21:00:00,9.5096,10.329,KHT-XE5S_2025_0526_1101,0.0,0.5
KHT-XE5S,2025-10-20 21:10:00,9.5101,10.33,KHT-XE5S_2025_0526_1101,9.999999999994457e-05,0.5
KHT-XE5S,2025-10-20 21:20:00,9.5106,10.328,KHT-XE5S_2025_0526_1101,0.0002000000000000668,0.5
KHT-XE5S,2025-10-20 21:30:00,9.5103,10.329,KHT-XE5S_2025_0526_1101,0.00010000000000012221,0.5
KHT-XE5S,2025-10-20 21:40:00,9.5105,10.328,KHT-XE5S_2025_0526_1101,0.00010000000000012221,0.5
KHT-XE5S,2025-10-20 21:50:00,9.511,10.327,KHT-XE5S_2025_0526_1101,9.999999999994457e-05,0.5
KHT-XE5S,2025-10-20 22:00:00,9.5114,10.326,KHT-XE5S_2025_0526_1101,9.999999999994457e-05,0.5
KHT-XE5S,2025-10-20 22:10:00,9.5113,10.328,KHT-XE5S_2025_0526_1101,0.00019999999999988915,0.5
KHT-XE5S,2025-10-20 22:20:00,9.5119,10.325,KHT-XE5S_2025_0526_1101,0.00030000000000001136,0.5
KHT-XE5S,2025-10-20 22:30:00,9.5123,10.326,KHT-XE5S_2025_0526_1101,0.00010000000000012221,0.5
KHT-XE5S,2025-10-20 22:40:00,9.5118,10.324,KHT-XE5S_2025_0526_1101,0.0002000000000000668,0.5
KHT-XE5S,2025-10-20 22:50:00,9.5119,10.323,KHT-XE5S_2025_0526_1101,9.999999999994457e-05,0.5
KHT-XE5S,2025-10-20 23:00:00,9.5125,10.323,KHT-XE5S_2025_0526_1101,0.0,0.5
KHT-XE5S,2025-10-20 23:10:00,9.5124,10.325,KHT-XE5S_2025_0526_1101,0.00019999999999988915,0.5
KHT-XE5S,2025-10-20 23:20:00,9.5125,10.324,KHT-XE5S_2025_0526_1101,9.999999999994457e-05,0.5
KHT-XE5S,2025-10-20 23:30:00,9.5129,10.324,KHT-XE5S_2025_0526_1101,0.0,0.5
KHT-XE5S,2025-10-20 23:40:00,9.5126,10.322,KHT-XE5S_2025_0526_1101,0.0002000000000000668,0.5
KHT-XE5S,2025-10-20 23:50:00,9.5131,10.323,KHT-XE5S_2025_0526_1101,0.00010000000000012221,0.5
KHT-XE5S,2025-10-21 00:00:00,9.5125,10.324,KHT-XE5S_2025_0526_1101,9.999999999994457e-05,0.5
KHT-XE5S,2025-10-21 00:10:00,9.5122,10.321,KHT-XE5S_2025_0526_1101,0.00030000000000001136,0.5
KHT-XE5S,2025-10-21 00:20:00,9.5122,10.321,KHT-XE5S_2025_0526_1101,0.0,0.5
KHT-XE5S,2025-10-21 00:30:00,9.5118,10.318,KHT-XE5S_2025_0526_1101,0.00030000000000001136,0.5
KHT-XE5S,2025-10-21 00:40:00,9.5117,10.323,KHT-XE5S_2025_0526_1101,0.0005000000000000782,0.5
KHT-XE5S,2025-10-21 00:50:00,9.5107,10.32,KHT-XE5S_2025_0526_1101,0.00030000000000001136,0.5
KHT-XE5S,2025-10-21 01:00:00,9.5109,10.32,KHT-XE5S_2025_0526_1101,0.0,0.5
KHT-XE5S,2025-10-21 01:10:00,9.5102,10.319,KHT-XE5S_2025_0526_1101,9.999999999994457e-05,0.5
KHT-XE5S,2025-10-21 01:20:00,9.5104,10.318,KHT-XE5S_2025_0526_1101,0.00010000000000012221,0.5
KHT-XE5S,2025-10-21 01:30:00,9.5099,10.318,KHT-XE5S_2025_0526_1101,0.0,0.5
KHT-XE5S,2025-10-21 01:40:00,9.5095,10.317,KHT-XE5S_2025_0526_1101,9.999999999994457e-05,0.5
KHT-XE5S,2025-10-21 01:50:00,9.5097,10.317,KHT-XE5S_2025_0526_1101,0.0,0.5
KHT-XE5S,2025-10-21 02:00:00,9.5096,10.315,KHT-XE5S_2025_0526_1101,0.0002000000000000668,0.5
KHT-XE5S,2025-10-21 02:10:00,9.5097,10.317,KHT-XE5S_2025_0526_1101,0.0002000000000000668,0.5
KHT-XE5S,2025-10-21 02:20:00,9.5097,10.317,KHT-XE5S_2025_0526_1101,0.0,0.5
KHT-XE5S,2025-10-21 02:30:00,9.5088,10.315,KHT-XE5S_2025_0526_1101,0.0002000000000000668,0.5
KHT-XE5S,2025-10-21 02:40:00,9.509,10.316,KHT-XE5S_2025_0526_1101,0.00010000000000012221,0.5
KHT-XE5S,2025-10-21 02:50:00,9.5085,10.314,KHT-XE5S_2025_0526_1101,0.0002000000000000668,0.5
KHT-XE5S,2025-10-21 03:00:00,9.5082,10.314,KHT-XE5S_2025_0526_1101,0.0,0.5
KHT-XE5S,2025-10-21 03:10:00,9.5071,10.312,KHT-XE5S_2025_0526_1101,0.0002000000000000668,0.5
KHT-XE5S,2025-10-21 03:20:00,9.5062,10.315,KHT-XE5S_2025_0526_1101,0.00030000000000001136,0.5
KHT-XE5S,2025-10-21 03:30:00,9.5062,10.312,KHT-XE5S_2025_0526_1101,0.00030000000000001136,0.5
KHT-XE5S,2025-10-21 03:40:00,9.5064,10.312,KHT-XE5S_2025_0526_1101,0.0,0.5
KHT-XE5S,2025-10-21 03:50:00,9.5065,10.311,KHT-XE5S_2025_0526_1101,9.999999999994457e-05,0.5
KHT-XE5S,2025-10-21 04:00:00,9.506,10.312,KHT-XE5S_2025_0526_1101,9.999999999994457e-05,0.5
KHT-XE5S,2025-10-21 04:10:00,9.5057,10.312,KHT-XE5S_2025_0526_1101,0.0,0.5
KHT-XE5S,2025-10-21 04:20:00,9.5055,10.311,KHT-XE5S_2025_0526_1101,9.999999999994457e-05,0.5
KHT-XE5S,2025-10-21 04:30:00,9.5049,10.311,KHT-XE5S_2025_0526_1101,0.0,0.5
KHT-XE5S,2025-10-21 04:40:00,9.5051,10.31,KHT-XE5S_2025_0526_1101,9.999999999994457e-05,0.5
KHT-XE5S,2025-10-21 04:50:00,9.5049,10.309,KHT-XE5S_2025_0526_1101,0.00010000000000012221,0.5
KHT-XE5S,2025-10-21 05:00:00,9.5052,10.309,KHT-XE5S_2025_0526_1101,0.0,0.5
KHT-XE5S,2025-10-21 05:10:00,9.5051,10.309,KHT-XE5S_2025_0526_1101,0.0,0.5
KHT-XE5S,2025-10-21 05:20:00,9.5051,10.309,KHT-XE5S_2025_0526_1101,0.0,0.5
KHT-XE5S,2025-10-21 05:30:00,9.5048,10.307,KHT-XE5S_2025_0526_1101,0.00019999999999988915,0.5
KHT-XE5S,2025-10-21 05:40:00,9.5043,10.307,KHT-XE5S_2025_0526_1101,0.0,0.5
KHT-XE5S,2025-10-21 05:50:00,9.5043,10.307,KHT-XE5S_2025_0526_1101,0.0,0.5
KHT-XE5S,2025-10-21 06:00:00,9.5045,10.305,KHT-XE5S_2025_0526_1101,0.0002000000000000668,0.5
KHT-XE5S,2025-10-21 06:10:00,9.504,10.307,KHT-XE5S_2025_0526_1101,0.0002000000000000668,0.5
KHT-XE5S,2025-10-21 06:20:00,9.504,10.306,KHT-XE5S_2025_0526_1101,0.00010000000000012221,0.5
KHT-XE5S,2025-10-21 06:30:00,9.5042,10.304,KHT-XE5S_2025_0526_1101,0.00019999999999988915,0.5
KHT-XE5S,2025-10-21 06:40:00,9.5049,10.305,KHT-XE5S_2025_0526_1101,9.999999999994457e-05,0.5
KHT-XE5S,2025-10-21 06:50:00,9.5047,10.303,KHT-XE5S_2025_0526_1101,0.00019999999999988915,0.5
KHT-XE5S,2025-10-21 07:00:00,9.5047,10.303,KHT-XE5S_2025_0526_1101,0.0,0.5
KHT-XE5S,2025-10-21 07:10:00,9.5044,10.304,KHT-XE5S_2025_0526_1101,9.999999999994457e-05,0.5
KHT-XE5S,2025-10-21 07:20:00,9.5049,10.302,KHT-XE5S_2025_0526_1101,0.0002000000000000668,0.5
KHT-XE5S,2025-10-21 07:30:00,9.5051,10.301,KHT-XE5S_2025_0526_1101,9.999999999994457e-05,0.5
KHT-XE5S,2025-10-21 07:40:00,9.5052,10.304,KHT-XE5S_2025_0526_1101,0.00030000000000001136,0.5
KHT-XE5S,2025-10-21 07:50:00,9.5056,10.3,KHT-XE5S_2025_0526_1101,0.00039999999999995595,0.5
KHT-XE5S,2025-10-21 08:00:00,9.5064,10.301,KHT-XE5S_2025_0526_1101,9.999999999994457e-05,0.5
KHT-XE5S,2025-10-21 08:10:00,9.5064,10.301,KHT-XE5S_2025_0526_1101,0.0,0.5
KHT-XE5S,2025-10-21 08:20:00,9.5069,10.3,KHT-XE5S_2025_0526_1101,9.999999999994457e-05,0.5
KHT-XE5S,2025-10-21 08:30:00,9.5069,10.299,KHT-XE5S_2025_0526_1101,0.00010000000000012221,0.5
KHT-XE5S,2025-10-21 08:40:00,9.5076,10.299,KHT-XE5S_2025_0526_1101,0.0,0.5
KHT-XE5S,2025-10-21 08:50:00,9.5077,10.298,KHT-XE5S_2025_0526_1101,9.999999999994457e-05,0.5
KHT-XE5S,2025-10-21 09:00:00,9.5081,10.298,KHT-XE5S_2025_0526_1101,0.0,0.5
KHT-XE5S,2025-10-21 09:10:00,9.5082,10.297,KHT-XE5S_2025_0526_1101,9.999999999994457e-05,0.5
KHT-XE5S,2025-10-21 09:20:00,9.508,10.299,KHT-XE5S_2025_0526_1101,0.00019999999999988915,0.5
KHT-XE5S,2025-10-21 09:30:00,9.5075,10.297,KHT-XE5S_2025_0526_1101,0.00019999999999988915,0.5
KHT-XE5S,2025-10-21 09:40:00,9.507,10.297,KHT-XE5S_2025_0526_1101,0.0,0.5
KHT-XE5S,2025-10-21 09:50:00,9.5071,10.295,KHT-XE5S_2025_0526_1101,0.0002000000000000668,0.5
KHT-XE5S,2025-10-21 10:00:00,9.5079,10.296,KHT-XE5S_2025_0526_1101,9.999999999994457e-05,0.5
KHT-XE5S,2025-10-21 10:10:00,9.5071,10.295,KHT-XE5S_2025_0526_1101,9.999999999994457e-05,0.5
KHT-XE5S,2025-10-21 10:20:00,9.5066,10.293,KHT-XE5S_2025_0526_1101,0.0002000000000000668,0.5
KHT-XE5S,2025-10-21 10:30:00,9.506,10.294,KHT-XE5S_2025_0526_1101,0.00010000000000012221,0.5
KHT-XE5S,2025-10-21 10:40:00,9.506,10.295,KHT-XE5S_2025_0526_1101,9.999999999994457e-05,0.5
KHT-XE5S,2025-10-21 10:50:00,9.5052,10.295,KHT-XE5S_2025_0526_1101,0.0,0.5
KHT-XE5S,2025-10-21 11:00:00,9.5045,10.291,KHT-XE5S_2025_0526_1101,0.00039999999999995595,0.5
KHT-XE5S,2025-10-21 11:10:00,9.5037,10.293,KHT-XE5S_2025_0526_1101,0.00019999999999988915,0.5
KHT-XE5S,2025-10-21 11:20:00,9.5028,10.294,KHT-XE5S_2025_0526_1101,0.00010000000000012221,0.5
KHT-XE5S,2025-10-21 11:30:00,9.5017,10.29,KHT-XE5S_2025_0526_1101,0.0004000000000001336,0.5
KHT-XE5S,2025-10-21 11:40:00,9.5004,10.29,KHT-XE5S_2025_0526_1101,0.0,0.5
KHT-XE5S,2025-10-21 11:50:00,9.4995,10.291,KHT-XE5S_2025_0526_1101,0.00010000000000012221,0.5
KHT-XE5S,2025-10-21 12:00:00,9.4983,10.29,KHT-XE5S_2025_0526_1101,0.00010000000000012221,0.5
KHT-XE5S,2025-10-21 12:10:00,9.4964,10.289,KHT-XE5S_2025_0526_1101,9.999999999994457e-05,0.5
KHT-XE5S,2025-10-21 12:20:00,9.4949,10.291,KHT-XE5S_2025_0526_1101,0.0002000000000000668,0.5
KHT-XE5S,2025-10-21 12:30:00,9.4942,10.288,KHT-XE5S_2025_0526_1101,0.00030000000000001136,0.5
KHT-XE5S,2025-10-21 12:40:00,9.4927,10.289,KHT-XE5S_2025_0526_1101,9.999999999994457e-05,0.5
KHT-XE5S,2025-10-21 12:50:00,9.4911,10.287,KHT-XE5S_2025_0526_1101,0.00019999999999988915,0.5
KHT-XE5S,2025-10-21 13:00:00,9.4888,10.287,KHT-XE5S_2025_0526_1101,0.0,0.5
KHT-XE5S,2025-10-21 13:10:00,9.4877,10.288,KHT-XE5S_2025_0526_1101,9.999999999994457e-05,0.5
KHT-XE5S,2025-10-21 13:20:00,9.4869,10.287,KHT-XE5S_2025_0526_1101,9.999999999994457e-05,0.5
KHT-XE5S,2025-10-21 13:30:00,9.4861,10.286,KHT-XE5S_2025_0526_1101,0.00010000000000012221,0.5
KHT-XE5S,2025-10-21 13:40:00,9.4857,10.287,KHT-XE5S_2025_0526_1101,0.00010000000000012221,0.5
KHT-XE5S,2025-10-21 13:50:00,9.4843,10.286,KHT-XE5S_2025_0526_1101,0.00010000000000012221,0.5
KHT-XE5S,2025-10-21 14:00:00,9.4834,10.287,KHT-XE5S_2025_0526_1101,0.00010000000000012221,0.5
KHT-XE5S,2025-10-21 14:10:00,9.4829,10.284,KHT-XE5S_2025_0526_1101,0.00030000000000001136,0.5
KHT-XE5S,2025-10-21 14:20:00,9.4815,10.285,KHT-XE5S_2025_0526_1101,9.999999999994457e-05,0.5
KHT-XE5S,2025-10-21 14:30:00,9.4804,10.283,KHT-XE5S_2025_0526_1101,0.0002000000000000668,0.5
KHT-XE5S,2025-10-21 14:40:00,9.4796,10.284,KHT-XE5S_2025_0526_1101,0.00010000000000012221,0.5
KHT-XE5S,2025-10-21 14:50:00,9.4792,10.284,KHT-XE5S_2025_0526_1101,0.0,0.5
KHT-XE5S,2025-10-21 15:00:00,9.4785,10.284,KHT-XE5S_2025_0526_1101,0.0,0.5
KHT-XE5S,2025-10-21 15:10:00,9.4773,10.285,KHT-XE5S_2025_0526_1101,9.999999999994457e-05,0.5
KHT-XE5S,2025-10-21 15:20:00,9.4768,10.282,KHT-XE5S_2025_0526_1101,0.00030000000000001136,0.5
KHT-XE5S,2025-10-21 15:30:00,9.4763,10.279,KHT-XE5S_2025_0526_1101,0.00030000000000001136,0.5
KHT-XE5S,2025-10-21 15:40:00,9.4759,10.279,KHT-XE5S_2025_0526_1101,0.0,0.5
KHT-XE5S,2025-10-21 15:50:00,9.4763,10.281,KHT-XE5S_2025_0526_1101,0.0002000000000000668,0.5
KHT-XE5S,2025-10-21 16:00:00,9.4761,10.279,KHT-XE5S_2025_0526_1101,0.0002000000000000668,0.5
KHT-XE5S,2025-10-21 16:10:00,9.4755,10.281,KHT-XE5S_2025_0526_1101,0.0002000000000000668,0.5
KHT-XE5S,2025-10-21 16:20:00,9.4747,10.279,KHT-XE5S_2025_0526_1101,0.0002000000000000668,0.5
KHT-XE5S,2025-10-21 16:30:00,9.4751,10.28,KHT-XE5S_2025_0526_1101,9.999999999994457e-05,0.5
KHT-XE5S,2025-10-21 16:40:00,9.4742,10.278,KHT-XE5S_2025_0526_1101,0.00019999999999988915,0.5
KHT-XE5S,2025-10-21 16:50:00,9.4734,10.279,KHT-XE5S_2025_0526_1101,9.999999999994457e-05,0.5
KHT-XE5S,2025-10-21 17:00:00,9.473,10.277,KHT-XE5S_2025_0526_1101,0.0002000000000000668,0.5
KHT-XE5S,2025-10-21 17:10:00,9.4726,10.277,KHT-XE5S_2025_0526_1101,0.0,0.5
KHT-XE5S,2025-10-21 17:20:00,9.4724,10.277,KHT-XE5S_2025_0526_1101,0.0,0.5
KHT-XE5S,2025-10-21 17:30:00,9.4721,10.276,KHT-XE5S_2025_0526_1101,9.999999999994457e-05,0.5
KHT-XE5S,2025-10-21 17:40:00,9.4719,10.278,KHT-XE5S_2025_0526_1101,0.0002000000000000668,0.5
KHT-XE5S,2025-10-21 17:50:00,9.4717,10.275,KHT-XE5S_2025_0526_1101,0.00030000000000001136,0.5
KHT-XE5S,2025-10-21 18:00:00,9.4716,10.275,KHT-XE5S_2025_0526_1101,0.0,0.5
KHT-XE5S,2025-10-21 18:10:00,9.4714,10.273,KHT-XE5S_2025_0526_1101,0.0002000000000000668,0.5
KHT-XE5S,2025-10-21 18:20:00,9.4728,10.276,KHT-XE5S_2025_0526_1101,0.00030000000000001136,0.5
KHT-XE5S,2025-10-21 18:30:00,9.4737,10.272,KHT-XE5S_2025_0526_1101,0.00039999999999995595,0.5
KHT-XE5S,2025-10-21 18:40:00,9.4742,10.273,KHT-XE5S_2025_0526_1101,9.999999999994457e-05,0.5
KHT-XE5S,2025-10-21 18:50:00,9.4745,10.273,KHT-XE5S_2025_0526_1101,0.0,0.5
KHT-XE5S,2025-10-21 19:00:00,9.4758,10.271,KHT-XE5S_2025_0526_1101,0.00019999999999988915,0.5
KHT-XE5S,2025-10-21 19:10:00,9.4766,10.271,KHT-XE5S_2025_0526_1101,0.0,0.5
KHT-XE5S,2025-10-21 19:20:00,9.477,10.271,KHT-XE5S_2025_0526_1101,0.0,0.5
KHT-XE5S,2025-10-21 19:30:00,9.4785,10.271,KHT-XE5S_2025_0526_1101,0.0,0.5
KHT-XE5S,2025-10-21 19:40:00,9.4792,10.27,KHT-XE5S_2025_0526_1101,0.00010000000000012221,0.5
KHT-XE5S,2025-10-21 19:50:00,9.4793,10.27,KHT-XE5S_2025_0526_1101,0.0,0.5
KHT-XE5S,2025-10-21 20:00:00,9.4794,10.27,KHT-XE5S_2025_0526_1101,0.0,0.5
KHT-XE5S,2025-10-21 20:10:00,9.4794,10.271,KHT-XE5S_2025_0526_1101,0.00010000000000012221,0.5
KHT-XE5S,2025-10-21 20:20:00,9.4797,10.269,KHT-XE5S_2025_0526_1101,0.0002000000000000668,0.5
KHT-XE5S,2025-10-21 20:30:00,9.4796,10.269,KHT-XE5S_2025_0526_1101,0.0,0.5
KHT-XE5S,2025-10-21 20:40:00,9.48,10.267,KHT-XE5S_2025_0526_1101,0.0002000000000000668,0.5
KHT-XE5S,2025-10-21 20:50:00,9.4787,10.267,KHT-XE5S_2025_0526_1101,0.0,0.5
KHT-XE5S,2025-10-21 21:00:00,9.4786,10.267,KHT-XE5S_2025_0526_1101,0.0,0.5
KHT-XE5S,2025-10-21 21:10:00,9.479,10.265,KHT-XE5S_2025_0526_1101,0.00019999999999988915,0.5
KHT-XE5S,2025-10-21 21:20:00,9.4793,10.266,KHT-XE5S_2025_0526_1101,9.999999999994457e-05,0.5
KHT-XE5S,2025-10-21 21:30:00,9.4799,10.266,KHT-XE5S_2025_0526_1101,0.0,0.5
KHT-XE5S,2025-10-21 21:40:00,9.4796,10.267,KHT-XE5S_2025_0526_1101,9.999999999994457e-05,0.5
KHT-XE5S,2025-10-21 21:50:00,9.4797,10.266,KHT-XE5S_2025_0526_1101,9.999999999994457e-05,0.5
KHT-XE5S,2025-10-21 22:00:00,9.48,10.264,KHT-XE5S_2025_0526_1101,0.0002000000000000668,0.5
KHT-XE5S,2025-10-21 22:10:00,9.48,10.265,KHT-XE5S_2025_0526_1101,0.00010000000000012221,0.5
KHT-XE5S,2025-10-21 22:20:00,9.48,10.265,KHT-XE5S_2025_0526_1101,0.0,0.5
KHT-XE5S,2025-10-21 22:30:00,9.4795,10.265,KHT-XE5S_2025_0526_1101,0.0,0.5
KHT-XE5S,2025-10-21 22:40:00,9.4797,10.262,KHT-XE5S_2025_0526_1101,0.00030000000000001136,0.5
KHT-XE5S,2025-10-21 22:50:00,9.4798,10.263,KHT-XE5S_2025_0526_1101,9.999999999994457e-05,0.5
KHT-XE5S,2025-10-21 23:00:00,9.4798,10.261,KHT-XE5S_2025_0526_1101,0.0002000000000000668,0.5
KHT-XE5S,2025-10-21 23:10:00,9.4797,10.262,KHT-XE5S_2025_0526_1101,0.00010000000000012221,0.5
KHT-XE5S,2025-10-21 23:20:00,9.4793,10.26,KHT-XE5S_2025_0526_1101,0.0002000000000000668,0.5
KHT-XE5S,2025-10-21 23:30:00,9.4794,10.261,KHT-XE5S_2025_0526_1101,9.999999999994457e-05,0.5
KHT-XE5S,2025-10-21 23:40:00,9.4794,10.261,KHT-XE5S_2025_0526_1101,0.0,0.5
KHT-XE5S,2025-10-21 23:50:00,9.4784,10.261,KHT-XE5S_2025_0526_1101,0.0,0.5
KHT-XE5S,2025-10-22 00:00:00,9.4784,10.26,KHT-XE5S_2025_0526_1101,9.999999999994457e-05,0.5
KHT-XE5S,2025-10-22 00:10:00,9.4786,10.259,KHT-XE5S_2025_0526_1101,9.999999999994457e-05,0.5
KHT-XE5S,2025-10-22 00:20:00,9.4784,10.259,KHT-XE5S_2025_0526_1101,0.0,0.5
KHT-XE5S,2025-10-22 00:30:00,9.4781,10.258,KHT-XE5S_2025_0526_1101,0.00010000000000012221,0.5
KHT-XE5S,2025-10-22 00:40:00,9.4789,10.258,KHT-XE5S_2025_0526_1101,0.0,0.5
KHT-XE5S,2025-10-22 00:50:00,9.479,10.256,KHT-XE5S_2025_0526_1101,0.00019999999999988915,0.5
KHT-XE5S,2025-10-22 01:00:00,9.4783,10.257,KHT-XE5S_2025_0526_1101,9.999999999994457e-05,0.5
KHT-XE5S,2025-10-22 01:10:00,9.4775,10.257,KHT-XE5S_2025_0526_1101,0.0,0.5
KHT-XE5S,2025-10-22 01:20:00,9.4776,10.256,KHT-XE5S_2025_0526_1101,9.999999999994457e-05,0.5
KHT-XE5S,2025-10-22 01:30:00,9.4775,10.255,KHT-XE5S_2025_0526_1101,9.999999999994457e-05,0.5
KHT-XE5S,2025-10-22 01:40:00,9.4782,10.255,KHT-XE5S_2025_0526_1101,0.0,0.5
KHT-XE5S,2025-10-22 01:50:00,9.4776,10.254,KHT-XE5S_2025_0526_1101,0.00010000000000012221,0.5
KHT-XE5S,2025-10-22 02:00:00,9.4774,10.255,KHT-XE5S_2025_0526_1101,0.00010000000000012221,0.5
KHT-XE5S,2025-10-22 02:10:00,9.4764,10.255,KHT-XE5S_2025_0526_1101,0.0,0.5
KHT-XE5S,2025-10-22 02:20:00,9.4762,10.254,KHT-XE5S_2025_0526_1101,0.00010000000000012221,0.5
KHT-XE5S,2025-10-22 02:30:00,9.4767,10.253,KHT-XE5S_2025_0526_1101,9.999999999994457e-05,0.5
KHT-XE5S,2025-10-22 02:40:00,9.477,10.253,KHT-XE5S_2025_0526_1101,0.0,0.5
KHT-XE5S,2025-10-22 02:50:00,9.4767,10.253,KHT-XE5S_2025_0526_1101,0.0,0.5
KHT-XE5S,2025-10-22 03:00:00,9.4762,10.25,KHT-XE5S_2025_0526_1101,0.00030000000000001136,0.5
KHT-XE5S,2025-10-22 03:10:00,9.4752,10.252,KHT-XE5S_2025_0526_1101,0.0002000000000000668,0.5
KHT-XE5S,2025-10-22 03:20:00,9.4751,10.252,KHT-XE5S_2025_0526_1101,0.0,0.5
KHT-XE5S,2025-10-22 03:30:00,9.4747,10.25,KHT-XE5S_2025_0526_1101,0.0002000000000000668,0.5
KHT-XE5S,2025-10-22 03:40:00,9.4748,10.249,KHT-XE5S_2025_0526_1101,9.999999999994457e-05,0.5
KHT-XE5S,2025-10-22 03:50:00,9.475,10.251,KHT-XE5S_2025_0526_1101,0.00019999999999988915,0.5
KHT-XE5S,2025-10-22 04:00:00,9.4737,10.249,KHT-XE5S_2025_0526_1101,0.00019999999999988915,0.5
KHT-XE5S,2025-10-22 04:10:00,9.4725,10.249,KHT-XE5S_2025_0526_1101,0.0,0.5
KHT-XE5S,2025-10-22 04:20:00,9.472,10.249,KHT-XE5S_2025_0526_1101,0.0,0.5
KHT-XE5S,2025-10-22 04:30:00,9.471,10.247,KHT-XE5S_2025_0526_1101,0.0002000000000000668,0.5
KHT-XE5S,2025-10-22 04:40:00,9.4711,10.247,KHT-XE5S_2025_0526_1101,0.0,0.5
KHT-XE5S,2025-10-22 04:50:00,9.4714,10.248,KHT-XE5S_2025_0526_1101,9.999999999994457e-05,0.5
KHT-XE5S,2025-10-22 05:00:00,9.4716,10.247,KHT-XE5S_2025_0526_1101,9.999999999994457e-05,0.5
KHT-XE5S,2025-10-22 05:10:00,9.4722,10.246,KHT-XE5S_2025_0526_1101,9.999999999994457e-05,0.5
KHT-XE5S,2025-10-22 05:20:00,9.4723,10.245,KHT-XE5S_2025_0526_1101,0.00010000000000012221,0.5
KHT-XE5S,2025-10-22 05:30:00,9.4719,10.245,KHT-XE5S_2025_0526_1101,0.0,0.5
KHT-XE5S,2025-10-22 05:40:00,9.4717,10.245,KHT-XE5S_2025_0526_1101,0.0,0.5
KHT-XE5S,2025-10-22 05:50:00,9.4734,10.245,KHT-XE5S_2025_0526_1101,0.0,0.5
KHT-XE5S,2025-10-22 06:00:00,9.4734,10.245,KHT-XE5S_2025_0526_1101,0.0,0.5
KHT-XE5S,2025-10-22 06:10:00,9.4741,10.244,KHT-XE5S_2025_0526_1101,9.999999999994457e-05,0.5
KHT-XE5S,2025-10-22 06:20:00,9.4749,10.243,KHT-XE5S_2025_0526_1101,9.999999999994457e-05,0.5
KHT-XE5S,2025-10-22 06:30:00,9.4757,10.242,KHT-XE5S_2025_0526_1101,9.999999999994457e-05,0.5
KHT-XE5S,2025-10-22 06:40:00,9.4768,10.242,KHT-XE5S_2025_0526_1101,0.0,0.5
KHT-XE5S,2025-10-22 06:50:00,9.4771,10.242,KHT-XE5S_2025_0526_1101,0.0,0.5
KHT-XE5S,2025-10-22 07:00:00,9.4749,10.242,KHT-XE5S_2025_0526_1101,0.0,0.5
KHT-XE5S,2025-10-22 07:10:00,9.4724,10.241,KHT-XE5S_2025_0526_1101,0.00010000000000012221,0.5
KHT-XE5S,2025-10-22 07:20:00,9.4708,10.242,KHT-XE5S_2025_0526_1101,0.00010000000000012221,0.5
KHT-XE5S,2025-10-22 07:30:00,9.4719,10.238,KHT-XE5S_2025_0526_1101,0.0004000000000001336,0.5
KHT-XE5S,2025-10-22 07:40:00,9.4723,10.24,KHT-XE5S_2025_0526_1101,0.0002000000000000668,0.5
KHT-XE5S,2025-10-22 07:50:00,9.4735,10.239,KHT-XE5S_2025_0526_1101,9.999999999994457e-05,0.5
KHT-XE5S,2025-10-22 08:00:00,9.475,10.239,KHT-XE5S_2025_0526_1101,0.0,0.5
KHT-XE5S,2025-10-22 08:10:00,9.4763,10.238,KHT-XE5S_2025_0526_1101,0.00010000000000012221,0.5
KHT-XE5S,2025-10-22 08:20:00,9.4777,10.238,KHT-XE5S_2025_0526_1101,0.0,0.5
KHT-XE5S,2025-10-22 08:30:00,9.4788,10.237,KHT-XE5S_2025_0526_1101,9.999999999994457e-05,0.5
KHT-XE5S,2025-10-22 08:40:00,9.4801,10.236,KHT-XE5S_2025_0526_1101,9.999999999994457e-05,0.5
KHT-XE5S,2025-10-22 08:50:00,9.4805,10.236,KHT-XE5S_2025_0526_1101,0.0,0.5
KHT-XE5S,2025-10-22 09:00:00,9.4822,10.234,KHT-XE5S_2025_0526_1101,0.0002000000000000668,0.5
KHT-XE5S,2025-10-22 09:10:00,9.4832,10.237,KHT-XE5S_2025_0526_1101,0.00030000000000001136,0.5
KHT-XE5S,2025-10-22 09:20:00,9.4836,10.236,KHT-XE5S_2025_0526_1101,9.999999999994457e-05,0.5
KHT-XE5S,2025-10-22 09:30:00,9.4835,10.235,KHT-XE5S_2025_0526_1101,0.00010000000000012221,0.5
KHT-XE5S,2025-10-22 09:40:00,9.483,10.234,KHT-XE5S_2025_0526_1101,9.999999999994457e-05,0.5
KHT-XE5S,2025-10-22 09:50:00,9.4833,10.235,KHT-XE5S_2025_0526_1101,9.999999999994457e-05,0.5
KHT-XE5S,2025-10-22 10:00:00,9.4831,10.232,KHT-XE5S_2025_0526_1101,0.00030000000000001136,0.5
KHT-XE5S,2025-10-22 10:10:00,9.4835,10.232,KHT-XE5S_2025_0526_1101,0.0,0.5
KHT-XE5S,2025-10-22 10:20:00,9.4835,10.235,KHT-XE5S_2025_0526_1101,0.00030000000000001136,0.5
KHT-XE5S,2025-10-22 10:30:00,9.4834,10.232,KHT-XE5S_2025_0526_1101,0.00030000000000001136,0.5
KHT-XE5S,2025-10-22 10:40:00,9.483,10.231,KHT-XE5S_2025_0526_1101,9.999999999994457e-05,0.5
KHT-XE5S,2025-10-22 10:50:00,9.4829,10.232,KHT-XE5S_2025_0526_1101,9.999999999994457e-05,0.5
KHT-XE5S,2025-10-22 11:00:00,9.4834,10.231,KHT-XE5S_2025_0526_1101,9.999999999994457e-05,0.5
KHT-XE5S,2025-10-22 11:10:00,9.4828,10.232,KHT-XE5S_2025_0526_1101,9.999999999994457e-05,0.5
KHT-XE5S,2025-10-22 11:20:00,9.4827,10.23,KHT-XE5S_2025_0526_1101,0.00019999999999988915,0.5
KHT-XE5S,2025-10-22 11:30:00,9.4822,10.23,KHT-XE5S_2025_0526_1101,0.0,0.5
KHT-XE5S,2025-10-22 11:40:00,9.4813,10.229,KHT-XE5S_2025_0526_1101,0.00010000000000012221,0.5
KHT-XE5S,2025-10-22 11:50:00,9.4802,10.229,KHT-XE5S_2025_0526_1101,0.0,0.5
KHT-XE5S,2025-10-22 12:00:00,9.4801,10.228,KHT-XE5S_2025_0526_1101,9.999999999994457e-05,0.5
KHT-XE5S,2025-10-22 12:10:00,9.4795,10.229,KHT-XE5S_2025_0526_1101,9.999999999994457e-05,0.5
KHT-XE5S,2025-10-22 12:20:00,9.4787,10.229,KHT-XE5S_2025_0526_1101,0.0,0.5
KHT-XE5S,2025-10-22 12:30:00,9.4776,10.225,KHT-XE5S_2025_0526_1101,0.00039999999999995595,0.5
KHT-XE5S,2025-10-22 12:40:00,9.4771,10.228,KHT-XE5S_2025_0526_1101,0.00030000000000001136,0.5
KHT-XE5S,2025-10-22 12:50:00,9.4771,10.226,KHT-XE5S_2025_0526_1101,0.00019999999999988915,0.5
KHT-XE5S,2025-10-22 13:00:00,9.4765,10.225,KHT-XE5S_2025_0526_1101,0.00010000000000012221,0.5
KHT-XE5S,2025-10-22 13:10:00,9.4758,10.225,KHT-XE5S_2025_0526_1101,0.0,0.5
KHT-XE5S,2025-10-22 13:20:00,9.4757,10.224,KHT-XE5S_2025_0526_1101,9.999999999994457e-05,0.5
KHT-XE5S,2025-10-22 13:30:00,9.4754,10.226,KHT-XE5S_2025_0526_1101,0.0002000000000000668,0.5
KHT-XE5S,2025-10-22 13:40:00,9.4758,10.225,KHT-XE5S_2025_0526_1101,0.00010000000000012221,0.5
KHT-XE5S,2025-10-22 13:50:00,9.4756,10.224,KHT-XE5S_2025_0526_1101,9.999999999994457e-05,0.5
KHT-XE5S,2025-10-22 14:00:00,9.4753,10.223,KHT-XE5S_2025_0526_1101,9.999999999994457e-05,0.5
KHT-XE5S,2025-10-22 14:10:00,9.475,10.225,KHT-XE5S_2025_0526_1101,0.00019999999999988915,0.5
KHT-XE5S,2025-10-22 14:20:00,9.4749,10.224,KHT-XE5S_2025_0526_1101,9.999999999994457e-05,0.5
KHT-XE5S,2025-10-22 14:30:00,9.4744,10.224,KHT-XE5S_2025_0526_1101,0.0,0.5
KHT-XE5S,2025-10-22 14:40:00,9.4745,10.222,KHT-XE5S_2025_0526_1101,0.0002000000000000668,0.5
KHT-XE5S,2025-10-22 14:50:00,9.4737,10.222,KHT-XE5S_2025_0526_1101,0.0,0.5
KHT-XE5S,2025-10-22 15:00:00,9.4741,10.222,KHT-XE5S_2025_0526_1101,0.0,0.5
KHT-XE5S,2025-10-22 15:10:00,9.4745,10.22,KHT-XE5S_2025_0526_1101,0.00019999999999988915,0.5
KHT-XE5S,2025-10-22 15:20:00,9.4749,10.219,KHT-XE5S_2025_0526_1101,0.00010000000000012221,0.5
KHT-XE5S,2025-10-22 15:30:00,9.4753,10.22,KHT-XE5S_2025_0526_1101,0.00010000000000012221,0.5
KHT-XE5S,2025-10-22 15:40:00,9.4757,10.22,KHT-XE5S_2025_0526_1101,0.0,0.5
KHT-XE5S,2025-10-22 15:50:00,9.4752,10.218,KHT-XE5S_2025_0526_1101,0.0002000000000000668,0.5
KHT-XE5S,2025-10-22 16:00:00,9.4764,10.219,KHT-XE5S_2025_0526_1101,9.999999999994457e-05,0.5
KHT-XE5S,2025-10-22 16:10:00,9.4765,10.218,KHT-XE5S_2025_0526_1101,9.999999999994457e-05,0.5
KHT-XE5S,2025-10-22 16:20:00,9.477,10.218,KHT-XE5S_2025_0526_1101,0.0,0.5
KHT-XE5S,2025-10-22 16:30:00,9.478,10.218,KHT-XE5S_2025_0526_1101,0.0,0.5
KHT-XE5S,2025-10-22 16:40:00,9.4774,10.218,KHT-XE5S_2025_0526_1101,0.0,0.5
KHT-XE5S,2025-10-22 16:50:00,9.4766,10.216,KHT-XE5S_2025_0526_1101,0.0002000000000000668,0.5
KHT-XE5S,2025-10-22 17:00:00,9.4773,10.216,KHT-XE5S_2025_0526_1101,0.0,0.5
KHT-XE5S,2025-10-22 17:10:00,9.4774,10.215,KHT-XE5S_2025_0526_1101,9.999999999994457e-05,0.5
KHT-XE5S,2025-10-22 17:20:00,9.4772,10.214,KHT-XE5S_2025_0526_1101,9.999999999994457e-05,0.5
KHT-XE5S,2025-10-22 17:30:00,9.4781,10.216,KHT-XE5S_2025_0526_1101,0.00019999999999988915,0.5
KHT-XE5S,2025-10-22 17:40:00,9.4778,10.214,KHT-XE5S_2025_0526_1101,0.00019999999999988915,0.5
KHT-XE5S,2025-10-22 17:50:00,9.4782,10.215,KHT-XE5S_2025_0526_1101,9.999999999994457e-05,0.5
KHT-XE5S,2025-10-22 18:00:00,9.4782,10.213,KHT-XE5S_2025_0526_1101,0.0002000000000000668,0.5
KHT-XE5S,2025-10-22 18:10:00,9.4781,10.215,KHT-XE5S_2025_0526_1101,0.0002000000000000668,0.5
KHT-XE5S,2025-10-22 18:20:00,9.478,10.212,KHT-XE5S_2025_0526_1101,0.00030000000000001136,0.5
KHT-XE5S,2025-10-22 18:30:00,9.4789,10.211,KHT-XE5S_2025_0526_1101,9.999999999994457e-05,0.5
KHT-XE5S,2025-10-22 18:40:00,9.4795,10.212,KHT-XE5S_2025_0526_1101,9.999999999994457e-05,0.5
KHT-XE5S,2025-10-22 18:50:00,9.4796,10.212,KHT-XE5S_2025_0526_1101,0.0,0.5
KHT-XE5S,2025-10-22 19:00:00,9.4805,10.21,KHT-XE5S_2025_0526_1101,0.00019999999999988915,0.5
KHT-XE5S,2025-10-22 19:10:00,9.4818,10.212,KHT-XE5S_2025_0526_1101,0.00019999999999988915,0.5
KHT-XE5S,2025-10-22 19:20:00,9.4827,10.209,KHT-XE5S_2025_0526_1101,0.00030000000000001136,0.5
KHT-XE5S,2025-10-22 19:30:00,9.4821,10.21,KHT-XE5S_2025_0526_1101,0.00010000000000012221,0.5
KHT-XE5S,2025-10-22 19:40:00,9.4831,10.209,KHT-XE5S_2025_0526_1101,0.00010000000000012221,0.5
KHT-XE5S,2025-10-22 19:50:00,9.4838,10.209,KHT-XE5S_2025_0526_1101,0.0,0.5
KHT-XE5S,2025-10-22 20:00:00,9.4848,10.21,KHT-XE5S_2025_0526_1101,0.00010000000000012221,0.5
KHT-XE5S,2025-10-22 20:10:00,9.4856,10.209,KHT-XE5S_2025_0526_1101,0.00010000000000012221,0.5
KHT-XE5S,2025-10-22 20:20:00,9.4856,10.206,KHT-XE5S_2025_0526_1101,0.00030000000000001136,0.5
KHT-XE5S,2025-10-22 20:30:00,9.4865,10.205,KHT-XE5S_2025_0526_1101,9.999999999994457e-05,0.5
KHT-XE5S,2025-10-22 20:40:00,9.4871,10.204,KHT-XE5S_2025_0526_1101,9.999999999994457e-05,0.5
KHT-XE5S,2025-10-22 20:50:00,9.4876,10.206,KHT-XE5S_2025_0526_1101,0.00019999999999988915,0.5
KHT-XE5S,2025-10-22 21:00:00,9.4882,10.206,KHT-XE5S_2025_0526_1101,0.0,0.5
KHT-XE5S,2025-10-22 21:10:00,9.4889,10.206,KHT-XE5S_2025_0526_1101,0.0,0.5
KHT-XE5S,2025-10-22 21:20:00,9.4903,10.205,KHT-XE5S_2025_0526_1101,9.999999999994457e-05,0.5
KHT-XE5S,2025-10-22 21:30:00,9.4903,10.204,KHT-XE5S_2025_0526_1101,9.999999999994457e-05,0.5
KHT-XE5S,2025-10-22 21:40:00,9.4909,10.203,KHT-XE5S_2025_0526_1101,0.00010000000000012221,0.5
KHT-XE5S,2025-10-22 21:50:00,9.4912,10.203,KHT-XE5S_2025_0526_1101,0.0,0.5
KHT-XE5S,2025-10-22 22:00:00,9.4924,10.204,KHT-XE5S_2025_0526_1101,0.00010000000000012221,0.5
KHT-XE5S,2025-10-22 22:10:00,9.4925,10.204,KHT-XE5S_2025_0526_1101,0.0,0.5
KHT-XE5S,2025-10-22 22:20:00,9.4931,10.203,KHT-XE5S_2025_0526_1101,0.00010000000000012221,0.5
KHT-XE5S,2025-10-22 22:30:00,9.4926,10.204,KHT-XE5S_2025_0526_1101,0.00010000000000012221,0.5
KHT-XE5S,2025-10-22 22:40:00,9.493,10.2,KHT-XE5S_2025_0526_1101,0.0004000000000001336,0.5
KHT-XE5S,2025-10-22 22:50:00,9.4935,10.2,KHT-XE5S_2025_0526_1101,0.0,0.5
KHT-XE5S,2025-10-22 23:00:00,9.4937,10.202,KHT-XE5S_2025_0526_1101,0.0002000000000000668,0.5
KHT-XE5S,2025-10-22 23:10:00,9.4951,10.201,KHT-XE5S_2025_0526_1101,9.999999999994457e-05,0.5
KHT-XE5S,2025-10-22 23:20:00,9.4969,10.199,KHT-XE5S_2025_0526_1101,0.0002000000000000668,0.5
KHT-XE5S,2025-10-22 23:30:00,9.4973,10.2,KHT-XE5S_2025_0526_1101,9.999999999994457e-05,0.5
KHT-XE5S,2025-10-22 23:40:00,9.4978,10.199,KHT-XE5S_2025_0526_1101,9.999999999994457e-05,0.5
KHT-XE5S,2025-10-22 23:50:00,9.4983,10.198,KHT-XE5S_2025_0526_1101,9.999999999994457e-05,0.5
KHT-XE5S,2025-10-23 00:00:00,9.498,10.199,KHT-XE5S_2025_0526_1101,9.999999999994457e-05,0.5
KHT-XE5S,2025-10-23 00:10:00,9.4975,10.2,KHT-XE5S_2025_0526_1101,9.999999999994457e-05,0.5
KHT-XE5S,2025-10-23 00:20:00,9.4966,10.196,KHT-XE5S_2025_0526_1101,0.00039999999999995595,0.5
KHT-XE5S,2025-10-23 00:30:00,9.4962,10.197,KHT-XE5S_2025_0526_1101,9.999999999994457e-05,0.5
KHT-XE5S,2025-10-23 00:40:00,9.4967,10.197,KHT-XE5S_2025_0526_1101,0.0,0.5
KHT-XE5S,2025-10-23 00:50:00,9.4969,10.196,KHT-XE5S_2025_0526_1101,9.999999999994457e-05,0.5
KHT-XE5S,2025-10-23 01:00:00,9.4963,10.195,KHT-XE5S_2025_0526_1101,9.999999999994457e-05,0.5
KHT-XE5S,2025-10-23 01:10:00,9.4964,10.195,KHT-XE5S_2025_0526_1101,0.0,0.5
KHT-XE5S,2025-10-23 01:20:00,9.4968,10.197,KHT-XE5S_2025_0526_1101,0.00019999999999988915,0.5
KHT-XE5S,2025-10-23 01:30:00,9.497,10.195,KHT-XE5S_2025_0526_1101,0.00019999999999988915,0.5
KHT-XE5S,2025-10-23 01:40:00,9.4965,10.194,KHT-XE5S_2025_0526_1101,9.999999999994457e-05,0.5
KHT-XE5S,2025-10-23 01:50:00,9.4962,10.193,KHT-XE5S_2025_0526_1101,0.00010000000000012221,0.5
KHT-XE5S,2025-10-23 02:00:00,9.4964,10.194,KHT-XE5S_2025_0526_1101,0.00010000000000012221,0.5
KHT-XE5S,2025-10-23 02:10:00,9.4964,10.193,KHT-XE5S_2025_0526_1101,0.00010000000000012221,0.5
KHT-XE5S,2025-10-23 02:20:00,9.4966,10.193,KHT-XE5S_2025_0526_1101,0.0,0.5
KHT-XE5S,2025-10-23 02:30:00,9.4972,10.194,KHT-XE5S_2025_0526_1101,0.00010000000000012221,0.5
KHT-XE5S,2025-10-23 02:40:00,9.4963,10.191,KHT-XE5S_2025_0526_1101,0.00030000000000001136,0.5
KHT-XE5S,2025-10-23 02:50:00,9.4962,10.192,KHT-XE5S_2025_0526_1101,9.999999999994457e-05,0.5
KHT-XE5S,2025-10-23 03:00:00,9.4964,10.191,KHT-XE5S_2025_0526_1101,9.999999999994457e-05,0.5
KHT-XE5S,2025-10-23 03:10:00,9.4966,10.191,KHT-XE5S_2025_0526_1101,0.0,0.5
KHT-XE5S,2025-10-23 03:20:00,9.4969,10.193,KHT-XE5S_2025_0526_1101,0.00019999999999988915,0.5
KHT-XE5S,2025-10-23 03:30:00,9.4973,10.19,KHT-XE5S_2025_0526_1101,0.00030000000000001136,0.5
KHT-XE5S,2025-10-23 03:40:00,9.4973,10.19,KHT-XE5S_2025_0526_1101,0.0,0.5
KHT-XE5S,2025-10-23 03:50:00,9.4973,10.19,KHT-XE5S_2025_0526_1101,0.0,0.5
KHT-XE5S,2025-10-23 04:00:00,9.4969,10.189,KHT-XE5S_2025_0526_1101,9.999999999994457e-05,0.5
KHT-XE5S,2025-10-23 04:10:00,9.4966,10.186,KHT-XE5S_2025_0526_1101,0.00030000000000001136,0.5
KHT-XE5S,2025-10-23 04:20:00,9.4967,10.188,KHT-XE5S_2025_0526_1101,0.0002000000000000668,0.5
KHT-XE5S,2025-10-23 04:30:00,9.4967,10.187,KHT-XE5S_2025_0526_1101,0.00010000000000012221,0.5
KHT-XE5S,2025-10-23 04:40:00,9.4968,10.187,KHT-XE5S_2025_0526_1101,0.0,0.5
KHT-XE5S,2025-10-23 04:50:00,9.4975,10.186,KHT-XE5S_2025_0526_1101,9.999999999994457e-05,0.5
KHT-XE5S,2025-10-23 05:00:00,9.4971,10.183,KHT-XE5S_2025_0526_1101,0.00030000000000001136,0.5
KHT-XE5S,2025-10-23 05:10:00,9.4969,10.184,KHT-XE5S_2025_0526_1101,9.999999999994457e-05,0.5
KHT-XE5S,2025-10-23 05:20:00,9.4975,10.184,KHT-XE5S_2025_0526_1101,0.0,0.5
KHT-XE5S,2025-10-23 05:30:00,9.4979,10.185,KHT-XE5S_2025_0526_1101,0.00010000000000012221,0.5
KHT-XE5S,2025-10-23 05:40:00,9.4986,10.185,KHT-XE5S_2025_0526_1101,0.0,0.5
KHT-XE5S,2025-10-23 05:50:00,9.4989,10.184,KHT-XE5S_2025_0526_1101,0.00010000000000012221,0.5
KHT-XE5S,2025-10-23 06:00:00,9.4993,10.183,KHT-XE5S_2025_0526_1101,9.999999999994457e-05,0.5
KHT-XE5S,2025-10-23 06:10:00,9.4999,10.182,KHT-XE5S_2025_0526_1101,9.999999999994457e-05,0.5
KHT-XE5S,2025-10-23 06:20:00,9.4996,10.183,KHT-XE5S_2025_0526_1101,9.999999999994457e-05,0.5
KHT-XE5S,2025-10-23 06:30:00,9.4993,10.183,KHT-XE5S_2025_0526_1101,0.0,0.5
KHT-XE5S,2025-10-23 06:40:00,9.4992,10.182,KHT-XE5S_2025_0526_1101,9.999999999994457e-05,0.5
KHT-XE5S,2025-10-23 06:50:00,9.4994,10.181,KHT-XE5S_2025_0526_1101,0.00010000000000012221,0.5
KHT-XE5S,2025-10-23 07:00:00,9.4994,10.182,KHT-XE5S_2025_0526_1101,0.00010000000000012221,0.5
KHT-XE5S,2025-10-23 07:10:00,9.4999,10.18,KHT-XE5S_2025_0526_1101,0.0002000000000000668,0.5
KHT-XE5S,2025-10-23 07:20:00,9.5001,10.179,KHT-XE5S_2025_0526_1101,9.999999999994457e-05,0.5
KHT-XE5S,2025-10-23 07:30:00,9.5005,10.18,KHT-XE5S_2025_0526_1101,9.999999999994457e-05,0.5
KHT-XE5S,2025-10-23 07:40:00,9.5004,10.18,KHT-XE5S_2025_0526_1101,0.0,0.5
KHT-XE5S,2025-10-23 07:50:00,9.5008,10.179,KHT-XE5S_2025_0526_1101,9.999999999994457e-05,0.5
KHT-XE5S,2025-10-23 08:00:00,9.5016,10.177,KHT-XE5S_2025_0526_1101,0.0002000000000000668,0.5
KHT-XE5S,2025-10-23 08:10:00,9.5024,10.179,KHT-XE5S_2025_0526_1101,0.0002000000000000668,0.5
KHT-XE5S,2025-10-23 08:20:00,9.5028,10.176,KHT-XE5S_2025_0526_1101,0.00030000000000001136,0.5
KHT-XE5S,2025-10-23 08:30:00,9.5028,10.176,KHT-XE5S_2025_0526_1101,0.0,0.5
KHT-XE5S,2025-10-23 08:40:00,9.5031,10.177,KHT-XE5S_2025_0526_1101,9.999999999994457e-05,0.5
KHT-XE5S,2025-10-23 08:50:00,9.504,10.176,KHT-XE5S_2025_0526_1101,9.999999999994457e-05,0.5
KHT-XE5S,2025-10-23 09:00:00,9.5041,10.177,KHT-XE5S_2025_0526_1101,9.999999999994457e-05,0.5
KHT-XE5S,2025-10-23 09:10:00,9.5045,10.175,KHT-XE5S_2025_0526_1101,0.00019999999999988915,0.5
KHT-XE5S,2025-10-23 09:20:00,9.504,10.176,KHT-XE5S_2025_0526_1101,9.999999999994457e-05,0.5
KHT-XE5S,2025-10-23 09:30:00,9.5044,10.175,KHT-XE5S_2025_0526_1101,9.999999999994457e-05,0.5
KHT-XE5S,2025-10-23 09:40:00,9.5041,10.174,KHT-XE5S_2025_0526_1101,0.00010000000000012221,0.5
KHT-XE5S,2025-10-23 09:50:00,9.504,10.174,KHT-XE5S_2025_0526_1101,0.0,0.5
KHT-XE5S,2025-10-23 10:00:00,9.5036,10.174,KHT-XE5S_2025_0526_1101,0.0,0.5
KHT-XE5S,2025-10-23 10:10:00,9.5037,10.173,KHT-XE5S_2025_0526_1101,9.999999999994457e-05,0.5
KHT-XE5S,2025-10-23 10:20:00,9.5032,10.17,KHT-XE5S_2025_0526_1101,0.00030000000000001136,0.5
KHT-XE5S,2025-10-23 10:30:00,9.5031,10.171,KHT-XE5S_2025_0526_1101,9.999999999994457e-05,0.5
KHT-XE5S,2025-10-23 10:40:00,9.5028,10.171,KHT-XE5S_2025_0526_1101,0.0,0.5
KHT-XE5S,2025-10-23 10:50:00,9.503,10.17,KHT-XE5S_2025_0526_1101,9.999999999994457e-05,0.5
KHT-XE5S,2025-10-23 11:00:00,9.5033,10.171,KHT-XE5S_2025_0526_1101,9.999999999994457e-05,0.5
KHT-XE5S,2025-10-23 11:10:00,9.5029,10.17,KHT-XE5S_2025_0526_1101,9.999999999994457e-05,0.5
KHT-XE5S,2025-10-23 11:20:00,9.503,10.17,KHT-XE5S_2025_0526_1101,0.0,0.5
KHT-XE5S,2025-10-23 11:30:00,9.5022,10.169,KHT-XE5S_2025_0526_1101,9.999999999994457e-05,0.5
KHT-XE5S,2025-10-23 11:40:00,9.502,10.17,KHT-XE5S_2025_0526_1101,9.999999999994457e-05,0.5
KHT-XE5S,2025-10-23 11:50:00,9.5024,10.17,KHT-XE5S_2025_0526_1101,0.0,0.5
KHT-XE5S,2025-10-23 12:00:00,9.5019,10.168,KHT-XE5S_2025_0526_1101,0.0002000000000000668,0.5
KHT-XE5S,2025-10-23 12:10:00,9.5008,10.166,KHT-XE5S_2025_0526_1101,0.00019999999999988915,0.5
KHT-XE5S,2025-10-23 12:20:00,9.5002,10.167,KHT-XE5S_2025_0526_1101,9.999999999994457e-05,0.5
KHT-XE5S,2025-10-23 12:30:00,9.4992,10.167,KHT-XE5S_2025_0526_1101,0.0,0.5
KHT-XE5S,2025-10-23 12:40:00,9.4984,10.168,KHT-XE5S_2025_0526_1101,9.999999999994457e-05,0.5
KHT-XE5S,2025-10-23 12:50:00,9.4973,10.165,KHT-XE5S_2025_0526_1101,0.00030000000000001136,0.5
KHT-XE5S,2025-10-23 13:00:00,9.4965,10.168,KHT-XE5S_2025_0526_1101,0.00030000000000001136,0.5
KHT-XE5S,2025-10-23 13:10:00,9.4958,10.167,KHT-XE5S_2025_0526_1101,9.999999999994457e-05,0.5
KHT-XE5S,2025-10-23 13:20:00,9.4945,10.164,KHT-XE5S_2025_0526_1101,0.00030000000000001136,0.5
KHT-XE5S,2025-10-23 13:30:00,9.4935,10.166,KHT-XE5S_2025_0526_1101,0.0002000000000000668,0.5
KHT-XE5S,2025-10-23 13:40:00,9.4928,10.164,KHT-XE5S_2025_0526_1101,0.0002000000000000668,0.5
KHT-XE5S,2025-10-23 13:50:00,9.4914,10.165,KHT-XE5S_2025_0526_1101,9.999999999994457e-05,0.5
KHT-XE5S,2025-10-23 14:00:00,9.4912,10.161,KHT-XE5S_2025_0526_1101,0.00039999999999995595,0.5
KHT-XE5S,2025-10-23 14:10:00,9.4906,10.165,KHT-XE5S_2025_0526_1101,0.00039999999999995595,0.5
KHT-XE5S,2025-10-23 14:20:00,9.4901,10.164,KHT-XE5S_2025_0526_1101,9.999999999994457e-05,0.5
KHT-XE5S,2025-10-23 14:30:00,9.4895,10.161,KHT-XE5S_2025_0526_1101,0.00030000000000001136,0.5
KHT-XE5S,2025-10-23 14:40:00,9.49,10.162,KHT-XE5S_2025_0526_1101,0.00010000000000012221,0.5
KHT-XE5S,2025-10-23 14:50:00,9.4888,10.162,KHT-XE5S_2025_0526_1101,0.0,0.5
KHT-XE5S,2025-10-23 15:00:00,9.489,10.161,KHT-XE5S_2025_0526_1101,0.00010000000000012221,0.5
KHT-XE5S,2025-10-23 15:10:00,9.489,10.161,KHT-XE5S_2025_0526_1101,0.0,0.5
KHT-XE5S,2025-10-23 15:20:00,9.4889,10.159,KHT-XE5S_2025_0526_1101,0.00019999999999988915,0.5
KHT-XE5S,2025-10-23 15:30:00,9.4884,10.159,KHT-XE5S_2025_0526_1101,0.0,0.5
KHT-XE5S,2025-10-23 15:40:00,9.4888,10.16,KHT-XE5S_2025_0526_1101,9.999999999994457e-05,0.5
KHT-XE5S,2025-10-23 15:50:00,9.4892,10.16,KHT-XE5S_2025_0526_1101,0.0,0.5
KHT-XE5S,2025-10-23 16:00:00,9.4888,10.16,KHT-XE5S_2025_0526_1101,0.0,0.5
KHT-XE5S,2025-10-23 16:10:00,9.4884,10.156,KHT-XE5S_2025_0526_1101,0.00039999999999995595,0.5
KHT-XE5S,2025-10-23 16:20:00,9.4876,10.158,KHT-XE5S_2025_0526_1101,0.00019999999999988915,0.5
KHT-XE5S,2025-10-23 16:30:00,9.4876,10.156,KHT-XE5S_2025_0526_1101,0.00019999999999988915,0.5
KHT-XE5S,2025-10-23 16:40:00,9.4881,10.157,KHT-XE5S_2025_0526_1101,9.999999999994457e-05,0.5
KHT-XE5S,2025-10-23 16:50:00,9.4877,10.157,KHT-XE5S_2025_0526_1101,0.0,0.5
KHT-XE5S,2025-10-23 17:00:00,9.4884,10.157,KHT-XE5S_2025_0526_1101,0.0,0.5
KHT-XE5S,2025-10-23 17:10:00,9.4885,10.156,KHT-XE5S_2025_0526_1101,9.999999999994457e-05,0.5
KHT-XE5S,2025-10-23 17:20:00,9.4894,10.156,KHT-XE5S_2025_0526_1101,0.0,0.5
KHT-XE5S,2025-10-23 17:30:00,9.4898,10.155,KHT-XE5S_2025_0526_1101,0.00010000000000012221,0.5
KHT-XE5S,2025-10-23 17:40:00,9.49,10.154,KHT-XE5S_2025_0526_1101,9.999999999994457e-05,0.5
KHT-XE5S,2025-10-23 17:50:00,9.4897,10.155,KHT-XE5S_2025_0526_1101,9.999999999994457e-05,0.5
KHT-XE5S,2025-10-23 18:00:00,9.4902,10.154,KHT-XE5S_2025_0526_1101,9.999999999994457e-05,0.5
KHT-XE5S,2025-10-23 18:10:00,9.4905,10.153,KHT-XE5S_2025_0526_1101,9.999999999994457e-05,0.5
KHT-XE5S,2025-10-23 18:20:00,9.4913,10.152,KHT-XE5S_2025_0526_1101,0.00010000000000012221,0.5
KHT-XE5S,2025-10-23 18:30:00,9.4919,10.153,KHT-XE5S_2025_0526_1101,0.00010000000000012221,0.5
KHT-XE5S,2025-10-23 18:40:00,9.4923,10.151,KHT-XE5S_2025_0526_1101,0.0002000000000000668,0.5
KHT-XE5S,2025-10-23 18:50:00,9.4925,10.151,KHT-XE5S_2025_0526_1101,0.0,0.5
KHT-XE5S,2025-10-23 19:00:00,9.4923,10.15,KHT-XE5S_2025_0526_1101,9.999999999994457e-05,0.5
KHT-XE5S,2025-10-23 19:10:00,9.493,10.15,KHT-XE5S_2025_0526_1101,0.0,0.5
KHT-XE5S,2025-10-23 19:20:00,9.4937,10.15,KHT-XE5S_2025_0526_1101,0.0,0.5
KHT-XE5S,2025-10-23 19:30:00,9.4943,10.152,KHT-XE5S_2025_0526_1101,0.00019999999999988915,0.5
KHT-XE5S,2025-10-23 19:40:00,9.4943,10.15,KHT-XE5S_2025_0526_1101,0.00019999999999988915,0.5
KHT-XE5S,2025-10-23 19:50:00,9.4947,10.147,KHT-XE5S_2025_0526_1101,0.00030000000000001136,0.5
KHT-XE5S,2025-10-23 20:00:00,9.4959,10.15,KHT-XE5S_2025_0526_1101,0.00030000000000001136,0.5
KHT-XE5S,2025-10-23 20:10:00,9.4966,10.146,KHT-XE5S_2025_0526_1101,0.00039999999999995595,0.5
KHT-XE5S,2025-10-23 20:20:00,9.4965,10.15,KHT-XE5S_2025_0526_1101,0.00039999999999995595,0.5
KHT-XE5S,2025-10-23 20:30:00,9.4969,10.146,KHT-XE5S_2025_0526_1101,0.00039999999999995595,0.5
KHT-XE5S,2025-10-23 20:40:00,9.4973,10.147,KHT-XE5S_2025_0526_1101,9.999999999994457e-05,0.5
KHT-XE5S,2025-10-23 20:50:00,9.4971,10.146,KHT-XE5S_2025_0526_1101,9.999999999994457e-05,0.5
KHT-XE5S,2025-10-23 21:00:00,9.4967,10.146,KHT-XE5S_2025_0526_1101,0.0,0.5
KHT-XE5S,2025-10-23 21:10:00,9.4971,10.146,KHT-XE5S_2025_0526_1101,0.0,0.5
KHT-XE5S,2025-10-23 21:20:00,9.4971,10.144,KHT-XE5S_2025_0526_1101,0.0002000000000000668,0.5
KHT-XE5S,2025-10-23 21:30:00,9.4973,10.145,KHT-XE5S_2025_0526_1101,9.999999999994457e-05,0.5
KHT-XE5S,2025-10-23 21:40:00,9.4979,10.145,KHT-XE5S_2025_0526_1101,0.0,0.5
KHT-XE5S,2025-10-23 21:50:00,9.4981,10.144,KHT-XE5S_2025_0526_1101,9.999999999994457e-05,0.5
KHT-XE5S,2025-10-23 22:00:00,9.4983,10.144,KHT-XE5S_2025_0526_1101,0.0,0.5
KHT-XE5S,2025-10-23 22:10:00,9.4986,10.142,KHT-XE5S_2025_0526_1101,0.0002000000000000668,0.5
KHT-XE5S,2025-10-23 22:20:00,9.499,10.143,KHT-XE5S_2025_0526_1101,0.00010000000000012221,0.5
KHT-XE5S,2025-10-23 22:30:00,9.4989,10.143,KHT-XE5S_2025_0526_1101,0.0,0.5
KHT-XE5S,2025-10-23 22:40:00,9.4993,10.142,KHT-XE5S_2025_0526_1101,0.00010000000000012221,0.5
KHT-XE5S,2025-10-23 22:50:00,9.4993,10.144,KHT-XE5S_2025_0526_1101,0.0002000000000000668,0.5
KHT-XE5S,2025-10-23 23:00:00,9.4999,10.143,KHT-XE5S_2025_0526_1101,9.999999999994457e-05,0.5
KHT-XE5S,2025-10-23 23:10:00,9.4998,10.14,KHT-XE5S_2025_0526_1101,0.00030000000000001136,0.5
KHT-XE5S,2025-10-23 23:20:00,9.4996,10.14,KHT-XE5S_2025_0526_1101,0.0,0.5
KHT-XE5S,2025-10-23 23:30:00,9.4988,10.141,KHT-XE5S_2025_0526_1101,9.999999999994457e-05,0.5
KHT-XE5S,2025-10-23 23:40:00,9.4992,10.139,KHT-XE5S_2025_0526_1101,0.0002000000000000668,0.5
KHT-XE5S,2025-10-23 23:50:00,9.499,10.138,KHT-XE5S_2025_0526_1101,9.999999999994457e-05,0.5
KHT-XE5S,2025-10-24 00:00:00,9.4985,10.138,KHT-XE5S_2025_0526_1101,0.0,0.5
KHT-XE5S,2025-10-24 00:10:00,9.4981,10.14,KHT-XE5S_2025_0526_1101,0.0002000000000000668,0.5
KHT-XE5S,2025-10-24 00:20:00,9.4974,10.139,KHT-XE5S_2025_0526_1101,0.00010000000000012221,0.5
KHT-XE5S,2025-10-24 00:30:00,9.4973,10.139,KHT-XE5S_2025_0526_1101,0.0,0.5
KHT-XE5S,2025-10-24 00:40:00,9.4973,10.138,KHT-XE5S_2025_0526_1101,9.999999999994457e-05,0.5
KHT-XE5S,2025-10-24 00:50:00,9.4972,10.136,KHT-XE5S_2025_0526_1101,0.0002000000000000668,0.5
KHT-XE5S,2025-10-24 01:00:00,9.4971,10.138,KHT-XE5S_2025_0526_1101,0.0002000000000000668,0.5
KHT-XE5S,2025-10-24 01:10:00,9.497,10.138,KHT-XE5S_2025_0526_1101,0.0,0.5
KHT-XE5S,2025-10-24 01:20:00,9.4972,10.136,KHT-XE5S_2025_0526_1101,0.0002000000000000668,0.5
KHT-XE5S,2025-10-24 01:30:00,9.497,10.135,KHT-XE5S_2025_0526_1101,9.999999999994457e-05,0.5
KHT-XE5S,2025-10-24 01:40:00,9.4964,10.133,KHT-XE5S_2025_0526_1101,0.0002000000000000668,0.5
KHT-XE5S,2025-10-24 01:50:00,9.495,10.135,KHT-XE5S_2025_0526_1101,0.0002000000000000668,0.5
KHT-XE5S,2025-10-24 02:00:00,9.4946,10.134,KHT-XE5S_2025_0526_1101,9.999999999994457e-05,0.5
KHT-XE5S,2025-10-24 02:10:00,9.4939,10.135,KHT-XE5S_2025_0526_1101,9.999999999994457e-05,0.5
KHT-XE5S,2025-10-24 02:20:00,9.4935,10.134,KHT-XE5S_2025_0526_1101,9.999999999994457e-05,0.5
KHT-XE5S,2025-10-24 02:30:00,9.4939,10.135,KHT-XE5S_2025_0526_1101,9.999999999994457e-05,0.5
KHT-XE5S,2025-10-24 02:40:00,9.4941,10.131,KHT-XE5S_2025_0526_1101,0.00039999999999995595,0.5
KHT-XE5S,2025-10-24 02:50:00,9.4941,10.132,KHT-XE5S_2025_0526_1101,9.999999999994457e-05,0.5
KHT-XE5S,2025-10-24 03:00:00,9.4935,10.13,KHT-XE5S_2025_0526_1101,0.00019999999999988915,0.5
KHT-XE5S,2025-10-24 03:10:00,9.4927,10.131,KHT-XE5S_2025_0526_1101,9.999999999994457e-05,0.5
KHT-XE5S,2025-10-24 03:20:00,9.4919,10.132,KHT-XE5S_2025_0526_1101,9.999999999994457e-05,0.5
KHT-XE5S,2025-10-24 03:30:00,9.4918,10.129,KHT-XE5S_2025_0526_1101,0.00030000000000001136,0.5
KHT-XE5S,2025-10-24 03:40:00,9.4907,10.13,KHT-XE5S_2025_0526_1101,0.00010000000000012221,0.5
KHT-XE5S,2025-10-24 03:50:00,9.4912,10.129,KHT-XE5S_2025_0526_1101,0.00010000000000012221,0.5
KHT-XE5S,2025-10-24 04:00:00,9.4913,10.128,KHT-XE5S_2025_0526_1101,9.999999999994457e-05,0.5
KHT-XE5S,2025-10-24 04:10:00,9.4909,10.129,KHT-XE5S_2025_0526_1101,9.999999999994457e-05,0.5
KHT-XE5S,2025-10-24 04:20:00,9.4907,10.13,KHT-XE5S_2025_0526_1101,0.00010000000000012221,0.5
KHT-XE5S,2025-10-24 04:30:00,9.4896,10.128,KHT-XE5S_2025_0526_1101,0.0002000000000000668,0.5
KHT-XE5S,2025-10-24 04:40:00,9.4891,10.127,KHT-XE5S_2025_0526_1101,9.999999999994457e-05,0.5
KHT-XE5S,2025-10-24 04:50:00,9.4895,10.129,KHT-XE5S_2025_0526_1101,0.00019999999999988915,0.5
KHT-XE5S,2025-10-24 05:00:00,9.4894,10.125,KHT-XE5S_2025_0526_1101,0.00039999999999995595,0.5
KHT-XE5S,2025-10-24 05:10:00,9.4893,10.127,KHT-XE5S_2025_0526_1101,0.0002000000000000668,0.5
KHT-XE5S,2025-10-24 05:20:00,9.4896,10.126,KHT-XE5S_2025_0526_1101,0.00010000000000012221,0.5
KHT-XE5S,2025-10-24 05:30:00,9.4903,10.127,KHT-XE5S_2025_0526_1101,0.00010000000000012221,0.5
KHT-XE5S,2025-10-24 05:40:00,9.4901,10.125,KHT-XE5S_2025_0526_1101,0.0002000000000000668,0.5
KHT-XE5S,2025-10-24 05:50:00,9.4908,10.125,KHT-XE5S_2025_0526_1101,0.0,0.5
KHT-XE5S,2025-10-24 06:00:00,9.4914,10.125,KHT-XE5S_2025_0526_1101,0.0,0.5
KHT-XE5S,2025-10-24 06:10:00,9.4904,10.125,KHT-XE5S_2025_0526_1101,0.0,0.5
KHT-XE5S,2025-10-24 06:20:00,9.4902,10.123,KHT-XE5S_2025_0526_1101,0.0002000000000000668,0.5
KHT-XE5S,2025-10-24 06:30:00,9.4907,10.125,KHT-XE5S_2025_0526_1101,0.0002000000000000668,0.5
KHT-XE5S,2025-10-24 06:40:00,9.4905,10.123,KHT-XE5S_2025_0526_1101,0.0002000000000000668,0.5
KHT-XE5S,2025-10-24 06:50:00,9.49,10.122,KHT-XE5S_2025_0526_1101,9.999999999994457e-05,0.5
KHT-XE5S,2025-10-24 07:00:00,9.49,10.124,KHT-XE5S_2025_0526_1101,0.0002000000000000668,0.5
KHT-XE5S,2025-10-24 07:10:00,9.4899,10.12,KHT-XE5S_2025_0526_1101,0.0004000000000001336,0.5
KHT-XE5S,2025-10-24 07:20:00,9.4902,10.12,KHT-XE5S_2025_0526_1101,0.0,0.5
KHT-XE5S,2025-10-24 07:30:00,9.4903,10.121,KHT-XE5S_2025_0526_1101,0.00010000000000012221,0.5
KHT-XE5S,2025-10-24 07:40:00,9.4899,10.12,KHT-XE5S_2025_0526_1101,0.00010000000000012221,0.5
KHT-XE5S,2025-10-24 07:50:00,9.4897,10.12,KHT-XE5S_2025_0526_1101,0.0,0.5
KHT-XE5S,2025-10-24 08:00:00,9.4901,10.12,KHT-XE5S_2025_0526_1101,0.0,0.5
KHT-XE5S,2025-10-24 08:10:00,9.4897,10.119,KHT-XE5S_2025_0526_1101,9.999999999994457e-05,0.5
KHT-XE5S,2025-10-24 08:20:00,9.4905,10.12,KHT-XE5S_2025_0526_1101,9.999999999994457e-05,0.5
KHT-XE5S,2025-10-24 08:30:00,9.4904,10.118,KHT-XE5S_2025_0526_1101,0.00019999999999988915,0.5
KHT-XE5S,2025-10-24 08:40:00,9.4909,10.117,KHT-XE5S_2025_0526_1101,9.999999999994457e-05,0.5
KHT-XE5S,2025-10-24 08:50:00,9.4915,10.117,KHT-XE5S_2025_0526_1101,0.0,0.5
KHT-XE5S,2025-10-24 09:00:00,9.4916,10.117,KHT-XE5S_2025_0526_1101,0.0,0.5
KHT-XE5S,2025-10-24 09:10:00,9.4916,10.116,KHT-XE5S_2025_0526_1101,0.00010000000000012221,0.5
KHT-XE5S,2025-10-24 09:20:00,9.4911,10.116,KHT-XE5S_2025_0526_1101,0.0,0.5
KHT-XE5S,2025-10-24 09:30:00,9.4905,10.116,KHT-XE5S_2025_0526_1101,0.0,0.5
KHT-XE5S,2025-10-24 09:40:00,9.4911,10.115,KHT-XE5S_2025_0526_1101,9.999999999994457e-05,0.5
KHT-XE5S,2025-10-24 09:50:00,9.4911,10.115,KHT-XE5S_2025_0526_1101,0.0,0.5
KHT-XE5S,2025-10-24 10:00:00,9.4906,10.115,KHT-XE5S_2025_0526_1101,0.0,0.5
KHT-XE5S,2025-10-24 10:10:00,9.4904,10.115,KHT-XE5S_2025_0526_1101,0.0,0.5
KHT-XE5S,2025-10-24 10:20:00,9.4891,10.116,KHT-XE5S_2025_0526_1101,9.999999999994457e-05,0.5
KHT-XE5S,2025-10-24 10:30:00,9.4879,10.114,KHT-XE5S_2025_0526_1101,0.00019999999999988915,0.5
KHT-XE5S,2025-10-24 10:40:00,9.4868,10.114,KHT-XE5S_2025_0526_1101,0.0,0.5
KHT-XE5S,2025-10-24 10:50:00,9.4866,10.115,KHT-XE5S_2025_0526_1101,9.999999999994457e-05,0.5
KHT-XE5S,2025-10-24 11:00:00,9.4866,10.113,KHT-XE5S_2025_0526_1101,0.0002000000000000668,0.5
KHT-XE5S,2025-10-24 11:10:00,9.4867,10.112,KHT-XE5S_2025_0526_1101,9.999999999994457e-05,0.5
KHT-XE5S,2025-10-24 11:20:00,9.4865,10.113,KHT-XE5S_2025_0526_1101,9.999999999994457e-05,0.5
KHT-XE5S,2025-10-24 11:30:00,9.4864,10.11,KHT-XE5S_2025_0526_1101,0.00030000000000001136,0.5
KHT-XE5S,2025-10-24 11:40:00,9.4863,10.11,KHT-XE5S_2025_0526_1101,0.0,0.5
KHT-XE5S,2025-10-24 11:50:00,9.4851,10.108,KHT-XE5S_2025_0526_1101,0.00019999999999988915,0.5
KHT-XE5S,2025-10-24 12:00:00,9.4852,10.11,KHT-XE5S_2025_0526_1101,0.00019999999999988915,0.5
KHT-XE5S,2025-10-24 12:10:00,9.4835,10.111,KHT-XE5S_2025_0526_1101,0.00010000000000012221,0.5
KHT-XE5S,2025-10-24 12:20:00,9.4826,10.11,KHT-XE5S_2025_0526_1101,0.00010000000000012221,0.5
KHT-XE5S,2025-10-24 12:30:00,9.4813,10.108,KHT-XE5S_2025_0526_1101,0.00019999999999988915,0.5
KHT-XE5S,2025-10-24 12:40:00,9.4815,10.109,KHT-XE5S_2025_0526_1101,9.999999999994457e-05,0.5
KHT-XE5S,2025-10-24 12:50:00,9.4803,10.107,KHT-XE5S_2025_0526_1101,0.0002000000000000668,0.5
KHT-XE5S,2025-10-24 13:00:00,9.4794,10.108,KHT-XE5S_2025_0526_1101,0.00010000000000012221,0.5
KHT-XE5S,2025-10-24 13:10:00,9.4779,10.108,KHT-XE5S_2025_0526_1101,0.0,0.5
KHT-XE5S,2025-10-24 13:20:00,9.4778,10.108,KHT-XE5S_2025_0526_1101,0.0,0.5
KHT-XE5S,2025-10-24 13:30:00,9.4768,10.106,KHT-XE5S_2025_0526_1101,0.0002000000000000668,0.5
KHT-XE5S,2025-10-24 13:40:00,9.4763,10.107,KHT-XE5S_2025_0526_1101,9.999999999994457e-05,0.5
KHT-XE5S,2025-10-24 13:50:00,9.4755,10.104,KHT-XE5S_2025_0526_1101,0.00030000000000001136,0.5
KHT-XE5S,2025-10-24 14:00:00,9.4735,10.106,KHT-XE5S_2025_0526_1101,0.0002000000000000668,0.5
KHT-XE5S,2025-10-24 14:10:00,9.4722,10.105,KHT-XE5S_2025_0526_1101,9.999999999994457e-05,0.5
KHT-XE5S,2025-10-24 14:20:00,9.4719,10.105,KHT-XE5S_2025_0526_1101,0.0,0.5
KHT-XE5S,2025-10-24 14:30:00,9.4706,10.103,KHT-XE5S_2025_0526_1101,0.0002000000000000668,0.5
KHT-XE5S,2025-10-24 14:40:00,9.4695,10.104,KHT-XE5S_2025_0526_1101,9.999999999994457e-05,0.5
KHT-XE5S,2025-10-24 14:50:00,9.4683,10.104,KHT-XE5S_2025_0526_1101,0.0,0.5
KHT-XE5S,2025-10-24 15:00:00,9.4676,10.103,KHT-XE5S_2025_0526_1101,9.999999999994457e-05,0.5
KHT-XE5S,2025-10-24 15:10:00,9.4672,10.102,KHT-XE5S_2025_0526_1101,9.999999999994457e-05,0.5
KHT-XE5S,2025-10-24 15:20:00,9.466,10.105,KHT-XE5S_2025_0526_1101,0.00030000000000001136,0.5
KHT-XE5S,2025-10-24 15:30:00,9.4638,10.103,KHT-XE5S_2025_0526_1101,0.0002000000000000668,0.5
KHT-XE5S,2025-10-24 15:40:00,9.4634,10.102,KHT-XE5S_2025_0526_1101,9.999999999994457e-05,0.5
KHT-XE5S,2025-10-24 15:50:00,9.4619,10.102,KHT-XE5S_2025_0526_1101,0.0,0.5
KHT-XE5S,2025-10-24 16:00:00,9.4599,10.099,KHT-XE5S_2025_0526_1101,0.00030000000000001136,0.5
KHT-XE5S,2025-10-24 16:10:00,9.4613,10.099,KHT-XE5S_2025_0526_1101,0.0,0.5
KHT-XE5S,2025-10-24 16:20:00,9.4607,10.1,KHT-XE5S_2025_0526_1101,9.999999999994457e-05,0.5
KHT-XE5S,2025-10-24 16:30:00,9.4596,10.099,KHT-XE5S_2025_0526_1101,9.999999999994457e-05,0.5
KHT-XE5S,2025-10-24 16:40:00,9.4603,10.099,KHT-XE5S_2025_0526_1101,0.0,0.5
KHT-XE5S,2025-10-24 16:50:00,9.461,10.098,KHT-XE5S_2025_0526_1101,9.999999999994457e-05,0.5
KHT-XE5S,2025-10-24 17:00:00,9.4616,10.098,KHT-XE5S_2025_0526_1101,0.0,0.5
KHT-XE5S,2025-10-24 17:10:00,9.462,10.098,KHT-XE5S_2025_0526_1101,0.0,0.5
KHT-XE5S,2025-10-24 17:20:00,9.4635,10.098,KHT-XE5S_2025_0526_1101,0.0,0.5
KHT-XE5S,2025-10-24 17:30:00,9.4645,10.097,KHT-XE5S_2025_0526_1101,0.00010000000000012221,0.5
KHT-XE5S,2025-10-24 17:40:00,9.4657,10.096,KHT-XE5S_2025_0526_1101,9.999999999994457e-05,0.5
KHT-XE5S,2025-10-24 17:50:00,9.4665,10.098,KHT-XE5S_2025_0526_1101,0.0002000000000000668,0.5
KHT-XE5S,2025-10-24 18:00:00,9.468,10.097,KHT-XE5S_2025_0526_1101,0.00010000000000012221,0.5
KHT-XE5S,2025-10-24 18:10:00,9.4686,10.097,KHT-XE5S_2025_0526_1101,0.0,0.5
KHT-XE5S,2025-10-24 18:20:00,9.4693,10.095,KHT-XE5S_2025_0526_1101,0.00019999999999988915,0.5
KHT-XE5S,2025-10-24 18:30:00,9.4682,10.096,KHT-XE5S_2025_0526_1101,9.999999999994457e-05,0.5
KHT-XE5S,2025-10-24 18:40:00,9.4671,10.094,KHT-XE5S_2025_0526_1101,0.0002000000000000668,0.5
KHT-XE5S,2025-10-24 18:50:00,9.467,10.094,KHT-XE5S_2025_0526_1101,0.0,0.5
KHT-XE5S,2025-10-24 19:00:00,9.4677,10.092,KHT-XE5S_2025_0526_1101,0.00019999999999988915,0.5
KHT-XE5S,2025-10-24 19:10:00,9.4669,10.092,KHT-XE5S_2025_0526_1101,0.0,0.5
KHT-XE5S,2025-10-24 19:20:00,9.4667,10.092,KHT-XE5S_2025_0526_1101,0.0,0.5
KHT-XE5S,2025-10-24 19:30:00,9.4664,10.093,KHT-XE5S_2025_0526_1101,9.999999999994457e-05,0.5
KHT-XE5S,2025-10-24 19:40:00,9.4648,10.093,KHT-XE5S_2025_0526_1101,0.0,0.5
KHT-XE5S,2025-10-24 19:50:00,9.4651,10.094,KHT-XE5S_2025_0526_1101,9.999999999994457e-05,0.5
KHT-XE5S,2025-10-24 20:00:00,9.465,10.092,KHT-XE5S_2025_0526_1101,0.00019999999999988915,0.5
KHT-XE5S,2025-10-24 20:10:00,9.464,10.092,KHT-XE5S_2025_0526_1101,0.0,0.5
KHT-XE5S,2025-10-24 20:20:00,9.4625,10.091,KHT-XE5S_2025_0526_1101,0.00010000000000012221,0.5
KHT-XE5S,2025-10-24 20:30:00,9.4633,10.09,KHT-XE5S_2025_0526_1101,9.999999999994457e-05,0.5
KHT-XE5S,2025-10-24 20:40:00,9.4628,10.089,KHT-XE5S_2025_0526_1101,9.999999999994457e-05,0.5
KHT-XE5S,2025-10-24 20:50:00,9.4632,10.091,KHT-XE5S_2025_0526_1101,0.00019999999999988915,0.5
KHT-XE5S,2025-10-24 21:00:00,9.4627,10.088,KHT-XE5S_2025_0526_1101,0.00030000000000001136,0.5
KHT-XE5S,2025-10-24 21:10:00,9.4621,10.089,KHT-XE5S_2025_0526_1101,0.00010000000000012221,0.5
KHT-XE5S,2025-10-24 21:20:00,9.462,10.087,KHT-XE5S_2025_0526_1101,0.0002000000000000668,0.5
KHT-XE5S,2025-10-24 21:30:00,9.4618,10.087,KHT-XE5S_2025_0526_1101,0.0,0.5
KHT-XE5S,2025-10-24 21:40:00,9.4634,10.087,KHT-XE5S_2025_0526_1101,0.0,0.5
KHT-XE5S,2025-10-24 21:50:00,9.463,10.086,KHT-XE5S_2025_0526_1101,9.999999999994457e-05,0.5
KHT-XE5S,2025-10-24 22:00:00,9.4632,10.086,KHT-XE5S_2025_0526_1101,0.0,0.5
KHT-XE5S,2025-10-24 22:10:00,9.4629,10.087,KHT-XE5S_2025_0526_1101,9.999999999994457e-05,0.5
KHT-XE5S,2025-10-24 22:20:00,9.4622,10.086,KHT-XE5S_2025_0526_1101,9.999999999994457e-05,0.5
KHT-XE5S,2025-10-24 22:30:00,9.4633,10.085,KHT-XE5S_2025_0526_1101,9.999999999994457e-05,0.5
KHT-XE5S,2025-10-24 22:40:00,9.4635,10.085,KHT-XE5S_2025_0526_1101,0.0,0.5
KHT-XE5S,2025-10-24 22:50:00,9.4605,10.085,KHT-XE5S_2025_0526_1101,0.0,0.5
KHT-XE5S,2025-10-24 23:00:00,9.4599,10.083,KHT-XE5S_2025_0526_1101,0.0002000000000000668,0.5
KHT-XE5S,2025-10-24 23:10:00,9.4606,10.082,KHT-XE5S_2025_0526_1101,9.999999999994457e-05,0.5
KHT-XE5S,2025-10-24 23:20:00,9.4604,10.084,KHT-XE5S_2025_0526_1101,0.00019999999999988915,0.5
KHT-XE5S,2025-10-24 23:30:00,9.4606,10.082,KHT-XE5S_2025_0526_1101,0.00019999999999988915,0.5
KHT-XE5S,2025-10-24 23:40:00,9.4597,10.084,KHT-XE5S_2025_0526_1101,0.00019999999999988915,0.5
KHT-XE5S,2025-10-24 23:50:00,9.4586,10.083,KHT-XE5S_2025_0526_1101,9.999999999994457e-05,0.5
KHT-XE5S,2025-10-25 00:00:00,9.4581,10.083,KHT-XE5S_2025_0526_1101,0.0,0.5
KHT-XE5S,2025-10-25 00:10:00,9.4568,10.08,KHT-XE5S_2025_0526_1101,0.00030000000000001136,0.5
KHT-XE5S,2025-10-25 00:20:00,9.4573,10.08,KHT-XE5S_2025_0526_1101,0.0,0.5
KHT-XE5S,2025-10-25 00:30:00,9.4572,10.081,KHT-XE5S_2025_0526_1101,9.999999999994457e-05,0.5
KHT-XE5S,2025-10-25 00:40:00,9.4558,10.081,KHT-XE5S_2025_0526_1101,0.0,0.5
KHT-XE5S,2025-10-25 00:50:00,9.4584,10.082,KHT-XE5S_2025_0526_1101,0.00010000000000012221,0.5
KHT-XE5S,2025-10-25 01:00:00,9.4586,10.08,KHT-XE5S_2025_0526_1101,0.0002000000000000668,0.5
KHT-XE5S,2025-10-25 01:10:00,9.4563,10.077,KHT-XE5S_2025_0526_1101,0.00030000000000001136,0.5
KHT-XE5S,2025-10-25 01:20:00,9.4552,10.078,KHT-XE5S_2025_0526_1101,9.999999999994457e-05,0.5
KHT-XE5S,2025-10-25 01:30:00,9.4562,10.079,KHT-XE5S_2025_0526_1101,0.00010000000000012221,0.5
KHT-XE5S,2025-10-25 01:40:00,9.4561,10.078,KHT-XE5S_2025_0526_1101,0.00010000000000012221,0.5
KHT-XE5S,2025-10-25 01:50:00,9.4552,10.079,KHT-XE5S_2025_0526_1101,0.00010000000000012221,0.5
KHT-XE5S,2025-10-25 02:00:00,9.4521,10.077,KHT-XE5S_2025_0526_1101,0.0002000000000000668,0.5
KHT-XE5S,2025-10-25 02:10:00,9.4516,10.077,KHT-XE5S_2025_0526_1101,0.0,0.5
KHT-XE5S,2025-10-25 02:20:00,9.4522,10.076,KHT-XE5S_2025_0526_1101,9.999999999994457e-05,0.5
KHT-XE5S,2025-10-25 02:30:00,9.4499,10.076,KHT-XE5S_2025_0526_1101,0.0,0.5
KHT-XE5S,2025-10-25 02:40:00,9.4502,10.075,KHT-XE5S_2025_0526_1101,0.00010000000000012221,0.5
KHT-XE5S,2025-10-25 02:50:00,9.4498,10.073,KHT-XE5S_2025_0526_1101,0.00019999999999988915,0.5
KHT-XE5S,2025-10-25 03:00:00,9.4506,10.074,KHT-XE5S_2025_0526_1101,9.999999999994457e-05,0.5
KHT-XE5S,2025-10-25 03:10:00,9.4499,10.073,KHT-XE5S_2025_0526_1101,9.999999999994457e-05,0.5
KHT-XE5S,2025-10-25 03:20:00,9.4504,10.074,KHT-XE5S_2025_0526_1101,9.999999999994457e-05,0.5
KHT-XE5S,2025-10-25 03:30:00,9.4505,10.073,KHT-XE5S_2025_0526_1101,9.999999999994457e-05,0.5
KHT-XE5S,2025-10-25 03:40:00,9.4501,10.074,KHT-XE5S_2025_0526_1101,9.999999999994457e-05,0.5
KHT-XE5S,2025-10-25 03:50:00,9.4495,10.072,KHT-XE5S_2025_0526_1101,0.0002000000000000668,0.5
KHT-XE5S,2025-10-25 04:00:00,9.451,10.072,KHT-XE5S_2025_0526_1101,0.0,0.5
KHT-XE5S,2025-10-25 04:10:00,9.4484,10.074,KHT-XE5S_2025_0526_1101,0.0002000000000000668,0.5
KHT-XE5S,2025-10-25 04:20:00,9.4467,10.073,KHT-XE5S_2025_0526_1101,9.999999999994457e-05,0.5
KHT-XE5S,2025-10-25 04:30:00,9.4452,10.071,KHT-XE5S_2025_0526_1101,0.0002000000000000668,0.5
KHT-XE5S,2025-10-25 04:40:00,9.4443,10.07,KHT-XE5S_2025_0526_1101,9.999999999994457e-05,0.5
KHT-XE5S,2025-10-25 04:50:00,9.4414,10.07,KHT-XE5S_2025_0526_1101,0.0,0.5
KHT-XE5S,2025-10-25 05:00:00,9.4421,10.07,KHT-XE5S_2025_0526_1101,0.0,0.5
KHT-XE5S,2025-10-25 05:10:00,9.4419,10.071,KHT-XE5S_2025_0526_1101,9.999999999994457e-05,0.5
KHT-XE5S,2025-10-25 05:20:00,9.4455,10.068,KHT-XE5S_2025_0526_1101,0.00030000000000001136,0.5
KHT-XE5S,2025-10-25 05:30:00,9.4462,10.068,KHT-XE5S_2025_0526_1101,0.0,0.5
KHT-XE5S,2025-10-25 05:40:00,9.4436,10.069,KHT-XE5S_2025_0526_1101,0.00010000000000012221,0.5
KHT-XE5S,2025-10-25 05:50:00,9.4472,10.067,KHT-XE5S_2025_0526_1101,0.0002000000000000668,0.5
KHT-XE5S,2025-10-25 06:00:00,9.4465,10.067,KHT-XE5S_2025_0526_1101,0.0,0.5
KHT-XE5S,2025-10-25 06:10:00,9.4481,10.068,KHT-XE5S_2025_0526_1101,9.999999999994457e-05,0.5
KHT-XE5S,2025-10-25 06:20:00,9.4486,10.069,KHT-XE5S_2025_0526_1101,0.00010000000000012221,0.5
KHT-XE5S,2025-10-25 06:30:00,9.4473,10.066,KHT-XE5S_2025_0526_1101,0.00030000000000001136,0.5
KHT-XE5S,2025-10-25 06:40:00,9.449,10.067,KHT-XE5S_2025_0526_1101,9.999999999994457e-05,0.5
KHT-XE5S,2025-10-25 06:50:00,9.4481,10.067,KHT-XE5S_2025_0526_1101,0.0,0.5
KHT-XE5S,2025-10-25 07:00:00,9.451,10.065,KHT-XE5S_2025_0526_1101,0.0002000000000000668,0.5
KHT-XE5S,2025-10-25 07:10:00,9.4488,10.066,KHT-XE5S_2025_0526_1101,0.00010000000000012221,0.5
KHT-XE5S,2025-10-25 07:20:00,9.4491,10.065,KHT-XE5S_2025_0526_1101,0.00010000000000012221,0.5
KHT-XE5S,2025-10-25 07:30:00,9.4486,10.063,KHT-XE5S_2025_0526_1101,0.00019999999999988915,0.5
KHT-XE5S,2025-10-25 07:40:00,9.4476,10.064,KHT-XE5S_2025_0526_1101,9.999999999994457e-05,0.5
KHT-XE5S,2025-10-25 07:50:00,9.4475,10.063,KHT-XE5S_2025_0526_1101,9.999999999994457e-05,0.5
KHT-XE5S,2025-10-25 08:00:00,9.4461,10.063,KHT-XE5S_2025_0526_1101,0.0,0.5
KHT-XE5S,2025-10-25 08:10:00,9.4476,10.062,KHT-XE5S_2025_0526_1101,0.00010000000000012221,0.5
KHT-XE5S,2025-10-25 08:20:00,9.4494,10.062,KHT-XE5S_2025_0526_1101,0.0,0.5
KHT-XE5S,2025-10-25 08:30:00,9.4446,10.062,KHT-XE5S_2025_0526_1101,0.0,0.5
KHT-XE5S,2025-10-25 08:40:00,9.4485,10.063,KHT-XE5S_2025_0526_1101,0.00010000000000012221,0.5
KHT-XE5S,2025-10-25 08:50:00,9.4488,10.061,KHT-XE5S_2025_0526_1101,0.0002000000000000668,0.5
KHT-XE5S,2025-10-25 09:00:00,9.4507,10.06,KHT-XE5S_2025_0526_1101,9.999999999994457e-05,0.5
KHT-XE5S,2025-10-25 09:10:00,9.448,10.06,KHT-XE5S_2025_0526_1101,0.0,0.5
KHT-XE5S,2025-10-25 09:20:00,9.4488,10.059,KHT-XE5S_2025_0526_1101,0.00010000000000012221,0.5
KHT-XE5S,2025-10-25 09:30:00,9.4466,10.059,KHT-XE5S_2025_0526_1101,0.0,0.5
KHT-XE5S,2025-10-25 09:40:00,9.4452,10.059,KHT-XE5S_2025_0526_1101,0.0,0.5
KHT-XE5S,2025-10-25 09:50:00,9.4459,10.058,KHT-XE5S_2025_0526_1101,9.999999999994457e-05,0.5
KHT-XE5S,2025-10-25 10:00:00,9.446,10.058,KHT-XE5S_2025_0526_1101,0.0,0.5
KHT-XE5S,2025-10-25 10:10:00,9.4456,10.057,KHT-XE5S_2025_0526_1101,9.999999999994457e-05,0.5
KHT-XE5S,2025-10-25 10:20:00,9.4478,10.059,KHT-XE5S_2025_0526_1101,0.00019999999999988915,0.5
KHT-XE5S,2025-10-25 10:30:00,9.4528,10.055,KHT-XE5S_2025_0526_1101,0.00039999999999995595,0.5
KHT-XE5S,2025-10-25 10:40:00,9.4493,10.059,KHT-XE5S_2025_0526_1101,0.00039999999999995595,0.5
KHT-XE5S,2025-10-25 10:50:00,9.4486,10.057,KHT-XE5S_2025_0526_1101,0.00019999999999988915,0.5
KHT-XE5S,2025-10-25 11:00:00,9.4458,10.055,KHT-XE5S_2025_0526_1101,0.0002000000000000668,0.5
KHT-XE5S,2025-10-25 11:10:00,9.4497,10.056,KHT-XE5S_2025_0526_1101,9.999999999994457e-05,0.5
KHT-XE5S,2025-10-25 11:20:00,9.451,10.054,KHT-XE5S_2025_0526_1101,0.00019999999999988915,0.5
KHT-XE5S,2025-10-25 11:30:00,9.4504,10.054,KHT-XE5S_2025_0526_1101,0.0,0.5
KHT-XE5S,2025-10-25 11:40:00,9.4492,10.056,KHT-XE5S_2025_0526_1101,0.00019999999999988915,0.5
KHT-XE5S,2025-10-25 11:50:00,9.4493,10.054,KHT-XE5S_2025_0526_1101,0.00019999999999988915,0.5
KHT-XE5S,2025-10-25 12:00:00,9.449,10.053,KHT-XE5S_2025_0526_1101,9.999999999994457e-05,0.5
KHT-XE5S,2025-10-25 12:10:00,9.4467,10.054,KHT-XE5S_2025_0526_1101,9.999999999994457e-05,0.5
KHT-XE5S,2025-10-25 12:20:00,9.4479,10.054,KHT-XE5S_2025_0526_1101,0.0,0.5
KHT-XE5S,2025-10-25 12:30:00,9.4486,10.054,KHT-XE5S_2025_0526_1101,0.0,0.5
KHT-XE5S,2025-10-25 12:40:00,9.45,10.054,KHT-XE5S_2025_0526_1101,0.0,0.5
KHT-XE5S,2025-10-25 12:50:00,9.4485,10.051,KHT-XE5S_2025_0526_1101,0.00030000000000001136,0.5
KHT-XE5S,2025-10-25 13:00:00,9.4503,10.053,KHT-XE5S_2025_0526_1101,0.0002000000000000668,0.5
KHT-XE5S,2025-10-25 13:10:00,9.4501,10.05,KHT-XE5S_2025_0526_1101,0.00030000000000001136,0.5
KHT-XE5S,2025-10-25 13:20:00,9.451,10.051,KHT-XE5S_2025_0526_1101,9.999999999994457e-05,0.5
KHT-XE5S,2025-10-25 13:30:00,9.4497,10.051,KHT-XE5S_2025_0526_1101,0.0,0.5
KHT-XE5S,2025-10-25 13:40:00,9.4511,10.05,KHT-XE5S_2025_0526_1101,9.999999999994457e-05,0.5
KHT-XE5S,2025-10-25 13:50:00,9.4504,10.049,KHT-XE5S_2025_0526_1101,0.00010000000000012221,0.5
KHT-XE5S,2025-10-25 14:00:00,9.4523,10.049,KHT-XE5S_2025_0526_1101,0.0,0.5
KHT-XE5S,2025-10-25 14:10:00,9.4537,10.048,KHT-XE5S_2025_0526_1101,9.999999999994457e-05,0.5
KHT-XE5S,2025-10-25 14:20:00,9.4534,10.047,KHT-XE5S_2025_0526_1101,9.999999999994457e-05,0.5
KHT-XE5S,2025-10-25 14:30:00,9.4551,10.048,KHT-XE5S_2025_0526_1101,9.999999999994457e-05,0.5
KHT-XE5S,2025-10-25 14:40:00,9.4537,10.049,KHT-XE5S_2025_0526_1101,9.999999999994457e-05,0.5
KHT-XE5S,2025-10-25 14:50:00,9.4532,10.048,KHT-XE5S_2025_0526_1101,9.999999999994457e-05,0.5
KHT-XE5S,2025-10-25 15:00:00,9.4564,10.048,KHT-XE5S_2025_0526_1101,0.0,0.5
KHT-XE5S,2025-10-25 15:10:00,9.4554,10.046,KHT-XE5S_2025_0526_1101,0.0002000000000000668,0.5
KHT-XE5S,2025-10-25 15:20:00,9.4571,10.047,KHT-XE5S_2025_0526_1101,0.00010000000000012221,0.5
KHT-XE5S,2025-10-25 15:30:00,9.4548,10.046,KHT-XE5S_2025_0526_1101,0.00010000000000012221,0.5
KHT-XE5S,2025-10-25 15:40:00,9.4545,10.045,KHT-XE5S_2025_0526_1101,9.999999999994457e-05,0.5
KHT-XE5S,2025-10-25 15:50:00,9.453,10.043,KHT-XE5S_2025_0526_1101,0.0002000000000000668,0.5
KHT-XE5S,2025-10-25 16:00:00,9.4538,10.044,KHT-XE5S_2025_0526_1101,0.00010000000000012221,0.5
KHT-XE5S,2025-10-25 16:10:00,9.454,10.044,KHT-XE5S_2025_0526_1101,0.0,0.5
KHT-XE5S,2025-10-25 16:20:00,9.4555,10.042,KHT-XE5S_2025_0526_1101,0.0002000000000000668,0.5
KHT-XE5S,2025-10-25 16:30:00,9.4571,10.043,KHT-XE5S_2025_0526_1101,9.999999999994457e-05,0.5
KHT-XE5S,2025-10-25 16:40:00,9.458,10.044,KHT-XE5S_2025_0526_1101,0.00010000000000012221,0.5
KHT-XE5S,2025-10-25 16:50:00,9.458,10.042,KHT-XE5S_2025_0526_1101,0.0002000000000000668,0.5
KHT-XE5S,2025-10-25 17:00:00,9.4597,10.041,KHT-XE5S_2025_0526_1101,9.999999999994457e-05,0.5
KHT-XE5S,2025-10-25 17:10:00,9.4604,10.043,KHT-XE5S_2025_0526_1101,0.00019999999999988915,0.5
KHT-XE5S,2025-10-25 17:20:00,9.4593,10.043,KHT-XE5S_2025_0526_1101,0.0,0.5
KHT-XE5S,2025-10-25 17:30:00,9.4592,10.041,KHT-XE5S_2025_0526_1101,0.00019999999999988915,0.5
KHT-XE5S,2025-10-25 17:40:00,9.4599,10.041,KHT-XE5S_2025_0526_1101,0.0,0.5
KHT-XE5S,2025-10-25 17:50:00,9.4605,10.041,KHT-XE5S_2025_0526_1101,0.0,0.5
KHT-XE5S,2025-10-25 18:00:00,9.4608,10.042,KHT-XE5S_2025_0526_1101,9.999999999994457e-05,0.5
KHT-XE5S,2025-10-25 18:10:00,9.4605,10.039,KHT-XE5S_2025_0526_1101,0.00030000000000001136,0.5
KHT-XE5S,2025-10-25 18:20:00,9.4605,10.04,KHT-XE5S_2025_0526_1101,9.999999999994457e-05,0.5
KHT-XE5S,2025-10-25 18:30:00,9.4612,10.04,KHT-XE5S_2025_0526_1101,0.0,0.5
KHT-XE5S,2025-10-25 18:40:00,9.4609,10.038,KHT-XE5S_2025_0526_1101,0.00019999999999988915,0.5
KHT-XE5S,2025-10-25 18:50:00,9.4608,10.038,KHT-XE5S_2025_0526_1101,0.0,0.5
KHT-XE5S,2025-10-25 19:00:00,9.4622,10.038,KHT-XE5S_2025_0526_1101,0.0,0.5
KHT-XE5S,2025-10-25 19:10:00,9.4618,10.037,KHT-XE5S_2025_0526_1101,9.999999999994457e-05,0.5
KHT-XE5S,2025-10-25 19:20:00,9.4637,10.037,KHT-XE5S_2025_0526_1101,0.0,0.5
KHT-XE5S,2025-10-25 19:30:00,9.4629,10.036,KHT-XE5S_2025_0526_1101,0.00010000000000012221,0.5
KHT-XE5S,2025-10-25 19:40:00,9.4629,10.037,KHT-XE5S_2025_0526_1101,0.00010000000000012221,0.5
KHT-XE5S,2025-10-25 19:50:00,9.4604,10.035,KHT-XE5S_2025_0526_1101,0.0002000000000000668,0.5
KHT-XE5S,2025-10-25 20:00:00,9.4626,10.036,KHT-XE5S_2025_0526_1101,9.999999999994457e-05,0.5
KHT-XE5S,2025-10-25 20:10:00,9.4624,10.035,KHT-XE5S_2025_0526_1101,9.999999999994457e-05,0.5
KHT-XE5S,2025-10-25 20:20:00,9.4611,10.035,KHT-XE5S_2025_0526_1101,0.0,0.5
KHT-XE5S,2025-10-25 20:30:00,9.4634,10.035,KHT-XE5S_2025_0526_1101,0.0,0.5
KHT-XE5S,2025-10-25 20:40:00,9.4611,10.034,KHT-XE5S_2025_0526_1101,9.999999999994457e-05,0.5
KHT-XE5S,2025-10-25 20:50:00,9.4631,10.033,KHT-XE5S_2025_0526_1101,0.00010000000000012221,0.5
KHT-XE5S,2025-10-25 21:00:00,9.4633,10.032,KHT-XE5S_2025_0526_1101,9.999999999994457e-05,0.5
KHT-XE5S,2025-10-25 21:10:00,9.466,10.032,KHT-XE5S_2025_0526_1101,0.0,0.5
KHT-XE5S,2025-10-25 21:20:00,9.4653,10.033,KHT-XE5S_2025_0526_1101,9.999999999994457e-05,0.5
KHT-XE5S,2025-10-25 21:30:00,9.4644,10.034,KHT-XE5S_2025_0526_1101,0.00010000000000012221,0.5
KHT-XE5S,2025-10-25 21:40:00,9.4649,10.032,KHT-XE5S_2025_0526_1101,0.0002000000000000668,0.5
KHT-XE5S,2025-10-25 21:50:00,9.4628,10.031,KHT-XE5S_2025_0526_1101,9.999999999994457e-05,0.5
KHT-XE5S,2025-10-25 22:00:00,9.4628,10.031,KHT-XE5S_2025_0526_1101,0.0,0.5
KHT-XE5S,2025-10-25 22:10:00,9.4626,10.03,KHT-XE5S_2025_0526_1101,0.00010000000000012221,0.5
KHT-XE5S,2025-10-25 22:20:00,9.4609,10.03,KHT-XE5S_2025_0526_1101,0.0,0.5
KHT-XE5S,2025-10-25 22:30:00,9.4611,10.028,KHT-XE5S_2025_0526_1101,0.00019999999999988915,0.5
KHT-XE5S,2025-10-25 22:40:00,9.4605,10.029,KHT-XE5S_2025_0526_1101,9.999999999994457e-05,0.5
KHT-XE5S,2025-10-25 22:50:00,9.4595,10.027,KHT-XE5S_2025_0526_1101,0.0002000000000000668,0.5
KHT-XE5S,2025-10-25 23:00:00,9.4644,10.028,KHT-XE5S_2025_0526_1101,0.00010000000000012221,0.5
KHT-XE5S,2025-10-25 23:10:00,9.465,10.029,KHT-XE5S_2025_0526_1101,9.999999999994457e-05,0.5
KHT-XE5S,2025-10-25 23:20:00,9.4673,10.026,KHT-XE5S_2025_0526_1101,0.00030000000000001136,0.5
KHT-XE5S,2025-10-25 23:30:00,9.4672,10.025,KHT-XE5S_2025_0526_1101,9.999999999994457e-05,0.5
KHT-XE5S,2025-10-25 23:40:00,9.4645,10.025,KHT-XE5S_2025_0526_1101,0.0,0.5
KHT-XE5S,2025-10-25 23:50:00,9.4629,10.026,KHT-XE5S_2025_0526_1101,9.999999999994457e-05,0.5
KHT-XE5S,2025-10-26 00:00:00,9.4641,10.028,KHT-XE5S_2025_0526_1101,0.0002000000000000668,0.5
KHT-XE5S,2025-10-26 00:10:00,9.4602,10.026,KHT-XE5S_2025_0526_1101,0.0002000000000000668,0.5
KHT-XE5S,2025-10-26 00:20:00,9.4631,10.024,KHT-XE5S_2025_0526_1101,0.0002000000000000668,0.5
KHT-XE5S,2025-10-26 00:30:00,9.4629,10.024,KHT-XE5S_2025_0526_1101,0.0,0.5
KHT-XE5S,2025-10-26 00:40:00,9.4614,10.025,KHT-XE5S_2025_0526_1101,0.00010000000000012221,0.5
KHT-XE5S,2025-10-26 00:50:00,9.4604,10.024,KHT-XE5S_2025_0526_1101,0.00010000000000012221,0.5
KHT-XE5S,2025-10-26 01:00:00,9.4594,10.024,KHT-XE5S_2025_0526_1101,0.0,0.5
KHT-XE5S,2025-10-26 01:10:00,9.4577,10.023,KHT-XE5S_2025_0526_1101,9.999999999994457e-05,0.5
KHT-XE5S,2025-10-26 01:20:00,9.4634,10.023,KHT-XE5S_2025_0526_1101,0.0,0.5
KHT-XE5S,2025-10-26 01:30:00,9.4659,10.024,KHT-XE5S_2025_0526_1101,9.999999999994457e-05,0.5
KHT-XE5S,2025-10-26 01:40:00,9.4654,10.022,KHT-XE5S_2025_0526_1101,0.00019999999999988915,0.5
KHT-XE5S,2025-10-26 01:50:00,9.4609,10.022,KHT-XE5S_2025_0526_1101,0.0,0.5
KHT-XE5S,2025-10-26 02:00:00,9.4615,10.022,KHT-XE5S_2025_0526_1101,0.0,0.5
KHT-XE5S,2025-10-26 02:10:00,9.4638,10.02,KHT-XE5S_2025_0526_1101,0.0002000000000000668,0.5
KHT-XE5S,2025-10-26 02:20:00,9.4646,10.02,KHT-XE5S_2025_0526_1101,0.0,0.5
KHT-XE5S,2025-10-26 02:30:00,9.4681,10.019,KHT-XE5S_2025_0526_1101,9.999999999994457e-05,0.5
KHT-XE5S,2025-10-26 02:40:00,9.4678,10.02,KHT-XE5S_2025_0526_1101,9.999999999994457e-05,0.5
KHT-XE5S,2025-10-26 02:50:00,9.4658,10.02,KHT-XE5S_2025_0526_1101,0.0,0.5
KHT-XE5S,2025-10-26 03:00:00,9.4634,10.02,KHT-XE5S_2025_0526_1101,0.0,0.5
KHT-XE5S,2025-10-26 03:10:00,9.463,10.019,KHT-XE5S_2025_0526_1101,9.999999999994457e-05,0.5
KHT-XE5S,2025-10-26 03:20:00,9.4613,10.018,KHT-XE5S_2025_0526_1101,9.999999999994457e-05,0.5
KHT-XE5S,2025-10-26 03:30:00,9.4655,10.017,KHT-XE5S_2025_0526_1101,0.00010000000000012221,0.5
KHT-XE5S,2025-10-26 03:40:00,9.4651,10.017,KHT-XE5S_2025_0526_1101,0.0,0.5
KHT-XE5S,2025-10-26 03:50:00,9.4628,10.017,KHT-XE5S_2025_0526_1101,0.0,0.5
KHT-XE5S,2025-10-26 04:00:00,9.4611,10.016,KHT-XE5S_2025_0526_1101,9.999999999994457e-05,0.5
KHT-XE5S,2025-10-26 04:10:00,9.4636,10.014,KHT-XE5S_2025_0526_1101,0.0002000000000000668,0.5
KHT-XE5S,2025-10-26 04:20:00,9.4613,10.016,KHT-XE5S_2025_0526_1101,0.0002000000000000668,0.5
KHT-XE5S,2025-10-26 04:30:00,9.4602,10.016,KHT-XE5S_2025_0526_1101,0.0,0.5
KHT-XE5S,2025-10-26 04:40:00,9.4607,10.013,KHT-XE5S_2025_0526_1101,0.00030000000000001136,0.5
KHT-XE5S,2025-10-26 04:50:00,9.461,10.014,KHT-XE5S_2025_0526_1101,9.999999999994457e-05,0.5
KHT-XE5S,2025-10-26 05:00:00,9.4619,10.015,KHT-XE5S_2025_0526_1101,0.00010000000000012221,0.5
KHT-XE5S,2025-10-26 05:10:00,9.4628,10.012,KHT-XE5S_2025_0526_1101,0.00030000000000001136,0.5
KHT-XE5S,2025-10-26 05:20:00,9.4624,10.015,KHT-XE5S_2025_0526_1101,0.00030000000000001136,0.5
KHT-XE5S,2025-10-26 05:30:00,9.4684,10.014,KHT-XE5S_2025_0526_1101,0.00010000000000012221,0.5
KHT-XE5S,2025-10-26 05:40:00,9.4668,10.015,KHT-XE5S_2025_0526_1101,0.00010000000000012221,0.5
KHT-XE5S,2025-10-26 05:50:00,9.4672,10.012,KHT-XE5S_2025_0526_1101,0.00030000000000001136,0.5
KHT-XE5S,2025-10-26 06:00:00,9.4656,10.012,KHT-XE5S_2025_0526_1101,0.0,0.5
KHT-XE5S,2025-10-26 06:10:00,9.4633,10.011,KHT-XE5S_2025_0526_1101,0.00010000000000012221,0.5
KHT-XE5S,2025-10-26 06:20:00,9.4629,10.013,KHT-XE5S_2025_0526_1101,0.0002000000000000668,0.5
KHT-XE5S,2025-10-26 06:30:00,9.4611,10.013,KHT-XE5S_2025_0526_1101,0.0,0.5
KHT-XE5S,2025-10-26 06:40:00,9.4632,10.012,KHT-XE5S_2025_0526_1101,9.999999999994457e-05,0.5
KHT-XE5S,2025-10-26 06:50:00,9.4617,10.011,KHT-XE5S_2025_0526_1101,0.00010000000000012221,0.5
KHT-XE5S,2025-10-26 07:00:00,9.464,10.01,KHT-XE5S_2025_0526_1101,9.999999999994457e-05,0.5
KHT-XE5S,2025-10-26 07:10:00,9.4678,10.009,KHT-XE5S_2025_0526_1101,9.999999999994457e-05,0.5
KHT-XE5S,2025-10-26 07:20:00,9.4663,10.01,KHT-XE5S_2025_0526_1101,9.999999999994457e-05,0.5
KHT-XE5S,2025-10-26 07:30:00,9.4657,10.011,KHT-XE5S_2025_0526_1101,9.999999999994457e-05,0.5
KHT-XE5S,2025-10-26 07:40:00,9.465,10.011,KHT-XE5S_2025_0526_1101,0.0,0.5
KHT-XE5S,2025-10-26 07:50:00,9.466,10.009,KHT-XE5S_2025_0526_1101,0.00019999999999988915,0.5
KHT-XE5S,2025-10-26 08:00:00,9.4651,10.006,KHT-XE5S_2025_0526_1101,0.00030000000000001136,0.5
KHT-XE5S,2025-10-26 08:10:00,9.4658,10.007,KHT-XE5S_2025_0526_1101,9.999999999994457e-05,0.5
KHT-XE5S,2025-10-26 08:20:00,9.4665,10.006,KHT-XE5S_2025_0526_1101,9.999999999994457e-05,0.5
KHT-XE5S,2025-10-26 08:30:00,9.4688,10.008,KHT-XE5S_2025_0526_1101,0.00019999999999988915,0.5
KHT-XE5S,2025-10-26 08:40:00,9.4694,10.006,KHT-XE5S_2025_0526_1101,0.00019999999999988915,0.5
KHT-XE5S,2025-10-26 08:50:00,9.4717,10.007,KHT-XE5S_2025_0526_1101,9.999999999994457e-05,0.5
KHT-XE5S,2025-10-26 09:00:00,9.4727,10.005,KHT-XE5S_2025_0526_1101,0.00019999999999988915,0.5
KHT-XE5S,2025-10-26 09:10:00,9.4735,10.005,KHT-XE5S_2025_0526_1101,0.0,0.5
KHT-XE5S,2025-10-26 09:20:00,9.4762,10.004,KHT-XE5S_2025_0526_1101,0.00010000000000012221,0.5
KHT-XE5S,2025-10-26 09:30:00,9.4772,10.007,KHT-XE5S_2025_0526_1101,0.00030000000000001136,0.5
KHT-XE5S,2025-10-26 09:40:00,9.4795,10.004,KHT-XE5S_2025_0526_1101,0.00030000000000001136,0.5
KHT-XE5S,2025-10-26 09:50:00,9.4797,10.005,KHT-XE5S_2025_0526_1101,0.00010000000000012221,0.5
KHT-XE5S,2025-10-26 10:00:00,9.4812,10.004,KHT-XE5S_2025_0526_1101,0.00010000000000012221,0.5
KHT-XE5S,2025-10-26 10:10:00,9.483,10.002,KHT-XE5S_2025_0526_1101,0.00019999999999988915,0.5
KHT-XE5S,2025-10-26 10:20:00,9.4858,10.003,KHT-XE5S_2025_0526_1101,9.999999999994457e-05,0.5
KHT-XE5S,2025-10-26 10:30:00,9.4882,10.002,KHT-XE5S_2025_0526_1101,9.999999999994457e-05,0.5
KHT-XE5S,2025-10-26 10:40:00,9.4888,10.0,KHT-XE5S_2025_0526_1101,0.0002000000000000668,0.5
KHT-XE5S,2025-10-26 10:50:00,9.4914,10.0,KHT-XE5S_2025_0526_1101,0.0,0.5
KHT-XE5S,2025-10-26 11:00:00,9.4916,10.001,KHT-XE5S_2025_0526_1101,9.999999999994457e-05,0.5
KHT-XE5S,2025-10-26 11:10:00,9.4927,9.999,KHT-XE5S_2025_0526_1101,0.00019999999999988915,0.5
KHT-XE5S,2025-10-26 11:20:00,9.4942,10.0,KHT-XE5S_2025_0526_1101,9.999999999994457e-05,0.5
KHT-XE5S,2025-10-26 11:30:00,9.4964,9.998,KHT-XE5S_2025_0526_1101,0.0002000000000000668,0.5
KHT-XE5S,2025-10-26 11:40:00,9.4916,9.998,KHT-XE5S_2025_0526_1101,0.0,0.5
KHT-XE5S,2025-10-26 11:50:00,9.4965,10.0,KHT-XE5S_2025_0526_1101,0.0002000000000000668,0.5
KHT-XE5S,2025-10-26 12:00:00,9.4966,9.999,KHT-XE5S_2025_0526_1101,9.999999999994457e-05,0.5
KHT-XE5S,2025-10-26 12:10:00,9.5026,9.997,KHT-XE5S_2025_0526_1101,0.0002000000000000668,0.5
KHT-XE5S,2025-10-26 12:20:00,9.5026,9.999,KHT-XE5S_2025_0526_1101,0.0002000000000000668,0.5
KHT-XE5S,2025-10-26 12:30:00,9.5025,9.999,KHT-XE5S_2025_0526_1101,0.0,0.5
KHT-XE5S,2025-10-26 12:40:00,9.5034,9.997,KHT-XE5S_2025_0526_1101,0.0002000000000000668,0.5
KHT-XE5S,2025-10-26 12:50:00,9.5007,9.997,KHT-XE5S_2025_0526_1101,0.0,0.5
KHT-XE5S,2025-10-26 13:00:00,9.5054,9.998,KHT-XE5S_2025_0526_1101,9.999999999994457e-05,0.5
KHT-XE5S,2025-10-26 13:10:00,9.5076,9.997,KHT-XE5S_2025_0526_1101,9.999999999994457e-05,0.5
KHT-XE5S,2025-10-26 13:20:00,9.5103,9.995,KHT-XE5S_2025_0526_1101,0.0002000000000000668,0.5
KHT-XE5S,2025-10-26 13:30:00,9.5099,9.994,KHT-XE5S_2025_0526_1101,9.999999999994457e-05,0.5
KHT-XE5S,2025-10-26 13:40:00,9.5124,9.995,KHT-XE5S_2025_0526_1101,9.999999999994457e-05,0.5
KHT-XE5S,2025-10-26 13:50:00,9.5148,9.994,KHT-XE5S_2025_0526_1101,9.999999999994457e-05,0.5
KHT-XE5S,2025-10-26 14:00:00,9.512,9.995,KHT-XE5S_2025_0526_1101,9.999999999994457e-05,0.5
KHT-XE5S,2025-10-26 14:10:00,9.5144,9.994,KHT-XE5S_2025_0526_1101,9.999999999994457e-05,0.5
KHT-XE5S,2025-10-26 14:20:00,9.5141,9.992,KHT-XE5S_2025_0526_1101,0.00019999999999988915,0.5
KHT-XE5S,2025-10-26 14:30:00,9.5152,9.994,KHT-XE5S_2025_0526_1101,0.00019999999999988915,0.5
KHT-XE5S,2025-10-26 14:40:00,9.5114,9.993,KHT-XE5S_2025_0526_1101,9.999999999994457e-05,0.5
KHT-XE5S,2025-10-26 14:50:00,9.5129,9.992,KHT-XE5S_2025_0526_1101,9.999999999994457e-05,0.5
KHT-XE5S,2025-10-26 15:00:00,9.5149,9.992,KHT-XE5S_2025_0526_1101,0.0,0.5
KHT-XE5S,2025-10-26 15:10:00,9.5156,9.991,KHT-XE5S_2025_0526_1101,0.00010000000000012221,0.5
KHT-XE5S,2025-10-26 15:20:00,9.5172,9.991,KHT-XE5S_2025_0526_1101,0.0,0.5
KHT-XE5S,2025-10-26 15:30:00,9.5203,9.99,KHT-XE5S_2025_0526_1101,9.999999999994457e-05,0.5
KHT-XE5S,2025-10-26 15:40:00,9.5221,9.989,KHT-XE5S_2025_0526_1101,9.999999999994457e-05,0.5
KHT-XE5S,2025-10-26 15:50:00,9.5217,9.989,KHT-XE5S_2025_0526_1101,0.0,0.5
KHT-XE5S,2025-10-26 16:00:00,9.5211,9.989,KHT-XE5S_2025_0526_1101,0.0,0.5
KHT-XE5S,2025-10-26 16:10:00,9.5223,9.988,KHT-XE5S_2025_0526_1101,0.00010000000000012221,0.5
KHT-XE5S,2025-10-26 16:20:00,9.5231,9.987,KHT-XE5S_2025_0526_1101,9.999999999994457e-05,0.5
KHT-XE5S,2025-10-26 16:30:00,9.5233,9.988,KHT-XE5S_2025_0526_1101,9.999999999994457e-05,0.5
KHT-XE5S,2025-10-26 16:40:00,9.5245,9.989,KHT-XE5S_2025_0526_1101,0.00010000000000012221,0.5
KHT-XE5S,2025-10-26 16:50:00,9.5242,9.988,KHT-XE5S_2025_0526_1101,0.00010000000000012221,0.5
KHT-XE5S,2025-10-26 17:00:00,9.5258,9.987,KHT-XE5S_2025_0526_1101,9.999999999994457e-05,0.5
KHT-XE5S,2025-10-26 17:10:00,9.5271,9.984,KHT-XE5S_2025_0526_1101,0.00030000000000001136,0.5
KHT-XE5S,2025-10-26 17:20:00,9.529,9.988,KHT-XE5S_2025_0526_1101,0.00039999999999995595,0.5
KHT-XE5S,2025-10-26 17:30:00,9.5269,9.986,KHT-XE5S_2025_0526_1101,0.00019999999999988915,0.5
KHT-XE5S,2025-10-26 17:40:00,9.531,9.986,KHT-XE5S_2025_0526_1101,0.0,0.5
KHT-XE5S,2025-10-26 17:50:00,9.5288,9.986,KHT-XE5S_2025_0526_1101,0.0,0.5
KHT-XE5S,2025-10-26 18:00:00,9.5341,9.983,KHT-XE5S_2025_0526_1101,0.00030000000000001136,0.5
KHT-XE5S,2025-10-26 18:10:00,9.5363,9.984,KHT-XE5S_2025_0526_1101,9.999999999994457e-05,0.5
KHT-XE5S,2025-10-26 18:20:00,9.5408,9.983,KHT-XE5S_2025_0526_1101,9.999999999994457e-05,0.5
KHT-XE5S,2025-10-26 18:30:00,9.5409,9.983,KHT-XE5S_2025_0526_1101,0.0,0.5
KHT-XE5S,2025-10-26 18:40:00,9.5455,9.985,KHT-XE5S_2025_0526_1101,0.00019999999999988915,0.5
KHT-XE5S,2025-10-26 18:50:00,9.547,9.984,KHT-XE5S_2025_0526_1101,9.999999999994457e-05,0.5
KHT-XE5S,2025-10-26 19:00:00,9.5477,9.983,KHT-XE5S_2025_0526_1101,9.999999999994457e-05,0.5
KHT-XE5S,2025-10-26 19:10:00,9.5484,9.981,KHT-XE5S_2025_0526_1101,0.0002000000000000668,0.5
KHT-XE5S,2025-10-26 19:20:00,9.5514,9.983,KHT-XE5S_2025_0526_1101,0.0002000000000000668,0.5
KHT-XE5S,2025-10-26 19:30:00,9.5532,9.981,KHT-XE5S_2025_0526_1101,0.0002000000000000668,0.5
KHT-XE5S,2025-10-26 19:40:00,9.5489,9.981,KHT-XE5S_2025_0526_1101,0.0,0.5
KHT-XE5S,2025-10-26 19:50:00,9.5537,9.979,KHT-XE5S_2025_0526_1101,0.0002000000000000668,0.5
KHT-XE5S,2025-10-26 20:00:00,9.5528,9.98,KHT-XE5S_2025_0526_1101,0.00010000000000012221,0.5
KHT-XE5S,2025-10-26 20:10:00,9.5506,9.981,KHT-XE5S_2025_0526_1101,9.999999999994457e-05,0.5
KHT-XE5S,2025-10-26 20:20:00,9.5514,9.978,KHT-XE5S_2025_0526_1101,0.00030000000000001136,0.5
KHT-XE5S,2025-10-26 20:30:00,9.5534,9.979,KHT-XE5S_2025_0526_1101,9.999999999994457e-05,0.5
KHT-XE5S,2025-10-26 20:40:00,9.5564,9.976,KHT-XE5S_2025_0526_1101,0.0002999999999998337,0.5
KHT-XE5S,2025-10-26 20:50:00,9.5567,9.98,KHT-XE5S_2025_0526_1101,0.00039999999999995595,0.5
KHT-XE5S,2025-10-26 21:00:00,9.5586,9.977,KHT-XE5S_2025_0526_1101,0.00030000000000001136,0.5
KHT-XE5S,2025-10-26 21:10:00,9.561,9.977,KHT-XE5S_2025_0526_1101,0.0,0.5
KHT-XE5S,2025-10-26 21:20:00,9.5638,9.976,KHT-XE5S_2025_0526_1101,9.999999999994457e-05,0.5
KHT-XE5S,2025-10-26 21:30:00,9.5679,9.976,KHT-XE5S_2025_0526_1101,0.0,0.5
KHT-XE5S,2025-10-26 21:40:00,9.5734,9.976,KHT-XE5S_2025_0526_1101,0.0,0.5
KHT-XE5S,2025-10-26 21:50:00,9.5749,9.975,KHT-XE5S_2025_0526_1101,0.00010000000000012221,0.5
KHT-XE5S,2025-10-26 22:00:00,9.5741,9.973,KHT-XE5S_2025_0526_1101,0.00019999999999988915,0.5
KHT-XE5S,2025-10-26 22:10:00,9.5723,9.974,KHT-XE5S_2025_0526_1101,9.999999999994457e-05,0.5
KHT-XE5S,2025-10-26 22:20:00,9.5735,9.974,KHT-XE5S_2025_0526_1101,0.0,0.5
KHT-XE5S,2025-10-26 22:30:00,9.5733,9.975,KHT-XE5S_2025_0526_1101,9.999999999994457e-05,0.5
KHT-XE5S,2025-10-26 22:40:00,9.5759,9.974,KHT-XE5S_2025_0526_1101,9.999999999994457e-05,0.5
KHT-XE5S,2025-10-26 22:50:00,9.5775,9.972,KHT-XE5S_2025_0526_1101,0.0002000000000000668,0.5
KHT-XE5S,2025-10-26 23:00:00,9.5785,9.974,KHT-XE5S_2025_0526_1101,0.0002000000000000668,0.5
KHT-XE5S,2025-10-26 23:10:00,9.5822,9.974,KHT-XE5S_2025_0526_1101,0.0,0.5
KHT-XE5S,2025-10-26 23:20:00,9.5856,9.972,KHT-XE5S_2025_0526_1101,0.0002000000000000668,0.5
KHT-XE5S,2025-10-26 23:30:00,9.5863,9.973,KHT-XE5S_2025_0526_1101,0.00010000000000012221,0.5
KHT-XE5S,2025-10-26 23:40:00,9.5875,9.972,KHT-XE5S_2025_0526_1101,0.00010000000000012221,0.5
KHT-XE5S,2025-10-26 23:50:00,9.5871,9.972,KHT-XE5S_2025_0526_1101,0.0,0.5
KHT-XE5S,2025-10-27 00:00:00,9.5893,9.97,KHT-XE5S_2025_0526_1101,0.00019999999999988915,0.5
KHT-XE5S,2025-10-27 00:10:00,9.5898,9.97,KHT-XE5S_2025_0526_1101,0.0,0.5
KHT-XE5S,2025-10-27 00:20:00,9.5898,9.971,KHT-XE5S_2025_0526_1101,9.999999999994457e-05,0.5
KHT-XE5S,2025-10-27 00:30:00,9.5908,9.969,KHT-XE5S_2025_0526_1101,0.0002000000000000668,0.5
KHT-XE5S,2025-10-27 00:40:00,9.5897,9.969,KHT-XE5S_2025_0526_1101,0.0,0.5
KHT-XE5S,2025-10-27 00:50:00,9.5918,9.97,KHT-XE5S_2025_0526_1101,0.00010000000000012221,0.5
KHT-XE5S,2025-10-27 01:00:00,9.59,9.97,KHT-XE5S_2025_0526_1101,0.0,0.5
KHT-XE5S,2025-10-27 01:10:00,9.5919,9.967,KHT-XE5S_2025_0526_1101,0.00030000000000001136,0.5
KHT-XE5S,2025-10-27 01:20:00,9.5913,9.969,KHT-XE5S_2025_0526_1101,0.00019999999999988915,0.5
KHT-XE5S,2025-10-27 01:30:00,9.5902,9.966,KHT-XE5S_2025_0526_1101,0.00030000000000001136,0.5
KHT-XE5S,2025-10-27 01:40:00,9.5898,9.968,KHT-XE5S_2025_0526_1101,0.0002000000000000668,0.5
KHT-XE5S,2025-10-27 01:50:00,9.5911,9.964,KHT-XE5S_2025_0526_1101,0.00039999999999995595,0.5
KHT-XE5S,2025-10-27 02:00:00,9.5912,9.966,KHT-XE5S_2025_0526_1101,0.00019999999999988915,0.5
KHT-XE5S,2025-10-27 02:10:00,9.5922,9.966,KHT-XE5S_2025_0526_1101,0.0,0.5
KHT-XE5S,2025-10-27 02:20:00,9.5946,9.965,KHT-XE5S_2025_0526_1101,9.999999999994457e-05,0.5
KHT-XE5S,2025-10-27 02:30:00,9.5955,9.964,KHT-XE5S_2025_0526_1101,9.999999999994457e-05,0.5
KHT-XE5S,2025-10-27 02:40:00,9.5958,9.965,KHT-XE5S_2025_0526_1101,9.999999999994457e-05,0.5
KHT-XE5S,2025-10-27 02:50:00,9.5957,9.963,KHT-XE5S_2025_0526_1101,0.0002000000000000668,0.5
KHT-XE5S,2025-10-27 03:00:00,9.597,9.965,KHT-XE5S_2025_0526_1101,0.0002000000000000668,0.5
KHT-XE5S,2025-10-27 03:10:00,9.5988,9.963,KHT-XE5S_2025_0526_1101,0.0002000000000000668,0.5
KHT-XE5S,2025-10-27 03:20:00,9.5981,9.963,KHT-XE5S_2025_0526_1101,0.0,0.5
KHT-XE5S,2025-10-27 03:30:00,9.597,9.963,KHT-XE5S_2025_0526_1101,0.0,0.5
KHT-XE5S,2025-10-27 03:40:00,9.5971,9.962,KHT-XE5S_2025_0526_1101,9.999999999994457e-05,0.5
KHT-XE5S,2025-10-27 03:50:00,9.5969,9.961,KHT-XE5S_2025_0526_1101,9.999999999994457e-05,0.5
KHT-XE5S,2025-10-27 04:00:00,9.5955,9.962,KHT-XE5S_2025_0526_1101,9.999999999994457e-05,0.5
KHT-XE5S,2025-10-27 04:10:00,9.5964,9.961,KHT-XE5S_2025_0526_1101,9.999999999994457e-05,0.5
KHT-XE5S,2025-10-27 04:20:00,9.5951,9.96,KHT-XE5S_2025_0526_1101,9.999999999994457e-05,0.5
KHT-XE5S,2025-10-27 04:30:00,9.5946,9.958,KHT-XE5S_2025_0526_1101,0.0002000000000000668,0.5
KHT-XE5S,2025-10-27 04:40:00,9.5927,9.96,KHT-XE5S_2025_0526_1101,0.0002000000000000668,0.5
KHT-XE5S,2025-10-27 04:50:00,9.5943,9.96,KHT-XE5S_2025_0526_1101,0.0,0.5
KHT-XE5S,2025-10-27 05:00:00,9.5956,9.959,KHT-XE5S_2025_0526_1101,0.00010000000000012221,0.5
KHT-XE5S,2025-10-27 05:10:00,9.5976,9.959,KHT-XE5S_2025_0526_1101,0.0,0.5
KHT-XE5S,2025-10-27 05:20:00,9.5969,9.958,KHT-XE5S_2025_0526_1101,9.999999999994457e-05,0.5
KHT-XE5S,2025-10-27 05:30:00,9.6002,9.958,KHT-XE5S_2025_0526_1101,0.0,0.5
KHT-XE5S,2025-10-27 05:40:00,9.5996,9.958,KHT-XE5S_2025_0526_1101,0.0,0.5
KHT-XE5S,2025-10-27 05:50:00,9.599,9.957,KHT-XE5S_2025_0526_1101,9.999999999994457e-05,0.5
KHT-XE5S,2025-10-27 06:00:00,9.6004,9.96,KHT-XE5S_2025_0526_1101,0.00030000000000001136,0.5
KHT-XE5S,2025-10-27 06:10:00,9.6016,9.958,KHT-XE5S_2025_0526_1101,0.0002000000000000668,0.5
KHT-XE5S,2025-10-27 06:20:00,9.6017,9.954,KHT-XE5S_2025_0526_1101,0.00039999999999995595,0.5
KHT-XE5S,2025-10-27 06:30:00,9.6016,9.958,KHT-XE5S_2025_0526_1101,0.00039999999999995595,0.5
KHT-XE5S,2025-10-27 06:40:00,9.6033,9.957,KHT-XE5S_2025_0526_1101,9.999999999994457e-05,0.5
KHT-XE5S,2025-10-27 06:50:00,9.6033,9.956,KHT-XE5S_2025_0526_1101,0.00010000000000012221,0.5
KHT-XE5S,2025-10-27 07:00:00,9.6023,9.954,KHT-XE5S_2025_0526_1101,0.00019999999999988915,0.5
KHT-XE5S,2025-10-27 07:10:00,9.602,9.956,KHT-XE5S_2025_0526_1101,0.00019999999999988915,0.5
KHT-XE5S,2025-10-27 07:20:00,9.6019,9.955,KHT-XE5S_2025_0526_1101,9.999999999994457e-05,0.5
KHT-XE5S,2025-10-27 07:30:00,9.6025,9.954,KHT-XE5S_2025_0526_1101,9.999999999994457e-05,0.5
KHT-XE5S,2025-10-27 07:40:00,9.6038,9.953,KHT-XE5S_2025_0526_1101,0.00010000000000012221,0.5
KHT-XE5S,2025-10-27 07:50:00,9.6056,9.953,KHT-XE5S_2025_0526_1101,0.0,0.5
KHT-XE5S,2025-10-27 08:00:00,9.6058,9.951,KHT-XE5S_2025_0526_1101,0.00019999999999988915,0.5
KHT-XE5S,2025-10-27 08:10:00,9.6059,9.952,KHT-XE5S_2025_0526_1101,9.999999999994457e-05,0.5
KHT-XE5S,2025-10-27 08:20:00,9.6067,9.951,KHT-XE5S_2025_0526_1101,9.999999999994457e-05,0.5
KHT-XE5S,2025-10-27 08:30:00,9.6087,9.952,KHT-XE5S_2025_0526_1101,9.999999999994457e-05,0.5
KHT-XE5S,2025-10-27 08:40:00,9.61,9.951,KHT-XE5S_2025_0526_1101,9.999999999994457e-05,0.5
KHT-XE5S,2025-10-27 08:50:00,9.6109,9.951,KHT-XE5S_2025_0526_1101,0.0,0.5
KHT-XE5S,2025-10-27 09:00:00,9.6095,9.951,KHT-XE5S_2025_0526_1101,0.0,0.5
KHT-XE5S,2025-10-27 09:10:00,9.6092,9.95,KHT-XE5S_2025_0526_1101,0.00010000000000012221,0.5
KHT-XE5S,2025-10-27 09:20:00,9.6102,9.951,KHT-XE5S_2025_0526_1101,0.00010000000000012221,0.5
KHT-XE5S,2025-10-27 09:30:00,9.6096,9.949,KHT-XE5S_2025_0526_1101,0.0002000000000000668,0.5
KHT-XE5S,2025-10-27 09:40:00,9.6107,9.951,KHT-XE5S_2025_0526_1101,0.0002000000000000668,0.5
KHT-XE5S,2025-10-27 09:50:00,9.6105,9.947,KHT-XE5S_2025_0526_1101,0.0004000000000001336,0.5
KHT-XE5S,2025-10-27 10:00:00,9.61,9.95,KHT-XE5S_2025_0526_1101,0.00030000000000001136,0.5
KHT-XE5S,2025-10-27 10:10:00,9.6096,9.949,KHT-XE5S_2025_0526_1101,9.999999999994457e-05,0.5
KHT-XE5S,2025-10-27 10:20:00,9.6107,9.947,KHT-XE5S_2025_0526_1101,0.0002000000000000668,0.5
KHT-XE5S,2025-10-27 10:30:00,9.6094,9.947,KHT-XE5S_2025_0526_1101,0.0,0.5
KHT-XE5S,2025-10-27 10:40:00,9.6084,9.947,KHT-XE5S_2025_0526_1101,0.0,0.5
KHT-XE5S,2025-10-27 10:50:00,9.608,9.946,KHT-XE5S_2025_0526_1101,9.999999999994457e-05,0.5
KHT-XE5S,2025-10-27 11:00:00,9.611,9.947,KHT-XE5S_2025_0526_1101,9.999999999994457e-05,0.5
KHT-XE5S,2025-10-27 11:10:00,9.611,9.947,KHT-XE5S_2025_0526_1101,0.0,0.5
KHT-XE5S,2025-10-27 11:20:00,9.6106,9.945,KHT-XE5S_2025_0526_1101,0.00019999999999988915,0.5
KHT-XE5S,2025-10-27 11:30:00,9.6107,9.945,KHT-XE5S_2025_0526_1101,0.0,0.5
KHT-XE5S,2025-10-27 11:40:00,9.6119,9.945,KHT-XE5S_2025_0526_1101,0.0,0.5
KHT-XE5S,2025-10-27 11:50:00,9.6114,9.944,KHT-XE5S_2025_0526_1101,9.999999999994457e-05,0.5
KHT-XE5S,2025-10-27 12:00:00,9.6112,9.943,KHT-XE5S_2025_0526_1101,0.00010000000000012221,0.5
KHT-XE5S,2025-10-27 12:10:00,9.6107,9.942,KHT-XE5S_2025_0526_1101,9.999999999994457e-05,0.5
KHT-XE5S,2025-10-27 12:20:00,9.609,9.944,KHT-XE5S_2025_0526_1101,0.0002000000000000668,0.5
KHT-XE5S,2025-10-27 12:30:00,9.6091,9.942,KHT-XE5S_2025_0526_1101,0.0002000000000000668,0.5
KHT-XE5S,2025-10-27 12:40:00,9.6095,9.941,KHT-XE5S_2025_0526_1101,9.999999999994457e-05,0.5
KHT-XE5S,2025-10-27 12:50:00,9.6083,9.942,KHT-XE5S_2025_0526_1101,9.999999999994457e-05,0.5
KHT-XE5S,2025-10-27 13:00:00,9.6073,9.942,KHT-XE5S_2025_0526_1101,0.0,0.5
KHT-XE5S,2025-10-27 13:10:00,9.6064,9.942,KHT-XE5S_2025_0526_1101,0.0,0.5
KHT-XE5S,2025-10-27 13:20:00,9.6042,9.942,KHT-XE5S_2025_0526_1101,0.0,0.5
KHT-XE5S,2025-10-27 13:30:00,9.6047,9.94,KHT-XE5S_2025_0526_1101,0.0002000000000000668,0.5
KHT-XE5S,2025-10-27 13:40:00,9.6049,9.941,KHT-XE5S_2025_0526_1101,0.00010000000000012221,0.5
KHT-XE5S,2025-10-27 13:50:00,9.6038,9.939,KHT-XE5S_2025_0526_1101,0.0002000000000000668,0.5
KHT-XE5S,2025-10-27 14:00:00,9.6036,9.94,KHT-XE5S_2025_0526_1101,9.999999999994457e-05,0.5
KHT-XE5S,2025-10-27 14:10:00,9.603,9.937,KHT-XE5S_2025_0526_1101,0.00030000000000001136,0.5
KHT-XE5S,2025-10-27 14:20:00,9.6024,9.937,KHT-XE5S_2025_0526_1101,0.0,0.5
KHT-XE5S,2025-10-27 14:30:00,9.6021,9.938,KHT-XE5S_2025_0526_1101,0.00010000000000012221,0.5
KHT-XE5S,2025-10-27 14:40:00,9.6012,9.939,KHT-XE5S_2025_0526_1101,9.999999999994457e-05,0.5
KHT-XE5S,2025-10-27 14:50:00,9.6004,9.937,KHT-XE5S_2025_0526_1101,0.0002000000000000668,0.5
KHT-XE5S,2025-10-27 15:00:00,9.5996,9.937,KHT-XE5S_2025_0526_1101,0.0,0.5
KHT-XE5S,2025-10-27 15:10:00,9.6001,9.937,KHT-XE5S_2025_0526_1101,0.0,0.5
KHT-XE5S,2025-10-27 15:20:00,9.6005,9.936,KHT-XE5S_2025_0526_1101,9.999999999994457e-05,0.5
KHT-XE5S,2025-10-27 15:30:00,9.6005,9.936,KHT-XE5S_2025_0526_1101,0.0,0.5
KHT-XE5S,2025-10-27 15:40:00,9.6013,9.934,KHT-XE5S_2025_0526_1101,0.0002000000000000668,0.5
KHT-XE5S,2025-10-27 15:50:00,9.6003,9.936,KHT-XE5S_2025_0526_1101,0.0002000000000000668,0.5
KHT-XE5S,2025-10-27 16:00:00,9.6016,9.935,KHT-XE5S_2025_0526_1101,9.999999999994457e-05,0.5
KHT-XE5S,2025-10-27 16:10:00,9.6005,9.935,KHT-XE5S_2025_0526_1101,0.0,0.5
KHT-XE5S,2025-10-27 16:20:00,9.6006,9.934,KHT-XE5S_2025_0526_1101,0.00010000000000012221,0.5
KHT-XE5S,2025-10-27 16:30:00,9.6009,9.932,KHT-XE5S_2025_0526_1101,0.00019999999999988915,0.5
KHT-XE5S,2025-10-27 16:40:00,9.6008,9.933,KHT-XE5S_2025_0526_1101,9.999999999994457e-05,0.5
KHT-XE5S,2025-10-27 16:50:00,9.6,9.933,KHT-XE5S_2025_0526_1101,0.0,0.5
KHT-XE5S,2025-10-27 17:00:00,9.5992,9.932,KHT-XE5S_2025_0526_1101,9.999999999994457e-05,0.5
KHT-XE5S,2025-10-27 17:10:00,9.6012,9.934,KHT-XE5S_2025_0526_1101,0.00019999999999988915,0.5
KHT-XE5S,2025-10-27 17:20:00,9.6019,9.931,KHT-XE5S_2025_0526_1101,0.00030000000000001136,0.5
KHT-XE5S,2025-10-27 17:30:00,9.603,9.93,KHT-XE5S_2025_0526_1101,9.999999999994457e-05,0.5
KHT-XE5S,2025-10-27 17:40:00,9.6046,9.932,KHT-XE5S_2025_0526_1101,0.0002000000000000668,0.5
KHT-XE5S,2025-10-27 17:50:00,9.6059,9.93,KHT-XE5S_2025_0526_1101,0.0002000000000000668,0.5
KHT-XE5S,2025-10-27 18:00:00,9.6058,9.93,KHT-XE5S_2025_0526_1101,0.0,0.5
KHT-XE5S,2025-10-27 18:10:00,9.6071,9.928,KHT-XE5S_2025_0526_1101,0.00019999999999988915,0.5
KHT-XE5S,2025-10-27 18:20:00,9.6071,9.927,KHT-XE5S_2025_0526_1101,0.00010000000000012221,0.5
KHT-XE5S,2025-10-27 18:30:00,9.6076,9.929,KHT-XE5S_2025_0526_1101,0.0002000000000000668,0.5
KHT-XE5S,2025-10-27 18:40:00,9.6088,9.928,KHT-XE5S_2025_0526_1101,9.999999999994457e-05,0.5
KHT-XE5S,2025-10-27 18:50:00,9.6091,9.929,KHT-XE5S_2025_0526_1101,9.999999999994457e-05,0.5
KHT-XE5S,2025-10-27 19:00:00,9.6088,9.929,KHT-XE5S_2025_0526_1101,0.0,0.5
KHT-XE5S,2025-10-27 19:10:00,9.6104,9.926,KHT-XE5S_2025_0526_1101,0.00030000000000001136,0.5
KHT-XE5S,2025-10-27 19:20:00,9.6106,9.927,KHT-XE5S_2025_0526_1101,9.999999999994457e-05,0.5
KHT-XE5S,2025-10-27 19:30:00,9.6118,9.926,KHT-XE5S_2025_0526_1101,9.999999999994457e-05,0.5
KHT-XE5S,2025-10-27 19:40:00,9.6137,9.926,KHT-XE5S_2025_0526_1101,0.0,0.5
KHT-XE5S,2025-10-27 19:50:00,9.6143,9.926,KHT-XE5S_2025_0526_1101,0.0,0.5
KHT-XE5S,2025-10-27 20:00:00,9.6144,9.925,KHT-XE5S_2025_0526_1101,9.999999999994457e-05,0.5
KHT-XE5S,2025-10-27 20:10:00,9.6154,9.926,KHT-XE5S_2025_0526_1101,9.999999999994457e-05,0.5
KHT-XE5S,2025-10-27 20:20:00,9.617,9.924,KHT-XE5S_2025_0526_1101,0.0002000000000000668,0.5
KHT-XE5S,2025-10-27 20:30:00,9.6196,9.925,KHT-XE5S_2025_0526_1101,0.00010000000000012221,0.5
KHT-XE5S,2025-10-27 20:40:00,9.6207,9.926,KHT-XE5S_2025_0526_1101,9.999999999994457e-05,0.5
KHT-XE5S,2025-10-27 20:50:00,9.6194,9.922,KHT-XE5S_2025_0526_1101,0.00039999999999995595,0.5
KHT-XE5S,2025-10-27 21:00:00,9.6181,9.922,KHT-XE5S_2025_0526_1101,0.0,0.5
KHT-XE5S,2025-10-27 21:10:00,9.6194,9.923,KHT-XE5S_2025_0526_1101,9.999999999994457e-05,0.5
KHT-XE5S,2025-10-27 21:20:00,9.6192,9.922,KHT-XE5S_2025_0526_1101,9.999999999994457e-05,0.5
KHT-XE5S,2025-10-27 21:30:00,9.6191,9.923,KHT-XE5S_2025_0526_1101,9.999999999994457e-05,0.5
KHT-XE5S,2025-10-27 21:40:00,9.6191,9.924,KHT-XE5S_2025_0526_1101,9.999999999994457e-05,0.5
KHT-XE5S,2025-10-27 21:50:00,9.6208,9.921,KHT-XE5S_2025_0526_1101,0.00030000000000001136,0.5
KHT-XE5S,2025-10-27 22:00:00,9.6211,9.92,KHT-XE5S_2025_0526_1101,9.999999999994457e-05,0.5
KHT-XE5S,2025-10-27 22:10:00,9.6214,9.92,KHT-XE5S_2025_0526_1101,0.0,0.5
KHT-XE5S,2025-10-27 22:20:00,9.6218,9.922,KHT-XE5S_2025_0526_1101,0.0002000000000000668,0.5
KHT-XE5S,2025-10-27 22:30:00,9.6224,9.92,KHT-XE5S_2025_0526_1101,0.0002000000000000668,0.5
KHT-XE5S,2025-10-27 22:40:00,9.6231,9.919,KHT-XE5S_2025_0526_1101,9.999999999994457e-05,0.5
KHT-XE5S,2025-10-27 22:50:00,9.6227,9.92,KHT-XE5S_2025_0526_1101,9.999999999994457e-05,0.5
KHT-XE5S,2025-10-27 23:00:00,9.6242,9.92,KHT-XE5S_2025_0526_1101,0.0,0.5
KHT-XE5S,2025-10-27 23:10:00,9.6244,9.918,KHT-XE5S_2025_0526_1101,0.0002000000000000668,0.5
KHT-XE5S,2025-10-27 23:20:00,9.6229,9.918,KHT-XE5S_2025_0526_1101,0.0,0.5
KHT-XE5S,2025-10-27 23:30:00,9.6222,9.918,KHT-XE5S_2025_0526_1101,0.0,0.5
KHT-XE5S,2025-10-27 23:40:00,9.6216,9.916,KHT-XE5S_2025_0526_1101,0.00019999999999988915,0.5
KHT-XE5S,2025-10-27 23:50:00,9.6211,9.918,KHT-XE5S_2025_0526_1101,0.00019999999999988915,0.5
KHT-XE5S,2025-10-28 00:00:00,9.6203,9.917,KHT-XE5S_2025_0526_1101,9.999999999994457e-05,0.5
KHT-XE5S,2025-10-28 00:10:00,9.6197,9.916,KHT-XE5S_2025_0526_1101,9.999999999994457e-05,0.5
KHT-XE5S,2025-10-28 00:20:00,9.6195,9.916,KHT-XE5S_2025_0526_1101,0.0,0.5
KHT-XE5S,2025-10-28 00:30:00,9.6196,9.915,KHT-XE5S_2025_0526_1101,0.00010000000000012221,0.5
KHT-XE5S,2025-10-28 00:40:00,9.6192,9.916,KHT-XE5S_2025_0526_1101,0.00010000000000012221,0.5
KHT-XE5S,2025-10-28 00:50:00,9.6185,9.914,KHT-XE5S_2025_0526_1101,0.0002000000000000668,0.5
KHT-XE5S,2025-10-28 01:00:00,9.6185,9.913,KHT-XE5S_2025_0526_1101,9.999999999994457e-05,0.5
KHT-XE5S,2025-10-28 01:10:00,9.6188,9.914,KHT-XE5S_2025_0526_1101,9.999999999994457e-05,0.5
KHT-XE5S,2025-10-28 01:20:00,9.6191,9.912,KHT-XE5S_2025_0526_1101,0.00019999999999988915,0.5
KHT-XE5S,2025-10-28 01:30:00,9.6193,9.914,KHT-XE5S_2025_0526_1101,0.00019999999999988915,0.5
KHT-XE5S,2025-10-28 01:40:00,9.6183,9.914,KHT-XE5S_2025_0526_1101,0.0,0.5
KHT-XE5S,2025-10-28 01:50:00,9.6177,9.913,KHT-XE5S_2025_0526_1101,9.999999999994457e-05,0.5
KHT-XE5S,2025-10-28 02:00:00,9.6162,9.912,KHT-XE5S_2025_0526_1101,9.999999999994457e-05,0.5
KHT-XE5S,2025-10-28 02:10:00,9.615,9.912,KHT-XE5S_2025_0526_1101,0.0,0.5
KHT-XE5S,2025-10-28 02:20:00,9.6148,9.911,KHT-XE5S_2025_0526_1101,0.00010000000000012221,0.5
KHT-XE5S,2025-10-28 02:30:00,9.6151,9.911,KHT-XE5S_2025_0526_1101,0.0,0.5
KHT-XE5S,2025-10-28 02:40:00,9.6151,9.911,KHT-XE5S_2025_0526_1101,0.0,0.5
KHT-XE5S,2025-10-28 02:50:00,9.6136,9.91,KHT-XE5S_2025_0526_1101,9.999999999994457e-05,0.5
KHT-XE5S,2025-10-28 03:00:00,9.613,9.909,KHT-XE5S_2025_0526_1101,9.999999999994457e-05,0.5
KHT-XE5S,2025-10-28 03:10:00,9.6131,9.91,KHT-XE5S_2025_0526_1101,9.999999999994457e-05,0.5
KHT-XE5S,2025-10-28 03:20:00,9.6128,9.91,KHT-XE5S_2025_0526_1101,0.0,0.5
KHT-XE5S,2025-10-28 03:30:00,9.6129,9.908,KHT-XE5S_2025_0526_1101,0.0002000000000000668,0.5
KHT-XE5S,2025-10-28 03:40:00,9.6128,9.908,KHT-XE5S_2025_0526_1101,0.0,0.5
KHT-XE5S,2025-10-28 03:50:00,9.6124,9.91,KHT-XE5S_2025_0526_1101,0.0002000000000000668,0.5
KHT-XE5S,2025-10-28 04:00:00,9.6117,9.908,KHT-XE5S_2025_0526_1101,0.0002000000000000668,0.5
KHT-XE5S,2025-10-28 04:10:00,9.6114,9.908,KHT-XE5S_2025_0526_1101,0.0,0.5
KHT-XE5S,2025-10-28 04:20:00,9.6109,9.907,KHT-XE5S_2025_0526_1101,9.999999999994457e-05,0.5
KHT-XE5S,2025-10-28 04:30:00,9.6098,9.906,KHT-XE5S_2025_0526_1101,9.999999999994457e-05,0.5
KHT-XE5S,2025-10-28 04:40:00,9.6095,9.904,KHT-XE5S_2025_0526_1101,0.0002000000000000668,0.5
KHT-XE5S,2025-10-28 04:50:00,9.6097,9.907,KHT-XE5S_2025_0526_1101,0.00030000000000001136,0.5
KHT-XE5S,2025-10-28 05:00:00,9.6096,9.905,KHT-XE5S_2025_0526_1101,0.0002000000000000668,0.5
KHT-XE5S,2025-10-28 05:10:00,9.6097,9.904,KHT-XE5S_2025_0526_1101,9.999999999994457e-05,0.5
KHT-XE5S,2025-10-28 05:20:00,9.6098,9.903,KHT-XE5S_2025_0526_1101,9.999999999994457e-05,0.5
KHT-XE5S,2025-10-28 05:30:00,9.6097,9.903,KHT-XE5S_2025_0526_1101,0.0,0.5
KHT-XE5S,2025-10-28 05:40:00,9.6099,9.905,KHT-XE5S_2025_0526_1101,0.00019999999999988915,0.5
KHT-XE5S,2025-10-28 05:50:00,9.6102,9.904,KHT-XE5S_2025_0526_1101,9.999999999994457e-05,0.5
KHT-XE5S,2025-10-28 06:00:00,9.6113,9.903,KHT-XE5S_2025_0526_1101,9.999999999994457e-05,0.5
KHT-XE5S,2025-10-28 06:10:00,9.6112,9.902,KHT-XE5S_2025_0526_1101,0.00010000000000012221,0.5
KHT-XE5S,2025-10-28 06:20:00,9.6121,9.902,KHT-XE5S_2025_0526_1101,0.0,0.5
KHT-XE5S,2025-10-28 06:30:00,9.6116,9.902,KHT-XE5S_2025_0526_1101,0.0,0.5
KHT-XE5S,2025-10-28 06:40:00,9.6109,9.901,KHT-XE5S_2025_0526_1101,9.999999999994457e-05,0.5
KHT-XE5S,2025-10-28 06:50:00,9.6101,9.901,KHT-XE5S_2025_0526_1101,0.0,0.5
KHT-XE5S,2025-10-28 07:00:00,9.6101,9.901,KHT-XE5S_2025_0526_1101,0.0,0.5
KHT-XE5S,2025-10-28 07:10:00,9.61,9.9,KHT-XE5S_2025_0526_1101,9.999999999994457e-05,0.5
KHT-XE5S,2025-10-28 07:20:00,9.611,9.9,KHT-XE5S_2025_0526_1101,0.0,0.5
KHT-XE5S,2025-10-28 07:30:00,9.6108,9.898,KHT-XE5S_2025_0526_1101,0.0002000000000000668,0.5
KHT-XE5S,2025-10-28 07:40:00,9.6105,9.9,KHT-XE5S_2025_0526_1101,0.0002000000000000668,0.5
KHT-XE5S,2025-10-28 07:50:00,9.6106,9.899,KHT-XE5S_2025_0526_1101,0.00010000000000012221,0.5
KHT-XE5S,2025-10-28 08:00:00,9.6105,9.9,KHT-XE5S_2025_0526_1101,0.00010000000000012221,0.5
KHT-XE5S,2025-10-28 08:10:00,9.6106,9.898,KHT-XE5S_2025_0526_1101,0.0002000000000000668,0.5
KHT-XE5S,2025-10-28 08:20:00,9.6112,9.897,KHT-XE5S_2025_0526_1101,9.999999999994457e-05,0.5
KHT-XE5S,2025-10-28 08:30:00,9.6116,9.895,KHT-XE5S_2025_0526_1101,0.0002000000000000668,0.5
KHT-XE5S,2025-10-28 08:40:00,9.6115,9.898,KHT-XE5S_2025_0526_1101,0.00030000000000001136,0.5
KHT-XE5S,2025-10-28 08:50:00,9.6117,9.898,KHT-XE5S_2025_0526_1101,0.0,0.5
KHT-XE5S,2025-10-28 09:00:00,9.612,9.895,KHT-XE5S_2025_0526_1101,0.00030000000000001136,0.5
KHT-XE5S,2025-10-28 09:10:00,9.6122,9.896,KHT-XE5S_2025_0526_1101,0.00010000000000012221,0.5
KHT-XE5S,2025-10-28 09:20:00,9.6127,9.897,KHT-XE5S_2025_0526_1101,9.999999999994457e-05,0.5
KHT-XE5S,2025-10-28 09:30:00,9.6128,9.894,KHT-XE5S_2025_0526_1101,0.00030000000000001136,0.5
KHT-XE5S,2025-10-28 09:40:00,9.6128,9.893,KHT-XE5S_2025_0526_1101,9.999999999994457e-05,0.5
KHT-XE5S,2025-10-28 09:50:00,9.613,9.895,KHT-XE5S_2025_0526_1101,0.00019999999999988915,0.5
KHT-XE5S,2025-10-28 10:00:00,9.6135,9.894,KHT-XE5S_2025_0526_1101,9.999999999994457e-05,0.5
KHT-XE5S,2025-10-28 10:10:00,9.6132,9.894,KHT-XE5S_2025_0526_1101,0.0,0.5
KHT-XE5S,2025-10-28 10:20:00,9.6128,9.892,KHT-XE5S_2025_0526_1101,0.0002000000000000668,0.5
KHT-XE5S,2025-10-28 10:30:00,9.6128,9.894,KHT-XE5S_2025_0526_1101,0.0002000000000000668,0.5
KHT-XE5S,2025-10-28 10:40:00,9.6121,9.89,KHT-XE5S_2025_0526_1101,0.00039999999999995595,0.5
KHT-XE5S,2025-10-28 10:50:00,9.6124,9.892,KHT-XE5S_2025_0526_1101,0.00019999999999988915,0.5
KHT-XE5S,2025-10-28 11:00:00,9.6117,9.892,KHT-XE5S_2025_0526_1101,0.0,0.5
KHT-XE5S,2025-10-28 11:10:00,9.6115,9.893,KHT-XE5S_2025_0526_1101,0.00010000000000012221,0.5
KHT-XE5S,2025-10-28 11:20:00,9.6108,9.891,KHT-XE5S_2025_0526_1101,0.0002000000000000668,0.5
KHT-XE5S,2025-10-28 11:30:00,9.6102,9.893,KHT-XE5S_2025_0526_1101,0.0002000000000000668,0.5
KHT-XE5S,2025-10-28 11:40:00,9.609,9.892,KHT-XE5S_2025_0526_1101,0.00010000000000012221,0.5
KHT-XE5S,2025-10-28 11:50:00,9.6087,9.89,KHT-XE5S_2025_0526_1101,0.00019999999999988915,0.5
KHT-XE5S,2025-10-28 12:00:00,9.6079,9.888,KHT-XE5S_2025_0526_1101,0.0002000000000000668,0.5
KHT-XE5S,2025-10-28 12:10:00,9.6073,9.888,KHT-XE5S_2025_0526_1101,0.0,0.5
KHT-XE5S,2025-10-28 12:20:00,9.6064,9.889,KHT-XE5S_2025_0526_1101,9.999999999994457e-05,0.5
KHT-XE5S,2025-10-28 12:30:00,9.6059,9.889,KHT-XE5S_2025_0526_1101,0.0,0.5
KHT-XE5S,2025-10-28 12:40:00,9.6058,9.888,KHT-XE5S_2025_0526_1101,9.999999999994457e-05,0.5
KHT-XE5S,2025-10-28 12:50:00,9.6043,9.887,KHT-XE5S_2025_0526_1101,9.999999999994457e-05,0.5
KHT-XE5S,2025-10-28 13:00:00,9.6034,9.888,KHT-XE5S_2025_0526_1101,9.999999999994457e-05,0.5
KHT-XE5S,2025-10-28 13:10:00,9.6025,9.886,KHT-XE5S_2025_0526_1101,0.0002000000000000668,0.5
KHT-XE5S,2025-10-28 13:20:00,9.6014,9.887,KHT-XE5S_2025_0526_1101,0.00010000000000012221,0.5
KHT-XE5S,2025-10-28 13:30:00,9.6001,9.885,KHT-XE5S_2025_0526_1101,0.0002000000000000668,0.5
KHT-XE5S,2025-10-28 13:40:00,9.5989,9.887,KHT-XE5S_2025_0526_1101,0.0002000000000000668,0.5
KHT-XE5S,2025-10-28 13:50:00,9.5983,9.885,KHT-XE5S_2025_0526_1101,0.0002000000000000668,0.5
KHT-XE5S,2025-10-28 14:00:00,9.5976,9.886,KHT-XE5S_2025_0526_1101,9.999999999994457e-05,0.5
KHT-XE5S,2025-10-28 14:10:00,9.597,9.884,KHT-XE5S_2025_0526_1101,0.00019999999999988915,0.5
KHT-XE5S,2025-10-28 14:20:00,9.5964,9.885,KHT-XE5S_2025_0526_1101,9.999999999994457e-05,0.5
KHT-XE5S,2025-10-28 14:30:00,9.5957,9.885,KHT-XE5S_2025_0526_1101,0.0,0.5
KHT-XE5S,2025-10-28 14:40:00,9.595,9.881,KHT-XE5S_2025_0526_1101,0.00039999999999995595,0.5
KHT-XE5S,2025-10-28 14:50:00,9.5949,9.881,KHT-XE5S_2025_0526_1101,0.0,0.5
KHT-XE5S,2025-10-28 15:00:00,9.5951,9.883,KHT-XE5S_2025_0526_1101,0.00019999999999988915,0.5
KHT-XE5S,2025-10-28 15:10:00,9.5946,9.884,KHT-XE5S_2025_0526_1101,0.00010000000000012221,0.5
KHT-XE5S,2025-10-28 15:20:00,9.5948,9.882,KHT-XE5S_2025_0526_1101,0.0002000000000000668,0.5
KHT-XE5S,2025-10-28 15:30:00,9.5951,9.882,KHT-XE5S_2025_0526_1101,0.0,0.5
KHT-XE5S,2025-10-28 15:40:00,9.5959,9.882,KHT-XE5S_2025_0526_1101,0.0,0.5
KHT-XE5S,2025-10-28 15:50:00,9.596,9.878,KHT-XE5S_2025_0526_1101,0.00039999999999995595,0.5
KHT-XE5S,2025-10-28 16:00:00,9.5969,9.881,KHT-XE5S_2025_0526_1101,0.00030000000000001136,0.5
KHT-XE5S,2025-10-28 16:10:00,9.5969,9.881,KHT-XE5S_2025_0526_1101,0.0,0.5
KHT-XE5S,2025-10-28 16:20:00,9.5977,9.881,KHT-XE5S_2025_0526_1101,0.0,0.5
KHT-XE5S,2025-10-28 16:30:00,9.5981,9.879,KHT-XE5S_2025_0526_1101,0.0002000000000000668,0.5
KHT-XE5S,2025-10-28 16:40:00,9.5985,9.879,KHT-XE5S_2025_0526_1101,0.0,0.5
KHT-XE5S,2025-10-28 16:50:00,9.5988,9.88,KHT-XE5S_2025_0526_1101,0.00010000000000012221,0.5
KHT-XE5S,2025-10-28 17:00:00,9.5989,9.878,KHT-XE5S_2025_0526_1101,0.0002000000000000668,0.5
KHT-XE5S,2025-10-28 17:10:00,9.5992,9.878,KHT-XE5S_2025_0526_1101,0.0,0.5
KHT-XE5S,2025-10-28 17:20:00,9.5997,9.877,KHT-XE5S_2025_0526_1101,9.999999999994457e-05,0.5
KHT-XE5S,2025-10-28 17:30:00,9.6005,9.877,KHT-XE5S_2025_0526_1101,0.0,0.5
KHT-XE5S,2025-10-28 17:40:00,9.6009,9.877,KHT-XE5S_2025_0526_1101,0.0,0.5
KHT-XE5S,2025-10-28 17:50:00,9.6012,9.876,KHT-XE5S_2025_0526_1101,0.00010000000000012221,0.5
KHT-XE5S,2025-10-28 18:00:00,9.6016,9.877,KHT-XE5S_2025_0526_1101,0.00010000000000012221,0.5
KHT-XE5S,2025-10-28 18:10:00,9.6028,9.874,KHT-XE5S_2025_0526_1101,0.00030000000000001136,0.5
KHT-XE5S,2025-10-28 18:20:00,9.6033,9.876,KHT-XE5S_2025_0526_1101,0.00019999999999988915,0.5
KHT-XE5S,2025-10-28 18:30:00,9.6036,9.874,KHT-XE5S_2025_0526_1101,0.00019999999999988915,0.5
KHT-XE5S,2025-10-28 18:40:00,9.6048,9.875,KHT-XE5S_2025_0526_1101,9.999999999994457e-05,0.5
KHT-XE5S,2025-10-28 18:50:00,9.6055,9.874,KHT-XE5S_2025_0526_1101,9.999999999994457e-05,0.5
KHT-XE5S,2025-10-28 19:00:00,9.6062,9.875,KHT-XE5S_2025_0526_1101,9.999999999994457e-05,0.5
KHT-XE5S,2025-10-28 19:10:00,9.6067,9.874,KHT-XE5S_2025_0526_1101,9.999999999994457e-05,0.5
KHT-XE5S,2025-10-28 19:20:00,9.6073,9.873,KHT-XE5S_2025_0526_1101,0.00010000000000012221,0.5
KHT-XE5S,2025-10-28 19:30:00,9.6078,9.874,KHT-XE5S_2025_0526_1101,0.00010000000000012221,0.5
KHT-XE5S,2025-10-28 19:40:00,9.6082,9.873,KHT-XE5S_2025_0526_1101,0.00010000000000012221,0.5
KHT-XE5S,2025-10-28 19:50:00,9.6081,9.871,KHT-XE5S_2025_0526_1101,0.00019999999999988915,0.5
KHT-XE5S,2025-10-28 20:00:00,9.6086,9.873,KHT-XE5S_2025_0526_1101,0.00019999999999988915,0.5
KHT-XE5S,2025-10-28 20:10:00,9.6087,9.872,KHT-XE5S_2025_0526_1101,9.999999999994457e-05,0.5
KHT-XE5S,2025-10-28 20:20:00,9.609,9.872,KHT-XE5S_2025_0526_1101,0.0,0.5
KHT-XE5S,2025-10-28 20:30:00,9.6091,9.873,KHT-XE5S_2025_0526_1101,9.999999999994457e-05,0.5
KHT-XE5S,2025-10-28 20:40:00,9.6089,9.871,KHT-XE5S_2025_0526_1101,0.00019999999999988915,0.5
KHT-XE5S,2025-10-28 20:50:00,9.6093,9.869,KHT-XE5S_2025_0526_1101,0.0002000000000000668,0.5
KHT-XE5S,2025-10-28 21:00:00,9.6092,9.869,KHT-XE5S_2025_0526_1101,0.0,0.5
KHT-XE5S,2025-10-28 21:10:00,9.6097,9.867,KHT-XE5S_2025_0526_1101,0.00019999999999988915,0.5
KHT-XE5S,2025-10-28 21:20:00,9.6097,9.868,KHT-XE5S_2025_0526_1101,9.999999999994457e-05,0.5
KHT-XE5S,2025-10-28 21:30:00,9.6104,9.869,KHT-XE5S_2025_0526_1101,9.999999999994457e-05,0.5
KHT-XE5S,2025-10-28 21:40:00,9.6112,9.869,KHT-XE5S_2025_0526_1101,0.0,0.5
KHT-XE5S,2025-10-28 21:50:00,9.6115,9.869,KHT-XE5S_2025_0526_1101,0.0,0.5
KHT-XE5S,2025-10-28 22:00:00,9.6123,9.868,KHT-XE5S_2025_0526_1101,9.999999999994457e-05,0.5
KHT-XE5S,2025-10-28 22:10:00,9.6124,9.867,KHT-XE5S_2025_0526_1101,9.999999999994457e-05,0.5
KHT-XE5S,2025-10-28 22:20:00,9.6124,9.867,KHT-XE5S_2025_0526_1101,0.0,0.5
KHT-XE5S,2025-10-28 22:30:00,9.6125,9.865,KHT-XE5S_2025_0526_1101,0.0002000000000000668,0.5
KHT-XE5S,2025-10-28 22:40:00,9.6126,9.865,KHT-XE5S_2025_0526_1101,0.0,0.5
KHT-XE5S,2025-10-28 22:50:00,9.6128,9.865,KHT-XE5S_2025_0526_1101,0.0,0.5
KHT-XE5S,2025-10-28 23:00:00,9.6125,9.867,KHT-XE5S_2025_0526_1101,0.0002000000000000668,0.5
KHT-XE5S,2025-10-28 23:10:00,9.6128,9.865,KHT-XE5S_2025_0526_1101,0.0002000000000000668,0.5
KHT-XE5S,2025-10-28 23:20:00,9.6136,9.865,KHT-XE5S_2025_0526_1101,0.0,0.5
KHT-XE5S,2025-10-28 23:30:00,9.6135,9.863,KHT-XE5S_2025_0526_1101,0.0002000000000000668,0.5
KHT-XE5S,2025-10-28 23:40:00,9.6133,9.865,KHT-XE5S_2025_0526_1101,0.0002000000000000668,0.5
KHT-XE5S,2025-10-28 23:50:00,9.6128,9.864,KHT-XE5S_2025_0526_1101,9.999999999994457e-05,0.5
KHT-XE5S,2025-10-29 00:00:00,9.613,9.863,KHT-XE5S_2025_0526_1101,0.00010000000000012221,0.5
KHT-XE5S,2025-10-29 00:10:00,9.6118,9.862,KHT-XE5S_2025_0526_1101,9.999999999994457e-05,0.5
KHT-XE5S,2025-10-29 00:20:00,9.6117,9.86,KHT-XE5S_2025_0526_1101,0.0002000000000000668,0.5
KHT-XE5S,2025-10-29 00:30:00,9.612,9.862,KHT-XE5S_2025_0526_1101,0.0002000000000000668,0.5
KHT-XE5S,2025-10-29 00:40:00,9.6122,9.862,KHT-XE5S_2025_0526_1101,0.0,0.5
KHT-XE5S,2025-10-29 00:50:00,9.6116,9.861,KHT-XE5S_2025_0526_1101,9.999999999994457e-05,0.5
KHT-XE5S,2025-10-29 01:00:00,9.6114,9.86,KHT-XE5S_2025_0526_1101,0.00010000000000012221,0.5
KHT-XE5S,2025-10-29 01:10:00,9.6106,9.862,KHT-XE5S_2025_0526_1101,0.0002000000000000668,0.5
KHT-XE5S,2025-10-29 01:20:00,9.61,9.861,KHT-XE5S_2025_0526_1101,9.999999999994457e-05,0.5
KHT-XE5S,2025-10-29 01:30:00,9.6098,9.859,KHT-XE5S_2025_0526_1101,0.0002000000000000668,0.5
KHT-XE5S,2025-10-29 01:40:00,9.6098,9.86,KHT-XE5S_2025_0526_1101,9.999999999994457e-05,0.5
KHT-XE5S,2025-10-29 01:50:00,9.61,9.858,KHT-XE5S_2025_0526_1101,0.00019999999999988915,0.5
KHT-XE5S,2025-10-29 02:00:00,9.61,9.857,KHT-XE5S_2025_0526_1101,0.00010000000000012221,0.5
KHT-XE5S,2025-10-29 02:10:00,9.6107,9.858,KHT-XE5S_2025_0526_1101,0.00010000000000012221,0.5
KHT-XE5S,2025-10-29 02:20:00,9.6106,9.858,KHT-XE5S_2025_0526_1101,0.0,0.5
KHT-XE5S,2025-10-29 02:30:00,9.6108,9.856,KHT-XE5S_2025_0526_1101,0.0002000000000000668,0.5
KHT-XE5S,2025-10-29 02:40:00,9.6104,9.858,KHT-XE5S_2025_0526_1101,0.0002000000000000668,0.5
KHT-XE5S,2025-10-29 02:50:00,9.6109,9.856,KHT-XE5S_2025_0526_1101,0.0002000000000000668,0.5
KHT-XE5S,2025-10-29 03:00:00,9.611,9.857,KHT-XE5S_2025_0526_1101,9.999999999994457e-05,0.5
KHT-XE5S,2025-10-29 03:10:00,9.6118,9.856,KHT-XE5S_2025_0526_1101,9.999999999994457e-05,0.5
KHT-XE5S,2025-10-29 03:20:00,9.6116,9.855,KHT-XE5S_2025_0526_1101,9.999999999994457e-05,0.5
KHT-XE5S,2025-10-29 03:30:00,9.6121,9.857,KHT-XE5S_2025_0526_1101,0.00019999999999988915,0.5
KHT-XE5S,2025-10-29 03:40:00,9.6114,9.854,KHT-XE5S_2025_0526_1101,0.00030000000000001136,0.5
KHT-XE5S,2025-10-29 03:50:00,9.6104,9.853,KHT-XE5S_2025_0526_1101,9.999999999994457e-05,0.5
KHT-XE5S,2025-10-29 04:00:00,9.6099,9.854,KHT-XE5S_2025_0526_1101,9.999999999994457e-05,0.5
KHT-XE5S,2025-10-29 04:10:00,9.6094,9.854,KHT-XE5S_2025_0526_1101,0.0,0.5
KHT-XE5S,2025-10-29 04:20:00,9.6087,9.852,KHT-XE5S_2025_0526_1101,0.00019999999999988915,0.5
KHT-XE5S,2025-10-29 04:30:00,9.6087,9.854,KHT-XE5S_2025_0526_1101,0.00019999999999988915,0.5
KHT-XE5S,2025-10-29 04:40:00,9.6075,9.852,KHT-XE5S_2025_0526_1101,0.00019999999999988915,0.5
KHT-XE5S,2025-10-29 04:50:00,9.6067,9.852,KHT-XE5S_2025_0526_1101,0.0,0.5
KHT-XE5S,2025-10-29 05:00:00,9.6055,9.852,KHT-XE5S_2025_0526_1101,0.0,0.5
KHT-XE5S,2025-10-29 05:10:00,9.6059,9.851,KHT-XE5S_2025_0526_1101,9.999999999994457e-05,0.5
KHT-XE5S,2025-10-29 05:20:00,9.6069,9.851,KHT-XE5S_2025_0526_1101,0.0,0.5
KHT-XE5S,2025-10-29 05:30:00,9.6072,9.85,KHT-XE5S_2025_0526_1101,0.00010000000000012221,0.5
KHT-XE5S,2025-10-29 05:40:00,9.6076,9.852,KHT-XE5S_2025_0526_1101,0.0002000000000000668,0.5
KHT-XE5S,2025-10-29 05:50:00,9.6085,9.85,KHT-XE5S_2025_0526_1101,0.0002000000000000668,0.5
KHT-XE5S,2025-10-29 06:00:00,9.6082,9.85,KHT-XE5S_2025_0526_1101,0.0,0.5
KHT-XE5S,2025-10-29 06:10:00,9.609,9.849,KHT-XE5S_2025_0526_1101,9.999999999994457e-05,0.5
KHT-XE5S,2025-10-29 06:20:00,9.609,9.849,KHT-XE5S_2025_0526_1101,0.0,0.5
KHT-XE5S,2025-10-29 06:30:00,9.6093,9.848,KHT-XE5S_2025_0526_1101,9.999999999994457e-05,0.5
KHT-XE5S,2025-10-29 06:40:00,9.609,9.847,KHT-XE5S_2025_0526_1101,0.00010000000000012221,0.5
KHT-XE5S,2025-10-29 06:50:00,9.609,9.847,KHT-XE5S_2025_0526_1101,0.0,0.5
KHT-XE5S,2025-10-29 07:00:00,9.6092,9.847,KHT-XE5S_2025_0526_1101,0.0,0.5
KHT-XE5S,2025-10-29 07:10:00,9.6087,9.848,KHT-XE5S_2025_0526_1101,0.00010000000000012221,0.5
KHT-XE5S,2025-10-29 07:20:00,9.6082,9.848,KHT-XE5S_2025_0526_1101,0.0,0.5
KHT-XE5S,2025-10-29 07:30:00,9.6082,9.847,KHT-XE5S_2025_0526_1101,0.00010000000000012221,0.5
KHT-XE5S,2025-10-29 07:40:00,9.6075,9.845,KHT-XE5S_2025_0526_1101,0.00019999999999988915,0.5
KHT-XE5S,2025-10-29 07:50:00,9.6084,9.846,KHT-XE5S_2025_0526_1101,9.999999999994457e-05,0.5
KHT-XE5S,2025-10-29 08:00:00,9.6078,9.846,KHT-XE5S_2025_0526_1101,0.0,0.5
KHT-XE5S,2025-10-29 08:10:00,9.6085,9.843,KHT-XE5S_2025_0526_1101,0.00030000000000001136,0.5
KHT-XE5S,2025-10-29 08:20:00,9.6091,9.844,KHT-XE5S_2025_0526_1101,9.999999999994457e-05,0.5
KHT-XE5S,2025-10-29 08:30:00,9.6106,9.844,KHT-XE5S_2025_0526_1101,0.0,0.5
KHT-XE5S,2025-10-29 08:40:00,9.6119,9.845,KHT-XE5S_2025_0526_1101,0.00010000000000012221,0.5
KHT-XE5S,2025-10-29 08:50:00,9.6119,9.845,KHT-XE5S_2025_0526_1101,0.0,0.5
KHT-XE5S,2025-10-29 09:00:00,9.6119,9.843,KHT-XE5S_2025_0526_1101,0.0002000000000000668,0.5
KHT-XE5S,2025-10-29 09:10:00,9.6113,9.843,KHT-XE5S_2025_0526_1101,0.0,0.5
KHT-XE5S,2025-10-29 09:20:00,9.6113,9.842,KHT-XE5S_2025_0526_1101,9.999999999994457e-05,0.5
KHT-XE5S,2025-10-29 09:30:00,9.6108,9.84,KHT-XE5S_2025_0526_1101,0.0002000000000000668,0.5
KHT-XE5S,2025-10-29 09:40:00,9.6102,9.841,KHT-XE5S_2025_0526_1101,9.999999999994457e-05,0.5
KHT-XE5S,2025-10-29 09:50:00,9.6094,9.841,KHT-XE5S_2025_0526_1101,0.0,0.5
KHT-XE5S,2025-10-29 10:00:00,9.6094,9.841,KHT-XE5S_2025_0526_1101,0.0,0.5
KHT-XE5S,2025-10-29 10:10:00,9.6089,9.84,KHT-XE5S_2025_0526_1101,9.999999999994457e-05,0.5
KHT-XE5S,2025-10-29 10:20:00,9.6089,9.84,KHT-XE5S_2025_0526_1101,0.0,0.5
KHT-XE5S,2025-10-29 10:30:00,9.6087,9.838,KHT-XE5S_2025_0526_1101,0.0002000000000000668,0.5
KHT-XE5S,2025-10-29 10:40:00,9.608,9.839,KHT-XE5S_2025_0526_1101,0.00010000000000012221,0.5
KHT-XE5S,2025-10-29 10:50:00,9.6074,9.841,KHT-XE5S_2025_0526_1101,0.00019999999999988915,0.5
KHT-XE5S,2025-10-29 11:00:00,9.6057,9.839,KHT-XE5S_2025_0526_1101,0.00019999999999988915,0.5
KHT-XE5S,2025-10-29 11:10:00,9.6051,9.839,KHT-XE5S_2025_0526_1101,0.0,0.5
KHT-XE5S,2025-10-29 11:20:00,9.6054,9.837,KHT-XE5S_2025_0526_1101,0.0002000000000000668,0.5
KHT-XE5S,2025-10-29 11:30:00,9.6044,9.838,KHT-XE5S_2025_0526_1101,9.999999999994457e-05,0.5
KHT-XE5S,2025-10-29 11:40:00,9.604,9.838,KHT-XE5S_2025_0526_1101,0.0,0.5
KHT-XE5S,2025-10-29 11:50:00,9.6028,9.837,KHT-XE5S_2025_0526_1101,9.999999999994457e-05,0.5
KHT-XE5S,2025-10-29 12:00:00,9.6012,9.836,KHT-XE5S_2025_0526_1101,9.999999999994457e-05,0.5
KHT-XE5S,2025-10-29 12:10:00,9.5998,9.835,KHT-XE5S_2025_0526_1101,9.999999999994457e-05,0.5
KHT-XE5S,2025-10-29 12:20:00,9.5984,9.835,KHT-XE5S_2025_0526_1101,0.0,0.5
KHT-XE5S,2025-10-29 12:30:00,9.5971,9.834,KHT-XE5S_2025_0526_1101,0.00010000000000012221,0.5
KHT-XE5S,2025-10-29 12:40:00,9.5955,9.835,KHT-XE5S_2025_0526_1101,0.00010000000000012221,0.5
KHT-XE5S,2025-10-29 12:50:00,9.5953,9.836,KHT-XE5S_2025_0526_1101,9.999999999994457e-05,0.5
KHT-XE5S,2025-10-29 13:00:00,9.5933,9.835,KHT-XE5S_2025_0526_1101,9.999999999994457e-05,0.5
KHT-XE5S,2025-10-29 13:10:00,9.5921,9.834,KHT-XE5S_2025_0526_1101,0.00010000000000012221,0.5
KHT-XE5S,2025-10-29 13:20:00,9.5906,9.832,KHT-XE5S_2025_0526_1101,0.00019999999999988915,0.5
KHT-XE5S,2025-10-29 13:30:00,9.5895,9.831,KHT-XE5S_2025_0526_1101,0.00010000000000012221,0.5
KHT-XE5S,2025-10-29 13:40:00,9.5884,9.832,KHT-XE5S_2025_0526_1101,0.00010000000000012221,0.5
KHT-XE5S,2025-10-29 13:50:00,9.5869,9.834,KHT-XE5S_2025_0526_1101,0.00019999999999988915,0.5
KHT-XE5S,2025-10-29 14:00:00,9.586,9.831,KHT-XE5S_2025_0526_1101,0.00030000000000001136,0.5
KHT-XE5S,2025-10-29 14:10:00,9.5849,9.832,KHT-XE5S_2025_0526_1101,0.00010000000000012221,0.5
KHT-XE5S,2025-10-29 14:20:00,9.5842,9.832,KHT-XE5S_2025_0526_1101,0.0,0.5
KHT-XE5S,2025-10-29 14:30:00,9.5838,9.831,KHT-XE5S_2025_0526_1101,0.00010000000000012221,0.5
KHT-XE5S,2025-10-29 14:40:00,9.5829,9.826,KHT-XE5S_2025_0526_1101,0.0004999999999999005,0.5
KHT-XE5S,2025-10-29 14:50:00,9.5819,9.829,KHT-XE5S_2025_0526_1101,0.00030000000000001136,0.5
KHT-XE5S,2025-10-29 15:00:00,9.5812,9.829,KHT-XE5S_2025_0526_1101,0.0,0.5
KHT-XE5S,2025-10-29 15:10:00,9.5807,9.829,KHT-XE5S_2025_0526_1101,0.0,0.5
KHT-XE5S,2025-10-29 15:20:00,9.5806,9.83,KHT-XE5S_2025_0526_1101,9.999999999994457e-05,0.5
KHT-XE5S,2025-10-29 15:30:00,9.5805,9.829,KHT-XE5S_2025_0526_1101,9.999999999994457e-05,0.5
KHT-XE5S,2025-10-29 15:40:00,9.5797,9.829,KHT-XE5S_2025_0526_1101,0.0,0.5
KHT-XE5S,2025-10-29 15:50:00,9.5794,9.828,KHT-XE5S_2025_0526_1101,0.00010000000000012221,0.5
KHT-XE5S,2025-10-29 16:00:00,9.5792,9.827,KHT-XE5S_2025_0526_1101,9.999999999994457e-05,0.5
KHT-XE5S,2025-10-29 16:10:00,9.5795,9.826,KHT-XE5S_2025_0526_1101,9.999999999994457e-05,0.5
KHT-XE5S,2025-10-29 16:20:00,9.5797,9.827,KHT-XE5S_2025_0526_1101,9.999999999994457e-05,0.5
KHT-XE5S,2025-10-29 16:30:00,9.5804,9.828,KHT-XE5S_2025_0526_1101,9.999999999994457e-05,0.5
KHT-XE5S,2025-10-29 16:40:00,9.5807,9.826,KHT-XE5S_2025_0526_1101,0.00019999999999988915,0.5
KHT-XE5S,2025-10-29 16:50:00,9.5804,9.825,KHT-XE5S_2025_0526_1101,0.00010000000000012221,0.5
KHT-XE5S,2025-10-29 17:00:00,9.5801,9.826,KHT-XE5S_2025_0526_1101,0.00010000000000012221,0.5
KHT-XE5S,2025-10-29 17:10:00,9.5801,9.826,KHT-XE5S_2025_0526_1101,0.0,0.5
KHT-XE5S,2025-10-29 17:20:00,9.5807,9.823,KHT-XE5S_2025_0526_1101,0.00030000000000001136,0.5
KHT-XE5S,2025-10-29 17:30:00,9.5809,9.824,KHT-XE5S_2025_0526_1101,9.999999999994457e-05,0.5
KHT-XE5S,2025-10-29 17:40:00,9.5817,9.823,KHT-XE5S_2025_0526_1101,9.999999999994457e-05,0.5
KHT-XE5S,2025-10-29 17:50:00,9.582,9.824,KHT-XE5S_2025_0526_1101,9.999999999994457e-05,0.5
KHT-XE5S,2025-10-29 18:00:00,9.5816,9.824,KHT-XE5S_2025_0526_1101,0.0,0.5
KHT-XE5S,2025-10-29 18:10:00,9.5816,9.821,KHT-XE5S_2025_0526_1101,0.00030000000000001136,0.5
KHT-XE5S,2025-10-29 18:20:00,9.5831,9.821,KHT-XE5S_2025_0526_1101,0.0,0.5
KHT-XE5S,2025-10-29 18:30:00,9.5836,9.82,KHT-XE5S_2025_0526_1101,9.999999999994457e-05,0.5
KHT-XE5S,2025-10-29 18:40:00,9.5846,9.821,KHT-XE5S_2025_0526_1101,9.999999999994457e-05,0.5
KHT-XE5S,2025-10-29 18:50:00,9.5848,9.819,KHT-XE5S_2025_0526_1101,0.00019999999999988915,0.5
KHT-XE5S,2025-10-29 19:00:00,9.585,9.821,KHT-XE5S_2025_0526_1101,0.00019999999999988915,0.5
KHT-XE5S,2025-10-29 19:10:00,9.5848,9.821,KHT-XE5S_2025_0526_1101,0.0,0.5
KHT-XE5S,2025-10-29 19:20:00,9.5844,9.818,KHT-XE5S_2025_0526_1101,0.00030000000000001136,0.5
KHT-XE5S,2025-10-29 19:30:00,9.5844,9.817,KHT-XE5S_2025_0526_1101,9.999999999994457e-05,0.5
KHT-XE5S,2025-10-29 19:40:00,9.5845,9.818,KHT-XE5S_2025_0526_1101,9.999999999994457e-05,0.5
KHT-XE5S,2025-10-29 19:50:00,9.5845,9.82,KHT-XE5S_2025_0526_1101,0.0002000000000000668,0.5
KHT-XE5S,2025-10-29 20:00:00,9.5848,9.82,KHT-XE5S_2025_0526_1101,0.0,0.5
KHT-XE5S,2025-10-29 20:10:00,9.5851,9.817,KHT-XE5S_2025_0526_1101,0.00030000000000001136,0.5
KHT-XE5S,2025-10-29 20:20:00,9.5851,9.817,KHT-XE5S_2025_0526_1101,0.0,0.5
KHT-XE5S,2025-10-29 20:30:00,9.5845,9.818,KHT-XE5S_2025_0526_1101,9.999999999994457e-05,0.5
KHT-XE5S,2025-10-29 20:40:00,9.584,9.818,KHT-XE5S_2025_0526_1101,0.0,0.5
KHT-XE5S,2025-10-29 20:50:00,9.584,9.816,KHT-XE5S_2025_0526_1101,0.00019999999999988915,0.5
KHT-XE5S,2025-10-29 21:00:00,9.5847,9.816,KHT-XE5S_2025_0526_1101,0.0,0.5
KHT-XE5S,2025-10-29 21:10:00,9.586,9.815,KHT-XE5S_2025_0526_1101,0.00010000000000012221,0.5
KHT-XE5S,2025-10-29 21:20:00,9.5857,9.815,KHT-XE5S_2025_0526_1101,0.0,0.5
KHT-XE5S,2025-10-29 21:30:00,9.5856,9.814,KHT-XE5S_2025_0526_1101,9.999999999994457e-05,0.5
KHT-XE5S,2025-10-29 21:40:00,9.5853,9.814,KHT-XE5S_2025_0526_1101,0.0,0.5
KHT-XE5S,2025-10-29 21:50:00,9.5855,9.813,KHT-XE5S_2025_0526_1101,9.999999999994457e-05,0.5
KHT-XE5S,2025-10-29 22:00:00,9.585,9.814,KHT-XE5S_2025_0526_1101,9.999999999994457e-05,0.5
KHT-XE5S,2025-10-29 22:10:00,9.5851,9.814,KHT-XE5S_2025_0526_1101,0.0,0.5
KHT-XE5S,2025-10-29 22:20:00,9.5852,9.813,KHT-XE5S_2025_0526_1101,9.999999999994457e-05,0.5
KHT-XE5S,2025-10-29 22:30:00,9.5852,9.812,KHT-XE5S_2025_0526_1101,0.00010000000000012221,0.5
KHT-XE5S,2025-10-29 22:40:00,9.5851,9.812,KHT-XE5S_2025_0526_1101,0.0,0.5
KHT-XE5S,2025-10-29 22:50:00,9.585,9.814,KHT-XE5S_2025_0526_1101,0.0002000000000000668,0.5
KHT-XE5S,2025-10-29 23:00:00,9.584,9.813,KHT-XE5S_2025_0526_1101,9.999999999994457e-05,0.5
KHT-XE5S,2025-10-29 23:10:00,9.5831,9.812,KHT-XE5S_2025_0526_1101,0.00010000000000012221,0.5
KHT-XE5S,2025-10-29 23:20:00,9.5822,9.813,KHT-XE5S_2025_0526_1101,0.00010000000000012221,0.5
KHT-XE5S,2025-10-29 23:30:00,9.5812,9.812,KHT-XE5S_2025_0526_1101,0.00010000000000012221,0.5
KHT-XE5S,2025-10-29 23:40:00,9.5811,9.811,KHT-XE5S_2025_0526_1101,9.999999999994457e-05,0.5
KHT-XE5S,2025-10-29 23:50:00,9.5802,9.809,KHT-XE5S_2025_0526_1101,0.0002000000000000668,0.5
KHT-XE5S,2025-10-30 00:00:00,9.5794,9.809,KHT-XE5S_2025_0526_1101,0.0,0.5
KHT-XE5S,2025-10-30 00:10:00,9.5792,9.809,KHT-XE5S_2025_0526_1101,0.0,0.5
KHT-XE5S,2025-10-30 00:20:00,9.5787,9.807,KHT-XE5S_2025_0526_1101,0.00019999999999988915,0.5
KHT-XE5S,2025-10-30 00:30:00,9.5774,9.806,KHT-XE5S_2025_0526_1101,0.00010000000000012221,0.5
KHT-XE5S,2025-10-30 00:40:00,9.5772,9.808,KHT-XE5S_2025_0526_1101,0.0002000000000000668,0.5
KHT-XE5S,2025-10-30 00:50:00,9.5766,9.809,KHT-XE5S_2025_0526_1101,9.999999999994457e-05,0.5
KHT-XE5S,2025-10-30 01:00:00,9.5755,9.807,KHT-XE5S_2025_0526_1101,0.00019999999999988915,0.5
KHT-XE5S,2025-10-30 01:10:00,9.5751,9.806,KHT-XE5S_2025_0526_1101,0.00010000000000012221,0.5
KHT-XE5S,2025-10-30 01:20:00,9.5748,9.808,KHT-XE5S_2025_0526_1101,0.0002000000000000668,0.5
KHT-XE5S,2025-10-30 01:30:00,9.5746,9.807,KHT-XE5S_2025_0526_1101,9.999999999994457e-05,0.5
KHT-XE5S,2025-10-30 01:40:00,9.5744,9.807,KHT-XE5S_2025_0526_1101,0.0,0.5
KHT-XE5S,2025-10-30 01:50:00,9.5745,9.805,KHT-XE5S_2025_0526_1101,0.0002000000000000668,0.5
KHT-XE5S,2025-10-30 02:00:00,9.5739,9.804,KHT-XE5S_2025_0526_1101,9.999999999994457e-05,0.5
KHT-XE5S,2025-10-30 02:10:00,9.5745,9.806,KHT-XE5S_2025_0526_1101,0.00019999999999988915,0.5
KHT-XE5S,2025-10-30 02:20:00,9.5741,9.803,KHT-XE5S_2025_0526_1101,0.0002999999999998337,0.5
KHT-XE5S,2025-10-30 02:30:00,9.5739,9.804,KHT-XE5S_2025_0526_1101,9.999999999994457e-05,0.5
KHT-XE5S,2025-10-30 02:40:00,9.5741,9.803,KHT-XE5S_2025_0526_1101,9.999999999994457e-05,0.5
KHT-XE5S,2025-10-30 02:50:00,9.5737,9.804,KHT-XE5S_2025_0526_1101,9.999999999994457e-05,0.5
KHT-XE5S,2025-10-30 03:00:00,9.5729,9.803,KHT-XE5S_2025_0526_1101,9.999999999994457e-05,0.5
KHT-XE5S,2025-10-30 03:10:00,9.573,9.801,KHT-XE5S_2025_0526_1101,0.0002000000000000668,0.5
KHT-XE5S,2025-10-30 03:20:00,9.5724,9.802,KHT-XE5S_2025_0526_1101,9.999999999994457e-05,0.5
KHT-XE5S,2025-10-30 03:30:00,9.5726,9.801,KHT-XE5S_2025_0526_1101,9.999999999994457e-05,0.5
KHT-XE5S,2025-10-30 03:40:00,9.5721,9.801,KHT-XE5S_2025_0526_1101,0.0,0.5
KHT-XE5S,2025-10-30 03:50:00,9.5716,9.801,KHT-XE5S_2025_0526_1101,0.0,0.5
KHT-XE5S,2025-10-30 04:00:00,9.5712,9.801,KHT-XE5S_2025_0526_1101,0.0,0.5
KHT-XE5S,2025-10-30 04:10:00,9.5708,9.8,KHT-XE5S_2025_0526_1101,9.999999999994457e-05,0.5
KHT-XE5S,2025-10-30 04:20:00,9.5701,9.8,KHT-XE5S_2025_0526_1101,0.0,0.5
KHT-XE5S,2025-10-30 04:30:00,9.5701,9.799,KHT-XE5S_2025_0526_1101,0.00010000000000012221,0.5
KHT-XE5S,2025-10-30 04:40:00,9.5696,9.798,KHT-XE5S_2025_0526_1101,9.999999999994457e-05,0.5
KHT-XE5S,2025-10-30 04:50:00,9.5686,9.801,KHT-XE5S_2025_0526_1101,0.00030000000000001136,0.5
KHT-XE5S,2025-10-30 05:00:00,9.5682,9.796,KHT-XE5S_2025_0526_1101,0.0005000000000000782,0.5
KHT-XE5S,2025-10-30 05:10:00,9.5681,9.798,KHT-XE5S_2025_0526_1101,0.0002000000000000668,0.5
KHT-XE5S,2025-10-30 05:20:00,9.5681,9.798,KHT-XE5S_2025_0526_1101,0.0,0.5
KHT-XE5S,2025-10-30 05:30:00,9.5682,9.797,KHT-XE5S_2025_0526_1101,9.999999999994457e-05,0.5
KHT-XE5S,2025-10-30 05:40:00,9.5673,9.796,KHT-XE5S_2025_0526_1101,0.00010000000000012221,0.5
KHT-XE5S,2025-10-30 05:50:00,9.5674,9.796,KHT-XE5S_2025_0526_1101,0.0,0.5
KHT-XE5S,2025-10-30 06:00:00,9.567,9.796,KHT-XE5S_2025_0526_1101,0.0,0.5
KHT-XE5S,2025-10-30 06:10:00,9.5676,9.794,KHT-XE5S_2025_0526_1101,0.00019999999999988915,0.5
KHT-XE5S,2025-10-30 06:20:00,9.5679,9.795,KHT-XE5S_2025_0526_1101,9.999999999994457e-05,0.5
KHT-XE5S,2025-10-30 06:30:00,9.5674,9.795,KHT-XE5S_2025_0526_1101,0.0,0.5
KHT-XE5S,2025-10-30 06:40:00,9.5674,9.794,KHT-XE5S_2025_0526_1101,9.999999999994457e-05,0.5
KHT-XE5S,2025-10-30 06:50:00,9.5665,9.793,KHT-XE5S_2025_0526_1101,0.00010000000000012221,0.5
KHT-XE5S,2025-10-30 07:00:00,9.567,9.794,KHT-XE5S_2025_0526_1101,0.00010000000000012221,0.5
KHT-XE5S,2025-10-30 07:10:00,9.5668,9.794,KHT-XE5S_2025_0526_1101,0.0,0.5
KHT-XE5S,2025-10-30 07:20:00,9.5668,9.792,KHT-XE5S_2025_0526_1101,0.0002000000000000668,0.5
KHT-XE5S,2025-10-30 07:30:00,9.5666,9.792,KHT-XE5S_2025_0526_1101,0.0,0.5
KHT-XE5S,2025-10-30 07:40:00,9.567,9.791,KHT-XE5S_2025_0526_1101,9.999999999994457e-05,0.5
KHT-XE5S,2025-10-30 07:50:00,9.567,9.791,KHT-XE5S_2025_0526_1101,0.0,0.5
KHT-XE5S,2025-10-30 08:00:00,9.567,9.791,KHT-XE5S_2025_0526_1101,0.0,0.5
KHT-XE5S,2025-10-30 08:10:00,9.5674,9.791,KHT-XE5S_2025_0526_1101,0.0,0.5
KHT-XE5S,2025-10-30 08:20:00,9.567,9.791,KHT-XE5S_2025_0526_1101,0.0,0.5
KHT-XE5S,2025-10-30 08:30:00,9.5668,9.79,KHT-XE5S_2025_0526_1101,0.00010000000000012221,0.5
KHT-XE5S,2025-10-30 08:40:00,9.5669,9.79,KHT-XE5S_2025_0526_1101,0.0,0.5
KHT-XE5S,2025-10-30 08:50:00,9.5668,9.789,KHT-XE5S_2025_0526_1101,9.999999999994457e-05,0.5
KHT-XE5S,2025-10-30 09:00:00,9.5668,9.79,KHT-XE5S_2025_0526_1101,9.999999999994457e-05,0.5
KHT-XE5S,2025-10-30 09:10:00,9.5661,9.787,KHT-XE5S_2025_0526_1101,0.0002999999999998337,0.5
KHT-XE5S,2025-10-30 09:20:00,9.5659,9.788,KHT-XE5S_2025_0526_1101,9.999999999994457e-05,0.5
KHT-XE5S,2025-10-30 09:30:00,9.5657,9.788,KHT-XE5S_2025_0526_1101,0.0,0.5
KHT-XE5S,2025-10-30 09:40:00,9.5659,9.788,KHT-XE5S_2025_0526_1101,0.0,0.5
KHT-XE5S,2025-10-30 09:50:00,9.5647,9.787,KHT-XE5S_2025_0526_1101,9.999999999994457e-05,0.5
KHT-XE5S,2025-10-30 10:00:00,9.5637,9.787,KHT-XE5S_2025_0526_1101,0.0,0.5
KHT-XE5S,2025-10-30 10:10:00,9.5628,9.787,KHT-XE5S_2025_0526_1101,0.0,0.5
KHT-XE5S,2025-10-30 10:20:00,9.5623,9.786,KHT-XE5S_2025_0526_1101,0.00010000000000012221,0.5
KHT-XE5S,2025-10-30 10:30:00,9.5618,9.787,KHT-XE5S_2025_0526_1101,0.00010000000000012221,0.5
KHT-XE5S,2025-10-30 10:40:00,9.5607,9.785,KHT-XE5S_2025_0526_1101,0.0002000000000000668,0.5
KHT-XE5S,2025-10-30 10:50:00,9.5606,9.786,KHT-XE5S_2025_0526_1101,9.999999999994457e-05,0.5
KHT-XE5S,2025-10-30 11:00:00,9.5595,9.786,KHT-XE5S_2025_0526_1101,0.0,0.5
KHT-XE5S,2025-10-30 11:10:00,9.559,9.784,KHT-XE5S_2025_0526_1101,0.00019999999999988915,0.5
KHT-XE5S,2025-10-30 11:20:00,9.558,9.785,KHT-XE5S_2025_0526_1101,9.999999999994457e-05,0.5
KHT-XE5S,2025-10-30 11:30:00,9.5571,9.781,KHT-XE5S_2025_0526_1101,0.00039999999999995595,0.5
KHT-XE5S,2025-10-30 11:40:00,9.5564,9.783,KHT-XE5S_2025_0526_1101,0.00019999999999988915,0.5
KHT-XE5S,2025-10-30 11:50:00,9.5554,9.783,KHT-XE5S_2025_0526_1101,0.0,0.5
KHT-XE5S,2025-10-30 12:00:00,9.5535,9.782,KHT-XE5S_2025_0526_1101,9.999999999994457e-05,0.5
KHT-XE5S,2025-10-30 12:10:00,9.5516,9.781,KHT-XE5S_2025_0526_1101,9.999999999994457e-05,0.5
KHT-XE5S,2025-10-30 12:20:00,9.5503,9.781,KHT-XE5S_2025_0526_1101,0.0,0.5
KHT-XE5S,2025-10-30 12:30:00,9.5485,9.782,KHT-XE5S_2025_0526_1101,9.999999999994457e-05,0.5
KHT-XE5S,2025-10-30 12:40:00,9.5476,9.781,KHT-XE5S_2025_0526_1101,9.999999999994457e-05,0.5
KHT-XE5S,2025-10-30 12:50:00,9.546,9.781,KHT-XE5S_2025_0526_1101,0.0,0.5
KHT-XE5S,2025-10-30 13:00:00,9.545,9.781,KHT-XE5S_2025_0526_1101,0.0,0.5
KHT-XE5S,2025-10-30 13:10:00,9.5443,9.78,KHT-XE5S_2025_0526_1101,0.00010000000000012221,0.5
KHT-XE5S,2025-10-30 13:20:00,9.5433,9.779,KHT-XE5S_2025_0526_1101,9.999999999994457e-05,0.5
KHT-XE5S,2025-10-30 13:30:00,9.5415,9.78,KHT-XE5S_2025_0526_1101,9.999999999994457e-05,0.5
KHT-XE5S,2025-10-30 13:40:00,9.541,9.779,KHT-XE5S_2025_0526_1101,9.999999999994457e-05,0.5
KHT-XE5S,2025-10-30 13:50:00,9.541,9.776,KHT-XE5S_2025_0526_1101,0.00030000000000001136,0.5
KHT-XE5S,2025-10-30 14:00:00,9.5397,9.777,KHT-XE5S_2025_0526_1101,9.999999999994457e-05,0.5
KHT-XE5S,2025-10-30 14:10:00,9.5396,9.777,KHT-XE5S_2025_0526_1101,0.0,0.5
KHT-XE5S,2025-10-30 14:20:00,9.5387,9.777,KHT-XE5S_2025_0526_1101,0.0,0.5
KHT-XE5S,2025-10-30 14:30:00,9.5383,9.778,KHT-XE5S_2025_0526_1101,0.00010000000000012221,0.5
KHT-XE5S,2025-10-30 14:40:00,9.5374,9.777,KHT-XE5S_2025_0526_1101,0.00010000000000012221,0.5
KHT-XE5S,2025-10-30 14:50:00,9.5375,9.776,KHT-XE5S_2025_0526_1101,9.999999999994457e-05,0.5
KHT-XE5S,2025-10-30 15:00:00,9.5372,9.775,KHT-XE5S_2025_0526_1101,9.999999999994457e-05,0.5
KHT-XE5S,2025-10-30 15:10:00,9.5375,9.774,KHT-XE5S_2025_0526_1101,0.00010000000000012221,0.5
KHT-XE5S,2025-10-30 15:20:00,9.5374,9.774,KHT-XE5S_2025_0526_1101,0.0,0.5
KHT-XE5S,2025-10-30 15:30:00,9.5381,9.772,KHT-XE5S_2025_0526_1101,0.00019999999999988915,0.5
KHT-XE5S,2025-10-30 15:40:00,9.538,9.775,KHT-XE5S_2025_0526_1101,0.00030000000000001136,0.5
KHT-XE5S,2025-10-30 15:50:00,9.5374,9.774,KHT-XE5S_2025_0526_1101,0.00010000000000012221,0.5
KHT-XE5S,2025-10-30 16:00:00,9.5368,9.773,KHT-XE5S_2025_0526_1101,9.999999999994457e-05,0.5
KHT-XE5S,2025-10-30 16:10:00,9.5361,9.773,KHT-XE5S_2025_0526_1101,0.0,0.5
KHT-XE5S,2025-10-30 16:20:00,9.5361,9.772,KHT-XE5S_2025_0526_1101,9.999999999994457e-05,0.5
KHT-XE5S,2025-10-30 16:30:00,9.5361,9.771,KHT-XE5S_2025_0526_1101,9.999999999994457e-05,0.5
KHT-XE5S,2025-10-30 16:40:00,9.536,9.772,KHT-XE5S_2025_0526_1101,9.999999999994457e-05,0.5
KHT-XE5S,2025-10-30 16:50:00,9.5366,9.77,KHT-XE5S_2025_0526_1101,0.0002000000000000668,0.5
KHT-XE5S,2025-10-30 17:00:00,9.5357,9.771,KHT-XE5S_2025_0526_1101,0.00010000000000012221,0.5
KHT-XE5S,2025-10-30 17:10:00,9.5363,9.77,KHT-XE5S_2025_0526_1101,0.00010000000000012221,0.5
KHT-XE5S,2025-10-30 17:20:00,9.5362,9.77,KHT-XE5S_2025_0526_1101,0.0,0.5
KHT-XE5S,2025-10-30 17:30:00,9.5364,9.769,KHT-XE5S_2025_0526_1101,9.999999999994457e-05,0.5
KHT-XE5S,2025-10-30 17:40:00,9.5364,9.769,KHT-XE5S_2025_0526_1101,0.0,0.5
KHT-XE5S,2025-10-30 17:50:00,9.5364,9.77,KHT-XE5S_2025_0526_1101,9.999999999994457e-05,0.5
KHT-XE5S,2025-10-30 18:00:00,9.5371,9.767,KHT-XE5S_2025_0526_1101,0.00030000000000001136,0.5
KHT-XE5S,2025-10-30 18:10:00,9.537,9.768,KHT-XE5S_2025_0526_1101,0.00010000000000012221,0.5
KHT-XE5S,2025-10-30 18:20:00,9.5371,9.768,KHT-XE5S_2025_0526_1101,0.0,0.5
KHT-XE5S,2025-10-30 18:30:00,9.5378,9.768,KHT-XE5S_2025_0526_1101,0.0,0.5
KHT-XE5S,2025-10-30 18:40:00,9.5392,9.768,KHT-XE5S_2025_0526_1101,0.0,0.5
KHT-XE5S,2025-10-30 18:50:00,9.5389,9.765,KHT-XE5S_2025_0526_1101,0.00030000000000001136,0.5
KHT-XE5S,2025-10-30 19:00:00,9.539,9.765,KHT-XE5S_2025_0526_1101,0.0,0.5
KHT-XE5S,2025-10-30 19:10:00,9.5398,9.766,KHT-XE5S_2025_0526_1101,9.999999999994457e-05,0.5
KHT-XE5S,2025-10-30 19:20:00,9.5399,9.765,KHT-XE5S_2025_0526_1101,9.999999999994457e-05,0.5
KHT-XE5S,2025-10-30 19:30:00,9.5407,9.765,KHT-XE5S_2025_0526_1101,0.0,0.5
KHT-XE5S,2025-10-30 19:40:00,9.542,9.766,KHT-XE5S_2025_0526_1101,9.999999999994457e-05,0.5
KHT-XE5S,2025-10-30 19:50:00,9.5419,9.765,KHT-XE5S_2025_0526_1101,9.999999999994457e-05,0.5
KHT-XE5S,2025-10-30 20:00:00,9.5419,9.765,KHT-XE5S_2025_0526_1101,0.0,0.5
KHT-XE5S,2025-10-30 20:10:00,9.5418,9.765,KHT-XE5S_2025_0526_1101,0.0,0.5
KHT-XE5S,2025-10-30 20:20:00,9.5421,9.763,KHT-XE5S_2025_0526_1101,0.0002000000000000668,0.5
KHT-XE5S,2025-10-30 20:30:00,9.5416,9.765,KHT-XE5S_2025_0526_1101,0.0002000000000000668,0.5
KHT-XE5S,2025-10-30 20:40:00,9.5417,9.763,KHT-XE5S_2025_0526_1101,0.0002000000000000668,0.5
KHT-XE5S,2025-10-30 20:50:00,9.5422,9.763,KHT-XE5S_2025_0526_1101,0.0,0.5
KHT-XE5S,2025-10-30 21:00:00,9.5414,9.762,KHT-XE5S_2025_0526_1101,9.999999999994457e-05,0.5
KHT-XE5S,2025-10-30 21:10:00,9.5415,9.762,KHT-XE5S_2025_0526_1101,0.0,0.5
KHT-XE5S,2025-10-30 21:20:00,9.5424,9.76,KHT-XE5S_2025_0526_1101,0.0002000000000000668,0.5
KHT-XE5S,2025-10-30 21:30:00,9.5436,9.76,KHT-XE5S_2025_0526_1101,0.0,0.5
KHT-XE5S,2025-10-30 21:40:00,9.5429,9.76,KHT-XE5S_2025_0526_1101,0.0,0.5
KHT-XE5S,2025-10-30 21:50:00,9.5426,9.758,KHT-XE5S_2025_0526_1101,0.0002000000000000668,0.5
KHT-XE5S,2025-10-30 22:00:00,9.5429,9.759,KHT-XE5S_2025_0526_1101,0.00010000000000012221,0.5
KHT-XE5S,2025-10-30 22:10:00,9.5422,9.758,KHT-XE5S_2025_0526_1101,0.00010000000000012221,0.5
KHT-XE5S,2025-10-30 22:20:00,9.5422,9.757,KHT-XE5S_2025_0526_1101,9.999999999994457e-05,0.5
KHT-XE5S,2025-10-30 22:30:00,9.5413,9.759,KHT-XE5S_2025_0526_1101,0.0002000000000000668,0.5
KHT-XE5S,2025-10-30 22:40:00,9.5409,9.76,KHT-XE5S_2025_0526_1101,9.999999999994457e-05,0.5
KHT-XE5S,2025-10-30 22:50:00,9.5405,9.757,KHT-XE5S_2025_0526_1101,0.00030000000000001136,0.5
KHT-XE5S,2025-10-30 23:00:00,9.5408,9.758,KHT-XE5S_2025_0526_1101,9.999999999994457e-05,0.5
KHT-XE5S,2025-10-30 23:10:00,9.5401,9.758,KHT-XE5S_2025_0526_1101,0.0,0.5
KHT-XE5S,2025-10-30 23:20:00,9.5397,9.756,KHT-XE5S_2025_0526_1101,0.00019999999999988915,0.5
KHT-XE5S,2025-10-30 23:30:00,9.5395,9.756,KHT-XE5S_2025_0526_1101,0.0,0.5
KHT-XE5S,2025-10-30 23:40:00,9.5397,9.755,KHT-XE5S_2025_0526_1101,9.999999999994457e-05,0.5
KHT-XE5S,2025-10-30 23:50:00,9.5408,9.755,KHT-XE5S_2025_0526_1101,0.0,0.5
KHT-XE5S,2025-10-31 00:00:00,9.5412,9.756,KHT-XE5S_2025_0526_1101,9.999999999994457e-05,0.5
KHT-XE5S,2025-10-31 00:10:00,9.5412,9.755,KHT-XE5S_2025_0526_1101,9.999999999994457e-05,0.5
KHT-XE5S,2025-10-31 00:20:00,9.541,9.753,KHT-XE5S_2025_0526_1101,0.0002000000000000668,0.5
KHT-XE5S,2025-10-31 00:30:00,9.5416,9.754,KHT-XE5S_2025_0526_1101,9.999999999994457e-05,0.5
KHT-XE5S,2025-10-31 00:40:00,9.5431,9.754,KHT-XE5S_2025_0526_1101,0.0,0.5
KHT-XE5S,2025-10-31 00:50:00,9.5447,9.754,KHT-XE5S_2025_0526_1101,0.0,0.5
KHT-XE5S,2025-10-31 01:00:00,9.5442,9.753,KHT-XE5S_2025_0526_1101,9.999999999994457e-05,0.5
KHT-XE5S,2025-10-31 01:10:00,9.5444,9.751,KHT-XE5S_2025_0526_1101,0.0002000000000000668,0.5
KHT-XE5S,2025-10-31 01:20:00,9.5414,9.752,KHT-XE5S_2025_0526_1101,0.00010000000000012221,0.5
KHT-XE5S,2025-10-31 01:30:00,9.5407,9.75,KHT-XE5S_2025_0526_1101,0.0002000000000000668,0.5
KHT-XE5S,2025-10-31 01:40:00,9.5416,9.75,KHT-XE5S_2025_0526_1101,0.0,0.5
KHT-XE5S,2025-10-31 01:50:00,9.5419,9.75,KHT-XE5S_2025_0526_1101,0.0,0.5
KHT-XE5S,2025-10-31 02:00:00,9.5421,9.749,KHT-XE5S_2025_0526_1101,9.999999999994457e-05,0.5
KHT-XE5S,2025-10-31 02:10:00,9.5434,9.751,KHT-XE5S_2025_0526_1101,0.00019999999999988915,0.5
KHT-XE5S,2025-10-31 02:20:00,9.5437,9.752,KHT-XE5S_2025_0526_1101,0.00010000000000012221,0.5
KHT-XE5S,2025-10-31 02:30:00,9.5442,9.748,KHT-XE5S_2025_0526_1101,0.0004000000000001336,0.5
KHT-XE5S,2025-10-31 02:40:00,9.5437,9.751,KHT-XE5S_2025_0526_1101,0.00030000000000001136,0.5
KHT-XE5S,2025-10-31 02:50:00,9.5436,9.748,KHT-XE5S_2025_0526_1101,0.00030000000000001136,0.5
KHT-XE5S,2025-10-31 03:00:00,9.5425,9.747,KHT-XE5S_2025_0526_1101,9.999999999994457e-05,0.5
KHT-XE5S,2025-10-31 03:10:00,9.5423,9.746,KHT-XE5S_2025_0526_1101,9.999999999994457e-05,0.5
KHT-XE5S,2025-10-31 03:20:00,9.5412,9.748,KHT-XE5S_2025_0526_1101,0.00019999999999988915,0.5
KHT-XE5S,2025-10-31 03:30:00,9.5398,9.747,KHT-XE5S_2025_0526_1101,9.999999999994457e-05,0.5
KHT-XE5S,2025-10-31 03:40:00,9.5391,9.747,KHT-XE5S_2025_0526_1101,0.0,0.5
KHT-XE5S,2025-10-31 03:50:00,9.5385,9.747,KHT-XE5S_2025_0526_1101,0.0,0.5
KHT-XE5S,2025-10-31 04:00:00,9.5386,9.745,KHT-XE5S_2025_0526_1101,0.0002000000000000668,0.5
KHT-XE5S,2025-10-31 04:10:00,9.5394,9.746,KHT-XE5S_2025_0526_1101,0.00010000000000012221,0.5
KHT-XE5S,2025-10-31 04:20:00,9.5399,9.744,KHT-XE5S_2025_0526_1101,0.0002000000000000668,0.5
KHT-XE5S,2025-10-31 04:30:00,9.5408,9.745,KHT-XE5S_2025_0526_1101,9.999999999994457e-05,0.5
KHT-XE5S,2025-10-31 04:40:00,9.5404,9.745,KHT-XE5S_2025_0526_1101,0.0,0.5
KHT-XE5S,2025-10-31 04:50:00,9.5409,9.745,KHT-XE5S_2025_0526_1101,0.0,0.5
KHT-XE5S,2025-10-31 05:00:00,9.5416,9.744,KHT-XE5S_2025_0526_1101,9.999999999994457e-05,0.5
KHT-XE5S,2025-10-31 05:10:00,9.5418,9.743,KHT-XE5S_2025_0526_1101,9.999999999994457e-05,0.5
KHT-XE5S,2025-10-31 05:20:00,9.5414,9.743,KHT-XE5S_2025_0526_1101,0.0,0.5
KHT-XE5S,2025-10-31 05:30:00,9.5411,9.742,KHT-XE5S_2025_0526_1101,9.999999999994457e-05,0.5
KHT-XE5S,2025-10-31 05:40:00,9.5404,9.742,KHT-XE5S_2025_0526_1101,0.0,0.5
KHT-XE5S,2025-10-31 05:50:00,9.5408,9.743,KHT-XE5S_2025_0526_1101,9.999999999994457e-05,0.5
KHT-XE5S,2025-10-31 06:00:00,9.5408,9.74,KHT-XE5S_2025_0526_1101,0.00030000000000001136,0.5
KHT-XE5S,2025-10-31 06:10:00,9.5428,9.739,KHT-XE5S_2025_0526_1101,9.999999999994457e-05,0.5
KHT-XE5S,2025-10-31 06:20:00,9.5433,9.74,KHT-XE5S_2025_0526_1101,9.999999999994457e-05,0.5
KHT-XE5S,2025-10-31 06:30:00,9.5438,9.742,KHT-XE5S_2025_0526_1101,0.0002000000000000668,0.5
KHT-XE5S,2025-10-31 06:40:00,9.5446,9.739,KHT-XE5S_2025_0526_1101,0.00030000000000001136,0.5
KHT-XE5S,2025-10-31 06:50:00,9.5452,9.74,KHT-XE5S_2025_0526_1101,9.999999999994457e-05,0.5
KHT-XE5S,2025-10-31 07:00:00,9.5443,9.741,KHT-XE5S_2025_0526_1101,9.999999999994457e-05,0.5
KHT-XE5S,2025-10-31 07:10:00,9.5443,9.739,KHT-XE5S_2025_0526_1101,0.00019999999999988915,0.5
KHT-XE5S,2025-10-31 07:20:00,9.5444,9.738,KHT-XE5S_2025_0526_1101,0.00010000000000012221,0.5
KHT-XE5S,2025-10-31 07:30:00,9.5448,9.739,KHT-XE5S_2025_0526_1101,0.00010000000000012221,0.5
KHT-XE5S,2025-10-31 07:40:00,9.5456,9.738,KHT-XE5S_2025_0526_1101,0.00010000000000012221,0.5
KHT-XE5S,2025-10-31 07:50:00,9.5467,9.737,KHT-XE5S_2025_0526_1101,9.999999999994457e-05,0.5
KHT-XE5S,2025-10-31 08:00:00,9.5472,9.737,KHT-XE5S_2025_0526_1101,0.0,0.5
KHT-XE5S,2025-10-31 08:10:00,9.5473,9.735,KHT-XE5S_2025_0526_1101,0.0002000000000000668,0.5
KHT-XE5S,2025-10-31 08:20:00,9.5472,9.735,KHT-XE5S_2025_0526_1101,0.0,0.5
KHT-XE5S,2025-10-31 08:30:00,9.5476,9.734,KHT-XE5S_2025_0526_1101,9.999999999994457e-05,0.5
KHT-XE5S,2025-10-31 08:40:00,9.5478,9.734,KHT-XE5S_2025_0526_1101,0.0,0.5
KHT-XE5S,2025-10-31 08:50:00,9.5477,9.733,KHT-XE5S_2025_0526_1101,9.999999999994457e-05,0.5
KHT-XE5S,2025-10-31 09:00:00,9.5488,9.731,KHT-XE5S_2025_0526_1101,0.0002000000000000668,0.5
KHT-XE5S,2025-10-31 09:10:00,9.5501,9.732,KHT-XE5S_2025_0526_1101,9.999999999994457e-05,0.5
KHT-XE5S,2025-10-31 09:20:00,9.5512,9.734,KHT-XE5S_2025_0526_1101,0.0002000000000000668,0.5
KHT-XE5S,2025-10-31 09:30:00,9.5517,9.735,KHT-XE5S_2025_0526_1101,9.999999999994457e-05,0.5
KHT-XE5S,2025-10-31 09:40:00,9.5518,9.732,KHT-XE5S_2025_0526_1101,0.00030000000000001136,0.5
KHT-XE5S,2025-10-31 09:50:00,9.5521,9.735,KHT-XE5S_2025_0526_1101,0.00030000000000001136,0.5
KHT-XE5S,2025-10-31 10:00:00,9.5522,9.732,KHT-XE5S_2025_0526_1101,0.00030000000000001136,0.5
KHT-XE5S,2025-10-31 10:10:00,9.5529,9.731,KHT-XE5S_2025_0526_1101,9.999999999994457e-05,0.5
KHT-XE5S,2025-10-31 10:20:00,9.552,9.73,KHT-XE5S_2025_0526_1101,9.999999999994457e-05,0.5
KHT-XE5S,2025-10-31 10:30:00,9.5518,9.732,KHT-XE5S_2025_0526_1101,0.00019999999999988915,0.5
KHT-XE5S,2025-10-31 10:40:00,9.5517,9.73,KHT-XE5S_2025_0526_1101,0.00019999999999988915,0.5
KHT-XE5S,2025-10-31 10:50:00,9.552,9.731,KHT-XE5S_2025_0526_1101,9.999999999994457e-05,0.5
KHT-XE5S,2025-10-31 11:00:00,9.5525,9.729,KHT-XE5S_2025_0526_1101,0.0002000000000000668,0.5
KHT-XE5S,2025-10-31 11:10:00,9.5525,9.73,KHT-XE5S_2025_0526_1101,0.00010000000000012221,0.5
KHT-XE5S,2025-10-31 11:20:00,9.5516,9.73,KHT-XE5S_2025_0526_1101,0.0,0.5
KHT-XE5S,2025-10-31 11:30:00,9.5508,9.73,KHT-XE5S_2025_0526_1101,0.0,0.5
KHT-XE5S,2025-10-31 11:40:00,9.5503,9.729,KHT-XE5S_2025_0526_1101,0.00010000000000012221,0.5
KHT-XE5S,2025-10-31 11:50:00,9.5496,9.729,KHT-XE5S_2025_0526_1101,0.0,0.5
KHT-XE5S,2025-10-31 12:00:00,9.5491,9.727,KHT-XE5S_2025_0526_1101,0.00019999999999988915,0.5
KHT-XE5S,2025-10-31 12:10:00,9.5491,9.728,KHT-XE5S_2025_0526_1101,9.999999999994457e-05,0.5
KHT-XE5S,2025-10-31 12:20:00,9.5483,9.728,KHT-XE5S_2025_0526_1101,0.0,0.5
KHT-XE5S,2025-10-31 12:30:00,9.5475,9.728,KHT-XE5S_2025_0526_1101,0.0,0.5
KHT-XE5S,2025-10-31 12:40:00,9.5466,9.726,KHT-XE5S_2025_0526_1101,0.00019999999999988915,0.5
KHT-XE5S,2025-10-31 12:50:00,9.5459,9.726,KHT-XE5S_2025_0526_1101,0.0,0.5
KHT-XE5S,2025-10-31 13:00:00,9.5448,9.724,KHT-XE5S_2025_0526_1101,0.0002000000000000668,0.5
KHT-XE5S,2025-10-31 13:10:00,9.5435,9.724,KHT-XE5S_2025_0526_1101,0.0,0.5
KHT-XE5S,2025-10-31 13:20:00,9.5424,9.725,KHT-XE5S_2025_0526_1101,9.999999999994457e-05,0.5
KHT-XE5S,2025-10-31 13:30:00,9.5412,9.724,KHT-XE5S_2025_0526_1101,9.999999999994457e-05,0.5
KHT-XE5S,2025-10-31 13:40:00,9.5406,9.725,KHT-XE5S_2025_0526_1101,9.999999999994457e-05,0.5
KHT-XE5S,2025-10-31 13:50:00,9.5403,9.723,KHT-XE5S_2025_0526_1101,0.00019999999999988915,0.5
KHT-XE5S,2025-10-31 14:00:00,9.5392,9.723,KHT-XE5S_2025_0526_1101,0.0,0.5
KHT-XE5S,2025-10-31 14:10:00,9.5386,9.721,KHT-XE5S_2025_0526_1101,0.0002000000000000668,0.5
KHT-XE5S,2025-10-31 14:20:00,9.5378,9.722,KHT-XE5S_2025_0526_1101,9.999999999994457e-05,0.5
KHT-XE5S,2025-10-31 14:30:00,9.5378,9.72,KHT-XE5S_2025_0526_1101,0.00019999999999988915,0.5
KHT-XE5S,2025-10-31 14:40:00,9.5367,9.722,KHT-XE5S_2025_0526_1101,0.00019999999999988915,0.5
KHT-XE5S,2025-10-31 14:50:00,9.5359,9.72,KHT-XE5S_2025_0526_1101,0.00019999999999988915,0.5
KHT-XE5S,2025-10-31 15:00:00,9.5357,9.719,KHT-XE5S_2025_0526_1101,0.00010000000000012221,0.5
KHT-XE5S,2025-10-31 15:10:00,9.5355,9.721,KHT-XE5S_2025_0526_1101,0.0002000000000000668,0.5
KHT-XE5S,2025-10-31 15:20:00,9.5354,9.719,KHT-XE5S_2025_0526_1101,0.0002000000000000668,0.5
KHT-XE5S,2025-10-31 15:30:00,9.5353,9.719,KHT-XE5S_2025_0526_1101,0.0,0.5
KHT-XE5S,2025-10-31 15:40:00,9.5349,9.719,KHT-XE5S_2025_0526_1101,0.0,0.5
KHT-XE5S,2025-10-31 15:50:00,9.5351,9.72,KHT-XE5S_2025_0526_1101,0.00010000000000012221,0.5
KHT-XE5S,2025-10-31 16:00:00,9.5355,9.72,KHT-XE5S_2025_0526_1101,0.0,0.5
KHT-XE5S,2025-10-31 16:10:00,9.536,9.72,KHT-XE5S_2025_0526_1101,0.0,0.5
